BRACES[98] := rec( total := -1, implemented := 8, size := 98, brace := [] );BRACES[98].brace[1] := rec ( size := 98, perms := [ [  (),  (),  
], [  (1, 50)(2, 51)(3, 52)(4, 53)(5, 54)(6, 55)(7, 56)(8, 57)(9, 58)(10, 59)(11, 60)(12, 61)(13, 62)(14, 63)(15, 64)(16, 65)(17, 66)(18, 
67)(19, 68)(20, 69)(21, 70)(22, 71)(23, 72)(24, 73)(25, 74)(26, 75)(27, 76)(28, 77)(29, 78)(30, 79)(31, 80)(32, 81)(33, 82)(34, 83)(35, 
84)(36, 85)(37, 86)(38, 87)(39, 88)(40, 89)(41, 90)(42, 91)(43, 92)(44, 93)(45, 94)(46, 95)(47, 96)(48, 97)(49, 98),  (1, 50)(2, 56)(3, 55)(4,
54)(5, 53)(6, 52)(7, 51)(8, 98)(9, 97)(10, 96)(11, 95)(12, 94)(13, 93)(14, 92)(15, 91)(16, 90)(17, 89)(18, 88)(19, 87)(20, 86)(21, 85)(22, 
84)(23, 83)(24, 82)(25, 81)(26, 80)(27, 79)(28, 78)(29, 77)(30, 76)(31, 75)(32, 74)(33, 73)(34, 72)(35, 71)(36, 70)(37, 69)(38, 68)(39, 
67)(40, 66)(41, 65)(42, 64)(43, 63)(44, 62)(45, 61)(46, 60)(47, 59)(48, 58)(49, 57),  ], [  (1, 42, 28, 14, 48, 34, 20, 6, 40, 26, 12, 46, 32,
18, 4, 38, 24, 10, 44, 30, 16, 2, 36, 22, 8, 49, 35, 21, 7, 41, 27, 13, 47, 33, 19, 5, 39, 25, 11, 45, 31, 17, 3, 37, 23, 9, 43, 29, 15)(50, 
91, 77, 63, 97, 83, 69, 55, 89, 75, 61, 95, 81, 67, 53, 87, 73, 59, 93, 79, 65, 51, 85, 71, 57, 98, 84, 70, 56, 90, 76, 62, 96, 82, 68, 54, 
88, 74, 60, 94, 80, 66, 52, 86, 72, 58, 92, 78, 64),  (1, 15, 29, 43, 9, 23, 37, 3, 17, 31, 45, 11, 25, 39, 5, 19, 33, 47, 13, 27, 41, 7, 21, 
35, 49, 8, 22, 36, 2, 16, 30, 44, 10, 24, 38, 4, 18, 32, 46, 12, 26, 40, 6, 20, 34, 48, 14, 28, 42)(50, 64, 78, 92, 58, 72, 86, 52, 66, 80, 
94, 60, 74, 88, 54, 68, 82, 96, 62, 76, 90, 56, 70, 84, 98, 57, 71, 85, 51, 65, 79, 93, 59, 73, 87, 53, 67, 81, 95, 61, 75, 89, 55, 69, 83, 
97, 63, 77, 91),  ], [  (1, 6, 4, 2, 7, 5, 3)(8, 13, 11, 9, 14, 12, 10)(15, 20, 18, 16, 21, 19, 17)(22, 27, 25, 23, 28, 26, 24)(29, 34, 32, 
30, 35, 33, 31)(36, 41, 39, 37, 42, 40, 38)(43, 48, 46, 44, 49, 47, 45)(50, 55, 53, 51, 56, 54, 52)(57, 62, 60, 58, 63, 61, 59)(64, 69, 67, 
65, 70, 68, 66)(71, 76, 74, 72, 77, 75, 73)(78, 83, 81, 79, 84, 82, 80)(85, 90, 88, 86, 91, 89, 87)(92, 97, 95, 93, 98, 96, 94),  (1, 3, 5, 7,
2, 4, 6)(8, 10, 12, 14, 9, 11, 13)(15, 17, 19, 21, 16, 18, 20)(22, 24, 26, 28, 23, 25, 27)(29, 31, 33, 35, 30, 32, 34)(36, 38, 40, 42, 37, 39,
41)(43, 45, 47, 49, 44, 46, 48)(50, 52, 54, 56, 51, 53, 55)(57, 59, 61, 63, 58, 60, 62)(64, 66, 68, 70, 65, 67, 69)(71, 73, 75, 77, 72, 74, 
76)(78, 80, 82, 84, 79, 81, 83)(85, 87, 89, 91, 86, 88, 90)(92, 94, 96, 98, 93, 95, 97),  ], [  (1, 15, 29, 43, 9, 23, 37, 3, 17, 31, 45, 11, 
25, 39, 5, 19, 33, 47, 13, 27, 41, 7, 21, 35, 49, 8, 22, 36, 2, 16, 30, 44, 10, 24, 38, 4, 18, 32, 46, 12, 26, 40, 6, 20, 34, 48, 14, 28, 
42)(50, 64, 78, 92, 58, 72, 86, 52, 66, 80, 94, 60, 74, 88, 54, 68, 82, 96, 62, 76, 90, 56, 70, 84, 98, 57, 71, 85, 51, 65, 79, 93, 59, 73, 
87, 53, 67, 81, 95, 61, 75, 89, 55, 69, 83, 97, 63, 77, 91),  (1, 42, 28, 14, 48, 34, 20, 6, 40, 26, 12, 46, 32, 18, 4, 38, 24, 10, 44, 30, 
16, 2, 36, 22, 8, 49, 35, 21, 7, 41, 27, 13, 47, 33, 19, 5, 39, 25, 11, 45, 31, 17, 3, 37, 23, 9, 43, 29, 15)(50, 91, 77, 63, 97, 83, 69, 55, 
89, 75, 61, 95, 81, 67, 53, 87, 73, 59, 93, 79, 65, 51, 85, 71, 57, 98, 84, 70, 56, 90, 76, 62, 96, 82, 68, 54, 88, 74, 60, 94, 80, 66, 52, 
86, 72, 58, 92, 78, 64),  ], [  (1, 3, 5, 7, 2, 4, 6)(8, 10, 12, 14, 9, 11, 13)(15, 17, 19, 21, 16, 18, 20)(22, 24, 26, 28, 23, 25, 27)(29, 
31, 33, 35, 30, 32, 34)(36, 38, 40, 42, 37, 39, 41)(43, 45, 47, 49, 44, 46, 48)(50, 52, 54, 56, 51, 53, 55)(57, 59, 61, 63, 58, 60, 62)(64, 
66, 68, 70, 65, 67, 69)(71, 73, 75, 77, 72, 74, 76)(78, 80, 82, 84, 79, 81, 83)(85, 87, 89, 91, 86, 88, 90)(92, 94, 96, 98, 93, 95, 97),  (1, 
6, 4, 2, 7, 5, 3)(8, 13, 11, 9, 14, 12, 10)(15, 20, 18, 16, 21, 19, 17)(22, 27, 25, 23, 28, 26, 24)(29, 34, 32, 30, 35, 33, 31)(36, 41, 39, 
37, 42, 40, 38)(43, 48, 46, 44, 49, 47, 45)(50, 55, 53, 51, 56, 54, 52)(57, 62, 60, 58, 63, 61, 59)(64, 69, 67, 65, 70, 68, 66)(71, 76, 74, 
72, 77, 75, 73)(78, 83, 81, 79, 84, 82, 80)(85, 90, 88, 86, 91, 89, 87)(92, 97, 95, 93, 98, 96, 94),  ], [  (1, 64, 29, 92, 9, 72, 37, 52, 17,
80, 45, 60, 25, 88, 5, 68, 33, 96, 13, 76, 41, 56, 21, 84, 49, 57, 22, 85, 2, 65, 30, 93, 10, 73, 38, 53, 18, 81, 46, 61, 26, 89, 6, 69, 34, 
97, 14, 77, 42, 50, 15, 78, 43, 58, 23, 86, 3, 66, 31, 94, 11, 74, 39, 54, 19, 82, 47, 62, 27, 90, 7, 70, 35, 98, 8, 71, 36, 51, 16, 79, 44, 
59, 24, 87, 4, 67, 32, 95, 12, 75, 40, 55, 20, 83, 48, 63, 28, 91),  (1, 64)(2, 70)(3, 69)(4, 68)(5, 67)(6, 66)(7, 65)(8, 57)(9, 63)(10, 
62)(11, 61)(12, 60)(13, 59)(14, 58)(15, 50)(16, 56)(17, 55)(18, 54)(19, 53)(20, 52)(21, 51)(22, 98)(23, 97)(24, 96)(25, 95)(26, 94)(27, 
93)(28, 92)(29, 91)(30, 90)(31, 89)(32, 88)(33, 87)(34, 86)(35, 85)(36, 84)(37, 83)(38, 82)(39, 81)(40, 80)(41, 79)(42, 78)(43, 77)(44, 
76)(45, 75)(46, 74)(47, 73)(48, 72)(49, 71),  ], [  (1, 52, 5, 56, 2, 53, 6, 50, 3, 54, 7, 51, 4, 55)(8, 59, 12, 63, 9, 60, 13, 57, 10, 61, 
14, 58, 11, 62)(15, 66, 19, 70, 16, 67, 20, 64, 17, 68, 21, 65, 18, 69)(22, 73, 26, 77, 23, 74, 27, 71, 24, 75, 28, 72, 25, 76)(29, 80, 33, 
84, 30, 81, 34, 78, 31, 82, 35, 79, 32, 83)(36, 87, 40, 91, 37, 88, 41, 85, 38, 89, 42, 86, 39, 90)(43, 94, 47, 98, 44, 95, 48, 92, 45, 96, 
49, 93, 46, 97),  (1, 52)(2, 51)(3, 50)(4, 56)(5, 55)(6, 54)(7, 53)(8, 93)(9, 92)(10, 98)(11, 97)(12, 96)(13, 95)(14, 94)(15, 86)(16, 85)(17, 
91)(18, 90)(19, 89)(20, 88)(21, 87)(22, 79)(23, 78)(24, 84)(25, 83)(26, 82)(27, 81)(28, 80)(29, 72)(30, 71)(31, 77)(32, 76)(33, 75)(34, 
74)(35, 73)(36, 65)(37, 64)(38, 70)(39, 69)(40, 68)(41, 67)(42, 66)(43, 58)(44, 57)(45, 63)(46, 62)(47, 61)(48, 60)(49, 59),  ], [  (1, 91, 
28, 63, 48, 83, 20, 55, 40, 75, 12, 95, 32, 67, 4, 87, 24, 59, 44, 79, 16, 51, 36, 71, 8, 98, 35, 70, 7, 90, 27, 62, 47, 82, 19, 54, 39, 74, 
11, 94, 31, 66, 3, 86, 23, 58, 43, 78, 15, 50, 42, 77, 14, 97, 34, 69, 6, 89, 26, 61, 46, 81, 18, 53, 38, 73, 10, 93, 30, 65, 2, 85, 22, 57, 
49, 84, 21, 56, 41, 76, 13, 96, 33, 68, 5, 88, 25, 60, 45, 80, 17, 52, 37, 72, 9, 92, 29, 64),  (1, 91)(2, 90)(3, 89)(4, 88)(5, 87)(6, 86)(7, 
85)(8, 84)(9, 83)(10, 82)(11, 81)(12, 80)(13, 79)(14, 78)(15, 77)(16, 76)(17, 75)(18, 74)(19, 73)(20, 72)(21, 71)(22, 70)(23, 69)(24, 68)(25, 
67)(26, 66)(27, 65)(28, 64)(29, 63)(30, 62)(31, 61)(32, 60)(33, 59)(34, 58)(35, 57)(36, 56)(37, 55)(38, 54)(39, 53)(40, 52)(41, 51)(42, 
50)(43, 97)(44, 96)(45, 95)(46, 94)(47, 93)(48, 92)(49, 98),  ], [  (1, 55, 4, 51, 7, 54, 3, 50, 6, 53, 2, 56, 5, 52)(8, 62, 11, 58, 14, 61, 
10, 57, 13, 60, 9, 63, 12, 59)(15, 69, 18, 65, 21, 68, 17, 64, 20, 67, 16, 70, 19, 66)(22, 76, 25, 72, 28, 75, 24, 71, 27, 74, 23, 77, 26, 
73)(29, 83, 32, 79, 35, 82, 31, 78, 34, 81, 30, 84, 33, 80)(36, 90, 39, 86, 42, 89, 38, 85, 41, 88, 37, 91, 40, 87)(43, 97, 46, 93, 49, 96, 
45, 92, 48, 95, 44, 98, 47, 94),  (1, 55)(2, 54)(3, 53)(4, 52)(5, 51)(6, 50)(7, 56)(8, 96)(9, 95)(10, 94)(11, 93)(12, 92)(13, 98)(14, 97)(15, 
89)(16, 88)(17, 87)(18, 86)(19, 85)(20, 91)(21, 90)(22, 82)(23, 81)(24, 80)(25, 79)(26, 78)(27, 84)(28, 83)(29, 75)(30, 74)(31, 73)(32, 
72)(33, 71)(34, 77)(35, 76)(36, 68)(37, 67)(38, 66)(39, 65)(40, 64)(41, 70)(42, 69)(43, 61)(44, 60)(45, 59)(46, 58)(47, 57)(48, 63)(49, 62),  
], [  (1, 28, 48, 20, 40, 12, 32, 4, 24, 44, 16, 36, 8, 35, 7, 27, 47, 19, 39, 11, 31, 3, 23, 43, 15, 42, 14, 34, 6, 26, 46, 18, 38, 10, 30, 
2, 22, 49, 21, 41, 13, 33, 5, 25, 45, 17, 37, 9, 29)(50, 77, 97, 69, 89, 61, 81, 53, 73, 93, 65, 85, 57, 84, 56, 76, 96, 68, 88, 60, 80, 52, 
72, 92, 64, 91, 63, 83, 55, 75, 95, 67, 87, 59, 79, 51, 71, 98, 70, 90, 62, 82, 54, 74, 94, 66, 86, 58, 78),  (1, 29, 9, 37, 17, 45, 25, 5, 
33, 13, 41, 21, 49, 22, 2, 30, 10, 38, 18, 46, 26, 6, 34, 14, 42, 15, 43, 23, 3, 31, 11, 39, 19, 47, 27, 7, 35, 8, 36, 16, 44, 24, 4, 32, 12, 
40, 20, 48, 28)(50, 78, 58, 86, 66, 94, 74, 54, 82, 62, 90, 70, 98, 71, 51, 79, 59, 87, 67, 95, 75, 55, 83, 63, 91, 64, 92, 72, 52, 80, 60, 
88, 68, 96, 76, 56, 84, 57, 85, 65, 93, 73, 53, 81, 61, 89, 69, 97, 77),  ], [  (1, 40, 24, 8, 47, 31, 15, 6, 38, 22, 13, 45, 29, 20, 4, 36, 
27, 11, 43, 34, 18, 2, 41, 25, 9, 48, 32, 16, 7, 39, 23, 14, 46, 30, 21, 5, 37, 28, 12, 44, 35, 19, 3, 42, 26, 10, 49, 33, 17)(50, 89, 73, 57,
96, 80, 64, 55, 87, 71, 62, 94, 78, 69, 53, 85, 76, 60, 92, 83, 67, 51, 90, 74, 58, 97, 81, 65, 56, 88, 72, 63, 95, 79, 70, 54, 86, 77, 61, 
93, 84, 68, 52, 91, 75, 59, 98, 82, 66),  (1, 17, 33, 49, 10, 26, 42, 3, 19, 35, 44, 12, 28, 37, 5, 21, 30, 46, 14, 23, 39, 7, 16, 32, 48, 9, 
25, 41, 2, 18, 34, 43, 11, 27, 36, 4, 20, 29, 45, 13, 22, 38, 6, 15, 31, 47, 8, 24, 40)(50, 66, 82, 98, 59, 75, 91, 52, 68, 84, 93, 61, 77, 
86, 54, 70, 79, 95, 63, 72, 88, 56, 65, 81, 97, 58, 74, 90, 51, 67, 83, 92, 60, 76, 85, 53, 69, 78, 94, 62, 71, 87, 55, 64, 80, 96, 57, 73, 
89),  ], [  (1, 37, 25, 13, 49, 30, 18, 6, 42, 23, 11, 47, 35, 16, 4, 40, 28, 9, 45, 33, 21, 2, 38, 26, 14, 43, 31, 19, 7, 36, 24, 12, 48, 29,
17, 5, 41, 22, 10, 46, 34, 15, 3, 39, 27, 8, 44, 32, 20)(50, 86, 74, 62, 98, 79, 67, 55, 91, 72, 60, 96, 84, 65, 53, 89, 77, 58, 94, 82, 70, 
51, 87, 75, 63, 92, 80, 68, 56, 85, 73, 61, 97, 78, 66, 54, 90, 71, 59, 95, 83, 64, 52, 88, 76, 57, 93, 81, 69),  (1, 20, 32, 44, 8, 27, 39, 
3, 15, 34, 46, 10, 22, 41, 5, 17, 29, 48, 12, 24, 36, 7, 19, 31, 43, 14, 26, 38, 2, 21, 33, 45, 9, 28, 40, 4, 16, 35, 47, 11, 23, 42, 6, 18, 
30, 49, 13, 25, 37)(50, 69, 81, 93, 57, 76, 88, 52, 64, 83, 95, 59, 71, 90, 54, 66, 78, 97, 61, 73, 85, 56, 68, 80, 92, 63, 75, 87, 51, 70, 
82, 94, 58, 77, 89, 53, 65, 84, 96, 60, 72, 91, 55, 67, 79, 98, 62, 74, 86),  ], [  (1, 4, 7, 3, 6, 2, 5)(8, 11, 14, 10, 13, 9, 12)(15, 18, 
21, 17, 20, 16, 19)(22, 25, 28, 24, 27, 23, 26)(29, 32, 35, 31, 34, 30, 33)(36, 39, 42, 38, 41, 37, 40)(43, 46, 49, 45, 48, 44, 47)(50, 53, 
56, 52, 55, 51, 54)(57, 60, 63, 59, 62, 58, 61)(64, 67, 70, 66, 69, 65, 68)(71, 74, 77, 73, 76, 72, 75)(78, 81, 84, 80, 83, 79, 82)(85, 88, 
91, 87, 90, 86, 89)(92, 95, 98, 94, 97, 93, 96),  (1, 5, 2, 6, 3, 7, 4)(8, 12, 9, 13, 10, 14, 11)(15, 19, 16, 20, 17, 21, 18)(22, 26, 23, 27, 
24, 28, 25)(29, 33, 30, 34, 31, 35, 32)(36, 40, 37, 41, 38, 42, 39)(43, 47, 44, 48, 45, 49, 46)(50, 54, 51, 55, 52, 56, 53)(57, 61, 58, 62, 
59, 63, 60)(64, 68, 65, 69, 66, 70, 67)(71, 75, 72, 76, 73, 77, 74)(78, 82, 79, 83, 80, 84, 81)(85, 89, 86, 90, 87, 91, 88)(92, 96, 93, 97, 
94, 98, 95),  ], [  (1, 20, 32, 44, 8, 27, 39, 3, 15, 34, 46, 10, 22, 41, 5, 17, 29, 48, 12, 24, 36, 7, 19, 31, 43, 14, 26, 38, 2, 21, 33, 45,
9, 28, 40, 4, 16, 35, 47, 11, 23, 42, 6, 18, 30, 49, 13, 25, 37)(50, 69, 81, 93, 57, 76, 88, 52, 64, 83, 95, 59, 71, 90, 54, 66, 78, 97, 61, 
73, 85, 56, 68, 80, 92, 63, 75, 87, 51, 70, 82, 94, 58, 77, 89, 53, 65, 84, 96, 60, 72, 91, 55, 67, 79, 98, 62, 74, 86),  (1, 37, 25, 13, 49, 
30, 18, 6, 42, 23, 11, 47, 35, 16, 4, 40, 28, 9, 45, 33, 21, 2, 38, 26, 14, 43, 31, 19, 7, 36, 24, 12, 48, 29, 17, 5, 41, 22, 10, 46, 34, 15, 
3, 39, 27, 8, 44, 32, 20)(50, 86, 74, 62, 98, 79, 67, 55, 91, 72, 60, 96, 84, 65, 53, 89, 77, 58, 94, 82, 70, 51, 87, 75, 63, 92, 80, 68, 56, 
85, 73, 61, 97, 78, 66, 54, 90, 71, 59, 95, 83, 64, 52, 88, 76, 57, 93, 81, 69),  ], [  (1, 29, 9, 37, 17, 45, 25, 5, 33, 13, 41, 21, 49, 22, 
2, 30, 10, 38, 18, 46, 26, 6, 34, 14, 42, 15, 43, 23, 3, 31, 11, 39, 19, 47, 27, 7, 35, 8, 36, 16, 44, 24, 4, 32, 12, 40, 20, 48, 28)(50, 78, 
58, 86, 66, 94, 74, 54, 82, 62, 90, 70, 98, 71, 51, 79, 59, 87, 67, 95, 75, 55, 83, 63, 91, 64, 92, 72, 52, 80, 60, 88, 68, 96, 76, 56, 84, 
57, 85, 65, 93, 73, 53, 81, 61, 89, 69, 97, 77),  (1, 28, 48, 20, 40, 12, 32, 4, 24, 44, 16, 36, 8, 35, 7, 27, 47, 19, 39, 11, 31, 3, 23, 43, 
15, 42, 14, 34, 6, 26, 46, 18, 38, 10, 30, 2, 22, 49, 21, 41, 13, 33, 5, 25, 45, 17, 37, 9, 29)(50, 77, 97, 69, 89, 61, 81, 53, 73, 93, 65, 
85, 57, 84, 56, 76, 96, 68, 88, 60, 80, 52, 72, 92, 64, 91, 63, 83, 55, 75, 95, 67, 87, 59, 79, 51, 71, 98, 70, 90, 62, 82, 54, 74, 94, 66, 
86, 58, 78),  ], [  (1, 17, 33, 49, 10, 26, 42, 3, 19, 35, 44, 12, 28, 37, 5, 21, 30, 46, 14, 23, 39, 7, 16, 32, 48, 9, 25, 41, 2, 18, 34, 43,
11, 27, 36, 4, 20, 29, 45, 13, 22, 38, 6, 15, 31, 47, 8, 24, 40)(50, 66, 82, 98, 59, 75, 91, 52, 68, 84, 93, 61, 77, 86, 54, 70, 79, 95, 63, 
72, 88, 56, 65, 81, 97, 58, 74, 90, 51, 67, 83, 92, 60, 76, 85, 53, 69, 78, 94, 62, 71, 87, 55, 64, 80, 96, 57, 73, 89),  (1, 40, 24, 8, 47, 
31, 15, 6, 38, 22, 13, 45, 29, 20, 4, 36, 27, 11, 43, 34, 18, 2, 41, 25, 9, 48, 32, 16, 7, 39, 23, 14, 46, 30, 21, 5, 37, 28, 12, 44, 35, 19, 
3, 42, 26, 10, 49, 33, 17)(50, 89, 73, 57, 96, 80, 64, 55, 87, 71, 62, 94, 78, 69, 53, 85, 76, 60, 92, 83, 67, 51, 90, 74, 58, 97, 81, 65, 56,
88, 72, 63, 95, 79, 70, 54, 86, 77, 61, 93, 84, 68, 52, 91, 75, 59, 98, 82, 66),  ], [  (1, 5, 2, 6, 3, 7, 4)(8, 12, 9, 13, 10, 14, 11)(15, 
19, 16, 20, 17, 21, 18)(22, 26, 23, 27, 24, 28, 25)(29, 33, 30, 34, 31, 35, 32)(36, 40, 37, 41, 38, 42, 39)(43, 47, 44, 48, 45, 49, 46)(50, 
54, 51, 55, 52, 56, 53)(57, 61, 58, 62, 59, 63, 60)(64, 68, 65, 69, 66, 70, 67)(71, 75, 72, 76, 73, 77, 74)(78, 82, 79, 83, 80, 84, 81)(85, 
89, 86, 90, 87, 91, 88)(92, 96, 93, 97, 94, 98, 95),  (1, 4, 7, 3, 6, 2, 5)(8, 11, 14, 10, 13, 9, 12)(15, 18, 21, 17, 20, 16, 19)(22, 25, 28, 
24, 27, 23, 26)(29, 32, 35, 31, 34, 30, 33)(36, 39, 42, 38, 41, 37, 40)(43, 46, 49, 45, 48, 44, 47)(50, 53, 56, 52, 55, 51, 54)(57, 60, 63, 
59, 62, 58, 61)(64, 67, 70, 66, 69, 65, 68)(71, 74, 77, 73, 76, 72, 75)(78, 81, 84, 80, 83, 79, 82)(85, 88, 91, 87, 90, 86, 89)(92, 95, 98, 
94, 97, 93, 96),  ], [  (1, 78, 9, 86, 17, 94, 25, 54, 33, 62, 41, 70, 49, 71, 2, 79, 10, 87, 18, 95, 26, 55, 34, 63, 42, 64, 43, 72, 3, 80, 
11, 88, 19, 96, 27, 56, 35, 57, 36, 65, 44, 73, 4, 81, 12, 89, 20, 97, 28, 50, 29, 58, 37, 66, 45, 74, 5, 82, 13, 90, 21, 98, 22, 51, 30, 59, 
38, 67, 46, 75, 6, 83, 14, 91, 15, 92, 23, 52, 31, 60, 39, 68, 47, 76, 7, 84, 8, 85, 16, 93, 24, 53, 32, 61, 40, 69, 48, 77),  (1, 78)(2, 
84)(3, 83)(4, 82)(5, 81)(6, 80)(7, 79)(8, 71)(9, 77)(10, 76)(11, 75)(12, 74)(13, 73)(14, 72)(15, 64)(16, 70)(17, 69)(18, 68)(19, 67)(20, 
66)(21, 65)(22, 57)(23, 63)(24, 62)(25, 61)(26, 60)(27, 59)(28, 58)(29, 50)(30, 56)(31, 55)(32, 54)(33, 53)(34, 52)(35, 51)(36, 98)(37, 
97)(38, 96)(39, 95)(40, 94)(41, 93)(42, 92)(43, 91)(44, 90)(45, 89)(46, 88)(47, 87)(48, 86)(49, 85),  ], [  (1, 66, 33, 98, 10, 75, 42, 52, 
19, 84, 44, 61, 28, 86, 5, 70, 30, 95, 14, 72, 39, 56, 16, 81, 48, 58, 25, 90, 2, 67, 34, 92, 11, 76, 36, 53, 20, 78, 45, 62, 22, 87, 6, 64, 
31, 96, 8, 73, 40, 50, 17, 82, 49, 59, 26, 91, 3, 68, 35, 93, 12, 77, 37, 54, 21, 79, 46, 63, 23, 88, 7, 65, 32, 97, 9, 74, 41, 51, 18, 83, 
43, 60, 27, 85, 4, 69, 29, 94, 13, 71, 38, 55, 15, 80, 47, 57, 24, 89),  (1, 66)(2, 65)(3, 64)(4, 70)(5, 69)(6, 68)(7, 67)(8, 59)(9, 58)(10, 
57)(11, 63)(12, 62)(13, 61)(14, 60)(15, 52)(16, 51)(17, 50)(18, 56)(19, 55)(20, 54)(21, 53)(22, 93)(23, 92)(24, 98)(25, 97)(26, 96)(27, 
95)(28, 94)(29, 86)(30, 85)(31, 91)(32, 90)(33, 89)(34, 88)(35, 87)(36, 79)(37, 78)(38, 84)(39, 83)(40, 82)(41, 81)(42, 80)(43, 72)(44, 
71)(45, 77)(46, 76)(47, 75)(48, 74)(49, 73),  ], [  (1, 69, 32, 93, 8, 76, 39, 52, 15, 83, 46, 59, 22, 90, 5, 66, 29, 97, 12, 73, 36, 56, 19, 
80, 43, 63, 26, 87, 2, 70, 33, 94, 9, 77, 40, 53, 16, 84, 47, 60, 23, 91, 6, 67, 30, 98, 13, 74, 37, 50, 20, 81, 44, 57, 27, 88, 3, 64, 34, 
95, 10, 71, 41, 54, 17, 78, 48, 61, 24, 85, 7, 68, 31, 92, 14, 75, 38, 51, 21, 82, 45, 58, 28, 89, 4, 65, 35, 96, 11, 72, 42, 55, 18, 79, 49, 
62, 25, 86),  (1, 69)(2, 68)(3, 67)(4, 66)(5, 65)(6, 64)(7, 70)(8, 62)(9, 61)(10, 60)(11, 59)(12, 58)(13, 57)(14, 63)(15, 55)(16, 54)(17, 
53)(18, 52)(19, 51)(20, 50)(21, 56)(22, 96)(23, 95)(24, 94)(25, 93)(26, 92)(27, 98)(28, 97)(29, 89)(30, 88)(31, 87)(32, 86)(33, 85)(34, 
91)(35, 90)(36, 82)(37, 81)(38, 80)(39, 79)(40, 78)(41, 84)(42, 83)(43, 75)(44, 74)(45, 73)(46, 72)(47, 71)(48, 77)(49, 76),  ], [  (1, 54, 2,
55, 3, 56, 4, 50, 5, 51, 6, 52, 7, 53)(8, 61, 9, 62, 10, 63, 11, 57, 12, 58, 13, 59, 14, 60)(15, 68, 16, 69, 17, 70, 18, 64, 19, 65, 20, 66, 
21, 67)(22, 75, 23, 76, 24, 77, 25, 71, 26, 72, 27, 73, 28, 74)(29, 82, 30, 83, 31, 84, 32, 78, 33, 79, 34, 80, 35, 81)(36, 89, 37, 90, 38, 
91, 39, 85, 40, 86, 41, 87, 42, 88)(43, 96, 44, 97, 45, 98, 46, 92, 47, 93, 48, 94, 49, 95),  (1, 54)(2, 53)(3, 52)(4, 51)(5, 50)(6, 56)(7, 
55)(8, 95)(9, 94)(10, 93)(11, 92)(12, 98)(13, 97)(14, 96)(15, 88)(16, 87)(17, 86)(18, 85)(19, 91)(20, 90)(21, 89)(22, 81)(23, 80)(24, 79)(25, 
78)(26, 84)(27, 83)(28, 82)(29, 74)(30, 73)(31, 72)(32, 71)(33, 77)(34, 76)(35, 75)(36, 67)(37, 66)(38, 65)(39, 64)(40, 70)(41, 69)(42, 
68)(43, 60)(44, 59)(45, 58)(46, 57)(47, 63)(48, 62)(49, 61),  ], [  (1, 86, 25, 62, 49, 79, 18, 55, 42, 72, 11, 96, 35, 65, 4, 89, 28, 58, 45,
82, 21, 51, 38, 75, 14, 92, 31, 68, 7, 85, 24, 61, 48, 78, 17, 54, 41, 71, 10, 95, 34, 64, 3, 88, 27, 57, 44, 81, 20, 50, 37, 74, 13, 98, 30, 
67, 6, 91, 23, 60, 47, 84, 16, 53, 40, 77, 9, 94, 33, 70, 2, 87, 26, 63, 43, 80, 19, 56, 36, 73, 12, 97, 29, 66, 5, 90, 22, 59, 46, 83, 15, 
52, 39, 76, 8, 93, 32, 69),  (1, 86)(2, 85)(3, 91)(4, 90)(5, 89)(6, 88)(7, 87)(8, 79)(9, 78)(10, 84)(11, 83)(12, 82)(13, 81)(14, 80)(15, 
72)(16, 71)(17, 77)(18, 76)(19, 75)(20, 74)(21, 73)(22, 65)(23, 64)(24, 70)(25, 69)(26, 68)(27, 67)(28, 66)(29, 58)(30, 57)(31, 63)(32, 
62)(33, 61)(34, 60)(35, 59)(36, 51)(37, 50)(38, 56)(39, 55)(40, 54)(41, 53)(42, 52)(43, 92)(44, 98)(45, 97)(46, 96)(47, 95)(48, 94)(49, 93),  
], [  (1, 77, 48, 69, 40, 61, 32, 53, 24, 93, 16, 85, 8, 84, 7, 76, 47, 68, 39, 60, 31, 52, 23, 92, 15, 91, 14, 83, 6, 75, 46, 67, 38, 59, 30,
51, 22, 98, 21, 90, 13, 82, 5, 74, 45, 66, 37, 58, 29, 50, 28, 97, 20, 89, 12, 81, 4, 73, 44, 65, 36, 57, 35, 56, 27, 96, 19, 88, 11, 80, 3, 
72, 43, 64, 42, 63, 34, 55, 26, 95, 18, 87, 10, 79, 2, 71, 49, 70, 41, 62, 33, 54, 25, 94, 17, 86, 9, 78),  (1, 77)(2, 76)(3, 75)(4, 74)(5, 
73)(6, 72)(7, 71)(8, 70)(9, 69)(10, 68)(11, 67)(12, 66)(13, 65)(14, 64)(15, 63)(16, 62)(17, 61)(18, 60)(19, 59)(20, 58)(21, 57)(22, 56)(23, 
55)(24, 54)(25, 53)(26, 52)(27, 51)(28, 50)(29, 97)(30, 96)(31, 95)(32, 94)(33, 93)(34, 92)(35, 98)(36, 90)(37, 89)(38, 88)(39, 87)(40, 
86)(41, 85)(42, 91)(43, 83)(44, 82)(45, 81)(46, 80)(47, 79)(48, 78)(49, 84),  ], [  (1, 89, 24, 57, 47, 80, 15, 55, 38, 71, 13, 94, 29, 69, 4,
85, 27, 60, 43, 83, 18, 51, 41, 74, 9, 97, 32, 65, 7, 88, 23, 63, 46, 79, 21, 54, 37, 77, 12, 93, 35, 68, 3, 91, 26, 59, 49, 82, 17, 50, 40, 
73, 8, 96, 31, 64, 6, 87, 22, 62, 45, 78, 20, 53, 36, 76, 11, 92, 34, 67, 2, 90, 25, 58, 48, 81, 16, 56, 39, 72, 14, 95, 30, 70, 5, 86, 28, 
61, 44, 84, 19, 52, 42, 75, 10, 98, 33, 66),  (1, 89)(2, 88)(3, 87)(4, 86)(5, 85)(6, 91)(7, 90)(8, 82)(9, 81)(10, 80)(11, 79)(12, 78)(13, 
84)(14, 83)(15, 75)(16, 74)(17, 73)(18, 72)(19, 71)(20, 77)(21, 76)(22, 68)(23, 67)(24, 66)(25, 65)(26, 64)(27, 70)(28, 69)(29, 61)(30, 
60)(31, 59)(32, 58)(33, 57)(34, 63)(35, 62)(36, 54)(37, 53)(38, 52)(39, 51)(40, 50)(41, 56)(42, 55)(43, 95)(44, 94)(45, 93)(46, 92)(47, 
98)(48, 97)(49, 96),  ], [  (1, 53, 7, 52, 6, 51, 5, 50, 4, 56, 3, 55, 2, 54)(8, 60, 14, 59, 13, 58, 12, 57, 11, 63, 10, 62, 9, 61)(15, 67, 
21, 66, 20, 65, 19, 64, 18, 70, 17, 69, 16, 68)(22, 74, 28, 73, 27, 72, 26, 71, 25, 77, 24, 76, 23, 75)(29, 81, 35, 80, 34, 79, 33, 78, 32, 
84, 31, 83, 30, 82)(36, 88, 42, 87, 41, 86, 40, 85, 39, 91, 38, 90, 37, 89)(43, 95, 49, 94, 48, 93, 47, 92, 46, 98, 45, 97, 44, 96),  (1, 
53)(2, 52)(3, 51)(4, 50)(5, 56)(6, 55)(7, 54)(8, 94)(9, 93)(10, 92)(11, 98)(12, 97)(13, 96)(14, 95)(15, 87)(16, 86)(17, 85)(18, 91)(19, 
90)(20, 89)(21, 88)(22, 80)(23, 79)(24, 78)(25, 84)(26, 83)(27, 82)(28, 81)(29, 73)(30, 72)(31, 71)(32, 77)(33, 76)(34, 75)(35, 74)(36, 
66)(37, 65)(38, 64)(39, 70)(40, 69)(41, 68)(42, 67)(43, 59)(44, 58)(45, 57)(46, 63)(47, 62)(48, 61)(49, 60),  ], [  (1, 14, 20, 26, 32, 38, 
44, 2, 8, 21, 27, 33, 39, 45, 3, 9, 15, 28, 34, 40, 46, 4, 10, 16, 22, 35, 41, 47, 5, 11, 17, 23, 29, 42, 48, 6, 12, 18, 24, 30, 36, 49, 7, 
13, 19, 25, 31, 37, 43)(50, 63, 69, 75, 81, 87, 93, 51, 57, 70, 76, 82, 88, 94, 52, 58, 64, 77, 83, 89, 95, 53, 59, 65, 71, 84, 90, 96, 54, 
60, 66, 72, 78, 91, 97, 55, 61, 67, 73, 79, 85, 98, 56, 62, 68, 74, 80, 86, 92),  (1, 43, 37, 31, 25, 19, 13, 7, 49, 36, 30, 24, 18, 12, 6, 
48, 42, 29, 23, 17, 11, 5, 47, 41, 35, 22, 16, 10, 4, 46, 40, 34, 28, 15, 9, 3, 45, 39, 33, 27, 21, 8, 2, 44, 38, 32, 26, 20, 14)(50, 92, 86, 
80, 74, 68, 62, 56, 98, 85, 79, 73, 67, 61, 55, 97, 91, 78, 72, 66, 60, 54, 96, 90, 84, 71, 65, 59, 53, 95, 89, 83, 77, 64, 58, 52, 94, 88, 
82, 76, 70, 57, 51, 93, 87, 81, 75, 69, 63),  ], [  (1, 26, 44, 21, 39, 9, 34, 4, 22, 47, 17, 42, 12, 30, 7, 25, 43, 20, 38, 8, 33, 3, 28, 46,
16, 41, 11, 29, 6, 24, 49, 19, 37, 14, 32, 2, 27, 45, 15, 40, 10, 35, 5, 23, 48, 18, 36, 13, 31)(50, 75, 93, 70, 88, 58, 83, 53, 71, 96, 66, 
91, 61, 79, 56, 74, 92, 69, 87, 57, 82, 52, 77, 95, 65, 90, 60, 78, 55, 73, 98, 68, 86, 63, 81, 51, 76, 94, 64, 89, 59, 84, 54, 72, 97, 67, 
85, 62, 80),  (1, 31, 13, 36, 18, 48, 23, 5, 35, 10, 40, 15, 45, 27, 2, 32, 14, 37, 19, 49, 24, 6, 29, 11, 41, 16, 46, 28, 3, 33, 8, 38, 20, 
43, 25, 7, 30, 12, 42, 17, 47, 22, 4, 34, 9, 39, 21, 44, 26)(50, 80, 62, 85, 67, 97, 72, 54, 84, 59, 89, 64, 94, 76, 51, 81, 63, 86, 68, 98, 
73, 55, 78, 60, 90, 65, 95, 77, 52, 82, 57, 87, 69, 92, 74, 56, 79, 61, 91, 66, 96, 71, 53, 83, 58, 88, 70, 93, 75),  ], [  (1, 23, 45, 19, 
41, 8, 30, 4, 26, 48, 15, 37, 11, 33, 7, 22, 44, 18, 40, 14, 29, 3, 25, 47, 21, 36, 10, 32, 6, 28, 43, 17, 39, 13, 35, 2, 24, 46, 20, 42, 9, 
31, 5, 27, 49, 16, 38, 12, 34)(50, 72, 94, 68, 90, 57, 79, 53, 75, 97, 64, 86, 60, 82, 56, 71, 93, 67, 89, 63, 78, 52, 74, 96, 70, 85, 59, 81,
55, 77, 92, 66, 88, 62, 84, 51, 73, 95, 69, 91, 58, 80, 54, 76, 98, 65, 87, 61, 83),  (1, 34, 12, 38, 16, 49, 27, 5, 31, 9, 42, 20, 46, 24, 2,
35, 13, 39, 17, 43, 28, 6, 32, 10, 36, 21, 47, 25, 3, 29, 14, 40, 18, 44, 22, 7, 33, 11, 37, 15, 48, 26, 4, 30, 8, 41, 19, 45, 23)(50, 83, 61,
87, 65, 98, 76, 54, 80, 58, 91, 69, 95, 73, 51, 84, 62, 88, 66, 92, 77, 55, 81, 59, 85, 70, 96, 74, 52, 78, 63, 89, 67, 93, 71, 56, 82, 60, 
86, 64, 97, 75, 53, 79, 57, 90, 68, 94, 72),  ], [  (1, 38, 27, 9, 46, 35, 17, 6, 36, 25, 14, 44, 33, 15, 4, 41, 23, 12, 49, 31, 20, 2, 39, 
28, 10, 47, 29, 18, 7, 37, 26, 8, 45, 34, 16, 5, 42, 24, 13, 43, 32, 21, 3, 40, 22, 11, 48, 30, 19)(50, 87, 76, 58, 95, 84, 66, 55, 85, 74, 
63, 93, 82, 64, 53, 90, 72, 61, 98, 80, 69, 51, 88, 77, 59, 96, 78, 67, 56, 86, 75, 57, 94, 83, 65, 54, 91, 73, 62, 92, 81, 70, 52, 89, 71, 
60, 97, 79, 68),  (1, 19, 30, 48, 11, 22, 40, 3, 21, 32, 43, 13, 24, 42, 5, 16, 34, 45, 8, 26, 37, 7, 18, 29, 47, 10, 28, 39, 2, 20, 31, 49, 
12, 23, 41, 4, 15, 33, 44, 14, 25, 36, 6, 17, 35, 46, 9, 27, 38)(50, 68, 79, 97, 60, 71, 89, 52, 70, 81, 92, 62, 73, 91, 54, 65, 83, 94, 57, 
75, 86, 56, 67, 78, 96, 59, 77, 88, 51, 69, 80, 98, 61, 72, 90, 53, 64, 82, 93, 63, 74, 85, 55, 66, 84, 95, 58, 76, 87),  ], [  (1, 39, 22, 
12, 43, 33, 16, 6, 37, 27, 10, 48, 31, 21, 4, 42, 25, 8, 46, 29, 19, 2, 40, 23, 13, 44, 34, 17, 7, 38, 28, 11, 49, 32, 15, 5, 36, 26, 9, 47, 
30, 20, 3, 41, 24, 14, 45, 35, 18)(50, 88, 71, 61, 92, 82, 65, 55, 86, 76, 59, 97, 80, 70, 53, 91, 74, 57, 95, 78, 68, 51, 89, 72, 62, 93, 83,
66, 56, 87, 77, 60, 98, 81, 64, 54, 85, 75, 58, 96, 79, 69, 52, 90, 73, 63, 94, 84, 67),  (1, 18, 35, 45, 14, 24, 41, 3, 20, 30, 47, 9, 26, 
36, 5, 15, 32, 49, 11, 28, 38, 7, 17, 34, 44, 13, 23, 40, 2, 19, 29, 46, 8, 25, 42, 4, 21, 31, 48, 10, 27, 37, 6, 16, 33, 43, 12, 22, 39)(50, 
67, 84, 94, 63, 73, 90, 52, 69, 79, 96, 58, 75, 85, 54, 64, 81, 98, 60, 77, 87, 56, 66, 83, 93, 62, 72, 89, 51, 68, 78, 95, 57, 74, 91, 53, 
70, 80, 97, 59, 76, 86, 55, 65, 82, 92, 61, 71, 88),  ], [  (1, 2, 3, 4, 5, 6, 7)(8, 9, 10, 11, 12, 13, 14)(15, 16, 17, 18, 19, 20, 21)(22, 
23, 24, 25, 26, 27, 28)(29, 30, 31, 32, 33, 34, 35)(36, 37, 38, 39, 40, 41, 42)(43, 44, 45, 46, 47, 48, 49)(50, 51, 52, 53, 54, 55, 56)(57, 
58, 59, 60, 61, 62, 63)(64, 65, 66, 67, 68, 69, 70)(71, 72, 73, 74, 75, 76, 77)(78, 79, 80, 81, 82, 83, 84)(85, 86, 87, 88, 89, 90, 91)(92, 
93, 94, 95, 96, 97, 98),  (1, 7, 6, 5, 4, 3, 2)(8, 14, 13, 12, 11, 10, 9)(15, 21, 20, 19, 18, 17, 16)(22, 28, 27, 26, 25, 24, 23)(29, 35, 34, 
33, 32, 31, 30)(36, 42, 41, 40, 39, 38, 37)(43, 49, 48, 47, 46, 45, 44)(50, 56, 55, 54, 53, 52, 51)(57, 63, 62, 61, 60, 59, 58)(64, 70, 69, 
68, 67, 66, 65)(71, 77, 76, 75, 74, 73, 72)(78, 84, 83, 82, 81, 80, 79)(85, 91, 90, 89, 88, 87, 86)(92, 98, 97, 96, 95, 94, 93),  ], [  (1, 
18, 35, 45, 14, 24, 41, 3, 20, 30, 47, 9, 26, 36, 5, 15, 32, 49, 11, 28, 38, 7, 17, 34, 44, 13, 23, 40, 2, 19, 29, 46, 8, 25, 42, 4, 21, 31, 
48, 10, 27, 37, 6, 16, 33, 43, 12, 22, 39)(50, 67, 84, 94, 63, 73, 90, 52, 69, 79, 96, 58, 75, 85, 54, 64, 81, 98, 60, 77, 87, 56, 66, 83, 93,
62, 72, 89, 51, 68, 78, 95, 57, 74, 91, 53, 70, 80, 97, 59, 76, 86, 55, 65, 82, 92, 61, 71, 88),  (1, 39, 22, 12, 43, 33, 16, 6, 37, 27, 10, 
48, 31, 21, 4, 42, 25, 8, 46, 29, 19, 2, 40, 23, 13, 44, 34, 17, 7, 38, 28, 11, 49, 32, 15, 5, 36, 26, 9, 47, 30, 20, 3, 41, 24, 14, 45, 35, 
18)(50, 88, 71, 61, 92, 82, 65, 55, 86, 76, 59, 97, 80, 70, 53, 91, 74, 57, 95, 78, 68, 51, 89, 72, 62, 93, 83, 66, 56, 87, 77, 60, 98, 81, 
64, 54, 85, 75, 58, 96, 79, 69, 52, 90, 73, 63, 94, 84, 67),  ], [  (1, 34, 12, 38, 16, 49, 27, 5, 31, 9, 42, 20, 46, 24, 2, 35, 13, 39, 17, 
43, 28, 6, 32, 10, 36, 21, 47, 25, 3, 29, 14, 40, 18, 44, 22, 7, 33, 11, 37, 15, 48, 26, 4, 30, 8, 41, 19, 45, 23)(50, 83, 61, 87, 65, 98, 76,
54, 80, 58, 91, 69, 95, 73, 51, 84, 62, 88, 66, 92, 77, 55, 81, 59, 85, 70, 96, 74, 52, 78, 63, 89, 67, 93, 71, 56, 82, 60, 86, 64, 97, 75, 
53, 79, 57, 90, 68, 94, 72),  (1, 23, 45, 19, 41, 8, 30, 4, 26, 48, 15, 37, 11, 33, 7, 22, 44, 18, 40, 14, 29, 3, 25, 47, 21, 36, 10, 32, 6, 
28, 43, 17, 39, 13, 35, 2, 24, 46, 20, 42, 9, 31, 5, 27, 49, 16, 38, 12, 34)(50, 72, 94, 68, 90, 57, 79, 53, 75, 97, 64, 86, 60, 82, 56, 71, 
93, 67, 89, 63, 78, 52, 74, 96, 70, 85, 59, 81, 55, 77, 92, 66, 88, 62, 84, 51, 73, 95, 69, 91, 58, 80, 54, 76, 98, 65, 87, 61, 83),  ], [  
(1, 43, 37, 31, 25, 19, 13, 7, 49, 36, 30, 24, 18, 12, 6, 48, 42, 29, 23, 17, 11, 5, 47, 41, 35, 22, 16, 10, 4, 46, 40, 34, 28, 15, 9, 3, 45, 
39, 33, 27, 21, 8, 2, 44, 38, 32, 26, 20, 14)(50, 92, 86, 80, 74, 68, 62, 56, 98, 85, 79, 73, 67, 61, 55, 97, 91, 78, 72, 66, 60, 54, 96, 90, 
84, 71, 65, 59, 53, 95, 89, 83, 77, 64, 58, 52, 94, 88, 82, 76, 70, 57, 51, 93, 87, 81, 75, 69, 63),  (1, 14, 20, 26, 32, 38, 44, 2, 8, 21, 
27, 33, 39, 45, 3, 9, 15, 28, 34, 40, 46, 4, 10, 16, 22, 35, 41, 47, 5, 11, 17, 23, 29, 42, 48, 6, 12, 18, 24, 30, 36, 49, 7, 13, 19, 25, 31, 
37, 43)(50, 63, 69, 75, 81, 87, 93, 51, 57, 70, 76, 82, 88, 94, 52, 58, 64, 77, 83, 89, 95, 53, 59, 65, 71, 84, 90, 96, 54, 60, 66, 72, 78, 
91, 97, 55, 61, 67, 73, 79, 85, 98, 56, 62, 68, 74, 80, 86, 92),  ], [  (1, 31, 13, 36, 18, 48, 23, 5, 35, 10, 40, 15, 45, 27, 2, 32, 14, 37, 
19, 49, 24, 6, 29, 11, 41, 16, 46, 28, 3, 33, 8, 38, 20, 43, 25, 7, 30, 12, 42, 17, 47, 22, 4, 34, 9, 39, 21, 44, 26)(50, 80, 62, 85, 67, 97, 
72, 54, 84, 59, 89, 64, 94, 76, 51, 81, 63, 86, 68, 98, 73, 55, 78, 60, 90, 65, 95, 77, 52, 82, 57, 87, 69, 92, 74, 56, 79, 61, 91, 66, 96, 
71, 53, 83, 58, 88, 70, 93, 75),  (1, 26, 44, 21, 39, 9, 34, 4, 22, 47, 17, 42, 12, 30, 7, 25, 43, 20, 38, 8, 33, 3, 28, 46, 16, 41, 11, 29, 
6, 24, 49, 19, 37, 14, 32, 2, 27, 45, 15, 40, 10, 35, 5, 23, 48, 18, 36, 13, 31)(50, 75, 93, 70, 88, 58, 83, 53, 71, 96, 66, 91, 61, 79, 56, 
74, 92, 69, 87, 57, 82, 52, 77, 95, 65, 90, 60, 78, 55, 73, 98, 68, 86, 63, 81, 51, 76, 94, 64, 89, 59, 84, 54, 72, 97, 67, 85, 62, 80),  ], [
(1, 19, 30, 48, 11, 22, 40, 3, 21, 32, 43, 13, 24, 42, 5, 16, 34, 45, 8, 26, 37, 7, 18, 29, 47, 10, 28, 39, 2, 20, 31, 49, 12, 23, 41, 4, 15, 
33, 44, 14, 25, 36, 6, 17, 35, 46, 9, 27, 38)(50, 68, 79, 97, 60, 71, 89, 52, 70, 81, 92, 62, 73, 91, 54, 65, 83, 94, 57, 75, 86, 56, 67, 78, 
96, 59, 77, 88, 51, 69, 80, 98, 61, 72, 90, 53, 64, 82, 93, 63, 74, 85, 55, 66, 84, 95, 58, 76, 87),  (1, 38, 27, 9, 46, 35, 17, 6, 36, 25, 
14, 44, 33, 15, 4, 41, 23, 12, 49, 31, 20, 2, 39, 28, 10, 47, 29, 18, 7, 37, 26, 8, 45, 34, 16, 5, 42, 24, 13, 43, 32, 21, 3, 40, 22, 11, 48, 
30, 19)(50, 87, 76, 58, 95, 84, 66, 55, 85, 74, 63, 93, 82, 64, 53, 90, 72, 61, 98, 80, 69, 51, 88, 77, 59, 96, 78, 67, 56, 86, 75, 57, 94, 
83, 65, 54, 91, 73, 62, 92, 81, 70, 52, 89, 71, 60, 97, 79, 68),  ], [  (1, 7, 6, 5, 4, 3, 2)(8, 14, 13, 12, 11, 10, 9)(15, 21, 20, 19, 18, 
17, 16)(22, 28, 27, 26, 25, 24, 23)(29, 35, 34, 33, 32, 31, 30)(36, 42, 41, 40, 39, 38, 37)(43, 49, 48, 47, 46, 45, 44)(50, 56, 55, 54, 53, 
52, 51)(57, 63, 62, 61, 60, 59, 58)(64, 70, 69, 68, 67, 66, 65)(71, 77, 76, 75, 74, 73, 72)(78, 84, 83, 82, 81, 80, 79)(85, 91, 90, 89, 88, 
87, 86)(92, 98, 97, 96, 95, 94, 93),  (1, 2, 3, 4, 5, 6, 7)(8, 9, 10, 11, 12, 13, 14)(15, 16, 17, 18, 19, 20, 21)(22, 23, 24, 25, 26, 27, 
28)(29, 30, 31, 32, 33, 34, 35)(36, 37, 38, 39, 40, 41, 42)(43, 44, 45, 46, 47, 48, 49)(50, 51, 52, 53, 54, 55, 56)(57, 58, 59, 60, 61, 62, 
63)(64, 65, 66, 67, 68, 69, 70)(71, 72, 73, 74, 75, 76, 77)(78, 79, 80, 81, 82, 83, 84)(85, 86, 87, 88, 89, 90, 91)(92, 93, 94, 95, 96, 97, 
98),  ], [  (1, 92, 37, 80, 25, 68, 13, 56, 49, 85, 30, 73, 18, 61, 6, 97, 42, 78, 23, 66, 11, 54, 47, 90, 35, 71, 16, 59, 4, 95, 40, 83, 28, 
64, 9, 52, 45, 88, 33, 76, 21, 57, 2, 93, 38, 81, 26, 69, 14, 50, 43, 86, 31, 74, 19, 62, 7, 98, 36, 79, 24, 67, 12, 55, 48, 91, 29, 72, 17, 
60, 5, 96, 41, 84, 22, 65, 10, 53, 46, 89, 34, 77, 15, 58, 3, 94, 39, 82, 27, 70, 8, 51, 44, 87, 32, 75, 20, 63),  (1, 92)(2, 98)(3, 97)(4, 
96)(5, 95)(6, 94)(7, 93)(8, 85)(9, 91)(10, 90)(11, 89)(12, 88)(13, 87)(14, 86)(15, 78)(16, 84)(17, 83)(18, 82)(19, 81)(20, 80)(21, 79)(22, 
71)(23, 77)(24, 76)(25, 75)(26, 74)(27, 73)(28, 72)(29, 64)(30, 70)(31, 69)(32, 68)(33, 67)(34, 66)(35, 65)(36, 57)(37, 63)(38, 62)(39, 
61)(40, 60)(41, 59)(42, 58)(43, 50)(44, 56)(45, 55)(46, 54)(47, 53)(48, 52)(49, 51),  ], [  (1, 80, 13, 85, 18, 97, 23, 54, 35, 59, 40, 64, 
45, 76, 2, 81, 14, 86, 19, 98, 24, 55, 29, 60, 41, 65, 46, 77, 3, 82, 8, 87, 20, 92, 25, 56, 30, 61, 42, 66, 47, 71, 4, 83, 9, 88, 21, 93, 26,
50, 31, 62, 36, 67, 48, 72, 5, 84, 10, 89, 15, 94, 27, 51, 32, 63, 37, 68, 49, 73, 6, 78, 11, 90, 16, 95, 28, 52, 33, 57, 38, 69, 43, 74, 7, 
79, 12, 91, 17, 96, 22, 53, 34, 58, 39, 70, 44, 75),  (1, 80)(2, 79)(3, 78)(4, 84)(5, 83)(6, 82)(7, 81)(8, 73)(9, 72)(10, 71)(11, 77)(12, 
76)(13, 75)(14, 74)(15, 66)(16, 65)(17, 64)(18, 70)(19, 69)(20, 68)(21, 67)(22, 59)(23, 58)(24, 57)(25, 63)(26, 62)(27, 61)(28, 60)(29, 
52)(30, 51)(31, 50)(32, 56)(33, 55)(34, 54)(35, 53)(36, 93)(37, 92)(38, 98)(39, 97)(40, 96)(41, 95)(42, 94)(43, 86)(44, 85)(45, 91)(46, 
90)(47, 89)(48, 88)(49, 87),  ], [  (1, 83, 12, 87, 16, 98, 27, 54, 31, 58, 42, 69, 46, 73, 2, 84, 13, 88, 17, 92, 28, 55, 32, 59, 36, 70, 47,
74, 3, 78, 14, 89, 18, 93, 22, 56, 33, 60, 37, 64, 48, 75, 4, 79, 8, 90, 19, 94, 23, 50, 34, 61, 38, 65, 49, 76, 5, 80, 9, 91, 20, 95, 24, 51,
35, 62, 39, 66, 43, 77, 6, 81, 10, 85, 21, 96, 25, 52, 29, 63, 40, 67, 44, 71, 7, 82, 11, 86, 15, 97, 26, 53, 30, 57, 41, 68, 45, 72),  (1, 
83)(2, 82)(3, 81)(4, 80)(5, 79)(6, 78)(7, 84)(8, 76)(9, 75)(10, 74)(11, 73)(12, 72)(13, 71)(14, 77)(15, 69)(16, 68)(17, 67)(18, 66)(19, 
65)(20, 64)(21, 70)(22, 62)(23, 61)(24, 60)(25, 59)(26, 58)(27, 57)(28, 63)(29, 55)(30, 54)(31, 53)(32, 52)(33, 51)(34, 50)(35, 56)(36, 
96)(37, 95)(38, 94)(39, 93)(40, 92)(41, 98)(42, 97)(43, 89)(44, 88)(45, 87)(46, 86)(47, 85)(48, 91)(49, 90),  ], [  (1, 68, 30, 97, 11, 71, 
40, 52, 21, 81, 43, 62, 24, 91, 5, 65, 34, 94, 8, 75, 37, 56, 18, 78, 47, 59, 28, 88, 2, 69, 31, 98, 12, 72, 41, 53, 15, 82, 44, 63, 25, 85, 
6, 66, 35, 95, 9, 76, 38, 50, 19, 79, 48, 60, 22, 89, 3, 70, 32, 92, 13, 73, 42, 54, 16, 83, 45, 57, 26, 86, 7, 67, 29, 96, 10, 77, 39, 51, 
20, 80, 49, 61, 23, 90, 4, 64, 33, 93, 14, 74, 36, 55, 17, 84, 46, 58, 27, 87),  (1, 68)(2, 67)(3, 66)(4, 65)(5, 64)(6, 70)(7, 69)(8, 61)(9, 
60)(10, 59)(11, 58)(12, 57)(13, 63)(14, 62)(15, 54)(16, 53)(17, 52)(18, 51)(19, 50)(20, 56)(21, 55)(22, 95)(23, 94)(24, 93)(25, 92)(26, 
98)(27, 97)(28, 96)(29, 88)(30, 87)(31, 86)(32, 85)(33, 91)(34, 90)(35, 89)(36, 81)(37, 80)(38, 79)(39, 78)(40, 84)(41, 83)(42, 82)(43, 
74)(44, 73)(45, 72)(46, 71)(47, 77)(48, 76)(49, 75),  ], [  (1, 67, 35, 94, 14, 73, 41, 52, 20, 79, 47, 58, 26, 85, 5, 64, 32, 98, 11, 77, 38,
56, 17, 83, 44, 62, 23, 89, 2, 68, 29, 95, 8, 74, 42, 53, 21, 80, 48, 59, 27, 86, 6, 65, 33, 92, 12, 71, 39, 50, 18, 84, 45, 63, 24, 90, 3, 
69, 30, 96, 9, 75, 36, 54, 15, 81, 49, 60, 28, 87, 7, 66, 34, 93, 13, 72, 40, 51, 19, 78, 46, 57, 25, 91, 4, 70, 31, 97, 10, 76, 37, 55, 16, 
82, 43, 61, 22, 88),  (1, 67)(2, 66)(3, 65)(4, 64)(5, 70)(6, 69)(7, 68)(8, 60)(9, 59)(10, 58)(11, 57)(12, 63)(13, 62)(14, 61)(15, 53)(16, 
52)(17, 51)(18, 50)(19, 56)(20, 55)(21, 54)(22, 94)(23, 93)(24, 92)(25, 98)(26, 97)(27, 96)(28, 95)(29, 87)(30, 86)(31, 85)(32, 91)(33, 
90)(34, 89)(35, 88)(36, 80)(37, 79)(38, 78)(39, 84)(40, 83)(41, 82)(42, 81)(43, 73)(44, 72)(45, 71)(46, 77)(47, 76)(48, 75)(49, 74),  ], [  
(1, 56, 6, 54, 4, 52, 2, 50, 7, 55, 5, 53, 3, 51)(8, 63, 13, 61, 11, 59, 9, 57, 14, 62, 12, 60, 10, 58)(15, 70, 20, 68, 18, 66, 16, 64, 21, 
69, 19, 67, 17, 65)(22, 77, 27, 75, 25, 73, 23, 71, 28, 76, 26, 74, 24, 72)(29, 84, 34, 82, 32, 80, 30, 78, 35, 83, 33, 81, 31, 79)(36, 91, 
41, 89, 39, 87, 37, 85, 42, 90, 40, 88, 38, 86)(43, 98, 48, 96, 46, 94, 44, 92, 49, 97, 47, 95, 45, 93),  (1, 56)(2, 55)(3, 54)(4, 53)(5, 
52)(6, 51)(7, 50)(8, 97)(9, 96)(10, 95)(11, 94)(12, 93)(13, 92)(14, 98)(15, 90)(16, 89)(17, 88)(18, 87)(19, 86)(20, 85)(21, 91)(22, 83)(23, 
82)(24, 81)(25, 80)(26, 79)(27, 78)(28, 84)(29, 76)(30, 75)(31, 74)(32, 73)(33, 72)(34, 71)(35, 77)(36, 69)(37, 68)(38, 67)(39, 66)(40, 
65)(41, 64)(42, 70)(43, 62)(44, 61)(45, 60)(46, 59)(47, 58)(48, 57)(49, 63),  ], [  (1, 88, 22, 61, 43, 82, 16, 55, 37, 76, 10, 97, 31, 70, 4,
91, 25, 57, 46, 78, 19, 51, 40, 72, 13, 93, 34, 66, 7, 87, 28, 60, 49, 81, 15, 54, 36, 75, 9, 96, 30, 69, 3, 90, 24, 63, 45, 84, 18, 50, 39, 
71, 12, 92, 33, 65, 6, 86, 27, 59, 48, 80, 21, 53, 42, 74, 8, 95, 29, 68, 2, 89, 23, 62, 44, 83, 17, 56, 38, 77, 11, 98, 32, 64, 5, 85, 26, 
58, 47, 79, 20, 52, 41, 73, 14, 94, 35, 67),  (1, 88)(2, 87)(3, 86)(4, 85)(5, 91)(6, 90)(7, 89)(8, 81)(9, 80)(10, 79)(11, 78)(12, 84)(13, 
83)(14, 82)(15, 74)(16, 73)(17, 72)(18, 71)(19, 77)(20, 76)(21, 75)(22, 67)(23, 66)(24, 65)(25, 64)(26, 70)(27, 69)(28, 68)(29, 60)(30, 
59)(31, 58)(32, 57)(33, 63)(34, 62)(35, 61)(36, 53)(37, 52)(38, 51)(39, 50)(40, 56)(41, 55)(42, 54)(43, 94)(44, 93)(45, 92)(46, 98)(47, 
97)(48, 96)(49, 95),  ], [  (1, 72, 45, 68, 41, 57, 30, 53, 26, 97, 15, 86, 11, 82, 7, 71, 44, 67, 40, 63, 29, 52, 25, 96, 21, 85, 10, 81, 6, 
77, 43, 66, 39, 62, 35, 51, 24, 95, 20, 91, 9, 80, 5, 76, 49, 65, 38, 61, 34, 50, 23, 94, 19, 90, 8, 79, 4, 75, 48, 64, 37, 60, 33, 56, 22, 
93, 18, 89, 14, 78, 3, 74, 47, 70, 36, 59, 32, 55, 28, 92, 17, 88, 13, 84, 2, 73, 46, 69, 42, 58, 31, 54, 27, 98, 16, 87, 12, 83),  (1, 72)(2,
71)(3, 77)(4, 76)(5, 75)(6, 74)(7, 73)(8, 65)(9, 64)(10, 70)(11, 69)(12, 68)(13, 67)(14, 66)(15, 58)(16, 57)(17, 63)(18, 62)(19, 61)(20, 
60)(21, 59)(22, 51)(23, 50)(24, 56)(25, 55)(26, 54)(27, 53)(28, 52)(29, 92)(30, 98)(31, 97)(32, 96)(33, 95)(34, 94)(35, 93)(36, 85)(37, 
91)(38, 90)(39, 89)(40, 88)(41, 87)(42, 86)(43, 78)(44, 84)(45, 83)(46, 82)(47, 81)(48, 80)(49, 79),  ], [  (1, 63, 20, 75, 32, 87, 44, 51, 8,
70, 27, 82, 39, 94, 3, 58, 15, 77, 34, 89, 46, 53, 10, 65, 22, 84, 41, 96, 5, 60, 17, 72, 29, 91, 48, 55, 12, 67, 24, 79, 36, 98, 7, 62, 19, 
74, 31, 86, 43, 50, 14, 69, 26, 81, 38, 93, 2, 57, 21, 76, 33, 88, 45, 52, 9, 64, 28, 83, 40, 95, 4, 59, 16, 71, 35, 90, 47, 54, 11, 66, 23, 
78, 42, 97, 6, 61, 18, 73, 30, 85, 49, 56, 13, 68, 25, 80, 37, 92),  (1, 63)(2, 62)(3, 61)(4, 60)(5, 59)(6, 58)(7, 57)(8, 56)(9, 55)(10, 
54)(11, 53)(12, 52)(13, 51)(14, 50)(15, 97)(16, 96)(17, 95)(18, 94)(19, 93)(20, 92)(21, 98)(22, 90)(23, 89)(24, 88)(25, 87)(26, 86)(27, 
85)(28, 91)(29, 83)(30, 82)(31, 81)(32, 80)(33, 79)(34, 78)(35, 84)(36, 76)(37, 75)(38, 74)(39, 73)(40, 72)(41, 71)(42, 77)(43, 69)(44, 
68)(45, 67)(46, 66)(47, 65)(48, 64)(49, 70),  ], [  (1, 75, 44, 70, 39, 58, 34, 53, 22, 96, 17, 91, 12, 79, 7, 74, 43, 69, 38, 57, 33, 52, 28,
95, 16, 90, 11, 78, 6, 73, 49, 68, 37, 63, 32, 51, 27, 94, 15, 89, 10, 84, 5, 72, 48, 67, 36, 62, 31, 50, 26, 93, 21, 88, 9, 83, 4, 71, 47, 
66, 42, 61, 30, 56, 25, 92, 20, 87, 8, 82, 3, 77, 46, 65, 41, 60, 29, 55, 24, 98, 19, 86, 14, 81, 2, 76, 45, 64, 40, 59, 35, 54, 23, 97, 18, 
85, 13, 80),  (1, 75)(2, 74)(3, 73)(4, 72)(5, 71)(6, 77)(7, 76)(8, 68)(9, 67)(10, 66)(11, 65)(12, 64)(13, 70)(14, 69)(15, 61)(16, 60)(17, 
59)(18, 58)(19, 57)(20, 63)(21, 62)(22, 54)(23, 53)(24, 52)(25, 51)(26, 50)(27, 56)(28, 55)(29, 95)(30, 94)(31, 93)(32, 92)(33, 98)(34, 
97)(35, 96)(36, 88)(37, 87)(38, 86)(39, 85)(40, 91)(41, 90)(42, 89)(43, 81)(44, 80)(45, 79)(46, 78)(47, 84)(48, 83)(49, 82),  ], [  (1, 87, 
27, 58, 46, 84, 17, 55, 36, 74, 14, 93, 33, 64, 4, 90, 23, 61, 49, 80, 20, 51, 39, 77, 10, 96, 29, 67, 7, 86, 26, 57, 45, 83, 16, 54, 42, 73, 
13, 92, 32, 70, 3, 89, 22, 60, 48, 79, 19, 50, 38, 76, 9, 95, 35, 66, 6, 85, 25, 63, 44, 82, 15, 53, 41, 72, 12, 98, 31, 69, 2, 88, 28, 59, 
47, 78, 18, 56, 37, 75, 8, 94, 34, 65, 5, 91, 24, 62, 43, 81, 21, 52, 40, 71, 11, 97, 30, 68),  (1, 87)(2, 86)(3, 85)(4, 91)(5, 90)(6, 89)(7, 
88)(8, 80)(9, 79)(10, 78)(11, 84)(12, 83)(13, 82)(14, 81)(15, 73)(16, 72)(17, 71)(18, 77)(19, 76)(20, 75)(21, 74)(22, 66)(23, 65)(24, 64)(25, 
70)(26, 69)(27, 68)(28, 67)(29, 59)(30, 58)(31, 57)(32, 63)(33, 62)(34, 61)(35, 60)(36, 52)(37, 51)(38, 50)(39, 56)(40, 55)(41, 54)(42, 
53)(43, 93)(44, 92)(45, 98)(46, 97)(47, 96)(48, 95)(49, 94),  ], [  (1, 51, 3, 53, 5, 55, 7, 50, 2, 52, 4, 54, 6, 56)(8, 58, 10, 60, 12, 62, 
14, 57, 9, 59, 11, 61, 13, 63)(15, 65, 17, 67, 19, 69, 21, 64, 16, 66, 18, 68, 20, 70)(22, 72, 24, 74, 26, 76, 28, 71, 23, 73, 25, 75, 27, 
77)(29, 79, 31, 81, 33, 83, 35, 78, 30, 80, 32, 82, 34, 84)(36, 86, 38, 88, 40, 90, 42, 85, 37, 87, 39, 89, 41, 91)(43, 93, 45, 95, 47, 97, 
49, 92, 44, 94, 46, 96, 48, 98),  (1, 51)(2, 50)(3, 56)(4, 55)(5, 54)(6, 53)(7, 52)(8, 92)(9, 98)(10, 97)(11, 96)(12, 95)(13, 94)(14, 93)(15, 
85)(16, 91)(17, 90)(18, 89)(19, 88)(20, 87)(21, 86)(22, 78)(23, 84)(24, 83)(25, 82)(26, 81)(27, 80)(28, 79)(29, 71)(30, 77)(31, 76)(32, 
75)(33, 74)(34, 73)(35, 72)(36, 64)(37, 70)(38, 69)(39, 68)(40, 67)(41, 66)(42, 65)(43, 57)(44, 63)(45, 62)(46, 61)(47, 60)(48, 59)(49, 58),  
], [  (1, 48, 40, 32, 24, 16, 8, 7, 47, 39, 31, 23, 15, 14, 6, 46, 38, 30, 22, 21, 13, 5, 45, 37, 29, 28, 20, 12, 4, 44, 36, 35, 27, 19, 11, 
3, 43, 42, 34, 26, 18, 10, 2, 49, 41, 33, 25, 17, 9)(50, 97, 89, 81, 73, 65, 57, 56, 96, 88, 80, 72, 64, 63, 55, 95, 87, 79, 71, 70, 62, 54, 
94, 86, 78, 77, 69, 61, 53, 93, 85, 84, 76, 68, 60, 52, 92, 91, 83, 75, 67, 59, 51, 98, 90, 82, 74, 66, 58),  (1, 9, 17, 25, 33, 41, 49, 2, 
10, 18, 26, 34, 42, 43, 3, 11, 19, 27, 35, 36, 44, 4, 12, 20, 28, 29, 37, 45, 5, 13, 21, 22, 30, 38, 46, 6, 14, 15, 23, 31, 39, 47, 7, 8, 16, 
24, 32, 40, 48)(50, 58, 66, 74, 82, 90, 98, 51, 59, 67, 75, 83, 91, 92, 52, 60, 68, 76, 84, 85, 93, 53, 61, 69, 77, 78, 86, 94, 54, 62, 70, 
71, 79, 87, 95, 55, 63, 64, 72, 80, 88, 96, 56, 57, 65, 73, 81, 89, 97),  ], [  (1, 12, 16, 27, 31, 42, 46, 2, 13, 17, 28, 32, 36, 47, 3, 14, 
18, 22, 33, 37, 48, 4, 8, 19, 23, 34, 38, 49, 5, 9, 20, 24, 35, 39, 43, 6, 10, 21, 25, 29, 40, 44, 7, 11, 15, 26, 30, 41, 45)(50, 61, 65, 76, 
80, 91, 95, 51, 62, 66, 77, 81, 85, 96, 52, 63, 67, 71, 82, 86, 97, 53, 57, 68, 72, 83, 87, 98, 54, 58, 69, 73, 84, 88, 92, 55, 59, 70, 74, 
78, 89, 93, 56, 60, 64, 75, 79, 90, 94),  (1, 45, 41, 30, 26, 15, 11, 7, 44, 40, 29, 25, 21, 10, 6, 43, 39, 35, 24, 20, 9, 5, 49, 38, 34, 23, 
19, 8, 4, 48, 37, 33, 22, 18, 14, 3, 47, 36, 32, 28, 17, 13, 2, 46, 42, 31, 27, 16, 12)(50, 94, 90, 79, 75, 64, 60, 56, 93, 89, 78, 74, 70, 
