## size 30
BRACES[30] := rec( total := -1, implemented := 4, size := 30, brace := [] );
BRACES[30].brace[1] := rec ( size := 30, perms :=
[ [ (), () ], 
  [ ( 6, 7, 8, 9,10), ( 1,18,12, 7, 3)( 2,23,17,11, 6)( 4,26,21,15, 9)
        ( 5,27,22,16,10)( 8,29,25,20,14)(13,30,28,24,19) ], 
  [ ( 6, 8,10, 7, 9), ( 1,12, 3,18, 7)( 2,17, 6,23,11)( 4,21, 9,26,15)
        ( 5,22,10,27,16)( 8,25,14,29,20)(13,28,19,30,24) ], 
  [ ( 6, 9, 7,10, 8), ( 1, 7,18, 3,12)( 2,11,23, 6,17)( 4,15,26, 9,21)
        ( 5,16,27,10,22)( 8,20,29,14,25)(13,24,30,19,28) ], 
  [ ( 6,10, 9, 8, 7), ( 1, 3, 7,12,18)( 2, 6,11,17,23)( 4, 9,15,21,26)
        ( 5,10,16,22,27)( 8,14,20,25,29)(13,19,24,28,30) ], 
  [ (3,5,4), ( 1, 5, 2)( 3,10, 6)( 4,13, 8)( 7,16,11)( 9,19,14)(12,22,17)
        (15,24,20)(18,27,23)(21,28,25)(26,30,29) ], 
  [ ( 3, 5, 4)( 6, 7, 8, 9,10), ( 1,27,17, 7,10, 2,18,22,11, 3, 5,23,12,16, 6)
        ( 4,30,25,15,19, 8,26,28,20, 9,13,29,21,24,14) ], 
  [ ( 3, 5, 4)( 6, 8,10, 7, 9), ( 1,22, 6,18,16, 2,12,10,23, 7, 5,17, 3,27,11)
        ( 4,28,14,26,24, 8,21,19,29,15,13,25, 9,30,20) ], 
  [ ( 3, 5, 4)( 6, 9, 7,10, 8), ( 1,16,23, 3,22, 2, 7,27, 6,12, 5,11,18,10,17)
        ( 4,24,29, 9,28, 8,15,30,14,21,13,20,26,19,25) ], 
  [ ( 3, 5, 4)( 6,10, 9, 8, 7), ( 1,10,11,12,27, 2, 3,16,17,18, 5, 6, 7,22,23)
        ( 4,19,20,21,30, 8, 9,24,25,26,13,14,15,28,29) ], 
  [ (3,4,5), ( 1, 2, 5)( 3, 6,10)( 4, 8,13)( 7,11,16)( 9,14,19)(12,17,22)
        (15,20,24)(18,23,27)(21,25,28)(26,29,30) ], 
  [ ( 3, 4, 5)( 6, 7, 8, 9,10), ( 1,23,22, 7, 6, 5,18,17,16, 3, 2,27,12,11,10)
        ( 4,29,28,15,14,13,26,25,24, 9, 8,30,21,20,19) ], 
  [ ( 3, 4, 5)( 6, 8,10, 7, 9), ( 1,17,10,18,11, 5,12, 6,27, 7, 2,22, 3,23,16)
        ( 4,25,19,26,20,13,21,14,30,15, 8,28, 9,29,24) ], 
  [ ( 3, 4, 5)( 6, 9, 7,10, 8), ( 1,11,27, 3,17, 5, 7,23,10,12, 2,16,18, 6,22)
        ( 4,20,30, 9,25,13,15,29,19,21, 8,24,26,14,28) ], 
  [ ( 3, 4, 5)( 6,10, 9, 8, 7), ( 1, 6,16,12,23, 5, 3,11,22,18, 2,10, 7,17,27)
        ( 4,14,24,21,29,13, 9,20,28,26, 8,19,15,25,30) ], 
  [ (1,2), ( 1, 4)( 2, 8)( 3,26)( 5,13)( 6,29)( 7,21)( 9,18)(10,30)(11,25)
        (12,15)(14,23)(16,28)(17,20)(19,27)(22,24) ], 
  [ ( 1, 2)( 6, 7, 8, 9,10), ( 1,26)( 2,29)( 3,21)( 4,18)( 5,30)( 6,25)( 7,15)
        ( 8,23)( 9,12)(10,28)(11,20)(13,27)(14,17)(16,24)(19,22) ], 
  [ ( 1, 2)( 6, 8,10, 7, 9), ( 1,21)( 2,25)( 3,15)( 4,12)( 5,28)( 6,20)( 7, 9)
        ( 8,17)(10,24)(11,14)(13,22)(16,19)(18,26)(23,29)(27,30) ], 
  [ ( 1, 2)( 6, 9, 7,10, 8), ( 1,15)( 2,20)( 3, 9)( 4, 7)( 5,24)( 6,14)( 8,11)
        (10,19)(12,26)(13,16)(17,29)(18,21)(22,30)(23,25)(27,28) ], 
  [ ( 1, 2)( 6,10, 9, 8, 7), ( 1, 9)( 2,14)( 3, 4)( 5,19)( 6, 8)( 7,26)(10,13)
        (11,29)(12,21)(15,18)(16,30)(17,25)(20,23)(22,28)(24,27) ], 
  [ (1,2)(3,5,4), ( 1,13, 2, 4, 5, 8)( 3,30, 6,26,10,29)( 7,28,11,21,16,25)
        ( 9,27,14,18,19,23)(12,24,17,15,22,20) ], 
  [ ( 1, 2)( 3, 5, 4)( 6, 7, 8, 9,10), ( 1,30, 2,26, 5,29)( 3,28, 6,21,10,25)
        ( 4,27, 8,18,13,23)( 7,24,11,15,16,20)( 9,22,14,12,19,17) ], 
  [ ( 1, 2)( 3, 5, 4)( 6, 8,10, 7, 9), ( 1,28, 2,21, 5,25)( 3,24, 6,15,10,20)
        ( 4,22, 8,12,13,17)( 7,19,11, 9,16,14)(18,30,23,26,27,29) ], 
  [ ( 1, 2)( 3, 5, 4)( 6, 9, 7,10, 8), ( 1,24, 2,15, 5,20)( 3,19, 6, 9,10,14)
        ( 4,16, 8, 7,13,11)(12,30,17,26,22,29)(18,28,23,21,27,25) ], 
  [ ( 1, 2)( 3, 5, 4)( 6,10, 9, 8, 7), ( 1,19, 2, 9, 5,14)( 3,13, 6, 4,10, 8)
        ( 7,30,11,26,16,29)(12,28,17,21,22,25)(15,27,20,18,24,23) ], 
  [ (1,2)(3,4,5), ( 1, 8, 5, 4, 2,13)( 3,29,10,26, 6,30)( 7,25,16,21,11,28)
        ( 9,23,19,18,14,27)(12,20,22,15,17,24) ], 
  [ ( 1, 2)( 3, 4, 5)( 6, 7, 8, 9,10), ( 1,29, 5,26, 2,30)( 3,25,10,21, 6,28)
        ( 4,23,13,18, 8,27)( 7,20,16,15,11,24)( 9,17,19,12,14,22) ], 
  [ ( 1, 2)( 3, 4, 5)( 6, 8,10, 7, 9), ( 1,25, 5,21, 2,28)( 3,20,10,15, 6,24)
        ( 4,17,13,12, 8,22)( 7,14,16, 9,11,19)(18,29,27,26,23,30) ], 
  [ ( 1, 2)( 3, 4, 5)( 6, 9, 7,10, 8), ( 1,20, 5,15, 2,24)( 3,14,10, 9, 6,19)
        ( 4,11,13, 7, 8,16)(12,29,22,26,17,30)(18,25,27,21,23,28) ], 
  [ ( 1, 2)( 3, 4, 5)( 6,10, 9, 8, 7), ( 1,14, 5, 9, 2,19)( 3, 8,10, 4, 6,13)
        ( 7,29,16,26,11,30)(12,25,22,21,17,28)(15,23,24,18,20,27) ] ]
);

BRACES[30].brace[2] := rec ( size := 30, perms :=
[ [ (), () ], 
  [ ( 6, 7, 8, 9,10), ( 1,18,12, 7, 3)( 2,23,17,11, 6)( 4,26,21,15, 9)
        ( 5,27,22,16,10)( 8,29,25,20,14)(13,30,28,24,19) ], 
  [ ( 6, 8,10, 7, 9), ( 1,12, 3,18, 7)( 2,17, 6,23,11)( 4,21, 9,26,15)
        ( 5,22,10,27,16)( 8,25,14,29,20)(13,28,19,30,24) ], 
  [ ( 6, 9, 7,10, 8), ( 1, 7,18, 3,12)( 2,11,23, 6,17)( 4,15,26, 9,21)
        ( 5,16,27,10,22)( 8,20,29,14,25)(13,24,30,19,28) ], 
  [ ( 6,10, 9, 8, 7), ( 1, 3, 7,12,18)( 2, 6,11,17,23)( 4, 9,15,21,26)
        ( 5,10,16,22,27)( 8,14,20,25,29)(13,19,24,28,30) ], 
  [ (3,5,4), ( 1, 5, 2)( 3,10, 6)( 4,13, 8)( 7,16,11)( 9,19,14)(12,22,17)
        (15,24,20)(18,27,23)(21,28,25)(26,30,29) ], 
  [ ( 3, 5, 4)( 6, 7, 8, 9,10), ( 1,27,17, 7,10, 2,18,22,11, 3, 5,23,12,16, 6)
        ( 4,30,25,15,19, 8,26,28,20, 9,13,29,21,24,14) ], 
  [ ( 3, 5, 4)( 6, 8,10, 7, 9), ( 1,22, 6,18,16, 2,12,10,23, 7, 5,17, 3,27,11)
        ( 4,28,14,26,24, 8,21,19,29,15,13,25, 9,30,20) ], 
  [ ( 3, 5, 4)( 6, 9, 7,10, 8), ( 1,16,23, 3,22, 2, 7,27, 6,12, 5,11,18,10,17)
        ( 4,24,29, 9,28, 8,15,30,14,21,13,20,26,19,25) ], 
  [ ( 3, 5, 4)( 6,10, 9, 8, 7), ( 1,10,11,12,27, 2, 3,16,17,18, 5, 6, 7,22,23)
        ( 4,19,20,21,30, 8, 9,24,25,26,13,14,15,28,29) ], 
  [ (3,4,5), ( 1, 2, 5)( 3, 6,10)( 4, 8,13)( 7,11,16)( 9,14,19)(12,17,22)
        (15,20,24)(18,23,27)(21,25,28)(26,29,30) ], 
  [ ( 3, 4, 5)( 6, 7, 8, 9,10), ( 1,23,22, 7, 6, 5,18,17,16, 3, 2,27,12,11,10)
        ( 4,29,28,15,14,13,26,25,24, 9, 8,30,21,20,19) ], 
  [ ( 3, 4, 5)( 6, 8,10, 7, 9), ( 1,17,10,18,11, 5,12, 6,27, 7, 2,22, 3,23,16)
        ( 4,25,19,26,20,13,21,14,30,15, 8,28, 9,29,24) ], 
  [ ( 3, 4, 5)( 6, 9, 7,10, 8), ( 1,11,27, 3,17, 5, 7,23,10,12, 2,16,18, 6,22)
        ( 4,20,30, 9,25,13,15,29,19,21, 8,24,26,14,28) ], 
  [ ( 3, 4, 5)( 6,10, 9, 8, 7), ( 1, 6,16,12,23, 5, 3,11,22,18, 2,10, 7,17,27)
        ( 4,14,24,21,29,13, 9,20,28,26, 8,19,15,25,30) ], 
  [ (1,2), ( 1, 4)( 2,13)( 3, 9)( 5, 8)( 6,19)( 7,15)(10,14)(11,24)(12,21)
        (16,20)(17,28)(18,26)(22,25)(23,30)(27,29) ], 
  [ ( 1, 2)( 6, 7, 8, 9,10), 
      ( 1,26,12,15, 3, 4,18,21, 7, 9)( 2,30,17,24, 6,13,23,28,11,19)
        ( 5,29,22,20,10, 8,27,25,16,14) ], 
  [ ( 1, 2)( 6, 8,10, 7, 9), 
      ( 1,21, 3,26, 7, 4,12, 9,18,15)( 2,28, 6,30,11,13,17,19,23,24)
        ( 5,25,10,29,16, 8,22,14,27,20) ], 
  [ ( 1, 2)( 6, 9, 7,10, 8), 
      ( 1,15,18, 9,12, 4, 7,26, 3,21)( 2,24,23,19,17,13,11,30, 6,28)
        ( 5,20,27,14,22, 8,16,29,10,25) ], 
  [ ( 1, 2)( 6,10, 9, 8, 7), 
      ( 1, 9, 7,21,18, 4, 3,15,12,26)( 2,19,11,28,23,13, 6,24,17,30)
        ( 5,14,16,25,27, 8,10,20,22,29) ], 
  [ (1,2)(3,5,4), ( 1,13)( 2, 8)( 3,19)( 4, 5)( 6,14)( 7,24)( 9,10)(11,20)
        (12,28)(15,16)(17,25)(18,30)(21,22)(23,29)(26,27) ], 
  [ ( 1, 2)( 3, 5, 4)( 6, 7, 8, 9,10), 
      ( 1,30,12,24, 3,13,18,28, 7,19)( 2,29,17,20, 6, 8,23,25,11,14)
        ( 4,27,21,16, 9, 5,26,22,15,10) ], 
  [ ( 1, 2)( 3, 5, 4)( 6, 8,10, 7, 9), 
      ( 1,28, 3,30, 7,13,12,19,18,24)( 2,25, 6,29,11, 8,17,14,23,20)
        ( 4,22, 9,27,15, 5,21,10,26,16) ], 
  [ ( 1, 2)( 3, 5, 4)( 6, 9, 7,10, 8), 
      ( 1,24,18,19,12,13, 7,30, 3,28)( 2,20,23,14,17, 8,11,29, 6,25)
        ( 4,16,26,10,21, 5,15,27, 9,22) ], 
  [ ( 1, 2)( 3, 5, 4)( 6,10, 9, 8, 7), 
      ( 1,19, 7,28,18,13, 3,24,12,30)( 2,14,11,25,23, 8, 6,20,17,29)
        ( 4,10,15,22,26, 5, 9,16,21,27) ], 
  [ (1,2)(3,4,5), ( 1, 8)( 2, 4)( 3,14)( 5,13)( 6, 9)( 7,20)(10,19)(11,15)
        (12,25)(16,24)(17,21)(18,29)(22,28)(23,26)(27,30) ], 
  [ ( 1, 2)( 3, 4, 5)( 6, 7, 8, 9,10), 
      ( 1,29,12,20, 3, 8,18,25, 7,14)( 2,26,17,15, 6, 4,23,21,11, 9)
        ( 5,30,22,24,10,13,27,28,16,19) ], 
  [ ( 1, 2)( 3, 4, 5)( 6, 8,10, 7, 9), 
      ( 1,25, 3,29, 7, 8,12,14,18,20)( 2,21, 6,26,11, 4,17, 9,23,15)
        ( 5,28,10,30,16,13,22,19,27,24) ], 
  [ ( 1, 2)( 3, 4, 5)( 6, 9, 7,10, 8), 
      ( 1,20,18,14,12, 8, 7,29, 3,25)( 2,15,23, 9,17, 4,11,26, 6,21)
        ( 5,24,27,19,22,13,16,30,10,28) ], 
  [ ( 1, 2)( 3, 4, 5)( 6,10, 9, 8, 7), 
      ( 1,14, 7,25,18, 8, 3,20,12,29)( 2, 9,11,21,23, 4, 6,15,17,26)
        ( 5,19,16,28,27,13,10,24,22,30) ] ]
);

BRACES[30].brace[3] := rec ( size := 30, perms :=
[ [ (), () ], [ ( 6, 7, 8, 9,10), ( 6,10, 9, 8, 7) ], 
  [ ( 6, 8,10, 7, 9), ( 6, 9, 7,10, 8) ], 
  [ ( 6, 9, 7,10, 8), ( 6, 8,10, 7, 9) ], 
  [ ( 6,10, 9, 8, 7), ( 6, 7, 8, 9,10) ], [ (3,5,4), (3,4,5) ], 
  [ ( 3, 5, 4)( 6, 7, 8, 9,10), ( 3, 4, 5)( 6,10, 9, 8, 7) ], 
  [ ( 3, 5, 4)( 6, 8,10, 7, 9), ( 3, 4, 5)( 6, 9, 7,10, 8) ], 
  [ ( 3, 5, 4)( 6, 9, 7,10, 8), ( 3, 4, 5)( 6, 8,10, 7, 9) ], 
  [ ( 3, 5, 4)( 6,10, 9, 8, 7), ( 3, 4, 5)( 6, 7, 8, 9,10) ], 
  [ (3,4,5), (3,5,4) ], 
  [ ( 3, 4, 5)( 6, 7, 8, 9,10), ( 3, 5, 4)( 6,10, 9, 8, 7) ], 
  [ ( 3, 4, 5)( 6, 8,10, 7, 9), ( 3, 5, 4)( 6, 9, 7,10, 8) ], 
  [ ( 3, 4, 5)( 6, 9, 7,10, 8), ( 3, 5, 4)( 6, 8,10, 7, 9) ], 
  [ ( 3, 4, 5)( 6,10, 9, 8, 7), ( 3, 5, 4)( 6, 7, 8, 9,10) ], 
  [ (1,2), (1,2) ], [ ( 1, 2)( 6, 7, 8, 9,10), ( 1, 2)( 6,10, 9, 8, 7) ], 
  [ ( 1, 2)( 6, 8,10, 7, 9), ( 1, 2)( 6, 9, 7,10, 8) ], 
  [ ( 1, 2)( 6, 9, 7,10, 8), ( 1, 2)( 6, 8,10, 7, 9) ], 
  [ ( 1, 2)( 6,10, 9, 8, 7), ( 1, 2)( 6, 7, 8, 9,10) ], 
  [ (1,2)(3,5,4), (1,2)(3,4,5) ], 
  [ ( 1, 2)( 3, 5, 4)( 6, 7, 8, 9,10), ( 1, 2)( 3, 4, 5)( 6,10, 9, 8, 7) ], 
  [ ( 1, 2)( 3, 5, 4)( 6, 8,10, 7, 9), ( 1, 2)( 3, 4, 5)( 6, 9, 7,10, 8) ], 
  [ ( 1, 2)( 3, 5, 4)( 6, 9, 7,10, 8), ( 1, 2)( 3, 4, 5)( 6, 8,10, 7, 9) ], 
  [ ( 1, 2)( 3, 5, 4)( 6,10, 9, 8, 7), ( 1, 2)( 3, 4, 5)( 6, 7, 8, 9,10) ], 
  [ (1,2)(3,4,5), (1,2)(3,5,4) ], 
  [ ( 1, 2)( 3, 4, 5)( 6, 7, 8, 9,10), ( 1, 2)( 3, 5, 4)( 6,10, 9, 8, 7) ], 
  [ ( 1, 2)( 3, 4, 5)( 6, 8,10, 7, 9), ( 1, 2)( 3, 5, 4)( 6, 9, 7,10, 8) ], 
  [ ( 1, 2)( 3, 4, 5)( 6, 9, 7,10, 8), ( 1, 2)( 3, 5, 4)( 6, 8,10, 7, 9) ], 
  [ ( 1, 2)( 3, 4, 5)( 6,10, 9, 8, 7), ( 1, 2)( 3, 5, 4)( 6, 7, 8, 9,10) ] ]
);

BRACES[30].brace[4] := rec ( size := 30, perms :=
[ [ (), () ], 
  [ ( 6, 7, 8, 9,10), ( 1,15,10, 6, 3)( 2,20,14, 9, 5)( 4,24,19,13, 8)
        ( 7,27,23,18,12)(11,29,26,22,17)(16,30,28,25,21) ], 
  [ ( 6, 8,10, 7, 9), ( 1,10, 3,15, 6)( 2,14, 5,20, 9)( 4,19, 8,24,13)
        ( 7,23,12,27,18)(11,26,17,29,22)(16,28,21,30,25) ], 
  [ ( 6, 9, 7,10, 8), ( 1, 6,15, 3,10)( 2, 9,20, 5,14)( 4,13,24, 8,19)
        ( 7,18,27,12,23)(11,22,29,17,26)(16,25,30,21,28) ], 
  [ ( 6,10, 9, 8, 7), ( 1, 3, 6,10,15)( 2, 5, 9,14,20)( 4, 8,13,19,24)
        ( 7,12,18,23,27)(11,17,22,26,29)(16,21,25,28,30) ], 
  [ (3,5,4), ( 1, 4, 2)( 3, 8, 5)( 6,13, 9)( 7,16,11)(10,19,14)(12,21,17)
        (15,24,20)(18,25,22)(23,28,26)(27,30,29) ], 
  [ ( 3, 5, 4)( 6, 7, 8, 9,10), ( 1,24,14, 6, 8, 2,15,19, 9, 3, 4,20,10,13, 5)
        ( 7,30,26,18,21,11,27,28,22,12,16,29,23,25,17) ], 
  [ ( 3, 5, 4)( 6, 8,10, 7, 9), ( 1,19, 5,15,13, 2,10, 8,20, 6, 4,14, 3,24, 9)
        ( 7,28,17,27,25,11,23,21,29,18,16,26,12,30,22) ], 
  [ ( 3, 5, 4)( 6, 9, 7,10, 8), ( 1,13,20, 3,19, 2, 6,24, 5,10, 4, 9,15, 8,14)
        ( 7,25,29,12,28,11,18,30,17,23,16,22,27,21,26) ], 
  [ ( 3, 5, 4)( 6,10, 9, 8, 7), ( 1, 8, 9,10,24, 2, 3,13,14,15, 4, 5, 6,19,20)
        ( 7,21,22,23,30,11,12,25,26,27,16,17,18,28,29) ], 
  [ (3,4,5), ( 1, 2, 4)( 3, 5, 8)( 6, 9,13)( 7,11,16)(10,14,19)(12,17,21)
        (15,20,24)(18,22,25)(23,26,28)(27,29,30) ], 
  [ ( 3, 4, 5)( 6, 7, 8, 9,10), ( 1,20,19, 6, 5, 4,15,14,13, 3, 2,24,10, 9, 8)
        ( 7,29,28,18,17,16,27,26,25,12,11,30,23,22,21) ], 
  [ ( 3, 4, 5)( 6, 8,10, 7, 9), ( 1,14, 8,15, 9, 4,10, 5,24, 6, 2,19, 3,20,13)
        ( 7,26,21,27,22,16,23,17,30,18,11,28,12,29,25) ], 
  [ ( 3, 4, 5)( 6, 9, 7,10, 8), ( 1, 9,24, 3,14, 4, 6,20, 8,10, 2,13,15, 5,19)
        ( 7,22,30,12,26,16,18,29,21,23,11,25,27,17,28) ], 
  [ ( 3, 4, 5)( 6,10, 9, 8, 7), ( 1, 5,13,10,20, 4, 3, 9,19,15, 2, 8, 6,14,24)
        ( 7,17,25,23,29,16,12,22,28,27,11,21,18,26,30) ], 
  [ (1,2), ( 1, 7)( 2,16)( 3,27)( 4,11)( 5,30)( 6,23)( 8,29)( 9,28)(10,18)
        (12,15)(13,26)(14,25)(17,24)(19,22)(20,21) ], 
  [ ( 1, 2)( 6, 7, 8, 9,10), ( 1,27)( 2,30)( 3,23)( 4,29)( 5,28)( 6,18)( 7,15)
        ( 8,26)( 9,25)(10,12)(11,24)(13,22)(14,21)(16,20)(17,19) ], 
  [ ( 1, 2)( 6, 8,10, 7, 9), ( 1,23)( 2,28)( 3,18)( 4,26)( 5,25)( 6,12)( 7,10)
        ( 8,22)( 9,21)(11,19)(13,17)(14,16)(15,27)(20,30)(24,29) ], 
  [ ( 1, 2)( 6, 9, 7,10, 8), ( 1,18)( 2,25)( 3,12)( 4,22)( 5,21)( 6, 7)( 8,17)
        ( 9,16)(10,27)(11,13)(14,30)(15,23)(19,29)(20,28)(24,26) ], 
  [ ( 1, 2)( 6,10, 9, 8, 7), ( 1,12)( 2,21)( 3, 7)( 4,17)( 5,16)( 6,27)( 8,11)
        ( 9,30)(10,23)(13,29)(14,28)(15,18)(19,26)(20,25)(22,24) ], 
  [ (1,2)(3,5,4), ( 1,16)( 2,11)( 3,30)( 4, 7)( 5,29)( 6,28)( 8,27)( 9,26)
        (10,25)(12,24)(13,23)(14,22)(15,21)(17,20)(18,19) ], 
  [ ( 1, 2)( 3, 5, 4)( 6, 7, 8, 9,10), ( 1,30)( 2,29)( 3,28)( 4,27)( 5,26)
        ( 6,25)( 7,24)( 8,23)( 9,22)(10,21)(11,20)(12,19)(13,18)(14,17)
        (15,16) ], 
  [ ( 1, 2)( 3, 5, 4)( 6, 8,10, 7, 9), ( 1,28)( 2,26)( 3,25)( 4,23)( 5,22)
        ( 6,21)( 7,19)( 8,18)( 9,17)(10,16)(11,14)(12,13)(15,30)(20,29)
        (24,27) ], 
  [ ( 1, 2)( 3, 5, 4)( 6, 9, 7,10, 8), ( 1,25)( 2,22)( 3,21)( 4,18)( 5,17)
        ( 6,16)( 7,13)( 8,12)( 9,11)(10,30)(14,29)(15,28)(19,27)(20,26)
        (23,24) ], 
  [ ( 1, 2)( 3, 5, 4)( 6,10, 9, 8, 7), ( 1,21)( 2,17)( 3,16)( 4,12)( 5,11)
        ( 6,30)( 7, 8)( 9,29)(10,28)(13,27)(14,26)(15,25)(18,24)(19,23)
        (20,22) ], 
  [ (1,2)(3,4,5), ( 1,11)( 2, 7)( 3,29)( 4,16)( 5,27)( 6,26)( 8,30)( 9,23)
        (10,22)(12,20)(13,28)(14,18)(15,17)(19,25)(21,24) ], 
  [ ( 1, 2)( 3, 4, 5)( 6, 7, 8, 9,10), ( 1,29)( 2,27)( 3,26)( 4,30)( 5,23)
        ( 6,22)( 7,20)( 8,28)( 9,18)(10,17)(11,15)(12,14)(13,25)(16,24)
        (19,21) ], 
  [ ( 1, 2)( 3, 4, 5)( 6, 8,10, 7, 9), ( 1,26)( 2,23)( 3,22)( 4,28)( 5,18)
        ( 6,17)( 7,14)( 8,25)( 9,12)(10,11)(13,21)(15,29)(16,19)(20,27)
        (24,30) ], 
  [ ( 1, 2)( 3, 4, 5)( 6, 9, 7,10, 8), ( 1,22)( 2,18)( 3,17)( 4,25)( 5,12)
        ( 6,11)( 7, 9)( 8,21)(10,29)(13,16)(14,27)(15,26)(19,30)(20,23)
        (24,28) ], 
  [ ( 1, 2)( 3, 4, 5)( 6,10, 9, 8, 7), ( 1,17)( 2,12)( 3,11)( 4,21)( 5, 7)
        ( 6,29)( 8,16)( 9,27)(10,26)(13,30)(14,23)(15,22)(18,20)(19,28)
        (24,25) ] ]
);

