BRACES[90] := rec( total := -1, implemented := 16, size := 90, brace := [] 
);BRACES[90].brace[1] := rec ( size := 90, perms := [ [  (),  (),  ], [  (1, 
46)(2, 47)(3, 48)(4, 49)(5, 50)(6, 51)(7, 52)(8, 53)(9, 54)(10, 55)(11, 56)(12, 
57)(13, 58)(14, 59)(15, 60)(16, 61)(17, 62)(18, 63)(19, 64)(20, 65)(21, 66)(22, 
67)(23, 68)(24, 69)(25, 70)(26, 71)(27, 72)(28, 73)(29, 74)(30, 75)(31, 76)(32, 
77)(33, 78)(34, 79)(35, 80)(36, 81)(37, 82)(38, 83)(39, 84)(40, 85)(41, 86)(42, 
87)(43, 88)(44, 89)(45, 90),  (1, 46)(2, 48)(3, 47)(4, 49)(5, 51)(6, 50)(7, 
52)(8, 54)(9, 53)(10, 55)(11, 57)(12, 56)(13, 58)(14, 60)(15, 59)(16, 78)(17, 
77)(18, 76)(19, 81)(20, 80)(21, 79)(22, 84)(23, 83)(24, 82)(25, 87)(26, 86)(27, 
85)(28, 90)(29, 89)(30, 88)(31, 63)(32, 62)(33, 61)(34, 66)(35, 65)(36, 64)(37, 
69)(38, 68)(39, 67)(40, 72)(41, 71)(42, 70)(43, 75)(44, 74)(45, 73),  ], [  (1, 
16, 31, 2, 17, 32, 3, 18, 33)(4, 19, 34, 5, 20, 35, 6, 21, 36)(7, 22, 37, 8, 23,
38, 9, 24, 39)(10, 25, 40, 11, 26, 41, 12, 27, 42)(13, 28, 43, 14, 29, 44, 15, 
30, 45)(46, 61, 76, 47, 62, 77, 48, 63, 78)(49, 64, 79, 50, 65, 80, 51, 66, 
81)(52, 67, 82, 53, 68, 83, 54, 69, 84)(55, 70, 85, 56, 71, 86, 57, 72, 87)(58, 
73, 88, 59, 74, 89, 60, 75, 90),  (1, 33, 18, 3, 32, 17, 2, 31, 16)(4, 36, 21, 
6, 35, 20, 5, 34, 19)(7, 39, 24, 9, 38, 23, 8, 37, 22)(10, 42, 27, 12, 41, 26, 
11, 40, 25)(13, 45, 30, 15, 44, 29, 14, 43, 28)(46, 78, 63, 48, 77, 62, 47, 76, 
61)(49, 81, 66, 51, 80, 65, 50, 79, 64)(52, 84, 69, 54, 83, 68, 53, 82, 67)(55, 
87, 72, 57, 86, 71, 56, 85, 70)(58, 90, 75, 60, 89, 74, 59, 88, 73),  ], [  (1, 
2, 3)(4, 5, 6)(7, 8, 9)(10, 11, 12)(13, 14, 15)(16, 17, 18)(19, 20, 21)(22, 23, 
24)(25, 26, 27)(28, 29, 30)(31, 32, 33)(34, 35, 36)(37, 38, 39)(40, 41, 42)(43, 
44, 45)(46, 47, 48)(49, 50, 51)(52, 53, 54)(55, 56, 57)(58, 59, 60)(61, 62, 
63)(64, 65, 66)(67, 68, 69)(70, 71, 72)(73, 74, 75)(76, 77, 78)(79, 80, 81)(82, 
83, 84)(85, 86, 87)(88, 89, 90),  (1, 3, 2)(4, 6, 5)(7, 9, 8)(10, 12, 11)(13, 
15, 14)(16, 18, 17)(19, 21, 20)(22, 24, 23)(25, 27, 26)(28, 30, 29)(31, 33, 
32)(34, 36, 35)(37, 39, 38)(40, 42, 41)(43, 45, 44)(46, 48, 47)(49, 51, 50)(52, 
54, 53)(55, 57, 56)(58, 60, 59)(61, 63, 62)(64, 66, 65)(67, 69, 68)(70, 72, 
71)(73, 75, 74)(76, 78, 77)(79, 81, 80)(82, 84, 83)(85, 87, 86)(88, 90, 89),  ],
[  (1, 4, 7, 10, 13)(2, 5, 8, 11, 14)(3, 6, 9, 12, 15)(16, 19, 22, 25, 28)(17, 
20, 23, 26, 29)(18, 21, 24, 27, 30)(31, 34, 37, 40, 43)(32, 35, 38, 41, 44)(33, 
36, 39, 42, 45)(46, 49, 52, 55, 58)(47, 50, 53, 56, 59)(48, 51, 54, 57, 60)(61, 
64, 67, 70, 73)(62, 65, 68, 71, 74)(63, 66, 69, 72, 75)(76, 79, 82, 85, 88)(77, 
80, 83, 86, 89)(78, 81, 84, 87, 90),  (1, 13, 10, 7, 4)(2, 14, 11, 8, 5)(3, 15, 
12, 9, 6)(16, 28, 25, 22, 19)(17, 29, 26, 23, 20)(18, 30, 27, 24, 21)(31, 43, 
40, 37, 34)(32, 44, 41, 38, 35)(33, 45, 42, 39, 36)(46, 58, 55, 52, 49)(47, 59, 
56, 53, 50)(48, 60, 57, 54, 51)(61, 73, 70, 67, 64)(62, 74, 71, 68, 65)(63, 75, 
72, 69, 66)(76, 88, 85, 82, 79)(77, 89, 86, 83, 80)(78, 90, 87, 84, 81),  ], [  
(1, 33, 18, 3, 32, 17, 2, 31, 16)(4, 36, 21, 6, 35, 20, 5, 34, 19)(7, 39, 24, 9,
38, 23, 8, 37, 22)(10, 42, 27, 12, 41, 26, 11, 40, 25)(13, 45, 30, 15, 44, 29, 
14, 43, 28)(46, 78, 63, 48, 77, 62, 47, 76, 61)(49, 81, 66, 51, 80, 65, 50, 79, 
64)(52, 84, 69, 54, 83, 68, 53, 82, 67)(55, 87, 72, 57, 86, 71, 56, 85, 70)(58, 
90, 75, 60, 89, 74, 59, 88, 73),  (1, 16, 31, 2, 17, 32, 3, 18, 33)(4, 19, 34, 
5, 20, 35, 6, 21, 36)(7, 22, 37, 8, 23, 38, 9, 24, 39)(10, 25, 40, 11, 26, 41, 
12, 27, 42)(13, 28, 43, 14, 29, 44, 15, 30, 45)(46, 61, 76, 47, 62, 77, 48, 63, 
78)(49, 64, 79, 50, 65, 80, 51, 66, 81)(52, 67, 82, 53, 68, 83, 54, 69, 84)(55, 
70, 85, 56, 71, 86, 57, 72, 87)(58, 73, 88, 59, 74, 89, 60, 75, 90),  ], [  (1, 
3, 2)(4, 6, 5)(7, 9, 8)(10, 12, 11)(13, 15, 14)(16, 18, 17)(19, 21, 20)(22, 24, 
23)(25, 27, 26)(28, 30, 29)(31, 33, 32)(34, 36, 35)(37, 39, 38)(40, 42, 41)(43, 
45, 44)(46, 48, 47)(49, 51, 50)(52, 54, 53)(55, 57, 56)(58, 60, 59)(61, 63, 
62)(64, 66, 65)(67, 69, 68)(70, 72, 71)(73, 75, 74)(76, 78, 77)(79, 81, 80)(82, 
84, 83)(85, 87, 86)(88, 90, 89),  (1, 2, 3)(4, 5, 6)(7, 8, 9)(10, 11, 12)(13, 
14, 15)(16, 17, 18)(19, 20, 21)(22, 23, 24)(25, 26, 27)(28, 29, 30)(31, 32, 
33)(34, 35, 36)(37, 38, 39)(40, 41, 42)(43, 44, 45)(46, 47, 48)(49, 50, 51)(52, 
53, 54)(55, 56, 57)(58, 59, 60)(61, 62, 63)(64, 65, 66)(67, 68, 69)(70, 71, 
72)(73, 74, 75)(76, 77, 78)(79, 80, 81)(82, 83, 84)(85, 86, 87)(88, 89, 90),  ],
[  (1, 13, 10, 7, 4)(2, 14, 11, 8, 5)(3, 15, 12, 9, 6)(16, 28, 25, 22, 19)(17, 
29, 26, 23, 20)(18, 30, 27, 24, 21)(31, 43, 40, 37, 34)(32, 44, 41, 38, 35)(33, 
45, 42, 39, 36)(46, 58, 55, 52, 49)(47, 59, 56, 53, 50)(48, 60, 57, 54, 51)(61, 
73, 70, 67, 64)(62, 74, 71, 68, 65)(63, 75, 72, 69, 66)(76, 88, 85, 82, 79)(77, 
89, 86, 83, 80)(78, 90, 87, 84, 81),  (1, 4, 7, 10, 13)(2, 5, 8, 11, 14)(3, 6, 
9, 12, 15)(16, 19, 22, 25, 28)(17, 20, 23, 26, 29)(18, 21, 24, 27, 30)(31, 34, 
37, 40, 43)(32, 35, 38, 41, 44)(33, 36, 39, 42, 45)(46, 49, 52, 55, 58)(47, 50, 
53, 56, 59)(48, 51, 54, 57, 60)(61, 64, 67, 70, 73)(62, 65, 68, 71, 74)(63, 66, 
69, 72, 75)(76, 79, 82, 85, 88)(77, 80, 83, 86, 89)(78, 81, 84, 87, 90),  ], [  
(1, 78, 18, 48, 32, 62, 2, 76, 16, 46, 33, 63, 3, 77, 17, 47, 31, 61)(4, 81, 21,
51, 35, 65, 5, 79, 19, 49, 36, 66, 6, 80, 20, 50, 34, 64)(7, 84, 24, 54, 38, 68,
8, 82, 22, 52, 39, 69, 9, 83, 23, 53, 37, 67)(10, 87, 27, 57, 41, 71, 11, 85, 
25, 55, 42, 72, 12, 86, 26, 56, 40, 70)(13, 90, 30, 60, 44, 74, 14, 88, 28, 58, 
45, 75, 15, 89, 29, 59, 43, 73),  (1, 78)(2, 77)(3, 76)(4, 81)(5, 80)(6, 79)(7, 
84)(8, 83)(9, 82)(10, 87)(11, 86)(12, 85)(13, 90)(14, 89)(15, 88)(16, 63)(17, 
62)(18, 61)(19, 66)(20, 65)(21, 64)(22, 69)(23, 68)(24, 67)(25, 72)(26, 71)(27, 
70)(28, 75)(29, 74)(30, 73)(31, 48)(32, 47)(33, 46)(34, 51)(35, 50)(36, 49)(37, 
54)(38, 53)(39, 52)(40, 57)(41, 56)(42, 55)(43, 60)(44, 59)(45, 58),  ], [  (1, 
48, 2, 46, 3, 47)(4, 51, 5, 49, 6, 50)(7, 54, 8, 52, 9, 53)(10, 57, 11, 55, 12, 
56)(13, 60, 14, 58, 15, 59)(16, 63, 17, 61, 18, 62)(19, 66, 20, 64, 21, 65)(22, 
69, 23, 67, 24, 68)(25, 72, 26, 70, 27, 71)(28, 75, 29, 73, 30, 74)(31, 78, 32, 
76, 33, 77)(34, 81, 35, 79, 36, 80)(37, 84, 38, 82, 39, 83)(40, 87, 41, 85, 42, 
86)(43, 90, 44, 88, 45, 89),  (1, 48)(2, 47)(3, 46)(4, 51)(5, 50)(6, 49)(7, 
54)(8, 53)(9, 52)(10, 57)(11, 56)(12, 55)(13, 60)(14, 59)(15, 58)(16, 77)(17, 
76)(18, 78)(19, 80)(20, 79)(21, 81)(22, 83)(23, 82)(24, 84)(25, 86)(26, 85)(27, 
87)(28, 89)(29, 88)(30, 90)(31, 62)(32, 61)(33, 63)(34, 65)(35, 64)(36, 66)(37, 
68)(38, 67)(39, 69)(40, 71)(41, 70)(42, 72)(43, 74)(44, 73)(45, 75),  ], [  (1, 
49, 7, 55, 13, 46, 4, 52, 10, 58)(2, 50, 8, 56, 14, 47, 5, 53, 11, 59)(3, 51, 9,
57, 15, 48, 6, 54, 12, 60)(16, 64, 22, 70, 28, 61, 19, 67, 25, 73)(17, 65, 23, 
71, 29, 62, 20, 68, 26, 74)(18, 66, 24, 72, 30, 63, 21, 69, 27, 75)(31, 79, 37, 
85, 43, 76, 34, 82, 40, 88)(32, 80, 38, 86, 44, 77, 35, 83, 41, 89)(33, 81, 39, 
87, 45, 78, 36, 84, 42, 90),  (1, 58, 10, 52, 4, 46, 13, 55, 7, 49)(2, 60, 11, 
54, 5, 48, 14, 57, 8, 51)(3, 59, 12, 53, 6, 47, 15, 56, 9, 50)(16, 90, 25, 84, 
19, 78, 28, 87, 22, 81)(17, 89, 26, 83, 20, 77, 29, 86, 23, 80)(18, 88, 27, 82, 
21, 76, 30, 85, 24, 79)(31, 75, 40, 69, 34, 63, 43, 72, 37, 66)(32, 74, 41, 68, 
35, 62, 44, 71, 38, 65)(33, 73, 42, 67, 36, 61, 45, 70, 39, 64),  ], [  (1, 61, 
31, 47, 17, 77, 3, 63, 33, 46, 16, 76, 2, 62, 32, 48, 18, 78)(4, 64, 34, 50, 20,
80, 6, 66, 36, 49, 19, 79, 5, 65, 35, 51, 21, 81)(7, 67, 37, 53, 23, 83, 9, 69, 
39, 52, 22, 82, 8, 68, 38, 54, 24, 84)(10, 70, 40, 56, 26, 86, 12, 72, 42, 55, 
25, 85, 11, 71, 41, 57, 27, 87)(13, 73, 43, 59, 29, 89, 15, 75, 45, 58, 28, 88, 
14, 74, 44, 60, 30, 90),  (1, 61)(2, 63)(3, 62)(4, 64)(5, 66)(6, 65)(7, 67)(8, 
69)(9, 68)(10, 70)(11, 72)(12, 71)(13, 73)(14, 75)(15, 74)(16, 46)(17, 48)(18, 
47)(19, 49)(20, 51)(21, 50)(22, 52)(23, 54)(24, 53)(25, 55)(26, 57)(27, 56)(28, 
58)(29, 60)(30, 59)(31, 78)(32, 77)(33, 76)(34, 81)(35, 80)(36, 79)(37, 84)(38, 
83)(39, 82)(40, 87)(41, 86)(42, 85)(43, 90)(44, 89)(45, 88),  ], [  (1, 47, 3, 
46, 2, 48)(4, 50, 6, 49, 5, 51)(7, 53, 9, 52, 8, 54)(10, 56, 12, 55, 11, 57)(13,
59, 15, 58, 14, 60)(16, 62, 18, 61, 17, 63)(19, 65, 21, 64, 20, 66)(22, 68, 24, 
67, 23, 69)(25, 71, 27, 70, 26, 72)(28, 74, 30, 73, 29, 75)(31, 77, 33, 76, 32, 
78)(34, 80, 36, 79, 35, 81)(37, 83, 39, 82, 38, 84)(40, 86, 42, 85, 41, 87)(43, 
89, 45, 88, 44, 90),  (1, 47)(2, 46)(3, 48)(4, 50)(5, 49)(6, 51)(7, 53)(8, 
52)(9, 54)(10, 56)(11, 55)(12, 57)(13, 59)(14, 58)(15, 60)(16, 76)(17, 78)(18, 
77)(19, 79)(20, 81)(21, 80)(22, 82)(23, 84)(24, 83)(25, 85)(26, 87)(27, 86)(28, 
88)(29, 90)(30, 89)(31, 61)(32, 63)(33, 62)(34, 64)(35, 66)(36, 65)(37, 67)(38, 
69)(39, 68)(40, 70)(41, 72)(42, 71)(43, 73)(44, 75)(45, 74),  ], [  (1, 58, 10, 
52, 4, 46, 13, 55, 7, 49)(2, 59, 11, 53, 5, 47, 14, 56, 8, 50)(3, 60, 12, 54, 6,
48, 15, 57, 9, 51)(16, 73, 25, 67, 19, 61, 28, 70, 22, 64)(17, 74, 26, 68, 20, 
62, 29, 71, 23, 65)(18, 75, 27, 69, 21, 63, 30, 72, 24, 66)(31, 88, 40, 82, 34, 
76, 43, 85, 37, 79)(32, 89, 41, 83, 35, 77, 44, 86, 38, 80)(33, 90, 42, 84, 36, 
78, 45, 87, 39, 81),  (1, 49, 7, 55, 13, 46, 4, 52, 10, 58)(2, 51, 8, 57, 14, 
48, 5, 54, 11, 60)(3, 50, 9, 56, 15, 47, 6, 53, 12, 59)(16, 81, 22, 87, 28, 78, 
19, 84, 25, 90)(17, 80, 23, 86, 29, 77, 20, 83, 26, 89)(18, 79, 24, 85, 30, 76, 
21, 82, 27, 88)(31, 66, 37, 72, 43, 63, 34, 69, 40, 75)(32, 65, 38, 71, 44, 62, 
35, 68, 41, 74)(33, 64, 39, 70, 45, 61, 36, 67, 42, 73),  ], [  (1, 31, 17, 3, 
33, 16, 2, 32, 18)(4, 34, 20, 6, 36, 19, 5, 35, 21)(7, 37, 23, 9, 39, 22, 8, 38,
24)(10, 40, 26, 12, 42, 25, 11, 41, 27)(13, 43, 29, 15, 45, 28, 14, 44, 30)(46, 
76, 62, 48, 78, 61, 47, 77, 63)(49, 79, 65, 51, 81, 64, 50, 80, 66)(52, 82, 68, 
54, 84, 67, 53, 83, 69)(55, 85, 71, 57, 87, 70, 56, 86, 72)(58, 88, 74, 60, 90, 
73, 59, 89, 75),  (1, 18, 32, 2, 16, 33, 3, 17, 31)(4, 21, 35, 5, 19, 36, 6, 20,
34)(7, 24, 38, 8, 22, 39, 9, 23, 37)(10, 27, 41, 11, 25, 42, 12, 26, 40)(13, 30,
44, 14, 28, 45, 15, 29, 43)(46, 63, 77, 47, 61, 78, 48, 62, 76)(49, 66, 80, 50, 
64, 81, 51, 65, 79)(52, 69, 83, 53, 67, 84, 54, 68, 82)(55, 72, 86, 56, 70, 87, 
57, 71, 85)(58, 75, 89, 59, 73, 90, 60, 74, 88),  ], [  (1, 17, 33, 2, 18, 31, 
3, 16, 32)(4, 20, 36, 5, 21, 34, 6, 19, 35)(7, 23, 39, 8, 24, 37, 9, 22, 38)(10,
26, 42, 11, 27, 40, 12, 25, 41)(13, 29, 45, 14, 30, 43, 15, 28, 44)(46, 62, 78, 
47, 63, 76, 48, 61, 77)(49, 65, 81, 50, 66, 79, 51, 64, 80)(52, 68, 84, 53, 69, 
82, 54, 67, 83)(55, 71, 87, 56, 72, 85, 57, 70, 86)(58, 74, 90, 59, 75, 88, 60, 
73, 89),  (1, 32, 16, 3, 31, 18, 2, 33, 17)(4, 35, 19, 6, 34, 21, 5, 36, 20)(7, 
38, 22, 9, 37, 24, 8, 39, 23)(10, 41, 25, 12, 40, 27, 11, 42, 26)(13, 44, 28, 
15, 43, 30, 14, 45, 29)(46, 77, 61, 48, 76, 63, 47, 78, 62)(49, 80, 64, 51, 79, 
66, 50, 81, 65)(52, 83, 67, 54, 82, 69, 53, 84, 68)(55, 86, 70, 57, 85, 72, 56, 
87, 71)(58, 89, 73, 60, 88, 75, 59, 90, 74),  ], [  (1, 19, 37, 11, 29, 32, 6, 
24, 42, 13, 16, 34, 8, 26, 44, 3, 21, 39, 10, 28, 31, 5, 23, 41, 15, 18, 36, 7, 
25, 43, 2, 20, 38, 12, 30, 33, 4, 22, 40, 14, 17, 35, 9, 27, 45)(46, 64, 82, 56,
74, 77, 51, 69, 87, 58, 61, 79, 53, 71, 89, 48, 66, 84, 55, 73, 76, 50, 68, 86, 
60, 63, 81, 52, 70, 88, 47, 65, 83, 57, 75, 78, 49, 67, 85, 59, 62, 80, 54, 72, 
90),  (1, 45, 27, 9, 35, 17, 14, 40, 22, 4, 33, 30, 12, 38, 20, 2, 43, 25, 7, 
36, 18, 15, 41, 23, 5, 31, 28, 10, 39, 21, 3, 44, 26, 8, 34, 16, 13, 42, 24, 6, 
32, 29, 11, 37, 19)(46, 90, 72, 54, 80, 62, 59, 85, 67, 49, 78, 75, 57, 83, 65, 
47, 88, 70, 52, 81, 63, 60, 86, 68, 50, 76, 73, 55, 84, 66, 48, 89, 71, 53, 79, 
61, 58, 87, 69, 51, 77, 74, 56, 82, 64),  ], [  (1, 18, 32, 2, 16, 33, 3, 17, 
31)(4, 21, 35, 5, 19, 36, 6, 20, 34)(7, 24, 38, 8, 22, 39, 9, 23, 37)(10, 27, 
41, 11, 25, 42, 12, 26, 40)(13, 30, 44, 14, 28, 45, 15, 29, 43)(46, 63, 77, 47, 
61, 78, 48, 62, 76)(49, 66, 80, 50, 64, 81, 51, 65, 79)(52, 69, 83, 53, 67, 84, 
54, 68, 82)(55, 72, 86, 56, 70, 87, 57, 71, 85)(58, 75, 89, 59, 73, 90, 60, 74, 
88),  (1, 31, 17, 3, 33, 16, 2, 32, 18)(4, 34, 20, 6, 36, 19, 5, 35, 21)(7, 37, 
23, 9, 39, 22, 8, 38, 24)(10, 40, 26, 12, 42, 25, 11, 41, 27)(13, 43, 29, 15, 
45, 28, 14, 44, 30)(46, 76, 62, 48, 78, 61, 47, 77, 63)(49, 79, 65, 51, 81, 64, 
50, 80, 66)(52, 82, 68, 54, 84, 67, 53, 83, 69)(55, 85, 71, 57, 87, 70, 56, 86, 
72)(58, 88, 74, 60, 90, 73, 59, 89, 75),  ], [  (1, 28, 40, 8, 20, 32, 15, 27, 
39, 4, 16, 43, 11, 23, 35, 3, 30, 42, 7, 19, 31, 14, 26, 38, 6, 18, 45, 10, 22, 
34, 2, 29, 41, 9, 21, 33, 13, 25, 37, 5, 17, 44, 12, 24, 36)(46, 73, 85, 53, 65,
77, 60, 72, 84, 49, 61, 88, 56, 68, 80, 48, 75, 87, 52, 64, 76, 59, 71, 83, 51, 
63, 90, 55, 67, 79, 47, 74, 86, 54, 66, 78, 58, 70, 82, 50, 62, 89, 57, 69, 81),
(1, 36, 24, 12, 44, 17, 5, 37, 25, 13, 33, 21, 9, 41, 29, 2, 34, 22, 10, 45, 18,
6, 38, 26, 14, 31, 19, 7, 42, 30, 3, 35, 23, 11, 43, 16, 4, 39, 27, 15, 32, 20, 
8, 40, 28)(46, 81, 69, 57, 89, 62, 50, 82, 70, 58, 78, 66, 54, 86, 74, 47, 79, 
67, 55, 90, 63, 51, 83, 71, 59, 76, 64, 52, 87, 75, 48, 80, 68, 56, 88, 61, 49, 
84, 72, 60, 77, 65, 53, 85, 73),  ], [  (1, 5, 9, 10, 14, 3, 4, 8, 12, 13, 2, 6,
7, 11, 15)(16, 20, 24, 25, 29, 18, 19, 23, 27, 28, 17, 21, 22, 26, 30)(31, 35, 
39, 40, 44, 33, 34, 38, 42, 43, 32, 36, 37, 41, 45)(46, 50, 54, 55, 59, 48, 49, 
53, 57, 58, 47, 51, 52, 56, 60)(61, 65, 69, 70, 74, 63, 64, 68, 72, 73, 62, 66, 
67, 71, 75)(76, 80, 84, 85, 89, 78, 79, 83, 87, 88, 77, 81, 82, 86, 90),  (1, 
15, 11, 7, 6, 2, 13, 12, 8, 4, 3, 14, 10, 9, 5)(16, 30, 26, 22, 21, 17, 28, 27, 
23, 19, 18, 29, 25, 24, 20)(31, 45, 41, 37, 36, 32, 43, 42, 38, 34, 33, 44, 40, 
39, 35)(46, 60, 56, 52, 51, 47, 58, 57, 53, 49, 48, 59, 55, 54, 50)(61, 75, 71, 
67, 66, 62, 73, 72, 68, 64, 63, 74, 70, 69, 65)(76, 90, 86, 82, 81, 77, 88, 87, 
83, 79, 78, 89, 85, 84, 80),  ], [  (1, 14, 12, 7, 5, 3, 13, 11, 9, 4, 2, 15, 
10, 8, 6)(16, 29, 27, 22, 20, 18, 28, 26, 24, 19, 17, 30, 25, 23, 21)(31, 44, 
42, 37, 35, 33, 43, 41, 39, 34, 32, 45, 40, 38, 36)(46, 59, 57, 52, 50, 48, 58, 
56, 54, 49, 47, 60, 55, 53, 51)(61, 74, 72, 67, 65, 63, 73, 71, 69, 64, 62, 75, 
70, 68, 66)(76, 89, 87, 82, 80, 78, 88, 86, 84, 79, 77, 90, 85, 83, 81),  (1, 6,
8, 10, 15, 2, 4, 9, 11, 13, 3, 5, 7, 12, 14)(16, 21, 23, 25, 30, 17, 19, 24, 26,
28, 18, 20, 22, 27, 29)(31, 36, 38, 40, 45, 32, 34, 39, 41, 43, 33, 35, 37, 42, 
44)(46, 51, 53, 55, 60, 47, 49, 54, 56, 58, 48, 50, 52, 57, 59)(61, 66, 68, 70, 
75, 62, 64, 69, 71, 73, 63, 65, 67, 72, 74)(76, 81, 83, 85, 90, 77, 79, 84, 86, 
88, 78, 80, 82, 87, 89),  ], [  (1, 7, 13, 4, 10)(2, 8, 14, 5, 11)(3, 9, 15, 6, 
12)(16, 22, 28, 19, 25)(17, 23, 29, 20, 26)(18, 24, 30, 21, 27)(31, 37, 43, 34, 
40)(32, 38, 44, 35, 41)(33, 39, 45, 36, 42)(46, 52, 58, 49, 55)(47, 53, 59, 50, 
56)(48, 54, 60, 51, 57)(61, 67, 73, 64, 70)(62, 68, 74, 65, 71)(63, 69, 75, 66, 
72)(76, 82, 88, 79, 85)(77, 83, 89, 80, 86)(78, 84, 90, 81, 87),  (1, 10, 4, 13,
7)(2, 11, 5, 14, 8)(3, 12, 6, 15, 9)(16, 25, 19, 28, 22)(17, 26, 20, 29, 23)(18,
27, 21, 30, 24)(31, 40, 34, 43, 37)(32, 41, 35, 44, 38)(33, 42, 36, 45, 39)(46, 
55, 49, 58, 52)(47, 56, 50, 59, 53)(48, 57, 51, 60, 54)(61, 70, 64, 73, 67)(62, 
71, 65, 74, 68)(63, 72, 66, 75, 69)(76, 85, 79, 88, 82)(77, 86, 80, 89, 83)(78, 
87, 81, 90, 84),  ], [  (1, 36, 24, 12, 44, 17, 5, 37, 25, 13, 33, 21, 9, 41, 
29, 2, 34, 22, 10, 45, 18, 6, 38, 26, 14, 31, 19, 7, 42, 30, 3, 35, 23, 11, 43, 
16, 4, 39, 27, 15, 32, 20, 8, 40, 28)(46, 81, 69, 57, 89, 62, 50, 82, 70, 58, 
78, 66, 54, 86, 74, 47, 79, 67, 55, 90, 63, 51, 83, 71, 59, 76, 64, 52, 87, 75, 
48, 80, 68, 56, 88, 61, 49, 84, 72, 60, 77, 65, 53, 85, 73),  (1, 28, 40, 8, 20,
32, 15, 27, 39, 4, 16, 43, 11, 23, 35, 3, 30, 42, 7, 19, 31, 14, 26, 38, 6, 18, 
45, 10, 22, 34, 2, 29, 41, 9, 21, 33, 13, 25, 37, 5, 17, 44, 12, 24, 36)(46, 73,
85, 53, 65, 77, 60, 72, 84, 49, 61, 88, 56, 68, 80, 48, 75, 87, 52, 64, 76, 59, 
71, 83, 51, 63, 90, 55, 67, 79, 47, 74, 86, 54, 66, 78, 58, 70, 82, 50, 62, 89, 
57, 69, 81),  ], [  (1, 6, 8, 10, 15, 2, 4, 9, 11, 13, 3, 5, 7, 12, 14)(16, 21, 
23, 25, 30, 17, 19, 24, 26, 28, 18, 20, 22, 27, 29)(31, 36, 38, 40, 45, 32, 34, 
39, 41, 43, 33, 35, 37, 42, 44)(46, 51, 53, 55, 60, 47, 49, 54, 56, 58, 48, 50, 
52, 57, 59)(61, 66, 68, 70, 75, 62, 64, 69, 71, 73, 63, 65, 67, 72, 74)(76, 81, 
83, 85, 90, 77, 79, 84, 86, 88, 78, 80, 82, 87, 89),  (1, 14, 12, 7, 5, 3, 13, 
11, 9, 4, 2, 15, 10, 8, 6)(16, 29, 27, 22, 20, 18, 28, 26, 24, 19, 17, 30, 25, 
23, 21)(31, 44, 42, 37, 35, 33, 43, 41, 39, 34, 32, 45, 40, 38, 36)(46, 59, 57, 
52, 50, 48, 58, 56, 54, 49, 47, 60, 55, 53, 51)(61, 74, 72, 67, 65, 63, 73, 71, 
69, 64, 62, 75, 70, 68, 66)(76, 89, 87, 82, 80, 78, 88, 86, 84, 79, 77, 90, 85, 
83, 81),  ], [  (1, 32, 16, 3, 31, 18, 2, 33, 17)(4, 35, 19, 6, 34, 21, 5, 36, 
20)(7, 38, 22, 9, 37, 24, 8, 39, 23)(10, 41, 25, 12, 40, 27, 11, 42, 26)(13, 44,
28, 15, 43, 30, 14, 45, 29)(46, 77, 61, 48, 76, 63, 47, 78, 62)(49, 80, 64, 51, 
79, 66, 50, 81, 65)(52, 83, 67, 54, 82, 69, 53, 84, 68)(55, 86, 70, 57, 85, 72, 
56, 87, 71)(58, 89, 73, 60, 88, 75, 59, 90, 74),  (1, 17, 33, 2, 18, 31, 3, 16, 
32)(4, 20, 36, 5, 21, 34, 6, 19, 35)(7, 23, 39, 8, 24, 37, 9, 22, 38)(10, 26, 
42, 11, 27, 40, 12, 25, 41)(13, 29, 45, 14, 30, 43, 15, 28, 44)(46, 62, 78, 47, 
63, 76, 48, 61, 77)(49, 65, 81, 50, 66, 79, 51, 64, 80)(52, 68, 84, 53, 69, 82, 
54, 67, 83)(55, 71, 87, 56, 72, 85, 57, 70, 86)(58, 74, 90, 59, 75, 88, 60, 73, 
89),  ], [  (1, 45, 27, 9, 35, 17, 14, 40, 22, 4, 33, 30, 12, 38, 20, 2, 43, 25,
7, 36, 18, 15, 41, 23, 5, 31, 28, 10, 39, 21, 3, 44, 26, 8, 34, 16, 13, 42, 24, 
6, 32, 29, 11, 37, 19)(46, 90, 72, 54, 80, 62, 59, 85, 67, 49, 78, 75, 57, 83, 
65, 47, 88, 70, 52, 81, 63, 60, 86, 68, 50, 76, 73, 55, 84, 66, 48, 89, 71, 53, 
79, 61, 58, 87, 69, 51, 77, 74, 56, 82, 64),  (1, 19, 37, 11, 29, 32, 6, 24, 42,
13, 16, 34, 8, 26, 44, 3, 21, 39, 10, 28, 31, 5, 23, 41, 15, 18, 36, 7, 25, 43, 
2, 20, 38, 12, 30, 33, 4, 22, 40, 14, 17, 35, 9, 27, 45)(46, 64, 82, 56, 74, 77,
51, 69, 87, 58, 61, 79, 53, 71, 89, 48, 66, 84, 55, 73, 76, 50, 68, 86, 60, 63, 
81, 52, 70, 88, 47, 65, 83, 57, 75, 78, 49, 67, 85, 59, 62, 80, 54, 72, 90),  ],
[  (1, 15, 11, 7, 6, 2, 13, 12, 8, 4, 3, 14, 10, 9, 5)(16, 30, 26, 22, 21, 17, 
28, 27, 23, 19, 18, 29, 25, 24, 20)(31, 45, 41, 37, 36, 32, 43, 42, 38, 34, 33, 
44, 40, 39, 35)(46, 60, 56, 52, 51, 47, 58, 57, 53, 49, 48, 59, 55, 54, 50)(61, 
75, 71, 67, 66, 62, 73, 72, 68, 64, 63, 74, 70, 69, 65)(76, 90, 86, 82, 81, 77, 
88, 87, 83, 79, 78, 89, 85, 84, 80),  (1, 5, 9, 10, 14, 3, 4, 8, 12, 13, 2, 6, 
7, 11, 15)(16, 20, 24, 25, 29, 18, 19, 23, 27, 28, 17, 21, 22, 26, 30)(31, 35, 
39, 40, 44, 33, 34, 38, 42, 43, 32, 36, 37, 41, 45)(46, 50, 54, 55, 59, 48, 49, 
53, 57, 58, 47, 51, 52, 56, 60)(61, 65, 69, 70, 74, 63, 64, 68, 72, 73, 62, 66, 
67, 71, 75)(76, 80, 84, 85, 89, 78, 79, 83, 87, 88, 77, 81, 82, 86, 90),  ], [  
(1, 10, 4, 13, 7)(2, 11, 5, 14, 8)(3, 12, 6, 15, 9)(16, 25, 19, 28, 22)(17, 26, 
20, 29, 23)(18, 27, 21, 30, 24)(31, 40, 34, 43, 37)(32, 41, 35, 44, 38)(33, 42, 
36, 45, 39)(46, 55, 49, 58, 52)(47, 56, 50, 59, 53)(48, 57, 51, 60, 54)(61, 70, 
64, 73, 67)(62, 71, 65, 74, 68)(63, 72, 66, 75, 69)(76, 85, 79, 88, 82)(77, 86, 
80, 89, 83)(78, 87, 81, 90, 84),  (1, 7, 13, 4, 10)(2, 8, 14, 5, 11)(3, 9, 15, 
6, 12)(16, 22, 28, 19, 25)(17, 23, 29, 20, 26)(18, 24, 30, 21, 27)(31, 37, 43, 
34, 40)(32, 38, 44, 35, 41)(33, 39, 45, 36, 42)(46, 52, 58, 49, 55)(47, 53, 59, 
50, 56)(48, 54, 60, 51, 57)(61, 67, 73, 64, 70)(62, 68, 74, 65, 71)(63, 69, 75, 
66, 72)(76, 82, 88, 79, 85)(77, 83, 89, 80, 86)(78, 84, 90, 81, 87),  ], [  (1, 
63, 32, 47, 16, 78, 3, 62, 31, 46, 18, 77, 2, 61, 33, 48, 17, 76)(4, 66, 35, 50,
19, 81, 6, 65, 34, 49, 21, 80, 5, 64, 36, 51, 20, 79)(7, 69, 38, 53, 22, 84, 9, 
68, 37, 52, 24, 83, 8, 67, 39, 54, 23, 82)(10, 72, 41, 56, 25, 87, 12, 71, 40, 
55, 27, 86, 11, 70, 42, 57, 26, 85)(13, 75, 44, 59, 28, 90, 15, 74, 43, 58, 30, 
89, 14, 73, 45, 60, 29, 88),  (1, 63)(2, 62)(3, 61)(4, 66)(5, 65)(6, 64)(7, 
69)(8, 68)(9, 67)(10, 72)(11, 71)(12, 70)(13, 75)(14, 74)(15, 73)(16, 48)(17, 
47)(18, 46)(19, 51)(20, 50)(21, 49)(22, 54)(23, 53)(24, 52)(25, 57)(26, 56)(27, 
55)(28, 60)(29, 59)(30, 58)(31, 77)(32, 76)(33, 78)(34, 80)(35, 79)(36, 81)(37, 
83)(38, 82)(39, 84)(40, 86)(41, 85)(42, 87)(43, 89)(44, 88)(45, 90),  ], [  (1, 
77, 16, 48, 31, 63, 2, 78, 17, 46, 32, 61, 3, 76, 18, 47, 33, 62)(4, 80, 19, 51,
34, 66, 5, 81, 20, 49, 35, 64, 6, 79, 21, 50, 36, 65)(7, 83, 22, 54, 37, 69, 8, 
84, 23, 52, 38, 67, 9, 82, 24, 53, 39, 68)(10, 86, 25, 57, 40, 72, 11, 87, 26, 
55, 41, 70, 12, 85, 27, 56, 42, 71)(13, 89, 28, 60, 43, 75, 14, 90, 29, 58, 44, 
73, 15, 88, 30, 59, 45, 74),  (1, 77)(2, 76)(3, 78)(4, 80)(5, 79)(6, 81)(7, 
83)(8, 82)(9, 84)(10, 86)(11, 85)(12, 87)(13, 89)(14, 88)(15, 90)(16, 62)(17, 
61)(18, 63)(19, 65)(20, 64)(21, 66)(22, 68)(23, 67)(24, 69)(25, 71)(26, 70)(27, 
72)(28, 74)(29, 73)(30, 75)(31, 47)(32, 46)(33, 48)(34, 50)(35, 49)(36, 51)(37, 
53)(38, 52)(39, 54)(40, 56)(41, 55)(42, 57)(43, 59)(44, 58)(45, 60),  ], [  (1, 
81, 24, 57, 44, 62, 5, 82, 25, 58, 33, 66, 9, 86, 29, 47, 34, 67, 10, 90, 18, 
51, 38, 71, 14, 76, 19, 52, 42, 75, 3, 80, 23, 56, 43, 61, 4, 84, 27, 60, 32, 
65, 8, 85, 28, 46, 36, 69, 12, 89, 17, 50, 37, 70, 13, 78, 21, 54, 41, 74, 2, 
79, 22, 55, 45, 63, 6, 83, 26, 59, 31, 64, 7, 87, 30, 48, 35, 68, 11, 88, 16, 
49, 39, 72, 15, 77, 20, 53, 40, 73),  (1, 90, 10, 84, 4, 78, 13, 87, 7, 81)(2, 
89, 11, 83, 5, 77, 14, 86, 8, 80)(3, 88, 12, 82, 6, 76, 15, 85, 9, 79)(16, 75, 
25, 69, 19, 63, 28, 72, 22, 66)(17, 74, 26, 68, 20, 62, 29, 71, 23, 65)(18, 73, 
27, 67, 21, 61, 30, 70, 24, 64)(31, 60, 40, 54, 34, 48, 43, 57, 37, 51)(32, 59, 
41, 53, 35, 47, 44, 56, 38, 50)(33, 58, 42, 52, 36, 46, 45, 55, 39, 49),  ], [  
(1, 76, 17, 48, 33, 61, 2, 77, 18, 46, 31, 62, 3, 78, 16, 47, 32, 63)(4, 79, 20,
51, 36, 64, 5, 80, 21, 49, 34, 65, 6, 81, 19, 50, 35, 66)(7, 82, 23, 54, 39, 67,
8, 83, 24, 52, 37, 68, 9, 84, 22, 53, 38, 69)(10, 85, 26, 57, 42, 70, 11, 86, 
27, 55, 40, 71, 12, 87, 25, 56, 41, 72)(13, 88, 29, 60, 45, 73, 14, 89, 30, 58, 
43, 74, 15, 90, 28, 59, 44, 75),  (1, 76)(2, 78)(3, 77)(4, 79)(5, 81)(6, 80)(7, 
82)(8, 84)(9, 83)(10, 85)(11, 87)(12, 86)(13, 88)(14, 90)(15, 89)(16, 61)(17, 
63)(18, 62)(19, 64)(20, 66)(21, 65)(22, 67)(23, 69)(24, 68)(25, 70)(26, 72)(27, 
71)(28, 73)(29, 75)(30, 74)(31, 46)(32, 48)(33, 47)(34, 49)(35, 51)(36, 50)(37, 
52)(38, 54)(39, 53)(40, 55)(41, 57)(42, 56)(43, 58)(44, 60)(45, 59),  ], [  (1, 
90, 27, 54, 35, 62, 14, 85, 22, 49, 33, 75, 12, 83, 20, 47, 43, 70, 7, 81, 18, 
60, 41, 68, 5, 76, 28, 55, 39, 66, 3, 89, 26, 53, 34, 61, 13, 87, 24, 51, 32, 
74, 11, 82, 19, 46, 45, 72, 9, 80, 17, 59, 40, 67, 4, 78, 30, 57, 38, 65, 2, 88,
25, 52, 36, 63, 15, 86, 23, 50, 31, 73, 10, 84, 21, 48, 44, 71, 8, 79, 16, 58, 
42, 69, 6, 77, 29, 56, 37, 64),  (1, 81, 7, 87, 13, 78, 4, 84, 10, 90)(2, 80, 8,
86, 14, 77, 5, 83, 11, 89)(3, 79, 9, 85, 15, 76, 6, 82, 12, 88)(16, 66, 22, 72, 
28, 63, 19, 69, 25, 75)(17, 65, 23, 71, 29, 62, 20, 68, 26, 74)(18, 64, 24, 70, 
30, 61, 21, 67, 27, 73)(31, 51, 37, 57, 43, 48, 34, 54, 40, 60)(32, 50, 38, 56, 
44, 47, 35, 53, 41, 59)(33, 49, 39, 55, 45, 46, 36, 52, 42, 58),  ], [  (1, 51, 
8, 55, 15, 47, 4, 54, 11, 58, 3, 50, 7, 57, 14, 46, 6, 53, 10, 60, 2, 49, 9, 56,
13, 48, 5, 52, 12, 59)(16, 66, 23, 70, 30, 62, 19, 69, 26, 73, 18, 65, 22, 72, 
29, 61, 21, 68, 25, 75, 17, 64, 24, 71, 28, 63, 20, 67, 27, 74)(31, 81, 38, 85, 
45, 77, 34, 84, 41, 88, 33, 80, 37, 87, 44, 76, 36, 83, 40, 90, 32, 79, 39, 86, 
43, 78, 35, 82, 42, 89),  (1, 60, 10, 54, 4, 48, 13, 57, 7, 51)(2, 59, 11, 53, 
5, 47, 14, 56, 8, 50)(3, 58, 12, 52, 6, 46, 15, 55, 9, 49)(16, 89, 25, 83, 19, 
77, 28, 86, 22, 80)(17, 88, 26, 82, 20, 76, 29, 85, 23, 79)(18, 90, 27, 84, 21, 
78, 30, 87, 24, 81)(31, 74, 40, 68, 34, 62, 43, 71, 37, 65)(32, 73, 41, 67, 35, 
61, 44, 70, 38, 64)(33, 75, 42, 69, 36, 63, 45, 72, 39, 66),  ], [  (1, 60, 11, 
52, 6, 47, 13, 57, 8, 49, 3, 59, 10, 54, 5, 46, 15, 56, 7, 51, 2, 58, 12, 53, 4,
48, 14, 55, 9, 50)(16, 75, 26, 67, 21, 62, 28, 72, 23, 64, 18, 74, 25, 69, 20, 
61, 30, 71, 22, 66, 17, 73, 27, 68, 19, 63, 29, 70, 24, 65)(31, 90, 41, 82, 36, 
77, 43, 87, 38, 79, 33, 89, 40, 84, 35, 76, 45, 86, 37, 81, 32, 88, 42, 83, 34, 
78, 44, 85, 39, 80),  (1, 51, 7, 57, 13, 48, 4, 54, 10, 60)(2, 50, 8, 56, 14, 
47, 5, 53, 11, 59)(3, 49, 9, 55, 15, 46, 6, 52, 12, 58)(16, 80, 22, 86, 28, 77, 
19, 83, 25, 89)(17, 79, 23, 85, 29, 76, 20, 82, 26, 88)(18, 81, 24, 87, 30, 78, 
21, 84, 27, 90)(31, 65, 37, 71, 43, 62, 34, 68, 40, 74)(32, 64, 38, 70, 44, 61, 
35, 67, 41, 73)(33, 66, 39, 72, 45, 63, 36, 69, 42, 75),  ], [  (1, 52, 13, 49, 
10, 46, 7, 58, 4, 55)(2, 53, 14, 50, 11, 47, 8, 59, 5, 56)(3, 54, 15, 51, 12, 
48, 9, 60, 6, 57)(16, 67, 28, 64, 25, 61, 22, 73, 19, 70)(17, 68, 29, 65, 26, 
62, 23, 74, 20, 71)(18, 69, 30, 66, 27, 63, 24, 75, 21, 72)(31, 82, 43, 79, 40, 
76, 37, 88, 34, 85)(32, 83, 44, 80, 41, 77, 38, 89, 35, 86)(33, 84, 45, 81, 42, 
78, 39, 90, 36, 87),  (1, 55, 4, 58, 7, 46, 10, 49, 13, 52)(2, 57, 5, 60, 8, 48,
11, 51, 14, 54)(3, 56, 6, 59, 9, 47, 12, 50, 15, 53)(16, 87, 19, 90, 22, 78, 25,
81, 28, 84)(17, 86, 20, 89, 23, 77, 26, 80, 29, 83)(18, 85, 21, 88, 24, 76, 27, 
79, 30, 82)(31, 72, 34, 75, 37, 63, 40, 66, 43, 69)(32, 71, 35, 74, 38, 62, 41, 
65, 44, 68)(33, 70, 36, 73, 39, 61, 42, 64, 45, 67),  ], [  (1, 64, 37, 56, 29, 
77, 6, 69, 42, 58, 16, 79, 8, 71, 44, 48, 21, 84, 10, 73, 31, 50, 23, 86, 15, 
63, 36, 52, 25, 88, 2, 65, 38, 57, 30, 78, 4, 67, 40, 59, 17, 80, 9, 72, 45, 46,
19, 82, 11, 74, 32, 51, 24, 87, 13, 61, 34, 53, 26, 89, 3, 66, 39, 55, 28, 76, 
5, 68, 41, 60, 18, 81, 7, 70, 43, 47, 20, 83, 12, 75, 33, 49, 22, 85, 14, 62, 
35, 54, 27, 90),  (1, 73, 10, 67, 4, 61, 13, 70, 7, 64)(2, 75, 11, 69, 5, 63, 
14, 72, 8, 66)(3, 74, 12, 68, 6, 62, 15, 71, 9, 65)(16, 58, 25, 52, 19, 46, 28, 
55, 22, 49)(17, 60, 26, 54, 20, 48, 29, 57, 23, 51)(18, 59, 27, 53, 21, 47, 30, 
56, 24, 50)(31, 90, 40, 84, 34, 78, 43, 87, 37, 81)(32, 89, 41, 83, 35, 77, 44, 
86, 38, 80)(33, 88, 42, 82, 36, 76, 45, 85, 39, 79),  ], [  (1, 50, 9, 55, 14, 
48, 4, 53, 12, 58, 2, 51, 7, 56, 15, 46, 5, 54, 10, 59, 3, 49, 8, 57, 13, 47, 6,
52, 11, 60)(16, 65, 24, 70, 29, 63, 19, 68, 27, 73, 17, 66, 22, 71, 30, 61, 20, 
69, 25, 74, 18, 64, 23, 72, 28, 62, 21, 67, 26, 75)(31, 80, 39, 85, 44, 78, 34, 
83, 42, 88, 32, 81, 37, 86, 45, 76, 35, 84, 40, 89, 33, 79, 38, 87, 43, 77, 36, 
82, 41, 90),  (1, 59, 10, 53, 4, 47, 13, 56, 7, 50)(2, 58, 11, 52, 5, 46, 14, 
55, 8, 49)(3, 60, 12, 54, 6, 48, 15, 57, 9, 51)(16, 88, 25, 82, 19, 76, 28, 85, 
22, 79)(17, 90, 26, 84, 20, 78, 29, 87, 23, 81)(18, 89, 27, 83, 21, 77, 30, 86, 
24, 80)(31, 73, 40, 67, 34, 61, 43, 70, 37, 64)(32, 75, 41, 69, 35, 63, 44, 72, 
38, 66)(33, 74, 42, 68, 36, 62, 45, 71, 39, 65),  ], [  (1, 62, 33, 47, 18, 76, 
3, 61, 32, 46, 17, 78, 2, 63, 31, 48, 16, 77)(4, 65, 36, 50, 21, 79, 6, 64, 35, 
49, 20, 81, 5, 66, 34, 51, 19, 80)(7, 68, 39, 53, 24, 82, 9, 67, 38, 52, 23, 84,
8, 69, 37, 54, 22, 83)(10, 71, 42, 56, 27, 85, 12, 70, 41, 55, 26, 87, 11, 72, 
40, 57, 25, 86)(13, 74, 45, 59, 30, 88, 15, 73, 44, 58, 29, 90, 14, 75, 43, 60, 
28, 89),  (1, 62)(2, 61)(3, 63)(4, 65)(5, 64)(6, 66)(7, 68)(8, 67)(9, 69)(10, 
71)(11, 70)(12, 72)(13, 74)(14, 73)(15, 75)(16, 47)(17, 46)(18, 48)(19, 50)(20, 
49)(21, 51)(22, 53)(23, 52)(24, 54)(25, 56)(26, 55)(27, 57)(28, 59)(29, 58)(30, 
60)(31, 76)(32, 78)(33, 77)(34, 79)(35, 81)(36, 80)(37, 82)(38, 84)(39, 83)(40, 
85)(41, 87)(42, 86)(43, 88)(44, 90)(45, 89),  ], [  (1, 73, 40, 53, 20, 77, 15, 
72, 39, 49, 16, 88, 11, 68, 35, 48, 30, 87, 7, 64, 31, 59, 26, 83, 6, 63, 45, 
55, 22, 79, 2, 74, 41, 54, 21, 78, 13, 70, 37, 50, 17, 89, 12, 69, 36, 46, 28, 
85, 8, 65, 32, 60, 27, 84, 4, 61, 43, 56, 23, 80, 3, 75, 42, 52, 19, 76, 14, 71,
38, 51, 18, 90, 10, 67, 34, 47, 29, 86, 9, 66, 33, 58, 25, 82, 5, 62, 44, 57, 
24, 81),  (1, 64, 7, 70, 13, 61, 4, 67, 10, 73)(2, 66, 8, 72, 14, 63, 5, 69, 11,
75)(3, 65, 9, 71, 15, 62, 6, 68, 12, 74)(16, 49, 22, 55, 28, 46, 19, 52, 25, 
58)(17, 51, 23, 57, 29, 48, 20, 54, 26, 60)(18, 50, 24, 56, 30, 47, 21, 53, 27, 
59)(31, 81, 37, 87, 43, 78, 34, 84, 40, 90)(32, 80, 38, 86, 44, 77, 35, 83, 41, 
89)(33, 79, 39, 85, 45, 76, 36, 82, 42, 88),  ], [  (1, 59, 12, 52, 5, 48, 13, 
56, 9, 49, 2, 60, 10, 53, 6, 46, 14, 57, 7, 50, 3, 58, 11, 54, 4, 47, 15, 55, 8,
51)(16, 74, 27, 67, 20, 63, 28, 71, 24, 64, 17, 75, 25, 68, 21, 61, 29, 72, 22, 
65, 18, 73, 26, 69, 19, 62, 30, 70, 23, 66)(31, 89, 42, 82, 35, 78, 43, 86, 39, 
79, 32, 90, 40, 83, 36, 76, 44, 87, 37, 80, 33, 88, 41, 84, 34, 77, 45, 85, 38, 
81),  (1, 50, 7, 56, 13, 47, 4, 53, 10, 59)(2, 49, 8, 55, 14, 46, 5, 52, 11, 
58)(3, 51, 9, 57, 15, 48, 6, 54, 12, 60)(16, 79, 22, 85, 28, 76, 19, 82, 25, 
88)(17, 81, 23, 87, 29, 78, 20, 84, 26, 90)(18, 80, 24, 86, 30, 77, 21, 83, 27, 
89)(31, 64, 37, 70, 43, 61, 34, 67, 40, 73)(32, 66, 38, 72, 44, 63, 35, 69, 41, 
75)(33, 65, 39, 71, 45, 62, 36, 68, 42, 74),  ], [  (1, 55, 4, 58, 7, 46, 10, 
49, 13, 52)(2, 56, 5, 59, 8, 47, 11, 50, 14, 53)(3, 57, 6, 60, 9, 48, 12, 51, 
15, 54)(16, 70, 19, 73, 22, 61, 25, 64, 28, 67)(17, 71, 20, 74, 23, 62, 26, 65, 
29, 68)(18, 72, 21, 75, 24, 63, 27, 66, 30, 69)(31, 85, 34, 88, 37, 76, 40, 79, 
43, 82)(32, 86, 35, 89, 38, 77, 41, 80, 44, 83)(33, 87, 36, 90, 39, 78, 42, 81, 
45, 84),  (1, 52, 13, 49, 10, 46, 7, 58, 4, 55)(2, 54, 14, 51, 11, 48, 8, 60, 5,
57)(3, 53, 15, 50, 12, 47, 9, 59, 6, 56)(16, 84, 28, 81, 25, 78, 22, 90, 19, 
87)(17, 83, 29, 80, 26, 77, 23, 89, 20, 86)(18, 82, 30, 79, 27, 76, 24, 88, 21, 
85)(31, 69, 43, 66, 40, 63, 37, 75, 34, 72)(32, 68, 44, 65, 41, 62, 38, 74, 35, 
71)(33, 67, 45, 64, 42, 61, 39, 73, 36, 70),  ], [  (1, 34, 23, 12, 45, 16, 5, 
38, 27, 13, 31, 20, 9, 42, 28, 2, 35, 24, 10, 43, 17, 6, 39, 25, 14, 32, 21, 7, 
40, 29, 3, 36, 22, 11, 44, 18, 4, 37, 26, 15, 33, 19, 8, 41, 30)(46, 79, 68, 57,
90, 61, 50, 83, 72, 58, 76, 65, 54, 87, 73, 47, 80, 69, 55, 88, 62, 51, 84, 70, 
59, 77, 66, 52, 85, 74, 48, 81, 67, 56, 89, 63, 49, 82, 71, 60, 78, 64, 53, 86, 
75),  (1, 30, 41, 8, 19, 33, 15, 26, 37, 4, 18, 44, 11, 22, 36, 3, 29, 40, 7, 
21, 32, 14, 25, 39, 6, 17, 43, 10, 24, 35, 2, 28, 42, 9, 20, 31, 13, 27, 38, 5, 
16, 45, 12, 23, 34)(46, 75, 86, 53, 64, 78, 60, 71, 82, 49, 63, 89, 56, 67, 81, 
48, 74, 85, 52, 66, 77, 59, 70, 84, 51, 62, 88, 55, 69, 80, 47, 73, 87, 54, 65, 
76, 58, 72, 83, 50, 61, 90, 57, 68, 79),  ], [  (1, 43, 26, 9, 36, 16, 14, 41, 
24, 4, 31, 29, 12, 39, 19, 2, 44, 27, 7, 34, 17, 15, 42, 22, 5, 32, 30, 10, 37, 
20, 3, 45, 25, 8, 35, 18, 13, 40, 23, 6, 33, 28, 11, 38, 21)(46, 88, 71, 54, 81,
61, 59, 86, 69, 49, 76, 74, 57, 84, 64, 47, 89, 72, 52, 79, 62, 60, 87, 67, 50, 
77, 75, 55, 82, 65, 48, 90, 70, 53, 80, 63, 58, 85, 68, 51, 78, 73, 56, 83, 66),
(1, 21, 38, 11, 28, 33, 6, 23, 40, 13, 18, 35, 8, 25, 45, 3, 20, 37, 10, 30, 32,
5, 22, 42, 15, 17, 34, 7, 27, 44, 2, 19, 39, 12, 29, 31, 4, 24, 41, 14, 16, 36, 
9, 26, 43)(46, 66, 83, 56, 73, 78, 51, 68, 85, 58, 63, 80, 53, 70, 90, 48, 65, 
82, 55, 75, 77, 50, 67, 87, 60, 62, 79, 52, 72, 89, 47, 64, 84, 57, 74, 76, 49, 
69, 86, 59, 61, 81, 54, 71, 88),  ], [  (1, 20, 39, 11, 30, 31, 6, 22, 41, 13, 
17, 36, 8, 27, 43, 3, 19, 38, 10, 29, 33, 5, 24, 40, 15, 16, 35, 7, 26, 45, 2, 
21, 37, 12, 28, 32, 4, 23, 42, 14, 18, 34, 9, 25, 44)(46, 65, 84, 56, 75, 76, 
51, 67, 86, 58, 62, 81, 53, 72, 88, 48, 64, 83, 55, 74, 78, 50, 69, 85, 60, 61, 
80, 52, 71, 90, 47, 66, 82, 57, 73, 77, 49, 68, 87, 59, 63, 79, 54, 70, 89),  
(1, 44, 25, 9, 34, 18, 14, 42, 23, 4, 32, 28, 12, 37, 21, 2, 45, 26, 7, 35, 16, 
15, 40, 24, 5, 33, 29, 10, 38, 19, 3, 43, 27, 8, 36, 17, 13, 41, 22, 6, 31, 30, 
11, 39, 20)(46, 89, 70, 54, 79, 63, 59, 87, 68, 49, 77, 73, 57, 82, 66, 47, 90, 
71, 52, 80, 61, 60, 85, 69, 50, 78, 74, 55, 83, 64, 48, 88, 72, 53, 81, 62, 58, 
86, 67, 51, 76, 75, 56, 84, 65),  ], [  (1, 29, 42, 8, 21, 31, 15, 25, 38, 4, 
17, 45, 11, 24, 34, 3, 28, 41, 7, 20, 33, 14, 27, 37, 6, 16, 44, 10, 23, 36, 2, 
30, 40, 9, 19, 32, 13, 26, 39, 5, 18, 43, 12, 22, 35)(46, 74, 87, 53, 66, 76, 
60, 70, 83, 49, 62, 90, 56, 69, 79, 48, 73, 86, 52, 65, 78, 59, 72, 82, 51, 61, 
89, 55, 68, 81, 47, 75, 85, 54, 64, 77, 58, 71, 84, 50, 63, 88, 57, 67, 80),  
(1, 35, 22, 12, 43, 18, 5, 39, 26, 13, 32, 19, 9, 40, 30, 2, 36, 23, 10, 44, 16,
6, 37, 27, 14, 33, 20, 7, 41, 28, 3, 34, 24, 11, 45, 17, 4, 38, 25, 15, 31, 21, 
8, 42, 29)(46, 80, 67, 57, 88, 63, 50, 84, 71, 58, 77, 64, 54, 85, 75, 47, 81, 
68, 55, 89, 61, 51, 82, 72, 59, 78, 65, 52, 86, 73, 48, 79, 69, 56, 90, 62, 49, 
83, 70, 60, 76, 66, 53, 87, 74),  ], [  (1, 22, 43, 5, 26, 32, 9, 30, 36, 10, 
16, 37, 14, 20, 41, 3, 24, 45, 4, 25, 31, 8, 29, 35, 12, 18, 39, 13, 19, 40, 2, 
23, 44, 6, 27, 33, 7, 28, 34, 11, 17, 38, 15, 21, 42)(46, 67, 88, 50, 71, 77, 
54, 75, 81, 55, 61, 82, 59, 65, 86, 48, 69, 90, 49, 70, 76, 53, 74, 80, 57, 63, 
84, 58, 64, 85, 47, 68, 89, 51, 72, 78, 52, 73, 79, 56, 62, 83, 60, 66, 87),  
(1, 42, 21, 15, 38, 17, 11, 34, 28, 7, 33, 27, 6, 44, 23, 2, 40, 19, 13, 39, 18,
12, 35, 29, 8, 31, 25, 4, 45, 24, 3, 41, 20, 14, 37, 16, 10, 36, 30, 9, 32, 26, 
5, 43, 22)(46, 87, 66, 60, 83, 62, 56, 79, 73, 52, 78, 72, 51, 89, 68, 47, 85, 
64, 58, 84, 63, 57, 80, 74, 53, 76, 70, 49, 90, 69, 48, 86, 65, 59, 82, 61, 55, 
81, 75, 54, 77, 71, 50, 88, 67),  ], [  (1, 21, 38, 11, 28, 33, 6, 23, 40, 13, 
18, 35, 8, 25, 45, 3, 20, 37, 10, 30, 32, 5, 22, 42, 15, 17, 34, 7, 27, 44, 2, 
19, 39, 12, 29, 31, 4, 24, 41, 14, 16, 36, 9, 26, 43)(46, 66, 83, 56, 73, 78, 
51, 68, 85, 58, 63, 80, 53, 70, 90, 48, 65, 82, 55, 75, 77, 50, 67, 87, 60, 62, 
79, 52, 72, 89, 47, 64, 84, 57, 74, 76, 49, 69, 86, 59, 61, 81, 54, 71, 88),  
(1, 43, 26, 9, 36, 16, 14, 41, 24, 4, 31, 29, 12, 39, 19, 2, 44, 27, 7, 34, 17, 
15, 42, 22, 5, 32, 30, 10, 37, 20, 3, 45, 25, 8, 35, 18, 13, 40, 23, 6, 33, 28, 
11, 38, 21)(46, 88, 71, 54, 81, 61, 59, 86, 69, 49, 76, 74, 57, 84, 64, 47, 89, 
72, 52, 79, 62, 60, 87, 67, 50, 77, 75, 55, 82, 65, 48, 90, 70, 53, 80, 63, 58, 
85, 68, 51, 78, 73, 56, 83, 66),  ], [  (1, 30, 41, 8, 19, 33, 15, 26, 37, 4, 
18, 44, 11, 22, 36, 3, 29, 40, 7, 21, 32, 14, 25, 39, 6, 17, 43, 10, 24, 35, 2, 
28, 42, 9, 20, 31, 13, 27, 38, 5, 16, 45, 12, 23, 34)(46, 75, 86, 53, 64, 78, 
60, 71, 82, 49, 63, 89, 56, 67, 81, 48, 74, 85, 52, 66, 77, 59, 70, 84, 51, 62, 
88, 55, 69, 80, 47, 73, 87, 54, 65, 76, 58, 72, 83, 50, 61, 90, 57, 68, 79),  
(1, 34, 23, 12, 45, 16, 5, 38, 27, 13, 31, 20, 9, 42, 28, 2, 35, 24, 10, 43, 17,
6, 39, 25, 14, 32, 21, 7, 40, 29, 3, 36, 22, 11, 44, 18, 4, 37, 26, 15, 33, 19, 
8, 41, 30)(46, 79, 68, 57, 90, 61, 50, 83, 72, 58, 76, 65, 54, 87, 73, 47, 80, 
69, 55, 88, 62, 51, 84, 70, 59, 77, 66, 52, 85, 74, 48, 81, 67, 56, 89, 63, 49, 
82, 71, 60, 78, 64, 53, 86, 75),  ], [  (1, 25, 34, 14, 23, 32, 12, 21, 45, 7, 
16, 40, 5, 29, 38, 3, 27, 36, 13, 22, 31, 11, 20, 44, 9, 18, 42, 4, 28, 37, 2, 
26, 35, 15, 24, 33, 10, 19, 43, 8, 17, 41, 6, 30, 39)(46, 70, 79, 59, 68, 77, 
57, 66, 90, 52, 61, 85, 50, 74, 83, 48, 72, 81, 58, 67, 76, 56, 65, 89, 54, 63, 
87, 49, 73, 82, 47, 71, 80, 60, 69, 78, 55, 64, 88, 53, 62, 86, 51, 75, 84),  
(1, 39, 30, 6, 41, 17, 8, 43, 19, 10, 33, 24, 15, 35, 26, 2, 37, 28, 4, 42, 18, 
9, 44, 20, 11, 31, 22, 13, 36, 27, 3, 38, 29, 5, 40, 16, 7, 45, 21, 12, 32, 23, 
14, 34, 25)(46, 84, 75, 51, 86, 62, 53, 88, 64, 55, 78, 69, 60, 80, 71, 47, 82, 
73, 49, 87, 63, 54, 89, 65, 56, 76, 67, 58, 81, 72, 48, 83, 74, 50, 85, 61, 52, 
90, 66, 57, 77, 68, 59, 79, 70),  ], [  (1, 8, 15, 4, 11, 3, 7, 14, 6, 10, 2, 9,
13, 5, 12)(16, 23, 30, 19, 26, 18, 22, 29, 21, 25, 17, 24, 28, 20, 27)(31, 38, 
45, 34, 41, 33, 37, 44, 36, 40, 32, 39, 43, 35, 42)(46, 53, 60, 49, 56, 48, 52, 
59, 51, 55, 47, 54, 58, 50, 57)(61, 68, 75, 64, 71, 63, 67, 74, 66, 70, 62, 69, 
73, 65, 72)(76, 83, 90, 79, 86, 78, 82, 89, 81, 85, 77, 84, 88, 80, 87),  (1, 
12, 5, 13, 9, 2, 10, 6, 14, 7, 3, 11, 4, 15, 8)(16, 27, 20, 28, 24, 17, 25, 21, 
29, 22, 18, 26, 19, 30, 23)(31, 42, 35, 43, 39, 32, 40, 36, 44, 37, 33, 41, 34, 
45, 38)(46, 57, 50, 58, 54, 47, 55, 51, 59, 52, 48, 56, 49, 60, 53)(61, 72, 65, 
73, 69, 62, 70, 66, 74, 67, 63, 71, 64, 75, 68)(76, 87, 80, 88, 84, 77, 85, 81, 
89, 82, 78, 86, 79, 90, 83),  ], [  (1, 11, 6, 13, 8, 3, 10, 5, 15, 7, 2, 12, 4,
14, 9)(16, 26, 21, 28, 23, 18, 25, 20, 30, 22, 17, 27, 19, 29, 24)(31, 41, 36, 
43, 38, 33, 40, 35, 45, 37, 32, 42, 34, 44, 39)(46, 56, 51, 58, 53, 48, 55, 50, 
60, 52, 47, 57, 49, 59, 54)(61, 71, 66, 73, 68, 63, 70, 65, 75, 67, 62, 72, 64, 
74, 69)(76, 86, 81, 88, 83, 78, 85, 80, 90, 82, 77, 87, 79, 89, 84),  (1, 9, 14,
4, 12, 2, 7, 15, 5, 10, 3, 8, 13, 6, 11)(16, 24, 29, 19, 27, 17, 22, 30, 20, 25,
18, 23, 28, 21, 26)(31, 39, 44, 34, 42, 32, 37, 45, 35, 40, 33, 38, 43, 36, 
41)(46, 54, 59, 49, 57, 47, 52, 60, 50, 55, 48, 53, 58, 51, 56)(61, 69, 74, 64, 
72, 62, 67, 75, 65, 70, 63, 68, 73, 66, 71)(76, 84, 89, 79, 87, 77, 82, 90, 80, 
85, 78, 83, 88, 81, 86),  ], [  (1, 39, 30, 6, 41, 17, 8, 43, 19, 10, 33, 24, 
15, 35, 26, 2, 37, 28, 4, 42, 18, 9, 44, 20, 11, 31, 22, 13, 36, 27, 3, 38, 29, 
5, 40, 16, 7, 45, 21, 12, 32, 23, 14, 34, 25)(46, 84, 75, 51, 86, 62, 53, 88, 
64, 55, 78, 69, 60, 80, 71, 47, 82, 73, 49, 87, 63, 54, 89, 65, 56, 76, 67, 58, 
81, 72, 48, 83, 74, 50, 85, 61, 52, 90, 66, 57, 77, 68, 59, 79, 70),  (1, 25, 
34, 14, 23, 32, 12, 21, 45, 7, 16, 40, 5, 29, 38, 3, 27, 36, 13, 22, 31, 11, 20,
44, 9, 18, 42, 4, 28, 37, 2, 26, 35, 15, 24, 33, 10, 19, 43, 8, 17, 41, 6, 30, 
39)(46, 70, 79, 59, 68, 77, 57, 66, 90, 52, 61, 85, 50, 74, 83, 48, 72, 81, 58, 
67, 76, 56, 65, 89, 54, 63, 87, 49, 73, 82, 47, 71, 80, 60, 69, 78, 55, 64, 88, 
53, 62, 86, 51, 75, 84),  ], [  (1, 9, 14, 4, 12, 2, 7, 15, 5, 10, 3, 8, 13, 6, 
11)(16, 24, 29, 19, 27, 17, 22, 30, 20, 25, 18, 23, 28, 21, 26)(31, 39, 44, 34, 
42, 32, 37, 45, 35, 40, 33, 38, 43, 36, 41)(46, 54, 59, 49, 57, 47, 52, 60, 50, 
55, 48, 53, 58, 51, 56)(61, 69, 74, 64, 72, 62, 67, 75, 65, 70, 63, 68, 73, 66, 
71)(76, 84, 89, 79, 87, 77, 82, 90, 80, 85, 78, 83, 88, 81, 86),  (1, 11, 6, 13,
8, 3, 10, 5, 15, 7, 2, 12, 4, 14, 9)(16, 26, 21, 28, 23, 18, 25, 20, 30, 22, 17,
27, 19, 29, 24)(31, 41, 36, 43, 38, 33, 40, 35, 45, 37, 32, 42, 34, 44, 39)(46, 
56, 51, 58, 53, 48, 55, 50, 60, 52, 47, 57, 49, 59, 54)(61, 71, 66, 73, 68, 63, 
70, 65, 75, 67, 62, 72, 64, 74, 69)(76, 86, 81, 88, 83, 78, 85, 80, 90, 82, 77, 
87, 79, 89, 84),  ], [  (1, 35, 22, 12, 43, 18, 5, 39, 26, 13, 32, 19, 9, 40, 
30, 2, 36, 23, 10, 44, 16, 6, 37, 27, 14, 33, 20, 7, 41, 28, 3, 34, 24, 11, 45, 
17, 4, 38, 25, 15, 31, 21, 8, 42, 29)(46, 80, 67, 57, 88, 63, 50, 84, 71, 58, 
77, 64, 54, 85, 75, 47, 81, 68, 55, 89, 61, 51, 82, 72, 59, 78, 65, 52, 86, 73, 
48, 79, 69, 56, 90, 62, 49, 83, 70, 60, 76, 66, 53, 87, 74),  (1, 29, 42, 8, 21,
31, 15, 25, 38, 4, 17, 45, 11, 24, 34, 3, 28, 41, 7, 20, 33, 14, 27, 37, 6, 16, 
44, 10, 23, 36, 2, 30, 40, 9, 19, 32, 13, 26, 39, 5, 18, 43, 12, 22, 35)(46, 74,
87, 53, 66, 76, 60, 70, 83, 49, 62, 90, 56, 69, 79, 48, 73, 86, 52, 65, 78, 59, 
72, 82, 51, 61, 89, 55, 68, 81, 47, 75, 85, 54, 64, 77, 58, 71, 84, 50, 63, 88, 
57, 67, 80),  ], [  (1, 44, 25, 9, 34, 18, 14, 42, 23, 4, 32, 28, 12, 37, 21, 2,
45, 26, 7, 35, 16, 15, 40, 24, 5, 33, 29, 10, 38, 19, 3, 43, 27, 8, 36, 17, 13, 
41, 22, 6, 31, 30, 11, 39, 20)(46, 89, 70, 54, 79, 63, 59, 87, 68, 49, 77, 73, 
57, 82, 66, 47, 90, 71, 52, 80, 61, 60, 85, 69, 50, 78, 74, 55, 83, 64, 48, 88, 
72, 53, 81, 62, 58, 86, 67, 51, 76, 75, 56, 84, 65),  (1, 20, 39, 11, 30, 31, 6,
22, 41, 13, 17, 36, 8, 27, 43, 3, 19, 38, 10, 29, 33, 5, 24, 40, 15, 16, 35, 7, 
26, 45, 2, 21, 37, 12, 28, 32, 4, 23, 42, 14, 18, 34, 9, 25, 44)(46, 65, 84, 56,
75, 76, 51, 67, 86, 58, 62, 81, 53, 72, 88, 48, 64, 83, 55, 74, 78, 50, 69, 85, 
60, 61, 80, 52, 71, 90, 47, 66, 82, 57, 73, 77, 49, 68, 87, 59, 63, 79, 54, 70, 
89),  ], [  (1, 42, 21, 15, 38, 17, 11, 34, 28, 7, 33, 27, 6, 44, 23, 2, 40, 19,
13, 39, 18, 12, 35, 29, 8, 31, 25, 4, 45, 24, 3, 41, 20, 14, 37, 16, 10, 36, 30,
