BRACES[86] := rec( total := -1, implemented := 2, size := 86, brace := [] );BRACES[86].brace[1] := rec ( size := 86, perms := [ [  (),  (),  
], [  (1, 44)(2, 45)(3, 46)(4, 47)(5, 48)(6, 49)(7, 50)(8, 51)(9, 52)(10, 53)(11, 54)(12, 55)(13, 56)(14, 57)(15, 58)(16, 59)(17, 60)(18, 
61)(19, 62)(20, 63)(21, 64)(22, 65)(23, 66)(24, 67)(25, 68)(26, 69)(27, 70)(28, 71)(29, 72)(30, 73)(31, 74)(32, 75)(33, 76)(34, 77)(35, 
78)(36, 79)(37, 80)(38, 81)(39, 82)(40, 83)(41, 84)(42, 85)(43, 86),  (1, 44)(2, 45)(3, 46)(4, 47)(5, 48)(6, 49)(7, 50)(8, 51)(9, 52)(10, 
53)(11, 54)(12, 55)(13, 56)(14, 57)(15, 58)(16, 59)(17, 60)(18, 61)(19, 62)(20, 63)(21, 64)(22, 65)(23, 66)(24, 67)(25, 68)(26, 69)(27, 
70)(28, 71)(29, 72)(30, 73)(31, 74)(32, 75)(33, 76)(34, 77)(35, 78)(36, 79)(37, 80)(38, 81)(39, 82)(40, 83)(41, 84)(42, 85)(43, 86),  ], [  
(1, 40, 36, 32, 28, 24, 20, 16, 12, 8, 4, 43, 39, 35, 31, 27, 23, 19, 15, 11, 7, 3, 42, 38, 34, 30, 26, 22, 18, 14, 10, 6, 2, 41, 37, 33, 29, 
25, 21, 17, 13, 9, 5)(44, 83, 79, 75, 71, 67, 63, 59, 55, 51, 47, 86, 82, 78, 74, 70, 66, 62, 58, 54, 50, 46, 85, 81, 77, 73, 69, 65, 61, 57, 
53, 49, 45, 84, 80, 76, 72, 68, 64, 60, 56, 52, 48),  (1, 5, 9, 13, 17, 21, 25, 29, 33, 37, 41, 2, 6, 10, 14, 18, 22, 26, 30, 34, 38, 42, 3, 
7, 11, 15, 19, 23, 27, 31, 35, 39, 43, 4, 8, 12, 16, 20, 24, 28, 32, 36, 40)(44, 48, 52, 56, 60, 64, 68, 72, 76, 80, 84, 45, 49, 53, 57, 61, 
65, 69, 73, 77, 81, 85, 46, 50, 54, 58, 62, 66, 70, 74, 78, 82, 86, 47, 51, 55, 59, 63, 67, 71, 75, 79, 83),  ], [  (1, 5, 9, 13, 17, 21, 25, 
29, 33, 37, 41, 2, 6, 10, 14, 18, 22, 26, 30, 34, 38, 42, 3, 7, 11, 15, 19, 23, 27, 31, 35, 39, 43, 4, 8, 12, 16, 20, 24, 28, 32, 36, 40)(44, 
48, 52, 56, 60, 64, 68, 72, 76, 80, 84, 45, 49, 53, 57, 61, 65, 69, 73, 77, 81, 85, 46, 50, 54, 58, 62, 66, 70, 74, 78, 82, 86, 47, 51, 55, 
59, 63, 67, 71, 75, 79, 83),  (1, 40, 36, 32, 28, 24, 20, 16, 12, 8, 4, 43, 39, 35, 31, 27, 23, 19, 15, 11, 7, 3, 42, 38, 34, 30, 26, 22, 18, 
14, 10, 6, 2, 41, 37, 33, 29, 25, 21, 17, 13, 9, 5)(44, 83, 79, 75, 71, 67, 63, 59, 55, 51, 47, 86, 82, 78, 74, 70, 66, 62, 58, 54, 50, 46, 
85, 81, 77, 73, 69, 65, 61, 57, 53, 49, 45, 84, 80, 76, 72, 68, 64, 60, 56, 52, 48),  ], [  (1, 83, 36, 75, 28, 67, 20, 59, 12, 51, 4, 86, 39,
78, 31, 70, 23, 62, 15, 54, 7, 46, 42, 81, 34, 73, 26, 65, 18, 57, 10, 49, 2, 84, 37, 76, 29, 68, 21, 60, 13, 52, 5, 44, 40, 79, 32, 71, 24, 
63, 16, 55, 8, 47, 43, 82, 35, 74, 27, 66, 19, 58, 11, 50, 3, 85, 38, 77, 30, 69, 22, 61, 14, 53, 6, 45, 41, 80, 33, 72, 25, 64, 17, 56, 9, 
48),  (1, 48, 9, 56, 17, 64, 25, 72, 33, 80, 41, 45, 6, 53, 14, 61, 22, 69, 30, 77, 38, 85, 3, 50, 11, 58, 19, 66, 27, 74, 35, 82, 43, 47, 8, 
55, 16, 63, 24, 71, 32, 79, 40, 44, 5, 52, 13, 60, 21, 68, 29, 76, 37, 84, 2, 49, 10, 57, 18, 65, 26, 73, 34, 81, 42, 46, 7, 54, 15, 62, 23, 
70, 31, 78, 39, 86, 4, 51, 12, 59, 20, 67, 28, 75, 36, 83),  ], [  (1, 48, 9, 56, 17, 64, 25, 72, 33, 80, 41, 45, 6, 53, 14, 61, 22, 69, 30, 
77, 38, 85, 3, 50, 11, 58, 19, 66, 27, 74, 35, 82, 43, 47, 8, 55, 16, 63, 24, 71, 32, 79, 40, 44, 5, 52, 13, 60, 21, 68, 29, 76, 37, 84, 2, 
49, 10, 57, 18, 65, 26, 73, 34, 81, 42, 46, 7, 54, 15, 62, 23, 70, 31, 78, 39, 86, 4, 51, 12, 59, 20, 67, 28, 75, 36, 83),  (1, 83, 36, 75, 
28, 67, 20, 59, 12, 51, 4, 86, 39, 78, 31, 70, 23, 62, 15, 54, 7, 46, 42, 81, 34, 73, 26, 65, 18, 57, 10, 49, 2, 84, 37, 76, 29, 68, 21, 60, 
13, 52, 5, 44, 40, 79, 32, 71, 24, 63, 16, 55, 8, 47, 43, 82, 35, 74, 27, 66, 19, 58, 11, 50, 3, 85, 38, 77, 30, 69, 22, 61, 14, 53, 6, 45, 
41, 80, 33, 72, 25, 64, 17, 56, 9, 48),  ], [  (1, 36, 28, 20, 12, 4, 39, 31, 23, 15, 7, 42, 34, 26, 18, 10, 2, 37, 29, 21, 13, 5, 40, 32, 24,
16, 8, 43, 35, 27, 19, 11, 3, 38, 30, 22, 14, 6, 41, 33, 25, 17, 9)(44, 79, 71, 63, 55, 47, 82, 74, 66, 58, 50, 85, 77, 69, 61, 53, 45, 80, 
72, 64, 56, 48, 83, 75, 67, 59, 51, 86, 78, 70, 62, 54, 46, 81, 73, 65, 57, 49, 84, 76, 68, 60, 52),  (1, 9, 17, 25, 33, 41, 6, 14, 22, 30, 
38, 3, 11, 19, 27, 35, 43, 8, 16, 24, 32, 40, 5, 13, 21, 29, 37, 2, 10, 18, 26, 34, 42, 7, 15, 23, 31, 39, 4, 12, 20, 28, 36)(44, 52, 60, 68, 
76, 84, 49, 57, 65, 73, 81, 46, 54, 62, 70, 78, 86, 51, 59, 67, 75, 83, 48, 56, 64, 72, 80, 45, 53, 61, 69, 77, 85, 50, 58, 66, 74, 82, 47, 
55, 63, 71, 79),  ], [  (1, 9, 17, 25, 33, 41, 6, 14, 22, 30, 38, 3, 11, 19, 27, 35, 43, 8, 16, 24, 32, 40, 5, 13, 21, 29, 37, 2, 10, 18, 26, 
34, 42, 7, 15, 23, 31, 39, 4, 12, 20, 28, 36)(44, 52, 60, 68, 76, 84, 49, 57, 65, 73, 81, 46, 54, 62, 70, 78, 86, 51, 59, 67, 75, 83, 48, 56, 
64, 72, 80, 45, 53, 61, 69, 77, 85, 50, 58, 66, 74, 82, 47, 55, 63, 71, 79),  (1, 36, 28, 20, 12, 4, 39, 31, 23, 15, 7, 42, 34, 26, 18, 10, 2,
37, 29, 21, 13, 5, 40, 32, 24, 16, 8, 43, 35, 27, 19, 11, 3, 38, 30, 22, 14, 6, 41, 33, 25, 17, 9)(44, 79, 71, 63, 55, 47, 82, 74, 66, 58, 50,
85, 77, 69, 61, 53, 45, 80, 72, 64, 56, 48, 83, 75, 67, 59, 51, 86, 78, 70, 62, 54, 46, 81, 73, 65, 57, 49, 84, 76, 68, 60, 52),  ], [  (1, 
79, 28, 63, 12, 47, 39, 74, 23, 58, 7, 85, 34, 69, 18, 53, 2, 80, 29, 64, 13, 48, 40, 75, 24, 59, 8, 86, 35, 70, 19, 54, 3, 81, 30, 65, 14, 
49, 41, 76, 25, 60, 9, 44, 36, 71, 20, 55, 4, 82, 31, 66, 15, 50, 42, 77, 26, 61, 10, 45, 37, 72, 21, 56, 5, 83, 32, 67, 16, 51, 43, 78, 27, 
62, 11, 46, 38, 73, 22, 57, 6, 84, 33, 68, 17, 52),  (1, 52, 17, 68, 33, 84, 6, 57, 22, 73, 38, 46, 11, 62, 27, 78, 43, 51, 16, 67, 32, 83, 5,
56, 21, 72, 37, 45, 10, 61, 26, 77, 42, 50, 15, 66, 31, 82, 4, 55, 20, 71, 36, 44, 9, 60, 25, 76, 41, 49, 14, 65, 30, 81, 3, 54, 19, 70, 35, 
86, 8, 59, 24, 75, 40, 48, 13, 64, 29, 80, 2, 53, 18, 69, 34, 85, 7, 58, 23, 74, 39, 47, 12, 63, 28, 79),  ], [  (1, 52, 17, 68, 33, 84, 6, 
57, 22, 73, 38, 46, 11, 62, 27, 78, 43, 51, 16, 67, 32, 83, 5, 56, 21, 72, 37, 45, 10, 61, 26, 77, 42, 50, 15, 66, 31, 82, 4, 55, 20, 71, 36, 
44, 9, 60, 25, 76, 41, 49, 14, 65, 30, 81, 3, 54, 19, 70, 35, 86, 8, 59, 24, 75, 40, 48, 13, 64, 29, 80, 2, 53, 18, 69, 34, 85, 7, 58, 23, 74,
39, 47, 12, 63, 28, 79),  (1, 79, 28, 63, 12, 47, 39, 74, 23, 58, 7, 85, 34, 69, 18, 53, 2, 80, 29, 64, 13, 48, 40, 75, 24, 59, 8, 86, 35, 70,
19, 54, 3, 81, 30, 65, 14, 49, 41, 76, 25, 60, 9, 44, 36, 71, 20, 55, 4, 82, 31, 66, 15, 50, 42, 77, 26, 61, 10, 45, 37, 72, 21, 56, 5, 83, 
32, 67, 16, 51, 43, 78, 27, 62, 11, 46, 38, 73, 22, 57, 6, 84, 33, 68, 17, 52),  ], [  (1, 32, 20, 8, 39, 27, 15, 3, 34, 22, 10, 41, 29, 17, 
5, 36, 24, 12, 43, 31, 19, 7, 38, 26, 14, 2, 33, 21, 9, 40, 28, 16, 4, 35, 23, 11, 42, 30, 18, 6, 37, 25, 13)(44, 75, 63, 51, 82, 70, 58, 46, 
77, 65, 53, 84, 72, 60, 48, 79, 67, 55, 86, 74, 62, 50, 81, 69, 57, 45, 76, 64, 52, 83, 71, 59, 47, 78, 66, 54, 85, 73, 61, 49, 80, 68, 56),  
(1, 13, 25, 37, 6, 18, 30, 42, 11, 23, 35, 4, 16, 28, 40, 9, 21, 33, 2, 14, 26, 38, 7, 19, 31, 43, 12, 24, 36, 5, 17, 29, 41, 10, 22, 34, 3, 
15, 27, 39, 8, 20, 32)(44, 56, 68, 80, 49, 61, 73, 85, 54, 66, 78, 47, 59, 71, 83, 52, 64, 76, 45, 57, 69, 81, 50, 62, 74, 86, 55, 67, 79, 48,
60, 72, 84, 53, 65, 77, 46, 58, 70, 82, 51, 63, 75),  ], [  (1, 13, 25, 37, 6, 18, 30, 42, 11, 23, 35, 4, 16, 28, 40, 9, 21, 33, 2, 14, 26, 
38, 7, 19, 31, 43, 12, 24, 36, 5, 17, 29, 41, 10, 22, 34, 3, 15, 27, 39, 8, 20, 32)(44, 56, 68, 80, 49, 61, 73, 85, 54, 66, 78, 47, 59, 71, 
83, 52, 64, 76, 45, 57, 69, 81, 50, 62, 74, 86, 55, 67, 79, 48, 60, 72, 84, 53, 65, 77, 46, 58, 70, 82, 51, 63, 75),  (1, 32, 20, 8, 39, 27, 
15, 3, 34, 22, 10, 41, 29, 17, 5, 36, 24, 12, 43, 31, 19, 7, 38, 26, 14, 2, 33, 21, 9, 40, 28, 16, 4, 35, 23, 11, 42, 30, 18, 6, 37, 25, 
13)(44, 75, 63, 51, 82, 70, 58, 46, 77, 65, 53, 84, 72, 60, 48, 79, 67, 55, 86, 74, 62, 50, 81, 69, 57, 45, 76, 64, 52, 83, 71, 59, 47, 78, 
66, 54, 85, 73, 61, 49, 80, 68, 56),  ], [  (1, 75, 20, 51, 39, 70, 15, 46, 34, 65, 10, 84, 29, 60, 5, 79, 24, 55, 43, 74, 19, 50, 38, 69, 14,
45, 33, 64, 9, 83, 28, 59, 4, 78, 23, 54, 42, 73, 18, 49, 37, 68, 13, 44, 32, 63, 8, 82, 27, 58, 3, 77, 22, 53, 41, 72, 17, 48, 36, 67, 12, 
86, 31, 62, 7, 81, 26, 57, 2, 76, 21, 52, 40, 71, 16, 47, 35, 66, 11, 85, 30, 61, 6, 80, 25, 56),  (1, 56, 25, 80, 6, 61, 30, 85, 11, 66, 35, 
47, 16, 71, 40, 52, 21, 76, 2, 57, 26, 81, 7, 62, 31, 86, 12, 67, 36, 48, 17, 72, 41, 53, 22, 77, 3, 58, 27, 82, 8, 63, 32, 44, 13, 68, 37, 
49, 18, 73, 42, 54, 23, 78, 4, 59, 28, 83, 9, 64, 33, 45, 14, 69, 38, 50, 19, 74, 43, 55, 24, 79, 5, 60, 29, 84, 10, 65, 34, 46, 15, 70, 39, 
51, 20, 75),  ], [  (1, 56, 25, 80, 6, 61, 30, 85, 11, 66, 35, 47, 16, 71, 40, 52, 21, 76, 2, 57, 26, 81, 7, 62, 31, 86, 12, 67, 36, 48, 17, 
72, 41, 53, 22, 77, 3, 58, 27, 82, 8, 63, 32, 44, 13, 68, 37, 49, 18, 73, 42, 54, 23, 78, 4, 59, 28, 83, 9, 64, 33, 45, 14, 69, 38, 50, 19, 
74, 43, 55, 24, 79, 5, 60, 29, 84, 10, 65, 34, 46, 15, 70, 39, 51, 20, 75),  (1, 75, 20, 51, 39, 70, 15, 46, 34, 65, 10, 84, 29, 60, 5, 79, 
24, 55, 43, 74, 19, 50, 38, 69, 14, 45, 33, 64, 9, 83, 28, 59, 4, 78, 23, 54, 42, 73, 18, 49, 37, 68, 13, 44, 32, 63, 8, 82, 27, 58, 3, 77, 
22, 53, 41, 72, 17, 48, 36, 67, 12, 86, 31, 62, 7, 81, 26, 57, 2, 76, 21, 52, 40, 71, 16, 47, 35, 66, 11, 85, 30, 61, 6, 80, 25, 56),  ], [  
(1, 28, 12, 39, 23, 7, 34, 18, 2, 29, 13, 40, 24, 8, 35, 19, 3, 30, 14, 41, 25, 9, 36, 20, 4, 31, 15, 42, 26, 10, 37, 21, 5, 32, 16, 43, 27, 
11, 38, 22, 6, 33, 17)(44, 71, 55, 82, 66, 50, 77, 61, 45, 72, 56, 83, 67, 51, 78, 62, 46, 73, 57, 84, 68, 52, 79, 63, 47, 74, 58, 85, 69, 53,
80, 64, 48, 75, 59, 86, 70, 54, 81, 65, 49, 76, 60),  (1, 17, 33, 6, 22, 38, 11, 27, 43, 16, 32, 5, 21, 37, 10, 26, 42, 15, 31, 4, 20, 36, 9, 
25, 41, 14, 30, 3, 19, 35, 8, 24, 40, 13, 29, 2, 18, 34, 7, 23, 39, 12, 28)(44, 60, 76, 49, 65, 81, 54, 70, 86, 59, 75, 48, 64, 80, 53, 69, 
85, 58, 74, 47, 63, 79, 52, 68, 84, 57, 73, 46, 62, 78, 51, 67, 83, 56, 72, 45, 61, 77, 50, 66, 82, 55, 71),  ], [  (1, 17, 33, 6, 22, 38, 11,
27, 43, 16, 32, 5, 21, 37, 10, 26, 42, 15, 31, 4, 20, 36, 9, 25, 41, 14, 30, 3, 19, 35, 8, 24, 40, 13, 29, 2, 18, 34, 7, 23, 39, 12, 28)(44, 
60, 76, 49, 65, 81, 54, 70, 86, 59, 75, 48, 64, 80, 53, 69, 85, 58, 74, 47, 63, 79, 52, 68, 84, 57, 73, 46, 62, 78, 51, 67, 83, 56, 72, 45, 
61, 77, 50, 66, 82, 55, 71),  (1, 28, 12, 39, 23, 7, 34, 18, 2, 29, 13, 40, 24, 8, 35, 19, 3, 30, 14, 41, 25, 9, 36, 20, 4, 31, 15, 42, 26, 
10, 37, 21, 5, 32, 16, 43, 27, 11, 38, 22, 6, 33, 17)(44, 71, 55, 82, 66, 50, 77, 61, 45, 72, 56, 83, 67, 51, 78, 62, 46, 73, 57, 84, 68, 52, 
79, 63, 47, 74, 58, 85, 69, 53, 80, 64, 48, 75, 59, 86, 70, 54, 81, 65, 49, 76, 60),  ], [  (1, 71, 12, 82, 23, 50, 34, 61, 2, 72, 13, 83, 24,
51, 35, 62, 3, 73, 14, 84, 25, 52, 36, 63, 4, 74, 15, 85, 26, 53, 37, 64, 5, 75, 16, 86, 27, 54, 38, 65, 6, 76, 17, 44, 28, 55, 39, 66, 7, 77,
18, 45, 29, 56, 40, 67, 8, 78, 19, 46, 30, 57, 41, 68, 9, 79, 20, 47, 31, 58, 42, 69, 10, 80, 21, 48, 32, 59, 43, 70, 11, 81, 22, 49, 33, 60),
(1, 60, 33, 49, 22, 81, 11, 70, 43, 59, 32, 48, 21, 80, 10, 69, 42, 58, 31, 47, 20, 79, 9, 68, 41, 57, 30, 46, 19, 78, 8, 67, 40, 56, 29, 45, 
18, 77, 7, 66, 39, 55, 28, 44, 17, 76, 6, 65, 38, 54, 27, 86, 16, 75, 5, 64, 37, 53, 26, 85, 15, 74, 4, 63, 36, 52, 25, 84, 14, 73, 3, 62, 35,
51, 24, 83, 13, 72, 2, 61, 34, 50, 23, 82, 12, 71),  ], [  (1, 60, 33, 49, 22, 81, 11, 70, 43, 59, 32, 48, 21, 80, 10, 69, 42, 58, 31, 47, 20,
79, 9, 68, 41, 57, 30, 46, 19, 78, 8, 67, 40, 56, 29, 45, 18, 77, 7, 66, 39, 55, 28, 44, 17, 76, 6, 65, 38, 54, 27, 86, 16, 75, 5, 64, 37, 53,
26, 85, 15, 74, 4, 63, 36, 52, 25, 84, 14, 73, 3, 62, 35, 51, 24, 83, 13, 72, 2, 61, 34, 50, 23, 82, 12, 71),  (1, 71, 12, 82, 23, 50, 34, 61,
2, 72, 13, 83, 24, 51, 35, 62, 3, 73, 14, 84, 25, 52, 36, 63, 4, 74, 15, 85, 26, 53, 37, 64, 5, 75, 16, 86, 27, 54, 38, 65, 6, 76, 17, 44, 28,
55, 39, 66, 7, 77, 18, 45, 29, 56, 40, 67, 8, 78, 19, 46, 30, 57, 41, 68, 9, 79, 20, 47, 31, 58, 42, 69, 10, 80, 21, 48, 32, 59, 43, 70, 11, 
81, 22, 49, 33, 60),  ], [  (1, 24, 4, 27, 7, 30, 10, 33, 13, 36, 16, 39, 19, 42, 22, 2, 25, 5, 28, 8, 31, 11, 34, 14, 37, 17, 40, 20, 43, 23,
3, 26, 6, 29, 9, 32, 12, 35, 15, 38, 18, 41, 21)(44, 67, 47, 70, 50, 73, 53, 76, 56, 79, 59, 82, 62, 85, 65, 45, 68, 48, 71, 51, 74, 54, 77, 
57, 80, 60, 83, 63, 86, 66, 46, 69, 49, 72, 52, 75, 55, 78, 58, 81, 61, 84, 64),  (1, 21, 41, 18, 38, 15, 35, 12, 32, 9, 29, 6, 26, 3, 23, 43,
20, 40, 17, 37, 14, 34, 11, 31, 8, 28, 5, 25, 2, 22, 42, 19, 39, 16, 36, 13, 33, 10, 30, 7, 27, 4, 24)(44, 64, 84, 61, 81, 58, 78, 55, 75, 52,
72, 49, 69, 46, 66, 86, 63, 83, 60, 80, 57, 77, 54, 74, 51, 71, 48, 68, 45, 65, 85, 62, 82, 59, 79, 56, 76, 53, 73, 50, 70, 47, 67),  ], [  
(1, 21, 41, 18, 38, 15, 35, 12, 32, 9, 29, 6, 26, 3, 23, 43, 20, 40, 17, 37, 14, 34, 11, 31, 8, 28, 5, 25, 2, 22, 42, 19, 39, 16, 36, 13, 33, 
10, 30, 7, 27, 4, 24)(44, 64, 84, 61, 81, 58, 78, 55, 75, 52, 72, 49, 69, 46, 66, 86, 63, 83, 60, 80, 57, 77, 54, 74, 51, 71, 48, 68, 45, 65, 
85, 62, 82, 59, 79, 56, 76, 53, 73, 50, 70, 47, 67),  (1, 24, 4, 27, 7, 30, 10, 33, 13, 36, 16, 39, 19, 42, 22, 2, 25, 5, 28, 8, 31, 11, 34, 
14, 37, 17, 40, 20, 43, 23, 3, 26, 6, 29, 9, 32, 12, 35, 15, 38, 18, 41, 21)(44, 67, 47, 70, 50, 73, 53, 76, 56, 79, 59, 82, 62, 85, 65, 45, 
68, 48, 71, 51, 74, 54, 77, 57, 80, 60, 83, 63, 86, 66, 46, 69, 49, 72, 52, 75, 55, 78, 58, 81, 61, 84, 64),  ], [  (1, 67, 4, 70, 7, 73, 10, 
76, 13, 79, 16, 82, 19, 85, 22, 45, 25, 48, 28, 51, 31, 54, 34, 57, 37, 60, 40, 63, 43, 66, 3, 69, 6, 72, 9, 75, 12, 78, 15, 81, 18, 84, 21, 
44, 24, 47, 27, 50, 30, 53, 33, 56, 36, 59, 39, 62, 42, 65, 2, 68, 5, 71, 8, 74, 11, 77, 14, 80, 17, 83, 20, 86, 23, 46, 26, 49, 29, 52, 32, 
55, 35, 58, 38, 61, 41, 64),  (1, 64, 41, 61, 38, 58, 35, 55, 32, 52, 29, 49, 26, 46, 23, 86, 20, 83, 17, 80, 14, 77, 11, 74, 8, 71, 5, 68, 2,
65, 42, 62, 39, 59, 36, 56, 33, 53, 30, 50, 27, 47, 24, 44, 21, 84, 18, 81, 15, 78, 12, 75, 9, 72, 6, 69, 3, 66, 43, 63, 40, 60, 37, 57, 34, 
54, 31, 51, 28, 48, 25, 45, 22, 85, 19, 82, 16, 79, 13, 76, 10, 73, 7, 70, 4, 67),  ], [  (1, 64, 41, 61, 38, 58, 35, 55, 32, 52, 29, 49, 26, 
46, 23, 86, 20, 83, 17, 80, 14, 77, 11, 74, 8, 71, 5, 68, 2, 65, 42, 62, 39, 59, 36, 56, 33, 53, 30, 50, 27, 47, 24, 44, 21, 84, 18, 81, 15, 
78, 12, 75, 9, 72, 6, 69, 3, 66, 43, 63, 40, 60, 37, 57, 34, 54, 31, 51, 28, 48, 25, 45, 22, 85, 19, 82, 16, 79, 13, 76, 10, 73, 7, 70, 4, 
67),  (1, 67, 4, 70, 7, 73, 10, 76, 13, 79, 16, 82, 19, 85, 22, 45, 25, 48, 28, 51, 31, 54, 34, 57, 37, 60, 40, 63, 43, 66, 3, 69, 6, 72, 9, 
75, 12, 78, 15, 81, 18, 84, 21, 44, 24, 47, 27, 50, 30, 53, 33, 56, 36, 59, 39, 62, 42, 65, 2, 68, 5, 71, 8, 74, 11, 77, 14, 80, 17, 83, 20, 
86, 23, 46, 26, 49, 29, 52, 32, 55, 35, 58, 38, 61, 41, 64),  ], [  (1, 20, 39, 15, 34, 10, 29, 5, 24, 43, 19, 38, 14, 33, 9, 28, 4, 23, 42, 
18, 37, 13, 32, 8, 27, 3, 22, 41, 17, 36, 12, 31, 7, 26, 2, 21, 40, 16, 35, 11, 30, 6, 25)(44, 63, 82, 58, 77, 53, 72, 48, 67, 86, 62, 81, 57,
76, 52, 71, 47, 66, 85, 61, 80, 56, 75, 51, 70, 46, 65, 84, 60, 79, 55, 74, 50, 69, 45, 64, 83, 59, 78, 54, 73, 49, 68),  (1, 25, 6, 30, 11, 
35, 16, 40, 21, 2, 26, 7, 31, 12, 36, 17, 41, 22, 3, 27, 8, 32, 13, 37, 18, 42, 23, 4, 28, 9, 33, 14, 38, 19, 43, 24, 5, 29, 10, 34, 15, 39, 
20)(44, 68, 49, 73, 54, 78, 59, 83, 64, 45, 69, 50, 74, 55, 79, 60, 84, 65, 46, 70, 51, 75, 56, 80, 61, 85, 66, 47, 71, 52, 76, 57, 81, 62, 
86, 67, 48, 72, 53, 77, 58, 82, 63),  ], [  (1, 25, 6, 30, 11, 35, 16, 40, 21, 2, 26, 7, 31, 12, 36, 17, 41, 22, 3, 27, 8, 32, 13, 37, 18, 42,
23, 4, 28, 9, 33, 14, 38, 19, 43, 24, 5, 29, 10, 34, 15, 39, 20)(44, 68, 49, 73, 54, 78, 59, 83, 64, 45, 69, 50, 74, 55, 79, 60, 84, 65, 46, 
70, 51, 75, 56, 80, 61, 85, 66, 47, 71, 52, 76, 57, 81, 62, 86, 67, 48, 72, 53, 77, 58, 82, 63),  (1, 20, 39, 15, 34, 10, 29, 5, 24, 43, 19, 
38, 14, 33, 9, 28, 4, 23, 42, 18, 37, 13, 32, 8, 27, 3, 22, 41, 17, 36, 12, 31, 7, 26, 2, 21, 40, 16, 35, 11, 30, 6, 25)(44, 63, 82, 58, 77, 
53, 72, 48, 67, 86, 62, 81, 57, 76, 52, 71, 47, 66, 85, 61, 80, 56, 75, 51, 70, 46, 65, 84, 60, 79, 55, 74, 50, 69, 45, 64, 83, 59, 78, 54, 
73, 49, 68),  ], [  (1, 63, 39, 58, 34, 53, 29, 48, 24, 86, 19, 81, 14, 76, 9, 71, 4, 66, 42, 61, 37, 56, 32, 51, 27, 46, 22, 84, 17, 79, 12, 
74, 7, 69, 2, 64, 40, 59, 35, 54, 30, 49, 25, 44, 20, 82, 15, 77, 10, 72, 5, 67, 43, 62, 38, 57, 33, 52, 28, 47, 23, 85, 18, 80, 13, 75, 8, 
70, 3, 65, 41, 60, 36, 55, 31, 50, 26, 45, 21, 83, 16, 78, 11, 73, 6, 68),  (1, 68, 6, 73, 11, 78, 16, 83, 21, 45, 26, 50, 31, 55, 36, 60, 41,
65, 3, 70, 8, 75, 13, 80, 18, 85, 23, 47, 28, 52, 33, 57, 38, 62, 43, 67, 5, 72, 10, 77, 15, 82, 20, 44, 25, 49, 30, 54, 35, 59, 40, 64, 2, 
69, 7, 74, 12, 79, 17, 84, 22, 46, 27, 51, 32, 56, 37, 61, 42, 66, 4, 71, 9, 76, 14, 81, 19, 86, 24, 48, 29, 53, 34, 58, 39, 63),  ], [  (1, 
68, 6, 73, 11, 78, 16, 83, 21, 45, 26, 50, 31, 55, 36, 60, 41, 65, 3, 70, 8, 75, 13, 80, 18, 85, 23, 47, 28, 52, 33, 57, 38, 62, 43, 67, 5, 
72, 10, 77, 15, 82, 20, 44, 25, 49, 30, 54, 35, 59, 40, 64, 2, 69, 7, 74, 12, 79, 17, 84, 22, 46, 27, 51, 32, 56, 37, 61, 42, 66, 4, 71, 9, 
76, 14, 81, 19, 86, 24, 48, 29, 53, 34, 58, 39, 63),  (1, 63, 39, 58, 34, 53, 29, 48, 24, 86, 19, 81, 14, 76, 9, 71, 4, 66, 42, 61, 37, 56, 
32, 51, 27, 46, 22, 84, 17, 79, 12, 74, 7, 69, 2, 64, 40, 59, 35, 54, 30, 49, 25, 44, 20, 82, 15, 77, 10, 72, 5, 67, 43, 62, 38, 57, 33, 52, 
28, 47, 23, 85, 18, 80, 13, 75, 8, 70, 3, 65, 41, 60, 36, 55, 31, 50, 26, 45, 21, 83, 16, 78, 11, 73, 6, 68),  ], [  (1, 16, 31, 3, 18, 33, 5,
20, 35, 7, 22, 37, 9, 24, 39, 11, 26, 41, 13, 28, 43, 15, 30, 2, 17, 32, 4, 19, 34, 6, 21, 36, 8, 23, 38, 10, 25, 40, 12, 27, 42, 14, 29)(44, 
59, 74, 46, 61, 76, 48, 63, 78, 50, 65, 80, 52, 67, 82, 54, 69, 84, 56, 71, 86, 58, 73, 45, 60, 75, 47, 62, 77, 49, 64, 79, 51, 66, 81, 53, 
68, 83, 55, 70, 85, 57, 72),  (1, 29, 14, 42, 27, 12, 40, 25, 10, 38, 23, 8, 36, 21, 6, 34, 19, 4, 32, 17, 2, 30, 15, 43, 28, 13, 41, 26, 11, 
39, 24, 9, 37, 22, 7, 35, 20, 5, 33, 18, 3, 31, 16)(44, 72, 57, 85, 70, 55, 83, 68, 53, 81, 66, 51, 79, 64, 49, 77, 62, 47, 75, 60, 45, 73, 
58, 86, 71, 56, 84, 69, 54, 82, 67, 52, 80, 65, 50, 78, 63, 48, 76, 61, 46, 74, 59),  ], [  (1, 29, 14, 42, 27, 12, 40, 25, 10, 38, 23, 8, 36,
21, 6, 34, 19, 4, 32, 17, 2, 30, 15, 43, 28, 13, 41, 26, 11, 39, 24, 9, 37, 22, 7, 35, 20, 5, 33, 18, 3, 31, 16)(44, 72, 57, 85, 70, 55, 83, 
68, 53, 81, 66, 51, 79, 64, 49, 77, 62, 47, 75, 60, 45, 73, 58, 86, 71, 56, 84, 69, 54, 82, 67, 52, 80, 65, 50, 78, 63, 48, 76, 61, 46, 74, 
59),  (1, 16, 31, 3, 18, 33, 5, 20, 35, 7, 22, 37, 9, 24, 39, 11, 26, 41, 13, 28, 43, 15, 30, 2, 17, 32, 4, 19, 34, 6, 21, 36, 8, 23, 38, 10, 
25, 40, 12, 27, 42, 14, 29)(44, 59, 74, 46, 61, 76, 48, 63, 78, 50, 65, 80, 52, 67, 82, 54, 69, 84, 56, 71, 86, 58, 73, 45, 60, 75, 47, 62, 
77, 49, 64, 79, 51, 66, 81, 53, 68, 83, 55, 70, 85, 57, 72),  ], [  (1, 55, 23, 77, 2, 56, 24, 78, 3, 57, 25, 79, 4, 58, 26, 80, 5, 59, 27, 
81, 6, 60, 28, 82, 7, 61, 29, 83, 8, 62, 30, 84, 9, 63, 31, 85, 10, 64, 32, 86, 11, 65, 33, 44, 12, 66, 34, 45, 13, 67, 35, 46, 14, 68, 36, 
47, 15, 69, 37, 48, 16, 70, 38, 49, 17, 71, 39, 50, 18, 72, 40, 51, 19, 73, 41, 52, 20, 74, 42, 53, 21, 75, 43, 54, 22, 76),  (1, 76, 22, 54, 
43, 75, 21, 53, 42, 74, 20, 52, 41, 73, 19, 51, 40, 72, 18, 50, 39, 71, 17, 49, 38, 70, 16, 48, 37, 69, 15, 47, 36, 68, 14, 46, 35, 67, 13, 
45, 34, 66, 12, 44, 33, 65, 11, 86, 32, 64, 10, 85, 31, 63, 9, 84, 30, 62, 8, 83, 29, 61, 7, 82, 28, 60, 6, 81, 27, 59, 5, 80, 26, 58, 4, 79, 
25, 57, 3, 78, 24, 56, 2, 77, 23, 55),  ], [  (1, 12, 23, 34, 2, 13, 24, 35, 3, 14, 25, 36, 4, 15, 26, 37, 5, 16, 27, 38, 6, 17, 28, 39, 7, 
18, 29, 40, 8, 19, 30, 41, 9, 20, 31, 42, 10, 21, 32, 43, 11, 22, 33)(44, 55, 66, 77, 45, 56, 67, 78, 46, 57, 68, 79, 47, 58, 69, 80, 48, 59, 
70, 81, 49, 60, 71, 82, 50, 61, 72, 83, 51, 62, 73, 84, 52, 63, 74, 85, 53, 64, 75, 86, 54, 65, 76),  (1, 33, 22, 11, 43, 32, 21, 10, 42, 31, 
20, 9, 41, 30, 19, 8, 40, 29, 18, 7, 39, 28, 17, 6, 38, 27, 16, 5, 37, 26, 15, 4, 36, 25, 14, 3, 35, 24, 13, 2, 34, 23, 12)(44, 76, 65, 54, 
86, 75, 64, 53, 85, 74, 63, 52, 84, 73, 62, 51, 83, 72, 61, 50, 82, 71, 60, 49, 81, 70, 59, 48, 80, 69, 58, 47, 79, 68, 57, 46, 78, 67, 56, 
45, 77, 66, 55),  ], [  (1, 51, 15, 65, 29, 79, 43, 50, 14, 64, 28, 78, 42, 49, 13, 63, 27, 77, 41, 48, 12, 62, 26, 76, 40, 47, 11, 61, 25, 
75, 39, 46, 10, 60, 24, 74, 38, 45, 9, 59, 23, 73, 37, 44, 8, 58, 22, 72, 36, 86, 7, 57, 21, 71, 35, 85, 6, 56, 20, 70, 34, 84, 5, 55, 19, 69,
33, 83, 4, 54, 18, 68, 32, 82, 3, 53, 17, 67, 31, 81, 2, 52, 16, 66, 30, 80),  (1, 80, 30, 66, 16, 52, 2, 81, 31, 67, 17, 53, 3, 82, 32, 68, 
18, 54, 4, 83, 33, 69, 19, 55, 5, 84, 34, 70, 20, 56, 6, 85, 35, 71, 21, 57, 7, 86, 36, 72, 22, 58, 8, 44, 37, 73, 23, 59, 9, 45, 38, 74, 24, 
60, 10, 46, 39, 75, 25, 61, 11, 47, 40, 76, 26, 62, 12, 48, 41, 77, 27, 63, 13, 49, 42, 78, 28, 64, 14, 50, 43, 79, 29, 65, 15, 51),  ], [  
(1, 59, 31, 46, 18, 76, 5, 63, 35, 50, 22, 80, 9, 67, 39, 54, 26, 84, 13, 71, 43, 58, 30, 45, 17, 75, 4, 62, 34, 49, 21, 79, 8, 66, 38, 53, 
25, 83, 12, 70, 42, 57, 29, 44, 16, 74, 3, 61, 33, 48, 20, 78, 7, 65, 37, 52, 24, 82, 11, 69, 41, 56, 28, 86, 15, 73, 2, 60, 32, 47, 19, 77, 
6, 64, 36, 51, 23, 81, 10, 68, 40, 55, 27, 85, 14, 72),  (1, 72, 14, 85, 27, 55, 40, 68, 10, 81, 23, 51, 36, 64, 6, 77, 19, 47, 32, 60, 2, 73,
15, 86, 28, 56, 41, 69, 11, 82, 24, 52, 37, 65, 7, 78, 20, 48, 33, 61, 3, 74, 16, 44, 29, 57, 42, 70, 12, 83, 25, 53, 38, 66, 8, 79, 21, 49, 
34, 62, 4, 75, 17, 45, 30, 58, 43, 71, 13, 84, 26, 54, 39, 67, 9, 80, 22, 50, 35, 63, 5, 76, 18, 46, 31, 59),  ], [  (1, 8, 15, 22, 29, 36, 
43, 7, 14, 21, 28, 35, 42, 6, 13, 20, 27, 34, 41, 5, 12, 19, 26, 33, 40, 4, 11, 18, 25, 32, 39, 3, 10, 17, 24, 31, 38, 2, 9, 16, 23, 30, 
37)(44, 51, 58, 65, 72, 79, 86, 50, 57, 64, 71, 78, 85, 49, 56, 63, 70, 77, 84, 48, 55, 62, 69, 76, 83, 47, 54, 61, 68, 75, 82, 46, 53, 60, 
67, 74, 81, 45, 52, 59, 66, 73, 80),  (1, 37, 30, 23, 16, 9, 2, 38, 31, 24, 17, 10, 3, 39, 32, 25, 18, 11, 4, 40, 33, 26, 19, 12, 5, 41, 34, 
27, 20, 13, 6, 42, 35, 28, 21, 14, 7, 43, 36, 29, 22, 15, 8)(44, 80, 73, 66, 59, 52, 45, 81, 74, 67, 60, 53, 46, 82, 75, 68, 61, 54, 47, 83, 
76, 69, 62, 55, 48, 84, 77, 70, 63, 56, 49, 85, 78, 71, 64, 57, 50, 86, 79, 72, 65, 58, 51),  ], [  (1, 47, 7, 53, 13, 59, 19, 65, 25, 71, 31,
77, 37, 83, 43, 46, 6, 52, 12, 58, 18, 64, 24, 70, 30, 76, 36, 82, 42, 45, 5, 51, 11, 57, 17, 63, 23, 69, 29, 75, 35, 81, 41, 44, 4, 50, 10, 
56, 16, 62, 22, 68, 28, 74, 34, 80, 40, 86, 3, 49, 9, 55, 15, 61, 21, 67, 27, 73, 33, 79, 39, 85, 2, 48, 8, 54, 14, 60, 20, 66, 26, 72, 32, 
78, 38, 84),  (1, 84, 38, 78, 32, 72, 26, 66, 20, 60, 14, 54, 8, 48, 2, 85, 39, 79, 33, 73, 27, 67, 21, 61, 15, 55, 9, 49, 3, 86, 40, 80, 34, 
74, 28, 68, 22, 62, 16, 56, 10, 50, 4, 44, 41, 81, 35, 75, 29, 69, 23, 63, 17, 57, 11, 51, 5, 45, 42, 82, 36, 76, 30, 70, 24, 64, 18, 58, 12, 
52, 6, 46, 43, 83, 37, 77, 31, 71, 25, 65, 19, 59, 13, 53, 7, 47),  ], [  (1, 4, 7, 10, 13, 16, 19, 22, 25, 28, 31, 34, 37, 40, 43, 3, 6, 9, 
12, 15, 18, 21, 24, 27, 30, 33, 36, 39, 42, 2, 5, 8, 11, 14, 17, 20, 23, 26, 29, 32, 35, 38, 41)(44, 47, 50, 53, 56, 59, 62, 65, 68, 71, 74, 
77, 80, 83, 86, 46, 49, 52, 55, 58, 61, 64, 67, 70, 73, 76, 79, 82, 85, 45, 48, 51, 54, 57, 60, 63, 66, 69, 72, 75, 78, 81, 84),  (1, 41, 38, 
35, 32, 29, 26, 23, 20, 17, 14, 11, 8, 5, 2, 42, 39, 36, 33, 30, 27, 24, 21, 18, 15, 12, 9, 6, 3, 43, 40, 37, 34, 31, 28, 25, 22, 19, 16, 13, 
10, 7, 4)(44, 84, 81, 78, 75, 72, 69, 66, 63, 60, 57, 54, 51, 48, 45, 85, 82, 79, 76, 73, 70, 67, 64, 61, 58, 55, 52, 49, 46, 86, 83, 80, 77, 
74, 71, 68, 65, 62, 59, 56, 53, 50, 47),  ], [  (1, 86, 42, 84, 40, 82, 38, 80, 36, 78, 34, 76, 32, 74, 30, 72, 28, 70, 26, 68, 24, 66, 22, 
64, 20, 62, 18, 60, 16, 58, 14, 56, 12, 54, 10, 52, 8, 50, 6, 48, 4, 46, 2, 44, 43, 85, 41, 83, 39, 81, 37, 79, 35, 77, 33, 75, 31, 73, 29, 
71, 27, 69, 25, 67, 23, 65, 21, 63, 19, 61, 17, 59, 15, 57, 13, 55, 11, 53, 9, 51, 7, 49, 5, 47, 3, 45),  (1, 45, 3, 47, 5, 49, 7, 51, 9, 53, 
11, 55, 13, 57, 15, 59, 17, 61, 19, 63, 21, 65, 23, 67, 25, 69, 27, 71, 29, 73, 31, 75, 33, 77, 35, 79, 37, 81, 39, 83, 41, 85, 43, 44, 2, 46,
4, 48, 6, 50, 8, 52, 10, 54, 12, 56, 14, 58, 16, 60, 18, 62, 20, 64, 22, 66, 24, 68, 26, 70, 28, 72, 30, 74, 32, 76, 34, 78, 36, 80, 38, 82, 
40, 84, 42, 86),  ], [  (1, 43, 42, 41, 40, 39, 38, 37, 36, 35, 34, 33, 32, 31, 30, 29, 28, 27, 26, 25, 24, 23, 22, 21, 20, 19, 18, 17, 16, 
15, 14, 13, 12, 11, 10, 9, 8, 7, 6, 5, 4, 3, 2)(44, 86, 85, 84, 83, 82, 81, 80, 79, 78, 77, 76, 75, 74, 73, 72, 71, 70, 69, 68, 67, 66, 65, 
64, 63, 62, 61, 60, 59, 58, 57, 56, 55, 54, 53, 52, 51, 50, 49, 48, 47, 46, 45),  (1, 2, 3, 4, 5, 6, 7, 8, 9, 10, 11, 12, 13, 14, 15, 16, 17, 
18, 19, 20, 21, 22, 23, 24, 25, 26, 27, 28, 29, 30, 31, 32, 33, 34, 35, 36, 37, 38, 39, 40, 41, 42, 43)(44, 45, 46, 47, 48, 49, 50, 51, 52, 
53, 54, 55, 56, 57, 58, 59, 60, 61, 62, 63, 64, 65, 66, 67, 68, 69, 70, 71, 72, 73, 74, 75, 76, 77, 78, 79, 80, 81, 82, 83, 84, 85, 86),  ], [
(1, 82, 34, 72, 24, 62, 14, 52, 4, 85, 37, 75, 27, 65, 17, 55, 7, 45, 40, 78, 30, 68, 20, 58, 10, 48, 43, 81, 33, 71, 23, 61, 13, 51, 3, 84, 
36, 74, 26, 64, 16, 54, 6, 44, 39, 77, 29, 67, 19, 57, 9, 47, 42, 80, 32, 70, 22, 60, 12, 50, 2, 83, 35, 73, 25, 63, 15, 53, 5, 86, 38, 76, 
28, 66, 18, 56, 8, 46, 41, 79, 31, 69, 21, 59, 11, 49),  (1, 49, 11, 59, 21, 69, 31, 79, 41, 46, 8, 56, 18, 66, 28, 76, 38, 86, 5, 53, 15, 63,
25, 73, 35, 83, 2, 50, 12, 60, 22, 70, 32, 80, 42, 47, 9, 57, 19, 67, 29, 77, 39, 44, 6, 54, 16, 64, 26, 74, 36, 84, 3, 51, 13, 61, 23, 71, 
33, 81, 43, 48, 10, 58, 20, 68, 30, 78, 40, 45, 7, 55, 17, 65, 27, 75, 37, 85, 4, 52, 14, 62, 24, 72, 34, 82),  ], [  (1, 39, 34, 29, 24, 19, 
14, 9, 4, 42, 37, 32, 27, 22, 17, 12, 7, 2, 40, 35, 30, 25, 20, 15, 10, 5, 43, 38, 33, 28, 23, 18, 13, 8, 3, 41, 36, 31, 26, 21, 16, 11, 
6)(44, 82, 77, 72, 67, 62, 57, 52, 47, 85, 80, 75, 70, 65, 60, 55, 50, 45, 83, 78, 73, 68, 63, 58, 53, 48, 86, 81, 76, 71, 66, 61, 56, 51, 46,
84, 79, 74, 69, 64, 59, 54, 49),  (1, 6, 11, 16, 21, 26, 31, 36, 41, 3, 8, 13, 18, 23, 28, 33, 38, 43, 5, 10, 15, 20, 25, 30, 35, 40, 2, 7, 
12, 17, 22, 27, 32, 37, 42, 4, 9, 14, 19, 24, 29, 34, 39)(44, 49, 54, 59, 64, 69, 74, 79, 84, 46, 51, 56, 61, 66, 71, 76, 81, 86, 48, 53, 58, 
63, 68, 73, 78, 83, 45, 50, 55, 60, 65, 70, 75, 80, 85, 47, 52, 57, 62, 67, 72, 77, 82),  ], [  (1, 78, 26, 60, 8, 85, 33, 67, 15, 49, 40, 74,
22, 56, 4, 81, 29, 63, 11, 45, 36, 70, 18, 52, 43, 77, 25, 59, 7, 84, 32, 66, 14, 48, 39, 73, 21, 55, 3, 80, 28, 62, 10, 44, 35, 69, 17, 51, 
42, 76, 24, 58, 6, 83, 31, 65, 13, 47, 38, 72, 20, 54, 2, 79, 27, 61, 9, 86, 34, 68, 16, 50, 41, 75, 23, 57, 5, 82, 30, 64, 12, 46, 37, 71, 
19, 53),  (1, 53, 19, 71, 37, 46, 12, 64, 30, 82, 5, 57, 23, 75, 41, 50, 16, 68, 34, 86, 9, 61, 27, 79, 2, 54, 20, 72, 38, 47, 13, 65, 31, 83,
6, 58, 24, 76, 42, 51, 17, 69, 35, 44, 10, 62, 28, 80, 3, 55, 21, 73, 39, 48, 14, 66, 32, 84, 7, 59, 25, 77, 43, 52, 18, 70, 36, 45, 11, 63, 
29, 81, 4, 56, 22, 74, 40, 49, 15, 67, 33, 85, 8, 60, 26, 78),  ], [  (1, 35, 26, 17, 8, 42, 33, 24, 15, 6, 40, 31, 22, 13, 4, 38, 29, 20, 11,
2, 36, 27, 18, 9, 43, 34, 25, 16, 7, 41, 32, 23, 14, 5, 39, 30, 21, 12, 3, 37, 28, 19, 10)(44, 78, 69, 60, 51, 85, 76, 67, 58, 49, 83, 74, 65,
56, 47, 81, 72, 63, 54, 45, 79, 70, 61, 52, 86, 77, 68, 59, 50, 84, 75, 66, 57, 48, 82, 73, 64, 55, 46, 80, 71, 62, 53),  (1, 10, 19, 28, 37, 
3, 12, 21, 30, 39, 5, 14, 23, 32, 41, 7, 16, 25, 34, 43, 9, 18, 27, 36, 2, 11, 20, 29, 38, 4, 13, 22, 31, 40, 6, 15, 24, 33, 42, 8, 17, 26, 
35)(44, 53, 62, 71, 80, 46, 55, 64, 73, 82, 48, 57, 66, 75, 84, 50, 59, 68, 77, 86, 52, 61, 70, 79, 45, 54, 63, 72, 81, 47, 56, 65, 74, 83, 
49, 58, 67, 76, 85, 51, 60, 69, 78),  ], [  (1, 74, 18, 48, 35, 65, 9, 82, 26, 56, 43, 73, 17, 47, 34, 64, 8, 81, 25, 55, 42, 72, 16, 46, 33, 
63, 7, 80, 24, 54, 41, 71, 15, 45, 32, 62, 6, 79, 23, 53, 40, 70, 14, 44, 31, 61, 5, 78, 22, 52, 39, 69, 13, 86, 30, 60, 4, 77, 21, 51, 38, 
68, 12, 85, 29, 59, 3, 76, 20, 50, 37, 67, 11, 84, 28, 58, 2, 75, 19, 49, 36, 66, 10, 83, 27, 57),  (1, 57, 27, 83, 10, 66, 36, 49, 19, 75, 2,
58, 28, 84, 11, 67, 37, 50, 20, 76, 3, 59, 29, 85, 12, 68, 38, 51, 21, 77, 4, 60, 30, 86, 13, 69, 39, 52, 22, 78, 5, 61, 31, 44, 14, 70, 40, 
53, 23, 79, 6, 62, 32, 45, 15, 71, 41, 54, 24, 80, 7, 63, 33, 46, 16, 72, 42, 55, 25, 81, 8, 64, 34, 47, 17, 73, 43, 56, 26, 82, 9, 65, 35, 
48, 18, 74),  ], [  (1, 31, 18, 5, 35, 22, 9, 39, 26, 13, 43, 30, 17, 4, 34, 21, 8, 38, 25, 12, 42, 29, 16, 3, 33, 20, 7, 37, 24, 11, 41, 28, 
15, 2, 32, 19, 6, 36, 23, 10, 40, 27, 14)(44, 74, 61, 48, 78, 65, 52, 82, 69, 56, 86, 73, 60, 47, 77, 64, 51, 81, 68, 55, 85, 72, 59, 46, 76, 
63, 50, 80, 67, 54, 84, 71, 58, 45, 75, 62, 49, 79, 66, 53, 83, 70, 57),  (1, 14, 27, 40, 10, 23, 36, 6, 19, 32, 2, 15, 28, 41, 11, 24, 37, 7,
20, 33, 3, 16, 29, 42, 12, 25, 38, 8, 21, 34, 4, 17, 30, 43, 13, 26, 39, 9, 22, 35, 5, 18, 31)(44, 57, 70, 83, 53, 66, 79, 49, 62, 75, 45, 58,
71, 84, 54, 67, 80, 50, 63, 76, 46, 59, 72, 85, 55, 68, 81, 51, 64, 77, 47, 60, 73, 86, 56, 69, 82, 52, 65, 78, 48, 61, 74),  ], [  (1, 70, 
10, 79, 19, 45, 28, 54, 37, 63, 3, 72, 12, 81, 21, 47, 30, 56, 39, 65, 5, 74, 14, 83, 23, 49, 32, 58, 41, 67, 7, 76, 16, 85, 25, 51, 34, 60, 
43, 69, 9, 78, 18, 44, 27, 53, 36, 62, 2, 71, 11, 80, 20, 46, 29, 55, 38, 64, 4, 73, 13, 82, 22, 48, 31, 57, 40, 66, 6, 75, 15, 84, 24, 50, 
33, 59, 42, 68, 8, 77, 17, 86, 26, 52, 35, 61),  (1, 61, 35, 52, 26, 86, 17, 77, 8, 68, 42, 59, 33, 50, 24, 84, 15, 75, 6, 66, 40, 57, 31, 48,
22, 82, 13, 73, 4, 64, 38, 55, 29, 46, 20, 80, 11, 71, 2, 62, 36, 53, 27, 44, 18, 78, 9, 69, 43, 60, 34, 51, 25, 85, 16, 76, 7, 67, 41, 58, 
32, 49, 23, 83, 14, 74, 5, 65, 39, 56, 30, 47, 21, 81, 12, 72, 3, 63, 37, 54, 28, 45, 19, 79, 10, 70),  ], [  (1, 72, 14, 85, 27, 55, 40, 68, 
10, 81, 23, 51, 36, 64, 6, 77, 19, 47, 32, 60, 2, 73, 15, 86, 28, 56, 41, 69, 11, 82, 24, 52, 37, 65, 7, 78, 20, 48, 33, 61, 3, 74, 16, 44, 
29, 57, 42, 70, 12, 83, 25, 53, 38, 66, 8, 79, 21, 49, 34, 62, 4, 75, 17, 45, 30, 58, 43, 71, 13, 84, 26, 54, 39, 67, 9, 80, 22, 50, 35, 63, 
5, 76, 18, 46, 31, 59),  (1, 59, 31, 46, 18, 76, 5, 63, 35, 50, 22, 80, 9, 67, 39, 54, 26, 84, 13, 71, 43, 58, 30, 45, 17, 75, 4, 62, 34, 49, 
21, 79, 8, 66, 38, 53, 25, 83, 12, 70, 42, 57, 29, 44, 16, 74, 3, 61, 33, 48, 20, 78, 7, 65, 37, 52, 24, 82, 11, 69, 41, 56, 28, 86, 15, 73, 
2, 60, 32, 47, 19, 77, 6, 64, 36, 51, 23, 81, 10, 68, 40, 55, 27, 85, 14, 72),  ], [  (1, 23, 2, 24, 3, 25, 4, 26, 5, 27, 6, 28, 7, 29, 8, 30,
9, 31, 10, 32, 11, 33, 12, 34, 13, 35, 14, 36, 15, 37, 16, 38, 17, 39, 18, 40, 19, 41, 20, 42, 21, 43, 22)(44, 66, 45, 67, 46, 68, 47, 69, 48,
70, 49, 71, 50, 72, 51, 73, 52, 74, 53, 75, 54, 76, 55, 77, 56, 78, 57, 79, 58, 80, 59, 81, 60, 82, 61, 83, 62, 84, 63, 85, 64, 86, 65),  (1, 
22, 43, 21, 42, 20, 41, 19, 40, 18, 39, 17, 38, 16, 37, 15, 36, 14, 35, 13, 34, 12, 33, 11, 32, 10, 31, 9, 30, 8, 29, 7, 28, 6, 27, 5, 26, 4, 
25, 3, 24, 2, 23)(44, 65, 86, 64, 85, 63, 84, 62, 83, 61, 82, 60, 81, 59, 80, 58, 79, 57, 78, 56, 77, 55, 76, 54, 75, 53, 74, 52, 73, 51, 72, 
50, 71, 49, 70, 48, 69, 47, 68, 46, 67, 45, 66),  ], [  (1, 66, 2, 67, 3, 68, 4, 69, 5, 70, 6, 71, 7, 72, 8, 73, 9, 74, 10, 75, 11, 76, 12, 
77, 13, 78, 14, 79, 15, 80, 16, 81, 17, 82, 18, 83, 19, 84, 20, 85, 21, 86, 22, 44, 23, 45, 24, 46, 25, 47, 26, 48, 27, 49, 28, 50, 29, 51, 
30, 52, 31, 53, 32, 54, 33, 55, 34, 56, 35, 57, 36, 58, 37, 59, 38, 60, 39, 61, 40, 62, 41, 63, 42, 64, 43, 65),  (1, 65, 43, 64, 42, 63, 41, 
62, 40, 61, 39, 60, 38, 59, 37, 58, 36, 57, 35, 56, 34, 55, 33, 54, 32, 53, 31, 52, 30, 51, 29, 50, 28, 49, 27, 48, 26, 47, 25, 46, 24, 45, 
23, 44, 22, 86, 21, 85, 20, 84, 19, 83, 18, 82, 17, 81, 16, 80, 15, 79, 14, 78, 13, 77, 12, 76, 11, 75, 10, 74, 9, 73, 8, 72, 7, 71, 6, 70, 5,
69, 4, 68, 3, 67, 2, 66),  ], [  (1, 19, 37, 12, 30, 5, 23, 41, 16, 34, 9, 27, 2, 20, 38, 13, 31, 6, 24, 42, 17, 35, 10, 28, 3, 21, 39, 14, 
32, 7, 25, 43, 18, 36, 11, 29, 4, 22, 40, 15, 33, 8, 26)(44, 62, 80, 55, 73, 48, 66, 84, 59, 77, 52, 70, 45, 63, 81, 56, 74, 49, 67, 85, 60, 
78, 53, 71, 46, 64, 82, 57, 75, 50, 68, 86, 61, 79, 54, 72, 47, 65, 83, 58, 76, 51, 69),  (1, 26, 8, 33, 15, 40, 22, 4, 29, 11, 36, 18, 43, 
25, 7, 32, 14, 39, 21, 3, 28, 10, 35, 17, 42, 24, 6, 31, 13, 38, 20, 2, 27, 9, 34, 16, 41, 23, 5, 30, 12, 37, 19)(44, 69, 51, 76, 58, 83, 65, 
47, 72, 54, 79, 61, 86, 68, 50, 75, 57, 82, 64, 46, 71, 53, 78, 60, 85, 67, 49, 74, 56, 81, 63, 45, 70, 52, 77, 59, 84, 66, 48, 73, 55, 80, 
62),  ], [  (1, 27, 10, 36, 19, 2, 28, 11, 37, 20, 3, 29, 12, 38, 21, 4, 30, 13, 39, 22, 5, 31, 14, 40, 23, 6, 32, 15, 41, 24, 7, 33, 16, 42, 
25, 8, 34, 17, 43, 26, 9, 35, 18)(44, 70, 53, 79, 62, 45, 71, 54, 80, 63, 46, 72, 55, 81, 64, 47, 73, 56, 82, 65, 48, 74, 57, 83, 66, 49, 75, 
58, 84, 67, 50, 76, 59, 85, 68, 51, 77, 60, 86, 69, 52, 78, 61),  (1, 18, 35, 9, 26, 43, 17, 34, 8, 25, 42, 16, 33, 7, 24, 41, 15, 32, 6, 23, 
40, 14, 31, 5, 22, 39, 13, 30, 4, 21, 38, 12, 29, 3, 20, 37, 11, 28, 2, 19, 36, 10, 27)(44, 61, 78, 52, 69, 86, 60, 77, 51, 68, 85, 59, 76, 
50, 67, 84, 58, 75, 49, 66, 83, 57, 74, 48, 65, 82, 56, 73, 47, 64, 81, 55, 72, 46, 63, 80, 54, 71, 45, 62, 79, 53, 70),  ], [  (1, 62, 37, 
55, 30, 48, 23, 84, 16, 77, 9, 70, 2, 63, 38, 56, 31, 49, 24, 85, 17, 78, 10, 71, 3, 64, 39, 57, 32, 50, 25, 86, 18, 79, 11, 72, 4, 65, 40, 
58, 33, 51, 26, 44, 19, 80, 12, 73, 5, 66, 41, 59, 34, 52, 27, 45, 20, 81, 13, 74, 6, 67, 42, 60, 35, 53, 28, 46, 21, 82, 14, 75, 7, 68, 43, 
61, 36, 54, 29, 47, 22, 83, 15, 76, 8, 69),  (1, 69, 8, 76, 15, 83, 22, 47, 29, 54, 36, 61, 43, 68, 7, 75, 14, 82, 21, 46, 28, 53, 35, 60, 42,
67, 6, 74, 13, 81, 20, 45, 27, 52, 34, 59, 41, 66, 5, 73, 12, 80, 19, 44, 26, 51, 33, 58, 40, 65, 4, 72, 11, 79, 18, 86, 25, 50, 32, 57, 39, 
64, 3, 71, 10, 78, 17, 85, 24, 49, 31, 56, 38, 63, 2, 70, 9, 77, 16, 84, 23, 48, 30, 55, 37, 62),  ], [  (1, 15, 29, 43, 14, 28, 42, 13, 27, 
41, 12, 26, 40, 11, 25, 39, 10, 24, 38, 9, 23, 37, 8, 22, 36, 7, 21, 35, 6, 20, 34, 5, 19, 33, 4, 18, 32, 3, 17, 31, 2, 16, 30)(44, 58, 72, 
86, 57, 71, 85, 56, 70, 84, 55, 69, 83, 54, 68, 82, 53, 67, 81, 52, 66, 80, 51, 65, 79, 50, 64, 78, 49, 63, 77, 48, 62, 76, 47, 61, 75, 46, 
60, 74, 45, 59, 73),  (1, 30, 16, 2, 31, 17, 3, 32, 18, 4, 33, 19, 5, 34, 20, 6, 35, 21, 7, 36, 22, 8, 37, 23, 9, 38, 24, 10, 39, 25, 11, 40, 
26, 12, 41, 27, 13, 42, 28, 14, 43, 29, 15)(44, 73, 59, 45, 74, 60, 46, 75, 61, 47, 76, 62, 48, 77, 63, 49, 78, 64, 50, 79, 65, 51, 80, 66, 
52, 81, 67, 53, 82, 68, 54, 83, 69, 55, 84, 70, 56, 85, 71, 57, 86, 72, 58),  ], [  (1, 58, 29, 86, 14, 71, 42, 56, 27, 84, 12, 69, 40, 54, 
25, 82, 10, 67, 38, 52, 23, 80, 8, 65, 36, 50, 21, 78, 6, 63, 34, 48, 19, 76, 4, 61, 32, 46, 17, 74, 2, 59, 30, 44, 15, 72, 43, 57, 28, 85, 
13, 70, 41, 55, 26, 83, 11, 68, 39, 53, 24, 81, 9, 66, 37, 51, 22, 79, 7, 64, 35, 49, 20, 77, 5, 62, 33, 47, 18, 75, 3, 60, 31, 45, 16, 73),  
(1, 73, 16, 45, 31, 60, 3, 75, 18, 47, 33, 62, 5, 77, 20, 49, 35, 64, 7, 79, 22, 51, 37, 66, 9, 81, 24, 53, 39, 68, 11, 83, 26, 55, 41, 70, 
13, 85, 28, 57, 43, 72, 15, 44, 30, 59, 2, 74, 17, 46, 32, 61, 4, 76, 19, 48, 34, 63, 6, 78, 21, 50, 36, 65, 8, 80, 23, 52, 38, 67, 10, 82, 
25, 54, 40, 69, 12, 84, 27, 56, 42, 71, 14, 86, 29, 58),  ], [  (1, 11, 21, 31, 41, 8, 18, 28, 38, 5, 15, 25, 35, 2, 12, 22, 32, 42, 9, 19, 
29, 39, 6, 16, 26, 36, 3, 13, 23, 33, 43, 10, 20, 30, 40, 7, 17, 27, 37, 4, 14, 24, 34)(44, 54, 64, 74, 84, 51, 61, 71, 81, 48, 58, 68, 78, 
45, 55, 65, 75, 85, 52, 62, 72, 82, 49, 59, 69, 79, 46, 56, 66, 76, 86, 53, 63, 73, 83, 50, 60, 70, 80, 47, 57, 67, 77),  (1, 34, 24, 14, 4, 
37, 27, 17, 7, 40, 30, 20, 10, 43, 33, 23, 13, 3, 36, 26, 16, 6, 39, 29, 19, 9, 42, 32, 22, 12, 2, 35, 25, 15, 5, 38, 28, 18, 8, 41, 31, 21, 
11)(44, 77, 67, 57, 47, 80, 70, 60, 50, 83, 73, 63, 53, 86, 76, 66, 56, 46, 79, 69, 59, 49, 82, 72, 62, 52, 85, 75, 65, 55, 45, 78, 68, 58, 
48, 81, 71, 61, 51, 84, 74, 64, 54),  ], [  (1, 54, 21, 74, 41, 51, 18, 71, 38, 48, 15, 68, 35, 45, 12, 65, 32, 85, 9, 62, 29, 82, 6, 59, 26, 
79, 3, 56, 23, 76, 43, 53, 20, 73, 40, 50, 17, 70, 37, 47, 14, 67, 34, 44, 11, 64, 31, 84, 8, 61, 28, 81, 5, 58, 25, 78, 2, 55, 22, 75, 42, 
52, 19, 72, 39, 49, 16, 69, 36, 46, 13, 66, 33, 86, 10, 63, 30, 83, 7, 60, 27, 80, 4, 57, 24, 77),  (1, 77, 24, 57, 4, 80, 27, 60, 7, 83, 30, 
63, 10, 86, 33, 66, 13, 46, 36, 69, 16, 49, 39, 72, 19, 52, 42, 75, 22, 55, 2, 78, 25, 58, 5, 81, 28, 61, 8, 84, 31, 64, 11, 44, 34, 67, 14, 
47, 37, 70, 17, 50, 40, 73, 20, 53, 43, 76, 23, 56, 3, 79, 26, 59, 6, 82, 29, 62, 9, 85, 32, 65, 12, 45, 35, 68, 15, 48, 38, 71, 18, 51, 41, 
74, 21, 54),  ], [  (1, 7, 13, 19, 25, 31, 37, 43, 6, 12, 18, 24, 30, 36, 42, 5, 11, 17, 23, 29, 35, 41, 4, 10, 16, 22, 28, 34, 40, 3, 9, 15, 
21, 27, 33, 39, 2, 8, 14, 20, 26, 32, 38)(44, 50, 56, 62, 68, 74, 80, 86, 49, 55, 61, 67, 73, 79, 85, 48, 54, 60, 66, 72, 78, 84, 47, 53, 59, 
65, 71, 77, 83, 46, 52, 58, 64, 70, 76, 82, 45, 51, 57, 63, 69, 75, 81),  (1, 38, 32, 26, 20, 14, 8, 2, 39, 33, 27, 21, 15, 9, 3, 40, 34, 28, 
22, 16, 10, 4, 41, 35, 29, 23, 17, 11, 5, 42, 36, 30, 24, 18, 12, 6, 43, 37, 31, 25, 19, 13, 7)(44, 81, 75, 69, 63, 57, 51, 45, 82, 76, 70, 
64, 58, 52, 46, 83, 77, 71, 65, 59, 53, 47, 84, 78, 72, 66, 60, 54, 48, 85, 79, 73, 67, 61, 55, 49, 86, 80, 74, 68, 62, 56, 50),  ], [  (1, 
50, 13, 62, 25, 74, 37, 86, 6, 55, 18, 67, 30, 79, 42, 48, 11, 60, 23, 72, 35, 84, 4, 53, 16, 65, 28, 77, 40, 46, 9, 58, 21, 70, 33, 82, 2, 
51, 14, 63, 26, 75, 38, 44, 7, 56, 19, 68, 31, 80, 43, 49, 12, 61, 24, 73, 36, 85, 5, 54, 17, 66, 29, 78, 41, 47, 10, 59, 22, 71, 34, 83, 3, 
52, 15, 64, 27, 76, 39, 45, 8, 57, 20, 69, 32, 81),  (1, 81, 32, 69, 20, 57, 8, 45, 39, 76, 27, 64, 15, 52, 3, 83, 34, 71, 22, 59, 10, 47, 41,
78, 29, 66, 17, 54, 5, 85, 36, 73, 24, 61, 12, 49, 43, 80, 31, 68, 19, 56, 7, 44, 38, 75, 26, 63, 14, 51, 2, 82, 33, 70, 21, 58, 9, 46, 40, 
77, 28, 65, 16, 53, 4, 84, 35, 72, 23, 60, 11, 48, 42, 79, 30, 67, 18, 55, 6, 86, 37, 74, 25, 62, 13, 50),  ], [  (1, 3, 5, 7, 9, 11, 13, 15, 
17, 19, 21, 23, 25, 27, 29, 31, 33, 35, 37, 39, 41, 43, 2, 4, 6, 8, 10, 12, 14, 16, 18, 20, 22, 24, 26, 28, 30, 32, 34, 36, 38, 40, 42)(44, 
46, 48, 50, 52, 54, 56, 58, 60, 62, 64, 66, 68, 70, 72, 74, 76, 78, 80, 82, 84, 86, 45, 47, 49, 51, 53, 55, 57, 59, 61, 63, 65, 67, 69, 71, 
73, 75, 77, 79, 81, 83, 85),  (1, 42, 40, 38, 36, 34, 32, 30, 28, 26, 24, 22, 20, 18, 16, 14, 12, 10, 8, 6, 4, 2, 43, 41, 39, 37, 35, 33, 31, 
29, 27, 25, 23, 21, 19, 17, 15, 13, 11, 9, 7, 5, 3)(44, 85, 83, 81, 79, 77, 75, 73, 71, 69, 67, 65, 63, 61, 59, 57, 55, 53, 51, 49, 47, 45, 
86, 84, 82, 80, 78, 76, 74, 72, 70, 68, 66, 64, 62, 60, 58, 56, 54, 52, 50, 48, 46),  ], [  (1, 46, 5, 50, 9, 54, 13, 58, 17, 62, 21, 66, 25, 
70, 29, 74, 33, 78, 37, 82, 41, 86, 2, 47, 6, 51, 10, 55, 14, 59, 18, 63, 22, 67, 26, 71, 30, 75, 34, 79, 38, 83, 42, 44, 3, 48, 7, 52, 11, 
56, 15, 60, 19, 64, 23, 68, 27, 72, 31, 76, 35, 80, 39, 84, 43, 45, 4, 49, 8, 53, 12, 57, 16, 61, 20, 65, 24, 69, 28, 73, 32, 77, 36, 81, 40, 
85),  (1, 85, 40, 81, 36, 77, 32, 73, 28, 69, 24, 65, 20, 61, 16, 57, 12, 53, 8, 49, 4, 45, 43, 84, 39, 80, 35, 76, 31, 72, 27, 68, 23, 64, 
19, 60, 15, 56, 11, 52, 7, 48, 3, 44, 42, 83, 38, 79, 34, 75, 30, 71, 26, 67, 22, 63, 18, 59, 14, 55, 10, 51, 6, 47, 2, 86, 41, 82, 37, 78, 
33, 74, 29, 70, 25, 66, 21, 62, 17, 58, 13, 54, 9, 50, 5, 46),  ], [  (1, 42, 40, 38, 36, 34, 32, 30, 28, 26, 24, 22, 20, 18, 16, 14, 12, 10, 
8, 6, 4, 2, 43, 41, 39, 37, 35, 33, 31, 29, 27, 25, 23, 21, 19, 17, 15, 13, 11, 9, 7, 5, 3)(44, 85, 83, 81, 79, 77, 75, 73, 71, 69, 67, 65, 
63, 61, 59, 57, 55, 53, 51, 49, 47, 45, 86, 84, 82, 80, 78, 76, 74, 72, 70, 68, 66, 64, 62, 60, 58, 56, 54, 52, 50, 48, 46),  (1, 3, 5, 7, 9, 
11, 13, 15, 17, 19, 21, 23, 25, 27, 29, 31, 33, 35, 37, 39, 41, 43, 2, 4, 6, 8, 10, 12, 14, 16, 18, 20, 22, 24, 26, 28, 30, 32, 34, 36, 38, 
40, 42)(44, 46, 48, 50, 52, 54, 56, 58, 60, 62, 64, 66, 68, 70, 72, 74, 76, 78, 80, 82, 84, 86, 45, 47, 49, 51, 53, 55, 57, 59, 61, 63, 65, 
