BRACES[110] := rec( total := -1, implemented := 6, size := 110, brace := [] 
);BRACES[110].brace[1] := rec ( size := 110, perms := [ [  (),  (),  ], [  (1, 
56)(2, 57)(3, 58)(4, 59)(5, 60)(6, 61)(7, 62)(8, 63)(9, 64)(10, 65)(11, 66)(12, 
67)(13, 68)(14, 69)(15, 70)(16, 71)(17, 72)(18, 73)(19, 74)(20, 75)(21, 76)(22, 
77)(23, 78)(24, 79)(25, 80)(26, 81)(27, 82)(28, 83)(29, 84)(30, 85)(31, 86)(32, 
87)(33, 88)(34, 89)(35, 90)(36, 91)(37, 92)(38, 93)(39, 94)(40, 95)(41, 96)(42, 
97)(43, 98)(44, 99)(45, 100)(46, 101)(47, 102)(48, 103)(49, 104)(50, 105)(51, 
106)(52, 107)(53, 108)(54, 109)(55, 110),  (1, 56)(2, 66)(3, 65)(4, 64)(5, 
63)(6, 62)(7, 61)(8, 60)(9, 59)(10, 58)(11, 57)(12, 67)(13, 77)(14, 76)(15, 
75)(16, 74)(17, 73)(18, 72)(19, 71)(20, 70)(21, 69)(22, 68)(23, 78)(24, 88)(25, 
87)(26, 86)(27, 85)(28, 84)(29, 83)(30, 82)(31, 81)(32, 80)(33, 79)(34, 89)(35, 
99)(36, 98)(37, 97)(38, 96)(39, 95)(40, 94)(41, 93)(42, 92)(43, 91)(44, 90)(45, 
100)(46, 110)(47, 109)(48, 108)(49, 107)(50, 106)(51, 105)(52, 104)(53, 103)(54,
102)(55, 101),  ], [  (1, 12, 23, 34, 45)(2, 13, 24, 35, 46)(3, 14, 25, 36, 
47)(4, 15, 26, 37, 48)(5, 16, 27, 38, 49)(6, 17, 28, 39, 50)(7, 18, 29, 40, 
51)(8, 19, 30, 41, 52)(9, 20, 31, 42, 53)(10, 21, 32, 43, 54)(11, 22, 33, 44, 
55)(56, 67, 78, 89, 100)(57, 68, 79, 90, 101)(58, 69, 80, 91, 102)(59, 70, 81, 
92, 103)(60, 71, 82, 93, 104)(61, 72, 83, 94, 105)(62, 73, 84, 95, 106)(63, 74, 
85, 96, 107)(64, 75, 86, 97, 108)(65, 76, 87, 98, 109)(66, 77, 88, 99, 110),  
(1, 45, 34, 23, 12)(2, 46, 35, 24, 13)(3, 47, 36, 25, 14)(4, 48, 37, 26, 15)(5, 
49, 38, 27, 16)(6, 50, 39, 28, 17)(7, 51, 40, 29, 18)(8, 52, 41, 30, 19)(9, 53, 
42, 31, 20)(10, 54, 43, 32, 21)(11, 55, 44, 33, 22)(56, 100, 89, 78, 67)(57, 
101, 90, 79, 68)(58, 102, 91, 80, 69)(59, 103, 92, 81, 70)(60, 104, 93, 82, 
71)(61, 105, 94, 83, 72)(62, 106, 95, 84, 73)(63, 107, 96, 85, 74)(64, 108, 97, 
86, 75)(65, 109, 98, 87, 76)(66, 110, 99, 88, 77),  ], [  (1, 11, 10, 9, 8, 7, 
6, 5, 4, 3, 2)(12, 22, 21, 20, 19, 18, 17, 16, 15, 14, 13)(23, 33, 32, 31, 30, 
29, 28, 27, 26, 25, 24)(34, 44, 43, 42, 41, 40, 39, 38, 37, 36, 35)(45, 55, 54, 
53, 52, 51, 50, 49, 48, 47, 46)(56, 66, 65, 64, 63, 62, 61, 60, 59, 58, 57)(67, 
77, 76, 75, 74, 73, 72, 71, 70, 69, 68)(78, 88, 87, 86, 85, 84, 83, 82, 81, 80, 
79)(89, 99, 98, 97, 96, 95, 94, 93, 92, 91, 90)(100, 110, 109, 108, 107, 106, 
105, 104, 103, 102, 101),  (1, 2, 3, 4, 5, 6, 7, 8, 9, 10, 11)(12, 13, 14, 15, 
16, 17, 18, 19, 20, 21, 22)(23, 24, 25, 26, 27, 28, 29, 30, 31, 32, 33)(34, 35, 
36, 37, 38, 39, 40, 41, 42, 43, 44)(45, 46, 47, 48, 49, 50, 51, 52, 53, 54, 
55)(56, 57, 58, 59, 60, 61, 62, 63, 64, 65, 66)(67, 68, 69, 70, 71, 72, 73, 74, 
75, 76, 77)(78, 79, 80, 81, 82, 83, 84, 85, 86, 87, 88)(89, 90, 91, 92, 93, 94, 
95, 96, 97, 98, 99)(100, 101, 102, 103, 104, 105, 106, 107, 108, 109, 110),  ], 
[  (1, 45, 34, 23, 12)(2, 46, 35, 24, 13)(3, 47, 36, 25, 14)(4, 48, 37, 26, 
15)(5, 49, 38, 27, 16)(6, 50, 39, 28, 17)(7, 51, 40, 29, 18)(8, 52, 41, 30, 
19)(9, 53, 42, 31, 20)(10, 54, 43, 32, 21)(11, 55, 44, 33, 22)(56, 100, 89, 78, 
67)(57, 101, 90, 79, 68)(58, 102, 91, 80, 69)(59, 103, 92, 81, 70)(60, 104, 93, 
82, 71)(61, 105, 94, 83, 72)(62, 106, 95, 84, 73)(63, 107, 96, 85, 74)(64, 108, 
97, 86, 75)(65, 109, 98, 87, 76)(66, 110, 99, 88, 77),  (1, 12, 23, 34, 45)(2, 
13, 24, 35, 46)(3, 14, 25, 36, 47)(4, 15, 26, 37, 48)(5, 16, 27, 38, 49)(6, 17, 
28, 39, 50)(7, 18, 29, 40, 51)(8, 19, 30, 41, 52)(9, 20, 31, 42, 53)(10, 21, 32,
43, 54)(11, 22, 33, 44, 55)(56, 67, 78, 89, 100)(57, 68, 79, 90, 101)(58, 69, 
80, 91, 102)(59, 70, 81, 92, 103)(60, 71, 82, 93, 104)(61, 72, 83, 94, 105)(62, 
73, 84, 95, 106)(63, 74, 85, 96, 107)(64, 75, 86, 97, 108)(65, 76, 87, 98, 
109)(66, 77, 88, 99, 110),  ], [  (1, 2, 3, 4, 5, 6, 7, 8, 9, 10, 11)(12, 13, 
14, 15, 16, 17, 18, 19, 20, 21, 22)(23, 24, 25, 26, 27, 28, 29, 30, 31, 32, 
33)(34, 35, 36, 37, 38, 39, 40, 41, 42, 43, 44)(45, 46, 47, 48, 49, 50, 51, 52, 
53, 54, 55)(56, 57, 58, 59, 60, 61, 62, 63, 64, 65, 66)(67, 68, 69, 70, 71, 72, 
73, 74, 75, 76, 77)(78, 79, 80, 81, 82, 83, 84, 85, 86, 87, 88)(89, 90, 91, 92, 
93, 94, 95, 96, 97, 98, 99)(100, 101, 102, 103, 104, 105, 106, 107, 108, 109, 
110),  (1, 11, 10, 9, 8, 7, 6, 5, 4, 3, 2)(12, 22, 21, 20, 19, 18, 17, 16, 15, 
14, 13)(23, 33, 32, 31, 30, 29, 28, 27, 26, 25, 24)(34, 44, 43, 42, 41, 40, 39, 
38, 37, 36, 35)(45, 55, 54, 53, 52, 51, 50, 49, 48, 47, 46)(56, 66, 65, 64, 63, 
62, 61, 60, 59, 58, 57)(67, 77, 76, 75, 74, 73, 72, 71, 70, 69, 68)(78, 88, 87, 
86, 85, 84, 83, 82, 81, 80, 79)(89, 99, 98, 97, 96, 95, 94, 93, 92, 91, 90)(100,
110, 109, 108, 107, 106, 105, 104, 103, 102, 101),  ], [  (1, 67, 23, 89, 45, 
56, 12, 78, 34, 100)(2, 68, 24, 90, 46, 57, 13, 79, 35, 101)(3, 69, 25, 91, 47, 
58, 14, 80, 36, 102)(4, 70, 26, 92, 48, 59, 15, 81, 37, 103)(5, 71, 27, 93, 49, 
60, 16, 82, 38, 104)(6, 72, 28, 94, 50, 61, 17, 83, 39, 105)(7, 73, 29, 95, 51, 
62, 18, 84, 40, 106)(8, 74, 30, 96, 52, 63, 19, 85, 41, 107)(9, 75, 31, 97, 53, 
64, 20, 86, 42, 108)(10, 76, 32, 98, 54, 65, 21, 87, 43, 109)(11, 77, 33, 99, 
55, 66, 22, 88, 44, 110),  (1, 100, 34, 78, 12, 56, 45, 89, 23, 67)(2, 110, 35, 
88, 13, 66, 46, 99, 24, 77)(3, 109, 36, 87, 14, 65, 47, 98, 25, 76)(4, 108, 37, 
86, 15, 64, 48, 97, 26, 75)(5, 107, 38, 85, 16, 63, 49, 96, 27, 74)(6, 106, 39, 
84, 17, 62, 50, 95, 28, 73)(7, 105, 40, 83, 18, 61, 51, 94, 29, 72)(8, 104, 41, 
82, 19, 60, 52, 93, 30, 71)(9, 103, 42, 81, 20, 59, 53, 92, 31, 70)(10, 102, 43,
80, 21, 58, 54, 91, 32, 69)(11, 101, 44, 79, 22, 57, 55, 90, 33, 68),  ], [  (1,
57, 3, 59, 5, 61, 7, 63, 9, 65, 11, 56, 2, 58, 4, 60, 6, 62, 8, 64, 10, 66)(12, 
68, 14, 70, 16, 72, 18, 74, 20, 76, 22, 67, 13, 69, 15, 71, 17, 73, 19, 75, 21, 
77)(23, 79, 25, 81, 27, 83, 29, 85, 31, 87, 33, 78, 24, 80, 26, 82, 28, 84, 30, 
86, 32, 88)(34, 90, 36, 92, 38, 94, 40, 96, 42, 98, 44, 89, 35, 91, 37, 93, 39, 
95, 41, 97, 43, 99)(45, 101, 47, 103, 49, 105, 51, 107, 53, 109, 55, 100, 46, 
102, 48, 104, 50, 106, 52, 108, 54, 110),  (1, 57)(2, 56)(3, 66)(4, 65)(5, 
64)(6, 63)(7, 62)(8, 61)(9, 60)(10, 59)(11, 58)(12, 68)(13, 67)(14, 77)(15, 
76)(16, 75)(17, 74)(18, 73)(19, 72)(20, 71)(21, 70)(22, 69)(23, 79)(24, 78)(25, 
88)(26, 87)(27, 86)(28, 85)(29, 84)(30, 83)(31, 82)(32, 81)(33, 80)(34, 90)(35, 
89)(36, 99)(37, 98)(38, 97)(39, 96)(40, 95)(41, 94)(42, 93)(43, 92)(44, 91)(45, 
101)(46, 100)(47, 110)(48, 109)(49, 108)(50, 107)(51, 106)(52, 105)(53, 104)(54,
103)(55, 102),  ], [  (1, 100, 34, 78, 12, 56, 45, 89, 23, 67)(2, 101, 35, 79, 
13, 57, 46, 90, 24, 68)(3, 102, 36, 80, 14, 58, 47, 91, 25, 69)(4, 103, 37, 81, 
15, 59, 48, 92, 26, 70)(5, 104, 38, 82, 16, 60, 49, 93, 27, 71)(6, 105, 39, 83, 
17, 61, 50, 94, 28, 72)(7, 106, 40, 84, 18, 62, 51, 95, 29, 73)(8, 107, 41, 85, 
19, 63, 52, 96, 30, 74)(9, 108, 42, 86, 20, 64, 53, 97, 31, 75)(10, 109, 43, 87,
21, 65, 54, 98, 32, 76)(11, 110, 44, 88, 22, 66, 55, 99, 33, 77),  (1, 67, 23, 
89, 45, 56, 12, 78, 34, 100)(2, 77, 24, 99, 46, 66, 13, 88, 35, 110)(3, 76, 25, 
98, 47, 65, 14, 87, 36, 109)(4, 75, 26, 97, 48, 64, 15, 86, 37, 108)(5, 74, 27, 
96, 49, 63, 16, 85, 38, 107)(6, 73, 28, 95, 50, 62, 17, 84, 39, 106)(7, 72, 29, 
94, 51, 61, 18, 83, 40, 105)(8, 71, 30, 93, 52, 60, 19, 82, 41, 104)(9, 70, 31, 
92, 53, 59, 20, 81, 42, 103)(10, 69, 32, 91, 54, 58, 21, 80, 43, 102)(11, 68, 
33, 90, 55, 57, 22, 79, 44, 101),  ], [  (1, 66, 10, 64, 8, 62, 6, 60, 4, 58, 2,
56, 11, 65, 9, 63, 7, 61, 5, 59, 3, 57)(12, 77, 21, 75, 19, 73, 17, 71, 15, 69, 
13, 67, 22, 76, 20, 74, 18, 72, 16, 70, 14, 68)(23, 88, 32, 86, 30, 84, 28, 82, 
26, 80, 24, 78, 33, 87, 31, 85, 29, 83, 27, 81, 25, 79)(34, 99, 43, 97, 41, 95, 
39, 93, 37, 91, 35, 89, 44, 98, 42, 96, 40, 94, 38, 92, 36, 90)(45, 110, 54, 
108, 52, 106, 50, 104, 48, 102, 46, 100, 55, 109, 53, 107, 51, 105, 49, 103, 47,
101),  (1, 66)(2, 65)(3, 64)(4, 63)(5, 62)(6, 61)(7, 60)(8, 59)(9, 58)(10, 
57)(11, 56)(12, 77)(13, 76)(14, 75)(15, 74)(16, 73)(17, 72)(18, 71)(19, 70)(20, 
69)(21, 68)(22, 67)(23, 88)(24, 87)(25, 86)(26, 85)(27, 84)(28, 83)(29, 82)(30, 
81)(31, 80)(32, 79)(33, 78)(34, 99)(35, 98)(36, 97)(37, 96)(38, 95)(39, 94)(40, 
93)(41, 92)(42, 91)(43, 90)(44, 89)(45, 110)(46, 109)(47, 108)(48, 107)(49, 
106)(50, 105)(51, 104)(52, 103)(53, 102)(54, 101)(55, 100),  ], [  (1, 23, 45, 
12, 34)(2, 24, 46, 13, 35)(3, 25, 47, 14, 36)(4, 26, 48, 15, 37)(5, 27, 49, 16, 
38)(6, 28, 50, 17, 39)(7, 29, 51, 18, 40)(8, 30, 52, 19, 41)(9, 31, 53, 20, 
42)(10, 32, 54, 21, 43)(11, 33, 55, 22, 44)(56, 78, 100, 67, 89)(57, 79, 101, 
68, 90)(58, 80, 102, 69, 91)(59, 81, 103, 70, 92)(60, 82, 104, 71, 93)(61, 83, 
105, 72, 94)(62, 84, 106, 73, 95)(63, 85, 107, 74, 96)(64, 86, 108, 75, 97)(65, 
87, 109, 76, 98)(66, 88, 110, 77, 99),  (1, 34, 12, 45, 23)(2, 35, 13, 46, 
24)(3, 36, 14, 47, 25)(4, 37, 15, 48, 26)(5, 38, 16, 49, 27)(6, 39, 17, 50, 
28)(7, 40, 18, 51, 29)(8, 41, 19, 52, 30)(9, 42, 20, 53, 31)(10, 43, 21, 54, 
32)(11, 44, 22, 55, 33)(56, 89, 67, 100, 78)(57, 90, 68, 101, 79)(58, 91, 69, 
102, 80)(59, 92, 70, 103, 81)(60, 93, 71, 104, 82)(61, 94, 72, 105, 83)(62, 95, 
73, 106, 84)(63, 96, 74, 107, 85)(64, 97, 75, 108, 86)(65, 98, 76, 109, 87)(66, 
99, 77, 110, 88),  ], [  (1, 22, 32, 42, 52, 7, 17, 27, 37, 47, 2, 12, 33, 43, 
53, 8, 18, 28, 38, 48, 3, 13, 23, 44, 54, 9, 19, 29, 39, 49, 4, 14, 24, 34, 55, 
10, 20, 30, 40, 50, 5, 15, 25, 35, 45, 11, 21, 31, 41, 51, 6, 16, 26, 36, 
46)(56, 77, 87, 97, 107, 62, 72, 82, 92, 102, 57, 67, 88, 98, 108, 63, 73, 83, 
93, 103, 58, 68, 78, 99, 109, 64, 74, 84, 94, 104, 59, 69, 79, 89, 110, 65, 75, 
85, 95, 105, 60, 70, 80, 90, 100, 66, 76, 86, 96, 106, 61, 71, 81, 91, 101),  
(1, 46, 36, 26, 16, 6, 51, 41, 31, 21, 11, 45, 35, 25, 15, 5, 50, 40, 30, 20, 
10, 55, 34, 24, 14, 4, 49, 39, 29, 19, 9, 54, 44, 23, 13, 3, 48, 38, 28, 18, 8, 
53, 43, 33, 12, 2, 47, 37, 27, 17, 7, 52, 42, 32, 22)(56, 101, 91, 81, 71, 61, 
106, 96, 86, 76, 66, 100, 90, 80, 70, 60, 105, 95, 85, 75, 65, 110, 89, 79, 69, 
59, 104, 94, 84, 74, 64, 109, 99, 78, 68, 58, 103, 93, 83, 73, 63, 108, 98, 88, 
67, 57, 102, 92, 82, 72, 62, 107, 97, 87, 77),  ], [  (1, 13, 25, 37, 49, 6, 18,
30, 42, 54, 11, 12, 24, 36, 48, 5, 17, 29, 41, 53, 10, 22, 23, 35, 47, 4, 16, 
28, 40, 52, 9, 21, 33, 34, 46, 3, 15, 27, 39, 51, 8, 20, 32, 44, 45, 2, 14, 26, 
38, 50, 7, 19, 31, 43, 55)(56, 68, 80, 92, 104, 61, 73, 85, 97, 109, 66, 67, 79,
91, 103, 60, 72, 84, 96, 108, 65, 77, 78, 90, 102, 59, 71, 83, 95, 107, 64, 76, 
88, 89, 101, 58, 70, 82, 94, 106, 63, 75, 87, 99, 100, 57, 69, 81, 93, 105, 62, 
74, 86, 98, 110),  (1, 55, 43, 31, 19, 7, 50, 38, 26, 14, 2, 45, 44, 32, 20, 8, 
51, 39, 27, 15, 3, 46, 34, 33, 21, 9, 52, 40, 28, 16, 4, 47, 35, 23, 22, 10, 53,
41, 29, 17, 5, 48, 36, 24, 12, 11, 54, 42, 30, 18, 6, 49, 37, 25, 13)(56, 110, 
98, 86, 74, 62, 105, 93, 81, 69, 57, 100, 99, 87, 75, 63, 106, 94, 82, 70, 58, 
101, 89, 88, 76, 64, 107, 95, 83, 71, 59, 102, 90, 78, 77, 65, 108, 96, 84, 72, 
60, 103, 91, 79, 67, 66, 109, 97, 85, 73, 61, 104, 92, 80, 68),  ], [  (1, 10, 
8, 6, 4, 2, 11, 9, 7, 5, 3)(12, 21, 19, 17, 15, 13, 22, 20, 18, 16, 14)(23, 32, 
30, 28, 26, 24, 33, 31, 29, 27, 25)(34, 43, 41, 39, 37, 35, 44, 42, 40, 38, 
36)(45, 54, 52, 50, 48, 46, 55, 53, 51, 49, 47)(56, 65, 63, 61, 59, 57, 66, 64, 
62, 60, 58)(67, 76, 74, 72, 70, 68, 77, 75, 73, 71, 69)(78, 87, 85, 83, 81, 79, 
88, 86, 84, 82, 80)(89, 98, 96, 94, 92, 90, 99, 97, 95, 93, 91)(100, 109, 107, 
105, 103, 101, 110, 108, 106, 104, 102),  (1, 3, 5, 7, 9, 11, 2, 4, 6, 8, 
10)(12, 14, 16, 18, 20, 22, 13, 15, 17, 19, 21)(23, 25, 27, 29, 31, 33, 24, 26, 
28, 30, 32)(34, 36, 38, 40, 42, 44, 35, 37, 39, 41, 43)(45, 47, 49, 51, 53, 55, 
46, 48, 50, 52, 54)(56, 58, 60, 62, 64, 66, 57, 59, 61, 63, 65)(67, 69, 71, 73, 
75, 77, 68, 70, 72, 74, 76)(78, 80, 82, 84, 86, 88, 79, 81, 83, 85, 87)(89, 91, 
93, 95, 97, 99, 90, 92, 94, 96, 98)(100, 102, 104, 106, 108, 110, 101, 103, 105,
107, 109),  ], [  (1, 55, 43, 31, 19, 7, 50, 38, 26, 14, 2, 45, 44, 32, 20, 8, 
51, 39, 27, 15, 3, 46, 34, 33, 21, 9, 52, 40, 28, 16, 4, 47, 35, 23, 22, 10, 53,
41, 29, 17, 5, 48, 36, 24, 12, 11, 54, 42, 30, 18, 6, 49, 37, 25, 13)(56, 110, 
98, 86, 74, 62, 105, 93, 81, 69, 57, 100, 99, 87, 75, 63, 106, 94, 82, 70, 58, 
101, 89, 88, 76, 64, 107, 95, 83, 71, 59, 102, 90, 78, 77, 65, 108, 96, 84, 72, 
60, 103, 91, 79, 67, 66, 109, 97, 85, 73, 61, 104, 92, 80, 68),  (1, 13, 25, 37,
49, 6, 18, 30, 42, 54, 11, 12, 24, 36, 48, 5, 17, 29, 41, 53, 10, 22, 23, 35, 
47, 4, 16, 28, 40, 52, 9, 21, 33, 34, 46, 3, 15, 27, 39, 51, 8, 20, 32, 44, 45, 
2, 14, 26, 38, 50, 7, 19, 31, 43, 55)(56, 68, 80, 92, 104, 61, 73, 85, 97, 109, 
66, 67, 79, 91, 103, 60, 72, 84, 96, 108, 65, 77, 78, 90, 102, 59, 71, 83, 95, 
107, 64, 76, 88, 89, 101, 58, 70, 82, 94, 106, 63, 75, 87, 99, 100, 57, 69, 81, 
93, 105, 62, 74, 86, 98, 110),  ], [  (1, 34, 12, 45, 23)(2, 35, 13, 46, 24)(3, 
36, 14, 47, 25)(4, 37, 15, 48, 26)(5, 38, 16, 49, 27)(6, 39, 17, 50, 28)(7, 40, 
18, 51, 29)(8, 41, 19, 52, 30)(9, 42, 20, 53, 31)(10, 43, 21, 54, 32)(11, 44, 
22, 55, 33)(56, 89, 67, 100, 78)(57, 90, 68, 101, 79)(58, 91, 69, 102, 80)(59, 
92, 70, 103, 81)(60, 93, 71, 104, 82)(61, 94, 72, 105, 83)(62, 95, 73, 106, 
84)(63, 96, 74, 107, 85)(64, 97, 75, 108, 86)(65, 98, 76, 109, 87)(66, 99, 77, 
110, 88),  (1, 23, 45, 12, 34)(2, 24, 46, 13, 35)(3, 25, 47, 14, 36)(4, 26, 48, 
15, 37)(5, 27, 49, 16, 38)(6, 28, 50, 17, 39)(7, 29, 51, 18, 40)(8, 30, 52, 19, 
41)(9, 31, 53, 20, 42)(10, 32, 54, 21, 43)(11, 33, 55, 22, 44)(56, 78, 100, 67, 
89)(57, 79, 101, 68, 90)(58, 80, 102, 69, 91)(59, 81, 103, 70, 92)(60, 82, 104, 
71, 93)(61, 83, 105, 72, 94)(62, 84, 106, 73, 95)(63, 85, 107, 74, 96)(64, 86, 
108, 75, 97)(65, 87, 109, 76, 98)(66, 88, 110, 77, 99),  ], [  (1, 46, 36, 26, 
16, 6, 51, 41, 31, 21, 11, 45, 35, 25, 15, 5, 50, 40, 30, 20, 10, 55, 34, 24, 
14, 4, 49, 39, 29, 19, 9, 54, 44, 23, 13, 3, 48, 38, 28, 18, 8, 53, 43, 33, 12, 
2, 47, 37, 27, 17, 7, 52, 42, 32, 22)(56, 101, 91, 81, 71, 61, 106, 96, 86, 76, 
66, 100, 90, 80, 70, 60, 105, 95, 85, 75, 65, 110, 89, 79, 69, 59, 104, 94, 84, 
74, 64, 109, 99, 78, 68, 58, 103, 93, 83, 73, 63, 108, 98, 88, 67, 57, 102, 92, 
82, 72, 62, 107, 97, 87, 77),  (1, 22, 32, 42, 52, 7, 17, 27, 37, 47, 2, 12, 33,
43, 53, 8, 18, 28, 38, 48, 3, 13, 23, 44, 54, 9, 19, 29, 39, 49, 4, 14, 24, 34, 
55, 10, 20, 30, 40, 50, 5, 15, 25, 35, 45, 11, 21, 31, 41, 51, 6, 16, 26, 36, 
46)(56, 77, 87, 97, 107, 62, 72, 82, 92, 102, 57, 67, 88, 98, 108, 63, 73, 83, 
93, 103, 58, 68, 78, 99, 109, 64, 74, 84, 94, 104, 59, 69, 79, 89, 110, 65, 75, 
85, 95, 105, 60, 70, 80, 90, 100, 66, 76, 86, 96, 106, 61, 71, 81, 91, 101),  ],
[  (1, 3, 5, 7, 9, 11, 2, 4, 6, 8, 10)(12, 14, 16, 18, 20, 22, 13, 15, 17, 19, 
21)(23, 25, 27, 29, 31, 33, 24, 26, 28, 30, 32)(34, 36, 38, 40, 42, 44, 35, 37, 
39, 41, 43)(45, 47, 49, 51, 53, 55, 46, 48, 50, 52, 54)(56, 58, 60, 62, 64, 66, 
57, 59, 61, 63, 65)(67, 69, 71, 73, 75, 77, 68, 70, 72, 74, 76)(78, 80, 82, 84, 
86, 88, 79, 81, 83, 85, 87)(89, 91, 93, 95, 97, 99, 90, 92, 94, 96, 98)(100, 
102, 104, 106, 108, 110, 101, 103, 105, 107, 109),  (1, 10, 8, 6, 4, 2, 11, 9, 
7, 5, 3)(12, 21, 19, 17, 15, 13, 22, 20, 18, 16, 14)(23, 32, 30, 28, 26, 24, 33,
31, 29, 27, 25)(34, 43, 41, 39, 37, 35, 44, 42, 40, 38, 36)(45, 54, 52, 50, 48, 
46, 55, 53, 51, 49, 47)(56, 65, 63, 61, 59, 57, 66, 64, 62, 60, 58)(67, 76, 74, 
72, 70, 68, 77, 75, 73, 71, 69)(78, 87, 85, 83, 81, 79, 88, 86, 84, 82, 80)(89, 
98, 96, 94, 92, 90, 99, 97, 95, 93, 91)(100, 109, 107, 105, 103, 101, 110, 108, 
106, 104, 102),  ], [  (1, 78, 45, 67, 34, 56, 23, 100, 12, 89)(2, 79, 46, 68, 
35, 57, 24, 101, 13, 90)(3, 80, 47, 69, 36, 58, 25, 102, 14, 91)(4, 81, 48, 70, 
37, 59, 26, 103, 15, 92)(5, 82, 49, 71, 38, 60, 27, 104, 16, 93)(6, 83, 50, 72, 
39, 61, 28, 105, 17, 94)(7, 84, 51, 73, 40, 62, 29, 106, 18, 95)(8, 85, 52, 74, 
41, 63, 30, 107, 19, 96)(9, 86, 53, 75, 42, 64, 31, 108, 20, 97)(10, 87, 54, 76,
43, 65, 32, 109, 21, 98)(11, 88, 55, 77, 44, 66, 33, 110, 22, 99),  (1, 89, 12, 
100, 23, 56, 34, 67, 45, 78)(2, 99, 13, 110, 24, 66, 35, 77, 46, 88)(3, 98, 14, 
109, 25, 65, 36, 76, 47, 87)(4, 97, 15, 108, 26, 64, 37, 75, 48, 86)(5, 96, 16, 
107, 27, 63, 38, 74, 49, 85)(6, 95, 17, 106, 28, 62, 39, 73, 50, 84)(7, 94, 18, 
105, 29, 61, 40, 72, 51, 83)(8, 93, 19, 104, 30, 60, 41, 71, 52, 82)(9, 92, 20, 
103, 31, 59, 42, 70, 53, 81)(10, 91, 21, 102, 32, 58, 43, 69, 54, 80)(11, 90, 
22, 101, 33, 57, 44, 68, 55, 79),  ], [  (1, 68, 25, 92, 49, 61, 18, 85, 42, 
109, 11, 67, 24, 91, 48, 60, 17, 84, 41, 108, 10, 77, 23, 90, 47, 59, 16, 83, 
40, 107, 9, 76, 33, 89, 46, 58, 15, 82, 39, 106, 8, 75, 32, 99, 45, 57, 14, 81, 
38, 105, 7, 74, 31, 98, 55, 56, 13, 80, 37, 104, 6, 73, 30, 97, 54, 66, 12, 79, 
36, 103, 5, 72, 29, 96, 53, 65, 22, 78, 35, 102, 4, 71, 28, 95, 52, 64, 21, 88, 
34, 101, 3, 70, 27, 94, 51, 63, 20, 87, 44, 100, 2, 69, 26, 93, 50, 62, 19, 86, 
43, 110),  (1, 101, 34, 79, 12, 57, 45, 90, 23, 68)(2, 100, 35, 78, 13, 56, 46, 
89, 24, 67)(3, 110, 36, 88, 14, 66, 47, 99, 25, 77)(4, 109, 37, 87, 15, 65, 48, 
98, 26, 76)(5, 108, 38, 86, 16, 64, 49, 97, 27, 75)(6, 107, 39, 85, 17, 63, 50, 
96, 28, 74)(7, 106, 40, 84, 18, 62, 51, 95, 29, 73)(8, 105, 41, 83, 19, 61, 52, 
94, 30, 72)(9, 104, 42, 82, 20, 60, 53, 93, 31, 71)(10, 103, 43, 81, 21, 59, 54,
92, 32, 70)(11, 102, 44, 80, 22, 58, 55, 91, 33, 69),  ], [  (1, 77, 32, 97, 52,
62, 17, 82, 37, 102, 2, 67, 33, 98, 53, 63, 18, 83, 38, 103, 3, 68, 23, 99, 54, 
64, 19, 84, 39, 104, 4, 69, 24, 89, 55, 65, 20, 85, 40, 105, 5, 70, 25, 90, 45, 
66, 21, 86, 41, 106, 6, 71, 26, 91, 46, 56, 22, 87, 42, 107, 7, 72, 27, 92, 47, 
57, 12, 88, 43, 108, 8, 73, 28, 93, 48, 58, 13, 78, 44, 109, 9, 74, 29, 94, 49, 
59, 14, 79, 34, 110, 10, 75, 30, 95, 50, 60, 15, 80, 35, 100, 11, 76, 31, 96, 
51, 61, 16, 81, 36, 101),  (1, 110, 34, 88, 12, 66, 45, 99, 23, 77)(2, 109, 35, 
87, 13, 65, 46, 98, 24, 76)(3, 108, 36, 86, 14, 64, 47, 97, 25, 75)(4, 107, 37, 
85, 15, 63, 48, 96, 26, 74)(5, 106, 38, 84, 16, 62, 49, 95, 27, 73)(6, 105, 39, 
83, 17, 61, 50, 94, 28, 72)(7, 104, 40, 82, 18, 60, 51, 93, 29, 71)(8, 103, 41, 
81, 19, 59, 52, 92, 30, 70)(9, 102, 42, 80, 20, 58, 53, 91, 31, 69)(10, 101, 43,
79, 21, 57, 54, 90, 32, 68)(11, 100, 44, 78, 22, 56, 55, 89, 33, 67),  ], [  (1,
58, 5, 62, 9, 66, 2, 59, 6, 63, 10, 56, 3, 60, 7, 64, 11, 57, 4, 61, 8, 65)(12, 
69, 16, 73, 20, 77, 13, 70, 17, 74, 21, 67, 14, 71, 18, 75, 22, 68, 15, 72, 19, 
76)(23, 80, 27, 84, 31, 88, 24, 81, 28, 85, 32, 78, 25, 82, 29, 86, 33, 79, 26, 
83, 30, 87)(34, 91, 38, 95, 42, 99, 35, 92, 39, 96, 43, 89, 36, 93, 40, 97, 44, 
90, 37, 94, 41, 98)(45, 102, 49, 106, 53, 110, 46, 103, 50, 107, 54, 100, 47, 
104, 51, 108, 55, 101, 48, 105, 52, 109),  (1, 58)(2, 57)(3, 56)(4, 66)(5, 
65)(6, 64)(7, 63)(8, 62)(9, 61)(10, 60)(11, 59)(12, 69)(13, 68)(14, 67)(15, 
77)(16, 76)(17, 75)(18, 74)(19, 73)(20, 72)(21, 71)(22, 70)(23, 80)(24, 79)(25, 
78)(26, 88)(27, 87)(28, 86)(29, 85)(30, 84)(31, 83)(32, 82)(33, 81)(34, 91)(35, 
90)(36, 89)(37, 99)(38, 98)(39, 97)(40, 96)(41, 95)(42, 94)(43, 93)(44, 92)(45, 
102)(46, 101)(47, 100)(48, 110)(49, 109)(50, 108)(51, 107)(52, 106)(53, 105)(54,
104)(55, 103),  ], [  (1, 101, 36, 81, 16, 61, 51, 96, 31, 76, 11, 100, 35, 80, 
15, 60, 50, 95, 30, 75, 10, 110, 34, 79, 14, 59, 49, 94, 29, 74, 9, 109, 44, 78,
13, 58, 48, 93, 28, 73, 8, 108, 43, 88, 12, 57, 47, 92, 27, 72, 7, 107, 42, 87, 
22, 56, 46, 91, 26, 71, 6, 106, 41, 86, 21, 66, 45, 90, 25, 70, 5, 105, 40, 85, 
20, 65, 55, 89, 24, 69, 4, 104, 39, 84, 19, 64, 54, 99, 23, 68, 3, 103, 38, 83, 
18, 63, 53, 98, 33, 67, 2, 102, 37, 82, 17, 62, 52, 97, 32, 77),  (1, 68, 23, 
90, 45, 57, 12, 79, 34, 101)(2, 67, 24, 89, 46, 56, 13, 78, 35, 100)(3, 77, 25, 
99, 47, 66, 14, 88, 36, 110)(4, 76, 26, 98, 48, 65, 15, 87, 37, 109)(5, 75, 27, 
97, 49, 64, 16, 86, 38, 108)(6, 74, 28, 96, 50, 63, 17, 85, 39, 107)(7, 73, 29, 
95, 51, 62, 18, 84, 40, 106)(8, 72, 30, 94, 52, 61, 19, 83, 41, 105)(9, 71, 31, 
93, 53, 60, 20, 82, 42, 104)(10, 70, 32, 92, 54, 59, 21, 81, 43, 103)(11, 69, 
33, 91, 55, 58, 22, 80, 44, 102),  ], [  (1, 89, 12, 100, 23, 56, 34, 67, 45, 
78)(2, 90, 13, 101, 24, 57, 35, 68, 46, 79)(3, 91, 14, 102, 25, 58, 36, 69, 47, 
80)(4, 92, 15, 103, 26, 59, 37, 70, 48, 81)(5, 93, 16, 104, 27, 60, 38, 71, 49, 
82)(6, 94, 17, 105, 28, 61, 39, 72, 50, 83)(7, 95, 18, 106, 29, 62, 40, 73, 51, 
84)(8, 96, 19, 107, 30, 63, 41, 74, 52, 85)(9, 97, 20, 108, 31, 64, 42, 75, 53, 
86)(10, 98, 21, 109, 32, 65, 43, 76, 54, 87)(11, 99, 22, 110, 33, 66, 44, 77, 
55, 88),  (1, 78, 45, 67, 34, 56, 23, 100, 12, 89)(2, 88, 46, 77, 35, 66, 24, 
110, 13, 99)(3, 87, 47, 76, 36, 65, 25, 109, 14, 98)(4, 86, 48, 75, 37, 64, 26, 
108, 15, 97)(5, 85, 49, 74, 38, 63, 27, 107, 16, 96)(6, 84, 50, 73, 39, 62, 28, 
106, 17, 95)(7, 83, 51, 72, 40, 61, 29, 105, 18, 94)(8, 82, 52, 71, 41, 60, 30, 
104, 19, 93)(9, 81, 53, 70, 42, 59, 31, 103, 20, 92)(10, 80, 54, 69, 43, 58, 32,
102, 21, 91)(11, 79, 55, 68, 44, 57, 33, 101, 22, 90),  ], [  (1, 110, 43, 86, 
19, 62, 50, 93, 26, 69, 2, 100, 44, 87, 20, 63, 51, 94, 27, 70, 3, 101, 34, 88, 
21, 64, 52, 95, 28, 71, 4, 102, 35, 78, 22, 65, 53, 96, 29, 72, 5, 103, 36, 79, 
12, 66, 54, 97, 30, 73, 6, 104, 37, 80, 13, 56, 55, 98, 31, 74, 7, 105, 38, 81, 
14, 57, 45, 99, 32, 75, 8, 106, 39, 82, 15, 58, 46, 89, 33, 76, 9, 107, 40, 83, 
16, 59, 47, 90, 23, 77, 10, 108, 41, 84, 17, 60, 48, 91, 24, 67, 11, 109, 42, 
85, 18, 61, 49, 92, 25, 68),  (1, 77, 23, 99, 45, 66, 12, 88, 34, 110)(2, 76, 
24, 98, 46, 65, 13, 87, 35, 109)(3, 75, 25, 97, 47, 64, 14, 86, 36, 108)(4, 74, 
26, 96, 48, 63, 15, 85, 37, 107)(5, 73, 27, 95, 49, 62, 16, 84, 38, 106)(6, 72, 
28, 94, 50, 61, 17, 83, 39, 105)(7, 71, 29, 93, 51, 60, 18, 82, 40, 104)(8, 70, 
30, 92, 52, 59, 19, 81, 41, 103)(9, 69, 31, 91, 53, 58, 20, 80, 42, 102)(10, 68,
32, 90, 54, 57, 21, 79, 43, 101)(11, 67, 33, 89, 55, 56, 22, 78, 44, 100),  ], [
(1, 65, 8, 61, 4, 57, 11, 64, 7, 60, 3, 56, 10, 63, 6, 59, 2, 66, 9, 62, 5, 
58)(12, 76, 19, 72, 15, 68, 22, 75, 18, 71, 14, 67, 21, 74, 17, 70, 13, 77, 20, 
73, 16, 69)(23, 87, 30, 83, 26, 79, 33, 86, 29, 82, 25, 78, 32, 85, 28, 81, 24, 
88, 31, 84, 27, 80)(34, 98, 41, 94, 37, 90, 44, 97, 40, 93, 36, 89, 43, 96, 39, 
92, 35, 99, 42, 95, 38, 91)(45, 109, 52, 105, 48, 101, 55, 108, 51, 104, 47, 
100, 54, 107, 50, 103, 46, 110, 53, 106, 49, 102),  (1, 65)(2, 64)(3, 63)(4, 
62)(5, 61)(6, 60)(7, 59)(8, 58)(9, 57)(10, 56)(11, 66)(12, 76)(13, 75)(14, 
74)(15, 73)(16, 72)(17, 71)(18, 70)(19, 69)(20, 68)(21, 67)(22, 77)(23, 87)(24, 
86)(25, 85)(26, 84)(27, 83)(28, 82)(29, 81)(30, 80)(31, 79)(32, 78)(33, 88)(34, 
98)(35, 97)(36, 96)(37, 95)(38, 94)(39, 93)(40, 92)(41, 91)(42, 90)(43, 89)(44, 
99)(45, 109)(46, 108)(47, 107)(48, 106)(49, 105)(50, 104)(51, 103)(52, 102)(53, 
101)(54, 100)(55, 110),  ], [  (1, 33, 54, 20, 41, 7, 28, 49, 15, 36, 2, 23, 55,
21, 42, 8, 29, 50, 16, 37, 3, 24, 45, 22, 43, 9, 30, 51, 17, 38, 4, 25, 46, 12, 
44, 10, 31, 52, 18, 39, 5, 26, 47, 13, 34, 11, 32, 53, 19, 40, 6, 27, 48, 14, 
35)(56, 88, 109, 75, 96, 62, 83, 104, 70, 91, 57, 78, 110, 76, 97, 63, 84, 105, 
71, 92, 58, 79, 100, 77, 98, 64, 85, 106, 72, 93, 59, 80, 101, 67, 99, 65, 86, 
107, 73, 94, 60, 81, 102, 68, 89, 66, 87, 108, 74, 95, 61, 82, 103, 69, 90),  
(1, 35, 14, 48, 27, 6, 40, 19, 53, 32, 11, 34, 13, 47, 26, 5, 39, 18, 52, 31, 
10, 44, 12, 46, 25, 4, 38, 17, 51, 30, 9, 43, 22, 45, 24, 3, 37, 16, 50, 29, 8, 
42, 21, 55, 23, 2, 36, 15, 49, 28, 7, 41, 20, 54, 33)(56, 90, 69, 103, 82, 61, 
95, 74, 108, 87, 66, 89, 68, 102, 81, 60, 94, 73, 107, 86, 65, 99, 67, 101, 80, 
59, 93, 72, 106, 85, 64, 98, 77, 100, 79, 58, 92, 71, 105, 84, 63, 97, 76, 110, 
78, 57, 91, 70, 104, 83, 62, 96, 75, 109, 88),  ], [  (1, 24, 47, 15, 38, 6, 29,
52, 20, 43, 11, 23, 46, 14, 37, 5, 28, 51, 19, 42, 10, 33, 45, 13, 36, 4, 27, 
50, 18, 41, 9, 32, 55, 12, 35, 3, 26, 49, 17, 40, 8, 31, 54, 22, 34, 2, 25, 48, 
16, 39, 7, 30, 53, 21, 44)(56, 79, 102, 70, 93, 61, 84, 107, 75, 98, 66, 78, 
101, 69, 92, 60, 83, 106, 74, 97, 65, 88, 100, 68, 91, 59, 82, 105, 73, 96, 64, 
87, 110, 67, 90, 58, 81, 104, 72, 95, 63, 86, 109, 77, 89, 57, 80, 103, 71, 94, 
62, 85, 108, 76, 99),  (1, 44, 21, 53, 30, 7, 39, 16, 48, 25, 2, 34, 22, 54, 31,
8, 40, 17, 49, 26, 3, 35, 12, 55, 32, 9, 41, 18, 50, 27, 4, 36, 13, 45, 33, 10, 
42, 19, 51, 28, 5, 37, 14, 46, 23, 11, 43, 20, 52, 29, 6, 38, 15, 47, 24)(56, 
99, 76, 108, 85, 62, 94, 71, 103, 80, 57, 89, 77, 109, 86, 63, 95, 72, 104, 81, 
58, 90, 67, 110, 87, 64, 96, 73, 105, 82, 59, 91, 68, 100, 88, 65, 97, 74, 106, 
83, 60, 92, 69, 101, 78, 66, 98, 75, 107, 84, 61, 93, 70, 102, 79),  ], [  (1, 
21, 30, 39, 48, 2, 22, 31, 40, 49, 3, 12, 32, 41, 50, 4, 13, 33, 42, 51, 5, 14, 
23, 43, 52, 6, 15, 24, 44, 53, 7, 16, 25, 34, 54, 8, 17, 26, 35, 55, 9, 18, 27, 
36, 45, 10, 19, 28, 37, 46, 11, 20, 29, 38, 47)(56, 76, 85, 94, 103, 57, 77, 86,
95, 104, 58, 67, 87, 96, 105, 59, 68, 88, 97, 106, 60, 69, 78, 98, 107, 61, 70, 
79, 99, 108, 62, 71, 80, 89, 109, 63, 72, 81, 90, 110, 64, 73, 82, 91, 100, 65, 
74, 83, 92, 101, 66, 75, 84, 93, 102),  (1, 47, 38, 29, 20, 11, 46, 37, 28, 19, 
10, 45, 36, 27, 18, 9, 55, 35, 26, 17, 8, 54, 34, 25, 16, 7, 53, 44, 24, 15, 6, 
52, 43, 23, 14, 5, 51, 42, 33, 13, 4, 50, 41, 32, 12, 3, 49, 40, 31, 22, 2, 48, 
39, 30, 21)(56, 102, 93, 84, 75, 66, 101, 92, 83, 74, 65, 100, 91, 82, 73, 64, 
110, 90, 81, 72, 63, 109, 89, 80, 71, 62, 108, 99, 79, 70, 61, 107, 98, 78, 69, 
60, 106, 97, 88, 68, 59, 105, 96, 87, 67, 58, 104, 95, 86, 77, 57, 103, 94, 85, 
76),  ], [  (1, 14, 27, 40, 53, 11, 13, 26, 39, 52, 10, 12, 25, 38, 51, 9, 22, 
24, 37, 50, 8, 21, 23, 36, 49, 7, 20, 33, 35, 48, 6, 19, 32, 34, 47, 5, 18, 31, 
44, 46, 4, 17, 30, 43, 45, 3, 16, 29, 42, 55, 2, 15, 28, 41, 54)(56, 69, 82, 95,
108, 66, 68, 81, 94, 107, 65, 67, 80, 93, 106, 64, 77, 79, 92, 105, 63, 76, 78, 
91, 104, 62, 75, 88, 90, 103, 61, 74, 87, 89, 102, 60, 73, 86, 99, 101, 59, 72, 
85, 98, 100, 58, 71, 84, 97, 110, 57, 70, 83, 96, 109),  (1, 54, 41, 28, 15, 2, 
55, 42, 29, 16, 3, 45, 43, 30, 17, 4, 46, 44, 31, 18, 5, 47, 34, 32, 19, 6, 48, 
35, 33, 20, 7, 49, 36, 23, 21, 8, 50, 37, 24, 22, 9, 51, 38, 25, 12, 10, 52, 39,
26, 13, 11, 53, 40, 27, 14)(56, 109, 96, 83, 70, 57, 110, 97, 84, 71, 58, 100, 
98, 85, 72, 59, 101, 99, 86, 73, 60, 102, 89, 87, 74, 61, 103, 90, 88, 75, 62, 
104, 91, 78, 76, 63, 105, 92, 79, 77, 64, 106, 93, 80, 67, 65, 107, 94, 81, 68, 
66, 108, 95, 82, 69),  ], [  (1, 9, 6, 3, 11, 8, 5, 2, 10, 7, 4)(12, 20, 17, 14,
22, 19, 16, 13, 21, 18, 15)(23, 31, 28, 25, 33, 30, 27, 24, 32, 29, 26)(34, 42, 
39, 36, 44, 41, 38, 35, 43, 40, 37)(45, 53, 50, 47, 55, 52, 49, 46, 54, 51, 
48)(56, 64, 61, 58, 66, 63, 60, 57, 65, 62, 59)(67, 75, 72, 69, 77, 74, 71, 68, 
76, 73, 70)(78, 86, 83, 80, 88, 85, 82, 79, 87, 84, 81)(89, 97, 94, 91, 99, 96, 
93, 90, 98, 95, 92)(100, 108, 105, 102, 110, 107, 104, 101, 109, 106, 103),  (1,
4, 7, 10, 2, 5, 8, 11, 3, 6, 9)(12, 15, 18, 21, 13, 16, 19, 22, 14, 17, 20)(23, 
26, 29, 32, 24, 27, 30, 33, 25, 28, 31)(34, 37, 40, 43, 35, 38, 41, 44, 36, 39, 
42)(45, 48, 51, 54, 46, 49, 52, 55, 47, 50, 53)(56, 59, 62, 65, 57, 60, 63, 66, 
58, 61, 64)(67, 70, 73, 76, 68, 71, 74, 77, 69, 72, 75)(78, 81, 84, 87, 79, 82, 
85, 88, 80, 83, 86)(89, 92, 95, 98, 90, 93, 96, 99, 91, 94, 97)(100, 103, 106, 
109, 101, 104, 107, 110, 102, 105, 108),  ], [  (1, 54, 41, 28, 15, 2, 55, 42, 
29, 16, 3, 45, 43, 30, 17, 4, 46, 44, 31, 18, 5, 47, 34, 32, 19, 6, 48, 35, 33, 
20, 7, 49, 36, 23, 21, 8, 50, 37, 24, 22, 9, 51, 38, 25, 12, 10, 52, 39, 26, 13,
11, 53, 40, 27, 14)(56, 109, 96, 83, 70, 57, 110, 97, 84, 71, 58, 100, 98, 85, 
72, 59, 101, 99, 86, 73, 60, 102, 89, 87, 74, 61, 103, 90, 88, 75, 62, 104, 91, 
78, 76, 63, 105, 92, 79, 77, 64, 106, 93, 80, 67, 65, 107, 94, 81, 68, 66, 108, 
95, 82, 69),  (1, 14, 27, 40, 53, 11, 13, 26, 39, 52, 10, 12, 25, 38, 51, 9, 22,
24, 37, 50, 8, 21, 23, 36, 49, 7, 20, 33, 35, 48, 6, 19, 32, 34, 47, 5, 18, 31, 
44, 46, 4, 17, 30, 43, 45, 3, 16, 29, 42, 55, 2, 15, 28, 41, 54)(56, 69, 82, 95,
108, 66, 68, 81, 94, 107, 65, 67, 80, 93, 106, 64, 77, 79, 92, 105, 63, 76, 78, 
91, 104, 62, 75, 88, 90, 103, 61, 74, 87, 89, 102, 60, 73, 86, 99, 101, 59, 72, 
85, 98, 100, 58, 71, 84, 97, 110, 57, 70, 83, 96, 109),  ], [  (1, 44, 21, 53, 
30, 7, 39, 16, 48, 25, 2, 34, 22, 54, 31, 8, 40, 17, 49, 26, 3, 35, 12, 55, 32, 
9, 41, 18, 50, 27, 4, 36, 13, 45, 33, 10, 42, 19, 51, 28, 5, 37, 14, 46, 23, 11,
43, 20, 52, 29, 6, 38, 15, 47, 24)(56, 99, 76, 108, 85, 62, 94, 71, 103, 80, 57,
89, 77, 109, 86, 63, 95, 72, 104, 81, 58, 90, 67, 110, 87, 64, 96, 73, 105, 82, 
59, 91, 68, 100, 88, 65, 97, 74, 106, 83, 60, 92, 69, 101, 78, 66, 98, 75, 107, 
84, 61, 93, 70, 102, 79),  (1, 24, 47, 15, 38, 6, 29, 52, 20, 43, 11, 23, 46, 
14, 37, 5, 28, 51, 19, 42, 10, 33, 45, 13, 36, 4, 27, 50, 18, 41, 9, 32, 55, 12,
35, 3, 26, 49, 17, 40, 8, 31, 54, 22, 34, 2, 25, 48, 16, 39, 7, 30, 53, 21, 
44)(56, 79, 102, 70, 93, 61, 84, 107, 75, 98, 66, 78, 101, 69, 92, 60, 83, 106, 
74, 97, 65, 88, 100, 68, 91, 59, 82, 105, 73, 96, 64, 87, 110, 67, 90, 58, 81, 
104, 72, 95, 63, 86, 109, 77, 89, 57, 80, 103, 71, 94, 62, 85, 108, 76, 99),  ],
[  (1, 35, 14, 48, 27, 6, 40, 19, 53, 32, 11, 34, 13, 47, 26, 5, 39, 18, 52, 31,
10, 44, 12, 46, 25, 4, 38, 17, 51, 30, 9, 43, 22, 45, 24, 3, 37, 16, 50, 29, 8, 
42, 21, 55, 23, 2, 36, 15, 49, 28, 7, 41, 20, 54, 33)(56, 90, 69, 103, 82, 61, 
95, 74, 108, 87, 66, 89, 68, 102, 81, 60, 94, 73, 107, 86, 65, 99, 67, 101, 80, 
59, 93, 72, 106, 85, 64, 98, 77, 100, 79, 58, 92, 71, 105, 84, 63, 97, 76, 110, 
78, 57, 91, 70, 104, 83, 62, 96, 75, 109, 88),  (1, 33, 54, 20, 41, 7, 28, 49, 
15, 36, 2, 23, 55, 21, 42, 8, 29, 50, 16, 37, 3, 24, 45, 22, 43, 9, 30, 51, 17, 
38, 4, 25, 46, 12, 44, 10, 31, 52, 18, 39, 5, 26, 47, 13, 34, 11, 32, 53, 19, 
40, 6, 27, 48, 14, 35)(56, 88, 109, 75, 96, 62, 83, 104, 70, 91, 57, 78, 110, 
76, 97, 63, 84, 105, 71, 92, 58, 79, 100, 77, 98, 64, 85, 106, 72, 93, 59, 80, 
101, 67, 99, 65, 86, 107, 73, 94, 60, 81, 102, 68, 89, 66, 87, 108, 74, 95, 61, 
82, 103, 69, 90),  ], [  (1, 47, 38, 29, 20, 11, 46, 37, 28, 19, 10, 45, 36, 27,
18, 9, 55, 35, 26, 17, 8, 54, 34, 25, 16, 7, 53, 44, 24, 15, 6, 52, 43, 23, 14, 
5, 51, 42, 33, 13, 4, 50, 41, 32, 12, 3, 49, 40, 31, 22, 2, 48, 39, 30, 21)(56, 
102, 93, 84, 75, 66, 101, 92, 83, 74, 65, 100, 91, 82, 73, 64, 110, 90, 81, 72, 
63, 109, 89, 80, 71, 62, 108, 99, 79, 70, 61, 107, 98, 78, 69, 60, 106, 97, 88, 
68, 59, 105, 96, 87, 67, 58, 104, 95, 86, 77, 57, 103, 94, 85, 76),  (1, 21, 30,
39, 48, 2, 22, 31, 40, 49, 3, 12, 32, 41, 50, 4, 13, 33, 42, 51, 5, 14, 23, 43, 
52, 6, 15, 24, 44, 53, 7, 16, 25, 34, 54, 8, 17, 26, 35, 55, 9, 18, 27, 36, 45, 
10, 19, 28, 37, 46, 11, 20, 29, 38, 47)(56, 76, 85, 94, 103, 57, 77, 86, 95, 
104, 58, 67, 87, 96, 105, 59, 68, 88, 97, 106, 60, 69, 78, 98, 107, 61, 70, 79, 
99, 108, 62, 71, 80, 89, 109, 63, 72, 81, 90, 110, 64, 73, 82, 91, 100, 65, 74, 
83, 92, 101, 66, 75, 84, 93, 102),  ], [  (1, 4, 7, 10, 2, 5, 8, 11, 3, 6, 
9)(12, 15, 18, 21, 13, 16, 19, 22, 14, 17, 20)(23, 26, 29, 32, 24, 27, 30, 33, 
25, 28, 31)(34, 37, 40, 43, 35, 38, 41, 44, 36, 39, 42)(45, 48, 51, 54, 46, 49, 
52, 55, 47, 50, 53)(56, 59, 62, 65, 57, 60, 63, 66, 58, 61, 64)(67, 70, 73, 76, 
68, 71, 74, 77, 69, 72, 75)(78, 81, 84, 87, 79, 82, 85, 88, 80, 83, 86)(89, 92, 
95, 98, 90, 93, 96, 99, 91, 94, 97)(100, 103, 106, 109, 101, 104, 107, 110, 102,
105, 108),  (1, 9, 6, 3, 11, 8, 5, 2, 10, 7, 4)(12, 20, 17, 14, 22, 19, 16, 13, 
21, 18, 15)(23, 31, 28, 25, 33, 30, 27, 24, 32, 29, 26)(34, 42, 39, 36, 44, 41, 
38, 35, 43, 40, 37)(45, 53, 50, 47, 55, 52, 49, 46, 54, 51, 48)(56, 64, 61, 58, 
66, 63, 60, 57, 65, 62, 59)(67, 75, 72, 69, 77, 74, 71, 68, 76, 73, 70)(78, 86, 
83, 80, 88, 85, 82, 79, 87, 84, 81)(89, 97, 94, 91, 99, 96, 93, 90, 98, 95, 
92)(100, 108, 105, 102, 110, 107, 104, 101, 109, 106, 103),  ], [  (1, 79, 47, 
70, 38, 61, 29, 107, 20, 98, 11, 78, 46, 69, 37, 60, 28, 106, 19, 97, 10, 88, 
45, 68, 36, 59, 27, 105, 18, 96, 9, 87, 55, 67, 35, 58, 26, 104, 17, 95, 8, 86, 
54, 77, 34, 57, 25, 103, 16, 94, 7, 85, 53, 76, 44, 56, 24, 102, 15, 93, 6, 84, 
52, 75, 43, 66, 23, 101, 14, 92, 5, 83, 51, 74, 42, 65, 33, 100, 13, 91, 4, 82, 
50, 73, 41, 64, 32, 110, 12, 90, 3, 81, 49, 72, 40, 63, 31, 109, 22, 89, 2, 80, 
48, 71, 39, 62, 30, 108, 21, 99),  (1, 90, 12, 101, 23, 57, 34, 68, 45, 79)(2, 
89, 13, 100, 24, 56, 35, 67, 46, 78)(3, 99, 14, 110, 25, 66, 36, 77, 47, 88)(4, 
98, 15, 109, 26, 65, 37, 76, 48, 87)(5, 97, 16, 108, 27, 64, 38, 75, 49, 86)(6, 
96, 17, 107, 28, 63, 39, 74, 50, 85)(7, 95, 18, 106, 29, 62, 40, 73, 51, 84)(8, 
94, 19, 105, 30, 61, 41, 72, 52, 83)(9, 93, 20, 104, 31, 60, 42, 71, 53, 82)(10,
92, 21, 103, 32, 59, 43, 70, 54, 81)(11, 91, 22, 102, 33, 58, 44, 69, 55, 80),  
], [  (1, 88, 54, 75, 41, 62, 28, 104, 15, 91, 2, 78, 55, 76, 42, 63, 29, 105, 
16, 92, 3, 79, 45, 77, 43, 64, 30, 106, 17, 93, 4, 80, 46, 67, 44, 65, 31, 107, 
18, 94, 5, 81, 47, 68, 34, 66, 32, 108, 19, 95, 6, 82, 48, 69, 35, 56, 33, 109, 
20, 96, 7, 83, 49, 70, 36, 57, 23, 110, 21, 97, 8, 84, 50, 71, 37, 58, 24, 100, 
22, 98, 9, 85, 51, 72, 38, 59, 25, 101, 12, 99, 10, 86, 52, 73, 39, 60, 26, 102,
13, 89, 11, 87, 53, 74, 40, 61, 27, 103, 14, 90),  (1, 99, 12, 110, 23, 66, 34, 
77, 45, 88)(2, 98, 13, 109, 24, 65, 35, 76, 46, 87)(3, 97, 14, 108, 25, 64, 36, 
75, 47, 86)(4, 96, 15, 107, 26, 63, 37, 74, 48, 85)(5, 95, 16, 106, 27, 62, 38, 
73, 49, 84)(6, 94, 17, 105, 28, 61, 39, 72, 50, 83)(7, 93, 18, 104, 29, 60, 40, 
71, 51, 82)(8, 92, 19, 103, 30, 59, 41, 70, 52, 81)(9, 91, 20, 102, 31, 58, 42, 
69, 53, 80)(10, 90, 21, 101, 32, 57, 43, 68, 54, 79)(11, 89, 22, 100, 33, 56, 
44, 67, 55, 78),  ], [  (1, 69, 27, 95, 53, 66, 13, 81, 39, 107, 10, 67, 25, 93,
51, 64, 22, 79, 37, 105, 8, 76, 23, 91, 49, 62, 20, 88, 35, 103, 6, 74, 32, 89, 
47, 60, 18, 86, 44, 101, 4, 72, 30, 98, 45, 58, 16, 84, 42, 110, 2, 70, 28, 96, 
54, 56, 14, 82, 40, 108, 11, 68, 26, 94, 52, 65, 12, 80, 38, 106, 9, 77, 24, 92,
50, 63, 21, 78, 36, 104, 7, 75, 33, 90, 48, 61, 19, 87, 34, 102, 5, 73, 31, 99, 
46, 59, 17, 85, 43, 100, 3, 71, 29, 97, 55, 57, 15, 83, 41, 109),  (1, 102, 34, 
80, 12, 58, 45, 91, 23, 69)(2, 101, 35, 79, 13, 57, 46, 90, 24, 68)(3, 100, 36, 
78, 14, 56, 47, 89, 25, 67)(4, 110, 37, 88, 15, 66, 48, 99, 26, 77)(5, 109, 38, 
87, 16, 65, 49, 98, 27, 76)(6, 108, 39, 86, 17, 64, 50, 97, 28, 75)(7, 107, 40, 
85, 18, 63, 51, 96, 29, 74)(8, 106, 41, 84, 19, 62, 52, 95, 30, 73)(9, 105, 42, 
83, 20, 61, 53, 94, 31, 72)(10, 104, 43, 82, 21, 60, 54, 93, 32, 71)(11, 103, 
44, 81, 22, 59, 55, 92, 33, 70),  ], [  (1, 76, 30, 94, 48, 57, 22, 86, 40, 104,
3, 67, 32, 96, 50, 59, 13, 88, 42, 106, 5, 69, 23, 98, 52, 61, 15, 79, 44, 108, 
7, 71, 25, 89, 54, 63, 17, 81, 35, 110, 9, 73, 27, 91, 45, 65, 19, 83, 37, 101, 
11, 75, 29, 93, 47, 56, 21, 85, 39, 103, 2, 77, 31, 95, 49, 58, 12, 87, 41, 105,
4, 68, 33, 97, 51, 60, 14, 78, 43, 107, 6, 70, 24, 99, 53, 62, 16, 80, 34, 109, 
8, 72, 26, 90, 55, 64, 18, 82, 36, 100, 10, 74, 28, 92, 46, 66, 20, 84, 38, 
102),  (1, 109, 34, 87, 12, 65, 45, 98, 23, 76)(2, 108, 35, 86, 13, 64, 46, 97, 
24, 75)(3, 107, 36, 85, 14, 63, 47, 96, 25, 74)(4, 106, 37, 84, 15, 62, 48, 95, 
26, 73)(5, 105, 38, 83, 16, 61, 49, 94, 27, 72)(6, 104, 39, 82, 17, 60, 50, 93, 
28, 71)(7, 103, 40, 81, 18, 59, 51, 92, 29, 70)(8, 102, 41, 80, 19, 58, 52, 91, 
30, 69)(9, 101, 42, 79, 20, 57, 53, 90, 31, 68)(10, 100, 43, 78, 21, 56, 54, 89,
32, 67)(11, 110, 44, 88, 22, 66, 55, 99, 33, 77),  ], [  (1, 59, 7, 65, 2, 60, 
8, 66, 3, 61, 9, 56, 4, 62, 10, 57, 5, 63, 11, 58, 6, 64)(12, 70, 18, 76, 13, 
71, 19, 77, 14, 72, 20, 67, 15, 73, 21, 68, 16, 74, 22, 69, 17, 75)(23, 81, 29, 
87, 24, 82, 30, 88, 25, 83, 31, 78, 26, 84, 32, 79, 27, 85, 33, 80, 28, 86)(34, 
92, 40, 98, 35, 93, 41, 99, 36, 94, 42, 89, 37, 95, 43, 90, 38, 96, 44, 91, 39, 
97)(45, 103, 51, 109, 46, 104, 52, 110, 47, 105, 53, 100, 48, 106, 54, 101, 49, 
107, 55, 102, 50, 108),  (1, 59)(2, 58)(3, 57)(4, 56)(5, 66)(6, 65)(7, 64)(8, 
63)(9, 62)(10, 61)(11, 60)(12, 70)(13, 69)(14, 68)(15, 67)(16, 77)(17, 76)(18, 
75)(19, 74)(20, 73)(21, 72)(22, 71)(23, 81)(24, 80)(25, 79)(26, 78)(27, 88)(28, 
87)(29, 86)(30, 85)(31, 84)(32, 83)(33, 82)(34, 92)(35, 91)(36, 90)(37, 89)(38, 
99)(39, 98)(40, 97)(41, 96)(42, 95)(43, 94)(44, 93)(45, 103)(46, 102)(47, 
101)(48, 100)(49, 110)(50, 109)(51, 108)(52, 107)(53, 106)(54, 105)(55, 104),  
], [  (1, 102, 38, 84, 20, 66, 46, 92, 28, 74, 10, 100, 36, 82, 18, 64, 55, 90, 
26, 72, 8, 109, 34, 80, 16, 62, 53, 99, 24, 70, 6, 107, 43, 78, 14, 60, 51, 97, 
33, 68, 4, 105, 41, 87, 12, 58, 49, 95, 31, 77, 2, 103, 39, 85, 21, 56, 47, 93, 
29, 75, 11, 101, 37, 83, 19, 65, 45, 91, 27, 73, 9, 110, 35, 81, 17, 63, 54, 89,
25, 71, 7, 108, 44, 79, 15, 61, 52, 98, 23, 69, 5, 106, 42, 88, 13, 59, 50, 96, 
32, 67, 3, 104, 40, 86, 22, 57, 48, 94, 30, 76),  (1, 69, 23, 91, 45, 58, 12, 
80, 34, 102)(2, 68, 24, 90, 46, 57, 13, 79, 35, 101)(3, 67, 25, 89, 47, 56, 14, 
78, 36, 100)(4, 77, 26, 99, 48, 66, 15, 88, 37, 110)(5, 76, 27, 98, 49, 65, 16, 
87, 38, 109)(6, 75, 28, 97, 50, 64, 17, 86, 39, 108)(7, 74, 29, 96, 51, 63, 18, 
85, 40, 107)(8, 73, 30, 95, 52, 62, 19, 84, 41, 106)(9, 72, 31, 94, 53, 61, 20, 
83, 42, 105)(10, 71, 32, 93, 54, 60, 21, 82, 43, 104)(11, 70, 33, 92, 55, 59, 
22, 81, 44, 103),  ], [  (1, 90, 14, 103, 27, 61, 40, 74, 53, 87, 11, 89, 13, 
102, 26, 60, 39, 73, 52, 86, 10, 99, 12, 101, 25, 59, 38, 72, 51, 85, 9, 98, 22,
100, 24, 58, 37, 71, 50, 84, 8, 97, 21, 110, 23, 57, 36, 70, 49, 83, 7, 96, 20, 
109, 33, 56, 35, 69, 48, 82, 6, 95, 19, 108, 32, 66, 34, 68, 47, 81, 5, 94, 18, 
107, 31, 65, 44, 67, 46, 80, 4, 93, 17, 106, 30, 64, 43, 77, 45, 79, 3, 92, 16, 
105, 29, 63, 42, 76, 55, 78, 2, 91, 15, 104, 28, 62, 41, 75, 54, 88),  (1, 79, 
45, 68, 34, 57, 23, 101, 12, 90)(2, 78, 46, 67, 35, 56, 24, 100, 13, 89)(3, 88, 
47, 77, 36, 66, 25, 110, 14, 99)(4, 87, 48, 76, 37, 65, 26, 109, 15, 98)(5, 86, 
49, 75, 38, 64, 27, 108, 16, 97)(6, 85, 50, 74, 39, 63, 28, 107, 17, 96)(7, 84, 
51, 73, 40, 62, 29, 106, 18, 95)(8, 83, 52, 72, 41, 61, 30, 105, 19, 94)(9, 82, 
53, 71, 42, 60, 31, 104, 20, 93)(10, 81, 54, 70, 43, 59, 32, 103, 21, 92)(11, 
80, 55, 69, 44, 58, 33, 102, 22, 91),  ], [  (1, 99, 21, 108, 30, 62, 39, 71, 
48, 80, 2, 89, 22, 109, 31, 63, 40, 72, 49, 81, 3, 90, 12, 110, 32, 64, 41, 73, 
50, 82, 4, 91, 13, 100, 33, 65, 42, 74, 51, 83, 5, 92, 14, 101, 23, 66, 43, 75, 
52, 84, 6, 93, 15, 102, 24, 56, 44, 76, 53, 85, 7, 94, 16, 103, 25, 57, 34, 77, 
54, 86, 8, 95, 17, 104, 26, 58, 35, 67, 55, 87, 9, 96, 18, 105, 27, 59, 36, 68, 
45, 88, 10, 97, 19, 106, 28, 60, 37, 69, 46, 78, 11, 98, 20, 107, 29, 61, 38, 
70, 47, 79),  (1, 88, 45, 77, 34, 66, 23, 110, 12, 99)(2, 87, 46, 76, 35, 65, 
24, 109, 13, 98)(3, 86, 47, 75, 36, 64, 25, 108, 14, 97)(4, 85, 48, 74, 37, 63, 
26, 107, 15, 96)(5, 84, 49, 73, 38, 62, 27, 106, 16, 95)(6, 83, 50, 72, 39, 61, 
28, 105, 17, 94)(7, 82, 51, 71, 40, 60, 29, 104, 18, 93)(8, 81, 52, 70, 41, 59, 
30, 103, 19, 92)(9, 80, 53, 69, 42, 58, 31, 102, 20, 91)(10, 79, 54, 68, 43, 57,
32, 101, 21, 90)(11, 78, 55, 67, 44, 56, 33, 100, 22, 89),  ], [  (1, 109, 41, 
83, 15, 57, 55, 97, 29, 71, 3, 100, 43, 85, 17, 59, 46, 99, 31, 73, 5, 102, 34, 
87, 19, 61, 48, 90, 33, 75, 7, 104, 36, 78, 21, 63, 50, 92, 24, 77, 9, 106, 38, 
80, 12, 65, 52, 94, 26, 68, 11, 108, 40, 82, 14, 56, 54, 96, 28, 70, 2, 110, 42,
84, 16, 58, 45, 98, 30, 72, 4, 101, 44, 86, 18, 60, 47, 89, 32, 74, 6, 103, 35, 
88, 20, 62, 49, 91, 23, 76, 8, 105, 37, 79, 22, 64, 51, 93, 25, 67, 10, 107, 39,
81, 13, 66, 53, 95, 27, 69),  (1, 76, 23, 98, 45, 65, 12, 87, 34, 109)(2, 75, 
24, 97, 46, 64, 13, 86, 35, 108)(3, 74, 25, 96, 47, 63, 14, 85, 36, 107)(4, 73, 
26, 95, 48, 62, 15, 84, 37, 106)(5, 72, 27, 94, 49, 61, 16, 83, 38, 105)(6, 71, 
28, 93, 50, 60, 17, 82, 39, 104)(7, 70, 29, 92, 51, 59, 18, 81, 40, 103)(8, 69, 
30, 91, 52, 58, 19, 80, 41, 102)(9, 68, 31, 90, 53, 57, 20, 79, 42, 101)(10, 67,
