BRACES[35] := rec( total := -1, implemented := 1, size := 35, brace := [] );BRACES[35].brace[1] := rec ( size := 35, perms := [ [  (),  (),  
], [  (1, 8, 15, 22, 29)(2, 9, 16, 23, 30)(3, 10, 17, 24, 31)(4, 11, 18, 25, 32)(5, 12, 19, 26, 33)(6, 13, 20, 27, 34)(7, 14, 21, 28, 35),  
(1, 29, 22, 15, 8)(2, 30, 23, 16, 9)(3, 31, 24, 17, 10)(4, 32, 25, 18, 11)(5, 33, 26, 19, 12)(6, 34, 27, 20, 13)(7, 35, 28, 21, 14),  ], [  
(1, 4, 7, 3, 6, 2, 5)(8, 11, 14, 10, 13, 9, 12)(15, 18, 21, 17, 20, 16, 19)(22, 25, 28, 24, 27, 23, 26)(29, 32, 35, 31, 34, 30, 33),  (1, 5, 
2, 6, 3, 7, 4)(8, 12, 9, 13, 10, 14, 11)(15, 19, 16, 20, 17, 21, 18)(22, 26, 23, 27, 24, 28, 25)(29, 33, 30, 34, 31, 35, 32),  ], [  (1, 29, 
22, 15, 8)(2, 30, 23, 16, 9)(3, 31, 24, 17, 10)(4, 32, 25, 18, 11)(5, 33, 26, 19, 12)(6, 34, 27, 20, 13)(7, 35, 28, 21, 14),  (1, 8, 15, 22, 
29)(2, 9, 16, 23, 30)(3, 10, 17, 24, 31)(4, 11, 18, 25, 32)(5, 12, 19, 26, 33)(6, 13, 20, 27, 34)(7, 14, 21, 28, 35),  ], [  (1, 5, 2, 6, 3, 
7, 4)(8, 12, 9, 13, 10, 14, 11)(15, 19, 16, 20, 17, 21, 18)(22, 26, 23, 27, 24, 28, 25)(29, 33, 30, 34, 31, 35, 32),  (1, 4, 7, 3, 6, 2, 5)(8,
11, 14, 10, 13, 9, 12)(15, 18, 21, 17, 20, 16, 19)(22, 25, 28, 24, 27, 23, 26)(29, 32, 35, 31, 34, 30, 33),  ], [  (1, 15, 29, 8, 22)(2, 16, 
30, 9, 23)(3, 17, 31, 10, 24)(4, 18, 32, 11, 25)(5, 19, 33, 12, 26)(6, 20, 34, 13, 27)(7, 21, 35, 14, 28),  (1, 22, 8, 29, 15)(2, 23, 9, 30, 
16)(3, 24, 10, 31, 17)(4, 25, 11, 32, 18)(5, 26, 12, 33, 19)(6, 27, 13, 34, 20)(7, 28, 14, 35, 21),  ], [  (1, 11, 21, 24, 34, 2, 12, 15, 25, 
35, 3, 13, 16, 26, 29, 4, 14, 17, 27, 30, 5, 8, 18, 28, 31, 6, 9, 19, 22, 32, 7, 10, 20, 23, 33),  (1, 33, 23, 20, 10, 7, 32, 22, 19, 9, 6, 
31, 28, 18, 8, 5, 30, 27, 17, 14, 4, 29, 26, 16, 13, 3, 35, 25, 15, 12, 2, 34, 24, 21, 11),  ], [  (1, 12, 16, 27, 31, 7, 11, 15, 26, 30, 6, 
10, 21, 25, 29, 5, 9, 20, 24, 35, 4, 8, 19, 23, 34, 3, 14, 18, 22, 33, 2, 13, 17, 28, 32),  (1, 32, 28, 17, 13, 2, 33, 22, 18, 14, 3, 34, 23, 
19, 8, 4, 35, 24, 20, 9, 5, 29, 25, 21, 10, 6, 30, 26, 15, 11, 7, 31, 27, 16, 12),  ], [  (1, 7, 6, 5, 4, 3, 2)(8, 14, 13, 12, 11, 10, 9)(15, 
21, 20, 19, 18, 17, 16)(22, 28, 27, 26, 25, 24, 23)(29, 35, 34, 33, 32, 31, 30),  (1, 2, 3, 4, 5, 6, 7)(8, 9, 10, 11, 12, 13, 14)(15, 16, 17, 
18, 19, 20, 21)(22, 23, 24, 25, 26, 27, 28)(29, 30, 31, 32, 33, 34, 35),  ], [  (1, 32, 28, 17, 13, 2, 33, 22, 18, 14, 3, 34, 23, 19, 8, 4, 
35, 24, 20, 9, 5, 29, 25, 21, 10, 6, 30, 26, 15, 11, 7, 31, 27, 16, 12),  (1, 12, 16, 27, 31, 7, 11, 15, 26, 30, 6, 10, 21, 25, 29, 5, 9, 20, 
24, 35, 4, 8, 19, 23, 34, 3, 14, 18, 22, 33, 2, 13, 17, 28, 32),  ], [  (1, 22, 8, 29, 15)(2, 23, 9, 30, 16)(3, 24, 10, 31, 17)(4, 25, 11, 32,
18)(5, 26, 12, 33, 19)(6, 27, 13, 34, 20)(7, 28, 14, 35, 21),  (1, 15, 29, 8, 22)(2, 16, 30, 9, 23)(3, 17, 31, 10, 24)(4, 18, 32, 11, 25)(5, 
19, 33, 12, 26)(6, 20, 34, 13, 27)(7, 21, 35, 14, 28),  ], [  (1, 33, 23, 20, 10, 7, 32, 22, 19, 9, 6, 31, 28, 18, 8, 5, 30, 27, 17, 14, 4, 
29, 26, 16, 13, 3, 35, 25, 15, 12, 2, 34, 24, 21, 11),  (1, 11, 21, 24, 34, 2, 12, 15, 25, 35, 3, 13, 16, 26, 29, 4, 14, 17, 27, 30, 5, 8, 18,
28, 31, 6, 9, 19, 22, 32, 7, 10, 20, 23, 33),  ], [  (1, 2, 3, 4, 5, 6, 7)(8, 9, 10, 11, 12, 13, 14)(15, 16, 17, 18, 19, 20, 21)(22, 23, 24, 
25, 26, 27, 28)(29, 30, 31, 32, 33, 34, 35),  (1, 7, 6, 5, 4, 3, 2)(8, 14, 13, 12, 11, 10, 9)(15, 21, 20, 19, 18, 17, 16)(22, 28, 27, 26, 25, 
24, 23)(29, 35, 34, 33, 32, 31, 30),  ], [  (1, 18, 35, 10, 27, 2, 19, 29, 11, 28, 3, 20, 30, 12, 22, 4, 21, 31, 13, 23, 5, 15, 32, 14, 24, 6,
16, 33, 8, 25, 7, 17, 34, 9, 26),  (1, 26, 9, 34, 17, 7, 25, 8, 33, 16, 6, 24, 14, 32, 15, 5, 23, 13, 31, 21, 4, 22, 12, 30, 20, 3, 28, 11, 
29, 19, 2, 27, 10, 35, 18),  ], [  (1, 19, 30, 13, 24, 7, 18, 29, 12, 23, 6, 17, 35, 11, 22, 5, 16, 34, 10, 28, 4, 15, 33, 9, 27, 3, 21, 32, 
8, 26, 2, 20, 31, 14, 25),  (1, 25, 14, 31, 20, 2, 26, 8, 32, 21, 3, 27, 9, 33, 15, 4, 28, 10, 34, 16, 5, 22, 11, 35, 17, 6, 23, 12, 29, 18, 
7, 24, 13, 30, 19),  ], [  (1, 14, 20, 26, 32, 3, 9, 15, 28, 34, 5, 11, 17, 23, 29, 7, 13, 19, 25, 31, 2, 8, 21, 27, 33, 4, 10, 16, 22, 35, 6,
12, 18, 24, 30),  (1, 30, 24, 18, 12, 6, 35, 22, 16, 10, 4, 33, 27, 21, 8, 2, 31, 25, 19, 13, 7, 29, 23, 17, 11, 5, 34, 28, 15, 9, 3, 32, 26, 
20, 14),  ], [  (1, 9, 17, 25, 33, 6, 14, 15, 23, 31, 4, 12, 20, 28, 29, 2, 10, 18, 26, 34, 7, 8, 16, 24, 32, 5, 13, 21, 22, 30, 3, 11, 19, 
27, 35),  (1, 35, 27, 19, 11, 3, 30, 22, 21, 13, 5, 32, 24, 16, 8, 7, 34, 26, 18, 10, 2, 29, 28, 20, 12, 4, 31, 23, 15, 14, 6, 33, 25, 17, 9),
], [  (1, 3, 5, 7, 2, 4, 6)(8, 10, 12, 14, 9, 11, 13)(15, 17, 19, 21, 16, 18, 20)(22, 24, 26, 28, 23, 25, 27)(29, 31, 33, 35, 30, 32, 34),  
(1, 6, 4, 2, 7, 5, 3)(8, 13, 11, 9, 14, 12, 10)(15, 20, 18, 16, 21, 19, 17)(22, 27, 25, 23, 28, 26, 24)(29, 34, 32, 30, 35, 33, 31),  ], [  
(1, 35, 27, 19, 11, 3, 30, 22, 21, 13, 5, 32, 24, 16, 8, 7, 34, 26, 18, 10, 2, 29, 28, 20, 12, 4, 31, 23, 15, 14, 6, 33, 25, 17, 9),  (1, 9, 
17, 25, 33, 6, 14, 15, 23, 31, 4, 12, 20, 28, 29, 2, 10, 18, 26, 34, 7, 8, 16, 24, 32, 5, 13, 21, 22, 30, 3, 11, 19, 27, 35),  ], [  (1, 25, 
14, 31, 20, 2, 26, 8, 32, 21, 3, 27, 9, 33, 15, 4, 28, 10, 34, 16, 5, 22, 11, 35, 17, 6, 23, 12, 29, 18, 7, 24, 13, 30, 19),  (1, 19, 30, 13, 
24, 7, 18, 29, 12, 23, 6, 17, 35, 11, 22, 5, 16, 34, 10, 28, 4, 15, 33, 9, 27, 3, 21, 32, 8, 26, 2, 20, 31, 14, 25),  ], [  (1, 26, 9, 34, 17,
7, 25, 8, 33, 16, 6, 24, 14, 32, 15, 5, 23, 13, 31, 21, 4, 22, 12, 30, 20, 3, 28, 11, 29, 19, 2, 27, 10, 35, 18),  (1, 18, 35, 10, 27, 2, 19, 
29, 11, 28, 3, 20, 30, 12, 22, 4, 21, 31, 13, 23, 5, 15, 32, 14, 24, 6, 16, 33, 8, 25, 7, 17, 34, 9, 26),  ], [  (1, 30, 24, 18, 12, 6, 35, 
22, 16, 10, 4, 33, 27, 21, 8, 2, 31, 25, 19, 13, 7, 29, 23, 17, 11, 5, 34, 28, 15, 9, 3, 32, 26, 20, 14),  (1, 14, 20, 26, 32, 3, 9, 15, 28, 
34, 5, 11, 17, 23, 29, 7, 13, 19, 25, 31, 2, 8, 21, 27, 33, 4, 10, 16, 22, 35, 6, 12, 18, 24, 30),  ], [  (1, 6, 4, 2, 7, 5, 3)(8, 13, 11, 9, 
14, 12, 10)(15, 20, 18, 16, 21, 19, 17)(22, 27, 25, 23, 28, 26, 24)(29, 34, 32, 30, 35, 33, 31),  (1, 3, 5, 7, 2, 4, 6)(8, 10, 12, 14, 9, 11, 
13)(15, 17, 19, 21, 16, 18, 20)(22, 24, 26, 28, 23, 25, 27)(29, 31, 33, 35, 30, 32, 34),  ], [  (1, 21, 34, 12, 25, 3, 16, 29, 14, 27, 5, 18, 
31, 9, 22, 7, 20, 33, 11, 24, 2, 15, 35, 13, 26, 4, 17, 30, 8, 28, 6, 19, 32, 10, 23),  (1, 23, 10, 32, 19, 6, 28, 8, 30, 17, 4, 26, 13, 35, 
15, 2, 24, 11, 33, 20, 7, 22, 9, 31, 18, 5, 27, 14, 29, 16, 3, 25, 12, 34, 21),  ], [  (1, 16, 31, 11, 26, 6, 21, 29, 9, 24, 4, 19, 34, 14, 
22, 2, 17, 32, 12, 27, 7, 15, 30, 10, 25, 5, 20, 35, 8, 23, 3, 18, 33, 13, 28),  (1, 28, 13, 33, 18, 3, 23, 8, 35, 20, 5, 25, 10, 30, 15, 7, 
27, 12, 32, 17, 2, 22, 14, 34, 19, 4, 24, 9, 29, 21, 6, 26, 11, 31, 16),  ], [  (1, 10, 19, 28, 30, 4, 13, 15, 24, 33, 7, 9, 18, 27, 29, 3, 
12, 21, 23, 32, 6, 8, 17, 26, 35, 2, 11, 20, 22, 31, 5, 14, 16, 25, 34),  (1, 34, 25, 16, 14, 5, 31, 22, 20, 11, 2, 35, 26, 17, 8, 6, 32, 23, 
21, 12, 3, 29, 27, 18, 9, 7, 33, 24, 15, 13, 4, 30, 28, 19, 10),  ], [  (1, 13, 18, 23, 35, 5, 10, 15, 27, 32, 2, 14, 19, 24, 29, 6, 11, 16, 
28, 33, 3, 8, 20, 25, 30, 7, 12, 17, 22, 34, 4, 9, 21, 26, 31),  (1, 31, 26, 21, 9, 4, 34, 22, 17, 12, 7, 30, 25, 20, 8, 3, 33, 28, 16, 11, 6,
29, 24, 19, 14, 2, 32, 27, 15, 10, 5, 35, 23, 18, 13),  ], [  (1, 31, 26, 21, 9, 4, 34, 22, 17, 12, 7, 30, 25, 20, 8, 3, 33, 28, 16, 11, 6, 
29, 24, 19, 14, 2, 32, 27, 15, 10, 5, 35, 23, 18, 13),  (1, 13, 18, 23, 35, 5, 10, 15, 27, 32, 2, 14, 19, 24, 29, 6, 11, 16, 28, 33, 3, 8, 20,
25, 30, 7, 12, 17, 22, 34, 4, 9, 21, 26, 31),  ], [  (1, 28, 13, 33, 18, 3, 23, 8, 35, 20, 5, 25, 10, 30, 15, 7, 27, 12, 32, 17, 2, 22, 14, 
34, 19, 4, 24, 9, 29, 21, 6, 26, 11, 31, 16),  (1, 16, 31, 11, 26, 6, 21, 29, 9, 24, 4, 19, 34, 14, 22, 2, 17, 32, 12, 27, 7, 15, 30, 10, 25, 
5, 20, 35, 8, 23, 3, 18, 33, 13, 28),  ], [  (1, 23, 10, 32, 19, 6, 28, 8, 30, 17, 4, 26, 13, 35, 15, 2, 24, 11, 33, 20, 7, 22, 9, 31, 18, 5, 
27, 14, 29, 16, 3, 25, 12, 34, 21),  (1, 21, 34, 12, 25, 3, 16, 29, 14, 27, 5, 18, 31, 9, 22, 7, 20, 33, 11, 24, 2, 15, 35, 13, 26, 4, 17, 30,
8, 28, 6, 19, 32, 10, 23),  ], [  (1, 34, 25, 16, 14, 5, 31, 22, 20, 11, 2, 35, 26, 17, 8, 6, 32, 23, 21, 12, 3, 29, 27, 18, 9, 7, 33, 24, 15,
13, 4, 30, 28, 19, 10),  (1, 10, 19, 28, 30, 4, 13, 15, 24, 33, 7, 9, 18, 27, 29, 3, 12, 21, 23, 32, 6, 8, 17, 26, 35, 2, 11, 20, 22, 31, 5, 
14, 16, 25, 34),  ], [  (1, 17, 33, 14, 23, 4, 20, 29, 10, 26, 7, 16, 32, 13, 22, 3, 19, 35, 9, 25, 6, 15, 31, 12, 28, 2, 18, 34, 8, 24, 5, 
21, 30, 11, 27),  (1, 27, 11, 30, 21, 5, 24, 8, 34, 18, 2, 28, 12, 31, 15, 6, 25, 9, 35, 19, 3, 22, 13, 32, 16, 7, 26, 10, 29, 20, 4, 23, 14, 
33, 17),  ], [  (1, 20, 32, 9, 28, 5, 17, 29, 13, 25, 2, 21, 33, 10, 22, 6, 18, 30, 14, 26, 3, 15, 34, 11, 23, 7, 19, 31, 8, 27, 4, 16, 35, 
12, 24),  (1, 24, 12, 35, 16, 4, 27, 8, 31, 19, 7, 23, 11, 34, 15, 3, 26, 14, 30, 18, 6, 22, 10, 33, 21, 2, 25, 13, 29, 17, 5, 28, 9, 32, 20),
], [  (1, 24, 12, 35, 16, 4, 27, 8, 31, 19, 7, 23, 11, 34, 15, 3, 26, 14, 30, 18, 6, 22, 10, 33, 21, 2, 25, 13, 29, 17, 5, 28, 9, 32, 20),  
(1, 20, 32, 9, 28, 5, 17, 29, 13, 25, 2, 21, 33, 10, 22, 6, 18, 30, 14, 26, 3, 15, 34, 11, 23, 7, 19, 31, 8, 27, 4, 16, 35, 12, 24),  ], [  
(1, 27, 11, 30, 21, 5, 24, 8, 34, 18, 2, 28, 12, 31, 15, 6, 25, 9, 35, 19, 3, 22, 13, 32, 16, 7, 26, 10, 29, 20, 4, 23, 14, 33, 17),  (1, 17, 
33, 14, 23, 4, 20, 29, 10, 26, 7, 16, 32, 13, 22, 3, 19, 35, 9, 25, 6, 15, 31, 12, 28, 2, 18, 34, 8, 24, 5, 21, 30, 11, 27),  ], ]
);


