BRACES[94] := rec( total := -1, implemented := 2, size := 94, brace := [] );BRACES[94].brace[1] := rec ( size := 94, perms := [ [  (),  (),  
], [  (1, 48)(2, 49)(3, 50)(4, 51)(5, 52)(6, 53)(7, 54)(8, 55)(9, 56)(10, 57)(11, 58)(12, 59)(13, 60)(14, 61)(15, 62)(16, 63)(17, 64)(18, 
65)(19, 66)(20, 67)(21, 68)(22, 69)(23, 70)(24, 71)(25, 72)(26, 73)(27, 74)(28, 75)(29, 76)(30, 77)(31, 78)(32, 79)(33, 80)(34, 81)(35, 
82)(36, 83)(37, 84)(38, 85)(39, 86)(40, 87)(41, 88)(42, 89)(43, 90)(44, 91)(45, 92)(46, 93)(47, 94),  (1, 48)(2, 94)(3, 93)(4, 92)(5, 91)(6, 
90)(7, 89)(8, 88)(9, 87)(10, 86)(11, 85)(12, 84)(13, 83)(14, 82)(15, 81)(16, 80)(17, 79)(18, 78)(19, 77)(20, 76)(21, 75)(22, 74)(23, 73)(24, 
72)(25, 71)(26, 70)(27, 69)(28, 68)(29, 67)(30, 66)(31, 65)(32, 64)(33, 63)(34, 62)(35, 61)(36, 60)(37, 59)(38, 58)(39, 57)(40, 56)(41, 
55)(42, 54)(43, 53)(44, 52)(45, 51)(46, 50)(47, 49),  ], [  (1, 36, 24, 12, 47, 35, 23, 11, 46, 34, 22, 10, 45, 33, 21, 9, 44, 32, 20, 8, 43, 
31, 19, 7, 42, 30, 18, 6, 41, 29, 17, 5, 40, 28, 16, 4, 39, 27, 15, 3, 38, 26, 14, 2, 37, 25, 13)(48, 83, 71, 59, 94, 82, 70, 58, 93, 81, 69, 
57, 92, 80, 68, 56, 91, 79, 67, 55, 90, 78, 66, 54, 89, 77, 65, 53, 88, 76, 64, 52, 87, 75, 63, 51, 86, 74, 62, 50, 85, 73, 61, 49, 84, 72, 
60),  (1, 13, 25, 37, 2, 14, 26, 38, 3, 15, 27, 39, 4, 16, 28, 40, 5, 17, 29, 41, 6, 18, 30, 42, 7, 19, 31, 43, 8, 20, 32, 44, 9, 21, 33, 45, 
10, 22, 34, 46, 11, 23, 35, 47, 12, 24, 36)(48, 60, 72, 84, 49, 61, 73, 85, 50, 62, 74, 86, 51, 63, 75, 87, 52, 64, 76, 88, 53, 65, 77, 89, 
54, 66, 78, 90, 55, 67, 79, 91, 56, 68, 80, 92, 57, 69, 81, 93, 58, 70, 82, 94, 59, 71, 83),  ], [  (1, 13, 25, 37, 2, 14, 26, 38, 3, 15, 27, 
39, 4, 16, 28, 40, 5, 17, 29, 41, 6, 18, 30, 42, 7, 19, 31, 43, 8, 20, 32, 44, 9, 21, 33, 45, 10, 22, 34, 46, 11, 23, 35, 47, 12, 24, 36)(48, 
60, 72, 84, 49, 61, 73, 85, 50, 62, 74, 86, 51, 63, 75, 87, 52, 64, 76, 88, 53, 65, 77, 89, 54, 66, 78, 90, 55, 67, 79, 91, 56, 68, 80, 92, 
57, 69, 81, 93, 58, 70, 82, 94, 59, 71, 83),  (1, 36, 24, 12, 47, 35, 23, 11, 46, 34, 22, 10, 45, 33, 21, 9, 44, 32, 20, 8, 43, 31, 19, 7, 42,
30, 18, 6, 41, 29, 17, 5, 40, 28, 16, 4, 39, 27, 15, 3, 38, 26, 14, 2, 37, 25, 13)(48, 83, 71, 59, 94, 82, 70, 58, 93, 81, 69, 57, 92, 80, 68,
56, 91, 79, 67, 55, 90, 78, 66, 54, 89, 77, 65, 53, 88, 76, 64, 52, 87, 75, 63, 51, 86, 74, 62, 50, 85, 73, 61, 49, 84, 72, 60),  ], [  (1, 
60, 25, 84, 2, 61, 26, 85, 3, 62, 27, 86, 4, 63, 28, 87, 5, 64, 29, 88, 6, 65, 30, 89, 7, 66, 31, 90, 8, 67, 32, 91, 9, 68, 33, 92, 10, 69, 
34, 93, 11, 70, 35, 94, 12, 71, 36, 48, 13, 72, 37, 49, 14, 73, 38, 50, 15, 74, 39, 51, 16, 75, 40, 52, 17, 76, 41, 53, 18, 77, 42, 54, 19, 
78, 43, 55, 20, 79, 44, 56, 21, 80, 45, 57, 22, 81, 46, 58, 23, 82, 47, 59, 24, 83),  (1, 60)(2, 59)(3, 58)(4, 57)(5, 56)(6, 55)(7, 54)(8, 
53)(9, 52)(10, 51)(11, 50)(12, 49)(13, 48)(14, 94)(15, 93)(16, 92)(17, 91)(18, 90)(19, 89)(20, 88)(21, 87)(22, 86)(23, 85)(24, 84)(25, 83)(26,
82)(27, 81)(28, 80)(29, 79)(30, 78)(31, 77)(32, 76)(33, 75)(34, 74)(35, 73)(36, 72)(37, 71)(38, 70)(39, 69)(40, 68)(41, 67)(42, 66)(43, 
65)(44, 64)(45, 63)(46, 62)(47, 61),  ], [  (1, 83, 24, 59, 47, 82, 23, 58, 46, 81, 22, 57, 45, 80, 21, 56, 44, 79, 20, 55, 43, 78, 19, 54, 
42, 77, 18, 53, 41, 76, 17, 52, 40, 75, 16, 51, 39, 74, 15, 50, 38, 73, 14, 49, 37, 72, 13, 48, 36, 71, 12, 94, 35, 70, 11, 93, 34, 69, 10, 
92, 33, 68, 9, 91, 32, 67, 8, 90, 31, 66, 7, 89, 30, 65, 6, 88, 29, 64, 5, 87, 28, 63, 4, 86, 27, 62, 3, 85, 26, 61, 2, 84, 25, 60),  (1, 
83)(2, 82)(3, 81)(4, 80)(5, 79)(6, 78)(7, 77)(8, 76)(9, 75)(10, 74)(11, 73)(12, 72)(13, 71)(14, 70)(15, 69)(16, 68)(17, 67)(18, 66)(19, 
65)(20, 64)(21, 63)(22, 62)(23, 61)(24, 60)(25, 59)(26, 58)(27, 57)(28, 56)(29, 55)(30, 54)(31, 53)(32, 52)(33, 51)(34, 50)(35, 49)(36, 
48)(37, 94)(38, 93)(39, 92)(40, 91)(41, 90)(42, 89)(43, 88)(44, 87)(45, 86)(46, 85)(47, 84),  ], [  (1, 24, 47, 23, 46, 22, 45, 21, 44, 20, 
43, 19, 42, 18, 41, 17, 40, 16, 39, 15, 38, 14, 37, 13, 36, 12, 35, 11, 34, 10, 33, 9, 32, 8, 31, 7, 30, 6, 29, 5, 28, 4, 27, 3, 26, 2, 
25)(48, 71, 94, 70, 93, 69, 92, 68, 91, 67, 90, 66, 89, 65, 88, 64, 87, 63, 86, 62, 85, 61, 84, 60, 83, 59, 82, 58, 81, 57, 80, 56, 79, 55, 
78, 54, 77, 53, 76, 52, 75, 51, 74, 50, 73, 49, 72),  (1, 25, 2, 26, 3, 27, 4, 28, 5, 29, 6, 30, 7, 31, 8, 32, 9, 33, 10, 34, 11, 35, 12, 36, 
13, 37, 14, 38, 15, 39, 16, 40, 17, 41, 18, 42, 19, 43, 20, 44, 21, 45, 22, 46, 23, 47, 24)(48, 72, 49, 73, 50, 74, 51, 75, 52, 76, 53, 77, 
54, 78, 55, 79, 56, 80, 57, 81, 58, 82, 59, 83, 60, 84, 61, 85, 62, 86, 63, 87, 64, 88, 65, 89, 66, 90, 67, 91, 68, 92, 69, 93, 70, 94, 71),  
], [  (1, 25, 2, 26, 3, 27, 4, 28, 5, 29, 6, 30, 7, 31, 8, 32, 9, 33, 10, 34, 11, 35, 12, 36, 13, 37, 14, 38, 15, 39, 16, 40, 17, 41, 18, 42, 
19, 43, 20, 44, 21, 45, 22, 46, 23, 47, 24)(48, 72, 49, 73, 50, 74, 51, 75, 52, 76, 53, 77, 54, 78, 55, 79, 56, 80, 57, 81, 58, 82, 59, 83, 
60, 84, 61, 85, 62, 86, 63, 87, 64, 88, 65, 89, 66, 90, 67, 91, 68, 92, 69, 93, 70, 94, 71),  (1, 24, 47, 23, 46, 22, 45, 21, 44, 20, 43, 19, 
42, 18, 41, 17, 40, 16, 39, 15, 38, 14, 37, 13, 36, 12, 35, 11, 34, 10, 33, 9, 32, 8, 31, 7, 30, 6, 29, 5, 28, 4, 27, 3, 26, 2, 25)(48, 71, 
94, 70, 93, 69, 92, 68, 91, 67, 90, 66, 89, 65, 88, 64, 87, 63, 86, 62, 85, 61, 84, 60, 83, 59, 82, 58, 81, 57, 80, 56, 79, 55, 78, 54, 77, 
53, 76, 52, 75, 51, 74, 50, 73, 49, 72),  ], [  (1, 72, 2, 73, 3, 74, 4, 75, 5, 76, 6, 77, 7, 78, 8, 79, 9, 80, 10, 81, 11, 82, 12, 83, 13, 
84, 14, 85, 15, 86, 16, 87, 17, 88, 18, 89, 19, 90, 20, 91, 21, 92, 22, 93, 23, 94, 24, 48, 25, 49, 26, 50, 27, 51, 28, 52, 29, 53, 30, 54, 
31, 55, 32, 56, 33, 57, 34, 58, 35, 59, 36, 60, 37, 61, 38, 62, 39, 63, 40, 64, 41, 65, 42, 66, 43, 67, 44, 68, 45, 69, 46, 70, 47, 71),  (1, 
72)(2, 71)(3, 70)(4, 69)(5, 68)(6, 67)(7, 66)(8, 65)(9, 64)(10, 63)(11, 62)(12, 61)(13, 60)(14, 59)(15, 58)(16, 57)(17, 56)(18, 55)(19, 
54)(20, 53)(21, 52)(22, 51)(23, 50)(24, 49)(25, 48)(26, 94)(27, 93)(28, 92)(29, 91)(30, 90)(31, 89)(32, 88)(33, 87)(34, 86)(35, 85)(36, 
84)(37, 83)(38, 82)(39, 81)(40, 80)(41, 79)(42, 78)(43, 77)(44, 76)(45, 75)(46, 74)(47, 73),  ], [  (1, 71, 47, 70, 46, 69, 45, 68, 44, 67, 
43, 66, 42, 65, 41, 64, 40, 63, 39, 62, 38, 61, 37, 60, 36, 59, 35, 58, 34, 57, 33, 56, 32, 55, 31, 54, 30, 53, 29, 52, 28, 51, 27, 50, 26, 
49, 25, 48, 24, 94, 23, 93, 22, 92, 21, 91, 20, 90, 19, 89, 18, 88, 17, 87, 16, 86, 15, 85, 14, 84, 13, 83, 12, 82, 11, 81, 10, 80, 9, 79, 8, 
78, 7, 77, 6, 76, 5, 75, 4, 74, 3, 73, 2, 72),  (1, 71)(2, 70)(3, 69)(4, 68)(5, 67)(6, 66)(7, 65)(8, 64)(9, 63)(10, 62)(11, 61)(12, 60)(13, 
59)(14, 58)(15, 57)(16, 56)(17, 55)(18, 54)(19, 53)(20, 52)(21, 51)(22, 50)(23, 49)(24, 48)(25, 94)(26, 93)(27, 92)(28, 91)(29, 90)(30, 
89)(31, 88)(32, 87)(33, 86)(34, 85)(35, 84)(36, 83)(37, 82)(38, 81)(39, 80)(40, 79)(41, 78)(42, 77)(43, 76)(44, 75)(45, 74)(46, 73)(47, 72),  
], [  (1, 12, 23, 34, 45, 9, 20, 31, 42, 6, 17, 28, 39, 3, 14, 25, 36, 47, 11, 22, 33, 44, 8, 19, 30, 41, 5, 16, 27, 38, 2, 13, 24, 35, 46, 
10, 21, 32, 43, 7, 18, 29, 40, 4, 15, 26, 37)(48, 59, 70, 81, 92, 56, 67, 78, 89, 53, 64, 75, 86, 50, 61, 72, 83, 94, 58, 69, 80, 91, 55, 66, 
77, 88, 52, 63, 74, 85, 49, 60, 71, 82, 93, 57, 68, 79, 90, 54, 65, 76, 87, 51, 62, 73, 84),  (1, 37, 26, 15, 4, 40, 29, 18, 7, 43, 32, 21, 
10, 46, 35, 24, 13, 2, 38, 27, 16, 5, 41, 30, 19, 8, 44, 33, 22, 11, 47, 36, 25, 14, 3, 39, 28, 17, 6, 42, 31, 20, 9, 45, 34, 23, 12)(48, 84, 
73, 62, 51, 87, 76, 65, 54, 90, 79, 68, 57, 93, 82, 71, 60, 49, 85, 74, 63, 52, 88, 77, 66, 55, 91, 80, 69, 58, 94, 83, 72, 61, 50, 86, 75, 
64, 53, 89, 78, 67, 56, 92, 81, 70, 59),  ], [  (1, 37, 26, 15, 4, 40, 29, 18, 7, 43, 32, 21, 10, 46, 35, 24, 13, 2, 38, 27, 16, 5, 41, 30, 
19, 8, 44, 33, 22, 11, 47, 36, 25, 14, 3, 39, 28, 17, 6, 42, 31, 20, 9, 45, 34, 23, 12)(48, 84, 73, 62, 51, 87, 76, 65, 54, 90, 79, 68, 57, 
93, 82, 71, 60, 49, 85, 74, 63, 52, 88, 77, 66, 55, 91, 80, 69, 58, 94, 83, 72, 61, 50, 86, 75, 64, 53, 89, 78, 67, 56, 92, 81, 70, 59),  (1, 
12, 23, 34, 45, 9, 20, 31, 42, 6, 17, 28, 39, 3, 14, 25, 36, 47, 11, 22, 33, 44, 8, 19, 30, 41, 5, 16, 27, 38, 2, 13, 24, 35, 46, 10, 21, 32, 
43, 7, 18, 29, 40, 4, 15, 26, 37)(48, 59, 70, 81, 92, 56, 67, 78, 89, 53, 64, 75, 86, 50, 61, 72, 83, 94, 58, 69, 80, 91, 55, 66, 77, 88, 52, 
63, 74, 85, 49, 60, 71, 82, 93, 57, 68, 79, 90, 54, 65, 76, 87, 51, 62, 73, 84),  ], [  (1, 84, 26, 62, 4, 87, 29, 65, 7, 90, 32, 68, 10, 93, 
35, 71, 13, 49, 38, 74, 16, 52, 41, 77, 19, 55, 44, 80, 22, 58, 47, 83, 25, 61, 3, 86, 28, 64, 6, 89, 31, 67, 9, 92, 34, 70, 12, 48, 37, 73, 
15, 51, 40, 76, 18, 54, 43, 79, 21, 57, 46, 82, 24, 60, 2, 85, 27, 63, 5, 88, 30, 66, 8, 91, 33, 69, 11, 94, 36, 72, 14, 50, 39, 75, 17, 53, 
42, 78, 20, 56, 45, 81, 23, 59),  (1, 84)(2, 83)(3, 82)(4, 81)(5, 80)(6, 79)(7, 78)(8, 77)(9, 76)(10, 75)(11, 74)(12, 73)(13, 72)(14, 71)(15, 
70)(16, 69)(17, 68)(18, 67)(19, 66)(20, 65)(21, 64)(22, 63)(23, 62)(24, 61)(25, 60)(26, 59)(27, 58)(28, 57)(29, 56)(30, 55)(31, 54)(32, 
53)(33, 52)(34, 51)(35, 50)(36, 49)(37, 48)(38, 94)(39, 93)(40, 92)(41, 91)(42, 90)(43, 89)(44, 88)(45, 87)(46, 86)(47, 85),  ], [  (1, 59, 
23, 81, 45, 56, 20, 78, 42, 53, 17, 75, 39, 50, 14, 72, 36, 94, 11, 69, 33, 91, 8, 66, 30, 88, 5, 63, 27, 85, 2, 60, 24, 82, 46, 57, 21, 79, 
43, 54, 18, 76, 40, 51, 15, 73, 37, 48, 12, 70, 34, 92, 9, 67, 31, 89, 6, 64, 28, 86, 3, 61, 25, 83, 47, 58, 22, 80, 44, 55, 19, 77, 41, 52, 
16, 74, 38, 49, 13, 71, 35, 93, 10, 68, 32, 90, 7, 65, 29, 87, 4, 62, 26, 84),  (1, 59)(2, 58)(3, 57)(4, 56)(5, 55)(6, 54)(7, 53)(8, 52)(9, 
51)(10, 50)(11, 49)(12, 48)(13, 94)(14, 93)(15, 92)(16, 91)(17, 90)(18, 89)(19, 88)(20, 87)(21, 86)(22, 85)(23, 84)(24, 83)(25, 82)(26, 
81)(27, 80)(28, 79)(29, 78)(30, 77)(31, 76)(32, 75)(33, 74)(34, 73)(35, 72)(36, 71)(37, 70)(38, 69)(39, 68)(40, 67)(41, 66)(42, 65)(43, 
64)(44, 63)(45, 62)(46, 61)(47, 60),  ], [  (1, 47, 46, 45, 44, 43, 42, 41, 40, 39, 38, 37, 36, 35, 34, 33, 32, 31, 30, 29, 28, 27, 26, 25, 
24, 23, 22, 21, 20, 19, 18, 17, 16, 15, 14, 13, 12, 11, 10, 9, 8, 7, 6, 5, 4, 3, 2)(48, 94, 93, 92, 91, 90, 89, 88, 87, 86, 85, 84, 83, 82, 
81, 80, 79, 78, 77, 76, 75, 74, 73, 72, 71, 70, 69, 68, 67, 66, 65, 64, 63, 62, 61, 60, 59, 58, 57, 56, 55, 54, 53, 52, 51, 50, 49),  (1, 2, 
3, 4, 5, 6, 7, 8, 9, 10, 11, 12, 13, 14, 15, 16, 17, 18, 19, 20, 21, 22, 23, 24, 25, 26, 27, 28, 29, 30, 31, 32, 33, 34, 35, 36, 37, 38, 39, 
40, 41, 42, 43, 44, 45, 46, 47)(48, 49, 50, 51, 52, 53, 54, 55, 56, 57, 58, 59, 60, 61, 62, 63, 64, 65, 66, 67, 68, 69, 70, 71, 72, 73, 74, 
75, 76, 77, 78, 79, 80, 81, 82, 83, 84, 85, 86, 87, 88, 89, 90, 91, 92, 93, 94),  ], [  (1, 2, 3, 4, 5, 6, 7, 8, 9, 10, 11, 12, 13, 14, 15, 
16, 17, 18, 19, 20, 21, 22, 23, 24, 25, 26, 27, 28, 29, 30, 31, 32, 33, 34, 35, 36, 37, 38, 39, 40, 41, 42, 43, 44, 45, 46, 47)(48, 49, 50, 
51, 52, 53, 54, 55, 56, 57, 58, 59, 60, 61, 62, 63, 64, 65, 66, 67, 68, 69, 70, 71, 72, 73, 74, 75, 76, 77, 78, 79, 80, 81, 82, 83, 84, 85, 
86, 87, 88, 89, 90, 91, 92, 93, 94),  (1, 47, 46, 45, 44, 43, 42, 41, 40, 39, 38, 37, 36, 35, 34, 33, 32, 31, 30, 29, 28, 27, 26, 25, 24, 23, 
22, 21, 20, 19, 18, 17, 16, 15, 14, 13, 12, 11, 10, 9, 8, 7, 6, 5, 4, 3, 2)(48, 94, 93, 92, 91, 90, 89, 88, 87, 86, 85, 84, 83, 82, 81, 80, 
79, 78, 77, 76, 75, 74, 73, 72, 71, 70, 69, 68, 67, 66, 65, 64, 63, 62, 61, 60, 59, 58, 57, 56, 55, 54, 53, 52, 51, 50, 49),  ], [  (1, 49, 3,
51, 5, 53, 7, 55, 9, 57, 11, 59, 13, 61, 15, 63, 17, 65, 19, 67, 21, 69, 23, 71, 25, 73, 27, 75, 29, 77, 31, 79, 33, 81, 35, 83, 37, 85, 39, 
87, 41, 89, 43, 91, 45, 93, 47, 48, 2, 50, 4, 52, 6, 54, 8, 56, 10, 58, 12, 60, 14, 62, 16, 64, 18, 66, 20, 68, 22, 70, 24, 72, 26, 74, 28, 
76, 30, 78, 32, 80, 34, 82, 36, 84, 38, 86, 40, 88, 42, 90, 44, 92, 46, 94),  (1, 49)(2, 48)(3, 94)(4, 93)(5, 92)(6, 91)(7, 90)(8, 89)(9, 
88)(10, 87)(11, 86)(12, 85)(13, 84)(14, 83)(15, 82)(16, 81)(17, 80)(18, 79)(19, 78)(20, 77)(21, 76)(22, 75)(23, 74)(24, 73)(25, 72)(26, 
71)(27, 70)(28, 69)(29, 68)(30, 67)(31, 66)(32, 65)(33, 64)(34, 63)(35, 62)(36, 61)(37, 60)(38, 59)(39, 58)(40, 57)(41, 56)(42, 55)(43, 
54)(44, 53)(45, 52)(46, 51)(47, 50),  ], [  (1, 94, 46, 92, 44, 90, 42, 88, 40, 86, 38, 84, 36, 82, 34, 80, 32, 78, 30, 76, 28, 74, 26, 72, 
24, 70, 22, 68, 20, 66, 18, 64, 16, 62, 14, 60, 12, 58, 10, 56, 8, 54, 6, 52, 4, 50, 2, 48, 47, 93, 45, 91, 43, 89, 41, 87, 39, 85, 37, 83, 
35, 81, 33, 79, 31, 77, 29, 75, 27, 73, 25, 71, 23, 69, 21, 67, 19, 65, 17, 63, 15, 61, 13, 59, 11, 57, 9, 55, 7, 53, 5, 51, 3, 49),  (1, 
94)(2, 93)(3, 92)(4, 91)(5, 90)(6, 89)(7, 88)(8, 87)(9, 86)(10, 85)(11, 84)(12, 83)(13, 82)(14, 81)(15, 80)(16, 79)(17, 78)(18, 77)(19, 
76)(20, 75)(21, 74)(22, 73)(23, 72)(24, 71)(25, 70)(26, 69)(27, 68)(28, 67)(29, 66)(30, 65)(31, 64)(32, 63)(33, 62)(34, 61)(35, 60)(36, 
59)(37, 58)(38, 57)(39, 56)(40, 55)(41, 54)(42, 53)(43, 52)(44, 51)(45, 50)(46, 49)(47, 48),  ], [  (1, 35, 22, 9, 43, 30, 17, 4, 38, 25, 12, 
46, 33, 20, 7, 41, 28, 15, 2, 36, 23, 10, 44, 31, 18, 5, 39, 26, 13, 47, 34, 21, 8, 42, 29, 16, 3, 37, 24, 11, 45, 32, 19, 6, 40, 27, 14)(48, 
82, 69, 56, 90, 77, 64, 51, 85, 72, 59, 93, 80, 67, 54, 88, 75, 62, 49, 83, 70, 57, 91, 78, 65, 52, 86, 73, 60, 94, 81, 68, 55, 89, 76, 63, 
50, 84, 71, 58, 92, 79, 66, 53, 87, 74, 61),  (1, 14, 27, 40, 6, 19, 32, 45, 11, 24, 37, 3, 16, 29, 42, 8, 21, 34, 47, 13, 26, 39, 5, 18, 31, 
44, 10, 23, 36, 2, 15, 28, 41, 7, 20, 33, 46, 12, 25, 38, 4, 17, 30, 43, 9, 22, 35)(48, 61, 74, 87, 53, 66, 79, 92, 58, 71, 84, 50, 63, 76, 
89, 55, 68, 81, 94, 60, 73, 86, 52, 65, 78, 91, 57, 70, 83, 49, 62, 75, 88, 54, 67, 80, 93, 59, 72, 85, 51, 64, 77, 90, 56, 69, 82),  ], [  
(1, 14, 27, 40, 6, 19, 32, 45, 11, 24, 37, 3, 16, 29, 42, 8, 21, 34, 47, 13, 26, 39, 5, 18, 31, 44, 10, 23, 36, 2, 15, 28, 41, 7, 20, 33, 46, 
12, 25, 38, 4, 17, 30, 43, 9, 22, 35)(48, 61, 74, 87, 53, 66, 79, 92, 58, 71, 84, 50, 63, 76, 89, 55, 68, 81, 94, 60, 73, 86, 52, 65, 78, 91, 
57, 70, 83, 49, 62, 75, 88, 54, 67, 80, 93, 59, 72, 85, 51, 64, 77, 90, 56, 69, 82),  (1, 35, 22, 9, 43, 30, 17, 4, 38, 25, 12, 46, 33, 20, 7,
41, 28, 15, 2, 36, 23, 10, 44, 31, 18, 5, 39, 26, 13, 47, 34, 21, 8, 42, 29, 16, 3, 37, 24, 11, 45, 32, 19, 6, 40, 27, 14)(48, 82, 69, 56, 90,
77, 64, 51, 85, 72, 59, 93, 80, 67, 54, 88, 75, 62, 49, 83, 70, 57, 91, 78, 65, 52, 86, 73, 60, 94, 81, 68, 55, 89, 76, 63, 50, 84, 71, 58, 
92, 79, 66, 53, 87, 74, 61),  ], [  (1, 61, 27, 87, 6, 66, 32, 92, 11, 71, 37, 50, 16, 76, 42, 55, 21, 81, 47, 60, 26, 86, 5, 65, 31, 91, 10, 
70, 36, 49, 15, 75, 41, 54, 20, 80, 46, 59, 25, 85, 4, 64, 30, 90, 9, 69, 35, 48, 14, 74, 40, 53, 19, 79, 45, 58, 24, 84, 3, 63, 29, 89, 8, 
68, 34, 94, 13, 73, 39, 52, 18, 78, 44, 57, 23, 83, 2, 62, 28, 88, 7, 67, 33, 93, 12, 72, 38, 51, 17, 77, 43, 56, 22, 82),  (1, 61)(2, 60)(3, 
59)(4, 58)(5, 57)(6, 56)(7, 55)(8, 54)(9, 53)(10, 52)(11, 51)(12, 50)(13, 49)(14, 48)(15, 94)(16, 93)(17, 92)(18, 91)(19, 90)(20, 89)(21, 
88)(22, 87)(23, 86)(24, 85)(25, 84)(26, 83)(27, 82)(28, 81)(29, 80)(30, 79)(31, 78)(32, 77)(33, 76)(34, 75)(35, 74)(36, 73)(37, 72)(38, 
71)(39, 70)(40, 69)(41, 68)(42, 67)(43, 66)(44, 65)(45, 64)(46, 63)(47, 62),  ], [  (1, 82, 22, 56, 43, 77, 17, 51, 38, 72, 12, 93, 33, 67, 7,
88, 28, 62, 2, 83, 23, 57, 44, 78, 18, 52, 39, 73, 13, 94, 34, 68, 8, 89, 29, 63, 3, 84, 24, 58, 45, 79, 19, 53, 40, 74, 14, 48, 35, 69, 9, 
90, 30, 64, 4, 85, 25, 59, 46, 80, 20, 54, 41, 75, 15, 49, 36, 70, 10, 91, 31, 65, 5, 86, 26, 60, 47, 81, 21, 55, 42, 76, 16, 50, 37, 71, 11, 
92, 32, 66, 6, 87, 27, 61),  (1, 82)(2, 81)(3, 80)(4, 79)(5, 78)(6, 77)(7, 76)(8, 75)(9, 74)(10, 73)(11, 72)(12, 71)(13, 70)(14, 69)(15, 
68)(16, 67)(17, 66)(18, 65)(19, 64)(20, 63)(21, 62)(22, 61)(23, 60)(24, 59)(25, 58)(26, 57)(27, 56)(28, 55)(29, 54)(30, 53)(31, 52)(32, 
51)(33, 50)(34, 49)(35, 48)(36, 94)(37, 93)(38, 92)(39, 91)(40, 90)(41, 89)(42, 88)(43, 87)(44, 86)(45, 85)(46, 84)(47, 83),  ], [  (1, 23, 
45, 20, 42, 17, 39, 14, 36, 11, 33, 8, 30, 5, 27, 2, 24, 46, 21, 43, 18, 40, 15, 37, 12, 34, 9, 31, 6, 28, 3, 25, 47, 22, 44, 19, 41, 16, 38, 
13, 35, 10, 32, 7, 29, 4, 26)(48, 70, 92, 67, 89, 64, 86, 61, 83, 58, 80, 55, 77, 52, 74, 49, 71, 93, 68, 90, 65, 87, 62, 84, 59, 81, 56, 78, 
53, 75, 50, 72, 94, 69, 91, 66, 88, 63, 85, 60, 82, 57, 79, 54, 76, 51, 73),  (1, 26, 4, 29, 7, 32, 10, 35, 13, 38, 16, 41, 19, 44, 22, 47, 
25, 3, 28, 6, 31, 9, 34, 12, 37, 15, 40, 18, 43, 21, 46, 24, 2, 27, 5, 30, 8, 33, 11, 36, 14, 39, 17, 42, 20, 45, 23)(48, 73, 51, 76, 54, 79, 
57, 82, 60, 85, 63, 88, 66, 91, 69, 94, 72, 50, 75, 53, 78, 56, 81, 59, 84, 62, 87, 65, 90, 68, 93, 71, 49, 74, 52, 77, 55, 80, 58, 83, 61, 
86, 64, 89, 67, 92, 70),  ], [  (1, 26, 4, 29, 7, 32, 10, 35, 13, 38, 16, 41, 19, 44, 22, 47, 25, 3, 28, 6, 31, 9, 34, 12, 37, 15, 40, 18, 43,
21, 46, 24, 2, 27, 5, 30, 8, 33, 11, 36, 14, 39, 17, 42, 20, 45, 23)(48, 73, 51, 76, 54, 79, 57, 82, 60, 85, 63, 88, 66, 91, 69, 94, 72, 50, 
75, 53, 78, 56, 81, 59, 84, 62, 87, 65, 90, 68, 93, 71, 49, 74, 52, 77, 55, 80, 58, 83, 61, 86, 64, 89, 67, 92, 70),  (1, 23, 45, 20, 42, 17, 
39, 14, 36, 11, 33, 8, 30, 5, 27, 2, 24, 46, 21, 43, 18, 40, 15, 37, 12, 34, 9, 31, 6, 28, 3, 25, 47, 22, 44, 19, 41, 16, 38, 13, 35, 10, 32, 
7, 29, 4, 26)(48, 70, 92, 67, 89, 64, 86, 61, 83, 58, 80, 55, 77, 52, 74, 49, 71, 93, 68, 90, 65, 87, 62, 84, 59, 81, 56, 78, 53, 75, 50, 72, 
94, 69, 91, 66, 88, 63, 85, 60, 82, 57, 79, 54, 76, 51, 73),  ], [  (1, 73, 4, 76, 7, 79, 10, 82, 13, 85, 16, 88, 19, 91, 22, 94, 25, 50, 28, 
53, 31, 56, 34, 59, 37, 62, 40, 65, 43, 68, 46, 71, 2, 74, 5, 77, 8, 80, 11, 83, 14, 86, 17, 89, 20, 92, 23, 48, 26, 51, 29, 54, 32, 57, 35, 
60, 38, 63, 41, 66, 44, 69, 47, 72, 3, 75, 6, 78, 9, 81, 12, 84, 15, 87, 18, 90, 21, 93, 24, 49, 27, 52, 30, 55, 33, 58, 36, 61, 39, 64, 42, 
67, 45, 70),  (1, 73)(2, 72)(3, 71)(4, 70)(5, 69)(6, 68)(7, 67)(8, 66)(9, 65)(10, 64)(11, 63)(12, 62)(13, 61)(14, 60)(15, 59)(16, 58)(17, 
57)(18, 56)(19, 55)(20, 54)(21, 53)(22, 52)(23, 51)(24, 50)(25, 49)(26, 48)(27, 94)(28, 93)(29, 92)(30, 91)(31, 90)(32, 89)(33, 88)(34, 
87)(35, 86)(36, 85)(37, 84)(38, 83)(39, 82)(40, 81)(41, 80)(42, 79)(43, 78)(44, 77)(45, 76)(46, 75)(47, 74),  ], [  (1, 70, 45, 67, 42, 64, 
39, 61, 36, 58, 33, 55, 30, 52, 27, 49, 24, 93, 21, 90, 18, 87, 15, 84, 12, 81, 9, 78, 6, 75, 3, 72, 47, 69, 44, 66, 41, 63, 38, 60, 35, 57, 
32, 54, 29, 51, 26, 48, 23, 92, 20, 89, 17, 86, 14, 83, 11, 80, 8, 77, 5, 74, 2, 71, 46, 68, 43, 65, 40, 62, 37, 59, 34, 56, 31, 53, 28, 50, 
25, 94, 22, 91, 19, 88, 16, 85, 13, 82, 10, 79, 7, 76, 4, 73),  (1, 70)(2, 69)(3, 68)(4, 67)(5, 66)(6, 65)(7, 64)(8, 63)(9, 62)(10, 61)(11, 
60)(12, 59)(13, 58)(14, 57)(15, 56)(16, 55)(17, 54)(18, 53)(19, 52)(20, 51)(21, 50)(22, 49)(23, 48)(24, 94)(25, 93)(26, 92)(27, 91)(28, 
90)(29, 89)(30, 88)(31, 87)(32, 86)(33, 85)(34, 84)(35, 83)(36, 82)(37, 81)(38, 80)(39, 79)(40, 78)(41, 77)(42, 76)(43, 75)(44, 74)(45, 
73)(46, 72)(47, 71),  ], [  (1, 11, 21, 31, 41, 4, 14, 24, 34, 44, 7, 17, 27, 37, 47, 10, 20, 30, 40, 3, 13, 23, 33, 43, 6, 16, 26, 36, 46, 9,
19, 29, 39, 2, 12, 22, 32, 42, 5, 15, 25, 35, 45, 8, 18, 28, 38)(48, 58, 68, 78, 88, 51, 61, 71, 81, 91, 54, 64, 74, 84, 94, 57, 67, 77, 87, 
50, 60, 70, 80, 90, 53, 63, 73, 83, 93, 56, 66, 76, 86, 49, 59, 69, 79, 89, 52, 62, 72, 82, 92, 55, 65, 75, 85),  (1, 38, 28, 18, 8, 45, 35, 
25, 15, 5, 42, 32, 22, 12, 2, 39, 29, 19, 9, 46, 36, 26, 16, 6, 43, 33, 23, 13, 3, 40, 30, 20, 10, 47, 37, 27, 17, 7, 44, 34, 24, 14, 4, 41, 
31, 21, 11)(48, 85, 75, 65, 55, 92, 82, 72, 62, 52, 89, 79, 69, 59, 49, 86, 76, 66, 56, 93, 83, 73, 63, 53, 90, 80, 70, 60, 50, 87, 77, 67, 
57, 94, 84, 74, 64, 54, 91, 81, 71, 61, 51, 88, 78, 68, 58),  ], [  (1, 38, 28, 18, 8, 45, 35, 25, 15, 5, 42, 32, 22, 12, 2, 39, 29, 19, 9, 
46, 36, 26, 16, 6, 43, 33, 23, 13, 3, 40, 30, 20, 10, 47, 37, 27, 17, 7, 44, 34, 24, 14, 4, 41, 31, 21, 11)(48, 85, 75, 65, 55, 92, 82, 72, 
62, 52, 89, 79, 69, 59, 49, 86, 76, 66, 56, 93, 83, 73, 63, 53, 90, 80, 70, 60, 50, 87, 77, 67, 57, 94, 84, 74, 64, 54, 91, 81, 71, 61, 51, 
88, 78, 68, 58),  (1, 11, 21, 31, 41, 4, 14, 24, 34, 44, 7, 17, 27, 37, 47, 10, 20, 30, 40, 3, 13, 23, 33, 43, 6, 16, 26, 36, 46, 9, 19, 29, 
39, 2, 12, 22, 32, 42, 5, 15, 25, 35, 45, 8, 18, 28, 38)(48, 58, 68, 78, 88, 51, 61, 71, 81, 91, 54, 64, 74, 84, 94, 57, 67, 77, 87, 50, 60, 
70, 80, 90, 53, 63, 73, 83, 93, 56, 66, 76, 86, 49, 59, 69, 79, 89, 52, 62, 72, 82, 92, 55, 65, 75, 85),  ], [  (1, 58, 21, 78, 41, 51, 14, 
71, 34, 91, 7, 64, 27, 84, 47, 57, 20, 77, 40, 50, 13, 70, 33, 90, 6, 63, 26, 83, 46, 56, 19, 76, 39, 49, 12, 69, 32, 89, 5, 62, 25, 82, 45, 
55, 18, 75, 38, 48, 11, 68, 31, 88, 4, 61, 24, 81, 44, 54, 17, 74, 37, 94, 10, 67, 30, 87, 3, 60, 23, 80, 43, 53, 16, 73, 36, 93, 9, 66, 29, 
86, 2, 59, 22, 79, 42, 52, 15, 72, 35, 92, 8, 65, 28, 85),  (1, 58)(2, 57)(3, 56)(4, 55)(5, 54)(6, 53)(7, 52)(8, 51)(9, 50)(10, 49)(11, 
48)(12, 94)(13, 93)(14, 92)(15, 91)(16, 90)(17, 89)(18, 88)(19, 87)(20, 86)(21, 85)(22, 84)(23, 83)(24, 82)(25, 81)(26, 80)(27, 79)(28, 
78)(29, 77)(30, 76)(31, 75)(32, 74)(33, 73)(34, 72)(35, 71)(36, 70)(37, 69)(38, 68)(39, 67)(40, 66)(41, 65)(42, 64)(43, 63)(44, 62)(45, 
61)(46, 60)(47, 59),  ], [  (1, 93, 44, 89, 40, 85, 36, 81, 32, 77, 28, 73, 24, 69, 20, 65, 16, 61, 12, 57, 8, 53, 4, 49, 47, 92, 43, 88, 39, 
84, 35, 80, 31, 76, 27, 72, 23, 68, 19, 64, 15, 60, 11, 56, 7, 52, 3, 48, 46, 91, 42, 87, 38, 83, 34, 79, 30, 75, 26, 71, 22, 67, 18, 63, 14, 
59, 10, 55, 6, 51, 2, 94, 45, 90, 41, 86, 37, 82, 33, 78, 29, 74, 25, 70, 21, 66, 17, 62, 13, 58, 9, 54, 5, 50),  (1, 93)(2, 92)(3, 91)(4, 
90)(5, 89)(6, 88)(7, 87)(8, 86)(9, 85)(10, 84)(11, 83)(12, 82)(13, 81)(14, 80)(15, 79)(16, 78)(17, 77)(18, 76)(19, 75)(20, 74)(21, 73)(22, 
72)(23, 71)(24, 70)(25, 69)(26, 68)(27, 67)(28, 66)(29, 65)(30, 64)(31, 63)(32, 62)(33, 61)(34, 60)(35, 59)(36, 58)(37, 57)(38, 56)(39, 
55)(40, 54)(41, 53)(42, 52)(43, 51)(44, 50)(45, 49)(46, 48)(47, 94),  ], [  (1, 3, 5, 7, 9, 11, 13, 15, 17, 19, 21, 23, 25, 27, 29, 31, 33, 
35, 37, 39, 41, 43, 45, 47, 2, 4, 6, 8, 10, 12, 14, 16, 18, 20, 22, 24, 26, 28, 30, 32, 34, 36, 38, 40, 42, 44, 46)(48, 50, 52, 54, 56, 58, 
60, 62, 64, 66, 68, 70, 72, 74, 76, 78, 80, 82, 84, 86, 88, 90, 92, 94, 49, 51, 53, 55, 57, 59, 61, 63, 65, 67, 69, 71, 73, 75, 77, 79, 81, 
83, 85, 87, 89, 91, 93),  (1, 46, 44, 42, 40, 38, 36, 34, 32, 30, 28, 26, 24, 22, 20, 18, 16, 14, 12, 10, 8, 6, 4, 2, 47, 45, 43, 41, 39, 37, 
35, 33, 31, 29, 27, 25, 23, 21, 19, 17, 15, 13, 11, 9, 7, 5, 3)(48, 93, 91, 89, 87, 85, 83, 81, 79, 77, 75, 73, 71, 69, 67, 65, 63, 61, 59, 
57, 55, 53, 51, 49, 94, 92, 90, 88, 86, 84, 82, 80, 78, 76, 74, 72, 70, 68, 66, 64, 62, 60, 58, 56, 54, 52, 50),  ], [  (1, 81, 20, 53, 39, 
72, 11, 91, 30, 63, 2, 82, 21, 54, 40, 73, 12, 92, 31, 64, 3, 83, 22, 55, 41, 74, 13, 93, 32, 65, 4, 84, 23, 56, 42, 75, 14, 94, 33, 66, 5, 
85, 24, 57, 43, 76, 15, 48, 34, 67, 6, 86, 25, 58, 44, 77, 16, 49, 35, 68, 7, 87, 26, 59, 45, 78, 17, 50, 36, 69, 8, 88, 27, 60, 46, 79, 18, 
51, 37, 70, 9, 89, 28, 61, 47, 80, 19, 52, 38, 71, 10, 90, 29, 62),  (1, 81)(2, 80)(3, 79)(4, 78)(5, 77)(6, 76)(7, 75)(8, 74)(9, 73)(10, 
72)(11, 71)(12, 70)(13, 69)(14, 68)(15, 67)(16, 66)(17, 65)(18, 64)(19, 63)(20, 62)(21, 61)(22, 60)(23, 59)(24, 58)(25, 57)(26, 56)(27, 
55)(28, 54)(29, 53)(30, 52)(31, 51)(32, 50)(33, 49)(34, 48)(35, 94)(36, 93)(37, 92)(38, 91)(39, 90)(40, 89)(41, 88)(42, 87)(43, 86)(44, 
85)(45, 84)(46, 83)(47, 82),  ], [  (1, 15, 29, 43, 10, 24, 38, 5, 19, 33, 47, 14, 28, 42, 9, 23, 37, 4, 18, 32, 46, 13, 27, 41, 8, 22, 36, 3,
17, 31, 45, 12, 26, 40, 7, 21, 35, 2, 16, 30, 44, 11, 25, 39, 6, 20, 34)(48, 62, 76, 90, 57, 71, 85, 52, 66, 80, 94, 61, 75, 89, 56, 70, 84, 
51, 65, 79, 93, 60, 74, 88, 55, 69, 83, 50, 64, 78, 92, 59, 73, 87, 54, 68, 82, 49, 63, 77, 91, 58, 72, 86, 53, 67, 81),  (1, 34, 20, 6, 39, 
25, 11, 44, 30, 16, 2, 35, 21, 7, 40, 26, 12, 45, 31, 17, 3, 36, 22, 8, 41, 27, 13, 46, 32, 18, 4, 37, 23, 9, 42, 28, 14, 47, 33, 19, 5, 38, 
24, 10, 43, 29, 15)(48, 81, 67, 53, 86, 72, 58, 91, 77, 63, 49, 82, 68, 54, 87, 73, 59, 92, 78, 64, 50, 83, 69, 55, 88, 74, 60, 93, 79, 65, 
51, 84, 70, 56, 89, 75, 61, 94, 80, 66, 52, 85, 71, 57, 90, 76, 62),  ], [  (1, 69, 43, 64, 38, 59, 33, 54, 28, 49, 23, 91, 18, 86, 13, 81, 8,
76, 3, 71, 45, 66, 40, 61, 35, 56, 30, 51, 25, 93, 20, 88, 15, 83, 10, 78, 5, 73, 47, 68, 42, 63, 37, 58, 32, 53, 27, 48, 22, 90, 17, 85, 12, 
80, 7, 75, 2, 70, 44, 65, 39, 60, 34, 55, 29, 50, 24, 92, 19, 87, 14, 82, 9, 77, 4, 72, 46, 67, 41, 62, 36, 57, 31, 52, 26, 94, 21, 89, 16, 
84, 11, 79, 6, 74),  (1, 69)(2, 68)(3, 67)(4, 66)(5, 65)(6, 64)(7, 63)(8, 62)(9, 61)(10, 60)(11, 59)(12, 58)(13, 57)(14, 56)(15, 55)(16, 
54)(17, 53)(18, 52)(19, 51)(20, 50)(21, 49)(22, 48)(23, 94)(24, 93)(25, 92)(26, 91)(27, 90)(28, 89)(29, 88)(30, 87)(31, 86)(32, 85)(33, 
84)(34, 83)(35, 82)(36, 81)(37, 80)(38, 79)(39, 78)(40, 77)(41, 76)(42, 75)(43, 74)(44, 73)(45, 72)(46, 71)(47, 70),  ], [  (1, 27, 6, 32, 11,
37, 16, 42, 21, 47, 26, 5, 31, 10, 36, 15, 41, 20, 46, 25, 4, 30, 9, 35, 14, 40, 19, 45, 24, 3, 29, 8, 34, 13, 39, 18, 44, 23, 2, 28, 7, 33, 
12, 38, 17, 43, 22)(48, 74, 53, 79, 58, 84, 63, 89, 68, 94, 73, 52, 78, 57, 83, 62, 88, 67, 93, 72, 51, 77, 56, 82, 61, 87, 66, 92, 71, 50, 
76, 55, 81, 60, 86, 65, 91, 70, 49, 75, 54, 80, 59, 85, 64, 90, 69),  (1, 22, 43, 17, 38, 12, 33, 7, 28, 2, 23, 44, 18, 39, 13, 34, 8, 29, 3, 
24, 45, 19, 40, 14, 35, 9, 30, 4, 25, 46, 20, 41, 15, 36, 10, 31, 5, 26, 47, 21, 42, 16, 37, 11, 32, 6, 27)(48, 69, 90, 64, 85, 59, 80, 54, 
75, 49, 70, 91, 65, 86, 60, 81, 55, 76, 50, 71, 92, 66, 87, 61, 82, 56, 77, 51, 72, 93, 67, 88, 62, 83, 57, 78, 52, 73, 94, 68, 89, 63, 84, 
58, 79, 53, 74),  ], [  (1, 57, 19, 75, 37, 93, 8, 64, 26, 82, 44, 53, 15, 71, 33, 89, 4, 60, 22, 78, 40, 49, 11, 67, 29, 85, 47, 56, 18, 74, 
36, 92, 7, 63, 25, 81, 43, 52, 14, 70, 32, 88, 3, 59, 21, 77, 39, 48, 10, 66, 28, 84, 46, 55, 17, 73, 35, 91, 6, 62, 24, 80, 42, 51, 13, 69, 
31, 87, 2, 58, 20, 76, 38, 94, 9, 65, 27, 83, 45, 54, 16, 72, 34, 90, 5, 61, 23, 79, 41, 50, 12, 68, 30, 86),  (1, 57)(2, 56)(3, 55)(4, 54)(5,
53)(6, 52)(7, 51)(8, 50)(9, 49)(10, 48)(11, 94)(12, 93)(13, 92)(14, 91)(15, 90)(16, 89)(17, 88)(18, 87)(19, 86)(20, 85)(21, 84)(22, 83)(23, 
82)(24, 81)(25, 80)(26, 79)(27, 78)(28, 77)(29, 76)(30, 75)(31, 74)(32, 73)(33, 72)(34, 71)(35, 70)(36, 69)(37, 68)(38, 67)(39, 66)(40, 
65)(41, 64)(42, 63)(43, 62)(44, 61)(45, 60)(46, 59)(47, 58),  ], [  (1, 39, 30, 21, 12, 3, 41, 32, 23, 14, 5, 43, 34, 25, 16, 7, 45, 36, 27, 
18, 9, 47, 38, 29, 20, 11, 2, 40, 31, 22, 13, 4, 42, 33, 24, 15, 6, 44, 35, 26, 17, 8, 46, 37, 28, 19, 10)(48, 86, 77, 68, 59, 50, 88, 79, 70,
61, 52, 90, 81, 72, 63, 54, 92, 83, 74, 65, 56, 94, 85, 76, 67, 58, 49, 87, 78, 69, 60, 51, 89, 80, 71, 62, 53, 91, 82, 73, 64, 55, 93, 84, 
75, 66, 57),  (1, 10, 19, 28, 37, 46, 8, 17, 26, 35, 44, 6, 15, 24, 33, 42, 4, 13, 22, 31, 40, 2, 11, 20, 29, 38, 47, 9, 18, 27, 36, 45, 7, 
16, 25, 34, 43, 5, 14, 23, 32, 41, 3, 12, 21, 30, 39)(48, 57, 66, 75, 84, 93, 55, 64, 73, 82, 91, 53, 62, 71, 80, 89, 51, 60, 69, 78, 87, 49, 
58, 67, 76, 85, 94, 56, 65, 74, 83, 92, 54, 63, 72, 81, 90, 52, 61, 70, 79, 88, 50, 59, 68, 77, 86),  ], [  (1, 92, 42, 86, 36, 80, 30, 74, 
24, 68, 18, 62, 12, 56, 6, 50, 47, 91, 41, 85, 35, 79, 29, 73, 23, 67, 17, 61, 11, 55, 5, 49, 46, 90, 40, 84, 34, 78, 28, 72, 22, 66, 16, 60, 
10, 54, 4, 48, 45, 89, 39, 83, 33, 77, 27, 71, 21, 65, 15, 59, 9, 53, 3, 94, 44, 88, 38, 82, 32, 76, 26, 70, 20, 64, 14, 58, 8, 52, 2, 93, 43,
87, 37, 81, 31, 75, 25, 69, 19, 63, 13, 57, 7, 51),  (1, 92)(2, 91)(3, 90)(4, 89)(5, 88)(6, 87)(7, 86)(8, 85)(9, 84)(10, 83)(11, 82)(12, 
81)(13, 80)(14, 79)(15, 78)(16, 77)(17, 76)(18, 75)(19, 74)(20, 73)(21, 72)(22, 71)(23, 70)(24, 69)(25, 68)(26, 67)(27, 66)(28, 65)(29, 
64)(30, 63)(31, 62)(32, 61)(33, 60)(34, 59)(35, 58)(36, 57)(37, 56)(38, 55)(39, 54)(40, 53)(41, 52)(42, 51)(43, 50)(44, 49)(45, 48)(46, 
94)(47, 93),  ], [  (1, 4, 7, 10, 13, 16, 19, 22, 25, 28, 31, 34, 37, 40, 43, 46, 2, 5, 8, 11, 14, 17, 20, 23, 26, 29, 32, 35, 38, 41, 44, 47,
3, 6, 9, 12, 15, 18, 21, 24, 27, 30, 33, 36, 39, 42, 45)(48, 51, 54, 57, 60, 63, 66, 69, 72, 75, 78, 81, 84, 87, 90, 93, 49, 52, 55, 58, 61, 
64, 67, 70, 73, 76, 79, 82, 85, 88, 91, 94, 50, 53, 56, 59, 62, 65, 68, 71, 74, 77, 80, 83, 86, 89, 92),  (1, 45, 42, 39, 36, 33, 30, 27, 24, 
21, 18, 15, 12, 9, 6, 3, 47, 44, 41, 38, 35, 32, 29, 26, 23, 20, 17, 14, 11, 8, 5, 2, 46, 43, 40, 37, 34, 31, 28, 25, 22, 19, 16, 13, 10, 7, 
4)(48, 92, 89, 86, 83, 80, 77, 74, 71, 68, 65, 62, 59, 56, 53, 50, 94, 91, 88, 85, 82, 79, 76, 73, 70, 67, 64, 61, 58, 55, 52, 49, 93, 90, 87,
84, 81, 78, 75, 72, 69, 66, 63, 60, 57, 54, 51),  ], [  (1, 80, 18, 50, 35, 67, 5, 84, 22, 54, 39, 71, 9, 88, 26, 58, 43, 75, 13, 92, 30, 62, 
47, 79, 17, 49, 34, 66, 4, 83, 21, 53, 38, 70, 8, 87, 25, 57, 42, 74, 12, 91, 29, 61, 46, 78, 16, 48, 33, 65, 3, 82, 20, 52, 37, 69, 7, 86, 
24, 56, 41, 73, 11, 90, 28, 60, 45, 77, 15, 94, 32, 64, 2, 81, 19, 51, 36, 68, 6, 85, 23, 55, 40, 72, 10, 89, 27, 59, 44, 76, 14, 93, 31, 63),
(1, 80)(2, 79)(3, 78)(4, 77)(5, 76)(6, 75)(7, 74)(8, 73)(9, 72)(10, 71)(11, 70)(12, 69)(13, 68)(14, 67)(15, 66)(16, 65)(17, 64)(18, 63)(19, 
62)(20, 61)(21, 60)(22, 59)(23, 58)(24, 57)(25, 56)(26, 55)(27, 54)(28, 53)(29, 52)(30, 51)(31, 50)(32, 49)(33, 48)(34, 94)(35, 93)(36, 
92)(37, 91)(38, 90)(39, 89)(40, 88)(41, 87)(42, 86)(43, 85)(44, 84)(45, 83)(46, 82)(47, 81),  ], [  (1, 85, 28, 65, 8, 92, 35, 72, 15, 52, 42,
79, 22, 59, 2, 86, 29, 66, 9, 93, 36, 73, 16, 53, 43, 80, 23, 60, 3, 87, 30, 67, 10, 94, 37, 74, 17, 54, 44, 81, 24, 61, 4, 88, 31, 68, 11, 
48, 38, 75, 18, 55, 45, 82, 25, 62, 5, 89, 32, 69, 12, 49, 39, 76, 19, 56, 46, 83, 26, 63, 6, 90, 33, 70, 13, 50, 40, 77, 20, 57, 47, 84, 27, 
64, 7, 91, 34, 71, 14, 51, 41, 78, 21, 58),  (1, 85)(2, 84)(3, 83)(4, 82)(5, 81)(6, 80)(7, 79)(8, 78)(9, 77)(10, 76)(11, 75)(12, 74)(13, 
73)(14, 72)(15, 71)(16, 70)(17, 69)(18, 68)(19, 67)(20, 66)(21, 65)(22, 64)(23, 63)(24, 62)(25, 61)(26, 60)(27, 59)(28, 58)(29, 57)(30, 
56)(31, 55)(32, 54)(33, 53)(34, 52)(35, 51)(36, 50)(37, 49)(38, 48)(39, 94)(40, 93)(41, 92)(42, 91)(43, 90)(44, 89)(45, 88)(46, 87)(47, 86),  
], [  (1, 16, 31, 46, 14, 29, 44, 12, 27, 42, 10, 25, 40, 8, 23, 38, 6, 21, 36, 4, 19, 34, 2, 17, 32, 47, 15, 30, 45, 13, 28, 43, 11, 26, 41, 
9, 24, 39, 7, 22, 37, 5, 20, 35, 3, 18, 33)(48, 63, 78, 93, 61, 76, 91, 59, 74, 89, 57, 72, 87, 55, 70, 85, 53, 68, 83, 51, 66, 81, 49, 64, 
79, 94, 62, 77, 92, 60, 75, 90, 58, 73, 88, 56, 71, 86, 54, 69, 84, 52, 67, 82, 50, 65, 80),  (1, 33, 18, 3, 35, 20, 5, 37, 22, 7, 39, 24, 9, 
41, 26, 11, 43, 28, 13, 45, 30, 15, 47, 32, 17, 2, 34, 19, 4, 36, 21, 6, 38, 23, 8, 40, 25, 10, 42, 27, 12, 44, 29, 14, 46, 31, 16)(48, 80, 
65, 50, 82, 67, 52, 84, 69, 54, 86, 71, 56, 88, 73, 58, 90, 75, 60, 92, 77, 62, 94, 79, 64, 49, 81, 66, 51, 83, 68, 53, 85, 70, 55, 87, 72, 
57, 89, 74, 59, 91, 76, 61, 93, 78, 63),  ], [  (1, 46, 44, 42, 40, 38, 36, 34, 32, 30, 28, 26, 24, 22, 20, 18, 16, 14, 12, 10, 8, 6, 4, 2, 
47, 45, 43, 41, 39, 37, 35, 33, 31, 29, 27, 25, 23, 21, 19, 17, 15, 13, 11, 9, 7, 5, 3)(48, 93, 91, 89, 87, 85, 83, 81, 79, 77, 75, 73, 71, 
69, 67, 65, 63, 61, 59, 57, 55, 53, 51, 49, 94, 92, 90, 88, 86, 84, 82, 80, 78, 76, 74, 72, 70, 68, 66, 64, 62, 60, 58, 56, 54, 52, 50),  (1, 
3, 5, 7, 9, 11, 13, 15, 17, 19, 21, 23, 25, 27, 29, 31, 33, 35, 37, 39, 41, 43, 45, 47, 2, 4, 6, 8, 10, 12, 14, 16, 18, 20, 22, 24, 26, 28, 
30, 32, 34, 36, 38, 40, 42, 44, 46)(48, 50, 52, 54, 56, 58, 60, 62, 64, 66, 68, 70, 72, 74, 76, 78, 80, 82, 84, 86, 88, 90, 92, 94, 49, 51, 
53, 55, 57, 59, 61, 63, 65, 67, 69, 71, 73, 75, 77, 79, 81, 83, 85, 87, 89, 91, 93),  ], [  (1, 68, 41, 61, 34, 54, 27, 94, 20, 87, 13, 80, 6,
73, 46, 66, 39, 59, 32, 52, 25, 92, 18, 85, 11, 78, 4, 71, 44, 64, 37, 57, 30, 50, 23, 90, 16, 83, 9, 76, 2, 69, 42, 62, 35, 55, 28, 48, 21, 
88, 14, 81, 7, 74, 47, 67, 40, 60, 33, 53, 26, 93, 19, 86, 12, 79, 5, 72, 45, 65, 38, 58, 31, 51, 24, 91, 17, 84, 10, 77, 3, 70, 43, 63, 36, 
56, 29, 49, 22, 89, 15, 82, 8, 75),  (1, 68)(2, 67)(3, 66)(4, 65)(5, 64)(6, 63)(7, 62)(8, 61)(9, 60)(10, 59)(11, 58)(12, 57)(13, 56)(14, 
55)(15, 54)(16, 53)(17, 52)(18, 51)(19, 50)(20, 49)(21, 48)(22, 94)(23, 93)(24, 92)(25, 91)(26, 90)(27, 89)(28, 88)(29, 87)(30, 86)(31, 
85)(32, 84)(33, 83)(34, 82)(35, 81)(36, 80)(37, 79)(38, 78)(39, 77)(40, 76)(41, 75)(42, 74)(43, 73)(44, 72)(45, 71)(46, 70)(47, 69),  ], [  
(1, 50, 5, 54, 9, 58, 13, 62, 17, 66, 21, 70, 25, 74, 29, 78, 33, 82, 37, 86, 41, 90, 45, 94, 2, 51, 6, 55, 10, 59, 14, 63, 18, 67, 22, 71, 
26, 75, 30, 79, 34, 83, 38, 87, 42, 91, 46, 48, 3, 52, 7, 56, 11, 60, 15, 64, 19, 68, 23, 72, 27, 76, 31, 80, 35, 84, 39, 88, 43, 92, 47, 49, 
4, 53, 8, 57, 12, 61, 16, 65, 20, 69, 24, 73, 28, 77, 32, 81, 36, 85, 40, 89, 44, 93),  (1, 50)(2, 49)(3, 48)(4, 94)(5, 93)(6, 92)(7, 91)(8, 
90)(9, 89)(10, 88)(11, 87)(12, 86)(13, 85)(14, 84)(15, 83)(16, 82)(17, 81)(18, 80)(19, 79)(20, 78)(21, 77)(22, 76)(23, 75)(24, 74)(25, 73)(26,
72)(27, 71)(28, 70)(29, 69)(30, 68)(31, 67)(32, 66)(33, 65)(34, 64)(35, 63)(36, 62)(37, 61)(38, 60)(39, 59)(40, 58)(41, 57)(42, 56)(43, 
55)(44, 54)(45, 53)(46, 52)(47, 51),  ], [  (1, 34, 20, 6, 39, 25, 11, 44, 30, 16, 2, 35, 21, 7, 40, 26, 12, 45, 31, 17, 3, 36, 22, 8, 41, 27,
13, 46, 32, 18, 4, 37, 23, 9, 42, 28, 14, 47, 33, 19, 5, 38, 24, 10, 43, 29, 15)(48, 81, 67, 53, 86, 72, 58, 91, 77, 63, 49, 82, 68, 54, 87, 
73, 59, 92, 78, 64, 50, 83, 69, 55, 88, 74, 60, 93, 79, 65, 51, 84, 70, 56, 89, 75, 61, 94, 80, 66, 52, 85, 71, 57, 90, 76, 62),  (1, 15, 29, 
43, 10, 24, 38, 5, 19, 33, 47, 14, 28, 42, 9, 23, 37, 4, 18, 32, 46, 13, 27, 41, 8, 22, 36, 3, 17, 31, 45, 12, 26, 40, 7, 21, 35, 2, 16, 30, 
44, 11, 25, 39, 6, 20, 34)(48, 62, 76, 90, 57, 71, 85, 52, 66, 80, 94, 61, 75, 89, 56, 70, 84, 51, 65, 79, 93, 60, 74, 88, 55, 69, 83, 50, 64,
78, 92, 59, 73, 87, 54, 68, 82, 49, 63, 77, 91, 58, 72, 86, 53, 67, 81),  ], [  (1, 62, 29, 90, 10, 71, 38, 52, 19, 80, 47, 61, 28, 89, 9, 70,
37, 51, 18, 79, 46, 60, 27, 88, 8, 69, 36, 50, 17, 78, 45, 59, 26, 87, 7, 68, 35, 49, 16, 77, 44, 58, 25, 86, 6, 67, 34, 48, 15, 76, 43, 57, 
24, 85, 5, 66, 33, 94, 14, 75, 42, 56, 23, 84, 4, 65, 32, 93, 13, 74, 41, 55, 22, 83, 3, 64, 31, 92, 12, 73, 40, 54, 21, 82, 2, 63, 30, 91, 
11, 72, 39, 53, 20, 81),  (1, 62)(2, 61)(3, 60)(4, 59)(5, 58)(6, 57)(7, 56)(8, 55)(9, 54)(10, 53)(11, 52)(12, 51)(13, 50)(14, 49)(15, 48)(16, 
94)(17, 93)(18, 92)(19, 91)(20, 90)(21, 89)(22, 88)(23, 87)(24, 86)(25, 85)(26, 84)(27, 83)(28, 82)(29, 81)(30, 80)(31, 79)(32, 78)(33, 
77)(34, 76)(35, 75)(36, 74)(37, 73)(38, 72)(39, 71)(40, 70)(41, 69)(42, 68)(43, 67)(44, 66)(45, 65)(46, 64)(47, 63),  ], [  (1, 22, 43, 17, 
38, 12, 33, 7, 28, 2, 23, 44, 18, 39, 13, 34, 8, 29, 3, 24, 45, 19, 40, 14, 35, 9, 30, 4, 25, 46, 20, 41, 15, 36, 10, 31, 5, 26, 47, 21, 42, 
16, 37, 11, 32, 6, 27)(48, 69, 90, 64, 85, 59, 80, 54, 75, 49, 70, 91, 65, 86, 60, 81, 55, 76, 50, 71, 92, 66, 87, 61, 82, 56, 77, 51, 72, 93,
67, 88, 62, 83, 57, 78, 52, 73, 94, 68, 89, 63, 84, 58, 79, 53, 74),  (1, 27, 6, 32, 11, 37, 16, 42, 21, 47, 26, 5, 31, 10, 36, 15, 41, 20, 
46, 25, 4, 30, 9, 35, 14, 40, 19, 45, 24, 3, 29, 8, 34, 13, 39, 18, 44, 23, 2, 28, 7, 33, 12, 38, 17, 43, 22)(48, 74, 53, 79, 58, 84, 63, 89, 
68, 94, 73, 52, 78, 57, 83, 62, 88, 67, 93, 72, 51, 77, 56, 82, 61, 87, 66, 92, 71, 50, 76, 55, 81, 60, 86, 65, 91, 70, 49, 75, 54, 80, 59, 
85, 64, 90, 69),  ], [  (1, 74, 6, 79, 11, 84, 16, 89, 21, 94, 26, 52, 31, 57, 36, 62, 41, 67, 46, 72, 4, 77, 9, 82, 14, 87, 19, 92, 24, 50, 
29, 55, 34, 60, 39, 65, 44, 70, 2, 75, 7, 80, 12, 85, 17, 90, 22, 48, 27, 53, 32, 58, 37, 63, 42, 68, 47, 73, 5, 78, 10, 83, 15, 88, 20, 93, 
25, 51, 30, 56, 35, 61, 40, 66, 45, 71, 3, 76, 8, 81, 13, 86, 18, 91, 23, 49, 28, 54, 33, 59, 38, 64, 43, 69),  (1, 74)(2, 73)(3, 72)(4, 
71)(5, 70)(6, 69)(7, 68)(8, 67)(9, 66)(10, 65)(11, 64)(12, 63)(13, 62)(14, 61)(15, 60)(16, 59)(17, 58)(18, 57)(19, 56)(20, 55)(21, 54)(22, 
53)(23, 52)(24, 51)(25, 50)(26, 49)(27, 48)(28, 94)(29, 93)(30, 92)(31, 91)(32, 90)(33, 89)(34, 88)(35, 87)(36, 86)(37, 85)(38, 84)(39, 
83)(40, 82)(41, 81)(42, 80)(43, 79)(44, 78)(45, 77)(46, 76)(47, 75),  ], [  (1, 10, 19, 28, 37, 46, 8, 17, 26, 35, 44, 6, 15, 24, 33, 42, 4, 
13, 22, 31, 40, 2, 11, 20, 29, 38, 47, 9, 18, 27, 36, 45, 7, 16, 25, 34, 43, 5, 14, 23, 32, 41, 3, 12, 21, 30, 39)(48, 57, 66, 75, 84, 93, 55,
64, 73, 82, 91, 53, 62, 71, 80, 89, 51, 60, 69, 78, 87, 49, 58, 67, 76, 85, 94, 56, 65, 74, 83, 92, 54, 63, 72, 81, 90, 52, 61, 70, 79, 88, 
50, 59, 68, 77, 86),  (1, 39, 30, 21, 12, 3, 41, 32, 23, 14, 5, 43, 34, 25, 16, 7, 45, 36, 27, 18, 9, 47, 38, 29, 20, 11, 2, 40, 31, 22, 13, 
4, 42, 33, 24, 15, 6, 44, 35, 26, 17, 8, 46, 37, 28, 19, 10)(48, 86, 77, 68, 59, 50, 88, 79, 70, 61, 52, 90, 81, 72, 63, 54, 92, 83, 74, 65, 
56, 94, 85, 76, 67, 58, 49, 87, 78, 69, 60, 51, 89, 80, 71, 62, 53, 91, 82, 73, 64, 55, 93, 84, 75, 66, 57),  ], [  (1, 86, 30, 68, 12, 50, 
41, 79, 23, 61, 5, 90, 34, 72, 16, 54, 45, 83, 27, 65, 9, 94, 38, 76, 20, 58, 2, 87, 31, 69, 13, 51, 42, 80, 24, 62, 6, 91, 35, 73, 17, 55, 
46, 84, 28, 66, 10, 48, 39, 77, 21, 59, 3, 88, 32, 70, 14, 52, 43, 81, 25, 63, 7, 92, 36, 74, 18, 56, 47, 85, 29, 67, 11, 49, 40, 78, 22, 60, 
4, 89, 33, 71, 15, 53, 44, 82, 26, 64, 8, 93, 37, 75, 19, 57),  (1, 86)(2, 85)(3, 84)(4, 83)(5, 82)(6, 81)(7, 80)(8, 79)(9, 78)(10, 77)(11, 
76)(12, 75)(13, 74)(14, 73)(15, 72)(16, 71)(17, 70)(18, 69)(19, 68)(20, 67)(21, 66)(22, 65)(23, 64)(24, 63)(25, 62)(26, 61)(27, 60)(28, 
59)(29, 58)(30, 57)(31, 56)(32, 55)(33, 54)(34, 53)(35, 52)(36, 51)(37, 50)(38, 49)(39, 48)(40, 94)(41, 93)(42, 92)(43, 91)(44, 90)(45, 
89)(46, 88)(47, 87),  ], [  (1, 45, 42, 39, 36, 33, 30, 27, 24, 21, 18, 15, 12, 9, 6, 3, 47, 44, 41, 38, 35, 32, 29, 26, 23, 20, 17, 14, 11, 
8, 5, 2, 46, 43, 40, 37, 34, 31, 28, 25, 22, 19, 16, 13, 10, 7, 4)(48, 92, 89, 86, 83, 80, 77, 74, 71, 68, 65, 62, 59, 56, 53, 50, 94, 91, 88,
85, 82, 79, 76, 73, 70, 67, 64, 61, 58, 55, 52, 49, 93, 90, 87, 84, 81, 78, 75, 72, 69, 66, 63, 60, 57, 54, 51),  (1, 4, 7, 10, 13, 16, 19, 
22, 25, 28, 31, 34, 37, 40, 43, 46, 2, 5, 8, 11, 14, 17, 20, 23, 26, 29, 32, 35, 38, 41, 44, 47, 3, 6, 9, 12, 15, 18, 21, 24, 27, 30, 33, 36, 
39, 42, 45)(48, 51, 54, 57, 60, 63, 66, 69, 72, 75, 78, 81, 84, 87, 90, 93, 49, 52, 55, 58, 61, 64, 67, 70, 73, 76, 79, 82, 85, 88, 91, 94, 
50, 53, 56, 59, 62, 65, 68, 71, 74, 77, 80, 83, 86, 89, 92),  ], [  (1, 51, 7, 57, 13, 63, 19, 69, 25, 75, 31, 81, 37, 87, 43, 93, 2, 52, 8, 
58, 14, 64, 20, 70, 26, 76, 32, 82, 38, 88, 44, 94, 3, 53, 9, 59, 15, 65, 21, 71, 27, 77, 33, 83, 39, 89, 45, 48, 4, 54, 10, 60, 16, 66, 22, 
72, 28, 78, 34, 84, 40, 90, 46, 49, 5, 55, 11, 61, 17, 67, 23, 73, 29, 79, 35, 85, 41, 91, 47, 50, 6, 56, 12, 62, 18, 68, 24, 74, 30, 80, 36, 
86, 42, 92),  (1, 51)(2, 50)(3, 49)(4, 48)(5, 94)(6, 93)(7, 92)(8, 91)(9, 90)(10, 89)(11, 88)(12, 87)(13, 86)(14, 85)(15, 84)(16, 83)(17, 
82)(18, 81)(19, 80)(20, 79)(21, 78)(22, 77)(23, 76)(24, 75)(25, 74)(26, 73)(27, 72)(28, 71)(29, 70)(30, 69)(31, 68)(32, 67)(33, 66)(34, 
65)(35, 64)(36, 63)(37, 62)(38, 61)(39, 60)(40, 59)(41, 58)(42, 57)(43, 56)(44, 55)(45, 54)(46, 53)(47, 52),  ], [  (1, 33, 18, 3, 35, 20, 5, 
37, 22, 7, 39, 24, 9, 41, 26, 11, 43, 28, 13, 45, 30, 15, 47, 32, 17, 2, 34, 19, 4, 36, 21, 6, 38, 23, 8, 40, 25, 10, 42, 27, 12, 44, 29, 14, 
46, 31, 16)(48, 80, 65, 50, 82, 67, 52, 84, 69, 54, 86, 71, 56, 88, 73, 58, 90, 75, 60, 92, 77, 62, 94, 79, 64, 49, 81, 66, 51, 83, 68, 53, 
85, 70, 55, 87, 72, 57, 89, 74, 59, 91, 76, 61, 93, 78, 63),  (1, 16, 31, 46, 14, 29, 44, 12, 27, 42, 10, 25, 40, 8, 23, 38, 6, 21, 36, 4, 19,
34, 2, 17, 32, 47, 15, 30, 45, 13, 28, 43, 11, 26, 41, 9, 24, 39, 7, 22, 37, 5, 20, 35, 3, 18, 33)(48, 63, 78, 93, 61, 76, 91, 59, 74, 89, 57,
72, 87, 55, 70, 85, 53, 68, 83, 51, 66, 81, 49, 64, 79, 94, 62, 77, 92, 60, 75, 90, 58, 73, 88, 56, 71, 86, 54, 69, 84, 52, 67, 82, 50, 65, 
