BRACES[39] := rec( total := -1, implemented := 2, size := 39, brace := [] );BRACES[39].brace[1] := rec ( size := 39, perms := [ [  (),  (),  
], [  (1, 14, 27)(2, 15, 28)(3, 16, 29)(4, 17, 30)(5, 18, 31)(6, 19, 32)(7, 20, 33)(8, 21, 34)(9, 22, 35)(10, 23, 36)(11, 24, 37)(12, 25, 
38)(13, 26, 39),  (1, 27, 14)(2, 28, 15)(3, 29, 16)(4, 30, 17)(5, 31, 18)(6, 32, 19)(7, 33, 20)(8, 34, 21)(9, 35, 22)(10, 36, 23)(11, 37, 
24)(12, 38, 25)(13, 39, 26),  ], [  (1, 7, 13, 6, 12, 5, 11, 4, 10, 3, 9, 2, 8)(14, 20, 26, 19, 25, 18, 24, 17, 23, 16, 22, 15, 21)(27, 33, 
39, 32, 38, 31, 37, 30, 36, 29, 35, 28, 34),  (1, 8, 2, 9, 3, 10, 4, 11, 5, 12, 6, 13, 7)(14, 21, 15, 22, 16, 23, 17, 24, 18, 25, 19, 26, 
20)(27, 34, 28, 35, 29, 36, 30, 37, 31, 38, 32, 39, 33),  ], [  (1, 27, 14)(2, 28, 15)(3, 29, 16)(4, 30, 17)(5, 31, 18)(6, 32, 19)(7, 33, 
20)(8, 34, 21)(9, 35, 22)(10, 36, 23)(11, 37, 24)(12, 38, 25)(13, 39, 26),  (1, 14, 27)(2, 15, 28)(3, 16, 29)(4, 17, 30)(5, 18, 31)(6, 19, 
32)(7, 20, 33)(8, 21, 34)(9, 22, 35)(10, 23, 36)(11, 24, 37)(12, 25, 38)(13, 26, 39),  ], [  (1, 8, 2, 9, 3, 10, 4, 11, 5, 12, 6, 13, 7)(14, 
21, 15, 22, 16, 23, 17, 24, 18, 25, 19, 26, 20)(27, 34, 28, 35, 29, 36, 30, 37, 31, 38, 32, 39, 33),  (1, 7, 13, 6, 12, 5, 11, 4, 10, 3, 9, 2,
8)(14, 20, 26, 19, 25, 18, 24, 17, 23, 16, 22, 15, 21)(27, 33, 39, 32, 38, 31, 37, 30, 36, 29, 35, 28, 34),  ], [  (1, 20, 39, 6, 25, 31, 11, 
17, 36, 3, 22, 28, 8, 14, 33, 13, 19, 38, 5, 24, 30, 10, 16, 35, 2, 21, 27, 7, 26, 32, 12, 18, 37, 4, 23, 29, 9, 15, 34),  (1, 34, 15, 9, 29, 
23, 4, 37, 18, 12, 32, 26, 7, 27, 21, 2, 35, 16, 10, 30, 24, 5, 38, 19, 13, 33, 14, 8, 28, 22, 3, 36, 17, 11, 31, 25, 6, 39, 20),  ], [  (1, 
21, 28, 9, 16, 36, 4, 24, 31, 12, 19, 39, 7, 14, 34, 2, 22, 29, 10, 17, 37, 5, 25, 32, 13, 20, 27, 8, 15, 35, 3, 23, 30, 11, 18, 38, 6, 26, 
33),  (1, 33, 26, 6, 38, 18, 11, 30, 23, 3, 35, 15, 8, 27, 20, 13, 32, 25, 5, 37, 17, 10, 29, 22, 2, 34, 14, 7, 39, 19, 12, 31, 24, 4, 36, 16,
9, 28, 21),  ], [  (1, 13, 12, 11, 10, 9, 8, 7, 6, 5, 4, 3, 2)(14, 26, 25, 24, 23, 22, 21, 20, 19, 18, 17, 16, 15)(27, 39, 38, 37, 36, 35, 34,
33, 32, 31, 30, 29, 28),  (1, 2, 3, 4, 5, 6, 7, 8, 9, 10, 11, 12, 13)(14, 15, 16, 17, 18, 19, 20, 21, 22, 23, 24, 25, 26)(27, 28, 29, 30, 31, 
32, 33, 34, 35, 36, 37, 38, 39),  ], [  (1, 33, 26, 6, 38, 18, 11, 30, 23, 3, 35, 15, 8, 27, 20, 13, 32, 25, 5, 37, 17, 10, 29, 22, 2, 34, 14,
7, 39, 19, 12, 31, 24, 4, 36, 16, 9, 28, 21),  (1, 21, 28, 9, 16, 36, 4, 24, 31, 12, 19, 39, 7, 14, 34, 2, 22, 29, 10, 17, 37, 5, 25, 32, 13, 
20, 27, 8, 15, 35, 3, 23, 30, 11, 18, 38, 6, 26, 33),  ], [  (1, 34, 15, 9, 29, 23, 4, 37, 18, 12, 32, 26, 7, 27, 21, 2, 35, 16, 10, 30, 24, 
5, 38, 19, 13, 33, 14, 8, 28, 22, 3, 36, 17, 11, 31, 25, 6, 39, 20),  (1, 20, 39, 6, 25, 31, 11, 17, 36, 3, 22, 28, 8, 14, 33, 13, 19, 38, 5, 
24, 30, 10, 16, 35, 2, 21, 27, 7, 26, 32, 12, 18, 37, 4, 23, 29, 9, 15, 34),  ], [  (1, 2, 3, 4, 5, 6, 7, 8, 9, 10, 11, 12, 13)(14, 15, 16, 
17, 18, 19, 20, 21, 22, 23, 24, 25, 26)(27, 28, 29, 30, 31, 32, 33, 34, 35, 36, 37, 38, 39),  (1, 13, 12, 11, 10, 9, 8, 7, 6, 5, 4, 3, 2)(14, 
26, 25, 24, 23, 22, 21, 20, 19, 18, 17, 16, 15)(27, 39, 38, 37, 36, 35, 34, 33, 32, 31, 30, 29, 28),  ], [  (1, 26, 38, 11, 23, 35, 8, 20, 32,
5, 17, 29, 2, 14, 39, 12, 24, 36, 9, 21, 33, 6, 18, 30, 3, 15, 27, 13, 25, 37, 10, 22, 34, 7, 19, 31, 4, 16, 28),  (1, 28, 16, 4, 31, 19, 7, 
34, 22, 10, 37, 25, 13, 27, 15, 3, 30, 18, 6, 33, 21, 9, 36, 24, 12, 39, 14, 2, 29, 17, 5, 32, 20, 8, 35, 23, 11, 38, 26),  ], [  (1, 15, 29, 
4, 18, 32, 7, 21, 35, 10, 24, 38, 13, 14, 28, 3, 17, 31, 6, 20, 34, 9, 23, 37, 12, 26, 27, 2, 16, 30, 5, 19, 33, 8, 22, 36, 11, 25, 39),  (1, 
39, 25, 11, 36, 22, 8, 33, 19, 5, 30, 16, 2, 27, 26, 12, 37, 23, 9, 34, 20, 6, 31, 17, 3, 28, 14, 13, 38, 24, 10, 35, 21, 7, 32, 18, 4, 29, 
15),  ], [  (1, 6, 11, 3, 8, 13, 5, 10, 2, 7, 12, 4, 9)(14, 19, 24, 16, 21, 26, 18, 23, 15, 20, 25, 17, 22)(27, 32, 37, 29, 34, 39, 31, 36, 
28, 33, 38, 30, 35),  (1, 9, 4, 12, 7, 2, 10, 5, 13, 8, 3, 11, 6)(14, 22, 17, 25, 20, 15, 23, 18, 26, 21, 16, 24, 19)(27, 35, 30, 38, 33, 28, 
36, 31, 39, 34, 29, 37, 32),  ], [  (1, 39, 25, 11, 36, 22, 8, 33, 19, 5, 30, 16, 2, 27, 26, 12, 37, 23, 9, 34, 20, 6, 31, 17, 3, 28, 14, 13, 
38, 24, 10, 35, 21, 7, 32, 18, 4, 29, 15),  (1, 15, 29, 4, 18, 32, 7, 21, 35, 10, 24, 38, 13, 14, 28, 3, 17, 31, 6, 20, 34, 9, 23, 37, 12, 26,
27, 2, 16, 30, 5, 19, 33, 8, 22, 36, 11, 25, 39),  ], [  (1, 28, 16, 4, 31, 19, 7, 34, 22, 10, 37, 25, 13, 27, 15, 3, 30, 18, 6, 33, 21, 9, 
36, 24, 12, 39, 14, 2, 29, 17, 5, 32, 20, 8, 35, 23, 11, 38, 26),  (1, 26, 38, 11, 23, 35, 8, 20, 32, 5, 17, 29, 2, 14, 39, 12, 24, 36, 9, 21,
33, 6, 18, 30, 3, 15, 27, 13, 25, 37, 10, 22, 34, 7, 19, 31, 4, 16, 28),  ], [  (1, 9, 4, 12, 7, 2, 10, 5, 13, 8, 3, 11, 6)(14, 22, 17, 25, 
20, 15, 23, 18, 26, 21, 16, 24, 19)(27, 35, 30, 38, 33, 28, 36, 31, 39, 34, 29, 37, 32),  (1, 6, 11, 3, 8, 13, 5, 10, 2, 7, 12, 4, 9)(14, 19, 
24, 16, 21, 26, 18, 23, 15, 20, 25, 17, 22)(27, 32, 37, 29, 34, 39, 31, 36, 28, 33, 38, 30, 35),  ], [  (1, 19, 37, 3, 21, 39, 5, 23, 28, 7, 
25, 30, 9, 14, 32, 11, 16, 34, 13, 18, 36, 2, 20, 38, 4, 22, 27, 6, 24, 29, 8, 26, 31, 10, 15, 33, 12, 17, 35),  (1, 35, 17, 12, 33, 15, 10, 
31, 26, 8, 29, 24, 6, 27, 22, 4, 38, 20, 2, 36, 18, 13, 34, 16, 11, 32, 14, 9, 30, 25, 7, 28, 23, 5, 39, 21, 3, 37, 19),  ], [  (1, 22, 30, 
12, 20, 28, 10, 18, 39, 8, 16, 37, 6, 14, 35, 4, 25, 33, 2, 23, 31, 13, 21, 29, 11, 19, 27, 9, 17, 38, 7, 15, 36, 5, 26, 34, 3, 24, 32),  (1, 
32, 24, 3, 34, 26, 5, 36, 15, 7, 38, 17, 9, 27, 19, 11, 29, 21, 13, 31, 23, 2, 33, 25, 4, 35, 14, 6, 37, 16, 8, 39, 18, 10, 28, 20, 12, 30, 
22),  ], [  (1, 12, 10, 8, 6, 4, 2, 13, 11, 9, 7, 5, 3)(14, 25, 23, 21, 19, 17, 15, 26, 24, 22, 20, 18, 16)(27, 38, 36, 34, 32, 30, 28, 39, 
37, 35, 33, 31, 29),  (1, 3, 5, 7, 9, 11, 13, 2, 4, 6, 8, 10, 12)(14, 16, 18, 20, 22, 24, 26, 15, 17, 19, 21, 23, 25)(27, 29, 31, 33, 35, 37, 
39, 28, 30, 32, 34, 36, 38),  ], [  (1, 32, 24, 3, 34, 26, 5, 36, 15, 7, 38, 17, 9, 27, 19, 11, 29, 21, 13, 31, 23, 2, 33, 25, 4, 35, 14, 6, 
37, 16, 8, 39, 18, 10, 28, 20, 12, 30, 22),  (1, 22, 30, 12, 20, 28, 10, 18, 39, 8, 16, 37, 6, 14, 35, 4, 25, 33, 2, 23, 31, 13, 21, 29, 11, 
19, 27, 9, 17, 38, 7, 15, 36, 5, 26, 34, 3, 24, 32),  ], [  (1, 35, 17, 12, 33, 15, 10, 31, 26, 8, 29, 24, 6, 27, 22, 4, 38, 20, 2, 36, 18, 
13, 34, 16, 11, 32, 14, 9, 30, 25, 7, 28, 23, 5, 39, 21, 3, 37, 19),  (1, 19, 37, 3, 21, 39, 5, 23, 28, 7, 25, 30, 9, 14, 32, 11, 16, 34, 13, 
18, 36, 2, 20, 38, 4, 22, 27, 6, 24, 29, 8, 26, 31, 10, 15, 33, 12, 17, 35),  ], [  (1, 3, 5, 7, 9, 11, 13, 2, 4, 6, 8, 10, 12)(14, 16, 18, 
20, 22, 24, 26, 15, 17, 19, 21, 23, 25)(27, 29, 31, 33, 35, 37, 39, 28, 30, 32, 34, 36, 38),  (1, 12, 10, 8, 6, 4, 2, 13, 11, 9, 7, 5, 3)(14, 
25, 23, 21, 19, 17, 15, 26, 24, 22, 20, 18, 16)(27, 38, 36, 34, 32, 30, 28, 39, 37, 35, 33, 31, 29),  ], [  (1, 25, 36, 8, 19, 30, 2, 26, 37, 
9, 20, 31, 3, 14, 38, 10, 21, 32, 4, 15, 39, 11, 22, 33, 5, 16, 27, 12, 23, 34, 6, 17, 28, 13, 24, 35, 7, 18, 29),  (1, 29, 18, 7, 35, 24, 13,
28, 17, 6, 34, 23, 12, 27, 16, 5, 33, 22, 11, 39, 15, 4, 32, 21, 10, 38, 14, 3, 31, 20, 9, 37, 26, 2, 30, 19, 8, 36, 25),  ], [  (1, 16, 31, 
7, 22, 37, 13, 15, 30, 6, 21, 36, 12, 14, 29, 5, 20, 35, 11, 26, 28, 4, 19, 34, 10, 25, 27, 3, 18, 33, 9, 24, 39, 2, 17, 32, 8, 23, 38),  (1, 
38, 23, 8, 32, 17, 2, 39, 24, 9, 33, 18, 3, 27, 25, 10, 34, 19, 4, 28, 26, 11, 35, 20, 5, 29, 14, 12, 36, 21, 6, 30, 15, 13, 37, 22, 7, 31, 
16),  ], [  (1, 5, 9, 13, 4, 8, 12, 3, 7, 11, 2, 6, 10)(14, 18, 22, 26, 17, 21, 25, 16, 20, 24, 15, 19, 23)(27, 31, 35, 39, 30, 34, 38, 29, 
33, 37, 28, 32, 36),  (1, 10, 6, 2, 11, 7, 3, 12, 8, 4, 13, 9, 5)(14, 23, 19, 15, 24, 20, 16, 25, 21, 17, 26, 22, 18)(27, 36, 32, 28, 37, 33, 
29, 38, 34, 30, 39, 35, 31),  ], [  (1, 38, 23, 8, 32, 17, 2, 39, 24, 9, 33, 18, 3, 27, 25, 10, 34, 19, 4, 28, 26, 11, 35, 20, 5, 29, 14, 12, 
36, 21, 6, 30, 15, 13, 37, 22, 7, 31, 16),  (1, 16, 31, 7, 22, 37, 13, 15, 30, 6, 21, 36, 12, 14, 29, 5, 20, 35, 11, 26, 28, 4, 19, 34, 10, 
25, 27, 3, 18, 33, 9, 24, 39, 2, 17, 32, 8, 23, 38),  ], [  (1, 29, 18, 7, 35, 24, 13, 28, 17, 6, 34, 23, 12, 27, 16, 5, 33, 22, 11, 39, 15, 
4, 32, 21, 10, 38, 14, 3, 31, 20, 9, 37, 26, 2, 30, 19, 8, 36, 25),  (1, 25, 36, 8, 19, 30, 2, 26, 37, 9, 20, 31, 3, 14, 38, 10, 21, 32, 4, 
15, 39, 11, 22, 33, 5, 16, 27, 12, 23, 34, 6, 17, 28, 13, 24, 35, 7, 18, 29),  ], [  (1, 10, 6, 2, 11, 7, 3, 12, 8, 4, 13, 9, 5)(14, 23, 19, 
15, 24, 20, 16, 25, 21, 17, 26, 22, 18)(27, 36, 32, 28, 37, 33, 29, 38, 34, 30, 39, 35, 31),  (1, 5, 9, 13, 4, 8, 12, 3, 7, 11, 2, 6, 10)(14, 
18, 22, 26, 17, 21, 25, 16, 20, 24, 15, 19, 23)(27, 31, 35, 39, 30, 34, 38, 29, 33, 37, 28, 32, 36),  ], [  (1, 18, 35, 13, 17, 34, 12, 16, 
33, 11, 15, 32, 10, 14, 31, 9, 26, 30, 8, 25, 29, 7, 24, 28, 6, 23, 27, 5, 22, 39, 4, 21, 38, 3, 20, 37, 2, 19, 36),  (1, 36, 19, 2, 37, 20, 
3, 38, 21, 4, 39, 22, 5, 27, 23, 6, 28, 24, 7, 29, 25, 8, 30, 26, 9, 31, 14, 10, 32, 15, 11, 33, 16, 12, 34, 17, 13, 35, 18),  ], [  (1, 23, 
32, 2, 24, 33, 3, 25, 34, 4, 26, 35, 5, 14, 36, 6, 15, 37, 7, 16, 38, 8, 17, 39, 9, 18, 27, 10, 19, 28, 11, 20, 29, 12, 21, 30, 13, 22, 31),  
(1, 31, 22, 13, 30, 21, 12, 29, 20, 11, 28, 19, 10, 27, 18, 9, 39, 17, 8, 38, 16, 7, 37, 15, 6, 36, 14, 5, 35, 26, 4, 34, 25, 3, 33, 24, 2, 
32, 23),  ], [  (1, 11, 8, 5, 2, 12, 9, 6, 3, 13, 10, 7, 4)(14, 24, 21, 18, 15, 25, 22, 19, 16, 26, 23, 20, 17)(27, 37, 34, 31, 28, 38, 35, 
32, 29, 39, 36, 33, 30),  (1, 4, 7, 10, 13, 3, 6, 9, 12, 2, 5, 8, 11)(14, 17, 20, 23, 26, 16, 19, 22, 25, 15, 18, 21, 24)(27, 30, 33, 36, 39, 
29, 32, 35, 38, 28, 31, 34, 37),  ], [  (1, 31, 22, 13, 30, 21, 12, 29, 20, 11, 28, 19, 10, 27, 18, 9, 39, 17, 8, 38, 16, 7, 37, 15, 6, 36, 
14, 5, 35, 26, 4, 34, 25, 3, 33, 24, 2, 32, 23),  (1, 23, 32, 2, 24, 33, 3, 25, 34, 4, 26, 35, 5, 14, 36, 6, 15, 37, 7, 16, 38, 8, 17, 39, 9, 
18, 27, 10, 19, 28, 11, 20, 29, 12, 21, 30, 13, 22, 31),  ], [  (1, 36, 19, 2, 37, 20, 3, 38, 21, 4, 39, 22, 5, 27, 23, 6, 28, 24, 7, 29, 25, 
8, 30, 26, 9, 31, 14, 10, 32, 15, 11, 33, 16, 12, 34, 17, 13, 35, 18),  (1, 18, 35, 13, 17, 34, 12, 16, 33, 11, 15, 32, 10, 14, 31, 9, 26, 30,
8, 25, 29, 7, 24, 28, 6, 23, 27, 5, 22, 39, 4, 21, 38, 3, 20, 37, 2, 19, 36),  ], [  (1, 4, 7, 10, 13, 3, 6, 9, 12, 2, 5, 8, 11)(14, 17, 20, 
23, 26, 16, 19, 22, 25, 15, 18, 21, 24)(27, 30, 33, 36, 39, 29, 32, 35, 38, 28, 31, 34, 37),  (1, 11, 8, 5, 2, 12, 9, 6, 3, 13, 10, 7, 4)(14, 
24, 21, 18, 15, 25, 22, 19, 16, 26, 23, 20, 17)(27, 37, 34, 31, 28, 38, 35, 32, 29, 39, 36, 33, 30),  ], [  (1, 24, 34, 5, 15, 38, 9, 19, 29, 
13, 23, 33, 4, 14, 37, 8, 18, 28, 12, 22, 32, 3, 26, 36, 7, 17, 27, 11, 21, 31, 2, 25, 35, 6, 16, 39, 10, 20, 30),  (1, 30, 20, 10, 39, 16, 6,
35, 25, 2, 31, 21, 11, 27, 17, 7, 36, 26, 3, 32, 22, 12, 28, 18, 8, 37, 14, 4, 33, 23, 13, 29, 19, 9, 38, 15, 5, 34, 24),  ], [  (1, 17, 33, 
10, 26, 29, 6, 22, 38, 2, 18, 34, 11, 14, 30, 7, 23, 39, 3, 19, 35, 12, 15, 31, 8, 24, 27, 4, 20, 36, 13, 16, 32, 9, 25, 28, 5, 21, 37),  (1, 
37, 21, 5, 28, 25, 9, 32, 16, 13, 36, 20, 4, 27, 24, 8, 31, 15, 12, 35, 19, 3, 39, 23, 7, 30, 14, 11, 34, 18, 2, 38, 22, 6, 29, 26, 10, 33, 
17),  ], [  (1, 37, 21, 5, 28, 25, 9, 32, 16, 13, 36, 20, 4, 27, 24, 8, 31, 15, 12, 35, 19, 3, 39, 23, 7, 30, 14, 11, 34, 18, 2, 38, 22, 6, 
29, 26, 10, 33, 17),  (1, 17, 33, 10, 26, 29, 6, 22, 38, 2, 18, 34, 11, 14, 30, 7, 23, 39, 3, 19, 35, 12, 15, 31, 8, 24, 27, 4, 20, 36, 13, 
16, 32, 9, 25, 28, 5, 21, 37),  ], [  (1, 30, 20, 10, 39, 16, 6, 35, 25, 2, 31, 21, 11, 27, 17, 7, 36, 26, 3, 32, 22, 12, 28, 18, 8, 37, 14, 
4, 33, 23, 13, 29, 19, 9, 38, 15, 5, 34, 24),  (1, 24, 34, 5, 15, 38, 9, 19, 29, 13, 23, 33, 4, 14, 37, 8, 18, 28, 12, 22, 32, 3, 26, 36, 7, 
17, 27, 11, 21, 31, 2, 25, 35, 6, 16, 39, 10, 20, 30),  ], ]
);

BRACES[39].brace[2] := rec ( size := 39, perms := [ [  (),  (),  ], [  (1, 14, 27)(2, 15, 28)(3, 16, 29)(4, 17, 30)(5, 18, 31)(6, 19, 32)(7, 
20, 33)(8, 21, 34)(9, 22, 35)(10, 23, 36)(11, 24, 37)(12, 25, 38)(13, 26, 39),  (1, 27, 14)(2, 36, 17)(3, 32, 20)(4, 28, 23)(5, 37, 26)(6, 33,
16)(7, 29, 19)(8, 38, 22)(9, 34, 25)(10, 30, 15)(11, 39, 18)(12, 35, 21)(13, 31, 24),  ], [  (1, 7, 13, 6, 12, 5, 11, 4, 10, 3, 9, 2, 8)(14, 
20, 26, 19, 25, 18, 24, 17, 23, 16, 22, 15, 21)(27, 33, 39, 32, 38, 31, 37, 30, 36, 29, 35, 28, 34),  (1, 8, 2, 9, 3, 10, 4, 11, 5, 12, 6, 13,
7)(14, 21, 15, 22, 16, 23, 17, 24, 18, 25, 19, 26, 20)(27, 34, 28, 35, 29, 36, 30, 37, 31, 38, 32, 39, 33),  ], [  (1, 27, 14)(2, 28, 15)(3, 
29, 16)(4, 30, 17)(5, 31, 18)(6, 32, 19)(7, 33, 20)(8, 34, 21)(9, 35, 22)(10, 36, 23)(11, 37, 24)(12, 38, 25)(13, 39, 26),  (1, 14, 27)(2, 17,
36)(3, 20, 32)(4, 23, 28)(5, 26, 37)(6, 16, 33)(7, 19, 29)(8, 22, 38)(9, 25, 34)(10, 15, 30)(11, 18, 39)(12, 21, 35)(13, 24, 31),  ], [  (1, 
8, 2, 9, 3, 10, 4, 11, 5, 12, 6, 13, 7)(14, 21, 15, 22, 16, 23, 17, 24, 18, 25, 19, 26, 20)(27, 34, 28, 35, 29, 36, 30, 37, 31, 38, 32, 39, 
33),  (1, 7, 13, 6, 12, 5, 11, 4, 10, 3, 9, 2, 8)(14, 20, 26, 19, 25, 18, 24, 17, 23, 16, 22, 15, 21)(27, 33, 39, 32, 38, 31, 37, 30, 36, 29, 
35, 28, 34),  ], [  (1, 19, 37, 3, 21, 39, 5, 23, 28, 7, 25, 30, 9, 14, 32, 11, 16, 34, 13, 18, 36, 2, 20, 38, 4, 22, 27, 6, 24, 29, 8, 26, 
31, 10, 15, 33, 12, 17, 35),  (1, 34, 19)(2, 30, 22)(3, 39, 25)(4, 35, 15)(5, 31, 18)(6, 27, 21)(7, 36, 24)(8, 32, 14)(9, 28, 17)(10, 37, 
20)(11, 33, 23)(12, 29, 26)(13, 38, 16),  ], [  (1, 22, 30, 12, 20, 28, 10, 18, 39, 8, 16, 37, 6, 14, 35, 4, 25, 33, 2, 23, 31, 13, 21, 29, 
11, 19, 27, 9, 17, 38, 7, 15, 36, 5, 26, 34, 3, 24, 32),  (1, 33, 22)(2, 29, 25)(3, 38, 15)(4, 34, 18)(5, 30, 21)(6, 39, 24)(7, 35, 14)(8, 31,
17)(9, 27, 20)(10, 36, 23)(11, 32, 26)(12, 28, 16)(13, 37, 19),  ], [  (1, 20, 39, 6, 25, 31, 11, 17, 36, 3, 22, 28, 8, 14, 33, 13, 19, 38, 5,
24, 30, 10, 16, 35, 2, 21, 27, 7, 26, 32, 12, 18, 37, 4, 23, 29, 9, 15, 34),  (1, 38, 20)(2, 34, 23)(3, 30, 26)(4, 39, 16)(5, 35, 19)(6, 31, 
22)(7, 27, 25)(8, 36, 15)(9, 32, 18)(10, 28, 21)(11, 37, 24)(12, 33, 14)(13, 29, 17),  ], [  (1, 13, 12, 11, 10, 9, 8, 7, 6, 5, 4, 3, 2)(14, 
26, 25, 24, 23, 22, 21, 20, 19, 18, 17, 16, 15)(27, 39, 38, 37, 36, 35, 34, 33, 32, 31, 30, 29, 28),  (1, 2, 3, 4, 5, 6, 7, 8, 9, 10, 11, 12, 
13)(14, 15, 16, 17, 18, 19, 20, 21, 22, 23, 24, 25, 26)(27, 28, 29, 30, 31, 32, 33, 34, 35, 36, 37, 38, 39),  ], [  (1, 33, 26, 6, 38, 18, 11,
30, 23, 3, 35, 15, 8, 27, 20, 13, 32, 25, 5, 37, 17, 10, 29, 22, 2, 34, 14, 7, 39, 19, 12, 31, 24, 4, 36, 16, 9, 28, 21),  (1, 22, 33)(2, 25, 
29)(3, 15, 38)(4, 18, 34)(5, 21, 30)(6, 24, 39)(7, 14, 35)(8, 17, 31)(9, 20, 27)(10, 23, 36)(11, 26, 32)(12, 16, 28)(13, 19, 37),  ], [  (1, 
29, 18, 7, 35, 24, 13, 28, 17, 6, 34, 23, 12, 27, 16, 5, 33, 22, 11, 39, 15, 4, 32, 21, 10, 38, 14, 3, 31, 20, 9, 37, 26, 2, 30, 19, 8, 36, 
25),  (1, 21, 29)(2, 24, 38)(3, 14, 34)(4, 17, 30)(5, 20, 39)(6, 23, 35)(7, 26, 31)(8, 16, 27)(9, 19, 36)(10, 22, 32)(11, 25, 28)(12, 15, 
37)(13, 18, 33),  ], [  (1, 38, 23, 8, 32, 17, 2, 39, 24, 9, 33, 18, 3, 27, 25, 10, 34, 19, 4, 28, 26, 11, 35, 20, 5, 29, 14, 12, 36, 21, 6, 
30, 15, 13, 37, 22, 7, 31, 16),  (1, 20, 38)(2, 23, 34)(3, 26, 30)(4, 16, 39)(5, 19, 35)(6, 22, 31)(7, 25, 27)(8, 15, 36)(9, 18, 32)(10, 21, 
28)(11, 24, 37)(12, 14, 33)(13, 17, 29),  ], [  (1, 21, 28, 9, 16, 36, 4, 24, 31, 12, 19, 39, 7, 14, 34, 2, 22, 29, 10, 17, 37, 5, 25, 32, 13,
20, 27, 8, 15, 35, 3, 23, 30, 11, 18, 38, 6, 26, 33),  (1, 29, 21)(2, 38, 24)(3, 34, 14)(4, 30, 17)(5, 39, 20)(6, 35, 23)(7, 31, 26)(8, 27, 
16)(9, 36, 19)(10, 32, 22)(11, 28, 25)(12, 37, 15)(13, 33, 18),  ], [  (1, 34, 15, 9, 29, 23, 4, 37, 18, 12, 32, 26, 7, 27, 21, 2, 35, 16, 10,
30, 24, 5, 38, 19, 13, 33, 14, 8, 28, 22, 3, 36, 17, 11, 31, 25, 6, 39, 20),  (1, 19, 34)(2, 22, 30)(3, 25, 39)(4, 15, 35)(5, 18, 31)(6, 21, 
27)(7, 24, 36)(8, 14, 32)(9, 17, 28)(10, 20, 37)(11, 23, 33)(12, 26, 29)(13, 16, 38),  ], [  (1, 2, 3, 4, 5, 6, 7, 8, 9, 10, 11, 12, 13)(14, 
15, 16, 17, 18, 19, 20, 21, 22, 23, 24, 25, 26)(27, 28, 29, 30, 31, 32, 33, 34, 35, 36, 37, 38, 39),  (1, 13, 12, 11, 10, 9, 8, 7, 6, 5, 4, 3,
2)(14, 26, 25, 24, 23, 22, 21, 20, 19, 18, 17, 16, 15)(27, 39, 38, 37, 36, 35, 34, 33, 32, 31, 30, 29, 28),  ], [  (1, 32, 24, 3, 34, 26, 5, 
36, 15, 7, 38, 17, 9, 27, 19, 11, 29, 21, 13, 31, 23, 2, 33, 25, 4, 35, 14, 6, 37, 16, 8, 39, 18, 10, 28, 20, 12, 30, 22),  (1, 25, 32)(2, 15,
28)(3, 18, 37)(4, 21, 33)(5, 24, 29)(6, 14, 38)(7, 17, 34)(8, 20, 30)(9, 23, 39)(10, 26, 35)(11, 16, 31)(12, 19, 27)(13, 22, 36),  ], [  (1, 
24, 34, 5, 15, 38, 9, 19, 29, 13, 23, 33, 4, 14, 37, 8, 18, 28, 12, 22, 32, 3, 26, 36, 7, 17, 27, 11, 21, 31, 2, 25, 35, 6, 16, 39, 10, 20, 
30),  (1, 28, 24)(2, 37, 14)(3, 33, 17)(4, 29, 20)(5, 38, 23)(6, 34, 26)(7, 30, 16)(8, 39, 19)(9, 35, 22)(10, 31, 25)(11, 27, 15)(12, 36, 
18)(13, 32, 21),  ], [  (1, 6, 11, 3, 8, 13, 5, 10, 2, 7, 12, 4, 9)(14, 19, 24, 16, 21, 26, 18, 23, 15, 20, 25, 17, 22)(27, 32, 37, 29, 34, 
39, 31, 36, 28, 33, 38, 30, 35),  (1, 9, 4, 12, 7, 2, 10, 5, 13, 8, 3, 11, 6)(14, 22, 17, 25, 20, 15, 23, 18, 26, 21, 16, 24, 19)(27, 35, 30, 
38, 33, 28, 36, 31, 39, 34, 29, 37, 32),  ], [  (1, 35, 17, 12, 33, 15, 10, 31, 26, 8, 29, 24, 6, 27, 22, 4, 38, 20, 2, 36, 18, 13, 34, 16, 
11, 32, 14, 9, 30, 25, 7, 28, 23, 5, 39, 21, 3, 37, 19),  (1, 16, 35)(2, 19, 31)(3, 22, 27)(4, 25, 36)(5, 15, 32)(6, 18, 28)(7, 21, 37)(8, 24,
33)(9, 14, 29)(10, 17, 38)(11, 20, 34)(12, 23, 30)(13, 26, 39),  ], [  (1, 9, 4, 12, 7, 2, 10, 5, 13, 8, 3, 11, 6)(14, 22, 17, 25, 20, 15, 23,
18, 26, 21, 16, 24, 19)(27, 35, 30, 38, 33, 28, 36, 31, 39, 34, 29, 37, 32),  (1, 6, 11, 3, 8, 13, 5, 10, 2, 7, 12, 4, 9)(14, 19, 24, 16, 21, 
26, 18, 23, 15, 20, 25, 17, 22)(27, 32, 37, 29, 34, 39, 31, 36, 28, 33, 38, 30, 35),  ], [  (1, 17, 33, 10, 26, 29, 6, 22, 38, 2, 18, 34, 11, 
14, 30, 7, 23, 39, 3, 19, 35, 12, 15, 31, 8, 24, 27, 4, 20, 36, 13, 16, 32, 9, 25, 28, 5, 21, 37),  (1, 39, 17)(2, 35, 20)(3, 31, 23)(4, 27, 
26)(5, 36, 16)(6, 32, 19)(7, 28, 22)(8, 37, 25)(9, 33, 15)(10, 29, 18)(11, 38, 21)(12, 34, 24)(13, 30, 14),  ], [  (1, 25, 36, 8, 19, 30, 2, 
26, 37, 9, 20, 31, 3, 14, 38, 10, 21, 32, 4, 15, 39, 11, 22, 33, 5, 16, 27, 12, 23, 34, 6, 17, 28, 13, 24, 35, 7, 18, 29),  (1, 32, 25)(2, 28,
15)(3, 37, 18)(4, 33, 21)(5, 29, 24)(6, 38, 14)(7, 34, 17)(8, 30, 20)(9, 39, 23)(10, 35, 26)(11, 31, 16)(12, 27, 19)(13, 36, 22),  ], [  (1, 
15, 29, 4, 18, 32, 7, 21, 35, 10, 24, 38, 13, 14, 28, 3, 17, 31, 6, 20, 34, 9, 23, 37, 12, 26, 27, 2, 16, 30, 5, 19, 33, 8, 22, 36, 11, 25, 
39),  (1, 31, 15)(2, 27, 18)(3, 36, 21)(4, 32, 24)(5, 28, 14)(6, 37, 17)(7, 33, 20)(8, 29, 23)(9, 38, 26)(10, 34, 16)(11, 30, 19)(12, 39, 
22)(13, 35, 25),  ], [  (1, 26, 38, 11, 23, 35, 8, 20, 32, 5, 17, 29, 2, 14, 39, 12, 24, 36, 9, 21, 33, 6, 18, 30, 3, 15, 27, 13, 25, 37, 10, 
22, 34, 7, 19, 31, 4, 16, 28),  (1, 36, 26)(2, 32, 16)(3, 28, 19)(4, 37, 22)(5, 33, 25)(6, 29, 15)(7, 38, 18)(8, 34, 21)(9, 30, 24)(10, 39, 
14)(11, 35, 17)(12, 31, 20)(13, 27, 23),  ], [  (1, 39, 25, 11, 36, 22, 8, 33, 19, 5, 30, 16, 2, 27, 26, 12, 37, 23, 9, 34, 20, 6, 31, 17, 3, 
28, 14, 13, 38, 24, 10, 35, 21, 7, 32, 18, 4, 29, 15),  (1, 17, 39)(2, 20, 35)(3, 23, 31)(4, 26, 27)(5, 16, 36)(6, 19, 32)(7, 22, 28)(8, 25, 
37)(9, 15, 33)(10, 18, 29)(11, 21, 38)(12, 24, 34)(13, 14, 30),  ], [  (1, 31, 22, 13, 30, 21, 12, 29, 20, 11, 28, 19, 10, 27, 18, 9, 39, 17, 
8, 38, 16, 7, 37, 15, 6, 36, 14, 5, 35, 26, 4, 34, 25, 3, 33, 24, 2, 32, 23),  (1, 15, 31)(2, 18, 27)(3, 21, 36)(4, 24, 32)(5, 14, 28)(6, 17, 
37)(7, 20, 33)(8, 23, 29)(9, 26, 38)(10, 16, 34)(11, 19, 30)(12, 22, 39)(13, 25, 35),  ], [  (1, 3, 5, 7, 9, 11, 13, 2, 4, 6, 8, 10, 12)(14, 
16, 18, 20, 22, 24, 26, 15, 17, 19, 21, 23, 25)(27, 29, 31, 33, 35, 37, 39, 28, 30, 32, 34, 36, 38),  (1, 12, 10, 8, 6, 4, 2, 13, 11, 9, 7, 5,
3)(14, 25, 23, 21, 19, 17, 15, 26, 24, 22, 20, 18, 16)(27, 38, 36, 34, 32, 30, 28, 39, 37, 35, 33, 31, 29),  ], [  (1, 16, 31, 7, 22, 37, 13, 
15, 30, 6, 21, 36, 12, 14, 29, 5, 20, 35, 11, 26, 28, 4, 19, 34, 10, 25, 27, 3, 18, 33, 9, 24, 39, 2, 17, 32, 8, 23, 38),  (1, 35, 16)(2, 31, 
19)(3, 27, 22)(4, 36, 25)(5, 32, 15)(6, 28, 18)(7, 37, 21)(8, 33, 24)(9, 29, 14)(10, 38, 17)(11, 34, 20)(12, 30, 23)(13, 39, 26),  ], [  (1, 
12, 10, 8, 6, 4, 2, 13, 11, 9, 7, 5, 3)(14, 25, 23, 21, 19, 17, 15, 26, 24, 22, 20, 18, 16)(27, 38, 36, 34, 32, 30, 28, 39, 37, 35, 33, 31, 
29),  (1, 3, 5, 7, 9, 11, 13, 2, 4, 6, 8, 10, 12)(14, 16, 18, 20, 22, 24, 26, 15, 17, 19, 21, 23, 25)(27, 29, 31, 33, 35, 37, 39, 28, 30, 32, 
34, 36, 38),  ], [  (1, 36, 19, 2, 37, 20, 3, 38, 21, 4, 39, 22, 5, 27, 23, 6, 28, 24, 7, 29, 25, 8, 30, 26, 9, 31, 14, 10, 32, 15, 11, 33, 
16, 12, 34, 17, 13, 35, 18),  (1, 26, 36)(2, 16, 32)(3, 19, 28)(4, 22, 37)(5, 25, 33)(6, 15, 29)(7, 18, 38)(8, 21, 34)(9, 24, 30)(10, 14, 
39)(11, 17, 35)(12, 20, 31)(13, 23, 27),  ], [  (1, 28, 16, 4, 31, 19, 7, 34, 22, 10, 37, 25, 13, 27, 15, 3, 30, 18, 6, 33, 21, 9, 36, 24, 12,
39, 14, 2, 29, 17, 5, 32, 20, 8, 35, 23, 11, 38, 26),  (1, 24, 28)(2, 14, 37)(3, 17, 33)(4, 20, 29)(5, 23, 38)(6, 26, 34)(7, 16, 30)(8, 19, 
39)(9, 22, 35)(10, 25, 31)(11, 15, 27)(12, 18, 36)(13, 21, 32),  ], [  (1, 30, 20, 10, 39, 16, 6, 35, 25, 2, 31, 21, 11, 27, 17, 7, 36, 26, 3,
32, 22, 12, 28, 18, 8, 37, 14, 4, 33, 23, 13, 29, 19, 9, 38, 15, 5, 34, 24),  (1, 18, 30)(2, 21, 39)(3, 24, 35)(4, 14, 31)(5, 17, 27)(6, 20, 
36)(7, 23, 32)(8, 26, 28)(9, 16, 37)(10, 19, 33)(11, 22, 29)(12, 25, 38)(13, 15, 34),  ], [  (1, 37, 21, 5, 28, 25, 9, 32, 16, 13, 36, 20, 4, 
27, 24, 8, 31, 15, 12, 35, 19, 3, 39, 23, 7, 30, 14, 11, 34, 18, 2, 38, 22, 6, 29, 26, 10, 33, 17),  (1, 23, 37)(2, 26, 33)(3, 16, 29)(4, 19, 
38)(5, 22, 34)(6, 25, 30)(7, 15, 39)(8, 18, 35)(9, 21, 31)(10, 24, 27)(11, 14, 36)(12, 17, 32)(13, 20, 28),  ], [  (1, 11, 8, 5, 2, 12, 9, 6, 
3, 13, 10, 7, 4)(14, 24, 21, 18, 15, 25, 22, 19, 16, 26, 23, 20, 17)(27, 37, 34, 31, 28, 38, 35, 32, 29, 39, 36, 33, 30),  (1, 4, 7, 10, 13, 
3, 6, 9, 12, 2, 5, 8, 11)(14, 17, 20, 23, 26, 16, 19, 22, 25, 15, 18, 21, 24)(27, 30, 33, 36, 39, 29, 32, 35, 38, 28, 31, 34, 37),  ], [  (1, 
4, 7, 10, 13, 3, 6, 9, 12, 2, 5, 8, 11)(14, 17, 20, 23, 26, 16, 19, 22, 25, 15, 18, 21, 24)(27, 30, 33, 36, 39, 29, 32, 35, 38, 28, 31, 34, 
37),  (1, 11, 8, 5, 2, 12, 9, 6, 3, 13, 10, 7, 4)(14, 24, 21, 18, 15, 25, 22, 19, 16, 26, 23, 20, 17)(27, 37, 34, 31, 28, 38, 35, 32, 29, 39, 
36, 33, 30),  ], [  (1, 23, 32, 2, 24, 33, 3, 25, 34, 4, 26, 35, 5, 14, 36, 6, 15, 37, 7, 16, 38, 8, 17, 39, 9, 18, 27, 10, 19, 28, 11, 20, 
29, 12, 21, 30, 13, 22, 31),  (1, 37, 23)(2, 33, 26)(3, 29, 16)(4, 38, 19)(5, 34, 22)(6, 30, 25)(7, 39, 15)(8, 35, 18)(9, 31, 21)(10, 27, 
24)(11, 36, 14)(12, 32, 17)(13, 28, 20),  ], [  (1, 18, 35, 13, 17, 34, 12, 16, 33, 11, 15, 32, 10, 14, 31, 9, 26, 30, 8, 25, 29, 7, 24, 28, 
6, 23, 27, 5, 22, 39, 4, 21, 38, 3, 20, 37, 2, 19, 36),  (1, 30, 18)(2, 39, 21)(3, 35, 24)(4, 31, 14)(5, 27, 17)(6, 36, 20)(7, 32, 23)(8, 28, 
26)(9, 37, 16)(10, 33, 19)(11, 29, 22)(12, 38, 25)(13, 34, 15),  ], [  (1, 5, 9, 13, 4, 8, 12, 3, 7, 11, 2, 6, 10)(14, 18, 22, 26, 17, 21, 25,
16, 20, 24, 15, 19, 23)(27, 31, 35, 39, 30, 34, 38, 29, 33, 37, 28, 32, 36),  (1, 10, 6, 2, 11, 7, 3, 12, 8, 4, 13, 9, 5)(14, 23, 19, 15, 24, 
20, 16, 25, 21, 17, 26, 22, 18)(27, 36, 32, 28, 37, 33, 29, 38, 34, 30, 39, 35, 31),  ], [  (1, 10, 6, 2, 11, 7, 3, 12, 8, 4, 13, 9, 5)(14, 
23, 19, 15, 24, 20, 16, 25, 21, 17, 26, 22, 18)(27, 36, 32, 28, 37, 33, 29, 38, 34, 30, 39, 35, 31),  (1, 5, 9, 13, 4, 8, 12, 3, 7, 11, 2, 6, 
10)(14, 18, 22, 26, 17, 21, 25, 16, 20, 24, 15, 19, 23)(27, 31, 35, 39, 30, 34, 38, 29, 33, 37, 28, 32, 36),  ], ]
);


