## size 88
BRACES[88] := rec( total := -1, implemented := 90, size := 88, brace := [] );
BRACES[88].brace[1] := rec ( size := 88, perms :=
[ [ (), () ], [ (1,5)(2,6)(3,7)(4,8), (1,5)(2,6)(3,7)(4,8) ], 
  [ (1,7,5,3)(2,8,6,4), (1,3,5,7)(2,4,6,8) ], 
  [ (1,3,5,7)(2,4,6,8), (1,7,5,3)(2,8,6,4) ], 
  [ ( 9,16,12,19,15,11,18,14,10,17,13), ( 9,13,17,10,14,18,11,15,19,12,16) ], 
  [ ( 1, 5)( 2, 6)( 3, 7)( 4, 8)( 9,16,12,19,15,11,18,14,10,17,13), 
      ( 1, 5)( 2, 6)( 3, 7)( 4, 8)( 9,13,17,10,14,18,11,15,19,12,16) ], 
  [ ( 1, 7, 5, 3)( 2, 8, 6, 4)( 9,16,12,19,15,11,18,14,10,17,13), 
      ( 1, 3, 5, 7)( 2, 4, 6, 8)( 9,13,17,10,14,18,11,15,19,12,16) ], 
  [ ( 1, 3, 5, 7)( 2, 4, 6, 8)( 9,16,12,19,15,11,18,14,10,17,13), 
      ( 1, 7, 5, 3)( 2, 8, 6, 4)( 9,13,17,10,14,18,11,15,19,12,16) ], 
  [ ( 9,12,15,18,10,13,16,19,11,14,17), ( 9,17,14,11,19,16,13,10,18,15,12) ], 
  [ ( 1, 5)( 2, 6)( 3, 7)( 4, 8)( 9,12,15,18,10,13,16,19,11,14,17), 
      ( 1, 5)( 2, 6)( 3, 7)( 4, 8)( 9,17,14,11,19,16,13,10,18,15,12) ], 
  [ ( 1, 7, 5, 3)( 2, 8, 6, 4)( 9,12,15,18,10,13,16,19,11,14,17), 
      ( 1, 3, 5, 7)( 2, 4, 6, 8)( 9,17,14,11,19,16,13,10,18,15,12) ], 
  [ ( 1, 3, 5, 7)( 2, 4, 6, 8)( 9,12,15,18,10,13,16,19,11,14,17), 
      ( 1, 7, 5, 3)( 2, 8, 6, 4)( 9,17,14,11,19,16,13,10,18,15,12) ], 
  [ ( 9,19,18,17,16,15,14,13,12,11,10), ( 9,10,11,12,13,14,15,16,17,18,19) ], 
  [ ( 1, 5)( 2, 6)( 3, 7)( 4, 8)( 9,19,18,17,16,15,14,13,12,11,10), 
      ( 1, 5)( 2, 6)( 3, 7)( 4, 8)( 9,10,11,12,13,14,15,16,17,18,19) ], 
  [ ( 1, 7, 5, 3)( 2, 8, 6, 4)( 9,19,18,17,16,15,14,13,12,11,10), 
      ( 1, 3, 5, 7)( 2, 4, 6, 8)( 9,10,11,12,13,14,15,16,17,18,19) ], 
  [ ( 1, 3, 5, 7)( 2, 4, 6, 8)( 9,19,18,17,16,15,14,13,12,11,10), 
      ( 1, 7, 5, 3)( 2, 8, 6, 4)( 9,10,11,12,13,14,15,16,17,18,19) ], 
  [ ( 9,15,10,16,11,17,12,18,13,19,14), ( 9,14,19,13,18,12,17,11,16,10,15) ], 
  [ ( 1, 5)( 2, 6)( 3, 7)( 4, 8)( 9,15,10,16,11,17,12,18,13,19,14), 
      ( 1, 5)( 2, 6)( 3, 7)( 4, 8)( 9,14,19,13,18,12,17,11,16,10,15) ], 
  [ ( 1, 7, 5, 3)( 2, 8, 6, 4)( 9,15,10,16,11,17,12,18,13,19,14), 
      ( 1, 3, 5, 7)( 2, 4, 6, 8)( 9,14,19,13,18,12,17,11,16,10,15) ], 
  [ ( 1, 3, 5, 7)( 2, 4, 6, 8)( 9,15,10,16,11,17,12,18,13,19,14), 
      ( 1, 7, 5, 3)( 2, 8, 6, 4)( 9,14,19,13,18,12,17,11,16,10,15) ], 
  [ ( 9,11,13,15,17,19,10,12,14,16,18), ( 9,18,16,14,12,10,19,17,15,13,11) ], 
  [ ( 1, 5)( 2, 6)( 3, 7)( 4, 8)( 9,11,13,15,17,19,10,12,14,16,18), 
      ( 1, 5)( 2, 6)( 3, 7)( 4, 8)( 9,18,16,14,12,10,19,17,15,13,11) ], 
  [ ( 1, 7, 5, 3)( 2, 8, 6, 4)( 9,11,13,15,17,19,10,12,14,16,18), 
      ( 1, 3, 5, 7)( 2, 4, 6, 8)( 9,18,16,14,12,10,19,17,15,13,11) ], 
  [ ( 1, 3, 5, 7)( 2, 4, 6, 8)( 9,11,13,15,17,19,10,12,14,16,18), 
      ( 1, 7, 5, 3)( 2, 8, 6, 4)( 9,18,16,14,12,10,19,17,15,13,11) ], 
  [ ( 9,18,16,14,12,10,19,17,15,13,11), ( 9,11,13,15,17,19,10,12,14,16,18) ], 
  [ ( 1, 5)( 2, 6)( 3, 7)( 4, 8)( 9,18,16,14,12,10,19,17,15,13,11), 
      ( 1, 5)( 2, 6)( 3, 7)( 4, 8)( 9,11,13,15,17,19,10,12,14,16,18) ], 
  [ ( 1, 7, 5, 3)( 2, 8, 6, 4)( 9,18,16,14,12,10,19,17,15,13,11), 
      ( 1, 3, 5, 7)( 2, 4, 6, 8)( 9,11,13,15,17,19,10,12,14,16,18) ], 
  [ ( 1, 3, 5, 7)( 2, 4, 6, 8)( 9,18,16,14,12,10,19,17,15,13,11), 
      ( 1, 7, 5, 3)( 2, 8, 6, 4)( 9,11,13,15,17,19,10,12,14,16,18) ], 
  [ ( 9,14,19,13,18,12,17,11,16,10,15), ( 9,15,10,16,11,17,12,18,13,19,14) ], 
  [ ( 1, 5)( 2, 6)( 3, 7)( 4, 8)( 9,14,19,13,18,12,17,11,16,10,15), 
      ( 1, 5)( 2, 6)( 3, 7)( 4, 8)( 9,15,10,16,11,17,12,18,13,19,14) ], 
  [ ( 1, 7, 5, 3)( 2, 8, 6, 4)( 9,14,19,13,18,12,17,11,16,10,15), 
      ( 1, 3, 5, 7)( 2, 4, 6, 8)( 9,15,10,16,11,17,12,18,13,19,14) ], 
  [ ( 1, 3, 5, 7)( 2, 4, 6, 8)( 9,14,19,13,18,12,17,11,16,10,15), 
      ( 1, 7, 5, 3)( 2, 8, 6, 4)( 9,15,10,16,11,17,12,18,13,19,14) ], 
  [ ( 9,10,11,12,13,14,15,16,17,18,19), ( 9,19,18,17,16,15,14,13,12,11,10) ], 
  [ ( 1, 5)( 2, 6)( 3, 7)( 4, 8)( 9,10,11,12,13,14,15,16,17,18,19), 
      ( 1, 5)( 2, 6)( 3, 7)( 4, 8)( 9,19,18,17,16,15,14,13,12,11,10) ], 
  [ ( 1, 7, 5, 3)( 2, 8, 6, 4)( 9,10,11,12,13,14,15,16,17,18,19), 
      ( 1, 3, 5, 7)( 2, 4, 6, 8)( 9,19,18,17,16,15,14,13,12,11,10) ], 
  [ ( 1, 3, 5, 7)( 2, 4, 6, 8)( 9,10,11,12,13,14,15,16,17,18,19), 
      ( 1, 7, 5, 3)( 2, 8, 6, 4)( 9,19,18,17,16,15,14,13,12,11,10) ], 
  [ ( 9,17,14,11,19,16,13,10,18,15,12), ( 9,12,15,18,10,13,16,19,11,14,17) ], 
  [ ( 1, 5)( 2, 6)( 3, 7)( 4, 8)( 9,17,14,11,19,16,13,10,18,15,12), 
      ( 1, 5)( 2, 6)( 3, 7)( 4, 8)( 9,12,15,18,10,13,16,19,11,14,17) ], 
  [ ( 1, 7, 5, 3)( 2, 8, 6, 4)( 9,17,14,11,19,16,13,10,18,15,12), 
      ( 1, 3, 5, 7)( 2, 4, 6, 8)( 9,12,15,18,10,13,16,19,11,14,17) ], 
  [ ( 1, 3, 5, 7)( 2, 4, 6, 8)( 9,17,14,11,19,16,13,10,18,15,12), 
      ( 1, 7, 5, 3)( 2, 8, 6, 4)( 9,12,15,18,10,13,16,19,11,14,17) ], 
  [ ( 9,13,17,10,14,18,11,15,19,12,16), ( 9,16,12,19,15,11,18,14,10,17,13) ], 
  [ ( 1, 5)( 2, 6)( 3, 7)( 4, 8)( 9,13,17,10,14,18,11,15,19,12,16), 
      ( 1, 5)( 2, 6)( 3, 7)( 4, 8)( 9,16,12,19,15,11,18,14,10,17,13) ], 
  [ ( 1, 7, 5, 3)( 2, 8, 6, 4)( 9,13,17,10,14,18,11,15,19,12,16), 
      ( 1, 3, 5, 7)( 2, 4, 6, 8)( 9,16,12,19,15,11,18,14,10,17,13) ], 
  [ ( 1, 3, 5, 7)( 2, 4, 6, 8)( 9,13,17,10,14,18,11,15,19,12,16), 
      ( 1, 7, 5, 3)( 2, 8, 6, 4)( 9,16,12,19,15,11,18,14,10,17,13) ], 
  [ (1,4,7,2,5,8,3,6), (1,6,3,8,5,2,7,4) ], 
  [ (1,8,7,6,5,4,3,2), (1,2,3,4,5,6,7,8) ], 
  [ (1,2,3,4,5,6,7,8), (1,8,7,6,5,4,3,2) ], 
  [ (1,6,3,8,5,2,7,4), (1,4,7,2,5,8,3,6) ], 
  [ ( 1, 4, 7, 2, 5, 8, 3, 6)( 9,16,12,19,15,11,18,14,10,17,13), 
      ( 1, 6, 3, 8, 5, 2, 7, 4)( 9,13,17,10,14,18,11,15,19,12,16) ], 
  [ ( 1, 8, 7, 6, 5, 4, 3, 2)( 9,16,12,19,15,11,18,14,10,17,13), 
      ( 1, 2, 3, 4, 5, 6, 7, 8)( 9,13,17,10,14,18,11,15,19,12,16) ], 
  [ ( 1, 2, 3, 4, 5, 6, 7, 8)( 9,16,12,19,15,11,18,14,10,17,13), 
      ( 1, 8, 7, 6, 5, 4, 3, 2)( 9,13,17,10,14,18,11,15,19,12,16) ], 
  [ ( 1, 6, 3, 8, 5, 2, 7, 4)( 9,16,12,19,15,11,18,14,10,17,13), 
      ( 1, 4, 7, 2, 5, 8, 3, 6)( 9,13,17,10,14,18,11,15,19,12,16) ], 
  [ ( 1, 4, 7, 2, 5, 8, 3, 6)( 9,12,15,18,10,13,16,19,11,14,17), 
      ( 1, 6, 3, 8, 5, 2, 7, 4)( 9,17,14,11,19,16,13,10,18,15,12) ], 
  [ ( 1, 8, 7, 6, 5, 4, 3, 2)( 9,12,15,18,10,13,16,19,11,14,17), 
      ( 1, 2, 3, 4, 5, 6, 7, 8)( 9,17,14,11,19,16,13,10,18,15,12) ], 
  [ ( 1, 2, 3, 4, 5, 6, 7, 8)( 9,12,15,18,10,13,16,19,11,14,17), 
      ( 1, 8, 7, 6, 5, 4, 3, 2)( 9,17,14,11,19,16,13,10,18,15,12) ], 
  [ ( 1, 6, 3, 8, 5, 2, 7, 4)( 9,12,15,18,10,13,16,19,11,14,17), 
      ( 1, 4, 7, 2, 5, 8, 3, 6)( 9,17,14,11,19,16,13,10,18,15,12) ], 
  [ ( 1, 4, 7, 2, 5, 8, 3, 6)( 9,19,18,17,16,15,14,13,12,11,10), 
      ( 1, 6, 3, 8, 5, 2, 7, 4)( 9,10,11,12,13,14,15,16,17,18,19) ], 
  [ ( 1, 8, 7, 6, 5, 4, 3, 2)( 9,19,18,17,16,15,14,13,12,11,10), 
      ( 1, 2, 3, 4, 5, 6, 7, 8)( 9,10,11,12,13,14,15,16,17,18,19) ], 
  [ ( 1, 2, 3, 4, 5, 6, 7, 8)( 9,19,18,17,16,15,14,13,12,11,10), 
      ( 1, 8, 7, 6, 5, 4, 3, 2)( 9,10,11,12,13,14,15,16,17,18,19) ], 
  [ ( 1, 6, 3, 8, 5, 2, 7, 4)( 9,19,18,17,16,15,14,13,12,11,10), 
      ( 1, 4, 7, 2, 5, 8, 3, 6)( 9,10,11,12,13,14,15,16,17,18,19) ], 
  [ ( 1, 4, 7, 2, 5, 8, 3, 6)( 9,15,10,16,11,17,12,18,13,19,14), 
      ( 1, 6, 3, 8, 5, 2, 7, 4)( 9,14,19,13,18,12,17,11,16,10,15) ], 
  [ ( 1, 8, 7, 6, 5, 4, 3, 2)( 9,15,10,16,11,17,12,18,13,19,14), 
      ( 1, 2, 3, 4, 5, 6, 7, 8)( 9,14,19,13,18,12,17,11,16,10,15) ], 
  [ ( 1, 2, 3, 4, 5, 6, 7, 8)( 9,15,10,16,11,17,12,18,13,19,14), 
      ( 1, 8, 7, 6, 5, 4, 3, 2)( 9,14,19,13,18,12,17,11,16,10,15) ], 
  [ ( 1, 6, 3, 8, 5, 2, 7, 4)( 9,15,10,16,11,17,12,18,13,19,14), 
      ( 1, 4, 7, 2, 5, 8, 3, 6)( 9,14,19,13,18,12,17,11,16,10,15) ], 
  [ ( 1, 4, 7, 2, 5, 8, 3, 6)( 9,11,13,15,17,19,10,12,14,16,18), 
      ( 1, 6, 3, 8, 5, 2, 7, 4)( 9,18,16,14,12,10,19,17,15,13,11) ], 
  [ ( 1, 8, 7, 6, 5, 4, 3, 2)( 9,11,13,15,17,19,10,12,14,16,18), 
      ( 1, 2, 3, 4, 5, 6, 7, 8)( 9,18,16,14,12,10,19,17,15,13,11) ], 
  [ ( 1, 2, 3, 4, 5, 6, 7, 8)( 9,11,13,15,17,19,10,12,14,16,18), 
      ( 1, 8, 7, 6, 5, 4, 3, 2)( 9,18,16,14,12,10,19,17,15,13,11) ], 
  [ ( 1, 6, 3, 8, 5, 2, 7, 4)( 9,11,13,15,17,19,10,12,14,16,18), 
      ( 1, 4, 7, 2, 5, 8, 3, 6)( 9,18,16,14,12,10,19,17,15,13,11) ], 
  [ ( 1, 4, 7, 2, 5, 8, 3, 6)( 9,18,16,14,12,10,19,17,15,13,11), 
      ( 1, 6, 3, 8, 5, 2, 7, 4)( 9,11,13,15,17,19,10,12,14,16,18) ], 
  [ ( 1, 8, 7, 6, 5, 4, 3, 2)( 9,18,16,14,12,10,19,17,15,13,11), 
      ( 1, 2, 3, 4, 5, 6, 7, 8)( 9,11,13,15,17,19,10,12,14,16,18) ], 
  [ ( 1, 2, 3, 4, 5, 6, 7, 8)( 9,18,16,14,12,10,19,17,15,13,11), 
      ( 1, 8, 7, 6, 5, 4, 3, 2)( 9,11,13,15,17,19,10,12,14,16,18) ], 
  [ ( 1, 6, 3, 8, 5, 2, 7, 4)( 9,18,16,14,12,10,19,17,15,13,11), 
      ( 1, 4, 7, 2, 5, 8, 3, 6)( 9,11,13,15,17,19,10,12,14,16,18) ], 
  [ ( 1, 4, 7, 2, 5, 8, 3, 6)( 9,14,19,13,18,12,17,11,16,10,15), 
      ( 1, 6, 3, 8, 5, 2, 7, 4)( 9,15,10,16,11,17,12,18,13,19,14) ], 
  [ ( 1, 8, 7, 6, 5, 4, 3, 2)( 9,14,19,13,18,12,17,11,16,10,15), 
      ( 1, 2, 3, 4, 5, 6, 7, 8)( 9,15,10,16,11,17,12,18,13,19,14) ], 
  [ ( 1, 2, 3, 4, 5, 6, 7, 8)( 9,14,19,13,18,12,17,11,16,10,15), 
      ( 1, 8, 7, 6, 5, 4, 3, 2)( 9,15,10,16,11,17,12,18,13,19,14) ], 
  [ ( 1, 6, 3, 8, 5, 2, 7, 4)( 9,14,19,13,18,12,17,11,16,10,15), 
      ( 1, 4, 7, 2, 5, 8, 3, 6)( 9,15,10,16,11,17,12,18,13,19,14) ], 
  [ ( 1, 4, 7, 2, 5, 8, 3, 6)( 9,10,11,12,13,14,15,16,17,18,19), 
      ( 1, 6, 3, 8, 5, 2, 7, 4)( 9,19,18,17,16,15,14,13,12,11,10) ], 
  [ ( 1, 8, 7, 6, 5, 4, 3, 2)( 9,10,11,12,13,14,15,16,17,18,19), 
      ( 1, 2, 3, 4, 5, 6, 7, 8)( 9,19,18,17,16,15,14,13,12,11,10) ], 
  [ ( 1, 2, 3, 4, 5, 6, 7, 8)( 9,10,11,12,13,14,15,16,17,18,19), 
      ( 1, 8, 7, 6, 5, 4, 3, 2)( 9,19,18,17,16,15,14,13,12,11,10) ], 
  [ ( 1, 6, 3, 8, 5, 2, 7, 4)( 9,10,11,12,13,14,15,16,17,18,19), 
      ( 1, 4, 7, 2, 5, 8, 3, 6)( 9,19,18,17,16,15,14,13,12,11,10) ], 
  [ ( 1, 4, 7, 2, 5, 8, 3, 6)( 9,17,14,11,19,16,13,10,18,15,12), 
      ( 1, 6, 3, 8, 5, 2, 7, 4)( 9,12,15,18,10,13,16,19,11,14,17) ], 
  [ ( 1, 8, 7, 6, 5, 4, 3, 2)( 9,17,14,11,19,16,13,10,18,15,12), 
      ( 1, 2, 3, 4, 5, 6, 7, 8)( 9,12,15,18,10,13,16,19,11,14,17) ], 
  [ ( 1, 2, 3, 4, 5, 6, 7, 8)( 9,17,14,11,19,16,13,10,18,15,12), 
      ( 1, 8, 7, 6, 5, 4, 3, 2)( 9,12,15,18,10,13,16,19,11,14,17) ], 
  [ ( 1, 6, 3, 8, 5, 2, 7, 4)( 9,17,14,11,19,16,13,10,18,15,12), 
      ( 1, 4, 7, 2, 5, 8, 3, 6)( 9,12,15,18,10,13,16,19,11,14,17) ], 
  [ ( 1, 4, 7, 2, 5, 8, 3, 6)( 9,13,17,10,14,18,11,15,19,12,16), 
      ( 1, 6, 3, 8, 5, 2, 7, 4)( 9,16,12,19,15,11,18,14,10,17,13) ], 
  [ ( 1, 8, 7, 6, 5, 4, 3, 2)( 9,13,17,10,14,18,11,15,19,12,16), 
      ( 1, 2, 3, 4, 5, 6, 7, 8)( 9,16,12,19,15,11,18,14,10,17,13) ], 
  [ ( 1, 2, 3, 4, 5, 6, 7, 8)( 9,13,17,10,14,18,11,15,19,12,16), 
      ( 1, 8, 7, 6, 5, 4, 3, 2)( 9,16,12,19,15,11,18,14,10,17,13) ], 
  [ ( 1, 6, 3, 8, 5, 2, 7, 4)( 9,13,17,10,14,18,11,15,19,12,16), 
      ( 1, 4, 7, 2, 5, 8, 3, 6)( 9,16,12,19,15,11,18,14,10,17,13) ] ]
);

BRACES[88].brace[2] := rec ( size := 88, perms :=
[ [ (), () ], 
  [ (1,5)(2,6)(3,7)(4,8), ( 1, 3)( 2, 6)( 4, 8)( 5,10)( 7,13)( 9,15)(11,17)
        (12,19)(14,21)(16,24)(18,26)(20,28)(22,30)(23,32)(25,34)(27,36)(29,38)
        (31,40)(33,42)(35,44)(37,46)(39,48)(41,50)(43,52)(45,54)(47,56)(49,58)
        (51,60)(53,62)(55,64)(57,66)(59,67)(61,69)(63,71)(65,73)(68,75)(70,77)
        (72,78)(74,80)(76,82)(79,84)(81,85)(83,87)(86,88) ], 
  [ (1,7,5,3)(2,8,6,4), ( 1,17, 3,11)( 2,85, 6,81)( 4,30, 8,22)( 5,82,10,76)
        ( 7,88,13,86)( 9,77,15,70)(12,87,19,83)(14,71,21,63)(16,59,24,67)
        (18,84,26,79)(20,64,28,55)(23,51,32,60)(25,80,34,74)(27,56,36,47)
        (29,72,38,78)(31,43,40,52)(33,75,42,68)(35,48,44,39)(37,65,46,73)
        (41,69,50,61)(45,57,54,66)(49,62,58,53) ], 
  [ (1,3,5,7)(2,4,6,8), ( 1,11, 3,17)( 2,81, 6,85)( 4,22, 8,30)( 5,76,10,82)
        ( 7,86,13,88)( 9,70,15,77)(12,83,19,87)(14,63,21,71)(16,67,24,59)
        (18,79,26,84)(20,55,28,64)(23,60,32,51)(25,74,34,80)(27,47,36,56)
        (29,78,38,72)(31,52,40,43)(33,68,42,75)(35,39,44,48)(37,73,46,65)
        (41,61,50,69)(45,66,54,57)(49,53,58,62) ], 
  [ ( 9,16,12,19,15,11,18,14,10,17,13), ( 1,59,51,43,35,27,20,14, 9, 5, 2)
        ( 3,67,60,52,44,36,28,21,15,10, 6)( 4,72,65,57,49,41,33,25,18,12, 7)
        ( 8,78,73,66,58,50,42,34,26,19,13)(11,81,76,70,63,55,47,39,31,23,16)
        (17,85,82,77,71,64,56,48,40,32,24)(22,86,83,79,74,68,61,53,45,37,29)
        (30,88,87,84,80,75,69,62,54,46,38) ], 
  [ ( 1, 5)( 2, 6)( 3, 7)( 4, 8)( 9,16,12,19,15,11,18,14,10,17,13), 
      ( 1,67,51,52,35,36,20,21, 9,10, 2, 3,59,60,43,44,27,28,14,15, 5, 6)
        ( 4,78,65,66,49,50,33,34,18,19, 7, 8,72,73,57,58,41,42,25,26,12,13)
        (11,85,76,77,63,64,47,48,31,32,16,17,81,82,70,71,55,56,39,40,23,24)
        (22,88,83,84,74,75,61,62,45,46,29,30,86,87,79,80,68,69,53,54,37,38) ],
  [ ( 1, 7, 5, 3)( 2, 8, 6, 4)( 9,16,12,19,15,11,18,14,10,17,13), 
      ( 1,85, 3,81)( 2,82, 6,76)( 4,88, 8,86)( 5,77,10,70)( 7,87,13,83)
        ( 9,71,15,63)(11,59,17,67)(12,84,19,79)(14,64,21,55)(16,51,24,60)
        (18,80,26,74)(20,56,28,47)(22,72,30,78)(23,43,32,52)(25,75,34,68)
        (27,48,36,39)(29,65,38,73)(31,35,40,44)(33,69,42,61)(37,57,46,66)
        (41,62,50,53)(45,49,54,58) ], 
  [ ( 1, 3, 5, 7)( 2, 4, 6, 8)( 9,16,12,19,15,11,18,14,10,17,13), 
      ( 1,81, 3,85)( 2,76, 6,82)( 4,86, 8,88)( 5,70,10,77)( 7,83,13,87)
        ( 9,63,15,71)(11,67,17,59)(12,79,19,84)(14,55,21,64)(16,60,24,51)
        (18,74,26,80)(20,47,28,56)(22,78,30,72)(23,52,32,43)(25,68,34,75)
        (27,39,36,48)(29,73,38,65)(31,44,40,35)(33,61,42,69)(37,66,46,57)
        (41,53,50,62)(45,58,54,49) ], 
  [ ( 9,12,15,18,10,13,16,19,11,14,17), ( 1,51,35,20, 9, 2,59,43,27,14, 5)
        ( 3,60,44,28,15, 6,67,52,36,21,10)( 4,65,49,33,18, 7,72,57,41,25,12)
        ( 8,73,58,42,26,13,78,66,50,34,19)(11,76,63,47,31,16,81,70,55,39,23)
        (17,82,71,56,40,24,85,77,64,48,32)(22,83,74,61,45,29,86,79,68,53,37)
        (30,87,80,69,54,38,88,84,75,62,46) ], 
  [ ( 1, 5)( 2, 6)( 3, 7)( 4, 8)( 9,12,15,18,10,13,16,19,11,14,17), 
      ( 1,60,35,28, 9, 6,59,52,27,21, 5, 3,51,44,20,15, 2,67,43,36,14,10)
        ( 4,73,49,42,18,13,72,66,41,34,12, 8,65,58,33,26, 7,78,57,50,25,19)
        (11,82,63,56,31,24,81,77,55,48,23,17,76,71,47,40,16,85,70,64,39,32)
        (22,87,74,69,45,38,86,84,68,62,37,30,83,80,61,54,29,88,79,75,53,46) ],
  [ ( 1, 7, 5, 3)( 2, 8, 6, 4)( 9,12,15,18,10,13,16,19,11,14,17), 
      ( 1,82, 3,76)( 2,77, 6,70)( 4,87, 8,83)( 5,71,10,63)( 7,84,13,79)
        ( 9,64,15,55)(11,51,17,60)(12,80,19,74)(14,56,21,47)(16,43,24,52)
        (18,75,26,68)(20,48,28,39)(22,65,30,73)(23,35,32,44)(25,69,34,61)
        (27,40,36,31)(29,57,38,66)(33,62,42,53)(37,49,46,58)(41,54,50,45)
        (59,85,67,81)(72,88,78,86) ], 
  [ ( 1, 3, 5, 7)( 2, 4, 6, 8)( 9,12,15,18,10,13,16,19,11,14,17), 
      ( 1,76, 3,82)( 2,70, 6,77)( 4,83, 8,87)( 5,63,10,71)( 7,79,13,84)
        ( 9,55,15,64)(11,60,17,51)(12,74,19,80)(14,47,21,56)(16,52,24,43)
        (18,68,26,75)(20,39,28,48)(22,73,30,65)(23,44,32,35)(25,61,34,69)
        (27,31,36,40)(29,66,38,57)(33,53,42,62)(37,58,46,49)(41,45,50,54)
        (59,81,67,85)(72,86,78,88) ], 
  [ ( 9,19,18,17,16,15,14,13,12,11,10), ( 1,43,20, 5,59,35,14, 2,51,27, 9)
        ( 3,52,28,10,67,44,21, 6,60,36,15)( 4,57,33,12,72,49,25, 7,65,41,18)
        ( 8,66,42,19,78,58,34,13,73,50,26)(11,70,47,23,81,63,39,16,76,55,31)
        (17,77,56,32,85,71,48,24,82,64,40)(22,79,61,37,86,74,53,29,83,68,45)
        (30,84,69,46,88,80,62,38,87,75,54) ], 
  [ ( 1, 5)( 2, 6)( 3, 7)( 4, 8)( 9,19,18,17,16,15,14,13,12,11,10), 
      ( 1,52,20,10,59,44,14, 6,51,36, 9, 3,43,28, 5,67,35,21, 2,60,27,15)
        ( 4,66,33,19,72,58,25,13,65,50,18, 8,57,42,12,78,49,34, 7,73,41,26)
        (11,77,47,32,81,71,39,24,76,64,31,17,70,56,23,85,63,48,16,82,55,40)
        (22,84,61,46,86,80,53,38,83,75,45,30,79,69,37,88,74,62,29,87,68,54) ],
  [ ( 1, 7, 5, 3)( 2, 8, 6, 4)( 9,19,18,17,16,15,14,13,12,11,10), 
      ( 1,77, 3,70)( 2,71, 6,63)( 4,84, 8,79)( 5,64,10,55)( 7,80,13,74)
        ( 9,56,15,47)(11,43,17,52)(12,75,19,68)(14,48,21,39)(16,35,24,44)
        (18,69,26,61)(20,40,28,31)(22,57,30,66)(23,27,32,36)(25,62,34,53)
        (29,49,38,58)(33,54,42,45)(37,41,46,50)(51,85,60,81)(59,82,67,76)
        (65,88,73,86)(72,87,78,83) ], 
  [ ( 1, 3, 5, 7)( 2, 4, 6, 8)( 9,19,18,17,16,15,14,13,12,11,10), 
      ( 1,70, 3,77)( 2,63, 6,71)( 4,79, 8,84)( 5,55,10,64)( 7,74,13,80)
        ( 9,47,15,56)(11,52,17,43)(12,68,19,75)(14,39,21,48)(16,44,24,35)
        (18,61,26,69)(20,31,28,40)(22,66,30,57)(23,36,32,27)(25,53,34,62)
        (29,58,38,49)(33,45,42,54)(37,50,46,41)(51,81,60,85)(59,76,67,82)
        (65,86,73,88)(72,83,78,87) ], 
  [ ( 9,15,10,16,11,17,12,18,13,19,14), ( 1,35, 9,59,27, 5,51,20, 2,43,14)
        ( 3,44,15,67,36,10,60,28, 6,52,21)( 4,49,18,72,41,12,65,33, 7,57,25)
        ( 8,58,26,78,50,19,73,42,13,66,34)(11,63,31,81,55,23,76,47,16,70,39)
        (17,71,40,85,64,32,82,56,24,77,48)(22,74,45,86,68,37,83,61,29,79,53)
        (30,80,54,88,75,46,87,69,38,84,62) ], 
  [ ( 1, 5)( 2, 6)( 3, 7)( 4, 8)( 9,15,10,16,11,17,12,18,13,19,14), 
      ( 1,44, 9,67,27,10,51,28, 2,52,14, 3,35,15,59,36, 5,60,20, 6,43,21)
        ( 4,58,18,78,41,19,65,42, 7,66,25, 8,49,26,72,50,12,73,33,13,57,34)
        (11,71,31,85,55,32,76,56,16,77,39,17,63,40,81,64,23,82,47,24,70,48)
        (22,80,45,88,68,46,83,69,29,84,53,30,74,54,86,75,37,87,61,38,79,62) ],
  [ ( 1, 7, 5, 3)( 2, 8, 6, 4)( 9,15,10,16,11,17,12,18,13,19,14), 
      ( 1,71, 3,63)( 2,64, 6,55)( 4,80, 8,74)( 5,56,10,47)( 7,75,13,68)
        ( 9,48,15,39)(11,35,17,44)(12,69,19,61)(14,40,21,31)(16,27,24,36)
        (18,62,26,53)(20,32,28,23)(22,49,30,58)(25,54,34,45)(29,41,38,50)
        (33,46,42,37)(43,85,52,81)(51,82,60,76)(57,88,66,86)(59,77,67,70)
        (65,87,73,83)(72,84,78,79) ], 
  [ ( 1, 3, 5, 7)( 2, 4, 6, 8)( 9,15,10,16,11,17,12,18,13,19,14), 
      ( 1,63, 3,71)( 2,55, 6,64)( 4,74, 8,80)( 5,47,10,56)( 7,68,13,75)
        ( 9,39,15,48)(11,44,17,35)(12,61,19,69)(14,31,21,40)(16,36,24,27)
        (18,53,26,62)(20,23,28,32)(22,58,30,49)(25,45,34,54)(29,50,38,41)
        (33,37,42,46)(43,81,52,85)(51,76,60,82)(57,86,66,88)(59,70,67,77)
        (65,83,73,87)(72,79,78,84) ], 
  [ ( 9,11,13,15,17,19,10,12,14,16,18), ( 1,27, 2,35, 5,43, 9,51,14,59,20)
        ( 3,36, 6,44,10,52,15,60,21,67,28)( 4,41, 7,49,12,57,18,65,25,72,33)
        ( 8,50,13,58,19,66,26,73,34,78,42)(11,55,16,63,23,70,31,76,39,81,47)
        (17,64,24,71,32,77,40,82,48,85,56)(22,68,29,74,37,79,45,83,53,86,61)
        (30,75,38,80,46,84,54,87,62,88,69) ], 
  [ ( 1, 5)( 2, 6)( 3, 7)( 4, 8)( 9,11,13,15,17,19,10,12,14,16,18), 
      ( 1,36, 2,44, 5,52, 9,60,14,67,20, 3,27, 6,35,10,43,15,51,21,59,28)
        ( 4,50, 7,58,12,66,18,73,25,78,33, 8,41,13,49,19,57,26,65,34,72,42)
        (11,64,16,71,23,77,31,82,39,85,47,17,55,24,63,32,70,40,76,48,81,56)
        (22,75,29,80,37,84,45,87,53,88,61,30,68,38,74,46,79,54,83,62,86,69) ],
  [ ( 1, 7, 5, 3)( 2, 8, 6, 4)( 9,11,13,15,17,19,10,12,14,16,18), 
      ( 1,64, 3,55)( 2,56, 6,47)( 4,75, 8,68)( 5,48,10,39)( 7,69,13,61)
        ( 9,40,15,31)(11,27,17,36)(12,62,19,53)(14,32,21,23)(16,20,24,28)
        (18,54,26,45)(22,41,30,50)(25,46,34,37)(29,33,38,42)(35,85,44,81)
        (43,82,52,76)(49,88,58,86)(51,77,60,70)(57,87,66,83)(59,71,67,63)
        (65,84,73,79)(72,80,78,74) ], 
  [ ( 1, 3, 5, 7)( 2, 4, 6, 8)( 9,11,13,15,17,19,10,12,14,16,18), 
      ( 1,55, 3,64)( 2,47, 6,56)( 4,68, 8,75)( 5,39,10,48)( 7,61,13,69)
        ( 9,31,15,40)(11,36,17,27)(12,53,19,62)(14,23,21,32)(16,28,24,20)
        (18,45,26,54)(22,50,30,41)(25,37,34,46)(29,42,38,33)(35,81,44,85)
        (43,76,52,82)(49,86,58,88)(51,70,60,77)(57,83,66,87)(59,63,67,71)
        (65,79,73,84)(72,74,78,80) ], 
  [ ( 9,18,16,14,12,10,19,17,15,13,11), ( 1,20,59,14,51, 9,43, 5,35, 2,27)
        ( 3,28,67,21,60,15,52,10,44, 6,36)( 4,33,72,25,65,18,57,12,49, 7,41)
        ( 8,42,78,34,73,26,66,19,58,13,50)(11,47,81,39,76,31,70,23,63,16,55)
        (17,56,85,48,82,40,77,32,71,24,64)(22,61,86,53,83,45,79,37,74,29,68)
        (30,69,88,62,87,54,84,46,80,38,75) ], 
  [ ( 1, 5)( 2, 6)( 3, 7)( 4, 8)( 9,18,16,14,12,10,19,17,15,13,11), 
      ( 1,28,59,21,51,15,43,10,35, 6,27, 3,20,67,14,60, 9,52, 5,44, 2,36)
        ( 4,42,72,34,65,26,57,19,49,13,41, 8,33,78,25,73,18,66,12,58, 7,50)
        (11,56,81,48,76,40,70,32,63,24,55,17,47,85,39,82,31,77,23,71,16,64)
        (22,69,86,62,83,54,79,46,74,38,68,30,61,88,53,87,45,84,37,80,29,75) ],
  [ ( 1, 7, 5, 3)( 2, 8, 6, 4)( 9,18,16,14,12,10,19,17,15,13,11), 
      ( 1,56, 3,47)( 2,48, 6,39)( 4,69, 8,61)( 5,40,10,31)( 7,62,13,53)
        ( 9,32,15,23)(11,20,17,28)(12,54,19,45)(14,24,21,16)(18,46,26,37)
        (22,33,30,42)(25,38,34,29)(27,85,36,81)(35,82,44,76)(41,88,50,86)
        (43,77,52,70)(49,87,58,83)(51,71,60,63)(55,59,64,67)(57,84,66,79)
        (65,80,73,74)(68,72,75,78) ], 
  [ ( 1, 3, 5, 7)( 2, 4, 6, 8)( 9,18,16,14,12,10,19,17,15,13,11), 
      ( 1,47, 3,56)( 2,39, 6,48)( 4,61, 8,69)( 5,31,10,40)( 7,53,13,62)
        ( 9,23,15,32)(11,28,17,20)(12,45,19,54)(14,16,21,24)(18,37,26,46)
        (22,42,30,33)(25,29,34,38)(27,81,36,85)(35,76,44,82)(41,86,50,88)
        (43,70,52,77)(49,83,58,87)(51,63,60,71)(55,67,64,59)(57,79,66,84)
        (65,74,73,80)(68,78,75,72) ], 
  [ ( 9,14,19,13,18,12,17,11,16,10,15), ( 1,14,43, 2,20,51, 5,27,59, 9,35)
        ( 3,21,52, 6,28,60,10,36,67,15,44)( 4,25,57, 7,33,65,12,41,72,18,49)
        ( 8,34,66,13,42,73,19,50,78,26,58)(11,39,70,16,47,76,23,55,81,31,63)
        (17,48,77,24,56,82,32,64,85,40,71)(22,53,79,29,61,83,37,68,86,45,74)
        (30,62,84,38,69,87,46,75,88,54,80) ], 
  [ ( 1, 5)( 2, 6)( 3, 7)( 4, 8)( 9,14,19,13,18,12,17,11,16,10,15), 
      ( 1,21,43, 6,20,60, 5,36,59,15,35, 3,14,52, 2,28,51,10,27,67, 9,44)
        ( 4,34,57,13,33,73,12,50,72,26,49, 8,25,66, 7,42,65,19,41,78,18,58)
        (11,48,70,24,47,82,23,64,81,40,63,17,39,77,16,56,76,32,55,85,31,71)
        (22,62,79,38,61,87,37,75,86,54,74,30,53,84,29,69,83,46,68,88,45,80) ],
  [ ( 1, 7, 5, 3)( 2, 8, 6, 4)( 9,14,19,13,18,12,17,11,16,10,15), 
      ( 1,48, 3,39)( 2,40, 6,31)( 4,62, 8,53)( 5,32,10,23)( 7,54,13,45)
        ( 9,24,15,16)(11,14,17,21)(12,46,19,37)(18,38,26,29)(20,85,28,81)
        (22,25,30,34)(27,82,36,76)(33,88,42,86)(35,77,44,70)(41,87,50,83)
        (43,71,52,63)(47,59,56,67)(49,84,58,79)(51,64,60,55)(57,80,66,74)
        (61,72,69,78)(65,75,73,68) ], 
  [ ( 1, 3, 5, 7)( 2, 4, 6, 8)( 9,14,19,13,18,12,17,11,16,10,15), 
      ( 1,39, 3,48)( 2,31, 6,40)( 4,53, 8,62)( 5,23,10,32)( 7,45,13,54)
        ( 9,16,15,24)(11,21,17,14)(12,37,19,46)(18,29,26,38)(20,81,28,85)
        (22,34,30,25)(27,76,36,82)(33,86,42,88)(35,70,44,77)(41,83,50,87)
        (43,63,52,71)(47,67,56,59)(49,79,58,84)(51,55,60,64)(57,74,66,80)
        (61,78,69,72)(65,68,73,75) ], 
  [ ( 9,10,11,12,13,14,15,16,17,18,19), ( 1, 9,27,51, 2,14,35,59, 5,20,43)
        ( 3,15,36,60, 6,21,44,67,10,28,52)( 4,18,41,65, 7,25,49,72,12,33,57)
        ( 8,26,50,73,13,34,58,78,19,42,66)(11,31,55,76,16,39,63,81,23,47,70)
        (17,40,64,82,24,48,71,85,32,56,77)(22,45,68,83,29,53,74,86,37,61,79)
        (30,54,75,87,38,62,80,88,46,69,84) ], 
  [ ( 1, 5)( 2, 6)( 3, 7)( 4, 8)( 9,10,11,12,13,14,15,16,17,18,19), 
      ( 1,15,27,60, 2,21,35,67, 5,28,43, 3, 9,36,51, 6,14,44,59,10,20,52)
        ( 4,26,41,73, 7,34,49,78,12,42,57, 8,18,50,65,13,25,58,72,19,33,66)
        (11,40,55,82,16,48,63,85,23,56,70,17,31,64,76,24,39,71,81,32,47,77)
        (22,54,68,87,29,62,74,88,37,69,79,30,45,75,83,38,53,80,86,46,61,84) ],
  [ ( 1, 7, 5, 3)( 2, 8, 6, 4)( 9,10,11,12,13,14,15,16,17,18,19), 
      ( 1,40, 3,31)( 2,32, 6,23)( 4,54, 8,45)( 5,24,10,16)( 7,46,13,37)
        ( 9,17,15,11)(12,38,19,29)(14,85,21,81)(18,30,26,22)(20,82,28,76)
        (25,88,34,86)(27,77,36,70)(33,87,42,83)(35,71,44,63)(39,59,48,67)
        (41,84,50,79)(43,64,52,55)(47,51,56,60)(49,80,58,74)(53,72,62,78)
        (57,75,66,68)(61,65,69,73) ], 
  [ ( 1, 3, 5, 7)( 2, 4, 6, 8)( 9,10,11,12,13,14,15,16,17,18,19), 
      ( 1,31, 3,40)( 2,23, 6,32)( 4,45, 8,54)( 5,16,10,24)( 7,37,13,46)
        ( 9,11,15,17)(12,29,19,38)(14,81,21,85)(18,22,26,30)(20,76,28,82)
        (25,86,34,88)(27,70,36,77)(33,83,42,87)(35,63,44,71)(39,67,48,59)
        (41,79,50,84)(43,55,52,64)(47,60,56,51)(49,74,58,80)(53,78,62,72)
        (57,68,66,75)(61,73,69,65) ], 
  [ ( 9,17,14,11,19,16,13,10,18,15,12), ( 1, 5,14,27,43,59, 2, 9,20,35,51)
        ( 3,10,21,36,52,67, 6,15,28,44,60)( 4,12,25,41,57,72, 7,18,33,49,65)
        ( 8,19,34,50,66,78,13,26,42,58,73)(11,23,39,55,70,81,16,31,47,63,76)
        (17,32,48,64,77,85,24,40,56,71,82)(22,37,53,68,79,86,29,45,61,74,83)
        (30,46,62,75,84,88,38,54,69,80,87) ], 
  [ ( 1, 5)( 2, 6)( 3, 7)( 4, 8)( 9,17,14,11,19,16,13,10,18,15,12), 
      ( 1,10,14,36,43,67, 2,15,20,44,51, 3, 5,21,27,52,59, 6, 9,28,35,60)
        ( 4,19,25,50,57,78, 7,26,33,58,65, 8,12,34,41,66,72,13,18,42,49,73)
        (11,32,39,64,70,85,16,40,47,71,76,17,23,48,55,77,81,24,31,56,63,82)
        (22,46,53,75,79,88,29,54,61,80,83,30,37,62,68,84,86,38,45,69,74,87) ],
  [ ( 1, 7, 5, 3)( 2, 8, 6, 4)( 9,17,14,11,19,16,13,10,18,15,12), 
      ( 1,32, 3,23)( 2,24, 6,16)( 4,46, 8,37)( 5,17,10,11)( 7,38,13,29)
        ( 9,85,15,81)(12,30,19,22)(14,82,21,76)(18,88,26,86)(20,77,28,70)
        (25,87,34,83)(27,71,36,63)(31,59,40,67)(33,84,42,79)(35,64,44,55)
        (39,51,48,60)(41,80,50,74)(43,56,52,47)(45,72,54,78)(49,75,58,68)
        (53,65,62,73)(57,69,66,61) ], 
  [ ( 1, 3, 5, 7)( 2, 4, 6, 8)( 9,17,14,11,19,16,13,10,18,15,12), 
      ( 1,23, 3,32)( 2,16, 6,24)( 4,37, 8,46)( 5,11,10,17)( 7,29,13,38)
        ( 9,81,15,85)(12,22,19,30)(14,76,21,82)(18,86,26,88)(20,70,28,77)
        (25,83,34,87)(27,63,36,71)(31,67,40,59)(33,79,42,84)(35,55,44,64)
        (39,60,48,51)(41,74,50,80)(43,47,52,56)(45,78,54,72)(49,68,58,75)
        (53,73,62,65)(57,61,66,69) ], 
  [ ( 9,13,17,10,14,18,11,15,19,12,16), ( 1, 2, 5, 9,14,20,27,35,43,51,59)
        ( 3, 6,10,15,21,28,36,44,52,60,67)( 4, 7,12,18,25,33,41,49,57,65,72)
        ( 8,13,19,26,34,42,50,58,66,73,78)(11,16,23,31,39,47,55,63,70,76,81)
        (17,24,32,40,48,56,64,71,77,82,85)(22,29,37,45,53,61,68,74,79,83,86)
        (30,38,46,54,62,69,75,80,84,87,88) ], 
  [ ( 1, 5)( 2, 6)( 3, 7)( 4, 8)( 9,13,17,10,14,18,11,15,19,12,16), 
      ( 1, 6, 5,15,14,28,27,44,43,60,59, 3, 2,10, 9,21,20,36,35,52,51,67)
        ( 4,13,12,26,25,42,41,58,57,73,72, 8, 7,19,18,34,33,50,49,66,65,78)
        (11,24,23,40,39,56,55,71,70,82,81,17,16,32,31,48,47,64,63,77,76,85)
        (22,38,37,54,53,69,68,80,79,87,86,30,29,46,45,62,61,75,74,84,83,88) ],
  [ ( 1, 7, 5, 3)( 2, 8, 6, 4)( 9,13,17,10,14,18,11,15,19,12,16), 
      ( 1,24, 3,16)( 2,17, 6,11)( 4,38, 8,29)( 5,85,10,81)( 7,30,13,22)
        ( 9,82,15,76)(12,88,19,86)(14,77,21,70)(18,87,26,83)(20,71,28,63)
        (23,59,32,67)(25,84,34,79)(27,64,36,55)(31,51,40,60)(33,80,42,74)
        (35,56,44,47)(37,72,46,78)(39,43,48,52)(41,75,50,68)(45,65,54,73)
        (49,69,58,61)(53,57,62,66) ], 
  [ ( 1, 3, 5, 7)( 2, 4, 6, 8)( 9,13,17,10,14,18,11,15,19,12,16), 
      ( 1,16, 3,24)( 2,11, 6,17)( 4,29, 8,38)( 5,81,10,85)( 7,22,13,30)
        ( 9,76,15,82)(12,86,19,88)(14,70,21,77)(18,83,26,87)(20,63,28,71)
        (23,67,32,59)(25,79,34,84)(27,55,36,64)(31,60,40,51)(33,74,42,80)
        (35,47,44,56)(37,78,46,72)(39,52,48,43)(41,68,50,75)(45,73,54,65)
        (49,61,58,69)(53,66,62,57) ], 
  [ (1,4,7,2,5,8,3,6), ( 1,30)( 2,88)( 3,22)( 4,17)( 5,87)( 6,86)( 7,85)
        ( 8,11)( 9,84)(10,83)(12,82)(13,81)(14,80)(15,79)(16,78)(18,77)(19,76)
        (20,75)(21,74)(23,73)(24,72)(25,71)(26,70)(27,69)(28,68)(29,67)(31,66)
        (32,65)(33,64)(34,63)(35,62)(36,61)(37,60)(38,59)(39,58)(40,57)(41,56)
        (42,55)(43,54)(44,53)(45,52)(46,51)(47,50)(48,49) ], 
  [ (1,8,7,6,5,4,3,2), ( 1,22)( 2,86)( 3,30)( 4,11)( 5,83)( 6,88)( 7,81)
        ( 8,17)( 9,79)(10,87)(12,76)(13,85)(14,74)(15,84)(16,72)(18,70)(19,82)
        (20,68)(21,80)(23,65)(24,78)(25,63)(26,77)(27,61)(28,75)(29,59)(31,57)
        (32,73)(33,55)(34,71)(35,53)(36,69)(37,51)(38,67)(39,49)(40,66)(41,47)
        (42,64)(43,45)(44,62)(46,60)(48,58)(50,56)(52,54) ], 
  [ (1,2,3,4,5,6,7,8), ( 1, 8)( 2,13)( 3, 4)( 5,19)( 6, 7)( 9,26)(10,12)
        (11,22)(14,34)(15,18)(16,29)(17,30)(20,42)(21,25)(23,37)(24,38)(27,50)
        (28,33)(31,45)(32,46)(35,58)(36,41)(39,53)(40,54)(43,66)(44,49)(47,61)
        (48,62)(51,73)(52,57)(55,68)(56,69)(59,78)(60,65)(63,74)(64,75)(67,72)
        (70,79)(71,80)(76,83)(77,84)(81,86)(82,87)(85,88) ], 
  [ (1,6,3,8,5,2,7,4), ( 1, 4)( 2, 7)( 3, 8)( 5,12)( 6,13)( 9,18)(10,19)
        (11,30)(14,25)(15,26)(16,38)(17,22)(20,33)(21,34)(23,46)(24,29)(27,41)
        (28,42)(31,54)(32,37)(35,49)(36,50)(39,62)(40,45)(43,57)(44,58)(47,69)
        (48,53)(51,65)(52,66)(55,75)(56,61)(59,72)(60,73)(63,80)(64,68)(67,78)
        (70,84)(71,74)(76,87)(77,79)(81,88)(82,83)(85,86) ], 
  [ ( 1, 4, 7, 2, 5, 8, 3, 6)( 9,16,12,19,15,11,18,14,10,17,13), 
      ( 1,88)( 2,87)( 3,86)( 4,85)( 5,84)( 6,83)( 7,82)( 8,81)( 9,80)(10,79)
        (11,78)(12,77)(13,76)(14,75)(15,74)(16,73)(17,72)(18,71)(19,70)(20,69)
        (21,68)(22,67)(23,66)(24,65)(25,64)(26,63)(27,62)(28,61)(29,60)(30,59)
        (31,58)(32,57)(33,56)(34,55)(35,54)(36,53)(37,52)(38,51)(39,50)(40,49)
        (41,48)(42,47)(43,46)(44,45) ], 
  [ ( 1, 8, 7, 6, 5, 4, 3, 2)( 9,16,12,19,15,11,18,14,10,17,13), 
      ( 1,86)( 2,83)( 3,88)( 4,81)( 5,79)( 6,87)( 7,76)( 8,85)( 9,74)(10,84)
        (11,72)(12,70)(13,82)(14,68)(15,80)(16,65)(17,78)(18,63)(19,77)(20,61)
        (21,75)(22,59)(23,57)(24,73)(25,55)(26,71)(27,53)(28,69)(29,51)(30,67)
        (31,49)(32,66)(33,47)(34,64)(35,45)(36,62)(37,43)(38,60)(39,41)(40,58)
        (42,56)(44,54)(46,52)(48,50) ], 
  [ ( 1, 2, 3, 4, 5, 6, 7, 8)( 9,16,12,19,15,11,18,14,10,17,13), 
      ( 1,78,51,66,35,50,20,34, 9,19, 2, 8,59,73,43,58,27,42,14,26, 5,13)
        ( 3,72,60,57,44,41,28,25,15,12, 6, 4,67,65,52,49,36,33,21,18,10, 7)
        (11,86,76,79,63,68,47,53,31,37,16,22,81,83,70,74,55,61,39,45,23,29)
        (17,88,82,84,71,75,56,62,40,46,24,30,85,87,77,80,64,69,48,54,32,38) ],
  [ ( 1, 6, 3, 8, 5, 2, 7, 4)( 9,16,12,19,15,11,18,14,10,17,13), 
      ( 1,72,51,57,35,41,20,25, 9,12, 2, 4,59,65,43,49,27,33,14,18, 5, 7)
        ( 3,78,60,66,44,50,28,34,15,19, 6, 8,67,73,52,58,36,42,21,26,10,13)
        (11,88,76,84,63,75,47,62,31,46,16,30,81,87,70,80,55,69,39,54,23,38)
        (17,86,82,79,71,68,56,53,40,37,24,22,85,83,77,74,64,61,48,45,32,29) ],
  [ ( 1, 4, 7, 2, 5, 8, 3, 6)( 9,12,15,18,10,13,16,19,11,14,17), 
      ( 1,87)( 2,84)( 3,83)( 4,82)( 5,80)( 6,79)( 7,77)( 8,76)( 9,75)(10,74)
        (11,73)(12,71)(13,70)(14,69)(15,68)(16,66)(17,65)(18,64)(19,63)(20,62)
        (21,61)(22,60)(23,58)(24,57)(25,56)(26,55)(27,54)(28,53)(29,52)(30,51)
        (31,50)(32,49)(33,48)(34,47)(35,46)(36,45)(37,44)(38,43)(39,42)(40,41)
        (59,88)(67,86)(72,85)(78,81) ], 
  [ ( 1, 8, 7, 6, 5, 4, 3, 2)( 9,12,15,18,10,13,16,19,11,14,17), 
      ( 1,83)( 2,79)( 3,87)( 4,76)( 5,74)( 6,84)( 7,70)( 8,82)( 9,68)(10,80)
        (11,65)(12,63)(13,77)(14,61)(15,75)(16,57)(17,73)(18,55)(19,71)(20,53)
        (21,69)(22,51)(23,49)(24,66)(25,47)(26,64)(27,45)(28,62)(29,43)(30,60)
        (31,41)(32,58)(33,39)(34,56)(35,37)(36,54)(38,52)(40,50)(42,48)(44,46)
        (59,86)(67,88)(72,81)(78,85) ], 
  [ ( 1, 2, 3, 4, 5, 6, 7, 8)( 9,12,15,18,10,13,16,19,11,14,17), 
      ( 1,73,35,42, 9,13,59,66,27,34, 5, 8,51,58,20,26, 2,78,43,50,14,19)
        ( 3,65,44,33,15, 7,67,57,36,25,10, 4,60,49,28,18, 6,72,52,41,21,12)
        (11,83,63,61,31,29,81,79,55,53,23,22,76,74,47,45,16,86,70,68,39,37)
        (17,87,71,69,40,38,85,84,64,62,32,30,82,80,56,54,24,88,77,75,48,46) ],
  [ ( 1, 6, 3, 8, 5, 2, 7, 4)( 9,12,15,18,10,13,16,19,11,14,17), 
      ( 1,65,35,33, 9, 7,59,57,27,25, 5, 4,51,49,20,18, 2,72,43,41,14,12)
        ( 3,73,44,42,15,13,67,66,36,34,10, 8,60,58,28,26, 6,78,52,50,21,19)
        (11,87,63,69,31,38,81,84,55,62,23,30,76,80,47,54,16,88,70,75,39,46)
        (17,83,71,61,40,29,85,79,64,53,32,22,82,74,56,45,24,86,77,68,48,37) ],
  [ ( 1, 4, 7, 2, 5, 8, 3, 6)( 9,19,18,17,16,15,14,13,12,11,10), 
      ( 1,84)( 2,80)( 3,79)( 4,77)( 5,75)( 6,74)( 7,71)( 8,70)( 9,69)(10,68)
        (11,66)(12,64)(13,63)(14,62)(15,61)(16,58)(17,57)(18,56)(19,55)(20,54)
        (21,53)(22,52)(23,50)(24,49)(25,48)(26,47)(27,46)(28,45)(29,44)(30,43)
        (31,42)(32,41)(33,40)(34,39)(35,38)(36,37)(51,88)(59,87)(60,86)(65,85)
        (67,83)(72,82)(73,81)(76,78) ], 
  [ ( 1, 8, 7, 6, 5, 4, 3, 2)( 9,19,18,17,16,15,14,13,12,11,10), 
      ( 1,79)( 2,74)( 3,84)( 4,70)( 5,68)( 6,80)( 7,63)( 8,77)( 9,61)(10,75)
        (11,57)(12,55)(13,71)(14,53)(15,69)(16,49)(17,66)(18,47)(19,64)(20,45)
        (21,62)(22,43)(23,41)(24,58)(25,39)(26,56)(27,37)(28,54)(29,35)(30,52)
        (31,33)(32,50)(34,48)(36,46)(38,44)(40,42)(51,86)(59,83)(60,88)(65,81)
        (67,87)(72,76)(73,85)(78,82) ], 
  [ ( 1, 2, 3, 4, 5, 6, 7, 8)( 9,19,18,17,16,15,14,13,12,11,10), 
      ( 1,66,20,19,59,58,14,13,51,50, 9, 8,43,42, 5,78,35,34, 2,73,27,26)
        ( 3,57,28,12,67,49,21, 7,60,41,15, 4,52,33,10,72,44,25, 6,65,36,18)
        (11,79,47,37,81,74,39,29,76,68,31,22,70,61,23,86,63,53,16,83,55,45)
        (17,84,56,46,85,80,48,38,82,75,40,30,77,69,32,88,71,62,24,87,64,54) ],
  [ ( 1, 6, 3, 8, 5, 2, 7, 4)( 9,19,18,17,16,15,14,13,12,11,10), 
      ( 1,57,20,12,59,49,14, 7,51,41, 9, 4,43,33, 5,72,35,25, 2,65,27,18)
        ( 3,66,28,19,67,58,21,13,60,50,15, 8,52,42,10,78,44,34, 6,73,36,26)
        (11,84,47,46,81,80,39,38,76,75,31,30,70,69,23,88,63,62,16,87,55,54)
        (17,79,56,37,85,74,48,29,82,68,40,22,77,61,32,86,71,53,24,83,64,45) ],
  [ ( 1, 4, 7, 2, 5, 8, 3, 6)( 9,15,10,16,11,17,12,18,13,19,14), 
      ( 1,80)( 2,75)( 3,74)( 4,71)( 5,69)( 6,68)( 7,64)( 8,63)( 9,62)(10,61)
        (11,58)(12,56)(13,55)(14,54)(15,53)(16,50)(17,49)(18,48)(19,47)(20,46)
        (21,45)(22,44)(23,42)(24,41)(25,40)(26,39)(27,38)(28,37)(29,36)(30,35)
        (31,34)(32,33)(43,88)(51,87)(52,86)(57,85)(59,84)(60,83)(65,82)(66,81)
        (67,79)(70,78)(72,77)(73,76) ], 
  [ ( 1, 8, 7, 6, 5, 4, 3, 2)( 9,15,10,16,11,17,12,18,13,19,14), 
      ( 1,74)( 2,68)( 3,80)( 4,63)( 5,61)( 6,75)( 7,55)( 8,71)( 9,53)(10,69)
        (11,49)(12,47)(13,64)(14,45)(15,62)(16,41)(17,58)(18,39)(19,56)(20,37)
        (21,54)(22,35)(23,33)(24,50)(25,31)(26,48)(27,29)(28,46)(30,44)(32,42)
        (34,40)(36,38)(43,86)(51,83)(52,88)(57,81)(59,79)(60,87)(65,76)(66,85)
        (67,84)(70,72)(73,82)(77,78) ], 
  [ ( 1, 2, 3, 4, 5, 6, 7, 8)( 9,15,10,16,11,17,12,18,13,19,14), 
      ( 1,58, 9,78,27,19,51,42, 2,66,14, 8,35,26,59,50, 5,73,20,13,43,34)
        ( 3,49,15,72,36,12,60,33, 6,57,21, 4,44,18,67,41,10,65,28, 7,52,25)
        (11,74,31,86,55,37,76,61,16,79,39,22,63,45,81,68,23,83,47,29,70,53)
        (17,80,40,88,64,46,82,69,24,84,48,30,71,54,85,75,32,87,56,38,77,62) ],
  [ ( 1, 6, 3, 8, 5, 2, 7, 4)( 9,15,10,16,11,17,12,18,13,19,14), 
      ( 1,49, 9,72,27,12,51,33, 2,57,14, 4,35,18,59,41, 5,65,20, 7,43,25)
        ( 3,58,15,78,36,19,60,42, 6,66,21, 8,44,26,67,50,10,73,28,13,52,34)
        (11,80,31,88,55,46,76,69,16,84,39,30,63,54,81,75,23,87,47,38,70,62)
        (17,74,40,86,64,37,82,61,24,79,48,22,71,45,85,68,32,83,56,29,77,53) ],
  [ ( 1, 4, 7, 2, 5, 8, 3, 6)( 9,11,13,15,17,19,10,12,14,16,18), 
      ( 1,75)( 2,69)( 3,68)( 4,64)( 5,62)( 6,61)( 7,56)( 8,55)( 9,54)(10,53)
        (11,50)(12,48)(13,47)(14,46)(15,45)(16,42)(17,41)(18,40)(19,39)(20,38)
        (21,37)(22,36)(23,34)(24,33)(25,32)(26,31)(27,30)(28,29)(35,88)(43,87)
        (44,86)(49,85)(51,84)(52,83)(57,82)(58,81)(59,80)(60,79)(63,78)(65,77)
        (66,76)(67,74)(70,73)(71,72) ], 
  [ ( 1, 8, 7, 6, 5, 4, 3, 2)( 9,11,13,15,17,19,10,12,14,16,18), 
      ( 1,68)( 2,61)( 3,75)( 4,55)( 5,53)( 6,69)( 7,47)( 8,64)( 9,45)(10,62)
        (11,41)(12,39)(13,56)(14,37)(15,54)(16,33)(17,50)(18,31)(19,48)(20,29)
        (21,46)(22,27)(23,25)(24,42)(26,40)(28,38)(30,36)(32,34)(35,86)(43,83)
        (44,88)(49,81)(51,79)(52,87)(57,76)(58,85)(59,74)(60,84)(63,72)(65,70)
        (66,82)(67,80)(71,78)(73,77) ], 
  [ ( 1, 2, 3, 4, 5, 6, 7, 8)( 9,11,13,15,17,19,10,12,14,16,18), 
      ( 1,50, 2,58, 5,66, 9,73,14,78,20, 8,27,13,35,19,43,26,51,34,59,42)
        ( 3,41, 6,49,10,57,15,65,21,72,28, 4,36, 7,44,12,52,18,60,25,67,33)
        (11,68,16,74,23,79,31,83,39,86,47,22,55,29,63,37,70,45,76,53,81,61)
        (17,75,24,80,32,84,40,87,48,88,56,30,64,38,71,46,77,54,82,62,85,69) ],
  [ ( 1, 6, 3, 8, 5, 2, 7, 4)( 9,11,13,15,17,19,10,12,14,16,18), 
      ( 1,41, 2,49, 5,57, 9,65,14,72,20, 4,27, 7,35,12,43,18,51,25,59,33)
        ( 3,50, 6,58,10,66,15,73,21,78,28, 8,36,13,44,19,52,26,60,34,67,42)
        (11,75,16,80,23,84,31,87,39,88,47,30,55,38,63,46,70,54,76,62,81,69)
        (17,68,24,74,32,79,40,83,48,86,56,22,64,29,71,37,77,45,82,53,85,61) ],
  [ ( 1, 4, 7, 2, 5, 8, 3, 6)( 9,18,16,14,12,10,19,17,15,13,11), 
      ( 1,69)( 2,62)( 3,61)( 4,56)( 5,54)( 6,53)( 7,48)( 8,47)( 9,46)(10,45)
        (11,42)(12,40)(13,39)(14,38)(15,37)(16,34)(17,33)(18,32)(19,31)(20,30)
        (21,29)(22,28)(23,26)(24,25)(27,88)(35,87)(36,86)(41,85)(43,84)(44,83)
        (49,82)(50,81)(51,80)(52,79)(55,78)(57,77)(58,76)(59,75)(60,74)(63,73)
        (64,72)(65,71)(66,70)(67,68) ], 
  [ ( 1, 8, 7, 6, 5, 4, 3, 2)( 9,18,16,14,12,10,19,17,15,13,11), 
      ( 1,61)( 2,53)( 3,69)( 4,47)( 5,45)( 6,62)( 7,39)( 8,56)( 9,37)(10,54)
        (11,33)(12,31)(13,48)(14,29)(15,46)(16,25)(17,42)(18,23)(19,40)(20,22)
        (21,38)(24,34)(26,32)(27,86)(28,30)(35,83)(36,88)(41,81)(43,79)(44,87)
        (49,76)(50,85)(51,74)(52,84)(55,72)(57,70)(58,82)(59,68)(60,80)(63,65)
        (64,78)(66,77)(67,75)(71,73) ], 
  [ ( 1, 2, 3, 4, 5, 6, 7, 8)( 9,18,16,14,12,10,19,17,15,13,11), 
      ( 1,42,59,34,51,26,43,19,35,13,27, 8,20,78,14,73, 9,66, 5,58, 2,50)
        ( 3,33,67,25,60,18,52,12,44, 7,36, 4,28,72,21,65,15,57,10,49, 6,41)
        (11,61,81,53,76,45,70,37,63,29,55,22,47,86,39,83,31,79,23,74,16,68)
        (17,69,85,62,82,54,77,46,71,38,64,30,56,88,48,87,40,84,32,80,24,75) ],
  [ ( 1, 6, 3, 8, 5, 2, 7, 4)( 9,18,16,14,12,10,19,17,15,13,11), 
      ( 1,33,59,25,51,18,43,12,35, 7,27, 4,20,72,14,65, 9,57, 5,49, 2,41)
        ( 3,42,67,34,60,26,52,19,44,13,36, 8,28,78,21,73,15,66,10,58, 6,50)
        (11,69,81,62,76,54,70,46,63,38,55,30,47,88,39,87,31,84,23,80,16,75)
        (17,61,85,53,82,45,77,37,71,29,64,22,56,86,48,83,40,79,32,74,24,68) ],
  [ ( 1, 4, 7, 2, 5, 8, 3, 6)( 9,14,19,13,18,12,17,11,16,10,15), 
      ( 1,62)( 2,54)( 3,53)( 4,48)( 5,46)( 6,45)( 7,40)( 8,39)( 9,38)(10,37)
        (11,34)(12,32)(13,31)(14,30)(15,29)(16,26)(17,25)(18,24)(19,23)(20,88)
        (21,22)(27,87)(28,86)(33,85)(35,84)(36,83)(41,82)(42,81)(43,80)(44,79)
        (47,78)(49,77)(50,76)(51,75)(52,74)(55,73)(56,72)(57,71)(58,70)(59,69)
        (60,68)(61,67)(63,66)(64,65) ], 
  [ ( 1, 8, 7, 6, 5, 4, 3, 2)( 9,14,19,13,18,12,17,11,16,10,15), 
      ( 1,53)( 2,45)( 3,62)( 4,39)( 5,37)( 6,54)( 7,31)( 8,48)( 9,29)(10,46)
        (11,25)(12,23)(13,40)(14,22)(15,38)(16,18)(17,34)(19,32)(20,86)(21,30)
        (24,26)(27,83)(28,88)(33,81)(35,79)(36,87)(41,76)(42,85)(43,74)(44,84)
        (47,72)(49,70)(50,82)(51,68)(52,80)(55,65)(56,78)(57,63)(58,77)(59,61)
        (60,75)(64,73)(66,71)(67,69) ], 
  [ ( 1, 2, 3, 4, 5, 6, 7, 8)( 9,14,19,13,18,12,17,11,16,10,15), 
      ( 1,34,43,13,20,73, 5,50,59,26,35, 8,14,66, 2,42,51,19,27,78, 9,58)
        ( 3,25,52, 7,28,65,10,41,67,18,44, 4,21,57, 6,33,60,12,36,72,15,49)
        (11,53,70,29,47,83,23,68,81,45,63,22,39,79,16,61,76,37,55,86,31,74)
        (17,62,77,38,56,87,32,75,85,54,71,30,48,84,24,69,82,46,64,88,40,80) ],
  [ ( 1, 6, 3, 8, 5, 2, 7, 4)( 9,14,19,13,18,12,17,11,16,10,15), 
      ( 1,25,43, 7,20,65, 5,41,59,18,35, 4,14,57, 2,33,51,12,27,72, 9,49)
        ( 3,34,52,13,28,73,10,50,67,26,44, 8,21,66, 6,42,60,19,36,78,15,58)
        (11,62,70,38,47,87,23,75,81,54,63,30,39,84,16,69,76,46,55,88,31,80)
        (17,53,77,29,56,83,32,68,85,45,71,22,48,79,24,61,82,37,64,86,40,74) ],
  [ ( 1, 4, 7, 2, 5, 8, 3, 6)( 9,10,11,12,13,14,15,16,17,18,19), 
