BRACES[65] := rec( total := -1, implemented := 1, size := 65, brace := [] );BRACES[65].brace[1] := rec ( size := 65, perms := [ [  (),  (),  
], [  (1, 14, 27, 40, 53)(2, 15, 28, 41, 54)(3, 16, 29, 42, 55)(4, 17, 30, 43, 56)(5, 18, 31, 44, 57)(6, 19, 32, 45, 58)(7, 20, 33, 46, 59)(8,
21, 34, 47, 60)(9, 22, 35, 48, 61)(10, 23, 36, 49, 62)(11, 24, 37, 50, 63)(12, 25, 38, 51, 64)(13, 26, 39, 52, 65),  (1, 53, 40, 27, 14)(2, 
54, 41, 28, 15)(3, 55, 42, 29, 16)(4, 56, 43, 30, 17)(5, 57, 44, 31, 18)(6, 58, 45, 32, 19)(7, 59, 46, 33, 20)(8, 60, 47, 34, 21)(9, 61, 48, 
35, 22)(10, 62, 49, 36, 23)(11, 63, 50, 37, 24)(12, 64, 51, 38, 25)(13, 65, 52, 39, 26),  ], [  (1, 11, 8, 5, 2, 12, 9, 6, 3, 13, 10, 7, 
4)(14, 24, 21, 18, 15, 25, 22, 19, 16, 26, 23, 20, 17)(27, 37, 34, 31, 28, 38, 35, 32, 29, 39, 36, 33, 30)(40, 50, 47, 44, 41, 51, 48, 45, 42,
52, 49, 46, 43)(53, 63, 60, 57, 54, 64, 61, 58, 55, 65, 62, 59, 56),  (1, 4, 7, 10, 13, 3, 6, 9, 12, 2, 5, 8, 11)(14, 17, 20, 23, 26, 16, 19, 
22, 25, 15, 18, 21, 24)(27, 30, 33, 36, 39, 29, 32, 35, 38, 28, 31, 34, 37)(40, 43, 46, 49, 52, 42, 45, 48, 51, 41, 44, 47, 50)(53, 56, 59, 
62, 65, 55, 58, 61, 64, 54, 57, 60, 63),  ], [  (1, 53, 40, 27, 14)(2, 54, 41, 28, 15)(3, 55, 42, 29, 16)(4, 56, 43, 30, 17)(5, 57, 44, 31, 
18)(6, 58, 45, 32, 19)(7, 59, 46, 33, 20)(8, 60, 47, 34, 21)(9, 61, 48, 35, 22)(10, 62, 49, 36, 23)(11, 63, 50, 37, 24)(12, 64, 51, 38, 
25)(13, 65, 52, 39, 26),  (1, 14, 27, 40, 53)(2, 15, 28, 41, 54)(3, 16, 29, 42, 55)(4, 17, 30, 43, 56)(5, 18, 31, 44, 57)(6, 19, 32, 45, 
58)(7, 20, 33, 46, 59)(8, 21, 34, 47, 60)(9, 22, 35, 48, 61)(10, 23, 36, 49, 62)(11, 24, 37, 50, 63)(12, 25, 38, 51, 64)(13, 26, 39, 52, 65), 
], [  (1, 4, 7, 10, 13, 3, 6, 9, 12, 2, 5, 8, 11)(14, 17, 20, 23, 26, 16, 19, 22, 25, 15, 18, 21, 24)(27, 30, 33, 36, 39, 29, 32, 35, 38, 28, 
31, 34, 37)(40, 43, 46, 49, 52, 42, 45, 48, 51, 41, 44, 47, 50)(53, 56, 59, 62, 65, 55, 58, 61, 64, 54, 57, 60, 63),  (1, 11, 8, 5, 2, 12, 9, 
6, 3, 13, 10, 7, 4)(14, 24, 21, 18, 15, 25, 22, 19, 16, 26, 23, 20, 17)(27, 37, 34, 31, 28, 38, 35, 32, 29, 39, 36, 33, 30)(40, 50, 47, 44, 
41, 51, 48, 45, 42, 52, 49, 46, 43)(53, 63, 60, 57, 54, 64, 61, 58, 55, 65, 62, 59, 56),  ], [  (1, 27, 53, 14, 40)(2, 28, 54, 15, 41)(3, 29, 
55, 16, 42)(4, 30, 56, 17, 43)(5, 31, 57, 18, 44)(6, 32, 58, 19, 45)(7, 33, 59, 20, 46)(8, 34, 60, 21, 47)(9, 35, 61, 22, 48)(10, 36, 62, 23, 
49)(11, 37, 63, 24, 50)(12, 38, 64, 25, 51)(13, 39, 65, 26, 52),  (1, 40, 14, 53, 27)(2, 41, 15, 54, 28)(3, 42, 16, 55, 29)(4, 43, 17, 56, 
30)(5, 44, 18, 57, 31)(6, 45, 19, 58, 32)(7, 46, 20, 59, 33)(8, 47, 21, 60, 34)(9, 48, 22, 61, 35)(10, 49, 23, 62, 36)(11, 50, 24, 63, 37)(12,
51, 25, 64, 38)(13, 52, 26, 65, 39),  ], [  (1, 24, 34, 44, 54, 12, 22, 32, 42, 65, 10, 20, 30, 40, 63, 8, 18, 28, 51, 61, 6, 16, 39, 49, 59, 
4, 14, 37, 47, 57, 2, 25, 35, 45, 55, 13, 23, 33, 43, 53, 11, 21, 31, 41, 64, 9, 19, 29, 52, 62, 7, 17, 27, 50, 60, 5, 15, 38, 48, 58, 3, 26, 
36, 46, 56),  (1, 56, 46, 36, 26, 3, 58, 48, 38, 15, 5, 60, 50, 27, 17, 7, 62, 52, 29, 19, 9, 64, 41, 31, 21, 11, 53, 43, 33, 23, 13, 55, 45, 
35, 25, 2, 57, 47, 37, 14, 4, 59, 49, 39, 16, 6, 61, 51, 28, 18, 8, 63, 40, 30, 20, 10, 65, 42, 32, 22, 12, 54, 44, 34, 24),  ], [  (1, 17, 
33, 49, 65, 3, 19, 35, 51, 54, 5, 21, 37, 40, 56, 7, 23, 39, 42, 58, 9, 25, 28, 44, 60, 11, 14, 30, 46, 62, 13, 16, 32, 48, 64, 2, 18, 34, 50,
53, 4, 20, 36, 52, 55, 6, 22, 38, 41, 57, 8, 24, 27, 43, 59, 10, 26, 29, 45, 61, 12, 15, 31, 47, 63),  (1, 63, 47, 31, 15, 12, 61, 45, 29, 26,
10, 59, 43, 27, 24, 8, 57, 41, 38, 22, 6, 55, 52, 36, 20, 4, 53, 50, 34, 18, 2, 64, 48, 32, 16, 13, 62, 46, 30, 14, 11, 60, 44, 28, 25, 9, 58,
42, 39, 23, 7, 56, 40, 37, 21, 5, 54, 51, 35, 19, 3, 65, 49, 33, 17),  ], [  (1, 8, 2, 9, 3, 10, 4, 11, 5, 12, 6, 13, 7)(14, 21, 15, 22, 16, 
23, 17, 24, 18, 25, 19, 26, 20)(27, 34, 28, 35, 29, 36, 30, 37, 31, 38, 32, 39, 33)(40, 47, 41, 48, 42, 49, 43, 50, 44, 51, 45, 52, 46)(53, 
60, 54, 61, 55, 62, 56, 63, 57, 64, 58, 65, 59),  (1, 7, 13, 6, 12, 5, 11, 4, 10, 3, 9, 2, 8)(14, 20, 26, 19, 25, 18, 24, 17, 23, 16, 22, 15, 
21)(27, 33, 39, 32, 38, 31, 37, 30, 36, 29, 35, 28, 34)(40, 46, 52, 45, 51, 44, 50, 43, 49, 42, 48, 41, 47)(53, 59, 65, 58, 64, 57, 63, 56, 
62, 55, 61, 54, 60),  ], [  (1, 63, 47, 31, 15, 12, 61, 45, 29, 26, 10, 59, 43, 27, 24, 8, 57, 41, 38, 22, 6, 55, 52, 36, 20, 4, 53, 50, 34, 
18, 2, 64, 48, 32, 16, 13, 62, 46, 30, 14, 11, 60, 44, 28, 25, 9, 58, 42, 39, 23, 7, 56, 40, 37, 21, 5, 54, 51, 35, 19, 3, 65, 49, 33, 17),  
(1, 17, 33, 49, 65, 3, 19, 35, 51, 54, 5, 21, 37, 40, 56, 7, 23, 39, 42, 58, 9, 25, 28, 44, 60, 11, 14, 30, 46, 62, 13, 16, 32, 48, 64, 2, 18,
34, 50, 53, 4, 20, 36, 52, 55, 6, 22, 38, 41, 57, 8, 24, 27, 43, 59, 10, 26, 29, 45, 61, 12, 15, 31, 47, 63),  ], [  (1, 40, 14, 53, 27)(2, 
41, 15, 54, 28)(3, 42, 16, 55, 29)(4, 43, 17, 56, 30)(5, 44, 18, 57, 31)(6, 45, 19, 58, 32)(7, 46, 20, 59, 33)(8, 47, 21, 60, 34)(9, 48, 22, 
61, 35)(10, 49, 23, 62, 36)(11, 50, 24, 63, 37)(12, 51, 25, 64, 38)(13, 52, 26, 65, 39),  (1, 27, 53, 14, 40)(2, 28, 54, 15, 41)(3, 29, 55, 
16, 42)(4, 30, 56, 17, 43)(5, 31, 57, 18, 44)(6, 32, 58, 19, 45)(7, 33, 59, 20, 46)(8, 34, 60, 21, 47)(9, 35, 61, 22, 48)(10, 36, 62, 23, 
49)(11, 37, 63, 24, 50)(12, 38, 64, 25, 51)(13, 39, 65, 26, 52),  ], [  (1, 56, 46, 36, 26, 3, 58, 48, 38, 15, 5, 60, 50, 27, 17, 7, 62, 52, 
29, 19, 9, 64, 41, 31, 21, 11, 53, 43, 33, 23, 13, 55, 45, 35, 25, 2, 57, 47, 37, 14, 4, 59, 49, 39, 16, 6, 61, 51, 28, 18, 8, 63, 40, 30, 20,
10, 65, 42, 32, 22, 12, 54, 44, 34, 24),  (1, 24, 34, 44, 54, 12, 22, 32, 42, 65, 10, 20, 30, 40, 63, 8, 18, 28, 51, 61, 6, 16, 39, 49, 59, 4,
14, 37, 47, 57, 2, 25, 35, 45, 55, 13, 23, 33, 43, 53, 11, 21, 31, 41, 64, 9, 19, 29, 52, 62, 7, 17, 27, 50, 60, 5, 15, 38, 48, 58, 3, 26, 36,
46, 56),  ], [  (1, 7, 13, 6, 12, 5, 11, 4, 10, 3, 9, 2, 8)(14, 20, 26, 19, 25, 18, 24, 17, 23, 16, 22, 15, 21)(27, 33, 39, 32, 38, 31, 37, 
30, 36, 29, 35, 28, 34)(40, 46, 52, 45, 51, 44, 50, 43, 49, 42, 48, 41, 47)(53, 59, 65, 58, 64, 57, 63, 56, 62, 55, 61, 54, 60),  (1, 8, 2, 9,
3, 10, 4, 11, 5, 12, 6, 13, 7)(14, 21, 15, 22, 16, 23, 17, 24, 18, 25, 19, 26, 20)(27, 34, 28, 35, 29, 36, 30, 37, 31, 38, 32, 39, 33)(40, 47,
41, 48, 42, 49, 43, 50, 44, 51, 45, 52, 46)(53, 60, 54, 61, 55, 62, 56, 63, 57, 64, 58, 65, 59),  ], [  (1, 37, 60, 18, 41, 12, 35, 58, 16, 
52, 10, 33, 56, 14, 50, 8, 31, 54, 25, 48, 6, 29, 65, 23, 46, 4, 27, 63, 21, 44, 2, 38, 61, 19, 42, 13, 36, 59, 17, 40, 11, 34, 57, 15, 51, 9,
32, 55, 26, 49, 7, 30, 53, 24, 47, 5, 28, 64, 22, 45, 3, 39, 62, 20, 43),  (1, 43, 20, 62, 39, 3, 45, 22, 64, 28, 5, 47, 24, 53, 30, 7, 49, 
26, 55, 32, 9, 51, 15, 57, 34, 11, 40, 17, 59, 36, 13, 42, 19, 61, 38, 2, 44, 21, 63, 27, 4, 46, 23, 65, 29, 6, 48, 25, 54, 31, 8, 50, 14, 56,
33, 10, 52, 16, 58, 35, 12, 41, 18, 60, 37),  ], [  (1, 30, 59, 23, 52, 3, 32, 61, 25, 41, 5, 34, 63, 14, 43, 7, 36, 65, 16, 45, 9, 38, 54, 
18, 47, 11, 27, 56, 20, 49, 13, 29, 58, 22, 51, 2, 31, 60, 24, 40, 4, 33, 62, 26, 42, 6, 35, 64, 15, 44, 8, 37, 53, 17, 46, 10, 39, 55, 19, 
48, 12, 28, 57, 21, 50),  (1, 50, 21, 57, 28, 12, 48, 19, 55, 39, 10, 46, 17, 53, 37, 8, 44, 15, 64, 35, 6, 42, 26, 62, 33, 4, 40, 24, 60, 31,
2, 51, 22, 58, 29, 13, 49, 20, 56, 27, 11, 47, 18, 54, 38, 9, 45, 16, 65, 36, 7, 43, 14, 63, 34, 5, 41, 25, 61, 32, 3, 52, 23, 59, 30),  ], [ 
(1, 21, 28, 48, 55, 10, 17, 37, 44, 64, 6, 26, 33, 40, 60, 2, 22, 29, 49, 56, 11, 18, 38, 45, 65, 7, 14, 34, 41, 61, 3, 23, 30, 50, 57, 12, 
19, 39, 46, 53, 8, 15, 35, 42, 62, 4, 24, 31, 51, 58, 13, 20, 27, 47, 54, 9, 16, 36, 43, 63, 5, 25, 32, 52, 59),  (1, 59, 52, 32, 25, 5, 63, 
43, 36, 16, 9, 54, 47, 27, 20, 13, 58, 51, 31, 24, 4, 62, 42, 35, 15, 8, 53, 46, 39, 19, 12, 57, 50, 30, 23, 3, 61, 41, 34, 14, 7, 65, 45, 38,
18, 11, 56, 49, 29, 22, 2, 60, 40, 33, 26, 6, 64, 44, 37, 17, 10, 55, 48, 28, 21),  ], [  (1, 20, 39, 45, 64, 5, 24, 30, 49, 55, 9, 15, 34, 
40, 59, 13, 19, 38, 44, 63, 4, 23, 29, 48, 54, 8, 14, 33, 52, 58, 12, 18, 37, 43, 62, 3, 22, 28, 47, 53, 7, 26, 32, 51, 57, 11, 17, 36, 42, 
61, 2, 21, 27, 46, 65, 6, 25, 31, 50, 56, 10, 16, 35, 41, 60),  (1, 60, 41, 35, 16, 10, 56, 50, 31, 25, 6, 65, 46, 27, 21, 2, 61, 42, 36, 17, 
11, 57, 51, 32, 26, 7, 53, 47, 28, 22, 3, 62, 43, 37, 18, 12, 58, 52, 33, 14, 8, 54, 48, 29, 23, 4, 63, 44, 38, 19, 13, 59, 40, 34, 15, 9, 55,
49, 30, 24, 5, 64, 45, 39, 20),  ], [  (1, 5, 9, 13, 4, 8, 12, 3, 7, 11, 2, 6, 10)(14, 18, 22, 26, 17, 21, 25, 16, 20, 24, 15, 19, 23)(27, 31,
35, 39, 30, 34, 38, 29, 33, 37, 28, 32, 36)(40, 44, 48, 52, 43, 47, 51, 42, 46, 50, 41, 45, 49)(53, 57, 61, 65, 56, 60, 64, 55, 59, 63, 54, 
58, 62),  (1, 10, 6, 2, 11, 7, 3, 12, 8, 4, 13, 9, 5)(14, 23, 19, 15, 24, 20, 16, 25, 21, 17, 26, 22, 18)(27, 36, 32, 28, 37, 33, 29, 38, 34, 
30, 39, 35, 31)(40, 49, 45, 41, 50, 46, 42, 51, 47, 43, 52, 48, 44)(53, 62, 58, 54, 63, 59, 55, 64, 60, 56, 65, 61, 57),  ], [  (1, 60, 41, 
35, 16, 10, 56, 50, 31, 25, 6, 65, 46, 27, 21, 2, 61, 42, 36, 17, 11, 57, 51, 32, 26, 7, 53, 47, 28, 22, 3, 62, 43, 37, 18, 12, 58, 52, 33, 
14, 8, 54, 48, 29, 23, 4, 63, 44, 38, 19, 13, 59, 40, 34, 15, 9, 55, 49, 30, 24, 5, 64, 45, 39, 20),  (1, 20, 39, 45, 64, 5, 24, 30, 49, 55, 
9, 15, 34, 40, 59, 13, 19, 38, 44, 63, 4, 23, 29, 48, 54, 8, 14, 33, 52, 58, 12, 18, 37, 43, 62, 3, 22, 28, 47, 53, 7, 26, 32, 51, 57, 11, 17,
36, 42, 61, 2, 21, 27, 46, 65, 6, 25, 31, 50, 56, 10, 16, 35, 41, 60),  ], [  (1, 50, 21, 57, 28, 12, 48, 19, 55, 39, 10, 46, 17, 53, 37, 8, 
44, 15, 64, 35, 6, 42, 26, 62, 33, 4, 40, 24, 60, 31, 2, 51, 22, 58, 29, 13, 49, 20, 56, 27, 11, 47, 18, 54, 38, 9, 45, 16, 65, 36, 7, 43, 14,
63, 34, 5, 41, 25, 61, 32, 3, 52, 23, 59, 30),  (1, 30, 59, 23, 52, 3, 32, 61, 25, 41, 5, 34, 63, 14, 43, 7, 36, 65, 16, 45, 9, 38, 54, 18, 
47, 11, 27, 56, 20, 49, 13, 29, 58, 22, 51, 2, 31, 60, 24, 40, 4, 33, 62, 26, 42, 6, 35, 64, 15, 44, 8, 37, 53, 17, 46, 10, 39, 55, 19, 48, 
12, 28, 57, 21, 50),  ], [  (1, 43, 20, 62, 39, 3, 45, 22, 64, 28, 5, 47, 24, 53, 30, 7, 49, 26, 55, 32, 9, 51, 15, 57, 34, 11, 40, 17, 59, 
36, 13, 42, 19, 61, 38, 2, 44, 21, 63, 27, 4, 46, 23, 65, 29, 6, 48, 25, 54, 31, 8, 50, 14, 56, 33, 10, 52, 16, 58, 35, 12, 41, 18, 60, 37),  
(1, 37, 60, 18, 41, 12, 35, 58, 16, 52, 10, 33, 56, 14, 50, 8, 31, 54, 25, 48, 6, 29, 65, 23, 46, 4, 27, 63, 21, 44, 2, 38, 61, 19, 42, 13, 
36, 59, 17, 40, 11, 34, 57, 15, 51, 9, 32, 55, 26, 49, 7, 30, 53, 24, 47, 5, 28, 64, 22, 45, 3, 39, 62, 20, 43),  ], [  (1, 59, 52, 32, 25, 5,
63, 43, 36, 16, 9, 54, 47, 27, 20, 13, 58, 51, 31, 24, 4, 62, 42, 35, 15, 8, 53, 46, 39, 19, 12, 57, 50, 30, 23, 3, 61, 41, 34, 14, 7, 65, 45,
38, 18, 11, 56, 49, 29, 22, 2, 60, 40, 33, 26, 6, 64, 44, 37, 17, 10, 55, 48, 28, 21),  (1, 21, 28, 48, 55, 10, 17, 37, 44, 64, 6, 26, 33, 40,
60, 2, 22, 29, 49, 56, 11, 18, 38, 45, 65, 7, 14, 34, 41, 61, 3, 23, 30, 50, 57, 12, 19, 39, 46, 53, 8, 15, 35, 42, 62, 4, 24, 31, 51, 58, 13,
20, 27, 47, 54, 9, 16, 36, 43, 63, 5, 25, 32, 52, 59),  ], [  (1, 10, 6, 2, 11, 7, 3, 12, 8, 4, 13, 9, 5)(14, 23, 19, 15, 24, 20, 16, 25, 21, 
17, 26, 22, 18)(27, 36, 32, 28, 37, 33, 29, 38, 34, 30, 39, 35, 31)(40, 49, 45, 41, 50, 46, 42, 51, 47, 43, 52, 48, 44)(53, 62, 58, 54, 63, 
59, 55, 64, 60, 56, 65, 61, 57),  (1, 5, 9, 13, 4, 8, 12, 3, 7, 11, 2, 6, 10)(14, 18, 22, 26, 17, 21, 25, 16, 20, 24, 15, 19, 23)(27, 31, 35, 
39, 30, 34, 38, 29, 33, 37, 28, 32, 36)(40, 44, 48, 52, 43, 47, 51, 42, 46, 50, 41, 45, 49)(53, 57, 61, 65, 56, 60, 64, 55, 59, 63, 54, 58, 
62),  ], [  (1, 34, 54, 22, 42, 10, 30, 63, 18, 51, 6, 39, 59, 14, 47, 2, 35, 55, 23, 43, 11, 31, 64, 19, 52, 7, 27, 60, 15, 48, 3, 36, 56, 
24, 44, 12, 32, 65, 20, 40, 8, 28, 61, 16, 49, 4, 37, 57, 25, 45, 13, 33, 53, 21, 41, 9, 29, 62, 17, 50, 5, 38, 58, 26, 46),  (1, 46, 26, 58, 
38, 5, 50, 17, 62, 29, 9, 41, 21, 53, 33, 13, 45, 25, 57, 37, 4, 49, 16, 61, 28, 8, 40, 20, 65, 32, 12, 44, 24, 56, 36, 3, 48, 15, 60, 27, 7, 
52, 19, 64, 31, 11, 43, 23, 55, 35, 2, 47, 14, 59, 39, 6, 51, 18, 63, 30, 10, 42, 22, 54, 34),  ], [  (1, 33, 65, 19, 51, 5, 37, 56, 23, 42, 
9, 28, 60, 14, 46, 13, 32, 64, 18, 50, 4, 36, 55, 22, 41, 8, 27, 59, 26, 45, 12, 31, 63, 17, 49, 3, 35, 54, 21, 40, 7, 39, 58, 25, 44, 11, 30,
62, 16, 48, 2, 34, 53, 20, 52, 6, 38, 57, 24, 43, 10, 29, 61, 15, 47),  (1, 47, 15, 61, 29, 10, 43, 24, 57, 38, 6, 52, 20, 53, 34, 2, 48, 16, 
62, 30, 11, 44, 25, 58, 39, 7, 40, 21, 54, 35, 3, 49, 17, 63, 31, 12, 45, 26, 59, 27, 8, 41, 22, 55, 36, 4, 50, 18, 64, 32, 13, 46, 14, 60, 
28, 9, 42, 23, 56, 37, 5, 51, 19, 65, 33),  ], [  (1, 18, 35, 52, 56, 8, 25, 29, 46, 63, 2, 19, 36, 40, 57, 9, 26, 30, 47, 64, 3, 20, 37, 41, 
58, 10, 14, 31, 48, 65, 4, 21, 38, 42, 59, 11, 15, 32, 49, 53, 5, 22, 39, 43, 60, 12, 16, 33, 50, 54, 6, 23, 27, 44, 61, 13, 17, 34, 51, 55, 
7, 24, 28, 45, 62),  (1, 62, 45, 28, 24, 7, 55, 51, 34, 17, 13, 61, 44, 27, 23, 6, 54, 50, 33, 16, 12, 60, 43, 39, 22, 5, 53, 49, 32, 15, 11, 
59, 42, 38, 21, 4, 65, 48, 31, 14, 10, 58, 41, 37, 20, 3, 64, 47, 30, 26, 9, 57, 40, 36, 19, 2, 63, 46, 29, 25, 8, 56, 52, 35, 18),  ], [  (1,
23, 32, 41, 63, 7, 16, 38, 47, 56, 13, 22, 31, 40, 62, 6, 15, 37, 46, 55, 12, 21, 30, 52, 61, 5, 14, 36, 45, 54, 11, 20, 29, 51, 60, 4, 26, 
35, 44, 53, 10, 19, 28, 50, 59, 3, 25, 34, 43, 65, 9, 18, 27, 49, 58, 2, 24, 33, 42, 64, 8, 17, 39, 48, 57),  (1, 57, 48, 39, 17, 8, 64, 42, 
33, 24, 2, 58, 49, 27, 18, 9, 65, 43, 34, 25, 3, 59, 50, 28, 19, 10, 53, 44, 35, 26, 4, 60, 51, 29, 20, 11, 54, 45, 36, 14, 5, 61, 52, 30, 21,
12, 55, 46, 37, 15, 6, 62, 40, 31, 22, 13, 56, 47, 38, 16, 7, 63, 41, 32, 23),  ], [  (1, 2, 3, 4, 5, 6, 7, 8, 9, 10, 11, 12, 13)(14, 15, 16, 
17, 18, 19, 20, 21, 22, 23, 24, 25, 26)(27, 28, 29, 30, 31, 32, 33, 34, 35, 36, 37, 38, 39)(40, 41, 42, 43, 44, 45, 46, 47, 48, 49, 50, 51, 
52)(53, 54, 55, 56, 57, 58, 59, 60, 61, 62, 63, 64, 65),  (1, 13, 12, 11, 10, 9, 8, 7, 6, 5, 4, 3, 2)(14, 26, 25, 24, 23, 22, 21, 20, 19, 18, 
17, 16, 15)(27, 39, 38, 37, 36, 35, 34, 33, 32, 31, 30, 29, 28)(40, 52, 51, 50, 49, 48, 47, 46, 45, 44, 43, 42, 41)(53, 65, 64, 63, 62, 61, 
60, 59, 58, 57, 56, 55, 54),  ], [  (1, 57, 48, 39, 17, 8, 64, 42, 33, 24, 2, 58, 49, 27, 18, 9, 65, 43, 34, 25, 3, 59, 50, 28, 19, 10, 53, 
44, 35, 26, 4, 60, 51, 29, 20, 11, 54, 45, 36, 14, 5, 61, 52, 30, 21, 12, 55, 46, 37, 15, 6, 62, 40, 31, 22, 13, 56, 47, 38, 16, 7, 63, 41, 
32, 23),  (1, 23, 32, 41, 63, 7, 16, 38, 47, 56, 13, 22, 31, 40, 62, 6, 15, 37, 46, 55, 12, 21, 30, 52, 61, 5, 14, 36, 45, 54, 11, 20, 29, 51,
60, 4, 26, 35, 44, 53, 10, 19, 28, 50, 59, 3, 25, 34, 43, 65, 9, 18, 27, 49, 58, 2, 24, 33, 42, 64, 8, 17, 39, 48, 57),  ], [  (1, 47, 15, 61,
29, 10, 43, 24, 57, 38, 6, 52, 20, 53, 34, 2, 48, 16, 62, 30, 11, 44, 25, 58, 39, 7, 40, 21, 54, 35, 3, 49, 17, 63, 31, 12, 45, 26, 59, 27, 8,
41, 22, 55, 36, 4, 50, 18, 64, 32, 13, 46, 14, 60, 28, 9, 42, 23, 56, 37, 5, 51, 19, 65, 33),  (1, 33, 65, 19, 51, 5, 37, 56, 23, 42, 9, 28, 
60, 14, 46, 13, 32, 64, 18, 50, 4, 36, 55, 22, 41, 8, 27, 59, 26, 45, 12, 31, 63, 17, 49, 3, 35, 54, 21, 40, 7, 39, 58, 25, 44, 11, 30, 62, 
16, 48, 2, 34, 53, 20, 52, 6, 38, 57, 24, 43, 10, 29, 61, 15, 47),  ], [  (1, 46, 26, 58, 38, 5, 50, 17, 62, 29, 9, 41, 21, 53, 33, 13, 45, 
25, 57, 37, 4, 49, 16, 61, 28, 8, 40, 20, 65, 32, 12, 44, 24, 56, 36, 3, 48, 15, 60, 27, 7, 52, 19, 64, 31, 11, 43, 23, 55, 35, 2, 47, 14, 59,
39, 6, 51, 18, 63, 30, 10, 42, 22, 54, 34),  (1, 34, 54, 22, 42, 10, 30, 63, 18, 51, 6, 39, 59, 14, 47, 2, 35, 55, 23, 43, 11, 31, 64, 19, 52,
7, 27, 60, 15, 48, 3, 36, 56, 24, 44, 12, 32, 65, 20, 40, 8, 28, 61, 16, 49, 4, 37, 57, 25, 45, 13, 33, 53, 21, 41, 9, 29, 62, 17, 50, 5, 38, 
58, 26, 46),  ], [  (1, 62, 45, 28, 24, 7, 55, 51, 34, 17, 13, 61, 44, 27, 23, 6, 54, 50, 33, 16, 12, 60, 43, 39, 22, 5, 53, 49, 32, 15, 11, 
59, 42, 38, 21, 4, 65, 48, 31, 14, 10, 58, 41, 37, 20, 3, 64, 47, 30, 26, 9, 57, 40, 36, 19, 2, 63, 46, 29, 25, 8, 56, 52, 35, 18),  (1, 18, 
35, 52, 56, 8, 25, 29, 46, 63, 2, 19, 36, 40, 57, 9, 26, 30, 47, 64, 3, 20, 37, 41, 58, 10, 14, 31, 48, 65, 4, 21, 38, 42, 59, 11, 15, 32, 49,
53, 5, 22, 39, 43, 60, 12, 16, 33, 50, 54, 6, 23, 27, 44, 61, 13, 17, 34, 51, 55, 7, 24, 28, 45, 62),  ], [  (1, 13, 12, 11, 10, 9, 8, 7, 6, 
5, 4, 3, 2)(14, 26, 25, 24, 23, 22, 21, 20, 19, 18, 17, 16, 15)(27, 39, 38, 37, 36, 35, 34, 33, 32, 31, 30, 29, 28)(40, 52, 51, 50, 49, 48, 
47, 46, 45, 44, 43, 42, 41)(53, 65, 64, 63, 62, 61, 60, 59, 58, 57, 56, 55, 54),  (1, 2, 3, 4, 5, 6, 7, 8, 9, 10, 11, 12, 13)(14, 15, 16, 17, 
18, 19, 20, 21, 22, 23, 24, 25, 26)(27, 28, 29, 30, 31, 32, 33, 34, 35, 36, 37, 38, 39)(40, 41, 42, 43, 44, 45, 46, 47, 48, 49, 50, 51, 
52)(53, 54, 55, 56, 57, 58, 59, 60, 61, 62, 63, 64, 65),  ], [  (1, 31, 61, 26, 43, 8, 38, 55, 20, 50, 2, 32, 62, 14, 44, 9, 39, 56, 21, 51, 
3, 33, 63, 15, 45, 10, 27, 57, 22, 52, 4, 34, 64, 16, 46, 11, 28, 58, 23, 40, 5, 35, 65, 17, 47, 12, 29, 59, 24, 41, 6, 36, 53, 18, 48, 13, 
30, 60, 25, 42, 7, 37, 54, 19, 49),  (1, 49, 19, 54, 37, 7, 42, 25, 60, 30, 13, 48, 18, 53, 36, 6, 41, 24, 59, 29, 12, 47, 17, 65, 35, 5, 40, 
23, 58, 28, 11, 46, 16, 64, 34, 4, 52, 22, 57, 27, 10, 45, 15, 63, 33, 3, 51, 21, 56, 39, 9, 44, 14, 62, 32, 2, 50, 20, 55, 38, 8, 43, 26, 61,
31),  ], [  (1, 36, 58, 15, 50, 7, 29, 64, 21, 43, 13, 35, 57, 14, 49, 6, 28, 63, 20, 42, 12, 34, 56, 26, 48, 5, 27, 62, 19, 41, 11, 33, 55, 
25, 47, 4, 39, 61, 18, 40, 10, 32, 54, 24, 46, 3, 38, 60, 17, 52, 9, 31, 53, 23, 45, 2, 37, 59, 16, 51, 8, 30, 65, 22, 44),  (1, 44, 22, 65, 
30, 8, 51, 16, 59, 37, 2, 45, 23, 53, 31, 9, 52, 17, 60, 38, 3, 46, 24, 54, 32, 10, 40, 18, 61, 39, 4, 47, 25, 55, 33, 11, 41, 19, 62, 27, 5, 
48, 26, 56, 34, 12, 42, 20, 63, 28, 6, 49, 14, 57, 35, 13, 43, 21, 64, 29, 7, 50, 15, 58, 36),  ], [  (1, 15, 29, 43, 57, 6, 20, 34, 48, 62, 
11, 25, 39, 40, 54, 3, 17, 31, 45, 59, 8, 22, 36, 50, 64, 13, 14, 28, 42, 56, 5, 19, 33, 47, 61, 10, 24, 38, 52, 53, 2, 16, 30, 44, 58, 7, 21,
35, 49, 63, 12, 26, 27, 41, 55, 4, 18, 32, 46, 60, 9, 23, 37, 51, 65),  (1, 65, 51, 37, 23, 9, 60, 46, 32, 18, 4, 55, 41, 27, 26, 12, 63, 49, 
35, 21, 7, 58, 44, 30, 16, 2, 53, 52, 38, 24, 10, 61, 47, 33, 19, 5, 56, 42, 28, 14, 13, 64, 50, 36, 22, 8, 59, 45, 31, 17, 3, 54, 40, 39, 25,
11, 62, 48, 34, 20, 6, 57, 43, 29, 15),  ], [  (1, 26, 38, 50, 62, 9, 21, 33, 45, 57, 4, 16, 28, 40, 65, 12, 24, 36, 48, 60, 7, 19, 31, 43, 
55, 2, 14, 39, 51, 63, 10, 22, 34, 46, 58, 5, 17, 29, 41, 53, 13, 25, 37, 49, 61, 8, 20, 32, 44, 56, 3, 15, 27, 52, 64, 11, 23, 35, 47, 59, 6,
18, 30, 42, 54),  (1, 54, 42, 30, 18, 6, 59, 47, 35, 23, 11, 64, 52, 27, 15, 3, 56, 44, 32, 20, 8, 61, 49, 37, 25, 13, 53, 41, 29, 17, 5, 58, 
46, 34, 22, 10, 63, 51, 39, 14, 2, 55, 43, 31, 19, 7, 60, 48, 36, 24, 12, 65, 40, 28, 16, 4, 57, 45, 33, 21, 9, 62, 50, 38, 26),  ], [  (1, 
12, 10, 8, 6, 4, 2, 13, 11, 9, 7, 5, 3)(14, 25, 23, 21, 19, 17, 15, 26, 24, 22, 20, 18, 16)(27, 38, 36, 34, 32, 30, 28, 39, 37, 35, 33, 31, 
29)(40, 51, 49, 47, 45, 43, 41, 52, 50, 48, 46, 44, 42)(53, 64, 62, 60, 58, 56, 54, 65, 63, 61, 59, 57, 55),  (1, 3, 5, 7, 9, 11, 13, 2, 4, 6,
8, 10, 12)(14, 16, 18, 20, 22, 24, 26, 15, 17, 19, 21, 23, 25)(27, 29, 31, 33, 35, 37, 39, 28, 30, 32, 34, 36, 38)(40, 42, 44, 46, 48, 50, 52,
41, 43, 45, 47, 49, 51)(53, 55, 57, 59, 61, 63, 65, 54, 56, 58, 60, 62, 64),  ], [  (1, 54, 42, 30, 18, 6, 59, 47, 35, 23, 11, 64, 52, 27, 15,
3, 56, 44, 32, 20, 8, 61, 49, 37, 25, 13, 53, 41, 29, 17, 5, 58, 46, 34, 22, 10, 63, 51, 39, 14, 2, 55, 43, 31, 19, 7, 60, 48, 36, 24, 12, 65,
40, 28, 16, 4, 57, 45, 33, 21, 9, 62, 50, 38, 26),  (1, 26, 38, 50, 62, 9, 21, 33, 45, 57, 4, 16, 28, 40, 65, 12, 24, 36, 48, 60, 7, 19, 31, 
43, 55, 2, 14, 39, 51, 63, 10, 22, 34, 46, 58, 5, 17, 29, 41, 53, 13, 25, 37, 49, 61, 8, 20, 32, 44, 56, 3, 15, 27, 52, 64, 11, 23, 35, 47, 
59, 6, 18, 30, 42, 54),  ], [  (1, 44, 22, 65, 30, 8, 51, 16, 59, 37, 2, 45, 23, 53, 31, 9, 52, 17, 60, 38, 3, 46, 24, 54, 32, 10, 40, 18, 61,
39, 4, 47, 25, 55, 33, 11, 41, 19, 62, 27, 5, 48, 26, 56, 34, 12, 42, 20, 63, 28, 6, 49, 14, 57, 35, 13, 43, 21, 64, 29, 7, 50, 15, 58, 36),  
(1, 36, 58, 15, 50, 7, 29, 64, 21, 43, 13, 35, 57, 14, 49, 6, 28, 63, 20, 42, 12, 34, 56, 26, 48, 5, 27, 62, 19, 41, 11, 33, 55, 25, 47, 4, 
39, 61, 18, 40, 10, 32, 54, 24, 46, 3, 38, 60, 17, 52, 9, 31, 53, 23, 45, 2, 37, 59, 16, 51, 8, 30, 65, 22, 44),  ], [  (1, 49, 19, 54, 37, 7,
42, 25, 60, 30, 13, 48, 18, 53, 36, 6, 41, 24, 59, 29, 12, 47, 17, 65, 35, 5, 40, 23, 58, 28, 11, 46, 16, 64, 34, 4, 52, 22, 57, 27, 10, 45, 
15, 63, 33, 3, 51, 21, 56, 39, 9, 44, 14, 62, 32, 2, 50, 20, 55, 38, 8, 43, 26, 61, 31),  (1, 31, 61, 26, 43, 8, 38, 55, 20, 50, 2, 32, 62, 
14, 44, 9, 39, 56, 21, 51, 3, 33, 63, 15, 45, 10, 27, 57, 22, 52, 4, 34, 64, 16, 46, 11, 28, 58, 23, 40, 5, 35, 65, 17, 47, 12, 29, 59, 24, 
41, 6, 36, 53, 18, 48, 13, 30, 60, 25, 42, 7, 37, 54, 19, 49),  ], [  (1, 65, 51, 37, 23, 9, 60, 46, 32, 18, 4, 55, 41, 27, 26, 12, 63, 49, 
35, 21, 7, 58, 44, 30, 16, 2, 53, 52, 38, 24, 10, 61, 47, 33, 19, 5, 56, 42, 28, 14, 13, 64, 50, 36, 22, 8, 59, 45, 31, 17, 3, 54, 40, 39, 25,
11, 62, 48, 34, 20, 6, 57, 43, 29, 15),  (1, 15, 29, 43, 57, 6, 20, 34, 48, 62, 11, 25, 39, 40, 54, 3, 17, 31, 45, 59, 8, 22, 36, 50, 64, 13, 
14, 28, 42, 56, 5, 19, 33, 47, 61, 10, 24, 38, 52, 53, 2, 16, 30, 44, 58, 7, 21, 35, 49, 63, 12, 26, 27, 41, 55, 4, 18, 32, 46, 60, 9, 23, 37,
51, 65),  ], [  (1, 3, 5, 7, 9, 11, 13, 2, 4, 6, 8, 10, 12)(14, 16, 18, 20, 22, 24, 26, 15, 17, 19, 21, 23, 25)(27, 29, 31, 33, 35, 37, 39, 
28, 30, 32, 34, 36, 38)(40, 42, 44, 46, 48, 50, 52, 41, 43, 45, 47, 49, 51)(53, 55, 57, 59, 61, 63, 65, 54, 56, 58, 60, 62, 64),  (1, 12, 10, 
8, 6, 4, 2, 13, 11, 9, 7, 5, 3)(14, 25, 23, 21, 19, 17, 15, 26, 24, 22, 20, 18, 16)(27, 38, 36, 34, 32, 30, 28, 39, 37, 35, 33, 31, 29)(40, 
51, 49, 47, 45, 43, 41, 52, 50, 48, 46, 44, 42)(53, 64, 62, 60, 58, 56, 54, 65, 63, 61, 59, 57, 55),  ], [  (1, 28, 55, 17, 44, 6, 33, 60, 22,
49, 11, 38, 65, 14, 41, 3, 30, 57, 19, 46, 8, 35, 62, 24, 51, 13, 27, 54, 16, 43, 5, 32, 59, 21, 48, 10, 37, 64, 26, 40, 2, 29, 56, 18, 45, 7,
34, 61, 23, 50, 12, 39, 53, 15, 42, 4, 31, 58, 20, 47, 9, 36, 63, 25, 52),  (1, 52, 25, 63, 36, 9, 47, 20, 58, 31, 4, 42, 15, 53, 39, 12, 50, 
23, 61, 34, 7, 45, 18, 56, 29, 2, 40, 26, 64, 37, 10, 48, 21, 59, 32, 5, 43, 16, 54, 27, 13, 51, 24, 62, 35, 8, 46, 19, 57, 30, 3, 41, 14, 65,
38, 11, 49, 22, 60, 33, 6, 44, 17, 55, 28),  ], [  (1, 39, 64, 24, 49, 9, 34, 59, 19, 44, 4, 29, 54, 14, 52, 12, 37, 62, 22, 47, 7, 32, 57, 
17, 42, 2, 27, 65, 25, 50, 10, 35, 60, 20, 45, 5, 30, 55, 15, 40, 13, 38, 63, 23, 48, 8, 33, 58, 18, 43, 3, 28, 53, 26, 51, 11, 36, 61, 21, 
46, 6, 31, 56, 16, 41),  (1, 41, 16, 56, 31, 6, 46, 21, 61, 36, 11, 51, 26, 53, 28, 3, 43, 18, 58, 33, 8, 48, 23, 63, 38, 13, 40, 15, 55, 30, 
5, 45, 20, 60, 35, 10, 50, 25, 65, 27, 2, 42, 17, 57, 32, 7, 47, 22, 62, 37, 12, 52, 14, 54, 29, 4, 44, 19, 59, 34, 9, 49, 24, 64, 39),  ], [ 
(1, 25, 36, 47, 58, 4, 15, 39, 50, 61, 7, 18, 29, 40, 64, 10, 21, 32, 43, 54, 13, 24, 35, 46, 57, 3, 14, 38, 49, 60, 6, 17, 28, 52, 63, 9, 20,
31, 42, 53, 12, 23, 34, 45, 56, 2, 26, 37, 48, 59, 5, 16, 27, 51, 62, 8, 19, 30, 41, 65, 11, 22, 33, 44, 55),  (1, 55, 44, 33, 22, 11, 65, 41,
30, 19, 8, 62, 51, 27, 16, 5, 59, 48, 37, 26, 2, 56, 45, 34, 23, 12, 53, 42, 31, 20, 9, 63, 52, 28, 17, 6, 60, 49, 38, 14, 3, 57, 46, 35, 24, 
13, 54, 43, 32, 21, 10, 64, 40, 29, 18, 7, 61, 50, 39, 15, 4, 58, 47, 36, 25),  ], [  (1, 16, 31, 46, 61, 11, 26, 28, 43, 58, 8, 23, 38, 40, 
55, 5, 20, 35, 50, 65, 2, 17, 32, 47, 62, 12, 14, 29, 44, 59, 9, 24, 39, 41, 56, 6, 21, 36, 51, 53, 3, 18, 33, 48, 63, 13, 15, 30, 45, 60, 10,
25, 27, 42, 57, 7, 22, 37, 52, 54, 4, 19, 34, 49, 64),  (1, 64, 49, 34, 19, 4, 54, 52, 37, 22, 7, 57, 42, 27, 25, 10, 60, 45, 30, 15, 13, 63, 
48, 33, 18, 3, 53, 51, 36, 21, 6, 56, 41, 39, 24, 9, 59, 44, 29, 14, 12, 62, 47, 32, 17, 2, 65, 50, 35, 20, 5, 55, 40, 38, 23, 8, 58, 43, 28, 
26, 11, 61, 46, 31, 16),  ], [  (1, 9, 4, 12, 7, 2, 10, 5, 13, 8, 3, 11, 6)(14, 22, 17, 25, 20, 15, 23, 18, 26, 21, 16, 24, 19)(27, 35, 30, 
38, 33, 28, 36, 31, 39, 34, 29, 37, 32)(40, 48, 43, 51, 46, 41, 49, 44, 52, 47, 42, 50, 45)(53, 61, 56, 64, 59, 54, 62, 57, 65, 60, 55, 63, 
58),  (1, 6, 11, 3, 8, 13, 5, 10, 2, 7, 12, 4, 9)(14, 19, 24, 16, 21, 26, 18, 23, 15, 20, 25, 17, 22)(27, 32, 37, 29, 34, 39, 31, 36, 28, 33, 
38, 30, 35)(40, 45, 50, 42, 47, 52, 44, 49, 41, 46, 51, 43, 48)(53, 58, 63, 55, 60, 65, 57, 62, 54, 59, 64, 56, 61),  ], [  (1, 64, 49, 34, 
19, 4, 54, 52, 37, 22, 7, 57, 42, 27, 25, 10, 60, 45, 30, 15, 13, 63, 48, 33, 18, 3, 53, 51, 36, 21, 6, 56, 41, 39, 24, 9, 59, 44, 29, 14, 12,
62, 47, 32, 17, 2, 65, 50, 35, 20, 5, 55, 40, 38, 23, 8, 58, 43, 28, 26, 11, 61, 46, 31, 16),  (1, 16, 31, 46, 61, 11, 26, 28, 43, 58, 8, 23, 
38, 40, 55, 5, 20, 35, 50, 65, 2, 17, 32, 47, 62, 12, 14, 29, 44, 59, 9, 24, 39, 41, 56, 6, 21, 36, 51, 53, 3, 18, 33, 48, 63, 13, 15, 30, 45,
60, 10, 25, 27, 42, 57, 7, 22, 37, 52, 54, 4, 19, 34, 49, 64),  ], [  (1, 41, 16, 56, 31, 6, 46, 21, 61, 36, 11, 51, 26, 53, 28, 3, 43, 18, 
58, 33, 8, 48, 23, 63, 38, 13, 40, 15, 55, 30, 5, 45, 20, 60, 35, 10, 50, 25, 65, 27, 2, 42, 17, 57, 32, 7, 47, 22, 62, 37, 12, 52, 14, 54, 
29, 4, 44, 19, 59, 34, 9, 49, 24, 64, 39),  (1, 39, 64, 24, 49, 9, 34, 59, 19, 44, 4, 29, 54, 14, 52, 12, 37, 62, 22, 47, 7, 32, 57, 17, 42, 
2, 27, 65, 25, 50, 10, 35, 60, 20, 45, 5, 30, 55, 15, 40, 13, 38, 63, 23, 48, 8, 33, 58, 18, 43, 3, 28, 53, 26, 51, 11, 36, 61, 21, 46, 6, 31,
56, 16, 41),  ], [  (1, 52, 25, 63, 36, 9, 47, 20, 58, 31, 4, 42, 15, 53, 39, 12, 50, 23, 61, 34, 7, 45, 18, 56, 29, 2, 40, 26, 64, 37, 10, 
48, 21, 59, 32, 5, 43, 16, 54, 27, 13, 51, 24, 62, 35, 8, 46, 19, 57, 30, 3, 41, 14, 65, 38, 11, 49, 22, 60, 33, 6, 44, 17, 55, 28),  (1, 28, 
55, 17, 44, 6, 33, 60, 22, 49, 11, 38, 65, 14, 41, 3, 30, 57, 19, 46, 8, 35, 62, 24, 51, 13, 27, 54, 16, 43, 5, 32, 59, 21, 48, 10, 37, 64, 
26, 40, 2, 29, 56, 18, 45, 7, 34, 61, 23, 50, 12, 39, 53, 15, 42, 4, 31, 58, 20, 47, 9, 36, 63, 25, 52),  ], [  (1, 55, 44, 33, 22, 11, 65, 
41, 30, 19, 8, 62, 51, 27, 16, 5, 59, 48, 37, 26, 2, 56, 45, 34, 23, 12, 53, 42, 31, 20, 9, 63, 52, 28, 17, 6, 60, 49, 38, 14, 3, 57, 46, 35, 
24, 13, 54, 43, 32, 21, 10, 64, 40, 29, 18, 7, 61, 50, 39, 15, 4, 58, 47, 36, 25),  (1, 25, 36, 47, 58, 4, 15, 39, 50, 61, 7, 18, 29, 40, 64, 
10, 21, 32, 43, 54, 13, 24, 35, 46, 57, 3, 14, 38, 49, 60, 6, 17, 28, 52, 63, 9, 20, 31, 42, 53, 12, 23, 34, 45, 56, 2, 26, 37, 48, 59, 5, 16,
27, 51, 62, 8, 19, 30, 41, 65, 11, 22, 33, 44, 55),  ], [  (1, 6, 11, 3, 8, 13, 5, 10, 2, 7, 12, 4, 9)(14, 19, 24, 16, 21, 26, 18, 23, 15, 20,
25, 17, 22)(27, 32, 37, 29, 34, 39, 31, 36, 28, 33, 38, 30, 35)(40, 45, 50, 42, 47, 52, 44, 49, 41, 46, 51, 43, 48)(53, 58, 63, 55, 60, 65, 
57, 62, 54, 59, 64, 56, 61),  (1, 9, 4, 12, 7, 2, 10, 5, 13, 8, 3, 11, 6)(14, 22, 17, 25, 20, 15, 23, 18, 26, 21, 16, 24, 19)(27, 35, 30, 38, 
33, 28, 36, 31, 39, 34, 29, 37, 32)(40, 48, 43, 51, 46, 41, 49, 44, 52, 47, 42, 50, 45)(53, 61, 56, 64, 59, 54, 62, 57, 65, 60, 55, 63, 58),  
], [  (1, 38, 62, 21, 45, 4, 28, 65, 24, 48, 7, 31, 55, 14, 51, 10, 34, 58, 17, 41, 13, 37, 61, 20, 44, 3, 27, 64, 23, 47, 6, 30, 54, 26, 50, 
9, 33, 57, 16, 40, 12, 36, 60, 19, 43, 2, 39, 63, 22, 46, 5, 29, 53, 25, 49, 8, 32, 56, 15, 52, 11, 35, 59, 18, 42),  (1, 42, 18, 59, 35, 11, 
52, 15, 56, 32, 8, 49, 25, 53, 29, 5, 46, 22, 63, 39, 2, 43, 19, 60, 36, 12, 40, 16, 57, 33, 9, 50, 26, 54, 30, 6, 47, 23, 64, 27, 3, 44, 20, 
61, 37, 13, 41, 17, 58, 34, 10, 51, 14, 55, 31, 7, 48, 24, 65, 28, 4, 45, 21, 62, 38),  ], [  (1, 29, 57, 20, 48, 11, 39, 54, 17, 45, 8, 36, 
64, 14, 42, 5, 33, 61, 24, 52, 2, 30, 58, 21, 49, 12, 27, 55, 18, 46, 9, 37, 65, 15, 43, 6, 34, 62, 25, 40, 3, 31, 59, 22, 50, 13, 28, 56, 19,
47, 10, 38, 53, 16, 44, 7, 35, 63, 26, 41, 4, 32, 60, 23, 51),  (1, 51, 23, 60, 32, 4, 41, 26, 63, 35, 7, 44, 16, 53, 38, 10, 47, 19, 56, 28, 
13, 50, 22, 59, 31, 3, 40, 25, 62, 34, 6, 43, 15, 65, 37, 9, 46, 18, 55, 27, 12, 49, 21, 58, 30, 2, 52, 24, 61, 33, 5, 42, 14, 64, 36, 8, 45, 
17, 54, 39, 11, 48, 20, 57, 29),  ], [  (1, 22, 30, 51, 59, 2, 23, 31, 52, 60, 3, 24, 32, 40, 61, 4, 25, 33, 41, 62, 5, 26, 34, 42, 63, 6, 14,
35, 43, 64, 7, 15, 36, 44, 65, 8, 16, 37, 45, 53, 9, 17, 38, 46, 54, 10, 18, 39, 47, 55, 11, 19, 27, 48, 56, 12, 20, 28, 49, 57, 13, 21, 29, 
50, 58),  (1, 58, 50, 29, 21, 13, 57, 49, 28, 20, 12, 56, 48, 27, 19, 11, 55, 47, 39, 18, 10, 54, 46, 38, 17, 9, 53, 45, 37, 16, 8, 65, 44, 
36, 15, 7, 64, 43, 35, 14, 6, 63, 42, 34, 26, 5, 62, 41, 33, 25, 4, 61, 40, 32, 24, 3, 60, 52, 31, 23, 2, 59, 51, 30, 22),  ], [  (1, 19, 37, 
42, 60, 13, 18, 36, 41, 59, 12, 17, 35, 40, 58, 11, 16, 34, 52, 57, 10, 15, 33, 51, 56, 9, 14, 32, 50, 55, 8, 26, 31, 49, 54, 7, 25, 30, 48, 
53, 6, 24, 29, 47, 65, 5, 23, 28, 46, 64, 4, 22, 27, 45, 63, 3, 21, 39, 44, 62, 2, 20, 38, 43, 61),  (1, 61, 43, 38, 20, 2, 62, 44, 39, 21, 3,
63, 45, 27, 22, 4, 64, 46, 28, 23, 5, 65, 47, 29, 24, 6, 53, 48, 30, 25, 7, 54, 49, 31, 26, 8, 55, 50, 32, 14, 9, 56, 51, 33, 15, 10, 57, 52, 
34, 16, 11, 58, 40, 35, 17, 12, 59, 41, 36, 18, 13, 60, 42, 37, 19),  ], [  (1, 61, 43, 38, 20, 2, 62, 44, 39, 21, 3, 63, 45, 27, 22, 4, 64, 
46, 28, 23, 5, 65, 47, 29, 24, 6, 53, 48, 30, 25, 7, 54, 49, 31, 26, 8, 55, 50, 32, 14, 9, 56, 51, 33, 15, 10, 57, 52, 34, 16, 11, 58, 40, 35,
17, 12, 59, 41, 36, 18, 13, 60, 42, 37, 19),  (1, 19, 37, 42, 60, 13, 18, 36, 41, 59, 12, 17, 35, 40, 58, 11, 16, 34, 52, 57, 10, 15, 33, 51, 
56, 9, 14, 32, 50, 55, 8, 26, 31, 49, 54, 7, 25, 30, 48, 53, 6, 24, 29, 47, 65, 5, 23, 28, 46, 64, 4, 22, 27, 45, 63, 3, 21, 39, 44, 62, 2, 
20, 38, 43, 61),  ], [  (1, 51, 23, 60, 32, 4, 41, 26, 63, 35, 7, 44, 16, 53, 38, 10, 47, 19, 56, 28, 13, 50, 22, 59, 31, 3, 40, 25, 62, 34, 
6, 43, 15, 65, 37, 9, 46, 18, 55, 27, 12, 49, 21, 58, 30, 2, 52, 24, 61, 33, 5, 42, 14, 64, 36, 8, 45, 17, 54, 39, 11, 48, 20, 57, 29),  (1, 
29, 57, 20, 48, 11, 39, 54, 17, 45, 8, 36, 64, 14, 42, 5, 33, 61, 24, 52, 2, 30, 58, 21, 49, 12, 27, 55, 18, 46, 9, 37, 65, 15, 43, 6, 34, 62,
25, 40, 3, 31, 59, 22, 50, 13, 28, 56, 19, 47, 10, 38, 53, 16, 44, 7, 35, 63, 26, 41, 4, 32, 60, 23, 51),  ], [  (1, 42, 18, 59, 35, 11, 52, 
15, 56, 32, 8, 49, 25, 53, 29, 5, 46, 22, 63, 39, 2, 43, 19, 60, 36, 12, 40, 16, 57, 33, 9, 50, 26, 54, 30, 6, 47, 23, 64, 27, 3, 44, 20, 61, 
37, 13, 41, 17, 58, 34, 10, 51, 14, 55, 31, 7, 48, 24, 65, 28, 4, 45, 21, 62, 38),  (1, 38, 62, 21, 45, 4, 28, 65, 24, 48, 7, 31, 55, 14, 51, 
10, 34, 58, 17, 41, 13, 37, 61, 20, 44, 3, 27, 64, 23, 47, 6, 30, 54, 26, 50, 9, 33, 57, 16, 40, 12, 36, 60, 19, 43, 2, 39, 63, 22, 46, 5, 29,
53, 25, 49, 8, 32, 56, 15, 52, 11, 35, 59, 18, 42),  ], [  (1, 58, 50, 29, 21, 13, 57, 49, 28, 20, 12, 56, 48, 27, 19, 11, 55, 47, 39, 18, 10,
54, 46, 38, 17, 9, 53, 45, 37, 16, 8, 65, 44, 36, 15, 7, 64, 43, 35, 14, 6, 63, 42, 34, 26, 5, 62, 41, 33, 25, 4, 61, 40, 32, 24, 3, 60, 52, 
31, 23, 2, 59, 51, 30, 22),  (1, 22, 30, 51, 59, 2, 23, 31, 52, 60, 3, 24, 32, 40, 61, 4, 25, 33, 41, 62, 5, 26, 34, 42, 63, 6, 14, 35, 43, 
64, 7, 15, 36, 44, 65, 8, 16, 37, 45, 53, 9, 17, 38, 46, 54, 10, 18, 39, 47, 55, 11, 19, 27, 48, 56, 12, 20, 28, 49, 57, 13, 21, 29, 50, 58), 
], [  (1, 35, 56, 25, 46, 2, 36, 57, 26, 47, 3, 37, 58, 14, 48, 4, 38, 59, 15, 49, 5, 39, 60, 16, 50, 6, 27, 61, 17, 51, 7, 28, 62, 18, 52, 8,
29, 63, 19, 40, 9, 30, 64, 20, 41, 10, 31, 65, 21, 42, 11, 32, 53, 22, 43, 12, 33, 54, 23, 44, 13, 34, 55, 24, 45),  (1, 45, 24, 55, 34, 13, 
44, 23, 54, 33, 12, 43, 22, 53, 32, 11, 42, 21, 65, 31, 10, 41, 20, 64, 30, 9, 40, 19, 63, 29, 8, 52, 18, 62, 28, 7, 51, 17, 61, 27, 6, 50, 
16, 60, 39, 5, 49, 15, 59, 38, 4, 48, 14, 58, 37, 3, 47, 26, 57, 36, 2, 46, 25, 56, 35),  ], [  (1, 32, 63, 16, 47, 13, 31, 62, 15, 46, 12, 
30, 61, 14, 45, 11, 29, 60, 26, 44, 10, 28, 59, 25, 43, 9, 27, 58, 24, 42, 8, 39, 57, 23, 41, 7, 38, 56, 22, 40, 6, 37, 55, 21, 52, 5, 36, 54,
20, 51, 4, 35, 53, 19, 50, 3, 34, 65, 18, 49, 2, 33, 64, 17, 48),  (1, 48, 17, 64, 33, 2, 49, 18, 65, 34, 3, 50, 19, 53, 35, 4, 51, 20, 54, 
36, 5, 52, 21, 55, 37, 6, 40, 22, 56, 38, 7, 41, 23, 57, 39, 8, 42, 24, 58, 27, 9, 43, 25, 59, 28, 10, 44, 26, 60, 29, 11, 45, 14, 61, 30, 12,
46, 15, 62, 31, 13, 47, 16, 63, 32),  ], [  (1, 48, 17, 64, 33, 2, 49, 18, 65, 34, 3, 50, 19, 53, 35, 4, 51, 20, 54, 36, 5, 52, 21, 55, 37, 6,
40, 22, 56, 38, 7, 41, 23, 57, 39, 8, 42, 24, 58, 27, 9, 43, 25, 59, 28, 10, 44, 26, 60, 29, 11, 45, 14, 61, 30, 12, 46, 15, 62, 31, 13, 47, 
16, 63, 32),  (1, 32, 63, 16, 47, 13, 31, 62, 15, 46, 12, 30, 61, 14, 45, 11, 29, 60, 26, 44, 10, 28, 59, 25, 43, 9, 27, 58, 24, 42, 8, 39, 
57, 23, 41, 7, 38, 56, 22, 40, 6, 37, 55, 21, 52, 5, 36, 54, 20, 51, 4, 35, 53, 19, 50, 3, 34, 65, 18, 49, 2, 33, 64, 17, 48),  ], [  (1, 45, 
24, 55, 34, 13, 44, 23, 54, 33, 12, 43, 22, 53, 32, 11, 42, 21, 65, 31, 10, 41, 20, 64, 30, 9, 40, 19, 63, 29, 8, 52, 18, 62, 28, 7, 51, 17, 
61, 27, 6, 50, 16, 60, 39, 5, 49, 15, 59, 38, 4, 48, 14, 58, 37, 3, 47, 26, 57, 36, 2, 46, 25, 56, 35),  (1, 35, 56, 25, 46, 2, 36, 57, 26, 
47, 3, 37, 58, 14, 48, 4, 38, 59, 15, 49, 5, 39, 60, 16, 50, 6, 27, 61, 17, 51, 7, 28, 62, 18, 52, 8, 29, 63, 19, 40, 9, 30, 64, 20, 41, 10, 
31, 65, 21, 42, 11, 32, 53, 22, 43, 12, 33, 54, 23, 44, 13, 34, 55, 24, 45),  ], ]
);


