BRACES[44] := [ rec(
      gadd := [ ( 1,27,10,36,17,43, 4,30,11,37,20,24, 5,31,14,40,21,25, 8,34,15,41, 2,28, 9,35,18,44, 3,29,12,38,19,23, 6,32,13,39,22,26, 7,33,16,42) ],
      gmul := [ ( 1,28, 9,36,17,44, 3,30,11,38,19,24, 5,32,13,40,21,26, 7,34,15,42)( 2,27,10,35,18,43, 4,29,12,37,20,23, 6,31,14,39,22,25, 8,33,16,41), 
          ( 1,37, 7,43,13,27,19,33, 3,39, 9,23,15,29,21,35, 5,41,11,25,17,31)( 2,38, 8,44,14,28,20,34, 4,40,10,24,16,30,22,36, 6,42,12,26,18,32) ],
      p := ( 2,23,29,30,40,35,11, 5,21,28,15,27, 9, 4, 3)( 6,24,39,33,10,22,42,14,44,36,13,26,18,20,17)( 7,25, 8,43,34,16,41,12,19)(32,37),
      q := ( 2,23,39,35,13,44,34,10, 4,21,42,12, 5, 3)( 6,24,29,40,33,16,27,15,41,14,26, 8,25,18)( 7,43,36,11,19,17,20)( 9,22,28)(31,37,38,32) ), rec(
      gadd := [ ( 1,27,10,36,17,43, 4,30,11,37,20,24, 5,31,14,40,21,25, 8,34,15,41, 2,28, 9,35,18,44, 3,29,12,38,19,23, 6,32,13,39,22,26, 7,33,16,42) ],
      gmul := [ ( 1,16, 7,22,13, 6,19,12, 3,18, 9, 2,15, 8,21,14, 5,20,11, 4,17,10)(23,38,29,44,35,28,41,34,25,40,31,24,37,30,43,36,27,42,33,26,39,32), 
          ( 1,29)( 2,30)( 3,27)( 4,28)( 5,25)( 6,26)( 7,23)( 8,24)( 9,43)(10,44)(11,41)(12,42)(13,39)(14,40)(15,37)(16,38)(17,35)(18,36)(19,33)(20,34)(21,31)(22,32) ],
      p := ( 2,23,39,35,11, 5,21,42,14,26,18,20,17, 6,24,29,40,33,10,22,28,15,41,12,19, 7,43,36,13,44,34,16,27, 9, 4, 3)( 8,25)(31,37,38,32),
      q := ( 2,23,39,35,13,44,34,10, 4,21,42,12, 5, 3)( 6,24,29,40,33,16,27,15,41,14,26, 8,25,18)( 7,43,36,11,19,17,20)( 9,22,28)(31,37,38,32) ), rec(
      gadd := [ ( 1,27,10,36,17,43, 4,30,11,37,20,24, 5,31,14,40,21,25, 8,34,15,41, 2,28, 9,35,18,44, 3,29,12,38,19,23, 6,32,13,39,22,26, 7,33,16,42) ],
      gmul := [ ( 1, 6, 9,14,17,22, 3, 8,11,16,19, 2, 5,10,13,18,21, 4, 7,12,15,20)(23,28,31,36,39,44,25,30,33,38,41,24,27,32,35,40,43,26,29,34,37,42), 
          ( 1,29, 2,30)( 3,27, 4,28)( 5,25, 6,26)( 7,23, 8,24)( 9,43,10,44)(11,41,12,42)(13,39,14,40)(15,37,16,38)(17,35,18,36)(19,33,20,34)(21,31,22,32) ],
      p := ( 2,24,30,15,42,14,19, 7,44,35,11, 5,23,40,34,16,28,29,39,36,31,38,13,43,33,10,22,17, 6,21,41,12,25, 8,26,18,20,27, 9, 4, 3),
      q := ( 2,23,39,35,13,44,36,32,31,37,38,11,19,17,20,28,30, 9,22, 7,43,34,10, 4,21,42,12,26, 8,25,18, 6, 3)( 5,24,29,40,33,16,27,15,41,14) ), rec(
      gadd := [ ( 1,27,10,36,17,43, 4,30,11,37,20,24, 5,31,14,40,21,25, 8,34,15,41, 2,28, 9,35,18,44, 3,29,12,38,19,23, 6,32,13,39,22,26, 7,33,16,42) ],
      gmul := [ ( 1,27,10,36,17,43, 4,30,11,37,20,24, 5,31,14,40,21,25, 8,34,15,41, 2,28, 9,35,18,44, 3,29,12,38,19,23, 6,32,13,39,22,26, 7,33,16,42) ],
      p := ( 2,24,40,36,31,32,38,13,43,33,10,22,17, 6,21,41,12,25, 8,44,35,11, 5,23,30,15,28,29,39,34,16,42,14,19, 7,26,18,20,27, 9, 4, 3),
      q := ( 2,23,39,35,13,26, 8,25,18, 6, 3)( 4,21,28,40,33,16,27,15,41,14, 5,24,29,30, 9,22, 7,43,36,38,11,19,17,20,42,12,44,34,10)(31,37,32) ), rec(
      gadd := [ ( 1,27,10,36,17,43, 4,30,11,37,20,24, 5,31,14,40,21,25, 8,34,15,41, 2,28, 9,35,18,44, 3,29,12,38,19,23, 6,32,13,39,22,26, 7,33,16,42) ],
      gmul := [ ( 1,30)( 2,29)( 3,28)( 4,27)( 5,26)( 6,25)( 7,24)( 8,23)( 9,44)(10,43)(11,42)(12,41)(13,40)(14,39)(15,38)(16,37)(17,36)(18,35)(19,34)(20,33)(21,32)(22,31), 
          ( 1,43,19,39,15,35,11,31, 7,27, 3,23,21,41,17,37,13,33, 9,29, 5,25)( 2,44,20,40,16,36,12,32, 8,28, 4,24,22,42,18,38,14,34,10,30, 6,26) ],
      p := ( 2,23,29,40,35,11, 5,21,42,12,19, 7,25,18, 6,24,39,33,16,41,14,26, 8,43,36,13,44,34,10, 4, 3)( 9,22,28,15,27)(17,20)(32,37,38),
      q := ( 2,23,39,35,13,44,34,10, 4,21,42,12, 5, 3)( 6,24,29,40,33,16,27,15,41,14,26, 8,25,18)( 7,43,36,11,19,17,20)( 9,22,28)(31,37,38,32) ), rec(
      gadd := [ ( 1,24, 3,26, 5,28, 7,30, 9,32,11,23, 2,25, 4,27, 6,29, 8,31,10,33)(12,35,14,37,16,39,18,41,20,43,22,34,13,36,15,38,17,40,19,42,21,44), 
          ( 1,36, 5,40, 9,44, 2,37, 6,41,10,34, 3,38, 7,42,11,35, 4,39, 8,43)(12,25,16,29,20,33,13,26,17,30,21,23,14,27,18,31,22,24,15,28,19,32) ],
      gmul := [ ( 1,20, 6,14,11,19, 5,13,10,18, 4,12, 9,17, 3,22, 8,16, 2,21, 7,15)(23,42,28,36,33,41,27,35,32,40,26,34,31,39,25,44,30,38,24,43,29,37), 
          ( 1,34)( 2,35)( 3,36)( 4,37)( 5,38)( 6,39)( 7,40)( 8,41)( 9,42)(10,43)(11,44)(12,23)(13,24)(14,25)(15,26)(16,27)(17,28)(18,29)(19,30)(20,31)(21,32)(22,33) ],
      p := ( 2, 7,40,32,30,36, 4,12,11,17,28,10,39,25,33,27,16,29, 9,23,19,22,41,37,42,15,13, 8,18,44,26,38,20, 5, 6)( 3,34,43,31,14,35,21),
      q := ( 2, 6,11,18,35,14,44,31,21,10,40,25,24,33,30,43,26,41,42,20, 8,17,29, 4,12)( 3,34,36, 9,23,16,28)( 5, 7,39,32,27,19,13)(15,22,38) ), rec(
      gadd := [ ( 1,14, 5,18, 9,22, 2,15, 6,19,10,12, 3,16, 7,20,11,13, 4,17, 8,21)(23,36,27,40,31,44,24,37,28,41,32,34,25,38,29,42,33,35,26,39,30,43), 
          ( 1,44,10,42, 8,40, 6,38, 4,36, 2,34,11,43, 9,41, 7,39, 5,37, 3,35)(12,33,21,31,19,29,17,27,15,25,13,23,22,32,20,30,18,28,16,26,14,24) ],
      gmul := [ ( 1,27,20,35, 6,32,14,40,11,26,19,34, 5,31,13,39,10,25,18,44, 4,30,12,38, 9,24,17,43, 3,29,22,37, 8,23,16,42, 2,28,21,36, 7,33,15,41) ],
      p := ( 2,23,30,10,18,13,39,31,25, 3, 7,29,38, 4,12,17, 8,28,16,33, 9)( 5,34,14,11,40,26,19,35,36,21,44,37,43,15,24,27,41,20,22),
      q := ( 2,34,21,24,41,15,44,31,43,20,13,29,30, 3, 6, 7,39,37,25,10,17, 5,23,38, 9,11,28,19,33, 4,12,18,22, 8,40,42,26,16,35,32,36,14) ), rec(
      gadd := [ ( 1,22,10,20, 8,18, 6,16, 4,14, 2,12,11,21, 9,19, 7,17, 5,15, 3,13)(23,44,32,42,30,40,28,38,26,36,24,34,33,43,31,41,29,39,27,37,25,35), 
          ( 1,43, 8,39, 4,35,11,42, 7,38, 3,34,10,41, 6,37, 2,44, 9,40, 5,36)(12,32,19,28,15,24,22,31,18,27,14,23,21,30,17,26,13,33,20,29,16,25) ],
      gmul := [ ( 1, 5, 9, 2, 6,10, 3, 7,11, 4, 8)(12,16,20,13,17,21,14,18,22,15,19)(23,27,31,24,28,32,25,29,33,26,30)(34,38,42,35,39,43,36,40,44,37,41), 
          ( 1,23,12,34)( 2,33,13,44)( 3,32,14,43)( 4,31,15,42)( 5,30,16,41)( 6,29,17,40)( 7,28,18,39)( 8,27,19,38)( 9,26,20,37)(10,25,21,36)(11,24,22,35) ],
      p := ( 2,23,27,41,20,22, 5,34,14,11,40,31,32,25, 3, 7,28,16,24,30,10,18,13,39,26,19,35,36,21,44,37,43,15,33, 9)( 4,12,17, 8,29,38),
      q := ( 2,34,21,33, 4,12,18,22, 8,40,42,31,43,20,13,28,19,24,41,15,44,26,16,35,25,10,17, 5,23,38, 9,11,29,27,30, 3, 6, 7,39,37,32,36,14) ), rec(
      gadd := [ ( 1,29, 2,30, 3,31, 4,32, 5,33, 6,23, 7,24, 8,25, 9,26,10,27,11,28)(12,40,13,41,14,42,15,43,16,44,17,34,18,35,19,36,20,37,21,38,22,39), 
          ( 1,43, 8,39, 4,35,11,42, 7,38, 3,34,10,41, 6,37, 2,44, 9,40, 5,36)(12,32,19,28,15,24,22,31,18,27,14,23,21,30,17,26,13,33,20,29,16,25) ],
      gmul := [ ( 1,19)( 2,18)( 3,17)( 4,16)( 5,15)( 6,14)( 7,13)( 8,12)( 9,22)(10,21)(11,20)(23,41)(24,40)(25,39)(26,38)(27,37)(28,36)(29,35)(30,34)(31,44)(32,43)(33,42), 
          ( 1,39,11,38,10,37, 9,36, 8,35, 7,34, 6,44, 5,43, 4,42, 3,41, 2,40)(12,28,22,27,21,26,20,25,19,24,18,23,17,33,16,32,15,31,14,30,13,29) ],
      p := ( 2,12,11,39,25, 3, 7,23,24,19,44,31,30,27,38,32,14,28,10,40,20, 5, 6,17, 8,18,35,43,26,41,42,37,15,29,21,16,13,22,33, 9)( 4,34,36),
      q := ( 2,12)( 3, 6,17, 5, 7,23,24,19,35,36, 9,11,40,20, 8,18,44,31,30,27,41,37,15,29,21,16,13,22,33, 4,34,43,26,38,32,14,28)(10,39,25) ) ];
