## size 70
BRACES[70] := rec( total := -1, implemented := 4, size := 70, brace := [] );
BRACES[70].brace[1] := rec ( size := 70, perms :=
[ [ (), () ], 
  [ ( 8,13,11, 9,14,12,10), ( 1,31,23,16,10, 6, 3)( 2,39,30,22,15, 9, 5)
        ( 4,47,38,29,21,14, 8)( 7,54,46,37,28,20,13)(11,59,52,44,35,26,18)
        (12,60,53,45,36,27,19)(17,64,58,51,43,34,25)(24,67,63,57,50,42,33)
        (32,69,66,62,56,49,41)(40,70,68,65,61,55,48) ], 
  [ ( 8,11,14,10,13, 9,12), ( 1,23,10, 3,31,16, 6)( 2,30,15, 5,39,22, 9)
        ( 4,38,21, 8,47,29,14)( 7,46,28,13,54,37,20)(11,52,35,18,59,44,26)
        (12,53,36,19,60,45,27)(17,58,43,25,64,51,34)(24,63,50,33,67,57,42)
        (32,66,56,41,69,62,49)(40,68,61,48,70,65,55) ], 
  [ ( 8, 9,10,11,12,13,14), ( 1,16, 3,23, 6,31,10)( 2,22, 5,30, 9,39,15)
        ( 4,29, 8,38,14,47,21)( 7,37,13,46,20,54,28)(11,44,18,52,26,59,35)
        (12,45,19,53,27,60,36)(17,51,25,58,34,64,43)(24,57,33,63,42,67,50)
        (32,62,41,66,49,69,56)(40,65,48,68,55,70,61) ], 
  [ ( 8,14,13,12,11,10, 9), ( 1,10,31, 6,23, 3,16)( 2,15,39, 9,30, 5,22)
        ( 4,21,47,14,38, 8,29)( 7,28,54,20,46,13,37)(11,35,59,26,52,18,44)
        (12,36,60,27,53,19,45)(17,43,64,34,58,25,51)(24,50,67,42,63,33,57)
        (32,56,69,49,66,41,62)(40,61,70,55,68,48,65) ], 
  [ ( 8,12, 9,13,10,14,11), ( 1, 6,16,31, 3,10,23)( 2, 9,22,39, 5,15,30)
        ( 4,14,29,47, 8,21,38)( 7,20,37,54,13,28,46)(11,26,44,59,18,35,52)
        (12,27,45,60,19,36,53)(17,34,51,64,25,43,58)(24,42,57,67,33,50,63)
        (32,49,62,69,41,56,66)(40,55,65,70,48,61,68) ], 
  [ ( 8,10,12,14, 9,11,13), ( 1, 3, 6,10,16,23,31)( 2, 5, 9,15,22,30,39)
        ( 4, 8,14,21,29,38,47)( 7,13,20,28,37,46,54)(11,18,26,35,44,52,59)
        (12,19,27,36,45,53,60)(17,25,34,43,51,58,64)(24,33,42,50,57,63,67)
        (32,41,49,56,62,66,69)(40,48,55,61,65,68,70) ], 
  [ (3,4,5,6,7), ( 1,12, 7, 4, 2)( 3,19,13, 8, 5)( 6,27,20,14, 9)
        (10,36,28,21,15)(11,40,32,24,17)(16,45,37,29,22)(18,48,41,33,25)
        (23,53,46,38,30)(26,55,49,42,34)(31,60,54,47,39)(35,61,56,50,43)
        (44,65,62,57,51)(52,68,66,63,58)(59,70,69,67,64) ], 
  [ ( 3, 4, 5, 6, 7)( 8,13,11, 9,14,12,10), 
      ( 1,60,46,29,15, 6,19, 7,47,30,16,36,20, 8, 2,31,53,37,21, 9, 3,12,54,
         38,22,10,27,13, 4,39,23,45,28,14, 5)(11,70,66,57,43,26,48,32,67,58,
         44,61,49,33,17,59,68,62,50,34,18,40,69,63,51,35,55,41,24,64,52,65,56,
         42,25) ], 
  [ ( 3, 4, 5, 6, 7)( 8,11,14,10,13, 9,12), 
      ( 1,53,28, 8,39,16,27, 7,38,15, 3,60,37,14, 2,23,36,13,47,22, 6,12,46,
         21, 5,31,45,20, 4,30,10,19,54,29, 9)(11,68,56,33,64,44,55,32,63,43,
         18,70,62,42,17,52,61,41,67,51,26,40,66,50,25,59,65,49,24,58,35,48,69,
         57,34) ], 
  [ ( 3, 4, 5, 6, 7)( 8, 9,10,11,12,13,14), 
      ( 1,45,13,38, 9,31,36, 7,29, 5,23,27,54,21, 2,16,19,46,14,39,10,12,37,
          8,30, 6,60,28, 4,22, 3,53,20,47,15)(11,65,41,63,34,59,61,32,57,25,
         52,55,69,50,17,44,48,66,42,64,35,40,62,33,58,26,70,56,24,51,18,68,49,
         67,43) ], 
  [ ( 3, 4, 5, 6, 7)( 8,14,13,12,11,10, 9), 
      ( 1,36,54,14,30, 3,45, 7,21,39, 6,53,13,29, 2,10,60,20,38, 5,16,12,28,
         47, 9,23,19,37, 4,15,31,27,46, 8,22)(11,61,69,42,58,18,65,32,50,64,
         26,68,41,57,17,35,70,49,63,25,44,40,56,67,34,52,48,62,24,43,59,55,66,
         33,51) ], 
  [ ( 3, 4, 5, 6, 7)( 8,12, 9,13,10,14,11), 
      ( 1,27,37,47, 5,10,53, 7,14,22,31,19,28,38, 2, 6,45,54, 8,15,23,12,20,
         29,39, 3,36,46, 4, 9,16,60,13,21,30)(11,55,62,67,25,35,68,32,42,51,
         59,48,56,63,17,26,65,69,33,43,52,40,49,57,64,18,61,66,24,34,44,70,41,
         50,58) ], 
  [ ( 3, 4, 5, 6, 7)( 8,10,12,14, 9,11,13), 
      ( 1,19,20,21,22,23,60, 7, 8, 9,10,45,46,47, 2, 3,27,28,29,30,31,12,13,
         14,15,16,53,54, 4, 5, 6,36,37,38,39)(11,48,49,50,51,52,70,32,33,34,
         35,65,66,67,17,18,55,56,57,58,59,40,41,42,43,44,68,69,24,25,26,61,62,
         63,64) ], 
  [ (3,5,7,4,6), ( 1, 7, 2,12, 4)( 3,13, 5,19, 8)( 6,20, 9,27,14)
        (10,28,15,36,21)(11,32,17,40,24)(16,37,22,45,29)(18,41,25,48,33)
        (23,46,30,53,38)(26,49,34,55,42)(31,54,39,60,47)(35,56,43,61,50)
        (44,62,51,65,57)(52,66,58,68,63)(59,69,64,70,67) ], 
  [ ( 3, 5, 7, 4, 6)( 8,13,11, 9,14,12,10), 
      ( 1,54,30,45,21, 6,13, 2,60,38,16,28, 9,19, 4,31,46,22,36,14, 3, 7,39,
         53,29,10,20, 5,12,47,23,37,15,27, 8)(11,69,58,65,50,26,41,17,70,63,
         44,56,34,48,24,59,66,51,61,42,18,32,64,68,57,35,49,25,40,67,52,62,43,
         55,33) ], 
  [ ( 3, 5, 7, 4, 6)( 8,11,14,10,13, 9,12), 
      ( 1,46,15,19,47,16,20, 2,53,21, 3,54,22,27, 4,23,28, 5,60,29, 6, 7,30,
         36, 8,31,37, 9,12,38,10,13,39,45,14)(11,66,43,48,67,44,49,17,68,50,
         18,69,51,55,24,52,56,25,70,57,26,32,58,61,33,59,62,34,40,63,35,41,64,
         65,42) ], 
  [ ( 3, 5, 7, 4, 6)( 8, 9,10,11,12,13,14), 
      ( 1,37, 5,53,14,31,28, 2,45, 8,23,20,39,36, 4,16,13,30,27,47,10, 7,22,
         19,38, 6,54,15,12,29, 3,46, 9,60,21)(11,62,25,68,42,59,56,17,65,33,
         52,49,64,61,24,44,41,58,55,67,35,32,51,48,63,26,69,43,40,57,18,66,34,
         70,50) ], 
  [ ( 3, 5, 7, 4, 6)( 8,14,13,12,11,10, 9), 
      ( 1,28,39,27,38, 3,37, 2,36,47, 6,46, 5,45, 4,10,54, 9,53, 8,16, 7,15,
         60,14,23,13,22,12,21,31,20,30,19,29)(11,56,64,55,63,18,62,17,61,67,
         26,66,25,65,24,35,69,34,68,33,44,32,43,70,42,52,41,51,40,50,59,49,58,
         48,57) ], 
  [ ( 3, 5, 7, 4, 6)( 8,12, 9,13,10,14,11), 
      ( 1,20,22,60, 8,10,46, 2,27,29,31,13,15,53, 4, 6,37,39,19,21,23, 7, 9,
         45,47, 3,28,30,12,14,16,54, 5,36,38)(11,49,51,70,33,35,66,17,55,57,
         59,41,43,68,24,26,62,64,48,50,52,32,34,65,67,18,56,58,40,42,44,69,25,
         61,63) ], 
  [ ( 3, 5, 7, 4, 6)( 8,10,12,14, 9,11,13), 
      ( 1,13, 9,36,29,23,54, 2,19,14,10,37,30,60, 4, 3,20,15,45,38,31, 7, 5,
         27,21,16,46,39,12, 8, 6,28,22,53,47)(11,41,34,61,57,52,69,17,48,42,
         35,62,58,70,24,18,49,43,65,63,59,32,25,55,50,44,66,64,40,33,26,56,51,
         68,67) ], 
  [ (3,6,4,7,5), ( 1, 4,12, 2, 7)( 3, 8,19, 5,13)( 6,14,27, 9,20)
        (10,21,36,15,28)(11,24,40,17,32)(16,29,45,22,37)(18,33,48,25,41)
        (23,38,53,30,46)(26,42,55,34,49)(31,47,60,39,54)(35,50,61,43,56)
        (44,57,65,51,62)(52,63,68,58,66)(59,67,70,64,69) ], 
  [ ( 3, 6, 4, 7, 5)( 8,13,11, 9,14,12,10), 
      ( 1,47,53,22,28, 6, 8,12,39,46,16,21,27, 5, 7,31,38,45,15,20, 3, 4,60,
         30,37,10,14,19, 2,54,23,29,36, 9,13)(11,67,68,51,56,26,33,40,64,66,
         44,50,55,25,32,59,63,65,43,49,18,24,70,58,62,35,42,48,17,69,52,57,61,
         34,41) ], 
  [ ( 3, 6, 4, 7, 5)( 8,11,14,10,13, 9,12), 
      ( 1,38,36, 5,54,16,14,12,30,28, 3,47,45, 9, 7,23,21,19,39,37, 6, 4,53,
         15,13,31,29,27, 2,46,10, 8,60,22,20)(11,63,61,25,69,44,42,40,58,56,
         18,67,65,34,32,52,50,48,64,62,26,24,68,43,41,59,57,55,17,66,35,33,70,
         51,49) ], 
  [ ( 3, 6, 4, 7, 5)( 8, 9,10,11,12,13,14), 
      ( 1,29,19,30,20,31,21,12,22,13,23,14,60,15, 7,16, 8,53, 9,54,10, 4,45,
          5,46, 6,47,36, 2,37, 3,38,27,39,28)(11,57,48,58,49,59,50,40,51,41,
         52,42,70,43,32,44,33,68,34,69,35,24,65,25,66,26,67,61,17,62,18,63,55,
         64,56) ], 
  [ ( 3, 6, 4, 7, 5)( 8,14,13,12,11,10, 9), 
      ( 1,21,60, 9,46, 3,29,12,15,54, 6,38,19,22, 7,10,47,27,30,13,16, 4,36,
         39,20,23, 8,45, 2,28,31,14,53, 5,37)(11,50,70,34,66,18,57,40,43,69,
         26,63,48,51,32,35,67,55,58,41,44,24,61,64,49,52,33,65,17,56,59,42,68,
         25,62) ], 
  [ ( 3, 6, 4, 7, 5)( 8,12, 9,13,10,14,11), 
      ( 1,14,45,39,13,10,38,12, 9,37,31, 8,36,30, 7, 6,29,60, 5,28,23, 4,27,
         22,54, 3,21,53, 2,20,16,47,19,15,46)(11,42,65,64,41,35,63,40,34,62,
         59,33,61,58,32,26,57,70,25,56,52,24,55,51,69,18,50,68,17,49,44,67,48,
         43,66) ], 
  [ ( 3, 6, 4, 7, 5)( 8,10,12,14, 9,11,13), 
      ( 1, 8,27,15,37,23,47,12, 5,20,10,29,53,39, 7, 3,14,36,22,46,31, 4,19,
          9,28,16,38,60, 2,13, 6,21,45,30,54)(11,33,55,43,62,52,67,40,25,49,
         35,57,68,64,32,18,42,61,51,66,59,24,48,34,56,44,63,70,17,41,26,50,65,
         58,69) ], 
  [ (3,7,6,5,4), ( 1, 2, 4, 7,12)( 3, 5, 8,13,19)( 6, 9,14,20,27)
        (10,15,21,28,36)(11,17,24,32,40)(16,22,29,37,45)(18,25,33,41,48)
        (23,30,38,46,53)(26,34,42,49,55)(31,39,47,54,60)(35,43,50,56,61)
        (44,51,57,62,65)(52,58,63,66,68)(59,64,67,69,70) ], 
  [ ( 3, 7, 6, 5, 4)( 8,13,11, 9,14,12,10), 
      ( 1,39,38,37,36, 6, 5, 4,54,53,16,15,14,13,12,31,30,29,28,27, 3, 2,47,
         46,45,10, 9, 8, 7,60,23,22,21,20,19)(11,64,63,62,61,26,25,24,69,68,
         44,43,42,41,40,59,58,57,56,55,18,17,67,66,65,35,34,33,32,70,52,51,50,
         49,48) ], 
  [ ( 3, 7, 6, 5, 4)( 8,11,14,10,13, 9,12), 
      ( 1,30,21,13,60,16, 9, 4,46,36, 3,39,29,20,12,23,15, 8,54,45, 6, 2,38,
         28,19,31,22,14, 7,53,10, 5,47,37,27)(11,58,50,41,70,44,34,24,66,61,
         18,64,57,49,40,52,43,33,69,65,26,17,63,56,48,59,51,42,32,68,35,25,67,
         62,55) ], 
  [ ( 3, 7, 6, 5, 4)( 8, 9,10,11,12,13,14), 
      ( 1,22, 8,46,27,31,15, 4,37,19,23, 9,47,28,12,16, 5,38,20,60,10, 2,29,
         13,53, 6,39,21, 7,45, 3,30,14,54,36)(11,51,33,66,55,59,43,24,62,48,
         52,34,67,56,40,44,25,63,49,70,35,17,57,41,68,26,64,50,32,65,18,58,42,
         69,61) ], 
  [ ( 3, 7, 6, 5, 4)( 8,14,13,12,11,10, 9), 
      ( 1,15,47,20,53, 3,22, 4,28,60, 6,30, 8,37,12,10,39,14,46,19,16, 2,21,
         54,27,23, 5,29, 7,36,31, 9,38,13,45)(11,43,67,49,68,18,51,24,56,70,
         26,58,33,62,40,35,64,42,66,48,44,17,50,69,55,52,25,57,32,61,59,34,63,
         41,65) ], 
  [ ( 3, 7, 6, 5, 4)( 8,12, 9,13,10,14,11), 
      ( 1, 9,29,54,19,10,30, 4,20,45,31, 5,21,46,12, 6,22,47,13,36,23, 2,14,
         37,60, 3,15,38, 7,27,16,39, 8,28,53)(11,34,57,69,48,35,58,24,49,65,
         59,25,50,66,40,26,51,67,41,61,52,17,42,62,70,18,43,63,32,55,44,64,33,
         56,68) ], 
  [ ( 3, 7, 6, 5, 4)( 8,10,12,14, 9,11,13), 
      ( 1, 5,14,28,45,23,39, 4,13,27,10,22,38,54,12, 3, 9,21,37,53,31, 2, 8,
         20,36,16,30,47, 7,19, 6,15,29,46,60)(11,25,42,56,65,52,64,24,41,55,
         35,51,63,69,40,18,34,50,62,68,59,17,33,49,61,44,58,67,32,48,26,43,57,
         66,70) ], 
  [ (1,2), ( 1,11)( 2,40)( 3,59)( 4,32)( 5,70)( 6,52)( 7,24)( 8,69)( 9,68)
        (10,44)(12,17)(13,67)(14,66)(15,65)(16,35)(18,31)(19,64)(20,63)(21,62)
        (22,61)(23,26)(25,60)(27,58)(28,57)(29,56)(30,55)(33,54)(34,53)(36,51)
        (37,50)(38,49)(39,48)(41,47)(42,46)(43,45) ], 
  [ ( 1, 2)( 8,13,11, 9,14,12,10), ( 1,59)( 2,70)( 3,52)( 4,69)( 5,68)( 6,44)
        ( 7,67)( 8,66)( 9,65)(10,35)(11,31)(12,64)(13,63)(14,62)(15,61)(16,26)
        (17,60)(18,23)(19,58)(20,57)(21,56)(22,55)(24,54)(25,53)(27,51)(28,50)
        (29,49)(30,48)(32,47)(33,46)(34,45)(36,43)(37,42)(38,41)(39,40) ], 
  [ ( 1, 2)( 8,11,14,10,13, 9,12), ( 1,52)( 2,68)( 3,44)( 4,66)( 5,65)( 6,35)
        ( 7,63)( 8,62)( 9,61)(10,26)(11,23)(12,58)(13,57)(14,56)(15,55)(16,18)
        (17,53)(19,51)(20,50)(21,49)(22,48)(24,46)(25,45)(27,43)(28,42)(29,41)
        (30,40)(31,59)(32,38)(33,37)(34,36)(39,70)(47,69)(54,67)(60,64) ], 
  [ ( 1, 2)( 8, 9,10,11,12,13,14), ( 1,44)( 2,65)( 3,35)( 4,62)( 5,61)( 6,26)
        ( 7,57)( 8,56)( 9,55)(10,18)(11,16)(12,51)(13,50)(14,49)(15,48)(17,45)
        (19,43)(20,42)(21,41)(22,40)(23,59)(24,37)(25,36)(27,34)(28,33)(29,32)
        (30,70)(31,52)(38,69)(39,68)(46,67)(47,66)(53,64)(54,63)(58,60) ], 
  [ ( 1, 2)( 8,14,13,12,11,10, 9), ( 1,35)( 2,61)( 3,26)( 4,56)( 5,55)( 6,18)
        ( 7,50)( 8,49)( 9,48)(10,11)(12,43)(13,42)(14,41)(15,40)(16,59)(17,36)
        (19,34)(20,33)(21,32)(22,70)(23,52)(24,28)(25,27)(29,69)(30,68)(31,44)
        (37,67)(38,66)(39,65)(45,64)(46,63)(47,62)(51,60)(53,58)(54,57) ], 
  [ ( 1, 2)( 8,12, 9,13,10,14,11), ( 1,26)( 2,55)( 3,18)( 4,49)( 5,48)( 6,11)
        ( 7,42)( 8,41)( 9,40)(10,59)(12,34)(13,33)(14,32)(15,70)(16,52)(17,27)
        (19,25)(20,24)(21,69)(22,68)(23,44)(28,67)(29,66)(30,65)(31,35)(36,64)
        (37,63)(38,62)(39,61)(43,60)(45,58)(46,57)(47,56)(50,54)(51,53) ], 
  [ ( 1, 2)( 8,10,12,14, 9,11,13), ( 1,18)( 2,48)( 3,11)( 4,41)( 5,40)( 6,59)
        ( 7,33)( 8,32)( 9,70)(10,52)(12,25)(13,24)(14,69)(15,68)(16,44)(17,19)
        (20,67)(21,66)(22,65)(23,35)(26,31)(27,64)(28,63)(29,62)(30,61)(34,60)
        (36,58)(37,57)(38,56)(39,55)(42,54)(43,53)(45,51)(46,50)(47,49) ], 
  [ (1,2)(3,4,5,6,7), ( 1,40)( 2,32)( 3,70)( 4,24)( 5,69)( 6,68)( 7,17)( 8,67)
        ( 9,66)(10,65)(11,12)(13,64)(14,63)(15,62)(16,61)(18,60)(19,59)(20,58)
        (21,57)(22,56)(23,55)(25,54)(26,53)(27,52)(28,51)(29,50)(30,49)(31,48)
        (33,47)(34,46)(35,45)(36,44)(37,43)(38,42)(39,41) ], 
  [ ( 1, 2)( 3, 4, 5, 6, 7)( 8,13,11, 9,14,12,10), 
      ( 1,70)( 2,69)( 3,68)( 4,67)( 5,66)( 6,65)( 7,64)( 8,63)( 9,62)(10,61)
        (11,60)(12,59)(13,58)(14,57)(15,56)(16,55)(17,54)(18,53)(19,52)(20,51)
        (21,50)(22,49)(23,48)(24,47)(25,46)(26,45)(27,44)(28,43)(29,42)(30,41)
        (31,40)(32,39)(33,38)(34,37)(35,36) ], 
  [ ( 1, 2)( 3, 4, 5, 6, 7)( 8,11,14,10,13, 9,12), 
      ( 1,68)( 2,66)( 3,65)( 4,63)( 5,62)( 6,61)( 7,58)( 8,57)( 9,56)(10,55)
        (11,53)(12,52)(13,51)(14,50)(15,49)(16,48)(17,46)(18,45)(19,44)(20,43)
        (21,42)(22,41)(23,40)(24,38)(25,37)(26,36)(27,35)(28,34)(29,33)(30,32)
        (31,70)(39,69)(47,67)(54,64)(59,60) ], 
  [ ( 1, 2)( 3, 4, 5, 6, 7)( 8, 9,10,11,12,13,14), 
      ( 1,65)( 2,62)( 3,61)( 4,57)( 5,56)( 6,55)( 7,51)( 8,50)( 9,49)(10,48)
        (11,45)(12,44)(13,43)(14,42)(15,41)(16,40)(17,37)(18,36)(19,35)(20,34)
        (21,33)(22,32)(23,70)(24,29)(25,28)(26,27)(30,69)(31,68)(38,67)(39,66)
        (46,64)(47,63)(52,60)(53,59)(54,58) ], 
  [ ( 1, 2)( 3, 4, 5, 6, 7)( 8,14,13,12,11,10, 9), 
      ( 1,61)( 2,56)( 3,55)( 4,50)( 5,49)( 6,48)( 7,43)( 8,42)( 9,41)(10,40)
        (11,36)(12,35)(13,34)(14,33)(15,32)(16,70)(17,28)(18,27)(19,26)(20,25)
        (21,24)(22,69)(23,68)(29,67)(30,66)(31,65)(37,64)(38,63)(39,62)(44,60)
        (45,59)(46,58)(47,57)(51,54)(52,53) ], 
  [ ( 1, 2)( 3, 4, 5, 6, 7)( 8,12, 9,13,10,14,11), 
      ( 1,55)( 2,49)( 3,48)( 4,42)( 5,41)( 6,40)( 7,34)( 8,33)( 9,32)(10,70)
        (11,27)(12,26)(13,25)(14,24)(15,69)(16,68)(17,20)(18,19)(21,67)(22,66)
        (23,65)(28,64)(29,63)(30,62)(31,61)(35,60)(36,59)(37,58)(38,57)(39,56)
        (43,54)(44,53)(45,52)(46,51)(47,50) ], 
  [ ( 1, 2)( 3, 4, 5, 6, 7)( 8,10,12,14, 9,11,13), 
      ( 1,48)( 2,41)( 3,40)( 4,33)( 5,32)( 6,70)( 7,25)( 8,24)( 9,69)(10,68)
        (11,19)(12,18)(13,17)(14,67)(15,66)(16,65)(20,64)(21,63)(22,62)(23,61)
        (26,60)(27,59)(28,58)(29,57)(30,56)(31,55)(34,54)(35,53)(36,52)(37,51)
        (38,50)(39,49)(42,47)(43,46)(44,45) ], 
  [ (1,2)(3,5,7,4,6), ( 1,32)( 2,24)( 3,69)( 4,17)( 5,67)( 6,66)( 7,11)( 8,64)
        ( 9,63)(10,62)(12,40)(13,59)(14,58)(15,57)(16,56)(18,54)(19,70)(20,52)
        (21,51)(22,50)(23,49)(25,47)(26,46)(27,68)(28,44)(29,43)(30,42)(31,41)
        (33,39)(34,38)(35,37)(36,65)(45,61)(48,60)(53,55) ], 
  [ ( 1, 2)( 3, 5, 7, 4, 6)( 8,13,11, 9,14,12,10), 
      ( 1,69)( 2,67)( 3,66)( 4,64)( 5,63)( 6,62)( 7,59)( 8,58)( 9,57)(10,56)
        (11,54)(12,70)(13,52)(14,51)(15,50)(16,49)(17,47)(18,46)(19,68)(20,44)
        (21,43)(22,42)(23,41)(24,39)(25,38)(26,37)(27,65)(28,35)(29,34)(30,33)
        (31,32)(36,61)(40,60)(45,55)(48,53) ], 
  [ ( 1, 2)( 3, 5, 7, 4, 6)( 8,11,14,10,13, 9,12), 
      ( 1,66)( 2,63)( 3,62)( 4,58)( 5,57)( 6,56)( 7,52)( 8,51)( 9,50)(10,49)
        (11,46)(12,68)(13,44)(14,43)(15,42)(16,41)(17,38)(18,37)(19,65)(20,35)
        (21,34)(22,33)(23,32)(24,30)(25,29)(26,28)(27,61)(31,69)(36,55)(39,67)
        (40,53)(45,48)(47,64)(54,59)(60,70) ], 
  [ ( 1, 2)( 3, 5, 7, 4, 6)( 8, 9,10,11,12,13,14), 
      ( 1,62)( 2,57)( 3,56)( 4,51)( 5,50)( 6,49)( 7,44)( 8,43)( 9,42)(10,41)
        (11,37)(12,65)(13,35)(14,34)(15,33)(16,32)(17,29)(18,28)(19,61)(20,26)
        (21,25)(22,24)(23,69)(27,55)(30,67)(31,66)(36,48)(38,64)(39,63)(40,45)
        (46,59)(47,58)(52,54)(53,70)(60,68) ], 
  [ ( 1, 2)( 3, 5, 7, 4, 6)( 8,14,13,12,11,10, 9), 
      ( 1,56)( 2,50)( 3,49)( 4,43)( 5,42)( 6,41)( 7,35)( 8,34)( 9,33)(10,32)
        (11,28)(12,61)(13,26)(14,25)(15,24)(16,69)(17,21)(18,20)(19,55)(22,67)
        (23,66)(27,48)(29,64)(30,63)(31,62)(36,40)(37,59)(38,58)(39,57)(44,54)
        (45,70)(46,52)(47,51)(53,68)(60,65) ], 
  [ ( 1, 2)( 3, 5, 7, 4, 6)( 8,12, 9,13,10,14,11), 
      ( 1,49)( 2,42)( 3,41)( 4,34)( 5,33)( 6,32)( 7,26)( 8,25)( 9,24)(10,69)
        (11,20)(12,55)(13,18)(14,17)(15,67)(16,66)(19,48)(21,64)(22,63)(23,62)
        (27,40)(28,59)(29,58)(30,57)(31,56)(35,54)(36,70)(37,52)(38,51)(39,50)
        (43,47)(44,46)(45,68)(53,65)(60,61) ], 
  [ ( 1, 2)( 3, 5, 7, 4, 6)( 8,10,12,14, 9,11,13), 
      ( 1,41)( 2,33)( 3,32)( 4,25)( 5,24)( 6,69)( 7,18)( 8,17)( 9,67)(10,66)
        (11,13)(12,48)(14,64)(15,63)(16,62)(19,40)(20,59)(21,58)(22,57)(23,56)
        (26,54)(27,70)(28,52)(29,51)(30,50)(31,49)(34,47)(35,46)(36,68)(37,44)
        (38,43)(39,42)(45,65)(53,61)(55,60) ], 
  [ (1,2)(3,6,4,7,5), ( 1,24)( 2,17)( 3,67)( 4,11)( 5,64)( 6,63)( 7,40)( 8,59)
        ( 9,58)(10,57)(12,32)(13,70)(14,52)(15,51)(16,50)(18,47)(19,69)(20,68)
        (21,44)(22,43)(23,42)(25,39)(26,38)(27,66)(28,65)(29,35)(30,34)(31,33)
        (36,62)(37,61)(41,60)(45,56)(46,55)(48,54)(49,53) ], 
  [ ( 1, 2)( 3, 6, 4, 7, 5)( 8,13,11, 9,14,12,10), 
      ( 1,67)( 2,64)( 3,63)( 4,59)( 5,58)( 6,57)( 7,70)( 8,52)( 9,51)(10,50)
        (11,47)(12,69)(13,68)(14,44)(15,43)(16,42)(17,39)(18,38)(19,66)(20,65)
        (21,35)(22,34)(23,33)(24,31)(25,30)(26,29)(27,62)(28,61)(32,60)(36,56)
        (37,55)(40,54)(41,53)(45,49)(46,48) ], 
  [ ( 1, 2)( 3, 6, 4, 7, 5)( 8,11,14,10,13, 9,12), 
      ( 1,63)( 2,58)( 3,57)( 4,52)( 5,51)( 6,50)( 7,68)( 8,44)( 9,43)(10,42)
        (11,38)(12,66)(13,65)(14,35)(15,34)(16,33)(17,30)(18,29)(19,62)(20,61)
        (21,26)(22,25)(23,24)(27,56)(28,55)(31,67)(32,53)(36,49)(37,48)(39,64)
        (40,46)(41,45)(47,59)(54,70)(60,69) ], 
  [ ( 1, 2)( 3, 6, 4, 7, 5)( 8, 9,10,11,12,13,14), 
      ( 1,57)( 2,51)( 3,50)( 4,44)( 5,43)( 6,42)( 7,65)( 8,35)( 9,34)(10,33)
        (11,29)(12,62)(13,61)(14,26)(15,25)(16,24)(17,22)(18,21)(19,56)(20,55)
        (23,67)(27,49)(28,48)(30,64)(31,63)(32,45)(36,41)(37,40)(38,59)(39,58)
        (46,70)(47,52)(53,69)(54,68)(60,66) ], 
  [ ( 1, 2)( 3, 6, 4, 7, 5)( 8,14,13,12,11,10, 9), 
      ( 1,50)( 2,43)( 3,42)( 4,35)( 5,34)( 6,33)( 7,61)( 8,26)( 9,25)(10,24)
        (11,21)(12,56)(13,55)(14,18)(15,17)(16,67)(19,49)(20,48)(22,64)(23,63)
        (27,41)(28,40)(29,59)(30,58)(31,57)(32,36)(37,70)(38,52)(39,51)(44,47)
        (45,69)(46,68)(53,66)(54,65)(60,62) ], 
  [ ( 1, 2)( 3, 6, 4, 7, 5)( 8,12, 9,13,10,14,11), 
      ( 1,42)( 2,34)( 3,33)( 4,26)( 5,25)( 6,24)( 7,55)( 8,18)( 9,17)(10,67)
        (11,14)(12,49)(13,48)(15,64)(16,63)(19,41)(20,40)(21,59)(22,58)(23,57)
        (27,32)(28,70)(29,52)(30,51)(31,50)(35,47)(36,69)(37,68)(38,44)(39,43)
        (45,66)(46,65)(53,62)(54,61)(56,60) ], 
  [ ( 1, 2)( 3, 6, 4, 7, 5)( 8,10,12,14, 9,11,13), 
      ( 1,33)( 2,25)( 3,24)( 4,18)( 5,17)( 6,67)( 7,48)( 8,11)( 9,64)(10,63)
        (12,41)(13,40)(14,59)(15,58)(16,57)(19,32)(20,70)(21,52)(22,51)(23,50)
        (26,47)(27,69)(28,68)(29,44)(30,43)(31,42)(34,39)(35,38)(36,66)(37,65)
        (45,62)(46,61)(49,60)(53,56)(54,55) ], 
  [ (1,2)(3,7,6,5,4), ( 1,17)( 2,11)( 3,64)( 4,40)( 5,59)( 6,58)( 7,32)( 8,70)
        ( 9,52)(10,51)(12,24)(13,69)(14,68)(15,44)(16,43)(18,39)(19,67)(20,66)
        (21,65)(22,35)(23,34)(25,31)(26,30)(27,63)(28,62)(29,61)(33,60)(36,57)
        (37,56)(38,55)(41,54)(42,53)(45,50)(46,49)(47,48) ], 
  [ ( 1, 2)( 3, 7, 6, 5, 4)( 8,13,11, 9,14,12,10), 
      ( 1,64)( 2,59)( 3,58)( 4,70)( 5,52)( 6,51)( 7,69)( 8,68)( 9,44)(10,43)
        (11,39)(12,67)(13,66)(14,65)(15,35)(16,34)(17,31)(18,30)(19,63)(20,62)
        (21,61)(22,26)(23,25)(24,60)(27,57)(28,56)(29,55)(32,54)(33,53)(36,50)
        (37,49)(38,48)(40,47)(41,46)(42,45) ], 
  [ ( 1, 2)( 3, 7, 6, 5, 4)( 8,11,14,10,13, 9,12), 
      ( 1,58)( 2,52)( 3,51)( 4,68)( 5,44)( 6,43)( 7,66)( 8,65)( 9,35)(10,34)
        (11,30)(12,63)(13,62)(14,61)(15,26)(16,25)(17,23)(18,22)(19,57)(20,56)
        (21,55)(24,53)(27,50)(28,49)(29,48)(31,64)(32,46)(33,45)(36,42)(37,41)
        (38,40)(39,59)(47,70)(54,69)(60,67) ], 
  [ ( 1, 2)( 3, 7, 6, 5, 4)( 8, 9,10,11,12,13,14), 
      ( 1,51)( 2,44)( 3,43)( 4,65)( 5,35)( 6,34)( 7,62)( 8,61)( 9,26)(10,25)
        (11,22)(12,57)(13,56)(14,55)(15,18)(16,17)(19,50)(20,49)(21,48)(23,64)
        (24,45)(27,42)(28,41)(29,40)(30,59)(31,58)(32,37)(33,36)(38,70)(39,52)
        (46,69)(47,68)(53,67)(54,66)(60,63) ], 
  [ ( 1, 2)( 3, 7, 6, 5, 4)( 8,14,13,12,11,10, 9), 
      ( 1,43)( 2,35)( 3,34)( 4,61)( 5,26)( 6,25)( 7,56)( 8,55)( 9,18)(10,17)
        (11,15)(12,50)(13,49)(14,48)(16,64)(19,42)(20,41)(21,40)(22,59)(23,58)
        (24,36)(27,33)(28,32)(29,70)(30,52)(31,51)(37,69)(38,68)(39,44)(45,67)
        (46,66)(47,65)(53,63)(54,62)(57,60) ], 
  [ ( 1, 2)( 3, 7, 6, 5, 4)( 8,12, 9,13,10,14,11), 
      ( 1,34)( 2,26)( 3,25)( 4,55)( 5,18)( 6,17)( 7,49)( 8,48)( 9,11)(10,64)
        (12,42)(13,41)(14,40)(15,59)(16,58)(19,33)(20,32)(21,70)(22,52)(23,51)
        (24,27)(28,69)(29,68)(30,44)(31,43)(35,39)(36,67)(37,66)(38,65)(45,63)
        (46,62)(47,61)(50,60)(53,57)(54,56) ], 
  [ ( 1, 2)( 3, 7, 6, 5, 4)( 8,10,12,14, 9,11,13), 
      ( 1,25)( 2,18)( 3,17)( 4,48)( 5,11)( 6,64)( 7,41)( 8,40)( 9,59)(10,58)
        (12,33)(13,32)(14,70)(15,52)(16,51)(19,24)(20,69)(21,68)(22,44)(23,43)
        (26,39)(27,67)(28,66)(29,65)(30,35)(31,34)(36,63)(37,62)(38,61)(42,60)
        (45,57)(46,56)(47,55)(49,54)(50,53) ] ]
);

BRACES[70].brace[2] := rec ( size := 70, perms :=
[ [ (), () ], 
  [ ( 8,13,11, 9,14,12,10), ( 1,40,30,21,13, 7, 3)( 2,49,39,29,20,12, 6)
        ( 4,54,45,35,25,16, 9)( 5,57,48,38,28,19,11)( 8,61,53,44,34,24,15)
        (10,63,56,47,37,27,18)(14,66,60,52,43,33,23)(17,67,62,55,46,36,26)
        (22,69,65,59,51,42,32)(31,70,68,64,58,50,41) ], 
  [ ( 8,11,14,10,13, 9,12), ( 1,30,13, 3,40,21, 7)( 2,39,20, 6,49,29,12)
        ( 4,45,25, 9,54,35,16)( 5,48,28,11,57,38,19)( 8,53,34,15,61,44,24)
        (10,56,37,18,63,47,27)(14,60,43,23,66,52,33)(17,62,46,26,67,55,36)
        (22,65,51,32,69,59,42)(31,68,58,41,70,64,50) ], 
  [ ( 8, 9,10,11,12,13,14), ( 1,21, 3,30, 7,40,13)( 2,29, 6,39,12,49,20)
        ( 4,35, 9,45,16,54,25)( 5,38,11,48,19,57,28)( 8,44,15,53,24,61,34)
        (10,47,18,56,27,63,37)(14,52,23,60,33,66,43)(17,55,26,62,36,67,46)
        (22,59,32,65,42,69,51)(31,64,41,68,50,70,58) ], 
  [ ( 8,14,13,12,11,10, 9), ( 1,13,40, 7,30, 3,21)( 2,20,49,12,39, 6,29)
        ( 4,25,54,16,45, 9,35)( 5,28,57,19,48,11,38)( 8,34,61,24,53,15,44)
        (10,37,63,27,56,18,47)(14,43,66,33,60,23,52)(17,46,67,36,62,26,55)
        (22,51,69,42,65,32,59)(31,58,70,50,68,41,64) ], 
  [ ( 8,12, 9,13,10,14,11), ( 1, 7,21,40, 3,13,30)( 2,12,29,49, 6,20,39)
        ( 4,16,35,54, 9,25,45)( 5,19,38,57,11,28,48)( 8,24,44,61,15,34,53)
        (10,27,47,63,18,37,56)(14,33,52,66,23,43,60)(17,36,55,67,26,46,62)
        (22,42,59,69,32,51,65)(31,50,64,70,41,58,68) ], 
  [ ( 8,10,12,14, 9,11,13), ( 1, 3, 7,13,21,30,40)( 2, 6,12,20,29,39,49)
        ( 4, 9,16,25,35,45,54)( 5,11,19,28,38,48,57)( 8,15,24,34,44,53,61)
        (10,18,27,37,47,56,63)(14,23,33,43,52,60,66)(17,26,36,46,55,62,67)
        (22,32,42,51,59,65,69)(31,41,50,58,64,68,70) ], 
  [ (3,4,5,6,7), ( 1,17,10, 5, 2)( 3,26,18,11, 6)( 4,31,22,14, 8)
        ( 7,36,27,19,12)( 9,41,32,23,15)(13,46,37,28,20)(16,50,42,33,24)
        (21,55,47,38,29)(25,58,51,43,34)(30,62,56,48,39)(35,64,59,52,44)
        (40,67,63,57,49)(45,68,65,60,53)(54,70,69,66,61) ], 
  [ ( 3, 4, 5, 6, 7)( 8,13,11, 9,14,12,10), 
      ( 1,67,56,38,20, 7,26,10,57,39,21,46,27,11, 2,40,62,47,28,12, 3,17,63,
         48,29,13,36,18, 5,49,30,55,37,19, 6)( 4,70,65,52,34,16,41,22,66,53,
         35,58,42,23, 8,54,68,59,43,24, 9,31,69,60,44,25,50,32,14,61,45,64,51,
         33,15) ], 
  [ ( 3, 4, 5, 6, 7)( 8,11,14,10,13, 9,12), 
      ( 1,62,37,11,49,21,36,10,48,20, 3,67,47,19, 2,30,46,18,57,29, 7,17,56,
         28, 6,40,55,27, 5,39,13,26,63,38,12)( 4,68,51,23,61,35,50,22,60,34,
          9,70,59,33, 8,45,58,32,66,44,16,31,65,43,15,54,64,42,14,53,25,41,69,
         52,24) ], 
  [ ( 3, 4, 5, 6, 7)( 8, 9,10,11,12,13,14), 
      ( 1,55,18,48,12,40,46,10,38, 6,30,36,63,28, 2,21,26,56,19,49,13,17,47,
         11,39, 7,67,37, 5,29, 3,62,27,57,20)( 4,64,32,60,24,54,58,22,52,15,
         45,50,69,43, 8,35,41,65,33,61,25,31,59,23,53,16,70,51,14,44, 9,68,42,
         66,34) ], 
  [ ( 3, 4, 5, 6, 7)( 8,14,13,12,11,10, 9), 
      ( 1,46,63,19,39, 3,55,10,28,49, 7,62,18,38, 2,13,67,27,48, 6,21,17,37,
         57,12,30,26,47, 5,20,40,36,56,11,29)( 4,58,69,33,53, 9,64,22,43,61,
         16,68,32,52, 8,25,70,42,60,15,35,31,51,66,24,45,41,59,14,34,54,50,65,
         23,44) ], 
  [ ( 3, 4, 5, 6, 7)( 8,12, 9,13,10,14,11), 
      ( 1,36,47,57, 6,13,62,10,19,29,40,26,37,48, 2, 7,55,63,11,20,30,17,27,
         38,49, 3,46,56, 5,12,21,67,18,28,39)( 4,50,59,66,15,25,68,22,33,44,
         54,41,51,60, 8,16,64,69,23,34,45,31,42,52,61, 9,58,65,14,24,35,70,32,
         43,53) ], 
  [ ( 3, 4, 5, 6, 7)( 8,10,12,14, 9,11,13), 
      ( 1,26,27,28,29,30,67,10,11,12,13,55,56,57, 2, 3,36,37,38,39,40,17,18,
         19,20,21,62,63, 5, 6, 7,46,47,48,49)( 4,41,42,43,44,45,70,22,23,24,
         25,64,65,66, 8, 9,50,51,52,53,54,31,32,33,34,35,68,69,14,15,16,58,59,
         60,61) ], 
  [ (3,5,7,4,6), ( 1,10, 2,17, 5)( 3,18, 6,26,11)( 4,22, 8,31,14)
        ( 7,27,12,36,19)( 9,32,15,41,23)(13,37,20,46,28)(16,42,24,50,33)
        (21,47,29,55,38)(25,51,34,58,43)(30,56,39,62,48)(35,59,44,64,52)
        (40,63,49,67,57)(45,65,53,68,60)(54,69,61,70,66) ], 
  [ ( 3, 5, 7, 4, 6)( 8,13,11, 9,14,12,10), 
      ( 1,63,39,55,28, 7,18, 2,67,48,21,37,12,26, 5,40,56,29,46,19, 3,10,49,
         62,38,13,27, 6,17,57,30,47,20,36,11)( 4,69,53,64,43,16,32, 8,70,60,
         35,51,24,41,14,54,65,44,58,33, 9,22,61,68,52,25,42,15,31,66,45,59,34,
         50,23) ], 
  [ ( 3, 5, 7, 4, 6)( 8,11,14,10,13, 9,12), 
      ( 1,56,20,26,57,21,27, 2,62,28, 3,63,29,36, 5,30,37, 6,67,38, 7,10,39,
         46,11,40,47,12,17,48,13,18,49,55,19)( 4,65,34,41,66,35,42, 8,68,43,
          9,69,44,50,14,45,51,15,70,52,16,22,53,58,23,54,59,24,31,60,25,32,61,
         64,33) ], 
  [ ( 3, 5, 7, 4, 6)( 8, 9,10,11,12,13,14), 
      ( 1,47, 6,62,19,40,37, 2,55,11,30,27,49,46, 5,21,18,39,36,57,13,10,29,
         26,48, 7,63,20,17,38, 3,56,12,67,28)( 4,59,15,68,33,54,51, 8,64,23,
         45,42,61,58,14,35,32,53,50,66,25,22,44,41,60,16,69,34,31,52, 9,65,24,
         70,43) ], 
  [ ( 3, 5, 7, 4, 6)( 8,14,13,12,11,10, 9), 
      ( 1,37,49,36,48, 3,47, 2,46,57, 7,56, 6,55, 5,13,63,12,62,11,21,10,20,
         67,19,30,18,29,17,28,40,27,39,26,38)( 4,51,61,50,60, 9,59, 8,58,66,
         16,65,15,64,14,25,69,24,68,23,35,22,34,70,33,45,32,44,31,43,54,42,53,
         41,52) ], 
  [ ( 3, 5, 7, 4, 6)( 8,12, 9,13,10,14,11), 
      ( 1,27,29,67,11,13,56, 2,36,38,40,18,20,62, 5, 7,47,49,26,28,30,10,12,
         55,57, 3,37,39,17,19,21,63, 6,46,48)( 4,42,44,70,23,25,65, 8,50,52,
         54,32,34,68,14,16,59,61,41,43,45,22,24,64,66, 9,51,53,31,33,35,69,15,
         58,60) ], 
  [ ( 3, 5, 7, 4, 6)( 8,10,12,14, 9,11,13), 
      ( 1,18,12,46,38,30,63, 2,26,19,13,47,39,67, 5, 3,27,20,55,48,40,10, 6,
         36,28,21,56,49,17,11, 7,37,29,62,57)( 4,32,24,58,52,45,69, 8,41,33,
         25,59,53,70,14, 9,42,34,64,60,54,22,15,50,43,35,65,61,31,23,16,51,44,
         68,66) ], 
  [ (3,6,4,7,5), ( 1, 5,17, 2,10)( 3,11,26, 6,18)( 4,14,31, 8,22)
        ( 7,19,36,12,27)( 9,23,41,15,32)(13,28,46,20,37)(16,33,50,24,42)
        (21,38,55,29,47)(25,43,58,34,51)(30,48,62,39,56)(35,52,64,44,59)
        (40,57,67,49,63)(45,60,68,53,65)(54,66,70,61,69) ], 
  [ ( 3, 6, 4, 7, 5)( 8,13,11, 9,14,12,10), 
      ( 1,57,62,29,37, 7,11,17,49,56,21,28,36, 6,10,40,48,55,20,27, 3, 5,67,
         39,47,13,19,26, 2,63,30,38,46,12,18)( 4,66,68,44,51,16,23,31,61,65,
         35,43,50,15,22,54,60,64,34,42, 9,14,70,53,59,25,33,41, 8,69,45,52,58,
         24,32) ], 
  [ ( 3, 6, 4, 7, 5)( 8,11,14,10,13, 9,12), 
      ( 1,48,46, 6,63,21,19,17,39,37, 3,57,55,12,10,30,28,26,49,47, 7, 5,62,
         20,18,40,38,36, 2,56,13,11,67,29,27)( 4,60,58,15,69,35,33,31,53,51,
          9,66,64,24,22,45,43,41,61,59,16,14,68,34,32,54,52,50, 8,65,25,23,70,
         44,42) ], 
  [ ( 3, 6, 4, 7, 5)( 8, 9,10,11,12,13,14), 
      ( 1,38,26,39,27,40,28,17,29,18,30,19,67,20,10,21,11,62,12,63,13, 5,55,
          6,56, 7,57,46, 2,47, 3,48,36,49,37)( 4,52,41,53,42,54,43,31,44,32,
         45,33,70,34,22,35,23,68,24,69,25,14,64,15,65,16,66,58, 8,59, 9,60,50,
         61,51) ], 
  [ ( 3, 6, 4, 7, 5)( 8,14,13,12,11,10, 9), 
      ( 1,28,67,12,56, 3,38,17,20,63, 7,48,26,29,10,13,57,36,39,18,21, 5,46,
         49,27,30,11,55, 2,37,40,19,62, 6,47)( 4,43,70,24,65, 9,52,31,34,69,
         16,60,41,44,22,25,66,50,53,32,35,14,58,61,42,45,23,64, 8,51,54,33,68,
         15,59) ], 
  [ ( 3, 6, 4, 7, 5)( 8,12, 9,13,10,14,11), 
      ( 1,19,55,49,18,13,48,17,12,47,40,11,46,39,10, 7,38,67, 6,37,30, 5,36,
         29,63, 3,28,62, 2,27,21,57,26,20,56)( 4,33,64,61,32,25,60,31,24,59,
         54,23,58,53,22,16,52,70,15,51,45,14,50,44,69, 9,43,68, 8,42,35,66,41,
         34,65) ], 
  [ ( 3, 6, 4, 7, 5)( 8,10,12,14, 9,11,13), 
      ( 1,11,36,20,47,30,57,17, 6,27,13,38,62,49,10, 3,19,46,29,56,40, 5,26,
         12,37,21,48,67, 2,18, 7,28,55,39,63)( 4,23,50,34,59,45,66,31,15,42,
         25,52,68,61,22, 9,33,58,44,65,54,14,41,24,51,35,60,70, 8,32,16,43,64,
         53,69) ], 
  [ (3,7,6,5,4), ( 1, 2, 5,10,17)( 3, 6,11,18,26)( 4, 8,14,22,31)
        ( 7,12,19,27,36)( 9,15,23,32,41)(13,20,28,37,46)(16,24,33,42,50)
        (21,29,38,47,55)(25,34,43,51,58)(30,39,48,56,62)(35,44,52,59,64)
        (40,49,57,63,67)(45,53,60,65,68)(54,61,66,69,70) ], 
  [ ( 3, 7, 6, 5, 4)( 8,13,11, 9,14,12,10), 
      ( 1,49,48,47,46, 7, 6, 5,63,62,21,20,19,18,17,40,39,38,37,36, 3, 2,57,
         56,55,13,12,11,10,67,30,29,28,27,26)( 4,61,60,59,58,16,15,14,69,68,
         35,34,33,32,31,54,53,52,51,50, 9, 8,66,65,64,25,24,23,22,70,45,44,43,
         42,41) ], 
  [ ( 3, 7, 6, 5, 4)( 8,11,14,10,13, 9,12), 
      ( 1,39,28,18,67,21,12, 5,56,46, 3,49,38,27,17,30,20,11,63,55, 7, 2,48,
         37,26,40,29,19,10,62,13, 6,57,47,36)( 4,53,43,32,70,35,24,14,65,58,
          9,61,52,42,31,45,34,23,69,64,16, 8,60,51,41,54,44,33,22,68,25,15,66,
         59,50) ], 
  [ ( 3, 7, 6, 5, 4)( 8, 9,10,11,12,13,14), 
      ( 1,29,11,56,36,40,20, 5,47,26,30,12,57,37,17,21, 6,48,27,67,13, 2,38,
         18,62, 7,49,28,10,55, 3,39,19,63,46)( 4,44,23,65,50,54,34,14,59,41,
         45,24,66,51,31,35,15,60,42,70,25, 8,52,32,68,16,61,43,22,64, 9,53,33,
         69,58) ], 
  [ ( 3, 7, 6, 5, 4)( 8,14,13,12,11,10, 9), 
      ( 1,20,57,27,62, 3,29, 5,37,67, 7,39,11,47,17,13,49,19,56,26,21, 2,28,
         63,36,30, 6,38,10,46,40,12,48,18,55)( 4,34,66,42,68, 9,44,14,51,70,
         16,53,23,59,31,25,61,33,65,41,35, 8,43,69,50,45,15,52,22,58,54,24,60,
         32,64) ], 
  [ ( 3, 7, 6, 5, 4)( 8,12, 9,13,10,14,11), 
      ( 1,12,38,63,26,13,39, 5,27,55,40, 6,28,56,17, 7,29,57,18,46,30, 2,19,
         47,67, 3,20,48,10,36,21,49,11,37,62)( 4,24,52,69,41,25,53,14,42,64,
         54,15,43,65,31,16,44,66,32,58,45, 8,33,59,70, 9,34,60,22,50,35,61,23,
         51,68) ], 
  [ ( 3, 7, 6, 5, 4)( 8,10,12,14, 9,11,13), 
      ( 1, 6,19,37,55,30,49, 5,18,36,13,29,48,63,17, 3,12,28,47,62,40, 2,11,
         27,46,21,39,57,10,26, 7,20,38,56,67)( 4,15,33,51,64,45,61,14,32,50,
         25,44,60,69,31, 9,24,43,59,68,54, 8,23,42,58,35,53,66,22,41,16,34,52,
         65,70) ], 
  [ (1,2), ( 1, 4)( 2,31)( 3, 9)( 5,22)( 6,41)( 7,16)( 8,17)(10,14)(11,32)
        (12,50)(13,25)(15,26)(18,23)(19,42)(20,58)(21,35)(24,36)(27,33)(28,51)
        (29,64)(30,45)(34,46)(37,43)(38,59)(39,68)(40,54)(44,55)(47,52)(48,65)
        (49,70)(53,62)(56,60)(57,69)(61,67)(63,66) ], 
  [ ( 1, 2)( 8,13,11, 9,14,12,10), ( 1,54,30,35,13,16, 3, 4,40,45,21,25, 7, 9)
        ( 2,70,39,64,20,50, 6,31,49,68,29,58,12,41)( 5,69,48,59,28,42,11,22,
         57,65,38,51,19,32)( 8,67,53,55,34,36,15,17,61,62,44,46,24,26)
        (10,66,56,52,37,33,18,14,63,60,47,43,27,23) ], 
  [ ( 1, 2)( 8,11,14,10,13, 9,12), ( 1,45,13, 9,40,35, 7, 4,30,25, 3,54,21,16)
        ( 2,68,20,41,49,64,12,31,39,58, 6,70,29,50)( 5,65,28,32,57,59,19,22,
         48,51,11,69,38,42)( 8,62,34,26,61,55,24,17,53,46,15,67,44,36)
        (10,60,37,23,63,52,27,14,56,43,18,66,47,33) ], 
  [ ( 1, 2)( 8, 9,10,11,12,13,14), ( 1,35, 3,45, 7,54,13, 4,21, 9,30,16,40,25)
        ( 2,64, 6,68,12,70,20,31,29,41,39,50,49,58)( 5,59,11,65,19,69,28,22,
         38,32,48,42,57,51)( 8,55,15,62,24,67,34,17,44,26,53,36,61,46)
        (10,52,18,60,27,66,37,14,47,23,56,33,63,43) ], 
  [ ( 1, 2)( 8,14,13,12,11,10, 9), ( 1,25,40,16,30, 9,21, 4,13,54, 7,45, 3,35)
        ( 2,58,49,50,39,41,29,31,20,70,12,68, 6,64)( 5,51,57,42,48,32,38,22,
         28,69,19,65,11,59)( 8,46,61,36,53,26,44,17,34,67,24,62,15,55)
        (10,43,63,33,56,23,47,14,37,66,27,60,18,52) ], 
  [ ( 1, 2)( 8,12, 9,13,10,14,11), ( 1,16,21,54, 3,25,30, 4, 7,35,40, 9,13,45)
        ( 2,50,29,70, 6,58,39,31,12,64,49,41,20,68)( 5,42,38,69,11,51,48,22,
         19,59,57,32,28,65)( 8,36,44,67,15,46,53,17,24,55,61,26,34,62)
        (10,33,47,66,18,43,56,14,27,52,63,23,37,60) ], 
  [ ( 1, 2)( 8,10,12,14, 9,11,13), ( 1, 9, 7,25,21,45,40, 4, 3,16,13,35,30,54)
        ( 2,41,12,58,29,68,49,31, 6,50,20,64,39,70)( 5,32,19,51,38,65,57,22,
         11,42,28,59,48,69)( 8,26,24,46,44,62,61,17,15,36,34,55,53,67)
        (10,23,27,43,47,60,63,14,18,33,37,52,56,66) ], 
  [ (1,2)(3,4,5,6,7), ( 1,31)( 2,22)( 3,41)( 4,17)( 5,14)( 6,32)( 7,50)( 8,10)
        ( 9,26)(11,23)(12,42)(13,58)(15,18)(16,36)(19,33)(20,51)(21,64)(24,27)
        (25,46)(28,43)(29,59)(30,68)(34,37)(35,55)(38,52)(39,65)(40,70)(44,47)
        (45,62)(48,60)(49,69)(53,56)(54,67)(57,66)(61,63) ], 
  [ ( 1, 2)( 3, 4, 5, 6, 7)( 8,13,11, 9,14,12,10), 
      ( 1,70,30,64,13,50, 3,31,40,68,21,58, 7,41)( 2,69,39,59,20,42, 6,22,49,
         65,29,51,12,32)( 4,67,45,55,25,36, 9,17,54,62,35,46,16,26)
        ( 5,66,48,52,28,33,11,14,57,60,38,43,19,23)( 8,63,53,47,34,27,15,10,
         61,56,44,37,24,18) ], 
  [ ( 1, 2)( 3, 4, 5, 6, 7)( 8,11,14,10,13, 9,12), 
      ( 1,68,13,41,40,64, 7,31,30,58, 3,70,21,50)( 2,65,20,32,49,59,12,22,39,
         51, 6,69,29,42)( 4,62,25,26,54,55,16,17,45,46, 9,67,35,36)
        ( 5,60,28,23,57,52,19,14,48,43,11,66,38,33)( 8,56,34,18,61,47,24,10,
         53,37,15,63,44,27) ], 
  [ ( 1, 2)( 3, 4, 5, 6, 7)( 8, 9,10,11,12,13,14), 
      ( 1,64, 3,68, 7,70,13,31,21,41,30,50,40,58)( 2,59, 6,65,12,69,20,22,29,
         32,39,42,49,51)( 4,55, 9,62,16,67,25,17,35,26,45,36,54,46)
        ( 5,52,11,60,19,66,28,14,38,23,48,33,57,43)( 8,47,15,56,24,63,34,10,
         44,18,53,27,61,37) ], 
  [ ( 1, 2)( 3, 4, 5, 6, 7)( 8,14,13,12,11,10, 9), 
      ( 1,58,40,50,30,41,21,31,13,70, 7,68, 3,64)( 2,51,49,42,39,32,29,22,20,
         69,12,65, 6,59)( 4,46,54,36,45,26,35,17,25,67,16,62, 9,55)
        ( 5,43,57,33,48,23,38,14,28,66,19,60,11,52)( 8,37,61,27,53,18,44,10,
         34,63,24,56,15,47) ], 
  [ ( 1, 2)( 3, 4, 5, 6, 7)( 8,12, 9,13,10,14,11), 
      ( 1,50,21,70, 3,58,30,31, 7,64,40,41,13,68)( 2,42,29,69, 6,51,39,22,12,
         59,49,32,20,65)( 4,36,35,67, 9,46,45,17,16,55,54,26,25,62)
        ( 5,33,38,66,11,43,48,14,19,52,57,23,28,60)( 8,27,44,63,15,37,53,10,
         24,47,61,18,34,56) ], 
  [ ( 1, 2)( 3, 4, 5, 6, 7)( 8,10,12,14, 9,11,13), 
      ( 1,41, 7,58,21,68,40,31, 3,50,13,64,30,70)( 2,32,12,51,29,65,49,22, 6,
         42,20,59,39,69)( 4,26,16,46,35,62,54,17, 9,36,25,55,45,67)
        ( 5,23,19,43,38,60,57,14,11,33,28,52,48,66)( 8,18,24,37,44,56,61,10,
         15,27,34,47,53,63) ], 
  [ (1,2)(3,5,7,4,6), ( 1,22)( 2,14)( 3,32)( 4,10)( 5, 8)( 6,23)( 7,42)( 9,18)
        (11,15)(12,33)(13,51)(16,27)(17,31)(19,24)(20,43)(21,59)(25,37)(26,41)
        (28,34)(29,52)(30,65)(35,47)(36,50)(38,44)(39,60)(40,69)(45,56)(46,58)
        (48,53)(49,66)(54,63)(55,64)(57,61)(62,68)(67,70) ], 
  [ ( 1, 2)( 3, 5, 7, 4, 6)( 8,13,11, 9,14,12,10), 
      ( 1,69,30,59,13,42, 3,22,40,65,21,51, 7,32)( 2,66,39,52,20,33, 6,14,49,
         60,29,43,12,23)( 4,63,45,47,25,27, 9,10,54,56,35,37,16,18)
        ( 5,61,48,44,28,24,11, 8,57,53,38,34,19,15)(17,70,62,64,46,50,26,31,
         67,68,55,58,36,41) ], 
  [ ( 1, 2)( 3, 5, 7, 4, 6)( 8,11,14,10,13, 9,12), 
      ( 1,65,13,32,40,59, 7,22,30,51, 3,69,21,42)( 2,60,20,23,49,52,12,14,39,
         43, 6,66,29,33)( 4,56,25,18,54,47,16,10,45,37, 9,63,35,27)
        ( 5,53,28,15,57,44,19, 8,48,34,11,61,38,24)(17,68,46,41,67,64,36,31,
         62,58,26,70,55,50) ], 
  [ ( 1, 2)( 3, 5, 7, 4, 6)( 8, 9,10,11,12,13,14), 
      ( 1,59, 3,65, 7,69,13,22,21,32,30,42,40,51)( 2,52, 6,60,12,66,20,14,29,
         23,39,33,49,43)( 4,47, 9,56,16,63,25,10,35,18,45,27,54,37)
        ( 5,44,11,53,19,61,28, 8,38,15,48,24,57,34)(17,64,26,68,36,70,46,31,
         55,41,62,50,67,58) ], 
  [ ( 1, 2)( 3, 5, 7, 4, 6)( 8,14,13,12,11,10, 9), 
      ( 1,51,40,42,30,32,21,22,13,69, 7,65, 3,59)( 2,43,49,33,39,23,29,14,20,
         66,12,60, 6,52)( 4,37,54,27,45,18,35,10,25,63,16,56, 9,47)
        ( 5,34,57,24,48,15,38, 8,28,61,19,53,11,44)(17,58,67,50,62,41,55,31,
         46,70,36,68,26,64) ], 
  [ ( 1, 2)( 3, 5, 7, 4, 6)( 8,12, 9,13,10,14,11), 
      ( 1,42,21,69, 3,51,30,22, 7,59,40,32,13,65)( 2,33,29,66, 6,43,39,14,12,
         52,49,23,20,60)( 4,27,35,63, 9,37,45,10,16,47,54,18,25,56)
        ( 5,24,38,61,11,34,48, 8,19,44,57,15,28,53)(17,50,55,70,26,58,62,31,
         36,64,67,41,46,68) ], 
  [ ( 1, 2)( 3, 5, 7, 4, 6)( 8,10,12,14, 9,11,13), 
      ( 1,32, 7,51,21,65,40,22, 3,42,13,59,30,69)( 2,23,12,43,29,60,49,14, 6,
         33,20,52,39,66)( 4,18,16,37,35,56,54,10, 9,27,25,47,45,63)
        ( 5,15,19,34,38,53,57, 8,11,24,28,44,48,61)(17,41,36,58,55,68,67,31,
         26,50,46,64,62,70) ], 
  [ (1,2)(3,6,4,7,5), ( 1,14)( 2, 8)( 3,23)( 4, 5)( 6,15)( 7,33)( 9,11)(10,31)
        (12,24)(13,43)(16,19)(17,22)(18,41)(20,34)(21,52)(25,28)(26,32)(27,50)
        (29,44)(30,60)(35,38)(36,42)(37,58)(39,53)(40,66)(45,48)(46,51)(47,64)
        (49,61)(54,57)(55,59)(56,68)(62,65)(63,70)(67,69) ], 
  [ ( 1, 2)( 3, 6, 4, 7, 5)( 8,13,11, 9,14,12,10), 
      ( 1,66,30,52,13,33, 3,14,40,60,21,43, 7,23)( 2,61,39,44,20,24, 6, 8,49,
         53,29,34,12,15)( 4,57,45,38,25,19, 9, 5,54,48,35,28,16,11)
        (10,70,56,64,37,50,18,31,63,68,47,58,27,41)(17,69,62,59,46,42,26,22,
         67,65,55,51,36,32) ], 
  [ ( 1, 2)( 3, 6, 4, 7, 5)( 8,11,14,10,13, 9,12), 
      ( 1,60,13,23,40,52, 7,14,30,43, 3,66,21,33)( 2,53,20,15,49,44,12, 8,39,
         34, 6,61,29,24)( 4,48,25,11,54,38,16, 5,45,28, 9,57,35,19)
        (10,68,37,41,63,64,27,31,56,58,18,70,47,50)(17,65,46,32,67,59,36,22,
         62,51,26,69,55,42) ], 
  [ ( 1, 2)( 3, 6, 4, 7, 5)( 8, 9,10,11,12,13,14), 
      ( 1,52, 3,60, 7,66,13,14,21,23,30,33,40,43)( 2,44, 6,53,12,61,20, 8,29,
         15,39,24,49,34)( 4,38, 9,48,16,57,25, 5,35,11,45,19,54,28)
        (10,64,18,68,27,70,37,31,47,41,56,50,63,58)(17,59,26,65,36,69,46,22,
         55,32,62,42,67,51) ], 
  [ ( 1, 2)( 3, 6, 4, 7, 5)( 8,14,13,12,11,10, 9), 
      ( 1,43,40,33,30,23,21,14,13,66, 7,60, 3,52)( 2,34,49,24,39,15,29, 8,20,
         61,12,53, 6,44)( 4,28,54,19,45,11,35, 5,25,57,16,48, 9,38)
        (10,58,63,50,56,41,47,31,37,70,27,68,18,64)(17,51,67,42,62,32,55,22,
         46,69,36,65,26,59) ], 
  [ ( 1, 2)( 3, 6, 4, 7, 5)( 8,12, 9,13,10,14,11), 
      ( 1,33,21,66, 3,43,30,14, 7,52,40,23,13,60)( 2,24,29,61, 6,34,39, 8,12,
         44,49,15,20,53)( 4,19,35,57, 9,28,45, 5,16,38,54,11,25,48)
        (10,50,47,70,18,58,56,31,27,64,63,41,37,68)(17,42,55,69,26,51,62,22,
         36,59,67,32,46,65) ], 
  [ ( 1, 2)( 3, 6, 4, 7, 5)( 8,10,12,14, 9,11,13), 
      ( 1,23, 7,43,21,60,40,14, 3,33,13,52,30,66)( 2,15,12,34,29,53,49, 8, 6,
         24,20,44,39,61)( 4,11,16,28,35,48,54, 5, 9,19,25,38,45,57)
        (10,41,27,58,47,68,63,31,18,50,37,64,56,70)(17,32,36,51,55,65,67,22,
         26,42,46,59,62,69) ], 
  [ (1,2)(3,7,6,5,4), ( 1, 8)( 2, 4)( 3,15)( 5,31)( 6, 9)( 7,24)(10,22)(11,41)
