BRACES[28] := [ rec(
      gadd := [ ( 1,17, 6,22, 9,25,14,16, 3,19, 8,24,11,27, 2,18, 5,21,10,26,13,15, 4,20, 7,23,12,28) ],
      gmul := [ ( 1, 6, 9,14, 3, 8,11, 2, 5,10,13, 4, 7,12)(15,20,23,28,17,22,25,16,19,24,27,18,21,26), ( 1,18, 5,22, 9,26,13,16, 3,20, 7,24,11,28)( 2,17, 6,21,10,25,14,15, 4,19, 8,23,12,27) ],
      p := ( 2,15,27,20,11,13,22,18, 4, 7,21,28,26,12, 3)( 5, 9, 8,23,19)( 6,16,17,14,24,25),
      q := ( 2,15,17, 4, 9,10, 8,21,18,14,22,28,20, 5, 7,23,25,12,13,24,19,11, 3)( 6,16,27,26) ), rec(
      gadd := [ ( 1,17, 6,22, 9,25,14,16, 3,19, 8,24,11,27, 2,18, 5,21,10,26,13,15, 4,20, 7,23,12,28) ],
      gmul := [ ( 1,15)( 2,16)( 3,27)( 4,28)( 5,25)( 6,26)( 7,23)( 8,24)( 9,21)(10,22)(11,19)(12,20)(13,17)(14,18), ( 1,22)( 2,21)( 3,20)( 4,19)( 5,18)
            ( 6,17)( 7,16)( 8,15)( 9,28)(10,27)(11,26)(12,25)(13,24)(14,23) ],
      p := ( 2,15,17,14,22,28,20,11,13,24,19, 5, 9, 8,21,18, 4, 7,23,25, 6,16,27,26,12, 3),
      q := ( 2,15,17, 4, 9,10, 8,21,18,14,22,28,20, 5, 7,23,25,12,13,24,19,11, 3)( 6,16,27,26) ), rec(
      gadd := [ ( 1,17, 6,22, 9,25,14,16, 3,19, 8,24,11,27, 2,18, 5,21,10,26,13,15, 4,20, 7,23,12,28) ],
      gmul := [ ( 1,11, 7, 3,13, 9, 5)( 2,12, 8, 4,14,10, 6)(15,25,21,17,27,23,19)(16,26,22,18,28,24,20), ( 1,21, 2,22)( 3,19, 4,20)( 5,17, 6,18)( 7,15, 8,16)( 9,27,10,28)(11,25,12,26)(13,23,14,24) ],
      p := ( 2,16,28,25, 6, 9, 8,22,11,13,23,26,12,21,17,14, 3)( 4, 7,24,20,27,19, 5,15,18),
      q := ( 2,15,17, 4, 9,10, 8,21,18,14,13,24,19,11, 3)( 5,16,27,20,28,26, 6, 7,23,25,12,22) ), rec(
      gadd := [ ( 1,17, 6,22, 9,25,14,16, 3,19, 8,24,11,27, 2,18, 5,21,10,26,13,15, 4,20, 7,23,12,28) ],
      gmul := [ ( 1,17, 6,22, 9,25,14,16, 3,19, 8,24,11,27, 2,18, 5,21,10,26,13,15, 4,20, 7,23,12,28) ],
      p := ( 2,16,18, 4, 7,22,11,13,23,20,27,19, 5,15,28,25, 6, 9, 8,24,26,12,21,17,14, 3),
      q := ( 2,15,17, 4, 9,10, 8,21,28,20,18,14,13,22, 5,16,27,26, 6, 7,23,25,12,24,19,11, 3) ), rec(
      gadd := [ ( 1,17, 6,22, 9,25,14,16, 3,19, 8,24,11,27, 2,18, 5,21,10,26,13,15, 4,20, 7,23,12,28) ],
      gmul := [ ( 1, 2)( 3,14)( 4,13)( 5,12)( 6,11)( 7,10)( 8, 9)(15,16)(17,28)(18,27)(19,26)(20,25)(21,24)(22,23), ( 1,24)( 2,23)( 3,22)( 4,21)( 5,20)
            ( 6,19)( 7,18)( 8,17)( 9,16)(10,15)(11,28)(12,27)(13,26)(14,25) ],
      p := ( 2,15,27,26, 6,16,17, 4, 7,21,18,14,22,28,20,11,13,24,25,12, 3)( 5, 9,10, 8,23,19),
      q := ( 2,15,17, 4, 9,10, 8,21,18,14,22,28,20, 5, 7,23,25,12,13,24,19,11, 3)( 6,16,27,26) ), rec(
      gadd := [ ( 1,16, 3,18, 5,20, 7,15, 2,17, 4,19, 6,21)( 8,23,10,25,12,27,14,22, 9,24,11,26,13,28), ( 1,23, 3,25, 5,27, 7,22, 2,24, 4,26, 6,28)( 8,16,10,18,12,20,14,15, 9,17,11,19,13,21) ],
      gmul := [ ( 1, 9, 3,11, 5,13, 7, 8, 2,10, 4,12, 6,14)(15,23,17,25,19,27,21,22,16,24,18,26,20,28), ( 1,26, 2,27, 3,28, 4,22, 5,23, 6,24, 7,25)( 8,19, 9,20,10,21,11,15,12,16,13,17,14,18) ],
      p := ( 2, 7,28,18,24,17,16,21,26,11, 9,15,13, 5)( 3,22,12)( 4, 8,14,27,19,10,23,20),
      q := ( 3,22,11,14,24,20, 5, 7,23,17,21,25,26,12, 6)( 4, 8, 9,15,10,28,19,13)(18,27) ), rec(
      gadd := [ ( 1,12, 2,13, 3,14, 4, 8, 5, 9, 6,10, 7,11)(15,26,16,27,17,28,18,22,19,23,20,24,21,25), ( 1,17, 5,21, 2,18, 6,15, 3,19, 7,16, 4,20)( 8,24,12,28, 9,25,13,22,10,26,14,23,11,27) ],
      gmul := [ ( 1,17,12,28, 2,18,13,22, 3,19,14,23, 4,20, 8,24, 5,21, 9,25, 6,15,10,26, 7,16,11,27) ],
      p := ( 2,15,20,10,14, 3, 7,21,24,18,13,23,19,27,11,28,25,12, 9, 6)( 4, 8,16,17, 5,22),
      q := ( 2,22, 5,15,24,26,18,10, 9, 3)( 4, 8,28,19,17)( 6, 7,23,25,11,16,27,12,14)(13,21,20) ), rec(
      gadd := [ ( 1,19, 2,20, 3,21, 4,15, 5,16, 6,17, 7,18)( 8,26, 9,27,10,28,11,22,12,23,13,24,14,25), ( 1,27, 4,23, 7,26, 3,22, 6,25, 2,28, 5,24)( 8,20,11,16,14,19,10,15,13,18, 9,21,12,17) ],
      gmul := [ ( 1, 6, 4, 2, 7, 5, 3)( 8,13,11, 9,14,12,10)(15,20,18,16,21,19,17)(22,27,25,23,28,26,24), ( 1,19, 8,26)( 2,18, 9,25)( 3,17,10,24)( 4,16,11,23)( 5,15,12,22)( 6,21,13,28)( 7,20,14,27) ],
      p := ( 2,15,17, 5,22, 4, 8,21,24,19,27,11,28,25,12, 9, 6)( 3, 7,16,20,10,14)(13,23,18),
      q := ( 2,22, 5,15,24,26,19,20,13,16,27,12,14, 6, 7,23,25,11,21,17, 4, 8,28,18,10, 9, 3) ), rec(
      gadd := [ ( 1,11, 7,10, 6, 9, 5, 8, 4,14, 3,13, 2,12)(15,25,21,24,20,23,19,22,18,28,17,27,16,26), ( 1,21, 6,19, 4,17, 2,15, 7,20, 5,18, 3,16)( 8,28,13,26,11,24, 9,22,14,27,12,25,10,23) ],
      gmul := [ ( 1,13)( 2,12)( 3,11)( 4,10)( 5, 9)( 6, 8)( 7,14)(15,27)(16,26)(17,25)(18,24)(19,23)(20,22)(21,28), ( 1,28, 6,26, 4,24, 2,22, 7,27, 5,25, 3,23)( 8,21,13,19,11,17, 9,15,14,20,12,18,10,16) ],
      p := ( 2, 8,14,16,13,10,28,19,24,12, 3, 7,15,21,11,23,20, 4,22,17, 5)( 6, 9)(18,27)(25,26),
      q := ( 2, 8,14,16,13,10,23,20, 5, 7,15,21,11,28,19,27,18,24,12, 6, 9, 3)( 4,22,17) ) ];
