BRACES[62] := rec( total := -1, implemented := 2, size := 62, brace := [] );BRACES[62].brace[1] := rec ( size := 62, perms := [ [  (),  (),  
], [  (1, 32)(2, 33)(3, 34)(4, 35)(5, 36)(6, 37)(7, 38)(8, 39)(9, 40)(10, 41)(11, 42)(12, 43)(13, 44)(14, 45)(15, 46)(16, 47)(17, 48)(18, 
49)(19, 50)(20, 51)(21, 52)(22, 53)(23, 54)(24, 55)(25, 56)(26, 57)(27, 58)(28, 59)(29, 60)(30, 61)(31, 62),  (1, 32)(2, 62)(3, 61)(4, 60)(5, 
59)(6, 58)(7, 57)(8, 56)(9, 55)(10, 54)(11, 53)(12, 52)(13, 51)(14, 50)(15, 49)(16, 48)(17, 47)(18, 46)(19, 45)(20, 44)(21, 43)(22, 42)(23, 
41)(24, 40)(25, 39)(26, 38)(27, 37)(28, 36)(29, 35)(30, 34)(31, 33),  ], [  (1, 30, 28, 26, 24, 22, 20, 18, 16, 14, 12, 10, 8, 6, 4, 2, 31, 
29, 27, 25, 23, 21, 19, 17, 15, 13, 11, 9, 7, 5, 3)(32, 61, 59, 57, 55, 53, 51, 49, 47, 45, 43, 41, 39, 37, 35, 33, 62, 60, 58, 56, 54, 52, 
50, 48, 46, 44, 42, 40, 38, 36, 34),  (1, 3, 5, 7, 9, 11, 13, 15, 17, 19, 21, 23, 25, 27, 29, 31, 2, 4, 6, 8, 10, 12, 14, 16, 18, 20, 22, 24, 
26, 28, 30)(32, 34, 36, 38, 40, 42, 44, 46, 48, 50, 52, 54, 56, 58, 60, 62, 33, 35, 37, 39, 41, 43, 45, 47, 49, 51, 53, 55, 57, 59, 61),  ], [
(1, 3, 5, 7, 9, 11, 13, 15, 17, 19, 21, 23, 25, 27, 29, 31, 2, 4, 6, 8, 10, 12, 14, 16, 18, 20, 22, 24, 26, 28, 30)(32, 34, 36, 38, 40, 42, 
44, 46, 48, 50, 52, 54, 56, 58, 60, 62, 33, 35, 37, 39, 41, 43, 45, 47, 49, 51, 53, 55, 57, 59, 61),  (1, 30, 28, 26, 24, 22, 20, 18, 16, 14, 
12, 10, 8, 6, 4, 2, 31, 29, 27, 25, 23, 21, 19, 17, 15, 13, 11, 9, 7, 5, 3)(32, 61, 59, 57, 55, 53, 51, 49, 47, 45, 43, 41, 39, 37, 35, 33, 
62, 60, 58, 56, 54, 52, 50, 48, 46, 44, 42, 40, 38, 36, 34),  ], [  (1, 34, 5, 38, 9, 42, 13, 46, 17, 50, 21, 54, 25, 58, 29, 62, 2, 35, 6, 
39, 10, 43, 14, 47, 18, 51, 22, 55, 26, 59, 30, 32, 3, 36, 7, 40, 11, 44, 15, 48, 19, 52, 23, 56, 27, 60, 31, 33, 4, 37, 8, 41, 12, 45, 16, 
49, 20, 53, 24, 57, 28, 61),  (1, 34)(2, 33)(3, 32)(4, 62)(5, 61)(6, 60)(7, 59)(8, 58)(9, 57)(10, 56)(11, 55)(12, 54)(13, 53)(14, 52)(15, 
51)(16, 50)(17, 49)(18, 48)(19, 47)(20, 46)(21, 45)(22, 44)(23, 43)(24, 42)(25, 41)(26, 40)(27, 39)(28, 38)(29, 37)(30, 36)(31, 35),  ], [  
(1, 61, 28, 57, 24, 53, 20, 49, 16, 45, 12, 41, 8, 37, 4, 33, 31, 60, 27, 56, 23, 52, 19, 48, 15, 44, 11, 40, 7, 36, 3, 32, 30, 59, 26, 55, 
22, 51, 18, 47, 14, 43, 10, 39, 6, 35, 2, 62, 29, 58, 25, 54, 21, 50, 17, 46, 13, 42, 9, 38, 5, 34),  (1, 61)(2, 60)(3, 59)(4, 58)(5, 57)(6, 
56)(7, 55)(8, 54)(9, 53)(10, 52)(11, 51)(12, 50)(13, 49)(14, 48)(15, 47)(16, 46)(17, 45)(18, 44)(19, 43)(20, 42)(21, 41)(22, 40)(23, 39)(24, 
38)(25, 37)(26, 36)(27, 35)(28, 34)(29, 33)(30, 32)(31, 62),  ], [  (1, 28, 24, 20, 16, 12, 8, 4, 31, 27, 23, 19, 15, 11, 7, 3, 30, 26, 22, 
18, 14, 10, 6, 2, 29, 25, 21, 17, 13, 9, 5)(32, 59, 55, 51, 47, 43, 39, 35, 62, 58, 54, 50, 46, 42, 38, 34, 61, 57, 53, 49, 45, 41, 37, 33, 
60, 56, 52, 48, 44, 40, 36),  (1, 5, 9, 13, 17, 21, 25, 29, 2, 6, 10, 14, 18, 22, 26, 30, 3, 7, 11, 15, 19, 23, 27, 31, 4, 8, 12, 16, 20, 24, 
28)(32, 36, 40, 44, 48, 52, 56, 60, 33, 37, 41, 45, 49, 53, 57, 61, 34, 38, 42, 46, 50, 54, 58, 62, 35, 39, 43, 47, 51, 55, 59),  ], [  (1, 5,
9, 13, 17, 21, 25, 29, 2, 6, 10, 14, 18, 22, 26, 30, 3, 7, 11, 15, 19, 23, 27, 31, 4, 8, 12, 16, 20, 24, 28)(32, 36, 40, 44, 48, 52, 56, 60, 
33, 37, 41, 45, 49, 53, 57, 61, 34, 38, 42, 46, 50, 54, 58, 62, 35, 39, 43, 47, 51, 55, 59),  (1, 28, 24, 20, 16, 12, 8, 4, 31, 27, 23, 19, 
15, 11, 7, 3, 30, 26, 22, 18, 14, 10, 6, 2, 29, 25, 21, 17, 13, 9, 5)(32, 59, 55, 51, 47, 43, 39, 35, 62, 58, 54, 50, 46, 42, 38, 34, 61, 57, 
53, 49, 45, 41, 37, 33, 60, 56, 52, 48, 44, 40, 36),  ], [  (1, 36, 9, 44, 17, 52, 25, 60, 2, 37, 10, 45, 18, 53, 26, 61, 3, 38, 11, 46, 19, 
54, 27, 62, 4, 39, 12, 47, 20, 55, 28, 32, 5, 40, 13, 48, 21, 56, 29, 33, 6, 41, 14, 49, 22, 57, 30, 34, 7, 42, 15, 50, 23, 58, 31, 35, 8, 43,
16, 51, 24, 59),  (1, 36)(2, 35)(3, 34)(4, 33)(5, 32)(6, 62)(7, 61)(8, 60)(9, 59)(10, 58)(11, 57)(12, 56)(13, 55)(14, 54)(15, 53)(16, 52)(17, 
51)(18, 50)(19, 49)(20, 48)(21, 47)(22, 46)(23, 45)(24, 44)(25, 43)(26, 42)(27, 41)(28, 40)(29, 39)(30, 38)(31, 37),  ], [  (1, 59, 24, 51, 
16, 43, 8, 35, 31, 58, 23, 50, 15, 42, 7, 34, 30, 57, 22, 49, 14, 41, 6, 33, 29, 56, 21, 48, 13, 40, 5, 32, 28, 55, 20, 47, 12, 39, 4, 62, 27,
54, 19, 46, 11, 38, 3, 61, 26, 53, 18, 45, 10, 37, 2, 60, 25, 52, 17, 44, 9, 36),  (1, 59)(2, 58)(3, 57)(4, 56)(5, 55)(6, 54)(7, 53)(8, 52)(9,
51)(10, 50)(11, 49)(12, 48)(13, 47)(14, 46)(15, 45)(16, 44)(17, 43)(18, 42)(19, 41)(20, 40)(21, 39)(22, 38)(23, 37)(24, 36)(25, 35)(26, 
34)(27, 33)(28, 32)(29, 62)(30, 61)(31, 60),  ], [  (1, 26, 20, 14, 8, 2, 27, 21, 15, 9, 3, 28, 22, 16, 10, 4, 29, 23, 17, 11, 5, 30, 24, 18, 
12, 6, 31, 25, 19, 13, 7)(32, 57, 51, 45, 39, 33, 58, 52, 46, 40, 34, 59, 53, 47, 41, 35, 60, 54, 48, 42, 36, 61, 55, 49, 43, 37, 62, 56, 50, 
44, 38),  (1, 7, 13, 19, 25, 31, 6, 12, 18, 24, 30, 5, 11, 17, 23, 29, 4, 10, 16, 22, 28, 3, 9, 15, 21, 27, 2, 8, 14, 20, 26)(32, 38, 44, 50, 
56, 62, 37, 43, 49, 55, 61, 36, 42, 48, 54, 60, 35, 41, 47, 53, 59, 34, 40, 46, 52, 58, 33, 39, 45, 51, 57),  ], [  (1, 7, 13, 19, 25, 31, 6, 
12, 18, 24, 30, 5, 11, 17, 23, 29, 4, 10, 16, 22, 28, 3, 9, 15, 21, 27, 2, 8, 14, 20, 26)(32, 38, 44, 50, 56, 62, 37, 43, 49, 55, 61, 36, 42, 
48, 54, 60, 35, 41, 47, 53, 59, 34, 40, 46, 52, 58, 33, 39, 45, 51, 57),  (1, 26, 20, 14, 8, 2, 27, 21, 15, 9, 3, 28, 22, 16, 10, 4, 29, 23, 
17, 11, 5, 30, 24, 18, 12, 6, 31, 25, 19, 13, 7)(32, 57, 51, 45, 39, 33, 58, 52, 46, 40, 34, 59, 53, 47, 41, 35, 60, 54, 48, 42, 36, 61, 55, 
49, 43, 37, 62, 56, 50, 44, 38),  ], [  (1, 38, 13, 50, 25, 62, 6, 43, 18, 55, 30, 36, 11, 48, 23, 60, 4, 41, 16, 53, 28, 34, 9, 46, 21, 58, 
2, 39, 14, 51, 26, 32, 7, 44, 19, 56, 31, 37, 12, 49, 24, 61, 5, 42, 17, 54, 29, 35, 10, 47, 22, 59, 3, 40, 15, 52, 27, 33, 8, 45, 20, 57),  
(1, 38)(2, 37)(3, 36)(4, 35)(5, 34)(6, 33)(7, 32)(8, 62)(9, 61)(10, 60)(11, 59)(12, 58)(13, 57)(14, 56)(15, 55)(16, 54)(17, 53)(18, 52)(19, 
51)(20, 50)(21, 49)(22, 48)(23, 47)(24, 46)(25, 45)(26, 44)(27, 43)(28, 42)(29, 41)(30, 40)(31, 39),  ], [  (1, 57, 20, 45, 8, 33, 27, 52, 15,
40, 3, 59, 22, 47, 10, 35, 29, 54, 17, 42, 5, 61, 24, 49, 12, 37, 31, 56, 19, 44, 7, 32, 26, 51, 14, 39, 2, 58, 21, 46, 9, 34, 28, 53, 16, 41,
4, 60, 23, 48, 11, 36, 30, 55, 18, 43, 6, 62, 25, 50, 13, 38),  (1, 57)(2, 56)(3, 55)(4, 54)(5, 53)(6, 52)(7, 51)(8, 50)(9, 49)(10, 48)(11, 
47)(12, 46)(13, 45)(14, 44)(15, 43)(16, 42)(17, 41)(18, 40)(19, 39)(20, 38)(21, 37)(22, 36)(23, 35)(24, 34)(25, 33)(26, 32)(27, 62)(28, 
61)(29, 60)(30, 59)(31, 58),  ], [  (1, 24, 16, 8, 31, 23, 15, 7, 30, 22, 14, 6, 29, 21, 13, 5, 28, 20, 12, 4, 27, 19, 11, 3, 26, 18, 10, 2, 
25, 17, 9)(32, 55, 47, 39, 62, 54, 46, 38, 61, 53, 45, 37, 60, 52, 44, 36, 59, 51, 43, 35, 58, 50, 42, 34, 57, 49, 41, 33, 56, 48, 40),  (1, 
9, 17, 25, 2, 10, 18, 26, 3, 11, 19, 27, 4, 12, 20, 28, 5, 13, 21, 29, 6, 14, 22, 30, 7, 15, 23, 31, 8, 16, 24)(32, 40, 48, 56, 33, 41, 49, 
57, 34, 42, 50, 58, 35, 43, 51, 59, 36, 44, 52, 60, 37, 45, 53, 61, 38, 46, 54, 62, 39, 47, 55),  ], [  (1, 9, 17, 25, 2, 10, 18, 26, 3, 11, 
19, 27, 4, 12, 20, 28, 5, 13, 21, 29, 6, 14, 22, 30, 7, 15, 23, 31, 8, 16, 24)(32, 40, 48, 56, 33, 41, 49, 57, 34, 42, 50, 58, 35, 43, 51, 59,
36, 44, 52, 60, 37, 45, 53, 61, 38, 46, 54, 62, 39, 47, 55),  (1, 24, 16, 8, 31, 23, 15, 7, 30, 22, 14, 6, 29, 21, 13, 5, 28, 20, 12, 4, 27, 
19, 11, 3, 26, 18, 10, 2, 25, 17, 9)(32, 55, 47, 39, 62, 54, 46, 38, 61, 53, 45, 37, 60, 52, 44, 36, 59, 51, 43, 35, 58, 50, 42, 34, 57, 49, 
41, 33, 56, 48, 40),  ], [  (1, 40, 17, 56, 2, 41, 18, 57, 3, 42, 19, 58, 4, 43, 20, 59, 5, 44, 21, 60, 6, 45, 22, 61, 7, 46, 23, 62, 8, 47, 
24, 32, 9, 48, 25, 33, 10, 49, 26, 34, 11, 50, 27, 35, 12, 51, 28, 36, 13, 52, 29, 37, 14, 53, 30, 38, 15, 54, 31, 39, 16, 55),  (1, 40)(2, 
39)(3, 38)(4, 37)(5, 36)(6, 35)(7, 34)(8, 33)(9, 32)(10, 62)(11, 61)(12, 60)(13, 59)(14, 58)(15, 57)(16, 56)(17, 55)(18, 54)(19, 53)(20, 
52)(21, 51)(22, 50)(23, 49)(24, 48)(25, 47)(26, 46)(27, 45)(28, 44)(29, 43)(30, 42)(31, 41),  ], [  (1, 55, 16, 39, 31, 54, 15, 38, 30, 53, 
14, 37, 29, 52, 13, 36, 28, 51, 12, 35, 27, 50, 11, 34, 26, 49, 10, 33, 25, 48, 9, 32, 24, 47, 8, 62, 23, 46, 7, 61, 22, 45, 6, 60, 21, 44, 5,
59, 20, 43, 4, 58, 19, 42, 3, 57, 18, 41, 2, 56, 17, 40),  (1, 55)(2, 54)(3, 53)(4, 52)(5, 51)(6, 50)(7, 49)(8, 48)(9, 47)(10, 46)(11, 45)(12,
44)(13, 43)(14, 42)(15, 41)(16, 40)(17, 39)(18, 38)(19, 37)(20, 36)(21, 35)(22, 34)(23, 33)(24, 32)(25, 62)(26, 61)(27, 60)(28, 59)(29, 
58)(30, 57)(31, 56),  ], [  (1, 22, 12, 2, 23, 13, 3, 24, 14, 4, 25, 15, 5, 26, 16, 6, 27, 17, 7, 28, 18, 8, 29, 19, 9, 30, 20, 10, 31, 21, 
11)(32, 53, 43, 33, 54, 44, 34, 55, 45, 35, 56, 46, 36, 57, 47, 37, 58, 48, 38, 59, 49, 39, 60, 50, 40, 61, 51, 41, 62, 52, 42),  (1, 11, 21, 
31, 10, 20, 30, 9, 19, 29, 8, 18, 28, 7, 17, 27, 6, 16, 26, 5, 15, 25, 4, 14, 24, 3, 13, 23, 2, 12, 22)(32, 42, 52, 62, 41, 51, 61, 40, 50, 
60, 39, 49, 59, 38, 48, 58, 37, 47, 57, 36, 46, 56, 35, 45, 55, 34, 44, 54, 33, 43, 53),  ], [  (1, 11, 21, 31, 10, 20, 30, 9, 19, 29, 8, 18, 
28, 7, 17, 27, 6, 16, 26, 5, 15, 25, 4, 14, 24, 3, 13, 23, 2, 12, 22)(32, 42, 52, 62, 41, 51, 61, 40, 50, 60, 39, 49, 59, 38, 48, 58, 37, 47, 
57, 36, 46, 56, 35, 45, 55, 34, 44, 54, 33, 43, 53),  (1, 22, 12, 2, 23, 13, 3, 24, 14, 4, 25, 15, 5, 26, 16, 6, 27, 17, 7, 28, 18, 8, 29, 19,
9, 30, 20, 10, 31, 21, 11)(32, 53, 43, 33, 54, 44, 34, 55, 45, 35, 56, 46, 36, 57, 47, 37, 58, 48, 38, 59, 49, 39, 60, 50, 40, 61, 51, 41, 62,
52, 42),  ], [  (1, 42, 21, 62, 10, 51, 30, 40, 19, 60, 8, 49, 28, 38, 17, 58, 6, 47, 26, 36, 15, 56, 4, 45, 24, 34, 13, 54, 2, 43, 22, 32, 
11, 52, 31, 41, 20, 61, 9, 50, 29, 39, 18, 59, 7, 48, 27, 37, 16, 57, 5, 46, 25, 35, 14, 55, 3, 44, 23, 33, 12, 53),  (1, 42)(2, 41)(3, 40)(4,
39)(5, 38)(6, 37)(7, 36)(8, 35)(9, 34)(10, 33)(11, 32)(12, 62)(13, 61)(14, 60)(15, 59)(16, 58)(17, 57)(18, 56)(19, 55)(20, 54)(21, 53)(22, 
52)(23, 51)(24, 50)(25, 49)(26, 48)(27, 47)(28, 46)(29, 45)(30, 44)(31, 43),  ], [  (1, 53, 12, 33, 23, 44, 3, 55, 14, 35, 25, 46, 5, 57, 16, 
37, 27, 48, 7, 59, 18, 39, 29, 50, 9, 61, 20, 41, 31, 52, 11, 32, 22, 43, 2, 54, 13, 34, 24, 45, 4, 56, 15, 36, 26, 47, 6, 58, 17, 38, 28, 49,
8, 60, 19, 40, 30, 51, 10, 62, 21, 42),  (1, 53)(2, 52)(3, 51)(4, 50)(5, 49)(6, 48)(7, 47)(8, 46)(9, 45)(10, 44)(11, 43)(12, 42)(13, 41)(14, 
40)(15, 39)(16, 38)(17, 37)(18, 36)(19, 35)(20, 34)(21, 33)(22, 32)(23, 62)(24, 61)(25, 60)(26, 59)(27, 58)(28, 57)(29, 56)(30, 55)(31, 54),  
], [  (1, 20, 8, 27, 15, 3, 22, 10, 29, 17, 5, 24, 12, 31, 19, 7, 26, 14, 2, 21, 9, 28, 16, 4, 23, 11, 30, 18, 6, 25, 13)(32, 51, 39, 58, 46, 
34, 53, 41, 60, 48, 36, 55, 43, 62, 50, 38, 57, 45, 33, 52, 40, 59, 47, 35, 54, 42, 61, 49, 37, 56, 44),  (1, 13, 25, 6, 18, 30, 11, 23, 4, 
16, 28, 9, 21, 2, 14, 26, 7, 19, 31, 12, 24, 5, 17, 29, 10, 22, 3, 15, 27, 8, 20)(32, 44, 56, 37, 49, 61, 42, 54, 35, 47, 59, 40, 52, 33, 45, 
57, 38, 50, 62, 43, 55, 36, 48, 60, 41, 53, 34, 46, 58, 39, 51),  ], [  (1, 13, 25, 6, 18, 30, 11, 23, 4, 16, 28, 9, 21, 2, 14, 26, 7, 19, 31,
12, 24, 5, 17, 29, 10, 22, 3, 15, 27, 8, 20)(32, 44, 56, 37, 49, 61, 42, 54, 35, 47, 59, 40, 52, 33, 45, 57, 38, 50, 62, 43, 55, 36, 48, 60, 
41, 53, 34, 46, 58, 39, 51),  (1, 20, 8, 27, 15, 3, 22, 10, 29, 17, 5, 24, 12, 31, 19, 7, 26, 14, 2, 21, 9, 28, 16, 4, 23, 11, 30, 18, 6, 25, 
13)(32, 51, 39, 58, 46, 34, 53, 41, 60, 48, 36, 55, 43, 62, 50, 38, 57, 45, 33, 52, 40, 59, 47, 35, 54, 42, 61, 49, 37, 56, 44),  ], [  (1, 
51, 8, 58, 15, 34, 22, 41, 29, 48, 5, 55, 12, 62, 19, 38, 26, 45, 2, 52, 9, 59, 16, 35, 23, 42, 30, 49, 6, 56, 13, 32, 20, 39, 27, 46, 3, 53, 
10, 60, 17, 36, 24, 43, 31, 50, 7, 57, 14, 33, 21, 40, 28, 47, 4, 54, 11, 61, 18, 37, 25, 44),  (1, 51)(2, 50)(3, 49)(4, 48)(5, 47)(6, 46)(7, 
45)(8, 44)(9, 43)(10, 42)(11, 41)(12, 40)(13, 39)(14, 38)(15, 37)(16, 36)(17, 35)(18, 34)(19, 33)(20, 32)(21, 62)(22, 61)(23, 60)(24, 59)(25, 
58)(26, 57)(27, 56)(28, 55)(29, 54)(30, 53)(31, 52),  ], [  (1, 49, 4, 52, 7, 55, 10, 58, 13, 61, 16, 33, 19, 36, 22, 39, 25, 42, 28, 45, 31, 
48, 3, 51, 6, 54, 9, 57, 12, 60, 15, 32, 18, 35, 21, 38, 24, 41, 27, 44, 30, 47, 2, 50, 5, 53, 8, 56, 11, 59, 14, 62, 17, 34, 20, 37, 23, 40, 
26, 43, 29, 46),  (1, 49)(2, 48)(3, 47)(4, 46)(5, 45)(6, 44)(7, 43)(8, 42)(9, 41)(10, 40)(11, 39)(12, 38)(13, 37)(14, 36)(15, 35)(16, 34)(17, 
33)(18, 32)(19, 62)(20, 61)(21, 60)(22, 59)(23, 58)(24, 57)(25, 56)(26, 55)(27, 54)(28, 53)(29, 52)(30, 51)(31, 50),  ], [  (1, 15, 29, 12, 
26, 9, 23, 6, 20, 3, 17, 31, 14, 28, 11, 25, 8, 22, 5, 19, 2, 16, 30, 13, 27, 10, 24, 7, 21, 4, 18)(32, 46, 60, 43, 57, 40, 54, 37, 51, 34, 
48, 62, 45, 59, 42, 56, 39, 53, 36, 50, 33, 47, 61, 44, 58, 41, 55, 38, 52, 35, 49),  (1, 18, 4, 21, 7, 24, 10, 27, 13, 30, 16, 2, 19, 5, 22, 
8, 25, 11, 28, 14, 31, 17, 3, 20, 6, 23, 9, 26, 12, 29, 15)(32, 49, 35, 52, 38, 55, 41, 58, 44, 61, 47, 33, 50, 36, 53, 39, 56, 42, 59, 45, 
62, 48, 34, 51, 37, 54, 40, 57, 43, 60, 46),  ], [  (1, 47, 31, 46, 30, 45, 29, 44, 28, 43, 27, 42, 26, 41, 25, 40, 24, 39, 23, 38, 22, 37, 
21, 36, 20, 35, 19, 34, 18, 33, 17, 32, 16, 62, 15, 61, 14, 60, 13, 59, 12, 58, 11, 57, 10, 56, 9, 55, 8, 54, 7, 53, 6, 52, 5, 51, 4, 50, 3, 
49, 2, 48),  (1, 47)(2, 46)(3, 45)(4, 44)(5, 43)(6, 42)(7, 41)(8, 40)(9, 39)(10, 38)(11, 37)(12, 36)(13, 35)(14, 34)(15, 33)(16, 32)(17, 
62)(18, 61)(19, 60)(20, 59)(21, 58)(22, 57)(23, 56)(24, 55)(25, 54)(26, 53)(27, 52)(28, 51)(29, 50)(30, 49)(31, 48),  ], [  (1, 17, 2, 18, 3, 
19, 4, 20, 5, 21, 6, 22, 7, 23, 8, 24, 9, 25, 10, 26, 11, 27, 12, 28, 13, 29, 14, 30, 15, 31, 16)(32, 48, 33, 49, 34, 50, 35, 51, 36, 52, 37, 
53, 38, 54, 39, 55, 40, 56, 41, 57, 42, 58, 43, 59, 44, 60, 45, 61, 46, 62, 47),  (1, 16, 31, 15, 30, 14, 29, 13, 28, 12, 27, 11, 26, 10, 25, 
9, 24, 8, 23, 7, 22, 6, 21, 5, 20, 4, 19, 3, 18, 2, 17)(32, 47, 62, 46, 61, 45, 60, 44, 59, 43, 58, 42, 57, 41, 56, 40, 55, 39, 54, 38, 53, 
37, 52, 36, 51, 35, 50, 34, 49, 33, 48),  ], [  (1, 45, 27, 40, 22, 35, 17, 61, 12, 56, 7, 51, 2, 46, 28, 41, 23, 36, 18, 62, 13, 57, 8, 52, 
3, 47, 29, 42, 24, 37, 19, 32, 14, 58, 9, 53, 4, 48, 30, 43, 25, 38, 20, 33, 15, 59, 10, 54, 5, 49, 31, 44, 26, 39, 21, 34, 16, 60, 11, 55, 6,
50),  (1, 45)(2, 44)(3, 43)(4, 42)(5, 41)(6, 40)(7, 39)(8, 38)(9, 37)(10, 36)(11, 35)(12, 34)(13, 33)(14, 32)(15, 62)(16, 61)(17, 60)(18, 
59)(19, 58)(20, 57)(21, 56)(22, 55)(23, 54)(24, 53)(25, 52)(26, 51)(27, 50)(28, 49)(29, 48)(30, 47)(31, 46),  ], [  (1, 19, 6, 24, 11, 29, 16,
3, 21, 8, 26, 13, 31, 18, 5, 23, 10, 28, 15, 2, 20, 7, 25, 12, 30, 17, 4, 22, 9, 27, 14)(32, 50, 37, 55, 42, 60, 47, 34, 52, 39, 57, 44, 62, 
49, 36, 54, 41, 59, 46, 33, 51, 38, 56, 43, 61, 48, 35, 53, 40, 58, 45),  (1, 14, 27, 9, 22, 4, 17, 30, 12, 25, 7, 20, 2, 15, 28, 10, 23, 5, 
18, 31, 13, 26, 8, 21, 3, 16, 29, 11, 24, 6, 19)(32, 45, 58, 40, 53, 35, 48, 61, 43, 56, 38, 51, 33, 46, 59, 41, 54, 36, 49, 62, 44, 57, 39, 
52, 34, 47, 60, 42, 55, 37, 50),  ], [  (1, 43, 23, 34, 14, 56, 5, 47, 27, 38, 18, 60, 9, 51, 31, 42, 22, 33, 13, 55, 4, 46, 26, 37, 17, 59, 
8, 50, 30, 41, 21, 32, 12, 54, 3, 45, 25, 36, 16, 58, 7, 49, 29, 40, 20, 62, 11, 53, 2, 44, 24, 35, 15, 57, 6, 48, 28, 39, 19, 61, 10, 52),  
(1, 43)(2, 42)(3, 41)(4, 40)(5, 39)(6, 38)(7, 37)(8, 36)(9, 35)(10, 34)(11, 33)(12, 32)(13, 62)(14, 61)(15, 60)(16, 59)(17, 58)(18, 57)(19, 
56)(20, 55)(21, 54)(22, 53)(23, 52)(24, 51)(25, 50)(26, 49)(27, 48)(28, 47)(29, 46)(30, 45)(31, 44),  ], [  (1, 21, 10, 30, 19, 8, 28, 17, 6, 
26, 15, 4, 24, 13, 2, 22, 11, 31, 20, 9, 29, 18, 7, 27, 16, 5, 25, 14, 3, 23, 12)(32, 52, 41, 61, 50, 39, 59, 48, 37, 57, 46, 35, 55, 44, 33, 
53, 42, 62, 51, 40, 60, 49, 38, 58, 47, 36, 56, 45, 34, 54, 43),  (1, 12, 23, 3, 14, 25, 5, 16, 27, 7, 18, 29, 9, 20, 31, 11, 22, 2, 13, 24, 
4, 15, 26, 6, 17, 28, 8, 19, 30, 10, 21)(32, 43, 54, 34, 45, 56, 36, 47, 58, 38, 49, 60, 40, 51, 62, 42, 53, 33, 44, 55, 35, 46, 57, 37, 48, 
59, 39, 50, 61, 41, 52),  ], [  (1, 41, 19, 59, 6, 46, 24, 33, 11, 51, 29, 38, 16, 56, 3, 43, 21, 61, 8, 48, 26, 35, 13, 53, 31, 40, 18, 58, 
5, 45, 23, 32, 10, 50, 28, 37, 15, 55, 2, 42, 20, 60, 7, 47, 25, 34, 12, 52, 30, 39, 17, 57, 4, 44, 22, 62, 9, 49, 27, 36, 14, 54),  (1, 
41)(2, 40)(3, 39)(4, 38)(5, 37)(6, 36)(7, 35)(8, 34)(9, 33)(10, 32)(11, 62)(12, 61)(13, 60)(14, 59)(15, 58)(16, 57)(17, 56)(18, 55)(19, 
54)(20, 53)(21, 52)(22, 51)(23, 50)(24, 49)(25, 48)(26, 47)(27, 46)(28, 45)(29, 44)(30, 43)(31, 42),  ], [  (1, 44, 25, 37, 18, 61, 11, 54, 4,
47, 28, 40, 21, 33, 14, 57, 7, 50, 31, 43, 24, 36, 17, 60, 10, 53, 3, 46, 27, 39, 20, 32, 13, 56, 6, 49, 30, 42, 23, 35, 16, 59, 9, 52, 2, 45,
26, 38, 19, 62, 12, 55, 5, 48, 29, 41, 22, 34, 15, 58, 8, 51),  (1, 44)(2, 43)(3, 42)(4, 41)(5, 40)(6, 39)(7, 38)(8, 37)(9, 36)(10, 35)(11, 
34)(12, 33)(13, 32)(14, 62)(15, 61)(16, 60)(17, 59)(18, 58)(19, 57)(20, 56)(21, 55)(22, 54)(23, 53)(24, 52)(25, 51)(26, 50)(27, 49)(28, 
48)(29, 47)(30, 46)(31, 45),  ], [  (1, 23, 14, 5, 27, 18, 9, 31, 22, 13, 4, 26, 17, 8, 30, 21, 12, 3, 25, 16, 7, 29, 20, 11, 2, 24, 15, 6, 
28, 19, 10)(32, 54, 45, 36, 58, 49, 40, 62, 53, 44, 35, 57, 48, 39, 61, 52, 43, 34, 56, 47, 38, 60, 51, 42, 33, 55, 46, 37, 59, 50, 41),  (1, 
10, 19, 28, 6, 15, 24, 2, 11, 20, 29, 7, 16, 25, 3, 12, 21, 30, 8, 17, 26, 4, 13, 22, 31, 9, 18, 27, 5, 14, 23)(32, 41, 50, 59, 37, 46, 55, 
33, 42, 51, 60, 38, 47, 56, 34, 43, 52, 61, 39, 48, 57, 35, 44, 53, 62, 40, 49, 58, 36, 45, 54),  ], [  (1, 18, 4, 21, 7, 24, 10, 27, 13, 30, 
16, 2, 19, 5, 22, 8, 25, 11, 28, 14, 31, 17, 3, 20, 6, 23, 9, 26, 12, 29, 15)(32, 49, 35, 52, 38, 55, 41, 58, 44, 61, 47, 33, 50, 36, 53, 39, 
56, 42, 59, 45, 62, 48, 34, 51, 37, 54, 40, 57, 43, 60, 46),  (1, 15, 29, 12, 26, 9, 23, 6, 20, 3, 17, 31, 14, 28, 11, 25, 8, 22, 5, 19, 2, 
16, 30, 13, 27, 10, 24, 7, 21, 4, 18)(32, 46, 60, 43, 57, 40, 54, 37, 51, 34, 48, 62, 45, 59, 42, 56, 39, 53, 36, 50, 33, 47, 61, 44, 58, 41, 
55, 38, 52, 35, 49),  ], [  (1, 39, 15, 53, 29, 36, 12, 50, 26, 33, 9, 47, 23, 61, 6, 44, 20, 58, 3, 41, 17, 55, 31, 38, 14, 52, 28, 35, 11, 
49, 25, 32, 8, 46, 22, 60, 5, 43, 19, 57, 2, 40, 16, 54, 30, 37, 13, 51, 27, 34, 10, 48, 24, 62, 7, 45, 21, 59, 4, 42, 18, 56),  (1, 39)(2, 
38)(3, 37)(4, 36)(5, 35)(6, 34)(7, 33)(8, 32)(9, 62)(10, 61)(11, 60)(12, 59)(13, 58)(14, 57)(15, 56)(16, 55)(17, 54)(18, 53)(19, 52)(20, 
51)(21, 50)(22, 49)(23, 48)(24, 47)(25, 46)(26, 45)(27, 44)(28, 43)(29, 42)(30, 41)(31, 40),  ], [  (1, 46, 29, 43, 26, 40, 23, 37, 20, 34, 
17, 62, 14, 59, 11, 56, 8, 53, 5, 50, 2, 47, 30, 44, 27, 41, 24, 38, 21, 35, 18, 32, 15, 60, 12, 57, 9, 54, 6, 51, 3, 48, 31, 45, 28, 42, 25, 
39, 22, 36, 19, 33, 16, 61, 13, 58, 10, 55, 7, 52, 4, 49),  (1, 46)(2, 45)(3, 44)(4, 43)(5, 42)(6, 41)(7, 40)(8, 39)(9, 38)(10, 37)(11, 
36)(12, 35)(13, 34)(14, 33)(15, 32)(16, 62)(17, 61)(18, 60)(19, 59)(20, 58)(21, 57)(22, 56)(23, 55)(24, 54)(25, 53)(26, 52)(27, 51)(28, 
50)(29, 49)(30, 48)(31, 47),  ], [  (1, 16, 31, 15, 30, 14, 29, 13, 28, 12, 27, 11, 26, 10, 25, 9, 24, 8, 23, 7, 22, 6, 21, 5, 20, 4, 19, 3, 
18, 2, 17)(32, 47, 62, 46, 61, 45, 60, 44, 59, 43, 58, 42, 57, 41, 56, 40, 55, 39, 54, 38, 53, 37, 52, 36, 51, 35, 50, 34, 49, 33, 48),  (1, 
17, 2, 18, 3, 19, 4, 20, 5, 21, 6, 22, 7, 23, 8, 24, 9, 25, 10, 26, 11, 27, 12, 28, 13, 29, 14, 30, 15, 31, 16)(32, 48, 33, 49, 34, 50, 35, 
51, 36, 52, 37, 53, 38, 54, 39, 55, 40, 56, 41, 57, 42, 58, 43, 59, 44, 60, 45, 61, 46, 62, 47),  ], [  (1, 48, 2, 49, 3, 50, 4, 51, 5, 52, 6,
53, 7, 54, 8, 55, 9, 56, 10, 57, 11, 58, 12, 59, 13, 60, 14, 61, 15, 62, 16, 32, 17, 33, 18, 34, 19, 35, 20, 36, 21, 37, 22, 38, 23, 39, 24, 
40, 25, 41, 26, 42, 27, 43, 28, 44, 29, 45, 30, 46, 31, 47),  (1, 48)(2, 47)(3, 46)(4, 45)(5, 44)(6, 43)(7, 42)(8, 41)(9, 40)(10, 39)(11, 
38)(12, 37)(13, 36)(14, 35)(15, 34)(16, 33)(17, 32)(18, 62)(19, 61)(20, 60)(21, 59)(22, 58)(23, 57)(24, 56)(25, 55)(26, 54)(27, 53)(28, 
52)(29, 51)(30, 50)(31, 49),  ], [  (1, 14, 27, 9, 22, 4, 17, 30, 12, 25, 7, 20, 2, 15, 28, 10, 23, 5, 18, 31, 13, 26, 8, 21, 3, 16, 29, 11, 
24, 6, 19)(32, 45, 58, 40, 53, 35, 48, 61, 43, 56, 38, 51, 33, 46, 59, 41, 54, 36, 49, 62, 44, 57, 39, 52, 34, 47, 60, 42, 55, 37, 50),  (1, 
19, 6, 24, 11, 29, 16, 3, 21, 8, 26, 13, 31, 18, 5, 23, 10, 28, 15, 2, 20, 7, 25, 12, 30, 17, 4, 22, 9, 27, 14)(32, 50, 37, 55, 42, 60, 47, 
34, 52, 39, 57, 44, 62, 49, 36, 54, 41, 59, 46, 33, 51, 38, 56, 43, 61, 48, 35, 53, 40, 58, 45),  ], [  (1, 50, 6, 55, 11, 60, 16, 34, 21, 39,
26, 44, 31, 49, 5, 54, 10, 59, 15, 33, 20, 38, 25, 43, 30, 48, 4, 53, 9, 58, 14, 32, 19, 37, 24, 42, 29, 47, 3, 52, 8, 57, 13, 62, 18, 36, 23,
41, 28, 46, 2, 51, 7, 56, 12, 61, 17, 35, 22, 40, 27, 45),  (1, 50)(2, 49)(3, 48)(4, 47)(5, 46)(6, 45)(7, 44)(8, 43)(9, 42)(10, 41)(11, 
40)(12, 39)(13, 38)(14, 37)(15, 36)(16, 35)(17, 34)(18, 33)(19, 32)(20, 62)(21, 61)(22, 60)(23, 59)(24, 58)(25, 57)(26, 56)(27, 55)(28, 
54)(29, 53)(30, 52)(31, 51),  ], [  (1, 12, 23, 3, 14, 25, 5, 16, 27, 7, 18, 29, 9, 20, 31, 11, 22, 2, 13, 24, 4, 15, 26, 6, 17, 28, 8, 19, 
30, 10, 21)(32, 43, 54, 34, 45, 56, 36, 47, 58, 38, 49, 60, 40, 51, 62, 42, 53, 33, 44, 55, 35, 46, 57, 37, 48, 59, 39, 50, 61, 41, 52),  (1, 
21, 10, 30, 19, 8, 28, 17, 6, 26, 15, 4, 24, 13, 2, 22, 11, 31, 20, 9, 29, 18, 7, 27, 16, 5, 25, 14, 3, 23, 12)(32, 52, 41, 61, 50, 39, 59, 
48, 37, 57, 46, 35, 55, 44, 33, 53, 42, 62, 51, 40, 60, 49, 38, 58, 47, 36, 56, 45, 34, 54, 43),  ], [  (1, 52, 10, 61, 19, 39, 28, 48, 6, 57,
15, 35, 24, 44, 2, 53, 11, 62, 20, 40, 29, 49, 7, 58, 16, 36, 25, 45, 3, 54, 12, 32, 21, 41, 30, 50, 8, 59, 17, 37, 26, 46, 4, 55, 13, 33, 22,
42, 31, 51, 9, 60, 18, 38, 27, 47, 5, 56, 14, 34, 23, 43),  (1, 52)(2, 51)(3, 50)(4, 49)(5, 48)(6, 47)(7, 46)(8, 45)(9, 44)(10, 43)(11, 
42)(12, 41)(13, 40)(14, 39)(15, 38)(16, 37)(17, 36)(18, 35)(19, 34)(20, 33)(21, 32)(22, 62)(23, 61)(24, 60)(25, 59)(26, 58)(27, 57)(28, 
56)(29, 55)(30, 54)(31, 53),  ], [  (1, 10, 19, 28, 6, 15, 24, 2, 11, 20, 29, 7, 16, 25, 3, 12, 21, 30, 8, 17, 26, 4, 13, 22, 31, 9, 18, 27, 
5, 14, 23)(32, 41, 50, 59, 37, 46, 55, 33, 42, 51, 60, 38, 47, 56, 34, 43, 52, 61, 39, 48, 57, 35, 44, 53, 62, 40, 49, 58, 36, 45, 54),  (1, 
23, 14, 5, 27, 18, 9, 31, 22, 13, 4, 26, 17, 8, 30, 21, 12, 3, 25, 16, 7, 29, 20, 11, 2, 24, 15, 6, 28, 19, 10)(32, 54, 45, 36, 58, 49, 40, 
62, 53, 44, 35, 57, 48, 39, 61, 52, 43, 34, 56, 47, 38, 60, 51, 42, 33, 55, 46, 37, 59, 50, 41),  ], [  (1, 25, 18, 11, 4, 28, 21, 14, 7, 31, 
24, 17, 10, 3, 27, 20, 13, 6, 30, 23, 16, 9, 2, 26, 19, 12, 5, 29, 22, 15, 8)(32, 56, 49, 42, 35, 59, 52, 45, 38, 62, 55, 48, 41, 34, 58, 51, 
44, 37, 61, 54, 47, 40, 33, 57, 50, 43, 36, 60, 53, 46, 39),  (1, 8, 15, 22, 29, 5, 12, 19, 26, 2, 9, 16, 23, 30, 6, 13, 20, 27, 3, 10, 17, 
24, 31, 7, 14, 21, 28, 4, 11, 18, 25)(32, 39, 46, 53, 60, 36, 43, 50, 57, 33, 40, 47, 54, 61, 37, 44, 51, 58, 34, 41, 48, 55, 62, 38, 45, 52, 
59, 35, 42, 49, 56),  ], [  (1, 54, 14, 36, 27, 49, 9, 62, 22, 44, 4, 57, 17, 39, 30, 52, 12, 34, 25, 47, 7, 60, 20, 42, 2, 55, 15, 37, 28, 
50, 10, 32, 23, 45, 5, 58, 18, 40, 31, 53, 13, 35, 26, 48, 8, 61, 21, 43, 3, 56, 16, 38, 29, 51, 11, 33, 24, 46, 6, 59, 19, 41),  (1, 54)(2, 
53)(3, 52)(4, 51)(5, 50)(6, 49)(7, 48)(8, 47)(9, 46)(10, 45)(11, 44)(12, 43)(13, 42)(14, 41)(15, 40)(16, 39)(17, 38)(18, 37)(19, 36)(20, 
35)(21, 34)(22, 33)(23, 32)(24, 62)(25, 61)(26, 60)(27, 59)(28, 58)(29, 57)(30, 56)(31, 55),  ], [  (1, 37, 11, 47, 21, 57, 31, 36, 10, 46, 
20, 56, 30, 35, 9, 45, 19, 55, 29, 34, 8, 44, 18, 54, 28, 33, 7, 43, 17, 53, 27, 32, 6, 42, 16, 52, 26, 62, 5, 41, 15, 51, 25, 61, 4, 40, 14, 
50, 24, 60, 3, 39, 13, 49, 23, 59, 2, 38, 12, 48, 22, 58),  (1, 37)(2, 36)(3, 35)(4, 34)(5, 33)(6, 32)(7, 62)(8, 61)(9, 60)(10, 59)(11, 
58)(12, 57)(13, 56)(14, 55)(15, 54)(16, 53)(17, 52)(18, 51)(19, 50)(20, 49)(21, 48)(22, 47)(23, 46)(24, 45)(25, 44)(26, 43)(27, 42)(28, 
41)(29, 40)(30, 39)(31, 38),  ], [  (1, 8, 15, 22, 29, 5, 12, 19, 26, 2, 9, 16, 23, 30, 6, 13, 20, 27, 3, 10, 17, 24, 31, 7, 14, 21, 28, 4, 
11, 18, 25)(32, 39, 46, 53, 60, 36, 43, 50, 57, 33, 40, 47, 54, 61, 37, 44, 51, 58, 34, 41, 48, 55, 62, 38, 45, 52, 59, 35, 42, 49, 56),  (1, 
25, 18, 11, 4, 28, 21, 14, 7, 31, 24, 17, 10, 3, 27, 20, 13, 6, 30, 23, 16, 9, 2, 26, 19, 12, 5, 29, 22, 15, 8)(32, 56, 49, 42, 35, 59, 52, 
45, 38, 62, 55, 48, 41, 34, 58, 51, 44, 37, 61, 54, 47, 40, 33, 57, 50, 43, 36, 60, 53, 46, 39),  ], [  (1, 27, 22, 17, 12, 7, 2, 28, 23, 18, 
13, 8, 3, 29, 24, 19, 14, 9, 4, 30, 25, 20, 15, 10, 5, 31, 26, 21, 16, 11, 6)(32, 58, 53, 48, 43, 38, 33, 59, 54, 49, 44, 39, 34, 60, 55, 50, 
45, 40, 35, 61, 56, 51, 46, 41, 36, 62, 57, 52, 47, 42, 37),  (1, 6, 11, 16, 21, 26, 31, 5, 10, 15, 20, 25, 30, 4, 9, 14, 19, 24, 29, 3, 8, 
13, 18, 23, 28, 2, 7, 12, 17, 22, 27)(32, 37, 42, 47, 52, 57, 62, 36, 41, 46, 51, 56, 61, 35, 40, 45, 50, 55, 60, 34, 39, 44, 49, 54, 59, 33, 
38, 43, 48, 53, 58),  ], [  (1, 35, 7, 41, 13, 47, 19, 53, 25, 59, 31, 34, 6, 40, 12, 46, 18, 52, 24, 58, 30, 33, 5, 39, 11, 45, 17, 51, 23, 
57, 29, 32, 4, 38, 10, 44, 16, 50, 22, 56, 28, 62, 3, 37, 9, 43, 15, 49, 21, 55, 27, 61, 2, 36, 8, 42, 14, 48, 20, 54, 26, 60),  (1, 35)(2, 
34)(3, 33)(4, 32)(5, 62)(6, 61)(7, 60)(8, 59)(9, 58)(10, 57)(11, 56)(12, 55)(13, 54)(14, 53)(15, 52)(16, 51)(17, 50)(18, 49)(19, 48)(20, 
47)(21, 46)(22, 45)(23, 44)(24, 43)(25, 42)(26, 41)(27, 40)(28, 39)(29, 38)(30, 37)(31, 36),  ], [  (1, 29, 26, 23, 20, 17, 14, 11, 8, 5, 2, 
30, 27, 24, 21, 18, 15, 12, 9, 6, 3, 31, 28, 25, 22, 19, 16, 13, 10, 7, 4)(32, 60, 57, 54, 51, 48, 45, 42, 39, 36, 33, 61, 58, 55, 52, 49, 46,
43, 40, 37, 34, 62, 59, 56, 53, 50, 47, 44, 41, 38, 35),  (1, 4, 7, 10, 13, 16, 19, 22, 25, 28, 31, 3, 6, 9, 12, 15, 18, 21, 24, 27, 30, 2, 5,
8, 11, 14, 17, 20, 23, 26, 29)(32, 35, 38, 41, 44, 47, 50, 53, 56, 59, 62, 34, 37, 40, 43, 46, 49, 52, 55, 58, 61, 33, 36, 39, 42, 45, 48, 51,
54, 57, 60),  ], [  (1, 33, 3, 35, 5, 37, 7, 39, 9, 41, 11, 43, 13, 45, 15, 47, 17, 49, 19, 51, 21, 53, 23, 55, 25, 57, 27, 59, 29, 61, 31, 
32, 2, 34, 4, 36, 6, 38, 8, 40, 10, 42, 12, 44, 14, 46, 16, 48, 18, 50, 20, 52, 22, 54, 24, 56, 26, 58, 28, 60, 30, 62),  (1, 33)(2, 32)(3, 
62)(4, 61)(5, 60)(6, 59)(7, 58)(8, 57)(9, 56)(10, 55)(11, 54)(12, 53)(13, 52)(14, 51)(15, 50)(16, 49)(17, 48)(18, 47)(19, 46)(20, 45)(21, 
44)(22, 43)(23, 42)(24, 41)(25, 40)(26, 39)(27, 38)(28, 37)(29, 36)(30, 35)(31, 34),  ], [  (1, 31, 30, 29, 28, 27, 26, 25, 24, 23, 22, 21, 
20, 19, 18, 17, 16, 15, 14, 13, 12, 11, 10, 9, 8, 7, 6, 5, 4, 3, 2)(32, 62, 61, 60, 59, 58, 57, 56, 55, 54, 53, 52, 51, 50, 49, 48, 47, 46, 
45, 44, 43, 42, 41, 40, 39, 38, 37, 36, 35, 34, 33),  (1, 2, 3, 4, 5, 6, 7, 8, 9, 10, 11, 12, 13, 14, 15, 16, 17, 18, 19, 20, 21, 22, 23, 24, 
25, 26, 27, 28, 29, 30, 31)(32, 33, 34, 35, 36, 37, 38, 39, 40, 41, 42, 43, 44, 45, 46, 47, 48, 49, 50, 51, 52, 53, 54, 55, 56, 57, 58, 59, 
60, 61, 62),  ], [  (1, 62, 30, 60, 28, 58, 26, 56, 24, 54, 22, 52, 20, 50, 18, 48, 16, 46, 14, 44, 12, 42, 10, 40, 8, 38, 6, 36, 4, 34, 2, 
32, 31, 61, 29, 59, 27, 57, 25, 55, 23, 53, 21, 51, 19, 49, 17, 47, 15, 45, 13, 43, 11, 41, 9, 39, 7, 37, 5, 35, 3, 33),  (1, 62)(2, 61)(3, 
60)(4, 59)(5, 58)(6, 57)(7, 56)(8, 55)(9, 54)(10, 53)(11, 52)(12, 51)(13, 50)(14, 49)(15, 48)(16, 47)(17, 46)(18, 45)(19, 44)(20, 43)(21, 
42)(22, 41)(23, 40)(24, 39)(25, 38)(26, 37)(27, 36)(28, 35)(29, 34)(30, 33)(31, 32),  ], [  (1, 2, 3, 4, 5, 6, 7, 8, 9, 10, 11, 12, 13, 14, 
15, 16, 17, 18, 19, 20, 21, 22, 23, 24, 25, 26, 27, 28, 29, 30, 31)(32, 33, 34, 35, 36, 37, 38, 39, 40, 41, 42, 43, 44, 45, 46, 47, 48, 49, 
50, 51, 52, 53, 54, 55, 56, 57, 58, 59, 60, 61, 62),  (1, 31, 30, 29, 28, 27, 26, 25, 24, 23, 22, 21, 20, 19, 18, 17, 16, 15, 14, 13, 12, 11, 
10, 9, 8, 7, 6, 5, 4, 3, 2)(32, 62, 61, 60, 59, 58, 57, 56, 55, 54, 53, 52, 51, 50, 49, 48, 47, 46, 45, 44, 43, 42, 41, 40, 39, 38, 37, 36, 
35, 34, 33),  ], [  (1, 60, 26, 54, 20, 48, 14, 42, 8, 36, 2, 61, 27, 55, 21, 49, 15, 43, 9, 37, 3, 62, 28, 56, 22, 50, 16, 44, 10, 38, 4, 32,
29, 57, 23, 51, 17, 45, 11, 39, 5, 33, 30, 58, 24, 52, 18, 46, 12, 40, 6, 34, 31, 59, 25, 53, 19, 47, 13, 41, 7, 35),  (1, 60)(2, 59)(3, 
58)(4, 57)(5, 56)(6, 55)(7, 54)(8, 53)(9, 52)(10, 51)(11, 50)(12, 49)(13, 48)(14, 47)(15, 46)(16, 45)(17, 44)(18, 43)(19, 42)(20, 41)(21, 
40)(22, 39)(23, 38)(24, 37)(25, 36)(26, 35)(27, 34)(28, 33)(29, 32)(30, 62)(31, 61),  ], [  (1, 56, 18, 42, 4, 59, 21, 45, 7, 62, 24, 48, 10, 
34, 27, 51, 13, 37, 30, 54, 16, 40, 2, 57, 19, 43, 5, 60, 22, 46, 8, 32, 25, 49, 11, 35, 28, 52, 14, 38, 31, 55, 17, 41, 3, 58, 20, 44, 6, 61,
23, 47, 9, 33, 26, 50, 12, 36, 29, 53, 15, 39),  (1, 56)(2, 55)(3, 54)(4, 53)(5, 52)(6, 51)(7, 50)(8, 49)(9, 48)(10, 47)(11, 46)(12, 45)(13, 
44)(14, 43)(15, 42)(16, 41)(17, 40)(18, 39)(19, 38)(20, 37)(21, 36)(22, 35)(23, 34)(24, 33)(25, 32)(26, 62)(27, 61)(28, 60)(29, 59)(30, 
58)(31, 57),  ], [  (1, 4, 7, 10, 13, 16, 19, 22, 25, 28, 31, 3, 6, 9, 12, 15, 18, 21, 24, 27, 30, 2, 5, 8, 11, 14, 17, 20, 23, 26, 29)(32, 
35, 38, 41, 44, 47, 50, 53, 56, 59, 62, 34, 37, 40, 43, 46, 49, 52, 55, 58, 61, 33, 36, 39, 42, 45, 48, 51, 54, 57, 60),  (1, 29, 26, 23, 20, 
17, 14, 11, 8, 5, 2, 30, 27, 24, 21, 18, 15, 12, 9, 6, 3, 31, 28, 25, 22, 19, 16, 13, 10, 7, 4)(32, 60, 57, 54, 51, 48, 45, 42, 39, 36, 33, 
61, 58, 55, 52, 49, 46, 43, 40, 37, 34, 62, 59, 56, 53, 50, 47, 44, 41, 38, 35),  ], [  (1, 6, 11, 16, 21, 26, 31, 5, 10, 15, 20, 25, 30, 4, 
9, 14, 19, 24, 29, 3, 8, 13, 18, 23, 28, 2, 7, 12, 17, 22, 27)(32, 37, 42, 47, 52, 57, 62, 36, 41, 46, 51, 56, 61, 35, 40, 45, 50, 55, 60, 34,
39, 44, 49, 54, 59, 33, 38, 43, 48, 53, 58),  (1, 27, 22, 17, 12, 7, 2, 28, 23, 18, 13, 8, 3, 29, 24, 19, 14, 9, 4, 30, 25, 20, 15, 10, 5, 31,
26, 21, 16, 11, 6)(32, 58, 53, 48, 43, 38, 33, 59, 54, 49, 44, 39, 34, 60, 55, 50, 45, 40, 35, 61, 56, 51, 46, 41, 36, 62, 57, 52, 47, 42, 
37),  ], [  (1, 58, 22, 48, 12, 38, 2, 59, 23, 49, 13, 39, 3, 60, 24, 50, 14, 40, 4, 61, 25, 51, 15, 41, 5, 62, 26, 52, 16, 42, 6, 32, 27, 53,
17, 43, 7, 33, 28, 54, 18, 44, 8, 34, 29, 55, 19, 45, 9, 35, 30, 56, 20, 46, 10, 36, 31, 57, 21, 47, 11, 37),  (1, 58)(2, 57)(3, 56)(4, 55)(5,
54)(6, 53)(7, 52)(8, 51)(9, 50)(10, 49)(11, 48)(12, 47)(13, 46)(14, 45)(15, 44)(16, 43)(17, 42)(18, 41)(19, 40)(20, 39)(21, 38)(22, 37)(23, 
36)(24, 35)(25, 34)(26, 33)(27, 32)(28, 62)(29, 61)(30, 60)(31, 59),  ], ]
);

BRACES[62].brace[2] := rec ( size := 62, perms := [ [  (),  (),  ], [  (1, 32)(2, 33)(3, 34)(4, 35)(5, 36)(6, 37)(7, 38)(8, 39)(9, 40)(10, 
41)(11, 42)(12, 43)(13, 44)(14, 45)(15, 46)(16, 47)(17, 48)(18, 49)(19, 50)(20, 51)(21, 52)(22, 53)(23, 54)(24, 55)(25, 56)(26, 57)(27, 
58)(28, 59)(29, 60)(30, 61)(31, 62),  (1, 32)(2, 33)(3, 34)(4, 35)(5, 36)(6, 37)(7, 38)(8, 39)(9, 40)(10, 41)(11, 42)(12, 43)(13, 44)(14, 
45)(15, 46)(16, 47)(17, 48)(18, 49)(19, 50)(20, 51)(21, 52)(22, 53)(23, 54)(24, 55)(25, 56)(26, 57)(27, 58)(28, 59)(29, 60)(30, 61)(31, 62),  
], [  (1, 30, 28, 26, 24, 22, 20, 18, 16, 14, 12, 10, 8, 6, 4, 2, 31, 29, 27, 25, 23, 21, 19, 17, 15, 13, 11, 9, 7, 5, 3)(32, 61, 59, 57, 55, 
53, 51, 49, 47, 45, 43, 41, 39, 37, 35, 33, 62, 60, 58, 56, 54, 52, 50, 48, 46, 44, 42, 40, 38, 36, 34),  (1, 3, 5, 7, 9, 11, 13, 15, 17, 19, 
21, 23, 25, 27, 29, 31, 2, 4, 6, 8, 10, 12, 14, 16, 18, 20, 22, 24, 26, 28, 30)(32, 34, 36, 38, 40, 42, 44, 46, 48, 50, 52, 54, 56, 58, 60, 
62, 33, 35, 37, 39, 41, 43, 45, 47, 49, 51, 53, 55, 57, 59, 61),  ], [  (1, 3, 5, 7, 9, 11, 13, 15, 17, 19, 21, 23, 25, 27, 29, 31, 2, 4, 6, 
8, 10, 12, 14, 16, 18, 20, 22, 24, 26, 28, 30)(32, 34, 36, 38, 40, 42, 44, 46, 48, 50, 52, 54, 56, 58, 60, 62, 33, 35, 37, 39, 41, 43, 45, 47,
49, 51, 53, 55, 57, 59, 61),  (1, 30, 28, 26, 24, 22, 20, 18, 16, 14, 12, 10, 8, 6, 4, 2, 31, 29, 27, 25, 23, 21, 19, 17, 15, 13, 11, 9, 7, 5,
3)(32, 61, 59, 57, 55, 53, 51, 49, 47, 45, 43, 41, 39, 37, 35, 33, 62, 60, 58, 56, 54, 52, 50, 48, 46, 44, 42, 40, 38, 36, 34),  ], [  (1, 61,
28, 57, 24, 53, 20, 49, 16, 45, 12, 41, 8, 37, 4, 33, 31, 60, 27, 56, 23, 52, 19, 48, 15, 44, 11, 40, 7, 36, 3, 32, 30, 59, 26, 55, 22, 51, 
18, 47, 14, 43, 10, 39, 6, 35, 2, 62, 29, 58, 25, 54, 21, 50, 17, 46, 13, 42, 9, 38, 5, 34),  (1, 34, 5, 38, 9, 42, 13, 46, 17, 50, 21, 54, 
25, 58, 29, 62, 2, 35, 6, 39, 10, 43, 14, 47, 18, 51, 22, 55, 26, 59, 30, 32, 3, 36, 7, 40, 11, 44, 15, 48, 19, 52, 23, 56, 27, 60, 31, 33, 4,
37, 8, 41, 12, 45, 16, 49, 20, 53, 24, 57, 28, 61),  ], [  (1, 34, 5, 38, 9, 42, 13, 46, 17, 50, 21, 54, 25, 58, 29, 62, 2, 35, 6, 39, 10, 43,
14, 47, 18, 51, 22, 55, 26, 59, 30, 32, 3, 36, 7, 40, 11, 44, 15, 48, 19, 52, 23, 56, 27, 60, 31, 33, 4, 37, 8, 41, 12, 45, 16, 49, 20, 53, 
24, 57, 28, 61),  (1, 61, 28, 57, 24, 53, 20, 49, 16, 45, 12, 41, 8, 37, 4, 33, 31, 60, 27, 56, 23, 52, 19, 48, 15, 44, 11, 40, 7, 36, 3, 32, 
30, 59, 26, 55, 22, 51, 18, 47, 14, 43, 10, 39, 6, 35, 2, 62, 29, 58, 25, 54, 21, 50, 17, 46, 13, 42, 9, 38, 5, 34),  ], [  (1, 28, 24, 20, 
16, 12, 8, 4, 31, 27, 23, 19, 15, 11, 7, 3, 30, 26, 22, 18, 14, 10, 6, 2, 29, 25, 21, 17, 13, 9, 5)(32, 59, 55, 51, 47, 43, 39, 35, 62, 58, 
54, 50, 46, 42, 38, 34, 61, 57, 53, 49, 45, 41, 37, 33, 60, 56, 52, 48, 44, 40, 36),  (1, 5, 9, 13, 17, 21, 25, 29, 2, 6, 10, 14, 18, 22, 26, 
30, 3, 7, 11, 15, 19, 23, 27, 31, 4, 8, 12, 16, 20, 24, 28)(32, 36, 40, 44, 48, 52, 56, 60, 33, 37, 41, 45, 49, 53, 57, 61, 34, 38, 42, 46, 
50, 54, 58, 62, 35, 39, 43, 47, 51, 55, 59),  ], [  (1, 5, 9, 13, 17, 21, 25, 29, 2, 6, 10, 14, 18, 22, 26, 30, 3, 7, 11, 15, 19, 23, 27, 31, 
4, 8, 12, 16, 20, 24, 28)(32, 36, 40, 44, 48, 52, 56, 60, 33, 37, 41, 45, 49, 53, 57, 61, 34, 38, 42, 46, 50, 54, 58, 62, 35, 39, 43, 47, 51, 
55, 59),  (1, 28, 24, 20, 16, 12, 8, 4, 31, 27, 23, 19, 15, 11, 7, 3, 30, 26, 22, 18, 14, 10, 6, 2, 29, 25, 21, 17, 13, 9, 5)(32, 59, 55, 51, 
47, 43, 39, 35, 62, 58, 54, 50, 46, 42, 38, 34, 61, 57, 53, 49, 45, 41, 37, 33, 60, 56, 52, 48, 44, 40, 36),  ], [  (1, 59, 24, 51, 16, 43, 8,
35, 31, 58, 23, 50, 15, 42, 7, 34, 30, 57, 22, 49, 14, 41, 6, 33, 29, 56, 21, 48, 13, 40, 5, 32, 28, 55, 20, 47, 12, 39, 4, 62, 27, 54, 19, 
46, 11, 38, 3, 61, 26, 53, 18, 45, 10, 37, 2, 60, 25, 52, 17, 44, 9, 36),  (1, 36, 9, 44, 17, 52, 25, 60, 2, 37, 10, 45, 18, 53, 26, 61, 3, 
38, 11, 46, 19, 54, 27, 62, 4, 39, 12, 47, 20, 55, 28, 32, 5, 40, 13, 48, 21, 56, 29, 33, 6, 41, 14, 49, 22, 57, 30, 34, 7, 42, 15, 50, 23, 
58, 31, 35, 8, 43, 16, 51, 24, 59),  ], [  (1, 36, 9, 44, 17, 52, 25, 60, 2, 37, 10, 45, 18, 53, 26, 61, 3, 38, 11, 46, 19, 54, 27, 62, 4, 39,
12, 47, 20, 55, 28, 32, 5, 40, 13, 48, 21, 56, 29, 33, 6, 41, 14, 49, 22, 57, 30, 34, 7, 42, 15, 50, 23, 58, 31, 35, 8, 43, 16, 51, 24, 59),  
(1, 59, 24, 51, 16, 43, 8, 35, 31, 58, 23, 50, 15, 42, 7, 34, 30, 57, 22, 49, 14, 41, 6, 33, 29, 56, 21, 48, 13, 40, 5, 32, 28, 55, 20, 47, 
12, 39, 4, 62, 27, 54, 19, 46, 11, 38, 3, 61, 26, 53, 18, 45, 10, 37, 2, 60, 25, 52, 17, 44, 9, 36),  ], [  (1, 26, 20, 14, 8, 2, 27, 21, 15, 
9, 3, 28, 22, 16, 10, 4, 29, 23, 17, 11, 5, 30, 24, 18, 12, 6, 31, 25, 19, 13, 7)(32, 57, 51, 45, 39, 33, 58, 52, 46, 40, 34, 59, 53, 47, 41, 
35, 60, 54, 48, 42, 36, 61, 55, 49, 43, 37, 62, 56, 50, 44, 38),  (1, 7, 13, 19, 25, 31, 6, 12, 18, 24, 30, 5, 11, 17, 23, 29, 4, 10, 16, 22, 
28, 3, 9, 15, 21, 27, 2, 8, 14, 20, 26)(32, 38, 44, 50, 56, 62, 37, 43, 49, 55, 61, 36, 42, 48, 54, 60, 35, 41, 47, 53, 59, 34, 40, 46, 52, 
58, 33, 39, 45, 51, 57),  ], [  (1, 7, 13, 19, 25, 31, 6, 12, 18, 24, 30, 5, 11, 17, 23, 29, 4, 10, 16, 22, 28, 3, 9, 15, 21, 27, 2, 8, 14, 
20, 26)(32, 38, 44, 50, 56, 62, 37, 43, 49, 55, 61, 36, 42, 48, 54, 60, 35, 41, 47, 53, 59, 34, 40, 46, 52, 58, 33, 39, 45, 51, 57),  (1, 26, 
20, 14, 8, 2, 27, 21, 15, 9, 3, 28, 22, 16, 10, 4, 29, 23, 17, 11, 5, 30, 24, 18, 12, 6, 31, 25, 19, 13, 7)(32, 57, 51, 45, 39, 33, 58, 52, 
46, 40, 34, 59, 53, 47, 41, 35, 60, 54, 48, 42, 36, 61, 55, 49, 43, 37, 62, 56, 50, 44, 38),  ], [  (1, 57, 20, 45, 8, 33, 27, 52, 15, 40, 3, 
59, 22, 47, 10, 35, 29, 54, 17, 42, 5, 61, 24, 49, 12, 37, 31, 56, 19, 44, 7, 32, 26, 51, 14, 39, 2, 58, 21, 46, 9, 34, 28, 53, 16, 41, 4, 60,
23, 48, 11, 36, 30, 55, 18, 43, 6, 62, 25, 50, 13, 38),  (1, 38, 13, 50, 25, 62, 6, 43, 18, 55, 30, 36, 11, 48, 23, 60, 4, 41, 16, 53, 28, 34,
9, 46, 21, 58, 2, 39, 14, 51, 26, 32, 7, 44, 19, 56, 31, 37, 12, 49, 24, 61, 5, 42, 17, 54, 29, 35, 10, 47, 22, 59, 3, 40, 15, 52, 27, 33, 8, 
45, 20, 57),  ], [  (1, 38, 13, 50, 25, 62, 6, 43, 18, 55, 30, 36, 11, 48, 23, 60, 4, 41, 16, 53, 28, 34, 9, 46, 21, 58, 2, 39, 14, 51, 26, 
32, 7, 44, 19, 56, 31, 37, 12, 49, 24, 61, 5, 42, 17, 54, 29, 35, 10, 47, 22, 59, 3, 40, 15, 52, 27, 33, 8, 45, 20, 57),  (1, 57, 20, 45, 8, 
33, 27, 52, 15, 40, 3, 59, 22, 47, 10, 35, 29, 54, 17, 42, 5, 61, 24, 49, 12, 37, 31, 56, 19, 44, 7, 32, 26, 51, 14, 39, 2, 58, 21, 46, 9, 34,
28, 53, 16, 41, 4, 60, 23, 48, 11, 36, 30, 55, 18, 43, 6, 62, 25, 50, 13, 38),  ], [  (1, 24, 16, 8, 31, 23, 15, 7, 30, 22, 14, 6, 29, 21, 13,
5, 28, 20, 12, 4, 27, 19, 11, 3, 26, 18, 10, 2, 25, 17, 9)(32, 55, 47, 39, 62, 54, 46, 38, 61, 53, 45, 37, 60, 52, 44, 36, 59, 51, 43, 35, 58,
50, 42, 34, 57, 49, 41, 33, 56, 48, 40),  (1, 9, 17, 25, 2, 10, 18, 26, 3, 11, 19, 27, 4, 12, 20, 28, 5, 13, 21, 29, 6, 14, 22, 30, 7, 15, 23,
31, 8, 16, 24)(32, 40, 48, 56, 33, 41, 49, 57, 34, 42, 50, 58, 35, 43, 51, 59, 36, 44, 52, 60, 37, 45, 53, 61, 38, 46, 54, 62, 39, 47, 55),  
], [  (1, 9, 17, 25, 2, 10, 18, 26, 3, 11, 19, 27, 4, 12, 20, 28, 5, 13, 21, 29, 6, 14, 22, 30, 7, 15, 23, 31, 8, 16, 24)(32, 40, 48, 56, 33, 
41, 49, 57, 34, 42, 50, 58, 35, 43, 51, 59, 36, 44, 52, 60, 37, 45, 53, 61, 38, 46, 54, 62, 39, 47, 55),  (1, 24, 16, 8, 31, 23, 15, 7, 30, 
22, 14, 6, 29, 21, 13, 5, 28, 20, 12, 4, 27, 19, 11, 3, 26, 18, 10, 2, 25, 17, 9)(32, 55, 47, 39, 62, 54, 46, 38, 61, 53, 45, 37, 60, 52, 44, 
36, 59, 51, 43, 35, 58, 50, 42, 34, 57, 49, 41, 33, 56, 48, 40),  ], [  (1, 55, 16, 39, 31, 54, 15, 38, 30, 53, 14, 37, 29, 52, 13, 36, 28, 
51, 12, 35, 27, 50, 11, 34, 26, 49, 10, 33, 25, 48, 9, 32, 24, 47, 8, 62, 23, 46, 7, 61, 22, 45, 6, 60, 21, 44, 5, 59, 20, 43, 4, 58, 19, 42, 
3, 57, 18, 41, 2, 56, 17, 40),  (1, 40, 17, 56, 2, 41, 18, 57, 3, 42, 19, 58, 4, 43, 20, 59, 5, 44, 21, 60, 6, 45, 22, 61, 7, 46, 23, 62, 8, 
47, 24, 32, 9, 48, 25, 33, 10, 49, 26, 34, 11, 50, 27, 35, 12, 51, 28, 36, 13, 52, 29, 37, 14, 53, 30, 38, 15, 54, 31, 39, 16, 55),  ], [  (1,
40, 17, 56, 2, 41, 18, 57, 3, 42, 19, 58, 4, 43, 20, 59, 5, 44, 21, 60, 6, 45, 22, 61, 7, 46, 23, 62, 8, 47, 24, 32, 9, 48, 25, 33, 10, 49, 
26, 34, 11, 50, 27, 35, 12, 51, 28, 36, 13, 52, 29, 37, 14, 53, 30, 38, 15, 54, 31, 39, 16, 55),  (1, 55, 16, 39, 31, 54, 15, 38, 30, 53, 14, 
37, 29, 52, 13, 36, 28, 51, 12, 35, 27, 50, 11, 34, 26, 49, 10, 33, 25, 48, 9, 32, 24, 47, 8, 62, 23, 46, 7, 61, 22, 45, 6, 60, 21, 44, 5, 59,
20, 43, 4, 58, 19, 42, 3, 57, 18, 41, 2, 56, 17, 40),  ], [  (1, 22, 12, 2, 23, 13, 3, 24, 14, 4, 25, 15, 5, 26, 16, 6, 27, 17, 7, 28, 18, 8, 
29, 19, 9, 30, 20, 10, 31, 21, 11)(32, 53, 43, 33, 54, 44, 34, 55, 45, 35, 56, 46, 36, 57, 47, 37, 58, 48, 38, 59, 49, 39, 60, 50, 40, 61, 51,
41, 62, 52, 42),  (1, 11, 21, 31, 10, 20, 30, 9, 19, 29, 8, 18, 28, 7, 17, 27, 6, 16, 26, 5, 15, 25, 4, 14, 24, 3, 13, 23, 2, 12, 22)(32, 42, 
52, 62, 41, 51, 61, 40, 50, 60, 39, 49, 59, 38, 48, 58, 37, 47, 57, 36, 46, 56, 35, 45, 55, 34, 44, 54, 33, 43, 53),  ], [  (1, 11, 21, 31, 
10, 20, 30, 9, 19, 29, 8, 18, 28, 7, 17, 27, 6, 16, 26, 5, 15, 25, 4, 14, 24, 3, 13, 23, 2, 12, 22)(32, 42, 52, 62, 41, 51, 61, 40, 50, 60, 
39, 49, 59, 38, 48, 58, 37, 47, 57, 36, 46, 56, 35, 45, 55, 34, 44, 54, 33, 43, 53),  (1, 22, 12, 2, 23, 13, 3, 24, 14, 4, 25, 15, 5, 26, 16, 
6, 27, 17, 7, 28, 18, 8, 29, 19, 9, 30, 20, 10, 31, 21, 11)(32, 53, 43, 33, 54, 44, 34, 55, 45, 35, 56, 46, 36, 57, 47, 37, 58, 48, 38, 59, 
49, 39, 60, 50, 40, 61, 51, 41, 62, 52, 42),  ], [  (1, 53, 12, 33, 23, 44, 3, 55, 14, 35, 25, 46, 5, 57, 16, 37, 27, 48, 7, 59, 18, 39, 29, 
50, 9, 61, 20, 41, 31, 52, 11, 32, 22, 43, 2, 54, 13, 34, 24, 45, 4, 56, 15, 36, 26, 47, 6, 58, 17, 38, 28, 49, 8, 60, 19, 40, 30, 51, 10, 62,
