BRACES[91] := rec( total := -1, implemented := 1, size := 91, brace := [] );BRACES[91].brace[1] := rec ( size := 91, perms := [ [  (),  (),  
], [  (1, 27, 53, 79, 14, 40, 66)(2, 28, 54, 80, 15, 41, 67)(3, 29, 55, 81, 16, 42, 68)(4, 30, 56, 82, 17, 43, 69)(5, 31, 57, 83, 18, 44, 
70)(6, 32, 58, 84, 19, 45, 71)(7, 33, 59, 85, 20, 46, 72)(8, 34, 60, 86, 21, 47, 73)(9, 35, 61, 87, 22, 48, 74)(10, 36, 62, 88, 23, 49, 
75)(11, 37, 63, 89, 24, 50, 76)(12, 38, 64, 90, 25, 51, 77)(13, 39, 65, 91, 26, 52, 78),  (1, 66, 40, 14, 79, 53, 27)(2, 67, 41, 15, 80, 54, 
28)(3, 68, 42, 16, 81, 55, 29)(4, 69, 43, 17, 82, 56, 30)(5, 70, 44, 18, 83, 57, 31)(6, 71, 45, 19, 84, 58, 32)(7, 72, 46, 20, 85, 59, 33)(8, 
73, 47, 21, 86, 60, 34)(9, 74, 48, 22, 87, 61, 35)(10, 75, 49, 23, 88, 62, 36)(11, 76, 50, 24, 89, 63, 37)(12, 77, 51, 25, 90, 64, 38)(13, 78,
52, 26, 91, 65, 39),  ], [  (1, 2, 3, 4, 5, 6, 7, 8, 9, 10, 11, 12, 13)(14, 15, 16, 17, 18, 19, 20, 21, 22, 23, 24, 25, 26)(27, 28, 29, 30, 
31, 32, 33, 34, 35, 36, 37, 38, 39)(40, 41, 42, 43, 44, 45, 46, 47, 48, 49, 50, 51, 52)(53, 54, 55, 56, 57, 58, 59, 60, 61, 62, 63, 64, 
65)(66, 67, 68, 69, 70, 71, 72, 73, 74, 75, 76, 77, 78)(79, 80, 81, 82, 83, 84, 85, 86, 87, 88, 89, 90, 91),  (1, 13, 12, 11, 10, 9, 8, 7, 6, 
5, 4, 3, 2)(14, 26, 25, 24, 23, 22, 21, 20, 19, 18, 17, 16, 15)(27, 39, 38, 37, 36, 35, 34, 33, 32, 31, 30, 29, 28)(40, 52, 51, 50, 49, 48, 
47, 46, 45, 44, 43, 42, 41)(53, 65, 64, 63, 62, 61, 60, 59, 58, 57, 56, 55, 54)(66, 78, 77, 76, 75, 74, 73, 72, 71, 70, 69, 68, 67)(79, 91, 
90, 89, 88, 87, 86, 85, 84, 83, 82, 81, 80),  ], [  (1, 66, 40, 14, 79, 53, 27)(2, 67, 41, 15, 80, 54, 28)(3, 68, 42, 16, 81, 55, 29)(4, 69, 
43, 17, 82, 56, 30)(5, 70, 44, 18, 83, 57, 31)(6, 71, 45, 19, 84, 58, 32)(7, 72, 46, 20, 85, 59, 33)(8, 73, 47, 21, 86, 60, 34)(9, 74, 48, 22,
87, 61, 35)(10, 75, 49, 23, 88, 62, 36)(11, 76, 50, 24, 89, 63, 37)(12, 77, 51, 25, 90, 64, 38)(13, 78, 52, 26, 91, 65, 39),  (1, 27, 53, 79, 
14, 40, 66)(2, 28, 54, 80, 15, 41, 67)(3, 29, 55, 81, 16, 42, 68)(4, 30, 56, 82, 17, 43, 69)(5, 31, 57, 83, 18, 44, 70)(6, 32, 58, 84, 19, 45,
71)(7, 33, 59, 85, 20, 46, 72)(8, 34, 60, 86, 21, 47, 73)(9, 35, 61, 87, 22, 48, 74)(10, 36, 62, 88, 23, 49, 75)(11, 37, 63, 89, 24, 50, 
76)(12, 38, 64, 90, 25, 51, 77)(13, 39, 65, 91, 26, 52, 78),  ], [  (1, 13, 12, 11, 10, 9, 8, 7, 6, 5, 4, 3, 2)(14, 26, 25, 24, 23, 22, 21, 
20, 19, 18, 17, 16, 15)(27, 39, 38, 37, 36, 35, 34, 33, 32, 31, 30, 29, 28)(40, 52, 51, 50, 49, 48, 47, 46, 45, 44, 43, 42, 41)(53, 65, 64, 
63, 62, 61, 60, 59, 58, 57, 56, 55, 54)(66, 78, 77, 76, 75, 74, 73, 72, 71, 70, 69, 68, 67)(79, 91, 90, 89, 88, 87, 86, 85, 84, 83, 82, 81, 
80),  (1, 2, 3, 4, 5, 6, 7, 8, 9, 10, 11, 12, 13)(14, 15, 16, 17, 18, 19, 20, 21, 22, 23, 24, 25, 26)(27, 28, 29, 30, 31, 32, 33, 34, 35, 36, 
37, 38, 39)(40, 41, 42, 43, 44, 45, 46, 47, 48, 49, 50, 51, 52)(53, 54, 55, 56, 57, 58, 59, 60, 61, 62, 63, 64, 65)(66, 67, 68, 69, 70, 71, 
72, 73, 74, 75, 76, 77, 78)(79, 80, 81, 82, 83, 84, 85, 86, 87, 88, 89, 90, 91),  ], [  (1, 53, 14, 66, 27, 79, 40)(2, 54, 15, 67, 28, 80, 
41)(3, 55, 16, 68, 29, 81, 42)(4, 56, 17, 69, 30, 82, 43)(5, 57, 18, 70, 31, 83, 44)(6, 58, 19, 71, 32, 84, 45)(7, 59, 20, 72, 33, 85, 46)(8, 
60, 21, 73, 34, 86, 47)(9, 61, 22, 74, 35, 87, 48)(10, 62, 23, 75, 36, 88, 49)(11, 63, 24, 76, 37, 89, 50)(12, 64, 25, 77, 38, 90, 51)(13, 65,
26, 78, 39, 91, 52),  (1, 40, 79, 27, 66, 14, 53)(2, 41, 80, 28, 67, 15, 54)(3, 42, 81, 29, 68, 16, 55)(4, 43, 82, 30, 69, 17, 56)(5, 44, 83, 
31, 70, 18, 57)(6, 45, 84, 32, 71, 19, 58)(7, 46, 85, 33, 72, 20, 59)(8, 47, 86, 34, 73, 21, 60)(9, 48, 87, 35, 74, 22, 61)(10, 49, 88, 36, 
75, 23, 62)(11, 50, 89, 37, 76, 24, 63)(12, 51, 90, 38, 77, 25, 64)(13, 52, 91, 39, 78, 26, 65),  ], [  (1, 28, 55, 82, 18, 45, 72, 8, 35, 62,
89, 25, 52, 66, 2, 29, 56, 83, 19, 46, 73, 9, 36, 63, 90, 26, 40, 67, 3, 30, 57, 84, 20, 47, 74, 10, 37, 64, 91, 14, 41, 68, 4, 31, 58, 85, 
21, 48, 75, 11, 38, 65, 79, 15, 42, 69, 5, 32, 59, 86, 22, 49, 76, 12, 39, 53, 80, 16, 43, 70, 6, 33, 60, 87, 23, 50, 77, 13, 27, 54, 81, 17, 
44, 71, 7, 34, 61, 88, 24, 51, 78),  (1, 78, 51, 24, 88, 61, 34, 7, 71, 44, 17, 81, 54, 27, 13, 77, 50, 23, 87, 60, 33, 6, 70, 43, 16, 80, 53,
39, 12, 76, 49, 22, 86, 59, 32, 5, 69, 42, 15, 79, 65, 38, 11, 75, 48, 21, 85, 58, 31, 4, 68, 41, 14, 91, 64, 37, 10, 74, 47, 20, 84, 57, 30, 
3, 67, 40, 26, 90, 63, 36, 9, 73, 46, 19, 83, 56, 29, 2, 66, 52, 25, 89, 62, 35, 8, 72, 45, 18, 82, 55, 28),  ], [  (1, 39, 64, 89, 23, 48, 
73, 7, 32, 57, 82, 16, 41, 66, 13, 38, 63, 88, 22, 47, 72, 6, 31, 56, 81, 15, 40, 78, 12, 37, 62, 87, 21, 46, 71, 5, 30, 55, 80, 14, 52, 77, 
11, 36, 61, 86, 20, 45, 70, 4, 29, 54, 79, 26, 51, 76, 10, 35, 60, 85, 19, 44, 69, 3, 28, 53, 91, 25, 50, 75, 9, 34, 59, 84, 18, 43, 68, 2, 
27, 65, 90, 24, 49, 74, 8, 33, 58, 83, 17, 42, 67),  (1, 67, 42, 17, 83, 58, 33, 8, 74, 49, 24, 90, 65, 27, 2, 68, 43, 18, 84, 59, 34, 9, 75, 
50, 25, 91, 53, 28, 3, 69, 44, 19, 85, 60, 35, 10, 76, 51, 26, 79, 54, 29, 4, 70, 45, 20, 86, 61, 36, 11, 77, 52, 14, 80, 55, 30, 5, 71, 46, 
21, 87, 62, 37, 12, 78, 40, 15, 81, 56, 31, 6, 72, 47, 22, 88, 63, 38, 13, 66, 41, 16, 82, 57, 32, 7, 73, 48, 23, 89, 64, 39),  ], [  (1, 3, 
5, 7, 9, 11, 13, 2, 4, 6, 8, 10, 12)(14, 16, 18, 20, 22, 24, 26, 15, 17, 19, 21, 23, 25)(27, 29, 31, 33, 35, 37, 39, 28, 30, 32, 34, 36, 
38)(40, 42, 44, 46, 48, 50, 52, 41, 43, 45, 47, 49, 51)(53, 55, 57, 59, 61, 63, 65, 54, 56, 58, 60, 62, 64)(66, 68, 70, 72, 74, 76, 78, 67, 
69, 71, 73, 75, 77)(79, 81, 83, 85, 87, 89, 91, 80, 82, 84, 86, 88, 90),  (1, 12, 10, 8, 6, 4, 2, 13, 11, 9, 7, 5, 3)(14, 25, 23, 21, 19, 17, 
15, 26, 24, 22, 20, 18, 16)(27, 38, 36, 34, 32, 30, 28, 39, 37, 35, 33, 31, 29)(40, 51, 49, 47, 45, 43, 41, 52, 50, 48, 46, 44, 42)(53, 64, 
62, 60, 58, 56, 54, 65, 63, 61, 59, 57, 55)(66, 77, 75, 73, 71, 69, 67, 78, 76, 74, 72, 70, 68)(79, 90, 88, 86, 84, 82, 80, 91, 89, 87, 85, 
83, 81),  ], [  (1, 67, 42, 17, 83, 58, 33, 8, 74, 49, 24, 90, 65, 27, 2, 68, 43, 18, 84, 59, 34, 9, 75, 50, 25, 91, 53, 28, 3, 69, 44, 19, 
85, 60, 35, 10, 76, 51, 26, 79, 54, 29, 4, 70, 45, 20, 86, 61, 36, 11, 77, 52, 14, 80, 55, 30, 5, 71, 46, 21, 87, 62, 37, 12, 78, 40, 15, 81, 
56, 31, 6, 72, 47, 22, 88, 63, 38, 13, 66, 41, 16, 82, 57, 32, 7, 73, 48, 23, 89, 64, 39),  (1, 39, 64, 89, 23, 48, 73, 7, 32, 57, 82, 16, 41,
66, 13, 38, 63, 88, 22, 47, 72, 6, 31, 56, 81, 15, 40, 78, 12, 37, 62, 87, 21, 46, 71, 5, 30, 55, 80, 14, 52, 77, 11, 36, 61, 86, 20, 45, 70, 
4, 29, 54, 79, 26, 51, 76, 10, 35, 60, 85, 19, 44, 69, 3, 28, 53, 91, 25, 50, 75, 9, 34, 59, 84, 18, 43, 68, 2, 27, 65, 90, 24, 49, 74, 8, 33,
58, 83, 17, 42, 67),  ], [  (1, 40, 79, 27, 66, 14, 53)(2, 41, 80, 28, 67, 15, 54)(3, 42, 81, 29, 68, 16, 55)(4, 43, 82, 30, 69, 17, 56)(5, 
44, 83, 31, 70, 18, 57)(6, 45, 84, 32, 71, 19, 58)(7, 46, 85, 33, 72, 20, 59)(8, 47, 86, 34, 73, 21, 60)(9, 48, 87, 35, 74, 22, 61)(10, 49, 
88, 36, 75, 23, 62)(11, 50, 89, 37, 76, 24, 63)(12, 51, 90, 38, 77, 25, 64)(13, 52, 91, 39, 78, 26, 65),  (1, 53, 14, 66, 27, 79, 40)(2, 54, 
15, 67, 28, 80, 41)(3, 55, 16, 68, 29, 81, 42)(4, 56, 17, 69, 30, 82, 43)(5, 57, 18, 70, 31, 83, 44)(6, 58, 19, 71, 32, 84, 45)(7, 59, 20, 72,
33, 85, 46)(8, 60, 21, 73, 34, 86, 47)(9, 61, 22, 74, 35, 87, 48)(10, 62, 23, 75, 36, 88, 49)(11, 63, 24, 76, 37, 89, 50)(12, 64, 25, 77, 38, 
90, 51)(13, 65, 26, 78, 39, 91, 52),  ], [  (1, 78, 51, 24, 88, 61, 34, 7, 71, 44, 17, 81, 54, 27, 13, 77, 50, 23, 87, 60, 33, 6, 70, 43, 16, 
80, 53, 39, 12, 76, 49, 22, 86, 59, 32, 5, 69, 42, 15, 79, 65, 38, 11, 75, 48, 21, 85, 58, 31, 4, 68, 41, 14, 91, 64, 37, 10, 74, 47, 20, 84, 
57, 30, 3, 67, 40, 26, 90, 63, 36, 9, 73, 46, 19, 83, 56, 29, 2, 66, 52, 25, 89, 62, 35, 8, 72, 45, 18, 82, 55, 28),  (1, 28, 55, 82, 18, 45, 
72, 8, 35, 62, 89, 25, 52, 66, 2, 29, 56, 83, 19, 46, 73, 9, 36, 63, 90, 26, 40, 67, 3, 30, 57, 84, 20, 47, 74, 10, 37, 64, 91, 14, 41, 68, 4,
31, 58, 85, 21, 48, 75, 11, 38, 65, 79, 15, 42, 69, 5, 32, 59, 86, 22, 49, 76, 12, 39, 53, 80, 16, 43, 70, 6, 33, 60, 87, 23, 50, 77, 13, 27, 
54, 81, 17, 44, 71, 7, 34, 61, 88, 24, 51, 78),  ], [  (1, 12, 10, 8, 6, 4, 2, 13, 11, 9, 7, 5, 3)(14, 25, 23, 21, 19, 17, 15, 26, 24, 22, 20,
18, 16)(27, 38, 36, 34, 32, 30, 28, 39, 37, 35, 33, 31, 29)(40, 51, 49, 47, 45, 43, 41, 52, 50, 48, 46, 44, 42)(53, 64, 62, 60, 58, 56, 54, 
65, 63, 61, 59, 57, 55)(66, 77, 75, 73, 71, 69, 67, 78, 76, 74, 72, 70, 68)(79, 90, 88, 86, 84, 82, 80, 91, 89, 87, 85, 83, 81),  (1, 3, 5, 7,
9, 11, 13, 2, 4, 6, 8, 10, 12)(14, 16, 18, 20, 22, 24, 26, 15, 17, 19, 21, 23, 25)(27, 29, 31, 33, 35, 37, 39, 28, 30, 32, 34, 36, 38)(40, 42,
44, 46, 48, 50, 52, 41, 43, 45, 47, 49, 51)(53, 55, 57, 59, 61, 63, 65, 54, 56, 58, 60, 62, 64)(66, 68, 70, 72, 74, 76, 78, 67, 69, 71, 73, 
75, 77)(79, 81, 83, 85, 87, 89, 91, 80, 82, 84, 86, 88, 90),  ], [  (1, 79, 66, 53, 40, 27, 14)(2, 80, 67, 54, 41, 28, 15)(3, 81, 68, 55, 42, 
29, 16)(4, 82, 69, 56, 43, 30, 17)(5, 83, 70, 57, 44, 31, 18)(6, 84, 71, 58, 45, 32, 19)(7, 85, 72, 59, 46, 33, 20)(8, 86, 73, 60, 47, 34, 
21)(9, 87, 74, 61, 48, 35, 22)(10, 88, 75, 62, 49, 36, 23)(11, 89, 76, 63, 50, 37, 24)(12, 90, 77, 64, 51, 38, 25)(13, 91, 78, 65, 52, 39, 
26),  (1, 14, 27, 40, 53, 66, 79)(2, 15, 28, 41, 54, 67, 80)(3, 16, 29, 42, 55, 68, 81)(4, 17, 30, 43, 56, 69, 82)(5, 18, 31, 44, 57, 70, 
83)(6, 19, 32, 45, 58, 71, 84)(7, 20, 33, 46, 59, 72, 85)(8, 21, 34, 47, 60, 73, 86)(9, 22, 35, 48, 61, 74, 87)(10, 23, 36, 49, 62, 75, 
88)(11, 24, 37, 50, 63, 76, 89)(12, 25, 38, 51, 64, 77, 90)(13, 26, 39, 52, 65, 78, 91),  ], [  (1, 54, 16, 69, 31, 84, 46, 8, 61, 23, 76, 38,
91, 40, 2, 55, 17, 70, 32, 85, 47, 9, 62, 24, 77, 39, 79, 41, 3, 56, 18, 71, 33, 86, 48, 10, 63, 25, 78, 27, 80, 42, 4, 57, 19, 72, 34, 87, 
49, 11, 64, 26, 66, 28, 81, 43, 5, 58, 20, 73, 35, 88, 50, 12, 65, 14, 67, 29, 82, 44, 6, 59, 21, 74, 36, 89, 51, 13, 53, 15, 68, 30, 83, 45, 
7, 60, 22, 75, 37, 90, 52),  (1, 52, 90, 37, 75, 22, 60, 7, 45, 83, 30, 68, 15, 53, 13, 51, 89, 36, 74, 21, 59, 6, 44, 82, 29, 67, 14, 65, 12,
50, 88, 35, 73, 20, 58, 5, 43, 81, 28, 66, 26, 64, 11, 49, 87, 34, 72, 19, 57, 4, 42, 80, 27, 78, 25, 63, 10, 48, 86, 33, 71, 18, 56, 3, 41, 
79, 39, 77, 24, 62, 9, 47, 85, 32, 70, 17, 55, 2, 40, 91, 38, 76, 23, 61, 8, 46, 84, 31, 69, 16, 54),  ], [  (1, 65, 25, 76, 36, 87, 47, 7, 
58, 18, 69, 29, 80, 40, 13, 64, 24, 75, 35, 86, 46, 6, 57, 17, 68, 28, 79, 52, 12, 63, 23, 74, 34, 85, 45, 5, 56, 16, 67, 27, 91, 51, 11, 62, 
22, 73, 33, 84, 44, 4, 55, 15, 66, 39, 90, 50, 10, 61, 21, 72, 32, 83, 43, 3, 54, 14, 78, 38, 89, 49, 9, 60, 20, 71, 31, 82, 42, 2, 53, 26, 
77, 37, 88, 48, 8, 59, 19, 70, 30, 81, 41),  (1, 41, 81, 30, 70, 19, 59, 8, 48, 88, 37, 77, 26, 53, 2, 42, 82, 31, 71, 20, 60, 9, 49, 89, 38, 
78, 14, 54, 3, 43, 83, 32, 72, 21, 61, 10, 50, 90, 39, 66, 15, 55, 4, 44, 84, 33, 73, 22, 62, 11, 51, 91, 27, 67, 16, 56, 5, 45, 85, 34, 74, 
23, 63, 12, 52, 79, 28, 68, 17, 57, 6, 46, 86, 35, 75, 24, 64, 13, 40, 80, 29, 69, 18, 58, 7, 47, 87, 36, 76, 25, 65),  ], [  (1, 29, 57, 85, 
22, 50, 78, 2, 30, 58, 86, 23, 51, 66, 3, 31, 59, 87, 24, 52, 67, 4, 32, 60, 88, 25, 40, 68, 5, 33, 61, 89, 26, 41, 69, 6, 34, 62, 90, 14, 42,
70, 7, 35, 63, 91, 15, 43, 71, 8, 36, 64, 79, 16, 44, 72, 9, 37, 65, 80, 17, 45, 73, 10, 38, 53, 81, 18, 46, 74, 11, 39, 54, 82, 19, 47, 75, 
12, 27, 55, 83, 20, 48, 76, 13, 28, 56, 84, 21, 49, 77),  (1, 77, 49, 21, 84, 56, 28, 13, 76, 48, 20, 83, 55, 27, 12, 75, 47, 19, 82, 54, 39, 
11, 74, 46, 18, 81, 53, 38, 10, 73, 45, 17, 80, 65, 37, 9, 72, 44, 16, 79, 64, 36, 8, 71, 43, 15, 91, 63, 35, 7, 70, 42, 14, 90, 62, 34, 6, 
69, 41, 26, 89, 61, 33, 5, 68, 40, 25, 88, 60, 32, 4, 67, 52, 24, 87, 59, 31, 3, 66, 51, 23, 86, 58, 30, 2, 78, 50, 22, 85, 57, 29),  ], [  
(1, 38, 62, 86, 19, 43, 67, 13, 37, 61, 85, 18, 42, 66, 12, 36, 60, 84, 17, 41, 78, 11, 35, 59, 83, 16, 40, 77, 10, 34, 58, 82, 15, 52, 76, 9,
33, 57, 81, 14, 51, 75, 8, 32, 56, 80, 26, 50, 74, 7, 31, 55, 79, 25, 49, 73, 6, 30, 54, 91, 24, 48, 72, 5, 29, 53, 90, 23, 47, 71, 4, 28, 65,
89, 22, 46, 70, 3, 27, 64, 88, 21, 45, 69, 2, 39, 63, 87, 20, 44, 68),  (1, 68, 44, 20, 87, 63, 39, 2, 69, 45, 21, 88, 64, 27, 3, 70, 46, 22, 
89, 65, 28, 4, 71, 47, 23, 90, 53, 29, 5, 72, 48, 24, 91, 54, 30, 6, 73, 49, 25, 79, 55, 31, 7, 74, 50, 26, 80, 56, 32, 8, 75, 51, 14, 81, 57,
33, 9, 76, 52, 15, 82, 58, 34, 10, 77, 40, 16, 83, 59, 35, 11, 78, 41, 17, 84, 60, 36, 12, 66, 42, 18, 85, 61, 37, 13, 67, 43, 19, 86, 62, 
38),  ], [  (1, 4, 7, 10, 13, 3, 6, 9, 12, 2, 5, 8, 11)(14, 17, 20, 23, 26, 16, 19, 22, 25, 15, 18, 21, 24)(27, 30, 33, 36, 39, 29, 32, 35, 
38, 28, 31, 34, 37)(40, 43, 46, 49, 52, 42, 45, 48, 51, 41, 44, 47, 50)(53, 56, 59, 62, 65, 55, 58, 61, 64, 54, 57, 60, 63)(66, 69, 72, 75, 
78, 68, 71, 74, 77, 67, 70, 73, 76)(79, 82, 85, 88, 91, 81, 84, 87, 90, 80, 83, 86, 89),  (1, 11, 8, 5, 2, 12, 9, 6, 3, 13, 10, 7, 4)(14, 24, 
21, 18, 15, 25, 22, 19, 16, 26, 23, 20, 17)(27, 37, 34, 31, 28, 38, 35, 32, 29, 39, 36, 33, 30)(40, 50, 47, 44, 41, 51, 48, 45, 42, 52, 49, 
46, 43)(53, 63, 60, 57, 54, 64, 61, 58, 55, 65, 62, 59, 56)(66, 76, 73, 70, 67, 77, 74, 71, 68, 78, 75, 72, 69)(79, 89, 86, 83, 80, 90, 87, 
84, 81, 91, 88, 85, 82),  ], [  (1, 68, 44, 20, 87, 63, 39, 2, 69, 45, 21, 88, 64, 27, 3, 70, 46, 22, 89, 65, 28, 4, 71, 47, 23, 90, 53, 29, 
5, 72, 48, 24, 91, 54, 30, 6, 73, 49, 25, 79, 55, 31, 7, 74, 50, 26, 80, 56, 32, 8, 75, 51, 14, 81, 57, 33, 9, 76, 52, 15, 82, 58, 34, 10, 77,
40, 16, 83, 59, 35, 11, 78, 41, 17, 84, 60, 36, 12, 66, 42, 18, 85, 61, 37, 13, 67, 43, 19, 86, 62, 38),  (1, 38, 62, 86, 19, 43, 67, 13, 37, 
61, 85, 18, 42, 66, 12, 36, 60, 84, 17, 41, 78, 11, 35, 59, 83, 16, 40, 77, 10, 34, 58, 82, 15, 52, 76, 9, 33, 57, 81, 14, 51, 75, 8, 32, 56, 
80, 26, 50, 74, 7, 31, 55, 79, 25, 49, 73, 6, 30, 54, 91, 24, 48, 72, 5, 29, 53, 90, 23, 47, 71, 4, 28, 65, 89, 22, 46, 70, 3, 27, 64, 88, 21,
45, 69, 2, 39, 63, 87, 20, 44, 68),  ], [  (1, 41, 81, 30, 70, 19, 59, 8, 48, 88, 37, 77, 26, 53, 2, 42, 82, 31, 71, 20, 60, 9, 49, 89, 38, 
78, 14, 54, 3, 43, 83, 32, 72, 21, 61, 10, 50, 90, 39, 66, 15, 55, 4, 44, 84, 33, 73, 22, 62, 11, 51, 91, 27, 67, 16, 56, 5, 45, 85, 34, 74, 
23, 63, 12, 52, 79, 28, 68, 17, 57, 6, 46, 86, 35, 75, 24, 64, 13, 40, 80, 29, 69, 18, 58, 7, 47, 87, 36, 76, 25, 65),  (1, 65, 25, 76, 36, 
87, 47, 7, 58, 18, 69, 29, 80, 40, 13, 64, 24, 75, 35, 86, 46, 6, 57, 17, 68, 28, 79, 52, 12, 63, 23, 74, 34, 85, 45, 5, 56, 16, 67, 27, 91, 
51, 11, 62, 22, 73, 33, 84, 44, 4, 55, 15, 66, 39, 90, 50, 10, 61, 21, 72, 32, 83, 43, 3, 54, 14, 78, 38, 89, 49, 9, 60, 20, 71, 31, 82, 42, 
2, 53, 26, 77, 37, 88, 48, 8, 59, 19, 70, 30, 81, 41),  ], [  (1, 14, 27, 40, 53, 66, 79)(2, 15, 28, 41, 54, 67, 80)(3, 16, 29, 42, 55, 68, 
81)(4, 17, 30, 43, 56, 69, 82)(5, 18, 31, 44, 57, 70, 83)(6, 19, 32, 45, 58, 71, 84)(7, 20, 33, 46, 59, 72, 85)(8, 21, 34, 47, 60, 73, 86)(9, 
22, 35, 48, 61, 74, 87)(10, 23, 36, 49, 62, 75, 88)(11, 24, 37, 50, 63, 76, 89)(12, 25, 38, 51, 64, 77, 90)(13, 26, 39, 52, 65, 78, 91),  (1, 
79, 66, 53, 40, 27, 14)(2, 80, 67, 54, 41, 28, 15)(3, 81, 68, 55, 42, 29, 16)(4, 82, 69, 56, 43, 30, 17)(5, 83, 70, 57, 44, 31, 18)(6, 84, 71,
58, 45, 32, 19)(7, 85, 72, 59, 46, 33, 20)(8, 86, 73, 60, 47, 34, 21)(9, 87, 74, 61, 48, 35, 22)(10, 88, 75, 62, 49, 36, 23)(11, 89, 76, 63, 
50, 37, 24)(12, 90, 77, 64, 51, 38, 25)(13, 91, 78, 65, 52, 39, 26),  ], [  (1, 52, 90, 37, 75, 22, 60, 7, 45, 83, 30, 68, 15, 53, 13, 51, 89,
36, 74, 21, 59, 6, 44, 82, 29, 67, 14, 65, 12, 50, 88, 35, 73, 20, 58, 5, 43, 81, 28, 66, 26, 64, 11, 49, 87, 34, 72, 19, 57, 4, 42, 80, 27, 
78, 25, 63, 10, 48, 86, 33, 71, 18, 56, 3, 41, 79, 39, 77, 24, 62, 9, 47, 85, 32, 70, 17, 55, 2, 40, 91, 38, 76, 23, 61, 8, 46, 84, 31, 69, 
16, 54),  (1, 54, 16, 69, 31, 84, 46, 8, 61, 23, 76, 38, 91, 40, 2, 55, 17, 70, 32, 85, 47, 9, 62, 24, 77, 39, 79, 41, 3, 56, 18, 71, 33, 86, 
48, 10, 63, 25, 78, 27, 80, 42, 4, 57, 19, 72, 34, 87, 49, 11, 64, 26, 66, 28, 81, 43, 5, 58, 20, 73, 35, 88, 50, 12, 65, 14, 67, 29, 82, 44, 
6, 59, 21, 74, 36, 89, 51, 13, 53, 15, 68, 30, 83, 45, 7, 60, 22, 75, 37, 90, 52),  ], [  (1, 77, 49, 21, 84, 56, 28, 13, 76, 48, 20, 83, 55, 
27, 12, 75, 47, 19, 82, 54, 39, 11, 74, 46, 18, 81, 53, 38, 10, 73, 45, 17, 80, 65, 37, 9, 72, 44, 16, 79, 64, 36, 8, 71, 43, 15, 91, 63, 35, 
7, 70, 42, 14, 90, 62, 34, 6, 69, 41, 26, 89, 61, 33, 5, 68, 40, 25, 88, 60, 32, 4, 67, 52, 24, 87, 59, 31, 3, 66, 51, 23, 86, 58, 30, 2, 78, 
50, 22, 85, 57, 29),  (1, 29, 57, 85, 22, 50, 78, 2, 30, 58, 86, 23, 51, 66, 3, 31, 59, 87, 24, 52, 67, 4, 32, 60, 88, 25, 40, 68, 5, 33, 61, 
89, 26, 41, 69, 6, 34, 62, 90, 14, 42, 70, 7, 35, 63, 91, 15, 43, 71, 8, 36, 64, 79, 16, 44, 72, 9, 37, 65, 80, 17, 45, 73, 10, 38, 53, 81, 
18, 46, 74, 11, 39, 54, 82, 19, 47, 75, 12, 27, 55, 83, 20, 48, 76, 13, 28, 56, 84, 21, 49, 77),  ], [  (1, 11, 8, 5, 2, 12, 9, 6, 3, 13, 10, 
7, 4)(14, 24, 21, 18, 15, 25, 22, 19, 16, 26, 23, 20, 17)(27, 37, 34, 31, 28, 38, 35, 32, 29, 39, 36, 33, 30)(40, 50, 47, 44, 41, 51, 48, 45, 
42, 52, 49, 46, 43)(53, 63, 60, 57, 54, 64, 61, 58, 55, 65, 62, 59, 56)(66, 76, 73, 70, 67, 77, 74, 71, 68, 78, 75, 72, 69)(79, 89, 86, 83, 
80, 90, 87, 84, 81, 91, 88, 85, 82),  (1, 4, 7, 10, 13, 3, 6, 9, 12, 2, 5, 8, 11)(14, 17, 20, 23, 26, 16, 19, 22, 25, 15, 18, 21, 24)(27, 30, 
33, 36, 39, 29, 32, 35, 38, 28, 31, 34, 37)(40, 43, 46, 49, 52, 42, 45, 48, 51, 41, 44, 47, 50)(53, 56, 59, 62, 65, 55, 58, 61, 64, 54, 57, 
60, 63)(66, 69, 72, 75, 78, 68, 71, 74, 77, 67, 70, 73, 76)(79, 82, 85, 88, 91, 81, 84, 87, 90, 80, 83, 86, 89),  ], [  (1, 80, 68, 56, 44, 
32, 20, 8, 87, 75, 63, 51, 39, 14, 2, 81, 69, 57, 45, 33, 21, 9, 88, 76, 64, 52, 27, 15, 3, 82, 70, 58, 46, 34, 22, 10, 89, 77, 65, 40, 28, 
16, 4, 83, 71, 59, 47, 35, 23, 11, 90, 78, 53, 41, 29, 17, 5, 84, 72, 60, 48, 36, 24, 12, 91, 66, 54, 42, 30, 18, 6, 85, 73, 61, 49, 37, 25, 
13, 79, 67, 55, 43, 31, 19, 7, 86, 74, 62, 50, 38, 26),  (1, 26, 38, 50, 62, 74, 86, 7, 19, 31, 43, 55, 67, 79, 13, 25, 37, 49, 61, 73, 85, 6,
18, 30, 42, 54, 66, 91, 12, 24, 36, 48, 60, 72, 84, 5, 17, 29, 41, 53, 78, 90, 11, 23, 35, 47, 59, 71, 83, 4, 16, 28, 40, 65, 77, 89, 10, 22, 
34, 46, 58, 70, 82, 3, 15, 27, 52, 64, 76, 88, 9, 21, 33, 45, 57, 69, 81, 2, 14, 39, 51, 63, 75, 87, 8, 20, 32, 44, 56, 68, 80),  ], [  (1, 
91, 77, 63, 49, 35, 21, 7, 84, 70, 56, 42, 28, 14, 13, 90, 76, 62, 48, 34, 20, 6, 83, 69, 55, 41, 27, 26, 12, 89, 75, 61, 47, 33, 19, 5, 82, 
68, 54, 40, 39, 25, 11, 88, 74, 60, 46, 32, 18, 4, 81, 67, 53, 52, 38, 24, 10, 87, 73, 59, 45, 31, 17, 3, 80, 66, 65, 51, 37, 23, 9, 86, 72, 
58, 44, 30, 16, 2, 79, 78, 64, 50, 36, 22, 8, 85, 71, 57, 43, 29, 15),  (1, 15, 29, 43, 57, 71, 85, 8, 22, 36, 50, 64, 78, 79, 2, 16, 30, 44, 
58, 72, 86, 9, 23, 37, 51, 65, 66, 80, 3, 17, 31, 45, 59, 73, 87, 10, 24, 38, 52, 53, 67, 81, 4, 18, 32, 46, 60, 74, 88, 11, 25, 39, 40, 54, 
68, 82, 5, 19, 33, 47, 61, 75, 89, 12, 26, 27, 41, 55, 69, 83, 6, 20, 34, 48, 62, 76, 90, 13, 14, 28, 42, 56, 70, 84, 7, 21, 35, 49, 63, 77, 
91),  ], [  (1, 55, 18, 72, 35, 89, 52, 2, 56, 19, 73, 36, 90, 40, 3, 57, 20, 74, 37, 91, 41, 4, 58, 21, 75, 38, 79, 42, 5, 59, 22, 76, 39, 
80, 43, 6, 60, 23, 77, 27, 81, 44, 7, 61, 24, 78, 28, 82, 45, 8, 62, 25, 66, 29, 83, 46, 9, 63, 26, 67, 30, 84, 47, 10, 64, 14, 68, 31, 85, 
48, 11, 65, 15, 69, 32, 86, 49, 12, 53, 16, 70, 33, 87, 50, 13, 54, 17, 71, 34, 88, 51),  (1, 51, 88, 34, 71, 17, 54, 13, 50, 87, 33, 70, 16, 
53, 12, 49, 86, 32, 69, 15, 65, 11, 48, 85, 31, 68, 14, 64, 10, 47, 84, 30, 67, 26, 63, 9, 46, 83, 29, 66, 25, 62, 8, 45, 82, 28, 78, 24, 61, 
7, 44, 81, 27, 77, 23, 60, 6, 43, 80, 39, 76, 22, 59, 5, 42, 79, 38, 75, 21, 58, 4, 41, 91, 37, 74, 20, 57, 3, 40, 90, 36, 73, 19, 56, 2, 52, 
89, 35, 72, 18, 55),  ], [  (1, 64, 23, 73, 32, 82, 41, 13, 63, 22, 72, 31, 81, 40, 12, 62, 21, 71, 30, 80, 52, 11, 61, 20, 70, 29, 79, 51, 
10, 60, 19, 69, 28, 91, 50, 9, 59, 18, 68, 27, 90, 49, 8, 58, 17, 67, 39, 89, 48, 7, 57, 16, 66, 38, 88, 47, 6, 56, 15, 78, 37, 87, 46, 5, 55,
14, 77, 36, 86, 45, 4, 54, 26, 76, 35, 85, 44, 3, 53, 25, 75, 34, 84, 43, 2, 65, 24, 74, 33, 83, 42),  (1, 42, 83, 33, 74, 24, 65, 2, 43, 84, 
34, 75, 25, 53, 3, 44, 85, 35, 76, 26, 54, 4, 45, 86, 36, 77, 14, 55, 5, 46, 87, 37, 78, 15, 56, 6, 47, 88, 38, 66, 16, 57, 7, 48, 89, 39, 67,
17, 58, 8, 49, 90, 27, 68, 18, 59, 9, 50, 91, 28, 69, 19, 60, 10, 51, 79, 29, 70, 20, 61, 11, 52, 80, 30, 71, 21, 62, 12, 40, 81, 31, 72, 22, 
63, 13, 41, 82, 32, 73, 23, 64),  ], [  (1, 30, 59, 88, 26, 42, 71, 9, 38, 54, 83, 21, 50, 66, 4, 33, 62, 91, 16, 45, 74, 12, 28, 57, 86, 24, 
40, 69, 7, 36, 65, 81, 19, 48, 77, 2, 31, 60, 89, 14, 43, 72, 10, 39, 55, 84, 22, 51, 67, 5, 34, 63, 79, 17, 46, 75, 13, 29, 58, 87, 25, 41, 
70, 8, 37, 53, 82, 20, 49, 78, 3, 32, 61, 90, 15, 44, 73, 11, 27, 56, 85, 23, 52, 68, 6, 35, 64, 80, 18, 47, 76),  (1, 76, 47, 18, 80, 64, 35,
6, 68, 52, 23, 85, 56, 27, 11, 73, 44, 15, 90, 61, 32, 3, 78, 49, 20, 82, 53, 37, 8, 70, 41, 25, 87, 58, 29, 13, 75, 46, 17, 79, 63, 34, 5, 
67, 51, 22, 84, 55, 39, 10, 72, 43, 14, 89, 60, 31, 2, 77, 48, 19, 81, 65, 36, 7, 69, 40, 24, 86, 57, 28, 12, 74, 45, 16, 91, 62, 33, 4, 66, 
50, 21, 83, 54, 38, 9, 71, 42, 26, 88, 59, 30),  ], [  (1, 37, 60, 83, 15, 51, 74, 6, 29, 65, 88, 20, 43, 66, 11, 34, 57, 80, 25, 48, 71, 3, 
39, 62, 85, 17, 40, 76, 8, 31, 54, 90, 22, 45, 68, 13, 36, 59, 82, 14, 50, 73, 5, 28, 64, 87, 19, 42, 78, 10, 33, 56, 79, 24, 47, 70, 2, 38, 
61, 84, 16, 52, 75, 7, 30, 53, 89, 21, 44, 67, 12, 35, 58, 81, 26, 49, 72, 4, 27, 63, 86, 18, 41, 77, 9, 32, 55, 91, 23, 46, 69),  (1, 69, 46,
23, 91, 55, 32, 9, 77, 41, 18, 86, 63, 27, 4, 72, 49, 26, 81, 58, 35, 12, 67, 44, 21, 89, 53, 30, 7, 75, 52, 16, 84, 61, 38, 2, 70, 47, 24, 
79, 56, 33, 10, 78, 42, 19, 87, 64, 28, 5, 73, 50, 14, 82, 59, 36, 13, 68, 45, 22, 90, 54, 31, 8, 76, 40, 17, 85, 62, 39, 3, 71, 48, 25, 80, 
57, 34, 11, 66, 43, 20, 88, 65, 29, 6, 74, 51, 15, 83, 60, 37),  ], [  (1, 5, 9, 13, 4, 8, 12, 3, 7, 11, 2, 6, 10)(14, 18, 22, 26, 17, 21, 25,
16, 20, 24, 15, 19, 23)(27, 31, 35, 39, 30, 34, 38, 29, 33, 37, 28, 32, 36)(40, 44, 48, 52, 43, 47, 51, 42, 46, 50, 41, 45, 49)(53, 57, 61, 
65, 56, 60, 64, 55, 59, 63, 54, 58, 62)(66, 70, 74, 78, 69, 73, 77, 68, 72, 76, 67, 71, 75)(79, 83, 87, 91, 82, 86, 90, 81, 85, 89, 80, 84, 
88),  (1, 10, 6, 2, 11, 7, 3, 12, 8, 4, 13, 9, 5)(14, 23, 19, 15, 24, 20, 16, 25, 21, 17, 26, 22, 18)(27, 36, 32, 28, 37, 33, 29, 38, 34, 30, 
39, 35, 31)(40, 49, 45, 41, 50, 46, 42, 51, 47, 43, 52, 48, 44)(53, 62, 58, 54, 63, 59, 55, 64, 60, 56, 65, 61, 57)(66, 75, 71, 67, 76, 72, 
68, 77, 73, 69, 78, 74, 70)(79, 88, 84, 80, 89, 85, 81, 90, 86, 82, 91, 87, 83),  ], [  (1, 69, 46, 23, 91, 55, 32, 9, 77, 41, 18, 86, 63, 27,
4, 72, 49, 26, 81, 58, 35, 12, 67, 44, 21, 89, 53, 30, 7, 75, 52, 16, 84, 61, 38, 2, 70, 47, 24, 79, 56, 33, 10, 78, 42, 19, 87, 64, 28, 5, 
73, 50, 14, 82, 59, 36, 13, 68, 45, 22, 90, 54, 31, 8, 76, 40, 17, 85, 62, 39, 3, 71, 48, 25, 80, 57, 34, 11, 66, 43, 20, 88, 65, 29, 6, 74, 
51, 15, 83, 60, 37),  (1, 37, 60, 83, 15, 51, 74, 6, 29, 65, 88, 20, 43, 66, 11, 34, 57, 80, 25, 48, 71, 3, 39, 62, 85, 17, 40, 76, 8, 31, 54,
90, 22, 45, 68, 13, 36, 59, 82, 14, 50, 73, 5, 28, 64, 87, 19, 42, 78, 10, 33, 56, 79, 24, 47, 70, 2, 38, 61, 84, 16, 52, 75, 7, 30, 53, 89, 
21, 44, 67, 12, 35, 58, 81, 26, 49, 72, 4, 27, 63, 86, 18, 41, 77, 9, 32, 55, 91, 23, 46, 69),  ], [  (1, 42, 83, 33, 74, 24, 65, 2, 43, 84, 
34, 75, 25, 53, 3, 44, 85, 35, 76, 26, 54, 4, 45, 86, 36, 77, 14, 55, 5, 46, 87, 37, 78, 15, 56, 6, 47, 88, 38, 66, 16, 57, 7, 48, 89, 39, 67,
17, 58, 8, 49, 90, 27, 68, 18, 59, 9, 50, 91, 28, 69, 19, 60, 10, 51, 79, 29, 70, 20, 61, 11, 52, 80, 30, 71, 21, 62, 12, 40, 81, 31, 72, 22, 
63, 13, 41, 82, 32, 73, 23, 64),  (1, 64, 23, 73, 32, 82, 41, 13, 63, 22, 72, 31, 81, 40, 12, 62, 21, 71, 30, 80, 52, 11, 61, 20, 70, 29, 79, 
51, 10, 60, 19, 69, 28, 91, 50, 9, 59, 18, 68, 27, 90, 49, 8, 58, 17, 67, 39, 89, 48, 7, 57, 16, 66, 38, 88, 47, 6, 56, 15, 78, 37, 87, 46, 5,
55, 14, 77, 36, 86, 45, 4, 54, 26, 76, 35, 85, 44, 3, 53, 25, 75, 34, 84, 43, 2, 65, 24, 74, 33, 83, 42),  ], [  (1, 15, 29, 43, 57, 71, 85, 
8, 22, 36, 50, 64, 78, 79, 2, 16, 30, 44, 58, 72, 86, 9, 23, 37, 51, 65, 66, 80, 3, 17, 31, 45, 59, 73, 87, 10, 24, 38, 52, 53, 67, 81, 4, 18,
32, 46, 60, 74, 88, 11, 25, 39, 40, 54, 68, 82, 5, 19, 33, 47, 61, 75, 89, 12, 26, 27, 41, 55, 69, 83, 6, 20, 34, 48, 62, 76, 90, 13, 14, 28, 
42, 56, 70, 84, 7, 21, 35, 49, 63, 77, 91),  (1, 91, 77, 63, 49, 35, 21, 7, 84, 70, 56, 42, 28, 14, 13, 90, 76, 62, 48, 34, 20, 6, 83, 69, 55,
41, 27, 26, 12, 89, 75, 61, 47, 33, 19, 5, 82, 68, 54, 40, 39, 25, 11, 88, 74, 60, 46, 32, 18, 4, 81, 67, 53, 52, 38, 24, 10, 87, 73, 59, 45, 
31, 17, 3, 80, 66, 65, 51, 37, 23, 9, 86, 72, 58, 44, 30, 16, 2, 79, 78, 64, 50, 36, 22, 8, 85, 71, 57, 43, 29, 15),  ], [  (1, 26, 38, 50, 
62, 74, 86, 7, 19, 31, 43, 55, 67, 79, 13, 25, 37, 49, 61, 73, 85, 6, 18, 30, 42, 54, 66, 91, 12, 24, 36, 48, 60, 72, 84, 5, 17, 29, 41, 53, 
78, 90, 11, 23, 35, 47, 59, 71, 83, 4, 16, 28, 40, 65, 77, 89, 10, 22, 34, 46, 58, 70, 82, 3, 15, 27, 52, 64, 76, 88, 9, 21, 33, 45, 57, 69, 
81, 2, 14, 39, 51, 63, 75, 87, 8, 20, 32, 44, 56, 68, 80),  (1, 80, 68, 56, 44, 32, 20, 8, 87, 75, 63, 51, 39, 14, 2, 81, 69, 57, 45, 33, 21, 
9, 88, 76, 64, 52, 27, 15, 3, 82, 70, 58, 46, 34, 22, 10, 89, 77, 65, 40, 28, 16, 4, 83, 71, 59, 47, 35, 23, 11, 90, 78, 53, 41, 29, 17, 5, 
84, 72, 60, 48, 36, 24, 12, 91, 66, 54, 42, 30, 18, 6, 85, 73, 61, 49, 37, 25, 13, 79, 67, 55, 43, 31, 19, 7, 86, 74, 62, 50, 38, 26),  ], [  
(1, 51, 88, 34, 71, 17, 54, 13, 50, 87, 33, 70, 16, 53, 12, 49, 86, 32, 69, 15, 65, 11, 48, 85, 31, 68, 14, 64, 10, 47, 84, 30, 67, 26, 63, 9,
46, 83, 29, 66, 25, 62, 8, 45, 82, 28, 78, 24, 61, 7, 44, 81, 27, 77, 23, 60, 6, 43, 80, 39, 76, 22, 59, 5, 42, 79, 38, 75, 21, 58, 4, 41, 91,
37, 74, 20, 57, 3, 40, 90, 36, 73, 19, 56, 2, 52, 89, 35, 72, 18, 55),  (1, 55, 18, 72, 35, 89, 52, 2, 56, 19, 73, 36, 90, 40, 3, 57, 20, 74, 
37, 91, 41, 4, 58, 21, 75, 38, 79, 42, 5, 59, 22, 76, 39, 80, 43, 6, 60, 23, 77, 27, 81, 44, 7, 61, 24, 78, 28, 82, 45, 8, 62, 25, 66, 29, 83,
46, 9, 63, 26, 67, 30, 84, 47, 10, 64, 14, 68, 31, 85, 48, 11, 65, 15, 69, 32, 86, 49, 12, 53, 16, 70, 33, 87, 50, 13, 54, 17, 71, 34, 88, 
51),  ], [  (1, 76, 47, 18, 80, 64, 35, 6, 68, 52, 23, 85, 56, 27, 11, 73, 44, 15, 90, 61, 32, 3, 78, 49, 20, 82, 53, 37, 8, 70, 41, 25, 87, 
58, 29, 13, 75, 46, 17, 79, 63, 34, 5, 67, 51, 22, 84, 55, 39, 10, 72, 43, 14, 89, 60, 31, 2, 77, 48, 19, 81, 65, 36, 7, 69, 40, 24, 86, 57, 
28, 12, 74, 45, 16, 91, 62, 33, 4, 66, 50, 21, 83, 54, 38, 9, 71, 42, 26, 88, 59, 30),  (1, 30, 59, 88, 26, 42, 71, 9, 38, 54, 83, 21, 50, 66,
4, 33, 62, 91, 16, 45, 74, 12, 28, 57, 86, 24, 40, 69, 7, 36, 65, 81, 19, 48, 77, 2, 31, 60, 89, 14, 43, 72, 10, 39, 55, 84, 22, 51, 67, 5, 
34, 63, 79, 17, 46, 75, 13, 29, 58, 87, 25, 41, 70, 8, 37, 53, 82, 20, 49, 78, 3, 32, 61, 90, 15, 44, 73, 11, 27, 56, 85, 23, 52, 68, 6, 35, 
64, 80, 18, 47, 76),  ], [  (1, 10, 6, 2, 11, 7, 3, 12, 8, 4, 13, 9, 5)(14, 23, 19, 15, 24, 20, 16, 25, 21, 17, 26, 22, 18)(27, 36, 32, 28, 
37, 33, 29, 38, 34, 30, 39, 35, 31)(40, 49, 45, 41, 50, 46, 42, 51, 47, 43, 52, 48, 44)(53, 62, 58, 54, 63, 59, 55, 64, 60, 56, 65, 61, 
57)(66, 75, 71, 67, 76, 72, 68, 77, 73, 69, 78, 74, 70)(79, 88, 84, 80, 89, 85, 81, 90, 86, 82, 91, 87, 83),  (1, 5, 9, 13, 4, 8, 12, 3, 7, 
11, 2, 6, 10)(14, 18, 22, 26, 17, 21, 25, 16, 20, 24, 15, 19, 23)(27, 31, 35, 39, 30, 34, 38, 29, 33, 37, 28, 32, 36)(40, 44, 48, 52, 43, 47, 
51, 42, 46, 50, 41, 45, 49)(53, 57, 61, 65, 56, 60, 64, 55, 59, 63, 54, 58, 62)(66, 70, 74, 78, 69, 73, 77, 68, 72, 76, 67, 71, 75)(79, 83, 
87, 91, 82, 86, 90, 81, 85, 89, 80, 84, 88),  ], [  (1, 81, 70, 59, 48, 37, 26, 2, 82, 71, 60, 49, 38, 14, 3, 83, 72, 61, 50, 39, 15, 4, 84, 
73, 62, 51, 27, 16, 5, 85, 74, 63, 52, 28, 17, 6, 86, 75, 64, 40, 29, 18, 7, 87, 76, 65, 41, 30, 19, 8, 88, 77, 53, 42, 31, 20, 9, 89, 78, 54,
43, 32, 21, 10, 90, 66, 55, 44, 33, 22, 11, 91, 67, 56, 45, 34, 23, 12, 79, 68, 57, 46, 35, 24, 13, 80, 69, 58, 47, 36, 25),  (1, 25, 36, 47, 
58, 69, 80, 13, 24, 35, 46, 57, 68, 79, 12, 23, 34, 45, 56, 67, 91, 11, 22, 33, 44, 55, 66, 90, 10, 21, 32, 43, 54, 78, 89, 9, 20, 31, 42, 53,
77, 88, 8, 19, 30, 41, 65, 76, 87, 7, 18, 29, 40, 64, 75, 86, 6, 17, 28, 52, 63, 74, 85, 5, 16, 27, 51, 62, 73, 84, 4, 15, 39, 50, 61, 72, 83,
3, 14, 38, 49, 60, 71, 82, 2, 26, 37, 48, 59, 70, 81),  ], [  (1, 90, 75, 60, 45, 30, 15, 13, 89, 74, 59, 44, 29, 14, 12, 88, 73, 58, 43, 28, 
26, 11, 87, 72, 57, 42, 27, 25, 10, 86, 71, 56, 41, 39, 24, 9, 85, 70, 55, 40, 38, 23, 8, 84, 69, 54, 52, 37, 22, 7, 83, 68, 53, 51, 36, 21, 
6, 82, 67, 65, 50, 35, 20, 5, 81, 66, 64, 49, 34, 19, 4, 80, 78, 63, 48, 33, 18, 3, 79, 77, 62, 47, 32, 17, 2, 91, 76, 61, 46, 31, 16),  (1, 
16, 31, 46, 61, 76, 91, 2, 17, 32, 47, 62, 77, 79, 3, 18, 33, 48, 63, 78, 80, 4, 19, 34, 49, 64, 66, 81, 5, 20, 35, 50, 65, 67, 82, 6, 21, 36,
51, 53, 68, 83, 7, 22, 37, 52, 54, 69, 84, 8, 23, 38, 40, 55, 70, 85, 9, 24, 39, 41, 56, 71, 86, 10, 25, 27, 42, 57, 72, 87, 11, 26, 28, 43, 
58, 73, 88, 12, 14, 29, 44, 59, 74, 89, 13, 15, 30, 45, 60, 75, 90),  ], [  (1, 56, 20, 75, 39, 81, 45, 9, 64, 15, 70, 34, 89, 40, 4, 59, 23, 
78, 29, 84, 48, 12, 54, 18, 73, 37, 79, 43, 7, 62, 26, 68, 32, 87, 51, 2, 57, 21, 76, 27, 82, 46, 10, 65, 16, 71, 35, 90, 41, 5, 60, 24, 66, 
30, 85, 49, 13, 55, 19, 74, 38, 80, 44, 8, 63, 14, 69, 33, 88, 52, 3, 58, 22, 77, 28, 83, 47, 11, 53, 17, 72, 36, 91, 42, 6, 61, 25, 67, 31, 
86, 50),  (1, 50, 86, 31, 67, 25, 61, 6, 42, 91, 36, 72, 17, 53, 11, 47, 83, 28, 77, 22, 58, 3, 52, 88, 33, 69, 14, 63, 8, 44, 80, 38, 74, 19,
55, 13, 49, 85, 30, 66, 24, 60, 5, 41, 90, 35, 71, 16, 65, 10, 46, 82, 27, 76, 21, 57, 2, 51, 87, 32, 68, 26, 62, 7, 43, 79, 37, 73, 18, 54, 
12, 48, 84, 29, 78, 23, 59, 4, 40, 89, 34, 70, 15, 64, 9, 45, 81, 39, 75, 20, 56),  ], [  (1, 63, 21, 70, 28, 90, 48, 6, 55, 26, 75, 33, 82, 
40, 11, 60, 18, 67, 38, 87, 45, 3, 65, 23, 72, 30, 79, 50, 8, 57, 15, 77, 35, 84, 42, 13, 62, 20, 69, 27, 89, 47, 5, 54, 25, 74, 32, 81, 52, 
10, 59, 17, 66, 37, 86, 44, 2, 64, 22, 71, 29, 91, 49, 7, 56, 14, 76, 34, 83, 41, 12, 61, 19, 68, 39, 88, 46, 4, 53, 24, 73, 31, 80, 51, 9, 
58, 16, 78, 36, 85, 43),  (1, 43, 85, 36, 78, 16, 58, 9, 51, 80, 31, 73, 24, 53, 4, 46, 88, 39, 68, 19, 61, 12, 41, 83, 34, 76, 14, 56, 7, 49,
91, 29, 71, 22, 64, 2, 44, 86, 37, 66, 17, 59, 10, 52, 81, 32, 74, 25, 54, 5, 47, 89, 27, 69, 20, 62, 13, 42, 84, 35, 77, 15, 57, 8, 50, 79, 
30, 72, 23, 65, 3, 45, 87, 38, 67, 18, 60, 11, 40, 82, 33, 75, 26, 55, 6, 48, 90, 28, 70, 21, 63),  ], [  (1, 31, 61, 91, 17, 47, 77, 3, 33, 
63, 80, 19, 49, 66, 5, 35, 65, 82, 21, 51, 68, 7, 37, 54, 84, 23, 40, 70, 9, 39, 56, 86, 25, 42, 72, 11, 28, 58, 88, 14, 44, 74, 13, 30, 60, 
90, 16, 46, 76, 2, 32, 62, 79, 18, 48, 78, 4, 34, 64, 81, 20, 50, 67, 6, 36, 53, 83, 22, 52, 69, 8, 38, 55, 85, 24, 41, 71, 10, 27, 57, 87, 
26, 43, 73, 12, 29, 59, 89, 15, 45, 75),  (1, 75, 45, 15, 89, 59, 29, 12, 73, 43, 26, 87, 57, 27, 10, 71, 41, 24, 85, 55, 38, 8, 69, 52, 22, 
83, 53, 36, 6, 67, 50, 20, 81, 64, 34, 4, 78, 48, 18, 79, 62, 32, 2, 76, 46, 16, 90, 60, 30, 13, 74, 44, 14, 88, 58, 28, 11, 72, 42, 25, 86, 
56, 39, 9, 70, 40, 23, 84, 54, 37, 7, 68, 51, 21, 82, 65, 35, 5, 66, 49, 19, 80, 63, 33, 3, 77, 47, 17, 91, 61, 31),  ], [  (1, 36, 58, 80, 
24, 46, 68, 12, 34, 56, 91, 22, 44, 66, 10, 32, 54, 89, 20, 42, 77, 8, 30, 65, 87, 18, 40, 75, 6, 28, 63, 85, 16, 51, 73, 4, 39, 61, 83, 14, 
49, 71, 2, 37, 59, 81, 25, 47, 69, 13, 35, 57, 79, 23, 45, 67, 11, 33, 55, 90, 21, 43, 78, 9, 31, 53, 88, 19, 41, 76, 7, 29, 64, 86, 17, 52, 
74, 5, 27, 62, 84, 15, 50, 72, 3, 38, 60, 82, 26, 48, 70),  (1, 70, 48, 26, 82, 60, 38, 3, 72, 50, 15, 84, 62, 27, 5, 74, 52, 17, 86, 64, 29, 
7, 76, 41, 19, 88, 53, 31, 9, 78, 43, 21, 90, 55, 33, 11, 67, 45, 23, 79, 57, 35, 13, 69, 47, 25, 81, 59, 37, 2, 71, 49, 14, 83, 61, 39, 4, 
73, 51, 16, 85, 63, 28, 6, 75, 40, 18, 87, 65, 30, 8, 77, 42, 20, 89, 54, 32, 10, 66, 44, 22, 91, 56, 34, 12, 68, 46, 24, 80, 58, 36),  ], [  
(1, 6, 11, 3, 8, 13, 5, 10, 2, 7, 12, 4, 9)(14, 19, 24, 16, 21, 26, 18, 23, 15, 20, 25, 17, 22)(27, 32, 37, 29, 34, 39, 31, 36, 28, 33, 38, 
30, 35)(40, 45, 50, 42, 47, 52, 44, 49, 41, 46, 51, 43, 48)(53, 58, 63, 55, 60, 65, 57, 62, 54, 59, 64, 56, 61)(66, 71, 76, 68, 73, 78, 70, 
75, 67, 72, 77, 69, 74)(79, 84, 89, 81, 86, 91, 83, 88, 80, 85, 90, 82, 87),  (1, 9, 4, 12, 7, 2, 10, 5, 13, 8, 3, 11, 6)(14, 22, 17, 25, 20, 
15, 23, 18, 26, 21, 16, 24, 19)(27, 35, 30, 38, 33, 28, 36, 31, 39, 34, 29, 37, 32)(40, 48, 43, 51, 46, 41, 49, 44, 52, 47, 42, 50, 45)(53, 
61, 56, 64, 59, 54, 62, 57, 65, 60, 55, 63, 58)(66, 74, 69, 77, 72, 67, 75, 70, 78, 73, 68, 76, 71)(79, 87, 82, 90, 85, 80, 88, 83, 91, 86, 
81, 89, 84),  ], [  (1, 70, 48, 26, 82, 60, 38, 3, 72, 50, 15, 84, 62, 27, 5, 74, 52, 17, 86, 64, 29, 7, 76, 41, 19, 88, 53, 31, 9, 78, 43, 
21, 90, 55, 33, 11, 67, 45, 23, 79, 57, 35, 13, 69, 47, 25, 81, 59, 37, 2, 71, 49, 14, 83, 61, 39, 4, 73, 51, 16, 85, 63, 28, 6, 75, 40, 18, 
87, 65, 30, 8, 77, 42, 20, 89, 54, 32, 10, 66, 44, 22, 91, 56, 34, 12, 68, 46, 24, 80, 58, 36),  (1, 36, 58, 80, 24, 46, 68, 12, 34, 56, 91, 
22, 44, 66, 10, 32, 54, 89, 20, 42, 77, 8, 30, 65, 87, 18, 40, 75, 6, 28, 63, 85, 16, 51, 73, 4, 39, 61, 83, 14, 49, 71, 2, 37, 59, 81, 25, 
47, 69, 13, 35, 57, 79, 23, 45, 67, 11, 33, 55, 90, 21, 43, 78, 9, 31, 53, 88, 19, 41, 76, 7, 29, 64, 86, 17, 52, 74, 5, 27, 62, 84, 15, 50, 
72, 3, 38, 60, 82, 26, 48, 70),  ], [  (1, 43, 85, 36, 78, 16, 58, 9, 51, 80, 31, 73, 24, 53, 4, 46, 88, 39, 68, 19, 61, 12, 41, 83, 34, 76, 
14, 56, 7, 49, 91, 29, 71, 22, 64, 2, 44, 86, 37, 66, 17, 59, 10, 52, 81, 32, 74, 25, 54, 5, 47, 89, 27, 69, 20, 62, 13, 42, 84, 35, 77, 15, 
57, 8, 50, 79, 30, 72, 23, 65, 3, 45, 87, 38, 67, 18, 60, 11, 40, 82, 33, 75, 26, 55, 6, 48, 90, 28, 70, 21, 63),  (1, 63, 21, 70, 28, 90, 48,
6, 55, 26, 75, 33, 82, 40, 11, 60, 18, 67, 38, 87, 45, 3, 65, 23, 72, 30, 79, 50, 8, 57, 15, 77, 35, 84, 42, 13, 62, 20, 69, 27, 89, 47, 5, 
54, 25, 74, 32, 81, 52, 10, 59, 17, 66, 37, 86, 44, 2, 64, 22, 71, 29, 91, 49, 7, 56, 14, 76, 34, 83, 41, 12, 61, 19, 68, 39, 88, 46, 4, 53, 
24, 73, 31, 80, 51, 9, 58, 16, 78, 36, 85, 43),  ], [  (1, 16, 31, 46, 61, 76, 91, 2, 17, 32, 47, 62, 77, 79, 3, 18, 33, 48, 63, 78, 80, 4, 
19, 34, 49, 64, 66, 81, 5, 20, 35, 50, 65, 67, 82, 6, 21, 36, 51, 53, 68, 83, 7, 22, 37, 52, 54, 69, 84, 8, 23, 38, 40, 55, 70, 85, 9, 24, 39,
41, 56, 71, 86, 10, 25, 27, 42, 57, 72, 87, 11, 26, 28, 43, 58, 73, 88, 12, 14, 29, 44, 59, 74, 89, 13, 15, 30, 45, 60, 75, 90),  (1, 90, 75, 
60, 45, 30, 15, 13, 89, 74, 59, 44, 29, 14, 12, 88, 73, 58, 43, 28, 26, 11, 87, 72, 57, 42, 27, 25, 10, 86, 71, 56, 41, 39, 24, 9, 85, 70, 55,
40, 38, 23, 8, 84, 69, 54, 52, 37, 22, 7, 83, 68, 53, 51, 36, 21, 6, 82, 67, 65, 50, 35, 20, 5, 81, 66, 64, 49, 34, 19, 4, 80, 78, 63, 48, 33,
18, 3, 79, 77, 62, 47, 32, 17, 2, 91, 76, 61, 46, 31, 16),  ], [  (1, 25, 36, 47, 58, 69, 80, 13, 24, 35, 46, 57, 68, 79, 12, 23, 34, 45, 56, 
67, 91, 11, 22, 33, 44, 55, 66, 90, 10, 21, 32, 43, 54, 78, 89, 9, 20, 31, 42, 53, 77, 88, 8, 19, 30, 41, 65, 76, 87, 7, 18, 29, 40, 64, 75, 
86, 6, 17, 28, 52, 63, 74, 85, 5, 16, 27, 51, 62, 73, 84, 4, 15, 39, 50, 61, 72, 83, 3, 14, 38, 49, 60, 71, 82, 2, 26, 37, 48, 59, 70, 81),  
(1, 81, 70, 59, 48, 37, 26, 2, 82, 71, 60, 49, 38, 14, 3, 83, 72, 61, 50, 39, 15, 4, 84, 73, 62, 51, 27, 16, 5, 85, 74, 63, 52, 28, 17, 6, 86,
75, 64, 40, 29, 18, 7, 87, 76, 65, 41, 30, 19, 8, 88, 77, 53, 42, 31, 20, 9, 89, 78, 54, 43, 32, 21, 10, 90, 66, 55, 44, 33, 22, 11, 91, 67, 
56, 45, 34, 23, 12, 79, 68, 57, 46, 35, 24, 13, 80, 69, 58, 47, 36, 25),  ], [  (1, 50, 86, 31, 67, 25, 61, 6, 42, 91, 36, 72, 17, 53, 11, 47,
83, 28, 77, 22, 58, 3, 52, 88, 33, 69, 14, 63, 8, 44, 80, 38, 74, 19, 55, 13, 49, 85, 30, 66, 24, 60, 5, 41, 90, 35, 71, 16, 65, 10, 46, 82, 
27, 76, 21, 57, 2, 51, 87, 32, 68, 26, 62, 7, 43, 79, 37, 73, 18, 54, 12, 48, 84, 29, 78, 23, 59, 4, 40, 89, 34, 70, 15, 64, 9, 45, 81, 39, 
75, 20, 56),  (1, 56, 20, 75, 39, 81, 45, 9, 64, 15, 70, 34, 89, 40, 4, 59, 23, 78, 29, 84, 48, 12, 54, 18, 73, 37, 79, 43, 7, 62, 26, 68, 32,
87, 51, 2, 57, 21, 76, 27, 82, 46, 10, 65, 16, 71, 35, 90, 41, 5, 60, 24, 66, 30, 85, 49, 13, 55, 19, 74, 38, 80, 44, 8, 63, 14, 69, 33, 88, 
52, 3, 58, 22, 77, 28, 83, 47, 11, 53, 17, 72, 36, 91, 42, 6, 61, 25, 67, 31, 86, 50),  ], [  (1, 75, 45, 15, 89, 59, 29, 12, 73, 43, 26, 87, 
57, 27, 10, 71, 41, 24, 85, 55, 38, 8, 69, 52, 22, 83, 53, 36, 6, 67, 50, 20, 81, 64, 34, 4, 78, 48, 18, 79, 62, 32, 2, 76, 46, 16, 90, 60, 
30, 13, 74, 44, 14, 88, 58, 28, 11, 72, 42, 25, 86, 56, 39, 9, 70, 40, 23, 84, 54, 37, 7, 68, 51, 21, 82, 65, 35, 5, 66, 49, 19, 80, 63, 33, 
3, 77, 47, 17, 91, 61, 31),  (1, 31, 61, 91, 17, 47, 77, 3, 33, 63, 80, 19, 49, 66, 5, 35, 65, 82, 21, 51, 68, 7, 37, 54, 84, 23, 40, 70, 9, 
39, 56, 86, 25, 42, 72, 11, 28, 58, 88, 14, 44, 74, 13, 30, 60, 90, 16, 46, 76, 2, 32, 62, 79, 18, 48, 78, 4, 34, 64, 81, 20, 50, 67, 6, 36, 
53, 83, 22, 52, 69, 8, 38, 55, 85, 24, 41, 71, 10, 27, 57, 87, 26, 43, 73, 12, 29, 59, 89, 15, 45, 75),  ], [  (1, 9, 4, 12, 7, 2, 10, 5, 13, 
8, 3, 11, 6)(14, 22, 17, 25, 20, 15, 23, 18, 26, 21, 16, 24, 19)(27, 35, 30, 38, 33, 28, 36, 31, 39, 34, 29, 37, 32)(40, 48, 43, 51, 46, 41, 
49, 44, 52, 47, 42, 50, 45)(53, 61, 56, 64, 59, 54, 62, 57, 65, 60, 55, 63, 58)(66, 74, 69, 77, 72, 67, 75, 70, 78, 73, 68, 76, 71)(79, 87, 
82, 90, 85, 80, 88, 83, 91, 86, 81, 89, 84),  (1, 6, 11, 3, 8, 13, 5, 10, 2, 7, 12, 4, 9)(14, 19, 24, 16, 21, 26, 18, 23, 15, 20, 25, 17, 
22)(27, 32, 37, 29, 34, 39, 31, 36, 28, 33, 38, 30, 35)(40, 45, 50, 42, 47, 52, 44, 49, 41, 46, 51, 43, 48)(53, 58, 63, 55, 60, 65, 57, 62, 
54, 59, 64, 56, 61)(66, 71, 76, 68, 73, 78, 70, 75, 67, 72, 77, 69, 74)(79, 84, 89, 81, 86, 91, 83, 88, 80, 85, 90, 82, 87),  ], [  (1, 82, 
72, 62, 52, 29, 19, 9, 90, 67, 57, 47, 37, 14, 4, 85, 75, 65, 42, 32, 22, 12, 80, 70, 60, 50, 27, 17, 7, 88, 78, 55, 45, 35, 25, 2, 83, 73, 
63, 40, 30, 20, 10, 91, 68, 58, 48, 38, 15, 5, 86, 76, 53, 43, 33, 23, 13, 81, 71, 61, 51, 28, 18, 8, 89, 66, 56, 46, 36, 26, 3, 84, 74, 64, 
41, 31, 21, 11, 79, 69, 59, 49, 39, 16, 6, 87, 77, 54, 44, 34, 24),  (1, 24, 34, 44, 54, 77, 87, 6, 16, 39, 49, 59, 69, 79, 11, 21, 31, 41, 
64, 74, 84, 3, 26, 36, 46, 56, 66, 89, 8, 18, 28, 51, 61, 71, 81, 13, 23, 33, 43, 53, 76, 86, 5, 15, 38, 48, 58, 68, 91, 10, 20, 30, 40, 63, 
73, 83, 2, 25, 35, 45, 55, 78, 88, 7, 17, 27, 50, 60, 70, 80, 12, 22, 32, 42, 65, 75, 85, 4, 14, 37, 47, 57, 67, 90, 9, 19, 29, 52, 62, 72, 
82),  ], [  (1, 89, 73, 57, 41, 38, 22, 6, 81, 78, 62, 46, 30, 14, 11, 86, 70, 54, 51, 35, 19, 3, 91, 75, 59, 43, 27, 24, 8, 83, 67, 64, 48, 
32, 16, 13, 88, 72, 56, 40, 37, 21, 5, 80, 77, 61, 45, 29, 26, 10, 85, 69, 53, 50, 34, 18, 2, 90, 74, 58, 42, 39, 23, 7, 82, 66, 63, 47, 31, 
15, 12, 87, 71, 55, 52, 36, 20, 4, 79, 76, 60, 44, 28, 25, 9, 84, 68, 65, 49, 33, 17),  (1, 17, 33, 49, 65, 68, 84, 9, 25, 28, 44, 60, 76, 79,
4, 20, 36, 52, 55, 71, 87, 12, 15, 31, 47, 63, 66, 82, 7, 23, 39, 42, 58, 74, 90, 2, 18, 34, 50, 53, 69, 85, 10, 26, 29, 45, 61, 77, 80, 5, 
21, 37, 40, 56, 72, 88, 13, 16, 32, 48, 64, 67, 83, 8, 24, 27, 43, 59, 75, 91, 3, 19, 35, 51, 54, 70, 86, 11, 14, 30, 46, 62, 78, 81, 6, 22, 
38, 41, 57, 73, 89),  ], [  (1, 57, 22, 78, 30, 86, 51, 3, 59, 24, 67, 32, 88, 40, 5, 61, 26, 69, 34, 90, 42, 7, 63, 15, 71, 36, 79, 44, 9, 
65, 17, 73, 38, 81, 46, 11, 54, 19, 75, 27, 83, 48, 13, 56, 21, 77, 29, 85, 50, 2, 58, 23, 66, 31, 87, 52, 4, 60, 25, 68, 33, 89, 41, 6, 62, 
14, 70, 35, 91, 43, 8, 64, 16, 72, 37, 80, 45, 10, 53, 18, 74, 39, 82, 47, 12, 55, 20, 76, 28, 84, 49),  (1, 49, 84, 28, 76, 20, 55, 12, 47, 
82, 39, 74, 18, 53, 10, 45, 80, 37, 72, 16, 64, 8, 43, 91, 35, 70, 14, 62, 6, 41, 89, 33, 68, 25, 60, 4, 52, 87, 31, 66, 23, 58, 2, 50, 85, 
