BRACES[49] := rec( total := -1, implemented := 4, size := 49, brace := [] );BRACES[49].brace[1] := rec ( size := 49, perms := [ [  (),  (),  
], [  (1, 42, 28, 14, 48, 34, 20, 6, 40, 26, 12, 46, 32, 18, 4, 38, 24, 10, 44, 30, 16, 2, 36, 22, 8, 49, 35, 21, 7, 41, 27, 13, 47, 33, 19, 
5, 39, 25, 11, 45, 31, 17, 3, 37, 23, 9, 43, 29, 15),  (1, 15, 29, 43, 9, 23, 37, 3, 17, 31, 45, 11, 25, 39, 5, 19, 33, 47, 13, 27, 41, 7, 21,
35, 49, 8, 22, 36, 2, 16, 30, 44, 10, 24, 38, 4, 18, 32, 46, 12, 26, 40, 6, 20, 34, 48, 14, 28, 42),  ], [  (1, 6, 4, 2, 7, 5, 3)(8, 13, 11, 
9, 14, 12, 10)(15, 20, 18, 16, 21, 19, 17)(22, 27, 25, 23, 28, 26, 24)(29, 34, 32, 30, 35, 33, 31)(36, 41, 39, 37, 42, 40, 38)(43, 48, 46, 44,
49, 47, 45),  (1, 3, 5, 7, 2, 4, 6)(8, 10, 12, 14, 9, 11, 13)(15, 17, 19, 21, 16, 18, 20)(22, 24, 26, 28, 23, 25, 27)(29, 31, 33, 35, 30, 32, 
34)(36, 38, 40, 42, 37, 39, 41)(43, 45, 47, 49, 44, 46, 48),  ], [  (1, 15, 29, 43, 9, 23, 37, 3, 17, 31, 45, 11, 25, 39, 5, 19, 33, 47, 13, 
27, 41, 7, 21, 35, 49, 8, 22, 36, 2, 16, 30, 44, 10, 24, 38, 4, 18, 32, 46, 12, 26, 40, 6, 20, 34, 48, 14, 28, 42),  (1, 42, 28, 14, 48, 34, 
20, 6, 40, 26, 12, 46, 32, 18, 4, 38, 24, 10, 44, 30, 16, 2, 36, 22, 8, 49, 35, 21, 7, 41, 27, 13, 47, 33, 19, 5, 39, 25, 11, 45, 31, 17, 3, 
37, 23, 9, 43, 29, 15),  ], [  (1, 3, 5, 7, 2, 4, 6)(8, 10, 12, 14, 9, 11, 13)(15, 17, 19, 21, 16, 18, 20)(22, 24, 26, 28, 23, 25, 27)(29, 31,
33, 35, 30, 32, 34)(36, 38, 40, 42, 37, 39, 41)(43, 45, 47, 49, 44, 46, 48),  (1, 6, 4, 2, 7, 5, 3)(8, 13, 11, 9, 14, 12, 10)(15, 20, 18, 16, 
21, 19, 17)(22, 27, 25, 23, 28, 26, 24)(29, 34, 32, 30, 35, 33, 31)(36, 41, 39, 37, 42, 40, 38)(43, 48, 46, 44, 49, 47, 45),  ], [  (1, 28, 
48, 20, 40, 12, 32, 4, 24, 44, 16, 36, 8, 35, 7, 27, 47, 19, 39, 11, 31, 3, 23, 43, 15, 42, 14, 34, 6, 26, 46, 18, 38, 10, 30, 2, 22, 49, 21, 
41, 13, 33, 5, 25, 45, 17, 37, 9, 29),  (1, 29, 9, 37, 17, 45, 25, 5, 33, 13, 41, 21, 49, 22, 2, 30, 10, 38, 18, 46, 26, 6, 34, 14, 42, 15, 
43, 23, 3, 31, 11, 39, 19, 47, 27, 7, 35, 8, 36, 16, 44, 24, 4, 32, 12, 40, 20, 48, 28),  ], [  (1, 40, 24, 8, 47, 31, 15, 6, 38, 22, 13, 45, 
29, 20, 4, 36, 27, 11, 43, 34, 18, 2, 41, 25, 9, 48, 32, 16, 7, 39, 23, 14, 46, 30, 21, 5, 37, 28, 12, 44, 35, 19, 3, 42, 26, 10, 49, 33, 17),
(1, 17, 33, 49, 10, 26, 42, 3, 19, 35, 44, 12, 28, 37, 5, 21, 30, 46, 14, 23, 39, 7, 16, 32, 48, 9, 25, 41, 2, 18, 34, 43, 11, 27, 36, 4, 20, 
29, 45, 13, 22, 38, 6, 15, 31, 47, 8, 24, 40),  ], [  (1, 37, 25, 13, 49, 30, 18, 6, 42, 23, 11, 47, 35, 16, 4, 40, 28, 9, 45, 33, 21, 2, 38, 
26, 14, 43, 31, 19, 7, 36, 24, 12, 48, 29, 17, 5, 41, 22, 10, 46, 34, 15, 3, 39, 27, 8, 44, 32, 20),  (1, 20, 32, 44, 8, 27, 39, 3, 15, 34, 
46, 10, 22, 41, 5, 17, 29, 48, 12, 24, 36, 7, 19, 31, 43, 14, 26, 38, 2, 21, 33, 45, 9, 28, 40, 4, 16, 35, 47, 11, 23, 42, 6, 18, 30, 49, 13, 
25, 37),  ], [  (1, 4, 7, 3, 6, 2, 5)(8, 11, 14, 10, 13, 9, 12)(15, 18, 21, 17, 20, 16, 19)(22, 25, 28, 24, 27, 23, 26)(29, 32, 35, 31, 34, 
30, 33)(36, 39, 42, 38, 41, 37, 40)(43, 46, 49, 45, 48, 44, 47),  (1, 5, 2, 6, 3, 7, 4)(8, 12, 9, 13, 10, 14, 11)(15, 19, 16, 20, 17, 21, 
18)(22, 26, 23, 27, 24, 28, 25)(29, 33, 30, 34, 31, 35, 32)(36, 40, 37, 41, 38, 42, 39)(43, 47, 44, 48, 45, 49, 46),  ], [  (1, 20, 32, 44, 8,
27, 39, 3, 15, 34, 46, 10, 22, 41, 5, 17, 29, 48, 12, 24, 36, 7, 19, 31, 43, 14, 26, 38, 2, 21, 33, 45, 9, 28, 40, 4, 16, 35, 47, 11, 23, 42, 
6, 18, 30, 49, 13, 25, 37),  (1, 37, 25, 13, 49, 30, 18, 6, 42, 23, 11, 47, 35, 16, 4, 40, 28, 9, 45, 33, 21, 2, 38, 26, 14, 43, 31, 19, 7, 
36, 24, 12, 48, 29, 17, 5, 41, 22, 10, 46, 34, 15, 3, 39, 27, 8, 44, 32, 20),  ], [  (1, 29, 9, 37, 17, 45, 25, 5, 33, 13, 41, 21, 49, 22, 2, 
30, 10, 38, 18, 46, 26, 6, 34, 14, 42, 15, 43, 23, 3, 31, 11, 39, 19, 47, 27, 7, 35, 8, 36, 16, 44, 24, 4, 32, 12, 40, 20, 48, 28),  (1, 28, 
48, 20, 40, 12, 32, 4, 24, 44, 16, 36, 8, 35, 7, 27, 47, 19, 39, 11, 31, 3, 23, 43, 15, 42, 14, 34, 6, 26, 46, 18, 38, 10, 30, 2, 22, 49, 21, 
41, 13, 33, 5, 25, 45, 17, 37, 9, 29),  ], [  (1, 17, 33, 49, 10, 26, 42, 3, 19, 35, 44, 12, 28, 37, 5, 21, 30, 46, 14, 23, 39, 7, 16, 32, 48,
9, 25, 41, 2, 18, 34, 43, 11, 27, 36, 4, 20, 29, 45, 13, 22, 38, 6, 15, 31, 47, 8, 24, 40),  (1, 40, 24, 8, 47, 31, 15, 6, 38, 22, 13, 45, 29,
20, 4, 36, 27, 11, 43, 34, 18, 2, 41, 25, 9, 48, 32, 16, 7, 39, 23, 14, 46, 30, 21, 5, 37, 28, 12, 44, 35, 19, 3, 42, 26, 10, 49, 33, 17),  ],
[  (1, 5, 2, 6, 3, 7, 4)(8, 12, 9, 13, 10, 14, 11)(15, 19, 16, 20, 17, 21, 18)(22, 26, 23, 27, 24, 28, 25)(29, 33, 30, 34, 31, 35, 32)(36, 40,
37, 41, 38, 42, 39)(43, 47, 44, 48, 45, 49, 46),  (1, 4, 7, 3, 6, 2, 5)(8, 11, 14, 10, 13, 9, 12)(15, 18, 21, 17, 20, 16, 19)(22, 25, 28, 24, 
27, 23, 26)(29, 32, 35, 31, 34, 30, 33)(36, 39, 42, 38, 41, 37, 40)(43, 46, 49, 45, 48, 44, 47),  ], [  (1, 14, 20, 26, 32, 38, 44, 2, 8, 21, 
27, 33, 39, 45, 3, 9, 15, 28, 34, 40, 46, 4, 10, 16, 22, 35, 41, 47, 5, 11, 17, 23, 29, 42, 48, 6, 12, 18, 24, 30, 36, 49, 7, 13, 19, 25, 31, 
37, 43),  (1, 43, 37, 31, 25, 19, 13, 7, 49, 36, 30, 24, 18, 12, 6, 48, 42, 29, 23, 17, 11, 5, 47, 41, 35, 22, 16, 10, 4, 46, 40, 34, 28, 15, 
9, 3, 45, 39, 33, 27, 21, 8, 2, 44, 38, 32, 26, 20, 14),  ], [  (1, 26, 44, 21, 39, 9, 34, 4, 22, 47, 17, 42, 12, 30, 7, 25, 43, 20, 38, 8, 
33, 3, 28, 46, 16, 41, 11, 29, 6, 24, 49, 19, 37, 14, 32, 2, 27, 45, 15, 40, 10, 35, 5, 23, 48, 18, 36, 13, 31),  (1, 31, 13, 36, 18, 48, 23, 
5, 35, 10, 40, 15, 45, 27, 2, 32, 14, 37, 19, 49, 24, 6, 29, 11, 41, 16, 46, 28, 3, 33, 8, 38, 20, 43, 25, 7, 30, 12, 42, 17, 47, 22, 4, 34, 
9, 39, 21, 44, 26),  ], [  (1, 23, 45, 19, 41, 8, 30, 4, 26, 48, 15, 37, 11, 33, 7, 22, 44, 18, 40, 14, 29, 3, 25, 47, 21, 36, 10, 32, 6, 28, 
43, 17, 39, 13, 35, 2, 24, 46, 20, 42, 9, 31, 5, 27, 49, 16, 38, 12, 34),  (1, 34, 12, 38, 16, 49, 27, 5, 31, 9, 42, 20, 46, 24, 2, 35, 13, 
39, 17, 43, 28, 6, 32, 10, 36, 21, 47, 25, 3, 29, 14, 40, 18, 44, 22, 7, 33, 11, 37, 15, 48, 26, 4, 30, 8, 41, 19, 45, 23),  ], [  (1, 38, 27,
9, 46, 35, 17, 6, 36, 25, 14, 44, 33, 15, 4, 41, 23, 12, 49, 31, 20, 2, 39, 28, 10, 47, 29, 18, 7, 37, 26, 8, 45, 34, 16, 5, 42, 24, 13, 43, 
32, 21, 3, 40, 22, 11, 48, 30, 19),  (1, 19, 30, 48, 11, 22, 40, 3, 21, 32, 43, 13, 24, 42, 5, 16, 34, 45, 8, 26, 37, 7, 18, 29, 47, 10, 28, 
39, 2, 20, 31, 49, 12, 23, 41, 4, 15, 33, 44, 14, 25, 36, 6, 17, 35, 46, 9, 27, 38),  ], [  (1, 39, 22, 12, 43, 33, 16, 6, 37, 27, 10, 48, 31,
21, 4, 42, 25, 8, 46, 29, 19, 2, 40, 23, 13, 44, 34, 17, 7, 38, 28, 11, 49, 32, 15, 5, 36, 26, 9, 47, 30, 20, 3, 41, 24, 14, 45, 35, 18),  (1,
18, 35, 45, 14, 24, 41, 3, 20, 30, 47, 9, 26, 36, 5, 15, 32, 49, 11, 28, 38, 7, 17, 34, 44, 13, 23, 40, 2, 19, 29, 46, 8, 25, 42, 4, 21, 31, 
48, 10, 27, 37, 6, 16, 33, 43, 12, 22, 39),  ], [  (1, 2, 3, 4, 5, 6, 7)(8, 9, 10, 11, 12, 13, 14)(15, 16, 17, 18, 19, 20, 21)(22, 23, 24, 25,
26, 27, 28)(29, 30, 31, 32, 33, 34, 35)(36, 37, 38, 39, 40, 41, 42)(43, 44, 45, 46, 47, 48, 49),  (1, 7, 6, 5, 4, 3, 2)(8, 14, 13, 12, 11, 10,
9)(15, 21, 20, 19, 18, 17, 16)(22, 28, 27, 26, 25, 24, 23)(29, 35, 34, 33, 32, 31, 30)(36, 42, 41, 40, 39, 38, 37)(43, 49, 48, 47, 46, 45, 
44),  ], [  (1, 18, 35, 45, 14, 24, 41, 3, 20, 30, 47, 9, 26, 36, 5, 15, 32, 49, 11, 28, 38, 7, 17, 34, 44, 13, 23, 40, 2, 19, 29, 46, 8, 25, 
42, 4, 21, 31, 48, 10, 27, 37, 6, 16, 33, 43, 12, 22, 39),  (1, 39, 22, 12, 43, 33, 16, 6, 37, 27, 10, 48, 31, 21, 4, 42, 25, 8, 46, 29, 19, 
2, 40, 23, 13, 44, 34, 17, 7, 38, 28, 11, 49, 32, 15, 5, 36, 26, 9, 47, 30, 20, 3, 41, 24, 14, 45, 35, 18),  ], [  (1, 34, 12, 38, 16, 49, 27,
5, 31, 9, 42, 20, 46, 24, 2, 35, 13, 39, 17, 43, 28, 6, 32, 10, 36, 21, 47, 25, 3, 29, 14, 40, 18, 44, 22, 7, 33, 11, 37, 15, 48, 26, 4, 30, 
8, 41, 19, 45, 23),  (1, 23, 45, 19, 41, 8, 30, 4, 26, 48, 15, 37, 11, 33, 7, 22, 44, 18, 40, 14, 29, 3, 25, 47, 21, 36, 10, 32, 6, 28, 43, 
17, 39, 13, 35, 2, 24, 46, 20, 42, 9, 31, 5, 27, 49, 16, 38, 12, 34),  ], [  (1, 43, 37, 31, 25, 19, 13, 7, 49, 36, 30, 24, 18, 12, 6, 48, 42,
29, 23, 17, 11, 5, 47, 41, 35, 22, 16, 10, 4, 46, 40, 34, 28, 15, 9, 3, 45, 39, 33, 27, 21, 8, 2, 44, 38, 32, 26, 20, 14),  (1, 14, 20, 26, 
32, 38, 44, 2, 8, 21, 27, 33, 39, 45, 3, 9, 15, 28, 34, 40, 46, 4, 10, 16, 22, 35, 41, 47, 5, 11, 17, 23, 29, 42, 48, 6, 12, 18, 24, 30, 36, 
49, 7, 13, 19, 25, 31, 37, 43),  ], [  (1, 31, 13, 36, 18, 48, 23, 5, 35, 10, 40, 15, 45, 27, 2, 32, 14, 37, 19, 49, 24, 6, 29, 11, 41, 16, 
46, 28, 3, 33, 8, 38, 20, 43, 25, 7, 30, 12, 42, 17, 47, 22, 4, 34, 9, 39, 21, 44, 26),  (1, 26, 44, 21, 39, 9, 34, 4, 22, 47, 17, 42, 12, 30,
7, 25, 43, 20, 38, 8, 33, 3, 28, 46, 16, 41, 11, 29, 6, 24, 49, 19, 37, 14, 32, 2, 27, 45, 15, 40, 10, 35, 5, 23, 48, 18, 36, 13, 31),  ], [  
(1, 19, 30, 48, 11, 22, 40, 3, 21, 32, 43, 13, 24, 42, 5, 16, 34, 45, 8, 26, 37, 7, 18, 29, 47, 10, 28, 39, 2, 20, 31, 49, 12, 23, 41, 4, 15, 
33, 44, 14, 25, 36, 6, 17, 35, 46, 9, 27, 38),  (1, 38, 27, 9, 46, 35, 17, 6, 36, 25, 14, 44, 33, 15, 4, 41, 23, 12, 49, 31, 20, 2, 39, 28, 
10, 47, 29, 18, 7, 37, 26, 8, 45, 34, 16, 5, 42, 24, 13, 43, 32, 21, 3, 40, 22, 11, 48, 30, 19),  ], [  (1, 7, 6, 5, 4, 3, 2)(8, 14, 13, 12, 
11, 10, 9)(15, 21, 20, 19, 18, 17, 16)(22, 28, 27, 26, 25, 24, 23)(29, 35, 34, 33, 32, 31, 30)(36, 42, 41, 40, 39, 38, 37)(43, 49, 48, 47, 46,
45, 44),  (1, 2, 3, 4, 5, 6, 7)(8, 9, 10, 11, 12, 13, 14)(15, 16, 17, 18, 19, 20, 21)(22, 23, 24, 25, 26, 27, 28)(29, 30, 31, 32, 33, 34, 
35)(36, 37, 38, 39, 40, 41, 42)(43, 44, 45, 46, 47, 48, 49),  ], [  (1, 48, 40, 32, 24, 16, 8, 7, 47, 39, 31, 23, 15, 14, 6, 46, 38, 30, 22, 
21, 13, 5, 45, 37, 29, 28, 20, 12, 4, 44, 36, 35, 27, 19, 11, 3, 43, 42, 34, 26, 18, 10, 2, 49, 41, 33, 25, 17, 9),  (1, 9, 17, 25, 33, 41, 
49, 2, 10, 18, 26, 34, 42, 43, 3, 11, 19, 27, 35, 36, 44, 4, 12, 20, 28, 29, 37, 45, 5, 13, 21, 22, 30, 38, 46, 6, 14, 15, 23, 31, 39, 47, 7, 
8, 16, 24, 32, 40, 48),  ], [  (1, 12, 16, 27, 31, 42, 46, 2, 13, 17, 28, 32, 36, 47, 3, 14, 18, 22, 33, 37, 48, 4, 8, 19, 23, 34, 38, 49, 5, 
9, 20, 24, 35, 39, 43, 6, 10, 21, 25, 29, 40, 44, 7, 11, 15, 26, 30, 41, 45),  (1, 45, 41, 30, 26, 15, 11, 7, 44, 40, 29, 25, 21, 10, 6, 43, 
39, 35, 24, 20, 9, 5, 49, 38, 34, 23, 19, 8, 4, 48, 37, 33, 22, 18, 14, 3, 47, 36, 32, 28, 17, 13, 2, 46, 42, 31, 27, 16, 12),  ], [  (1, 9, 
17, 25, 33, 41, 49, 2, 10, 18, 26, 34, 42, 43, 3, 11, 19, 27, 35, 36, 44, 4, 12, 20, 28, 29, 37, 45, 5, 13, 21, 22, 30, 38, 46, 6, 14, 15, 23,
31, 39, 47, 7, 8, 16, 24, 32, 40, 48),  (1, 48, 40, 32, 24, 16, 8, 7, 47, 39, 31, 23, 15, 14, 6, 46, 38, 30, 22, 21, 13, 5, 45, 37, 29, 28, 
20, 12, 4, 44, 36, 35, 27, 19, 11, 3, 43, 42, 34, 26, 18, 10, 2, 49, 41, 33, 25, 17, 9),  ], [  (1, 24, 47, 15, 38, 13, 29, 4, 27, 43, 18, 41,
9, 32, 7, 23, 46, 21, 37, 12, 35, 3, 26, 49, 17, 40, 8, 31, 6, 22, 45, 20, 36, 11, 34, 2, 25, 48, 16, 39, 14, 30, 5, 28, 44, 19, 42, 10, 33), 
(1, 33, 10, 42, 19, 44, 28, 5, 30, 14, 39, 16, 48, 25, 2, 34, 11, 36, 20, 45, 22, 6, 31, 8, 40, 17, 49, 26, 3, 35, 12, 37, 21, 46, 23, 7, 32, 
9, 41, 18, 43, 27, 4, 29, 13, 38, 15, 47, 24),  ], [  (1, 25, 49, 18, 42, 11, 35, 4, 28, 45, 21, 38, 14, 31, 7, 24, 48, 17, 41, 10, 34, 3, 27,
44, 20, 37, 13, 30, 6, 23, 47, 16, 40, 9, 33, 2, 26, 43, 19, 36, 12, 29, 5, 22, 46, 15, 39, 8, 32),  (1, 32, 8, 39, 15, 46, 22, 5, 29, 12, 36,
19, 43, 26, 2, 33, 9, 40, 16, 47, 23, 6, 30, 13, 37, 20, 44, 27, 3, 34, 10, 41, 17, 48, 24, 7, 31, 14, 38, 21, 45, 28, 4, 35, 11, 42, 18, 49, 
25),  ], [  (1, 36, 23, 10, 45, 32, 19, 6, 41, 28, 8, 43, 30, 17, 4, 39, 26, 13, 48, 35, 15, 2, 37, 24, 11, 46, 33, 20, 7, 42, 22, 9, 44, 31, 
18, 5, 40, 27, 14, 49, 29, 16, 3, 38, 25, 12, 47, 34, 21),  (1, 21, 34, 47, 12, 25, 38, 3, 16, 29, 49, 14, 27, 40, 5, 18, 31, 44, 9, 22, 42, 
7, 20, 33, 46, 11, 24, 37, 2, 15, 35, 48, 13, 26, 39, 4, 17, 30, 43, 8, 28, 41, 6, 19, 32, 45, 10, 23, 36),  ], [  (1, 41, 26, 11, 44, 29, 21,
6, 39, 24, 9, 49, 34, 19, 4, 37, 22, 14, 47, 32, 17, 2, 42, 27, 12, 45, 30, 15, 7, 40, 25, 10, 43, 35, 20, 5, 38, 23, 8, 48, 33, 18, 3, 36, 
28, 13, 46, 31, 16),  (1, 16, 31, 46, 13, 28, 36, 3, 18, 33, 48, 8, 23, 38, 5, 20, 35, 43, 10, 25, 40, 7, 15, 30, 45, 12, 27, 42, 2, 17, 32, 
47, 14, 22, 37, 4, 19, 34, 49, 9, 24, 39, 6, 21, 29, 44, 11, 26, 41),  ], [  (1, 16, 31, 46, 13, 28, 36, 3, 18, 33, 48, 8, 23, 38, 5, 20, 35, 
43, 10, 25, 40, 7, 15, 30, 45, 12, 27, 42, 2, 17, 32, 47, 14, 22, 37, 4, 19, 34, 49, 9, 24, 39, 6, 21, 29, 44, 11, 26, 41),  (1, 41, 26, 11, 
44, 29, 21, 6, 39, 24, 9, 49, 34, 19, 4, 37, 22, 14, 47, 32, 17, 2, 42, 27, 12, 45, 30, 15, 7, 40, 25, 10, 43, 35, 20, 5, 38, 23, 8, 48, 33, 
18, 3, 36, 28, 13, 46, 31, 16),  ], [  (1, 32, 8, 39, 15, 46, 22, 5, 29, 12, 36, 19, 43, 26, 2, 33, 9, 40, 16, 47, 23, 6, 30, 13, 37, 20, 44, 
27, 3, 34, 10, 41, 17, 48, 24, 7, 31, 14, 38, 21, 45, 28, 4, 35, 11, 42, 18, 49, 25),  (1, 25, 49, 18, 42, 11, 35, 4, 28, 45, 21, 38, 14, 31, 
7, 24, 48, 17, 41, 10, 34, 3, 27, 44, 20, 37, 13, 30, 6, 23, 47, 16, 40, 9, 33, 2, 26, 43, 19, 36, 12, 29, 5, 22, 46, 15, 39, 8, 32),  ], [  
(1, 45, 41, 30, 26, 15, 11, 7, 44, 40, 29, 25, 21, 10, 6, 43, 39, 35, 24, 20, 9, 5, 49, 38, 34, 23, 19, 8, 4, 48, 37, 33, 22, 18, 14, 3, 47, 
36, 32, 28, 17, 13, 2, 46, 42, 31, 27, 16, 12),  (1, 12, 16, 27, 31, 42, 46, 2, 13, 17, 28, 32, 36, 47, 3, 14, 18, 22, 33, 37, 48, 4, 8, 19, 
23, 34, 38, 49, 5, 9, 20, 24, 35, 39, 43, 6, 10, 21, 25, 29, 40, 44, 7, 11, 15, 26, 30, 41, 45),  ], [  (1, 33, 10, 42, 19, 44, 28, 5, 30, 14,
39, 16, 48, 25, 2, 34, 11, 36, 20, 45, 22, 6, 31, 8, 40, 17, 49, 26, 3, 35, 12, 37, 21, 46, 23, 7, 32, 9, 41, 18, 43, 27, 4, 29, 13, 38, 15, 
47, 24),  (1, 24, 47, 15, 38, 13, 29, 4, 27, 43, 18, 41, 9, 32, 7, 23, 46, 21, 37, 12, 35, 3, 26, 49, 17, 40, 8, 31, 6, 22, 45, 20, 36, 11, 
34, 2, 25, 48, 16, 39, 14, 30, 5, 28, 44, 19, 42, 10, 33),  ], [  (1, 21, 34, 47, 12, 25, 38, 3, 16, 29, 49, 14, 27, 40, 5, 18, 31, 44, 9, 22,
42, 7, 20, 33, 46, 11, 24, 37, 2, 15, 35, 48, 13, 26, 39, 4, 17, 30, 43, 8, 28, 41, 6, 19, 32, 45, 10, 23, 36),  (1, 36, 23, 10, 45, 32, 19, 
6, 41, 28, 8, 43, 30, 17, 4, 39, 26, 13, 48, 35, 15, 2, 37, 24, 11, 46, 33, 20, 7, 42, 22, 9, 44, 31, 18, 5, 40, 27, 14, 49, 29, 16, 3, 38, 
25, 12, 47, 34, 21),  ], [  (1, 46, 36, 33, 23, 20, 10, 7, 45, 42, 32, 22, 19, 9, 6, 44, 41, 31, 28, 18, 8, 5, 43, 40, 30, 27, 17, 14, 4, 49, 
39, 29, 26, 16, 13, 3, 48, 38, 35, 25, 15, 12, 2, 47, 37, 34, 24, 21, 11),  (1, 11, 21, 24, 34, 37, 47, 2, 12, 15, 25, 35, 38, 48, 3, 13, 16, 
26, 29, 39, 49, 4, 14, 17, 27, 30, 40, 43, 5, 8, 18, 28, 31, 41, 44, 6, 9, 19, 22, 32, 42, 45, 7, 10, 20, 23, 33, 36, 46),  ], [  (1, 10, 19, 
28, 30, 39, 48, 2, 11, 20, 22, 31, 40, 49, 3, 12, 21, 23, 32, 41, 43, 4, 13, 15, 24, 33, 42, 44, 5, 14, 16, 25, 34, 36, 45, 6, 8, 17, 26, 35, 
37, 46, 7, 9, 18, 27, 29, 38, 47),  (1, 47, 38, 29, 27, 18, 9, 7, 46, 37, 35, 26, 17, 8, 6, 45, 36, 34, 25, 16, 14, 5, 44, 42, 33, 24, 15, 13,
4, 43, 41, 32, 23, 21, 12, 3, 49, 40, 31, 22, 20, 11, 2, 48, 39, 30, 28, 19, 10),  ], [  (1, 11, 21, 24, 34, 37, 47, 2, 12, 15, 25, 35, 38, 
48, 3, 13, 16, 26, 29, 39, 49, 4, 14, 17, 27, 30, 40, 43, 5, 8, 18, 28, 31, 41, 44, 6, 9, 19, 22, 32, 42, 45, 7, 10, 20, 23, 33, 36, 46),  (1,
46, 36, 33, 23, 20, 10, 7, 45, 42, 32, 22, 19, 9, 6, 44, 41, 31, 28, 18, 8, 5, 43, 40, 30, 27, 17, 14, 4, 49, 39, 29, 26, 16, 13, 3, 48, 38, 
35, 25, 15, 12, 2, 47, 37, 34, 24, 21, 11),  ], [  (1, 22, 43, 16, 37, 10, 31, 4, 25, 46, 19, 40, 13, 34, 7, 28, 49, 15, 36, 9, 30, 3, 24, 45,
18, 39, 12, 33, 6, 27, 48, 21, 42, 8, 29, 2, 23, 44, 17, 38, 11, 32, 5, 26, 47, 20, 41, 14, 35),  (1, 35, 14, 41, 20, 47, 26, 5, 32, 11, 38, 
17, 44, 23, 2, 29, 8, 42, 21, 48, 27, 6, 33, 12, 39, 18, 45, 24, 3, 30, 9, 36, 15, 49, 28, 7, 34, 13, 40, 19, 46, 25, 4, 31, 10, 37, 16, 43, 
22),  ], [  (1, 27, 46, 17, 36, 14, 33, 4, 23, 49, 20, 39, 10, 29, 7, 26, 45, 16, 42, 13, 32, 3, 22, 48, 19, 38, 9, 35, 6, 25, 44, 15, 41, 12,
31, 2, 28, 47, 18, 37, 8, 34, 5, 24, 43, 21, 40, 11, 30),  (1, 30, 11, 40, 21, 43, 24, 5, 34, 8, 37, 18, 47, 28, 2, 31, 12, 41, 15, 44, 25, 6,
35, 9, 38, 19, 48, 22, 3, 32, 13, 42, 16, 45, 26, 7, 29, 10, 39, 20, 49, 23, 4, 33, 14, 36, 17, 46, 27),  ], [  (1, 30, 11, 40, 21, 43, 24, 5,
34, 8, 37, 18, 47, 28, 2, 31, 12, 41, 15, 44, 25, 6, 35, 9, 38, 19, 48, 22, 3, 32, 13, 42, 16, 45, 26, 7, 29, 10, 39, 20, 49, 23, 4, 33, 14, 
36, 17, 46, 27),  (1, 27, 46, 17, 36, 14, 33, 4, 23, 49, 20, 39, 10, 29, 7, 26, 45, 16, 42, 13, 32, 3, 22, 48, 19, 38, 9, 35, 6, 25, 44, 15, 
41, 12, 31, 2, 28, 47, 18, 37, 8, 34, 5, 24, 43, 21, 40, 11, 30),  ], [  (1, 47, 38, 29, 27, 18, 9, 7, 46, 37, 35, 26, 17, 8, 6, 45, 36, 34, 
25, 16, 14, 5, 44, 42, 33, 24, 15, 13, 4, 43, 41, 32, 23, 21, 12, 3, 49, 40, 31, 22, 20, 11, 2, 48, 39, 30, 28, 19, 10),  (1, 10, 19, 28, 30, 
39, 48, 2, 11, 20, 22, 31, 40, 49, 3, 12, 21, 23, 32, 41, 43, 4, 13, 15, 24, 33, 42, 44, 5, 14, 16, 25, 34, 36, 45, 6, 8, 17, 26, 35, 37, 46, 
7, 9, 18, 27, 29, 38, 47),  ], [  (1, 35, 14, 41, 20, 47, 26, 5, 32, 11, 38, 17, 44, 23, 2, 29, 8, 42, 21, 48, 27, 6, 33, 12, 39, 18, 45, 24, 
3, 30, 9, 36, 15, 49, 28, 7, 34, 13, 40, 19, 46, 25, 4, 31, 10, 37, 16, 43, 22),  (1, 22, 43, 16, 37, 10, 31, 4, 25, 46, 19, 40, 13, 34, 7, 
28, 49, 15, 36, 9, 30, 3, 24, 45, 18, 39, 12, 33, 6, 27, 48, 21, 42, 8, 29, 2, 23, 44, 17, 38, 11, 32, 5, 26, 47, 20, 41, 14, 35),  ], [  (1, 
44, 39, 34, 22, 17, 12, 7, 43, 38, 33, 28, 16, 11, 6, 49, 37, 32, 27, 15, 10, 5, 48, 36, 31, 26, 21, 9, 4, 47, 42, 30, 25, 20, 8, 3, 46, 41, 
29, 24, 19, 14, 2, 45, 40, 35, 23, 18, 13),  (1, 13, 18, 23, 35, 40, 45, 2, 14, 19, 24, 29, 41, 46, 3, 8, 20, 25, 30, 42, 47, 4, 9, 21, 26, 
31, 36, 48, 5, 10, 15, 27, 32, 37, 49, 6, 11, 16, 28, 33, 38, 43, 7, 12, 17, 22, 34, 39, 44),  ], [  (1, 8, 15, 22, 29, 36, 43, 2, 9, 16, 23, 
30, 37, 44, 3, 10, 17, 24, 31, 38, 45, 4, 11, 18, 25, 32, 39, 46, 5, 12, 19, 26, 33, 40, 47, 6, 13, 20, 27, 34, 41, 48, 7, 14, 21, 28, 35, 42,
49),  (1, 49, 42, 35, 28, 21, 14, 7, 48, 41, 34, 27, 20, 13, 6, 47, 40, 33, 26, 19, 12, 5, 46, 39, 32, 25, 18, 11, 4, 45, 38, 31, 24, 17, 10, 
3, 44, 37, 30, 23, 16, 9, 2, 43, 36, 29, 22, 15, 8),  ], [  (1, 13, 18, 23, 35, 40, 45, 2, 14, 19, 24, 29, 41, 46, 3, 8, 20, 25, 30, 42, 47, 
4, 9, 21, 26, 31, 36, 48, 5, 10, 15, 27, 32, 37, 49, 6, 11, 16, 28, 33, 38, 43, 7, 12, 17, 22, 34, 39, 44),  (1, 44, 39, 34, 22, 17, 12, 7, 
43, 38, 33, 28, 16, 11, 6, 49, 37, 32, 27, 15, 10, 5, 48, 36, 31, 26, 21, 9, 4, 47, 42, 30, 25, 20, 8, 3, 46, 41, 29, 24, 19, 14, 2, 45, 40, 
35, 23, 18, 13),  ], [  (1, 49, 42, 35, 28, 21, 14, 7, 48, 41, 34, 27, 20, 13, 6, 47, 40, 33, 26, 19, 12, 5, 46, 39, 32, 25, 18, 11, 4, 45, 
38, 31, 24, 17, 10, 3, 44, 37, 30, 23, 16, 9, 2, 43, 36, 29, 22, 15, 8),  (1, 8, 15, 22, 29, 36, 43, 2, 9, 16, 23, 30, 37, 44, 3, 10, 17, 24, 
31, 38, 45, 4, 11, 18, 25, 32, 39, 46, 5, 12, 19, 26, 33, 40, 47, 6, 13, 20, 27, 34, 41, 48, 7, 14, 21, 28, 35, 42, 49),  ], ]
);

BRACES[49].brace[2] := rec ( size := 49, perms := [ [  (),  (),  ], [  (1, 40, 24, 8, 47, 31, 15, 6, 38, 22, 13, 45, 29, 20, 4, 36, 27, 11, 
43, 34, 18, 2, 41, 25, 9, 48, 32, 16, 7, 39, 23, 14, 46, 30, 21, 5, 37, 28, 12, 44, 35, 19, 3, 42, 26, 10, 49, 33, 17),  (1, 15, 34, 44, 11, 
24, 42, 3, 17, 29, 46, 13, 26, 37, 5, 19, 31, 48, 8, 28, 39, 7, 21, 33, 43, 10, 23, 41, 2, 16, 35, 45, 12, 25, 36, 4, 18, 30, 47, 14, 27, 38, 
6, 20, 32, 49, 9, 22, 40),  ], [  (1, 6, 4, 2, 7, 5, 3)(8, 13, 11, 9, 14, 12, 10)(15, 20, 18, 16, 21, 19, 17)(22, 27, 25, 23, 28, 26, 24)(29, 
34, 32, 30, 35, 33, 31)(36, 41, 39, 37, 42, 40, 38)(43, 48, 46, 44, 49, 47, 45),  (1, 3, 5, 7, 2, 4, 6)(8, 10, 12, 14, 9, 11, 13)(15, 17, 19, 
21, 16, 18, 20)(22, 24, 26, 28, 23, 25, 27)(29, 31, 33, 35, 30, 32, 34)(36, 38, 40, 42, 37, 39, 41)(43, 45, 47, 49, 44, 46, 48),  ], [  (1, 
15, 29, 43, 9, 23, 37, 3, 17, 31, 45, 11, 25, 39, 5, 19, 33, 47, 13, 27, 41, 7, 21, 35, 49, 8, 22, 36, 2, 16, 30, 44, 10, 24, 38, 4, 18, 32, 
46, 12, 26, 40, 6, 20, 34, 48, 14, 28, 42),  (1, 40, 22, 9, 49, 32, 20, 6, 38, 27, 14, 47, 30, 18, 4, 36, 25, 12, 45, 35, 16, 2, 41, 23, 10, 
43, 33, 21, 7, 39, 28, 8, 48, 31, 19, 5, 37, 26, 13, 46, 29, 17, 3, 42, 24, 11, 44, 34, 15),  ], [  (1, 3, 5, 7, 2, 4, 6)(8, 10, 12, 14, 9, 
11, 13)(15, 17, 19, 21, 16, 18, 20)(22, 24, 26, 28, 23, 25, 27)(29, 31, 33, 35, 30, 32, 34)(36, 38, 40, 42, 37, 39, 41)(43, 45, 47, 49, 44, 
46, 48),  (1, 6, 4, 2, 7, 5, 3)(8, 13, 11, 9, 14, 12, 10)(15, 20, 18, 16, 21, 19, 17)(22, 27, 25, 23, 28, 26, 24)(29, 34, 32, 30, 35, 33, 
31)(36, 41, 39, 37, 42, 40, 38)(43, 48, 46, 44, 49, 47, 45),  ], [  (1, 22, 43, 16, 37, 10, 31, 4, 25, 46, 19, 40, 13, 34, 7, 28, 49, 15, 36, 
9, 30, 3, 24, 45, 18, 39, 12, 33, 6, 27, 48, 21, 42, 8, 29, 2, 23, 44, 17, 38, 11, 32, 5, 26, 47, 20, 41, 14, 35),  (1, 34, 11, 42, 17, 46, 
26, 5, 31, 8, 39, 21, 43, 23, 2, 35, 12, 36, 18, 47, 27, 6, 32, 9, 40, 15, 44, 24, 3, 29, 13, 37, 19, 48, 28, 7, 33, 10, 41, 16, 45, 25, 4, 
30, 14, 38, 20, 49, 22),  ], [  (1, 38, 27, 9, 46, 35, 17, 6, 36, 25, 14, 44, 33, 15, 4, 41, 23, 12, 49, 31, 20, 2, 39, 28, 10, 47, 29, 18, 7,
37, 26, 8, 45, 34, 16, 5, 42, 24, 13, 43, 32, 21, 3, 40, 22, 11, 48, 30, 19),  (1, 17, 31, 43, 12, 27, 40, 3, 19, 33, 45, 14, 22, 42, 5, 21, 
35, 47, 9, 24, 37, 7, 16, 30, 49, 11, 26, 39, 2, 18, 32, 44, 13, 28, 41, 4, 20, 34, 46, 8, 23, 36, 6, 15, 29, 48, 10, 25, 38),  ], [  (1, 42, 
28, 14, 48, 34, 20, 6, 40, 26, 12, 46, 32, 18, 4, 38, 24, 10, 44, 30, 16, 2, 36, 22, 8, 49, 35, 21, 7, 41, 27, 13, 47, 33, 19, 5, 39, 25, 11, 
45, 31, 17, 3, 37, 23, 9, 43, 29, 15),  (1, 20, 30, 45, 10, 28, 37, 3, 15, 32, 47, 12, 23, 39, 5, 17, 34, 49, 14, 25, 41, 7, 19, 29, 44, 9, 
27, 36, 2, 21, 31, 46, 11, 22, 38, 4, 16, 33, 48, 13, 24, 40, 6, 18, 35, 43, 8, 26, 42),  ], [  (1, 4, 7, 3, 6, 2, 5)(8, 11, 14, 10, 13, 9, 
12)(15, 18, 21, 17, 20, 16, 19)(22, 25, 28, 24, 27, 23, 26)(29, 32, 35, 31, 34, 30, 33)(36, 39, 42, 38, 41, 37, 40)(43, 46, 49, 45, 48, 44, 
47),  (1, 5, 2, 6, 3, 7, 4)(8, 12, 9, 13, 10, 14, 11)(15, 19, 16, 20, 17, 21, 18)(22, 26, 23, 27, 24, 28, 25)(29, 33, 30, 34, 31, 35, 32)(36, 
40, 37, 41, 38, 42, 39)(43, 47, 44, 48, 45, 49, 46),  ], [  (1, 20, 32, 44, 8, 27, 39, 3, 15, 34, 46, 10, 22, 41, 5, 17, 29, 48, 12, 24, 36, 
7, 19, 31, 43, 14, 26, 38, 2, 21, 33, 45, 9, 28, 40, 4, 16, 35, 47, 11, 23, 42, 6, 18, 30, 49, 13, 25, 37),  (1, 42, 26, 8, 43, 35, 18, 6, 40,
24, 13, 48, 33, 16, 4, 38, 22, 11, 46, 31, 21, 2, 36, 27, 9, 44, 29, 19, 7, 41, 25, 14, 49, 34, 17, 5, 39, 23, 12, 47, 32, 15, 3, 37, 28, 10, 
45, 30, 20),  ], [  (1, 34, 12, 38, 16, 49, 27, 5, 31, 9, 42, 20, 46, 24, 2, 35, 13, 39, 17, 43, 28, 6, 32, 10, 36, 21, 47, 25, 3, 29, 14, 40,
18, 44, 22, 7, 33, 11, 37, 15, 48, 26, 4, 30, 8, 41, 19, 45, 23),  (1, 22, 49, 20, 38, 14, 30, 4, 25, 45, 16, 41, 10, 33, 7, 28, 48, 19, 37, 
13, 29, 3, 24, 44, 15, 40, 9, 32, 6, 27, 47, 18, 36, 12, 35, 2, 23, 43, 21, 39, 8, 31, 5, 26, 46, 17, 42, 11, 34),  ], [  (1, 17, 33, 49, 10, 
26, 42, 3, 19, 35, 44, 12, 28, 37, 5, 21, 30, 46, 14, 23, 39, 7, 16, 32, 48, 9, 25, 41, 2, 18, 34, 43, 11, 27, 36, 4, 20, 29, 45, 13, 22, 38, 
6, 15, 31, 47, 8, 24, 40),  (1, 38, 25, 10, 48, 29, 15, 6, 36, 23, 8, 46, 34, 20, 4, 41, 28, 13, 44, 32, 18, 2, 39, 26, 11, 49, 30, 16, 7, 37,
24, 9, 47, 35, 21, 5, 42, 22, 14, 45, 33, 19, 3, 40, 27, 12, 43, 31, 17),  ], [  (1, 5, 2, 6, 3, 7, 4)(8, 12, 9, 13, 10, 14, 11)(15, 19, 16, 
20, 17, 21, 18)(22, 26, 23, 27, 24, 28, 25)(29, 33, 30, 34, 31, 35, 32)(36, 40, 37, 41, 38, 42, 39)(43, 47, 44, 48, 45, 49, 46),  (1, 4, 7, 3,
6, 2, 5)(8, 11, 14, 10, 13, 9, 12)(15, 18, 21, 17, 20, 16, 19)(22, 25, 28, 24, 27, 23, 26)(29, 32, 35, 31, 34, 30, 33)(36, 39, 42, 38, 41, 37,
40)(43, 46, 49, 45, 48, 44, 47),  ], [  (1, 9, 17, 25, 33, 41, 49, 2, 10, 18, 26, 34, 42, 43, 3, 11, 19, 27, 35, 36, 44, 4, 12, 20, 28, 29, 
37, 45, 5, 13, 21, 22, 30, 38, 46, 6, 14, 15, 23, 31, 39, 47, 7, 8, 16, 24, 32, 40, 48),  (1, 44, 42, 29, 26, 19, 8, 7, 43, 41, 35, 25, 18, 
14, 6, 49, 40, 34, 24, 17, 13, 5, 48, 39, 33, 23, 16, 12, 4, 47, 38, 32, 22, 15, 11, 3, 46, 37, 31, 28, 21, 10, 2, 45, 36, 30, 27, 20, 9),  ],
[  (1, 27, 46, 17, 36, 14, 33, 4, 23, 49, 20, 39, 10, 29, 7, 26, 45, 16, 42, 13, 32, 3, 22, 48, 19, 38, 9, 35, 6, 25, 44, 15, 41, 12, 31, 2, 
28, 47, 18, 37, 8, 34, 5, 24, 43, 21, 40, 11, 30),  (1, 29, 8, 41, 18, 49, 24, 5, 33, 12, 38, 15, 46, 28, 2, 30, 9, 42, 19, 43, 25, 6, 34, 13,
39, 16, 47, 22, 3, 31, 10, 36, 20, 44, 26, 7, 35, 14, 40, 17, 48, 23, 4, 32, 11, 37, 21, 45, 27),  ], [  (1, 24, 47, 15, 38, 13, 29, 4, 27, 
43, 18, 41, 9, 32, 7, 23, 46, 21, 37, 12, 35, 3, 26, 49, 17, 40, 8, 31, 6, 22, 45, 20, 36, 11, 34, 2, 25, 48, 16, 39, 14, 30, 5, 28, 44, 19, 
42, 10, 33),  (1, 32, 14, 36, 16, 43, 28, 5, 29, 11, 40, 20, 47, 25, 2, 33, 8, 37, 17, 44, 22, 6, 30, 12, 41, 21, 48, 26, 3, 34, 9, 38, 18, 
45, 23, 7, 31, 13, 42, 15, 49, 27, 4, 35, 10, 39, 19, 46, 24),  ], [  (1, 36, 23, 10, 45, 32, 19, 6, 41, 28, 8, 43, 30, 17, 4, 39, 26, 13, 48,
35, 15, 2, 37, 24, 11, 46, 33, 20, 7, 42, 22, 9, 44, 31, 18, 5, 40, 27, 14, 49, 29, 16, 3, 38, 25, 12, 47, 34, 21),  (1, 19, 35, 49, 13, 23, 
38, 3, 21, 30, 44, 8, 25, 40, 5, 16, 32, 46, 10, 27, 42, 7, 18, 34, 48, 12, 22, 37, 2, 20, 29, 43, 14, 24, 39, 4, 15, 31, 45, 9, 26, 41, 6, 
17, 33, 47, 11, 28, 36),  ], [  (1, 37, 25, 13, 49, 30, 18, 6, 42, 23, 11, 47, 35, 16, 4, 40, 28, 9, 45, 33, 21, 2, 38, 26, 14, 43, 31, 19, 7,
36, 24, 12, 48, 29, 17, 5, 41, 22, 10, 46, 34, 15, 3, 39, 27, 8, 44, 32, 20),  (1, 18, 33, 46, 9, 25, 39, 3, 20, 35, 48, 11, 27, 41, 5, 15, 
30, 43, 13, 22, 36, 7, 17, 32, 45, 8, 24, 38, 2, 19, 34, 47, 10, 26, 40, 4, 21, 29, 49, 12, 28, 42, 6, 16, 31, 44, 14, 23, 37),  ], [  (1, 2, 
3, 4, 5, 6, 7)(8, 9, 10, 11, 12, 13, 14)(15, 16, 17, 18, 19, 20, 21)(22, 23, 24, 25, 26, 27, 28)(29, 30, 31, 32, 33, 34, 35)(36, 37, 38, 39, 
40, 41, 42)(43, 44, 45, 46, 47, 48, 49),  (1, 7, 6, 5, 4, 3, 2)(8, 14, 13, 12, 11, 10, 9)(15, 21, 20, 19, 18, 17, 16)(22, 28, 27, 26, 25, 24, 
23)(29, 35, 34, 33, 32, 31, 30)(36, 42, 41, 40, 39, 38, 37)(43, 49, 48, 47, 46, 45, 44),  ], [  (1, 18, 35, 45, 14, 24, 41, 3, 20, 30, 47, 9, 
26, 36, 5, 15, 32, 49, 11, 28, 38, 7, 17, 34, 44, 13, 23, 40, 2, 19, 29, 46, 8, 25, 42, 4, 21, 31, 48, 10, 27, 37, 6, 16, 33, 43, 12, 22, 39),
(1, 37, 23, 14, 44, 31, 16, 6, 42, 28, 12, 49, 29, 21, 4, 40, 26, 10, 47, 34, 19, 2, 38, 24, 8, 45, 32, 17, 7, 36, 22, 13, 43, 30, 15, 5, 41, 
27, 11, 48, 35, 20, 3, 39, 25, 9, 46, 33, 18),  ], [  (1, 32, 8, 39, 15, 46, 22, 5, 29, 12, 36, 19, 43, 26, 2, 33, 9, 40, 16, 47, 23, 6, 30, 
13, 37, 20, 44, 27, 3, 34, 10, 41, 17, 48, 24, 7, 31, 14, 38, 21, 45, 28, 4, 35, 11, 42, 18, 49, 25),  (1, 24, 46, 19, 39, 10, 35, 4, 27, 49, 
15, 42, 13, 31, 7, 23, 45, 18, 38, 9, 34, 3, 26, 48, 21, 41, 12, 30, 6, 22, 44, 17, 37, 8, 33, 2, 25, 47, 20, 40, 11, 29, 5, 28, 43, 16, 36, 
14, 32),  ], [  (1, 44, 39, 34, 22, 17, 12, 7, 43, 38, 33, 28, 16, 11, 6, 49, 37, 32, 27, 15, 10, 5, 48, 36, 31, 26, 21, 9, 4, 47, 42, 30, 25,
20, 8, 3, 46, 41, 29, 24, 19, 14, 2, 45, 40, 35, 23, 18, 13),  (1, 9, 20, 27, 30, 36, 45, 2, 10, 21, 28, 31, 37, 46, 3, 11, 15, 22, 32, 38, 
47, 4, 12, 16, 23, 33, 39, 48, 5, 13, 17, 24, 34, 40, 49, 6, 14, 18, 25, 35, 41, 43, 7, 8, 19, 26, 29, 42, 44),  ], [  (1, 29, 9, 37, 17, 45, 
25, 5, 33, 13, 41, 21, 49, 22, 2, 30, 10, 38, 18, 46, 26, 6, 34, 14, 42, 15, 43, 23, 3, 31, 11, 39, 19, 47, 27, 7, 35, 8, 36, 16, 44, 24, 4, 
32, 12, 40, 20, 48, 28),  (1, 27, 45, 21, 37, 11, 32, 4, 23, 48, 17, 40, 14, 35, 7, 26, 44, 20, 36, 10, 31, 3, 22, 47, 16, 39, 13, 34, 6, 25, 
43, 19, 42, 9, 30, 2, 28, 46, 15, 38, 12, 33, 5, 24, 49, 18, 41, 8, 29),  ], [  (1, 19, 30, 48, 11, 22, 40, 3, 21, 32, 43, 13, 24, 42, 5, 16, 
34, 45, 8, 26, 37, 7, 18, 29, 47, 10, 28, 39, 2, 20, 31, 49, 12, 23, 41, 4, 15, 33, 44, 14, 25, 36, 6, 17, 35, 46, 9, 27, 38),  (1, 36, 28, 
11, 47, 33, 17, 6, 41, 26, 9, 45, 31, 15, 4, 39, 24, 14, 43, 29, 20, 2, 37, 22, 12, 48, 34, 18, 7, 42, 27, 10, 46, 32, 16, 5, 40, 25, 8, 44, 
30, 21, 3, 38, 23, 13, 49, 35, 19),  ], [  (1, 7, 6, 5, 4, 3, 2)(8, 14, 13, 12, 11, 10, 9)(15, 21, 20, 19, 18, 17, 16)(22, 28, 27, 26, 25, 24,
23)(29, 35, 34, 33, 32, 31, 30)(36, 42, 41, 40, 39, 38, 37)(43, 49, 48, 47, 46, 45, 44),  (1, 2, 3, 4, 5, 6, 7)(8, 9, 10, 11, 12, 13, 14)(15, 
16, 17, 18, 19, 20, 21)(22, 23, 24, 25, 26, 27, 28)(29, 30, 31, 32, 33, 34, 35)(36, 37, 38, 39, 40, 41, 42)(43, 44, 45, 46, 47, 48, 49),  ], [
(1, 49, 42, 35, 28, 21, 14, 7, 48, 41, 34, 27, 20, 13, 6, 47, 40, 33, 26, 19, 12, 5, 46, 39, 32, 25, 18, 11, 4, 45, 38, 31, 24, 17, 10, 3, 44,
37, 30, 23, 16, 9, 2, 43, 36, 29, 22, 15, 8),  (1, 11, 17, 26, 31, 39, 43, 2, 12, 18, 27, 32, 40, 44, 3, 13, 19, 28, 33, 41, 45, 4, 14, 20, 
22, 34, 42, 46, 5, 8, 21, 23, 35, 36, 47, 6, 9, 15, 24, 29, 37, 48, 7, 10, 16, 25, 30, 38, 49),  ], [  (1, 14, 20, 26, 32, 38, 44, 2, 8, 21, 
27, 33, 39, 45, 3, 9, 15, 28, 34, 40, 46, 4, 10, 16, 22, 35, 41, 47, 5, 11, 17, 23, 29, 42, 48, 6, 12, 18, 24, 30, 36, 49, 7, 13, 19, 25, 31, 
37, 43),  (1, 46, 39, 35, 27, 15, 13, 7, 45, 38, 34, 26, 21, 12, 6, 44, 37, 33, 25, 20, 11, 5, 43, 36, 32, 24, 19, 10, 4, 49, 42, 31, 23, 18, 
9, 3, 48, 41, 30, 22, 17, 8, 2, 47, 40, 29, 28, 16, 14),  ], [  (1, 11, 21, 24, 34, 37, 47, 2, 12, 15, 25, 35, 38, 48, 3, 13, 16, 26, 29, 39, 
49, 4, 14, 17, 27, 30, 40, 43, 5, 8, 18, 28, 31, 41, 44, 6, 9, 19, 22, 32, 42, 45, 7, 10, 20, 23, 33, 36, 46),  (1, 49, 38, 30, 25, 16, 10, 7,
48, 37, 29, 24, 15, 9, 6, 47, 36, 35, 23, 21, 8, 5, 46, 42, 34, 22, 20, 14, 4, 45, 41, 33, 28, 19, 13, 3, 44, 40, 32, 27, 18, 12, 2, 43, 39, 
31, 26, 17, 11),  ], [  (1, 25, 49, 18, 42, 11, 35, 4, 28, 45, 21, 38, 14, 31, 7, 24, 48, 17, 41, 10, 34, 3, 27, 44, 20, 37, 13, 30, 6, 23, 
47, 16, 40, 9, 33, 2, 26, 43, 19, 36, 12, 29, 5, 22, 46, 15, 39, 8, 32),  (1, 31, 12, 40, 19, 45, 22, 5, 35, 9, 37, 16, 49, 26, 2, 32, 13, 41,
20, 46, 23, 6, 29, 10, 38, 17, 43, 27, 3, 33, 14, 42, 21, 47, 24, 7, 30, 11, 39, 18, 44, 28, 4, 34, 8, 36, 15, 48, 25),  ], [  (1, 26, 44, 21,
39, 9, 34, 4, 22, 47, 17, 42, 12, 30, 7, 25, 43, 20, 38, 8, 33, 3, 28, 46, 16, 41, 11, 29, 6, 24, 49, 19, 37, 14, 32, 2, 27, 45, 15, 40, 10, 
35, 5, 23, 48, 18, 36, 13, 31),  (1, 30, 10, 37, 15, 47, 23, 5, 34, 14, 41, 19, 44, 27, 2, 31, 11, 38, 16, 48, 24, 6, 35, 8, 42, 20, 45, 28, 
3, 32, 12, 39, 17, 49, 25, 7, 29, 9, 36, 21, 46, 22, 4, 33, 13, 40, 18, 43, 26),  ], [  (1, 41, 26, 11, 44, 29, 21, 6, 39, 24, 9, 49, 34, 19, 
4, 37, 22, 14, 47, 32, 17, 2, 42, 27, 12, 45, 30, 15, 7, 40, 25, 10, 43, 35, 20, 5, 38, 23, 8, 48, 33, 18, 3, 36, 28, 13, 46, 31, 16),  (1, 
21, 32, 48, 14, 26, 36, 3, 16, 34, 43, 9, 28, 38, 5, 18, 29, 45, 11, 23, 40, 7, 20, 31, 47, 13, 25, 42, 2, 15, 33, 49, 8, 27, 37, 4, 17, 35, 
44, 10, 22, 39, 6, 19, 30, 46, 12, 24, 41),  ], [  (1, 39, 22, 12, 43, 33, 16, 6, 37, 27, 10, 48, 31, 21, 4, 42, 25, 8, 46, 29, 19, 2, 40, 23,
13, 44, 34, 17, 7, 38, 28, 11, 49, 32, 15, 5, 36, 26, 9, 47, 30, 20, 3, 41, 24, 14, 45, 35, 18),  (1, 16, 29, 47, 8, 22, 41, 3, 18, 31, 49, 
10, 24, 36, 5, 20, 33, 44, 12, 26, 38, 7, 15, 35, 46, 14, 28, 40, 2, 17, 30, 48, 9, 23, 42, 4, 19, 32, 43, 11, 25, 37, 6, 21, 34, 45, 13, 27, 
39),  ], [  (1, 16, 31, 46, 13, 28, 36, 3, 18, 33, 48, 8, 23, 38, 5, 20, 35, 43, 10, 25, 40, 7, 15, 30, 45, 12, 27, 42, 2, 17, 32, 47, 14, 22,
37, 4, 19, 34, 49, 9, 24, 39, 6, 21, 29, 44, 11, 26, 41),  (1, 39, 27, 13, 45, 34, 21, 6, 37, 25, 11, 43, 32, 19, 4, 42, 23, 9, 48, 30, 17, 2,
40, 28, 14, 46, 35, 15, 7, 38, 26, 12, 44, 33, 20, 5, 36, 24, 10, 49, 31, 18, 3, 41, 22, 8, 47, 29, 16),  ], [  (1, 30, 11, 40, 21, 43, 24, 5,
34, 8, 37, 18, 47, 28, 2, 31, 12, 41, 15, 44, 25, 6, 35, 9, 38, 19, 48, 22, 3, 32, 13, 42, 16, 45, 26, 7, 29, 10, 39, 20, 49, 23, 4, 33, 14, 
36, 17, 46, 27),  (1, 26, 43, 18, 40, 13, 33, 4, 22, 46, 21, 36, 9, 29, 7, 25, 49, 17, 39, 12, 32, 3, 28, 45, 20, 42, 8, 35, 6, 24, 48, 16, 
38, 11, 31, 2, 27, 44, 19, 41, 14, 34, 5, 23, 47, 15, 37, 10, 30),  ], [  (1, 46, 36, 33, 23, 20, 10, 7, 45, 42, 32, 22, 19, 9, 6, 44, 41, 31,
28, 18, 8, 5, 43, 40, 30, 27, 17, 14, 4, 49, 39, 29, 26, 16, 13, 3, 48, 38, 35, 25, 15, 12, 2, 47, 37, 34, 24, 21, 11),  (1, 14, 16, 28, 29, 
40, 47, 2, 8, 17, 22, 30, 41, 48, 3, 9, 18, 23, 31, 42, 49, 4, 10, 19, 24, 32, 36, 43, 5, 11, 20, 25, 33, 37, 44, 6, 12, 21, 26, 34, 38, 45, 
7, 13, 15, 27, 35, 39, 46),  ], [  (1, 31, 13, 36, 18, 48, 23, 5, 35, 10, 40, 15, 45, 27, 2, 32, 14, 37, 19, 49, 24, 6, 29, 11, 41, 16, 46, 
28, 3, 33, 8, 38, 20, 43, 25, 7, 30, 12, 42, 17, 47, 22, 4, 34, 9, 39, 21, 44, 26),  (1, 25, 48, 15, 36, 8, 34, 4, 28, 44, 18, 39, 11, 30, 7, 
24, 47, 21, 42, 14, 33, 3, 27, 43, 17, 38, 10, 29, 6, 23, 46, 20, 41, 13, 32, 2, 26, 49, 16, 37, 9, 35, 5, 22, 45, 19, 40, 12, 31),  ], [  (1,
21, 34, 47, 12, 25, 38, 3, 16, 29, 49, 14, 27, 40, 5, 18, 31, 44, 9, 22, 42, 7, 20, 33, 46, 11, 24, 37, 2, 15, 35, 48, 13, 26, 39, 4, 17, 30, 
43, 8, 28, 41, 6, 19, 32, 45, 10, 23, 36),  (1, 41, 24, 12, 46, 30, 19, 6, 39, 22, 10, 44, 35, 17, 4, 37, 27, 8, 49, 33, 15, 2, 42, 25, 13, 
47, 31, 20, 7, 40, 23, 11, 45, 29, 18, 5, 38, 28, 9, 43, 34, 16, 3, 36, 26, 14, 48, 32, 21),  ], [  (1, 47, 38, 29, 27, 18, 9, 7, 46, 37, 35, 
26, 17, 8, 6, 45, 36, 34, 25, 16, 14, 5, 44, 42, 33, 24, 15, 13, 4, 43, 41, 32, 23, 21, 12, 3, 49, 40, 31, 22, 20, 11, 2, 48, 39, 30, 28, 19, 
10),  (1, 13, 21, 25, 32, 42, 48, 2, 14, 15, 26, 33, 36, 49, 3, 8, 16, 27, 34, 37, 43, 4, 9, 17, 28, 35, 38, 44, 5, 10, 18, 22, 29, 39, 45, 6,
11, 19, 23, 30, 40, 46, 7, 12, 20, 24, 31, 41, 47),  ], [  (1, 12, 16, 27, 31, 42, 46, 2, 13, 17, 28, 32, 36, 47, 3, 14, 18, 22, 33, 37, 48, 
4, 8, 19, 23, 34, 38, 49, 5, 9, 20, 24, 35, 39, 43, 6, 10, 21, 25, 29, 40, 44, 7, 11, 15, 26, 30, 41, 45),  (1, 48, 36, 34, 28, 18, 11, 7, 47,
42, 33, 27, 17, 10, 6, 46, 41, 32, 26, 16, 9, 5, 45, 40, 31, 25, 15, 8, 4, 44, 39, 30, 24, 21, 14, 3, 43, 38, 29, 23, 20, 13, 2, 49, 37, 35, 
22, 19, 12),  ], [  (1, 13, 18, 23, 35, 40, 45, 2, 14, 19, 24, 29, 41, 46, 3, 8, 20, 25, 30, 42, 47, 4, 9, 21, 26, 31, 36, 48, 5, 10, 15, 27, 
32, 37, 49, 6, 11, 16, 28, 33, 38, 43, 7, 12, 17, 22, 34, 39, 44),  (1, 47, 41, 31, 24, 20, 12, 7, 46, 40, 30, 23, 19, 11, 6, 45, 39, 29, 22, 
18, 10, 5, 44, 38, 35, 28, 17, 9, 4, 43, 37, 34, 27, 16, 8, 3, 49, 36, 33, 26, 15, 14, 2, 48, 42, 32, 25, 21, 13),  ], [  (1, 23, 45, 19, 41, 
8, 30, 4, 26, 48, 15, 37, 11, 33, 7, 22, 44, 18, 40, 14, 29, 3, 25, 47, 21, 36, 10, 32, 6, 28, 43, 17, 39, 13, 35, 2, 24, 46, 20, 42, 9, 31, 
5, 27, 49, 16, 38, 12, 34),  (1, 33, 9, 39, 20, 48, 27, 5, 30, 13, 36, 17, 45, 24, 2, 34, 10, 40, 21, 49, 28, 6, 31, 14, 37, 18, 46, 25, 3, 
35, 11, 41, 15, 43, 22, 7, 32, 8, 38, 19, 47, 26, 4, 29, 12, 42, 16, 44, 23),  ], [  (1, 28, 48, 20, 40, 12, 32, 4, 24, 44, 16, 36, 8, 35, 7, 
27, 47, 19, 39, 11, 31, 3, 23, 43, 15, 42, 14, 34, 6, 26, 46, 18, 38, 10, 30, 2, 22, 49, 21, 41, 13, 33, 5, 25, 45, 17, 37, 9, 29),  (1, 35, 
13, 38, 21, 44, 25, 5, 32, 10, 42, 18, 48, 22, 2, 29, 14, 39, 15, 45, 26, 6, 33, 11, 36, 19, 49, 23, 3, 30, 8, 40, 16, 46, 27, 7, 34, 12, 37, 
20, 43, 24, 4, 31, 9, 41, 17, 47, 28),  ], [  (1, 35, 14, 41, 20, 47, 26, 5, 32, 11, 38, 17, 44, 23, 2, 29, 8, 42, 21, 48, 27, 6, 33, 12, 39, 
18, 45, 24, 3, 30, 9, 36, 15, 49, 28, 7, 34, 13, 40, 19, 46, 25, 4, 31, 10, 37, 16, 43, 22),  (1, 28, 47, 17, 41, 9, 31, 4, 24, 43, 20, 37, 
12, 34, 7, 27, 46, 16, 40, 8, 30, 3, 23, 49, 19, 36, 11, 33, 6, 26, 45, 15, 39, 14, 29, 2, 22, 48, 18, 42, 10, 32, 5, 25, 44, 21, 38, 13, 35),
], [  (1, 48, 40, 32, 24, 16, 8, 7, 47, 39, 31, 23, 15, 14, 6, 46, 38, 30, 22, 21, 13, 5, 45, 37, 29, 28, 20, 12, 4, 44, 36, 35, 27, 19, 11, 
3, 43, 42, 34, 26, 18, 10, 2, 49, 41, 33, 25, 17, 9),  (1, 12, 19, 22, 35, 37, 49, 2, 13, 20, 23, 29, 38, 43, 3, 14, 21, 24, 30, 39, 44, 4, 8,
15, 25, 31, 40, 45, 5, 9, 16, 26, 32, 41, 46, 6, 10, 17, 27, 33, 42, 47, 7, 11, 18, 28, 34, 36, 48),  ], [  (1, 33, 10, 42, 19, 44, 28, 5, 30,
14, 39, 16, 48, 25, 2, 34, 11, 36, 20, 45, 22, 6, 31, 8, 40, 17, 49, 26, 3, 35, 12, 37, 21, 46, 23, 7, 32, 9, 41, 18, 43, 27, 4, 29, 13, 38, 
15, 47, 24),  (1, 23, 44, 16, 42, 12, 29, 4, 26, 47, 19, 38, 8, 32, 7, 22, 43, 15, 41, 11, 35, 3, 25, 46, 18, 37, 14, 31, 6, 28, 49, 21, 40, 
10, 34, 2, 24, 45, 17, 36, 13, 30, 5, 27, 48, 20, 39, 9, 33),  ], [  (1, 45, 41, 30, 26, 15, 11, 7, 44, 40, 29, 25, 21, 10, 6, 43, 39, 35, 24,
20, 9, 5, 49, 38, 34, 23, 19, 8, 4, 48, 37, 33, 22, 18, 14, 3, 47, 36, 32, 28, 17, 13, 2, 46, 42, 31, 27, 16, 12),  (1, 8, 18, 24, 33, 38, 46,
2, 9, 19, 25, 34, 39, 47, 3, 10, 20, 26, 35, 40, 48, 4, 11, 21, 27, 29, 41, 49, 5, 12, 15, 28, 30, 42, 43, 6, 13, 16, 22, 31, 36, 44, 7, 14, 
17, 23, 32, 37, 45),  ], [  (1, 10, 19, 28, 30, 39, 48, 2, 11, 20, 22, 31, 40, 49, 3, 12, 21, 23, 32, 41, 43, 4, 13, 15, 24, 33, 42, 44, 5, 
14, 16, 25, 34, 36, 45, 6, 8, 17, 26, 35, 37, 46, 7, 9, 18, 27, 29, 38, 47),  (1, 43, 40, 33, 22, 21, 9, 7, 49, 39, 32, 28, 20, 8, 6, 48, 38, 
31, 27, 19, 14, 5, 47, 37, 30, 26, 18, 13, 4, 46, 36, 29, 25, 17, 12, 3, 45, 42, 35, 24, 16, 11, 2, 44, 41, 34, 23, 15, 10),  ], [  (1, 8, 15,
22, 29, 36, 43, 2, 9, 16, 23, 30, 37, 44, 3, 10, 17, 24, 31, 38, 45, 4, 11, 18, 25, 32, 39, 46, 5, 12, 19, 26, 33, 40, 47, 6, 13, 20, 27, 34, 
41, 48, 7, 14, 21, 28, 35, 42, 49),  (1, 45, 37, 32, 23, 17, 14, 7, 44, 36, 31, 22, 16, 13, 6, 43, 42, 30, 28, 15, 12, 5, 49, 41, 29, 27, 21, 
11, 4, 48, 40, 35, 26, 20, 10, 3, 47, 39, 34, 25, 19, 9, 2, 46, 38, 33, 24, 18, 8),  ], [  (1, 43, 37, 31, 25, 19, 13, 7, 49, 36, 30, 24, 18, 
12, 6, 48, 42, 29, 23, 17, 11, 5, 47, 41, 35, 22, 16, 10, 4, 46, 40, 34, 28, 15, 9, 3, 45, 39, 33, 27, 21, 8, 2, 44, 38, 32, 26, 20, 14),  (1,
10, 15, 23, 34, 41, 44, 2, 11, 16, 24, 35, 42, 45, 3, 12, 17, 25, 29, 36, 46, 4, 13, 18, 26, 30, 37, 47, 5, 14, 19, 27, 31, 38, 48, 6, 8, 20, 
28, 32, 39, 49, 7, 9, 21, 22, 33, 40, 43),  ], ]
);

BRACES[49].brace[3] := rec ( size := 49, perms := [ [  (),  (),  ], [  (1, 7, 6, 5, 4, 3, 2)(8, 14, 13, 12, 11, 10, 9)(15, 21, 20, 19, 18, 17,
16)(22, 28, 27, 26, 25, 24, 23)(29, 35, 34, 33, 32, 31, 30)(36, 42, 41, 40, 39, 38, 37)(43, 49, 48, 47, 46, 45, 44),  (1, 2, 3, 4, 5, 6, 7)(8,
9, 10, 11, 12, 13, 14)(15, 16, 17, 18, 19, 20, 21)(22, 23, 24, 25, 26, 27, 28)(29, 30, 31, 32, 33, 34, 35)(36, 37, 38, 39, 40, 41, 42)(43, 44,
45, 46, 47, 48, 49),  ], [  (1, 8, 15, 22, 29, 36, 43)(2, 9, 16, 23, 30, 37, 44)(3, 10, 17, 24, 31, 38, 45)(4, 11, 18, 25, 32, 39, 46)(5, 12, 
19, 26, 33, 40, 47)(6, 13, 20, 27, 34, 41, 48)(7, 14, 21, 28, 35, 42, 49),  (1, 43, 36, 29, 22, 15, 8)(2, 44, 37, 30, 23, 16, 9)(3, 45, 38, 
31, 24, 17, 10)(4, 46, 39, 32, 25, 18, 11)(5, 47, 40, 33, 26, 19, 12)(6, 48, 41, 34, 27, 20, 13)(7, 49, 42, 35, 28, 21, 14),  ], [  (1, 2, 3, 
4, 5, 6, 7)(8, 9, 10, 11, 12, 13, 14)(15, 16, 17, 18, 19, 20, 21)(22, 23, 24, 25, 26, 27, 28)(29, 30, 31, 32, 33, 34, 35)(36, 37, 38, 39, 40, 
41, 42)(43, 44, 45, 46, 47, 48, 49),  (1, 7, 6, 5, 4, 3, 2)(8, 14, 13, 12, 11, 10, 9)(15, 21, 20, 19, 18, 17, 16)(22, 28, 27, 26, 25, 24, 
23)(29, 35, 34, 33, 32, 31, 30)(36, 42, 41, 40, 39, 38, 37)(43, 49, 48, 47, 46, 45, 44),  ], [  (1, 43, 36, 29, 22, 15, 8)(2, 44, 37, 30, 23, 
16, 9)(3, 45, 38, 31, 24, 17, 10)(4, 46, 39, 32, 25, 18, 11)(5, 47, 40, 33, 26, 19, 12)(6, 48, 41, 34, 27, 20, 13)(7, 49, 42, 35, 28, 21, 14),
(1, 8, 15, 22, 29, 36, 43)(2, 9, 16, 23, 30, 37, 44)(3, 10, 17, 24, 31, 38, 45)(4, 11, 18, 25, 32, 39, 46)(5, 12, 19, 26, 33, 40, 47)(6, 13, 
20, 27, 34, 41, 48)(7, 14, 21, 28, 35, 42, 49),  ], [  (1, 6, 4, 2, 7, 5, 3)(8, 13, 11, 9, 14, 12, 10)(15, 20, 18, 16, 21, 19, 17)(22, 27, 25,
23, 28, 26, 24)(29, 34, 32, 30, 35, 33, 31)(36, 41, 39, 37, 42, 40, 38)(43, 48, 46, 44, 49, 47, 45),  (1, 3, 5, 7, 2, 4, 6)(8, 10, 12, 14, 9, 
11, 13)(15, 17, 19, 21, 16, 18, 20)(22, 24, 26, 28, 23, 25, 27)(29, 31, 33, 35, 30, 32, 34)(36, 38, 40, 42, 37, 39, 41)(43, 45, 47, 49, 44, 
46, 48),  ], [  (1, 14, 20, 26, 32, 38, 44)(2, 8, 21, 27, 33, 39, 45)(3, 9, 15, 28, 34, 40, 46)(4, 10, 16, 22, 35, 41, 47)(5, 11, 17, 23, 29, 
42, 48)(6, 12, 18, 24, 30, 36, 49)(7, 13, 19, 25, 31, 37, 43),  (1, 44, 38, 32, 26, 20, 14)(2, 45, 39, 33, 27, 21, 8)(3, 46, 40, 34, 28, 15, 
9)(4, 47, 41, 35, 22, 16, 10)(5, 48, 42, 29, 23, 17, 11)(6, 49, 36, 30, 24, 18, 12)(7, 43, 37, 31, 25, 19, 13),  ], [  (1, 49, 41, 33, 25, 17,
