## size 66
BRACES[66] := rec( total := -1, implemented := 4, size := 66, brace := [] );
BRACES[66].brace[1] := rec ( size := 66, perms :=
[ [ (), () ], 
  [ ( 6, 8,10,12,14,16, 7, 9,11,13,15), ( 6,15,13,11, 9, 7,16,14,12,10, 8) ], 
  [ ( 6,10,14, 7,11,15, 8,12,16, 9,13), ( 6,13, 9,16,12, 8,15,11, 7,14,10) ], 
  [ ( 6,12, 7,13, 8,14, 9,15,10,16,11), ( 6,11,16,10,15, 9,14, 8,13, 7,12) ], 
  [ ( 6,14,11, 8,16,13,10, 7,15,12, 9), ( 6, 9,12,15, 7,10,13,16, 8,11,14) ], 
  [ ( 6,16,15,14,13,12,11,10, 9, 8, 7), ( 6, 7, 8, 9,10,11,12,13,14,15,16) ], 
  [ ( 6, 7, 8, 9,10,11,12,13,14,15,16), ( 6,16,15,14,13,12,11,10, 9, 8, 7) ], 
  [ ( 6, 9,12,15, 7,10,13,16, 8,11,14), ( 6,14,11, 8,16,13,10, 7,15,12, 9) ], 
  [ ( 6,11,16,10,15, 9,14, 8,13, 7,12), ( 6,12, 7,13, 8,14, 9,15,10,16,11) ], 
  [ ( 6,13, 9,16,12, 8,15,11, 7,14,10), ( 6,10,14, 7,11,15, 8,12,16, 9,13) ], 
  [ ( 6,15,13,11, 9, 7,16,14,12,10, 8), ( 6, 8,10,12,14,16, 7, 9,11,13,15) ], 
  [ (3,5,4), (3,4,5) ], 
  [ ( 3, 5, 4)( 6, 8,10,12,14,16, 7, 9,11,13,15), 
      ( 3, 4, 5)( 6,15,13,11, 9, 7,16,14,12,10, 8) ], 
  [ ( 3, 5, 4)( 6,10,14, 7,11,15, 8,12,16, 9,13), 
      ( 3, 4, 5)( 6,13, 9,16,12, 8,15,11, 7,14,10) ], 
  [ ( 3, 5, 4)( 6,12, 7,13, 8,14, 9,15,10,16,11), 
      ( 3, 4, 5)( 6,11,16,10,15, 9,14, 8,13, 7,12) ], 
  [ ( 3, 5, 4)( 6,14,11, 8,16,13,10, 7,15,12, 9), 
      ( 3, 4, 5)( 6, 9,12,15, 7,10,13,16, 8,11,14) ], 
  [ ( 3, 5, 4)( 6,16,15,14,13,12,11,10, 9, 8, 7), 
      ( 3, 4, 5)( 6, 7, 8, 9,10,11,12,13,14,15,16) ], 
  [ ( 3, 5, 4)( 6, 7, 8, 9,10,11,12,13,14,15,16), 
      ( 3, 4, 5)( 6,16,15,14,13,12,11,10, 9, 8, 7) ], 
  [ ( 3, 5, 4)( 6, 9,12,15, 7,10,13,16, 8,11,14), 
      ( 3, 4, 5)( 6,14,11, 8,16,13,10, 7,15,12, 9) ], 
  [ ( 3, 5, 4)( 6,11,16,10,15, 9,14, 8,13, 7,12), 
      ( 3, 4, 5)( 6,12, 7,13, 8,14, 9,15,10,16,11) ], 
  [ ( 3, 5, 4)( 6,13, 9,16,12, 8,15,11, 7,14,10), 
      ( 3, 4, 5)( 6,10,14, 7,11,15, 8,12,16, 9,13) ], 
  [ ( 3, 5, 4)( 6,15,13,11, 9, 7,16,14,12,10, 8), 
      ( 3, 4, 5)( 6, 8,10,12,14,16, 7, 9,11,13,15) ], [ (3,4,5), (3,5,4) ], 
  [ ( 3, 4, 5)( 6, 8,10,12,14,16, 7, 9,11,13,15), 
      ( 3, 5, 4)( 6,15,13,11, 9, 7,16,14,12,10, 8) ], 
  [ ( 3, 4, 5)( 6,10,14, 7,11,15, 8,12,16, 9,13), 
      ( 3, 5, 4)( 6,13, 9,16,12, 8,15,11, 7,14,10) ], 
  [ ( 3, 4, 5)( 6,12, 7,13, 8,14, 9,15,10,16,11), 
      ( 3, 5, 4)( 6,11,16,10,15, 9,14, 8,13, 7,12) ], 
  [ ( 3, 4, 5)( 6,14,11, 8,16,13,10, 7,15,12, 9), 
      ( 3, 5, 4)( 6, 9,12,15, 7,10,13,16, 8,11,14) ], 
  [ ( 3, 4, 5)( 6,16,15,14,13,12,11,10, 9, 8, 7), 
      ( 3, 5, 4)( 6, 7, 8, 9,10,11,12,13,14,15,16) ], 
  [ ( 3, 4, 5)( 6, 7, 8, 9,10,11,12,13,14,15,16), 
      ( 3, 5, 4)( 6,16,15,14,13,12,11,10, 9, 8, 7) ], 
  [ ( 3, 4, 5)( 6, 9,12,15, 7,10,13,16, 8,11,14), 
      ( 3, 5, 4)( 6,14,11, 8,16,13,10, 7,15,12, 9) ], 
  [ ( 3, 4, 5)( 6,11,16,10,15, 9,14, 8,13, 7,12), 
      ( 3, 5, 4)( 6,12, 7,13, 8,14, 9,15,10,16,11) ], 
  [ ( 3, 4, 5)( 6,13, 9,16,12, 8,15,11, 7,14,10), 
      ( 3, 5, 4)( 6,10,14, 7,11,15, 8,12,16, 9,13) ], 
  [ ( 3, 4, 5)( 6,15,13,11, 9, 7,16,14,12,10, 8), 
      ( 3, 5, 4)( 6, 8,10,12,14,16, 7, 9,11,13,15) ], [ (1,2), (1,2) ], 
  [ ( 1, 2)( 6, 8,10,12,14,16, 7, 9,11,13,15), 
      ( 1, 2)( 6,15,13,11, 9, 7,16,14,12,10, 8) ], 
  [ ( 1, 2)( 6,10,14, 7,11,15, 8,12,16, 9,13), 
      ( 1, 2)( 6,13, 9,16,12, 8,15,11, 7,14,10) ], 
  [ ( 1, 2)( 6,12, 7,13, 8,14, 9,15,10,16,11), 
      ( 1, 2)( 6,11,16,10,15, 9,14, 8,13, 7,12) ], 
  [ ( 1, 2)( 6,14,11, 8,16,13,10, 7,15,12, 9), 
      ( 1, 2)( 6, 9,12,15, 7,10,13,16, 8,11,14) ], 
  [ ( 1, 2)( 6,16,15,14,13,12,11,10, 9, 8, 7), 
      ( 1, 2)( 6, 7, 8, 9,10,11,12,13,14,15,16) ], 
  [ ( 1, 2)( 6, 7, 8, 9,10,11,12,13,14,15,16), 
      ( 1, 2)( 6,16,15,14,13,12,11,10, 9, 8, 7) ], 
  [ ( 1, 2)( 6, 9,12,15, 7,10,13,16, 8,11,14), 
      ( 1, 2)( 6,14,11, 8,16,13,10, 7,15,12, 9) ], 
  [ ( 1, 2)( 6,11,16,10,15, 9,14, 8,13, 7,12), 
      ( 1, 2)( 6,12, 7,13, 8,14, 9,15,10,16,11) ], 
  [ ( 1, 2)( 6,13, 9,16,12, 8,15,11, 7,14,10), 
      ( 1, 2)( 6,10,14, 7,11,15, 8,12,16, 9,13) ], 
  [ ( 1, 2)( 6,15,13,11, 9, 7,16,14,12,10, 8), 
      ( 1, 2)( 6, 8,10,12,14,16, 7, 9,11,13,15) ], 
  [ (1,2)(3,5,4), (1,2)(3,4,5) ], 
  [ ( 1, 2)( 3, 5, 4)( 6, 8,10,12,14,16, 7, 9,11,13,15), 
      ( 1, 2)( 3, 4, 5)( 6,15,13,11, 9, 7,16,14,12,10, 8) ], 
  [ ( 1, 2)( 3, 5, 4)( 6,10,14, 7,11,15, 8,12,16, 9,13), 
      ( 1, 2)( 3, 4, 5)( 6,13, 9,16,12, 8,15,11, 7,14,10) ], 
  [ ( 1, 2)( 3, 5, 4)( 6,12, 7,13, 8,14, 9,15,10,16,11), 
      ( 1, 2)( 3, 4, 5)( 6,11,16,10,15, 9,14, 8,13, 7,12) ], 
  [ ( 1, 2)( 3, 5, 4)( 6,14,11, 8,16,13,10, 7,15,12, 9), 
      ( 1, 2)( 3, 4, 5)( 6, 9,12,15, 7,10,13,16, 8,11,14) ], 
  [ ( 1, 2)( 3, 5, 4)( 6,16,15,14,13,12,11,10, 9, 8, 7), 
      ( 1, 2)( 3, 4, 5)( 6, 7, 8, 9,10,11,12,13,14,15,16) ], 
  [ ( 1, 2)( 3, 5, 4)( 6, 7, 8, 9,10,11,12,13,14,15,16), 
      ( 1, 2)( 3, 4, 5)( 6,16,15,14,13,12,11,10, 9, 8, 7) ], 
  [ ( 1, 2)( 3, 5, 4)( 6, 9,12,15, 7,10,13,16, 8,11,14), 
      ( 1, 2)( 3, 4, 5)( 6,14,11, 8,16,13,10, 7,15,12, 9) ], 
  [ ( 1, 2)( 3, 5, 4)( 6,11,16,10,15, 9,14, 8,13, 7,12), 
      ( 1, 2)( 3, 4, 5)( 6,12, 7,13, 8,14, 9,15,10,16,11) ], 
  [ ( 1, 2)( 3, 5, 4)( 6,13, 9,16,12, 8,15,11, 7,14,10), 
      ( 1, 2)( 3, 4, 5)( 6,10,14, 7,11,15, 8,12,16, 9,13) ], 
  [ ( 1, 2)( 3, 5, 4)( 6,15,13,11, 9, 7,16,14,12,10, 8), 
      ( 1, 2)( 3, 4, 5)( 6, 8,10,12,14,16, 7, 9,11,13,15) ], 
  [ (1,2)(3,4,5), (1,2)(3,5,4) ], 
  [ ( 1, 2)( 3, 4, 5)( 6, 8,10,12,14,16, 7, 9,11,13,15), 
      ( 1, 2)( 3, 5, 4)( 6,15,13,11, 9, 7,16,14,12,10, 8) ], 
  [ ( 1, 2)( 3, 4, 5)( 6,10,14, 7,11,15, 8,12,16, 9,13), 
      ( 1, 2)( 3, 5, 4)( 6,13, 9,16,12, 8,15,11, 7,14,10) ], 
  [ ( 1, 2)( 3, 4, 5)( 6,12, 7,13, 8,14, 9,15,10,16,11), 
      ( 1, 2)( 3, 5, 4)( 6,11,16,10,15, 9,14, 8,13, 7,12) ], 
  [ ( 1, 2)( 3, 4, 5)( 6,14,11, 8,16,13,10, 7,15,12, 9), 
      ( 1, 2)( 3, 5, 4)( 6, 9,12,15, 7,10,13,16, 8,11,14) ], 
  [ ( 1, 2)( 3, 4, 5)( 6,16,15,14,13,12,11,10, 9, 8, 7), 
      ( 1, 2)( 3, 5, 4)( 6, 7, 8, 9,10,11,12,13,14,15,16) ], 
  [ ( 1, 2)( 3, 4, 5)( 6, 7, 8, 9,10,11,12,13,14,15,16), 
      ( 1, 2)( 3, 5, 4)( 6,16,15,14,13,12,11,10, 9, 8, 7) ], 
  [ ( 1, 2)( 3, 4, 5)( 6, 9,12,15, 7,10,13,16, 8,11,14), 
      ( 1, 2)( 3, 5, 4)( 6,14,11, 8,16,13,10, 7,15,12, 9) ], 
  [ ( 1, 2)( 3, 4, 5)( 6,11,16,10,15, 9,14, 8,13, 7,12), 
      ( 1, 2)( 3, 5, 4)( 6,12, 7,13, 8,14, 9,15,10,16,11) ], 
  [ ( 1, 2)( 3, 4, 5)( 6,13, 9,16,12, 8,15,11, 7,14,10), 
      ( 1, 2)( 3, 5, 4)( 6,10,14, 7,11,15, 8,12,16, 9,13) ], 
  [ ( 1, 2)( 3, 4, 5)( 6,15,13,11, 9, 7,16,14,12,10, 8), 
      ( 1, 2)( 3, 5, 4)( 6, 8,10,12,14,16, 7, 9,11,13,15) ] ]
);

BRACES[66].brace[2] := rec ( size := 66, perms :=
[ [ (), () ], 
  [ ( 6, 8,10,12,14,16, 7, 9,11,13,15), ( 1,54,48,42,36,30,24,18,12, 7, 3)
        ( 2,59,53,47,41,35,29,23,17,11, 6)( 4,62,57,51,45,39,33,27,21,15, 9)
        ( 5,63,58,52,46,40,34,28,22,16,10)( 8,65,61,56,50,44,38,32,26,20,14)
        (13,66,64,60,55,49,43,37,31,25,19) ], 
  [ ( 6,10,14, 7,11,15, 8,12,16, 9,13), ( 1,48,36,24,12, 3,54,42,30,18, 7)
        ( 2,53,41,29,17, 6,59,47,35,23,11)( 4,57,45,33,21, 9,62,51,39,27,15)
        ( 5,58,46,34,22,10,63,52,40,28,16)( 8,61,50,38,26,14,65,56,44,32,20)
        (13,64,55,43,31,19,66,60,49,37,25) ], 
  [ ( 6,12, 7,13, 8,14, 9,15,10,16,11), ( 1,42,24, 7,54,36,18, 3,48,30,12)
        ( 2,47,29,11,59,41,23, 6,53,35,17)( 4,51,33,15,62,45,27, 9,57,39,21)
        ( 5,52,34,16,63,46,28,10,58,40,22)( 8,56,38,20,65,50,32,14,61,44,26)
        (13,60,43,25,66,55,37,19,64,49,31) ], 
  [ ( 6,14,11, 8,16,13,10, 7,15,12, 9), ( 1,36,12,54,30, 7,48,24, 3,42,18)
        ( 2,41,17,59,35,11,53,29, 6,47,23)( 4,45,21,62,39,15,57,33, 9,51,27)
        ( 5,46,22,63,40,16,58,34,10,52,28)( 8,50,26,65,44,20,61,38,14,56,32)
        (13,55,31,66,49,25,64,43,19,60,37) ], 
  [ ( 6,16,15,14,13,12,11,10, 9, 8, 7), ( 1,30, 3,36, 7,42,12,48,18,54,24)
        ( 2,35, 6,41,11,47,17,53,23,59,29)( 4,39, 9,45,15,51,21,57,27,62,33)
        ( 5,40,10,46,16,52,22,58,28,63,34)( 8,44,14,50,20,56,26,61,32,65,38)
        (13,49,19,55,25,60,31,64,37,66,43) ], 
  [ ( 6, 7, 8, 9,10,11,12,13,14,15,16), ( 1,24,54,18,48,12,42, 7,36, 3,30)
        ( 2,29,59,23,53,17,47,11,41, 6,35)( 4,33,62,27,57,21,51,15,45, 9,39)
        ( 5,34,63,28,58,22,52,16,46,10,40)( 8,38,65,32,61,26,56,20,50,14,44)
        (13,43,66,37,64,31,60,25,55,19,49) ], 
  [ ( 6, 9,12,15, 7,10,13,16, 8,11,14), ( 1,18,42, 3,24,48, 7,30,54,12,36)
        ( 2,23,47, 6,29,53,11,35,59,17,41)( 4,27,51, 9,33,57,15,39,62,21,45)
        ( 5,28,52,10,34,58,16,40,63,22,46)( 8,32,56,14,38,61,20,44,65,26,50)
        (13,37,60,19,43,64,25,49,66,31,55) ], 
  [ ( 6,11,16,10,15, 9,14, 8,13, 7,12), ( 1,12,30,48, 3,18,36,54, 7,24,42)
        ( 2,17,35,53, 6,23,41,59,11,29,47)( 4,21,39,57, 9,27,45,62,15,33,51)
        ( 5,22,40,58,10,28,46,63,16,34,52)( 8,26,44,61,14,32,50,65,20,38,56)
        (13,31,49,64,19,37,55,66,25,43,60) ], 
  [ ( 6,13, 9,16,12, 8,15,11, 7,14,10), ( 1, 7,18,30,42,54, 3,12,24,36,48)
        ( 2,11,23,35,47,59, 6,17,29,41,53)( 4,15,27,39,51,62, 9,21,33,45,57)
        ( 5,16,28,40,52,63,10,22,34,46,58)( 8,20,32,44,56,65,14,26,38,50,61)
        (13,25,37,49,60,66,19,31,43,55,64) ], 
  [ ( 6,15,13,11, 9, 7,16,14,12,10, 8), ( 1, 3, 7,12,18,24,30,36,42,48,54)
        ( 2, 6,11,17,23,29,35,41,47,53,59)( 4, 9,15,21,27,33,39,45,51,57,62)
        ( 5,10,16,22,28,34,40,46,52,58,63)( 8,14,20,26,32,38,44,50,56,61,65)
        (13,19,25,31,37,43,49,55,60,64,66) ], 
  [ (3,5,4), ( 1, 5, 2)( 3,10, 6)( 4,13, 8)( 7,16,11)( 9,19,14)(12,22,17)
        (15,25,20)(18,28,23)(21,31,26)(24,34,29)(27,37,32)(30,40,35)(33,43,38)
        (36,46,41)(39,49,44)(42,52,47)(45,55,50)(48,58,53)(51,60,56)(54,63,59)
        (57,64,61)(62,66,65) ], 
  [ ( 3, 5, 4)( 6, 8,10,12,14,16, 7, 9,11,13,15), 
      ( 1,63,53,42,46,35,24,28,17, 7,10, 2,54,58,47,36,40,29,18,22,11, 3, 5,
         59,48,52,41,30,34,23,12,16, 6)( 4,66,61,51,55,44,33,37,26,15,19, 8,
         62,64,56,45,49,38,27,31,20, 9,13,65,57,60,50,39,43,32,21,25,14) ], 
  [ ( 3, 5, 4)( 6,10,14, 7,11,15, 8,12,16, 9,13), 
      ( 1,58,41,24,22, 6,54,52,35,18,16, 2,48,46,29,12,10,59,42,40,23, 7, 5,
         53,36,34,17, 3,63,47,30,28,11)( 4,64,50,33,31,14,62,60,44,27,25, 8,
         57,55,38,21,19,65,51,49,32,15,13,61,45,43,26, 9,66,56,39,37,20) ], 
  [ ( 3, 5, 4)( 6,12, 7,13, 8,14, 9,15,10,16,11), 
      ( 1,52,29, 7,63,41,18,10,53,30,22, 2,42,34,11,54,46,23, 3,58,35,12, 5,
         47,24,16,59,36,28, 6,48,40,17)( 4,60,38,15,66,50,27,19,61,39,31, 8,
         51,43,20,62,55,32, 9,64,44,21,13,56,33,25,65,45,37,14,57,49,26) ], 
  [ ( 3, 5, 4)( 6,14,11, 8,16,13,10, 7,15,12, 9), 
      ( 1,46,17,54,40,11,48,34, 6,42,28, 2,36,22,59,30,16,53,24,10,47,18, 5,
         41,12,63,35, 7,58,29, 3,52,23)( 4,55,26,62,49,20,57,43,14,51,37, 8,
         45,31,65,39,25,61,33,19,56,27,13,50,21,66,44,15,64,38, 9,60,32) ], 
  [ ( 3, 5, 4)( 6,16,15,14,13,12,11,10, 9, 8, 7), 
      ( 1,40, 6,36,16,47,12,58,23,54,34, 2,30,10,41, 7,52,17,48,28,59,24, 5,
         35, 3,46,11,42,22,53,18,63,29)( 4,49,14,45,25,56,21,64,32,62,43, 8,
         39,19,50,15,60,26,57,37,65,33,13,44, 9,55,20,51,31,61,27,66,38) ], 
  [ ( 3, 5, 4)( 6, 7, 8, 9,10,11,12,13,14,15,16), 
      ( 1,34,59,18,58,17,42,16,41, 3,40, 2,24,63,23,48,22,47, 7,46, 6,30, 5,
         29,54,28,53,12,52,11,36,10,35)( 4,43,65,27,64,26,51,25,50, 9,49, 8,
         33,66,32,57,31,56,15,55,14,39,13,38,62,37,61,21,60,20,45,19,44) ], 
  [ ( 3, 5, 4)( 6, 9,12,15, 7,10,13,16, 8,11,14), 
      ( 1,28,47, 3,34,53, 7,40,59,12,46, 2,18,52, 6,24,58,11,30,63,17,36, 5,
         23,42,10,29,48,16,35,54,22,41)( 4,37,56, 9,43,61,15,49,65,21,55, 8,
         27,60,14,33,64,20,39,66,26,45,13,32,51,19,38,57,25,44,62,31,50) ], 
  [ ( 3, 5, 4)( 6,11,16,10,15, 9,14, 8,13, 7,12), 
      ( 1,22,35,48,10,23,36,63,11,24,52, 2,12,40,53, 3,28,41,54,16,29,42, 5,
         17,30,58, 6,18,46,59, 7,34,47)( 4,31,44,57,19,32,45,66,20,33,60, 8,
         21,49,61, 9,37,50,62,25,38,51,13,26,39,64,14,27,55,65,15,43,56) ], 
  [ ( 3, 5, 4)( 6,13, 9,16,12, 8,15,11, 7,14,10), 
      ( 1,16,23,30,52,59, 3,22,29,36,58, 2, 7,28,35,42,63, 6,12,34,41,48, 5,
         11,18,40,47,54,10,17,24,46,53)( 4,25,32,39,60,65, 9,31,38,45,64, 8,
         15,37,44,51,66,14,21,43,50,57,13,20,27,49,56,62,19,26,33,55,61) ], 
  [ ( 3, 5, 4)( 6,15,13,11, 9, 7,16,14,12,10, 8), 
      ( 1,10,11,12,28,29,30,46,47,48,63, 2, 3,16,17,18,34,35,36,52,53,54, 5,
          6, 7,22,23,24,40,41,42,58,59)( 4,19,20,21,37,38,39,55,56,57,66, 8,
          9,25,26,27,43,44,45,60,61,62,13,14,15,31,32,33,49,50,51,64,65) ], 
  [ (3,4,5), ( 1, 2, 5)( 3, 6,10)( 4, 8,13)( 7,11,16)( 9,14,19)(12,17,22)
        (15,20,25)(18,23,28)(21,26,31)(24,29,34)(27,32,37)(30,35,40)(33,38,43)
        (36,41,46)(39,44,49)(42,47,52)(45,50,55)(48,53,58)(51,56,60)(54,59,63)
        (57,61,64)(62,65,66) ], 
  [ ( 3, 4, 5)( 6, 8,10,12,14,16, 7, 9,11,13,15), 
      ( 1,59,58,42,41,40,24,23,22, 7, 6, 5,54,53,52,36,35,34,18,17,16, 3, 2,
         63,48,47,46,30,29,28,12,11,10)( 4,65,64,51,50,49,33,32,31,15,14,13,
         62,61,60,45,44,43,27,26,25, 9, 8,66,57,56,55,39,38,37,21,20,19) ], 
  [ ( 3, 4, 5)( 6,10,14, 7,11,15, 8,12,16, 9,13), 
      ( 1,53,46,24,17,10,54,47,40,18,11, 5,48,41,34,12, 6,63,42,35,28, 7, 2,
         58,36,29,22, 3,59,52,30,23,16)( 4,61,55,33,26,19,62,56,49,27,20,13,
         57,50,43,21,14,66,51,44,37,15, 8,64,45,38,31, 9,65,60,39,32,25) ], 
  [ ( 3, 4, 5)( 6,12, 7,13, 8,14, 9,15,10,16,11), 
      ( 1,47,34, 7,59,46,18, 6,58,30,17, 5,42,29,16,54,41,28, 3,53,40,12, 2,
         52,24,11,63,36,23,10,48,35,22)( 4,56,43,15,65,55,27,14,64,39,26,13,
         51,38,25,62,50,37, 9,61,49,21, 8,60,33,20,66,45,32,19,57,44,31) ], 
  [ ( 3, 4, 5)( 6,14,11, 8,16,13,10, 7,15,12, 9), 
      ( 1,41,22,54,35,16,48,29,10,42,23, 5,36,17,63,30,11,58,24, 6,52,18, 2,
         46,12,59,40, 7,53,34, 3,47,28)( 4,50,31,62,44,25,57,38,19,51,32,13,
         45,26,66,39,20,64,33,14,60,27, 8,55,21,65,49,15,61,43, 9,56,37) ], 
  [ ( 3, 4, 5)( 6,16,15,14,13,12,11,10, 9, 8, 7), 
      ( 1,35,10,36,11,52,12,53,28,54,29, 5,30, 6,46, 7,47,22,48,23,63,24, 2,
         40, 3,41,16,42,17,58,18,59,34)( 4,44,19,45,20,60,21,61,37,62,38,13,
         39,14,55,15,56,31,57,32,66,33, 8,49, 9,50,25,51,26,64,27,65,43) ], 
  [ ( 3, 4, 5)( 6, 7, 8, 9,10,11,12,13,14,15,16), 
      ( 1,29,63,18,53,22,42,11,46, 3,35, 5,24,59,28,48,17,52, 7,41,10,30, 2,
         34,54,23,58,12,47,16,36, 6,40)( 4,38,66,27,61,31,51,20,55, 9,44,13,
         33,65,37,57,26,60,15,50,19,39, 8,43,62,32,64,21,56,25,45,14,49) ], 
  [ ( 3, 4, 5)( 6, 9,12,15, 7,10,13,16, 8,11,14), 
      ( 1,23,52, 3,29,58, 7,35,63,12,41, 5,18,47,10,24,53,16,30,59,22,36, 2,
         28,42, 6,34,48,11,40,54,17,46)( 4,32,60, 9,38,64,15,44,66,21,50,13,
         27,56,19,33,61,25,39,65,31,45, 8,37,51,14,43,57,20,49,62,26,55) ], 
  [ ( 3, 4, 5)( 6,11,16,10,15, 9,14, 8,13, 7,12), 
      ( 1,17,40,48, 6,28,36,59,16,24,47, 5,12,35,58, 3,23,46,54,11,34,42, 2,
         22,30,53,10,18,41,63, 7,29,52)( 4,26,49,57,14,37,45,65,25,33,56,13,
         21,44,64, 9,32,55,62,20,43,51, 8,31,39,61,19,27,50,66,15,38,60) ], 
  [ ( 3, 4, 5)( 6,13, 9,16,12, 8,15,11, 7,14,10), 
      ( 1,11,28,30,47,63, 3,17,34,36,53, 5, 7,23,40,42,59,10,12,29,46,48, 2,
         16,18,35,52,54, 6,22,24,41,58)( 4,20,37,39,56,66, 9,26,43,45,61,13,
         15,32,49,51,65,19,21,38,55,57, 8,25,27,44,60,62,14,31,33,50,64) ], 
  [ ( 3, 4, 5)( 6,15,13,11, 9, 7,16,14,12,10, 8), 
      ( 1, 6,16,12,23,34,30,41,52,48,59, 5, 3,11,22,18,29,40,36,47,58,54, 2,
         10, 7,17,28,24,35,46,42,53,63)( 4,14,25,21,32,43,39,50,60,57,65,13,
          9,20,31,27,38,49,45,56,64,62, 8,19,15,26,37,33,44,55,51,61,66) ], 
  [ (1,2), ( 1, 4)( 2,13)( 3, 9)( 5, 8)( 6,19)( 7,15)(10,14)(11,25)(12,21)
        (16,20)(17,31)(18,27)(22,26)(23,37)(24,33)(28,32)(29,43)(30,39)(34,38)
        (35,49)(36,45)(40,44)(41,55)(42,51)(46,50)(47,60)(48,57)(52,56)(53,64)
        (54,62)(58,61)(59,66)(63,65) ], 
  [ ( 1, 2)( 6, 8,10,12,14,16, 7, 9,11,13,15), 
      ( 1,62,48,51,36,39,24,27,12,15, 3, 4,54,57,42,45,30,33,18,21, 7, 9)
        ( 2,66,53,60,41,49,29,37,17,25, 6,13,59,64,47,55,35,43,23,31,11,19)
        ( 5,65,58,56,46,44,34,32,22,20,10, 8,63,61,52,50,40,38,28,26,16,14) ],
  [ ( 1, 2)( 6,10,14, 7,11,15, 8,12,16, 9,13), 
      ( 1,57,36,33,12, 9,54,51,30,27, 7, 4,48,45,24,21, 3,62,42,39,18,15)
        ( 2,64,41,43,17,19,59,60,35,37,11,13,53,55,29,31, 6,66,47,49,23,25)
        ( 5,61,46,38,22,14,63,56,40,32,16, 8,58,50,34,26,10,65,52,44,28,20) ],
  [ ( 1, 2)( 6,12, 7,13, 8,14, 9,15,10,16,11), 
      ( 1,51,24,15,54,45,18, 9,48,39,12, 4,42,33, 7,62,36,27, 3,57,30,21)
        ( 2,60,29,25,59,55,23,19,53,49,17,13,47,43,11,66,41,37, 6,64,35,31)
        ( 5,56,34,20,63,50,28,14,58,44,22, 8,52,38,16,65,46,32,10,61,40,26) ],
  [ ( 1, 2)( 6,14,11, 8,16,13,10, 7,15,12, 9), 
      ( 1,45,12,62,30,15,48,33, 3,51,18, 4,36,21,54,39, 7,57,24, 9,42,27)
        ( 2,55,17,66,35,25,53,43, 6,60,23,13,41,31,59,49,11,64,29,19,47,37)
        ( 5,50,22,65,40,20,58,38,10,56,28, 8,46,26,63,44,16,61,34,14,52,32) ],
  [ ( 1, 2)( 6,16,15,14,13,12,11,10, 9, 8, 7), 
      ( 1,39, 3,45, 7,51,12,57,18,62,24, 4,30, 9,36,15,42,21,48,27,54,33)
        ( 2,49, 6,55,11,60,17,64,23,66,29,13,35,19,41,25,47,31,53,37,59,43)
        ( 5,44,10,50,16,56,22,61,28,65,34, 8,40,14,46,20,52,26,58,32,63,38) ],
  [ ( 1, 2)( 6, 7, 8, 9,10,11,12,13,14,15,16), 
      ( 1,33,54,27,48,21,42,15,36, 9,30, 4,24,62,18,57,12,51, 7,45, 3,39)
        ( 2,43,59,37,53,31,47,25,41,19,35,13,29,66,23,64,17,60,11,55, 6,49)
        ( 5,38,63,32,58,26,52,20,46,14,40, 8,34,65,28,61,22,56,16,50,10,44) ],
  [ ( 1, 2)( 6, 9,12,15, 7,10,13,16, 8,11,14), 
      ( 1,27,42, 9,24,57, 7,39,54,21,36, 4,18,51, 3,33,48,15,30,62,12,45)
        ( 2,37,47,19,29,64,11,49,59,31,41,13,23,60, 6,43,53,25,35,66,17,55)
        ( 5,32,52,14,34,61,16,44,63,26,46, 8,28,56,10,38,58,20,40,65,22,50) ],
  [ ( 1, 2)( 6,11,16,10,15, 9,14, 8,13, 7,12), 
      ( 1,21,30,57, 3,27,36,62, 7,33,42, 4,12,39,48, 9,18,45,54,15,24,51)
        ( 2,31,35,64, 6,37,41,66,11,43,47,13,17,49,53,19,23,55,59,25,29,60)
        ( 5,26,40,61,10,32,46,65,16,38,52, 8,22,44,58,14,28,50,63,20,34,56) ],
  [ ( 1, 2)( 6,13, 9,16,12, 8,15,11, 7,14,10), 
      ( 1,15,18,39,42,62, 3,21,24,45,48, 4, 7,27,30,51,54, 9,12,33,36,57)
        ( 2,25,23,49,47,66, 6,31,29,55,53,13,11,37,35,60,59,19,17,43,41,64)
        ( 5,20,28,44,52,65,10,26,34,50,58, 8,16,32,40,56,63,14,22,38,46,61) ],
  [ ( 1, 2)( 6,15,13,11, 9, 7,16,14,12,10, 8), 
      ( 1, 9, 7,21,18,33,30,45,42,57,54, 4, 3,15,12,27,24,39,36,51,48,62)
        ( 2,19,11,31,23,43,35,55,47,64,59,13, 6,25,17,37,29,49,41,60,53,66)
        ( 5,14,16,26,28,38,40,50,52,61,63, 8,10,20,22,32,34,44,46,56,58,65) ],
  [ (1,2)(3,5,4), ( 1,13)( 2, 8)( 3,19)( 4, 5)( 6,14)( 7,25)( 9,10)(11,20)
        (12,31)(15,16)(17,26)(18,37)(21,22)(23,32)(24,43)(27,28)(29,38)(30,49)
        (33,34)(35,44)(36,55)(39,40)(41,50)(42,60)(45,46)(47,56)(48,64)(51,52)
        (53,61)(54,66)(57,58)(59,65)(62,63) ], 
  [ ( 1, 2)( 3, 5, 4)( 6, 8,10,12,14,16, 7, 9,11,13,15), 
      ( 1,66,48,60,36,49,24,37,12,25, 3,13,54,64,42,55,30,43,18,31, 7,19)
        ( 2,65,53,56,41,44,29,32,17,20, 6, 8,59,61,47,50,35,38,23,26,11,14)
        ( 4,63,57,52,45,40,33,28,21,16, 9, 5,62,58,51,46,39,34,27,22,15,10) ],
  [ ( 1, 2)( 3, 5, 4)( 6,10,14, 7,11,15, 8,12,16, 9,13), 
      ( 1,64,36,43,12,19,54,60,30,37, 7,13,48,55,24,31, 3,66,42,49,18,25)
        ( 2,61,41,38,17,14,59,56,35,32,11, 8,53,50,29,26, 6,65,47,44,23,20)
        ( 4,58,45,34,21,10,62,52,39,28,15, 5,57,46,33,22, 9,63,51,40,27,16) ],
  [ ( 1, 2)( 3, 5, 4)( 6,12, 7,13, 8,14, 9,15,10,16,11), 
      ( 1,60,24,25,54,55,18,19,48,49,12,13,42,43, 7,66,36,37, 3,64,30,31)
        ( 2,56,29,20,59,50,23,14,53,44,17, 8,47,38,11,65,41,32, 6,61,35,26)
        ( 4,52,33,16,62,46,27,10,57,40,21, 5,51,34,15,63,45,28, 9,58,39,22) ],
  [ ( 1, 2)( 3, 5, 4)( 6,14,11, 8,16,13,10, 7,15,12, 9), 
      ( 1,55,12,66,30,25,48,43, 3,60,18,13,36,31,54,49, 7,64,24,19,42,37)
        ( 2,50,17,65,35,20,53,38, 6,56,23, 8,41,26,59,44,11,61,29,14,47,32)
        ( 4,46,21,63,39,16,57,34, 9,52,27, 5,45,22,62,40,15,58,33,10,51,28) ],
  [ ( 1, 2)( 3, 5, 4)( 6,16,15,14,13,12,11,10, 9, 8, 7), 
      ( 1,49, 3,55, 7,60,12,64,18,66,24,13,30,19,36,25,42,31,48,37,54,43)
        ( 2,44, 6,50,11,56,17,61,23,65,29, 8,35,14,41,20,47,26,53,32,59,38)
        ( 4,40, 9,46,15,52,21,58,27,63,33, 5,39,10,45,16,51,22,57,28,62,34) ],
  [ ( 1, 2)( 3, 5, 4)( 6, 7, 8, 9,10,11,12,13,14,15,16), 
      ( 1,43,54,37,48,31,42,25,36,19,30,13,24,66,18,64,12,60, 7,55, 3,49)
        ( 2,38,59,32,53,26,47,20,41,14,35, 8,29,65,23,61,17,56,11,50, 6,44)
        ( 4,34,62,28,57,22,51,16,45,10,39, 5,33,63,27,58,21,52,15,46, 9,40) ],
  [ ( 1, 2)( 3, 5, 4)( 6, 9,12,15, 7,10,13,16, 8,11,14), 
      ( 1,37,42,19,24,64, 7,49,54,31,36,13,18,60, 3,43,48,25,30,66,12,55)
        ( 2,32,47,14,29,61,11,44,59,26,41, 8,23,56, 6,38,53,20,35,65,17,50)
        ( 4,28,51,10,33,58,15,40,62,22,45, 5,27,52, 9,34,57,16,39,63,21,46) ],
  [ ( 1, 2)( 3, 5, 4)( 6,11,16,10,15, 9,14, 8,13, 7,12), 
      ( 1,31,30,64, 3,37,36,66, 7,43,42,13,12,49,48,19,18,55,54,25,24,60)
        ( 2,26,35,61, 6,32,41,65,11,38,47, 8,17,44,53,14,23,50,59,20,29,56)
        ( 4,22,39,58, 9,28,45,63,15,34,51, 5,21,40,57,10,27,46,62,16,33,52) ],
  [ ( 1, 2)( 3, 5, 4)( 6,13, 9,16,12, 8,15,11, 7,14,10), 
      ( 1,25,18,49,42,66, 3,31,24,55,48,13, 7,37,30,60,54,19,12,43,36,64)
        ( 2,20,23,44,47,65, 6,26,29,50,53, 8,11,32,35,56,59,14,17,38,41,61)
        ( 4,16,27,40,51,63, 9,22,33,46,57, 5,15,28,39,52,62,10,21,34,45,58) ],
  [ ( 1, 2)( 3, 5, 4)( 6,15,13,11, 9, 7,16,14,12,10, 8), 
      ( 1,19, 7,31,18,43,30,55,42,64,54,13, 3,25,12,37,24,49,36,60,48,66)
        ( 2,14,11,26,23,38,35,50,47,61,59, 8, 6,20,17,32,29,44,41,56,53,65)
        ( 4,10,15,22,27,34,39,46,51,58,62, 5, 9,16,21,28,33,40,45,52,57,63) ],
  [ (1,2)(3,4,5), ( 1, 8)( 2, 4)( 3,14)( 5,13)( 6, 9)( 7,20)(10,19)(11,15)
        (12,26)(16,25)(17,21)(18,32)(22,31)(23,27)(24,38)(28,37)(29,33)(30,44)
        (34,43)(35,39)(36,50)(40,49)(41,45)(42,56)(46,55)(47,51)(48,61)(52,60)
        (53,57)(54,65)(58,64)(59,62)(63,66) ], 
  [ ( 1, 2)( 3, 4, 5)( 6, 8,10,12,14,16, 7, 9,11,13,15), 
      ( 1,65,48,56,36,44,24,32,12,20, 3, 8,54,61,42,50,30,38,18,26, 7,14)
        ( 2,62,53,51,41,39,29,27,17,15, 6, 4,59,57,47,45,35,33,23,21,11, 9)
        ( 5,66,58,60,46,49,34,37,22,25,10,13,63,64,52,55,40,43,28,31,16,19) ],
  [ ( 1, 2)( 3, 4, 5)( 6,10,14, 7,11,15, 8,12,16, 9,13), 
      ( 1,61,36,38,12,14,54,56,30,32, 7, 8,48,50,24,26, 3,65,42,44,18,20)
        ( 2,57,41,33,17, 9,59,51,35,27,11, 4,53,45,29,21, 6,62,47,39,23,15)
        ( 5,64,46,43,22,19,63,60,40,37,16,13,58,55,34,31,10,66,52,49,28,25) ],
  [ ( 1, 2)( 3, 4, 5)( 6,12, 7,13, 8,14, 9,15,10,16,11), 
      ( 1,56,24,20,54,50,18,14,48,44,12, 8,42,38, 7,65,36,32, 3,61,30,26)
        ( 2,51,29,15,59,45,23, 9,53,39,17, 4,47,33,11,62,41,27, 6,57,35,21)
        ( 5,60,34,25,63,55,28,19,58,49,22,13,52,43,16,66,46,37,10,64,40,31) ],
  [ ( 1, 2)( 3, 4, 5)( 6,14,11, 8,16,13,10, 7,15,12, 9), 
      ( 1,50,12,65,30,20,48,38, 3,56,18, 8,36,26,54,44, 7,61,24,14,42,32)
        ( 2,45,17,62,35,15,53,33, 6,51,23, 4,41,21,59,39,11,57,29, 9,47,27)
        ( 5,55,22,66,40,25,58,43,10,60,28,13,46,31,63,49,16,64,34,19,52,37) ],
  [ ( 1, 2)( 3, 4, 5)( 6,16,15,14,13,12,11,10, 9, 8, 7), 
      ( 1,44, 3,50, 7,56,12,61,18,65,24, 8,30,14,36,20,42,26,48,32,54,38)
        ( 2,39, 6,45,11,51,17,57,23,62,29, 4,35, 9,41,15,47,21,53,27,59,33)
        ( 5,49,10,55,16,60,22,64,28,66,34,13,40,19,46,25,52,31,58,37,63,43) ],
  [ ( 1, 2)( 3, 4, 5)( 6, 7, 8, 9,10,11,12,13,14,15,16), 
      ( 1,38,54,32,48,26,42,20,36,14,30, 8,24,65,18,61,12,56, 7,50, 3,44)
        ( 2,33,59,27,53,21,47,15,41, 9,35, 4,29,62,23,57,17,51,11,45, 6,39)
        ( 5,43,63,37,58,31,52,25,46,19,40,13,34,66,28,64,22,60,16,55,10,49) ],
  [ ( 1, 2)( 3, 4, 5)( 6, 9,12,15, 7,10,13,16, 8,11,14), 
      ( 1,32,42,14,24,61, 7,44,54,26,36, 8,18,56, 3,38,48,20,30,65,12,50)
        ( 2,27,47, 9,29,57,11,39,59,21,41, 4,23,51, 6,33,53,15,35,62,17,45)
        ( 5,37,52,19,34,64,16,49,63,31,46,13,28,60,10,43,58,25,40,66,22,55) ],
  [ ( 1, 2)( 3, 4, 5)( 6,11,16,10,15, 9,14, 8,13, 7,12), 
      ( 1,26,30,61, 3,32,36,65, 7,38,42, 8,12,44,48,14,18,50,54,20,24,56)
        ( 2,21,35,57, 6,27,41,62,11,33,47, 4,17,39,53, 9,23,45,59,15,29,51)
        ( 5,31,40,64,10,37,46,66,16,43,52,13,22,49,58,19,28,55,63,25,34,60) ],
  [ ( 1, 2)( 3, 4, 5)( 6,13, 9,16,12, 8,15,11, 7,14,10), 
      ( 1,20,18,44,42,65, 3,26,24,50,48, 8, 7,32,30,56,54,14,12,38,36,61)
        ( 2,15,23,39,47,62, 6,21,29,45,53, 4,11,27,35,51,59, 9,17,33,41,57)
        ( 5,25,28,49,52,66,10,31,34,55,58,13,16,37,40,60,63,19,22,43,46,64) ],
  [ ( 1, 2)( 3, 4, 5)( 6,15,13,11, 9, 7,16,14,12,10, 8), 
      ( 1,14, 7,26,18,38,30,50,42,61,54, 8, 3,20,12,32,24,44,36,56,48,65)
        ( 2, 9,11,21,23,33,35,45,47,57,59, 4, 6,15,17,27,29,39,41,51,53,62)
        ( 5,19,16,31,28,43,40,55,52,64,63,13,10,25,22,37,34,49,46,60,58,66) ] 
 ]
);

BRACES[66].brace[3] := rec ( size := 66, perms :=
[ [ (), () ], 
  [ ( 6, 8,10,12,14,16, 7, 9,11,13,15), ( 1,45,39,33,27,21,16,12, 9, 6, 3)
        ( 2,50,44,38,32,26,20,15,11, 8, 5)( 4,54,49,43,37,31,25,19,14,10, 7)
        (13,63,60,57,53,48,42,36,30,24,18)(17,65,62,59,56,52,47,41,35,29,23)
        (22,66,64,61,58,55,51,46,40,34,28) ], 
  [ ( 6,10,14, 7,11,15, 8,12,16, 9,13), ( 1,39,27,16, 9, 3,45,33,21,12, 6)
        ( 2,44,32,20,11, 5,50,38,26,15, 8)( 4,49,37,25,14, 7,54,43,31,19,10)
        (13,60,53,42,30,18,63,57,48,36,24)(17,62,56,47,35,23,65,59,52,41,29)
        (22,64,58,51,40,28,66,61,55,46,34) ], 
  [ ( 6,12, 7,13, 8,14, 9,15,10,16,11), ( 1,33,16, 6,45,27,12, 3,39,21, 9)
        ( 2,38,20, 8,50,32,15, 5,44,26,11)( 4,43,25,10,54,37,19, 7,49,31,14)
        (13,57,42,24,63,53,36,18,60,48,30)(17,59,47,29,65,56,41,23,62,52,35)
        (22,61,51,34,66,58,46,28,64,55,40) ], 
  [ ( 6,14,11, 8,16,13,10, 7,15,12, 9), ( 1,27, 9,45,21, 6,39,16, 3,33,12)
        ( 2,32,11,50,26, 8,44,20, 5,38,15)( 4,37,14,54,31,10,49,25, 7,43,19)
        (13,53,30,63,48,24,60,42,18,57,36)(17,56,35,65,52,29,62,47,23,59,41)
        (22,58,40,66,55,34,64,51,28,61,46) ], 
  [ ( 6,16,15,14,13,12,11,10, 9, 8, 7), ( 1,21, 3,27, 6,33, 9,39,12,45,16)
        ( 2,26, 5,32, 8,38,11,44,15,50,20)( 4,31, 7,37,10,43,14,49,19,54,25)
        (13,48,18,53,24,57,30,60,36,63,42)(17,52,23,56,29,59,35,62,41,65,47)
        (22,55,28,58,34,61,40,64,46,66,51) ], 
  [ ( 6, 7, 8, 9,10,11,12,13,14,15,16), ( 1,16,45,12,39, 9,33, 6,27, 3,21)
        ( 2,20,50,15,44,11,38, 8,32, 5,26)( 4,25,54,19,49,14,43,10,37, 7,31)
        (13,42,63,36,60,30,57,24,53,18,48)(17,47,65,41,62,35,59,29,56,23,52)
        (22,51,66,46,64,40,61,34,58,28,55) ], 
  [ ( 6, 9,12,15, 7,10,13,16, 8,11,14), ( 1,12,33, 3,16,39, 6,21,45, 9,27)
        ( 2,15,38, 5,20,44, 8,26,50,11,32)( 4,19,43, 7,25,49,10,31,54,14,37)
        (13,36,57,18,42,60,24,48,63,30,53)(17,41,59,23,47,62,29,52,65,35,56)
        (22,46,61,28,51,64,34,55,66,40,58) ], 
  [ ( 6,11,16,10,15, 9,14, 8,13, 7,12), ( 1, 9,21,39, 3,12,27,45, 6,16,33)
        ( 2,11,26,44, 5,15,32,50, 8,20,38)( 4,14,31,49, 7,19,37,54,10,25,43)
        (13,30,48,60,18,36,53,63,24,42,57)(17,35,52,62,23,41,56,65,29,47,59)
        (22,40,55,64,28,46,58,66,34,51,61) ], 
  [ ( 6,13, 9,16,12, 8,15,11, 7,14,10), ( 1, 6,12,21,33,45, 3, 9,16,27,39)
        ( 2, 8,15,26,38,50, 5,11,20,32,44)( 4,10,19,31,43,54, 7,14,25,37,49)
        (13,24,36,48,57,63,18,30,42,53,60)(17,29,41,52,59,65,23,35,47,56,62)
        (22,34,46,55,61,66,28,40,51,58,64) ], 
  [ ( 6,15,13,11, 9, 7,16,14,12,10, 8), ( 1, 3, 6, 9,12,16,21,27,33,39,45)
        ( 2, 5, 8,11,15,20,26,32,38,44,50)( 4, 7,10,14,19,25,31,37,43,49,54)
        (13,18,24,30,36,42,48,53,57,60,63)(17,23,29,35,41,47,52,56,59,62,65)
        (22,28,34,40,46,51,55,58,61,64,66) ], 
  [ (3,5,4), ( 1, 4, 2)( 3, 7, 5)( 6,10, 8)( 9,14,11)(12,19,15)(13,22,17)
        (16,25,20)(18,28,23)(21,31,26)(24,34,29)(27,37,32)(30,40,35)(33,43,38)
        (36,46,41)(39,49,44)(42,51,47)(45,54,50)(48,55,52)(53,58,56)(57,61,59)
        (60,64,62)(63,66,65) ], 
  [ ( 3, 5, 4)( 6, 8,10,12,14,16, 7, 9,11,13,15), 
      ( 1,54,44,33,37,26,16,19,11, 6, 7, 2,45,49,38,27,31,20,12,14, 8, 3, 4,
         50,39,43,32,21,25,15, 9,10, 5)(13,66,62,57,58,52,42,46,35,24,28,17,
         63,64,59,53,55,47,36,40,29,18,22,65,60,61,56,48,51,41,30,34,23) ], 
  [ ( 3, 5, 4)( 6,10,14, 7,11,15, 8,12,16, 9,13), 
      ( 1,49,32,16,14, 5,45,43,26,12,10, 2,39,37,20, 9, 7,50,33,31,15, 6, 4,
         44,27,25,11, 3,54,38,21,19, 8)(13,64,56,42,40,23,63,61,52,36,34,17,
         60,58,47,30,28,65,57,55,41,24,22,62,53,51,35,18,66,59,48,46,29) ], 
  [ ( 3, 5, 4)( 6,12, 7,13, 8,14, 9,15,10,16,11), 
      ( 1,43,20, 6,54,32,12, 7,44,21,14, 2,33,25, 8,45,37,15, 3,49,26, 9, 4,
         38,16,10,50,27,19, 5,39,31,11)(13,61,47,24,66,56,36,28,62,48,40,17,
         57,51,29,63,58,41,18,64,52,30,22,59,42,34,65,53,46,23,60,55,35) ], 
  [ ( 3, 5, 4)( 6,14,11, 8,16,13,10, 7,15,12, 9), 
      ( 1,37,11,45,31, 8,39,25, 5,33,19, 2,27,14,50,21,10,44,16, 7,38,12, 4,
         32, 9,54,26, 6,49,20, 3,43,15)(13,58,35,63,55,29,60,51,23,57,46,17,
         53,40,65,48,34,62,42,28,59,36,22,56,30,66,52,24,64,47,18,61,41) ], 
  [ ( 3, 5, 4)( 6,16,15,14,13,12,11,10, 9, 8, 7), 
      ( 1,31, 5,27,10,38, 9,49,15,45,25, 2,21, 7,32, 6,43,11,39,19,50,16, 4,
         26, 3,37, 8,33,14,44,12,54,20)(13,55,23,53,34,59,30,64,41,63,51,17,
         48,28,56,24,61,35,60,46,65,42,22,52,18,58,29,57,40,62,36,66,47) ], 
  [ ( 3, 5, 4)( 6, 7, 8, 9,10,11,12,13,14,15,16), 
      ( 1,25,50,12,49,11,33,10,32, 3,31, 2,16,54,15,39,14,38, 6,37, 5,21, 4,
         20,45,19,44, 9,43, 8,27, 7,26)(13,51,65,36,64,35,57,34,56,18,55,17,
         42,66,41,60,40,59,24,58,23,48,22,47,63,46,62,30,61,29,53,28,52) ], 
  [ ( 3, 5, 4)( 6, 9,12,15, 7,10,13,16, 8,11,14), 
      ( 1,19,38, 3,25,44, 6,31,50, 9,37, 2,12,43, 5,16,49, 8,21,54,11,27, 4,
         15,33, 7,20,39,10,26,45,14,32)(13,46,59,18,51,62,24,55,65,30,58,17,
         36,61,23,42,64,29,48,66,35,53,22,41,57,28,47,60,34,52,63,40,56) ], 
  [ ( 3, 5, 4)( 6,11,16,10,15, 9,14, 8,13, 7,12), 
      ( 1,14,26,39, 7,15,27,54, 8,16,43, 2, 9,31,44, 3,19,32,45,10,20,33, 4,
         11,21,49, 5,12,37,50, 6,25,38)(13,40,52,60,28,41,53,66,29,42,61,17,
         30,55,62,18,46,56,63,34,47,57,22,35,48,64,23,36,58,65,24,51,59) ], 
  [ ( 3, 5, 4)( 6,13, 9,16,12, 8,15,11, 7,14,10), 
      ( 1,10,15,21,43,50, 3,14,20,27,49, 2, 6,19,26,33,54, 5, 9,25,32,39, 4,
          8,12,31,38,45, 7,11,16,37,44)(13,34,41,48,61,65,18,40,47,53,64,17,
         24,46,52,57,66,23,30,51,56,60,22,29,36,55,59,63,28,35,42,58,62) ], 
  [ ( 3, 5, 4)( 6,15,13,11, 9, 7,16,14,12,10, 8), 
      ( 1, 7, 8, 9,19,20,21,37,38,39,54, 2, 3,10,11,12,25,26,27,43,44,45, 4,
          5, 6,14,15,16,31,32,33,49,50)(13,28,29,30,46,47,48,58,59,60,66,17,
         18,34,35,36,51,52,53,61,62,63,22,23,24,40,41,42,55,56,57,64,65) ], 
  [ (3,4,5), ( 1, 2, 4)( 3, 5, 7)( 6, 8,10)( 9,11,14)(12,15,19)(13,17,22)
        (16,20,25)(18,23,28)(21,26,31)(24,29,34)(27,32,37)(30,35,40)(33,38,43)
        (36,41,46)(39,44,49)(42,47,51)(45,50,54)(48,52,55)(53,56,58)(57,59,61)
        (60,62,64)(63,65,66) ], 
  [ ( 3, 4, 5)( 6, 8,10,12,14,16, 7, 9,11,13,15), 
      ( 1,50,49,33,32,31,16,15,14, 6, 5, 4,45,44,43,27,26,25,12,11,10, 3, 2,
         54,39,38,37,21,20,19, 9, 8, 7)(13,65,64,57,56,55,42,41,40,24,23,22,
         63,62,61,53,52,51,36,35,34,18,17,66,60,59,58,48,47,46,30,29,28) ], 
  [ ( 3, 4, 5)( 6,10,14, 7,11,15, 8,12,16, 9,13), 
      ( 1,44,37,16,11, 7,45,38,31,12, 8, 4,39,32,25, 9, 5,54,33,26,19, 6, 2,
         49,27,20,14, 3,50,43,21,15,10)(13,62,58,42,35,28,63,59,55,36,29,22,
         60,56,51,30,23,66,57,52,46,24,17,64,53,47,40,18,65,61,48,41,34) ], 
  [ ( 3, 4, 5)( 6,12, 7,13, 8,14, 9,15,10,16,11), 
      ( 1,38,25, 6,50,37,12, 5,49,21,11, 4,33,20,10,45,32,19, 3,44,31, 9, 2,
         43,16, 8,54,27,15, 7,39,26,14)(13,59,51,24,65,58,36,23,64,48,35,22,
         57,47,34,63,56,46,18,62,55,30,17,61,42,29,66,53,41,28,60,52,40) ], 
  [ ( 3, 4, 5)( 6,14,11, 8,16,13,10, 7,15,12, 9), 
      ( 1,32,14,45,26,10,39,20, 7,33,15, 4,27,11,54,21, 8,49,16, 5,43,12, 2,
         37, 9,50,31, 6,44,25, 3,38,19)(13,56,40,63,52,34,60,47,28,57,41,22,
         53,35,66,48,29,64,42,23,61,36,17,58,30,65,55,24,62,51,18,59,46) ], 
  [ ( 3, 4, 5)( 6,16,15,14,13,12,11,10, 9, 8, 7), 
      ( 1,26, 7,27, 8,43, 9,44,19,45,20, 4,21, 5,37, 6,38,14,39,15,54,16, 2,
         31, 3,32,10,33,11,49,12,50,25)(13,52,28,53,29,61,30,62,46,63,47,22,
         48,23,58,24,59,40,60,41,66,42,17,55,18,56,34,57,35,64,36,65,51) ], 
  [ ( 3, 4, 5)( 6, 7, 8, 9,10,11,12,13,14,15,16), 
      ( 1,20,54,12,44,14,33, 8,37, 3,26, 4,16,50,19,39,11,43, 6,32, 7,21, 2,
         25,45,15,49, 9,38,10,27, 5,31)(13,47,66,36,62,40,57,29,58,18,52,22,
         42,65,46,60,35,61,24,56,28,48,17,51,63,41,64,30,59,34,53,23,55) ], 
  [ ( 3, 4, 5)( 6, 9,12,15, 7,10,13,16, 8,11,14), 
      ( 1,15,43, 3,20,49, 6,26,54, 9,32, 4,12,38, 7,16,44,10,21,50,14,27, 2,
         19,33, 5,25,39, 8,31,45,11,37)(13,41,61,18,47,64,24,52,66,30,56,22,
         36,59,28,42,62,34,48,65,40,53,17,46,57,23,51,60,29,55,63,35,58) ], 
  [ ( 3, 4, 5)( 6,11,16,10,15, 9,14, 8,13, 7,12), 
      ( 1,11,31,39, 5,19,27,50,10,16,38, 4, 9,26,49, 3,15,37,45, 8,25,33, 2,
         14,21,44, 7,12,32,54, 6,20,43)(13,35,55,60,23,46,53,65,34,42,59,22,
         30,52,64,18,41,58,63,29,51,57,17,40,48,62,28,36,56,66,24,47,61) ], 
  [ ( 3, 4, 5)( 6,13, 9,16,12, 8,15,11, 7,14,10), 
      ( 1, 8,19,21,38,54, 3,11,25,27,44, 4, 6,15,31,33,50, 7, 9,20,37,39, 2,
         10,12,26,43,45, 5,14,16,32,49)(13,29,46,48,59,66,18,35,51,53,62,22,
         24,41,55,57,65,28,30,47,58,60,17,34,36,52,61,63,23,40,42,56,64) ], 
  [ ( 3, 4, 5)( 6,15,13,11, 9, 7,16,14,12,10, 8), 
      ( 1, 5,10, 9,15,25,21,32,43,39,50, 4, 3, 8,14,12,20,31,27,38,49,45, 2,
          7, 6,11,19,16,26,37,33,44,54)(13,23,34,30,41,51,48,56,61,60,65,22,
         18,29,40,36,47,55,53,59,64,63,17,28,24,35,46,42,52,58,57,62,66) ], 
  [ (1,2), ( 1,13)( 2,22)( 3,63)( 4,17)( 5,66)( 6,60)( 7,65)( 8,64)( 9,57)
        (10,62)(11,61)(12,53)(14,59)(15,58)(16,48)(18,45)(19,56)(20,55)(21,42)
        (23,54)(24,39)(25,52)(26,51)(27,36)(28,50)(29,49)(30,33)(31,47)(32,46)
        (34,44)(35,43)(37,41)(38,40) ], 
  [ ( 1, 2)( 6, 8,10,12,14,16, 7, 9,11,13,15), 
      ( 1,63)( 2,66)( 3,60)( 4,65)( 5,64)( 6,57)( 7,62)( 8,61)( 9,53)(10,59)
        (11,58)(12,48)(13,45)(14,56)(15,55)(16,42)(17,54)(18,39)(19,52)(20,51)
        (21,36)(22,50)(23,49)(24,33)(25,47)(26,46)(27,30)(28,44)(29,43)(31,41)
        (32,40)(34,38)(35,37) ], 
  [ ( 1, 2)( 6,10,14, 7,11,15, 8,12,16, 9,13), 
      ( 1,60)( 2,64)( 3,57)( 4,62)( 5,61)( 6,53)( 7,59)( 8,58)( 9,48)(10,56)
        (11,55)(12,42)(13,39)(14,52)(15,51)(16,36)(17,49)(18,33)(19,47)(20,46)
        (21,30)(22,44)(23,43)(24,27)(25,41)(26,40)(28,38)(29,37)(31,35)(32,34)
        (45,63)(50,66)(54,65) ], 
  [ ( 1, 2)( 6,12, 7,13, 8,14, 9,15,10,16,11), 
      ( 1,57)( 2,61)( 3,53)( 4,59)( 5,58)( 6,48)( 7,56)( 8,55)( 9,42)(10,52)
        (11,51)(12,36)(13,33)(14,47)(15,46)(16,30)(17,43)(18,27)(19,41)(20,40)
        (21,24)(22,38)(23,37)(25,35)(26,34)(28,32)(29,31)(39,63)(44,66)(45,60)
        (49,65)(50,64)(54,62) ], 
  [ ( 1, 2)( 6,14,11, 8,16,13,10, 7,15,12, 9), 
      ( 1,53)( 2,58)( 3,48)( 4,56)( 5,55)( 6,42)( 7,52)( 8,51)( 9,36)(10,47)
        (11,46)(12,30)(13,27)(14,41)(15,40)(16,24)(17,37)(18,21)(19,35)(20,34)
        (22,32)(23,31)(25,29)(26,28)(33,63)(38,66)(39,60)(43,65)(44,64)(45,57)
        (49,62)(50,61)(54,59) ], 
  [ ( 1, 2)( 6,16,15,14,13,12,11,10, 9, 8, 7), 
      ( 1,48)( 2,55)( 3,42)( 4,52)( 5,51)( 6,36)( 7,47)( 8,46)( 9,30)(10,41)
        (11,40)(12,24)(13,21)(14,35)(15,34)(16,18)(17,31)(19,29)(20,28)(22,26)
        (23,25)(27,63)(32,66)(33,60)(37,65)(38,64)(39,57)(43,62)(44,61)(45,53)
        (49,59)(50,58)(54,56) ], 
  [ ( 1, 2)( 6, 7, 8, 9,10,11,12,13,14,15,16), 
      ( 1,42)( 2,51)( 3,36)( 4,47)( 5,46)( 6,30)( 7,41)( 8,40)( 9,24)(10,35)
        (11,34)(12,18)(13,16)(14,29)(15,28)(17,25)(19,23)(20,22)(21,63)(26,66)
        (27,60)(31,65)(32,64)(33,57)(37,62)(38,61)(39,53)(43,59)(44,58)(45,48)
        (49,56)(50,55)(52,54) ], 
  [ ( 1, 2)( 6, 9,12,15, 7,10,13,16, 8,11,14), 
      ( 1,36)( 2,46)( 3,30)( 4,41)( 5,40)( 6,24)( 7,35)( 8,34)( 9,18)(10,29)
        (11,28)(12,13)(14,23)(15,22)(16,63)(17,19)(20,66)(21,60)(25,65)(26,64)
        (27,57)(31,62)(32,61)(33,53)(37,59)(38,58)(39,48)(42,45)(43,56)(44,55)
        (47,54)(49,52)(50,51) ], 
  [ ( 1, 2)( 6,11,16,10,15, 9,14, 8,13, 7,12), 
      ( 1,30)( 2,40)( 3,24)( 4,35)( 5,34)( 6,18)( 7,29)( 8,28)( 9,13)(10,23)
        (11,22)(12,63)(14,17)(15,66)(16,60)(19,65)(20,64)(21,57)(25,62)(26,61)
        (27,53)(31,59)(32,58)(33,48)(36,45)(37,56)(38,55)(39,42)(41,54)(43,52)
        (44,51)(46,50)(47,49) ], 
  [ ( 1, 2)( 6,13, 9,16,12, 8,15,11, 7,14,10), 
      ( 1,24)( 2,34)( 3,18)( 4,29)( 5,28)( 6,13)( 7,23)( 8,22)( 9,63)(10,17)
        (11,66)(12,60)(14,65)(15,64)(16,57)(19,62)(20,61)(21,53)(25,59)(26,58)
        (27,48)(30,45)(31,56)(32,55)(33,42)(35,54)(36,39)(37,52)(38,51)(40,50)
        (41,49)(43,47)(44,46) ], 
  [ ( 1, 2)( 6,15,13,11, 9, 7,16,14,12,10, 8), 
      ( 1,18)( 2,28)( 3,13)( 4,23)( 5,22)( 6,63)( 7,17)( 8,66)( 9,60)(10,65)
        (11,64)(12,57)(14,62)(15,61)(16,53)(19,59)(20,58)(21,48)(24,45)(25,56)
        (26,55)(27,42)(29,54)(30,39)(31,52)(32,51)(33,36)(34,50)(35,49)(37,47)
        (38,46)(40,44)(41,43) ], 
  [ (1,2)(3,5,4), ( 1,22)( 2,17)( 3,66)( 4,13)( 5,65)( 6,64)( 7,63)( 8,62)
        ( 9,61)(10,60)(11,59)(12,58)(14,57)(15,56)(16,55)(18,54)(19,53)(20,52)
        (21,51)(23,50)(24,49)(25,48)(26,47)(27,46)(28,45)(29,44)(30,43)(31,42)
        (32,41)(33,40)(34,39)(35,38)(36,37) ], 
  [ ( 1, 2)( 3, 5, 4)( 6, 8,10,12,14,16, 7, 9,11,13,15), 
      ( 1,66)( 2,65)( 3,64)( 4,63)( 5,62)( 6,61)( 7,60)( 8,59)( 9,58)(10,57)
        (11,56)(12,55)(13,54)(14,53)(15,52)(16,51)(17,50)(18,49)(19,48)(20,47)
        (21,46)(22,45)(23,44)(24,43)(25,42)(26,41)(27,40)(28,39)(29,38)(30,37)
        (31,36)(32,35)(33,34) ], 
  [ ( 1, 2)( 3, 5, 4)( 6,10,14, 7,11,15, 8,12,16, 9,13), 
      ( 1,64)( 2,62)( 3,61)( 4,60)( 5,59)( 6,58)( 7,57)( 8,56)( 9,55)(10,53)
        (11,52)(12,51)(13,49)(14,48)(15,47)(16,46)(17,44)(18,43)(19,42)(20,41)
        (21,40)(22,39)(23,38)(24,37)(25,36)(26,35)(27,34)(28,33)(29,32)(30,31)
        (45,66)(50,65)(54,63) ], 
  [ ( 1, 2)( 3, 5, 4)( 6,12, 7,13, 8,14, 9,15,10,16,11), 
      ( 1,61)( 2,59)( 3,58)( 4,57)( 5,56)( 6,55)( 7,53)( 8,52)( 9,51)(10,48)
        (11,47)(12,46)(13,43)(14,42)(15,41)(16,40)(17,38)(18,37)(19,36)(20,35)
        (21,34)(22,33)(23,32)(24,31)(25,30)(26,29)(27,28)(39,66)(44,65)(45,64)
        (49,63)(50,62)(54,60) ], 
  [ ( 1, 2)( 3, 5, 4)( 6,14,11, 8,16,13,10, 7,15,12, 9), 
      ( 1,58)( 2,56)( 3,55)( 4,53)( 5,52)( 6,51)( 7,48)( 8,47)( 9,46)(10,42)
        (11,41)(12,40)(13,37)(14,36)(15,35)(16,34)(17,32)(18,31)(19,30)(20,29)
        (21,28)(22,27)(23,26)(24,25)(33,66)(38,65)(39,64)(43,63)(44,62)(45,61)
        (49,60)(50,59)(54,57) ], 
  [ ( 1, 2)( 3, 5, 4)( 6,16,15,14,13,12,11,10, 9, 8, 7), 
      ( 1,55)( 2,52)( 3,51)( 4,48)( 5,47)( 6,46)( 7,42)( 8,41)( 9,40)(10,36)
        (11,35)(12,34)(13,31)(14,30)(15,29)(16,28)(17,26)(18,25)(19,24)(20,23)
        (21,22)(27,66)(32,65)(33,64)(37,63)(38,62)(39,61)(43,60)(44,59)(45,58)
        (49,57)(50,56)(53,54) ], 
  [ ( 1, 2)( 3, 5, 4)( 6, 7, 8, 9,10,11,12,13,14,15,16), 
      ( 1,51)( 2,47)( 3,46)( 4,42)( 5,41)( 6,40)( 7,36)( 8,35)( 9,34)(10,30)
        (11,29)(12,28)(13,25)(14,24)(15,23)(16,22)(17,20)(18,19)(21,66)(26,65)
        (27,64)(31,63)(32,62)(33,61)(37,60)(38,59)(39,58)(43,57)(44,56)(45,55)
        (48,54)(49,53)(50,52) ], 
  [ ( 1, 2)( 3, 5, 4)( 6, 9,12,15, 7,10,13,16, 8,11,14), 
      ( 1,46)( 2,41)( 3,40)( 4,36)( 5,35)( 6,34)( 7,30)( 8,29)( 9,28)(10,24)
        (11,23)(12,22)(13,19)(14,18)(15,17)(16,66)(20,65)(21,64)(25,63)(26,62)
        (27,61)(31,60)(32,59)(33,58)(37,57)(38,56)(39,55)(42,54)(43,53)(44,52)
        (45,51)(47,50)(48,49) ], 
