BRACES[102] := rec( total := -1, implemented := 4, size := 102, brace := [] );BRACES[102].brace[1] := rec ( size := 102, perms := [ [  (),  
(),  ], [  (1, 52)(2, 53)(3, 54)(4, 55)(5, 56)(6, 57)(7, 58)(8, 59)(9, 60)(10, 61)(11, 62)(12, 63)(13, 64)(14, 65)(15, 66)(16, 67)(17, 68)(18,
69)(19, 70)(20, 71)(21, 72)(22, 73)(23, 74)(24, 75)(25, 76)(26, 77)(27, 78)(28, 79)(29, 80)(30, 81)(31, 82)(32, 83)(33, 84)(34, 85)(35, 
86)(36, 87)(37, 88)(38, 89)(39, 90)(40, 91)(41, 92)(42, 93)(43, 94)(44, 95)(45, 96)(46, 97)(47, 98)(48, 99)(49, 100)(50, 101)(51, 102),  (1, 
52)(2, 53)(3, 54)(4, 55)(5, 56)(6, 57)(7, 58)(8, 59)(9, 60)(10, 61)(11, 62)(12, 63)(13, 64)(14, 65)(15, 66)(16, 67)(17, 68)(18, 86)(19, 
87)(20, 88)(21, 89)(22, 90)(23, 91)(24, 92)(25, 93)(26, 94)(27, 95)(28, 96)(29, 97)(30, 98)(31, 99)(32, 100)(33, 101)(34, 102)(35, 69)(36, 
70)(37, 71)(38, 72)(39, 73)(40, 74)(41, 75)(42, 76)(43, 77)(44, 78)(45, 79)(46, 80)(47, 81)(48, 82)(49, 83)(50, 84)(51, 85),  ], [  (1, 18, 
35)(2, 19, 36)(3, 20, 37)(4, 21, 38)(5, 22, 39)(6, 23, 40)(7, 24, 41)(8, 25, 42)(9, 26, 43)(10, 27, 44)(11, 28, 45)(12, 29, 46)(13, 30, 
47)(14, 31, 48)(15, 32, 49)(16, 33, 50)(17, 34, 51)(52, 69, 86)(53, 70, 87)(54, 71, 88)(55, 72, 89)(56, 73, 90)(57, 74, 91)(58, 75, 92)(59, 
76, 93)(60, 77, 94)(61, 78, 95)(62, 79, 96)(63, 80, 97)(64, 81, 98)(65, 82, 99)(66, 83, 100)(67, 84, 101)(68, 85, 102),  (1, 35, 18)(2, 36, 
19)(3, 37, 20)(4, 38, 21)(5, 39, 22)(6, 40, 23)(7, 41, 24)(8, 42, 25)(9, 43, 26)(10, 44, 27)(11, 45, 28)(12, 46, 29)(13, 47, 30)(14, 48, 
31)(15, 49, 32)(16, 50, 33)(17, 51, 34)(52, 86, 69)(53, 87, 70)(54, 88, 71)(55, 89, 72)(56, 90, 73)(57, 91, 74)(58, 92, 75)(59, 93, 76)(60, 
94, 77)(61, 95, 78)(62, 96, 79)(63, 97, 80)(64, 98, 81)(65, 99, 82)(66, 100, 83)(67, 101, 84)(68, 102, 85),  ], [  (1, 7, 13, 2, 8, 14, 3, 9, 
15, 4, 10, 16, 5, 11, 17, 6, 12)(18, 24, 30, 19, 25, 31, 20, 26, 32, 21, 27, 33, 22, 28, 34, 23, 29)(35, 41, 47, 36, 42, 48, 37, 43, 49, 38, 
44, 50, 39, 45, 51, 40, 46)(52, 58, 64, 53, 59, 65, 54, 60, 66, 55, 61, 67, 56, 62, 68, 57, 63)(69, 75, 81, 70, 76, 82, 71, 77, 83, 72, 78, 
84, 73, 79, 85, 74, 80)(86, 92, 98, 87, 93, 99, 88, 94, 100, 89, 95, 101, 90, 96, 102, 91, 97),  (1, 12, 6, 17, 11, 5, 16, 10, 4, 15, 9, 3, 
14, 8, 2, 13, 7)(18, 29, 23, 34, 28, 22, 33, 27, 21, 32, 26, 20, 31, 25, 19, 30, 24)(35, 46, 40, 51, 45, 39, 50, 44, 38, 49, 43, 37, 48, 42, 
36, 47, 41)(52, 63, 57, 68, 62, 56, 67, 61, 55, 66, 60, 54, 65, 59, 53, 64, 58)(69, 80, 74, 85, 79, 73, 84, 78, 72, 83, 77, 71, 82, 76, 70, 
81, 75)(86, 97, 91, 102, 96, 90, 101, 95, 89, 100, 94, 88, 99, 93, 87, 98, 92),  ], [  (1, 35, 18)(2, 36, 19)(3, 37, 20)(4, 38, 21)(5, 39, 
22)(6, 40, 23)(7, 41, 24)(8, 42, 25)(9, 43, 26)(10, 44, 27)(11, 45, 28)(12, 46, 29)(13, 47, 30)(14, 48, 31)(15, 49, 32)(16, 50, 33)(17, 51, 
34)(52, 86, 69)(53, 87, 70)(54, 88, 71)(55, 89, 72)(56, 90, 73)(57, 91, 74)(58, 92, 75)(59, 93, 76)(60, 94, 77)(61, 95, 78)(62, 96, 79)(63, 
97, 80)(64, 98, 81)(65, 99, 82)(66, 100, 83)(67, 101, 84)(68, 102, 85),  (1, 18, 35)(2, 19, 36)(3, 20, 37)(4, 21, 38)(5, 22, 39)(6, 23, 40)(7,
24, 41)(8, 25, 42)(9, 26, 43)(10, 27, 44)(11, 28, 45)(12, 29, 46)(13, 30, 47)(14, 31, 48)(15, 32, 49)(16, 33, 50)(17, 34, 51)(52, 69, 86)(53, 
70, 87)(54, 71, 88)(55, 72, 89)(56, 73, 90)(57, 74, 91)(58, 75, 92)(59, 76, 93)(60, 77, 94)(61, 78, 95)(62, 79, 96)(63, 80, 97)(64, 81, 
98)(65, 82, 99)(66, 83, 100)(67, 84, 101)(68, 85, 102),  ], [  (1, 12, 6, 17, 11, 5, 16, 10, 4, 15, 9, 3, 14, 8, 2, 13, 7)(18, 29, 23, 34, 28,
22, 33, 27, 21, 32, 26, 20, 31, 25, 19, 30, 24)(35, 46, 40, 51, 45, 39, 50, 44, 38, 49, 43, 37, 48, 42, 36, 47, 41)(52, 63, 57, 68, 62, 56, 
67, 61, 55, 66, 60, 54, 65, 59, 53, 64, 58)(69, 80, 74, 85, 79, 73, 84, 78, 72, 83, 77, 71, 82, 76, 70, 81, 75)(86, 97, 91, 102, 96, 90, 101, 
95, 89, 100, 94, 88, 99, 93, 87, 98, 92),  (1, 7, 13, 2, 8, 14, 3, 9, 15, 4, 10, 16, 5, 11, 17, 6, 12)(18, 24, 30, 19, 25, 31, 20, 26, 32, 21,
27, 33, 22, 28, 34, 23, 29)(35, 41, 47, 36, 42, 48, 37, 43, 49, 38, 44, 50, 39, 45, 51, 40, 46)(52, 58, 64, 53, 59, 65, 54, 60, 66, 55, 61, 
67, 56, 62, 68, 57, 63)(69, 75, 81, 70, 76, 82, 71, 77, 83, 72, 78, 84, 73, 79, 85, 74, 80)(86, 92, 98, 87, 93, 99, 88, 94, 100, 89, 95, 101, 
90, 96, 102, 91, 97),  ], [  (1, 86, 18, 52, 35, 69)(2, 87, 19, 53, 36, 70)(3, 88, 20, 54, 37, 71)(4, 89, 21, 55, 38, 72)(5, 90, 22, 56, 39, 
73)(6, 91, 23, 57, 40, 74)(7, 92, 24, 58, 41, 75)(8, 93, 25, 59, 42, 76)(9, 94, 26, 60, 43, 77)(10, 95, 27, 61, 44, 78)(11, 96, 28, 62, 45, 
79)(12, 97, 29, 63, 46, 80)(13, 98, 30, 64, 47, 81)(14, 99, 31, 65, 48, 82)(15, 100, 32, 66, 49, 83)(16, 101, 33, 67, 50, 84)(17, 102, 34, 68,
51, 85),  (1, 86)(2, 87)(3, 88)(4, 89)(5, 90)(6, 91)(7, 92)(8, 93)(9, 94)(10, 95)(11, 96)(12, 97)(13, 98)(14, 99)(15, 100)(16, 101)(17, 
102)(18, 69)(19, 70)(20, 71)(21, 72)(22, 73)(23, 74)(24, 75)(25, 76)(26, 77)(27, 78)(28, 79)(29, 80)(30, 81)(31, 82)(32, 83)(33, 84)(34, 
85)(35, 52)(36, 53)(37, 54)(38, 55)(39, 56)(40, 57)(41, 58)(42, 59)(43, 60)(44, 61)(45, 62)(46, 63)(47, 64)(48, 65)(49, 66)(50, 67)(51, 68),  
], [  (1, 58, 13, 53, 8, 65, 3, 60, 15, 55, 10, 67, 5, 62, 17, 57, 12, 52, 7, 64, 2, 59, 14, 54, 9, 66, 4, 61, 16, 56, 11, 68, 6, 63)(18, 75, 
30, 70, 25, 82, 20, 77, 32, 72, 27, 84, 22, 79, 34, 74, 29, 69, 24, 81, 19, 76, 31, 71, 26, 83, 21, 78, 33, 73, 28, 85, 23, 80)(35, 92, 47, 
87, 42, 99, 37, 94, 49, 89, 44, 101, 39, 96, 51, 91, 46, 86, 41, 98, 36, 93, 48, 88, 43, 100, 38, 95, 50, 90, 45, 102, 40, 97),  (1, 63, 6, 
68, 11, 56, 16, 61, 4, 66, 9, 54, 14, 59, 2, 64, 7, 52, 12, 57, 17, 62, 5, 67, 10, 55, 15, 60, 3, 65, 8, 53, 13, 58)(18, 97, 23, 102, 28, 90, 
33, 95, 21, 100, 26, 88, 31, 93, 19, 98, 24, 86, 29, 91, 34, 96, 22, 101, 27, 89, 32, 94, 20, 99, 25, 87, 30, 92)(35, 80, 40, 85, 45, 73, 50, 
78, 38, 83, 43, 71, 48, 76, 36, 81, 41, 69, 46, 74, 51, 79, 39, 84, 44, 72, 49, 77, 37, 82, 42, 70, 47, 75),  ], [  (1, 69, 35, 52, 18, 86)(2,
70, 36, 53, 19, 87)(3, 71, 37, 54, 20, 88)(4, 72, 38, 55, 21, 89)(5, 73, 39, 56, 22, 90)(6, 74, 40, 57, 23, 91)(7, 75, 41, 58, 24, 92)(8, 76, 
42, 59, 25, 93)(9, 77, 43, 60, 26, 94)(10, 78, 44, 61, 27, 95)(11, 79, 45, 62, 28, 96)(12, 80, 46, 63, 29, 97)(13, 81, 47, 64, 30, 98)(14, 82,
48, 65, 31, 99)(15, 83, 49, 66, 32, 100)(16, 84, 50, 67, 33, 101)(17, 85, 51, 68, 34, 102),  (1, 69)(2, 70)(3, 71)(4, 72)(5, 73)(6, 74)(7, 
75)(8, 76)(9, 77)(10, 78)(11, 79)(12, 80)(13, 81)(14, 82)(15, 83)(16, 84)(17, 85)(18, 52)(19, 53)(20, 54)(21, 55)(22, 56)(23, 57)(24, 58)(25, 
59)(26, 60)(27, 61)(28, 62)(29, 63)(30, 64)(31, 65)(32, 66)(33, 67)(34, 68)(35, 86)(36, 87)(37, 88)(38, 89)(39, 90)(40, 91)(41, 92)(42, 
93)(43, 94)(44, 95)(45, 96)(46, 97)(47, 98)(48, 99)(49, 100)(50, 101)(51, 102),  ], [  (1, 63, 6, 68, 11, 56, 16, 61, 4, 66, 9, 54, 14, 59, 2,
64, 7, 52, 12, 57, 17, 62, 5, 67, 10, 55, 15, 60, 3, 65, 8, 53, 13, 58)(18, 80, 23, 85, 28, 73, 33, 78, 21, 83, 26, 71, 31, 76, 19, 81, 24, 
69, 29, 74, 34, 79, 22, 84, 27, 72, 32, 77, 20, 82, 25, 70, 30, 75)(35, 97, 40, 102, 45, 90, 50, 95, 38, 100, 43, 88, 48, 93, 36, 98, 41, 86, 
46, 91, 51, 96, 39, 101, 44, 89, 49, 94, 37, 99, 42, 87, 47, 92),  (1, 58, 13, 53, 8, 65, 3, 60, 15, 55, 10, 67, 5, 62, 17, 57, 12, 52, 7, 64,
2, 59, 14, 54, 9, 66, 4, 61, 16, 56, 11, 68, 6, 63)(18, 92, 30, 87, 25, 99, 20, 94, 32, 89, 27, 101, 22, 96, 34, 91, 29, 86, 24, 98, 19, 93, 
31, 88, 26, 100, 21, 95, 33, 90, 28, 102, 23, 97)(35, 75, 47, 70, 42, 82, 37, 77, 49, 72, 44, 84, 39, 79, 51, 74, 46, 69, 41, 81, 36, 76, 48, 
71, 43, 83, 38, 78, 50, 73, 45, 85, 40, 80),  ], [  (1, 24, 47, 2, 25, 48, 3, 26, 49, 4, 27, 50, 5, 28, 51, 6, 29, 35, 7, 30, 36, 8, 31, 37, 
9, 32, 38, 10, 33, 39, 11, 34, 40, 12, 18, 41, 13, 19, 42, 14, 20, 43, 15, 21, 44, 16, 22, 45, 17, 23, 46)(52, 75, 98, 53, 76, 99, 54, 77, 
100, 55, 78, 101, 56, 79, 102, 57, 80, 86, 58, 81, 87, 59, 82, 88, 60, 83, 89, 61, 84, 90, 62, 85, 91, 63, 69, 92, 64, 70, 93, 65, 71, 94, 66,
72, 95, 67, 73, 96, 68, 74, 97),  (1, 46, 23, 17, 45, 22, 16, 44, 21, 15, 43, 20, 14, 42, 19, 13, 41, 18, 12, 40, 34, 11, 39, 33, 10, 38, 32, 
9, 37, 31, 8, 36, 30, 7, 35, 29, 6, 51, 28, 5, 50, 27, 4, 49, 26, 3, 48, 25, 2, 47, 24)(52, 97, 74, 68, 96, 73, 67, 95, 72, 66, 94, 71, 65, 
93, 70, 64, 92, 69, 63, 91, 85, 62, 90, 84, 61, 89, 83, 60, 88, 82, 59, 87, 81, 58, 86, 80, 57, 102, 79, 56, 101, 78, 55, 100, 77, 54, 99, 76,
53, 98, 75),  ], [  (1, 29, 40, 17, 28, 39, 16, 27, 38, 15, 26, 37, 14, 25, 36, 13, 24, 35, 12, 23, 51, 11, 22, 50, 10, 21, 49, 9, 20, 48, 8, 
19, 47, 7, 18, 46, 6, 34, 45, 5, 33, 44, 4, 32, 43, 3, 31, 42, 2, 30, 41)(52, 80, 91, 68, 79, 90, 67, 78, 89, 66, 77, 88, 65, 76, 87, 64, 75, 
86, 63, 74, 102, 62, 73, 101, 61, 72, 100, 60, 71, 99, 59, 70, 98, 58, 69, 97, 57, 85, 96, 56, 84, 95, 55, 83, 94, 54, 82, 93, 53, 81, 92),  
(1, 41, 30, 2, 42, 31, 3, 43, 32, 4, 44, 33, 5, 45, 34, 6, 46, 18, 7, 47, 19, 8, 48, 20, 9, 49, 21, 10, 50, 22, 11, 51, 23, 12, 35, 24, 13, 
36, 25, 14, 37, 26, 15, 38, 27, 16, 39, 28, 17, 40, 29)(52, 92, 81, 53, 93, 82, 54, 94, 83, 55, 95, 84, 56, 96, 85, 57, 97, 69, 58, 98, 70, 
59, 99, 71, 60, 100, 72, 61, 101, 73, 62, 102, 74, 63, 86, 75, 64, 87, 76, 65, 88, 77, 66, 89, 78, 67, 90, 79, 68, 91, 80),  ], [  (1, 13, 8, 
3, 15, 10, 5, 17, 12, 7, 2, 14, 9, 4, 16, 11, 6)(18, 30, 25, 20, 32, 27, 22, 34, 29, 24, 19, 31, 26, 21, 33, 28, 23)(35, 47, 42, 37, 49, 44, 
39, 51, 46, 41, 36, 48, 43, 38, 50, 45, 40)(52, 64, 59, 54, 66, 61, 56, 68, 63, 58, 53, 65, 60, 55, 67, 62, 57)(69, 81, 76, 71, 83, 78, 73, 
85, 80, 75, 70, 82, 77, 72, 84, 79, 74)(86, 98, 93, 88, 100, 95, 90, 102, 97, 92, 87, 99, 94, 89, 101, 96, 91),  (1, 6, 11, 16, 4, 9, 14, 2, 
7, 12, 17, 5, 10, 15, 3, 8, 13)(18, 23, 28, 33, 21, 26, 31, 19, 24, 29, 34, 22, 27, 32, 20, 25, 30)(35, 40, 45, 50, 38, 43, 48, 36, 41, 46, 
51, 39, 44, 49, 37, 42, 47)(52, 57, 62, 67, 55, 60, 65, 53, 58, 63, 68, 56, 61, 66, 54, 59, 64)(69, 74, 79, 84, 72, 77, 82, 70, 75, 80, 85, 
73, 78, 83, 71, 76, 81)(86, 91, 96, 101, 89, 94, 99, 87, 92, 97, 102, 90, 95, 100, 88, 93, 98),  ], [  (1, 41, 30, 2, 42, 31, 3, 43, 32, 4, 
44, 33, 5, 45, 34, 6, 46, 18, 7, 47, 19, 8, 48, 20, 9, 49, 21, 10, 50, 22, 11, 51, 23, 12, 35, 24, 13, 36, 25, 14, 37, 26, 15, 38, 27, 16, 39,
28, 17, 40, 29)(52, 92, 81, 53, 93, 82, 54, 94, 83, 55, 95, 84, 56, 96, 85, 57, 97, 69, 58, 98, 70, 59, 99, 71, 60, 100, 72, 61, 101, 73, 62, 
102, 74, 63, 86, 75, 64, 87, 76, 65, 88, 77, 66, 89, 78, 67, 90, 79, 68, 91, 80),  (1, 29, 40, 17, 28, 39, 16, 27, 38, 15, 26, 37, 14, 25, 36,
13, 24, 35, 12, 23, 51, 11, 22, 50, 10, 21, 49, 9, 20, 48, 8, 19, 47, 7, 18, 46, 6, 34, 45, 5, 33, 44, 4, 32, 43, 3, 31, 42, 2, 30, 41)(52, 
80, 91, 68, 79, 90, 67, 78, 89, 66, 77, 88, 65, 76, 87, 64, 75, 86, 63, 74, 102, 62, 73, 101, 61, 72, 100, 60, 71, 99, 59, 70, 98, 58, 69, 97,
57, 85, 96, 56, 84, 95, 55, 83, 94, 54, 82, 93, 53, 81, 92),  ], [  (1, 46, 23, 17, 45, 22, 16, 44, 21, 15, 43, 20, 14, 42, 19, 13, 41, 18, 
12, 40, 34, 11, 39, 33, 10, 38, 32, 9, 37, 31, 8, 36, 30, 7, 35, 29, 6, 51, 28, 5, 50, 27, 4, 49, 26, 3, 48, 25, 2, 47, 24)(52, 97, 74, 68, 
96, 73, 67, 95, 72, 66, 94, 71, 65, 93, 70, 64, 92, 69, 63, 91, 85, 62, 90, 84, 61, 89, 83, 60, 88, 82, 59, 87, 81, 58, 86, 80, 57, 102, 79, 
56, 101, 78, 55, 100, 77, 54, 99, 76, 53, 98, 75),  (1, 24, 47, 2, 25, 48, 3, 26, 49, 4, 27, 50, 5, 28, 51, 6, 29, 35, 7, 30, 36, 8, 31, 37, 
9, 32, 38, 10, 33, 39, 11, 34, 40, 12, 18, 41, 13, 19, 42, 14, 20, 43, 15, 21, 44, 16, 22, 45, 17, 23, 46)(52, 75, 98, 53, 76, 99, 54, 77, 
100, 55, 78, 101, 56, 79, 102, 57, 80, 86, 58, 81, 87, 59, 82, 88, 60, 83, 89, 61, 84, 90, 62, 85, 91, 63, 69, 92, 64, 70, 93, 65, 71, 94, 66,
72, 95, 67, 73, 96, 68, 74, 97),  ], [  (1, 6, 11, 16, 4, 9, 14, 2, 7, 12, 17, 5, 10, 15, 3, 8, 13)(18, 23, 28, 33, 21, 26, 31, 19, 24, 29, 
34, 22, 27, 32, 20, 25, 30)(35, 40, 45, 50, 38, 43, 48, 36, 41, 46, 51, 39, 44, 49, 37, 42, 47)(52, 57, 62, 67, 55, 60, 65, 53, 58, 63, 68, 
56, 61, 66, 54, 59, 64)(69, 74, 79, 84, 72, 77, 82, 70, 75, 80, 85, 73, 78, 83, 71, 76, 81)(86, 91, 96, 101, 89, 94, 99, 87, 92, 97, 102, 90, 
95, 100, 88, 93, 98),  (1, 13, 8, 3, 15, 10, 5, 17, 12, 7, 2, 14, 9, 4, 16, 11, 6)(18, 30, 25, 20, 32, 27, 22, 34, 29, 24, 19, 31, 26, 21, 33,
28, 23)(35, 47, 42, 37, 49, 44, 39, 51, 46, 41, 36, 48, 43, 38, 50, 45, 40)(52, 64, 59, 54, 66, 61, 56, 68, 63, 58, 53, 65, 60, 55, 67, 62, 
57)(69, 81, 76, 71, 83, 78, 73, 85, 80, 75, 70, 82, 77, 72, 84, 79, 74)(86, 98, 93, 88, 100, 95, 90, 102, 97, 92, 87, 99, 94, 89, 101, 96, 
91),  ], [  (1, 92, 30, 53, 42, 82, 3, 94, 32, 55, 44, 84, 5, 96, 34, 57, 46, 69, 7, 98, 19, 59, 48, 71, 9, 100, 21, 61, 50, 73, 11, 102, 23, 
63, 35, 75, 13, 87, 25, 65, 37, 77, 15, 89, 27, 67, 39, 79, 17, 91, 29, 52, 41, 81, 2, 93, 31, 54, 43, 83, 4, 95, 33, 56, 45, 85, 6, 97, 18, 
58, 47, 70, 8, 99, 20, 60, 49, 72, 10, 101, 22, 62, 51, 74, 12, 86, 24, 64, 36, 76, 14, 88, 26, 66, 38, 78, 16, 90, 28, 68, 40, 80),  (1, 97, 
6, 102, 11, 90, 16, 95, 4, 100, 9, 88, 14, 93, 2, 98, 7, 86, 12, 91, 17, 96, 5, 101, 10, 89, 15, 94, 3, 99, 8, 87, 13, 92)(18, 80, 23, 85, 28,
73, 33, 78, 21, 83, 26, 71, 31, 76, 19, 81, 24, 69, 29, 74, 34, 79, 22, 84, 27, 72, 32, 77, 20, 82, 25, 70, 30, 75)(35, 63, 40, 68, 45, 56, 
50, 61, 38, 66, 43, 54, 48, 59, 36, 64, 41, 52, 46, 57, 51, 62, 39, 67, 44, 55, 49, 60, 37, 65, 42, 53, 47, 58),  ], [  (1, 97, 23, 68, 45, 
73, 16, 95, 21, 66, 43, 71, 14, 93, 19, 64, 41, 69, 12, 91, 34, 62, 39, 84, 10, 89, 32, 60, 37, 82, 8, 87, 30, 58, 35, 80, 6, 102, 28, 56, 50,
78, 4, 100, 26, 54, 48, 76, 2, 98, 24, 52, 46, 74, 17, 96, 22, 67, 44, 72, 15, 94, 20, 65, 42, 70, 13, 92, 18, 63, 40, 85, 11, 90, 33, 61, 38,
83, 9, 88, 31, 59, 36, 81, 7, 86, 29, 57, 51, 79, 5, 101, 27, 55, 49, 77, 3, 99, 25, 53, 47, 75),  (1, 92, 13, 87, 8, 99, 3, 94, 15, 89, 10, 
101, 5, 96, 17, 91, 12, 86, 7, 98, 2, 93, 14, 88, 9, 100, 4, 95, 16, 90, 11, 102, 6, 97)(18, 75, 30, 70, 25, 82, 20, 77, 32, 72, 27, 84, 22, 
79, 34, 74, 29, 69, 24, 81, 19, 76, 31, 71, 26, 83, 21, 78, 33, 73, 28, 85, 23, 80)(35, 58, 47, 53, 42, 65, 37, 60, 49, 55, 44, 67, 39, 62, 
51, 57, 46, 52, 41, 64, 36, 59, 48, 54, 43, 66, 38, 61, 50, 56, 45, 68, 40, 63),  ], [  (1, 64, 8, 54, 15, 61, 5, 68, 12, 58, 2, 65, 9, 55, 
16, 62, 6, 52, 13, 59, 3, 66, 10, 56, 17, 63, 7, 53, 14, 60, 4, 67, 11, 57)(18, 81, 25, 71, 32, 78, 22, 85, 29, 75, 19, 82, 26, 72, 33, 79, 
23, 69, 30, 76, 20, 83, 27, 73, 34, 80, 24, 70, 31, 77, 21, 84, 28, 74)(35, 98, 42, 88, 49, 95, 39, 102, 46, 92, 36, 99, 43, 89, 50, 96, 40, 
86, 47, 93, 37, 100, 44, 90, 51, 97, 41, 87, 48, 94, 38, 101, 45, 91),  (1, 57, 11, 67, 4, 60, 14, 53, 7, 63, 17, 56, 10, 66, 3, 59, 13, 52, 
6, 62, 16, 55, 9, 65, 2, 58, 12, 68, 5, 61, 15, 54, 8, 64)(18, 91, 28, 101, 21, 94, 31, 87, 24, 97, 34, 90, 27, 100, 20, 93, 30, 86, 23, 96, 
33, 89, 26, 99, 19, 92, 29, 102, 22, 95, 32, 88, 25, 98)(35, 74, 45, 84, 38, 77, 48, 70, 41, 80, 51, 73, 44, 83, 37, 76, 47, 69, 40, 79, 50, 
72, 43, 82, 36, 75, 46, 85, 39, 78, 49, 71, 42, 81),  ], [  (1, 75, 47, 53, 25, 99, 3, 77, 49, 55, 27, 101, 5, 79, 51, 57, 29, 86, 7, 81, 36, 
59, 31, 88, 9, 83, 38, 61, 33, 90, 11, 85, 40, 63, 18, 92, 13, 70, 42, 65, 20, 94, 15, 72, 44, 67, 22, 96, 17, 74, 46, 52, 24, 98, 2, 76, 48, 
54, 26, 100, 4, 78, 50, 56, 28, 102, 6, 80, 35, 58, 30, 87, 8, 82, 37, 60, 32, 89, 10, 84, 39, 62, 34, 91, 12, 69, 41, 64, 19, 93, 14, 71, 43,
66, 21, 95, 16, 73, 45, 68, 23, 97),  (1, 80, 6, 85, 11, 73, 16, 78, 4, 83, 9, 71, 14, 76, 2, 81, 7, 69, 12, 74, 17, 79, 5, 84, 10, 72, 15, 
77, 3, 82, 8, 70, 13, 75)(18, 63, 23, 68, 28, 56, 33, 61, 21, 66, 26, 54, 31, 59, 19, 64, 24, 52, 29, 57, 34, 62, 22, 67, 27, 55, 32, 60, 20, 
65, 25, 53, 30, 58)(35, 97, 40, 102, 45, 90, 50, 95, 38, 100, 43, 88, 48, 93, 36, 98, 41, 86, 46, 91, 51, 96, 39, 101, 44, 89, 49, 94, 37, 99,
42, 87, 47, 92),  ], [  (1, 80, 40, 68, 28, 90, 16, 78, 38, 66, 26, 88, 14, 76, 36, 64, 24, 86, 12, 74, 51, 62, 22, 101, 10, 72, 49, 60, 20, 
99, 8, 70, 47, 58, 18, 97, 6, 85, 45, 56, 33, 95, 4, 83, 43, 54, 31, 93, 2, 81, 41, 52, 29, 91, 17, 79, 39, 67, 27, 89, 15, 77, 37, 65, 25, 
87, 13, 75, 35, 63, 23, 102, 11, 73, 50, 61, 21, 100, 9, 71, 48, 59, 19, 98, 7, 69, 46, 57, 34, 96, 5, 84, 44, 55, 32, 94, 3, 82, 42, 53, 30, 
92),  (1, 75, 13, 70, 8, 82, 3, 77, 15, 72, 10, 84, 5, 79, 17, 74, 12, 69, 7, 81, 2, 76, 14, 71, 9, 83, 4, 78, 16, 73, 11, 85, 6, 80)(18, 58, 
30, 53, 25, 65, 20, 60, 32, 55, 27, 67, 22, 62, 34, 57, 29, 52, 24, 64, 19, 59, 31, 54, 26, 66, 21, 61, 33, 56, 28, 68, 23, 63)(35, 92, 47, 
87, 42, 99, 37, 94, 49, 89, 44, 101, 39, 96, 51, 91, 46, 86, 41, 98, 36, 93, 48, 88, 43, 100, 38, 95, 50, 90, 45, 102, 40, 97),  ], [  (1, 57,
11, 67, 4, 60, 14, 53, 7, 63, 17, 56, 10, 66, 3, 59, 13, 52, 6, 62, 16, 55, 9, 65, 2, 58, 12, 68, 5, 61, 15, 54, 8, 64)(18, 74, 28, 84, 21, 
77, 31, 70, 24, 80, 34, 73, 27, 83, 20, 76, 30, 69, 23, 79, 33, 72, 26, 82, 19, 75, 29, 85, 22, 78, 32, 71, 25, 81)(35, 91, 45, 101, 38, 94, 
48, 87, 41, 97, 51, 90, 44, 100, 37, 93, 47, 86, 40, 96, 50, 89, 43, 99, 36, 92, 46, 102, 39, 95, 49, 88, 42, 98),  (1, 64, 8, 54, 15, 61, 5, 
68, 12, 58, 2, 65, 9, 55, 16, 62, 6, 52, 13, 59, 3, 66, 10, 56, 17, 63, 7, 53, 14, 60, 4, 67, 11, 57)(18, 98, 25, 88, 32, 95, 22, 102, 29, 92,
19, 99, 26, 89, 33, 96, 23, 86, 30, 93, 20, 100, 27, 90, 34, 97, 24, 87, 31, 94, 21, 101, 28, 91)(35, 81, 42, 71, 49, 78, 39, 85, 46, 75, 36, 
82, 43, 72, 50, 79, 40, 69, 47, 76, 37, 83, 44, 73, 51, 80, 41, 70, 48, 77, 38, 84, 45, 74),  ], [  (1, 30, 42, 3, 32, 44, 5, 34, 46, 7, 19, 
48, 9, 21, 50, 11, 23, 35, 13, 25, 37, 15, 27, 39, 17, 29, 41, 2, 31, 43, 4, 33, 45, 6, 18, 47, 8, 20, 49, 10, 22, 51, 12, 24, 36, 14, 26, 38,
16, 28, 40)(52, 81, 93, 54, 83, 95, 56, 85, 97, 58, 70, 99, 60, 72, 101, 62, 74, 86, 64, 76, 88, 66, 78, 90, 68, 80, 92, 53, 82, 94, 55, 84, 
96, 57, 69, 98, 59, 71, 100, 61, 73, 102, 63, 75, 87, 65, 77, 89, 67, 79, 91),  (1, 40, 28, 16, 38, 26, 14, 36, 24, 12, 51, 22, 10, 49, 20, 8,
47, 18, 6, 45, 33, 4, 43, 31, 2, 41, 29, 17, 39, 27, 15, 37, 25, 13, 35, 23, 11, 50, 21, 9, 48, 19, 7, 46, 34, 5, 44, 32, 3, 42, 30)(52, 91, 
79, 67, 89, 77, 65, 87, 75, 63, 102, 73, 61, 100, 71, 59, 98, 69, 57, 96, 84, 55, 94, 82, 53, 92, 80, 68, 90, 78, 66, 88, 76, 64, 86, 74, 62, 
101, 72, 60, 99, 70, 58, 97, 85, 56, 95, 83, 54, 93, 81),  ], [  (1, 23, 45, 16, 21, 43, 14, 19, 41, 12, 34, 39, 10, 32, 37, 8, 30, 35, 6, 28,
50, 4, 26, 48, 2, 24, 46, 17, 22, 44, 15, 20, 42, 13, 18, 40, 11, 33, 38, 9, 31, 36, 7, 29, 51, 5, 27, 49, 3, 25, 47)(52, 74, 96, 67, 72, 94, 
65, 70, 92, 63, 85, 90, 61, 83, 88, 59, 81, 86, 57, 79, 101, 55, 77, 99, 53, 75, 97, 68, 73, 95, 66, 71, 93, 64, 69, 91, 62, 84, 89, 60, 82, 
87, 58, 80, 102, 56, 78, 100, 54, 76, 98),  (1, 47, 25, 3, 49, 27, 5, 51, 29, 7, 36, 31, 9, 38, 33, 11, 40, 18, 13, 42, 20, 15, 44, 22, 17, 
46, 24, 2, 48, 26, 4, 50, 28, 6, 35, 30, 8, 37, 32, 10, 39, 34, 12, 41, 19, 14, 43, 21, 16, 45, 23)(52, 98, 76, 54, 100, 78, 56, 102, 80, 58, 
87, 82, 60, 89, 84, 62, 91, 69, 64, 93, 71, 66, 95, 73, 68, 97, 75, 53, 99, 77, 55, 101, 79, 57, 86, 81, 59, 88, 83, 61, 90, 85, 63, 92, 70, 
65, 94, 72, 67, 96, 74),  ], [  (1, 2, 3, 4, 5, 6, 7, 8, 9, 10, 11, 12, 13, 14, 15, 16, 17)(18, 19, 20, 21, 22, 23, 24, 25, 26, 27, 28, 29, 
30, 31, 32, 33, 34)(35, 36, 37, 38, 39, 40, 41, 42, 43, 44, 45, 46, 47, 48, 49, 50, 51)(52, 53, 54, 55, 56, 57, 58, 59, 60, 61, 62, 63, 64, 
65, 66, 67, 68)(69, 70, 71, 72, 73, 74, 75, 76, 77, 78, 79, 80, 81, 82, 83, 84, 85)(86, 87, 88, 89, 90, 91, 92, 93, 94, 95, 96, 97, 98, 99, 
100, 101, 102),  (1, 17, 16, 15, 14, 13, 12, 11, 10, 9, 8, 7, 6, 5, 4, 3, 2)(18, 34, 33, 32, 31, 30, 29, 28, 27, 26, 25, 24, 23, 22, 21, 20, 
19)(35, 51, 50, 49, 48, 47, 46, 45, 44, 43, 42, 41, 40, 39, 38, 37, 36)(52, 68, 67, 66, 65, 64, 63, 62, 61, 60, 59, 58, 57, 56, 55, 54, 
53)(69, 85, 84, 83, 82, 81, 80, 79, 78, 77, 76, 75, 74, 73, 72, 71, 70)(86, 102, 101, 100, 99, 98, 97, 96, 95, 94, 93, 92, 91, 90, 89, 88, 
87),  ], [  (1, 47, 25, 3, 49, 27, 5, 51, 29, 7, 36, 31, 9, 38, 33, 11, 40, 18, 13, 42, 20, 15, 44, 22, 17, 46, 24, 2, 48, 26, 4, 50, 28, 6, 
35, 30, 8, 37, 32, 10, 39, 34, 12, 41, 19, 14, 43, 21, 16, 45, 23)(52, 98, 76, 54, 100, 78, 56, 102, 80, 58, 87, 82, 60, 89, 84, 62, 91, 69, 
64, 93, 71, 66, 95, 73, 68, 97, 75, 53, 99, 77, 55, 101, 79, 57, 86, 81, 59, 88, 83, 61, 90, 85, 63, 92, 70, 65, 94, 72, 67, 96, 74),  (1, 23,
45, 16, 21, 43, 14, 19, 41, 12, 34, 39, 10, 32, 37, 8, 30, 35, 6, 28, 50, 4, 26, 48, 2, 24, 46, 17, 22, 44, 15, 20, 42, 13, 18, 40, 11, 33, 
38, 9, 31, 36, 7, 29, 51, 5, 27, 49, 3, 25, 47)(52, 74, 96, 67, 72, 94, 65, 70, 92, 63, 85, 90, 61, 83, 88, 59, 81, 86, 57, 79, 101, 55, 77, 
99, 53, 75, 97, 68, 73, 95, 66, 71, 93, 64, 69, 91, 62, 84, 89, 60, 82, 87, 58, 80, 102, 56, 78, 100, 54, 76, 98),  ], [  (1, 40, 28, 16, 38, 
26, 14, 36, 24, 12, 51, 22, 10, 49, 20, 8, 47, 18, 6, 45, 33, 4, 43, 31, 2, 41, 29, 17, 39, 27, 15, 37, 25, 13, 35, 23, 11, 50, 21, 9, 48, 19,
7, 46, 34, 5, 44, 32, 3, 42, 30)(52, 91, 79, 67, 89, 77, 65, 87, 75, 63, 102, 73, 61, 100, 71, 59, 98, 69, 57, 96, 84, 55, 94, 82, 53, 92, 80,
68, 90, 78, 66, 88, 76, 64, 86, 74, 62, 101, 72, 60, 99, 70, 58, 97, 85, 56, 95, 83, 54, 93, 81),  (1, 30, 42, 3, 32, 44, 5, 34, 46, 7, 19, 
48, 9, 21, 50, 11, 23, 35, 13, 25, 37, 15, 27, 39, 17, 29, 41, 2, 31, 43, 4, 33, 45, 6, 18, 47, 8, 20, 49, 10, 22, 51, 12, 24, 36, 14, 26, 38,
16, 28, 40)(52, 81, 93, 54, 83, 95, 56, 85, 97, 58, 70, 99, 60, 72, 101, 62, 74, 86, 64, 76, 88, 66, 78, 90, 68, 80, 92, 53, 82, 94, 55, 84, 
96, 57, 69, 98, 59, 71, 100, 61, 73, 102, 63, 75, 87, 65, 77, 89, 67, 79, 91),  ], [  (1, 17, 16, 15, 14, 13, 12, 11, 10, 9, 8, 7, 6, 5, 4, 3,
2)(18, 34, 33, 32, 31, 30, 29, 28, 27, 26, 25, 24, 23, 22, 21, 20, 19)(35, 51, 50, 49, 48, 47, 46, 45, 44, 43, 42, 41, 40, 39, 38, 37, 36)(52,
68, 67, 66, 65, 64, 63, 62, 61, 60, 59, 58, 57, 56, 55, 54, 53)(69, 85, 84, 83, 82, 81, 80, 79, 78, 77, 76, 75, 74, 73, 72, 71, 70)(86, 102, 
101, 100, 99, 98, 97, 96, 95, 94, 93, 92, 91, 90, 89, 88, 87),  (1, 2, 3, 4, 5, 6, 7, 8, 9, 10, 11, 12, 13, 14, 15, 16, 17)(18, 19, 20, 21, 
22, 23, 24, 25, 26, 27, 28, 29, 30, 31, 32, 33, 34)(35, 36, 37, 38, 39, 40, 41, 42, 43, 44, 45, 46, 47, 48, 49, 50, 51)(52, 53, 54, 55, 56, 
57, 58, 59, 60, 61, 62, 63, 64, 65, 66, 67, 68)(69, 70, 71, 72, 73, 74, 75, 76, 77, 78, 79, 80, 81, 82, 83, 84, 85)(86, 87, 88, 89, 90, 91, 
92, 93, 94, 95, 96, 97, 98, 99, 100, 101, 102),  ], [  (1, 98, 25, 54, 49, 78, 5, 102, 29, 58, 36, 82, 9, 89, 33, 62, 40, 69, 13, 93, 20, 66, 
44, 73, 17, 97, 24, 53, 48, 77, 4, 101, 28, 57, 35, 81, 8, 88, 32, 61, 39, 85, 12, 92, 19, 65, 43, 72, 16, 96, 23, 52, 47, 76, 3, 100, 27, 56,
51, 80, 7, 87, 31, 60, 38, 84, 11, 91, 18, 64, 42, 71, 15, 95, 22, 68, 46, 75, 2, 99, 26, 55, 50, 79, 6, 86, 30, 59, 37, 83, 10, 90, 34, 63, 
41, 70, 14, 94, 21, 67, 45, 74),  (1, 91, 11, 101, 4, 94, 14, 87, 7, 97, 17, 90, 10, 100, 3, 93, 13, 86, 6, 96, 16, 89, 9, 99, 2, 92, 12, 102,
5, 95, 15, 88, 8, 98)(18, 74, 28, 84, 21, 77, 31, 70, 24, 80, 34, 73, 27, 83, 20, 76, 30, 69, 23, 79, 33, 72, 26, 82, 19, 75, 29, 85, 22, 78, 
32, 71, 25, 81)(35, 57, 45, 67, 38, 60, 48, 53, 41, 63, 51, 56, 44, 66, 37, 59, 47, 52, 40, 62, 50, 55, 43, 65, 36, 58, 46, 68, 39, 61, 49, 
54, 42, 64),  ], [  (1, 91, 28, 67, 38, 77, 14, 87, 24, 63, 51, 73, 10, 100, 20, 59, 47, 69, 6, 96, 33, 55, 43, 82, 2, 92, 29, 68, 39, 78, 15,
88, 25, 64, 35, 74, 11, 101, 21, 60, 48, 70, 7, 97, 34, 56, 44, 83, 3, 93, 30, 52, 40, 79, 16, 89, 26, 65, 36, 75, 12, 102, 22, 61, 49, 71, 8,
98, 18, 57, 45, 84, 4, 94, 31, 53, 41, 80, 17, 90, 27, 66, 37, 76, 13, 86, 23, 62, 50, 72, 9, 99, 19, 58, 46, 85, 5, 95, 32, 54, 42, 81),  (1,
98, 8, 88, 15, 95, 5, 102, 12, 92, 2, 99, 9, 89, 16, 96, 6, 86, 13, 93, 3, 100, 10, 90, 17, 97, 7, 87, 14, 94, 4, 101, 11, 91)(18, 81, 25, 71,
32, 78, 22, 85, 29, 75, 19, 82, 26, 72, 33, 79, 23, 69, 30, 76, 20, 83, 27, 73, 34, 80, 24, 70, 31, 77, 21, 84, 28, 74)(35, 64, 42, 54, 49, 
61, 39, 68, 46, 58, 36, 65, 43, 55, 50, 62, 40, 52, 47, 59, 37, 66, 44, 56, 51, 63, 41, 53, 48, 60, 38, 67, 45, 57),  ], [  (1, 53, 3, 55, 5, 
57, 7, 59, 9, 61, 11, 63, 13, 65, 15, 67, 17, 52, 2, 54, 4, 56, 6, 58, 8, 60, 10, 62, 12, 64, 14, 66, 16, 68)(18, 70, 20, 72, 22, 74, 24, 76, 
26, 78, 28, 80, 30, 82, 32, 84, 34, 69, 19, 71, 21, 73, 23, 75, 25, 77, 27, 79, 29, 81, 31, 83, 33, 85)(35, 87, 37, 89, 39, 91, 41, 93, 43, 
95, 45, 97, 47, 99, 49, 101, 51, 86, 36, 88, 38, 90, 40, 92, 42, 94, 44, 96, 46, 98, 48, 100, 50, 102),  (1, 68, 16, 66, 14, 64, 12, 62, 10, 
60, 8, 58, 6, 56, 4, 54, 2, 52, 17, 67, 15, 65, 13, 63, 11, 61, 9, 59, 7, 57, 5, 55, 3, 53)(18, 102, 33, 100, 31, 98, 29, 96, 27, 94, 25, 92, 
23, 90, 21, 88, 19, 86, 34, 101, 32, 99, 30, 97, 28, 95, 26, 93, 24, 91, 22, 89, 20, 87)(35, 85, 50, 83, 48, 81, 46, 79, 44, 77, 42, 75, 40, 
73, 38, 71, 36, 69, 51, 84, 49, 82, 47, 80, 45, 78, 43, 76, 41, 74, 39, 72, 37, 70),  ], [  (1, 81, 42, 54, 32, 95, 5, 85, 46, 58, 19, 99, 9, 
72, 50, 62, 23, 86, 13, 76, 37, 66, 27, 90, 17, 80, 41, 53, 31, 94, 4, 84, 45, 57, 18, 98, 8, 71, 49, 61, 22, 102, 12, 75, 36, 65, 26, 89, 16,
79, 40, 52, 30, 93, 3, 83, 44, 56, 34, 97, 7, 70, 48, 60, 21, 101, 11, 74, 35, 64, 25, 88, 15, 78, 39, 68, 29, 92, 2, 82, 43, 55, 33, 96, 6, 
69, 47, 59, 20, 100, 10, 73, 51, 63, 24, 87, 14, 77, 38, 67, 28, 91),  (1, 74, 11, 84, 4, 77, 14, 70, 7, 80, 17, 73, 10, 83, 3, 76, 13, 69, 6,
79, 16, 72, 9, 82, 2, 75, 12, 85, 5, 78, 15, 71, 8, 81)(18, 57, 28, 67, 21, 60, 31, 53, 24, 63, 34, 56, 27, 66, 20, 59, 30, 52, 23, 62, 33, 
55, 26, 65, 19, 58, 29, 68, 22, 61, 32, 54, 25, 64)(35, 91, 45, 101, 38, 94, 48, 87, 41, 97, 51, 90, 44, 100, 37, 93, 47, 86, 40, 96, 50, 89, 
43, 99, 36, 92, 46, 102, 39, 95, 49, 88, 42, 98),  ], [  (1, 74, 45, 67, 21, 94, 14, 70, 41, 63, 34, 90, 10, 83, 37, 59, 30, 86, 6, 79, 50, 
55, 26, 99, 2, 75, 46, 68, 22, 95, 15, 71, 42, 64, 18, 91, 11, 84, 38, 60, 31, 87, 7, 80, 51, 56, 27, 100, 3, 76, 47, 52, 23, 96, 16, 72, 43, 
65, 19, 92, 12, 85, 39, 61, 32, 88, 8, 81, 35, 57, 28, 101, 4, 77, 48, 53, 24, 97, 17, 73, 44, 66, 20, 93, 13, 69, 40, 62, 33, 89, 9, 82, 36, 
58, 29, 102, 5, 78, 49, 54, 25, 98),  (1, 81, 8, 71, 15, 78, 5, 85, 12, 75, 2, 82, 9, 72, 16, 79, 6, 69, 13, 76, 3, 83, 10, 73, 17, 80, 7, 70,
14, 77, 4, 84, 11, 74)(18, 64, 25, 54, 32, 61, 22, 68, 29, 58, 19, 65, 26, 55, 33, 62, 23, 52, 30, 59, 20, 66, 27, 56, 34, 63, 24, 53, 31, 60,
21, 67, 28, 57)(35, 98, 42, 88, 49, 95, 39, 102, 46, 92, 36, 99, 43, 89, 50, 96, 40, 86, 47, 93, 37, 100, 44, 90, 51, 97, 41, 87, 48, 94, 38, 
101, 45, 91),  ], [  (1, 68, 16, 66, 14, 64, 12, 62, 10, 60, 8, 58, 6, 56, 4, 54, 2, 52, 17, 67, 15, 65, 13, 63, 11, 61, 9, 59, 7, 57, 5, 55, 
3, 53)(18, 85, 33, 83, 31, 81, 29, 79, 27, 77, 25, 75, 23, 73, 21, 71, 19, 69, 34, 84, 32, 82, 30, 80, 28, 78, 26, 76, 24, 74, 22, 72, 20, 
70)(35, 102, 50, 100, 48, 98, 46, 96, 44, 94, 42, 92, 40, 90, 38, 88, 36, 86, 51, 101, 49, 99, 47, 97, 45, 95, 43, 93, 41, 91, 39, 89, 37, 
87),  (1, 53, 3, 55, 5, 57, 7, 59, 9, 61, 11, 63, 13, 65, 15, 67, 17, 52, 2, 54, 4, 56, 6, 58, 8, 60, 10, 62, 12, 64, 14, 66, 16, 68)(18, 87, 
20, 89, 22, 91, 24, 93, 26, 95, 28, 97, 30, 99, 32, 101, 34, 86, 19, 88, 21, 90, 23, 92, 25, 94, 27, 96, 29, 98, 31, 100, 33, 102)(35, 70, 37,
72, 39, 74, 41, 76, 43, 78, 45, 80, 47, 82, 49, 84, 51, 69, 36, 71, 38, 73, 40, 75, 42, 77, 44, 79, 46, 81, 48, 83, 50, 85),  ], [  (1, 19, 
37, 4, 22, 40, 7, 25, 43, 10, 28, 46, 13, 31, 49, 16, 34, 35, 2, 20, 38, 5, 23, 41, 8, 26, 44, 11, 29, 47, 14, 32, 50, 17, 18, 36, 3, 21, 39, 
6, 24, 42, 9, 27, 45, 12, 30, 48, 15, 33, 51)(52, 70, 88, 55, 73, 91, 58, 76, 94, 61, 79, 97, 64, 82, 100, 67, 85, 86, 53, 71, 89, 56, 74, 92,
59, 77, 95, 62, 80, 98, 65, 83, 101, 68, 69, 87, 54, 72, 90, 57, 75, 93, 60, 78, 96, 63, 81, 99, 66, 84, 102),  (1, 51, 33, 15, 48, 30, 12, 
45, 27, 9, 42, 24, 6, 39, 21, 3, 36, 18, 17, 50, 32, 14, 47, 29, 11, 44, 26, 8, 41, 23, 5, 38, 20, 2, 35, 34, 16, 49, 31, 13, 46, 28, 10, 43, 
25, 7, 40, 22, 4, 37, 19)(52, 102, 84, 66, 99, 81, 63, 96, 78, 60, 93, 75, 57, 90, 72, 54, 87, 69, 68, 101, 83, 65, 98, 80, 62, 95, 77, 59, 
92, 74, 56, 89, 71, 53, 86, 85, 67, 100, 82, 64, 97, 79, 61, 94, 76, 58, 91, 73, 55, 88, 70),  ], [  (1, 34, 50, 15, 31, 47, 12, 28, 44, 9, 
25, 41, 6, 22, 38, 3, 19, 35, 17, 33, 49, 14, 30, 46, 11, 27, 43, 8, 24, 40, 5, 21, 37, 2, 18, 51, 16, 32, 48, 13, 29, 45, 10, 26, 42, 7, 23, 
39, 4, 20, 36)(52, 85, 101, 66, 82, 98, 63, 79, 95, 60, 76, 92, 57, 73, 89, 54, 70, 86, 68, 84, 100, 65, 81, 97, 62, 78, 94, 59, 75, 91, 56, 
72, 88, 53, 69, 102, 67, 83, 99, 64, 80, 96, 61, 77, 93, 58, 74, 90, 55, 71, 87),  (1, 36, 20, 4, 39, 23, 7, 42, 26, 10, 45, 29, 13, 48, 32, 
16, 51, 18, 2, 37, 21, 5, 40, 24, 8, 43, 27, 11, 46, 30, 14, 49, 33, 17, 35, 19, 3, 38, 22, 6, 41, 25, 9, 44, 28, 12, 47, 31, 15, 50, 34)(52, 
87, 71, 55, 90, 74, 58, 93, 77, 61, 96, 80, 64, 99, 83, 67, 102, 69, 53, 88, 72, 56, 91, 75, 59, 94, 78, 62, 97, 81, 65, 100, 84, 68, 86, 70, 
54, 89, 73, 57, 92, 76, 60, 95, 79, 63, 98, 82, 66, 101, 85),  ], [  (1, 8, 15, 5, 12, 2, 9, 16, 6, 13, 3, 10, 17, 7, 14, 4, 11)(18, 25, 32, 
22, 29, 19, 26, 33, 23, 30, 20, 27, 34, 24, 31, 21, 28)(35, 42, 49, 39, 46, 36, 43, 50, 40, 47, 37, 44, 51, 41, 48, 38, 45)(52, 59, 66, 56, 
63, 53, 60, 67, 57, 64, 54, 61, 68, 58, 65, 55, 62)(69, 76, 83, 73, 80, 70, 77, 84, 74, 81, 71, 78, 85, 75, 82, 72, 79)(86, 93, 100, 90, 97, 
87, 94, 101, 91, 98, 88, 95, 102, 92, 99, 89, 96),  (1, 11, 4, 14, 7, 17, 10, 3, 13, 6, 16, 9, 2, 12, 5, 15, 8)(18, 28, 21, 31, 24, 34, 27, 
20, 30, 23, 33, 26, 19, 29, 22, 32, 25)(35, 45, 38, 48, 41, 51, 44, 37, 47, 40, 50, 43, 36, 46, 39, 49, 42)(52, 62, 55, 65, 58, 68, 61, 54, 
64, 57, 67, 60, 53, 63, 56, 66, 59)(69, 79, 72, 82, 75, 85, 78, 71, 81, 74, 84, 77, 70, 80, 73, 83, 76)(86, 96, 89, 99, 92, 102, 95, 88, 98, 
91, 101, 94, 87, 97, 90, 100, 93),  ], [  (1, 36, 20, 4, 39, 23, 7, 42, 26, 10, 45, 29, 13, 48, 32, 16, 51, 18, 2, 37, 21, 5, 40, 24, 8, 43, 
27, 11, 46, 30, 14, 49, 33, 17, 35, 19, 3, 38, 22, 6, 41, 25, 9, 44, 28, 12, 47, 31, 15, 50, 34)(52, 87, 71, 55, 90, 74, 58, 93, 77, 61, 96, 
80, 64, 99, 83, 67, 102, 69, 53, 88, 72, 56, 91, 75, 59, 94, 78, 62, 97, 81, 65, 100, 84, 68, 86, 70, 54, 89, 73, 57, 92, 76, 60, 95, 79, 63, 
98, 82, 66, 101, 85),  (1, 34, 50, 15, 31, 47, 12, 28, 44, 9, 25, 41, 6, 22, 38, 3, 19, 35, 17, 33, 49, 14, 30, 46, 11, 27, 43, 8, 24, 40, 5, 
21, 37, 2, 18, 51, 16, 32, 48, 13, 29, 45, 10, 26, 42, 7, 23, 39, 4, 20, 36)(52, 85, 101, 66, 82, 98, 63, 79, 95, 60, 76, 92, 57, 73, 89, 54, 
70, 86, 68, 84, 100, 65, 81, 97, 62, 78, 94, 59, 75, 91, 56, 72, 88, 53, 69, 102, 67, 83, 99, 64, 80, 96, 61, 77, 93, 58, 74, 90, 55, 71, 87),
], [  (1, 51, 33, 15, 48, 30, 12, 45, 27, 9, 42, 24, 6, 39, 21, 3, 36, 18, 17, 50, 32, 14, 47, 29, 11, 44, 26, 8, 41, 23, 5, 38, 20, 2, 35, 
34, 16, 49, 31, 13, 46, 28, 10, 43, 25, 7, 40, 22, 4, 37, 19)(52, 102, 84, 66, 99, 81, 63, 96, 78, 60, 93, 75, 57, 90, 72, 54, 87, 69, 68, 
101, 83, 65, 98, 80, 62, 95, 77, 59, 92, 74, 56, 89, 71, 53, 86, 85, 67, 100, 82, 64, 97, 79, 61, 94, 76, 58, 91, 73, 55, 88, 70),  (1, 19, 
37, 4, 22, 40, 7, 25, 43, 10, 28, 46, 13, 31, 49, 16, 34, 35, 2, 20, 38, 5, 23, 41, 8, 26, 44, 11, 29, 47, 14, 32, 50, 17, 18, 36, 3, 21, 39, 
6, 24, 42, 9, 27, 45, 12, 30, 48, 15, 33, 51)(52, 70, 88, 55, 73, 91, 58, 76, 94, 61, 79, 97, 64, 82, 100, 67, 85, 86, 53, 71, 89, 56, 74, 92,
59, 77, 95, 62, 80, 98, 65, 83, 101, 68, 69, 87, 54, 72, 90, 57, 75, 93, 60, 78, 96, 63, 81, 99, 66, 84, 102),  ], [  (1, 11, 4, 14, 7, 17, 
10, 3, 13, 6, 16, 9, 2, 12, 5, 15, 8)(18, 28, 21, 31, 24, 34, 27, 20, 30, 23, 33, 26, 19, 29, 22, 32, 25)(35, 45, 38, 48, 41, 51, 44, 37, 47, 
40, 50, 43, 36, 46, 39, 49, 42)(52, 62, 55, 65, 58, 68, 61, 54, 64, 57, 67, 60, 53, 63, 56, 66, 59)(69, 79, 72, 82, 75, 85, 78, 71, 81, 74, 
84, 77, 70, 80, 73, 83, 76)(86, 96, 89, 99, 92, 102, 95, 88, 98, 91, 101, 94, 87, 97, 90, 100, 93),  (1, 8, 15, 5, 12, 2, 9, 16, 6, 13, 3, 10,
17, 7, 14, 4, 11)(18, 25, 32, 22, 29, 19, 26, 33, 23, 30, 20, 27, 34, 24, 31, 21, 28)(35, 42, 49, 39, 46, 36, 43, 50, 40, 47, 37, 44, 51, 41, 
48, 38, 45)(52, 59, 66, 56, 63, 53, 60, 67, 57, 64, 54, 61, 68, 58, 65, 55, 62)(69, 76, 83, 73, 80, 70, 77, 84, 74, 81, 71, 78, 85, 75, 82, 
72, 79)(86, 93, 100, 90, 97, 87, 94, 101, 91, 98, 88, 95, 102, 92, 99, 89, 96),  ], [  (1, 87, 20, 55, 39, 74, 7, 93, 26, 61, 45, 80, 13, 99, 
32, 67, 51, 69, 2, 88, 21, 56, 40, 75, 8, 94, 27, 62, 46, 81, 14, 100, 33, 68, 35, 70, 3, 89, 22, 57, 41, 76, 9, 95, 28, 63, 47, 82, 15, 101, 
34, 52, 36, 71, 4, 90, 23, 58, 42, 77, 10, 96, 29, 64, 48, 83, 16, 102, 18, 53, 37, 72, 5, 91, 24, 59, 43, 78, 11, 97, 30, 65, 49, 84, 17, 86,
19, 54, 38, 73, 6, 92, 25, 60, 44, 79, 12, 98, 31, 66, 50, 85),  (1, 102, 16, 100, 14, 98, 12, 96, 10, 94, 8, 92, 6, 90, 4, 88, 2, 86, 17, 
101, 15, 99, 13, 97, 11, 95, 9, 93, 7, 91, 5, 89, 3, 87)(18, 85, 33, 83, 31, 81, 29, 79, 27, 77, 25, 75, 23, 73, 21, 71, 19, 69, 34, 84, 32, 
82, 30, 80, 28, 78, 26, 76, 24, 74, 22, 72, 20, 70)(35, 68, 50, 66, 48, 64, 46, 62, 44, 60, 42, 58, 40, 56, 38, 54, 36, 52, 51, 67, 49, 65, 
47, 63, 45, 61, 43, 59, 41, 57, 39, 55, 37, 53),  ], [  (1, 102, 33, 66, 48, 81, 12, 96, 27, 60, 42, 75, 6, 90, 21, 54, 36, 69, 17, 101, 32, 
65, 47, 80, 11, 95, 26, 59, 41, 74, 5, 89, 20, 53, 35, 85, 16, 100, 31, 64, 46, 79, 10, 94, 25, 58, 40, 73, 4, 88, 19, 52, 51, 84, 15, 99, 30,
63, 45, 78, 9, 93, 24, 57, 39, 72, 3, 87, 18, 68, 50, 83, 14, 98, 29, 62, 44, 77, 8, 92, 23, 56, 38, 71, 2, 86, 34, 67, 49, 82, 13, 97, 28, 
61, 43, 76, 7, 91, 22, 55, 37, 70),  (1, 87, 3, 89, 5, 91, 7, 93, 9, 95, 11, 97, 13, 99, 15, 101, 17, 86, 2, 88, 4, 90, 6, 92, 8, 94, 10, 96, 
12, 98, 14, 100, 16, 102)(18, 70, 20, 72, 22, 74, 24, 76, 26, 78, 28, 80, 30, 82, 32, 84, 34, 69, 19, 71, 21, 73, 23, 75, 25, 77, 27, 79, 29, 
81, 31, 83, 33, 85)(35, 53, 37, 55, 39, 57, 41, 59, 43, 61, 45, 63, 47, 65, 49, 67, 51, 52, 36, 54, 38, 56, 40, 58, 42, 60, 44, 62, 46, 64, 
48, 66, 50, 68),  ], [  (1, 59, 15, 56, 12, 53, 9, 67, 6, 64, 3, 61, 17, 58, 14, 55, 11, 52, 8, 66, 5, 63, 2, 60, 16, 57, 13, 54, 10, 68, 7, 
65, 4, 62)(18, 76, 32, 73, 29, 70, 26, 84, 23, 81, 20, 78, 34, 75, 31, 72, 28, 69, 25, 83, 22, 80, 19, 77, 33, 74, 30, 71, 27, 85, 24, 82, 21,
79)(35, 93, 49, 90, 46, 87, 43, 101, 40, 98, 37, 95, 51, 92, 48, 89, 45, 86, 42, 100, 39, 97, 36, 94, 50, 91, 47, 88, 44, 102, 41, 99, 38, 
96),  (1, 62, 4, 65, 7, 68, 10, 54, 13, 57, 16, 60, 2, 63, 5, 66, 8, 52, 11, 55, 14, 58, 17, 61, 3, 64, 6, 67, 9, 53, 12, 56, 15, 59)(18, 96, 
21, 99, 24, 102, 27, 88, 30, 91, 33, 94, 19, 97, 22, 100, 25, 86, 28, 89, 31, 92, 34, 95, 20, 98, 23, 101, 26, 87, 29, 90, 32, 93)(35, 79, 38,
82, 41, 85, 44, 71, 47, 74, 50, 77, 36, 80, 39, 83, 42, 69, 45, 72, 48, 75, 51, 78, 37, 81, 40, 84, 43, 70, 46, 73, 49, 76),  ], [  (1, 70, 
37, 55, 22, 91, 7, 76, 43, 61, 28, 97, 13, 82, 49, 67, 34, 86, 2, 71, 38, 56, 23, 92, 8, 77, 44, 62, 29, 98, 14, 83, 50, 68, 18, 87, 3, 72, 
39, 57, 24, 93, 9, 78, 45, 63, 30, 99, 15, 84, 51, 52, 19, 88, 4, 73, 40, 58, 25, 94, 10, 79, 46, 64, 31, 100, 16, 85, 35, 53, 20, 89, 5, 74, 
41, 59, 26, 95, 11, 80, 47, 65, 32, 101, 17, 69, 36, 54, 21, 90, 6, 75, 42, 60, 27, 96, 12, 81, 48, 66, 33, 102),  (1, 85, 16, 83, 14, 81, 12,
79, 10, 77, 8, 75, 6, 73, 4, 71, 2, 69, 17, 84, 15, 82, 13, 80, 11, 78, 9, 76, 7, 74, 5, 72, 3, 70)(18, 68, 33, 66, 31, 64, 29, 62, 27, 60, 
25, 58, 23, 56, 21, 54, 19, 52, 34, 67, 32, 65, 30, 63, 28, 61, 26, 59, 24, 57, 22, 55, 20, 53)(35, 102, 50, 100, 48, 98, 46, 96, 44, 94, 42, 
92, 40, 90, 38, 88, 36, 86, 51, 101, 49, 99, 47, 97, 45, 95, 43, 93, 41, 91, 39, 89, 37, 87),  ], [  (1, 85, 50, 66, 31, 98, 12, 79, 44, 60, 
25, 92, 6, 73, 38, 54, 19, 86, 17, 84, 49, 65, 30, 97, 11, 78, 43, 59, 24, 91, 5, 72, 37, 53, 18, 102, 16, 83, 48, 64, 29, 96, 10, 77, 42, 58,
23, 90, 4, 71, 36, 52, 34, 101, 15, 82, 47, 63, 28, 95, 9, 76, 41, 57, 22, 89, 3, 70, 35, 68, 33, 100, 14, 81, 46, 62, 27, 94, 8, 75, 40, 56, 
21, 88, 2, 69, 51, 67, 32, 99, 13, 80, 45, 61, 26, 93, 7, 74, 39, 55, 20, 87),  (1, 70, 3, 72, 5, 74, 7, 76, 9, 78, 11, 80, 13, 82, 15, 84, 
17, 69, 2, 71, 4, 73, 6, 75, 8, 77, 10, 79, 12, 81, 14, 83, 16, 85)(18, 53, 20, 55, 22, 57, 24, 59, 26, 61, 28, 63, 30, 65, 32, 67, 34, 52, 
19, 54, 21, 56, 23, 58, 25, 60, 27, 62, 29, 64, 31, 66, 33, 68)(35, 87, 37, 89, 39, 91, 41, 93, 43, 95, 45, 97, 47, 99, 49, 101, 51, 86, 36, 
88, 38, 90, 40, 92, 42, 94, 44, 96, 46, 98, 48, 100, 50, 102),  ], [  (1, 62, 4, 65, 7, 68, 10, 54, 13, 57, 16, 60, 2, 63, 5, 66, 8, 52, 11, 
55, 14, 58, 17, 61, 3, 64, 6, 67, 9, 53, 12, 56, 15, 59)(18, 79, 21, 82, 24, 85, 27, 71, 30, 74, 33, 77, 19, 80, 22, 83, 25, 69, 28, 72, 31, 
75, 34, 78, 20, 81, 23, 84, 26, 70, 29, 73, 32, 76)(35, 96, 38, 99, 41, 102, 44, 88, 47, 91, 50, 94, 36, 97, 39, 100, 42, 86, 45, 89, 48, 92, 
51, 95, 37, 98, 40, 101, 43, 87, 46, 90, 49, 93),  (1, 59, 15, 56, 12, 53, 9, 67, 6, 64, 3, 61, 17, 58, 14, 55, 11, 52, 8, 66, 5, 63, 2, 60, 
16, 57, 13, 54, 10, 68, 7, 65, 4, 62)(18, 93, 32, 90, 29, 87, 26, 101, 23, 98, 20, 95, 34, 92, 31, 89, 28, 86, 25, 100, 22, 97, 19, 94, 33, 
91, 30, 88, 27, 102, 24, 99, 21, 96)(35, 76, 49, 73, 46, 70, 43, 84, 40, 81, 37, 78, 51, 75, 48, 72, 45, 69, 42, 83, 39, 80, 36, 77, 50, 74, 
47, 71, 44, 85, 41, 82, 38, 79),  ], [  (1, 25, 49, 5, 29, 36, 9, 33, 40, 13, 20, 44, 17, 24, 48, 4, 28, 35, 8, 32, 39, 12, 19, 43, 16, 23, 
47, 3, 27, 51, 7, 31, 38, 11, 18, 42, 15, 22, 46, 2, 26, 50, 6, 30, 37, 10, 34, 41, 14, 21, 45)(52, 76, 100, 56, 80, 87, 60, 84, 91, 64, 71, 
95, 68, 75, 99, 55, 79, 86, 59, 83, 90, 63, 70, 94, 67, 74, 98, 54, 78, 102, 58, 82, 89, 62, 69, 93, 66, 73, 97, 53, 77, 101, 57, 81, 88, 61, 
85, 92, 65, 72, 96),  (1, 45, 21, 14, 41, 34, 10, 37, 30, 6, 50, 26, 2, 46, 22, 15, 42, 18, 11, 38, 31, 7, 51, 27, 3, 47, 23, 16, 43, 19, 12, 
39, 32, 8, 35, 28, 4, 48, 24, 17, 44, 20, 13, 40, 33, 9, 36, 29, 5, 49, 25)(52, 96, 72, 65, 92, 85, 61, 88, 81, 57, 101, 77, 53, 97, 73, 66, 
93, 69, 62, 89, 82, 58, 102, 78, 54, 98, 74, 67, 94, 70, 63, 90, 83, 59, 86, 79, 55, 99, 75, 68, 95, 71, 64, 91, 84, 60, 87, 80, 56, 100, 76),
], [  (1, 28, 38, 14, 24, 51, 10, 20, 47, 6, 33, 43, 2, 29, 39, 15, 25, 35, 11, 21, 48, 7, 34, 44, 3, 30, 40, 16, 26, 36, 12, 22, 49, 8, 18, 
45, 4, 31, 41, 17, 27, 37, 13, 23, 50, 9, 19, 46, 5, 32, 42)(52, 79, 89, 65, 75, 102, 61, 71, 98, 57, 84, 94, 53, 80, 90, 66, 76, 86, 62, 72, 
99, 58, 85, 95, 54, 81, 91, 67, 77, 87, 63, 73, 100, 59, 69, 96, 55, 82, 92, 68, 78, 88, 64, 74, 101, 60, 70, 97, 56, 83, 93),  (1, 42, 32, 5,
46, 19, 9, 50, 23, 13, 37, 27, 17, 41, 31, 4, 45, 18, 8, 49, 22, 12, 36, 26, 16, 40, 30, 3, 44, 34, 7, 48, 21, 11, 35, 25, 15, 39, 29, 2, 43, 
33, 6, 47, 20, 10, 51, 24, 14, 38, 28)(52, 93, 83, 56, 97, 70, 60, 101, 74, 64, 88, 78, 68, 92, 82, 55, 96, 69, 59, 100, 73, 63, 87, 77, 67, 
91, 81, 54, 95, 85, 58, 99, 72, 62, 86, 76, 66, 90, 80, 53, 94, 84, 57, 98, 71, 61, 102, 75, 65, 89, 79),  ], [  (1, 14, 10, 6, 2, 15, 11, 7, 
3, 16, 12, 8, 4, 17, 13, 9, 5)(18, 31, 27, 23, 19, 32, 28, 24, 20, 33, 29, 25, 21, 34, 30, 26, 22)(35, 48, 44, 40, 36, 49, 45, 41, 37, 50, 46,
42, 38, 51, 47, 43, 39)(52, 65, 61, 57, 53, 66, 62, 58, 54, 67, 63, 59, 55, 68, 64, 60, 56)(69, 82, 78, 74, 70, 83, 79, 75, 71, 84, 80, 76, 
72, 85, 81, 77, 73)(86, 99, 95, 91, 87, 100, 96, 92, 88, 101, 97, 93, 89, 102, 98, 94, 90),  (1, 5, 9, 13, 17, 4, 8, 12, 16, 3, 7, 11, 15, 2, 
6, 10, 14)(18, 22, 26, 30, 34, 21, 25, 29, 33, 20, 24, 28, 32, 19, 23, 27, 31)(35, 39, 43, 47, 51, 38, 42, 46, 50, 37, 41, 45, 49, 36, 40, 44,
48)(52, 56, 60, 64, 68, 55, 59, 63, 67, 54, 58, 62, 66, 53, 57, 61, 65)(69, 73, 77, 81, 85, 72, 76, 80, 84, 71, 75, 79, 83, 70, 74, 78, 
82)(86, 90, 94, 98, 102, 89, 93, 97, 101, 88, 92, 96, 100, 87, 91, 95, 99),  ], [  (1, 42, 32, 5, 46, 19, 9, 50, 23, 13, 37, 27, 17, 41, 31, 
4, 45, 18, 8, 49, 22, 12, 36, 26, 16, 40, 30, 3, 44, 34, 7, 48, 21, 11, 35, 25, 15, 39, 29, 2, 43, 33, 6, 47, 20, 10, 51, 24, 14, 38, 28)(52, 
93, 83, 56, 97, 70, 60, 101, 74, 64, 88, 78, 68, 92, 82, 55, 96, 69, 59, 100, 73, 63, 87, 77, 67, 91, 81, 54, 95, 85, 58, 99, 72, 62, 86, 76, 
