BRACES[135] := [ rec(
      gadd := [ (  1, 81,105, 42, 66, 98, 35, 59,128, 20, 52,121, 13, 82,117,  9, 78,102, 39, 71, 95, 32, 56,133, 25,
              49,118, 10, 90,114,  6, 75,107, 44, 68, 92, 29, 61,130, 22, 46,126, 18, 87,111,  3, 80,104, 41, 65, 97,
              34, 58,127, 19, 54,123, 15, 84,116,  8, 77,101, 38, 70, 94, 31, 55,135, 27, 51,120, 12, 89,113,  5, 74,
             106, 43, 67, 91, 28, 63,132, 24, 48,125, 17, 86,110,  2, 79,103, 40, 64, 99, 36, 60,129, 21, 53,122, 14,
              83,115,  7, 76,100, 37, 72, 96, 33, 57,134, 26, 50,119, 11, 88,112,  4, 73,108, 45, 69, 93, 30, 62,131,
              23, 47,124, 16, 85,109) ],
      gmul := [ (  1, 81,105, 42, 66, 98, 35, 59,128, 20, 52,121, 13, 82,117,  9, 78,102, 39, 71, 95, 32, 56,133, 25,
              49,118, 10, 90,114,  6, 75,107, 44, 68, 92, 29, 61,130, 22, 46,126, 18, 87,111,  3, 80,104, 41, 65, 97,
              34, 58,127, 19, 54,123, 15, 84,116,  8, 77,101, 38, 70, 94, 31, 55,135, 27, 51,120, 12, 89,113,  5, 74,
             106, 43, 67, 91, 28, 63,132, 24, 48,125, 17, 86,110,  2, 79,103, 40, 64, 99, 36, 60,129, 21, 53,122, 14,
              83,115,  7, 76,100, 37, 72, 96, 33, 57,134, 26, 50,119, 11, 88,112,  4, 73,108, 45, 69, 93, 30, 62,131,
              23, 47,124, 16, 85,109) ],
      p := (  2, 46, 74,114, 17,  7,  9, 19, 31,117,132, 62, 40,109, 42, 50, 75,116,113,107, 41, 52, 72, 35, 37, 92,
          58, 23, 97, 83,110,106, 14, 54, 82,119, 44, 51, 53, 66, 38,118,134,104, 16, 64,124,102, 90, 77, 26,126, 61,
          24, 20,  6, 99, 57, 32,  8,  3,  4)(  5, 28, 30, 98, 63, 11, 49, 81,112,105, 43, 76,135,131, 87,127, 88, 79,
         39, 93, 78, 45, 67,108, 15, 48, 55, 34, 21, 22, 29, 96, 56, 25, 10, 91, 68, 18)( 12, 47, 65,115,122,101, 71,
         125,129, 86,111,133, 89, 70,123,128, 59, 13, 73, 95, 85,120,103, 84,100, 80,121,130, 60, 33, 27, 36, 94, 69),
      q := (  2, 99,133,101,119, 14, 91,122, 89,120, 87, 63, 39, 52,118, 56, 33, 31, 73, 50,115, 68, 40, 81, 78, 13,
         117, 58, 35, 10, 54,108, 43,114, 41, 93,112, 85, 70, 67, 82, 71, 65, 75, 74, 76, 55, 24, 30, 47,125, 61, 34,
          29, 49,109, 16,126,129,104, 42, 95,105, 15, 97,107, 17,  6, 46,116, 77, 32,  5, 19, 27, 22, 21, 36, 51, 92,
         132,128,131,103,106, 44, 94,121, 60, 25, 37, 53,124, 88,111, 57, 26, 64, 66, 12, 98,127,102,100,110, 84, 90,
         113, 83, 80, 69, 38, 72, 23, 48,135, 59, 45,123, 62, 18,  8)(  3,  9, 28, 20,  7,  4)( 11, 96,134, 86, 79) ),
  rec(
      gadd := [ (  1, 81,105, 42, 66, 98, 35, 59,128, 20, 52,121, 13, 82,117,  9, 78,102, 39, 71, 95, 32, 56,133, 25,
              49,118, 10, 90,114,  6, 75,107, 44, 68, 92, 29, 61,130, 22, 46,126, 18, 87,111,  3, 80,104, 41, 65, 97,
              34, 58,127, 19, 54,123, 15, 84,116,  8, 77,101, 38, 70, 94, 31, 55,135, 27, 51,120, 12, 89,113,  5, 74,
             106, 43, 67, 91, 28, 63,132, 24, 48,125, 17, 86,110,  2, 79,103, 40, 64, 99, 36, 60,129, 21, 53,122, 14,
              83,115,  7, 76,100, 37, 72, 96, 33, 57,134, 26, 50,119, 11, 88,112,  4, 73,108, 45, 69, 93, 30, 62,131,
              23, 47,124, 16, 85,109) ],
      gmul := [ (  1, 81,103, 42, 66, 99, 35, 59,129, 20, 52,122, 13, 82,115,  9, 78,100, 39, 71, 96, 32, 56,134, 25,
              49,119, 10, 90,112,  6, 75,108, 44, 68, 93, 29, 61,131, 22, 46,124, 18, 87,109,  3, 80,105, 41, 65, 98,
              34, 58,128, 19, 54,121, 15, 84,117,  8, 77,102, 38, 70, 95, 31, 55,133, 27, 51,118, 12, 89,114,  5, 74,
             107, 43, 67, 92, 28, 63,130, 24, 48,126, 17, 86,111,  2, 79,104, 40, 64, 97, 36, 60,127, 21, 53,123, 14,
              83,116,  7, 76,101, 37, 72, 94, 33, 57,135, 26, 50,120, 11, 88,113,  4, 73,106, 45, 69, 91, 30, 62,132,
              23, 47,125, 16, 85,110) ],
      p := (  2, 47, 66, 38,118,134,104, 16, 65,115,122,101, 72, 35, 37, 92, 59, 13, 74,114, 17,  7,  9, 19, 31,117,
         132, 63, 11, 50, 73, 95, 86,111,133, 90, 78, 45, 68, 18,  5, 28, 30, 98, 61, 24, 20,  6, 99, 55, 34, 21, 22,
          29, 96, 57, 32,  8,  3,  4)( 10, 91, 69, 12, 48, 56, 25)( 14, 52, 70,123,128, 60, 33, 27, 36, 94, 67,108,
          15, 46, 75,116,113,107, 41, 53, 64,124,102, 88, 80,121,130, 58, 23, 97, 84,100, 81,112,105, 43, 77, 26,126,
          62, 40,109, 42, 51, 54, 83,110,106)( 39, 93, 76,135,131, 85,120,103, 82,119, 44, 49, 79)( 71,125,129, 87,
         127, 89),
      q := (  2, 99,133,101,119, 14, 91,122, 90,113, 84, 88,111, 55, 24, 30, 48,135, 60, 25, 37, 54,108, 43,114, 41,
          93,112, 86, 80, 67, 83, 81, 76, 56, 33, 31, 74, 77, 32,  5, 19, 27, 22, 21, 36, 49,109, 16,126,129,104, 42,
          95,105, 15, 97,107, 17,  6, 47,125, 62, 18,  8)(  3,  9, 28, 20,  7,  4)( 10, 52,118, 57, 26, 65, 73, 51,
          92,132,128,131,103,106, 44, 94,121, 58, 35)( 11, 96,134, 87, 61, 34, 29, 50,115, 69, 38, 70, 68, 40, 79)
        ( 12, 98,127,102,100,110, 82, 72, 23, 46,116, 78, 13,117, 59, 45,123, 63, 39, 53,124, 89,120, 85, 71, 66) ), 
  rec(
      gadd := [ (  1, 81,105, 42, 66, 98, 35, 59,128, 20, 52,121, 13, 82,117,  9, 78,102, 39, 71, 95, 32, 56,133, 25,
              49,118, 10, 90,114,  6, 75,107, 44, 68, 92, 29, 61,130, 22, 46,126, 18, 87,111,  3, 80,104, 41, 65, 97,
              34, 58,127, 19, 54,123, 15, 84,116,  8, 77,101, 38, 70, 94, 31, 55,135, 27, 51,120, 12, 89,113,  5, 74,
             106, 43, 67, 91, 28, 63,132, 24, 48,125, 17, 86,110,  2, 79,103, 40, 64, 99, 36, 60,129, 21, 53,122, 14,
              83,115,  7, 76,100, 37, 72, 96, 33, 57,134, 26, 50,119, 11, 88,112,  4, 73,108, 45, 69, 93, 30, 62,131,
              23, 47,124, 16, 85,109) ],
      gmul := [ (  1, 81,107, 41, 66, 93, 36, 59,132, 20, 52,126, 15, 82,109,  7, 78,103, 39, 71, 97, 31, 56,128, 26,
              49,122, 10, 90,116,  5, 75,102, 45, 68, 96, 29, 61,135, 24, 46,118, 16, 87,112,  3, 80,106, 40, 65, 92,
              35, 58,131, 19, 54,125, 14, 84,111,  9, 77,105, 38, 70, 99, 33, 55,127, 25, 51,121, 12, 89,115,  4, 74,
             101, 44, 67, 95, 28, 63,134, 23, 48,120, 18, 86,114,  2, 79,108, 42, 64, 91, 34, 60,130, 21, 53,124, 13,
              83,110,  8, 76,104, 37, 72, 98, 32, 57,129, 27, 50,123, 11, 88,117,  6, 73,100, 43, 69, 94, 30, 62,133,
              22, 47,119, 17, 85,113) ],
      p := (  2, 51, 46, 76,135,132, 55, 34, 21, 22, 29, 94, 72, 35, 37, 91, 71,125,128, 62, 40,111,133, 82,118,134,
         105, 43, 79, 39, 92, 61, 24, 20,  6, 99, 59, 13, 78, 45, 70,121,131, 90, 80,122,100, 73, 96, 58, 23, 97, 85,
         119, 44, 54, 87,129, 89, 66, 38,120,104, 16, 69, 12, 49, 74,112,103, 86,110,106, 14, 47, 67,108, 15, 50, 77,
          26,126, 57, 32,  8,  3,  4)(  5, 28, 30, 98, 56, 25, 10, 93, 81,113,107, 41, 48, 60, 33, 27, 36, 95, 88, 75,
         116,114, 17,  7,  9, 19, 31,117,130, 63, 11, 52, 65,115,123,127, 84,102, 83,109, 42, 53, 68, 18)( 64,124,101)
       ,
      q := (  2, 99,133,100,109, 16,126,128,132,127,101,118, 58, 35, 10, 47,125, 57, 26, 69, 38, 65, 77, 32,  5, 19,
          27, 22, 21, 36, 54,108, 43,112, 88,110, 86, 75, 76, 60, 25, 37, 46,116, 80, 72, 23, 50,115, 71, 67, 87, 56,
          33, 31, 78, 13,117, 61, 34, 29, 52,120, 90,114, 41, 92,130,131,104, 42, 96,134, 89,119, 14, 93,113, 85, 66,
          12, 98,129,105, 15, 97,107, 17,  6, 51, 91,123, 55, 24, 30, 49,111, 59, 45,121, 63, 39, 48,135, 62, 18,  8)
        (  3,  9, 28, 20,  7,  4)( 11, 94,122, 82, 64, 68, 40, 74, 79)( 44, 95,103,106)( 53,124, 84, 83, 73) ), rec(
      gadd := [ (  1, 23, 45,  4, 26, 33,  7, 29, 36, 10, 17, 39, 13, 20, 42)(  2, 24, 43,  5, 27, 31,  8, 30, 34, 11,
             18, 37, 14, 21, 40)(  3, 22, 44,  6, 25, 32,  9, 28, 35, 12, 16, 38, 15, 19, 41)( 46, 68, 90, 49, 71, 78,
             52, 74, 81, 55, 62, 84, 58, 65, 87)( 47, 69, 88, 50, 72, 76, 53, 75, 79, 56, 63, 82, 59, 66, 85)
            ( 48, 67, 89, 51, 70, 77, 54, 73, 80, 57, 61, 83, 60, 64, 86)( 91,113,135, 94,116,123, 97,119,126,100,107,
             129,103,110,132)( 92,114,133, 95,117,121, 98,120,124,101,108,127,104,111,130)( 93,112,134, 96,115,122,
              99,118,125,102,106,128,105,109,131), (  1, 89,117,  8, 81,106, 15, 85,113,  4, 77,120, 11, 84,109,  3,
              88,116,  7, 80,108, 14, 87,112,  6, 76,119, 10, 83,111,  2, 90,115,  9, 79,107, 13, 86,114,  5, 78,118,
              12, 82,110)( 16, 59,132, 23, 51,121, 30, 55,128, 19, 47,135, 26, 54,124, 18, 58,131, 22, 50,123, 29, 57,
             127, 21, 46,134, 25, 53,126, 17, 60,130, 24, 49,122, 28, 56,129, 20, 48,133, 27, 52,125)( 31, 74,102, 38,
             66, 91, 45, 70, 98, 34, 62,105, 41, 69, 94, 33, 73,101, 37, 65, 93, 44, 72, 97, 36, 61,104, 40, 68, 96,
              32, 75,100, 39, 64, 92, 43, 71, 99, 35, 63,103, 42, 67, 95) ],
      gmul := [ (  1, 24, 44,  4, 27, 32,  7, 30, 35, 10, 18, 38, 13, 21, 41)(  2, 22, 45,  5, 25, 33,  8, 28, 36, 11,
             16, 39, 14, 19, 42)(  3, 23, 43,  6, 26, 31,  9, 29, 34, 12, 17, 37, 15, 20, 40)( 46, 69, 89, 49, 72, 77,
             52, 75, 80, 55, 63, 83, 58, 66, 86)( 47, 67, 90, 50, 70, 78, 53, 73, 81, 56, 61, 84, 59, 64, 87)
            ( 48, 68, 88, 51, 71, 76, 54, 74, 79, 57, 62, 82, 60, 65, 85)( 91,114,134, 94,117,122, 97,120,125,100,108,
             128,103,111,131)( 92,112,135, 95,115,123, 98,118,126,101,106,129,104,109,132)( 93,113,133, 96,116,121,
              99,119,124,102,107,127,105,110,130), (  1,125, 67, 12,133, 63,  5,129, 71, 13,122, 64,  9,130, 75,  2,
             126, 68, 10,134, 61,  6,127, 72, 14,123, 65,  7,131, 73,  3,124, 69, 11,135, 62,  4,128, 70, 15,121, 66,
               8,132, 74)( 16, 95, 82, 27,103, 78, 20, 99, 86, 28, 92, 79, 24,100, 90, 17, 96, 83, 25,104, 76, 21, 97,
             87, 29, 93, 80, 22,101, 88, 18, 94, 84, 26,105, 77, 19, 98, 85, 30, 91, 81, 23,102, 89)( 31,110, 52, 42,
             118, 48, 35,114, 56, 43,107, 49, 39,115, 60, 32,111, 53, 40,119, 46, 36,112, 57, 44,108, 50, 37,116, 58,
              33,109, 54, 41,120, 47, 34,113, 55, 45,106, 51, 38,117, 59) ],
      p := (  2, 46, 83, 11, 52, 70, 12, 76, 42, 58, 28, 27,107,119, 36, 41,122,124,118,110,120, 51, 49, 72, 34,  4,
          31,102, 80,130, 59, 44, 69, 92, 73, 26, 17, 13, 63,113, 98, 71,132, 81, 19, 24,123,  5, 18, 37)
        (  3,  7, 10, 91, 75, 21, 22, 38, 97, 79,117, 20, 99, 66,114,101, 64, 39,100, 87, 94, 68,  8, 16, 77, 57,105,
         135, 95, 84,103, 56, 30, 48, 62, 23)(  6, 93, 89,131, 65, 54, 47, 85,112, 14, 55, 43, 82, 35, 25, 40,106, 29,
         33,121,111,133, 50, 78, 96, 53, 86,128, 74,116,126,109, 60,  9, 32,108, 45, 67,127,125,134,104, 15, 61,129,
          90, 88,115),
      q := (  2, 93,110, 79, 82, 30, 91,124, 81, 43,117, 45,132,118, 89, 68, 12,108, 20, 55, 19, 41, 62, 42, 96,101,
         135, 59, 21, 40, 78, 58, 34, 13,121, 88, 84, 51,105, 64, 26, 33, 63, 86, 71, 67, 72, 28, 38, 57, 49,127, 74,
          83,  9, 18, 25, 22, 27, 77, 97,120,103, 98,128,125, 65,100,112,  6, 46,116, 73, 39, 54, 92,126, 90,111, 66,
          85, 87, 60, 11,102,119, 29, 17,  4, 16,107, 80, 69, 47,114, 53,113, 56, 35, 37,  3, 10, 48,122, 75, 44,130,
          95,115, 14, 99,133,104,  5, 32, 76, 23)(  8, 31, 52,129,109, 94,131,134, 50,106, 36, 24, 61, 70)( 15,123) ),
  rec(
      gadd := [ (  1, 61,121,  2, 62,122,  3, 63,123)(  4, 64,124,  5, 65,125,  6, 66,126)(  7, 67,127,  8, 68,128,
               9, 69,129)( 10, 70,130, 11, 71,131, 12, 72,132)( 13, 73,133, 14, 74,134, 15, 75,135)( 16, 76, 91, 17,
              77, 92, 18, 78, 93)( 19, 79, 94, 20, 80, 95, 21, 81, 96)( 22, 82, 97, 23, 83, 98, 24, 84, 99)
            ( 25, 85,100, 26, 86,101, 27, 87,102)( 28, 88,103, 29, 89,104, 30, 90,105)( 31, 46,106, 32, 47,107, 33,
              48,108)( 34, 49,109, 35, 50,110, 36, 51,111)( 37, 52,112, 38, 53,113, 39, 54,114)( 40, 55,115, 41, 56,
             116, 42, 57,117)( 43, 58,118, 44, 59,119, 45, 60,120), (  1,113, 88,  6,115, 78,  8,120, 80, 10,107, 82,
              15,109, 87,  2,114, 89,  4,116, 76,  9,118, 81, 11,108, 83, 13,110, 85,  3,112, 90,  5,117, 77,  7,119,
              79, 12,106, 84, 14,111, 86)( 16,128, 58, 21,130, 48, 23,135, 50, 25,122, 52, 30,124, 57, 17,129, 59, 19,
             131, 46, 24,133, 51, 26,123, 53, 28,125, 55, 18,127, 60, 20,132, 47, 22,134, 49, 27,121, 54, 29,126, 56)
            ( 31, 98, 73, 36,100, 63, 38,105, 65, 40, 92, 67, 45, 94, 72, 32, 99, 74, 34,101, 61, 39,103, 66, 41, 93,
              68, 43, 95, 70, 33, 97, 75, 35,102, 62, 37,104, 64, 42, 91, 69, 44, 96, 71) ],
      gmul := [ (  1, 60,102,  8, 49, 91, 15, 56, 98,  4, 48,105, 11, 52, 94,  3, 59,101,  7, 51, 93, 14, 55, 97,  6,
              47,104, 10, 54, 96,  2, 58,100,  9, 50, 92, 13, 57, 99,  5, 46,103, 12, 53, 95)( 16, 75,117, 23, 64,106,
             30, 71,113, 19, 63,120, 26, 67,109, 18, 74,116, 22, 66,108, 29, 70,112, 21, 62,119, 25, 69,111, 17, 73,
             115, 24, 65,107, 28, 72,114, 20, 61,118, 27, 68,110)( 31, 90,132, 38, 79,121, 45, 86,128, 34, 78,135, 41,
             82,124, 33, 89,131, 37, 81,123, 44, 85,127, 36, 77,134, 40, 84,126, 32, 88,130, 39, 80,122, 43, 87,129,
              35, 76,133, 42, 83,125), (  1, 68,133,  5, 72,122,  9, 73,126, 10, 62,127, 14, 66,131,  3, 67,135,  4,
              71,121,  8, 75,125, 12, 61,129, 13, 65,130,  2, 69,134,  6, 70,123,  7, 74,124, 11, 63,128, 15, 64,132)
            ( 16, 83,103, 20, 87, 92, 24, 88, 96, 25, 77, 97, 29, 81,101, 18, 82,105, 19, 86, 91, 23, 90, 95, 27, 76,
              99, 28, 80,100, 17, 84,104, 21, 85, 93, 22, 89, 94, 26, 78, 98, 30, 79,102)( 31, 53,118, 35, 57,107, 39,
             58,111, 40, 47,112, 44, 51,116, 33, 52,120, 34, 56,106, 38, 60,110, 42, 46,114, 43, 50,115, 32, 54,119,
              36, 55,108, 37, 59,109, 41, 48,113, 45, 49,117) ],
      p := (  2, 46, 83, 11, 52, 70, 12, 76, 42, 58, 28, 27,108, 45, 67,128, 74,117, 20, 97, 79,115,  6, 91, 75, 21,
          22, 38, 98, 71,130, 59, 44, 69, 93, 89,132, 81, 19, 24,121,109, 60,  9, 32,106, 29, 33,122,125,135, 96, 53,
          86,129, 90, 88,116,124,119, 36, 41,123,  5, 18, 37)(  3,  7, 10, 92, 73, 26, 17, 13, 63,114,102, 80,131, 65,
         54, 47, 85,113, 99, 66,112, 14, 55, 43, 82, 35, 25, 40,107,120, 51, 49, 72, 34,  4, 31,100, 87, 95, 84,104,
          15, 61,127,126,110,118,111,134,105,133, 50, 78, 94, 68,  8, 16, 77, 57,103, 56, 30, 48, 62, 23)( 39,101, 64)
       ,
      q := (  2, 91,125, 65,101,133,105, 64, 26, 33, 63, 86, 71, 67, 72, 28, 38, 57, 49,128,126, 90,109, 95,116, 73,
          39, 54, 93,111, 66, 85, 87, 60, 11,100,113, 56, 35, 37,  3, 10, 48,123, 15,121, 88, 84, 51,103, 99,134, 50,
         107, 80, 69, 47,112,  6, 46,117, 45,130, 96,102,120,104,  5, 32, 76, 23)(  4, 16,108, 20, 55, 19, 41, 62, 42,
         94,132,119, 29, 17)(  8, 31, 52,127, 74, 83,  9, 18, 25, 22, 27, 77, 98,129,110, 79, 82, 30, 92,124, 81, 43,
         115, 14, 97,118, 89, 68, 12,106, 36, 24, 61, 70)( 13,122, 75, 44,131,135, 59, 21, 40, 78, 58, 34)( 53,114) ),
  rec(
      gadd := [ (  1, 79,112, 11, 89,107,  6, 84,117, 13, 76,109,  8, 86,119,  3, 81,114, 10, 88,106,  5, 83,116, 15,
              78,111,  7, 85,118,  2, 80,113, 12, 90,108,  4, 82,115, 14, 77,110,  9, 87,120)( 16, 49,127, 26, 59,122,
             21, 54,132, 28, 46,124, 23, 56,134, 18, 51,129, 25, 58,121, 20, 53,131, 30, 48,126, 22, 55,133, 17, 50,
             128, 27, 60,123, 19, 52,130, 29, 47,125, 24, 57,135)( 31, 64, 97, 41, 74, 92, 36, 69,102, 43, 61, 94, 38,
             71,104, 33, 66, 99, 40, 73, 91, 35, 68,101, 45, 63, 96, 37, 70,103, 32, 65, 98, 42, 75, 93, 34, 67,100,
              44, 62, 95, 39, 72,105), (  1,134, 70,  9,124, 63, 14,132, 68,  4,122, 73, 12,127, 66,  2,135, 71,  7,
             125, 61, 15,130, 69,  5,123, 74, 10,128, 64,  3,133, 72,  8,126, 62, 13,131, 67,  6,121, 75, 11,129, 65)
            ( 16,104, 85, 24, 94, 78, 29,102, 83, 19, 92, 88, 27, 97, 81, 17,105, 86, 22, 95, 76, 30,100, 84, 20, 93,
              89, 25, 98, 79, 18,103, 87, 23, 96, 77, 28,101, 82, 21, 91, 90, 26, 99, 80)( 31,119, 55, 39,109, 48, 44,
             117, 53, 34,107, 58, 42,112, 51, 32,120, 56, 37,110, 46, 45,115, 54, 35,108, 59, 40,113, 49, 33,118, 57,
              38,111, 47, 43,116, 52, 36,106, 60, 41,114, 50) ],
      gmul := [ (  1, 23, 45,  4, 26, 33,  7, 29, 36, 10, 17, 39, 13, 20, 42)(  2, 24, 43,  5, 27, 31,  8, 30, 34, 11,
             18, 37, 14, 21, 40)(  3, 22, 44,  6, 25, 32,  9, 28, 35, 12, 16, 38, 15, 19, 41)( 46, 69, 89, 49, 72, 77,
             52, 75, 80, 55, 63, 83, 58, 66, 86)( 47, 67, 90, 50, 70, 78, 53, 73, 81, 56, 61, 84, 59, 64, 87)
            ( 48, 68, 88, 51, 71, 76, 54, 74, 79, 57, 62, 82, 60, 65, 85)( 91,112,133, 94,115,121, 97,118,124,100,106,
             127,103,109,130)( 92,113,134, 95,116,122, 98,119,125,101,107,128,104,110,131)( 93,114,135, 96,117,123,
              99,120,126,102,108,129,105,111,132), (  1, 82,118,  5, 86,107,  9, 90,111, 10, 76,112, 14, 80,116,  3,
              84,120,  4, 85,106,  8, 89,110, 12, 78,114, 13, 79,115,  2, 83,119,  6, 87,108,  7, 88,109, 11, 77,113,
              15, 81,117)( 16, 54,134, 20, 55,123, 24, 59,124, 25, 48,128, 29, 49,132, 18, 53,133, 19, 57,122, 23, 58,
             126, 27, 47,127, 28, 51,131, 17, 52,135, 21, 56,121, 22, 60,125, 26, 46,129, 30, 50,130)( 31, 68,105, 35,
             72, 91, 39, 73, 95, 40, 62, 99, 44, 66,100, 33, 67,104, 34, 71, 93, 38, 75, 94, 42, 61, 98, 43, 65,102,
              32, 69,103, 36, 70, 92, 37, 74, 96, 41, 63, 97, 45, 64,101) ],
      p := (  2, 46, 68, 54, 47, 69,129,110,134,104, 15, 63, 67,114,119,  6, 93, 94, 89,116, 88, 35,123,109, 45, 83,
         117, 98, 53, 87, 19, 24,121, 20, 99, 80, 21, 22, 38, 41, 76, 34,102, 81, 42, 97, 90, 11, 52, 72, 82,131, 79,
         115, 14, 55, 43,100, 65, 39,107, 73, 92,103, 56, 30, 33, 48, 84, 57,105,133, 50, 71,  8, 16, 78, 70,113,135,
          95, 74, 12, 77, 26, 17, 13, 62, 23,  3,  7, 10, 91, 85, 96, 75,130,  5, 18, 37, 25, 40)(  4, 31,122, 64,112,
         60,  9, 32,108,118,101, 66,128,126,111,120,124, 36)( 27, 61,127, 51, 49, 86,132, 59, 44, 58, 28,106, 29),
      q := (  2, 93, 60, 11,102,118, 53,112, 94,110, 65, 26, 33, 91,114, 80, 44, 96,124, 29, 38, 24, 63,132, 95,125,
          74,  8, 31, 62, 42, 57, 49,113, 64, 87, 43, 54, 92, 51,105, 66, 71, 12,107,126, 88, 30, 17,  4, 16,106, 36,
          13,122,135, 59, 21, 40,  3, 10, 48,115,  6, 46,131,120, 75, 69, 70, 86, 67, 85, 58, 34, 52,127,103, 98,101,
         133,104,  5, 32, 76, 28, 78,129, 89, 83, 82, 68,100,134, 50,128, 73, 47,130, 15,121, 45,116,111, 79, 84, 97,
         109, 20, 55, 19, 41,108, 81, 23)(  9, 18, 25, 22, 27,123, 90)( 14, 99,119)( 35, 61, 72,117, 56)( 39, 77) ), 
  rec(
      gadd := [ (  1,114, 90,  6,116, 77,  8,118, 79, 10,108, 84, 15,110, 86,  2,112, 88,  4,117, 78,  9,119, 80, 11,
             106, 82, 13,111, 87,  3,113, 89,  5,115, 76,  7,120, 81, 12,107, 83, 14,109, 85)( 16,129, 60, 21,131, 47,
             23,133, 49, 25,123, 54, 30,125, 56, 17,127, 58, 19,132, 48, 24,134, 50, 26,121, 52, 28,126, 57, 18,128,
              59, 20,130, 46, 22,135, 51, 27,122, 53, 29,124, 55)( 31, 99, 75, 36,101, 62, 38,103, 64, 40, 93, 69, 45,
             95, 71, 32, 97, 73, 34,102, 63, 39,104, 65, 41, 91, 67, 43, 96, 72, 33, 98, 74, 35,100, 61, 37,105, 66,
              42, 92, 68, 44, 94, 70), (  1,126, 69, 12,134, 62,  5,127, 70, 13,123, 66,  9,131, 74,  2,124, 67, 10,
             135, 63,  6,128, 71, 14,121, 64,  7,132, 75,  3,125, 68, 11,133, 61,  4,129, 72, 15,122, 65,  8,130, 73)
            ( 16, 96, 84, 27,104, 77, 20, 97, 85, 28, 93, 81, 24,101, 89, 17, 94, 82, 25,105, 78, 21, 98, 86, 29, 91,
              79, 22,102, 90, 18, 95, 83, 26,103, 76, 19, 99, 87, 30, 92, 80, 23,100, 88)( 31,111, 54, 42,119, 47, 35,
             112, 55, 43,108, 51, 39,116, 59, 32,109, 52, 40,120, 48, 36,113, 56, 44,106, 49, 37,117, 60, 33,110, 53,
              41,118, 46, 34,114, 57, 45,107, 50, 38,115, 58) ],
      gmul := [ (  1, 91, 48,  3, 93, 47,  2, 92, 46)(  4, 94, 51,  6, 96, 50,  5, 95, 49)(  7, 97, 54,  9, 99, 53,
               8, 98, 52)( 10,100, 57, 12,102, 56, 11,101, 55)( 13,103, 60, 15,105, 59, 14,104, 58)( 16,107, 62, 18,
             106, 61, 17,108, 63)( 19,110, 65, 21,109, 64, 20,111, 66)( 22,113, 68, 24,112, 67, 23,114, 69)
            ( 25,116, 71, 27,115, 70, 26,117, 72)( 28,119, 74, 30,118, 73, 29,120, 75)( 31,123, 76, 33,122, 78, 32,
             121, 77)( 34,126, 79, 36,125, 81, 35,124, 80)( 37,129, 82, 39,128, 84, 38,127, 83)( 40,132, 85, 42,131,
              87, 41,130, 86)( 43,135, 88, 45,134, 90, 44,133, 89), (  1,117, 79, 15,113, 78, 11,109, 89,  7,108, 85,
               6,119, 84,  2,115, 80, 13,114, 76, 12,110, 90,  8,106, 86,  4,120, 82,  3,116, 81, 14,112, 77, 10,111,
              88,  9,107, 87,  5,118, 83)( 16,130, 51, 30,129, 47, 26,125, 58, 22,121, 57, 21,135, 53, 17,131, 49, 28,
             127, 48, 27,126, 59, 23,122, 55, 19,133, 54, 18,132, 50, 29,128, 46, 25,124, 60, 24,123, 56, 20,134, 52)
            ( 31,101, 65, 45, 97, 61, 41, 96, 75, 37, 92, 71, 36,103, 67, 32,102, 66, 43, 98, 62, 42, 94, 73, 38, 93,
              72, 34,104, 68, 33,100, 64, 44, 99, 63, 40, 95, 74, 39, 91, 70, 35,105, 69) ],
      p := (  2, 77, 26, 17, 13, 48, 67,129,125, 95, 60,  9, 32,123,124, 36,  4, 31, 92,118,116, 74, 12, 63, 53, 70,
         128, 96, 58, 28,121, 20,114,134,119,  6,108,133, 81, 42,112, 88, 35, 93,109, 45, 69, 99, 66, 98, 84, 85,111,
         135,110,104, 15, 46, 54, 78, 56, 30, 33, 76, 34,117,113,105,103, 87, 19, 24, 91, 71,  8, 16, 61, 97, 73,107,
          59, 44, 89,131, 65, 39,122, 50, 57,120, 94, 75,100, 51, 80, 21, 22, 38, 41, 62, 23,  3,  7, 10,106, 29, 27,
          47, 52, 55, 43,115, 14, 86,102, 64,127, 79,130,  5, 18, 37, 25, 40)( 11, 83,132, 90)( 49, 72, 68, 82,101),
      q := (  2,108, 64, 70, 72,132,110, 51,120, 58, 34, 83, 68,115,  6, 77, 39, 63,102,133,119, 14,114, 66, 57, 80,
          44,111, 65, 26, 33,106, 36, 13, 92, 79, 67, 71, 12,122,105, 49,128, 59, 21, 40,  3, 10, 76, 28, 61, 55, 19,
          41,123, 73, 78, 99,134, 81, 23)(  4, 16,121, 45,131,135, 90,  9, 18, 25, 22, 27, 93, 88, 30, 17)
        (  5, 32, 62, 42, 85, 89, 69, 56, 35, 47,100,104)(  8, 31, 48,130, 15, 91,129, 75, 52, 97,124, 29, 38, 24, 46,
         101,103,113, 50, 98,116,126, 74)( 11,117, 87, 43, 82, 54,107, 96, 94,125, 60)( 20, 86, 53,127,118, 84,112,109
         ) ), rec(
      gadd := [ (  1, 34, 22, 10, 43, 16,  4, 37, 25, 13, 31, 19,  7, 40, 28)(  2, 35, 23, 11, 44, 17,  5, 38, 26, 14,
             32, 20,  8, 41, 29)(  3, 36, 24, 12, 45, 18,  6, 39, 27, 15, 33, 21,  9, 42, 30)( 46, 79, 67, 55, 88, 61,
             49, 82, 70, 58, 76, 64, 52, 85, 73)( 47, 80, 68, 56, 89, 62, 50, 83, 71, 59, 77, 65, 53, 86, 74)
            ( 48, 81, 69, 57, 90, 63, 51, 84, 72, 60, 78, 66, 54, 87, 75)( 91,124,112,100,133,106, 94,127,115,103,121,
             109, 97,130,118)( 92,125,113,101,134,107, 95,128,116,104,122,110, 98,131,119)( 93,126,114,102,135,108,
              96,129,117,105,123,111, 99,132,120), (  1, 58,100,  8, 50, 92, 15, 57, 99,  4, 46,103, 11, 53, 95,  3,
              60,102,  7, 49, 91, 14, 56, 98,  6, 48,105, 10, 52, 94,  2, 59,101,  9, 51, 93, 13, 55, 97,  5, 47,104,
              12, 54, 96)( 16, 73,115, 23, 65,107, 30, 72,114, 19, 61,118, 26, 68,110, 18, 75,117, 22, 64,106, 29, 71,
             113, 21, 63,120, 25, 67,109, 17, 74,116, 24, 66,108, 28, 70,112, 20, 62,119, 27, 69,111)( 31, 88,130, 38,
             80,122, 45, 87,129, 34, 76,133, 41, 83,125, 33, 90,132, 37, 79,121, 44, 86,128, 36, 78,135, 40, 82,124,
              32, 89,131, 39, 81,123, 43, 85,127, 35, 77,134, 42, 84,126) ],
      gmul := [ (  1, 31, 16)(  2, 32, 17)(  3, 33, 18)(  4, 34, 19)(  5, 35, 20)(  6, 36, 21)(  7, 37, 22)
            (  8, 38, 23)(  9, 39, 24)( 10, 40, 25)( 11, 41, 26)( 12, 42, 27)( 13, 43, 28)( 14, 44, 29)( 15, 45, 30)
            ( 46, 77, 63)( 47, 78, 61)( 48, 76, 62)( 49, 80, 66)( 50, 81, 64)( 51, 79, 65)( 52, 83, 69)( 53, 84, 67)
            ( 54, 82, 68)( 55, 86, 72)( 56, 87, 70)( 57, 85, 71)( 58, 89, 75)( 59, 90, 73)( 60, 88, 74)( 91,123,107)
            ( 92,121,108)( 93,122,106)( 94,126,110)( 95,124,111)( 96,125,109)( 97,129,113)( 98,127,114)( 99,128,112)
            (100,132,116)(101,130,117)(102,131,115)(103,135,119)(104,133,120)(105,134,118), 
          (  1,112, 88,  6,117, 78,  8,119, 80, 10,106, 82, 15,111, 87,  2,113, 89,  4,115, 76,  9,120, 81, 11,107,
              83, 13,109, 85,  3,114, 90,  5,116, 77,  7,118, 79, 12,108, 84, 14,110, 86)( 16,128, 60, 21,130, 47, 23,
             135, 49, 25,122, 54, 30,124, 56, 17,129, 58, 19,131, 48, 24,133, 50, 26,123, 52, 28,125, 57, 18,127, 59,
              20,132, 46, 22,134, 51, 27,121, 53, 29,126, 55)( 31, 99, 74, 36,101, 61, 38,103, 66, 40, 93, 68, 45, 95,
             70, 32, 97, 75, 34,102, 62, 39,104, 64, 41, 91, 69, 43, 96, 71, 33, 98, 73, 35,100, 63, 37,105, 65, 42,
              92, 67, 44, 94, 72) ],
      p := (  2, 46, 84,103, 56, 30, 48, 61,128, 73, 26, 17, 13, 62, 23,  3,  7, 10, 91, 74,117, 20, 99, 65, 54, 47,
          86,127,124,119, 36, 41,121,109, 60,  9, 32,106, 29, 33,123,  5, 18, 37)(  4, 31,102, 81, 19, 24,122,126,110,
         118,111,135, 95, 82, 35, 25, 40,107,120, 51, 49, 71,131, 64, 39,100, 85,113, 98, 70, 12, 77, 57,105,134,104,
          15, 63,114,101, 66,112, 14, 55, 43, 83, 11, 52, 72, 34)(  6, 93, 90, 89,130, 59, 44, 68,  8, 16, 78, 96, 53,
         87, 94, 67,129, 88,116,125,133, 50, 76, 42, 58, 28, 27,108, 45, 69, 92, 75, 21, 22, 38, 97, 80,132, 79,115),
      q := (  2, 93,111, 65,100,113, 56, 35, 37,  3, 10, 48,121, 89, 67, 71, 69, 47,112,  6, 46,117, 45,131,133,104,
           5, 32, 77, 97,118, 90,109, 94,130, 95,116, 75, 44,132,119, 29, 17,  4, 16,108, 20, 55, 19, 41, 61, 72, 28,
          38, 57, 49,129,110, 80, 68, 12,106, 36, 24, 63, 87, 60, 11,102,120,103, 98,127, 73, 39, 54, 92,125, 64, 26,
          33, 62, 42, 96,101,134, 50,107, 81, 43,115, 14, 99,135, 59, 21, 40, 76, 23)(  8, 31, 52,128,124, 79, 83,  9,
         18, 25, 22, 27, 78, 58, 34, 13,123, 15,122, 74, 84, 51,105, 66, 86, 70)( 30, 91,126, 88, 82)( 53,114) ), rec(
      gadd := [ (  1, 81,113, 11, 88,108,  6, 83,115, 13, 78,110,  8, 85,120,  3, 80,112, 10, 90,107,  5, 82,117, 15,
              77,109,  7, 87,119,  2, 79,114, 12, 89,106,  4, 84,116, 14, 76,111,  9, 86,118)( 16, 51,128, 26, 58,123,
             21, 53,130, 28, 48,125, 23, 55,135, 18, 50,127, 25, 60,122, 20, 52,132, 30, 47,124, 22, 57,134, 17, 49,
             129, 27, 59,121, 19, 54,131, 29, 46,126, 24, 56,133)( 31, 66, 98, 41, 73, 93, 36, 68,100, 43, 63, 95, 38,
             70,105, 33, 65, 97, 40, 75, 92, 35, 67,102, 45, 62, 94, 37, 72,104, 32, 64, 99, 42, 74, 91, 34, 69,101,
              44, 61, 96, 39, 71,103), (  1,122, 61,  3,121, 63,  2,123, 62)(  4,125, 64,  6,124, 66,  5,126, 65)
            (  7,128, 67,  9,127, 69,  8,129, 68)( 10,131, 70, 12,130, 72, 11,132, 71)( 13,134, 73, 15,133, 75, 14,
             135, 74)( 16, 92, 76, 18, 91, 78, 17, 93, 77)( 19, 95, 79, 21, 94, 81, 20, 96, 80)( 22, 98, 82, 24, 97,
              84, 23, 99, 83)( 25,101, 85, 27,100, 87, 26,102, 86)( 28,104, 88, 30,103, 90, 29,105, 89)
            ( 31,107, 46, 33,106, 48, 32,108, 47)( 34,110, 49, 36,109, 51, 35,111, 50)( 37,113, 52, 39,112, 54, 38,
             114, 53)( 40,116, 55, 42,115, 57, 41,117, 56)( 43,119, 58, 45,118, 60, 44,120, 59) ],
      gmul := [ (  1, 51, 97, 11, 58, 92,  6, 53,102, 13, 48, 94,  8, 55,104,  3, 50, 99, 10, 60, 91,  5, 52,101, 15,
              47, 96,  7, 57,103,  2, 49, 98, 12, 59, 93,  4, 54,100, 14, 46, 95,  9, 56,105)( 16, 64,114, 26, 74,106,
             21, 69,116, 28, 61,111, 23, 71,118, 18, 66,113, 25, 73,108, 20, 68,115, 30, 63,110, 22, 70,120, 17, 65,
             112, 27, 75,107, 19, 67,117, 29, 62,109, 24, 72,119)( 31, 80,128, 41, 90,123, 36, 82,130, 43, 77,125, 38,
             87,135, 33, 79,127, 40, 89,122, 35, 84,132, 45, 76,124, 37, 86,134, 32, 81,129, 42, 88,121, 34, 83,131,
              44, 78,126, 39, 85,133), (  1,123, 62,  3,122, 61,  2,121, 63)(  4,126, 65,  6,125, 64,  5,124, 66)
            (  7,129, 68,  9,128, 67,  8,127, 69)( 10,132, 71, 12,131, 70, 11,130, 72)( 13,135, 74, 15,134, 73, 14,
             133, 75)( 16, 91, 76, 18, 93, 78, 17, 92, 77)( 19, 94, 79, 21, 96, 81, 20, 95, 80)( 22, 97, 82, 24, 99,
              84, 23, 98, 83)( 25,100, 85, 27,102, 87, 26,101, 86)( 28,103, 88, 30,105, 90, 29,104, 89)
            ( 31,107, 48, 33,106, 47, 32,108, 46)( 34,110, 51, 36,109, 50, 35,111, 49)( 37,113, 54, 39,112, 53, 38,
             114, 52)( 40,116, 57, 42,115, 56, 41,117, 55)( 43,119, 60, 45,118, 59, 44,120, 58) ],
      p := (  2, 32, 17, 82, 74,  6, 16,107, 49, 42, 37, 68,114,129,125, 66, 14, 41, 44, 39, 71,123, 75,130, 60, 47,
         101, 58, 87, 72, 27, 18, 78,109, 80, 99,110, 30,121, 96,119, 20, 85, 70, 23,  9)(  3, 76, 19, 46, 40, 63, 15,
         33,115,132, 51,122, 73,117,111,120,105, 57, 48, 35, 11, 38, 61, 79,  5)(  4,  7,106, 81,102, 89,104, 53, 88,
          43, 98,131, 59, 55, 52,116, 21, 77, 26,  8, 10, 62, 86, 65,118,124, 64, 28,108, 56, 83, 67, 24, 22, 13, 92,
         100, 90, 45, 91, 97,128,134,135,126,103, 54, 84, 69,127, 94, 95, 36, 93, 34)( 12, 31, 25,112,133, 50,113, 29)
       ,
      q := (  2, 16, 78, 88, 20,112, 65, 79, 15, 18,107,104,100,110, 36, 48, 28, 77, 37,130, 96, 81, 54,116, 45, 47,
          52, 84,132,105, 99, 90, 21,108, 97, 70, 40,123,126, 50, 87,129, 73, 83,131, 94, 58,113, 34, 13, 46, 23, 11,
          25, 85,128, 64, 35,  9,  3,106,119, 43, 55,101, 95, 30, 62,114, 72, 39,127, 59, 98, 67, 42, 26, 12, 17,115,
          69, 71, 63,  5)(  4, 10,121, 60, 91, 56,117, 89, 49, 24, 41, 19, 92, 53,109,120, 51, 61,118, 74, 14, 22)
        (  6, 32, 31, 38,122,125,135, 75, 68, 86,133,103,102,111, 80, 57, 93, 29,  8,  7, 76, 44, 27, 33, 82,124,134,
          66) ), rec(
      gadd := [ (  1, 18, 32)(  2, 16, 33)(  3, 17, 31)(  4, 21, 35)(  5, 19, 36)(  6, 20, 34)(  7, 24, 38)
            (  8, 22, 39)(  9, 23, 37)( 10, 27, 41)( 11, 25, 42)( 12, 26, 40)( 13, 30, 44)( 14, 28, 45)( 15, 29, 43)
            ( 46, 63, 77)( 47, 61, 78)( 48, 62, 76)( 49, 66, 80)( 50, 64, 81)( 51, 65, 79)( 52, 69, 83)( 53, 67, 84)
            ( 54, 68, 82)( 55, 72, 86)( 56, 70, 87)( 57, 71, 85)( 58, 75, 89)( 59, 73, 90)( 60, 74, 88)( 91,108,122)
            ( 92,106,123)( 93,107,121)( 94,111,125)( 95,109,126)( 96,110,124)( 97,114,128)( 98,112,129)( 99,113,127)
            (100,117,131)(101,115,132)(102,116,130)(103,120,134)(104,118,135)(105,119,133), 
          (  1,109, 83, 12,120, 76,  5,113, 87, 13,106, 80,  9,117, 88,  2,110, 84, 10,118, 77,  6,114, 85, 14,107,
              81,  7,115, 89,  3,111, 82, 11,119, 78,  4,112, 86, 15,108, 79,  8,116, 90)( 16,124, 53, 27,135, 46, 20,
             128, 57, 28,121, 50, 24,132, 58, 17,125, 54, 25,133, 47, 21,129, 55, 29,122, 51, 22,130, 59, 18,126, 52,
              26,134, 48, 19,127, 56, 30,123, 49, 23,131, 60)( 31, 94, 68, 42,105, 61, 35, 98, 72, 43, 91, 65, 39,102,
             73, 32, 95, 69, 40,103, 62, 36, 99, 70, 44, 92, 66, 37,100, 74, 33, 96, 67, 41,104, 63, 34, 97, 71, 45,
              93, 64, 38,101, 75) ],
      gmul := [ (  1, 32, 18)(  2, 33, 16)(  3, 31, 17)(  4, 35, 21)(  5, 36, 19)(  6, 34, 20)(  7, 38, 24)
            (  8, 39, 22)(  9, 37, 23)( 10, 41, 27)( 11, 42, 25)( 12, 40, 26)( 13, 44, 30)( 14, 45, 28)( 15, 43, 29)
            ( 46, 77, 63)( 47, 78, 61)( 48, 76, 62)( 49, 80, 66)( 50, 81, 64)( 51, 79, 65)( 52, 83, 69)( 53, 84, 67)
            ( 54, 82, 68)( 55, 86, 72)( 56, 87, 70)( 57, 85, 71)( 58, 89, 75)( 59, 90, 73)( 60, 88, 74)( 91,122,108)
            ( 92,123,106)( 93,121,107)( 94,125,111)( 95,126,109)( 96,124,110)( 97,128,114)( 98,129,112)( 99,127,113)
            (100,131,117)(101,132,115)(102,130,116)(103,134,120)(104,135,118)(105,133,119), 
          (  1, 68,105,  5, 72, 91,  9, 73, 95, 10, 62, 99, 14, 66,100,  3, 67,104,  4, 71, 93,  8, 75, 94, 12, 61,
              98, 13, 65,102,  2, 69,103,  6, 70, 92,  7, 74, 96, 11, 63, 97, 15, 64,101)( 16, 83,120, 20, 87,106, 24,
             88,110, 25, 77,114, 29, 81,115, 18, 82,119, 19, 86,108, 23, 90,109, 27, 76,113, 28, 80,117, 17, 84,118,
              21, 85,107, 22, 89,111, 26, 78,112, 30, 79,116)( 31, 53,135, 35, 57,121, 39, 58,125, 40, 47,129, 44, 51,
             130, 33, 52,134, 34, 56,123, 38, 60,124, 42, 46,128, 43, 50,132, 32, 54,133, 36, 55,122, 37, 59,126, 41,
              48,127, 45, 49,131) ],
      p := (  2, 61,129, 60,  9, 32,108, 45, 82, 35, 25, 40,106, 29, 33,121,111,133, 65, 69, 92, 88,115,  6, 93, 59,
          44, 84,103, 71,132, 51, 64, 39,100, 57,105,135, 95, 54, 62, 23,  3,  7, 10, 91, 90, 58, 28, 27,107,119, 36,
          41,122,124,118,110,120, 66,114,101, 79,117, 20, 99, 81, 19, 24,123,  5, 18, 37)(  4, 31,102, 50, 48, 77, 72,
         34)(  8, 16, 47, 55, 43, 52, 85,112, 14, 70, 12, 46, 53, 56, 30, 63,113, 98, 86,128, 89,131, 80,130, 74,116,
         126,109, 75, 21, 22, 38, 97, 49, 87, 94, 83, 11, 67,127,125,134,104, 15, 76, 42, 73, 26, 17, 13, 78, 96, 68),
      q := (  2, 93,110, 49,127, 89, 83,  9, 18, 25, 22, 27, 47,114, 68, 12,108, 20, 70,  8, 31, 67, 87, 75, 44,130,
          95,115, 14, 99,133,104,  5, 32, 46,116, 88, 54, 92,126, 60, 11,102,119, 29, 17,  4, 16,107, 50,106, 36, 24,
          76, 23)(  3, 10, 63, 56, 35, 37)(  6, 61, 85, 57, 64, 26, 33, 78, 73, 39, 69, 62, 42, 96,101,135, 74, 53,
         113, 71, 82, 30, 91,124, 51,105, 79, 52,129,109, 94,131,134, 65,100,112)( 13,121, 58, 34)( 15,123)
        ( 19, 41, 77, 97,120,103, 98,128,125, 80, 84, 66, 55)( 21, 40, 48,122, 90,111, 81, 43,117, 45,132,118, 59)
        ( 28, 38, 72) ), rec(
      gadd := [ (  1, 65,129, 11, 75,121,  6, 67,131, 13, 62,126,  8, 72,133,  3, 64,128, 10, 74,123,  5, 69,130, 15,
              61,125,  7, 71,135,  2, 66,127, 12, 73,122,  4, 68,132, 14, 63,124,  9, 70,134)( 16, 80, 99, 26, 90, 91,
             21, 82,101, 28, 77, 96, 23, 87,103, 18, 79, 98, 25, 89, 93, 20, 84,100, 30, 76, 95, 22, 86,105, 17, 81,
              97, 27, 88, 92, 19, 83,102, 29, 78, 94, 24, 85,104)( 31, 50,114, 41, 60,106, 36, 52,116, 43, 47,111, 38,
             57,118, 33, 49,113, 40, 59,108, 35, 54,115, 45, 46,110, 37, 56,120, 32, 51,112, 42, 58,107, 34, 53,117,
              44, 48,109, 39, 55,119), (  1, 77,108,  2, 78,106,  3, 76,107)(  4, 80,111,  5, 81,109,  6, 79,110)
            (  7, 83,114,  8, 84,112,  9, 82,113)( 10, 86,117, 11, 87,115, 12, 85,116)( 13, 89,120, 14, 90,118, 15,
              88,119)( 16, 47,123, 17, 48,121, 18, 46,122)( 19, 50,126, 20, 51,124, 21, 49,125)( 22, 53,129, 23, 54,
             127, 24, 52,128)( 25, 56,132, 26, 57,130, 27, 55,131)( 28, 59,135, 29, 60,133, 30, 58,134)
            ( 31, 62, 93, 32, 63, 91, 33, 61, 92)( 34, 65, 96, 35, 66, 94, 36, 64, 95)( 37, 68, 99, 38, 69, 97, 39,
              67, 98)( 40, 71,102, 41, 72,100, 42, 70,101)( 43, 74,105, 44, 75,103, 45, 73,104) ],
      gmul := [ (  1, 50,113, 11, 60,108,  6, 52,115, 13, 47,110,  8, 57,120,  3, 49,112, 10, 59,107,  5, 54,117, 15,
              46,109,  7, 56,119,  2, 51,114, 12, 58,106,  4, 53,116, 14, 48,111,  9, 55,118)( 16, 65,128, 26, 75,123,
             21, 67,130, 28, 62,125, 23, 72,135, 18, 64,127, 25, 74,122, 20, 69,132, 30, 61,124, 22, 71,134, 17, 66,
             129, 27, 73,121, 19, 68,131, 29, 63,126, 24, 70,133)( 31, 80, 98, 41, 90, 93, 36, 82,100, 43, 77, 95, 38,
             87,105, 33, 79, 97, 40, 89, 92, 35, 84,102, 45, 76, 94, 37, 86,104, 32, 81, 99, 42, 88, 91, 34, 83,101,
              44, 78, 96, 39, 85,103), (  1, 67,103,  5, 71, 92,  9, 75, 96, 10, 61, 97, 14, 65,101,  3, 69,105,  4,
              70, 91,  8, 74, 95, 12, 63, 99, 13, 64,100,  2, 68,104,  6, 72, 93,  7, 73, 94, 11, 62, 98, 15, 66,102)
            ( 16, 82,118, 20, 86,107, 24, 90,111, 25, 76,112, 29, 80,116, 18, 84,120, 19, 85,106, 23, 89,110, 27, 78,
             114, 28, 79,115, 17, 83,119, 21, 87,108, 22, 88,109, 26, 77,113, 30, 81,117)( 31, 52,133, 35, 56,122, 39,
             60,126, 40, 46,127, 44, 50,131, 33, 54,135, 34, 55,121, 38, 59,125, 42, 48,129, 43, 49,130, 32, 53,134,
              36, 57,123, 37, 58,124, 41, 47,128, 45, 51,132) ],
      p := (  2, 61,  9, 32,107, 29, 27, 17, 13, 78, 26, 40)(  3,  7, 10, 91,131,125,126,110,135, 95, 90, 11, 67,113,
         120,  6, 93, 94, 58, 28,106,133, 65, 39, 77, 34,102, 50, 87, 19, 24)(  4, 31,123,109, 45, 52, 85, 96, 88, 35,
         108,118, 51, 64,112, 75, 12, 46, 84, 72,128,111,119,101, 79,115, 14, 70, 83,116,134,104, 60, 54, 62,127, 66,
         129, 80, 21, 22, 38, 41,122, 20, 99, 49, 55, 43,100, 81, 42, 97, 59, 44, 73, 57,105, 15, 76,130,  5, 18, 37,
          25,121,124, 36)(  8, 16, 47, 82,132, 74, 92,103, 71)( 23, 48, 53, 56, 30, 33, 63)( 68, 69,114, 89, 86,117,
          98),
      q := (  2, 93, 75,  8, 31, 77, 28, 47,130, 15,121, 88, 30, 17,  4, 16,106, 79, 53,112, 94,110, 80, 44, 96,124,
          29, 38, 24)(  3, 10, 63, 42, 72, 87, 43, 69, 57, 64, 56, 35, 48,115,  6, 61, 11,102,118,120, 14, 99,119, 68,
         100,134, 65, 26, 22, 27, 33, 91, 84, 97,109, 20, 70,132, 95,125, 89,129,135, 74, 62, 85, 73,114,126, 58, 34,
          67, 55, 19, 41, 78, 39,123, 59, 21, 40)(  5, 32, 46,131, 90,  9, 18, 25, 76, 82, 83, 52,127,103, 98,101,133,
         104,111, 49,113, 51,105)( 12,107, 36, 13,122, 45,116, 81, 23,108, 50,128, 60,117, 71)( 54, 92, 66, 86) ), 
  rec(
      gadd := [ (  1, 75,131,  8, 64,123, 15, 71,127,  4, 63,134, 11, 67,126,  3, 74,130,  7, 66,122, 14, 70,129,  6,
              62,133, 10, 69,125,  2, 73,132,  9, 65,121, 13, 72,128,  5, 61,135, 12, 68,124)( 16, 90,101, 23, 79, 93,
             30, 86, 97, 19, 78,104, 26, 82, 96, 18, 89,100, 22, 81, 92, 29, 85, 99, 21, 77,103, 25, 84, 95, 17, 88,
             102, 24, 80, 91, 28, 87, 98, 20, 76,105, 27, 83, 94)( 31, 60,116, 38, 49,108, 45, 56,112, 34, 48,119, 41,
             52,111, 33, 59,115, 37, 51,107, 44, 55,114, 36, 47,118, 40, 54,110, 32, 58,117, 39, 50,106, 43, 57,113,
              35, 46,120, 42, 53,109), (  1, 85,109, 14, 83,107, 12, 81,120,  7, 76,115,  5, 89,113,  3, 87,111, 13,
              82,106, 11, 80,119,  9, 78,117,  4, 88,112,  2, 86,110, 15, 84,108, 10, 79,118,  8, 77,116,  6, 90,114)
            ( 16, 55,124, 29, 53,122, 27, 51,135, 22, 46,130, 20, 59,128, 18, 57,126, 28, 52,121, 26, 50,134, 24, 48,
             132, 19, 58,127, 17, 56,125, 30, 54,123, 25, 49,133, 23, 47,131, 21, 60,129)( 31, 70, 94, 44, 68, 92, 42,
             66,105, 37, 61,100, 35, 74, 98, 33, 72, 96, 43, 67, 91, 41, 65,104, 39, 63,102, 34, 73, 97, 32, 71, 95,
              45, 69, 93, 40, 64,103, 38, 62,101, 36, 75, 99) ],
      gmul := [ (  1, 88,132,  8, 80,121, 15, 87,128,  4, 76,135, 11, 83,124,  3, 90,131,  7, 79,123, 14, 86,127,  6,
              78,134, 10, 82,126,  2, 89,130,  9, 81,122, 13, 85,129,  5, 77,133, 12, 84,125)( 16, 58,102, 23, 50, 91,
             30, 57, 98, 19, 46,105, 26, 53, 94, 18, 60,101, 22, 49, 93, 29, 56, 97, 21, 48,104, 25, 52, 96, 17, 59,
             100, 24, 51, 92, 28, 55, 99, 20, 47,103, 27, 54, 95)( 31, 73,117, 38, 65,106, 45, 72,113, 34, 61,120, 41,
             68,109, 33, 75,116, 37, 64,108, 44, 71,112, 36, 63,119, 40, 67,111, 32, 74,115, 39, 66,107, 43, 70,114,
              35, 62,118, 42, 69,110), (  1,106, 48,  3,108, 47,  2,107, 46)(  4,109, 51,  6,111, 50,  5,110, 49)
            (  7,112, 54,  9,114, 53,  8,113, 52)( 10,115, 57, 12,117, 56, 11,116, 55)( 13,118, 60, 15,120, 59, 14,
             119, 58)( 16,121, 63, 18,123, 62, 17,122, 61)( 19,124, 66, 21,126, 65, 20,125, 64)( 22,127, 69, 24,129,
              68, 23,128, 67)( 25,130, 72, 27,132, 71, 26,131, 70)( 28,133, 75, 30,135, 74, 29,134, 73)
            ( 31, 91, 78, 33, 93, 77, 32, 92, 76)( 34, 94, 81, 36, 96, 80, 35, 95, 79)( 37, 97, 84, 39, 99, 83, 38,
              98, 82)( 40,100, 87, 42,102, 86, 41,101, 85)( 43,103, 90, 45,105, 89, 44,104, 88) ],
      p := (  2, 61,128,124, 36,  4, 31,123,111,119,  6, 93, 94, 58, 28,108,120,125,126,110,135, 95, 90, 11, 67,113,
         133, 65, 39,106, 29, 27, 77, 26, 17, 13, 78, 86,130,  5, 18, 37, 25, 40)(  3,  7, 10, 91, 57,105,134,104, 15,
         76, 34,102, 50, 87, 19, 24,122, 80, 21, 22, 38, 41, 48, 53, 56, 30, 33, 63, 83,116, 60,  9, 32,107, 89,115,
