## size 40
BRACES[40] := rec( total := -1, implemented := 106, size := 40, brace := [] );
BRACES[40].brace[1] := rec ( size := 40, perms :=
[ [ (), () ], 
  [ ( 6,10)( 7,11)( 8,12)( 9,13), ( 1, 4)( 2, 8)( 3, 9)( 5,12)( 6,15)( 7,16)
        (10,19)(11,20)(13,23)(14,24)(17,27)(18,28)(21,30)(22,31)(25,34)(26,35)
        (29,36)(32,38)(33,39)(37,40) ], 
  [ ( 6, 8,10,12)( 7, 9,11,13), ( 1, 9, 4, 3)( 2,16, 8, 7)( 5,20,12,11)
        ( 6,24,15,14)(10,28,19,18)(13,31,23,22)(17,35,27,26)(21,36,30,29)
        (25,39,34,33)(32,40,38,37) ], 
  [ ( 6,12,10, 8)( 7,13,11, 9), ( 1, 3, 4, 9)( 2, 7, 8,16)( 5,11,12,20)
        ( 6,14,15,24)(10,18,19,28)(13,22,23,31)(17,26,27,35)(21,29,30,36)
        (25,33,34,39)(32,37,38,40) ], 
  [ (1,3,5,2,4), ( 1,21,13, 6, 2)( 3,29,22,14, 7)( 4,30,23,15, 8)
        ( 5,32,25,17,10)( 9,36,31,24,16)(11,37,33,26,18)(12,38,34,27,19)
        (20,40,39,35,28) ], 
  [ ( 1, 3, 5, 2, 4)( 6,10)( 7,11)( 8,12)( 9,13), 
      ( 1,30,13,15, 2, 4,21,23, 6, 8)( 3,36,22,24, 7, 9,29,31,14,16)
        ( 5,38,25,27,10,12,32,34,17,19)(11,40,33,35,18,20,37,39,26,28) ], 
  [ ( 1, 3, 5, 2, 4)( 6, 8,10,12)( 7, 9,11,13), 
      ( 1,36,23,14, 2, 9,30,22, 6,16, 4,29,13,24, 8, 3,21,31,15, 7)
        ( 5,40,34,26,10,20,38,33,17,28,12,37,25,35,19,11,32,39,27,18) ], 
  [ ( 1, 3, 5, 2, 4)( 6,12,10, 8)( 7,13,11, 9), 
      ( 1,29,23,24, 2, 3,30,31, 6, 7, 4,36,13,14, 8, 9,21,22,15,16)
        ( 5,37,34,35,10,11,38,39,17,18,12,40,25,26,19,20,32,33,27,28) ], 
  [ (1,5,4,3,2), ( 1,13, 2,21, 6)( 3,22, 7,29,14)( 4,23, 8,30,15)
        ( 5,25,10,32,17)( 9,31,16,36,24)(11,33,18,37,26)(12,34,19,38,27)
        (20,39,28,40,35) ], 
  [ ( 1, 5, 4, 3, 2)( 6,10)( 7,11)( 8,12)( 9,13), 
      ( 1,23, 2,30, 6, 4,13, 8,21,15)( 3,31, 7,36,14, 9,22,16,29,24)
        ( 5,34,10,38,17,12,25,19,32,27)(11,39,18,40,26,20,33,28,37,35) ], 
  [ ( 1, 5, 4, 3, 2)( 6, 8,10,12)( 7, 9,11,13), 
      ( 1,31, 8,29, 6, 9,23, 7,21,24, 4,22, 2,36,15, 3,13,16,30,14)
        ( 5,39,19,37,17,20,34,18,32,35,12,33,10,40,27,11,25,28,38,26) ], 
  [ ( 1, 5, 4, 3, 2)( 6,12,10, 8)( 7,13,11, 9), 
      ( 1,22, 8,36, 6, 3,23,16,21,14, 4,31, 2,29,15, 9,13, 7,30,24)
        ( 5,33,19,40,17,11,34,28,32,26,12,39,10,37,27,20,25,18,38,35) ], 
  [ (1,2,3,4,5), ( 1, 6,21, 2,13)( 3,14,29, 7,22)( 4,15,30, 8,23)
        ( 5,17,32,10,25)( 9,24,36,16,31)(11,26,37,18,33)(12,27,38,19,34)
        (20,35,40,28,39) ], 
  [ ( 1, 2, 3, 4, 5)( 6,10)( 7,11)( 8,12)( 9,13), 
      ( 1,15,21, 8,13, 4, 6,30, 2,23)( 3,24,29,16,22, 9,14,36, 7,31)
        ( 5,27,32,19,25,12,17,38,10,34)(11,35,37,28,33,20,26,40,18,39) ], 
  [ ( 1, 2, 3, 4, 5)( 6, 8,10,12)( 7, 9,11,13), 
      ( 1,24,30, 7,13, 9,15,29, 2,31, 4,14,21,16,23, 3, 6,36, 8,22)
        ( 5,35,38,18,25,20,27,37,10,39,12,26,32,28,34,11,17,40,19,33) ], 
  [ ( 1, 2, 3, 4, 5)( 6,12,10, 8)( 7,13,11, 9), 
      ( 1,14,30,16,13, 3,15,36, 2,22, 4,24,21, 7,23, 9, 6,29, 8,31)
        ( 5,26,38,28,25,11,27,40,10,33,12,35,32,18,34,20,17,37,19,39) ], 
  [ (1,4,2,5,3), ( 1, 2, 6,13,21)( 3, 7,14,22,29)( 4, 8,15,23,30)
        ( 5,10,17,25,32)( 9,16,24,31,36)(11,18,26,33,37)(12,19,27,34,38)
        (20,28,35,39,40) ], 
  [ ( 1, 4, 2, 5, 3)( 6,10)( 7,11)( 8,12)( 9,13), 
      ( 1, 8, 6,23,21, 4, 2,15,13,30)( 3,16,14,31,29, 9, 7,24,22,36)
        ( 5,19,17,34,32,12,10,27,25,38)(11,28,26,39,37,20,18,35,33,40) ], 
  [ ( 1, 4, 2, 5, 3)( 6, 8,10,12)( 7, 9,11,13), 
      ( 1,16,15,22,21, 9, 8,14,13,36, 4, 7, 6,31,30, 3, 2,24,23,29)
        ( 5,28,27,33,32,20,19,26,25,40,12,18,17,39,38,11,10,35,34,37) ], 
  [ ( 1, 4, 2, 5, 3)( 6,12,10, 8)( 7,13,11, 9), 
      ( 1, 7,15,31,21, 3, 8,24,13,29, 4,16, 6,22,30, 9, 2,14,23,36)
        ( 5,18,27,39,32,11,19,35,25,37,12,28,17,33,38,20,10,26,34,40) ], 
  [ ( 6,11, 8,13,10, 7,12, 9), ( 1,20)( 2,28)( 3,12)( 4,11)( 5, 9)( 6,35)
        ( 7,19)( 8,18)(10,16)(13,39)(14,27)(15,26)(17,24)(21,40)(22,34)(23,33)
        (25,31)(29,38)(30,37)(32,36) ], 
  [ ( 6, 7, 8, 9,10,11,12,13), ( 1,11)( 2,18)( 3, 5)( 4,20)( 6,26)( 7,10)
        ( 8,28)( 9,12)(13,33)(14,17)(15,35)(16,19)(21,37)(22,25)(23,39)(24,27)
        (29,32)(30,40)(31,34)(36,38) ], 
  [ ( 6,13,12,11,10, 9, 8, 7), ( 1,12)( 2,19)( 3,11)( 4, 5)( 6,27)( 7,18)
        ( 8,10)( 9,20)(13,34)(14,26)(15,17)(16,28)(21,38)(22,33)(23,25)(24,35)
        (29,37)(30,32)(31,39)(36,40) ], 
  [ ( 6, 9,12, 7,10,13, 8,11), ( 1, 5)( 2,10)( 3,20)( 4,12)( 6,17)( 7,28)
        ( 8,19)( 9,11)(13,25)(14,35)(15,27)(16,18)(21,32)(22,39)(23,34)(24,26)
        (29,40)(30,38)(31,33)(36,37) ], 
  [ ( 1, 3, 5, 2, 4)( 6,11, 8,13,10, 7,12, 9), 
      ( 1,40,13,35, 2,20,21,39, 6,28)( 3,38,22,27, 7,12,29,34,14,19)
        ( 4,37,23,26, 8,11,30,33,15,18)( 5,36,25,24,10, 9,32,31,17,16) ], 
  [ ( 1, 3, 5, 2, 4)( 6, 7, 8, 9,10,11,12,13), 
      ( 1,37,13,26, 2,11,21,33, 6,18)( 3,32,22,17, 7, 5,29,25,14,10)
        ( 4,40,23,35, 8,20,30,39,15,28)( 9,38,31,27,16,12,36,34,24,19) ], 
  [ ( 1, 3, 5, 2, 4)( 6,13,12,11,10, 9, 8, 7), 
      ( 1,38,13,27, 2,12,21,34, 6,19)( 3,37,22,26, 7,11,29,33,14,18)
        ( 4,32,23,17, 8, 5,30,25,15,10)( 9,40,31,35,16,20,36,39,24,28) ], 
  [ ( 1, 3, 5, 2, 4)( 6, 9,12, 7,10,13, 8,11), 
      ( 1,32,13,17, 2, 5,21,25, 6,10)( 3,40,22,35, 7,20,29,39,14,28)
        ( 4,38,23,27, 8,12,30,34,15,19)( 9,37,31,26,16,11,36,33,24,18) ], 
  [ ( 1, 5, 4, 3, 2)( 6,11, 8,13,10, 7,12, 9), 
      ( 1,39, 2,40, 6,20,13,28,21,35)( 3,34, 7,38,14,12,22,19,29,27)
        ( 4,33, 8,37,15,11,23,18,30,26)( 5,31,10,36,17, 9,25,16,32,24) ], 
  [ ( 1, 5, 4, 3, 2)( 6, 7, 8, 9,10,11,12,13), 
      ( 1,33, 2,37, 6,11,13,18,21,26)( 3,25, 7,32,14, 5,22,10,29,17)
        ( 4,39, 8,40,15,20,23,28,30,35)( 9,34,16,38,24,12,31,19,36,27) ], 
  [ ( 1, 5, 4, 3, 2)( 6,13,12,11,10, 9, 8, 7), 
      ( 1,34, 2,38, 6,12,13,19,21,27)( 3,33, 7,37,14,11,22,18,29,26)
        ( 4,25, 8,32,15, 5,23,10,30,17)( 9,39,16,40,24,20,31,28,36,35) ], 
  [ ( 1, 5, 4, 3, 2)( 6, 9,12, 7,10,13, 8,11), 
      ( 1,25, 2,32, 6, 5,13,10,21,17)( 3,39, 7,40,14,20,22,28,29,35)
        ( 4,34, 8,38,15,12,23,19,30,27)( 9,33,16,37,24,11,31,18,36,26) ], 
  [ ( 1, 2, 3, 4, 5)( 6,11, 8,13,10, 7,12, 9), 
      ( 1,35,21,28,13,20, 6,40, 2,39)( 3,27,29,19,22,12,14,38, 7,34)
        ( 4,26,30,18,23,11,15,37, 8,33)( 5,24,32,16,25, 9,17,36,10,31) ], 
  [ ( 1, 2, 3, 4, 5)( 6, 7, 8, 9,10,11,12,13), 
      ( 1,26,21,18,13,11, 6,37, 2,33)( 3,17,29,10,22, 5,14,32, 7,25)
        ( 4,35,30,28,23,20,15,40, 8,39)( 9,27,36,19,31,12,24,38,16,34) ], 
  [ ( 1, 2, 3, 4, 5)( 6,13,12,11,10, 9, 8, 7), 
      ( 1,27,21,19,13,12, 6,38, 2,34)( 3,26,29,18,22,11,14,37, 7,33)
        ( 4,17,30,10,23, 5,15,32, 8,25)( 9,35,36,28,31,20,24,40,16,39) ], 
  [ ( 1, 2, 3, 4, 5)( 6, 9,12, 7,10,13, 8,11), 
      ( 1,17,21,10,13, 5, 6,32, 2,25)( 3,35,29,28,22,20,14,40, 7,39)
        ( 4,27,30,19,23,12,15,38, 8,34)( 9,26,36,18,31,11,24,37,16,33) ], 
  [ ( 1, 4, 2, 5, 3)( 6,11, 8,13,10, 7,12, 9), 
      ( 1,28, 6,39,21,20, 2,35,13,40)( 3,19,14,34,29,12, 7,27,22,38)
        ( 4,18,15,33,30,11, 8,26,23,37)( 5,16,17,31,32, 9,10,24,25,36) ], 
  [ ( 1, 4, 2, 5, 3)( 6, 7, 8, 9,10,11,12,13), 
      ( 1,18, 6,33,21,11, 2,26,13,37)( 3,10,14,25,29, 5, 7,17,22,32)
        ( 4,28,15,39,30,20, 8,35,23,40)( 9,19,24,34,36,12,16,27,31,38) ], 
  [ ( 1, 4, 2, 5, 3)( 6,13,12,11,10, 9, 8, 7), 
      ( 1,19, 6,34,21,12, 2,27,13,38)( 3,18,14,33,29,11, 7,26,22,37)
        ( 4,10,15,25,30, 5, 8,17,23,32)( 9,28,24,39,36,20,16,35,31,40) ], 
  [ ( 1, 4, 2, 5, 3)( 6, 9,12, 7,10,13, 8,11), 
      ( 1,10, 6,25,21, 5, 2,17,13,32)( 3,28,14,39,29,20, 7,35,22,40)
        ( 4,19,15,34,30,12, 8,27,23,38)( 9,18,24,33,36,11,16,26,31,37) ] ]
);

BRACES[40].brace[2] := rec ( size := 40, perms :=
[ [ (), () ], 
  [ ( 6,10)( 7,11)( 8,12)( 9,13), ( 1, 4)( 2, 7)( 3, 8)( 5,12)( 6,13)( 9,16)
        (10,19)(11,20)(14,23)(15,24)(17,26)(18,27)(21,30)(22,31)(25,32)(28,35)
        (29,36)(33,38)(34,39)(37,40) ], 
  [ ( 6, 8,10,12)( 7, 9,11,13), ( 1, 8, 4, 3)( 2,13, 7, 6)( 5,20,12,11)
        ( 9,24,16,15)(10,27,19,18)(14,31,23,22)(17,32,26,25)(21,36,30,29)
        (28,39,35,34)(33,40,38,37) ], 
  [ ( 6,12,10, 8)( 7,13,11, 9), ( 1, 3, 4, 8)( 2, 6, 7,13)( 5,11,12,20)
        ( 9,15,16,24)(10,18,19,27)(14,22,23,31)(17,25,26,32)(21,29,30,36)
        (28,34,35,39)(33,37,38,40) ], 
  [ (1,3,5,2,4), ( 1,17,10, 5, 2)( 3,25,18,11, 6)( 4,26,19,12, 7)
        ( 8,32,27,20,13)( 9,33,28,21,14)(15,37,34,29,22)(16,38,35,30,23)
        (24,40,39,36,31) ], 
  [ ( 1, 3, 5, 2, 4)( 6,10)( 7,11)( 8,12)( 9,13), 
      ( 1,26,10,12, 2, 4,17,19, 5, 7)( 3,32,18,20, 6, 8,25,27,11,13)
        ( 9,38,28,30,14,16,33,35,21,23)(15,40,34,36,22,24,37,39,29,31) ], 
  [ ( 1, 3, 5, 2, 4)( 6, 8,10,12)( 7, 9,11,13), 
      ( 1,32,19,11, 2, 8,26,18, 5,13, 4,25,10,20, 7, 3,17,27,12, 6)
        ( 9,40,35,29,14,24,38,34,21,31,16,37,28,36,23,15,33,39,30,22) ], 
  [ ( 1, 3, 5, 2, 4)( 6,12,10, 8)( 7,13,11, 9), 
      ( 1,25,19,20, 2, 3,26,27, 5, 6, 4,32,10,11, 7, 8,17,18,12,13)
        ( 9,37,35,36,14,15,38,39,21,22,16,40,28,29,23,24,33,34,30,31) ], 
  [ (1,5,4,3,2), ( 1,10, 2,17, 5)( 3,18, 6,25,11)( 4,19, 7,26,12)
        ( 8,27,13,32,20)( 9,28,14,33,21)(15,34,22,37,29)(16,35,23,38,30)
        (24,39,31,40,36) ], 
  [ ( 1, 5, 4, 3, 2)( 6,10)( 7,11)( 8,12)( 9,13), 
      ( 1,19, 2,26, 5, 4,10, 7,17,12)( 3,27, 6,32,11, 8,18,13,25,20)
        ( 9,35,14,38,21,16,28,23,33,30)(15,39,22,40,29,24,34,31,37,36) ], 
  [ ( 1, 5, 4, 3, 2)( 6, 8,10,12)( 7, 9,11,13), 
      ( 1,27, 7,25, 5, 8,19, 6,17,20, 4,18, 2,32,12, 3,10,13,26,11)
        ( 9,39,23,37,21,24,35,22,33,36,16,34,14,40,30,15,28,31,38,29) ], 
  [ ( 1, 5, 4, 3, 2)( 6,12,10, 8)( 7,13,11, 9), 
      ( 1,18, 7,32, 5, 3,19,13,17,11, 4,27, 2,25,12, 8,10, 6,26,20)
        ( 9,34,23,40,21,15,35,31,33,29,16,39,14,37,30,24,28,22,38,36) ], 
  [ (1,2,3,4,5), ( 1, 5,17, 2,10)( 3,11,25, 6,18)( 4,12,26, 7,19)
        ( 8,20,32,13,27)( 9,21,33,14,28)(15,29,37,22,34)(16,30,38,23,35)
        (24,36,40,31,39) ], 
  [ ( 1, 2, 3, 4, 5)( 6,10)( 7,11)( 8,12)( 9,13), 
      ( 1,12,17, 7,10, 4, 5,26, 2,19)( 3,20,25,13,18, 8,11,32, 6,27)
        ( 9,30,33,23,28,16,21,38,14,35)(15,36,37,31,34,24,29,40,22,39) ], 
  [ ( 1, 2, 3, 4, 5)( 6, 8,10,12)( 7, 9,11,13), 
      ( 1,20,26, 6,10, 8,12,25, 2,27, 4,11,17,13,19, 3, 5,32, 7,18)
        ( 9,36,38,22,28,24,30,37,14,39,16,29,33,31,35,15,21,40,23,34) ], 
  [ ( 1, 2, 3, 4, 5)( 6,12,10, 8)( 7,13,11, 9), 
      ( 1,11,26,13,10, 3,12,32, 2,18, 4,20,17, 6,19, 8, 5,25, 7,27)
        ( 9,29,38,31,28,15,30,40,14,34,16,36,33,22,35,24,21,37,23,39) ], 
  [ (1,4,2,5,3), ( 1, 2, 5,10,17)( 3, 6,11,18,25)( 4, 7,12,19,26)
        ( 8,13,20,27,32)( 9,14,21,28,33)(15,22,29,34,37)(16,23,30,35,38)
        (24,31,36,39,40) ], 
  [ ( 1, 4, 2, 5, 3)( 6,10)( 7,11)( 8,12)( 9,13), 
      ( 1, 7, 5,19,17, 4, 2,12,10,26)( 3,13,11,27,25, 8, 6,20,18,32)
        ( 9,23,21,35,33,16,14,30,28,38)(15,31,29,39,37,24,22,36,34,40) ], 
  [ ( 1, 4, 2, 5, 3)( 6, 8,10,12)( 7, 9,11,13), 
      ( 1,13,12,18,17, 8, 7,11,10,32, 4, 6, 5,27,26, 3, 2,20,19,25)
        ( 9,31,30,34,33,24,23,29,28,40,16,22,21,39,38,15,14,36,35,37) ], 
  [ ( 1, 4, 2, 5, 3)( 6,12,10, 8)( 7,13,11, 9), 
      ( 1, 6,12,27,17, 3, 7,20,10,25, 4,13, 5,18,26, 8, 2,11,19,32)
        ( 9,22,30,39,33,15,23,36,28,37,16,31,21,34,38,24,14,29,35,40) ], 
  [ ( 6,11, 8,13,10, 7,12, 9), ( 1,24)( 2,40)( 3,16)( 4,15)( 5,39)( 6,38)
        ( 7,37)( 8, 9)(10,36)(11,35)(12,34)(13,33)(14,32)(17,31)(18,30)(19,29)
        (20,28)(21,27)(22,26)(23,25) ], 
  [ ( 6, 7, 8, 9,10,11,12,13), ( 1,15)( 2,37)( 3, 9)( 4,24)( 5,34)( 6,33)
        ( 7,40)( 8,16)(10,29)(11,28)(12,39)(13,38)(14,25)(17,22)(18,21)(19,36)
        (20,35)(23,32)(26,31)(27,30) ], 
  [ ( 6,13,12,11,10, 9, 8, 7), ( 1,16)( 2,38)( 3,15)( 4, 9)( 5,35)( 6,37)
        ( 7,33)( 8,24)(10,30)(11,34)(12,28)(13,40)(14,26)(17,23)(18,29)(19,21)
        (20,39)(22,25)(27,36)(31,32) ], 
  [ ( 6, 9,12, 7,10,13, 8,11), ( 1, 9)( 2,33)( 3,24)( 4,16)( 5,28)( 6,40)
        ( 7,38)( 8,15)(10,21)(11,39)(12,35)(13,37)(14,17)(18,36)(19,30)(20,34)
        (22,32)(23,26)(25,31)(27,29) ], 
  [ ( 1, 3, 5, 2, 4)( 6,11, 8,13,10, 7,12, 9), 
      ( 1,40)( 2,39)( 3,38)( 4,37)( 5,36)( 6,35)( 7,34)( 8,33)( 9,32)(10,31)
        (11,30)(12,29)(13,28)(14,27)(15,26)(16,25)(17,24)(18,23)(19,22)
        (20,21) ], 
  [ ( 1, 3, 5, 2, 4)( 6, 7, 8, 9,10,11,12,13), 
      ( 1,37)( 2,34)( 3,33)( 4,40)( 5,29)( 6,28)( 7,39)( 8,38)( 9,25)(10,22)
        (11,21)(12,36)(13,35)(14,18)(15,17)(16,32)(19,31)(20,30)(23,27)
        (24,26) ], 
  [ ( 1, 3, 5, 2, 4)( 6,13,12,11,10, 9, 8, 7), 
      ( 1,38)( 2,35)( 3,37)( 4,33)( 5,30)( 6,34)( 7,28)( 8,40)( 9,26)(10,23)
        (11,29)(12,21)(13,39)(14,19)(15,25)(16,17)(18,22)(20,36)(24,32)
        (27,31) ], 
  [ ( 1, 3, 5, 2, 4)( 6, 9,12, 7,10,13, 8,11), 
      ( 1,33)( 2,28)( 3,40)( 4,38)( 5,21)( 6,39)( 7,35)( 8,37)( 9,17)(10,14)
        (11,36)(12,30)(13,34)(15,32)(16,26)(18,31)(19,23)(20,29)(22,27)
        (24,25) ], 
  [ ( 1, 5, 4, 3, 2)( 6,11, 8,13,10, 7,12, 9), 
      ( 1,39)( 2,36)( 3,35)( 4,34)( 5,31)( 6,30)( 7,29)( 8,28)( 9,27)(10,24)
        (11,23)(12,22)(13,21)(14,20)(15,19)(16,18)(17,40)(25,38)(26,37)
        (32,33) ], 
  [ ( 1, 5, 4, 3, 2)( 6, 7, 8, 9,10,11,12,13), 
      ( 1,34)( 2,29)( 3,28)( 4,39)( 5,22)( 6,21)( 7,36)( 8,35)( 9,18)(10,15)
        (11,14)(12,31)(13,30)(16,27)(17,37)(19,24)(20,23)(25,33)(26,40)
        (32,38) ], 
  [ ( 1, 5, 4, 3, 2)( 6,13,12,11,10, 9, 8, 7), 
      ( 1,35)( 2,30)( 3,34)( 4,28)( 5,23)( 6,29)( 7,21)( 8,39)( 9,19)(10,16)
        (11,22)(12,14)(13,36)(15,18)(17,38)(20,31)(24,27)(25,37)(26,33)
        (32,40) ], 
  [ ( 1, 5, 4, 3, 2)( 6, 9,12, 7,10,13, 8,11), 
      ( 1,28)( 2,21)( 3,39)( 4,35)( 5,14)( 6,36)( 7,30)( 8,34)( 9,10)(11,31)
        (12,23)(13,29)(15,27)(16,19)(17,33)(18,24)(20,22)(25,40)(26,38)
        (32,37) ], 
  [ ( 1, 2, 3, 4, 5)( 6,11, 8,13,10, 7,12, 9), 
      ( 1,36)( 2,31)( 3,30)( 4,29)( 5,24)( 6,23)( 7,22)( 8,21)( 9,20)(10,40)
        (11,16)(12,15)(13,14)(17,39)(18,38)(19,37)(25,35)(26,34)(27,33)
        (28,32) ], 
  [ ( 1, 2, 3, 4, 5)( 6, 7, 8, 9,10,11,12,13), 
      ( 1,29)( 2,22)( 3,21)( 4,36)( 5,15)( 6,14)( 7,31)( 8,30)( 9,11)(10,37)
        (12,24)(13,23)(16,20)(17,34)(18,33)(19,40)(25,28)(26,39)(27,38)
        (32,35) ], 
  [ ( 1, 2, 3, 4, 5)( 6,13,12,11,10, 9, 8, 7), 
      ( 1,30)( 2,23)( 3,29)( 4,21)( 5,16)( 6,22)( 7,14)( 8,36)( 9,12)(10,38)
        (11,15)(13,31)(17,35)(18,37)(19,33)(20,24)(25,34)(26,28)(27,40)
        (32,39) ], 
  [ ( 1, 2, 3, 4, 5)( 6, 9,12, 7,10,13, 8,11), 
      ( 1,21)( 2,14)( 3,36)( 4,30)( 5, 9)( 6,31)( 7,23)( 8,29)(10,33)(11,24)
        (12,16)(13,22)(15,20)(17,28)(18,40)(19,38)(25,39)(26,35)(27,37)
        (32,34) ], 
  [ ( 1, 4, 2, 5, 3)( 6,11, 8,13,10, 7,12, 9), 
      ( 1,31)( 2,24)( 3,23)( 4,22)( 5,40)( 6,16)( 7,15)( 8,14)( 9,13)(10,39)
        (11,38)(12,37)(17,36)(18,35)(19,34)(20,33)(21,32)(25,30)(26,29)
        (27,28) ], 
  [ ( 1, 4, 2, 5, 3)( 6, 7, 8, 9,10,11,12,13), 
      ( 1,22)( 2,15)( 3,14)( 4,31)( 5,37)( 6, 9)( 7,24)( 8,23)(10,34)(11,33)
        (12,40)(13,16)(17,29)(18,28)(19,39)(20,38)(21,25)(26,36)(27,35)
        (30,32) ], 
  [ ( 1, 4, 2, 5, 3)( 6,13,12,11,10, 9, 8, 7), 
      ( 1,23)( 2,16)( 3,22)( 4,14)( 5,38)( 6,15)( 7, 9)( 8,31)(10,35)(11,37)
        (12,33)(13,24)(17,30)(18,34)(19,28)(20,40)(21,26)(25,29)(27,39)
        (32,36) ], 
  [ ( 1, 4, 2, 5, 3)( 6, 9,12, 7,10,13, 8,11), 
      ( 1,14)( 2, 9)( 3,31)( 4,23)( 5,33)( 6,24)( 7,16)( 8,22)(10,28)(11,40)
        (12,38)(13,15)(17,21)(18,39)(19,35)(20,37)(25,36)(26,30)(27,34)
        (29,32) ] ]
);

BRACES[40].brace[3] := rec ( size := 40, perms :=
[ [ (), () ], 
  [ ( 6,10)( 7,11)( 8,12)( 9,13), ( 1, 4)( 2, 7)( 3, 8)( 5,11)( 6,12)( 9,16)
        (10,17)(13,20)(14,22)(15,23)(18,26)(19,27)(21,28)(24,31)(25,32)(29,35)
        (30,36)(33,38)(34,39)(37,40) ], 
  [ ( 6, 8,10,12)( 7, 9,11,13), ( 1, 8, 4, 3)( 2,12, 7, 6)( 5,17,11,10)
        ( 9,23,16,15)(13,27,20,19)(14,28,22,21)(18,32,26,25)(24,36,31,30)
        (29,39,35,34)(33,40,38,37) ], 
  [ ( 6,12,10, 8)( 7,13,11, 9), ( 1, 3, 4, 8)( 2, 6, 7,12)( 5,10,11,17)
        ( 9,15,16,23)(13,19,20,27)(14,21,22,28)(18,25,26,32)(24,30,31,36)
        (29,34,35,39)(33,37,38,40) ], 
  [ (1,3,5,2,4), ( 1,14, 9, 5, 2)( 3,21,15,10, 6)( 4,22,16,11, 7)
        ( 8,28,23,17,12)(13,33,29,24,18)(19,37,34,30,25)(20,38,35,31,26)
        (27,40,39,36,32) ], 
  [ ( 1, 3, 5, 2, 4)( 6,10)( 7,11)( 8,12)( 9,13), 
      ( 1,22, 9,11, 2, 4,14,16, 5, 7)( 3,28,15,17, 6, 8,21,23,10,12)
        (13,38,29,31,18,20,33,35,24,26)(19,40,34,36,25,27,37,39,30,32) ], 
  [ ( 1, 3, 5, 2, 4)( 6, 8,10,12)( 7, 9,11,13), 
      ( 1,28,16,10, 2, 8,22,15, 5,12, 4,21, 9,17, 7, 3,14,23,11, 6)
        (13,40,35,30,18,27,38,34,24,32,20,37,29,36,26,19,33,39,31,25) ], 
  [ ( 1, 3, 5, 2, 4)( 6,12,10, 8)( 7,13,11, 9), 
      ( 1,21,16,17, 2, 3,22,23, 5, 6, 4,28, 9,10, 7, 8,14,15,11,12)
        (13,37,35,36,18,19,38,39,24,25,20,40,29,30,26,27,33,34,31,32) ], 
  [ (1,5,4,3,2), ( 1, 9, 2,14, 5)( 3,15, 6,21,10)( 4,16, 7,22,11)
        ( 8,23,12,28,17)(13,29,18,33,24)(19,34,25,37,30)(20,35,26,38,31)
        (27,39,32,40,36) ], 
  [ ( 1, 5, 4, 3, 2)( 6,10)( 7,11)( 8,12)( 9,13), 
      ( 1,16, 2,22, 5, 4, 9, 7,14,11)( 3,23, 6,28,10, 8,15,12,21,17)
        (13,35,18,38,24,20,29,26,33,31)(19,39,25,40,30,27,34,32,37,36) ], 
  [ ( 1, 5, 4, 3, 2)( 6, 8,10,12)( 7, 9,11,13), 
      ( 1,23, 7,21, 5, 8,16, 6,14,17, 4,15, 2,28,11, 3, 9,12,22,10)
        (13,39,26,37,24,27,35,25,33,36,20,34,18,40,31,19,29,32,38,30) ], 
  [ ( 1, 5, 4, 3, 2)( 6,12,10, 8)( 7,13,11, 9), 
      ( 1,15, 7,28, 5, 3,16,12,14,10, 4,23, 2,21,11, 8, 9, 6,22,17)
        (13,34,26,40,24,19,35,32,33,30,20,39,18,37,31,27,29,25,38,36) ], 
  [ (1,2,3,4,5), ( 1, 5,14, 2, 9)( 3,10,21, 6,15)( 4,11,22, 7,16)
        ( 8,17,28,12,23)(13,24,33,18,29)(19,30,37,25,34)(20,31,38,26,35)
        (27,36,40,32,39) ], 
  [ ( 1, 2, 3, 4, 5)( 6,10)( 7,11)( 8,12)( 9,13), 
      ( 1,11,14, 7, 9, 4, 5,22, 2,16)( 3,17,21,12,15, 8,10,28, 6,23)
        (13,31,33,26,29,20,24,38,18,35)(19,36,37,32,34,27,30,40,25,39) ], 
  [ ( 1, 2, 3, 4, 5)( 6, 8,10,12)( 7, 9,11,13), 
      ( 1,17,22, 6, 9, 8,11,21, 2,23, 4,10,14,12,16, 3, 5,28, 7,15)
        (13,36,38,25,29,27,31,37,18,39,20,30,33,32,35,19,24,40,26,34) ], 
  [ ( 1, 2, 3, 4, 5)( 6,12,10, 8)( 7,13,11, 9), 
      ( 1,10,22,12, 9, 3,11,28, 2,15, 4,17,14, 6,16, 8, 5,21, 7,23)
        (13,30,38,32,29,19,31,40,18,34,20,36,33,25,35,27,24,37,26,39) ], 
  [ (1,4,2,5,3), ( 1, 2, 5, 9,14)( 3, 6,10,15,21)( 4, 7,11,16,22)
        ( 8,12,17,23,28)(13,18,24,29,33)(19,25,30,34,37)(20,26,31,35,38)
        (27,32,36,39,40) ], 
  [ ( 1, 4, 2, 5, 3)( 6,10)( 7,11)( 8,12)( 9,13), 
      ( 1, 7, 5,16,14, 4, 2,11, 9,22)( 3,12,10,23,21, 8, 6,17,15,28)
        (13,26,24,35,33,20,18,31,29,38)(19,32,30,39,37,27,25,36,34,40) ], 
  [ ( 1, 4, 2, 5, 3)( 6, 8,10,12)( 7, 9,11,13), 
      ( 1,12,11,15,14, 8, 7,10, 9,28, 4, 6, 5,23,22, 3, 2,17,16,21)
        (13,32,31,34,33,27,26,30,29,40,20,25,24,39,38,19,18,36,35,37) ], 
  [ ( 1, 4, 2, 5, 3)( 6,12,10, 8)( 7,13,11, 9), 
      ( 1, 6,11,23,14, 3, 7,17, 9,21, 4,12, 5,15,22, 8, 2,10,16,28)
        (13,25,31,39,33,19,26,36,29,37,20,32,24,34,38,27,18,30,35,40) ], 
  [ ( 6,11, 8,13,10, 7,12, 9), ( 1,27, 4,19)( 2,40, 7,37)( 3,20, 8,13)
        ( 5,39,11,34)( 6,38,12,33)( 9,36,16,30)(10,35,17,29)(14,32,22,25)
        (15,31,23,24)(18,21,26,28) ], 
  [ ( 6, 7, 8, 9,10,11,12,13), ( 1,19, 4,27)( 2,37, 7,40)( 3,13, 8,20)
        ( 5,34,11,39)( 6,33,12,38)( 9,30,16,36)(10,29,17,35)(14,25,22,32)
        (15,24,23,31)(18,28,26,21) ], 
  [ ( 6,13,12,11,10, 9, 8, 7), ( 1,20, 4,13)( 2,38, 7,33)( 3,19, 8,27)
        ( 5,35,11,29)( 6,37,12,40)( 9,31,16,24)(10,34,17,39)(14,26,22,18)
        (15,30,23,36)(21,25,28,32) ], 
  [ ( 6, 9,12, 7,10,13, 8,11), ( 1,13, 4,20)( 2,33, 7,38)( 3,27, 8,19)
        ( 5,29,11,35)( 6,40,12,37)( 9,24,16,31)(10,39,17,34)(14,18,22,26)
        (15,36,23,30)(21,32,28,25) ], 
  [ ( 1, 3, 5, 2, 4)( 6,11, 8,13,10, 7,12, 9), 
      ( 1,40, 4,37)( 2,39, 7,34)( 3,38, 8,33)( 5,36,11,30)( 6,35,12,29)
        ( 9,32,16,25)(10,31,17,24)(13,21,20,28)(14,27,22,19)(15,26,23,18) ], 
  [ ( 1, 3, 5, 2, 4)( 6, 7, 8, 9,10,11,12,13), 
      ( 1,37, 4,40)( 2,34, 7,39)( 3,33, 8,38)( 5,30,11,36)( 6,29,12,35)
        ( 9,25,16,32)(10,24,17,31)(13,28,20,21)(14,19,22,27)(15,18,23,26) ], 
  [ ( 1, 3, 5, 2, 4)( 6,13,12,11,10, 9, 8, 7), 
      ( 1,38, 4,33)( 2,35, 7,29)( 3,37, 8,40)( 5,31,11,24)( 6,34,12,39)
        ( 9,26,16,18)(10,30,17,36)(13,14,20,22)(15,25,23,32)(19,28,27,21) ], 
  [ ( 1, 3, 5, 2, 4)( 6, 9,12, 7,10,13, 8,11), 
      ( 1,33, 4,38)( 2,29, 7,35)( 3,40, 8,37)( 5,24,11,31)( 6,39,12,34)
        ( 9,18,16,26)(10,36,17,30)(13,22,20,14)(15,32,23,25)(19,21,27,28) ], 
  [ ( 1, 5, 4, 3, 2)( 6,11, 8,13,10, 7,12, 9), 
      ( 1,39, 4,34)( 2,36, 7,30)( 3,35, 8,29)( 5,32,11,25)( 6,31,12,24)
        ( 9,27,16,19)(10,26,17,18)(13,15,20,23)(14,40,22,37)(21,38,28,33) ], 
  [ ( 1, 5, 4, 3, 2)( 6, 7, 8, 9,10,11,12,13), 
      ( 1,34, 4,39)( 2,30, 7,36)( 3,29, 8,35)( 5,25,11,32)( 6,24,12,31)
        ( 9,19,16,27)(10,18,17,26)(13,23,20,15)(14,37,22,40)(21,33,28,38) ], 
  [ ( 1, 5, 4, 3, 2)( 6,13,12,11,10, 9, 8, 7), 
      ( 1,35, 4,29)( 2,31, 7,24)( 3,34, 8,39)( 5,26,11,18)( 6,30,12,36)
        ( 9,20,16,13)(10,25,17,32)(14,38,22,33)(15,19,23,27)(21,37,28,40) ], 
  [ ( 1, 5, 4, 3, 2)( 6, 9,12, 7,10,13, 8,11), 
      ( 1,29, 4,35)( 2,24, 7,31)( 3,39, 8,34)( 5,18,11,26)( 6,36,12,30)
        ( 9,13,16,20)(10,32,17,25)(14,33,22,38)(15,27,23,19)(21,40,28,37) ], 
  [ ( 1, 2, 3, 4, 5)( 6,11, 8,13,10, 7,12, 9), 
      ( 1,36, 4,30)( 2,32, 7,25)( 3,31, 8,24)( 5,27,11,19)( 6,26,12,18)
        ( 9,40,16,37)(10,20,17,13)(14,39,22,34)(15,38,23,33)(21,35,28,29) ], 
  [ ( 1, 2, 3, 4, 5)( 6, 7, 8, 9,10,11,12,13), 
      ( 1,30, 4,36)( 2,25, 7,32)( 3,24, 8,31)( 5,19,11,27)( 6,18,12,26)
        ( 9,37,16,40)(10,13,17,20)(14,34,22,39)(15,33,23,38)(21,29,28,35) ], 
  [ ( 1, 2, 3, 4, 5)( 6,13,12,11,10, 9, 8, 7), 
      ( 1,31, 4,24)( 2,26, 7,18)( 3,30, 8,36)( 5,20,11,13)( 6,25,12,32)
        ( 9,38,16,33)(10,19,17,27)(14,35,22,29)(15,37,23,40)(21,34,28,39) ], 
  [ ( 1, 2, 3, 4, 5)( 6, 9,12, 7,10,13, 8,11), 
      ( 1,24, 4,31)( 2,18, 7,26)( 3,36, 8,30)( 5,13,11,20)( 6,32,12,25)
        ( 9,33,16,38)(10,27,17,19)(14,29,22,35)(15,40,23,37)(21,39,28,34) ], 
  [ ( 1, 4, 2, 5, 3)( 6,11, 8,13,10, 7,12, 9), 
      ( 1,32, 4,25)( 2,27, 7,19)( 3,26, 8,18)( 5,40,11,37)( 6,20,12,13)
        ( 9,39,16,34)(10,38,17,33)(14,36,22,30)(15,35,23,29)(21,31,28,24) ], 
  [ ( 1, 4, 2, 5, 3)( 6, 7, 8, 9,10,11,12,13), 
      ( 1,25, 4,32)( 2,19, 7,27)( 3,18, 8,26)( 5,37,11,40)( 6,13,12,20)
        ( 9,34,16,39)(10,33,17,38)(14,30,22,36)(15,29,23,35)(21,24,28,31) ], 
  [ ( 1, 4, 2, 5, 3)( 6,13,12,11,10, 9, 8, 7), 
      ( 1,26, 4,18)( 2,20, 7,13)( 3,25, 8,32)( 5,38,11,33)( 6,19,12,27)
        ( 9,35,16,29)(10,37,17,40)(14,31,22,24)(15,34,23,39)(21,30,28,36) ], 
  [ ( 1, 4, 2, 5, 3)( 6, 9,12, 7,10,13, 8,11), 
      ( 1,18, 4,26)( 2,13, 7,20)( 3,32, 8,25)( 5,33,11,38)( 6,27,12,19)
        ( 9,29,16,35)(10,40,17,37)(14,24,22,31)(15,39,23,34)(21,36,28,30) ] ]
);

BRACES[40].brace[4] := rec ( size := 40, perms :=
[ [ (), () ], 
  [ ( 6,10)( 7,11)( 8,12)( 9,13), ( 1, 3)( 2, 6)( 4, 8)( 5,11)( 7,13)( 9,15)
        (10,17)(12,20)(14,22)(16,23)(18,25)(19,27)(21,29)(24,31)(26,32)(28,34)
        (30,36)(33,37)(35,39)(38,40) ], 
  [ ( 6, 8,10,12)( 7, 9,11,13), ( 1, 8, 3, 4)( 2,32, 6,26)( 5,27,11,19)
        ( 7,16,13,23)( 9,25,15,18)(10,20,17,12)(14,40,22,38)(21,39,29,35)
        (24,33,31,37)(28,36,34,30) ], 
  [ ( 6,12,10, 8)( 7,13,11, 9), ( 1, 4, 3, 8)( 2,26, 6,32)( 5,19,11,27)
        ( 7,23,13,16)( 9,18,15,25)(10,12,17,20)(14,38,22,40)(21,35,29,39)
        (24,37,31,33)(28,30,34,36) ], 
  [ (1,3,5,2,4), ( 1,16,10, 5, 2)( 3,23,17,11, 6)( 4,26,19,12, 7)
        ( 8,32,27,20,13)( 9,33,28,21,14)(15,37,34,29,22)(18,38,35,30,24)
        (25,40,39,36,31) ], 
  [ ( 1, 3, 5, 2, 4)( 6,10)( 7,11)( 8,12)( 9,13), 
      ( 1,23,10,11, 2, 3,16,17, 5, 6)( 4,32,19,20, 7, 8,26,27,12,13)
        ( 9,37,28,29,14,15,33,34,21,22)(18,40,35,36,24,25,38,39,30,31) ], 
  [ ( 1, 3, 5, 2, 4)( 6, 8,10,12)( 7, 9,11,13), 
      ( 1,32, 3,26)( 2,27, 6,19)( 4,16, 8,23)( 5,20,11,12)( 7,10,13,17)
        ( 9,40,15,38)(14,39,22,35)(18,33,25,37)(21,36,29,30)(24,28,31,34) ], 
  [ ( 1, 3, 5, 2, 4)( 6,12,10, 8)( 7,13,11, 9), 
      ( 1,26, 3,32)( 2,19, 6,27)( 4,23, 8,16)( 5,12,11,20)( 7,17,13,10)
        ( 9,38,15,40)(14,35,22,39)(18,37,25,33)(21,30,29,36)(24,34,31,28) ], 
  [ (1,5,4,3,2), ( 1,10, 2,16, 5)( 3,17, 6,23,11)( 4,19, 7,26,12)
        ( 8,27,13,32,20)( 9,28,14,33,21)(15,34,22,37,29)(18,35,24,38,30)
        (25,39,31,40,36) ], 
  [ ( 1, 5, 4, 3, 2)( 6,10)( 7,11)( 8,12)( 9,13), 
      ( 1,17, 2,23, 5, 3,10, 6,16,11)( 4,27, 7,32,12, 8,19,13,26,20)
        ( 9,34,14,37,21,15,28,22,33,29)(18,39,24,40,30,25,35,31,38,36) ], 
  [ ( 1, 5, 4, 3, 2)( 6, 8,10,12)( 7, 9,11,13), 
      ( 1,27, 3,19)( 2,20, 6,12)( 4,10, 8,17)( 5,13,11, 7)( 9,39,15,35)
        (14,36,22,30)(16,32,23,26)(18,28,25,34)(21,31,29,24)(33,40,37,38) ], 
  [ ( 1, 5, 4, 3, 2)( 6,12,10, 8)( 7,13,11, 9), 
      ( 1,19, 3,27)( 2,12, 6,20)( 4,17, 8,10)( 5, 7,11,13)( 9,35,15,39)
        (14,30,22,36)(16,26,23,32)(18,34,25,28)(21,24,29,31)(33,38,37,40) ], 
  [ (1,2,3,4,5), ( 1, 5,16, 2,10)( 3,11,23, 6,17)( 4,12,26, 7,19)
        ( 8,20,32,13,27)( 9,21,33,14,28)(15,29,37,22,34)(18,30,38,24,35)
        (25,36,40,31,39) ], 
  [ ( 1, 2, 3, 4, 5)( 6,10)( 7,11)( 8,12)( 9,13), 
      ( 1,11,16, 6,10, 3, 5,23, 2,17)( 4,20,26,13,19, 8,12,32, 7,27)
        ( 9,29,33,22,28,15,21,37,14,34)(18,36,38,31,35,25,30,40,24,39) ], 
  [ ( 1, 2, 3, 4, 5)( 6, 8,10,12)( 7, 9,11,13), 
      ( 1,20, 3,12)( 2,13, 6, 7)( 4, 5, 8,11)( 9,36,15,30)(10,32,17,26)
        (14,31,22,24)(16,27,23,19)(18,21,25,29)(28,40,34,38)(33,39,37,35) ], 
  [ ( 1, 2, 3, 4, 5)( 6,12,10, 8)( 7,13,11, 9), 
      ( 1,12, 3,20)( 2, 7, 6,13)( 4,11, 8, 5)( 9,30,15,36)(10,26,17,32)
        (14,24,22,31)(16,19,23,27)(18,29,25,21)(28,38,34,40)(33,35,37,39) ], 
  [ (1,4,2,5,3), ( 1, 2, 5,10,16)( 3, 6,11,17,23)( 4, 7,12,19,26)
        ( 8,13,20,27,32)( 9,14,21,28,33)(15,22,29,34,37)(18,24,30,35,38)
        (25,31,36,39,40) ], 
  [ ( 1, 4, 2, 5, 3)( 6,10)( 7,11)( 8,12)( 9,13), 
      ( 1, 6, 5,17,16, 3, 2,11,10,23)( 4,13,12,27,26, 8, 7,20,19,32)
        ( 9,22,21,34,33,15,14,29,28,37)(18,31,30,39,38,25,24,36,35,40) ], 
  [ ( 1, 4, 2, 5, 3)( 6, 8,10,12)( 7, 9,11,13), 
      ( 1,13, 3, 7)( 2, 8, 6, 4)( 5,32,11,26)( 9,31,15,24)(10,27,17,19)
        (12,16,20,23)(14,25,22,18)(21,40,29,38)(28,39,34,35)(30,33,36,37) ], 
  [ ( 1, 4, 2, 5, 3)( 6,12,10, 8)( 7,13,11, 9), 
      ( 1, 7, 3,13)( 2, 4, 6, 8)( 5,26,11,32)( 9,24,15,31)(10,19,17,27)
        (12,23,20,16)(14,18,22,25)(21,38,29,40)(28,35,34,39)(30,37,36,33) ], 
  [ ( 6,11, 8,13,10, 7,12, 9), ( 1,25, 3,18)( 2,40, 6,38)( 4,15, 8, 9)
        ( 5,39,11,35)( 7,37,13,33)(10,36,17,30)(12,34,20,28)(14,26,22,32)
        (16,31,23,24)(19,29,27,21) ], 
  [ ( 6, 7, 8, 9,10,11,12,13), ( 1,18, 3,25)( 2,38, 6,40)( 4, 9, 8,15)
        ( 5,35,11,39)( 7,33,13,37)(10,30,17,36)(12,28,20,34)(14,32,22,26)
        (16,24,23,31)(19,21,27,29) ], 
  [ ( 6,13,12,11,10, 9, 8, 7), ( 1,15, 3, 9)( 2,22, 6,14)( 4,18, 8,25)
        ( 5,29,11,21)( 7,24,13,31)(10,34,17,28)(12,30,20,36)(16,37,23,33)
        (19,35,27,39)(26,38,32,40) ], 
  [ ( 6, 9,12, 7,10,13, 8,11), ( 1, 9, 3,15)( 2,14, 6,22)( 4,25, 8,18)
        ( 5,21,11,29)( 7,31,13,24)(10,28,17,34)(12,36,20,30)(16,33,23,37)
        (19,39,27,35)(26,40,32,38) ], 
  [ ( 1, 3, 5, 2, 4)( 6,11, 8,13,10, 7,12, 9), 
      ( 1,40, 3,38)( 2,39, 6,35)( 4,37, 8,33)( 5,36,11,30)( 7,34,13,28)
        ( 9,26,15,32)(10,31,17,24)(12,29,20,21)(14,19,22,27)(16,25,23,18) ], 
  [ ( 1, 3, 5, 2, 4)( 6, 7, 8, 9,10,11,12,13), 
      ( 1,38, 3,40)( 2,35, 6,39)( 4,33, 8,37)( 5,30,11,36)( 7,28,13,34)
        ( 9,32,15,26)(10,24,17,31)(12,21,20,29)(14,27,22,19)(16,18,23,25) ], 
  [ ( 1, 3, 5, 2, 4)( 6,13,12,11,10, 9, 8, 7), 
      ( 1,37,17,21, 2,15,23,28, 5,22, 3,33,10,29, 6, 9,16,34,11,14)
        ( 4,38,27,36, 7,18,32,39,12,24, 8,40,19,30,13,25,26,35,20,31) ], 
  [ ( 1, 3, 5, 2, 4)( 6, 9,12, 7,10,13, 8,11), 
      ( 1,33,17,29, 2, 9,23,34, 5,14, 3,37,10,21, 6,15,16,28,11,22)
        ( 4,40,27,30, 7,25,32,35,12,31, 8,38,19,36,13,18,26,39,20,24) ], 
  [ ( 1, 5, 4, 3, 2)( 6,11, 8,13,10, 7,12, 9), 
      ( 1,39, 3,35)( 2,36, 6,30)( 4,34, 8,28)( 5,31,11,24)( 7,29,13,21)
        ( 9,19,15,27)(10,25,17,18)(12,22,20,14)(16,40,23,38)(26,37,32,33) ], 
  [ ( 1, 5, 4, 3, 2)( 6, 7, 8, 9,10,11,12,13), 
      ( 1,35, 3,39)( 2,30, 6,36)( 4,28, 8,34)( 5,24,11,31)( 7,21,13,29)
        ( 9,27,15,19)(10,18,17,25)(12,14,20,22)(16,38,23,40)(26,33,32,37) ], 
  [ ( 1, 5, 4, 3, 2)( 6,13,12,11,10, 9, 8, 7), 
      ( 1,34, 6,33, 5,15,17,14,16,29, 3,28, 2,37,11, 9,10,22,23,21)
        ( 4,35,13,40,12,18,27,31,26,30, 8,39, 7,38,20,25,19,24,32,36) ], 
  [ ( 1, 5, 4, 3, 2)( 6, 9,12, 7,10,13, 8,11), 
      ( 1,28, 6,37, 5, 9,17,22,16,21, 3,34, 2,33,11,15,10,14,23,29)
        ( 4,39,13,38,12,25,27,24,26,36, 8,35, 7,40,20,18,19,31,32,30) ], 
  [ ( 1, 2, 3, 4, 5)( 6,11, 8,13,10, 7,12, 9), 
      ( 1,36, 3,30)( 2,31, 6,24)( 4,29, 8,21)( 5,25,11,18)( 7,22,13,14)
        ( 9,12,15,20)(10,40,17,38)(16,39,23,35)(19,37,27,33)(26,34,32,28) ], 
  [ ( 1, 2, 3, 4, 5)( 6, 7, 8, 9,10,11,12,13), 
      ( 1,30, 3,36)( 2,24, 6,31)( 4,21, 8,29)( 5,18,11,25)( 7,14,13,22)
        ( 9,20,15,12)(10,38,17,40)(16,35,23,39)(19,33,27,37)(26,28,32,34) ], 
  [ ( 1, 2, 3, 4, 5)( 6,13,12,11,10, 9, 8, 7), 
      ( 1,29,23,14,10,15,11,33, 2,34, 3,21,16,22,17, 9, 5,37, 6,28)
        ( 4,30,32,31,19,18,20,40, 7,35, 8,36,26,24,27,25,12,38,13,39) ], 
  [ ( 1, 2, 3, 4, 5)( 6, 9,12, 7,10,13, 8,11), 
      ( 1,21,23,22,10, 9,11,37, 2,28, 3,29,16,14,17,15, 5,33, 6,34)
        ( 4,36,32,24,19,25,20,38, 7,39, 8,30,26,31,27,18,12,40,13,35) ], 
  [ ( 1, 4, 2, 5, 3)( 6,11, 8,13,10, 7,12, 9), 
      ( 1,31, 3,24)( 2,25, 6,18)( 4,22, 8,14)( 5,40,11,38)( 7,15,13, 9)
        (10,39,17,35)(12,37,20,33)(16,36,23,30)(19,34,27,28)(21,26,29,32) ], 
  [ ( 1, 4, 2, 5, 3)( 6, 7, 8, 9,10,11,12,13), 
      ( 1,24, 3,31)( 2,18, 6,25)( 4,14, 8,22)( 5,38,11,40)( 7, 9,13,15)
        (10,35,17,39)(12,33,20,37)(16,30,23,36)(19,28,27,34)(21,32,29,26) ], 
  [ ( 1, 4, 2, 5, 3)( 6,13,12,11,10, 9, 8, 7), 
      ( 1,22,11,28,16,15, 6,21,10,37, 3,14, 5,34,23, 9, 2,29,17,33)
        ( 4,24,20,39,26,18,13,36,19,38, 8,31,12,35,32,25, 7,30,27,40) ], 
  [ ( 1, 4, 2, 5, 3)( 6, 9,12, 7,10,13, 8,11), 
      ( 1,14,11,34,16, 9, 6,29,10,33, 3,22, 5,28,23,15, 2,21,17,37)
        ( 4,31,20,35,26,25,13,30,19,40, 8,24,12,39,32,18, 7,36,27,38) ] ]
);

BRACES[40].brace[5] := rec ( size := 40, perms :=
[ [ (), () ], [ ( 6,10)( 7,11)( 8,12)( 9,13), ( 6,10)( 7,11)( 8,12)( 9,13) ], 
  [ ( 6, 8,10,12)( 7, 9,11,13), ( 6, 8,10,12)( 7, 9,11,13) ], 
  [ ( 6,12,10, 8)( 7,13,11, 9), ( 6,12,10, 8)( 7,13,11, 9) ], 
  [ (1,3,5,2,4), (1,4,2,5,3) ], 
  [ ( 1, 3, 5, 2, 4)( 6,10)( 7,11)( 8,12)( 9,13), 
      ( 1, 4, 2, 5, 3)( 6,10)( 7,11)( 8,12)( 9,13) ], 
  [ ( 1, 3, 5, 2, 4)( 6, 8,10,12)( 7, 9,11,13), 
      ( 1, 4, 2, 5, 3)( 6, 8,10,12)( 7, 9,11,13) ], 
  [ ( 1, 3, 5, 2, 4)( 6,12,10, 8)( 7,13,11, 9), 
      ( 1, 4, 2, 5, 3)( 6,12,10, 8)( 7,13,11, 9) ], 
  [ (1,5,4,3,2), (1,2,3,4,5) ], 
  [ ( 1, 5, 4, 3, 2)( 6,10)( 7,11)( 8,12)( 9,13), 
      ( 1, 2, 3, 4, 5)( 6,10)( 7,11)( 8,12)( 9,13) ], 
  [ ( 1, 5, 4, 3, 2)( 6, 8,10,12)( 7, 9,11,13), 
      ( 1, 2, 3, 4, 5)( 6, 8,10,12)( 7, 9,11,13) ], 
  [ ( 1, 5, 4, 3, 2)( 6,12,10, 8)( 7,13,11, 9), 
      ( 1, 2, 3, 4, 5)( 6,12,10, 8)( 7,13,11, 9) ], 
  [ (1,2,3,4,5), (1,5,4,3,2) ], 
  [ ( 1, 2, 3, 4, 5)( 6,10)( 7,11)( 8,12)( 9,13), 
      ( 1, 5, 4, 3, 2)( 6,10)( 7,11)( 8,12)( 9,13) ], 
  [ ( 1, 2, 3, 4, 5)( 6, 8,10,12)( 7, 9,11,13), 
      ( 1, 5, 4, 3, 2)( 6, 8,10,12)( 7, 9,11,13) ], 
  [ ( 1, 2, 3, 4, 5)( 6,12,10, 8)( 7,13,11, 9), 
      ( 1, 5, 4, 3, 2)( 6,12,10, 8)( 7,13,11, 9) ], 
  [ (1,4,2,5,3), (1,3,5,2,4) ], 
  [ ( 1, 4, 2, 5, 3)( 6,10)( 7,11)( 8,12)( 9,13), 
      ( 1, 3, 5, 2, 4)( 6,10)( 7,11)( 8,12)( 9,13) ], 
  [ ( 1, 4, 2, 5, 3)( 6, 8,10,12)( 7, 9,11,13), 
      ( 1, 3, 5, 2, 4)( 6, 8,10,12)( 7, 9,11,13) ], 
  [ ( 1, 4, 2, 5, 3)( 6,12,10, 8)( 7,13,11, 9), 
      ( 1, 3, 5, 2, 4)( 6,12,10, 8)( 7,13,11, 9) ], 
  [ ( 6,11, 8,13,10, 7,12, 9), ( 6, 9,12, 7,10,13, 8,11) ], 
  [ ( 6, 7, 8, 9,10,11,12,13), ( 6,13,12,11,10, 9, 8, 7) ], 
  [ ( 6,13,12,11,10, 9, 8, 7), ( 6,11, 8,13,10, 7,12, 9) ], 
  [ ( 6, 9,12, 7,10,13, 8,11), ( 6, 7, 8, 9,10,11,12,13) ], 
  [ ( 1, 3, 5, 2, 4)( 6,11, 8,13,10, 7,12, 9), 
      ( 1, 4, 2, 5, 3)( 6, 9,12, 7,10,13, 8,11) ], 
  [ ( 1, 3, 5, 2, 4)( 6, 7, 8, 9,10,11,12,13), 
      ( 1, 4, 2, 5, 3)( 6,13,12,11,10, 9, 8, 7) ], 
  [ ( 1, 3, 5, 2, 4)( 6,13,12,11,10, 9, 8, 7), 
      ( 1, 4, 2, 5, 3)( 6,11, 8,13,10, 7,12, 9) ], 
  [ ( 1, 3, 5, 2, 4)( 6, 9,12, 7,10,13, 8,11), 
      ( 1, 4, 2, 5, 3)( 6, 7, 8, 9,10,11,12,13) ], 
  [ ( 1, 5, 4, 3, 2)( 6,11, 8,13,10, 7,12, 9), 
      ( 1, 2, 3, 4, 5)( 6, 9,12, 7,10,13, 8,11) ], 
  [ ( 1, 5, 4, 3, 2)( 6, 7, 8, 9,10,11,12,13), 
      ( 1, 2, 3, 4, 5)( 6,13,12,11,10, 9, 8, 7) ], 
  [ ( 1, 5, 4, 3, 2)( 6,13,12,11,10, 9, 8, 7), 
      ( 1, 2, 3, 4, 5)( 6,11, 8,13,10, 7,12, 9) ], 
  [ ( 1, 5, 4, 3, 2)( 6, 9,12, 7,10,13, 8,11), 
      ( 1, 2, 3, 4, 5)( 6, 7, 8, 9,10,11,12,13) ], 
  [ ( 1, 2, 3, 4, 5)( 6,11, 8,13,10, 7,12, 9), 
      ( 1, 5, 4, 3, 2)( 6, 9,12, 7,10,13, 8,11) ], 
  [ ( 1, 2, 3, 4, 5)( 6, 7, 8, 9,10,11,12,13), 
      ( 1, 5, 4, 3, 2)( 6,13,12,11,10, 9, 8, 7) ], 
  [ ( 1, 2, 3, 4, 5)( 6,13,12,11,10, 9, 8, 7), 
      ( 1, 5, 4, 3, 2)( 6,11, 8,13,10, 7,12, 9) ], 
  [ ( 1, 2, 3, 4, 5)( 6, 9,12, 7,10,13, 8,11), 
      ( 1, 5, 4, 3, 2)( 6, 7, 8, 9,10,11,12,13) ], 
  [ ( 1, 4, 2, 5, 3)( 6,11, 8,13,10, 7,12, 9), 
      ( 1, 3, 5, 2, 4)( 6, 9,12, 7,10,13, 8,11) ], 
  [ ( 1, 4, 2, 5, 3)( 6, 7, 8, 9,10,11,12,13), 
      ( 1, 3, 5, 2, 4)( 6,13,12,11,10, 9, 8, 7) ], 
  [ ( 1, 4, 2, 5, 3)( 6,13,12,11,10, 9, 8, 7), 
      ( 1, 3, 5, 2, 4)( 6,11, 8,13,10, 7,12, 9) ], 
  [ ( 1, 4, 2, 5, 3)( 6, 9,12, 7,10,13, 8,11), 
      ( 1, 3, 5, 2, 4)( 6, 7, 8, 9,10,11,12,13) ] ]
);

BRACES[40].brace[6] := rec ( size := 40, perms :=
[ [ (), () ], 
  [ ( 6,10)( 7,11)( 8,12)( 9,13), ( 1, 3)( 2, 6)( 4, 9)( 5,11)( 7,13)( 8,15)
        (10,17)(12,20)(14,22)(16,23)(18,25)(19,27)(21,29)(24,31)(26,33)(28,34)
        (30,36)(32,37)(35,39)(38,40) ], 
  [ ( 6, 8,10,12)( 7, 9,11,13), ( 1, 9, 3, 4)( 2,34, 6,28)( 5,29,11,21)
        ( 7,25,13,18)( 8,16,15,23)(10,22,17,14)(12,40,20,38)(19,39,27,35)
        (24,32,31,37)(26,36,33,30) ], 
  [ ( 6,12,10, 8)( 7,13,11, 9), ( 1, 4, 3, 9)( 2,28, 6,34)( 5,21,11,29)
        ( 7,18,13,25)( 8,23,15,16)(10,14,17,22)(12,38,20,40)(19,35,27,39)
        (24,37,31,32)(26,30,33,36) ], 
  [ (1,3,5,2,4), ( 1,16,10, 5, 2)( 3,23,17,11, 6)( 4,28,21,14, 8)
        ( 7,32,26,19,12)( 9,34,29,22,15)(13,37,33,27,20)(18,38,35,30,24)
        (25,40,39,36,31) ], 
  [ ( 1, 3, 5, 2, 4)( 6,10)( 7,11)( 8,12)( 9,13), 
      ( 1,23,10,11, 2, 3,16,17, 5, 6)( 4,34,21,22, 8, 9,28,29,14,15)
        ( 7,37,26,27,12,13,32,33,19,20)(18,40,35,36,24,25,38,39,30,31) ], 
  [ ( 1, 3, 5, 2, 4)( 6, 8,10,12)( 7, 9,11,13), 
      ( 1,34, 3,28)( 2,29, 6,21)( 4,16, 9,23)( 5,22,11,14)( 7,40,13,38)
        ( 8,10,15,17)(12,39,20,35)(18,32,25,37)(19,36,27,30)(24,26,31,33) ], 
  [ ( 1, 3, 5, 2, 4)( 6,12,10, 8)( 7,13,11, 9), 
      ( 1,28, 3,34)( 2,21, 6,29)( 4,23, 9,16)( 5,14,11,22)( 7,38,13,40)
        ( 8,17,15,10)(12,35,20,39)(18,37,25,32)(19,30,27,36)(24,33,31,26) ], 
  [ (1,5,4,3,2), ( 1,10, 2,16, 5)( 3,17, 6,23,11)( 4,21, 8,28,14)
        ( 7,26,12,32,19)( 9,29,15,34,22)(13,33,20,37,27)(18,35,24,38,30)
        (25,39,31,40,36) ], 
  [ ( 1, 5, 4, 3, 2)( 6,10)( 7,11)( 8,12)( 9,13), 
      ( 1,17, 2,23, 5, 3,10, 6,16,11)( 4,29, 8,34,14, 9,21,15,28,22)
        ( 7,33,12,37,19,13,26,20,32,27)(18,39,24,40,30,25,35,31,38,36) ], 
  [ ( 1, 5, 4, 3, 2)( 6, 8,10,12)( 7, 9,11,13), 
      ( 1,29, 3,21)( 2,22, 6,14)( 4,10, 9,17)( 5,15,11, 8)( 7,39,13,35)
        (12,36,20,30)(16,34,23,28)(18,26,25,33)(19,31,27,24)(32,40,37,38) ], 
  [ ( 1, 5, 4, 3, 2)( 6,12,10, 8)( 7,13,11, 9), 
      ( 1,21, 3,29)( 2,14, 6,22)( 4,17, 9,10)( 5, 8,11,15)( 7,35,13,39)
        (12,30,20,36)(16,28,23,34)(18,33,25,26)(19,24,27,31)(32,38,37,40) ], 
  [ (1,2,3,4,5), ( 1, 5,16, 2,10)( 3,11,23, 6,17)( 4,14,28, 8,21)
        ( 7,19,32,12,26)( 9,22,34,15,29)(13,27,37,20,33)(18,30,38,24,35)
        (25,36,40,31,39) ], 
  [ ( 1, 2, 3, 4, 5)( 6,10)( 7,11)( 8,12)( 9,13), 
      ( 1,11,16, 6,10, 3, 5,23, 2,17)( 4,22,28,15,21, 9,14,34, 8,29)
        ( 7,27,32,20,26,13,19,37,12,33)(18,36,38,31,35,25,30,40,24,39) ], 
  [ ( 1, 2, 3, 4, 5)( 6, 8,10,12)( 7, 9,11,13), 
      ( 1,22, 3,14)( 2,15, 6, 8)( 4, 5, 9,11)( 7,36,13,30)(10,34,17,28)
        (12,31,20,24)(16,29,23,21)(18,19,25,27)(26,40,33,38)(32,39,37,35) ], 
  [ ( 1, 2, 3, 4, 5)( 6,12,10, 8)( 7,13,11, 9), 
      ( 1,14, 3,22)( 2, 8, 6,15)( 4,11, 9, 5)( 7,30,13,36)(10,28,17,34)
        (12,24,20,31)(16,21,23,29)(18,27,25,19)(26,38,33,40)(32,35,37,39) ], 
  [ (1,4,2,5,3), ( 1, 2, 5,10,16)( 3, 6,11,17,23)( 4, 8,14,21,28)
        ( 7,12,19,26,32)( 9,15,22,29,34)(13,20,27,33,37)(18,24,30,35,38)
        (25,31,36,39,40) ], 
  [ ( 1, 4, 2, 5, 3)( 6,10)( 7,11)( 8,12)( 9,13), 
      ( 1, 6, 5,17,16, 3, 2,11,10,23)( 4,15,14,29,28, 9, 8,22,21,34)
        ( 7,20,19,33,32,13,12,27,26,37)(18,31,30,39,38,25,24,36,35,40) ], 
  [ ( 1, 4, 2, 5, 3)( 6, 8,10,12)( 7, 9,11,13), 
      ( 1,15, 3, 8)( 2, 9, 6, 4)( 5,34,11,28)( 7,31,13,24)(10,29,17,21)
        (12,25,20,18)(14,16,22,23)(19,40,27,38)(26,39,33,35)(30,32,36,37) ], 
  [ ( 1, 4, 2, 5, 3)( 6,12,10, 8)( 7,13,11, 9), 
      ( 1, 8, 3,15)( 2, 4, 6, 9)( 5,28,11,34)( 7,24,13,31)(10,21,17,29)
        (12,18,20,25)(14,23,22,16)(19,38,27,40)(26,35,33,39)(30,37,36,32) ], 
  [ ( 6,11, 8,13,10, 7,12, 9), 
      ( 1,25, 4, 7, 3,18, 9,13)( 2,39,28,19, 6,35,34,27)( 5,31,21,32,11,24,29,
         37)( 8,26,23,30,15,33,16,36)(10,40,14,12,17,38,22,20) ], 
  [ ( 6, 7, 8, 9,10,11,12,13), 
      ( 1,18, 4,13, 3,25, 9, 7)( 2,35,28,27, 6,39,34,19)( 5,24,21,37,11,31,29,
         32)( 8,33,23,36,15,26,16,30)(10,38,14,20,17,40,22,12) ], 
  [ ( 6,13,12,11,10, 9, 8, 7), 
      ( 1,13, 9,18, 3, 7, 4,25)( 2,27,34,35, 6,19,28,39)( 5,37,29,24,11,32,21,
         31)( 8,36,16,33,15,30,23,26)(10,20,22,38,17,12,14,40) ], 
  [ ( 6, 9,12, 7,10,13, 8,11), 
      ( 1, 7, 9,25, 3,13, 4,18)( 2,19,34,39, 6,27,28,35)( 5,32,29,31,11,37,21,
         24)( 8,30,16,26,15,36,23,33)(10,12,22,40,17,20,14,38) ], 
  [ ( 1, 3, 5, 2, 4)( 6,11, 8,13,10, 7,12, 9), 
      ( 1,40, 8,19, 3,38,15,27)( 2,36, 4,32, 6,30, 9,37)( 5,25,28,12,11,18,34,
         20)( 7,23,24,22,13,16,31,14)(10,39,21,26,17,35,29,33) ], 
  [ ( 1, 3, 5, 2, 4)( 6, 7, 8, 9,10,11,12,13), 
      ( 1,38, 8,27, 3,40,15,19)( 2,30, 4,37, 6,36, 9,32)( 5,18,28,20,11,25,34,
         12)( 7,16,24,14,13,23,31,22)(10,35,21,33,17,39,29,26) ], 
  [ ( 1, 3, 5, 2, 4)( 6,13,12,11,10, 9, 8, 7), 
      ( 1,37,22,35, 3,32,14,39)( 2,20,15,24, 6,12, 8,31)( 4,40, 5,33, 9,38,11,
         26)( 7,28,36,10,13,34,30,17)(16,27,29,18,23,19,21,25) ], 
  [ ( 1, 3, 5, 2, 4)( 6, 9,12, 7,10,13, 8,11), 
      ( 1,32,22,39, 3,37,14,35)( 2,12,15,31, 6,20, 8,24)( 4,38, 5,26, 9,40,11,
         33)( 7,34,36,17,13,28,30,10)(16,19,29,25,23,27,21,18) ], 
  [ ( 1, 5, 4, 3, 2)( 6,11, 8,13,10, 7,12, 9), 
      ( 1,39,14,32, 3,35,22,37)( 2,31, 8,12, 6,24,15,20)( 4,26,11,38, 9,33, 5,
         40)( 7,17,30,34,13,10,36,28)(16,25,21,19,23,18,29,27) ], 
  [ ( 1, 5, 4, 3, 2)( 6, 7, 8, 9,10,11,12,13), 
      ( 1,35,14,37, 3,39,22,32)( 2,24, 8,20, 6,31,15,12)( 4,33,11,40, 9,26, 5,
         38)( 7,10,30,28,13,17,36,34)(16,18,21,27,23,25,29,19) ], 
  [ ( 1, 5, 4, 3, 2)( 6,13,12,11,10, 9, 8, 7), 
      ( 1,33,34,24, 3,26,28,31)( 2,13,29,38, 6, 7,21,40)( 4,39,16,20, 9,35,23,
         12)( 5,27,22,30,11,19,14,36)( 8,25,10,37,15,18,17,32) ], 
  [ ( 1, 5, 4, 3, 2)( 6, 9,12, 7,10,13, 8,11), 
      ( 1,26,34,31, 3,33,28,24)( 2, 7,29,40, 6,13,21,38)( 4,35,16,12, 9,39,23,
         20)( 5,19,22,36,11,27,14,30)( 8,18,10,32,15,25,17,37) ], 
  [ ( 1, 2, 3, 4, 5)( 6,11, 8,13,10, 7,12, 9), 
      ( 1,36,21,12, 3,30,29,20)( 2,25,14,26, 6,18,22,33)( 4,19,17,24, 9,27,10,
