BRACES[42] := rec( total := -1, implemented := 6, size := 42, brace := [] );BRACES[42].brace[1] := rec ( size := 42, perms := [ [  (),  (),  
], [  (1, 22)(2, 23)(3, 24)(4, 25)(5, 26)(6, 27)(7, 28)(8, 29)(9, 30)(10, 31)(11, 32)(12, 33)(13, 34)(14, 35)(15, 36)(16, 37)(17, 38)(18, 
39)(19, 40)(20, 41)(21, 42),  (1, 22)(2, 23)(3, 24)(4, 25)(5, 26)(6, 27)(7, 28)(8, 36)(9, 37)(10, 38)(11, 39)(12, 40)(13, 41)(14, 42)(15, 
29)(16, 30)(17, 31)(18, 32)(19, 33)(20, 34)(21, 35),  ], [  (1, 8, 15)(2, 9, 16)(3, 10, 17)(4, 11, 18)(5, 12, 19)(6, 13, 20)(7, 14, 21)(22, 
29, 36)(23, 30, 37)(24, 31, 38)(25, 32, 39)(26, 33, 40)(27, 34, 41)(28, 35, 42),  (1, 15, 8)(2, 16, 9)(3, 17, 10)(4, 18, 11)(5, 19, 12)(6, 20,
13)(7, 21, 14)(22, 36, 29)(23, 37, 30)(24, 38, 31)(25, 39, 32)(26, 40, 33)(27, 41, 34)(28, 42, 35),  ], [  (1, 7, 6, 5, 4, 3, 2)(8, 14, 13, 
12, 11, 10, 9)(15, 21, 20, 19, 18, 17, 16)(22, 28, 27, 26, 25, 24, 23)(29, 35, 34, 33, 32, 31, 30)(36, 42, 41, 40, 39, 38, 37),  (1, 2, 3, 4, 
5, 6, 7)(8, 9, 10, 11, 12, 13, 14)(15, 16, 17, 18, 19, 20, 21)(22, 23, 24, 25, 26, 27, 28)(29, 30, 31, 32, 33, 34, 35)(36, 37, 38, 39, 40, 41,
42),  ], [  (1, 15, 8)(2, 16, 9)(3, 17, 10)(4, 18, 11)(5, 19, 12)(6, 20, 13)(7, 21, 14)(22, 36, 29)(23, 37, 30)(24, 38, 31)(25, 39, 32)(26, 
40, 33)(27, 41, 34)(28, 42, 35),  (1, 8, 15)(2, 9, 16)(3, 10, 17)(4, 11, 18)(5, 12, 19)(6, 13, 20)(7, 14, 21)(22, 29, 36)(23, 30, 37)(24, 31, 
38)(25, 32, 39)(26, 33, 40)(27, 34, 41)(28, 35, 42),  ], [  (1, 2, 3, 4, 5, 6, 7)(8, 9, 10, 11, 12, 13, 14)(15, 16, 17, 18, 19, 20, 21)(22, 
23, 24, 25, 26, 27, 28)(29, 30, 31, 32, 33, 34, 35)(36, 37, 38, 39, 40, 41, 42),  (1, 7, 6, 5, 4, 3, 2)(8, 14, 13, 12, 11, 10, 9)(15, 21, 20, 
19, 18, 17, 16)(22, 28, 27, 26, 25, 24, 23)(29, 35, 34, 33, 32, 31, 30)(36, 42, 41, 40, 39, 38, 37),  ], [  (1, 36, 8, 22, 15, 29)(2, 37, 9, 
23, 16, 30)(3, 38, 10, 24, 17, 31)(4, 39, 11, 25, 18, 32)(5, 40, 12, 26, 19, 33)(6, 41, 13, 27, 20, 34)(7, 42, 14, 28, 21, 35),  (1, 36)(2, 
37)(3, 38)(4, 39)(5, 40)(6, 41)(7, 42)(8, 29)(9, 30)(10, 31)(11, 32)(12, 33)(13, 34)(14, 35)(15, 22)(16, 23)(17, 24)(18, 25)(19, 26)(20, 
27)(21, 28),  ], [  (1, 28, 6, 26, 4, 24, 2, 22, 7, 27, 5, 25, 3, 23)(8, 35, 13, 33, 11, 31, 9, 29, 14, 34, 12, 32, 10, 30)(15, 42, 20, 40, 
18, 38, 16, 36, 21, 41, 19, 39, 17, 37),  (1, 23, 3, 25, 5, 27, 7, 22, 2, 24, 4, 26, 6, 28)(8, 37, 10, 39, 12, 41, 14, 36, 9, 38, 11, 40, 13, 
42)(15, 30, 17, 32, 19, 34, 21, 29, 16, 31, 18, 33, 20, 35),  ], [  (1, 29, 15, 22, 8, 36)(2, 30, 16, 23, 9, 37)(3, 31, 17, 24, 10, 38)(4, 32,
18, 25, 11, 39)(5, 33, 19, 26, 12, 40)(6, 34, 20, 27, 13, 41)(7, 35, 21, 28, 14, 42),  (1, 29)(2, 30)(3, 31)(4, 32)(5, 33)(6, 34)(7, 35)(8, 
22)(9, 23)(10, 24)(11, 25)(12, 26)(13, 27)(14, 28)(15, 36)(16, 37)(17, 38)(18, 39)(19, 40)(20, 41)(21, 42),  ], [  (1, 23, 3, 25, 5, 27, 7, 
22, 2, 24, 4, 26, 6, 28)(8, 30, 10, 32, 12, 34, 14, 29, 9, 31, 11, 33, 13, 35)(15, 37, 17, 39, 19, 41, 21, 36, 16, 38, 18, 40, 20, 42),  (1, 
28, 6, 26, 4, 24, 2, 22, 7, 27, 5, 25, 3, 23)(8, 42, 13, 40, 11, 38, 9, 36, 14, 41, 12, 39, 10, 37)(15, 35, 20, 33, 18, 31, 16, 29, 21, 34, 
19, 32, 17, 30),  ], [  (1, 14, 20, 5, 11, 17, 2, 8, 21, 6, 12, 18, 3, 9, 15, 7, 13, 19, 4, 10, 16)(22, 35, 41, 26, 32, 38, 23, 29, 42, 27, 
33, 39, 24, 30, 36, 28, 34, 40, 25, 31, 37),  (1, 16, 10, 4, 19, 13, 7, 15, 9, 3, 18, 12, 6, 21, 8, 2, 17, 11, 5, 20, 14)(22, 37, 31, 25, 40, 
34, 28, 36, 30, 24, 39, 33, 27, 42, 29, 23, 38, 32, 26, 41, 35),  ], [  (1, 9, 17, 4, 12, 20, 7, 8, 16, 3, 11, 19, 6, 14, 15, 2, 10, 18, 5, 
13, 21)(22, 30, 38, 25, 33, 41, 28, 29, 37, 24, 32, 40, 27, 35, 36, 23, 31, 39, 26, 34, 42),  (1, 21, 13, 5, 18, 10, 2, 15, 14, 6, 19, 11, 3, 
16, 8, 7, 20, 12, 4, 17, 9)(22, 42, 34, 26, 39, 31, 23, 36, 35, 27, 40, 32, 24, 37, 29, 28, 41, 33, 25, 38, 30),  ], [  (1, 6, 4, 2, 7, 5, 
3)(8, 13, 11, 9, 14, 12, 10)(15, 20, 18, 16, 21, 19, 17)(22, 27, 25, 23, 28, 26, 24)(29, 34, 32, 30, 35, 33, 31)(36, 41, 39, 37, 42, 40, 38), 
(1, 3, 5, 7, 2, 4, 6)(8, 10, 12, 14, 9, 11, 13)(15, 17, 19, 21, 16, 18, 20)(22, 24, 26, 28, 23, 25, 27)(29, 31, 33, 35, 30, 32, 34)(36, 38, 
40, 42, 37, 39, 41),  ], [  (1, 21, 13, 5, 18, 10, 2, 15, 14, 6, 19, 11, 3, 16, 8, 7, 20, 12, 4, 17, 9)(22, 42, 34, 26, 39, 31, 23, 36, 35, 
27, 40, 32, 24, 37, 29, 28, 41, 33, 25, 38, 30),  (1, 9, 17, 4, 12, 20, 7, 8, 16, 3, 11, 19, 6, 14, 15, 2, 10, 18, 5, 13, 21)(22, 30, 38, 25, 
33, 41, 28, 29, 37, 24, 32, 40, 27, 35, 36, 23, 31, 39, 26, 34, 42),  ], [  (1, 16, 10, 4, 19, 13, 7, 15, 9, 3, 18, 12, 6, 21, 8, 2, 17, 11, 
5, 20, 14)(22, 37, 31, 25, 40, 34, 28, 36, 30, 24, 39, 33, 27, 42, 29, 23, 38, 32, 26, 41, 35),  (1, 14, 20, 5, 11, 17, 2, 8, 21, 6, 12, 18, 
3, 9, 15, 7, 13, 19, 4, 10, 16)(22, 35, 41, 26, 32, 38, 23, 29, 42, 27, 33, 39, 24, 30, 36, 28, 34, 40, 25, 31, 37),  ], [  (1, 3, 5, 7, 2, 4,
6)(8, 10, 12, 14, 9, 11, 13)(15, 17, 19, 21, 16, 18, 20)(22, 24, 26, 28, 23, 25, 27)(29, 31, 33, 35, 30, 32, 34)(36, 38, 40, 42, 37, 39, 41), 
(1, 6, 4, 2, 7, 5, 3)(8, 13, 11, 9, 14, 12, 10)(15, 20, 18, 16, 21, 19, 17)(22, 27, 25, 23, 28, 26, 24)(29, 34, 32, 30, 35, 33, 31)(36, 41, 
39, 37, 42, 40, 38),  ], [  (1, 42, 13, 26, 18, 31, 2, 36, 14, 27, 19, 32, 3, 37, 8, 28, 20, 33, 4, 38, 9, 22, 21, 34, 5, 39, 10, 23, 15, 35, 
6, 40, 11, 24, 16, 29, 7, 41, 12, 25, 17, 30),  (1, 37, 3, 39, 5, 41, 7, 36, 2, 38, 4, 40, 6, 42)(8, 30, 10, 32, 12, 34, 14, 29, 9, 31, 11, 
33, 13, 35)(15, 23, 17, 25, 19, 27, 21, 22, 16, 24, 18, 26, 20, 28),  ], [  (1, 37, 10, 25, 19, 34, 7, 36, 9, 24, 18, 33, 6, 42, 8, 23, 17, 
32, 5, 41, 14, 22, 16, 31, 4, 40, 13, 28, 15, 30, 3, 39, 12, 27, 21, 29, 2, 38, 11, 26, 20, 35),  (1, 42, 6, 40, 4, 38, 2, 36, 7, 41, 5, 39, 
3, 37)(8, 35, 13, 33, 11, 31, 9, 29, 14, 34, 12, 32, 10, 30)(15, 28, 20, 26, 18, 24, 16, 22, 21, 27, 19, 25, 17, 23),  ], [  (1, 27, 4, 23, 7,
26, 3, 22, 6, 25, 2, 28, 5, 24)(8, 34, 11, 30, 14, 33, 10, 29, 13, 32, 9, 35, 12, 31)(15, 41, 18, 37, 21, 40, 17, 36, 20, 39, 16, 42, 19, 38),
(1, 24, 5, 28, 2, 25, 6, 22, 3, 26, 7, 23, 4, 27)(8, 38, 12, 42, 9, 39, 13, 36, 10, 40, 14, 37, 11, 41)(15, 31, 19, 35, 16, 32, 20, 29, 17, 
33, 21, 30, 18, 34),  ], [  (1, 35, 20, 26, 11, 38, 2, 29, 21, 27, 12, 39, 3, 30, 15, 28, 13, 40, 4, 31, 16, 22, 14, 41, 5, 32, 17, 23, 8, 42,
6, 33, 18, 24, 9, 36, 7, 34, 19, 25, 10, 37),  (1, 30, 3, 32, 5, 34, 7, 29, 2, 31, 4, 33, 6, 35)(8, 23, 10, 25, 12, 27, 14, 22, 9, 24, 11, 26,
13, 28)(15, 37, 17, 39, 19, 41, 21, 36, 16, 38, 18, 40, 20, 42),  ], [  (1, 30, 17, 25, 12, 41, 7, 29, 16, 24, 11, 40, 6, 35, 15, 23, 10, 39, 
5, 34, 21, 22, 9, 38, 4, 33, 20, 28, 8, 37, 3, 32, 19, 27, 14, 36, 2, 31, 18, 26, 13, 42),  (1, 35, 6, 33, 4, 31, 2, 29, 7, 34, 5, 32, 3, 
30)(8, 28, 13, 26, 11, 24, 9, 22, 14, 27, 12, 25, 10, 23)(15, 42, 20, 40, 18, 38, 16, 36, 21, 41, 19, 39, 17, 37),  ], [  (1, 24, 5, 28, 2, 
25, 6, 22, 3, 26, 7, 23, 4, 27)(8, 31, 12, 35, 9, 32, 13, 29, 10, 33, 14, 30, 11, 34)(15, 38, 19, 42, 16, 39, 20, 36, 17, 40, 21, 37, 18, 41),
(1, 27, 4, 23, 7, 26, 3, 22, 6, 25, 2, 28, 5, 24)(8, 41, 11, 37, 14, 40, 10, 36, 13, 39, 9, 42, 12, 38)(15, 34, 18, 30, 21, 33, 17, 29, 20, 
32, 16, 35, 19, 31),  ], [  (1, 13, 18, 2, 14, 19, 3, 8, 20, 4, 9, 21, 5, 10, 15, 6, 11, 16, 7, 12, 17)(22, 34, 39, 23, 35, 40, 24, 29, 41, 
25, 30, 42, 26, 31, 36, 27, 32, 37, 28, 33, 38),  (1, 17, 12, 7, 16, 11, 6, 15, 10, 5, 21, 9, 4, 20, 8, 3, 19, 14, 2, 18, 13)(22, 38, 33, 28, 
37, 32, 27, 36, 31, 26, 42, 30, 25, 41, 29, 24, 40, 35, 23, 39, 34),  ], [  (1, 10, 19, 7, 9, 18, 6, 8, 17, 5, 14, 16, 4, 13, 15, 3, 12, 21, 
2, 11, 20)(22, 31, 40, 28, 30, 39, 27, 29, 38, 26, 35, 37, 25, 34, 36, 24, 33, 42, 23, 32, 41),  (1, 20, 11, 2, 21, 12, 3, 15, 13, 4, 16, 14, 
5, 17, 8, 6, 18, 9, 7, 19, 10)(22, 41, 32, 23, 42, 33, 24, 36, 34, 25, 37, 35, 26, 38, 29, 27, 39, 30, 28, 40, 31),  ], [  (1, 5, 2, 6, 3, 7, 
4)(8, 12, 9, 13, 10, 14, 11)(15, 19, 16, 20, 17, 21, 18)(22, 26, 23, 27, 24, 28, 25)(29, 33, 30, 34, 31, 35, 32)(36, 40, 37, 41, 38, 42, 39), 
(1, 4, 7, 3, 6, 2, 5)(8, 11, 14, 10, 13, 9, 12)(15, 18, 21, 17, 20, 16, 19)(22, 25, 28, 24, 27, 23, 26)(29, 32, 35, 31, 34, 30, 33)(36, 39, 
42, 38, 41, 37, 40),  ], [  (1, 20, 11, 2, 21, 12, 3, 15, 13, 4, 16, 14, 5, 17, 8, 6, 18, 9, 7, 19, 10)(22, 41, 32, 23, 42, 33, 24, 36, 34, 
25, 37, 35, 26, 38, 29, 27, 39, 30, 28, 40, 31),  (1, 10, 19, 7, 9, 18, 6, 8, 17, 5, 14, 16, 4, 13, 15, 3, 12, 21, 2, 11, 20)(22, 31, 40, 28, 
30, 39, 27, 29, 38, 26, 35, 37, 25, 34, 36, 24, 33, 42, 23, 32, 41),  ], [  (1, 17, 12, 7, 16, 11, 6, 15, 10, 5, 21, 9, 4, 20, 8, 3, 19, 14, 
2, 18, 13)(22, 38, 33, 28, 37, 32, 27, 36, 31, 26, 42, 30, 25, 41, 29, 24, 40, 35, 23, 39, 34),  (1, 13, 18, 2, 14, 19, 3, 8, 20, 4, 9, 21, 5,
10, 15, 6, 11, 16, 7, 12, 17)(22, 34, 39, 23, 35, 40, 24, 29, 41, 25, 30, 42, 26, 31, 36, 27, 32, 37, 28, 33, 38),  ], [  (1, 4, 7, 3, 6, 2, 
5)(8, 11, 14, 10, 13, 9, 12)(15, 18, 21, 17, 20, 16, 19)(22, 25, 28, 24, 27, 23, 26)(29, 32, 35, 31, 34, 30, 33)(36, 39, 42, 38, 41, 37, 40), 
(1, 5, 2, 6, 3, 7, 4)(8, 12, 9, 13, 10, 14, 11)(15, 19, 16, 20, 17, 21, 18)(22, 26, 23, 27, 24, 28, 25)(29, 33, 30, 34, 31, 35, 32)(36, 40, 
37, 41, 38, 42, 39),  ], [  (1, 41, 11, 23, 21, 33, 3, 36, 13, 25, 16, 35, 5, 38, 8, 27, 18, 30, 7, 40, 10, 22, 20, 32, 2, 42, 12, 24, 15, 34,
4, 37, 14, 26, 17, 29, 6, 39, 9, 28, 19, 31),  (1, 38, 5, 42, 2, 39, 6, 36, 3, 40, 7, 37, 4, 41)(8, 31, 12, 35, 9, 32, 13, 29, 10, 33, 14, 30,
11, 34)(15, 24, 19, 28, 16, 25, 20, 22, 17, 26, 21, 23, 18, 27),  ], [  (1, 38, 12, 28, 16, 32, 6, 36, 10, 26, 21, 30, 4, 41, 8, 24, 19, 35, 
2, 39, 13, 22, 17, 33, 7, 37, 11, 27, 15, 31, 5, 42, 9, 25, 20, 29, 3, 40, 14, 23, 18, 34),  (1, 41, 4, 37, 7, 40, 3, 36, 6, 39, 2, 42, 5, 
38)(8, 34, 11, 30, 14, 33, 10, 29, 13, 32, 9, 35, 12, 31)(15, 27, 18, 23, 21, 26, 17, 22, 20, 25, 16, 28, 19, 24),  ], [  (1, 26, 2, 27, 3, 
28, 4, 22, 5, 23, 6, 24, 7, 25)(8, 33, 9, 34, 10, 35, 11, 29, 12, 30, 13, 31, 14, 32)(15, 40, 16, 41, 17, 42, 18, 36, 19, 37, 20, 38, 21, 39),
(1, 25, 7, 24, 6, 23, 5, 22, 4, 28, 3, 27, 2, 26)(8, 39, 14, 38, 13, 37, 12, 36, 11, 42, 10, 41, 9, 40)(15, 32, 21, 31, 20, 30, 19, 29, 18, 
35, 17, 34, 16, 33),  ], [  (1, 34, 18, 23, 14, 40, 3, 29, 20, 25, 9, 42, 5, 31, 15, 27, 11, 37, 7, 33, 17, 22, 13, 39, 2, 35, 19, 24, 8, 41, 
4, 30, 21, 26, 10, 36, 6, 32, 16, 28, 12, 38),  (1, 31, 5, 35, 2, 32, 6, 29, 3, 33, 7, 30, 4, 34)(8, 24, 12, 28, 9, 25, 13, 22, 10, 26, 14, 
23, 11, 27)(15, 38, 19, 42, 16, 39, 20, 36, 17, 40, 21, 37, 18, 41),  ], [  (1, 31, 19, 28, 9, 39, 6, 29, 17, 26, 14, 37, 4, 34, 15, 24, 12, 
42, 2, 32, 20, 22, 10, 40, 7, 30, 18, 27, 8, 38, 5, 35, 16, 25, 13, 36, 3, 33, 21, 23, 11, 41),  (1, 34, 4, 30, 7, 33, 3, 29, 6, 32, 2, 35, 5,
31)(8, 27, 11, 23, 14, 26, 10, 22, 13, 25, 9, 28, 12, 24)(15, 41, 18, 37, 21, 40, 17, 36, 20, 39, 16, 42, 19, 38),  ], [  (1, 25, 7, 24, 6, 
23, 5, 22, 4, 28, 3, 27, 2, 26)(8, 32, 14, 31, 13, 30, 12, 29, 11, 35, 10, 34, 9, 33)(15, 39, 21, 38, 20, 37, 19, 36, 18, 42, 17, 41, 16, 40),
(1, 26, 2, 27, 3, 28, 4, 22, 5, 23, 6, 24, 7, 25)(8, 40, 9, 41, 10, 42, 11, 36, 12, 37, 13, 38, 14, 39)(15, 33, 16, 34, 17, 35, 18, 29, 19, 
30, 20, 31, 21, 32),  ], [  (1, 12, 16, 6, 10, 21, 4, 8, 19, 2, 13, 17, 7, 11, 15, 5, 9, 20, 3, 14, 18)(22, 33, 37, 27, 31, 42, 25, 29, 40, 
23, 34, 38, 28, 32, 36, 26, 30, 41, 24, 35, 39),  (1, 18, 14, 3, 20, 9, 5, 15, 11, 7, 17, 13, 2, 19, 8, 4, 21, 10, 6, 16, 12)(22, 39, 35, 24, 
41, 30, 26, 36, 32, 28, 38, 34, 23, 40, 29, 25, 42, 31, 27, 37, 33),  ], [  (1, 11, 21, 3, 13, 16, 5, 8, 18, 7, 10, 20, 2, 12, 15, 4, 14, 17, 
6, 9, 19)(22, 32, 42, 24, 34, 37, 26, 29, 39, 28, 31, 41, 23, 33, 36, 25, 35, 38, 27, 30, 40),  (1, 19, 9, 6, 17, 14, 4, 15, 12, 2, 20, 10, 7,
18, 8, 5, 16, 13, 3, 21, 11)(22, 40, 30, 27, 38, 35, 25, 36, 33, 23, 41, 31, 28, 39, 29, 26, 37, 34, 24, 42, 32),  ], [  (1, 19, 9, 6, 17, 14,
4, 15, 12, 2, 20, 10, 7, 18, 8, 5, 16, 13, 3, 21, 11)(22, 40, 30, 27, 38, 35, 25, 36, 33, 23, 41, 31, 28, 39, 29, 26, 37, 34, 24, 42, 32),  
(1, 11, 21, 3, 13, 16, 5, 8, 18, 7, 10, 20, 2, 12, 15, 4, 14, 17, 6, 9, 19)(22, 32, 42, 24, 34, 37, 26, 29, 39, 28, 31, 41, 23, 33, 36, 25, 
35, 38, 27, 30, 40),  ], [  (1, 18, 14, 3, 20, 9, 5, 15, 11, 7, 17, 13, 2, 19, 8, 4, 21, 10, 6, 16, 12)(22, 39, 35, 24, 41, 30, 26, 36, 32, 
28, 38, 34, 23, 40, 29, 25, 42, 31, 27, 37, 33),  (1, 12, 16, 6, 10, 21, 4, 8, 19, 2, 13, 17, 7, 11, 15, 5, 9, 20, 3, 14, 18)(22, 33, 37, 27, 
31, 42, 25, 29, 40, 23, 34, 38, 28, 32, 36, 26, 30, 41, 24, 35, 39),  ], [  (1, 40, 9, 27, 17, 35, 4, 36, 12, 23, 20, 31, 7, 39, 8, 26, 16, 
34, 3, 42, 11, 22, 19, 30, 6, 38, 14, 25, 15, 33, 2, 41, 10, 28, 18, 29, 5, 37, 13, 24, 21, 32),  (1, 39, 7, 38, 6, 37, 5, 36, 4, 42, 3, 41, 
2, 40)(8, 32, 14, 31, 13, 30, 12, 29, 11, 35, 10, 34, 9, 33)(15, 25, 21, 24, 20, 23, 19, 22, 18, 28, 17, 27, 16, 26),  ], [  (1, 39, 14, 24, 
20, 30, 5, 36, 11, 28, 17, 34, 2, 40, 8, 25, 21, 31, 6, 37, 12, 22, 18, 35, 3, 41, 9, 26, 15, 32, 7, 38, 13, 23, 19, 29, 4, 42, 10, 27, 16, 
33),  (1, 40, 2, 41, 3, 42, 4, 36, 5, 37, 6, 38, 7, 39)(8, 33, 9, 34, 10, 35, 11, 29, 12, 30, 13, 31, 14, 32)(15, 26, 16, 27, 17, 28, 18, 22, 
19, 23, 20, 24, 21, 25),  ], [  (1, 33, 16, 27, 10, 42, 4, 29, 19, 23, 13, 38, 7, 32, 15, 26, 9, 41, 3, 35, 18, 22, 12, 37, 6, 31, 21, 25, 8, 
40, 2, 34, 17, 28, 11, 36, 5, 30, 20, 24, 14, 39),  (1, 32, 7, 31, 6, 30, 5, 29, 4, 35, 3, 34, 2, 33)(8, 25, 14, 24, 13, 23, 12, 22, 11, 28, 
10, 27, 9, 26)(15, 39, 21, 38, 20, 37, 19, 36, 18, 42, 17, 41, 16, 40),  ], [  (1, 32, 21, 24, 13, 37, 5, 29, 18, 28, 10, 41, 2, 33, 15, 25, 
14, 38, 6, 30, 19, 22, 11, 42, 3, 34, 16, 26, 8, 39, 7, 31, 20, 23, 12, 36, 4, 35, 17, 27, 9, 40),  (1, 33, 2, 34, 3, 35, 4, 29, 5, 30, 6, 31,
7, 32)(8, 26, 9, 27, 10, 28, 11, 22, 12, 23, 13, 24, 14, 25)(15, 40, 16, 41, 17, 42, 18, 36, 19, 37, 20, 38, 21, 39),  ], ]
);

BRACES[42].brace[2] := rec ( size := 42, perms := [ [  (),  (),  ], [  (1, 22)(2, 23)(3, 24)(4, 25)(5, 26)(6, 27)(7, 28)(8, 29)(9, 30)(10, 
31)(11, 32)(12, 33)(13, 34)(14, 35)(15, 36)(16, 37)(17, 38)(18, 39)(19, 40)(20, 41)(21, 42),  (1, 22)(2, 28)(3, 27)(4, 26)(5, 25)(6, 24)(7, 
23)(8, 36)(9, 42)(10, 41)(11, 40)(12, 39)(13, 38)(14, 37)(15, 29)(16, 35)(17, 34)(18, 33)(19, 32)(20, 31)(21, 30),  ], [  (1, 8, 15)(2, 9, 
16)(3, 10, 17)(4, 11, 18)(5, 12, 19)(6, 13, 20)(7, 14, 21)(22, 29, 36)(23, 30, 37)(24, 31, 38)(25, 32, 39)(26, 33, 40)(27, 34, 41)(28, 35, 
42),  (1, 15, 8)(2, 16, 9)(3, 17, 10)(4, 18, 11)(5, 19, 12)(6, 20, 13)(7, 21, 14)(22, 36, 29)(23, 37, 30)(24, 38, 31)(25, 39, 32)(26, 40, 
33)(27, 41, 34)(28, 42, 35),  ], [  (1, 7, 6, 5, 4, 3, 2)(8, 14, 13, 12, 11, 10, 9)(15, 21, 20, 19, 18, 17, 16)(22, 28, 27, 26, 25, 24, 
23)(29, 35, 34, 33, 32, 31, 30)(36, 42, 41, 40, 39, 38, 37),  (1, 2, 3, 4, 5, 6, 7)(8, 9, 10, 11, 12, 13, 14)(15, 16, 17, 18, 19, 20, 21)(22, 
23, 24, 25, 26, 27, 28)(29, 30, 31, 32, 33, 34, 35)(36, 37, 38, 39, 40, 41, 42),  ], [  (1, 15, 8)(2, 16, 9)(3, 17, 10)(4, 18, 11)(5, 19, 
12)(6, 20, 13)(7, 21, 14)(22, 36, 29)(23, 37, 30)(24, 38, 31)(25, 39, 32)(26, 40, 33)(27, 41, 34)(28, 42, 35),  (1, 8, 15)(2, 9, 16)(3, 10, 
17)(4, 11, 18)(5, 12, 19)(6, 13, 20)(7, 14, 21)(22, 29, 36)(23, 30, 37)(24, 31, 38)(25, 32, 39)(26, 33, 40)(27, 34, 41)(28, 35, 42),  ], [  
(1, 2, 3, 4, 5, 6, 7)(8, 9, 10, 11, 12, 13, 14)(15, 16, 17, 18, 19, 20, 21)(22, 23, 24, 25, 26, 27, 28)(29, 30, 31, 32, 33, 34, 35)(36, 37, 
38, 39, 40, 41, 42),  (1, 7, 6, 5, 4, 3, 2)(8, 14, 13, 12, 11, 10, 9)(15, 21, 20, 19, 18, 17, 16)(22, 28, 27, 26, 25, 24, 23)(29, 35, 34, 33, 
32, 31, 30)(36, 42, 41, 40, 39, 38, 37),  ], [  (1, 36, 8, 22, 15, 29)(2, 37, 9, 23, 16, 30)(3, 38, 10, 24, 17, 31)(4, 39, 11, 25, 18, 32)(5, 
40, 12, 26, 19, 33)(6, 41, 13, 27, 20, 34)(7, 42, 14, 28, 21, 35),  (1, 36)(2, 42)(3, 41)(4, 40)(5, 39)(6, 38)(7, 37)(8, 29)(9, 35)(10, 
34)(11, 33)(12, 32)(13, 31)(14, 30)(15, 22)(16, 28)(17, 27)(18, 26)(19, 25)(20, 24)(21, 23),  ], [  (1, 23, 3, 25, 5, 27, 7, 22, 2, 24, 4, 26,
6, 28)(8, 30, 10, 32, 12, 34, 14, 29, 9, 31, 11, 33, 13, 35)(15, 37, 17, 39, 19, 41, 21, 36, 16, 38, 18, 40, 20, 42),  (1, 23)(2, 22)(3, 
28)(4, 27)(5, 26)(6, 25)(7, 24)(8, 37)(9, 36)(10, 42)(11, 41)(12, 40)(13, 39)(14, 38)(15, 30)(16, 29)(17, 35)(18, 34)(19, 33)(20, 32)(21, 31),
], [  (1, 29, 15, 22, 8, 36)(2, 30, 16, 23, 9, 37)(3, 31, 17, 24, 10, 38)(4, 32, 18, 25, 11, 39)(5, 33, 19, 26, 12, 40)(6, 34, 20, 27, 13, 
41)(7, 35, 21, 28, 14, 42),  (1, 29)(2, 35)(3, 34)(4, 33)(5, 32)(6, 31)(7, 30)(8, 22)(9, 28)(10, 27)(11, 26)(12, 25)(13, 24)(14, 23)(15, 
36)(16, 42)(17, 41)(18, 40)(19, 39)(20, 38)(21, 37),  ], [  (1, 28, 6, 26, 4, 24, 2, 22, 7, 27, 5, 25, 3, 23)(8, 35, 13, 33, 11, 31, 9, 29, 
14, 34, 12, 32, 10, 30)(15, 42, 20, 40, 18, 38, 16, 36, 21, 41, 19, 39, 17, 37),  (1, 28)(2, 27)(3, 26)(4, 25)(5, 24)(6, 23)(7, 22)(8, 42)(9, 
41)(10, 40)(11, 39)(12, 38)(13, 37)(14, 36)(15, 35)(16, 34)(17, 33)(18, 32)(19, 31)(20, 30)(21, 29),  ], [  (1, 14, 20, 5, 11, 17, 2, 8, 21, 
6, 12, 18, 3, 9, 15, 7, 13, 19, 4, 10, 16)(22, 35, 41, 26, 32, 38, 23, 29, 42, 27, 33, 39, 24, 30, 36, 28, 34, 40, 25, 31, 37),  (1, 16, 10, 
4, 19, 13, 7, 15, 9, 3, 18, 12, 6, 21, 8, 2, 17, 11, 5, 20, 14)(22, 37, 31, 25, 40, 34, 28, 36, 30, 24, 39, 33, 27, 42, 29, 23, 38, 32, 26, 
41, 35),  ], [  (1, 9, 17, 4, 12, 20, 7, 8, 16, 3, 11, 19, 6, 14, 15, 2, 10, 18, 5, 13, 21)(22, 30, 38, 25, 33, 41, 28, 29, 37, 24, 32, 40, 
27, 35, 36, 23, 31, 39, 26, 34, 42),  (1, 21, 13, 5, 18, 10, 2, 15, 14, 6, 19, 11, 3, 16, 8, 7, 20, 12, 4, 17, 9)(22, 42, 34, 26, 39, 31, 23, 
36, 35, 27, 40, 32, 24, 37, 29, 28, 41, 33, 25, 38, 30),  ], [  (1, 6, 4, 2, 7, 5, 3)(8, 13, 11, 9, 14, 12, 10)(15, 20, 18, 16, 21, 19, 
17)(22, 27, 25, 23, 28, 26, 24)(29, 34, 32, 30, 35, 33, 31)(36, 41, 39, 37, 42, 40, 38),  (1, 3, 5, 7, 2, 4, 6)(8, 10, 12, 14, 9, 11, 13)(15, 
17, 19, 21, 16, 18, 20)(22, 24, 26, 28, 23, 25, 27)(29, 31, 33, 35, 30, 32, 34)(36, 38, 40, 42, 37, 39, 41),  ], [  (1, 21, 13, 5, 18, 10, 2, 
15, 14, 6, 19, 11, 3, 16, 8, 7, 20, 12, 4, 17, 9)(22, 42, 34, 26, 39, 31, 23, 36, 35, 27, 40, 32, 24, 37, 29, 28, 41, 33, 25, 38, 30),  (1, 9,
17, 4, 12, 20, 7, 8, 16, 3, 11, 19, 6, 14, 15, 2, 10, 18, 5, 13, 21)(22, 30, 38, 25, 33, 41, 28, 29, 37, 24, 32, 40, 27, 35, 36, 23, 31, 39, 
26, 34, 42),  ], [  (1, 16, 10, 4, 19, 13, 7, 15, 9, 3, 18, 12, 6, 21, 8, 2, 17, 11, 5, 20, 14)(22, 37, 31, 25, 40, 34, 28, 36, 30, 24, 39, 
33, 27, 42, 29, 23, 38, 32, 26, 41, 35),  (1, 14, 20, 5, 11, 17, 2, 8, 21, 6, 12, 18, 3, 9, 15, 7, 13, 19, 4, 10, 16)(22, 35, 41, 26, 32, 38, 
23, 29, 42, 27, 33, 39, 24, 30, 36, 28, 34, 40, 25, 31, 37),  ], [  (1, 3, 5, 7, 2, 4, 6)(8, 10, 12, 14, 9, 11, 13)(15, 17, 19, 21, 16, 18, 
20)(22, 24, 26, 28, 23, 25, 27)(29, 31, 33, 35, 30, 32, 34)(36, 38, 40, 42, 37, 39, 41),  (1, 6, 4, 2, 7, 5, 3)(8, 13, 11, 9, 14, 12, 10)(15, 
20, 18, 16, 21, 19, 17)(22, 27, 25, 23, 28, 26, 24)(29, 34, 32, 30, 35, 33, 31)(36, 41, 39, 37, 42, 40, 38),  ], [  (1, 37, 10, 25, 19, 34, 7,
36, 9, 24, 18, 33, 6, 42, 8, 23, 17, 32, 5, 41, 14, 22, 16, 31, 4, 40, 13, 28, 15, 30, 3, 39, 12, 27, 21, 29, 2, 38, 11, 26, 20, 35),  (1, 
37)(2, 36)(3, 42)(4, 41)(5, 40)(6, 39)(7, 38)(8, 30)(9, 29)(10, 35)(11, 34)(12, 33)(13, 32)(14, 31)(15, 23)(16, 22)(17, 28)(18, 27)(19, 
26)(20, 25)(21, 24),  ], [  (1, 42, 13, 26, 18, 31, 2, 36, 14, 27, 19, 32, 3, 37, 8, 28, 20, 33, 4, 38, 9, 22, 21, 34, 5, 39, 10, 23, 15, 35, 
6, 40, 11, 24, 16, 29, 7, 41, 12, 25, 17, 30),  (1, 42)(2, 41)(3, 40)(4, 39)(5, 38)(6, 37)(7, 36)(8, 35)(9, 34)(10, 33)(11, 32)(12, 31)(13, 
30)(14, 29)(15, 28)(16, 27)(17, 26)(18, 25)(19, 24)(20, 23)(21, 22),  ], [  (1, 24, 5, 28, 2, 25, 6, 22, 3, 26, 7, 23, 4, 27)(8, 31, 12, 35, 
9, 32, 13, 29, 10, 33, 14, 30, 11, 34)(15, 38, 19, 42, 16, 39, 20, 36, 17, 40, 21, 37, 18, 41),  (1, 24)(2, 23)(3, 22)(4, 28)(5, 27)(6, 26)(7,
25)(8, 38)(9, 37)(10, 36)(11, 42)(12, 41)(13, 40)(14, 39)(15, 31)(16, 30)(17, 29)(18, 35)(19, 34)(20, 33)(21, 32),  ], [  (1, 30, 17, 25, 12, 
41, 7, 29, 16, 24, 11, 40, 6, 35, 15, 23, 10, 39, 5, 34, 21, 22, 9, 38, 4, 33, 20, 28, 8, 37, 3, 32, 19, 27, 14, 36, 2, 31, 18, 26, 13, 42),  
(1, 30)(2, 29)(3, 35)(4, 34)(5, 33)(6, 32)(7, 31)(8, 23)(9, 22)(10, 28)(11, 27)(12, 26)(13, 25)(14, 24)(15, 37)(16, 36)(17, 42)(18, 41)(19, 
40)(20, 39)(21, 38),  ], [  (1, 35, 20, 26, 11, 38, 2, 29, 21, 27, 12, 39, 3, 30, 15, 28, 13, 40, 4, 31, 16, 22, 14, 41, 5, 32, 17, 23, 8, 42,
6, 33, 18, 24, 9, 36, 7, 34, 19, 25, 10, 37),  (1, 35)(2, 34)(3, 33)(4, 32)(5, 31)(6, 30)(7, 29)(8, 28)(9, 27)(10, 26)(11, 25)(12, 24)(13, 
23)(14, 22)(15, 42)(16, 41)(17, 40)(18, 39)(19, 38)(20, 37)(21, 36),  ], [  (1, 27, 4, 23, 7, 26, 3, 22, 6, 25, 2, 28, 5, 24)(8, 34, 11, 30, 
14, 33, 10, 29, 13, 32, 9, 35, 12, 31)(15, 41, 18, 37, 21, 40, 17, 36, 20, 39, 16, 42, 19, 38),  (1, 27)(2, 26)(3, 25)(4, 24)(5, 23)(6, 22)(7,
28)(8, 41)(9, 40)(10, 39)(11, 38)(12, 37)(13, 36)(14, 42)(15, 34)(16, 33)(17, 32)(18, 31)(19, 30)(20, 29)(21, 35),  ], [  (1, 13, 18, 2, 14, 
19, 3, 8, 20, 4, 9, 21, 5, 10, 15, 6, 11, 16, 7, 12, 17)(22, 34, 39, 23, 35, 40, 24, 29, 41, 25, 30, 42, 26, 31, 36, 27, 32, 37, 28, 33, 38), 
(1, 17, 12, 7, 16, 11, 6, 15, 10, 5, 21, 9, 4, 20, 8, 3, 19, 14, 2, 18, 13)(22, 38, 33, 28, 37, 32, 27, 36, 31, 26, 42, 30, 25, 41, 29, 24, 
40, 35, 23, 39, 34),  ], [  (1, 10, 19, 7, 9, 18, 6, 8, 17, 5, 14, 16, 4, 13, 15, 3, 12, 21, 2, 11, 20)(22, 31, 40, 28, 30, 39, 27, 29, 38, 
26, 35, 37, 25, 34, 36, 24, 33, 42, 23, 32, 41),  (1, 20, 11, 2, 21, 12, 3, 15, 13, 4, 16, 14, 5, 17, 8, 6, 18, 9, 7, 19, 10)(22, 41, 32, 23, 
42, 33, 24, 36, 34, 25, 37, 35, 26, 38, 29, 27, 39, 30, 28, 40, 31),  ], [  (1, 5, 2, 6, 3, 7, 4)(8, 12, 9, 13, 10, 14, 11)(15, 19, 16, 20, 
17, 21, 18)(22, 26, 23, 27, 24, 28, 25)(29, 33, 30, 34, 31, 35, 32)(36, 40, 37, 41, 38, 42, 39),  (1, 4, 7, 3, 6, 2, 5)(8, 11, 14, 10, 13, 9, 
12)(15, 18, 21, 17, 20, 16, 19)(22, 25, 28, 24, 27, 23, 26)(29, 32, 35, 31, 34, 30, 33)(36, 39, 42, 38, 41, 37, 40),  ], [  (1, 20, 11, 2, 21,
12, 3, 15, 13, 4, 16, 14, 5, 17, 8, 6, 18, 9, 7, 19, 10)(22, 41, 32, 23, 42, 33, 24, 36, 34, 25, 37, 35, 26, 38, 29, 27, 39, 30, 28, 40, 31), 
(1, 10, 19, 7, 9, 18, 6, 8, 17, 5, 14, 16, 4, 13, 15, 3, 12, 21, 2, 11, 20)(22, 31, 40, 28, 30, 39, 27, 29, 38, 26, 35, 37, 25, 34, 36, 24, 
33, 42, 23, 32, 41),  ], [  (1, 17, 12, 7, 16, 11, 6, 15, 10, 5, 21, 9, 4, 20, 8, 3, 19, 14, 2, 18, 13)(22, 38, 33, 28, 37, 32, 27, 36, 31, 
26, 42, 30, 25, 41, 29, 24, 40, 35, 23, 39, 34),  (1, 13, 18, 2, 14, 19, 3, 8, 20, 4, 9, 21, 5, 10, 15, 6, 11, 16, 7, 12, 17)(22, 34, 39, 23, 
35, 40, 24, 29, 41, 25, 30, 42, 26, 31, 36, 27, 32, 37, 28, 33, 38),  ], [  (1, 4, 7, 3, 6, 2, 5)(8, 11, 14, 10, 13, 9, 12)(15, 18, 21, 17, 
20, 16, 19)(22, 25, 28, 24, 27, 23, 26)(29, 32, 35, 31, 34, 30, 33)(36, 39, 42, 38, 41, 37, 40),  (1, 5, 2, 6, 3, 7, 4)(8, 12, 9, 13, 10, 14, 
11)(15, 19, 16, 20, 17, 21, 18)(22, 26, 23, 27, 24, 28, 25)(29, 33, 30, 34, 31, 35, 32)(36, 40, 37, 41, 38, 42, 39),  ], [  (1, 38, 12, 28, 
16, 32, 6, 36, 10, 26, 21, 30, 4, 41, 8, 24, 19, 35, 2, 39, 13, 22, 17, 33, 7, 37, 11, 27, 15, 31, 5, 42, 9, 25, 20, 29, 3, 40, 14, 23, 18, 
34),  (1, 38)(2, 37)(3, 36)(4, 42)(5, 41)(6, 40)(7, 39)(8, 31)(9, 30)(10, 29)(11, 35)(12, 34)(13, 33)(14, 32)(15, 24)(16, 23)(17, 22)(18, 
28)(19, 27)(20, 26)(21, 25),  ], [  (1, 41, 11, 23, 21, 33, 3, 36, 13, 25, 16, 35, 5, 38, 8, 27, 18, 30, 7, 40, 10, 22, 20, 32, 2, 42, 12, 24,
15, 34, 4, 37, 14, 26, 17, 29, 6, 39, 9, 28, 19, 31),  (1, 41)(2, 40)(3, 39)(4, 38)(5, 37)(6, 36)(7, 42)(8, 34)(9, 33)(10, 32)(11, 31)(12, 
30)(13, 29)(14, 35)(15, 27)(16, 26)(17, 25)(18, 24)(19, 23)(20, 22)(21, 28),  ], [  (1, 25, 7, 24, 6, 23, 5, 22, 4, 28, 3, 27, 2, 26)(8, 32, 
14, 31, 13, 30, 12, 29, 11, 35, 10, 34, 9, 33)(15, 39, 21, 38, 20, 37, 19, 36, 18, 42, 17, 41, 16, 40),  (1, 25)(2, 24)(3, 23)(4, 22)(5, 
28)(6, 27)(7, 26)(8, 39)(9, 38)(10, 37)(11, 36)(12, 42)(13, 41)(14, 40)(15, 32)(16, 31)(17, 30)(18, 29)(19, 35)(20, 34)(21, 33),  ], [  (1, 
31, 19, 28, 9, 39, 6, 29, 17, 26, 14, 37, 4, 34, 15, 24, 12, 42, 2, 32, 20, 22, 10, 40, 7, 30, 18, 27, 8, 38, 5, 35, 16, 25, 13, 36, 3, 33, 
21, 23, 11, 41),  (1, 31)(2, 30)(3, 29)(4, 35)(5, 34)(6, 33)(7, 32)(8, 24)(9, 23)(10, 22)(11, 28)(12, 27)(13, 26)(14, 25)(15, 38)(16, 37)(17, 
36)(18, 42)(19, 41)(20, 40)(21, 39),  ], [  (1, 34, 18, 23, 14, 40, 3, 29, 20, 25, 9, 42, 5, 31, 15, 27, 11, 37, 7, 33, 17, 22, 13, 39, 2, 35,
19, 24, 8, 41, 4, 30, 21, 26, 10, 36, 6, 32, 16, 28, 12, 38),  (1, 34)(2, 33)(3, 32)(4, 31)(5, 30)(6, 29)(7, 35)(8, 27)(9, 26)(10, 25)(11, 
24)(12, 23)(13, 22)(14, 28)(15, 41)(16, 40)(17, 39)(18, 38)(19, 37)(20, 36)(21, 42),  ], [  (1, 26, 2, 27, 3, 28, 4, 22, 5, 23, 6, 24, 7, 
25)(8, 33, 9, 34, 10, 35, 11, 29, 12, 30, 13, 31, 14, 32)(15, 40, 16, 41, 17, 42, 18, 36, 19, 37, 20, 38, 21, 39),  (1, 26)(2, 25)(3, 24)(4, 
23)(5, 22)(6, 28)(7, 27)(8, 40)(9, 39)(10, 38)(11, 37)(12, 36)(13, 42)(14, 41)(15, 33)(16, 32)(17, 31)(18, 30)(19, 29)(20, 35)(21, 34),  ], [ 
(1, 12, 16, 6, 10, 21, 4, 8, 19, 2, 13, 17, 7, 11, 15, 5, 9, 20, 3, 14, 18)(22, 33, 37, 27, 31, 42, 25, 29, 40, 23, 34, 38, 28, 32, 36, 26, 
30, 41, 24, 35, 39),  (1, 18, 14, 3, 20, 9, 5, 15, 11, 7, 17, 13, 2, 19, 8, 4, 21, 10, 6, 16, 12)(22, 39, 35, 24, 41, 30, 26, 36, 32, 28, 38, 
34, 23, 40, 29, 25, 42, 31, 27, 37, 33),  ], [  (1, 11, 21, 3, 13, 16, 5, 8, 18, 7, 10, 20, 2, 12, 15, 4, 14, 17, 6, 9, 19)(22, 32, 42, 24, 
34, 37, 26, 29, 39, 28, 31, 41, 23, 33, 36, 25, 35, 38, 27, 30, 40),  (1, 19, 9, 6, 17, 14, 4, 15, 12, 2, 20, 10, 7, 18, 8, 5, 16, 13, 3, 21, 
11)(22, 40, 30, 27, 38, 35, 25, 36, 33, 23, 41, 31, 28, 39, 29, 26, 37, 34, 24, 42, 32),  ], [  (1, 19, 9, 6, 17, 14, 4, 15, 12, 2, 20, 10, 7,
18, 8, 5, 16, 13, 3, 21, 11)(22, 40, 30, 27, 38, 35, 25, 36, 33, 23, 41, 31, 28, 39, 29, 26, 37, 34, 24, 42, 32),  (1, 11, 21, 3, 13, 16, 5, 
8, 18, 7, 10, 20, 2, 12, 15, 4, 14, 17, 6, 9, 19)(22, 32, 42, 24, 34, 37, 26, 29, 39, 28, 31, 41, 23, 33, 36, 25, 35, 38, 27, 30, 40),  ], [  
(1, 18, 14, 3, 20, 9, 5, 15, 11, 7, 17, 13, 2, 19, 8, 4, 21, 10, 6, 16, 12)(22, 39, 35, 24, 41, 30, 26, 36, 32, 28, 38, 34, 23, 40, 29, 25, 
42, 31, 27, 37, 33),  (1, 12, 16, 6, 10, 21, 4, 8, 19, 2, 13, 17, 7, 11, 15, 5, 9, 20, 3, 14, 18)(22, 33, 37, 27, 31, 42, 25, 29, 40, 23, 34, 
38, 28, 32, 36, 26, 30, 41, 24, 35, 39),  ], [  (1, 39, 14, 24, 20, 30, 5, 36, 11, 28, 17, 34, 2, 40, 8, 25, 21, 31, 6, 37, 12, 22, 18, 35, 3,
41, 9, 26, 15, 32, 7, 38, 13, 23, 19, 29, 4, 42, 10, 27, 16, 33),  (1, 39)(2, 38)(3, 37)(4, 36)(5, 42)(6, 41)(7, 40)(8, 32)(9, 31)(10, 30)(11,
29)(12, 35)(13, 34)(14, 33)(15, 25)(16, 24)(17, 23)(18, 22)(19, 28)(20, 27)(21, 26),  ], [  (1, 40, 9, 27, 17, 35, 4, 36, 12, 23, 20, 31, 7, 
39, 8, 26, 16, 34, 3, 42, 11, 22, 19, 30, 6, 38, 14, 25, 15, 33, 2, 41, 10, 28, 18, 29, 5, 37, 13, 24, 21, 32),  (1, 40)(2, 39)(3, 38)(4, 
37)(5, 36)(6, 42)(7, 41)(8, 33)(9, 32)(10, 31)(11, 30)(12, 29)(13, 35)(14, 34)(15, 26)(16, 25)(17, 24)(18, 23)(19, 22)(20, 28)(21, 27),  ], [ 
(1, 32, 21, 24, 13, 37, 5, 29, 18, 28, 10, 41, 2, 33, 15, 25, 14, 38, 6, 30, 19, 22, 11, 42, 3, 34, 16, 26, 8, 39, 7, 31, 20, 23, 12, 36, 4, 
35, 17, 27, 9, 40),  (1, 32)(2, 31)(3, 30)(4, 29)(5, 35)(6, 34)(7, 33)(8, 25)(9, 24)(10, 23)(11, 22)(12, 28)(13, 27)(14, 26)(15, 39)(16, 
38)(17, 37)(18, 36)(19, 42)(20, 41)(21, 40),  ], [  (1, 33, 16, 27, 10, 42, 4, 29, 19, 23, 13, 38, 7, 32, 15, 26, 9, 41, 3, 35, 18, 22, 12, 
37, 6, 31, 21, 25, 8, 40, 2, 34, 17, 28, 11, 36, 5, 30, 20, 24, 14, 39),  (1, 33)(2, 32)(3, 31)(4, 30)(5, 29)(6, 35)(7, 34)(8, 26)(9, 25)(10, 
24)(11, 23)(12, 22)(13, 28)(14, 27)(15, 40)(16, 39)(17, 38)(18, 37)(19, 36)(20, 42)(21, 41),  ], ]
);

BRACES[42].brace[3] := rec ( size := 42, perms := [ [  (),  (),  ], [  (1, 22)(2, 23)(3, 24)(4, 25)(5, 26)(6, 27)(7, 28)(8, 29)(9, 30)(10, 
31)(11, 32)(12, 33)(13, 34)(14, 35)(15, 36)(16, 37)(17, 38)(18, 39)(19, 40)(20, 41)(21, 42),  (1, 22)(2, 28)(3, 27)(4, 26)(5, 25)(6, 24)(7, 
23)(8, 29)(9, 35)(10, 34)(11, 33)(12, 32)(13, 31)(14, 30)(15, 36)(16, 42)(17, 41)(18, 40)(19, 39)(20, 38)(21, 37),  ], [  (1, 8, 15)(2, 9, 
16)(3, 10, 17)(4, 11, 18)(5, 12, 19)(6, 13, 20)(7, 14, 21)(22, 29, 36)(23, 30, 37)(24, 31, 38)(25, 32, 39)(26, 33, 40)(27, 34, 41)(28, 35, 
42),  (1, 15, 8)(2, 16, 9)(3, 17, 10)(4, 18, 11)(5, 19, 12)(6, 20, 13)(7, 21, 14)(22, 36, 29)(23, 37, 30)(24, 38, 31)(25, 39, 32)(26, 40, 
33)(27, 41, 34)(28, 42, 35),  ], [  (1, 7, 6, 5, 4, 3, 2)(8, 14, 13, 12, 11, 10, 9)(15, 21, 20, 19, 18, 17, 16)(22, 28, 27, 26, 25, 24, 
23)(29, 35, 34, 33, 32, 31, 30)(36, 42, 41, 40, 39, 38, 37),  (1, 2, 3, 4, 5, 6, 7)(8, 9, 10, 11, 12, 13, 14)(15, 16, 17, 18, 19, 20, 21)(22, 
23, 24, 25, 26, 27, 28)(29, 30, 31, 32, 33, 34, 35)(36, 37, 38, 39, 40, 41, 42),  ], [  (1, 15, 8)(2, 16, 9)(3, 17, 10)(4, 18, 11)(5, 19, 
12)(6, 20, 13)(7, 21, 14)(22, 36, 29)(23, 37, 30)(24, 38, 31)(25, 39, 32)(26, 40, 33)(27, 41, 34)(28, 42, 35),  (1, 8, 15)(2, 9, 16)(3, 10, 
17)(4, 11, 18)(5, 12, 19)(6, 13, 20)(7, 14, 21)(22, 29, 36)(23, 30, 37)(24, 31, 38)(25, 32, 39)(26, 33, 40)(27, 34, 41)(28, 35, 42),  ], [  
(1, 2, 3, 4, 5, 6, 7)(8, 9, 10, 11, 12, 13, 14)(15, 16, 17, 18, 19, 20, 21)(22, 23, 24, 25, 26, 27, 28)(29, 30, 31, 32, 33, 34, 35)(36, 37, 
38, 39, 40, 41, 42),  (1, 7, 6, 5, 4, 3, 2)(8, 14, 13, 12, 11, 10, 9)(15, 21, 20, 19, 18, 17, 16)(22, 28, 27, 26, 25, 24, 23)(29, 35, 34, 33, 
32, 31, 30)(36, 42, 41, 40, 39, 38, 37),  ], [  (1, 29, 15, 22, 8, 36)(2, 30, 16, 23, 9, 37)(3, 31, 17, 24, 10, 38)(4, 32, 18, 25, 11, 39)(5, 
33, 19, 26, 12, 40)(6, 34, 20, 27, 13, 41)(7, 35, 21, 28, 14, 42),  (1, 36, 8, 22, 15, 29)(2, 42, 9, 28, 16, 35)(3, 41, 10, 27, 17, 34)(4, 40,
11, 26, 18, 33)(5, 39, 12, 25, 19, 32)(6, 38, 13, 24, 20, 31)(7, 37, 14, 23, 21, 30),  ], [  (1, 23, 3, 25, 5, 27, 7, 22, 2, 24, 4, 26, 6, 
28)(8, 30, 10, 32, 12, 34, 14, 29, 9, 31, 11, 33, 13, 35)(15, 37, 17, 39, 19, 41, 21, 36, 16, 38, 18, 40, 20, 42),  (1, 23)(2, 22)(3, 28)(4, 
27)(5, 26)(6, 25)(7, 24)(8, 30)(9, 29)(10, 35)(11, 34)(12, 33)(13, 32)(14, 31)(15, 37)(16, 36)(17, 42)(18, 41)(19, 40)(20, 39)(21, 38),  ], [ 
(1, 36, 8, 22, 15, 29)(2, 37, 9, 23, 16, 30)(3, 38, 10, 24, 17, 31)(4, 39, 11, 25, 18, 32)(5, 40, 12, 26, 19, 33)(6, 41, 13, 27, 20, 34)(7, 
42, 14, 28, 21, 35),  (1, 29, 15, 22, 8, 36)(2, 35, 16, 28, 9, 42)(3, 34, 17, 27, 10, 41)(4, 33, 18, 26, 11, 40)(5, 32, 19, 25, 12, 39)(6, 31,
20, 24, 13, 38)(7, 30, 21, 23, 14, 37),  ], [  (1, 28, 6, 26, 4, 24, 2, 22, 7, 27, 5, 25, 3, 23)(8, 35, 13, 33, 11, 31, 9, 29, 14, 34, 12, 32,
10, 30)(15, 42, 20, 40, 18, 38, 16, 36, 21, 41, 19, 39, 17, 37),  (1, 28)(2, 27)(3, 26)(4, 25)(5, 24)(6, 23)(7, 22)(8, 35)(9, 34)(10, 33)(11, 
32)(12, 31)(13, 30)(14, 29)(15, 42)(16, 41)(17, 40)(18, 39)(19, 38)(20, 37)(21, 36),  ], [  (1, 14, 20, 5, 11, 17, 2, 8, 21, 6, 12, 18, 3, 9, 
15, 7, 13, 19, 4, 10, 16)(22, 35, 41, 26, 32, 38, 23, 29, 42, 27, 33, 39, 24, 30, 36, 28, 34, 40, 25, 31, 37),  (1, 16, 10, 4, 19, 13, 7, 15, 
9, 3, 18, 12, 6, 21, 8, 2, 17, 11, 5, 20, 14)(22, 37, 31, 25, 40, 34, 28, 36, 30, 24, 39, 33, 27, 42, 29, 23, 38, 32, 26, 41, 35),  ], [  (1, 
9, 17, 4, 12, 20, 7, 8, 16, 3, 11, 19, 6, 14, 15, 2, 10, 18, 5, 13, 21)(22, 30, 38, 25, 33, 41, 28, 29, 37, 24, 32, 40, 27, 35, 36, 23, 31, 
39, 26, 34, 42),  (1, 21, 13, 5, 18, 10, 2, 15, 14, 6, 19, 11, 3, 16, 8, 7, 20, 12, 4, 17, 9)(22, 42, 34, 26, 39, 31, 23, 36, 35, 27, 40, 32, 
24, 37, 29, 28, 41, 33, 25, 38, 30),  ], [  (1, 6, 4, 2, 7, 5, 3)(8, 13, 11, 9, 14, 12, 10)(15, 20, 18, 16, 21, 19, 17)(22, 27, 25, 23, 28, 
26, 24)(29, 34, 32, 30, 35, 33, 31)(36, 41, 39, 37, 42, 40, 38),  (1, 3, 5, 7, 2, 4, 6)(8, 10, 12, 14, 9, 11, 13)(15, 17, 19, 21, 16, 18, 
20)(22, 24, 26, 28, 23, 25, 27)(29, 31, 33, 35, 30, 32, 34)(36, 38, 40, 42, 37, 39, 41),  ], [  (1, 21, 13, 5, 18, 10, 2, 15, 14, 6, 19, 11, 
3, 16, 8, 7, 20, 12, 4, 17, 9)(22, 42, 34, 26, 39, 31, 23, 36, 35, 27, 40, 32, 24, 37, 29, 28, 41, 33, 25, 38, 30),  (1, 9, 17, 4, 12, 20, 7, 
8, 16, 3, 11, 19, 6, 14, 15, 2, 10, 18, 5, 13, 21)(22, 30, 38, 25, 33, 41, 28, 29, 37, 24, 32, 40, 27, 35, 36, 23, 31, 39, 26, 34, 42),  ], [ 
(1, 16, 10, 4, 19, 13, 7, 15, 9, 3, 18, 12, 6, 21, 8, 2, 17, 11, 5, 20, 14)(22, 37, 31, 25, 40, 34, 28, 36, 30, 24, 39, 33, 27, 42, 29, 23, 
38, 32, 26, 41, 35),  (1, 14, 20, 5, 11, 17, 2, 8, 21, 6, 12, 18, 3, 9, 15, 7, 13, 19, 4, 10, 16)(22, 35, 41, 26, 32, 38, 23, 29, 42, 27, 33, 
39, 24, 30, 36, 28, 34, 40, 25, 31, 37),  ], [  (1, 3, 5, 7, 2, 4, 6)(8, 10, 12, 14, 9, 11, 13)(15, 17, 19, 21, 16, 18, 20)(22, 24, 26, 28, 
23, 25, 27)(29, 31, 33, 35, 30, 32, 34)(36, 38, 40, 42, 37, 39, 41),  (1, 6, 4, 2, 7, 5, 3)(8, 13, 11, 9, 14, 12, 10)(15, 20, 18, 16, 21, 19, 
17)(22, 27, 25, 23, 28, 26, 24)(29, 34, 32, 30, 35, 33, 31)(36, 41, 39, 37, 42, 40, 38),  ], [  (1, 30, 17, 25, 12, 41, 7, 29, 16, 24, 11, 40,
6, 35, 15, 23, 10, 39, 5, 34, 21, 22, 9, 38, 4, 33, 20, 28, 8, 37, 3, 32, 19, 27, 14, 36, 2, 31, 18, 26, 13, 42),  (1, 37, 8, 23, 15, 30)(2, 
36, 9, 22, 16, 29)(3, 42, 10, 28, 17, 35)(4, 41, 11, 27, 18, 34)(5, 40, 12, 26, 19, 33)(6, 39, 13, 25, 20, 32)(7, 38, 14, 24, 21, 31),  ], [  
(1, 35, 20, 26, 11, 38, 2, 29, 21, 27, 12, 39, 3, 30, 15, 28, 13, 40, 4, 31, 16, 22, 14, 41, 5, 32, 17, 23, 8, 42, 6, 33, 18, 24, 9, 36, 7, 
34, 19, 25, 10, 37),  (1, 42, 8, 28, 15, 35)(2, 41, 9, 27, 16, 34)(3, 40, 10, 26, 17, 33)(4, 39, 11, 25, 18, 32)(5, 38, 12, 24, 19, 31)(6, 37,
13, 23, 20, 30)(7, 36, 14, 22, 21, 29),  ], [  (1, 24, 5, 28, 2, 25, 6, 22, 3, 26, 7, 23, 4, 27)(8, 31, 12, 35, 9, 32, 13, 29, 10, 33, 14, 30,
11, 34)(15, 38, 19, 42, 16, 39, 20, 36, 17, 40, 21, 37, 18, 41),  (1, 24)(2, 23)(3, 22)(4, 28)(5, 27)(6, 26)(7, 25)(8, 31)(9, 30)(10, 29)(11, 
35)(12, 34)(13, 33)(14, 32)(15, 38)(16, 37)(17, 36)(18, 42)(19, 41)(20, 40)(21, 39),  ], [  (1, 37, 10, 25, 19, 34, 7, 36, 9, 24, 18, 33, 6, 
42, 8, 23, 17, 32, 5, 41, 14, 22, 16, 31, 4, 40, 13, 28, 15, 30, 3, 39, 12, 27, 21, 29, 2, 38, 11, 26, 20, 35),  (1, 30, 15, 23, 8, 37)(2, 29,
16, 22, 9, 36)(3, 35, 17, 28, 10, 42)(4, 34, 18, 27, 11, 41)(5, 33, 19, 26, 12, 40)(6, 32, 20, 25, 13, 39)(7, 31, 21, 24, 14, 38),  ], [  (1, 
42, 13, 26, 18, 31, 2, 36, 14, 27, 19, 32, 3, 37, 8, 28, 20, 33, 4, 38, 9, 22, 21, 34, 5, 39, 10, 23, 15, 35, 6, 40, 11, 24, 16, 29, 7, 41, 
12, 25, 17, 30),  (1, 35, 15, 28, 8, 42)(2, 34, 16, 27, 9, 41)(3, 33, 17, 26, 10, 40)(4, 32, 18, 25, 11, 39)(5, 31, 19, 24, 12, 38)(6, 30, 20,
23, 13, 37)(7, 29, 21, 22, 14, 36),  ], [  (1, 27, 4, 23, 7, 26, 3, 22, 6, 25, 2, 28, 5, 24)(8, 34, 11, 30, 14, 33, 10, 29, 13, 32, 9, 35, 12,
31)(15, 41, 18, 37, 21, 40, 17, 36, 20, 39, 16, 42, 19, 38),  (1, 27)(2, 26)(3, 25)(4, 24)(5, 23)(6, 22)(7, 28)(8, 34)(9, 33)(10, 32)(11, 
31)(12, 30)(13, 29)(14, 35)(15, 41)(16, 40)(17, 39)(18, 38)(19, 37)(20, 36)(21, 42),  ], [  (1, 13, 18, 2, 14, 19, 3, 8, 20, 4, 9, 21, 5, 10, 
15, 6, 11, 16, 7, 12, 17)(22, 34, 39, 23, 35, 40, 24, 29, 41, 25, 30, 42, 26, 31, 36, 27, 32, 37, 28, 33, 38),  (1, 17, 12, 7, 16, 11, 6, 15, 
10, 5, 21, 9, 4, 20, 8, 3, 19, 14, 2, 18, 13)(22, 38, 33, 28, 37, 32, 27, 36, 31, 26, 42, 30, 25, 41, 29, 24, 40, 35, 23, 39, 34),  ], [  (1, 
10, 19, 7, 9, 18, 6, 8, 17, 5, 14, 16, 4, 13, 15, 3, 12, 21, 2, 11, 20)(22, 31, 40, 28, 30, 39, 27, 29, 38, 26, 35, 37, 25, 34, 36, 24, 33, 
42, 23, 32, 41),  (1, 20, 11, 2, 21, 12, 3, 15, 13, 4, 16, 14, 5, 17, 8, 6, 18, 9, 7, 19, 10)(22, 41, 32, 23, 42, 33, 24, 36, 34, 25, 37, 35, 
26, 38, 29, 27, 39, 30, 28, 40, 31),  ], [  (1, 5, 2, 6, 3, 7, 4)(8, 12, 9, 13, 10, 14, 11)(15, 19, 16, 20, 17, 21, 18)(22, 26, 23, 27, 24, 
28, 25)(29, 33, 30, 34, 31, 35, 32)(36, 40, 37, 41, 38, 42, 39),  (1, 4, 7, 3, 6, 2, 5)(8, 11, 14, 10, 13, 9, 12)(15, 18, 21, 17, 20, 16, 
19)(22, 25, 28, 24, 27, 23, 26)(29, 32, 35, 31, 34, 30, 33)(36, 39, 42, 38, 41, 37, 40),  ], [  (1, 20, 11, 2, 21, 12, 3, 15, 13, 4, 16, 14, 
5, 17, 8, 6, 18, 9, 7, 19, 10)(22, 41, 32, 23, 42, 33, 24, 36, 34, 25, 37, 35, 26, 38, 29, 27, 39, 30, 28, 40, 31),  (1, 10, 19, 7, 9, 18, 6, 
8, 17, 5, 14, 16, 4, 13, 15, 3, 12, 21, 2, 11, 20)(22, 31, 40, 28, 30, 39, 27, 29, 38, 26, 35, 37, 25, 34, 36, 24, 33, 42, 23, 32, 41),  ], [ 
(1, 17, 12, 7, 16, 11, 6, 15, 10, 5, 21, 9, 4, 20, 8, 3, 19, 14, 2, 18, 13)(22, 38, 33, 28, 37, 32, 27, 36, 31, 26, 42, 30, 25, 41, 29, 24, 
40, 35, 23, 39, 34),  (1, 13, 18, 2, 14, 19, 3, 8, 20, 4, 9, 21, 5, 10, 15, 6, 11, 16, 7, 12, 17)(22, 34, 39, 23, 35, 40, 24, 29, 41, 25, 30, 
42, 26, 31, 36, 27, 32, 37, 28, 33, 38),  ], [  (1, 4, 7, 3, 6, 2, 5)(8, 11, 14, 10, 13, 9, 12)(15, 18, 21, 17, 20, 16, 19)(22, 25, 28, 24, 
27, 23, 26)(29, 32, 35, 31, 34, 30, 33)(36, 39, 42, 38, 41, 37, 40),  (1, 5, 2, 6, 3, 7, 4)(8, 12, 9, 13, 10, 14, 11)(15, 19, 16, 20, 17, 21, 
18)(22, 26, 23, 27, 24, 28, 25)(29, 33, 30, 34, 31, 35, 32)(36, 40, 37, 41, 38, 42, 39),  ], [  (1, 31, 19, 28, 9, 39, 6, 29, 17, 26, 14, 37, 
4, 34, 15, 24, 12, 42, 2, 32, 20, 22, 10, 40, 7, 30, 18, 27, 8, 38, 5, 35, 16, 25, 13, 36, 3, 33, 21, 23, 11, 41),  (1, 38, 8, 24, 15, 31)(2, 
37, 9, 23, 16, 30)(3, 36, 10, 22, 17, 29)(4, 42, 11, 28, 18, 35)(5, 41, 12, 27, 19, 34)(6, 40, 13, 26, 20, 33)(7, 39, 14, 25, 21, 32),  ], [  
(1, 34, 18, 23, 14, 40, 3, 29, 20, 25, 9, 42, 5, 31, 15, 27, 11, 37, 7, 33, 17, 22, 13, 39, 2, 35, 19, 24, 8, 41, 4, 30, 21, 26, 10, 36, 6, 
32, 16, 28, 12, 38),  (1, 41, 8, 27, 15, 34)(2, 40, 9, 26, 16, 33)(3, 39, 10, 25, 17, 32)(4, 38, 11, 24, 18, 31)(5, 37, 12, 23, 19, 30)(6, 36,
13, 22, 20, 29)(7, 42, 14, 28, 21, 35),  ], [  (1, 25, 7, 24, 6, 23, 5, 22, 4, 28, 3, 27, 2, 26)(8, 32, 14, 31, 13, 30, 12, 29, 11, 35, 10, 
34, 9, 33)(15, 39, 21, 38, 20, 37, 19, 36, 18, 42, 17, 41, 16, 40),  (1, 25)(2, 24)(3, 23)(4, 22)(5, 28)(6, 27)(7, 26)(8, 32)(9, 31)(10, 
30)(11, 29)(12, 35)(13, 34)(14, 33)(15, 39)(16, 38)(17, 37)(18, 36)(19, 42)(20, 41)(21, 40),  ], [  (1, 38, 12, 28, 16, 32, 6, 36, 10, 26, 21,
30, 4, 41, 8, 24, 19, 35, 2, 39, 13, 22, 17, 33, 7, 37, 11, 27, 15, 31, 5, 42, 9, 25, 20, 29, 3, 40, 14, 23, 18, 34),  (1, 31, 15, 24, 8, 
38)(2, 30, 16, 23, 9, 37)(3, 29, 17, 22, 10, 36)(4, 35, 18, 28, 11, 42)(5, 34, 19, 27, 12, 41)(6, 33, 20, 26, 13, 40)(7, 32, 21, 25, 14, 39), 
], [  (1, 41, 11, 23, 21, 33, 3, 36, 13, 25, 16, 35, 5, 38, 8, 27, 18, 30, 7, 40, 10, 22, 20, 32, 2, 42, 12, 24, 15, 34, 4, 37, 14, 26, 17, 
29, 6, 39, 9, 28, 19, 31),  (1, 34, 15, 27, 8, 41)(2, 33, 16, 26, 9, 40)(3, 32, 17, 25, 10, 39)(4, 31, 18, 24, 11, 38)(5, 30, 19, 23, 12, 
37)(6, 29, 20, 22, 13, 36)(7, 35, 21, 28, 14, 42),  ], [  (1, 26, 2, 27, 3, 28, 4, 22, 5, 23, 6, 24, 7, 25)(8, 33, 9, 34, 10, 35, 11, 29, 12, 
30, 13, 31, 14, 32)(15, 40, 16, 41, 17, 42, 18, 36, 19, 37, 20, 38, 21, 39),  (1, 26)(2, 25)(3, 24)(4, 23)(5, 22)(6, 28)(7, 27)(8, 33)(9, 
32)(10, 31)(11, 30)(12, 29)(13, 35)(14, 34)(15, 40)(16, 39)(17, 38)(18, 37)(19, 36)(20, 42)(21, 41),  ], [  (1, 12, 16, 6, 10, 21, 4, 8, 19, 
2, 13, 17, 7, 11, 15, 5, 9, 20, 3, 14, 18)(22, 33, 37, 27, 31, 42, 25, 29, 40, 23, 34, 38, 28, 32, 36, 26, 30, 41, 24, 35, 39),  (1, 18, 14, 
3, 20, 9, 5, 15, 11, 7, 17, 13, 2, 19, 8, 4, 21, 10, 6, 16, 12)(22, 39, 35, 24, 41, 30, 26, 36, 32, 28, 38, 34, 23, 40, 29, 25, 42, 31, 27, 
37, 33),  ], [  (1, 11, 21, 3, 13, 16, 5, 8, 18, 7, 10, 20, 2, 12, 15, 4, 14, 17, 6, 9, 19)(22, 32, 42, 24, 34, 37, 26, 29, 39, 28, 31, 41, 
23, 33, 36, 25, 35, 38, 27, 30, 40),  (1, 19, 9, 6, 17, 14, 4, 15, 12, 2, 20, 10, 7, 18, 8, 5, 16, 13, 3, 21, 11)(22, 40, 30, 27, 38, 35, 25, 
36, 33, 23, 41, 31, 28, 39, 29, 26, 37, 34, 24, 42, 32),  ], [  (1, 19, 9, 6, 17, 14, 4, 15, 12, 2, 20, 10, 7, 18, 8, 5, 16, 13, 3, 21, 
11)(22, 40, 30, 27, 38, 35, 25, 36, 33, 23, 41, 31, 28, 39, 29, 26, 37, 34, 24, 42, 32),  (1, 11, 21, 3, 13, 16, 5, 8, 18, 7, 10, 20, 2, 12, 
15, 4, 14, 17, 6, 9, 19)(22, 32, 42, 24, 34, 37, 26, 29, 39, 28, 31, 41, 23, 33, 36, 25, 35, 38, 27, 30, 40),  ], [  (1, 18, 14, 3, 20, 9, 5, 
15, 11, 7, 17, 13, 2, 19, 8, 4, 21, 10, 6, 16, 12)(22, 39, 35, 24, 41, 30, 26, 36, 32, 28, 38, 34, 23, 40, 29, 25, 42, 31, 27, 37, 33),  (1, 
12, 16, 6, 10, 21, 4, 8, 19, 2, 13, 17, 7, 11, 15, 5, 9, 20, 3, 14, 18)(22, 33, 37, 27, 31, 42, 25, 29, 40, 23, 34, 38, 28, 32, 36, 26, 30, 
41, 24, 35, 39),  ], [  (1, 32, 21, 24, 13, 37, 5, 29, 18, 28, 10, 41, 2, 33, 15, 25, 14, 38, 6, 30, 19, 22, 11, 42, 3, 34, 16, 26, 8, 39, 7, 
