BRACES[60] := rec( total := -1, implemented := 28, size := 60, brace := [] );BRACES[60].brace[1] := rec ( size := 60, perms := [ [  (),  (),  
], [  (1, 31, 2, 32)(3, 33, 4, 34)(5, 35, 6, 36)(7, 37, 8, 38)(9, 39, 10, 40)(11, 41, 12, 42)(13, 43, 14, 44)(15, 45, 16, 46)(17, 47, 18, 
48)(19, 49, 20, 50)(21, 51, 22, 52)(23, 53, 24, 54)(25, 55, 26, 56)(27, 57, 28, 58)(29, 59, 30, 60),  (1, 31)(2, 32)(3, 33)(4, 34)(5, 35)(6, 
36)(7, 37)(8, 38)(9, 39)(10, 40)(11, 41)(12, 42)(13, 43)(14, 44)(15, 45)(16, 46)(17, 47)(18, 48)(19, 49)(20, 50)(21, 51)(22, 52)(23, 53)(24, 
54)(25, 55)(26, 56)(27, 57)(28, 58)(29, 59)(30, 60),  ], [  (1, 2)(3, 4)(5, 6)(7, 8)(9, 10)(11, 12)(13, 14)(15, 16)(17, 18)(19, 20)(21, 
22)(23, 24)(25, 26)(27, 28)(29, 30)(31, 32)(33, 34)(35, 36)(37, 38)(39, 40)(41, 42)(43, 44)(45, 46)(47, 48)(49, 50)(51, 52)(53, 54)(55, 
56)(57, 58)(59, 60),  (1, 2)(3, 4)(5, 6)(7, 8)(9, 10)(11, 12)(13, 14)(15, 16)(17, 18)(19, 20)(21, 22)(23, 24)(25, 26)(27, 28)(29, 30)(31, 
32)(33, 34)(35, 36)(37, 38)(39, 40)(41, 42)(43, 44)(45, 46)(47, 48)(49, 50)(51, 52)(53, 54)(55, 56)(57, 58)(59, 60),  ], [  (1, 21, 11)(2, 22,
12)(3, 23, 13)(4, 24, 14)(5, 25, 15)(6, 26, 16)(7, 27, 17)(8, 28, 18)(9, 29, 19)(10, 30, 20)(31, 51, 41)(32, 52, 42)(33, 53, 43)(34, 54, 
44)(35, 55, 45)(36, 56, 46)(37, 57, 47)(38, 58, 48)(39, 59, 49)(40, 60, 50),  (1, 11, 21)(2, 12, 22)(3, 13, 23)(4, 14, 24)(5, 15, 25)(6, 16, 
26)(7, 17, 27)(8, 18, 28)(9, 19, 29)(10, 20, 30)(31, 41, 51)(32, 42, 52)(33, 43, 53)(34, 44, 54)(35, 45, 55)(36, 46, 56)(37, 47, 57)(38, 48, 
58)(39, 49, 59)(40, 50, 60),  ], [  (1, 9, 7, 5, 3)(2, 10, 8, 6, 4)(11, 19, 17, 15, 13)(12, 20, 18, 16, 14)(21, 29, 27, 25, 23)(22, 30, 28, 
26, 24)(31, 39, 37, 35, 33)(32, 40, 38, 36, 34)(41, 49, 47, 45, 43)(42, 50, 48, 46, 44)(51, 59, 57, 55, 53)(52, 60, 58, 56, 54),  (1, 3, 5, 7,
9)(2, 4, 6, 8, 10)(11, 13, 15, 17, 19)(12, 14, 16, 18, 20)(21, 23, 25, 27, 29)(22, 24, 26, 28, 30)(31, 33, 35, 37, 39)(32, 34, 36, 38, 40)(41,
43, 45, 47, 49)(42, 44, 46, 48, 50)(51, 53, 55, 57, 59)(52, 54, 56, 58, 60),  ], [  (1, 11, 21)(2, 12, 22)(3, 13, 23)(4, 14, 24)(5, 15, 25)(6,
16, 26)(7, 17, 27)(8, 18, 28)(9, 19, 29)(10, 20, 30)(31, 41, 51)(32, 42, 52)(33, 43, 53)(34, 44, 54)(35, 45, 55)(36, 46, 56)(37, 47, 57)(38, 
48, 58)(39, 49, 59)(40, 50, 60),  (1, 21, 11)(2, 22, 12)(3, 23, 13)(4, 24, 14)(5, 25, 15)(6, 26, 16)(7, 27, 17)(8, 28, 18)(9, 29, 19)(10, 30, 
20)(31, 51, 41)(32, 52, 42)(33, 53, 43)(34, 54, 44)(35, 55, 45)(36, 56, 46)(37, 57, 47)(38, 58, 48)(39, 59, 49)(40, 60, 50),  ], [  (1, 3, 5, 
7, 9)(2, 4, 6, 8, 10)(11, 13, 15, 17, 19)(12, 14, 16, 18, 20)(21, 23, 25, 27, 29)(22, 24, 26, 28, 30)(31, 33, 35, 37, 39)(32, 34, 36, 38, 
40)(41, 43, 45, 47, 49)(42, 44, 46, 48, 50)(51, 53, 55, 57, 59)(52, 54, 56, 58, 60),  (1, 9, 7, 5, 3)(2, 10, 8, 6, 4)(11, 19, 17, 15, 13)(12, 
20, 18, 16, 14)(21, 29, 27, 25, 23)(22, 30, 28, 26, 24)(31, 39, 37, 35, 33)(32, 40, 38, 36, 34)(41, 49, 47, 45, 43)(42, 50, 48, 46, 44)(51, 
59, 57, 55, 53)(52, 60, 58, 56, 54),  ], [  (1, 32, 2, 31)(3, 34, 4, 33)(5, 36, 6, 35)(7, 38, 8, 37)(9, 40, 10, 39)(11, 42, 12, 41)(13, 44, 
14, 43)(15, 46, 16, 45)(17, 48, 18, 47)(19, 50, 20, 49)(21, 52, 22, 51)(23, 54, 24, 53)(25, 56, 26, 55)(27, 58, 28, 57)(29, 60, 30, 59),  (1, 
32)(2, 31)(3, 34)(4, 33)(5, 36)(6, 35)(7, 38)(8, 37)(9, 40)(10, 39)(11, 42)(12, 41)(13, 44)(14, 43)(15, 46)(16, 45)(17, 48)(18, 47)(19, 
50)(20, 49)(21, 52)(22, 51)(23, 54)(24, 53)(25, 56)(26, 55)(27, 58)(28, 57)(29, 60)(30, 59),  ], [  (1, 51, 12, 32, 21, 41, 2, 52, 11, 31, 22,
42)(3, 53, 14, 34, 23, 43, 4, 54, 13, 33, 24, 44)(5, 55, 16, 36, 25, 45, 6, 56, 15, 35, 26, 46)(7, 57, 18, 38, 27, 47, 8, 58, 17, 37, 28, 
48)(9, 59, 20, 40, 29, 49, 10, 60, 19, 39, 30, 50),  (1, 41, 21, 31, 11, 51)(2, 42, 22, 32, 12, 52)(3, 43, 23, 33, 13, 53)(4, 44, 24, 34, 14, 
54)(5, 45, 25, 35, 15, 55)(6, 46, 26, 36, 16, 56)(7, 47, 27, 37, 17, 57)(8, 48, 28, 38, 18, 58)(9, 49, 29, 39, 19, 59)(10, 50, 30, 40, 20, 
60),  ], [  (1, 39, 8, 36, 3, 31, 10, 38, 5, 33, 2, 40, 7, 35, 4, 32, 9, 37, 6, 34)(11, 49, 18, 46, 13, 41, 20, 48, 15, 43, 12, 50, 17, 45, 
14, 42, 19, 47, 16, 44)(21, 59, 28, 56, 23, 51, 30, 58, 25, 53, 22, 60, 27, 55, 24, 52, 29, 57, 26, 54),  (1, 33, 5, 37, 9, 31, 3, 35, 7, 
39)(2, 34, 6, 38, 10, 32, 4, 36, 8, 40)(11, 43, 15, 47, 19, 41, 13, 45, 17, 49)(12, 44, 16, 48, 20, 42, 14, 46, 18, 50)(21, 53, 25, 57, 29, 
51, 23, 55, 27, 59)(22, 54, 26, 58, 30, 52, 24, 56, 28, 60),  ], [  (1, 41, 22, 32, 11, 51, 2, 42, 21, 31, 12, 52)(3, 43, 24, 34, 13, 53, 4, 
44, 23, 33, 14, 54)(5, 45, 26, 36, 15, 55, 6, 46, 25, 35, 16, 56)(7, 47, 28, 38, 17, 57, 8, 48, 27, 37, 18, 58)(9, 49, 30, 40, 19, 59, 10, 50,
29, 39, 20, 60),  (1, 51, 11, 31, 21, 41)(2, 52, 12, 32, 22, 42)(3, 53, 13, 33, 23, 43)(4, 54, 14, 34, 24, 44)(5, 55, 15, 35, 25, 45)(6, 56, 
16, 36, 26, 46)(7, 57, 17, 37, 27, 47)(8, 58, 18, 38, 28, 48)(9, 59, 19, 39, 29, 49)(10, 60, 20, 40, 30, 50),  ], [  (1, 33, 6, 38, 9, 31, 4, 
36, 7, 39, 2, 34, 5, 37, 10, 32, 3, 35, 8, 40)(11, 43, 16, 48, 19, 41, 14, 46, 17, 49, 12, 44, 15, 47, 20, 42, 13, 45, 18, 50)(21, 53, 26, 58,
29, 51, 24, 56, 27, 59, 22, 54, 25, 57, 30, 52, 23, 55, 28, 60),  (1, 39, 7, 35, 3, 31, 9, 37, 5, 33)(2, 40, 8, 36, 4, 32, 10, 38, 6, 34)(11, 
49, 17, 45, 13, 41, 19, 47, 15, 43)(12, 50, 18, 46, 14, 42, 20, 48, 16, 44)(21, 59, 27, 55, 23, 51, 29, 57, 25, 53)(22, 60, 28, 56, 24, 52, 
30, 58, 26, 54),  ], [  (1, 22, 11, 2, 21, 12)(3, 24, 13, 4, 23, 14)(5, 26, 15, 6, 25, 16)(7, 28, 17, 8, 27, 18)(9, 30, 19, 10, 29, 20)(31, 
52, 41, 32, 51, 42)(33, 54, 43, 34, 53, 44)(35, 56, 45, 36, 55, 46)(37, 58, 47, 38, 57, 48)(39, 60, 49, 40, 59, 50),  (1, 12, 21, 2, 11, 
22)(3, 14, 23, 4, 13, 24)(5, 16, 25, 6, 15, 26)(7, 18, 27, 8, 17, 28)(9, 20, 29, 10, 19, 30)(31, 42, 51, 32, 41, 52)(33, 44, 53, 34, 43, 
54)(35, 46, 55, 36, 45, 56)(37, 48, 57, 38, 47, 58)(39, 50, 59, 40, 49, 60),  ], [  (1, 10, 7, 6, 3, 2, 9, 8, 5, 4)(11, 20, 17, 16, 13, 12, 
19, 18, 15, 14)(21, 30, 27, 26, 23, 22, 29, 28, 25, 24)(31, 40, 37, 36, 33, 32, 39, 38, 35, 34)(41, 50, 47, 46, 43, 42, 49, 48, 45, 44)(51, 
60, 57, 56, 53, 52, 59, 58, 55, 54),  (1, 4, 5, 8, 9, 2, 3, 6, 7, 10)(11, 14, 15, 18, 19, 12, 13, 16, 17, 20)(21, 24, 25, 28, 29, 22, 23, 26, 
27, 30)(31, 34, 35, 38, 39, 32, 33, 36, 37, 40)(41, 44, 45, 48, 49, 42, 43, 46, 47, 50)(51, 54, 55, 58, 59, 52, 53, 56, 57, 60),  ], [  (1, 
12, 21, 2, 11, 22)(3, 14, 23, 4, 13, 24)(5, 16, 25, 6, 15, 26)(7, 18, 27, 8, 17, 28)(9, 20, 29, 10, 19, 30)(31, 42, 51, 32, 41, 52)(33, 44, 
53, 34, 43, 54)(35, 46, 55, 36, 45, 56)(37, 48, 57, 38, 47, 58)(39, 50, 59, 40, 49, 60),  (1, 22, 11, 2, 21, 12)(3, 24, 13, 4, 23, 14)(5, 26, 
15, 6, 25, 16)(7, 28, 17, 8, 27, 18)(9, 30, 19, 10, 29, 20)(31, 52, 41, 32, 51, 42)(33, 54, 43, 34, 53, 44)(35, 56, 45, 36, 55, 46)(37, 58, 
47, 38, 57, 48)(39, 60, 49, 40, 59, 50),  ], [  (1, 4, 5, 8, 9, 2, 3, 6, 7, 10)(11, 14, 15, 18, 19, 12, 13, 16, 17, 20)(21, 24, 25, 28, 29, 
22, 23, 26, 27, 30)(31, 34, 35, 38, 39, 32, 33, 36, 37, 40)(41, 44, 45, 48, 49, 42, 43, 46, 47, 50)(51, 54, 55, 58, 59, 52, 53, 56, 57, 60),  
(1, 10, 7, 6, 3, 2, 9, 8, 5, 4)(11, 20, 17, 16, 13, 12, 19, 18, 15, 14)(21, 30, 27, 26, 23, 22, 29, 28, 25, 24)(31, 40, 37, 36, 33, 32, 39, 
38, 35, 34)(41, 50, 47, 46, 43, 42, 49, 48, 45, 44)(51, 60, 57, 56, 53, 52, 59, 58, 55, 54),  ], [  (1, 29, 17, 5, 23, 11, 9, 27, 15, 3, 21, 
19, 7, 25, 13)(2, 30, 18, 6, 24, 12, 10, 28, 16, 4, 22, 20, 8, 26, 14)(31, 59, 47, 35, 53, 41, 39, 57, 45, 33, 51, 49, 37, 55, 43)(32, 60, 48,
36, 54, 42, 40, 58, 46, 34, 52, 50, 38, 56, 44),  (1, 13, 25, 7, 19, 21, 3, 15, 27, 9, 11, 23, 5, 17, 29)(2, 14, 26, 8, 20, 22, 4, 16, 28, 10,
12, 24, 6, 18, 30)(31, 43, 55, 37, 49, 51, 33, 45, 57, 39, 41, 53, 35, 47, 59)(32, 44, 56, 38, 50, 52, 34, 46, 58, 40, 42, 54, 36, 48, 60),  
], [  (1, 23, 15, 7, 29, 11, 3, 25, 17, 9, 21, 13, 5, 27, 19)(2, 24, 16, 8, 30, 12, 4, 26, 18, 10, 22, 14, 6, 28, 20)(31, 53, 45, 37, 59, 41, 
33, 55, 47, 39, 51, 43, 35, 57, 49)(32, 54, 46, 38, 60, 42, 34, 56, 48, 40, 52, 44, 36, 58, 50),  (1, 19, 27, 5, 13, 21, 9, 17, 25, 3, 11, 29,
7, 15, 23)(2, 20, 28, 6, 14, 22, 10, 18, 26, 4, 12, 30, 8, 16, 24)(31, 49, 57, 35, 43, 51, 39, 47, 55, 33, 41, 59, 37, 45, 53)(32, 50, 58, 36,
44, 52, 40, 48, 56, 34, 42, 60, 38, 46, 54),  ], [  (1, 7, 3, 9, 5)(2, 8, 4, 10, 6)(11, 17, 13, 19, 15)(12, 18, 14, 20, 16)(21, 27, 23, 29, 
25)(22, 28, 24, 30, 26)(31, 37, 33, 39, 35)(32, 38, 34, 40, 36)(41, 47, 43, 49, 45)(42, 48, 44, 50, 46)(51, 57, 53, 59, 55)(52, 58, 54, 60, 
56),  (1, 5, 9, 3, 7)(2, 6, 10, 4, 8)(11, 15, 19, 13, 17)(12, 16, 20, 14, 18)(21, 25, 29, 23, 27)(22, 26, 30, 24, 28)(31, 35, 39, 33, 37)(32, 
36, 40, 34, 38)(41, 45, 49, 43, 47)(42, 46, 50, 44, 48)(51, 55, 59, 53, 57)(52, 56, 60, 54, 58),  ], [  (1, 19, 27, 5, 13, 21, 9, 17, 25, 3, 
11, 29, 7, 15, 23)(2, 20, 28, 6, 14, 22, 10, 18, 26, 4, 12, 30, 8, 16, 24)(31, 49, 57, 35, 43, 51, 39, 47, 55, 33, 41, 59, 37, 45, 53)(32, 50,
58, 36, 44, 52, 40, 48, 56, 34, 42, 60, 38, 46, 54),  (1, 23, 15, 7, 29, 11, 3, 25, 17, 9, 21, 13, 5, 27, 19)(2, 24, 16, 8, 30, 12, 4, 26, 18,
10, 22, 14, 6, 28, 20)(31, 53, 45, 37, 59, 41, 33, 55, 47, 39, 51, 43, 35, 57, 49)(32, 54, 46, 38, 60, 42, 34, 56, 48, 40, 52, 44, 36, 58, 
50),  ], [  (1, 13, 25, 7, 19, 21, 3, 15, 27, 9, 11, 23, 5, 17, 29)(2, 14, 26, 8, 20, 22, 4, 16, 28, 10, 12, 24, 6, 18, 30)(31, 43, 55, 37, 
49, 51, 33, 45, 57, 39, 41, 53, 35, 47, 59)(32, 44, 56, 38, 50, 52, 34, 46, 58, 40, 42, 54, 36, 48, 60),  (1, 29, 17, 5, 23, 11, 9, 27, 15, 3,
21, 19, 7, 25, 13)(2, 30, 18, 6, 24, 12, 10, 28, 16, 4, 22, 20, 8, 26, 14)(31, 59, 47, 35, 53, 41, 39, 57, 45, 33, 51, 49, 37, 55, 43)(32, 60,
48, 36, 54, 42, 40, 58, 46, 34, 52, 50, 38, 56, 44),  ], [  (1, 5, 9, 3, 7)(2, 6, 10, 4, 8)(11, 15, 19, 13, 17)(12, 16, 20, 14, 18)(21, 25, 
29, 23, 27)(22, 26, 30, 24, 28)(31, 35, 39, 33, 37)(32, 36, 40, 34, 38)(41, 45, 49, 43, 47)(42, 46, 50, 44, 48)(51, 55, 59, 53, 57)(52, 56, 
60, 54, 58),  (1, 7, 3, 9, 5)(2, 8, 4, 10, 6)(11, 17, 13, 19, 15)(12, 18, 14, 20, 16)(21, 27, 23, 29, 25)(22, 28, 24, 30, 26)(31, 37, 33, 39, 
35)(32, 38, 34, 40, 36)(41, 47, 43, 49, 45)(42, 48, 44, 50, 46)(51, 57, 53, 59, 55)(52, 58, 54, 60, 56),  ], [  (1, 52, 12, 31, 21, 42, 2, 51,
11, 32, 22, 41)(3, 54, 14, 33, 23, 44, 4, 53, 13, 34, 24, 43)(5, 56, 16, 35, 25, 46, 6, 55, 15, 36, 26, 45)(7, 58, 18, 37, 27, 48, 8, 57, 17, 
38, 28, 47)(9, 60, 20, 39, 29, 50, 10, 59, 19, 40, 30, 49),  (1, 42, 21, 32, 11, 52)(2, 41, 22, 31, 12, 51)(3, 44, 23, 34, 13, 54)(4, 43, 24, 
33, 14, 53)(5, 46, 25, 36, 15, 56)(6, 45, 26, 35, 16, 55)(7, 48, 27, 38, 17, 58)(8, 47, 28, 37, 18, 57)(9, 50, 29, 40, 19, 60)(10, 49, 30, 39,
20, 59),  ], [  (1, 40, 8, 35, 3, 32, 10, 37, 5, 34, 2, 39, 7, 36, 4, 31, 9, 38, 6, 33)(11, 50, 18, 45, 13, 42, 20, 47, 15, 44, 12, 49, 17, 
46, 14, 41, 19, 48, 16, 43)(21, 60, 28, 55, 23, 52, 30, 57, 25, 54, 22, 59, 27, 56, 24, 51, 29, 58, 26, 53),  (1, 34, 5, 38, 9, 32, 3, 36, 7, 
40)(2, 33, 6, 37, 10, 31, 4, 35, 8, 39)(11, 44, 15, 48, 19, 42, 13, 46, 17, 50)(12, 43, 16, 47, 20, 41, 14, 45, 18, 49)(21, 54, 25, 58, 29, 
52, 23, 56, 27, 60)(22, 53, 26, 57, 30, 51, 24, 55, 28, 59),  ], [  (1, 42, 22, 31, 11, 52, 2, 41, 21, 32, 12, 51)(3, 44, 24, 33, 13, 54, 4, 
43, 23, 34, 14, 53)(5, 46, 26, 35, 15, 56, 6, 45, 25, 36, 16, 55)(7, 48, 28, 37, 17, 58, 8, 47, 27, 38, 18, 57)(9, 50, 30, 39, 19, 60, 10, 49,
29, 40, 20, 59),  (1, 52, 11, 32, 21, 42)(2, 51, 12, 31, 22, 41)(3, 54, 13, 34, 23, 44)(4, 53, 14, 33, 24, 43)(5, 56, 15, 36, 25, 46)(6, 55, 
16, 35, 26, 45)(7, 58, 17, 38, 27, 48)(8, 57, 18, 37, 28, 47)(9, 60, 19, 40, 29, 50)(10, 59, 20, 39, 30, 49),  ], [  (1, 34, 6, 37, 9, 32, 4, 
35, 7, 40, 2, 33, 5, 38, 10, 31, 3, 36, 8, 39)(11, 44, 16, 47, 19, 42, 14, 45, 17, 50, 12, 43, 15, 48, 20, 41, 13, 46, 18, 49)(21, 54, 26, 57,
29, 52, 24, 55, 27, 60, 22, 53, 25, 58, 30, 51, 23, 56, 28, 59),  (1, 40, 7, 36, 3, 32, 9, 38, 5, 34)(2, 39, 8, 35, 4, 31, 10, 37, 6, 33)(11, 
50, 17, 46, 13, 42, 19, 48, 15, 44)(12, 49, 18, 45, 14, 41, 20, 47, 16, 43)(21, 60, 27, 56, 23, 52, 29, 58, 25, 54)(22, 59, 28, 55, 24, 51, 
30, 57, 26, 53),  ], [  (1, 59, 18, 36, 23, 41, 10, 58, 15, 33, 22, 50, 7, 55, 14, 32, 29, 47, 6, 54, 11, 39, 28, 46, 3, 51, 20, 38, 25, 43, 
2, 60, 17, 35, 24, 42, 9, 57, 16, 34, 21, 49, 8, 56, 13, 31, 30, 48, 5, 53, 12, 40, 27, 45, 4, 52, 19, 37, 26, 44),  (1, 43, 25, 37, 19, 51, 
3, 45, 27, 39, 11, 53, 5, 47, 29, 31, 13, 55, 7, 49, 21, 33, 15, 57, 9, 41, 23, 35, 17, 59)(2, 44, 26, 38, 20, 52, 4, 46, 28, 40, 12, 54, 6, 
48, 30, 32, 14, 56, 8, 50, 22, 34, 16, 58, 10, 42, 24, 36, 18, 60),  ], [  (1, 53, 16, 38, 29, 41, 4, 56, 17, 39, 22, 44, 5, 57, 20, 32, 23, 
45, 8, 60, 11, 33, 26, 48, 9, 51, 14, 36, 27, 49, 2, 54, 15, 37, 30, 42, 3, 55, 18, 40, 21, 43, 6, 58, 19, 31, 24, 46, 7, 59, 12, 34, 25, 47, 
10, 52, 13, 35, 28, 50),  (1, 49, 27, 35, 13, 51, 9, 47, 25, 33, 11, 59, 7, 45, 23, 31, 19, 57, 5, 43, 21, 39, 17, 55, 3, 41, 29, 37, 15, 
53)(2, 50, 28, 36, 14, 52, 10, 48, 26, 34, 12, 60, 8, 46, 24, 32, 20, 58, 6, 44, 22, 40, 18, 56, 4, 42, 30, 38, 16, 54),  ], [  (1, 37, 4, 40,
5, 31, 8, 34, 9, 35, 2, 38, 3, 39, 6, 32, 7, 33, 10, 36)(11, 47, 14, 50, 15, 41, 18, 44, 19, 45, 12, 48, 13, 49, 16, 42, 17, 43, 20, 46)(21, 
57, 24, 60, 25, 51, 28, 54, 29, 55, 22, 58, 23, 59, 26, 52, 27, 53, 30, 56),  (1, 35, 9, 33, 7, 31, 5, 39, 3, 37)(2, 36, 10, 34, 8, 32, 6, 40,
4, 38)(11, 45, 19, 43, 17, 41, 15, 49, 13, 47)(12, 46, 20, 44, 18, 42, 16, 50, 14, 48)(21, 55, 29, 53, 27, 51, 25, 59, 23, 57)(22, 56, 30, 54,
28, 52, 26, 60, 24, 58),  ], [  (1, 49, 28, 36, 13, 51, 10, 48, 25, 33, 12, 60, 7, 45, 24, 32, 19, 57, 6, 44, 21, 39, 18, 56, 3, 41, 30, 38, 
15, 53, 2, 50, 27, 35, 14, 52, 9, 47, 26, 34, 11, 59, 8, 46, 23, 31, 20, 58, 5, 43, 22, 40, 17, 55, 4, 42, 29, 37, 16, 54),  (1, 53, 15, 37, 
29, 41, 3, 55, 17, 39, 21, 43, 5, 57, 19, 31, 23, 45, 7, 59, 11, 33, 25, 47, 9, 51, 13, 35, 27, 49)(2, 54, 16, 38, 30, 42, 4, 56, 18, 40, 22, 
44, 6, 58, 20, 32, 24, 46, 8, 60, 12, 34, 26, 48, 10, 52, 14, 36, 28, 50),  ], [  (1, 43, 26, 38, 19, 51, 4, 46, 27, 39, 12, 54, 5, 47, 30, 
32, 13, 55, 8, 50, 21, 33, 16, 58, 9, 41, 24, 36, 17, 59, 2, 44, 25, 37, 20, 52, 3, 45, 28, 40, 11, 53, 6, 48, 29, 31, 14, 56, 7, 49, 22, 34, 
15, 57, 10, 42, 23, 35, 18, 60),  (1, 59, 17, 35, 23, 41, 9, 57, 15, 33, 21, 49, 7, 55, 13, 31, 29, 47, 5, 53, 11, 39, 27, 45, 3, 51, 19, 37, 
25, 43)(2, 60, 18, 36, 24, 42, 10, 58, 16, 34, 22, 50, 8, 56, 14, 32, 30, 48, 6, 54, 12, 40, 28, 46, 4, 52, 20, 38, 26, 44),  ], [  (1, 35, 
10, 34, 7, 31, 6, 40, 3, 37, 2, 36, 9, 33, 8, 32, 5, 39, 4, 38)(11, 45, 20, 44, 17, 41, 16, 50, 13, 47, 12, 46, 19, 43, 18, 42, 15, 49, 14, 
48)(21, 55, 30, 54, 27, 51, 26, 60, 23, 57, 22, 56, 29, 53, 28, 52, 25, 59, 24, 58),  (1, 37, 3, 39, 5, 31, 7, 33, 9, 35)(2, 38, 4, 40, 6, 32,
8, 34, 10, 36)(11, 47, 13, 49, 15, 41, 17, 43, 19, 45)(12, 48, 14, 50, 16, 42, 18, 44, 20, 46)(21, 57, 23, 59, 25, 51, 27, 53, 29, 55)(22, 58,
24, 60, 26, 52, 28, 54, 30, 56),  ], [  (1, 30, 17, 6, 23, 12, 9, 28, 15, 4, 21, 20, 7, 26, 13, 2, 29, 18, 5, 24, 11, 10, 27, 16, 3, 22, 19, 
8, 25, 14)(31, 60, 47, 36, 53, 42, 39, 58, 45, 34, 51, 50, 37, 56, 43, 32, 59, 48, 35, 54, 41, 40, 57, 46, 33, 52, 49, 38, 55, 44),  (1, 14, 
25, 8, 19, 22, 3, 16, 27, 10, 11, 24, 5, 18, 29, 2, 13, 26, 7, 20, 21, 4, 15, 28, 9, 12, 23, 6, 17, 30)(31, 44, 55, 38, 49, 52, 33, 46, 57, 
40, 41, 54, 35, 48, 59, 32, 43, 56, 37, 50, 51, 34, 45, 58, 39, 42, 53, 36, 47, 60),  ], [  (1, 24, 15, 8, 29, 12, 3, 26, 17, 10, 21, 14, 5, 
28, 19, 2, 23, 16, 7, 30, 11, 4, 25, 18, 9, 22, 13, 6, 27, 20)(31, 54, 45, 38, 59, 42, 33, 56, 47, 40, 51, 44, 35, 58, 49, 32, 53, 46, 37, 60,
41, 34, 55, 48, 39, 52, 43, 36, 57, 50),  (1, 20, 27, 6, 13, 22, 9, 18, 25, 4, 11, 30, 7, 16, 23, 2, 19, 28, 5, 14, 21, 10, 17, 26, 3, 12, 29,
8, 15, 24)(31, 50, 57, 36, 43, 52, 39, 48, 55, 34, 41, 60, 37, 46, 53, 32, 49, 58, 35, 44, 51, 40, 47, 56, 33, 42, 59, 38, 45, 54),  ], [  (1,
8, 3, 10, 5, 2, 7, 4, 9, 6)(11, 18, 13, 20, 15, 12, 17, 14, 19, 16)(21, 28, 23, 30, 25, 22, 27, 24, 29, 26)(31, 38, 33, 40, 35, 32, 37, 34, 
39, 36)(41, 48, 43, 50, 45, 42, 47, 44, 49, 46)(51, 58, 53, 60, 55, 52, 57, 54, 59, 56),  (1, 6, 9, 4, 7, 2, 5, 10, 3, 8)(11, 16, 19, 14, 17, 
12, 15, 20, 13, 18)(21, 26, 29, 24, 27, 22, 25, 30, 23, 28)(31, 36, 39, 34, 37, 32, 35, 40, 33, 38)(41, 46, 49, 44, 47, 42, 45, 50, 43, 
48)(51, 56, 59, 54, 57, 52, 55, 60, 53, 58),  ], [  (1, 20, 27, 6, 13, 22, 9, 18, 25, 4, 11, 30, 7, 16, 23, 2, 19, 28, 5, 14, 21, 10, 17, 26, 
3, 12, 29, 8, 15, 24)(31, 50, 57, 36, 43, 52, 39, 48, 55, 34, 41, 60, 37, 46, 53, 32, 49, 58, 35, 44, 51, 40, 47, 56, 33, 42, 59, 38, 45, 54),
(1, 24, 15, 8, 29, 12, 3, 26, 17, 10, 21, 14, 5, 28, 19, 2, 23, 16, 7, 30, 11, 4, 25, 18, 9, 22, 13, 6, 27, 20)(31, 54, 45, 38, 59, 42, 33, 
56, 47, 40, 51, 44, 35, 58, 49, 32, 53, 46, 37, 60, 41, 34, 55, 48, 39, 52, 43, 36, 57, 50),  ], [  (1, 14, 25, 8, 19, 22, 3, 16, 27, 10, 11, 
24, 5, 18, 29, 2, 13, 26, 7, 20, 21, 4, 15, 28, 9, 12, 23, 6, 17, 30)(31, 44, 55, 38, 49, 52, 33, 46, 57, 40, 41, 54, 35, 48, 59, 32, 43, 56, 
37, 50, 51, 34, 45, 58, 39, 42, 53, 36, 47, 60),  (1, 30, 17, 6, 23, 12, 9, 28, 15, 4, 21, 20, 7, 26, 13, 2, 29, 18, 5, 24, 11, 10, 27, 16, 3,
22, 19, 8, 25, 14)(31, 60, 47, 36, 53, 42, 39, 58, 45, 34, 51, 50, 37, 56, 43, 32, 59, 48, 35, 54, 41, 40, 57, 46, 33, 52, 49, 38, 55, 44),  
], [  (1, 6, 9, 4, 7, 2, 5, 10, 3, 8)(11, 16, 19, 14, 17, 12, 15, 20, 13, 18)(21, 26, 29, 24, 27, 22, 25, 30, 23, 28)(31, 36, 39, 34, 37, 32, 
35, 40, 33, 38)(41, 46, 49, 44, 47, 42, 45, 50, 43, 48)(51, 56, 59, 54, 57, 52, 55, 60, 53, 58),  (1, 8, 3, 10, 5, 2, 7, 4, 9, 6)(11, 18, 13, 
20, 15, 12, 17, 14, 19, 16)(21, 28, 23, 30, 25, 22, 27, 24, 29, 26)(31, 38, 33, 40, 35, 32, 37, 34, 39, 36)(41, 48, 43, 50, 45, 42, 47, 44, 
49, 46)(51, 58, 53, 60, 55, 52, 57, 54, 59, 56),  ], [  (1, 27, 13, 9, 25, 11, 7, 23, 19, 5, 21, 17, 3, 29, 15)(2, 28, 14, 10, 26, 12, 8, 24, 
20, 6, 22, 18, 4, 30, 16)(31, 57, 43, 39, 55, 41, 37, 53, 49, 35, 51, 47, 33, 59, 45)(32, 58, 44, 40, 56, 42, 38, 54, 50, 36, 52, 48, 34, 60, 
46),  (1, 15, 29, 3, 17, 21, 5, 19, 23, 7, 11, 25, 9, 13, 27)(2, 16, 30, 4, 18, 22, 6, 20, 24, 8, 12, 26, 10, 14, 28)(31, 45, 59, 33, 47, 51, 
35, 49, 53, 37, 41, 55, 39, 43, 57)(32, 46, 60, 34, 48, 52, 36, 50, 54, 38, 42, 56, 40, 44, 58),  ], [  (1, 25, 19, 3, 27, 11, 5, 29, 13, 7, 
21, 15, 9, 23, 17)(2, 26, 20, 4, 28, 12, 6, 30, 14, 8, 22, 16, 10, 24, 18)(31, 55, 49, 33, 57, 41, 35, 59, 43, 37, 51, 45, 39, 53, 47)(32, 56,
50, 34, 58, 42, 36, 60, 44, 38, 52, 46, 40, 54, 48),  (1, 17, 23, 9, 15, 21, 7, 13, 29, 5, 11, 27, 3, 19, 25)(2, 18, 24, 10, 16, 22, 8, 14, 
30, 6, 12, 28, 4, 20, 26)(31, 47, 53, 39, 45, 51, 37, 43, 59, 35, 41, 57, 33, 49, 55)(32, 48, 54, 40, 46, 52, 38, 44, 60, 36, 42, 58, 34, 50, 
56),  ], [  (1, 17, 23, 9, 15, 21, 7, 13, 29, 5, 11, 27, 3, 19, 25)(2, 18, 24, 10, 16, 22, 8, 14, 30, 6, 12, 28, 4, 20, 26)(31, 47, 53, 39, 
45, 51, 37, 43, 59, 35, 41, 57, 33, 49, 55)(32, 48, 54, 40, 46, 52, 38, 44, 60, 36, 42, 58, 34, 50, 56),  (1, 25, 19, 3, 27, 11, 5, 29, 13, 7,
21, 15, 9, 23, 17)(2, 26, 20, 4, 28, 12, 6, 30, 14, 8, 22, 16, 10, 24, 18)(31, 55, 49, 33, 57, 41, 35, 59, 43, 37, 51, 45, 39, 53, 47)(32, 56,
50, 34, 58, 42, 36, 60, 44, 38, 52, 46, 40, 54, 48),  ], [  (1, 15, 29, 3, 17, 21, 5, 19, 23, 7, 11, 25, 9, 13, 27)(2, 16, 30, 4, 18, 22, 6, 
20, 24, 8, 12, 26, 10, 14, 28)(31, 45, 59, 33, 47, 51, 35, 49, 53, 37, 41, 55, 39, 43, 57)(32, 46, 60, 34, 48, 52, 36, 50, 54, 38, 42, 56, 40,
44, 58),  (1, 27, 13, 9, 25, 11, 7, 23, 19, 5, 21, 17, 3, 29, 15)(2, 28, 14, 10, 26, 12, 8, 24, 20, 6, 22, 18, 4, 30, 16)(31, 57, 43, 39, 55, 
41, 37, 53, 49, 35, 51, 47, 33, 59, 45)(32, 58, 44, 40, 56, 42, 38, 54, 50, 36, 52, 48, 34, 60, 46),  ], [  (1, 60, 18, 35, 23, 42, 10, 57, 
15, 34, 22, 49, 7, 56, 14, 31, 29, 48, 6, 53, 11, 40, 28, 45, 3, 52, 20, 37, 25, 44, 2, 59, 17, 36, 24, 41, 9, 58, 16, 33, 21, 50, 8, 55, 13, 
32, 30, 47, 5, 54, 12, 39, 27, 46, 4, 51, 19, 38, 26, 43),  (1, 44, 25, 38, 19, 52, 3, 46, 27, 40, 11, 54, 5, 48, 29, 32, 13, 56, 7, 50, 21, 
34, 15, 58, 9, 42, 23, 36, 17, 60)(2, 43, 26, 37, 20, 51, 4, 45, 28, 39, 12, 53, 6, 47, 30, 31, 14, 55, 8, 49, 22, 33, 16, 57, 10, 41, 24, 35,
18, 59),  ], [  (1, 54, 16, 37, 29, 42, 4, 55, 17, 40, 22, 43, 5, 58, 20, 31, 23, 46, 8, 59, 11, 34, 26, 47, 9, 52, 14, 35, 27, 50, 2, 53, 15,
38, 30, 41, 3, 56, 18, 39, 21, 44, 6, 57, 19, 32, 24, 45, 7, 60, 12, 33, 25, 48, 10, 51, 13, 36, 28, 49),  (1, 50, 27, 36, 13, 52, 9, 48, 25, 
34, 11, 60, 7, 46, 23, 32, 19, 58, 5, 44, 21, 40, 17, 56, 3, 42, 29, 38, 15, 54)(2, 49, 28, 35, 14, 51, 10, 47, 26, 33, 12, 59, 8, 45, 24, 31,
20, 57, 6, 43, 22, 39, 18, 55, 4, 41, 30, 37, 16, 53),  ], [  (1, 38, 4, 39, 5, 32, 8, 33, 9, 36, 2, 37, 3, 40, 6, 31, 7, 34, 10, 35)(11, 48, 
14, 49, 15, 42, 18, 43, 19, 46, 12, 47, 13, 50, 16, 41, 17, 44, 20, 45)(21, 58, 24, 59, 25, 52, 28, 53, 29, 56, 22, 57, 23, 60, 26, 51, 27, 
54, 30, 55),  (1, 36, 9, 34, 7, 32, 5, 40, 3, 38)(2, 35, 10, 33, 8, 31, 6, 39, 4, 37)(11, 46, 19, 44, 17, 42, 15, 50, 13, 48)(12, 45, 20, 43, 
18, 41, 16, 49, 14, 47)(21, 56, 29, 54, 27, 52, 25, 60, 23, 58)(22, 55, 30, 53, 28, 51, 26, 59, 24, 57),  ], [  (1, 50, 28, 35, 13, 52, 10, 
47, 25, 34, 12, 59, 7, 46, 24, 31, 19, 58, 6, 43, 21, 40, 18, 55, 3, 42, 30, 37, 15, 54, 2, 49, 27, 36, 14, 51, 9, 48, 26, 33, 11, 60, 8, 45, 
23, 32, 20, 57, 5, 44, 22, 39, 17, 56, 4, 41, 29, 38, 16, 53),  (1, 54, 15, 38, 29, 42, 3, 56, 17, 40, 21, 44, 5, 58, 19, 32, 23, 46, 7, 60, 
11, 34, 25, 48, 9, 52, 13, 36, 27, 50)(2, 53, 16, 37, 30, 41, 4, 55, 18, 39, 22, 43, 6, 57, 20, 31, 24, 45, 8, 59, 12, 33, 26, 47, 10, 51, 14,
35, 28, 49),  ], [  (1, 44, 26, 37, 19, 52, 4, 45, 27, 40, 12, 53, 5, 48, 30, 31, 13, 56, 8, 49, 21, 34, 16, 57, 9, 42, 24, 35, 17, 60, 2, 43,
25, 38, 20, 51, 3, 46, 28, 39, 11, 54, 6, 47, 29, 32, 14, 55, 7, 50, 22, 33, 15, 58, 10, 41, 23, 36, 18, 59),  (1, 60, 17, 36, 23, 42, 9, 58, 
15, 34, 21, 50, 7, 56, 13, 32, 29, 48, 5, 54, 11, 40, 27, 46, 3, 52, 19, 38, 25, 44)(2, 59, 18, 35, 24, 41, 10, 57, 16, 33, 22, 49, 8, 55, 14,
31, 30, 47, 6, 53, 12, 39, 28, 45, 4, 51, 20, 37, 26, 43),  ], [  (1, 36, 10, 33, 7, 32, 6, 39, 3, 38, 2, 35, 9, 34, 8, 31, 5, 40, 4, 37)(11, 
46, 20, 43, 17, 42, 16, 49, 13, 48, 12, 45, 19, 44, 18, 41, 15, 50, 14, 47)(21, 56, 30, 53, 27, 52, 26, 59, 23, 58, 22, 55, 29, 54, 28, 51, 
25, 60, 24, 57),  (1, 38, 3, 40, 5, 32, 7, 34, 9, 36)(2, 37, 4, 39, 6, 31, 8, 33, 10, 35)(11, 48, 13, 50, 15, 42, 17, 44, 19, 46)(12, 47, 14, 
49, 16, 41, 18, 43, 20, 45)(21, 58, 23, 60, 25, 52, 27, 54, 29, 56)(22, 57, 24, 59, 26, 51, 28, 53, 30, 55),  ], [  (1, 57, 14, 40, 25, 41, 8,
54, 19, 35, 22, 48, 3, 59, 16, 32, 27, 43, 10, 56, 11, 37, 24, 50, 5, 51, 18, 34, 29, 45, 2, 58, 13, 39, 26, 42, 7, 53, 20, 36, 21, 47, 4, 60,
15, 31, 28, 44, 9, 55, 12, 38, 23, 49, 6, 52, 17, 33, 30, 46),  (1, 45, 29, 33, 17, 51, 5, 49, 23, 37, 11, 55, 9, 43, 27, 31, 15, 59, 3, 47, 
21, 35, 19, 53, 7, 41, 25, 39, 13, 57)(2, 46, 30, 34, 18, 52, 6, 50, 24, 38, 12, 56, 10, 44, 28, 32, 16, 60, 4, 48, 22, 36, 20, 54, 8, 42, 26,
40, 14, 58),  ], [  (1, 55, 20, 34, 27, 41, 6, 60, 13, 37, 22, 46, 9, 53, 18, 32, 25, 49, 4, 58, 11, 35, 30, 44, 7, 51, 16, 40, 23, 47, 2, 56,
19, 33, 28, 42, 5, 59, 14, 38, 21, 45, 10, 54, 17, 31, 26, 50, 3, 57, 12, 36, 29, 43, 8, 52, 15, 39, 24, 48),  (1, 47, 23, 39, 15, 51, 7, 43, 
29, 35, 11, 57, 3, 49, 25, 31, 17, 53, 9, 45, 21, 37, 13, 59, 5, 41, 27, 33, 19, 55)(2, 48, 24, 40, 16, 52, 8, 44, 30, 36, 12, 58, 4, 50, 26, 
32, 18, 54, 10, 46, 22, 38, 14, 60, 6, 42, 28, 34, 20, 56),  ], [  (1, 47, 24, 40, 15, 51, 8, 44, 29, 35, 12, 58, 3, 49, 26, 32, 17, 53, 10, 
46, 21, 37, 14, 60, 5, 41, 28, 34, 19, 55, 2, 48, 23, 39, 16, 52, 7, 43, 30, 36, 11, 57, 4, 50, 25, 31, 18, 54, 9, 45, 22, 38, 13, 59, 6, 42, 
27, 33, 20, 56),  (1, 55, 19, 33, 27, 41, 5, 59, 13, 37, 21, 45, 9, 53, 17, 31, 25, 49, 3, 57, 11, 35, 29, 43, 7, 51, 15, 39, 23, 47)(2, 56, 
20, 34, 28, 42, 6, 60, 14, 38, 22, 46, 10, 54, 18, 32, 26, 50, 4, 58, 12, 36, 30, 44, 8, 52, 16, 40, 24, 48),  ], [  (1, 45, 30, 34, 17, 51, 
6, 50, 23, 37, 12, 56, 9, 43, 28, 32, 15, 59, 4, 48, 21, 35, 20, 54, 7, 41, 26, 40, 13, 57, 2, 46, 29, 33, 18, 52, 5, 49, 24, 38, 11, 55, 10, 
44, 27, 31, 16, 60, 3, 47, 22, 36, 19, 53, 8, 42, 25, 39, 14, 58),  (1, 57, 13, 39, 25, 41, 7, 53, 19, 35, 21, 47, 3, 59, 15, 31, 27, 43, 9, 
55, 11, 37, 23, 49, 5, 51, 17, 33, 29, 45)(2, 58, 14, 40, 26, 42, 8, 54, 20, 36, 22, 48, 4, 60, 16, 32, 28, 44, 10, 56, 12, 38, 24, 50, 6, 52,
18, 34, 30, 46),  ], [  (1, 28, 13, 10, 25, 12, 7, 24, 19, 6, 21, 18, 3, 30, 15, 2, 27, 14, 9, 26, 11, 8, 23, 20, 5, 22, 17, 4, 29, 16)(31, 
58, 43, 40, 55, 42, 37, 54, 49, 36, 51, 48, 33, 60, 45, 32, 57, 44, 39, 56, 41, 38, 53, 50, 35, 52, 47, 34, 59, 46),  (1, 16, 29, 4, 17, 22, 
5, 20, 23, 8, 11, 26, 9, 14, 27, 2, 15, 30, 3, 18, 21, 6, 19, 24, 7, 12, 25, 10, 13, 28)(31, 46, 59, 34, 47, 52, 35, 50, 53, 38, 41, 56, 39, 
44, 57, 32, 45, 60, 33, 48, 51, 36, 49, 54, 37, 42, 55, 40, 43, 58),  ], [  (1, 26, 19, 4, 27, 12, 5, 30, 13, 8, 21, 16, 9, 24, 17, 2, 25, 20,
3, 28, 11, 6, 29, 14, 7, 22, 15, 10, 23, 18)(31, 56, 49, 34, 57, 42, 35, 60, 43, 38, 51, 46, 39, 54, 47, 32, 55, 50, 33, 58, 41, 36, 59, 44, 
37, 52, 45, 40, 53, 48),  (1, 18, 23, 10, 15, 22, 7, 14, 29, 6, 11, 28, 3, 20, 25, 2, 17, 24, 9, 16, 21, 8, 13, 30, 5, 12, 27, 4, 19, 26)(31, 
48, 53, 40, 45, 52, 37, 44, 59, 36, 41, 58, 33, 50, 55, 32, 47, 54, 39, 46, 51, 38, 43, 60, 35, 42, 57, 34, 49, 56),  ], [  (1, 18, 23, 10, 
15, 22, 7, 14, 29, 6, 11, 28, 3, 20, 25, 2, 17, 24, 9, 16, 21, 8, 13, 30, 5, 12, 27, 4, 19, 26)(31, 48, 53, 40, 45, 52, 37, 44, 59, 36, 41, 
58, 33, 50, 55, 32, 47, 54, 39, 46, 51, 38, 43, 60, 35, 42, 57, 34, 49, 56),  (1, 26, 19, 4, 27, 12, 5, 30, 13, 8, 21, 16, 9, 24, 17, 2, 25, 
20, 3, 28, 11, 6, 29, 14, 7, 22, 15, 10, 23, 18)(31, 56, 49, 34, 57, 42, 35, 60, 43, 38, 51, 46, 39, 54, 47, 32, 55, 50, 33, 58, 41, 36, 59, 
44, 37, 52, 45, 40, 53, 48),  ], [  (1, 16, 29, 4, 17, 22, 5, 20, 23, 8, 11, 26, 9, 14, 27, 2, 15, 30, 3, 18, 21, 6, 19, 24, 7, 12, 25, 10, 
13, 28)(31, 46, 59, 34, 47, 52, 35, 50, 53, 38, 41, 56, 39, 44, 57, 32, 45, 60, 33, 48, 51, 36, 49, 54, 37, 42, 55, 40, 43, 58),  (1, 28, 13, 
10, 25, 12, 7, 24, 19, 6, 21, 18, 3, 30, 15, 2, 27, 14, 9, 26, 11, 8, 23, 20, 5, 22, 17, 4, 29, 16)(31, 58, 43, 40, 55, 42, 37, 54, 49, 36, 
51, 48, 33, 60, 45, 32, 57, 44, 39, 56, 41, 38, 53, 50, 35, 52, 47, 34, 59, 46),  ], [  (1, 58, 14, 39, 25, 42, 8, 53, 19, 36, 22, 47, 3, 60, 
16, 31, 27, 44, 10, 55, 11, 38, 24, 49, 5, 52, 18, 33, 29, 46, 2, 57, 13, 40, 26, 41, 7, 54, 20, 35, 21, 48, 4, 59, 15, 32, 28, 43, 9, 56, 12,
37, 23, 50, 6, 51, 17, 34, 30, 45),  (1, 46, 29, 34, 17, 52, 5, 50, 23, 38, 11, 56, 9, 44, 27, 32, 15, 60, 3, 48, 21, 36, 19, 54, 7, 42, 25, 
40, 13, 58)(2, 45, 30, 33, 18, 51, 6, 49, 24, 37, 12, 55, 10, 43, 28, 31, 16, 59, 4, 47, 22, 35, 20, 53, 8, 41, 26, 39, 14, 57),  ], [  (1, 
56, 20, 33, 27, 42, 6, 59, 13, 38, 22, 45, 9, 54, 18, 31, 25, 50, 4, 57, 11, 36, 30, 43, 7, 52, 16, 39, 23, 48, 2, 55, 19, 34, 28, 41, 5, 60, 
14, 37, 21, 46, 10, 53, 17, 32, 26, 49, 3, 58, 12, 35, 29, 44, 8, 51, 15, 40, 24, 47),  (1, 48, 23, 40, 15, 52, 7, 44, 29, 36, 11, 58, 3, 50, 
25, 32, 17, 54, 9, 46, 21, 38, 13, 60, 5, 42, 27, 34, 19, 56)(2, 47, 24, 39, 16, 51, 8, 43, 30, 35, 12, 57, 4, 49, 26, 31, 18, 53, 10, 45, 22,
37, 14, 59, 6, 41, 28, 33, 20, 55),  ], [  (1, 48, 24, 39, 15, 52, 8, 43, 29, 36, 12, 57, 3, 50, 26, 31, 17, 54, 10, 45, 21, 38, 14, 59, 5, 
42, 28, 33, 19, 56, 2, 47, 23, 40, 16, 51, 7, 44, 30, 35, 11, 58, 4, 49, 25, 32, 18, 53, 9, 46, 22, 37, 13, 60, 6, 41, 27, 34, 20, 55),  (1, 
56, 19, 34, 27, 42, 5, 60, 13, 38, 21, 46, 9, 54, 17, 32, 25, 50, 3, 58, 11, 36, 29, 44, 7, 52, 15, 40, 23, 48)(2, 55, 20, 33, 28, 41, 6, 59, 
14, 37, 22, 45, 10, 53, 18, 31, 26, 49, 4, 57, 12, 35, 30, 43, 8, 51, 16, 39, 24, 47),  ], [  (1, 46, 30, 33, 17, 52, 6, 49, 23, 38, 12, 55, 
9, 44, 28, 31, 15, 60, 4, 47, 21, 36, 20, 53, 7, 42, 26, 39, 13, 58, 2, 45, 29, 34, 18, 51, 5, 50, 24, 37, 11, 56, 10, 43, 27, 32, 16, 59, 3, 
48, 22, 35, 19, 54, 8, 41, 25, 40, 14, 57),  (1, 58, 13, 40, 25, 42, 7, 54, 19, 36, 21, 48, 3, 60, 15, 32, 27, 44, 9, 56, 11, 38, 23, 50, 5, 
52, 17, 34, 29, 46)(2, 57, 14, 39, 26, 41, 8, 53, 20, 35, 22, 47, 4, 59, 16, 31, 28, 43, 10, 55, 12, 37, 24, 49, 6, 51, 18, 33, 30, 45),  ], ]
);

BRACES[60].brace[2] := rec ( size := 60, perms := [ [  (),  (),  ], [  (1, 31, 2, 32)(3, 33, 4, 34)(5, 35, 6, 36)(7, 37, 8, 38)(9, 39, 10, 
40)(11, 41, 12, 42)(13, 43, 14, 44)(15, 45, 16, 46)(17, 47, 18, 48)(19, 49, 20, 50)(21, 51, 22, 52)(23, 53, 24, 54)(25, 55, 26, 56)(27, 57, 
28, 58)(29, 59, 30, 60),  (1, 31)(2, 32)(3, 39)(4, 40)(5, 37)(6, 38)(7, 35)(8, 36)(9, 33)(10, 34)(11, 41)(12, 42)(13, 49)(14, 50)(15, 47)(16, 
48)(17, 45)(18, 46)(19, 43)(20, 44)(21, 51)(22, 52)(23, 59)(24, 60)(25, 57)(26, 58)(27, 55)(28, 56)(29, 53)(30, 54),  ], [  (1, 2)(3, 4)(5, 
6)(7, 8)(9, 10)(11, 12)(13, 14)(15, 16)(17, 18)(19, 20)(21, 22)(23, 24)(25, 26)(27, 28)(29, 30)(31, 32)(33, 34)(35, 36)(37, 38)(39, 40)(41, 
42)(43, 44)(45, 46)(47, 48)(49, 50)(51, 52)(53, 54)(55, 56)(57, 58)(59, 60),  (1, 2)(3, 4)(5, 6)(7, 8)(9, 10)(11, 12)(13, 14)(15, 16)(17, 
18)(19, 20)(21, 22)(23, 24)(25, 26)(27, 28)(29, 30)(31, 32)(33, 34)(35, 36)(37, 38)(39, 40)(41, 42)(43, 44)(45, 46)(47, 48)(49, 50)(51, 
52)(53, 54)(55, 56)(57, 58)(59, 60),  ], [  (1, 21, 11)(2, 22, 12)(3, 23, 13)(4, 24, 14)(5, 25, 15)(6, 26, 16)(7, 27, 17)(8, 28, 18)(9, 29, 
19)(10, 30, 20)(31, 51, 41)(32, 52, 42)(33, 53, 43)(34, 54, 44)(35, 55, 45)(36, 56, 46)(37, 57, 47)(38, 58, 48)(39, 59, 49)(40, 60, 50),  (1, 
11, 21)(2, 12, 22)(3, 13, 23)(4, 14, 24)(5, 15, 25)(6, 16, 26)(7, 17, 27)(8, 18, 28)(9, 19, 29)(10, 20, 30)(31, 41, 51)(32, 42, 52)(33, 43, 
53)(34, 44, 54)(35, 45, 55)(36, 46, 56)(37, 47, 57)(38, 48, 58)(39, 49, 59)(40, 50, 60),  ], [  (1, 9, 7, 5, 3)(2, 10, 8, 6, 4)(11, 19, 17, 
15, 13)(12, 20, 18, 16, 14)(21, 29, 27, 25, 23)(22, 30, 28, 26, 24)(31, 39, 37, 35, 33)(32, 40, 38, 36, 34)(41, 49, 47, 45, 43)(42, 50, 48, 
46, 44)(51, 59, 57, 55, 53)(52, 60, 58, 56, 54),  (1, 3, 5, 7, 9)(2, 4, 6, 8, 10)(11, 13, 15, 17, 19)(12, 14, 16, 18, 20)(21, 23, 25, 27, 
29)(22, 24, 26, 28, 30)(31, 33, 35, 37, 39)(32, 34, 36, 38, 40)(41, 43, 45, 47, 49)(42, 44, 46, 48, 50)(51, 53, 55, 57, 59)(52, 54, 56, 58, 
60),  ], [  (1, 11, 21)(2, 12, 22)(3, 13, 23)(4, 14, 24)(5, 15, 25)(6, 16, 26)(7, 17, 27)(8, 18, 28)(9, 19, 29)(10, 20, 30)(31, 41, 51)(32, 
42, 52)(33, 43, 53)(34, 44, 54)(35, 45, 55)(36, 46, 56)(37, 47, 57)(38, 48, 58)(39, 49, 59)(40, 50, 60),  (1, 21, 11)(2, 22, 12)(3, 23, 13)(4,
24, 14)(5, 25, 15)(6, 26, 16)(7, 27, 17)(8, 28, 18)(9, 29, 19)(10, 30, 20)(31, 51, 41)(32, 52, 42)(33, 53, 43)(34, 54, 44)(35, 55, 45)(36, 56,
46)(37, 57, 47)(38, 58, 48)(39, 59, 49)(40, 60, 50),  ], [  (1, 3, 5, 7, 9)(2, 4, 6, 8, 10)(11, 13, 15, 17, 19)(12, 14, 16, 18, 20)(21, 23, 
25, 27, 29)(22, 24, 26, 28, 30)(31, 33, 35, 37, 39)(32, 34, 36, 38, 40)(41, 43, 45, 47, 49)(42, 44, 46, 48, 50)(51, 53, 55, 57, 59)(52, 54, 
56, 58, 60),  (1, 9, 7, 5, 3)(2, 10, 8, 6, 4)(11, 19, 17, 15, 13)(12, 20, 18, 16, 14)(21, 29, 27, 25, 23)(22, 30, 28, 26, 24)(31, 39, 37, 35, 
33)(32, 40, 38, 36, 34)(41, 49, 47, 45, 43)(42, 50, 48, 46, 44)(51, 59, 57, 55, 53)(52, 60, 58, 56, 54),  ], [  (1, 32, 2, 31)(3, 34, 4, 
33)(5, 36, 6, 35)(7, 38, 8, 37)(9, 40, 10, 39)(11, 42, 12, 41)(13, 44, 14, 43)(15, 46, 16, 45)(17, 48, 18, 47)(19, 50, 20, 49)(21, 52, 22, 
51)(23, 54, 24, 53)(25, 56, 26, 55)(27, 58, 28, 57)(29, 60, 30, 59),  (1, 32)(2, 31)(3, 40)(4, 39)(5, 38)(6, 37)(7, 36)(8, 35)(9, 34)(10, 
33)(11, 42)(12, 41)(13, 50)(14, 49)(15, 48)(16, 47)(17, 46)(18, 45)(19, 44)(20, 43)(21, 52)(22, 51)(23, 60)(24, 59)(25, 58)(26, 57)(27, 
56)(28, 55)(29, 54)(30, 53),  ], [  (1, 51, 12, 32, 21, 41, 2, 52, 11, 31, 22, 42)(3, 53, 14, 34, 23, 43, 4, 54, 13, 33, 24, 44)(5, 55, 16, 
36, 25, 45, 6, 56, 15, 35, 26, 46)(7, 57, 18, 38, 27, 47, 8, 58, 17, 37, 28, 48)(9, 59, 20, 40, 29, 49, 10, 60, 19, 39, 30, 50),  (1, 41, 21, 
31, 11, 51)(2, 42, 22, 32, 12, 52)(3, 49, 23, 39, 13, 59)(4, 50, 24, 40, 14, 60)(5, 47, 25, 37, 15, 57)(6, 48, 26, 38, 16, 58)(7, 45, 27, 35, 
17, 55)(8, 46, 28, 36, 18, 56)(9, 43, 29, 33, 19, 53)(10, 44, 30, 34, 20, 54),  ], [  (1, 33, 6, 38, 9, 31, 4, 36, 7, 39, 2, 34, 5, 37, 10, 
32, 3, 35, 8, 40)(11, 43, 16, 48, 19, 41, 14, 46, 17, 49, 12, 44, 15, 47, 20, 42, 13, 45, 18, 50)(21, 53, 26, 58, 29, 51, 24, 56, 27, 59, 22, 
54, 25, 57, 30, 52, 23, 55, 28, 60),  (1, 33)(2, 34)(3, 31)(4, 32)(5, 39)(6, 40)(7, 37)(8, 38)(9, 35)(10, 36)(11, 43)(12, 44)(13, 41)(14, 
42)(15, 49)(16, 50)(17, 47)(18, 48)(19, 45)(20, 46)(21, 53)(22, 54)(23, 51)(24, 52)(25, 59)(26, 60)(27, 57)(28, 58)(29, 55)(30, 56),  ], [  
(1, 41, 22, 32, 11, 51, 2, 42, 21, 31, 12, 52)(3, 43, 24, 34, 13, 53, 4, 44, 23, 33, 14, 54)(5, 45, 26, 36, 15, 55, 6, 46, 25, 35, 16, 56)(7, 
47, 28, 38, 17, 57, 8, 48, 27, 37, 18, 58)(9, 49, 30, 40, 19, 59, 10, 50, 29, 39, 20, 60),  (1, 51, 11, 31, 21, 41)(2, 52, 12, 32, 22, 42)(3, 
59, 13, 39, 23, 49)(4, 60, 14, 40, 24, 50)(5, 57, 15, 37, 25, 47)(6, 58, 16, 38, 26, 48)(7, 55, 17, 35, 27, 45)(8, 56, 18, 36, 28, 46)(9, 53, 
19, 33, 29, 43)(10, 54, 20, 34, 30, 44),  ], [  (1, 39, 8, 36, 3, 31, 10, 38, 5, 33, 2, 40, 7, 35, 4, 32, 9, 37, 6, 34)(11, 49, 18, 46, 13, 
41, 20, 48, 15, 43, 12, 50, 17, 45, 14, 42, 19, 47, 16, 44)(21, 59, 28, 56, 23, 51, 30, 58, 25, 53, 22, 60, 27, 55, 24, 52, 29, 57, 26, 54),  
(1, 39)(2, 40)(3, 37)(4, 38)(5, 35)(6, 36)(7, 33)(8, 34)(9, 31)(10, 32)(11, 49)(12, 50)(13, 47)(14, 48)(15, 45)(16, 46)(17, 43)(18, 44)(19, 
41)(20, 42)(21, 59)(22, 60)(23, 57)(24, 58)(25, 55)(26, 56)(27, 53)(28, 54)(29, 51)(30, 52),  ], [  (1, 22, 11, 2, 21, 12)(3, 24, 13, 4, 23, 
14)(5, 26, 15, 6, 25, 16)(7, 28, 17, 8, 27, 18)(9, 30, 19, 10, 29, 20)(31, 52, 41, 32, 51, 42)(33, 54, 43, 34, 53, 44)(35, 56, 45, 36, 55, 
46)(37, 58, 47, 38, 57, 48)(39, 60, 49, 40, 59, 50),  (1, 12, 21, 2, 11, 22)(3, 14, 23, 4, 13, 24)(5, 16, 25, 6, 15, 26)(7, 18, 27, 8, 17, 
28)(9, 20, 29, 10, 19, 30)(31, 42, 51, 32, 41, 52)(33, 44, 53, 34, 43, 54)(35, 46, 55, 36, 45, 56)(37, 48, 57, 38, 47, 58)(39, 50, 59, 40, 49,
60),  ], [  (1, 10, 7, 6, 3, 2, 9, 8, 5, 4)(11, 20, 17, 16, 13, 12, 19, 18, 15, 14)(21, 30, 27, 26, 23, 22, 29, 28, 25, 24)(31, 40, 37, 36, 
33, 32, 39, 38, 35, 34)(41, 50, 47, 46, 43, 42, 49, 48, 45, 44)(51, 60, 57, 56, 53, 52, 59, 58, 55, 54),  (1, 4, 5, 8, 9, 2, 3, 6, 7, 10)(11, 
14, 15, 18, 19, 12, 13, 16, 17, 20)(21, 24, 25, 28, 29, 22, 23, 26, 27, 30)(31, 34, 35, 38, 39, 32, 33, 36, 37, 40)(41, 44, 45, 48, 49, 42, 
43, 46, 47, 50)(51, 54, 55, 58, 59, 52, 53, 56, 57, 60),  ], [  (1, 12, 21, 2, 11, 22)(3, 14, 23, 4, 13, 24)(5, 16, 25, 6, 15, 26)(7, 18, 27, 
8, 17, 28)(9, 20, 29, 10, 19, 30)(31, 42, 51, 32, 41, 52)(33, 44, 53, 34, 43, 54)(35, 46, 55, 36, 45, 56)(37, 48, 57, 38, 47, 58)(39, 50, 59, 
40, 49, 60),  (1, 22, 11, 2, 21, 12)(3, 24, 13, 4, 23, 14)(5, 26, 15, 6, 25, 16)(7, 28, 17, 8, 27, 18)(9, 30, 19, 10, 29, 20)(31, 52, 41, 32, 
51, 42)(33, 54, 43, 34, 53, 44)(35, 56, 45, 36, 55, 46)(37, 58, 47, 38, 57, 48)(39, 60, 49, 40, 59, 50),  ], [  (1, 4, 5, 8, 9, 2, 3, 6, 7, 
10)(11, 14, 15, 18, 19, 12, 13, 16, 17, 20)(21, 24, 25, 28, 29, 22, 23, 26, 27, 30)(31, 34, 35, 38, 39, 32, 33, 36, 37, 40)(41, 44, 45, 48, 
49, 42, 43, 46, 47, 50)(51, 54, 55, 58, 59, 52, 53, 56, 57, 60),  (1, 10, 7, 6, 3, 2, 9, 8, 5, 4)(11, 20, 17, 16, 13, 12, 19, 18, 15, 14)(21, 
30, 27, 26, 23, 22, 29, 28, 25, 24)(31, 40, 37, 36, 33, 32, 39, 38, 35, 34)(41, 50, 47, 46, 43, 42, 49, 48, 45, 44)(51, 60, 57, 56, 53, 52, 
59, 58, 55, 54),  ], [  (1, 29, 17, 5, 23, 11, 9, 27, 15, 3, 21, 19, 7, 25, 13)(2, 30, 18, 6, 24, 12, 10, 28, 16, 4, 22, 20, 8, 26, 14)(31, 
59, 47, 35, 53, 41, 39, 57, 45, 33, 51, 49, 37, 55, 43)(32, 60, 48, 36, 54, 42, 40, 58, 46, 34, 52, 50, 38, 56, 44),  (1, 13, 25, 7, 19, 21, 
3, 15, 27, 9, 11, 23, 5, 17, 29)(2, 14, 26, 8, 20, 22, 4, 16, 28, 10, 12, 24, 6, 18, 30)(31, 43, 55, 37, 49, 51, 33, 45, 57, 39, 41, 53, 35, 
47, 59)(32, 44, 56, 38, 50, 52, 34, 46, 58, 40, 42, 54, 36, 48, 60),  ], [  (1, 23, 15, 7, 29, 11, 3, 25, 17, 9, 21, 13, 5, 27, 19)(2, 24, 16,
8, 30, 12, 4, 26, 18, 10, 22, 14, 6, 28, 20)(31, 53, 45, 37, 59, 41, 33, 55, 47, 39, 51, 43, 35, 57, 49)(32, 54, 46, 38, 60, 42, 34, 56, 48, 
40, 52, 44, 36, 58, 50),  (1, 19, 27, 5, 13, 21, 9, 17, 25, 3, 11, 29, 7, 15, 23)(2, 20, 28, 6, 14, 22, 10, 18, 26, 4, 12, 30, 8, 16, 24)(31, 
49, 57, 35, 43, 51, 39, 47, 55, 33, 41, 59, 37, 45, 53)(32, 50, 58, 36, 44, 52, 40, 48, 56, 34, 42, 60, 38, 46, 54),  ], [  (1, 7, 3, 9, 5)(2,
8, 4, 10, 6)(11, 17, 13, 19, 15)(12, 18, 14, 20, 16)(21, 27, 23, 29, 25)(22, 28, 24, 30, 26)(31, 37, 33, 39, 35)(32, 38, 34, 40, 36)(41, 47, 
43, 49, 45)(42, 48, 44, 50, 46)(51, 57, 53, 59, 55)(52, 58, 54, 60, 56),  (1, 5, 9, 3, 7)(2, 6, 10, 4, 8)(11, 15, 19, 13, 17)(12, 16, 20, 14, 
18)(21, 25, 29, 23, 27)(22, 26, 30, 24, 28)(31, 35, 39, 33, 37)(32, 36, 40, 34, 38)(41, 45, 49, 43, 47)(42, 46, 50, 44, 48)(51, 55, 59, 53, 
57)(52, 56, 60, 54, 58),  ], [  (1, 19, 27, 5, 13, 21, 9, 17, 25, 3, 11, 29, 7, 15, 23)(2, 20, 28, 6, 14, 22, 10, 18, 26, 4, 12, 30, 8, 16, 
24)(31, 49, 57, 35, 43, 51, 39, 47, 55, 33, 41, 59, 37, 45, 53)(32, 50, 58, 36, 44, 52, 40, 48, 56, 34, 42, 60, 38, 46, 54),  (1, 23, 15, 7, 
29, 11, 3, 25, 17, 9, 21, 13, 5, 27, 19)(2, 24, 16, 8, 30, 12, 4, 26, 18, 10, 22, 14, 6, 28, 20)(31, 53, 45, 37, 59, 41, 33, 55, 47, 39, 51, 
43, 35, 57, 49)(32, 54, 46, 38, 60, 42, 34, 56, 48, 40, 52, 44, 36, 58, 50),  ], [  (1, 13, 25, 7, 19, 21, 3, 15, 27, 9, 11, 23, 5, 17, 29)(2,
14, 26, 8, 20, 22, 4, 16, 28, 10, 12, 24, 6, 18, 30)(31, 43, 55, 37, 49, 51, 33, 45, 57, 39, 41, 53, 35, 47, 59)(32, 44, 56, 38, 50, 52, 34, 
46, 58, 40, 42, 54, 36, 48, 60),  (1, 29, 17, 5, 23, 11, 9, 27, 15, 3, 21, 19, 7, 25, 13)(2, 30, 18, 6, 24, 12, 10, 28, 16, 4, 22, 20, 8, 26, 
14)(31, 59, 47, 35, 53, 41, 39, 57, 45, 33, 51, 49, 37, 55, 43)(32, 60, 48, 36, 54, 42, 40, 58, 46, 34, 52, 50, 38, 56, 44),  ], [  (1, 5, 9, 
3, 7)(2, 6, 10, 4, 8)(11, 15, 19, 13, 17)(12, 16, 20, 14, 18)(21, 25, 29, 23, 27)(22, 26, 30, 24, 28)(31, 35, 39, 33, 37)(32, 36, 40, 34, 
38)(41, 45, 49, 43, 47)(42, 46, 50, 44, 48)(51, 55, 59, 53, 57)(52, 56, 60, 54, 58),  (1, 7, 3, 9, 5)(2, 8, 4, 10, 6)(11, 17, 13, 19, 15)(12, 
18, 14, 20, 16)(21, 27, 23, 29, 25)(22, 28, 24, 30, 26)(31, 37, 33, 39, 35)(32, 38, 34, 40, 36)(41, 47, 43, 49, 45)(42, 48, 44, 50, 46)(51, 
57, 53, 59, 55)(52, 58, 54, 60, 56),  ], [  (1, 52, 12, 31, 21, 42, 2, 51, 11, 32, 22, 41)(3, 54, 14, 33, 23, 44, 4, 53, 13, 34, 24, 43)(5, 
56, 16, 35, 25, 46, 6, 55, 15, 36, 26, 45)(7, 58, 18, 37, 27, 48, 8, 57, 17, 38, 28, 47)(9, 60, 20, 39, 29, 50, 10, 59, 19, 40, 30, 49),  (1, 
42, 21, 32, 11, 52)(2, 41, 22, 31, 12, 51)(3, 50, 23, 40, 13, 60)(4, 49, 24, 39, 14, 59)(5, 48, 25, 38, 15, 58)(6, 47, 26, 37, 16, 57)(7, 46, 
27, 36, 17, 56)(8, 45, 28, 35, 18, 55)(9, 44, 29, 34, 19, 54)(10, 43, 30, 33, 20, 53),  ], [  (1, 34, 6, 37, 9, 32, 4, 35, 7, 40, 2, 33, 5, 
38, 10, 31, 3, 36, 8, 39)(11, 44, 16, 47, 19, 42, 14, 45, 17, 50, 12, 43, 15, 48, 20, 41, 13, 46, 18, 49)(21, 54, 26, 57, 29, 52, 24, 55, 27, 
60, 22, 53, 25, 58, 30, 51, 23, 56, 28, 59),  (1, 34)(2, 33)(3, 32)(4, 31)(5, 40)(6, 39)(7, 38)(8, 37)(9, 36)(10, 35)(11, 44)(12, 43)(13, 
42)(14, 41)(15, 50)(16, 49)(17, 48)(18, 47)(19, 46)(20, 45)(21, 54)(22, 53)(23, 52)(24, 51)(25, 60)(26, 59)(27, 58)(28, 57)(29, 56)(30, 55),  
], [  (1, 42, 22, 31, 11, 52, 2, 41, 21, 32, 12, 51)(3, 44, 24, 33, 13, 54, 4, 43, 23, 34, 14, 53)(5, 46, 26, 35, 15, 56, 6, 45, 25, 36, 16, 
55)(7, 48, 28, 37, 17, 58, 8, 47, 27, 38, 18, 57)(9, 50, 30, 39, 19, 60, 10, 49, 29, 40, 20, 59),  (1, 52, 11, 32, 21, 42)(2, 51, 12, 31, 22, 
41)(3, 60, 13, 40, 23, 50)(4, 59, 14, 39, 24, 49)(5, 58, 15, 38, 25, 48)(6, 57, 16, 37, 26, 47)(7, 56, 17, 36, 27, 46)(8, 55, 18, 35, 28, 
45)(9, 54, 19, 34, 29, 44)(10, 53, 20, 33, 30, 43),  ], [  (1, 40, 8, 35, 3, 32, 10, 37, 5, 34, 2, 39, 7, 36, 4, 31, 9, 38, 6, 33)(11, 50, 18,
