## size 50
BRACES[50] := rec( total := -1, implemented := 8, size := 50, brace := [] );
BRACES[50].brace[1] := rec ( size := 50, perms :=
[ [ (), () ], [ ( 3,13,23, 8,18)( 4,14,24, 9,19)( 5,15,25,10,20)( 6,16,26,11,21)( 7,17,27,12,22), ( 3,13,23, 8,18)( 4,14,24, 9,19)( 5,15,25,10,20)( 6,16,26,11,21)
        ( 7,17,27,12,22) ], [ ( 3,23,18,13, 8)( 4,24,19,14, 9)( 5,25,20,15,10)( 6,26,21,16,11)( 7,27,22,17,12), ( 3,23,18,13, 8)( 4,24,19,14, 9)( 5,25,20,15,10)
        ( 6,26,21,16,11)( 7,27,22,17,12) ], [ ( 3, 8,13,18,23)( 4, 9,14,19,24)( 5,10,15,20,25)( 6,11,16,21,26)( 7,12,17,22,27), ( 3, 8,13,18,23)( 4, 9,14,19,24)
        ( 5,10,15,20,25)( 6,11,16,21,26)( 7,12,17,22,27) ], [ ( 3,18, 8,23,13)( 4,19, 9,24,14)( 5,20,10,25,15)( 6,21,11,26,16)( 7,22,12,27,17), 
      ( 3,18, 8,23,13)( 4,19, 9,24,14)( 5,20,10,25,15)( 6,21,11,26,16)( 7,22,12,27,17) ], 
  [ ( 3,25,22,19,16,13,10, 7, 4,26,23,20,17,14,11, 8, 5,27,24,21,18,15,12, 9, 6), ( 3,10,17,24, 6,13,20,27, 9,16,23, 5,12,19,26, 8,15,22, 4,11,18,25, 7,14,21) ], 
  [ ( 3,10,17,24, 6,13,20,27, 9,16,23, 5,12,19,26, 8,15,22, 4,11,18,25, 7,14,21), ( 3,20,12, 4,21,13, 5,22,14, 6,23,15, 7,24,16, 8,25,17, 9,26,18,10,27,19,11) ], 
  [ ( 3,20,12, 4,21,13, 5,22,14, 6,23,15, 7,24,16, 8,25,17, 9,26,18,10,27,19,11), ( 3, 5, 7, 9,11,13,15,17,19,21,23,25,27, 4, 6, 8,10,12,14,16,18,20,22,24,26) ], 
  [ ( 3, 5, 7, 9,11,13,15,17,19,21,23,25,27, 4, 6, 8,10,12,14,16,18,20,22,24,26), ( 3,15,27,14,26,13,25,12,24,11,23,10,22, 9,21, 8,20, 7,19, 6,18, 5,17, 4,16) ], 
  [ ( 3,15,27,14,26,13,25,12,24,11,23,10,22, 9,21, 8,20, 7,19, 6,18, 5,17, 4,16), ( 3,25,22,19,16,13,10, 7, 4,26,23,20,17,14,11, 8, 5,27,24,21,18,15,12, 9, 6) ], 
  [ ( 3,22,16,10, 4,23,17,11, 5,24,18,12, 6,25,19,13, 7,26,20,14, 8,27,21,15, 9), ( 3,22,16,10, 4,23,17,11, 5,24,18,12, 6,25,19,13, 7,26,20,14, 8,27,21,15, 9) ], 
  [ ( 3, 7,11,15,19,23,27, 6,10,14,18,22,26, 5, 9,13,17,21,25, 4, 8,12,16,20,24), ( 3, 7,11,15,19,23,27, 6,10,14,18,22,26, 5, 9,13,17,21,25, 4, 8,12,16,20,24) ], 
  [ ( 3,17, 6,20, 9,23,12,26,15, 4,18, 7,21,10,24,13,27,16, 5,19, 8,22,11,25,14), ( 3,17, 6,20, 9,23,12,26,15, 4,18, 7,21,10,24,13,27,16, 5,19, 8,22,11,25,14) ], 
  [ ( 3,27,26,25,24,23,22,21,20,19,18,17,16,15,14,13,12,11,10, 9, 8, 7, 6, 5, 4), ( 3,27,26,25,24,23,22,21,20,19,18,17,16,15,14,13,12,11,10, 9, 8, 7, 6, 5, 4) ], 
  [ ( 3,12,21, 5,14,23, 7,16,25, 9,18,27,11,20, 4,13,22, 6,15,24, 8,17,26,10,19), ( 3,12,21, 5,14,23, 7,16,25, 9,18,27,11,20, 4,13,22, 6,15,24, 8,17,26,10,19) ], 
  [ ( 3,19,10,26,17, 8,24,15, 6,22,13, 4,20,11,27,18, 9,25,16, 7,23,14, 5,21,12), ( 3,14,25,11,22, 8,19, 5,16,27,13,24,10,21, 7,18, 4,15,26,12,23, 9,20, 6,17) ], 
  [ ( 3, 4, 5, 6, 7, 8, 9,10,11,12,13,14,15,16,17,18,19,20,21,22,23,24,25,26,27), ( 3,24,20,16,12, 8, 4,25,21,17,13, 9, 5,26,22,18,14,10, 6,27,23,19,15,11, 7) ], 
  [ ( 3,14,25,11,22, 8,19, 5,16,27,13,24,10,21, 7,18, 4,15,26,12,23, 9,20, 6,17), ( 3, 9,15,21,27, 8,14,20,26, 7,13,19,25, 6,12,18,24, 5,11,17,23, 4,10,16,22) ], 
  [ ( 3,24,20,16,12, 8, 4,25,21,17,13, 9, 5,26,22,18,14,10, 6,27,23,19,15,11, 7), ( 3,19,10,26,17, 8,24,15, 6,22,13, 4,20,11,27,18, 9,25,16, 7,23,14, 5,21,12) ], 
  [ ( 3, 9,15,21,27, 8,14,20,26, 7,13,19,25, 6,12,18,24, 5,11,17,23, 4,10,16,22), ( 3, 4, 5, 6, 7, 8, 9,10,11,12,13,14,15,16,17,18,19,20,21,22,23,24,25,26,27) ], 
  [ ( 3,16, 4,17, 5,18, 6,19, 7,20, 8,21, 9,22,10,23,11,24,12,25,13,26,14,27,15), ( 3,11,19,27,10,18,26, 9,17,25, 8,16,24, 7,15,23, 6,14,22, 5,13,21, 4,12,20) ], 
  [ ( 3,26,24,22,20,18,16,14,12,10, 8, 6, 4,27,25,23,21,19,17,15,13,11, 9, 7, 5), ( 3,21,14, 7,25,18,11, 4,22,15, 8,26,19,12, 5,23,16, 9,27,20,13, 6,24,17,10) ], 
  [ ( 3,11,19,27,10,18,26, 9,17,25, 8,16,24, 7,15,23, 6,14,22, 5,13,21, 4,12,20), ( 3, 6, 9,12,15,18,21,24,27, 5, 8,11,14,17,20,23,26, 4, 7,10,13,16,19,22,25) ], 
  [ ( 3,21,14, 7,25,18,11, 4,22,15, 8,26,19,12, 5,23,16, 9,27,20,13, 6,24,17,10), ( 3,16, 4,17, 5,18, 6,19, 7,20, 8,21, 9,22,10,23,11,24,12,25,13,26,14,27,15) ], 
  [ ( 3, 6, 9,12,15,18,21,24,27, 5, 8,11,14,17,20,23,26, 4, 7,10,13,16,19,22,25), ( 3,26,24,22,20,18,16,14,12,10, 8, 6, 4,27,25,23,21,19,17,15,13,11, 9, 7, 5) ], 
  [ (1,2), (1,2) ], [ ( 1, 2)( 3,13,23, 8,18)( 4,14,24, 9,19)( 5,15,25,10,20)( 6,16,26,11,21)( 7,17,27,12,22), ( 1, 2)( 3,13,23, 8,18)( 4,14,24, 9,19)
        ( 5,15,25,10,20)( 6,16,26,11,21)( 7,17,27,12,22) ], [ ( 1, 2)( 3,23,18,13, 8)( 4,24,19,14, 9)( 5,25,20,15,10)( 6,26,21,16,11)( 7,27,22,17,12), 
      ( 1, 2)( 3,23,18,13, 8)( 4,24,19,14, 9)( 5,25,20,15,10)( 6,26,21,16,11)( 7,27,22,17,12) ], 
  [ ( 1, 2)( 3, 8,13,18,23)( 4, 9,14,19,24)( 5,10,15,20,25)( 6,11,16,21,26)( 7,12,17,22,27), ( 1, 2)( 3, 8,13,18,23)( 4, 9,14,19,24)( 5,10,15,20,25)
        ( 6,11,16,21,26)( 7,12,17,22,27) ], [ ( 1, 2)( 3,18, 8,23,13)( 4,19, 9,24,14)( 5,20,10,25,15)( 6,21,11,26,16)( 7,22,12,27,17), 
      ( 1, 2)( 3,18, 8,23,13)( 4,19, 9,24,14)( 5,20,10,25,15)( 6,21,11,26,16)( 7,22,12,27,17) ], 
  [ ( 1, 2)( 3,25,22,19,16,13,10, 7, 4,26,23,20,17,14,11, 8, 5,27,24,21,18,15,12, 9, 6), ( 1, 2)( 3,10,17,24, 6,13,20,27, 9,16,23, 5,12,19,26, 8,15,22,
          4,11,18,25, 7,14,21) ], [ ( 1, 2)( 3,10,17,24, 6,13,20,27, 9,16,23, 5,12,19,26, 8,15,22, 4,11,18,25, 7,14,21), 
      ( 1, 2)( 3,20,12, 4,21,13, 5,22,14, 6,23,15, 7,24,16, 8,25,17, 9,26,18,10,27,19,11) ], 
  [ ( 1, 2)( 3,20,12, 4,21,13, 5,22,14, 6,23,15, 7,24,16, 8,25,17, 9,26,18,10,27,19,11), ( 1, 2)( 3, 5, 7, 9,11,13,15,17,19,21,23,25,27, 4, 6, 8,10,12,
         14,16,18,20,22,24,26) ], [ ( 1, 2)( 3, 5, 7, 9,11,13,15,17,19,21,23,25,27, 4, 6, 8,10,12,14,16,18,20,22,24,26), 
      ( 1, 2)( 3,15,27,14,26,13,25,12,24,11,23,10,22, 9,21, 8,20, 7,19, 6,18, 5,17, 4,16) ], 
  [ ( 1, 2)( 3,15,27,14,26,13,25,12,24,11,23,10,22, 9,21, 8,20, 7,19, 6,18, 5,17, 4,16), ( 1, 2)( 3,25,22,19,16,13,10, 7, 4,26,23,20,17,14,11, 8, 5,27,
         24,21,18,15,12, 9, 6) ], [ ( 1, 2)( 3,22,16,10, 4,23,17,11, 5,24,18,12, 6,25,19,13, 7,26,20,14, 8,27,21,15, 9), 
      ( 1, 2)( 3,22,16,10, 4,23,17,11, 5,24,18,12, 6,25,19,13, 7,26,20,14, 8,27,21,15, 9) ], 
  [ ( 1, 2)( 3, 7,11,15,19,23,27, 6,10,14,18,22,26, 5, 9,13,17,21,25, 4, 8,12,16,20,24), ( 1, 2)( 3, 7,11,15,19,23,27, 6,10,14,18,22,26, 5, 9,13,17,21,
         25, 4, 8,12,16,20,24) ], [ ( 1, 2)( 3,17, 6,20, 9,23,12,26,15, 4,18, 7,21,10,24,13,27,16, 5,19, 8,22,11,25,14), 
      ( 1, 2)( 3,17, 6,20, 9,23,12,26,15, 4,18, 7,21,10,24,13,27,16, 5,19, 8,22,11,25,14) ], 
  [ ( 1, 2)( 3,27,26,25,24,23,22,21,20,19,18,17,16,15,14,13,12,11,10, 9, 8, 7, 6, 5, 4), ( 1, 2)( 3,27,26,25,24,23,22,21,20,19,18,17,16,15,14,13,12,11,
         10, 9, 8, 7, 6, 5, 4) ], [ ( 1, 2)( 3,12,21, 5,14,23, 7,16,25, 9,18,27,11,20, 4,13,22, 6,15,24, 8,17,26,10,19), 
      ( 1, 2)( 3,12,21, 5,14,23, 7,16,25, 9,18,27,11,20, 4,13,22, 6,15,24, 8,17,26,10,19) ], 
  [ ( 1, 2)( 3,19,10,26,17, 8,24,15, 6,22,13, 4,20,11,27,18, 9,25,16, 7,23,14, 5,21,12), ( 1, 2)( 3,14,25,11,22, 8,19, 5,16,27,13,24,10,21, 7,18, 4,15,
         26,12,23, 9,20, 6,17) ], [ ( 1, 2)( 3, 4, 5, 6, 7, 8, 9,10,11,12,13,14,15,16,17,18,19,20,21,22,23,24,25,26,27), 
      ( 1, 2)( 3,24,20,16,12, 8, 4,25,21,17,13, 9, 5,26,22,18,14,10, 6,27,23,19,15,11, 7) ], 
  [ ( 1, 2)( 3,14,25,11,22, 8,19, 5,16,27,13,24,10,21, 7,18, 4,15,26,12,23, 9,20, 6,17), ( 1, 2)( 3, 9,15,21,27, 8,14,20,26, 7,13,19,25, 6,12,18,24, 5,
         11,17,23, 4,10,16,22) ], [ ( 1, 2)( 3,24,20,16,12, 8, 4,25,21,17,13, 9, 5,26,22,18,14,10, 6,27,23,19,15,11, 7), 
      ( 1, 2)( 3,19,10,26,17, 8,24,15, 6,22,13, 4,20,11,27,18, 9,25,16, 7,23,14, 5,21,12) ], 
  [ ( 1, 2)( 3, 9,15,21,27, 8,14,20,26, 7,13,19,25, 6,12,18,24, 5,11,17,23, 4,10,16,22), ( 1, 2)( 3, 4, 5, 6, 7, 8, 9,10,11,12,13,14,15,16,17,18,19,20,
         21,22,23,24,25,26,27) ], [ ( 1, 2)( 3,16, 4,17, 5,18, 6,19, 7,20, 8,21, 9,22,10,23,11,24,12,25,13,26,14,27,15), 
      ( 1, 2)( 3,11,19,27,10,18,26, 9,17,25, 8,16,24, 7,15,23, 6,14,22, 5,13,21, 4,12,20) ], 
  [ ( 1, 2)( 3,26,24,22,20,18,16,14,12,10, 8, 6, 4,27,25,23,21,19,17,15,13,11, 9, 7, 5), ( 1, 2)( 3,21,14, 7,25,18,11, 4,22,15, 8,26,19,12, 5,23,16, 9,
         27,20,13, 6,24,17,10) ], [ ( 1, 2)( 3,11,19,27,10,18,26, 9,17,25, 8,16,24, 7,15,23, 6,14,22, 5,13,21, 4,12,20), 
      ( 1, 2)( 3, 6, 9,12,15,18,21,24,27, 5, 8,11,14,17,20,23,26, 4, 7,10,13,16,19,22,25) ], 
  [ ( 1, 2)( 3,21,14, 7,25,18,11, 4,22,15, 8,26,19,12, 5,23,16, 9,27,20,13, 6,24,17,10), ( 1, 2)( 3,16, 4,17, 5,18, 6,19, 7,20, 8,21, 9,22,10,23,11,24,
         12,25,13,26,14,27,15) ], [ ( 1, 2)( 3, 6, 9,12,15,18,21,24,27, 5, 8,11,14,17,20,23,26, 4, 7,10,13,16,19,22,25), 
      ( 1, 2)( 3,26,24,22,20,18,16,14,12,10, 8, 6, 4,27,25,23,21,19,17,15,13,11, 9, 7, 5) ] ]
);

BRACES[50].brace[2] := rec ( size := 50, perms :=
[ [ (), () ], [ ( 3,13,23, 8,18)( 4,14,24, 9,19)( 5,15,25,10,20)( 6,16,26,11,21)( 7,17,27,12,22), ( 3,18, 8,23,13)( 4,19, 9,24,14)( 5,20,10,25,15)( 6,21,11,26,16)
        ( 7,22,12,27,17) ], [ ( 3,23,18,13, 8)( 4,24,19,14, 9)( 5,25,20,15,10)( 6,26,21,16,11)( 7,27,22,17,12), ( 3, 8,13,18,23)( 4, 9,14,19,24)( 5,10,15,20,25)
        ( 6,11,16,21,26)( 7,12,17,22,27) ], [ ( 3, 8,13,18,23)( 4, 9,14,19,24)( 5,10,15,20,25)( 6,11,16,21,26)( 7,12,17,22,27), ( 3,23,18,13, 8)( 4,24,19,14, 9)
        ( 5,25,20,15,10)( 6,26,21,16,11)( 7,27,22,17,12) ], [ ( 3,18, 8,23,13)( 4,19, 9,24,14)( 5,20,10,25,15)( 6,21,11,26,16)( 7,22,12,27,17), 
      ( 3,13,23, 8,18)( 4,14,24, 9,19)( 5,15,25,10,20)( 6,16,26,11,21)( 7,17,27,12,22) ], 
  [ ( 3,25,22,19,16,13,10, 7, 4,26,23,20,17,14,11, 8, 5,27,24,21,18,15,12, 9, 6), ( 3, 6, 9,12,15,18,21,24,27, 5, 8,11,14,17,20,23,26, 4, 7,10,13,16,19,22,25) ], 
  [ ( 3,10,17,24, 6,13,20,27, 9,16,23, 5,12,19,26, 8,15,22, 4,11,18,25, 7,14,21), ( 3,21,14, 7,25,18,11, 4,22,15, 8,26,19,12, 5,23,16, 9,27,20,13, 6,24,17,10) ], 
  [ ( 3,20,12, 4,21,13, 5,22,14, 6,23,15, 7,24,16, 8,25,17, 9,26,18,10,27,19,11), ( 3,11,19,27,10,18,26, 9,17,25, 8,16,24, 7,15,23, 6,14,22, 5,13,21, 4,12,20) ], 
  [ ( 3, 5, 7, 9,11,13,15,17,19,21,23,25,27, 4, 6, 8,10,12,14,16,18,20,22,24,26), ( 3,26,24,22,20,18,16,14,12,10, 8, 6, 4,27,25,23,21,19,17,15,13,11, 9, 7, 5) ], 
  [ ( 3,15,27,14,26,13,25,12,24,11,23,10,22, 9,21, 8,20, 7,19, 6,18, 5,17, 4,16), ( 3,16, 4,17, 5,18, 6,19, 7,20, 8,21, 9,22,10,23,11,24,12,25,13,26,14,27,15) ], 
  [ ( 3,22,16,10, 4,23,17,11, 5,24,18,12, 6,25,19,13, 7,26,20,14, 8,27,21,15, 9), ( 3, 9,15,21,27, 8,14,20,26, 7,13,19,25, 6,12,18,24, 5,11,17,23, 4,10,16,22) ], 
  [ ( 3, 7,11,15,19,23,27, 6,10,14,18,22,26, 5, 9,13,17,21,25, 4, 8,12,16,20,24), ( 3,24,20,16,12, 8, 4,25,21,17,13, 9, 5,26,22,18,14,10, 6,27,23,19,15,11, 7) ], 
  [ ( 3,17, 6,20, 9,23,12,26,15, 4,18, 7,21,10,24,13,27,16, 5,19, 8,22,11,25,14), ( 3,14,25,11,22, 8,19, 5,16,27,13,24,10,21, 7,18, 4,15,26,12,23, 9,20, 6,17) ], 
  [ ( 3,27,26,25,24,23,22,21,20,19,18,17,16,15,14,13,12,11,10, 9, 8, 7, 6, 5, 4), ( 3, 4, 5, 6, 7, 8, 9,10,11,12,13,14,15,16,17,18,19,20,21,22,23,24,25,26,27) ], 
  [ ( 3,12,21, 5,14,23, 7,16,25, 9,18,27,11,20, 4,13,22, 6,15,24, 8,17,26,10,19), ( 3,19,10,26,17, 8,24,15, 6,22,13, 4,20,11,27,18, 9,25,16, 7,23,14, 5,21,12) ], 
  [ ( 3,19,10,26,17, 8,24,15, 6,22,13, 4,20,11,27,18, 9,25,16, 7,23,14, 5,21,12), ( 3,12,21, 5,14,23, 7,16,25, 9,18,27,11,20, 4,13,22, 6,15,24, 8,17,26,10,19) ], 
  [ ( 3, 4, 5, 6, 7, 8, 9,10,11,12,13,14,15,16,17,18,19,20,21,22,23,24,25,26,27), ( 3,27,26,25,24,23,22,21,20,19,18,17,16,15,14,13,12,11,10, 9, 8, 7, 6, 5, 4) ], 
  [ ( 3,14,25,11,22, 8,19, 5,16,27,13,24,10,21, 7,18, 4,15,26,12,23, 9,20, 6,17), ( 3,17, 6,20, 9,23,12,26,15, 4,18, 7,21,10,24,13,27,16, 5,19, 8,22,11,25,14) ], 
  [ ( 3,24,20,16,12, 8, 4,25,21,17,13, 9, 5,26,22,18,14,10, 6,27,23,19,15,11, 7), ( 3, 7,11,15,19,23,27, 6,10,14,18,22,26, 5, 9,13,17,21,25, 4, 8,12,16,20,24) ], 
  [ ( 3, 9,15,21,27, 8,14,20,26, 7,13,19,25, 6,12,18,24, 5,11,17,23, 4,10,16,22), ( 3,22,16,10, 4,23,17,11, 5,24,18,12, 6,25,19,13, 7,26,20,14, 8,27,21,15, 9) ], 
  [ ( 3,16, 4,17, 5,18, 6,19, 7,20, 8,21, 9,22,10,23,11,24,12,25,13,26,14,27,15), ( 3,15,27,14,26,13,25,12,24,11,23,10,22, 9,21, 8,20, 7,19, 6,18, 5,17, 4,16) ], 
  [ ( 3,26,24,22,20,18,16,14,12,10, 8, 6, 4,27,25,23,21,19,17,15,13,11, 9, 7, 5), ( 3, 5, 7, 9,11,13,15,17,19,21,23,25,27, 4, 6, 8,10,12,14,16,18,20,22,24,26) ], 
  [ ( 3,11,19,27,10,18,26, 9,17,25, 8,16,24, 7,15,23, 6,14,22, 5,13,21, 4,12,20), ( 3,20,12, 4,21,13, 5,22,14, 6,23,15, 7,24,16, 8,25,17, 9,26,18,10,27,19,11) ], 
  [ ( 3,21,14, 7,25,18,11, 4,22,15, 8,26,19,12, 5,23,16, 9,27,20,13, 6,24,17,10), ( 3,10,17,24, 6,13,20,27, 9,16,23, 5,12,19,26, 8,15,22, 4,11,18,25, 7,14,21) ], 
  [ ( 3, 6, 9,12,15,18,21,24,27, 5, 8,11,14,17,20,23,26, 4, 7,10,13,16,19,22,25), ( 3,25,22,19,16,13,10, 7, 4,26,23,20,17,14,11, 8, 5,27,24,21,18,15,12, 9, 6) ], 
  [ (1,2), (1,2) ], [ ( 1, 2)( 3,13,23, 8,18)( 4,14,24, 9,19)( 5,15,25,10,20)( 6,16,26,11,21)( 7,17,27,12,22), ( 1, 2)( 3,18, 8,23,13)( 4,19, 9,24,14)
        ( 5,20,10,25,15)( 6,21,11,26,16)( 7,22,12,27,17) ], [ ( 1, 2)( 3,23,18,13, 8)( 4,24,19,14, 9)( 5,25,20,15,10)( 6,26,21,16,11)( 7,27,22,17,12), 
      ( 1, 2)( 3, 8,13,18,23)( 4, 9,14,19,24)( 5,10,15,20,25)( 6,11,16,21,26)( 7,12,17,22,27) ], 
  [ ( 1, 2)( 3, 8,13,18,23)( 4, 9,14,19,24)( 5,10,15,20,25)( 6,11,16,21,26)( 7,12,17,22,27), ( 1, 2)( 3,23,18,13, 8)( 4,24,19,14, 9)( 5,25,20,15,10)
        ( 6,26,21,16,11)( 7,27,22,17,12) ], [ ( 1, 2)( 3,18, 8,23,13)( 4,19, 9,24,14)( 5,20,10,25,15)( 6,21,11,26,16)( 7,22,12,27,17), 
      ( 1, 2)( 3,13,23, 8,18)( 4,14,24, 9,19)( 5,15,25,10,20)( 6,16,26,11,21)( 7,17,27,12,22) ], 
  [ ( 1, 2)( 3,25,22,19,16,13,10, 7, 4,26,23,20,17,14,11, 8, 5,27,24,21,18,15,12, 9, 6), ( 1, 2)( 3, 6, 9,12,15,18,21,24,27, 5, 8,11,14,17,20,23,26, 4,
          7,10,13,16,19,22,25) ], [ ( 1, 2)( 3,10,17,24, 6,13,20,27, 9,16,23, 5,12,19,26, 8,15,22, 4,11,18,25, 7,14,21), 
      ( 1, 2)( 3,21,14, 7,25,18,11, 4,22,15, 8,26,19,12, 5,23,16, 9,27,20,13, 6,24,17,10) ], 
  [ ( 1, 2)( 3,20,12, 4,21,13, 5,22,14, 6,23,15, 7,24,16, 8,25,17, 9,26,18,10,27,19,11), ( 1, 2)( 3,11,19,27,10,18,26, 9,17,25, 8,16,24, 7,15,23, 6,14,
         22, 5,13,21, 4,12,20) ], [ ( 1, 2)( 3, 5, 7, 9,11,13,15,17,19,21,23,25,27, 4, 6, 8,10,12,14,16,18,20,22,24,26), 
      ( 1, 2)( 3,26,24,22,20,18,16,14,12,10, 8, 6, 4,27,25,23,21,19,17,15,13,11, 9, 7, 5) ], 
  [ ( 1, 2)( 3,15,27,14,26,13,25,12,24,11,23,10,22, 9,21, 8,20, 7,19, 6,18, 5,17, 4,16), ( 1, 2)( 3,16, 4,17, 5,18, 6,19, 7,20, 8,21, 9,22,10,23,11,24,
         12,25,13,26,14,27,15) ], [ ( 1, 2)( 3,22,16,10, 4,23,17,11, 5,24,18,12, 6,25,19,13, 7,26,20,14, 8,27,21,15, 9), 
      ( 1, 2)( 3, 9,15,21,27, 8,14,20,26, 7,13,19,25, 6,12,18,24, 5,11,17,23, 4,10,16,22) ], 
  [ ( 1, 2)( 3, 7,11,15,19,23,27, 6,10,14,18,22,26, 5, 9,13,17,21,25, 4, 8,12,16,20,24), ( 1, 2)( 3,24,20,16,12, 8, 4,25,21,17,13, 9, 5,26,22,18,14,10,
          6,27,23,19,15,11, 7) ], [ ( 1, 2)( 3,17, 6,20, 9,23,12,26,15, 4,18, 7,21,10,24,13,27,16, 5,19, 8,22,11,25,14), 
      ( 1, 2)( 3,14,25,11,22, 8,19, 5,16,27,13,24,10,21, 7,18, 4,15,26,12,23, 9,20, 6,17) ], 
  [ ( 1, 2)( 3,27,26,25,24,23,22,21,20,19,18,17,16,15,14,13,12,11,10, 9, 8, 7, 6, 5, 4), ( 1, 2)( 3, 4, 5, 6, 7, 8, 9,10,11,12,13,14,15,16,17,18,19,20,
         21,22,23,24,25,26,27) ], [ ( 1, 2)( 3,12,21, 5,14,23, 7,16,25, 9,18,27,11,20, 4,13,22, 6,15,24, 8,17,26,10,19), 
      ( 1, 2)( 3,19,10,26,17, 8,24,15, 6,22,13, 4,20,11,27,18, 9,25,16, 7,23,14, 5,21,12) ], 
  [ ( 1, 2)( 3,19,10,26,17, 8,24,15, 6,22,13, 4,20,11,27,18, 9,25,16, 7,23,14, 5,21,12), ( 1, 2)( 3,12,21, 5,14,23, 7,16,25, 9,18,27,11,20, 4,13,22, 6,
         15,24, 8,17,26,10,19) ], [ ( 1, 2)( 3, 4, 5, 6, 7, 8, 9,10,11,12,13,14,15,16,17,18,19,20,21,22,23,24,25,26,27), 
      ( 1, 2)( 3,27,26,25,24,23,22,21,20,19,18,17,16,15,14,13,12,11,10, 9, 8, 7, 6, 5, 4) ], 
  [ ( 1, 2)( 3,14,25,11,22, 8,19, 5,16,27,13,24,10,21, 7,18, 4,15,26,12,23, 9,20, 6,17), ( 1, 2)( 3,17, 6,20, 9,23,12,26,15, 4,18, 7,21,10,24,13,27,16,
          5,19, 8,22,11,25,14) ], [ ( 1, 2)( 3,24,20,16,12, 8, 4,25,21,17,13, 9, 5,26,22,18,14,10, 6,27,23,19,15,11, 7), 
      ( 1, 2)( 3, 7,11,15,19,23,27, 6,10,14,18,22,26, 5, 9,13,17,21,25, 4, 8,12,16,20,24) ], 
  [ ( 1, 2)( 3, 9,15,21,27, 8,14,20,26, 7,13,19,25, 6,12,18,24, 5,11,17,23, 4,10,16,22), ( 1, 2)( 3,22,16,10, 4,23,17,11, 5,24,18,12, 6,25,19,13, 7,26,
         20,14, 8,27,21,15, 9) ], [ ( 1, 2)( 3,16, 4,17, 5,18, 6,19, 7,20, 8,21, 9,22,10,23,11,24,12,25,13,26,14,27,15), 
      ( 1, 2)( 3,15,27,14,26,13,25,12,24,11,23,10,22, 9,21, 8,20, 7,19, 6,18, 5,17, 4,16) ], 
  [ ( 1, 2)( 3,26,24,22,20,18,16,14,12,10, 8, 6, 4,27,25,23,21,19,17,15,13,11, 9, 7, 5), ( 1, 2)( 3, 5, 7, 9,11,13,15,17,19,21,23,25,27, 4, 6, 8,10,12,
         14,16,18,20,22,24,26) ], [ ( 1, 2)( 3,11,19,27,10,18,26, 9,17,25, 8,16,24, 7,15,23, 6,14,22, 5,13,21, 4,12,20), 
      ( 1, 2)( 3,20,12, 4,21,13, 5,22,14, 6,23,15, 7,24,16, 8,25,17, 9,26,18,10,27,19,11) ], 
  [ ( 1, 2)( 3,21,14, 7,25,18,11, 4,22,15, 8,26,19,12, 5,23,16, 9,27,20,13, 6,24,17,10), ( 1, 2)( 3,10,17,24, 6,13,20,27, 9,16,23, 5,12,19,26, 8,15,22,
          4,11,18,25, 7,14,21) ], [ ( 1, 2)( 3, 6, 9,12,15,18,21,24,27, 5, 8,11,14,17,20,23,26, 4, 7,10,13,16,19,22,25), 
      ( 1, 2)( 3,25,22,19,16,13,10, 7, 4,26,23,20,17,14,11, 8, 5,27,24,21,18,15,12, 9, 6) ] ]
);

BRACES[50].brace[3] := rec ( size := 50, perms :=
[ [ (), () ], [ ( 3,13,23, 8,18)( 4,14,24, 9,19)( 5,15,25,10,20)( 6,16,26,11,21)( 7,17,27,12,22), ( 1,16,10, 6, 3)( 2,22,15, 9, 5)( 4,28,21,14, 8)( 7,34,27,20,13)
        (11,39,32,25,18)(12,40,33,26,19)(17,44,38,31,24)(23,47,43,37,30)(29,49,46,42,36)(35,50,48,45,41) ], 
  [ ( 3,23,18,13, 8)( 4,24,19,14, 9)( 5,25,20,15,10)( 6,26,21,16,11)( 7,27,22,17,12), ( 1,10, 3,16, 6)( 2,15, 5,22, 9)( 4,21, 8,28,14)( 7,27,13,34,20)
        (11,32,18,39,25)(12,33,19,40,26)(17,38,24,44,31)(23,43,30,47,37)(29,46,36,49,42)(35,48,41,50,45) ], 
  [ ( 3, 8,13,18,23)( 4, 9,14,19,24)( 5,10,15,20,25)( 6,11,16,21,26)( 7,12,17,22,27), ( 1, 6,16, 3,10)( 2, 9,22, 5,15)( 4,14,28, 8,21)( 7,20,34,13,27)
        (11,25,39,18,32)(12,26,40,19,33)(17,31,44,24,38)(23,37,47,30,43)(29,42,49,36,46)(35,45,50,41,48) ], 
  [ ( 3,18, 8,23,13)( 4,19, 9,24,14)( 5,20,10,25,15)( 6,21,11,26,16)( 7,22,12,27,17), ( 1, 3, 6,10,16)( 2, 5, 9,15,22)( 4, 8,14,21,28)( 7,13,20,27,34)
        (11,18,25,32,39)(12,19,26,33,40)(17,24,31,38,44)(23,30,37,43,47)(29,36,42,46,49)(35,41,45,48,50) ], 
  [ ( 3,25,22,19,16,13,10, 7, 4,26,23,20,17,14,11, 8, 5,27,24,21,18,15,12, 9, 6), ( 1,40,34,28,22,16,33,27,21,15,10,26,20,14, 9, 6,19,13, 8, 5, 3,12, 7, 4, 2)
        (11,50,49,47,44,39,48,46,43,38,32,45,42,37,31,25,41,36,30,24,18,35,29,23,17) ], 
  [ ( 3,10,17,24, 6,13,20,27, 9,16,23, 5,12,19,26, 8,15,22, 4,11,18,25, 7,14,21), ( 1,33,20, 8, 2,16,26,13, 4,22,10,19, 7,28,15, 6,12,34,21, 9, 3,40,27,14, 5)
        (11,48,42,30,17,39,45,36,23,44,32,41,29,47,38,25,35,49,43,31,18,50,46,37,24) ], 
  [ ( 3,20,12, 4,21,13, 5,22,14, 6,23,15, 7,24,16, 8,25,17, 9,26,18,10,27,19,11), ( 1,26, 7,21, 5,16,19,34,14, 2,10,12,27, 8,22, 6,40,20, 4,15, 3,33,13,28, 9)
        (11,45,29,43,24,39,41,49,37,17,32,35,46,30,44,25,50,42,23,38,18,48,36,47,31) ], 
  [ ( 3, 5, 7, 9,11,13,15,17,19,21,23,25,27, 4, 6, 8,10,12,14,16,18,20,22,24,26), ( 1,19,27, 4, 9,16,12,20,28, 5,10,40,13,21, 2, 6,33, 7,14,22, 3,26,34, 8,15)
        (11,41,46,23,31,39,35,42,47,24,32,50,36,43,17,25,48,29,37,44,18,45,49,30,38) ], 
  [ ( 3,15,27,14,26,13,25,12,24,11,23,10,22, 9,21, 8,20, 7,19, 6,18, 5,17, 4,16), ( 1,12,13,14,15,16,40, 7, 8, 9,10,33,34, 4, 5, 6,26,27,28, 2, 3,19,20,21,22)
        (11,35,36,37,38,39,50,29,30,31,32,48,49,23,24,25,45,46,47,17,18,41,42,43,44) ], 
  [ ( 3,22,16,10, 4,23,17,11, 5,24,18,12, 6,25,19,13, 7,26,20,14, 8,27,21,15, 9), ( 1,34,22,33,21,10,20, 9,19, 8, 3, 7, 2,40,28,16,27,15,26,14, 6,13, 5,12, 4)
        (11,49,44,48,43,32,42,31,41,30,18,29,17,50,47,39,46,38,45,37,25,36,24,35,23) ], 
  [ ( 3, 7,11,15,19,23,27, 6,10,14,18,22,26, 5, 9,13,17,21,25, 4, 8,12,16,20,24), ( 1,27, 9,12,28,10,13, 2,33,14, 3,34,15,19, 4,16,20, 5,40,21, 6, 7,22,26, 8)
        (11,46,31,35,47,32,36,17,48,37,18,49,38,41,23,39,42,24,50,43,25,29,44,45,30) ], 
  [ ( 3,17, 6,20, 9,23,12,26,15, 4,18, 7,21,10,24,13,27,16, 5,19, 8,22,11,25,14), ( 1,20, 2,26, 4,10, 7,15,12,21, 3,27, 5,33, 8,16,13,22,19,28, 6,34, 9,40,14)
        (11,42,17,45,23,32,29,38,35,43,18,46,24,48,30,39,36,44,41,47,25,49,31,50,37) ], 
  [ ( 3,27,26,25,24,23,22,21,20,19,18,17,16,15,14,13,12,11,10, 9, 8, 7, 6, 5, 4), ( 1,13,15,40, 8,10,34, 5,26,28, 3,20,22,12,14,16, 7, 9,33, 4, 6,27, 2,19,21)
        (11,36,38,50,30,32,49,24,45,47,18,42,44,35,37,39,29,31,48,23,25,46,17,41,43) ], 
  [ ( 3,12,21, 5,14,23, 7,16,25, 9,18,27,11,20, 4,13,22, 6,15,24, 8,17,26,10,19), ( 1, 7, 5,19,14,10,27,22,40, 4, 3,13, 9,26,21,16,34, 2,12, 8, 6,20,15,33,28)
        (11,29,24,41,37,32,46,44,50,23,18,36,31,45,43,39,49,17,35,30,25,42,38,48,47) ], 
  [ ( 3,19,10,26,17, 8,24,15, 6,22,13, 4,20,11,27,18, 9,25,16, 7,23,14, 5,21,12), ( 1,28,33,15,20, 6, 8,12, 2,34,16,21,26, 9,13, 3, 4,40,22,27,10,14,19, 5, 7)
        (11,47,48,38,42,25,30,35,17,49,39,43,45,31,36,18,23,50,44,46,32,37,41,24,29) ], 
  [ ( 3, 4, 5, 6, 7, 8, 9,10,11,12,13,14,15,16,17,18,19,20,21,22,23,24,25,26,27), ( 1,21,19, 2,27, 6, 4,33, 9, 7,16,14,12,22,20, 3,28,26, 5,34,10, 8,40,15,13)
        (11,43,41,17,46,25,23,48,31,29,39,37,35,44,42,18,47,45,24,49,32,30,50,38,36) ], 
  [ ( 3,14,25,11,22, 8,19, 5,16,27,13,24,10,21, 7,18, 4,15,26,12,23, 9,20, 6,17), ( 1,14,40, 9,34, 6,28,19,22,13,16, 8,33, 5,27, 3,21,12,15, 7,10, 4,26, 2,20)
        (11,37,50,31,49,25,47,41,44,36,39,30,48,24,46,18,43,35,38,29,32,23,45,17,42) ], 
  [ ( 3,24,20,16,12, 8, 4,25,21,17,13, 9, 5,26,22,18,14,10, 6,27,23,19,15,11, 7), ( 1, 8,26,22, 7, 6,21,40, 5,20,16, 4,19,15,34, 3,14,33, 2,13,10,28,12, 9,27)
        (11,30,45,44,29,25,43,50,24,42,39,23,41,38,49,18,37,48,17,36,32,47,35,31,46) ], 
  [ ( 3, 9,15,21,27, 8,14,20,26, 7,13,19,25, 6,12,18,24, 5,11,17,23, 4,10,16,22), ( 1, 4,12, 5,13, 6,14,26,15,27,16,28,40, 2, 7, 3, 8,19, 9,20,10,21,33,22,34)
        (11,23,35,24,36,25,37,45,38,46,39,47,50,17,29,18,30,41,31,42,32,43,48,44,49) ], 
  [ ( 3,16, 4,17, 5,18, 6,19, 7,20, 8,21, 9,22,10,23,11,24,12,25,13,26,14,27,15), ( 1,22,21,20,19, 3, 2,28,27,26, 6, 5, 4,34,33,10, 9, 8, 7,40,16,15,14,13,12)
        (11,44,43,42,41,18,17,47,46,45,25,24,23,49,48,32,31,30,29,50,39,38,37,36,35) ], 
  [ ( 3,26,24,22,20,18,16,14,12,10, 8, 6, 4,27,25,23,21,19,17,15,13,11, 9, 7, 5), ( 1,15, 8,34,26, 3,22,14, 7,33, 6, 2,21,13,40,10, 5,28,20,12,16, 9, 4,27,19)
        (11,38,30,49,45,18,44,37,29,48,25,17,43,36,50,32,24,47,42,35,39,31,23,46,41) ], 
  [ ( 3,11,19,27,10,18,26, 9,17,25, 8,16,24, 7,15,23, 6,14,22, 5,13,21, 4,12,20), ( 1, 9,28,13,33, 3,15, 4,20,40, 6,22, 8,27,12,10, 2,14,34,19,16, 5,21, 7,26)
        (11,31,47,36,48,18,38,23,42,50,25,44,30,46,35,32,17,37,49,41,39,24,43,29,45) ], 
  [ ( 3,21,14, 7,25,18,11, 4,22,15, 8,26,19,12, 5,23,16, 9,27,20,13, 6,24,17,10), ( 1, 5,14,27,40, 3, 9,21,34,12, 6,15,28, 7,19,10,22, 4,13,26,16, 2, 8,20,33)
        (11,24,37,46,50,18,31,43,49,35,25,38,47,29,41,32,44,23,36,45,39,17,30,42,48) ], 
  [ ( 3, 6, 9,12,15,18,21,24,27, 5, 8,11,14,17,20,23,26, 4, 7,10,13,16,19,22,25), ( 1, 2, 4, 7,12, 3, 5, 8,13,19, 6, 9,14,20,26,10,15,21,27,33,16,22,28,34,40)
        (11,17,23,29,35,18,24,30,36,41,25,31,37,42,45,32,38,43,46,48,39,44,47,49,50) ], 
  [ (1,2), ( 1,11)( 2,50)( 3,39)( 4,49)( 5,48)( 6,32)( 7,47)( 8,46)( 9,45)(10,25)(12,44)(13,43)(14,42)(15,41)(16,18)(17,40)(19,38)(20,37)(21,36)
        (22,35)(23,34)(24,33)(26,31)(27,30)(28,29) ], [ ( 1, 2)( 3,13,23, 8,18)( 4,14,24, 9,19)( 5,15,25,10,20)( 6,16,26,11,21)( 7,17,27,12,22), 
      ( 1,39)( 2,48)( 3,32)( 4,46)( 5,45)( 6,25)( 7,43)( 8,42)( 9,41)(10,18)(11,16)(12,38)(13,37)(14,36)(15,35)(17,33)(19,31)(20,30)(21,29)(22,50)
        (23,27)(24,26)(28,49)(34,47)(40,44) ], [ ( 1, 2)( 3,23,18,13, 8)( 4,24,19,14, 9)( 5,25,20,15,10)( 6,26,21,16,11)( 7,27,22,17,12), 
      ( 1,32)( 2,45)( 3,25)( 4,42)( 5,41)( 6,18)( 7,37)( 8,36)( 9,35)(10,11)(12,31)(13,30)(14,29)(15,50)(16,39)(17,26)(19,24)(20,23)(21,49)(22,48)
        (27,47)(28,46)(33,44)(34,43)(38,40) ], [ ( 1, 2)( 3, 8,13,18,23)( 4, 9,14,19,24)( 5,10,15,20,25)( 6,11,16,21,26)( 7,12,17,22,27), 
      ( 1,25)( 2,41)( 3,18)( 4,36)( 5,35)( 6,11)( 7,30)( 8,29)( 9,50)(10,39)(12,24)(13,23)(14,49)(15,48)(16,32)(17,19)(20,47)(21,46)(22,45)(26,44)
        (27,43)(28,42)(31,40)(33,38)(34,37) ], [ ( 1, 2)( 3,18, 8,23,13)( 4,19, 9,24,14)( 5,20,10,25,15)( 6,21,11,26,16)( 7,22,12,27,17), 
      ( 1,18)( 2,35)( 3,11)( 4,29)( 5,50)( 6,39)( 7,23)( 8,49)( 9,48)(10,32)(12,17)(13,47)(14,46)(15,45)(16,25)(19,44)(20,43)(21,42)(22,41)(24,40)
        (26,38)(27,37)(28,36)(30,34)(31,33) ], [ ( 1, 2)( 3,25,22,19,16,13,10, 7, 4,26,23,20,17,14,11, 8, 5,27,24,21,18,15,12, 9, 6), 
      ( 1,50)( 2,49)( 3,48)( 4,47)( 5,46)( 6,45)( 7,44)( 8,43)( 9,42)(10,41)(11,40)(12,39)(13,38)(14,37)(15,36)(16,35)(17,34)(18,33)(19,32)(20,31)
        (21,30)(22,29)(23,28)(24,27)(25,26) ], [ ( 1, 2)( 3,10,17,24, 6,13,20,27, 9,16,23, 5,12,19,26, 8,15,22, 4,11,18,25, 7,14,21), 
      ( 1,48)( 2,46)( 3,45)( 4,43)( 5,42)( 6,41)( 7,38)( 8,37)( 9,36)(10,35)(11,33)(12,32)(13,31)(14,30)(15,29)(16,50)(17,27)(18,26)(19,25)(20,24)
        (21,23)(22,49)(28,47)(34,44)(39,40) ], [ ( 1, 2)( 3,20,12, 4,21,13, 5,22,14, 6,23,15, 7,24,16, 8,25,17, 9,26,18,10,27,19,11), 
      ( 1,45)( 2,42)( 3,41)( 4,37)( 5,36)( 6,35)( 7,31)( 8,30)( 9,29)(10,50)(11,26)(12,25)(13,24)(14,23)(15,49)(16,48)(17,20)(18,19)(21,47)(22,46)
        (27,44)(28,43)(32,40)(33,39)(34,38) ], [ ( 1, 2)( 3, 5, 7, 9,11,13,15,17,19,21,23,25,27, 4, 6, 8,10,12,14,16,18,20,22,24,26), 
      ( 1,41)( 2,36)( 3,35)( 4,30)( 5,29)( 6,50)( 7,24)( 8,23)( 9,49)(10,48)(11,19)(12,18)(13,17)(14,47)(15,46)(16,45)(20,44)(21,43)(22,42)(25,40)
        (26,39)(27,38)(28,37)(31,34)(32,33) ], [ ( 1, 2)( 3,15,27,14,26,13,25,12,24,11,23,10,22, 9,21, 8,20, 7,19, 6,18, 5,17, 4,16), 
      ( 1,35)( 2,29)( 3,50)( 4,23)( 5,49)( 6,48)( 7,17)( 8,47)( 9,46)(10,45)(11,12)(13,44)(14,43)(15,42)(16,41)(18,40)(19,39)(20,38)(21,37)(22,36)
        (24,34)(25,33)(26,32)(27,31)(28,30) ], [ ( 1, 2)( 3,22,16,10, 4,23,17,11, 5,24,18,12, 6,25,19,13, 7,26,20,14, 8,27,21,15, 9), 
      ( 1,49)( 2,47)( 3,46)( 4,44)( 5,43)( 6,42)( 7,39)( 8,38)( 9,37)(10,36)(11,34)(12,48)(13,32)(14,31)(15,30)(16,29)(17,28)(18,27)(19,45)(20,25)
        (21,24)(22,23)(26,41)(33,35)(40,50) ], [ ( 1, 2)( 3, 7,11,15,19,23,27, 6,10,14,18,22,26, 5, 9,13,17,21,25, 4, 8,12,16,20,24), 
      ( 1,46)( 2,43)( 3,42)( 4,38)( 5,37)( 6,36)( 7,32)( 8,31)( 9,30)(10,29)(11,27)(12,45)(13,25)(14,24)(15,23)(16,49)(17,21)(18,20)(19,41)(22,47)
        (26,35)(28,44)(33,50)(34,39)(40,48) ], [ ( 1, 2)( 3,17, 6,20, 9,23,12,26,15, 4,18, 7,21,10,24,13,27,16, 5,19, 8,22,11,25,14), 
      ( 1,42)( 2,37)( 3,36)( 4,31)( 5,30)( 6,29)( 7,25)( 8,24)( 9,23)(10,49)(11,20)(12,41)(13,18)(14,17)(15,47)(16,46)(19,35)(21,44)(22,43)(26,50)
        (27,39)(28,38)(32,34)(33,48)(40,45) ], [ ( 1, 2)( 3,27,26,25,24,23,22,21,20,19,18,17,16,15,14,13,12,11,10, 9, 8, 7, 6, 5, 4), 
      ( 1,36)( 2,30)( 3,29)( 4,24)( 5,23)( 6,49)( 7,18)( 8,17)( 9,47)(10,46)(11,13)(12,35)(14,44)(15,43)(16,42)(19,50)(20,39)(21,38)(22,37)(25,34)
        (26,48)(27,32)(28,31)(33,45)(40,41) ], [ ( 1, 2)( 3,12,21, 5,14,23, 7,16,25, 9,18,27,11,20, 4,13,22, 6,15,24, 8,17,26,10,19), 
      ( 1,29)( 2,23)( 3,49)( 4,17)( 5,47)( 6,46)( 7,11)( 8,44)( 9,43)(10,42)(12,50)(13,39)(14,38)(15,37)(16,36)(18,34)(19,48)(20,32)(21,31)(22,30)
        (24,28)(25,27)(26,45)(33,41)(35,40) ], [ ( 1, 2)( 3,19,10,26,17, 8,24,15, 6,22,13, 4,20,11,27,18, 9,25,16, 7,23,14, 5,21,12), 
      ( 1,47)( 2,44)( 3,43)( 4,39)( 5,38)( 6,37)( 7,48)( 8,32)( 9,31)(10,30)(11,28)(12,46)(13,45)(14,25)(15,24)(16,23)(17,22)(18,21)(19,42)(20,41)
        (26,36)(27,35)(29,33)(34,50)(40,49) ], [ ( 1, 2)( 3, 4, 5, 6, 7, 8, 9,10,11,12,13,14,15,16,17,18,19,20,21,22,23,24,25,26,27), 
      ( 1,43)( 2,38)( 3,37)( 4,32)( 5,31)( 6,30)( 7,45)( 8,25)( 9,24)(10,23)(11,21)(12,42)(13,41)(14,18)(15,17)(16,47)(19,36)(20,35)(22,44)(26,29)
        (27,50)(28,39)(33,49)(34,48)(40,46) ], [ ( 1, 2)( 3,14,25,11,22, 8,19, 5,16,27,13,24,10,21, 7,18, 4,15,26,12,23, 9,20, 6,17), 
      ( 1,37)( 2,31)( 3,30)( 4,25)( 5,24)( 6,23)( 7,41)( 8,18)( 9,17)(10,47)(11,14)(12,36)(13,35)(15,44)(16,43)(19,29)(20,50)(21,39)(22,38)(26,49)
        (27,48)(28,32)(33,46)(34,45)(40,42) ], [ ( 1, 2)( 3,24,20,16,12, 8, 4,25,21,17,13, 9, 5,26,22,18,14,10, 6,27,23,19,15,11, 7), 
      ( 1,30)( 2,24)( 3,23)( 4,18)( 5,17)( 6,47)( 7,35)( 8,11)( 9,44)(10,43)(12,29)(13,50)(14,39)(15,38)(16,37)(19,49)(20,48)(21,32)(22,31)(25,28)
        (26,46)(27,45)(33,42)(34,41)(36,40) ], [ ( 1, 2)( 3, 9,15,21,27, 8,14,20,26, 7,13,19,25, 6,12,18,24, 5,11,17,23, 4,10,16,22), 
      ( 1,23)( 2,17)( 3,47)( 4,11)( 5,44)( 6,43)( 7,50)( 8,39)( 9,38)(10,37)(12,49)(13,48)(14,32)(15,31)(16,30)(18,28)(19,46)(20,45)(21,25)(22,24)
        (26,42)(27,41)(29,40)(33,36)(34,35) ], [ ( 1, 2)( 3,16, 4,17, 5,18, 6,19, 7,20, 8,21, 9,22,10,23,11,24,12,25,13,26,14,27,15), 
      ( 1,44)( 2,39)( 3,38)( 4,48)( 5,32)( 6,31)( 7,46)( 8,45)( 9,25)(10,24)(11,22)(12,43)(13,42)(14,41)(15,18)(16,17)(19,37)(20,36)(21,35)(23,33)
        (26,30)(27,29)(28,50)(34,49)(40,47) ], [ ( 1, 2)( 3,26,24,22,20,18,16,14,12,10, 8, 6, 4,27,25,23,21,19,17,15,13,11, 9, 7, 5), 
      ( 1,38)( 2,32)( 3,31)( 4,45)( 5,25)( 6,24)( 7,42)( 8,41)( 9,18)(10,17)(11,15)(12,37)(13,36)(14,35)(16,44)(19,30)(20,29)(21,50)(22,39)(23,26)
        (27,49)(28,48)(33,47)(34,46)(40,43) ], [ ( 1, 2)( 3,11,19,27,10,18,26, 9,17,25, 8,16,24, 7,15,23, 6,14,22, 5,13,21, 4,12,20), 
      ( 1,31)( 2,25)( 3,24)( 4,41)( 5,18)( 6,17)( 7,36)( 8,35)( 9,11)(10,44)(12,30)(13,29)(14,50)(15,39)(16,38)(19,23)(20,49)(21,48)(22,32)(26,47)
        (27,46)(28,45)(33,43)(34,42)(37,40) ], [ ( 1, 2)( 3,21,14, 7,25,18,11, 4,22,15, 8,26,19,12, 5,23,16, 9,27,20,13, 6,24,17,10), 
      ( 1,24)( 2,18)( 3,17)( 4,35)( 5,11)( 6,44)( 7,29)( 8,50)( 9,39)(10,38)(12,23)(13,49)(14,48)(15,32)(16,31)(19,47)(20,46)(21,45)(22,25)(26,43)
        (27,42)(28,41)(30,40)(33,37)(34,36) ], [ ( 1, 2)( 3, 6, 9,12,15,18,21,24,27, 5, 8,11,14,17,20,23,26, 4, 7,10,13,16,19,22,25), 
      ( 1,17)( 2,11)( 3,44)( 4,50)( 5,39)( 6,38)( 7,49)( 8,48)( 9,32)(10,31)(12,47)(13,46)(14,45)(15,25)(16,24)(18,22)(19,43)(20,42)(21,41)(23,40)
        (26,37)(27,36)(28,35)(29,34)(30,33) ] ]
);

BRACES[50].brace[4] := rec ( size := 50, perms :=
[ [ (), () ], [ ( 1,26)( 2,27)( 3,28)( 4,29)( 5,30)( 6,31)( 7,32)( 8,33)( 9,34)(10,35)(11,36)(12,37)(13,38)(14,39)(15,40)(16,41)(17,42)(18,43)(19,44)
        (20,45)(21,46)(22,47)(23,48)(24,49)(25,50), ( 1,26)( 2,30)( 3,29)( 4,28)( 5,27)( 6,46)( 7,50)( 8,49)( 9,48)(10,47)(11,41)(12,45)(13,44)(14,43)(15,42)(16,36)
        (17,40)(18,39)(19,38)(20,37)(21,31)(22,35)(23,34)(24,33)(25,32) ], 
  [ ( 1,24,17,15, 8)( 2,25,18,11, 9)( 3,21,19,12,10)( 4,22,20,13, 6)( 5,23,16,14, 7)(26,49,42,40,33)(27,50,43,36,34)(28,46,44,37,35)(29,47,45,38,31)
        (30,48,41,39,32), ( 1, 8,15,17,24)( 2, 9,11,18,25)( 3,10,12,19,21)( 4, 6,13,20,22)( 5, 7,14,16,23)(26,33,40,42,49)(27,34,36,43,50)(28,35,37,44,46)
        (29,31,38,45,47)(30,32,39,41,48) ], 
  [ ( 1,49,17,40, 8,26,24,42,15,33)( 2,50,18,36, 9,27,25,43,11,34)( 3,46,19,37,10,28,21,44,12,35)( 4,47,20,38, 6,29,22,45,13,31)( 5,48,16,39, 7,30,23,41,14,32), 
      ( 1,33)( 2,32)( 3,31)( 4,35)( 5,34)( 6,28)( 7,27)( 8,26)( 9,30)(10,29)(11,48)(12,47)(13,46)(14,50)(15,49)(16,43)(17,42)(18,41)(19,45)(20,44)(21,38)
        (22,37)(23,36)(24,40)(25,39) ], [ ( 1,17, 8,24,15)( 2,18, 9,25,11)( 3,19,10,21,12)( 4,20, 6,22,13)( 5,16, 7,23,14)(26,42,33,49,40)(27,43,34,50,36)
        (28,44,35,46,37)(29,45,31,47,38)(30,41,32,48,39), ( 1,15,24, 8,17)( 2,11,25, 9,18)( 3,12,21,10,19)( 4,13,22, 6,20)( 5,14,23, 7,16)(26,40,49,33,42)
        (27,36,50,34,43)(28,37,46,35,44)(29,38,47,31,45)(30,39,48,32,41) ], 
  [ ( 1,42, 8,49,15,26,17,33,24,40)( 2,43, 9,50,11,27,18,34,25,36)( 3,44,10,46,12,28,19,35,21,37)( 4,45, 6,47,13,29,20,31,22,38)( 5,41, 7,48,14,30,16,32,23,39), 
      ( 1,40)( 2,39)( 3,38)( 4,37)( 5,36)( 6,35)( 7,34)( 8,33)( 9,32)(10,31)(11,30)(12,29)(13,28)(14,27)(15,26)(16,50)(17,49)(18,48)(19,47)(20,46)(21,45)
        (22,44)(23,43)(24,42)(25,41) ], [ ( 1,15,24, 8,17)( 2,11,25, 9,18)( 3,12,21,10,19)( 4,13,22, 6,20)( 5,14,23, 7,16)(26,40,49,33,42)(27,36,50,34,43)
        (28,37,46,35,44)(29,38,47,31,45)(30,39,48,32,41), ( 1,17, 8,24,15)( 2,18, 9,25,11)( 3,19,10,21,12)( 4,20, 6,22,13)( 5,16, 7,23,14)(26,42,33,49,40)
        (27,43,34,50,36)(28,44,35,46,37)(29,45,31,47,38)(30,41,32,48,39) ], 
  [ ( 1,40,24,33,17,26,15,49, 8,42)( 2,36,25,34,18,27,11,50, 9,43)( 3,37,21,35,19,28,12,46,10,44)( 4,38,22,31,20,29,13,47, 6,45)( 5,39,23,32,16,30,14,48, 7,41), 
      ( 1,42)( 2,41)( 3,45)( 4,44)( 5,43)( 6,37)( 7,36)( 8,40)( 9,39)(10,38)(11,32)(12,31)(13,35)(14,34)(15,33)(16,27)(17,26)(18,30)(19,29)(20,28)(21,47)
        (22,46)(23,50)(24,49)(25,48) ], [ ( 1, 8,15,17,24)( 2, 9,11,18,25)( 3,10,12,19,21)( 4, 6,13,20,22)( 5, 7,14,16,23)(26,33,40,42,49)(27,34,36,43,50)
        (28,35,37,44,46)(29,31,38,45,47)(30,32,39,41,48), ( 1,24,17,15, 8)( 2,25,18,11, 9)( 3,21,19,12,10)( 4,22,20,13, 6)( 5,23,16,14, 7)(26,49,42,40,33)
        (27,50,43,36,34)(28,46,44,37,35)(29,47,45,38,31)(30,48,41,39,32) ], 
  [ ( 1,33,15,42,24,26, 8,40,17,49)( 2,34,11,43,25,27, 9,36,18,50)( 3,35,12,44,21,28,10,37,19,46)( 4,31,13,45,22,29, 6,38,20,47)( 5,32,14,41,23,30, 7,39,16,48), 
      ( 1,49)( 2,48)( 3,47)( 4,46)( 5,50)( 6,44)( 7,43)( 8,42)( 9,41)(10,45)(11,39)(12,38)(13,37)(14,36)(15,40)(16,34)(17,33)(18,32)(19,31)(20,35)(21,29)
        (22,28)(23,27)(24,26)(25,30) ], [ ( 1,21,16,11, 6)( 2,22,17,12, 7)( 3,23,18,13, 8)( 4,24,19,14, 9)( 5,25,20,15,10)(26,46,41,36,31)(27,47,42,37,32)
        (28,48,43,38,33)(29,49,44,39,34)(30,50,45,40,35), ( 1, 6,11,16,21)( 2, 7,12,17,22)( 3, 8,13,18,23)( 4, 9,14,19,24)( 5,10,15,20,25)(26,31,36,41,46)
        (27,32,37,42,47)(28,33,38,43,48)(29,34,39,44,49)(30,35,40,45,50) ], 
  [ ( 1,46,16,36, 6,26,21,41,11,31)( 2,47,17,37, 7,27,22,42,12,32)( 3,48,18,38, 8,28,23,43,13,33)( 4,49,19,39, 9,29,24,44,14,34)( 5,50,20,40,10,30,25,45,15,35), 
      ( 1,31)( 2,35)( 3,34)( 4,33)( 5,32)( 6,26)( 7,30)( 8,29)( 9,28)(10,27)(11,46)(12,50)(13,49)(14,48)(15,47)(16,41)(17,45)(18,44)(19,43)(20,42)(21,36)
        (22,40)(23,39)(24,38)(25,37) ], [ ( 1,19, 7,25,13)( 2,20, 8,21,14)( 3,16, 9,22,15)( 4,17,10,23,11)( 5,18, 6,24,12)(26,44,32,50,38)(27,45,33,46,39)
        (28,41,34,47,40)(29,42,35,48,36)(30,43,31,49,37), ( 1,13,25, 7,19)( 2,14,21, 8,20)( 3,15,22, 9,16)( 4,11,23,10,17)( 5,12,24, 6,18)(26,38,50,32,44)
        (27,39,46,33,45)(28,40,47,34,41)(29,36,48,35,42)(30,37,49,31,43) ], 
  [ ( 1,44, 7,50,13,26,19,32,25,38)( 2,45, 8,46,14,27,20,33,21,39)( 3,41, 9,47,15,28,16,34,22,40)( 4,42,10,48,11,29,17,35,23,36)( 5,43, 6,49,12,30,18,31,24,37), 
      ( 1,38)( 2,37)( 3,36)( 4,40)( 5,39)( 6,33)( 7,32)( 8,31)( 9,35)(10,34)(11,28)(12,27)(13,26)(14,30)(15,29)(16,48)(17,47)(18,46)(19,50)(20,49)(21,43)
        (22,42)(23,41)(24,45)(25,44) ], [ ( 1,12,23, 9,20)( 2,13,24,10,16)( 3,14,25, 6,17)( 4,15,21, 7,18)( 5,11,22, 8,19)(26,37,48,34,45)(27,38,49,35,41)
        (28,39,50,31,42)(29,40,46,32,43)(30,36,47,33,44), ( 1,20, 9,23,12)( 2,16,10,24,13)( 3,17, 6,25,14)( 4,18, 7,21,15)( 5,19, 8,22,11)(26,45,34,48,37)
        (27,41,35,49,38)(28,42,31,50,39)(29,43,32,46,40)(30,44,33,47,36) ], 
  [ ( 1,37,23,34,20,26,12,48, 9,45)( 2,38,24,35,16,27,13,49,10,41)( 3,39,25,31,17,28,14,50, 6,42)( 4,40,21,32,18,29,15,46, 7,43)( 5,36,22,33,19,30,11,47, 8,44), 
      ( 1,45)( 2,44)( 3,43)( 4,42)( 5,41)( 6,40)( 7,39)( 8,38)( 9,37)(10,36)(11,35)(12,34)(13,33)(14,32)(15,31)(16,30)(17,29)(18,28)(19,27)(20,26)(21,50)
        (22,49)(23,48)(24,47)(25,46) ], [ ( 1,10,14,18,22)( 2, 6,15,19,23)( 3, 7,11,20,24)( 4, 8,12,16,25)( 5, 9,13,17,21)(26,35,39,43,47)(27,31,40,44,48)
        (28,32,36,45,49)(29,33,37,41,50)(30,34,38,42,46), ( 1,22,18,14,10)( 2,23,19,15, 6)( 3,24,20,11, 7)( 4,25,16,12, 8)( 5,21,17,13, 9)(26,47,43,39,35)
        (27,48,44,40,31)(28,49,45,36,32)(29,50,41,37,33)(30,46,42,38,34) ], 
  [ ( 1,35,14,43,22,26,10,39,18,47)( 2,31,15,44,23,27, 6,40,19,48)( 3,32,11,45,24,28, 7,36,20,49)( 4,33,12,41,25,29, 8,37,16,50)( 5,34,13,42,21,30, 9,38,17,46), 
      ( 1,47)( 2,46)( 3,50)( 4,49)( 5,48)( 6,42)( 7,41)( 8,45)( 9,44)(10,43)(11,37)(12,36)(13,40)(14,39)(15,38)(16,32)(17,31)(18,35)(19,34)(20,33)(21,27)
        (22,26)(23,30)(24,29)(25,28) ], [ ( 1, 3, 5, 2, 4)( 6, 8,10, 7, 9)(11,13,15,12,14)(16,18,20,17,19)(21,23,25,22,24)(26,28,30,27,29)(31,33,35,32,34)
        (36,38,40,37,39)(41,43,45,42,44)(46,48,50,47,49), ( 1, 4, 2, 5, 3)( 6, 9, 7,10, 8)(11,14,12,15,13)(16,19,17,20,18)(21,24,22,25,23)(26,29,27,30,28)
        (31,34,32,35,33)(36,39,37,40,38)(41,44,42,45,43)(46,49,47,50,48) ], 
  [ ( 1,28, 5,27, 4,26, 3,30, 2,29)( 6,33,10,32, 9,31, 8,35, 7,34)(11,38,15,37,14,36,13,40,12,39)(16,43,20,42,19,41,18,45,17,44)(21,48,25,47,24,46,23,50,22,49), 
      ( 1,29)( 2,28)( 3,27)( 4,26)( 5,30)( 6,49)( 7,48)( 8,47)( 9,46)(10,50)(11,44)(12,43)(13,42)(14,41)(15,45)(16,39)(17,38)(18,37)(19,36)(20,40)(21,34)
        (22,33)(23,32)(24,31)(25,35) ], [ ( 1,16, 6,21,11)( 2,17, 7,22,12)( 3,18, 8,23,13)( 4,19, 9,24,14)( 5,20,10,25,15)(26,41,31,46,36)(27,42,32,47,37)
        (28,43,33,48,38)(29,44,34,49,39)(30,45,35,50,40), ( 1,11,21, 6,16)( 2,12,22, 7,17)( 3,13,23, 8,18)( 4,14,24, 9,19)( 5,15,25,10,20)(26,36,46,31,41)
        (27,37,47,32,42)(28,38,48,33,43)(29,39,49,34,44)(30,40,50,35,45) ], 
  [ ( 1,41, 6,46,11,26,16,31,21,36)( 2,42, 7,47,12,27,17,32,22,37)( 3,43, 8,48,13,28,18,33,23,38)( 4,44, 9,49,14,29,19,34,24,39)( 5,45,10,50,15,30,20,35,25,40), 
      ( 1,36)( 2,40)( 3,39)( 4,38)( 5,37)( 6,31)( 7,35)( 8,34)( 9,33)(10,32)(11,26)(12,30)(13,29)(14,28)(15,27)(16,46)(17,50)(18,49)(19,48)(20,47)(21,41)
        (22,45)(23,44)(24,43)(25,42) ], [ ( 1,14,22,10,18)( 2,15,23, 6,19)( 3,11,24, 7,20)( 4,12,25, 8,16)( 5,13,21, 9,17)(26,39,47,35,43)(27,40,48,31,44)
        (28,36,49,32,45)(29,37,50,33,41)(30,38,46,34,42), ( 1,18,10,22,14)( 2,19, 6,23,15)( 3,20, 7,24,11)( 4,16, 8,25,12)( 5,17, 9,21,13)(26,43,35,47,39)
        (27,44,31,48,40)(28,45,32,49,36)(29,41,33,50,37)(30,42,34,46,38) ], 
  [ ( 1,39,22,35,18,26,14,47,10,43)( 2,40,23,31,19,27,15,48, 6,44)( 3,36,24,32,20,28,11,49, 7,45)( 4,37,25,33,16,29,12,50, 8,41)( 5,38,21,34,17,30,13,46, 9,42), 
      ( 1,43)( 2,42)( 3,41)( 4,45)( 5,44)( 6,38)( 7,37)( 8,36)( 9,40)(10,39)(11,33)(12,32)(13,31)(14,35)(15,34)(16,28)(17,27)(18,26)(19,30)(20,29)(21,48)
        (22,47)(23,46)(24,50)(25,49) ], [ ( 1, 7,13,19,25)( 2, 8,14,20,21)( 3, 9,15,16,22)( 4,10,11,17,23)( 5, 6,12,18,24)(26,32,38,44,50)(27,33,39,45,46)
        (28,34,40,41,47)(29,35,36,42,48)(30,31,37,43,49), ( 1,25,19,13, 7)( 2,21,20,14, 8)( 3,22,16,15, 9)( 4,23,17,11,10)( 5,24,18,12, 6)(26,50,44,38,32)
        (27,46,45,39,33)(28,47,41,40,34)(29,48,42,36,35)(30,49,43,37,31) ], 
  [ ( 1,32,13,44,25,26, 7,38,19,50)( 2,33,14,45,21,27, 8,39,20,46)( 3,34,15,41,22,28, 9,40,16,47)( 4,35,11,42,23,29,10,36,17,48)( 5,31,12,43,24,30, 6,37,18,49), 
      ( 1,50)( 2,49)( 3,48)( 4,47)( 5,46)( 6,45)( 7,44)( 8,43)( 9,42)(10,41)(11,40)(12,39)(13,38)(14,37)(15,36)(16,35)(17,34)(18,33)(19,32)(20,31)(21,30)
        (22,29)(23,28)(24,27)(25,26) ], [ ( 1, 5, 4, 3, 2)( 6,10, 9, 8, 7)(11,15,14,13,12)(16,20,19,18,17)(21,25,24,23,22)(26,30,29,28,27)(31,35,34,33,32)
        (36,40,39,38,37)(41,45,44,43,42)(46,50,49,48,47), ( 1, 2, 3, 4, 5)( 6, 7, 8, 9,10)(11,12,13,14,15)(16,17,18,19,20)(21,22,23,24,25)(26,27,28,29,30)
        (31,32,33,34,35)(36,37,38,39,40)(41,42,43,44,45)(46,47,48,49,50) ], 
  [ ( 1,30, 4,28, 2,26, 5,29, 3,27)( 6,35, 9,33, 7,31,10,34, 8,32)(11,40,14,38,12,36,15,39,13,37)(16,45,19,43,17,41,20,44,18,42)(21,50,24,48,22,46,25,49,23,47), 
      ( 1,27)( 2,26)( 3,30)( 4,29)( 5,28)( 6,47)( 7,46)( 8,50)( 9,49)(10,48)(11,42)(12,41)(13,45)(14,44)(15,43)(16,37)(17,36)(18,40)(19,39)(20,38)(21,32)
        (22,31)(23,35)(24,34)(25,33) ], [ ( 1,23,20,12, 9)( 2,24,16,13,10)( 3,25,17,14, 6)( 4,21,18,15, 7)( 5,22,19,11, 8)(26,48,45,37,34)(27,49,41,38,35)
        (28,50,42,39,31)(29,46,43,40,32)(30,47,44,36,33), ( 1, 9,12,20,23)( 2,10,13,16,24)( 3, 6,14,17,25)( 4, 7,15,18,21)( 5, 8,11,19,22)(26,34,37,45,48)
