## size 102
BRACES[102] := rec( total := -1, implemented := 4, size := 102, brace := [] );
BRACES[102].brace[1] := rec ( size := 102, perms :=
[ [ (), () ], 
  [ ( 6, 9,12,15,18,21, 7,10,13,16,19,22, 8,11,14,17,20), 
      (  1, 90, 84, 78, 72, 66, 60, 54, 48, 42, 36, 30, 24, 18, 12,  7,  3)
        (  2, 95, 89, 83, 77, 71, 65, 59, 53, 47, 41, 35, 29, 23, 17, 11,  6)
        (  4, 98, 93, 87, 81, 75, 69, 63, 57, 51, 45, 39, 33, 27, 21, 15,  9)
        (  5, 99, 94, 88, 82, 76, 70, 64, 58, 52, 46, 40, 34, 28, 22, 16, 10)
        (  8,101, 97, 92, 86, 80, 74, 68, 62, 56, 50, 44, 38, 32, 26, 20, 14)
        ( 13,102,100, 96, 91, 85, 79, 73, 67, 61, 55, 49, 43, 37, 31, 25, 19) 
     ], 
  [ ( 6,12,18, 7,13,19, 8,14,20, 9,15,21,10,16,22,11,17), 
      (  1, 84, 72, 60, 48, 36, 24, 12,  3, 90, 78, 66, 54, 42, 30, 18,  7)
        (  2, 89, 77, 65, 53, 41, 29, 17,  6, 95, 83, 71, 59, 47, 35, 23, 11)
        (  4, 93, 81, 69, 57, 45, 33, 21,  9, 98, 87, 75, 63, 51, 39, 27, 15)
        (  5, 94, 82, 70, 58, 46, 34, 22, 10, 99, 88, 76, 64, 52, 40, 28, 16)
        (  8, 97, 86, 74, 62, 50, 38, 26, 14,101, 92, 80, 68, 56, 44, 32, 20)
        ( 13,100, 91, 79, 67, 55, 43, 31, 19,102, 96, 85, 73, 61, 49, 37, 25) 
     ], 
  [ ( 6,15, 7,16, 8,17, 9,18,10,19,11,20,12,21,13,22,14), 
      (  1, 78, 60, 42, 24,  7, 90, 72, 54, 36, 18,  3, 84, 66, 48, 30, 12)
        (  2, 83, 65, 47, 29, 11, 95, 77, 59, 41, 23,  6, 89, 71, 53, 35, 17)
        (  4, 87, 69, 51, 33, 15, 98, 81, 63, 45, 27,  9, 93, 75, 57, 39, 21)
        (  5, 88, 70, 52, 34, 16, 99, 82, 64, 46, 28, 10, 94, 76, 58, 40, 22)
        (  8, 92, 74, 56, 38, 20,101, 86, 68, 50, 32, 14, 97, 80, 62, 44, 26)
        ( 13, 96, 79, 61, 43, 25,102, 91, 73, 55, 37, 19,100, 85, 67, 49, 31) 
     ], 
  [ ( 6,18,13, 8,20,15,10,22,17,12, 7,19,14, 9,21,16,11), 
      (  1, 72, 48, 24,  3, 78, 54, 30,  7, 84, 60, 36, 12, 90, 66, 42, 18)
        (  2, 77, 53, 29,  6, 83, 59, 35, 11, 89, 65, 41, 17, 95, 71, 47, 23)
        (  4, 81, 57, 33,  9, 87, 63, 39, 15, 93, 69, 45, 21, 98, 75, 51, 27)
        (  5, 82, 58, 34, 10, 88, 64, 40, 16, 94, 70, 46, 22, 99, 76, 52, 28)
        (  8, 86, 62, 38, 14, 92, 68, 44, 20, 97, 74, 50, 26,101, 80, 56, 32)
        ( 13, 91, 67, 43, 19, 96, 73, 49, 25,100, 79, 55, 31,102, 85, 61, 37) 
     ], 
  [ ( 6,21,19,17,15,13,11, 9, 7,22,20,18,16,14,12,10, 8), 
      (  1, 66, 36,  7, 78, 48, 18, 90, 60, 30,  3, 72, 42, 12, 84, 54, 24)
        (  2, 71, 41, 11, 83, 53, 23, 95, 65, 35,  6, 77, 47, 17, 89, 59, 29)
        (  4, 75, 45, 15, 87, 57, 27, 98, 69, 39,  9, 81, 51, 21, 93, 63, 33)
        (  5, 76, 46, 16, 88, 58, 28, 99, 70, 40, 10, 82, 52, 22, 94, 64, 34)
        (  8, 80, 50, 20, 92, 62, 32,101, 74, 44, 14, 86, 56, 26, 97, 68, 38)
        ( 13, 85, 55, 25, 96, 67, 37,102, 79, 49, 19, 91, 61, 31,100, 73, 43) 
     ], 
  [ ( 6, 7, 8, 9,10,11,12,13,14,15,16,17,18,19,20,21,22), 
      (  1, 60, 24, 90, 54, 18, 84, 48, 12, 78, 42,  7, 72, 36,  3, 66, 30)
        (  2, 65, 29, 95, 59, 23, 89, 53, 17, 83, 47, 11, 77, 41,  6, 71, 35)
        (  4, 69, 33, 98, 63, 27, 93, 57, 21, 87, 51, 15, 81, 45,  9, 75, 39)
        (  5, 70, 34, 99, 64, 28, 94, 58, 22, 88, 52, 16, 82, 46, 10, 76, 40)
        (  8, 74, 38,101, 68, 32, 97, 62, 26, 92, 56, 20, 86, 50, 14, 80, 44)
        ( 13, 79, 43,102, 73, 37,100, 67, 31, 96, 61, 25, 91, 55, 19, 85, 49) 
     ], 
  [ ( 6,10,14,18,22, 9,13,17,21, 8,12,16,20, 7,11,15,19), 
      (  1, 54, 12, 72, 30, 90, 48,  7, 66, 24, 84, 42,  3, 60, 18, 78, 36)
        (  2, 59, 17, 77, 35, 95, 53, 11, 71, 29, 89, 47,  6, 65, 23, 83, 41)
        (  4, 63, 21, 81, 39, 98, 57, 15, 75, 33, 93, 51,  9, 69, 27, 87, 45)
        (  5, 64, 22, 82, 40, 99, 58, 16, 76, 34, 94, 52, 10, 70, 28, 88, 46)
        (  8, 68, 26, 86, 44,101, 62, 20, 80, 38, 97, 56, 14, 74, 32, 92, 50)
        ( 13, 73, 31, 91, 49,102, 67, 25, 85, 43,100, 61, 19, 79, 37, 96, 55) 
     ], 
  [ ( 6,13,20,10,17, 7,14,21,11,18, 8,15,22,12,19, 9,16), 
      (  1, 48,  3, 54,  7, 60, 12, 66, 18, 72, 24, 78, 30, 84, 36, 90, 42)
        (  2, 53,  6, 59, 11, 65, 17, 71, 23, 77, 29, 83, 35, 89, 41, 95, 47)
        (  4, 57,  9, 63, 15, 69, 21, 75, 27, 81, 33, 87, 39, 93, 45, 98, 51)
        (  5, 58, 10, 64, 16, 70, 22, 76, 28, 82, 34, 88, 40, 94, 46, 99, 52)
        (  8, 62, 14, 68, 20, 74, 26, 80, 32, 86, 38, 92, 44, 97, 50,101, 56)
        ( 13, 67, 19, 73, 25, 79, 31, 85, 37, 91, 43, 96, 49,100, 55,102, 61) 
     ], 
  [ ( 6,16, 9,19,12,22,15, 8,18,11,21,14, 7,17,10,20,13), 
      (  1, 42, 90, 36, 84, 30, 78, 24, 72, 18, 66, 12, 60,  7, 54,  3, 48)
        (  2, 47, 95, 41, 89, 35, 83, 29, 77, 23, 71, 17, 65, 11, 59,  6, 53)
        (  4, 51, 98, 45, 93, 39, 87, 33, 81, 27, 75, 21, 69, 15, 63,  9, 57)
        (  5, 52, 99, 46, 94, 40, 88, 34, 82, 28, 76, 22, 70, 16, 64, 10, 58)
        (  8, 56,101, 50, 97, 44, 92, 38, 86, 32, 80, 26, 74, 20, 68, 14, 62)
        ( 13, 61,102, 55,100, 49, 96, 43, 91, 37, 85, 31, 79, 25, 73, 19, 67) 
     ], 
  [ ( 6,19,15,11, 7,20,16,12, 8,21,17,13, 9,22,18,14,10), 
      (  1, 36, 78, 18, 60,  3, 42, 84, 24, 66,  7, 48, 90, 30, 72, 12, 54)
        (  2, 41, 83, 23, 65,  6, 47, 89, 29, 71, 11, 53, 95, 35, 77, 17, 59)
        (  4, 45, 87, 27, 69,  9, 51, 93, 33, 75, 15, 57, 98, 39, 81, 21, 63)
        (  5, 46, 88, 28, 70, 10, 52, 94, 34, 76, 16, 58, 99, 40, 82, 22, 64)
        (  8, 50, 92, 32, 74, 14, 56, 97, 38, 80, 20, 62,101, 44, 86, 26, 68)
        ( 13, 55, 96, 37, 79, 19, 61,100, 43, 85, 25, 67,102, 49, 91, 31, 73) 
     ], 
  [ ( 6,22,21,20,19,18,17,16,15,14,13,12,11,10, 9, 8, 7), 
      (  1, 30, 66,  3, 36, 72,  7, 42, 78, 12, 48, 84, 18, 54, 90, 24, 60)
        (  2, 35, 71,  6, 41, 77, 11, 47, 83, 17, 53, 89, 23, 59, 95, 29, 65)
        (  4, 39, 75,  9, 45, 81, 15, 51, 87, 21, 57, 93, 27, 63, 98, 33, 69)
        (  5, 40, 76, 10, 46, 82, 16, 52, 88, 22, 58, 94, 28, 64, 99, 34, 70)
        (  8, 44, 80, 14, 50, 86, 20, 56, 92, 26, 62, 97, 32, 68,101, 38, 74)
        ( 13, 49, 85, 19, 55, 91, 25, 61, 96, 31, 67,100, 37, 73,102, 43, 79) 
     ], 
  [ ( 6, 8,10,12,14,16,18,20,22, 7, 9,11,13,15,17,19,21), 
      (  1, 24, 54, 84, 12, 42, 72,  3, 30, 60, 90, 18, 48, 78,  7, 36, 66)
        (  2, 29, 59, 89, 17, 47, 77,  6, 35, 65, 95, 23, 53, 83, 11, 41, 71)
        (  4, 33, 63, 93, 21, 51, 81,  9, 39, 69, 98, 27, 57, 87, 15, 45, 75)
        (  5, 34, 64, 94, 22, 52, 82, 10, 40, 70, 99, 28, 58, 88, 16, 46, 76)
        (  8, 38, 68, 97, 26, 56, 86, 14, 44, 74,101, 32, 62, 92, 20, 50, 80)
        ( 13, 43, 73,100, 31, 61, 91, 19, 49, 79,102, 37, 67, 96, 25, 55, 85) 
     ], 
  [ ( 6,11,16,21, 9,14,19, 7,12,17,22,10,15,20, 8,13,18), 
      (  1, 18, 42, 66, 90, 12, 36, 60, 84,  7, 30, 54, 78,  3, 24, 48, 72)
        (  2, 23, 47, 71, 95, 17, 41, 65, 89, 11, 35, 59, 83,  6, 29, 53, 77)
        (  4, 27, 51, 75, 98, 21, 45, 69, 93, 15, 39, 63, 87,  9, 33, 57, 81)
        (  5, 28, 52, 76, 99, 22, 46, 70, 94, 16, 40, 64, 88, 10, 34, 58, 82)
        (  8, 32, 56, 80,101, 26, 50, 74, 97, 20, 44, 68, 92, 14, 38, 62, 86)
        ( 13, 37, 61, 85,102, 31, 55, 79,100, 25, 49, 73, 96, 19, 43, 67, 91) 
     ], 
  [ ( 6,14,22,13,21,12,20,11,19,10,18, 9,17, 8,16, 7,15), 
      (  1, 12, 30, 48, 66, 84,  3, 18, 36, 54, 72, 90,  7, 24, 42, 60, 78)
        (  2, 17, 35, 53, 71, 89,  6, 23, 41, 59, 77, 95, 11, 29, 47, 65, 83)
        (  4, 21, 39, 57, 75, 93,  9, 27, 45, 63, 81, 98, 15, 33, 51, 69, 87)
        (  5, 22, 40, 58, 76, 94, 10, 28, 46, 64, 82, 99, 16, 34, 52, 70, 88)
        (  8, 26, 44, 62, 80, 97, 14, 32, 50, 68, 86,101, 20, 38, 56, 74, 92)
        ( 13, 31, 49, 67, 85,100, 19, 37, 55, 73, 91,102, 25, 43, 61, 79, 96) 
     ], 
  [ ( 6,17,11,22,16,10,21,15, 9,20,14, 8,19,13, 7,18,12), 
      (  1,  7, 18, 30, 42, 54, 66, 78, 90,  3, 12, 24, 36, 48, 60, 72, 84)
        (  2, 11, 23, 35, 47, 59, 71, 83, 95,  6, 17, 29, 41, 53, 65, 77, 89)
        (  4, 15, 27, 39, 51, 63, 75, 87, 98,  9, 21, 33, 45, 57, 69, 81, 93)
        (  5, 16, 28, 40, 52, 64, 76, 88, 99, 10, 22, 34, 46, 58, 70, 82, 94)
        (  8, 20, 32, 44, 56, 68, 80, 92,101, 14, 26, 38, 50, 62, 74, 86, 97)
        ( 13, 25, 37, 49, 61, 73, 85, 96,102, 19, 31, 43, 55, 67, 79, 91,100) 
     ], 
  [ ( 6,20,17,14,11, 8,22,19,16,13,10, 7,21,18,15,12, 9), 
      (  1,  3,  7, 12, 18, 24, 30, 36, 42, 48, 54, 60, 66, 72, 78, 84, 90)
        (  2,  6, 11, 17, 23, 29, 35, 41, 47, 53, 59, 65, 71, 77, 83, 89, 95)
        (  4,  9, 15, 21, 27, 33, 39, 45, 51, 57, 63, 69, 75, 81, 87, 93, 98)
        (  5, 10, 16, 22, 28, 34, 40, 46, 52, 58, 64, 70, 76, 82, 88, 94, 99)
        (  8, 14, 20, 26, 32, 38, 44, 50, 56, 62, 68, 74, 80, 86, 92, 97,101)
        ( 13, 19, 25, 31, 37, 43, 49, 55, 61, 67, 73, 79, 85, 91, 96,100,102) 
     ], 
  [ (3,5,4), (  1,  5,  2)(  3, 10,  6)(  4, 13,  8)(  7, 16, 11)(  9, 19, 14)
        ( 12, 22, 17)( 15, 25, 20)( 18, 28, 23)( 21, 31, 26)( 24, 34, 29)
        ( 27, 37, 32)( 30, 40, 35)( 33, 43, 38)( 36, 46, 41)( 39, 49, 44)
        ( 42, 52, 47)( 45, 55, 50)( 48, 58, 53)( 51, 61, 56)( 54, 64, 59)
        ( 57, 67, 62)( 60, 70, 65)( 63, 73, 68)( 66, 76, 71)( 69, 79, 74)
        ( 72, 82, 77)( 75, 85, 80)( 78, 88, 83)( 81, 91, 86)( 84, 94, 89)
        ( 87, 96, 92)( 90, 99, 95)( 93,100, 97)( 98,102,101) ], 
  [ ( 3, 5, 4)( 6, 9,12,15,18,21, 7,10,13,16,19,22, 8,11,14,17,20), 
      (  1, 99, 89, 78, 82, 71, 60, 64, 53, 42, 46, 35, 24, 28, 17,  7, 10,
           2, 90, 94, 83, 72, 76, 65, 54, 58, 47, 36, 40, 29, 18, 22, 11,  3,
           5, 95, 84, 88, 77, 66, 70, 59, 48, 52, 41, 30, 34, 23, 12, 16,  6)
        (  4,102, 97, 87, 91, 80, 69, 73, 62, 51, 55, 44, 33, 37, 26, 15, 19,
           8, 98,100, 92, 81, 85, 74, 63, 67, 56, 45, 49, 38, 27, 31, 20,  9,
          13,101, 93, 96, 86, 75, 79, 68, 57, 61, 50, 39, 43, 32, 21, 25, 14) 
     ], [ ( 3, 5, 4)( 6,12,18, 7,13,19, 8,14,20, 9,15,21,10,16,22,11,17), 
      (  1, 94, 77, 60, 58, 41, 24, 22,  6, 90, 88, 71, 54, 52, 35, 18, 16,
           2, 84, 82, 65, 48, 46, 29, 12, 10, 95, 78, 76, 59, 42, 40, 23,  7,
           5, 89, 72, 70, 53, 36, 34, 17,  3, 99, 83, 66, 64, 47, 30, 28, 11)
        (  4,100, 86, 69, 67, 50, 33, 31, 14, 98, 96, 80, 63, 61, 44, 27, 25,
           8, 93, 91, 74, 57, 55, 38, 21, 19,101, 87, 85, 68, 51, 49, 32, 15,
          13, 97, 81, 79, 62, 45, 43, 26,  9,102, 92, 75, 73, 56, 39, 37, 20) 
     ], [ ( 3, 5, 4)( 6,15, 7,16, 8,17, 9,18,10,19,11,20,12,21,13,22,14), 
      (  1, 88, 65, 42, 34, 11, 90, 82, 59, 36, 28,  6, 84, 76, 53, 30, 22,
           2, 78, 70, 47, 24, 16, 95, 72, 64, 41, 18, 10, 89, 66, 58, 35, 12,
           5, 83, 60, 52, 29,  7, 99, 77, 54, 46, 23,  3, 94, 71, 48, 40, 17)
        (  4, 96, 74, 51, 43, 20, 98, 91, 68, 45, 37, 14, 93, 85, 62, 39, 31,
           8, 87, 79, 56, 33, 25,101, 81, 73, 50, 27, 19, 97, 75, 67, 44, 21,
          13, 92, 69, 61, 38, 15,102, 86, 63, 55, 32,  9,100, 80, 57, 49, 26) 
     ], [ ( 3, 5, 4)( 6,18,13, 8,20,15,10,22,17,12, 7,19,14, 9,21,16,11), 
      (  1, 82, 53, 24, 10, 83, 54, 40, 11, 84, 70, 41, 12, 99, 71, 42, 28,
           2, 72, 58, 29,  3, 88, 59, 30, 16, 89, 60, 46, 17, 90, 76, 47, 18,
           5, 77, 48, 34,  6, 78, 64, 35,  7, 94, 65, 36, 22, 95, 66, 52, 23)
        (  4, 91, 62, 33, 19, 92, 63, 49, 20, 93, 79, 50, 21,102, 80, 51, 37,
           8, 81, 67, 38,  9, 96, 68, 39, 25, 97, 69, 55, 26, 98, 85, 56, 27,
          13, 86, 57, 43, 14, 87, 73, 44, 15,100, 74, 45, 31,101, 75, 61, 32) 
     ], [ ( 3, 5, 4)( 6,21,19,17,15,13,11, 9, 7,22,20,18,16,14,12,10, 8), 
      (  1, 76, 41,  7, 88, 53, 18, 99, 65, 30, 10, 77, 42, 22, 89, 54, 34,
           2, 66, 46, 11, 78, 58, 23, 90, 70, 35,  3, 82, 47, 12, 94, 59, 24,
           5, 71, 36, 16, 83, 48, 28, 95, 60, 40,  6, 72, 52, 17, 84, 64, 29)
        (  4, 85, 50, 15, 96, 62, 27,102, 74, 39, 19, 86, 51, 31, 97, 63, 43,
           8, 75, 55, 20, 87, 67, 32, 98, 79, 44,  9, 91, 56, 21,100, 68, 33,
          13, 80, 45, 25, 92, 57, 37,101, 69, 49, 14, 81, 61, 26, 93, 73, 38) 
     ], [ ( 3, 5, 4)( 6, 7, 8, 9,10,11,12,13,14,15,16,17,18,19,20,21,22), 
      (  1, 70, 29, 90, 64, 23, 84, 58, 17, 78, 52, 11, 72, 46,  6, 66, 40,
           2, 60, 34, 95, 54, 28, 89, 48, 22, 83, 42, 16, 77, 36, 10, 71, 30,
           5, 65, 24, 99, 59, 18, 94, 53, 12, 88, 47,  7, 82, 41,  3, 76, 35)
        (  4, 79, 38, 98, 73, 32, 93, 67, 26, 87, 61, 20, 81, 55, 14, 75, 49,
           8, 69, 43,101, 63, 37, 97, 57, 31, 92, 51, 25, 86, 45, 19, 80, 39,
          13, 74, 33,102, 68, 27,100, 62, 21, 96, 56, 15, 91, 50,  9, 85, 44) 
     ], [ ( 3, 5, 4)( 6,10,14,18,22, 9,13,17,21, 8,12,16,20, 7,11,15,19), 
      (  1, 64, 17, 72, 40, 95, 48, 16, 71, 24, 94, 47,  3, 70, 23, 78, 46,
           2, 54, 22, 77, 30, 99, 53,  7, 76, 29, 84, 52,  6, 60, 28, 83, 36,
           5, 59, 12, 82, 35, 90, 58, 11, 66, 34, 89, 42, 10, 65, 18, 88, 41)
        (  4, 73, 26, 81, 49,101, 57, 25, 80, 33,100, 56,  9, 79, 32, 87, 55,
           8, 63, 31, 86, 39,102, 62, 15, 85, 38, 93, 61, 14, 69, 37, 92, 45,
          13, 68, 21, 91, 44, 98, 67, 20, 75, 43, 97, 51, 19, 74, 27, 96, 50) 
     ], [ ( 3, 5, 4)( 6,13,20,10,17, 7,14,21,11,18, 8,15,22,12,19, 9,16), 
      (  1, 58,  6, 54, 16, 65, 12, 76, 23, 72, 34, 83, 30, 94, 41, 90, 52,
           2, 48, 10, 59,  7, 70, 17, 66, 28, 77, 24, 88, 35, 84, 46, 95, 42,
           5, 53,  3, 64, 11, 60, 22, 71, 18, 82, 29, 78, 40, 89, 36, 99, 47)
        (  4, 67, 14, 63, 25, 74, 21, 85, 32, 81, 43, 92, 39,100, 50, 98, 61,
           8, 57, 19, 68, 15, 79, 26, 75, 37, 86, 33, 96, 44, 93, 55,101, 51,
          13, 62,  9, 73, 20, 69, 31, 80, 27, 91, 38, 87, 49, 97, 45,102, 56) 
     ], [ ( 3, 5, 4)( 6,16, 9,19,12,22,15, 8,18,11,21,14, 7,17,10,20,13), 
      (  1, 52, 95, 36, 94, 35, 78, 34, 77, 18, 76, 17, 60, 16, 59,  3, 58,
           2, 42, 99, 41, 84, 40, 83, 24, 82, 23, 66, 22, 65,  7, 64,  6, 48,
           5, 47, 90, 46, 89, 30, 88, 29, 72, 28, 71, 12, 70, 11, 54, 10, 53)
        (  4, 61,101, 45,100, 44, 87, 43, 86, 27, 85, 26, 69, 25, 68,  9, 67,
           8, 51,102, 50, 93, 49, 92, 33, 91, 32, 75, 31, 74, 15, 73, 14, 57,
          13, 56, 98, 55, 97, 39, 96, 38, 81, 37, 80, 21, 79, 20, 63, 19, 62) 
     ], [ ( 3, 5, 4)( 6,19,15,11, 7,20,16,12, 8,21,17,13, 9,22,18,14,10), 
      (  1, 46, 83, 18, 70,  6, 42, 94, 29, 66, 16, 53, 90, 40, 77, 12, 64,
           2, 36, 88, 23, 60, 10, 47, 84, 34, 71,  7, 58, 95, 30, 82, 17, 54,
           5, 41, 78, 28, 65,  3, 52, 89, 24, 76, 11, 48, 99, 35, 72, 22, 59)
        (  4, 55, 92, 27, 79, 14, 51,100, 38, 75, 25, 62, 98, 49, 86, 21, 73,
           8, 45, 96, 32, 69, 19, 56, 93, 43, 80, 15, 67,101, 39, 91, 26, 63,
          13, 50, 87, 37, 74,  9, 61, 97, 33, 85, 20, 57,102, 44, 81, 31, 68) 
     ], [ ( 3, 5, 4)( 6,22,21,20,19,18,17,16,15,14,13,12,11,10, 9, 8, 7), 
      (  1, 40, 71,  3, 46, 77,  7, 52, 83, 12, 58, 89, 18, 64, 95, 24, 70,
           2, 30, 76,  6, 36, 82, 11, 42, 88, 17, 48, 94, 23, 54, 99, 29, 60,
           5, 35, 66, 10, 41, 72, 16, 47, 78, 22, 53, 84, 28, 59, 90, 34, 65)
        (  4, 49, 80,  9, 55, 86, 15, 61, 92, 21, 67, 97, 27, 73,101, 33, 79,
           8, 39, 85, 14, 45, 91, 20, 51, 96, 26, 57,100, 32, 63,102, 38, 69,
          13, 44, 75, 19, 50, 81, 25, 56, 87, 31, 62, 93, 37, 68, 98, 43, 74) 
     ], [ ( 3, 5, 4)( 6, 8,10,12,14,16,18,20,22, 7, 9,11,13,15,17,19,21), 
      (  1, 34, 59, 84, 22, 47, 72, 10, 35, 60, 99, 23, 48, 88, 11, 36, 76,
           2, 24, 64, 89, 12, 52, 77,  3, 40, 65, 90, 28, 53, 78, 16, 41, 66,
           5, 29, 54, 94, 17, 42, 82,  6, 30, 70, 95, 18, 58, 83,  7, 46, 71)
        (  4, 43, 68, 93, 31, 56, 81, 19, 44, 69,102, 32, 57, 96, 20, 45, 85,
           8, 33, 73, 97, 21, 61, 86,  9, 49, 74, 98, 37, 62, 87, 25, 50, 75,
          13, 38, 63,100, 26, 51, 91, 14, 39, 79,101, 27, 67, 92, 15, 55, 80) 
     ], [ ( 3, 5, 4)( 6,11,16,21, 9,14,19, 7,12,17,22,10,15,20, 8,13,18), 
      (  1, 28, 47, 66, 99, 17, 36, 70, 89,  7, 40, 59, 78, 10, 29, 48, 82,
           2, 18, 52, 71, 90, 22, 41, 60, 94, 11, 30, 64, 83,  3, 34, 53, 72,
           5, 23, 42, 76, 95, 12, 46, 65, 84, 16, 35, 54, 88,  6, 24, 58, 77)
        (  4, 37, 56, 75,102, 26, 45, 79, 97, 15, 49, 68, 87, 19, 38, 57, 91,
           8, 27, 61, 80, 98, 31, 50, 69,100, 20, 39, 73, 92,  9, 43, 62, 81,
          13, 32, 51, 85,101, 21, 55, 74, 93, 25, 44, 63, 96, 14, 33, 67, 86) 
     ], [ ( 3, 5, 4)( 6,14,22,13,21,12,20,11,19,10,18, 9,17, 8,16, 7,15), 
      (  1, 22, 35, 48, 76, 89,  3, 28, 41, 54, 82, 95,  7, 34, 47, 60, 88,
           2, 12, 40, 53, 66, 94,  6, 18, 46, 59, 72, 99, 11, 24, 52, 65, 78,
           5, 17, 30, 58, 71, 84, 10, 23, 36, 64, 77, 90, 16, 29, 42, 70, 83)
        (  4, 31, 44, 57, 85, 97,  9, 37, 50, 63, 91,101, 15, 43, 56, 69, 96,
           8, 21, 49, 62, 75,100, 14, 27, 55, 68, 81,102, 20, 33, 61, 74, 87,
          13, 26, 39, 67, 80, 93, 19, 32, 45, 73, 86, 98, 25, 38, 51, 79, 92) 
     ], [ ( 3, 5, 4)( 6,17,11,22,16,10,21,15, 9,20,14, 8,19,13, 7,18,12), 
      (  1, 16, 23, 30, 52, 59, 66, 88, 95,  3, 22, 29, 36, 58, 65, 72, 94,
           2,  7, 28, 35, 42, 64, 71, 78, 99,  6, 12, 34, 41, 48, 70, 77, 84,
           5, 11, 18, 40, 47, 54, 76, 83, 90, 10, 17, 24, 46, 53, 60, 82, 89)
        (  4, 25, 32, 39, 61, 68, 75, 96,101,  9, 31, 38, 45, 67, 74, 81,100,
           8, 15, 37, 44, 51, 73, 80, 87,102, 14, 21, 43, 50, 57, 79, 86, 93,
          13, 20, 27, 49, 56, 63, 85, 92, 98, 19, 26, 33, 55, 62, 69, 91, 97) 
     ], [ ( 3, 5, 4)( 6,20,17,14,11, 8,22,19,16,13,10, 7,21,18,15,12, 9), 
      (  1, 10, 11, 12, 28, 29, 30, 46, 47, 48, 64, 65, 66, 82, 83, 84, 99,
           2,  3, 16, 17, 18, 34, 35, 36, 52, 53, 54, 70, 71, 72, 88, 89, 90,
           5,  6,  7, 22, 23, 24, 40, 41, 42, 58, 59, 60, 76, 77, 78, 94, 95)
        (  4, 19, 20, 21, 37, 38, 39, 55, 56, 57, 73, 74, 75, 91, 92, 93,102,
           8,  9, 25, 26, 27, 43, 44, 45, 61, 62, 63, 79, 80, 81, 96, 97, 98,
          13, 14, 15, 31, 32, 33, 49, 50, 51, 67, 68, 69, 85, 86, 87,100,101) 
     ], 
  [ (3,4,5), (  1,  2,  5)(  3,  6, 10)(  4,  8, 13)(  7, 11, 16)(  9, 14, 19)
        ( 12, 17, 22)( 15, 20, 25)( 18, 23, 28)( 21, 26, 31)( 24, 29, 34)
        ( 27, 32, 37)( 30, 35, 40)( 33, 38, 43)( 36, 41, 46)( 39, 44, 49)
        ( 42, 47, 52)( 45, 50, 55)( 48, 53, 58)( 51, 56, 61)( 54, 59, 64)
        ( 57, 62, 67)( 60, 65, 70)( 63, 68, 73)( 66, 71, 76)( 69, 74, 79)
        ( 72, 77, 82)( 75, 80, 85)( 78, 83, 88)( 81, 86, 91)( 84, 89, 94)
        ( 87, 92, 96)( 90, 95, 99)( 93, 97,100)( 98,101,102) ], 
  [ ( 3, 4, 5)( 6, 9,12,15,18,21, 7,10,13,16,19,22, 8,11,14,17,20), 
      (  1, 95, 94, 78, 77, 76, 60, 59, 58, 42, 41, 40, 24, 23, 22,  7,  6,
           5, 90, 89, 88, 72, 71, 70, 54, 53, 52, 36, 35, 34, 18, 17, 16,  3,
           2, 99, 84, 83, 82, 66, 65, 64, 48, 47, 46, 30, 29, 28, 12, 11, 10)
        (  4,101,100, 87, 86, 85, 69, 68, 67, 51, 50, 49, 33, 32, 31, 15, 14,
          13, 98, 97, 96, 81, 80, 79, 63, 62, 61, 45, 44, 43, 27, 26, 25,  9,
           8,102, 93, 92, 91, 75, 74, 73, 57, 56, 55, 39, 38, 37, 21, 20, 19) 
     ], [ ( 3, 4, 5)( 6,12,18, 7,13,19, 8,14,20, 9,15,21,10,16,22,11,17), 
      (  1, 89, 82, 60, 53, 46, 24, 17, 10, 90, 83, 76, 54, 47, 40, 18, 11,
           5, 84, 77, 70, 48, 41, 34, 12,  6, 99, 78, 71, 64, 42, 35, 28,  7,
           2, 94, 72, 65, 58, 36, 29, 22,  3, 95, 88, 66, 59, 52, 30, 23, 16)
        (  4, 97, 91, 69, 62, 55, 33, 26, 19, 98, 92, 85, 63, 56, 49, 27, 20,
          13, 93, 86, 79, 57, 50, 43, 21, 14,102, 87, 80, 73, 51, 44, 37, 15,
           8,100, 81, 74, 67, 45, 38, 31,  9,101, 96, 75, 68, 61, 39, 32, 25) 
     ], [ ( 3, 4, 5)( 6,15, 7,16, 8,17, 9,18,10,19,11,20,12,21,13,22,14), 
      (  1, 83, 70, 42, 29, 16, 90, 77, 64, 36, 23, 10, 84, 71, 58, 30, 17,
           5, 78, 65, 52, 24, 11, 99, 72, 59, 46, 18,  6, 94, 66, 53, 40, 12,
           2, 88, 60, 47, 34,  7, 95, 82, 54, 41, 28,  3, 89, 76, 48, 35, 22)
        (  4, 92, 79, 51, 38, 25, 98, 86, 73, 45, 32, 19, 93, 80, 67, 39, 26,
          13, 87, 74, 61, 33, 20,102, 81, 68, 55, 27, 14,100, 75, 62, 49, 21,
           8, 96, 69, 56, 43, 15,101, 91, 63, 50, 37,  9, 97, 85, 57, 44, 31) 
     ], [ ( 3, 4, 5)( 6,18,13, 8,20,15,10,22,17,12, 7,19,14, 9,21,16,11), 
      (  1, 77, 58, 24,  6, 88, 54, 35, 16, 84, 65, 46, 12, 95, 76, 42, 23,
           5, 72, 53, 34,  3, 83, 64, 30, 11, 94, 60, 41, 22, 90, 71, 52, 18,
           2, 82, 48, 29, 10, 78, 59, 40,  7, 89, 70, 36, 17, 99, 66, 47, 28)
        (  4, 86, 67, 33, 14, 96, 63, 44, 25, 93, 74, 55, 21,101, 85, 51, 32,
          13, 81, 62, 43,  9, 92, 73, 39, 20,100, 69, 50, 31, 98, 80, 61, 27,
           8, 91, 57, 38, 19, 87, 68, 49, 15, 97, 79, 45, 26,102, 75, 56, 37) 
     ], [ ( 3, 4, 5)( 6,21,19,17,15,13,11, 9, 7,22,20,18,16,14,12,10, 8), 
      (  1, 71, 46,  7, 83, 58, 18, 95, 70, 30,  6, 82, 42, 17, 94, 54, 29,
           5, 66, 41, 16, 78, 53, 28, 90, 65, 40,  3, 77, 52, 12, 89, 64, 24,
           2, 76, 36, 11, 88, 48, 23, 99, 60, 35, 10, 72, 47, 22, 84, 59, 34)
        (  4, 80, 55, 15, 92, 67, 27,101, 79, 39, 14, 91, 51, 26,100, 63, 38,
          13, 75, 50, 25, 87, 62, 37, 98, 74, 49,  9, 86, 61, 21, 97, 73, 33,
           8, 85, 45, 20, 96, 57, 32,102, 69, 44, 19, 81, 56, 31, 93, 68, 43) 
     ], [ ( 3, 4, 5)( 6, 7, 8, 9,10,11,12,13,14,15,16,17,18,19,20,21,22), 
      (  1, 65, 34, 90, 59, 28, 84, 53, 22, 78, 47, 16, 72, 41, 10, 66, 35,
           5, 60, 29, 99, 54, 23, 94, 48, 17, 88, 42, 11, 82, 36,  6, 76, 30,
           2, 70, 24, 95, 64, 18, 89, 58, 12, 83, 52,  7, 77, 46,  3, 71, 40)
        (  4, 74, 43, 98, 68, 37, 93, 62, 31, 87, 56, 25, 81, 50, 19, 75, 44,
          13, 69, 38,102, 63, 32,100, 57, 26, 96, 51, 20, 91, 45, 14, 85, 39,
           8, 79, 33,101, 73, 27, 97, 67, 21, 92, 61, 15, 86, 55,  9, 80, 49) 
     ], [ ( 3, 4, 5)( 6,10,14,18,22, 9,13,17,21, 8,12,16,20, 7,11,15,19), 
      (  1, 59, 22, 72, 35, 99, 48, 11, 76, 24, 89, 52,  3, 65, 28, 78, 41,
           5, 54, 17, 82, 30, 95, 58,  7, 71, 34, 84, 47, 10, 60, 23, 88, 36,
           2, 64, 12, 77, 40, 90, 53, 16, 66, 29, 94, 42,  6, 70, 18, 83, 46)
        (  4, 68, 31, 81, 44,102, 57, 20, 85, 33, 97, 61,  9, 74, 37, 87, 50,
          13, 63, 26, 91, 39,101, 67, 15, 80, 43, 93, 56, 19, 69, 32, 96, 45,
           8, 73, 21, 86, 49, 98, 62, 25, 75, 38,100, 51, 14, 79, 27, 92, 55) 
     ], [ ( 3, 4, 5)( 6,13,20,10,17, 7,14,21,11,18, 8,15,22,12,19, 9,16), 
      (  1, 53, 10, 54, 11, 70, 12, 71, 28, 72, 29, 88, 30, 89, 46, 90, 47,
           5, 48,  6, 64,  7, 65, 22, 66, 23, 82, 24, 83, 40, 84, 41, 99, 42,
           2, 58,  3, 59, 16, 60, 17, 76, 18, 77, 34, 78, 35, 94, 36, 95, 52)
        (  4, 62, 19, 63, 20, 79, 21, 80, 37, 81, 38, 96, 39, 97, 55, 98, 56,
          13, 57, 14, 73, 15, 74, 31, 75, 32, 91, 33, 92, 49, 93, 50,102, 51,
           8, 67,  9, 68, 25, 69, 26, 85, 27, 86, 43, 87, 44,100, 45,101, 61) 
     ], [ ( 3, 4, 5)( 6,16, 9,19,12,22,15, 8,18,11,21,14, 7,17,10,20,13), 
      (  1, 47, 99, 36, 89, 40, 78, 29, 82, 18, 71, 22, 60, 11, 64,  3, 53,
           5, 42, 95, 46, 84, 35, 88, 24, 77, 28, 66, 17, 70,  7, 59, 10, 48,
           2, 52, 90, 41, 94, 30, 83, 34, 72, 23, 76, 12, 65, 16, 54,  6, 58)
        (  4, 56,102, 45, 97, 49, 87, 38, 91, 27, 80, 31, 69, 20, 73,  9, 62,
          13, 51,101, 55, 93, 44, 96, 33, 86, 37, 75, 26, 79, 15, 68, 19, 57,
           8, 61, 98, 50,100, 39, 92, 43, 81, 32, 85, 21, 74, 25, 63, 14, 67) 
     ], [ ( 3, 4, 5)( 6,19,15,11, 7,20,16,12, 8,21,17,13, 9,22,18,14,10), 
      (  1, 41, 88, 18, 65, 10, 42, 89, 34, 66, 11, 58, 90, 35, 82, 12, 59,
           5, 36, 83, 28, 60,  6, 52, 84, 29, 76,  7, 53, 99, 30, 77, 22, 54,
           2, 46, 78, 23, 70,  3, 47, 94, 24, 71, 16, 48, 95, 40, 72, 17, 64)
        (  4, 50, 96, 27, 74, 19, 51, 97, 43, 75, 20, 67, 98, 44, 91, 21, 68,
          13, 45, 92, 37, 69, 14, 61, 93, 38, 85, 15, 62,102, 39, 86, 31, 63,
           8, 55, 87, 32, 79,  9, 56,100, 33, 80, 25, 57,101, 49, 81, 26, 73) 
     ], [ ( 3, 4, 5)( 6,22,21,20,19,18,17,16,15,14,13,12,11,10, 9, 8, 7), 
      (  1, 35, 76,  3, 41, 82,  7, 47, 88, 12, 53, 94, 18, 59, 99, 24, 65,
           5, 30, 71, 10, 36, 77, 16, 42, 83, 22, 48, 89, 28, 54, 95, 34, 60,
           2, 40, 66,  6, 46, 72, 11, 52, 78, 17, 58, 84, 23, 64, 90, 29, 70)
        (  4, 44, 85,  9, 50, 91, 15, 56, 96, 21, 62,100, 27, 68,102, 33, 74,
          13, 39, 80, 19, 45, 86, 25, 51, 92, 31, 57, 97, 37, 63,101, 43, 69,
           8, 49, 75, 14, 55, 81, 20, 61, 87, 26, 67, 93, 32, 73, 98, 38, 79) 
     ], [ ( 3, 4, 5)( 6, 8,10,12,14,16,18,20,22, 7, 9,11,13,15,17,19,21), 
      (  1, 29, 64, 84, 17, 52, 72,  6, 40, 60, 95, 28, 48, 83, 16, 36, 71,
           5, 24, 59, 94, 12, 47, 82,  3, 35, 70, 90, 23, 58, 78, 11, 46, 66,
           2, 34, 54, 89, 22, 42, 77, 10, 30, 65, 99, 18, 53, 88,  7, 41, 76)
        (  4, 38, 73, 93, 26, 61, 81, 14, 49, 69,101, 37, 57, 92, 25, 45, 80,
          13, 33, 68,100, 21, 56, 91,  9, 44, 79, 98, 32, 67, 87, 20, 55, 75,
           8, 43, 63, 97, 31, 51, 86, 19, 39, 74,102, 27, 62, 96, 15, 50, 85) 
     ], [ ( 3, 4, 5)( 6,11,16,21, 9,14,19, 7,12,17,22,10,15,20, 8,13,18), 
      (  1, 23, 52, 66, 95, 22, 36, 65, 94,  7, 35, 64, 78,  6, 34, 48, 77,
           5, 18, 47, 76, 90, 17, 46, 60, 89, 16, 30, 59, 88,  3, 29, 58, 72,
           2, 28, 42, 71, 99, 12, 41, 70, 84, 11, 40, 54, 83, 10, 24, 53, 82)
        (  4, 32, 61, 75,101, 31, 45, 74,100, 15, 44, 73, 87, 14, 43, 57, 86,
          13, 27, 56, 85, 98, 26, 55, 69, 97, 25, 39, 68, 96,  9, 38, 67, 81,
           8, 37, 51, 80,102, 21, 50, 79, 93, 20, 49, 63, 92, 19, 33, 62, 91) 
     ], [ ( 3, 4, 5)( 6,14,22,13,21,12,20,11,19,10,18, 9,17, 8,16, 7,15), 
      (  1, 17, 40, 48, 71, 94,  3, 23, 46, 54, 77, 99,  7, 29, 52, 60, 83,
           5, 12, 35, 58, 66, 89, 10, 18, 41, 64, 72, 95, 16, 24, 47, 70, 78,
           2, 22, 30, 53, 76, 84,  6, 28, 36, 59, 82, 90, 11, 34, 42, 65, 88)
        (  4, 26, 49, 57, 80,100,  9, 32, 55, 63, 86,102, 15, 38, 61, 69, 92,
          13, 21, 44, 67, 75, 97, 19, 27, 50, 73, 81,101, 25, 33, 56, 79, 87,
           8, 31, 39, 62, 85, 93, 14, 37, 45, 68, 91, 98, 20, 43, 51, 74, 96) 
     ], [ ( 3, 4, 5)( 6,17,11,22,16,10,21,15, 9,20,14, 8,19,13, 7,18,12), 
      (  1, 11, 28, 30, 47, 64, 66, 83, 99,  3, 17, 34, 36, 53, 70, 72, 89,
           5,  7, 23, 40, 42, 59, 76, 78, 95, 10, 12, 29, 46, 48, 65, 82, 84,
           2, 16, 18, 35, 52, 54, 71, 88, 90,  6, 22, 24, 41, 58, 60, 77, 94)
        (  4, 20, 37, 39, 56, 73, 75, 92,102,  9, 26, 43, 45, 62, 79, 81, 97,
          13, 15, 32, 49, 51, 68, 85, 87,101, 19, 21, 38, 55, 57, 74, 91, 93,
           8, 25, 27, 44, 61, 63, 80, 96, 98, 14, 31, 33, 50, 67, 69, 86,100) 
     ], [ ( 3, 4, 5)( 6,20,17,14,11, 8,22,19,16,13,10, 7,21,18,15,12, 9), 
      (  1,  6, 16, 12, 23, 34, 30, 41, 52, 48, 59, 70, 66, 77, 88, 84, 95,
           5,  3, 11, 22, 18, 29, 40, 36, 47, 58, 54, 65, 76, 72, 83, 94, 90,
           2, 10,  7, 17, 28, 24, 35, 46, 42, 53, 64, 60, 71, 82, 78, 89, 99)
        (  4, 14, 25, 21, 32, 43, 39, 50, 61, 57, 68, 79, 75, 86, 96, 93,101,
          13,  9, 20, 31, 27, 38, 49, 45, 56, 67, 63, 74, 85, 81, 92,100, 98,
           8, 19, 15, 26, 37, 33, 44, 55, 51, 62, 73, 69, 80, 91, 87, 97,102) 
     ], 
  [ (1,2), (  1,  4)(  2, 13)(  3,  9)(  5,  8)(  6, 19)(  7, 15)( 10, 14)
        ( 11, 25)( 12, 21)( 16, 20)( 17, 31)( 18, 27)( 22, 26)( 23, 37)
        ( 24, 33)( 28, 32)( 29, 43)( 30, 39)( 34, 38)( 35, 49)( 36, 45)
        ( 40, 44)( 41, 55)( 42, 51)( 46, 50)( 47, 61)( 48, 57)( 52, 56)
        ( 53, 67)( 54, 63)( 58, 62)( 59, 73)( 60, 69)( 64, 68)( 65, 79)
        ( 66, 75)( 70, 74)( 71, 85)( 72, 81)( 76, 80)( 77, 91)( 78, 87)
        ( 82, 86)( 83, 96)( 84, 93)( 88, 92)( 89,100)( 90, 98)( 94, 97)
        ( 95,102)( 99,101) ], 
  [ ( 1, 2)( 6, 9,12,15,18,21, 7,10,13,16,19,22, 8,11,14,17,20), 
      (  1, 98, 84, 87, 72, 75, 60, 63, 48, 51, 36, 39, 24, 27, 12, 15,  3,
           4, 90, 93, 78, 81, 66, 69, 54, 57, 42, 45, 30, 33, 18, 21,  7,  9)
        (  2,102, 89, 96, 77, 85, 65, 73, 53, 61, 41, 49, 29, 37, 17, 25,  6,
          13, 95,100, 83, 91, 71, 79, 59, 67, 47, 55, 35, 43, 23, 31, 11, 19)
        (  5,101, 94, 92, 82, 80, 70, 68, 58, 56, 46, 44, 34, 32, 22, 20, 10,
           8, 99, 97, 88, 86, 76, 74, 64, 62, 52, 50, 40, 38, 28, 26, 16, 14) 
     ], 
  [ ( 1, 2)( 6,12,18, 7,13,19, 8,14,20, 9,15,21,10,16,22,11,17), 
      (  1, 93, 72, 69, 48, 45, 24, 21,  3, 98, 78, 75, 54, 51, 30, 27,  7,
           4, 84, 81, 60, 57, 36, 33, 12,  9, 90, 87, 66, 63, 42, 39, 18, 15)
        (  2,100, 77, 79, 53, 55, 29, 31,  6,102, 83, 85, 59, 61, 35, 37, 11,
          13, 89, 91, 65, 67, 41, 43, 17, 19, 95, 96, 71, 73, 47, 49, 23, 25)
        (  5, 97, 82, 74, 58, 50, 34, 26, 10,101, 88, 80, 64, 56, 40, 32, 16,
           8, 94, 86, 70, 62, 46, 38, 22, 14, 99, 92, 76, 68, 52, 44, 28, 20) 
     ], 
  [ ( 1, 2)( 6,15, 7,16, 8,17, 9,18,10,19,11,20,12,21,13,22,14), 
      (  1, 87, 60, 51, 24, 15, 90, 81, 54, 45, 18,  9, 84, 75, 48, 39, 12,
           4, 78, 69, 42, 33,  7, 98, 72, 63, 36, 27,  3, 93, 66, 57, 30, 21)
        (  2, 96, 65, 61, 29, 25, 95, 91, 59, 55, 23, 19, 89, 85, 53, 49, 17,
          13, 83, 79, 47, 43, 11,102, 77, 73, 41, 37,  6,100, 71, 67, 35, 31)
        (  5, 92, 70, 56, 34, 20, 99, 86, 64, 50, 28, 14, 94, 80, 58, 44, 22,
           8, 88, 74, 52, 38, 16,101, 82, 68, 46, 32, 10, 97, 76, 62, 40, 26) 
     ], 
  [ ( 1, 2)( 6,18,13, 8,20,15,10,22,17,12, 7,19,14, 9,21,16,11), 
      (  1, 81, 48, 33,  3, 87, 54, 39,  7, 93, 60, 45, 12, 98, 66, 51, 18,
           4, 72, 57, 24,  9, 78, 63, 30, 15, 84, 69, 36, 21, 90, 75, 42, 27)
        (  2, 91, 53, 43,  6, 96, 59, 49, 11,100, 65, 55, 17,102, 71, 61, 23,
          13, 77, 67, 29, 19, 83, 73, 35, 25, 89, 79, 41, 31, 95, 85, 47, 37)
        (  5, 86, 58, 38, 10, 92, 64, 44, 16, 97, 70, 50, 22,101, 76, 56, 28,
           8, 82, 62, 34, 14, 88, 68, 40, 20, 94, 74, 46, 26, 99, 80, 52, 32) 
     ], 
  [ ( 1, 2)( 6,21,19,17,15,13,11, 9, 7,22,20,18,16,14,12,10, 8), 
      (  1, 75, 36, 15, 78, 57, 18, 98, 60, 39,  3, 81, 42, 21, 84, 63, 24,
           4, 66, 45,  7, 87, 48, 27, 90, 69, 30,  9, 72, 51, 12, 93, 54, 33)
        (  2, 85, 41, 25, 83, 67, 23,102, 65, 49,  6, 91, 47, 31, 89, 73, 29,
          13, 71, 55, 11, 96, 53, 37, 95, 79, 35, 19, 77, 61, 17,100, 59, 43)
        (  5, 80, 46, 20, 88, 62, 28,101, 70, 44, 10, 86, 52, 26, 94, 68, 34,
           8, 76, 50, 16, 92, 58, 32, 99, 74, 40, 14, 82, 56, 22, 97, 64, 38) 
     ], 
  [ ( 1, 2)( 6, 7, 8, 9,10,11,12,13,14,15,16,17,18,19,20,21,22), 
      (  1, 69, 24, 98, 54, 27, 84, 57, 12, 87, 42, 15, 72, 45,  3, 75, 30,
           4, 60, 33, 90, 63, 18, 93, 48, 21, 78, 51,  7, 81, 36,  9, 66, 39)
        (  2, 79, 29,102, 59, 37, 89, 67, 17, 96, 47, 25, 77, 55,  6, 85, 35,
          13, 65, 43, 95, 73, 23,100, 53, 31, 83, 61, 11, 91, 41, 19, 71, 49)
        (  5, 74, 34,101, 64, 32, 94, 62, 22, 92, 52, 20, 82, 50, 10, 80, 40,
           8, 70, 38, 99, 68, 28, 97, 58, 26, 88, 56, 16, 86, 46, 14, 76, 44) 
     ], 
  [ ( 1, 2)( 6,10,14,18,22, 9,13,17,21, 8,12,16,20, 7,11,15,19), 
      (  1, 63, 12, 81, 30, 98, 48, 15, 66, 33, 84, 51,  3, 69, 18, 87, 36,
           4, 54, 21, 72, 39, 90, 57,  7, 75, 24, 93, 42,  9, 60, 27, 78, 45)
        (  2, 73, 17, 91, 35,102, 53, 25, 71, 43, 89, 61,  6, 79, 23, 96, 41,
          13, 59, 31, 77, 49, 95, 67, 11, 85, 29,100, 47, 19, 65, 37, 83, 55)
        (  5, 68, 22, 86, 40,101, 58, 20, 76, 38, 94, 56, 10, 74, 28, 92, 46,
           8, 64, 26, 82, 44, 99, 62, 16, 80, 34, 97, 52, 14, 70, 32, 88, 50) 
     ], 
  [ ( 1, 2)( 6,13,20,10,17, 7,14,21,11,18, 8,15,22,12,19, 9,16), 
      (  1, 57,  3, 63,  7, 69, 12, 75, 18, 81, 24, 87, 30, 93, 36, 98, 42,
           4, 48,  9, 54, 15, 60, 21, 66, 27, 72, 33, 78, 39, 84, 45, 90, 51)
        (  2, 67,  6, 73, 11, 79, 17, 85, 23, 91, 29, 96, 35,100, 41,102, 47,
          13, 53, 19, 59, 25, 65, 31, 71, 37, 77, 43, 83, 49, 89, 55, 95, 61)
        (  5, 62, 10, 68, 16, 74, 22, 80, 28, 86, 34, 92, 40, 97, 46,101, 52,
           8, 58, 14, 64, 20, 70, 26, 76, 32, 82, 38, 88, 44, 94, 50, 99, 56) 
     ], 
  [ ( 1, 2)( 6,16, 9,19,12,22,15, 8,18,11,21,14, 7,17,10,20,13), 
      (  1, 51, 90, 45, 84, 39, 78, 33, 72, 27, 66, 21, 60, 15, 54,  9, 48,
           4, 42, 98, 36, 93, 30, 87, 24, 81, 18, 75, 12, 69,  7, 63,  3, 57)
        (  2, 61, 95, 55, 89, 49, 83, 43, 77, 37, 71, 31, 65, 25, 59, 19, 53,
          13, 47,102, 41,100, 35, 96, 29, 91, 23, 85, 17, 79, 11, 73,  6, 67)
        (  5, 56, 99, 50, 94, 44, 88, 38, 82, 32, 76, 26, 70, 20, 64, 14, 58,
           8, 52,101, 46, 97, 40, 92, 34, 86, 28, 80, 22, 74, 16, 68, 10, 62) 
     ], 
  [ ( 1, 2)( 6,19,15,11, 7,20,16,12, 8,21,17,13, 9,22,18,14,10), 
      (  1, 45, 78, 27, 60,  9, 42, 93, 24, 75,  7, 57, 90, 39, 72, 21, 54,
           4, 36, 87, 18, 69,  3, 51, 84, 33, 66, 15, 48, 98, 30, 81, 12, 63)
        (  2, 55, 83, 37, 65, 19, 47,100, 29, 85, 11, 67, 95, 49, 77, 31, 59,
          13, 41, 96, 23, 79,  6, 61, 89, 43, 71, 25, 53,102, 35, 91, 17, 73)
        (  5, 50, 88, 32, 70, 14, 52, 97, 34, 80, 16, 62, 99, 44, 82, 26, 64,
           8, 46, 92, 28, 74, 10, 56, 94, 38, 76, 20, 58,101, 40, 86, 22, 68) 
     ], 
  [ ( 1, 2)( 6,22,21,20,19,18,17,16,15,14,13,12,11,10, 9, 8, 7), 
      (  1, 39, 66,  9, 36, 81,  7, 51, 78, 21, 48, 93, 18, 63, 90, 33, 60,
           4, 30, 75,  3, 45, 72, 15, 42, 87, 12, 57, 84, 27, 54, 98, 24, 69)
        (  2, 49, 71, 19, 41, 91, 11, 61, 83, 31, 53,100, 23, 73, 95, 43, 65,
          13, 35, 85,  6, 55, 77, 25, 47, 96, 17, 67, 89, 37, 59,102, 29, 79)
        (  5, 44, 76, 14, 46, 86, 16, 56, 88, 26, 58, 97, 28, 68, 99, 38, 70,
           8, 40, 80, 10, 50, 82, 20, 52, 92, 22, 62, 94, 32, 64,101, 34, 74) 
     ], 
  [ ( 1, 2)( 6, 8,10,12,14,16,18,20,22, 7, 9,11,13,15,17,19,21), 
      (  1, 33, 54, 93, 12, 51, 72,  9, 30, 69, 90, 27, 48, 87,  7, 45, 66,
           4, 24, 63, 84, 21, 42, 81,  3, 39, 60, 98, 18, 57, 78, 15, 36, 75)
        (  2, 43, 59,100, 17, 61, 77, 19, 35, 79, 95, 37, 53, 96, 11, 55, 71,
          13, 29, 73, 89, 31, 47, 91,  6, 49, 65,102, 23, 67, 83, 25, 41, 85)
        (  5, 38, 64, 97, 22, 56, 82, 14, 40, 74, 99, 32, 58, 92, 16, 50, 76,
           8, 34, 68, 94, 26, 52, 86, 10, 44, 70,101, 28, 62, 88, 20, 46, 80) 
     ], 
  [ ( 1, 2)( 6,11,16,21, 9,14,19, 7,12,17,22,10,15,20, 8,13,18), 
      (  1, 27, 42, 75, 90, 21, 36, 69, 84, 15, 30, 63, 78,  9, 24, 57, 72,
           4, 18, 51, 66, 98, 12, 45, 60, 93,  7, 39, 54, 87,  3, 33, 48, 81)
        (  2, 37, 47, 85, 95, 31, 41, 79, 89, 25, 35, 73, 83, 19, 29, 67, 77,
          13, 23, 61, 71,102, 17, 55, 65,100, 11, 49, 59, 96,  6, 43, 53, 91)
        (  5, 32, 52, 80, 99, 26, 46, 74, 94, 20, 40, 68, 88, 14, 34, 62, 82,
           8, 28, 56, 76,101, 22, 50, 70, 97, 16, 44, 64, 92, 10, 38, 58, 86) 
     ], 
  [ ( 1, 2)( 6,14,22,13,21,12,20,11,19,10,18, 9,17, 8,16, 7,15), 
      (  1, 21, 30, 57, 66, 93,  3, 27, 36, 63, 72, 98,  7, 33, 42, 69, 78,
           4, 12, 39, 48, 75, 84,  9, 18, 45, 54, 81, 90, 15, 24, 51, 60, 87)
        (  2, 31, 35, 67, 71,100,  6, 37, 41, 73, 77,102, 11, 43, 47, 79, 83,
          13, 17, 49, 53, 85, 89, 19, 23, 55, 59, 91, 95, 25, 29, 61, 65, 96)
        (  5, 26, 40, 62, 76, 97, 10, 32, 46, 68, 82,101, 16, 38, 52, 74, 88,
           8, 22, 44, 58, 80, 94, 14, 28, 50, 64, 86, 99, 20, 34, 56, 70, 92) 
     ], 
  [ ( 1, 2)( 6,17,11,22,16,10,21,15, 9,20,14, 8,19,13, 7,18,12), 
      (  1, 15, 18, 39, 42, 63, 66, 87, 90,  9, 12, 33, 36, 57, 60, 81, 84,
           4,  7, 27, 30, 51, 54, 75, 78, 98,  3, 21, 24, 45, 48, 69, 72, 93)
        (  2, 25, 23, 49, 47, 73, 71, 96, 95, 19, 17, 43, 41, 67, 65, 91, 89,
          13, 11, 37, 35, 61, 59, 85, 83,102,  6, 31, 29, 55, 53, 79, 77,100)
        (  5, 20, 28, 44, 52, 68, 76, 92, 99, 14, 22, 38, 46, 62, 70, 86, 94,
           8, 16, 32, 40, 56, 64, 80, 88,101, 10, 26, 34, 50, 58, 74, 82, 97) 
     ], 
  [ ( 1, 2)( 6,20,17,14,11, 8,22,19,16,13,10, 7,21,18,15,12, 9), 
      (  1,  9,  7, 21, 18, 33, 30, 45, 42, 57, 54, 69, 66, 81, 78, 93, 90,
           4,  3, 15, 12, 27, 24, 39, 36, 51, 48, 63, 60, 75, 72, 87, 84, 98)
        (  2, 19, 11, 31, 23, 43, 35, 55, 47, 67, 59, 79, 71, 91, 83,100, 95,
          13,  6, 25, 17, 37, 29, 49, 41, 61, 53, 73, 65, 85, 77, 96, 89,102)
        (  5, 14, 16, 26, 28, 38, 40, 50, 52, 62, 64, 74, 76, 86, 88, 97, 99,
           8, 10, 20, 22, 32, 34, 44, 46, 56, 58, 68, 70, 80, 82, 92, 94,101) 
     ], 
  [ (1,2)(3,5,4), (  1, 13)(  2,  8)(  3, 19)(  4,  5)(  6, 14)(  7, 25)
        (  9, 10)( 11, 20)( 12, 31)( 15, 16)( 17, 26)( 18, 37)( 21, 22)
        ( 23, 32)( 24, 43)( 27, 28)( 29, 38)( 30, 49)( 33, 34)( 35, 44)
        ( 36, 55)( 39, 40)( 41, 50)( 42, 61)( 45, 46)( 47, 56)( 48, 67)
        ( 51, 52)( 53, 62)( 54, 73)( 57, 58)( 59, 68)( 60, 79)( 63, 64)
        ( 65, 74)( 66, 85)( 69, 70)( 71, 80)( 72, 91)( 75, 76)( 77, 86)
        ( 78, 96)( 81, 82)( 83, 92)( 84,100)( 87, 88)( 89, 97)( 90,102)
        ( 93, 94)( 95,101)( 98, 99) ], 
  [ ( 1, 2)( 3, 5, 4)( 6, 9,12,15,18,21, 7,10,13,16,19,22, 8,11,14,17,20), 
      (  1,102, 84, 96, 72, 85, 60, 73, 48, 61, 36, 49, 24, 37, 12, 25,  3,
          13, 90,100, 78, 91, 66, 79, 54, 67, 42, 55, 30, 43, 18, 31,  7, 19)
        (  2,101, 89, 92, 77, 80, 65, 68, 53, 56, 41, 44, 29, 32, 17, 20,  6,
           8, 95, 97, 83, 86, 71, 74, 59, 62, 47, 50, 35, 38, 23, 26, 11, 14)
        (  4, 99, 93, 88, 81, 76, 69, 64, 57, 52, 45, 40, 33, 28, 21, 16,  9,
           5, 98, 94, 87, 82, 75, 70, 63, 58, 51, 46, 39, 34, 27, 22, 15, 10) 
     ], 
  [ ( 1, 2)( 3, 5, 4)( 6,12,18, 7,13,19, 8,14,20, 9,15,21,10,16,22,11,17), 
      (  1,100, 72, 79, 48, 55, 24, 31,  3,102, 78, 85, 54, 61, 30, 37,  7,
          13, 84, 91, 60, 67, 36, 43, 12, 19, 90, 96, 66, 73, 42, 49, 18, 25)
        (  2, 97, 77, 74, 53, 50, 29, 26,  6,101, 83, 80, 59, 56, 35, 32, 11,
           8, 89, 86, 65, 62, 41, 38, 17, 14, 95, 92, 71, 68, 47, 44, 23, 20)
        (  4, 94, 81, 70, 57, 46, 33, 22,  9, 99, 87, 76, 63, 52, 39, 28, 15,
           5, 93, 82, 69, 58, 45, 34, 21, 10, 98, 88, 75, 64, 51, 40, 27, 16) 
     ], 
  [ ( 1, 2)( 3, 5, 4)( 6,15, 7,16, 8,17, 9,18,10,19,11,20,12,21,13,22,14), 
      (  1, 96, 60, 61, 24, 25, 90, 91, 54, 55, 18, 19, 84, 85, 48, 49, 12,
          13, 78, 79, 42, 43,  7,102, 72, 73, 36, 37,  3,100, 66, 67, 30, 31)
        (  2, 92, 65, 56, 29, 20, 95, 86, 59, 50, 23, 14, 89, 80, 53, 44, 17,
           8, 83, 74, 47, 38, 11,101, 77, 68, 41, 32,  6, 97, 71, 62, 35, 26)
        (  4, 88, 69, 52, 33, 16, 98, 82, 63, 46, 27, 10, 93, 76, 57, 40, 21,
           5, 87, 70, 51, 34, 15, 99, 81, 64, 45, 28,  9, 94, 75, 58, 39, 22) 
     ], 
  [ ( 1, 2)( 3, 5, 4)( 6,18,13, 8,20,15,10,22,17,12, 7,19,14, 9,21,16,11), 
      (  1, 91, 48, 43,  3, 96, 54, 49,  7,100, 60, 55, 12,102, 66, 61, 18,
          13, 72, 67, 24, 19, 78, 73, 30, 25, 84, 79, 36, 31, 90, 85, 42, 37)
        (  2, 86, 53, 38,  6, 92, 59, 44, 11, 97, 65, 50, 17,101, 71, 56, 23,
           8, 77, 62, 29, 14, 83, 68, 35, 20, 89, 74, 41, 26, 95, 80, 47, 32)
        (  4, 82, 57, 34,  9, 88, 63, 40, 15, 94, 69, 46, 21, 99, 75, 52, 27,
           5, 81, 58, 33, 10, 87, 64, 39, 16, 93, 70, 45, 22, 98, 76, 51, 28) 
     ], 
  [ ( 1, 2)( 3, 5, 4)( 6,21,19,17,15,13,11, 9, 7,22,20,18,16,14,12,10, 8), 
      (  1, 85, 36, 25, 78, 67, 18,102, 60, 49,  3, 91, 42, 31, 84, 73, 24,
          13, 66, 55,  7, 96, 48, 37, 90, 79, 30, 19, 72, 61, 12,100, 54, 43)
        (  2, 80, 41, 20, 83, 62, 23,101, 65, 44,  6, 86, 47, 26, 89, 68, 29,
           8, 71, 50, 11, 92, 53, 32, 95, 74, 35, 14, 77, 56, 17, 97, 59, 38)
        (  4, 76, 45, 16, 87, 58, 27, 99, 69, 40,  9, 82, 51, 22, 93, 64, 33,
           5, 75, 46, 15, 88, 57, 28, 98, 70, 39, 10, 81, 52, 21, 94, 63, 34) 
     ], 
  [ ( 1, 2)( 3, 5, 4)( 6, 7, 8, 9,10,11,12,13,14,15,16,17,18,19,20,21,22), 
      (  1, 79, 24,102, 54, 37, 84, 67, 12, 96, 42, 25, 72, 55,  3, 85, 30,
          13, 60, 43, 90, 73, 18,100, 48, 31, 78, 61,  7, 91, 36, 19, 66, 49)
        (  2, 74, 29,101, 59, 32, 89, 62, 17, 92, 47, 20, 77, 50,  6, 80, 35,
           8, 65, 38, 95, 68, 23, 97, 53, 26, 83, 56, 11, 86, 41, 14, 71, 44)
