BRACES[66] := rec( total := -1, implemented := 4, size := 66, brace := [] );BRACES[66].brace[1] := rec ( size := 66, perms := [ [  (),  (),  
], [  (1, 34)(2, 35)(3, 36)(4, 37)(5, 38)(6, 39)(7, 40)(8, 41)(9, 42)(10, 43)(11, 44)(12, 45)(13, 46)(14, 47)(15, 48)(16, 49)(17, 50)(18, 
51)(19, 52)(20, 53)(21, 54)(22, 55)(23, 56)(24, 57)(25, 58)(26, 59)(27, 60)(28, 61)(29, 62)(30, 63)(31, 64)(32, 65)(33, 66),  (1, 34)(2, 
35)(3, 36)(4, 37)(5, 38)(6, 39)(7, 40)(8, 41)(9, 42)(10, 43)(11, 44)(12, 56)(13, 57)(14, 58)(15, 59)(16, 60)(17, 61)(18, 62)(19, 63)(20, 
64)(21, 65)(22, 66)(23, 45)(24, 46)(25, 47)(26, 48)(27, 49)(28, 50)(29, 51)(30, 52)(31, 53)(32, 54)(33, 55),  ], [  (1, 12, 23)(2, 13, 24)(3, 
14, 25)(4, 15, 26)(5, 16, 27)(6, 17, 28)(7, 18, 29)(8, 19, 30)(9, 20, 31)(10, 21, 32)(11, 22, 33)(34, 45, 56)(35, 46, 57)(36, 47, 58)(37, 48, 
59)(38, 49, 60)(39, 50, 61)(40, 51, 62)(41, 52, 63)(42, 53, 64)(43, 54, 65)(44, 55, 66),  (1, 23, 12)(2, 24, 13)(3, 25, 14)(4, 26, 15)(5, 27, 
16)(6, 28, 17)(7, 29, 18)(8, 30, 19)(9, 31, 20)(10, 32, 21)(11, 33, 22)(34, 56, 45)(35, 57, 46)(36, 58, 47)(37, 59, 48)(38, 60, 49)(39, 61, 
50)(40, 62, 51)(41, 63, 52)(42, 64, 53)(43, 65, 54)(44, 66, 55),  ], [  (1, 7, 2, 8, 3, 9, 4, 10, 5, 11, 6)(12, 18, 13, 19, 14, 20, 15, 21, 
16, 22, 17)(23, 29, 24, 30, 25, 31, 26, 32, 27, 33, 28)(34, 40, 35, 41, 36, 42, 37, 43, 38, 44, 39)(45, 51, 46, 52, 47, 53, 48, 54, 49, 55, 
50)(56, 62, 57, 63, 58, 64, 59, 65, 60, 66, 61),  (1, 6, 11, 5, 10, 4, 9, 3, 8, 2, 7)(12, 17, 22, 16, 21, 15, 20, 14, 19, 13, 18)(23, 28, 33, 
27, 32, 26, 31, 25, 30, 24, 29)(34, 39, 44, 38, 43, 37, 42, 36, 41, 35, 40)(45, 50, 55, 49, 54, 48, 53, 47, 52, 46, 51)(56, 61, 66, 60, 65, 
59, 64, 58, 63, 57, 62),  ], [  (1, 23, 12)(2, 24, 13)(3, 25, 14)(4, 26, 15)(5, 27, 16)(6, 28, 17)(7, 29, 18)(8, 30, 19)(9, 31, 20)(10, 32, 
21)(11, 33, 22)(34, 56, 45)(35, 57, 46)(36, 58, 47)(37, 59, 48)(38, 60, 49)(39, 61, 50)(40, 62, 51)(41, 63, 52)(42, 64, 53)(43, 65, 54)(44, 
66, 55),  (1, 12, 23)(2, 13, 24)(3, 14, 25)(4, 15, 26)(5, 16, 27)(6, 17, 28)(7, 18, 29)(8, 19, 30)(9, 20, 31)(10, 21, 32)(11, 22, 33)(34, 45, 
56)(35, 46, 57)(36, 47, 58)(37, 48, 59)(38, 49, 60)(39, 50, 61)(40, 51, 62)(41, 52, 63)(42, 53, 64)(43, 54, 65)(44, 55, 66),  ], [  (1, 6, 11,
5, 10, 4, 9, 3, 8, 2, 7)(12, 17, 22, 16, 21, 15, 20, 14, 19, 13, 18)(23, 28, 33, 27, 32, 26, 31, 25, 30, 24, 29)(34, 39, 44, 38, 43, 37, 42, 
36, 41, 35, 40)(45, 50, 55, 49, 54, 48, 53, 47, 52, 46, 51)(56, 61, 66, 60, 65, 59, 64, 58, 63, 57, 62),  (1, 7, 2, 8, 3, 9, 4, 10, 5, 11, 
6)(12, 18, 13, 19, 14, 20, 15, 21, 16, 22, 17)(23, 29, 24, 30, 25, 31, 26, 32, 27, 33, 28)(34, 40, 35, 41, 36, 42, 37, 43, 38, 44, 39)(45, 51,
46, 52, 47, 53, 48, 54, 49, 55, 50)(56, 62, 57, 63, 58, 64, 59, 65, 60, 66, 61),  ], [  (1, 56, 12, 34, 23, 45)(2, 57, 13, 35, 24, 46)(3, 58, 
14, 36, 25, 47)(4, 59, 15, 37, 26, 48)(5, 60, 16, 38, 27, 49)(6, 61, 17, 39, 28, 50)(7, 62, 18, 40, 29, 51)(8, 63, 19, 41, 30, 52)(9, 64, 20, 
42, 31, 53)(10, 65, 21, 43, 32, 54)(11, 66, 22, 44, 33, 55),  (1, 56)(2, 57)(3, 58)(4, 59)(5, 60)(6, 61)(7, 62)(8, 63)(9, 64)(10, 65)(11, 
66)(12, 45)(13, 46)(14, 47)(15, 48)(16, 49)(17, 50)(18, 51)(19, 52)(20, 53)(21, 54)(22, 55)(23, 34)(24, 35)(25, 36)(26, 37)(27, 38)(28, 
39)(29, 40)(30, 41)(31, 42)(32, 43)(33, 44),  ], [  (1, 40, 2, 41, 3, 42, 4, 43, 5, 44, 6, 34, 7, 35, 8, 36, 9, 37, 10, 38, 11, 39)(12, 51, 
13, 52, 14, 53, 15, 54, 16, 55, 17, 45, 18, 46, 19, 47, 20, 48, 21, 49, 22, 50)(23, 62, 24, 63, 25, 64, 26, 65, 27, 66, 28, 56, 29, 57, 30, 
58, 31, 59, 32, 60, 33, 61),  (1, 39, 11, 38, 10, 37, 9, 36, 8, 35, 7, 34, 6, 44, 5, 43, 4, 42, 3, 41, 2, 40)(12, 61, 22, 60, 21, 59, 20, 58, 
19, 57, 18, 56, 17, 66, 16, 65, 15, 64, 14, 63, 13, 62)(23, 50, 33, 49, 32, 48, 31, 47, 30, 46, 29, 45, 28, 55, 27, 54, 26, 53, 25, 52, 24, 
51),  ], [  (1, 45, 23, 34, 12, 56)(2, 46, 24, 35, 13, 57)(3, 47, 25, 36, 14, 58)(4, 48, 26, 37, 15, 59)(5, 49, 27, 38, 16, 60)(6, 50, 28, 39,
17, 61)(7, 51, 29, 40, 18, 62)(8, 52, 30, 41, 19, 63)(9, 53, 31, 42, 20, 64)(10, 54, 32, 43, 21, 65)(11, 55, 33, 44, 22, 66),  (1, 45)(2, 
46)(3, 47)(4, 48)(5, 49)(6, 50)(7, 51)(8, 52)(9, 53)(10, 54)(11, 55)(12, 34)(13, 35)(14, 36)(15, 37)(16, 38)(17, 39)(18, 40)(19, 41)(20, 
42)(21, 43)(22, 44)(23, 56)(24, 57)(25, 58)(26, 59)(27, 60)(28, 61)(29, 62)(30, 63)(31, 64)(32, 65)(33, 66),  ], [  (1, 39, 11, 38, 10, 37, 9,
36, 8, 35, 7, 34, 6, 44, 5, 43, 4, 42, 3, 41, 2, 40)(12, 50, 22, 49, 21, 48, 20, 47, 19, 46, 18, 45, 17, 55, 16, 54, 15, 53, 14, 52, 13, 
51)(23, 61, 33, 60, 32, 59, 31, 58, 30, 57, 29, 56, 28, 66, 27, 65, 26, 64, 25, 63, 24, 62),  (1, 40, 2, 41, 3, 42, 4, 43, 5, 44, 6, 34, 7, 
35, 8, 36, 9, 37, 10, 38, 11, 39)(12, 62, 13, 63, 14, 64, 15, 65, 16, 66, 17, 56, 18, 57, 19, 58, 20, 59, 21, 60, 22, 61)(23, 51, 24, 52, 25, 
53, 26, 54, 27, 55, 28, 45, 29, 46, 30, 47, 31, 48, 32, 49, 33, 50),  ], [  (1, 18, 24, 8, 14, 31, 4, 21, 27, 11, 17, 23, 7, 13, 30, 3, 20, 
26, 10, 16, 33, 6, 12, 29, 2, 19, 25, 9, 15, 32, 5, 22, 28)(34, 51, 57, 41, 47, 64, 37, 54, 60, 44, 50, 56, 40, 46, 63, 36, 53, 59, 43, 49, 
66, 39, 45, 62, 35, 52, 58, 42, 48, 65, 38, 55, 61),  (1, 28, 22, 5, 32, 15, 9, 25, 19, 2, 29, 12, 6, 33, 16, 10, 26, 20, 3, 30, 13, 7, 23, 
17, 11, 27, 21, 4, 31, 14, 8, 24, 18)(34, 61, 55, 38, 65, 48, 42, 58, 52, 35, 62, 45, 39, 66, 49, 43, 59, 53, 36, 63, 46, 40, 56, 50, 44, 60, 
54, 37, 64, 47, 41, 57, 51),  ], [  (1, 17, 33, 5, 21, 26, 9, 14, 30, 2, 18, 23, 6, 22, 27, 10, 15, 31, 3, 19, 24, 7, 12, 28, 11, 16, 32, 4, 
20, 25, 8, 13, 29)(34, 50, 66, 38, 54, 59, 42, 47, 63, 35, 51, 56, 39, 55, 60, 43, 48, 64, 36, 52, 57, 40, 45, 61, 44, 49, 65, 37, 53, 58, 41,
46, 62),  (1, 29, 13, 8, 25, 20, 4, 32, 16, 11, 28, 12, 7, 24, 19, 3, 31, 15, 10, 27, 22, 6, 23, 18, 2, 30, 14, 9, 26, 21, 5, 33, 17)(34, 62, 
46, 41, 58, 53, 37, 65, 49, 44, 61, 45, 40, 57, 52, 36, 64, 48, 43, 60, 55, 39, 56, 51, 35, 63, 47, 42, 59, 54, 38, 66, 50),  ], [  (1, 2, 3, 
4, 5, 6, 7, 8, 9, 10, 11)(12, 13, 14, 15, 16, 17, 18, 19, 20, 21, 22)(23, 24, 25, 26, 27, 28, 29, 30, 31, 32, 33)(34, 35, 36, 37, 38, 39, 40, 
41, 42, 43, 44)(45, 46, 47, 48, 49, 50, 51, 52, 53, 54, 55)(56, 57, 58, 59, 60, 61, 62, 63, 64, 65, 66),  (1, 11, 10, 9, 8, 7, 6, 5, 4, 3, 
2)(12, 22, 21, 20, 19, 18, 17, 16, 15, 14, 13)(23, 33, 32, 31, 30, 29, 28, 27, 26, 25, 24)(34, 44, 43, 42, 41, 40, 39, 38, 37, 36, 35)(45, 55,
54, 53, 52, 51, 50, 49, 48, 47, 46)(56, 66, 65, 64, 63, 62, 61, 60, 59, 58, 57),  ], [  (1, 29, 13, 8, 25, 20, 4, 32, 16, 11, 28, 12, 7, 24, 
19, 3, 31, 15, 10, 27, 22, 6, 23, 18, 2, 30, 14, 9, 26, 21, 5, 33, 17)(34, 62, 46, 41, 58, 53, 37, 65, 49, 44, 61, 45, 40, 57, 52, 36, 64, 48,
43, 60, 55, 39, 56, 51, 35, 63, 47, 42, 59, 54, 38, 66, 50),  (1, 17, 33, 5, 21, 26, 9, 14, 30, 2, 18, 23, 6, 22, 27, 10, 15, 31, 3, 19, 24, 
7, 12, 28, 11, 16, 32, 4, 20, 25, 8, 13, 29)(34, 50, 66, 38, 54, 59, 42, 47, 63, 35, 51, 56, 39, 55, 60, 43, 48, 64, 36, 52, 57, 40, 45, 61, 
44, 49, 65, 37, 53, 58, 41, 46, 62),  ], [  (1, 28, 22, 5, 32, 15, 9, 25, 19, 2, 29, 12, 6, 33, 16, 10, 26, 20, 3, 30, 13, 7, 23, 17, 11, 27, 
21, 4, 31, 14, 8, 24, 18)(34, 61, 55, 38, 65, 48, 42, 58, 52, 35, 62, 45, 39, 66, 49, 43, 59, 53, 36, 63, 46, 40, 56, 50, 44, 60, 54, 37, 64, 
47, 41, 57, 51),  (1, 18, 24, 8, 14, 31, 4, 21, 27, 11, 17, 23, 7, 13, 30, 3, 20, 26, 10, 16, 33, 6, 12, 29, 2, 19, 25, 9, 15, 32, 5, 22, 
28)(34, 51, 57, 41, 47, 64, 37, 54, 60, 44, 50, 56, 40, 46, 63, 36, 53, 59, 43, 49, 66, 39, 45, 62, 35, 52, 58, 42, 48, 65, 38, 55, 61),  ], [
(1, 11, 10, 9, 8, 7, 6, 5, 4, 3, 2)(12, 22, 21, 20, 19, 18, 17, 16, 15, 14, 13)(23, 33, 32, 31, 30, 29, 28, 27, 26, 25, 24)(34, 44, 43, 42, 
41, 40, 39, 38, 37, 36, 35)(45, 55, 54, 53, 52, 51, 50, 49, 48, 47, 46)(56, 66, 65, 64, 63, 62, 61, 60, 59, 58, 57),  (1, 2, 3, 4, 5, 6, 7, 8,
9, 10, 11)(12, 13, 14, 15, 16, 17, 18, 19, 20, 21, 22)(23, 24, 25, 26, 27, 28, 29, 30, 31, 32, 33)(34, 35, 36, 37, 38, 39, 40, 41, 42, 43, 
44)(45, 46, 47, 48, 49, 50, 51, 52, 53, 54, 55)(56, 57, 58, 59, 60, 61, 62, 63, 64, 65, 66),  ], [  (1, 62, 13, 41, 25, 53, 4, 65, 16, 44, 28,
45, 7, 57, 19, 36, 31, 48, 10, 60, 22, 39, 23, 51, 2, 63, 14, 42, 26, 54, 5, 66, 17, 34, 29, 46, 8, 58, 20, 37, 32, 49, 11, 61, 12, 40, 24, 
52, 3, 64, 15, 43, 27, 55, 6, 56, 18, 35, 30, 47, 9, 59, 21, 38, 33, 50),  (1, 61, 11, 60, 10, 59, 9, 58, 8, 57, 7, 56, 6, 66, 5, 65, 4, 64, 
3, 63, 2, 62)(12, 50, 22, 49, 21, 48, 20, 47, 19, 46, 18, 45, 17, 55, 16, 54, 15, 53, 14, 52, 13, 51)(23, 39, 33, 38, 32, 37, 31, 36, 30, 35, 
29, 34, 28, 44, 27, 43, 26, 42, 25, 41, 24, 40),  ], [  (1, 61, 22, 38, 32, 48, 9, 58, 19, 35, 29, 45, 6, 66, 16, 43, 26, 53, 3, 63, 13, 40, 
23, 50, 11, 60, 21, 37, 31, 47, 8, 57, 18, 34, 28, 55, 5, 65, 15, 42, 25, 52, 2, 62, 12, 39, 33, 49, 10, 59, 20, 36, 30, 46, 7, 56, 17, 44, 
27, 54, 4, 64, 14, 41, 24, 51),  (1, 62, 2, 63, 3, 64, 4, 65, 5, 66, 6, 56, 7, 57, 8, 58, 9, 59, 10, 60, 11, 61)(12, 51, 13, 52, 14, 53, 15, 
54, 16, 55, 17, 45, 18, 46, 19, 47, 20, 48, 21, 49, 22, 50)(23, 40, 24, 41, 25, 42, 26, 43, 27, 44, 28, 34, 29, 35, 30, 36, 31, 37, 32, 38, 
33, 39),  ], [  (1, 35, 3, 37, 5, 39, 7, 41, 9, 43, 11, 34, 2, 36, 4, 38, 6, 40, 8, 42, 10, 44)(12, 46, 14, 48, 16, 50, 18, 52, 20, 54, 22, 
45, 13, 47, 15, 49, 17, 51, 19, 53, 21, 55)(23, 57, 25, 59, 27, 61, 29, 63, 31, 65, 33, 56, 24, 58, 26, 60, 28, 62, 30, 64, 32, 66),  (1, 44, 
10, 42, 8, 40, 6, 38, 4, 36, 2, 34, 11, 43, 9, 41, 7, 39, 5, 37, 3, 35)(12, 66, 21, 64, 19, 62, 17, 60, 15, 58, 13, 56, 22, 65, 20, 63, 18, 
61, 16, 59, 14, 57)(23, 55, 32, 53, 30, 51, 28, 49, 26, 47, 24, 45, 33, 54, 31, 52, 29, 50, 27, 48, 25, 46),  ], [  (1, 51, 24, 41, 14, 64, 4,
54, 27, 44, 17, 56, 7, 46, 30, 36, 20, 59, 10, 49, 33, 39, 12, 62, 2, 52, 25, 42, 15, 65, 5, 55, 28, 34, 18, 57, 8, 47, 31, 37, 21, 60, 11, 
50, 23, 40, 13, 63, 3, 53, 26, 43, 16, 66, 6, 45, 29, 35, 19, 58, 9, 48, 32, 38, 22, 61),  (1, 50, 11, 49, 10, 48, 9, 47, 8, 46, 7, 45, 6, 55,
5, 54, 4, 53, 3, 52, 2, 51)(12, 39, 22, 38, 21, 37, 20, 36, 19, 35, 18, 34, 17, 44, 16, 43, 15, 42, 14, 41, 13, 40)(23, 61, 33, 60, 32, 59, 
31, 58, 30, 57, 29, 56, 28, 66, 27, 65, 26, 64, 25, 63, 24, 62),  ], [  (1, 50, 33, 38, 21, 59, 9, 47, 30, 35, 18, 56, 6, 55, 27, 43, 15, 64, 
3, 52, 24, 40, 12, 61, 11, 49, 32, 37, 20, 58, 8, 46, 29, 34, 17, 66, 5, 54, 26, 42, 14, 63, 2, 51, 23, 39, 22, 60, 10, 48, 31, 36, 19, 57, 7,
45, 28, 44, 16, 65, 4, 53, 25, 41, 13, 62),  (1, 51, 2, 52, 3, 53, 4, 54, 5, 55, 6, 45, 7, 46, 8, 47, 9, 48, 10, 49, 11, 50)(12, 40, 13, 41, 
14, 42, 15, 43, 16, 44, 17, 34, 18, 35, 19, 36, 20, 37, 21, 38, 22, 39)(23, 62, 24, 63, 25, 64, 26, 65, 27, 66, 28, 56, 29, 57, 30, 58, 31, 
59, 32, 60, 33, 61),  ], [  (1, 44, 10, 42, 8, 40, 6, 38, 4, 36, 2, 34, 11, 43, 9, 41, 7, 39, 5, 37, 3, 35)(12, 55, 21, 53, 19, 51, 17, 49, 
15, 47, 13, 45, 22, 54, 20, 52, 18, 50, 16, 48, 14, 46)(23, 66, 32, 64, 30, 62, 28, 60, 26, 58, 24, 56, 33, 65, 31, 63, 29, 61, 27, 59, 25, 
57),  (1, 35, 3, 37, 5, 39, 7, 41, 9, 43, 11, 34, 2, 36, 4, 38, 6, 40, 8, 42, 10, 44)(12, 57, 14, 59, 16, 61, 18, 63, 20, 65, 22, 56, 13, 58, 
15, 60, 17, 62, 19, 64, 21, 66)(23, 46, 25, 48, 27, 50, 29, 52, 31, 54, 33, 45, 24, 47, 26, 49, 28, 51, 30, 53, 32, 55),  ], [  (1, 13, 25, 4,
16, 28, 7, 19, 31, 10, 22, 23, 2, 14, 26, 5, 17, 29, 8, 20, 32, 11, 12, 24, 3, 15, 27, 6, 18, 30, 9, 21, 33)(34, 46, 58, 37, 49, 61, 40, 52, 
64, 43, 55, 56, 35, 47, 59, 38, 50, 62, 41, 53, 65, 44, 45, 57, 36, 48, 60, 39, 51, 63, 42, 54, 66),  (1, 33, 21, 9, 30, 18, 6, 27, 15, 3, 24,
12, 11, 32, 20, 8, 29, 17, 5, 26, 14, 2, 23, 22, 10, 31, 19, 7, 28, 16, 4, 25, 13)(34, 66, 54, 42, 63, 51, 39, 60, 48, 36, 57, 45, 44, 65, 53,
41, 62, 50, 38, 59, 47, 35, 56, 55, 43, 64, 52, 40, 61, 49, 37, 58, 46),  ], [  (1, 22, 32, 9, 19, 29, 6, 16, 26, 3, 13, 23, 11, 21, 31, 8, 
18, 28, 5, 15, 25, 2, 12, 33, 10, 20, 30, 7, 17, 27, 4, 14, 24)(34, 55, 65, 42, 52, 62, 39, 49, 59, 36, 46, 56, 44, 54, 64, 41, 51, 61, 38, 
48, 58, 35, 45, 66, 43, 53, 63, 40, 50, 60, 37, 47, 57),  (1, 24, 14, 4, 27, 17, 7, 30, 20, 10, 33, 12, 2, 25, 15, 5, 28, 18, 8, 31, 21, 11, 
23, 13, 3, 26, 16, 6, 29, 19, 9, 32, 22)(34, 57, 47, 37, 60, 50, 40, 63, 53, 43, 66, 45, 35, 58, 48, 38, 61, 51, 41, 64, 54, 44, 56, 46, 36, 
59, 49, 39, 62, 52, 42, 65, 55),  ], [  (1, 8, 4, 11, 7, 3, 10, 6, 2, 9, 5)(12, 19, 15, 22, 18, 14, 21, 17, 13, 20, 16)(23, 30, 26, 33, 29, 
25, 32, 28, 24, 31, 27)(34, 41, 37, 44, 40, 36, 43, 39, 35, 42, 38)(45, 52, 48, 55, 51, 47, 54, 50, 46, 53, 49)(56, 63, 59, 66, 62, 58, 65, 
61, 57, 64, 60),  (1, 5, 9, 2, 6, 10, 3, 7, 11, 4, 8)(12, 16, 20, 13, 17, 21, 14, 18, 22, 15, 19)(23, 27, 31, 24, 28, 32, 25, 29, 33, 26, 
30)(34, 38, 42, 35, 39, 43, 36, 40, 44, 37, 41)(45, 49, 53, 46, 50, 54, 47, 51, 55, 48, 52)(56, 60, 64, 57, 61, 65, 58, 62, 66, 59, 63),  ], [
(1, 24, 14, 4, 27, 17, 7, 30, 20, 10, 33, 12, 2, 25, 15, 5, 28, 18, 8, 31, 21, 11, 23, 13, 3, 26, 16, 6, 29, 19, 9, 32, 22)(34, 57, 47, 37, 
60, 50, 40, 63, 53, 43, 66, 45, 35, 58, 48, 38, 61, 51, 41, 64, 54, 44, 56, 46, 36, 59, 49, 39, 62, 52, 42, 65, 55),  (1, 22, 32, 9, 19, 29, 
6, 16, 26, 3, 13, 23, 11, 21, 31, 8, 18, 28, 5, 15, 25, 2, 12, 33, 10, 20, 30, 7, 17, 27, 4, 14, 24)(34, 55, 65, 42, 52, 62, 39, 49, 59, 36, 
46, 56, 44, 54, 64, 41, 51, 61, 38, 48, 58, 35, 45, 66, 43, 53, 63, 40, 50, 60, 37, 47, 57),  ], [  (1, 33, 21, 9, 30, 18, 6, 27, 15, 3, 24, 
12, 11, 32, 20, 8, 29, 17, 5, 26, 14, 2, 23, 22, 10, 31, 19, 7, 28, 16, 4, 25, 13)(34, 66, 54, 42, 63, 51, 39, 60, 48, 36, 57, 45, 44, 65, 53,
41, 62, 50, 38, 59, 47, 35, 56, 55, 43, 64, 52, 40, 61, 49, 37, 58, 46),  (1, 13, 25, 4, 16, 28, 7, 19, 31, 10, 22, 23, 2, 14, 26, 5, 17, 29, 
8, 20, 32, 11, 12, 24, 3, 15, 27, 6, 18, 30, 9, 21, 33)(34, 46, 58, 37, 49, 61, 40, 52, 64, 43, 55, 56, 35, 47, 59, 38, 50, 62, 41, 53, 65, 
44, 45, 57, 36, 48, 60, 39, 51, 63, 42, 54, 66),  ], [  (1, 5, 9, 2, 6, 10, 3, 7, 11, 4, 8)(12, 16, 20, 13, 17, 21, 14, 18, 22, 15, 19)(23, 
27, 31, 24, 28, 32, 25, 29, 33, 26, 30)(34, 38, 42, 35, 39, 43, 36, 40, 44, 37, 41)(45, 49, 53, 46, 50, 54, 47, 51, 55, 48, 52)(56, 60, 64, 
57, 61, 65, 58, 62, 66, 59, 63),  (1, 8, 4, 11, 7, 3, 10, 6, 2, 9, 5)(12, 19, 15, 22, 18, 14, 21, 17, 13, 20, 16)(23, 30, 26, 33, 29, 25, 32, 
28, 24, 31, 27)(34, 41, 37, 44, 40, 36, 43, 39, 35, 42, 38)(45, 52, 48, 55, 51, 47, 54, 50, 46, 53, 49)(56, 63, 59, 66, 62, 58, 65, 61, 57, 
64, 60),  ], [  (1, 57, 14, 37, 27, 50, 7, 63, 20, 43, 33, 45, 2, 58, 15, 38, 28, 51, 8, 64, 21, 44, 23, 46, 3, 59, 16, 39, 29, 52, 9, 65, 22,
34, 24, 47, 4, 60, 17, 40, 30, 53, 10, 66, 12, 35, 25, 48, 5, 61, 18, 41, 31, 54, 11, 56, 13, 36, 26, 49, 6, 62, 19, 42, 32, 55),  (1, 66, 10,
64, 8, 62, 6, 60, 4, 58, 2, 56, 11, 65, 9, 63, 7, 61, 5, 59, 3, 57)(12, 55, 21, 53, 19, 51, 17, 49, 15, 47, 13, 45, 22, 54, 20, 52, 18, 50, 
16, 48, 14, 46)(23, 44, 32, 42, 30, 40, 28, 38, 26, 36, 24, 34, 33, 43, 31, 41, 29, 39, 27, 37, 25, 35),  ], [  (1, 66, 21, 42, 30, 51, 6, 60,
15, 36, 24, 45, 11, 65, 20, 41, 29, 50, 5, 59, 14, 35, 23, 55, 10, 64, 19, 40, 28, 49, 4, 58, 13, 34, 33, 54, 9, 63, 18, 39, 27, 48, 3, 57, 
12, 44, 32, 53, 8, 62, 17, 38, 26, 47, 2, 56, 22, 43, 31, 52, 7, 61, 16, 37, 25, 46),  (1, 57, 3, 59, 5, 61, 7, 63, 9, 65, 11, 56, 2, 58, 4, 
60, 6, 62, 8, 64, 10, 66)(12, 46, 14, 48, 16, 50, 18, 52, 20, 54, 22, 45, 13, 47, 15, 49, 17, 51, 19, 53, 21, 55)(23, 35, 25, 37, 27, 39, 29, 
41, 31, 43, 33, 34, 24, 36, 26, 38, 28, 40, 30, 42, 32, 44),  ], [  (1, 41, 4, 44, 7, 36, 10, 39, 2, 42, 5, 34, 8, 37, 11, 40, 3, 43, 6, 35, 
9, 38)(12, 52, 15, 55, 18, 47, 21, 50, 13, 53, 16, 45, 19, 48, 22, 51, 14, 54, 17, 46, 20, 49)(23, 63, 26, 66, 29, 58, 32, 61, 24, 64, 27, 56,
30, 59, 33, 62, 25, 65, 28, 57, 31, 60),  (1, 38, 9, 35, 6, 43, 3, 40, 11, 37, 8, 34, 5, 42, 2, 39, 10, 36, 7, 44, 4, 41)(12, 60, 20, 57, 17, 
65, 14, 62, 22, 59, 19, 56, 16, 64, 13, 61, 21, 58, 18, 66, 15, 63)(23, 49, 31, 46, 28, 54, 25, 51, 33, 48, 30, 45, 27, 53, 24, 50, 32, 47, 
29, 55, 26, 52),  ], [  (1, 46, 25, 37, 16, 61, 7, 52, 31, 43, 22, 56, 2, 47, 26, 38, 17, 62, 8, 53, 32, 44, 12, 57, 3, 48, 27, 39, 18, 63, 9,
54, 33, 34, 13, 58, 4, 49, 28, 40, 19, 64, 10, 55, 23, 35, 14, 59, 5, 50, 29, 41, 20, 65, 11, 45, 24, 36, 15, 60, 6, 51, 30, 42, 21, 66),  (1,
55, 10, 53, 8, 51, 6, 49, 4, 47, 2, 45, 11, 54, 9, 52, 7, 50, 5, 48, 3, 46)(12, 44, 21, 42, 19, 40, 17, 38, 15, 36, 13, 34, 22, 43, 20, 41, 
18, 39, 16, 37, 14, 35)(23, 66, 32, 64, 30, 62, 28, 60, 26, 58, 24, 56, 33, 65, 31, 63, 29, 61, 27, 59, 25, 57),  ], [  (1, 55, 32, 42, 19, 
62, 6, 49, 26, 36, 13, 56, 11, 54, 31, 41, 18, 61, 5, 48, 25, 35, 12, 66, 10, 53, 30, 40, 17, 60, 4, 47, 24, 34, 22, 65, 9, 52, 29, 39, 16, 
59, 3, 46, 23, 44, 21, 64, 8, 51, 28, 38, 15, 58, 2, 45, 33, 43, 20, 63, 7, 50, 27, 37, 14, 57),  (1, 46, 3, 48, 5, 50, 7, 52, 9, 54, 11, 45, 
2, 47, 4, 49, 6, 51, 8, 53, 10, 55)(12, 35, 14, 37, 16, 39, 18, 41, 20, 43, 22, 34, 13, 36, 15, 38, 17, 40, 19, 42, 21, 44)(23, 57, 25, 59, 
27, 61, 29, 63, 31, 65, 33, 56, 24, 58, 26, 60, 28, 62, 30, 64, 32, 66),  ], [  (1, 38, 9, 35, 6, 43, 3, 40, 11, 37, 8, 34, 5, 42, 2, 39, 10, 
36, 7, 44, 4, 41)(12, 49, 20, 46, 17, 54, 14, 51, 22, 48, 19, 45, 16, 53, 13, 50, 21, 47, 18, 55, 15, 52)(23, 60, 31, 57, 28, 65, 25, 62, 33, 
59, 30, 56, 27, 64, 24, 61, 32, 58, 29, 66, 26, 63),  (1, 41, 4, 44, 7, 36, 10, 39, 2, 42, 5, 34, 8, 37, 11, 40, 3, 43, 6, 35, 9, 38)(12, 63, 
15, 66, 18, 58, 21, 61, 13, 64, 16, 56, 19, 59, 22, 62, 14, 65, 17, 57, 20, 60)(23, 52, 26, 55, 29, 47, 32, 50, 24, 53, 27, 45, 30, 48, 33, 
51, 25, 54, 28, 46, 31, 49),  ], [  (1, 19, 26, 11, 18, 25, 10, 17, 24, 9, 16, 23, 8, 15, 33, 7, 14, 32, 6, 13, 31, 5, 12, 30, 4, 22, 29, 3, 
21, 28, 2, 20, 27)(34, 52, 59, 44, 51, 58, 43, 50, 57, 42, 49, 56, 41, 48, 66, 40, 47, 65, 39, 46, 64, 38, 45, 63, 37, 55, 62, 36, 54, 61, 35,
53, 60),  (1, 27, 20, 2, 28, 21, 3, 29, 22, 4, 30, 12, 5, 31, 13, 6, 32, 14, 7, 33, 15, 8, 23, 16, 9, 24, 17, 10, 25, 18, 11, 26, 19)(34, 60, 
53, 35, 61, 54, 36, 62, 55, 37, 63, 45, 38, 64, 46, 39, 65, 47, 40, 66, 48, 41, 56, 49, 42, 57, 50, 43, 58, 51, 44, 59, 52),  ], [  (1, 16, 
31, 2, 17, 32, 3, 18, 33, 4, 19, 23, 5, 20, 24, 6, 21, 25, 7, 22, 26, 8, 12, 27, 9, 13, 28, 10, 14, 29, 11, 15, 30)(34, 49, 64, 35, 50, 65, 
36, 51, 66, 37, 52, 56, 38, 53, 57, 39, 54, 58, 40, 55, 59, 41, 45, 60, 42, 46, 61, 43, 47, 62, 44, 48, 63),  (1, 30, 15, 11, 29, 14, 10, 28, 
13, 9, 27, 12, 8, 26, 22, 7, 25, 21, 6, 24, 20, 5, 23, 19, 4, 33, 18, 3, 32, 17, 2, 31, 16)(34, 63, 48, 44, 62, 47, 43, 61, 46, 42, 60, 45, 
41, 59, 55, 40, 58, 54, 39, 57, 53, 38, 56, 52, 37, 66, 51, 36, 65, 50, 35, 64, 49),  ], [  (1, 3, 5, 7, 9, 11, 2, 4, 6, 8, 10)(12, 14, 16, 
18, 20, 22, 13, 15, 17, 19, 21)(23, 25, 27, 29, 31, 33, 24, 26, 28, 30, 32)(34, 36, 38, 40, 42, 44, 35, 37, 39, 41, 43)(45, 47, 49, 51, 53, 
55, 46, 48, 50, 52, 54)(56, 58, 60, 62, 64, 66, 57, 59, 61, 63, 65),  (1, 10, 8, 6, 4, 2, 11, 9, 7, 5, 3)(12, 21, 19, 17, 15, 13, 22, 20, 18, 
16, 14)(23, 32, 30, 28, 26, 24, 33, 31, 29, 27, 25)(34, 43, 41, 39, 37, 35, 44, 42, 40, 38, 36)(45, 54, 52, 50, 48, 46, 55, 53, 51, 49, 
47)(56, 65, 63, 61, 59, 57, 66, 64, 62, 60, 58),  ], [  (1, 30, 15, 11, 29, 14, 10, 28, 13, 9, 27, 12, 8, 26, 22, 7, 25, 21, 6, 24, 20, 5, 23,
19, 4, 33, 18, 3, 32, 17, 2, 31, 16)(34, 63, 48, 44, 62, 47, 43, 61, 46, 42, 60, 45, 41, 59, 55, 40, 58, 54, 39, 57, 53, 38, 56, 52, 37, 66, 
51, 36, 65, 50, 35, 64, 49),  (1, 16, 31, 2, 17, 32, 3, 18, 33, 4, 19, 23, 5, 20, 24, 6, 21, 25, 7, 22, 26, 8, 12, 27, 9, 13, 28, 10, 14, 29, 
11, 15, 30)(34, 49, 64, 35, 50, 65, 36, 51, 66, 37, 52, 56, 38, 53, 57, 39, 54, 58, 40, 55, 59, 41, 45, 60, 42, 46, 61, 43, 47, 62, 44, 48, 
63),  ], [  (1, 27, 20, 2, 28, 21, 3, 29, 22, 4, 30, 12, 5, 31, 13, 6, 32, 14, 7, 33, 15, 8, 23, 16, 9, 24, 17, 10, 25, 18, 11, 26, 19)(34, 
60, 53, 35, 61, 54, 36, 62, 55, 37, 63, 45, 38, 64, 46, 39, 65, 47, 40, 66, 48, 41, 56, 49, 42, 57, 50, 43, 58, 51, 44, 59, 52),  (1, 19, 26, 
11, 18, 25, 10, 17, 24, 9, 16, 23, 8, 15, 33, 7, 14, 32, 6, 13, 31, 5, 12, 30, 4, 22, 29, 3, 21, 28, 2, 20, 27)(34, 52, 59, 44, 51, 58, 43, 
50, 57, 42, 49, 56, 41, 48, 66, 40, 47, 65, 39, 46, 64, 38, 45, 63, 37, 55, 62, 36, 54, 61, 35, 53, 60),  ], [  (1, 10, 8, 6, 4, 2, 11, 9, 7, 
5, 3)(12, 21, 19, 17, 15, 13, 22, 20, 18, 16, 14)(23, 32, 30, 28, 26, 24, 33, 31, 29, 27, 25)(34, 43, 41, 39, 37, 35, 44, 42, 40, 38, 36)(45, 
54, 52, 50, 48, 46, 55, 53, 51, 49, 47)(56, 65, 63, 61, 59, 57, 66, 64, 62, 60, 58),  (1, 3, 5, 7, 9, 11, 2, 4, 6, 8, 10)(12, 14, 16, 18, 20, 
22, 13, 15, 17, 19, 21)(23, 25, 27, 29, 31, 33, 24, 26, 28, 30, 32)(34, 36, 38, 40, 42, 44, 35, 37, 39, 41, 43)(45, 47, 49, 51, 53, 55, 46, 
48, 50, 52, 54)(56, 58, 60, 62, 64, 66, 57, 59, 61, 63, 65),  ], [  (1, 63, 15, 44, 29, 47, 10, 61, 13, 42, 27, 45, 8, 59, 22, 40, 25, 54, 6, 
57, 20, 38, 23, 52, 4, 66, 18, 36, 32, 50, 2, 64, 16, 34, 30, 48, 11, 62, 14, 43, 28, 46, 9, 60, 12, 41, 26, 55, 7, 58, 21, 39, 24, 53, 5, 56,
19, 37, 33, 51, 3, 65, 17, 35, 31, 49),  (1, 60, 9, 57, 6, 65, 3, 62, 11, 59, 8, 56, 5, 64, 2, 61, 10, 58, 7, 66, 4, 63)(12, 49, 20, 46, 17, 
54, 14, 51, 22, 48, 19, 45, 16, 53, 13, 50, 21, 47, 18, 55, 15, 52)(23, 38, 31, 35, 28, 43, 25, 40, 33, 37, 30, 34, 27, 42, 24, 39, 32, 36, 
29, 44, 26, 41),  ], [  (1, 60, 20, 35, 28, 54, 3, 62, 22, 37, 30, 45, 5, 64, 13, 39, 32, 47, 7, 66, 15, 41, 23, 49, 9, 57, 17, 43, 25, 51, 
11, 59, 19, 34, 27, 53, 2, 61, 21, 36, 29, 55, 4, 63, 12, 38, 31, 46, 6, 65, 14, 40, 33, 48, 8, 56, 16, 42, 24, 50, 10, 58, 18, 44, 26, 52),  
(1, 63, 4, 66, 7, 58, 10, 61, 2, 64, 5, 56, 8, 59, 11, 62, 3, 65, 6, 57, 9, 60)(12, 52, 15, 55, 18, 47, 21, 50, 13, 53, 16, 45, 19, 48, 22, 
51, 14, 54, 17, 46, 20, 49)(23, 41, 26, 44, 29, 36, 32, 39, 24, 42, 27, 34, 30, 37, 33, 40, 25, 43, 28, 35, 31, 38),  ], [  (1, 36, 5, 40, 9, 
44, 2, 37, 6, 41, 10, 34, 3, 38, 7, 42, 11, 35, 4, 39, 8, 43)(12, 47, 16, 51, 20, 55, 13, 48, 17, 52, 21, 45, 14, 49, 18, 53, 22, 46, 15, 50, 
19, 54)(23, 58, 27, 62, 31, 66, 24, 59, 28, 63, 32, 56, 25, 60, 29, 64, 33, 57, 26, 61, 30, 65),  (1, 43, 8, 39, 4, 35, 11, 42, 7, 38, 3, 34, 
10, 41, 6, 37, 2, 44, 9, 40, 5, 36)(12, 65, 19, 61, 15, 57, 22, 64, 18, 60, 14, 56, 21, 63, 17, 59, 13, 66, 20, 62, 16, 58)(23, 54, 30, 50, 
26, 46, 33, 53, 29, 49, 25, 45, 32, 52, 28, 48, 24, 55, 31, 51, 27, 47),  ], [  (1, 52, 26, 44, 18, 58, 10, 50, 24, 42, 16, 56, 8, 48, 33, 40,
14, 65, 6, 46, 31, 38, 12, 63, 4, 55, 29, 36, 21, 61, 2, 53, 27, 34, 19, 59, 11, 51, 25, 43, 17, 57, 9, 49, 23, 41, 15, 66, 7, 47, 32, 39, 13,
64, 5, 45, 30, 37, 22, 62, 3, 54, 28, 35, 20, 60),  (1, 49, 9, 46, 6, 54, 3, 51, 11, 48, 8, 45, 5, 53, 2, 50, 10, 47, 7, 55, 4, 52)(12, 38, 
20, 35, 17, 43, 14, 40, 22, 37, 19, 34, 16, 42, 13, 39, 21, 36, 18, 44, 15, 41)(23, 60, 31, 57, 28, 65, 25, 62, 33, 59, 30, 56, 27, 64, 24, 
61, 32, 58, 29, 66, 26, 63),  ], [  (1, 49, 31, 35, 17, 65, 3, 51, 33, 37, 19, 56, 5, 53, 24, 39, 21, 58, 7, 55, 26, 41, 12, 60, 9, 46, 28, 
43, 14, 62, 11, 48, 30, 34, 16, 64, 2, 50, 32, 36, 18, 66, 4, 52, 23, 38, 20, 57, 6, 54, 25, 40, 22, 59, 8, 45, 27, 42, 13, 61, 10, 47, 29, 
44, 15, 63),  (1, 52, 4, 55, 7, 47, 10, 50, 2, 53, 5, 45, 8, 48, 11, 51, 3, 54, 6, 46, 9, 49)(12, 41, 15, 44, 18, 36, 21, 39, 13, 42, 16, 34, 
19, 37, 22, 40, 14, 43, 17, 35, 20, 38)(23, 63, 26, 66, 29, 58, 32, 61, 24, 64, 27, 56, 30, 59, 33, 62, 25, 65, 28, 57, 31, 60),  ], [  (1, 
43, 8, 39, 4, 35, 11, 42, 7, 38, 3, 34, 10, 41, 6, 37, 2, 44, 9, 40, 5, 36)(12, 54, 19, 50, 15, 46, 22, 53, 18, 49, 14, 45, 21, 52, 17, 48, 
13, 55, 20, 51, 16, 47)(23, 65, 30, 61, 26, 57, 33, 64, 29, 60, 25, 56, 32, 63, 28, 59, 24, 66, 31, 62, 27, 58),  (1, 36, 5, 40, 9, 44, 2, 37,
6, 41, 10, 34, 3, 38, 7, 42, 11, 35, 4, 39, 8, 43)(12, 58, 16, 62, 20, 66, 13, 59, 17, 63, 21, 56, 14, 60, 18, 64, 22, 57, 15, 61, 19, 65)(23,
47, 27, 51, 31, 55, 24, 48, 28, 52, 32, 45, 25, 49, 29, 53, 33, 46, 26, 50, 30, 54),  ], [  (1, 14, 27, 7, 20, 33, 2, 15, 28, 8, 21, 23, 3, 
16, 29, 9, 22, 24, 4, 17, 30, 10, 12, 25, 5, 18, 31, 11, 13, 26, 6, 19, 32)(34, 47, 60, 40, 53, 66, 35, 48, 61, 41, 54, 56, 36, 49, 62, 42, 
55, 57, 37, 50, 63, 43, 45, 58, 38, 51, 64, 44, 46, 59, 39, 52, 65),  (1, 32, 19, 6, 26, 13, 11, 31, 18, 5, 25, 12, 10, 30, 17, 4, 24, 22, 9, 
29, 16, 3, 23, 21, 8, 28, 15, 2, 33, 20, 7, 27, 14)(34, 65, 52, 39, 59, 46, 44, 64, 51, 38, 58, 45, 43, 63, 50, 37, 57, 55, 42, 62, 49, 36, 
56, 54, 41, 61, 48, 35, 66, 53, 40, 60, 47),  ], [  (1, 21, 30, 6, 15, 24, 11, 20, 29, 5, 14, 23, 10, 19, 28, 4, 13, 33, 9, 18, 27, 3, 12, 32,
8, 17, 26, 2, 22, 31, 7, 16, 25)(34, 54, 63, 39, 48, 57, 44, 53, 62, 38, 47, 56, 43, 52, 61, 37, 46, 66, 42, 51, 60, 36, 45, 65, 41, 50, 59, 
35, 55, 64, 40, 49, 58),  (1, 25, 16, 7, 31, 22, 2, 26, 17, 8, 32, 12, 3, 27, 18, 9, 33, 13, 4, 28, 19, 10, 23, 14, 5, 29, 20, 11, 24, 15, 6, 
30, 21)(34, 58, 49, 40, 64, 55, 35, 59, 50, 41, 65, 45, 36, 60, 51, 42, 66, 46, 37, 61, 52, 43, 56, 47, 38, 62, 53, 44, 57, 48, 39, 63, 54),  
], [  (1, 9, 6, 3, 11, 8, 5, 2, 10, 7, 4)(12, 20, 17, 14, 22, 19, 16, 13, 21, 18, 15)(23, 31, 28, 25, 33, 30, 27, 24, 32, 29, 26)(34, 42, 39, 
36, 44, 41, 38, 35, 43, 40, 37)(45, 53, 50, 47, 55, 52, 49, 46, 54, 51, 48)(56, 64, 61, 58, 66, 63, 60, 57, 65, 62, 59),  (1, 4, 7, 10, 2, 5, 
8, 11, 3, 6, 9)(12, 15, 18, 21, 13, 16, 19, 22, 14, 17, 20)(23, 26, 29, 32, 24, 27, 30, 33, 25, 28, 31)(34, 37, 40, 43, 35, 38, 41, 44, 36, 
39, 42)(45, 48, 51, 54, 46, 49, 52, 55, 47, 50, 53)(56, 59, 62, 65, 57, 60, 63, 66, 58, 61, 64),  ], [  (1, 25, 16, 7, 31, 22, 2, 26, 17, 8, 
32, 12, 3, 27, 18, 9, 33, 13, 4, 28, 19, 10, 23, 14, 5, 29, 20, 11, 24, 15, 6, 30, 21)(34, 58, 49, 40, 64, 55, 35, 59, 50, 41, 65, 45, 36, 60,
51, 42, 66, 46, 37, 61, 52, 43, 56, 47, 38, 62, 53, 44, 57, 48, 39, 63, 54),  (1, 21, 30, 6, 15, 24, 11, 20, 29, 5, 14, 23, 10, 19, 28, 4, 13,
33, 9, 18, 27, 3, 12, 32, 8, 17, 26, 2, 22, 31, 7, 16, 25)(34, 54, 63, 39, 48, 57, 44, 53, 62, 38, 47, 56, 43, 52, 61, 37, 46, 66, 42, 51, 60,
36, 45, 65, 41, 50, 59, 35, 55, 64, 40, 49, 58),  ], [  (1, 32, 19, 6, 26, 13, 11, 31, 18, 5, 25, 12, 10, 30, 17, 4, 24, 22, 9, 29, 16, 3, 23,
21, 8, 28, 15, 2, 33, 20, 7, 27, 14)(34, 65, 52, 39, 59, 46, 44, 64, 51, 38, 58, 45, 43, 63, 50, 37, 57, 55, 42, 62, 49, 36, 56, 54, 41, 61, 
48, 35, 66, 53, 40, 60, 47),  (1, 14, 27, 7, 20, 33, 2, 15, 28, 8, 21, 23, 3, 16, 29, 9, 22, 24, 4, 17, 30, 10, 12, 25, 5, 18, 31, 11, 13, 26,
6, 19, 32)(34, 47, 60, 40, 53, 66, 35, 48, 61, 41, 54, 56, 36, 49, 62, 42, 55, 57, 37, 50, 63, 43, 45, 58, 38, 51, 64, 44, 46, 59, 39, 52, 
65),  ], [  (1, 4, 7, 10, 2, 5, 8, 11, 3, 6, 9)(12, 15, 18, 21, 13, 16, 19, 22, 14, 17, 20)(23, 26, 29, 32, 24, 27, 30, 33, 25, 28, 31)(34, 
37, 40, 43, 35, 38, 41, 44, 36, 39, 42)(45, 48, 51, 54, 46, 49, 52, 55, 47, 50, 53)(56, 59, 62, 65, 57, 60, 63, 66, 58, 61, 64),  (1, 9, 6, 3,
11, 8, 5, 2, 10, 7, 4)(12, 20, 17, 14, 22, 19, 16, 13, 21, 18, 15)(23, 31, 28, 25, 33, 30, 27, 24, 32, 29, 26)(34, 42, 39, 36, 44, 41, 38, 35,
43, 40, 37)(45, 53, 50, 47, 55, 52, 49, 46, 54, 51, 48)(56, 64, 61, 58, 66, 63, 60, 57, 65, 62, 59),  ], [  (1, 58, 16, 40, 31, 55, 2, 59, 17,
41, 32, 45, 3, 60, 18, 42, 33, 46, 4, 61, 19, 43, 23, 47, 5, 62, 20, 44, 24, 48, 6, 63, 21, 34, 25, 49, 7, 64, 22, 35, 26, 50, 8, 65, 12, 36, 
27, 51, 9, 66, 13, 37, 28, 52, 10, 56, 14, 38, 29, 53, 11, 57, 15, 39, 30, 54),  (1, 65, 8, 61, 4, 57, 11, 64, 7, 60, 3, 56, 10, 63, 6, 59, 2,
66, 9, 62, 5, 58)(12, 54, 19, 50, 15, 46, 22, 53, 18, 49, 14, 45, 21, 52, 17, 48, 13, 55, 20, 51, 16, 47)(23, 43, 30, 39, 26, 35, 33, 42, 29, 
38, 25, 34, 32, 41, 28, 37, 24, 44, 31, 40, 27, 36),  ], [  (1, 65, 19, 39, 26, 46, 11, 64, 18, 38, 25, 45, 10, 63, 17, 37, 24, 55, 9, 62, 16,
36, 23, 54, 8, 61, 15, 35, 33, 53, 7, 60, 14, 34, 32, 52, 6, 59, 13, 44, 31, 51, 5, 58, 12, 43, 30, 50, 4, 57, 22, 42, 29, 49, 3, 56, 21, 41, 
28, 48, 2, 66, 20, 40, 27, 47),  (1, 58, 5, 62, 9, 66, 2, 59, 6, 63, 10, 56, 3, 60, 7, 64, 11, 57, 4, 61, 8, 65)(12, 47, 16, 51, 20, 55, 13, 
48, 17, 52, 21, 45, 14, 49, 18, 53, 22, 46, 15, 50, 19, 54)(23, 36, 27, 40, 31, 44, 24, 37, 28, 41, 32, 34, 25, 38, 29, 42, 33, 35, 26, 39, 
30, 43),  ], [  (1, 42, 6, 36, 11, 41, 5, 35, 10, 40, 4, 34, 9, 39, 3, 44, 8, 38, 2, 43, 7, 37)(12, 53, 17, 47, 22, 52, 16, 46, 21, 51, 15, 
45, 20, 50, 14, 55, 19, 49, 13, 54, 18, 48)(23, 64, 28, 58, 33, 63, 27, 57, 32, 62, 26, 56, 31, 61, 25, 66, 30, 60, 24, 65, 29, 59),  (1, 37, 
7, 43, 2, 38, 8, 44, 3, 39, 9, 34, 4, 40, 10, 35, 5, 41, 11, 36, 6, 42)(12, 59, 18, 65, 13, 60, 19, 66, 14, 61, 20, 56, 15, 62, 21, 57, 16, 
63, 22, 58, 17, 64)(23, 48, 29, 54, 24, 49, 30, 55, 25, 50, 31, 45, 26, 51, 32, 46, 27, 52, 33, 47, 28, 53),  ], [  (1, 47, 27, 40, 20, 66, 2,
48, 28, 41, 21, 56, 3, 49, 29, 42, 22, 57, 4, 50, 30, 43, 12, 58, 5, 51, 31, 44, 13, 59, 6, 52, 32, 34, 14, 60, 7, 53, 33, 35, 15, 61, 8, 54, 
23, 36, 16, 62, 9, 55, 24, 37, 17, 63, 10, 45, 25, 38, 18, 64, 11, 46, 26, 39, 19, 65),  (1, 54, 8, 50, 4, 46, 11, 53, 7, 49, 3, 45, 10, 52, 
6, 48, 2, 55, 9, 51, 5, 47)(12, 43, 19, 39, 15, 35, 22, 42, 18, 38, 14, 34, 21, 41, 17, 37, 13, 44, 20, 40, 16, 36)(23, 65, 30, 61, 26, 57, 
33, 64, 29, 60, 25, 56, 32, 63, 28, 59, 24, 66, 31, 62, 27, 58),  ], [  (1, 54, 30, 39, 15, 57, 11, 53, 29, 38, 14, 56, 10, 52, 28, 37, 13, 
66, 9, 51, 27, 36, 12, 65, 8, 50, 26, 35, 22, 64, 7, 49, 25, 34, 21, 63, 6, 48, 24, 44, 20, 62, 5, 47, 23, 43, 19, 61, 4, 46, 33, 42, 18, 60, 
3, 45, 32, 41, 17, 59, 2, 55, 31, 40, 16, 58),  (1, 47, 5, 51, 9, 55, 2, 48, 6, 52, 10, 45, 3, 49, 7, 53, 11, 46, 4, 50, 8, 54)(12, 36, 16, 
40, 20, 44, 13, 37, 17, 41, 21, 34, 14, 38, 18, 42, 22, 35, 15, 39, 19, 43)(23, 58, 27, 62, 31, 66, 24, 59, 28, 63, 32, 56, 25, 60, 29, 64, 
33, 57, 26, 61, 30, 65),  ], [  (1, 37, 7, 43, 2, 38, 8, 44, 3, 39, 9, 34, 4, 40, 10, 35, 5, 41, 11, 36, 6, 42)(12, 48, 18, 54, 13, 49, 19, 
55, 14, 50, 20, 45, 15, 51, 21, 46, 16, 52, 22, 47, 17, 53)(23, 59, 29, 65, 24, 60, 30, 66, 25, 61, 31, 56, 26, 62, 32, 57, 27, 63, 33, 58, 
28, 64),  (1, 42, 6, 36, 11, 41, 5, 35, 10, 40, 4, 34, 9, 39, 3, 44, 8, 38, 2, 43, 7, 37)(12, 64, 17, 58, 22, 63, 16, 57, 21, 62, 15, 56, 20, 
61, 14, 66, 19, 60, 13, 65, 18, 59)(23, 53, 28, 47, 33, 52, 27, 46, 32, 51, 26, 45, 31, 50, 25, 55, 30, 49, 24, 54, 29, 48),  ], [  (1, 20, 
28, 3, 22, 30, 5, 13, 32, 7, 15, 23, 9, 17, 25, 11, 19, 27, 2, 21, 29, 4, 12, 31, 6, 14, 33, 8, 16, 24, 10, 18, 26)(34, 53, 61, 36, 55, 63, 
38, 46, 65, 40, 48, 56, 42, 50, 58, 44, 52, 60, 35, 54, 62, 37, 45, 64, 39, 47, 66, 41, 49, 57, 43, 51, 59),  (1, 26, 18, 10, 24, 16, 8, 33, 
14, 6, 31, 12, 4, 29, 21, 2, 27, 19, 11, 25, 17, 9, 23, 15, 7, 32, 13, 5, 30, 22, 3, 28, 20)(34, 59, 51, 43, 57, 49, 41, 66, 47, 39, 64, 45, 
37, 62, 54, 35, 60, 52, 44, 58, 50, 42, 56, 48, 40, 65, 46, 38, 63, 55, 36, 61, 53),  ], [  (1, 15, 29, 10, 13, 27, 8, 22, 25, 6, 20, 23, 4, 
18, 32, 2, 16, 30, 11, 14, 28, 9, 12, 26, 7, 21, 24, 5, 19, 33, 3, 17, 31)(34, 48, 62, 43, 46, 60, 41, 55, 58, 39, 53, 56, 37, 51, 65, 35, 49,
63, 44, 47, 61, 42, 45, 59, 40, 54, 57, 38, 52, 66, 36, 50, 64),  (1, 31, 17, 3, 33, 19, 5, 24, 21, 7, 26, 12, 9, 28, 14, 11, 30, 16, 2, 32, 
18, 4, 23, 20, 6, 25, 22, 8, 27, 13, 10, 29, 15)(34, 64, 50, 36, 66, 52, 38, 57, 54, 40, 59, 45, 42, 61, 47, 44, 63, 49, 35, 65, 51, 37, 56, 
53, 39, 58, 55, 41, 60, 46, 43, 62, 48),  ], [  (1, 31, 17, 3, 33, 19, 5, 24, 21, 7, 26, 12, 9, 28, 14, 11, 30, 16, 2, 32, 18, 4, 23, 20, 6, 
25, 22, 8, 27, 13, 10, 29, 15)(34, 64, 50, 36, 66, 52, 38, 57, 54, 40, 59, 45, 42, 61, 47, 44, 63, 49, 35, 65, 51, 37, 56, 53, 39, 58, 55, 41,
60, 46, 43, 62, 48),  (1, 15, 29, 10, 13, 27, 8, 22, 25, 6, 20, 23, 4, 18, 32, 2, 16, 30, 11, 14, 28, 9, 12, 26, 7, 21, 24, 5, 19, 33, 3, 17, 
31)(34, 48, 62, 43, 46, 60, 41, 55, 58, 39, 53, 56, 37, 51, 65, 35, 49, 63, 44, 47, 61, 42, 45, 59, 40, 54, 57, 38, 52, 66, 36, 50, 64),  ], [
(1, 26, 18, 10, 24, 16, 8, 33, 14, 6, 31, 12, 4, 29, 21, 2, 27, 19, 11, 25, 17, 9, 23, 15, 7, 32, 13, 5, 30, 22, 3, 28, 20)(34, 59, 51, 43, 
57, 49, 41, 66, 47, 39, 64, 45, 37, 62, 54, 35, 60, 52, 44, 58, 50, 42, 56, 48, 40, 65, 46, 38, 63, 55, 36, 61, 53),  (1, 20, 28, 3, 22, 30, 
5, 13, 32, 7, 15, 23, 9, 17, 25, 11, 19, 27, 2, 21, 29, 4, 12, 31, 6, 14, 33, 8, 16, 24, 10, 18, 26)(34, 53, 61, 36, 55, 63, 38, 46, 65, 40, 
48, 56, 42, 50, 58, 44, 52, 60, 35, 54, 62, 37, 45, 64, 39, 47, 66, 41, 49, 57, 43, 51, 59),  ], [  (1, 64, 17, 36, 33, 52, 5, 57, 21, 40, 26,
45, 9, 61, 14, 44, 30, 49, 2, 65, 18, 37, 23, 53, 6, 58, 22, 41, 27, 46, 10, 62, 15, 34, 31, 50, 3, 66, 19, 38, 24, 54, 7, 59, 12, 42, 28, 47,
11, 63, 16, 35, 32, 51, 4, 56, 20, 39, 25, 55, 8, 60, 13, 43, 29, 48),  (1, 59, 7, 65, 2, 60, 8, 66, 3, 61, 9, 56, 4, 62, 10, 57, 5, 63, 11, 
58, 6, 64)(12, 48, 18, 54, 13, 49, 19, 55, 14, 50, 20, 45, 15, 51, 21, 46, 16, 52, 22, 47, 17, 53)(23, 37, 29, 43, 24, 38, 30, 44, 25, 39, 31,
34, 26, 40, 32, 35, 27, 41, 33, 36, 28, 42),  ], [  (1, 59, 18, 43, 24, 49, 8, 66, 14, 39, 31, 45, 4, 62, 21, 35, 27, 52, 11, 58, 17, 42, 23, 
48, 7, 65, 13, 38, 30, 55, 3, 61, 20, 34, 26, 51, 10, 57, 16, 41, 33, 47, 6, 64, 12, 37, 29, 54, 2, 60, 19, 44, 25, 50, 9, 56, 15, 40, 32, 46,
5, 63, 22, 36, 28, 53),  (1, 64, 6, 58, 11, 63, 5, 57, 10, 62, 4, 56, 9, 61, 3, 66, 8, 60, 2, 65, 7, 59)(12, 53, 17, 47, 22, 52, 16, 46, 21, 
51, 15, 45, 20, 50, 14, 55, 19, 49, 13, 54, 18, 48)(23, 42, 28, 36, 33, 41, 27, 35, 32, 40, 26, 34, 31, 39, 25, 44, 30, 38, 24, 43, 29, 37),  
], [  (1, 53, 28, 36, 22, 63, 5, 46, 32, 40, 15, 56, 9, 50, 25, 44, 19, 60, 2, 54, 29, 37, 12, 64, 6, 47, 33, 41, 16, 57, 10, 51, 26, 34, 20, 
61, 3, 55, 30, 38, 13, 65, 7, 48, 23, 42, 17, 58, 11, 52, 27, 35, 21, 62, 4, 45, 31, 39, 14, 66, 8, 49, 24, 43, 18, 59),  (1, 48, 7, 54, 2, 
49, 8, 55, 3, 50, 9, 45, 4, 51, 10, 46, 5, 52, 11, 47, 6, 53)(12, 37, 18, 43, 13, 38, 19, 44, 14, 39, 20, 34, 15, 40, 21, 35, 16, 41, 22, 36, 
17, 42)(23, 59, 29, 65, 24, 60, 30, 66, 25, 61, 31, 56, 26, 62, 32, 57, 27, 63, 33, 58, 28, 64),  ], [  (1, 48, 29, 43, 13, 60, 8, 55, 25, 39,
20, 56, 4, 51, 32, 35, 16, 63, 11, 47, 28, 42, 12, 59, 7, 54, 24, 38, 19, 66, 3, 50, 31, 34, 15, 62, 10, 46, 27, 41, 22, 58, 6, 53, 23, 37, 
18, 65, 2, 49, 30, 44, 14, 61, 9, 45, 26, 40, 21, 57, 5, 52, 33, 36, 17, 64),  (1, 53, 6, 47, 11, 52, 5, 46, 10, 51, 4, 45, 9, 50, 3, 55, 8, 
49, 2, 54, 7, 48)(12, 42, 17, 36, 22, 41, 16, 35, 21, 40, 15, 34, 20, 39, 14, 44, 19, 38, 13, 43, 18, 37)(23, 64, 28, 58, 33, 63, 27, 57, 32, 
62, 26, 56, 31, 61, 25, 66, 30, 60, 24, 65, 29, 59),  ], ]
);

BRACES[66].brace[2] := rec ( size := 66, perms := [ [  (),  (),  ], [  (1, 34)(2, 35)(3, 36)(4, 37)(5, 38)(6, 39)(7, 40)(8, 41)(9, 42)(10, 
43)(11, 44)(12, 45)(13, 46)(14, 47)(15, 48)(16, 49)(17, 50)(18, 51)(19, 52)(20, 53)(21, 54)(22, 55)(23, 56)(24, 57)(25, 58)(26, 59)(27, 
60)(28, 61)(29, 62)(30, 63)(31, 64)(32, 65)(33, 66),  (1, 34)(2, 44)(3, 43)(4, 42)(5, 41)(6, 40)(7, 39)(8, 38)(9, 37)(10, 36)(11, 35)(12, 
56)(13, 66)(14, 65)(15, 64)(16, 63)(17, 62)(18, 61)(19, 60)(20, 59)(21, 58)(22, 57)(23, 45)(24, 55)(25, 54)(26, 53)(27, 52)(28, 51)(29, 
50)(30, 49)(31, 48)(32, 47)(33, 46),  ], [  (1, 12, 23)(2, 13, 24)(3, 14, 25)(4, 15, 26)(5, 16, 27)(6, 17, 28)(7, 18, 29)(8, 19, 30)(9, 20, 
31)(10, 21, 32)(11, 22, 33)(34, 45, 56)(35, 46, 57)(36, 47, 58)(37, 48, 59)(38, 49, 60)(39, 50, 61)(40, 51, 62)(41, 52, 63)(42, 53, 64)(43, 
54, 65)(44, 55, 66),  (1, 23, 12)(2, 24, 13)(3, 25, 14)(4, 26, 15)(5, 27, 16)(6, 28, 17)(7, 29, 18)(8, 30, 19)(9, 31, 20)(10, 32, 21)(11, 33, 
22)(34, 56, 45)(35, 57, 46)(36, 58, 47)(37, 59, 48)(38, 60, 49)(39, 61, 50)(40, 62, 51)(41, 63, 52)(42, 64, 53)(43, 65, 54)(44, 66, 55),  ], [
(1, 7, 2, 8, 3, 9, 4, 10, 5, 11, 6)(12, 18, 13, 19, 14, 20, 15, 21, 16, 22, 17)(23, 29, 24, 30, 25, 31, 26, 32, 27, 33, 28)(34, 40, 35, 41, 
36, 42, 37, 43, 38, 44, 39)(45, 51, 46, 52, 47, 53, 48, 54, 49, 55, 50)(56, 62, 57, 63, 58, 64, 59, 65, 60, 66, 61),  (1, 6, 11, 5, 10, 4, 9, 
3, 8, 2, 7)(12, 17, 22, 16, 21, 15, 20, 14, 19, 13, 18)(23, 28, 33, 27, 32, 26, 31, 25, 30, 24, 29)(34, 39, 44, 38, 43, 37, 42, 36, 41, 35, 
40)(45, 50, 55, 49, 54, 48, 53, 47, 52, 46, 51)(56, 61, 66, 60, 65, 59, 64, 58, 63, 57, 62),  ], [  (1, 23, 12)(2, 24, 13)(3, 25, 14)(4, 26, 
15)(5, 27, 16)(6, 28, 17)(7, 29, 18)(8, 30, 19)(9, 31, 20)(10, 32, 21)(11, 33, 22)(34, 56, 45)(35, 57, 46)(36, 58, 47)(37, 59, 48)(38, 60, 
49)(39, 61, 50)(40, 62, 51)(41, 63, 52)(42, 64, 53)(43, 65, 54)(44, 66, 55),  (1, 12, 23)(2, 13, 24)(3, 14, 25)(4, 15, 26)(5, 16, 27)(6, 17, 
28)(7, 18, 29)(8, 19, 30)(9, 20, 31)(10, 21, 32)(11, 22, 33)(34, 45, 56)(35, 46, 57)(36, 47, 58)(37, 48, 59)(38, 49, 60)(39, 50, 61)(40, 51, 
62)(41, 52, 63)(42, 53, 64)(43, 54, 65)(44, 55, 66),  ], [  (1, 6, 11, 5, 10, 4, 9, 3, 8, 2, 7)(12, 17, 22, 16, 21, 15, 20, 14, 19, 13, 
18)(23, 28, 33, 27, 32, 26, 31, 25, 30, 24, 29)(34, 39, 44, 38, 43, 37, 42, 36, 41, 35, 40)(45, 50, 55, 49, 54, 48, 53, 47, 52, 46, 51)(56, 
61, 66, 60, 65, 59, 64, 58, 63, 57, 62),  (1, 7, 2, 8, 3, 9, 4, 10, 5, 11, 6)(12, 18, 13, 19, 14, 20, 15, 21, 16, 22, 17)(23, 29, 24, 30, 25, 
31, 26, 32, 27, 33, 28)(34, 40, 35, 41, 36, 42, 37, 43, 38, 44, 39)(45, 51, 46, 52, 47, 53, 48, 54, 49, 55, 50)(56, 62, 57, 63, 58, 64, 59, 
65, 60, 66, 61),  ], [  (1, 56, 12, 34, 23, 45)(2, 57, 13, 35, 24, 46)(3, 58, 14, 36, 25, 47)(4, 59, 15, 37, 26, 48)(5, 60, 16, 38, 27, 49)(6,
61, 17, 39, 28, 50)(7, 62, 18, 40, 29, 51)(8, 63, 19, 41, 30, 52)(9, 64, 20, 42, 31, 53)(10, 65, 21, 43, 32, 54)(11, 66, 22, 44, 33, 55),  (1,
56)(2, 66)(3, 65)(4, 64)(5, 63)(6, 62)(7, 61)(8, 60)(9, 59)(10, 58)(11, 57)(12, 45)(13, 55)(14, 54)(15, 53)(16, 52)(17, 51)(18, 50)(19, 
49)(20, 48)(21, 47)(22, 46)(23, 34)(24, 44)(25, 43)(26, 42)(27, 41)(28, 40)(29, 39)(30, 38)(31, 37)(32, 36)(33, 35),  ], [  (1, 39, 11, 38, 
10, 37, 9, 36, 8, 35, 7, 34, 6, 44, 5, 43, 4, 42, 3, 41, 2, 40)(12, 50, 22, 49, 21, 48, 20, 47, 19, 46, 18, 45, 17, 55, 16, 54, 15, 53, 14, 
52, 13, 51)(23, 61, 33, 60, 32, 59, 31, 58, 30, 57, 29, 56, 28, 66, 27, 65, 26, 64, 25, 63, 24, 62),  (1, 39)(2, 38)(3, 37)(4, 36)(5, 35)(6, 
34)(7, 44)(8, 43)(9, 42)(10, 41)(11, 40)(12, 61)(13, 60)(14, 59)(15, 58)(16, 57)(17, 56)(18, 66)(19, 65)(20, 64)(21, 63)(22, 62)(23, 50)(24, 
49)(25, 48)(26, 47)(27, 46)(28, 45)(29, 55)(30, 54)(31, 53)(32, 52)(33, 51),  ], [  (1, 45, 23, 34, 12, 56)(2, 46, 24, 35, 13, 57)(3, 47, 25, 
36, 14, 58)(4, 48, 26, 37, 15, 59)(5, 49, 27, 38, 16, 60)(6, 50, 28, 39, 17, 61)(7, 51, 29, 40, 18, 62)(8, 52, 30, 41, 19, 63)(9, 53, 31, 42, 
20, 64)(10, 54, 32, 43, 21, 65)(11, 55, 33, 44, 22, 66),  (1, 45)(2, 55)(3, 54)(4, 53)(5, 52)(6, 51)(7, 50)(8, 49)(9, 48)(10, 47)(11, 46)(12, 
34)(13, 44)(14, 43)(15, 42)(16, 41)(17, 40)(18, 39)(19, 38)(20, 37)(21, 36)(22, 35)(23, 56)(24, 66)(25, 65)(26, 64)(27, 63)(28, 62)(29, 
61)(30, 60)(31, 59)(32, 58)(33, 57),  ], [  (1, 40, 2, 41, 3, 42, 4, 43, 5, 44, 6, 34, 7, 35, 8, 36, 9, 37, 10, 38, 11, 39)(12, 51, 13, 52, 
14, 53, 15, 54, 16, 55, 17, 45, 18, 46, 19, 47, 20, 48, 21, 49, 22, 50)(23, 62, 24, 63, 25, 64, 26, 65, 27, 66, 28, 56, 29, 57, 30, 58, 31, 
59, 32, 60, 33, 61),  (1, 40)(2, 39)(3, 38)(4, 37)(5, 36)(6, 35)(7, 34)(8, 44)(9, 43)(10, 42)(11, 41)(12, 62)(13, 61)(14, 60)(15, 59)(16, 
58)(17, 57)(18, 56)(19, 66)(20, 65)(21, 64)(22, 63)(23, 51)(24, 50)(25, 49)(26, 48)(27, 47)(28, 46)(29, 45)(30, 55)(31, 54)(32, 53)(33, 52),  
], [  (1, 18, 24, 8, 14, 31, 4, 21, 27, 11, 17, 23, 7, 13, 30, 3, 20, 26, 10, 16, 33, 6, 12, 29, 2, 19, 25, 9, 15, 32, 5, 22, 28)(34, 51, 57, 
41, 47, 64, 37, 54, 60, 44, 50, 56, 40, 46, 63, 36, 53, 59, 43, 49, 66, 39, 45, 62, 35, 52, 58, 42, 48, 65, 38, 55, 61),  (1, 28, 22, 5, 32, 
15, 9, 25, 19, 2, 29, 12, 6, 33, 16, 10, 26, 20, 3, 30, 13, 7, 23, 17, 11, 27, 21, 4, 31, 14, 8, 24, 18)(34, 61, 55, 38, 65, 48, 42, 58, 52, 
35, 62, 45, 39, 66, 49, 43, 59, 53, 36, 63, 46, 40, 56, 50, 44, 60, 54, 37, 64, 47, 41, 57, 51),  ], [  (1, 17, 33, 5, 21, 26, 9, 14, 30, 2, 
18, 23, 6, 22, 27, 10, 15, 31, 3, 19, 24, 7, 12, 28, 11, 16, 32, 4, 20, 25, 8, 13, 29)(34, 50, 66, 38, 54, 59, 42, 47, 63, 35, 51, 56, 39, 55,
60, 43, 48, 64, 36, 52, 57, 40, 45, 61, 44, 49, 65, 37, 53, 58, 41, 46, 62),  (1, 29, 13, 8, 25, 20, 4, 32, 16, 11, 28, 12, 7, 24, 19, 3, 31, 
