BRACES[87] := rec( total := -1, implemented := 1, size := 87, brace := [] );BRACES[87].brace[1] := rec ( size := 87, perms := [ [  (),  (),  
], [  (1, 30, 59)(2, 31, 60)(3, 32, 61)(4, 33, 62)(5, 34, 63)(6, 35, 64)(7, 36, 65)(8, 37, 66)(9, 38, 67)(10, 39, 68)(11, 40, 69)(12, 41, 
70)(13, 42, 71)(14, 43, 72)(15, 44, 73)(16, 45, 74)(17, 46, 75)(18, 47, 76)(19, 48, 77)(20, 49, 78)(21, 50, 79)(22, 51, 80)(23, 52, 81)(24, 
53, 82)(25, 54, 83)(26, 55, 84)(27, 56, 85)(28, 57, 86)(29, 58, 87),  (1, 59, 30)(2, 60, 31)(3, 61, 32)(4, 62, 33)(5, 63, 34)(6, 64, 35)(7, 
65, 36)(8, 66, 37)(9, 67, 38)(10, 68, 39)(11, 69, 40)(12, 70, 41)(13, 71, 42)(14, 72, 43)(15, 73, 44)(16, 74, 45)(17, 75, 46)(18, 76, 47)(19, 
77, 48)(20, 78, 49)(21, 79, 50)(22, 80, 51)(23, 81, 52)(24, 82, 53)(25, 83, 54)(26, 84, 55)(27, 85, 56)(28, 86, 57)(29, 87, 58),  ], [  (1, 7,
13, 19, 25, 2, 8, 14, 20, 26, 3, 9, 15, 21, 27, 4, 10, 16, 22, 28, 5, 11, 17, 23, 29, 6, 12, 18, 24)(30, 36, 42, 48, 54, 31, 37, 43, 49, 55, 
32, 38, 44, 50, 56, 33, 39, 45, 51, 57, 34, 40, 46, 52, 58, 35, 41, 47, 53)(59, 65, 71, 77, 83, 60, 66, 72, 78, 84, 61, 67, 73, 79, 85, 62, 
68, 74, 80, 86, 63, 69, 75, 81, 87, 64, 70, 76, 82),  (1, 24, 18, 12, 6, 29, 23, 17, 11, 5, 28, 22, 16, 10, 4, 27, 21, 15, 9, 3, 26, 20, 14, 
8, 2, 25, 19, 13, 7)(30, 53, 47, 41, 35, 58, 52, 46, 40, 34, 57, 51, 45, 39, 33, 56, 50, 44, 38, 32, 55, 49, 43, 37, 31, 54, 48, 42, 36)(59, 
82, 76, 70, 64, 87, 81, 75, 69, 63, 86, 80, 74, 68, 62, 85, 79, 73, 67, 61, 84, 78, 72, 66, 60, 83, 77, 71, 65),  ], [  (1, 59, 30)(2, 60, 
31)(3, 61, 32)(4, 62, 33)(5, 63, 34)(6, 64, 35)(7, 65, 36)(8, 66, 37)(9, 67, 38)(10, 68, 39)(11, 69, 40)(12, 70, 41)(13, 71, 42)(14, 72, 
43)(15, 73, 44)(16, 74, 45)(17, 75, 46)(18, 76, 47)(19, 77, 48)(20, 78, 49)(21, 79, 50)(22, 80, 51)(23, 81, 52)(24, 82, 53)(25, 83, 54)(26, 
84, 55)(27, 85, 56)(28, 86, 57)(29, 87, 58),  (1, 30, 59)(2, 31, 60)(3, 32, 61)(4, 33, 62)(5, 34, 63)(6, 35, 64)(7, 36, 65)(8, 37, 66)(9, 38, 
67)(10, 39, 68)(11, 40, 69)(12, 41, 70)(13, 42, 71)(14, 43, 72)(15, 44, 73)(16, 45, 74)(17, 46, 75)(18, 47, 76)(19, 48, 77)(20, 49, 78)(21, 
50, 79)(22, 51, 80)(23, 52, 81)(24, 53, 82)(25, 54, 83)(26, 55, 84)(27, 56, 85)(28, 57, 86)(29, 58, 87),  ], [  (1, 24, 18, 12, 6, 29, 23, 17,
11, 5, 28, 22, 16, 10, 4, 27, 21, 15, 9, 3, 26, 20, 14, 8, 2, 25, 19, 13, 7)(30, 53, 47, 41, 35, 58, 52, 46, 40, 34, 57, 51, 45, 39, 33, 56, 
50, 44, 38, 32, 55, 49, 43, 37, 31, 54, 48, 42, 36)(59, 82, 76, 70, 64, 87, 81, 75, 69, 63, 86, 80, 74, 68, 62, 85, 79, 73, 67, 61, 84, 78, 
72, 66, 60, 83, 77, 71, 65),  (1, 7, 13, 19, 25, 2, 8, 14, 20, 26, 3, 9, 15, 21, 27, 4, 10, 16, 22, 28, 5, 11, 17, 23, 29, 6, 12, 18, 24)(30, 
36, 42, 48, 54, 31, 37, 43, 49, 55, 32, 38, 44, 50, 56, 33, 39, 45, 51, 57, 34, 40, 46, 52, 58, 35, 41, 47, 53)(59, 65, 71, 77, 83, 60, 66, 
72, 78, 84, 61, 67, 73, 79, 85, 62, 68, 74, 80, 86, 63, 69, 75, 81, 87, 64, 70, 76, 82),  ], [  (1, 36, 71, 19, 54, 60, 8, 43, 78, 26, 32, 67,
15, 50, 85, 4, 39, 74, 22, 57, 63, 11, 46, 81, 29, 35, 70, 18, 53, 59, 7, 42, 77, 25, 31, 66, 14, 49, 84, 3, 38, 73, 21, 56, 62, 10, 45, 80, 
28, 34, 69, 17, 52, 87, 6, 41, 76, 24, 30, 65, 13, 48, 83, 2, 37, 72, 20, 55, 61, 9, 44, 79, 27, 33, 68, 16, 51, 86, 5, 40, 75, 23, 58, 64, 
12, 47, 82),  (1, 82, 47, 12, 64, 58, 23, 75, 40, 5, 86, 51, 16, 68, 33, 27, 79, 44, 9, 61, 55, 20, 72, 37, 2, 83, 48, 13, 65, 30, 24, 76, 41,
6, 87, 52, 17, 69, 34, 28, 80, 45, 10, 62, 56, 21, 73, 38, 3, 84, 49, 14, 66, 31, 25, 77, 42, 7, 59, 53, 18, 70, 35, 29, 81, 46, 11, 63, 57, 
22, 74, 39, 4, 85, 50, 15, 67, 32, 26, 78, 43, 8, 60, 54, 19, 71, 36),  ], [  (1, 53, 76, 12, 35, 87, 23, 46, 69, 5, 57, 80, 16, 39, 62, 27, 
50, 73, 9, 32, 84, 20, 43, 66, 2, 54, 77, 13, 36, 59, 24, 47, 70, 6, 58, 81, 17, 40, 63, 28, 51, 74, 10, 33, 85, 21, 44, 67, 3, 55, 78, 14, 
37, 60, 25, 48, 71, 7, 30, 82, 18, 41, 64, 29, 52, 75, 11, 34, 86, 22, 45, 68, 4, 56, 79, 15, 38, 61, 26, 49, 72, 8, 31, 83, 19, 42, 65),  (1,
65, 42, 19, 83, 31, 8, 72, 49, 26, 61, 38, 15, 79, 56, 4, 68, 45, 22, 86, 34, 11, 75, 52, 29, 64, 41, 18, 82, 30, 7, 71, 48, 25, 60, 37, 14, 
78, 55, 3, 67, 44, 21, 85, 33, 10, 74, 51, 28, 63, 40, 17, 81, 58, 6, 70, 47, 24, 59, 36, 13, 77, 54, 2, 66, 43, 20, 84, 32, 9, 73, 50, 27, 
62, 39, 16, 80, 57, 5, 69, 46, 23, 87, 35, 12, 76, 53),  ], [  (1, 13, 25, 8, 20, 3, 15, 27, 10, 22, 5, 17, 29, 12, 24, 7, 19, 2, 14, 26, 9, 
21, 4, 16, 28, 11, 23, 6, 18)(30, 42, 54, 37, 49, 32, 44, 56, 39, 51, 34, 46, 58, 41, 53, 36, 48, 31, 43, 55, 38, 50, 33, 45, 57, 40, 52, 35, 
47)(59, 71, 83, 66, 78, 61, 73, 85, 68, 80, 63, 75, 87, 70, 82, 65, 77, 60, 72, 84, 67, 79, 62, 74, 86, 69, 81, 64, 76),  (1, 18, 6, 23, 11, 
28, 16, 4, 21, 9, 26, 14, 2, 19, 7, 24, 12, 29, 17, 5, 22, 10, 27, 15, 3, 20, 8, 25, 13)(30, 47, 35, 52, 40, 57, 45, 33, 50, 38, 55, 43, 31, 
48, 36, 53, 41, 58, 46, 34, 51, 39, 56, 44, 32, 49, 37, 54, 42)(59, 76, 64, 81, 69, 86, 74, 62, 79, 67, 84, 72, 60, 77, 65, 82, 70, 87, 75, 
63, 80, 68, 85, 73, 61, 78, 66, 83, 71),  ], [  (1, 65, 42, 19, 83, 31, 8, 72, 49, 26, 61, 38, 15, 79, 56, 4, 68, 45, 22, 86, 34, 11, 75, 52, 
29, 64, 41, 18, 82, 30, 7, 71, 48, 25, 60, 37, 14, 78, 55, 3, 67, 44, 21, 85, 33, 10, 74, 51, 28, 63, 40, 17, 81, 58, 6, 70, 47, 24, 59, 36, 
13, 77, 54, 2, 66, 43, 20, 84, 32, 9, 73, 50, 27, 62, 39, 16, 80, 57, 5, 69, 46, 23, 87, 35, 12, 76, 53),  (1, 53, 76, 12, 35, 87, 23, 46, 69,
5, 57, 80, 16, 39, 62, 27, 50, 73, 9, 32, 84, 20, 43, 66, 2, 54, 77, 13, 36, 59, 24, 47, 70, 6, 58, 81, 17, 40, 63, 28, 51, 74, 10, 33, 85, 
21, 44, 67, 3, 55, 78, 14, 37, 60, 25, 48, 71, 7, 30, 82, 18, 41, 64, 29, 52, 75, 11, 34, 86, 22, 45, 68, 4, 56, 79, 15, 38, 61, 26, 49, 72, 
8, 31, 83, 19, 42, 65),  ], [  (1, 82, 47, 12, 64, 58, 23, 75, 40, 5, 86, 51, 16, 68, 33, 27, 79, 44, 9, 61, 55, 20, 72, 37, 2, 83, 48, 13, 
65, 30, 24, 76, 41, 6, 87, 52, 17, 69, 34, 28, 80, 45, 10, 62, 56, 21, 73, 38, 3, 84, 49, 14, 66, 31, 25, 77, 42, 7, 59, 53, 18, 70, 35, 29, 
81, 46, 11, 63, 57, 22, 74, 39, 4, 85, 50, 15, 67, 32, 26, 78, 43, 8, 60, 54, 19, 71, 36),  (1, 36, 71, 19, 54, 60, 8, 43, 78, 26, 32, 67, 15,
50, 85, 4, 39, 74, 22, 57, 63, 11, 46, 81, 29, 35, 70, 18, 53, 59, 7, 42, 77, 25, 31, 66, 14, 49, 84, 3, 38, 73, 21, 56, 62, 10, 45, 80, 28, 
34, 69, 17, 52, 87, 6, 41, 76, 24, 30, 65, 13, 48, 83, 2, 37, 72, 20, 55, 61, 9, 44, 79, 27, 33, 68, 16, 51, 86, 5, 40, 75, 23, 58, 64, 12, 
47, 82),  ], [  (1, 18, 6, 23, 11, 28, 16, 4, 21, 9, 26, 14, 2, 19, 7, 24, 12, 29, 17, 5, 22, 10, 27, 15, 3, 20, 8, 25, 13)(30, 47, 35, 52, 
40, 57, 45, 33, 50, 38, 55, 43, 31, 48, 36, 53, 41, 58, 46, 34, 51, 39, 56, 44, 32, 49, 37, 54, 42)(59, 76, 64, 81, 69, 86, 74, 62, 79, 67, 
84, 72, 60, 77, 65, 82, 70, 87, 75, 63, 80, 68, 85, 73, 61, 78, 66, 83, 71),  (1, 13, 25, 8, 20, 3, 15, 27, 10, 22, 5, 17, 29, 12, 24, 7, 19, 
2, 14, 26, 9, 21, 4, 16, 28, 11, 23, 6, 18)(30, 42, 54, 37, 49, 32, 44, 56, 39, 51, 34, 46, 58, 41, 53, 36, 48, 31, 43, 55, 38, 50, 33, 45, 
57, 40, 52, 35, 47)(59, 71, 83, 66, 78, 61, 73, 85, 68, 80, 63, 75, 87, 70, 82, 65, 77, 60, 72, 84, 67, 79, 62, 74, 86, 69, 81, 64, 76),  ], [
(1, 42, 83, 8, 49, 61, 15, 56, 68, 22, 34, 75, 29, 41, 82, 7, 48, 60, 14, 55, 67, 21, 33, 74, 28, 40, 81, 6, 47, 59, 13, 54, 66, 20, 32, 73, 
27, 39, 80, 5, 46, 87, 12, 53, 65, 19, 31, 72, 26, 38, 79, 4, 45, 86, 11, 52, 64, 18, 30, 71, 25, 37, 78, 3, 44, 85, 10, 51, 63, 17, 58, 70, 
24, 36, 77, 2, 43, 84, 9, 50, 62, 16, 57, 69, 23, 35, 76),  (1, 76, 35, 23, 69, 57, 16, 62, 50, 9, 84, 43, 2, 77, 36, 24, 70, 58, 17, 63, 51, 
10, 85, 44, 3, 78, 37, 25, 71, 30, 18, 64, 52, 11, 86, 45, 4, 79, 38, 26, 72, 31, 19, 65, 53, 12, 87, 46, 5, 80, 39, 27, 73, 32, 20, 66, 54, 
13, 59, 47, 6, 81, 40, 28, 74, 33, 21, 67, 55, 14, 60, 48, 7, 82, 41, 29, 75, 34, 22, 68, 56, 15, 61, 49, 8, 83, 42),  ], [  (1, 47, 64, 23, 
40, 86, 16, 33, 79, 9, 55, 72, 2, 48, 65, 24, 41, 87, 17, 34, 80, 10, 56, 73, 3, 49, 66, 25, 42, 59, 18, 35, 81, 11, 57, 74, 4, 50, 67, 26, 
43, 60, 19, 36, 82, 12, 58, 75, 5, 51, 68, 27, 44, 61, 20, 37, 83, 13, 30, 76, 6, 52, 69, 28, 45, 62, 21, 38, 84, 14, 31, 77, 7, 53, 70, 29, 
46, 63, 22, 39, 85, 15, 32, 78, 8, 54, 71),  (1, 71, 54, 8, 78, 32, 15, 85, 39, 22, 63, 46, 29, 70, 53, 7, 77, 31, 14, 84, 38, 21, 62, 45, 28,
69, 52, 6, 76, 30, 13, 83, 37, 20, 61, 44, 27, 68, 51, 5, 75, 58, 12, 82, 36, 19, 60, 43, 26, 67, 50, 4, 74, 57, 11, 81, 35, 18, 59, 42, 25, 
66, 49, 3, 73, 56, 10, 80, 34, 17, 87, 41, 24, 65, 48, 2, 72, 55, 9, 79, 33, 16, 86, 40, 23, 64, 47),  ], [  (1, 19, 8, 26, 15, 4, 22, 11, 29,
18, 7, 25, 14, 3, 21, 10, 28, 17, 6, 24, 13, 2, 20, 9, 27, 16, 5, 23, 12)(30, 48, 37, 55, 44, 33, 51, 40, 58, 47, 36, 54, 43, 32, 50, 39, 57, 
46, 35, 53, 42, 31, 49, 38, 56, 45, 34, 52, 41)(59, 77, 66, 84, 73, 62, 80, 69, 87, 76, 65, 83, 72, 61, 79, 68, 86, 75, 64, 82, 71, 60, 78, 
67, 85, 74, 63, 81, 70),  (1, 12, 23, 5, 16, 27, 9, 20, 2, 13, 24, 6, 17, 28, 10, 21, 3, 14, 25, 7, 18, 29, 11, 22, 4, 15, 26, 8, 19)(30, 41, 
52, 34, 45, 56, 38, 49, 31, 42, 53, 35, 46, 57, 39, 50, 32, 43, 54, 36, 47, 58, 40, 51, 33, 44, 55, 37, 48)(59, 70, 81, 63, 74, 85, 67, 78, 
60, 71, 82, 64, 75, 86, 68, 79, 61, 72, 83, 65, 76, 87, 69, 80, 62, 73, 84, 66, 77),  ], [  (1, 71, 54, 8, 78, 32, 15, 85, 39, 22, 63, 46, 29,
70, 53, 7, 77, 31, 14, 84, 38, 21, 62, 45, 28, 69, 52, 6, 76, 30, 13, 83, 37, 20, 61, 44, 27, 68, 51, 5, 75, 58, 12, 82, 36, 19, 60, 43, 26, 
67, 50, 4, 74, 57, 11, 81, 35, 18, 59, 42, 25, 66, 49, 3, 73, 56, 10, 80, 34, 17, 87, 41, 24, 65, 48, 2, 72, 55, 9, 79, 33, 16, 86, 40, 23, 
64, 47),  (1, 47, 64, 23, 40, 86, 16, 33, 79, 9, 55, 72, 2, 48, 65, 24, 41, 87, 17, 34, 80, 10, 56, 73, 3, 49, 66, 25, 42, 59, 18, 35, 81, 11,
57, 74, 4, 50, 67, 26, 43, 60, 19, 36, 82, 12, 58, 75, 5, 51, 68, 27, 44, 61, 20, 37, 83, 13, 30, 76, 6, 52, 69, 28, 45, 62, 21, 38, 84, 14, 
31, 77, 7, 53, 70, 29, 46, 63, 22, 39, 85, 15, 32, 78, 8, 54, 71),  ], [  (1, 76, 35, 23, 69, 57, 16, 62, 50, 9, 84, 43, 2, 77, 36, 24, 70, 
58, 17, 63, 51, 10, 85, 44, 3, 78, 37, 25, 71, 30, 18, 64, 52, 11, 86, 45, 4, 79, 38, 26, 72, 31, 19, 65, 53, 12, 87, 46, 5, 80, 39, 27, 73, 
32, 20, 66, 54, 13, 59, 47, 6, 81, 40, 28, 74, 33, 21, 67, 55, 14, 60, 48, 7, 82, 41, 29, 75, 34, 22, 68, 56, 15, 61, 49, 8, 83, 42),  (1, 42,
83, 8, 49, 61, 15, 56, 68, 22, 34, 75, 29, 41, 82, 7, 48, 60, 14, 55, 67, 21, 33, 74, 28, 40, 81, 6, 47, 59, 13, 54, 66, 20, 32, 73, 27, 39, 
80, 5, 46, 87, 12, 53, 65, 19, 31, 72, 26, 38, 79, 4, 45, 86, 11, 52, 64, 18, 30, 71, 25, 37, 78, 3, 44, 85, 10, 51, 63, 17, 58, 70, 24, 36, 
77, 2, 43, 84, 9, 50, 62, 16, 57, 69, 23, 35, 76),  ], [  (1, 12, 23, 5, 16, 27, 9, 20, 2, 13, 24, 6, 17, 28, 10, 21, 3, 14, 25, 7, 18, 29, 
11, 22, 4, 15, 26, 8, 19)(30, 41, 52, 34, 45, 56, 38, 49, 31, 42, 53, 35, 46, 57, 39, 50, 32, 43, 54, 36, 47, 58, 40, 51, 33, 44, 55, 37, 
48)(59, 70, 81, 63, 74, 85, 67, 78, 60, 71, 82, 64, 75, 86, 68, 79, 61, 72, 83, 65, 76, 87, 69, 80, 62, 73, 84, 66, 77),  (1, 19, 8, 26, 15, 
4, 22, 11, 29, 18, 7, 25, 14, 3, 21, 10, 28, 17, 6, 24, 13, 2, 20, 9, 27, 16, 5, 23, 12)(30, 48, 37, 55, 44, 33, 51, 40, 58, 47, 36, 54, 43, 
32, 50, 39, 57, 46, 35, 53, 42, 31, 49, 38, 56, 45, 34, 52, 41)(59, 77, 66, 84, 73, 62, 80, 69, 87, 76, 65, 83, 72, 61, 79, 68, 86, 75, 64, 
82, 71, 60, 78, 67, 85, 74, 63, 81, 70),  ], [  (1, 48, 66, 26, 44, 62, 22, 40, 87, 18, 36, 83, 14, 32, 79, 10, 57, 75, 6, 53, 71, 2, 49, 67, 
27, 45, 63, 23, 41, 59, 19, 37, 84, 15, 33, 80, 11, 58, 76, 7, 54, 72, 3, 50, 68, 28, 46, 64, 24, 42, 60, 20, 38, 85, 16, 34, 81, 12, 30, 77, 
8, 55, 73, 4, 51, 69, 29, 47, 65, 25, 43, 61, 21, 39, 86, 17, 35, 82, 13, 31, 78, 9, 56, 74, 5, 52, 70),  (1, 70, 52, 5, 74, 56, 9, 78, 31, 
13, 82, 35, 17, 86, 39, 21, 61, 43, 25, 65, 47, 29, 69, 51, 4, 73, 55, 8, 77, 30, 12, 81, 34, 16, 85, 38, 20, 60, 42, 24, 64, 46, 28, 68, 50, 
3, 72, 54, 7, 76, 58, 11, 80, 33, 15, 84, 37, 19, 59, 41, 23, 63, 45, 27, 67, 49, 2, 71, 53, 6, 75, 57, 10, 79, 32, 14, 83, 36, 18, 87, 40, 
22, 62, 44, 26, 66, 48),  ], [  (1, 41, 81, 5, 45, 85, 9, 49, 60, 13, 53, 64, 17, 57, 68, 21, 32, 72, 25, 36, 76, 29, 40, 80, 4, 44, 84, 8, 
48, 59, 12, 52, 63, 16, 56, 67, 20, 31, 71, 24, 35, 75, 28, 39, 79, 3, 43, 83, 7, 47, 87, 11, 51, 62, 15, 55, 66, 19, 30, 70, 23, 34, 74, 27, 
38, 78, 2, 42, 82, 6, 46, 86, 10, 50, 61, 14, 54, 65, 18, 58, 69, 22, 33, 73, 26, 37, 77),  (1, 77, 37, 26, 73, 33, 22, 69, 58, 18, 65, 54, 
14, 61, 50, 10, 86, 46, 6, 82, 42, 2, 78, 38, 27, 74, 34, 23, 70, 30, 19, 66, 55, 15, 62, 51, 11, 87, 47, 7, 83, 43, 3, 79, 39, 28, 75, 35, 
24, 71, 31, 20, 67, 56, 16, 63, 52, 12, 59, 48, 8, 84, 44, 4, 80, 40, 29, 76, 36, 25, 72, 32, 21, 68, 57, 17, 64, 53, 13, 60, 49, 9, 85, 45, 
5, 81, 41),  ], [  (1, 25, 20, 15, 10, 5, 29, 24, 19, 14, 9, 4, 28, 23, 18, 13, 8, 3, 27, 22, 17, 12, 7, 2, 26, 21, 16, 11, 6)(30, 54, 49, 44,
39, 34, 58, 53, 48, 43, 38, 33, 57, 52, 47, 42, 37, 32, 56, 51, 46, 41, 36, 31, 55, 50, 45, 40, 35)(59, 83, 78, 73, 68, 63, 87, 82, 77, 72, 
67, 62, 86, 81, 76, 71, 66, 61, 85, 80, 75, 70, 65, 60, 84, 79, 74, 69, 64),  (1, 6, 11, 16, 21, 26, 2, 7, 12, 17, 22, 27, 3, 8, 13, 18, 23, 
28, 4, 9, 14, 19, 24, 29, 5, 10, 15, 20, 25)(30, 35, 40, 45, 50, 55, 31, 36, 41, 46, 51, 56, 32, 37, 42, 47, 52, 57, 33, 38, 43, 48, 53, 58, 
34, 39, 44, 49, 54)(59, 64, 69, 74, 79, 84, 60, 65, 70, 75, 80, 85, 61, 66, 71, 76, 81, 86, 62, 67, 72, 77, 82, 87, 63, 68, 73, 78, 83),  ], [
(1, 77, 37, 26, 73, 33, 22, 69, 58, 18, 65, 54, 14, 61, 50, 10, 86, 46, 6, 82, 42, 2, 78, 38, 27, 74, 34, 23, 70, 30, 19, 66, 55, 15, 62, 51, 
11, 87, 47, 7, 83, 43, 3, 79, 39, 28, 75, 35, 24, 71, 31, 20, 67, 56, 16, 63, 52, 12, 59, 48, 8, 84, 44, 4, 80, 40, 29, 76, 36, 25, 72, 32, 
21, 68, 57, 17, 64, 53, 13, 60, 49, 9, 85, 45, 5, 81, 41),  (1, 41, 81, 5, 45, 85, 9, 49, 60, 13, 53, 64, 17, 57, 68, 21, 32, 72, 25, 36, 76, 
29, 40, 80, 4, 44, 84, 8, 48, 59, 12, 52, 63, 16, 56, 67, 20, 31, 71, 24, 35, 75, 28, 39, 79, 3, 43, 83, 7, 47, 87, 11, 51, 62, 15, 55, 66, 
19, 30, 70, 23, 34, 74, 27, 38, 78, 2, 42, 82, 6, 46, 86, 10, 50, 61, 14, 54, 65, 18, 58, 69, 22, 33, 73, 26, 37, 77),  ], [  (1, 70, 52, 5, 
74, 56, 9, 78, 31, 13, 82, 35, 17, 86, 39, 21, 61, 43, 25, 65, 47, 29, 69, 51, 4, 73, 55, 8, 77, 30, 12, 81, 34, 16, 85, 38, 20, 60, 42, 24, 
64, 46, 28, 68, 50, 3, 72, 54, 7, 76, 58, 11, 80, 33, 15, 84, 37, 19, 59, 41, 23, 63, 45, 27, 67, 49, 2, 71, 53, 6, 75, 57, 10, 79, 32, 14, 
83, 36, 18, 87, 40, 22, 62, 44, 26, 66, 48),  (1, 48, 66, 26, 44, 62, 22, 40, 87, 18, 36, 83, 14, 32, 79, 10, 57, 75, 6, 53, 71, 2, 49, 67, 
27, 45, 63, 23, 41, 59, 19, 37, 84, 15, 33, 80, 11, 58, 76, 7, 54, 72, 3, 50, 68, 28, 46, 64, 24, 42, 60, 20, 38, 85, 16, 34, 81, 12, 30, 77, 
8, 55, 73, 4, 51, 69, 29, 47, 65, 25, 43, 61, 21, 39, 86, 17, 35, 82, 13, 31, 78, 9, 56, 74, 5, 52, 70),  ], [  (1, 6, 11, 16, 21, 26, 2, 7, 
12, 17, 22, 27, 3, 8, 13, 18, 23, 28, 4, 9, 14, 19, 24, 29, 5, 10, 15, 20, 25)(30, 35, 40, 45, 50, 55, 31, 36, 41, 46, 51, 56, 32, 37, 42, 47,
52, 57, 33, 38, 43, 48, 53, 58, 34, 39, 44, 49, 54)(59, 64, 69, 74, 79, 84, 60, 65, 70, 75, 80, 85, 61, 66, 71, 76, 81, 86, 62, 67, 72, 77, 
82, 87, 63, 68, 73, 78, 83),  (1, 25, 20, 15, 10, 5, 29, 24, 19, 14, 9, 4, 28, 23, 18, 13, 8, 3, 27, 22, 17, 12, 7, 2, 26, 21, 16, 11, 6)(30, 
54, 49, 44, 39, 34, 58, 53, 48, 43, 38, 33, 57, 52, 47, 42, 37, 32, 56, 51, 46, 41, 36, 31, 55, 50, 45, 40, 35)(59, 83, 78, 73, 68, 63, 87, 
82, 77, 72, 67, 62, 86, 81, 76, 71, 66, 61, 85, 80, 75, 70, 65, 60, 84, 79, 74, 69, 64),  ], [  (1, 54, 78, 15, 39, 63, 29, 53, 77, 14, 38, 
62, 28, 52, 76, 13, 37, 61, 27, 51, 75, 12, 36, 60, 26, 50, 74, 11, 35, 59, 25, 49, 73, 10, 34, 87, 24, 48, 72, 9, 33, 86, 23, 47, 71, 8, 32, 
85, 22, 46, 70, 7, 31, 84, 21, 45, 69, 6, 30, 83, 20, 44, 68, 5, 58, 82, 19, 43, 67, 4, 57, 81, 18, 42, 66, 3, 56, 80, 17, 41, 65, 2, 55, 79, 
16, 40, 64),  (1, 64, 40, 16, 79, 55, 2, 65, 41, 17, 80, 56, 3, 66, 42, 18, 81, 57, 4, 67, 43, 19, 82, 58, 5, 68, 44, 20, 83, 30, 6, 69, 45, 
21, 84, 31, 7, 70, 46, 22, 85, 32, 8, 71, 47, 23, 86, 33, 9, 72, 48, 24, 87, 34, 10, 73, 49, 25, 59, 35, 11, 74, 50, 26, 60, 36, 12, 75, 51, 
27, 61, 37, 13, 76, 52, 28, 62, 38, 14, 77, 53, 29, 63, 39, 15, 78, 54),  ], [  (1, 35, 69, 16, 50, 84, 2, 36, 70, 17, 51, 85, 3, 37, 71, 18, 
52, 86, 4, 38, 72, 19, 53, 87, 5, 39, 73, 20, 54, 59, 6, 40, 74, 21, 55, 60, 7, 41, 75, 22, 56, 61, 8, 42, 76, 23, 57, 62, 9, 43, 77, 24, 58, 
63, 10, 44, 78, 25, 30, 64, 11, 45, 79, 26, 31, 65, 12, 46, 80, 27, 32, 66, 13, 47, 81, 28, 33, 67, 14, 48, 82, 29, 34, 68, 15, 49, 83),  (1, 
83, 49, 15, 68, 34, 29, 82, 48, 14, 67, 33, 28, 81, 47, 13, 66, 32, 27, 80, 46, 12, 65, 31, 26, 79, 45, 11, 64, 30, 25, 78, 44, 10, 63, 58, 
24, 77, 43, 9, 62, 57, 23, 76, 42, 8, 61, 56, 22, 75, 41, 7, 60, 55, 21, 74, 40, 6, 59, 54, 20, 73, 39, 5, 87, 53, 19, 72, 38, 4, 86, 52, 18, 
71, 37, 3, 85, 51, 17, 70, 36, 2, 84, 50, 16, 69, 35),  ], [  (1, 2, 3, 4, 5, 6, 7, 8, 9, 10, 11, 12, 13, 14, 15, 16, 17, 18, 19, 20, 21, 22, 
23, 24, 25, 26, 27, 28, 29)(30, 31, 32, 33, 34, 35, 36, 37, 38, 39, 40, 41, 42, 43, 44, 45, 46, 47, 48, 49, 50, 51, 52, 53, 54, 55, 56, 57, 
58)(59, 60, 61, 62, 63, 64, 65, 66, 67, 68, 69, 70, 71, 72, 73, 74, 75, 76, 77, 78, 79, 80, 81, 82, 83, 84, 85, 86, 87),  (1, 29, 28, 27, 26, 
25, 24, 23, 22, 21, 20, 19, 18, 17, 16, 15, 14, 13, 12, 11, 10, 9, 8, 7, 6, 5, 4, 3, 2)(30, 58, 57, 56, 55, 54, 53, 52, 51, 50, 49, 48, 47, 
46, 45, 44, 43, 42, 41, 40, 39, 38, 37, 36, 35, 34, 33, 32, 31)(59, 87, 86, 85, 84, 83, 82, 81, 80, 79, 78, 77, 76, 75, 74, 73, 72, 71, 70, 
69, 68, 67, 66, 65, 64, 63, 62, 61, 60),  ], [  (1, 83, 49, 15, 68, 34, 29, 82, 48, 14, 67, 33, 28, 81, 47, 13, 66, 32, 27, 80, 46, 12, 65, 
31, 26, 79, 45, 11, 64, 30, 25, 78, 44, 10, 63, 58, 24, 77, 43, 9, 62, 57, 23, 76, 42, 8, 61, 56, 22, 75, 41, 7, 60, 55, 21, 74, 40, 6, 59, 
54, 20, 73, 39, 5, 87, 53, 19, 72, 38, 4, 86, 52, 18, 71, 37, 3, 85, 51, 17, 70, 36, 2, 84, 50, 16, 69, 35),  (1, 35, 69, 16, 50, 84, 2, 36, 
70, 17, 51, 85, 3, 37, 71, 18, 52, 86, 4, 38, 72, 19, 53, 87, 5, 39, 73, 20, 54, 59, 6, 40, 74, 21, 55, 60, 7, 41, 75, 22, 56, 61, 8, 42, 76, 
23, 57, 62, 9, 43, 77, 24, 58, 63, 10, 44, 78, 25, 30, 64, 11, 45, 79, 26, 31, 65, 12, 46, 80, 27, 32, 66, 13, 47, 81, 28, 33, 67, 14, 48, 82,
29, 34, 68, 15, 49, 83),  ], [  (1, 64, 40, 16, 79, 55, 2, 65, 41, 17, 80, 56, 3, 66, 42, 18, 81, 57, 4, 67, 43, 19, 82, 58, 5, 68, 44, 20, 
83, 30, 6, 69, 45, 21, 84, 31, 7, 70, 46, 22, 85, 32, 8, 71, 47, 23, 86, 33, 9, 72, 48, 24, 87, 34, 10, 73, 49, 25, 59, 35, 11, 74, 50, 26, 
60, 36, 12, 75, 51, 27, 61, 37, 13, 76, 52, 28, 62, 38, 14, 77, 53, 29, 63, 39, 15, 78, 54),  (1, 54, 78, 15, 39, 63, 29, 53, 77, 14, 38, 62, 
28, 52, 76, 13, 37, 61, 27, 51, 75, 12, 36, 60, 26, 50, 74, 11, 35, 59, 25, 49, 73, 10, 34, 87, 24, 48, 72, 9, 33, 86, 23, 47, 71, 8, 32, 85, 
22, 46, 70, 7, 31, 84, 21, 45, 69, 6, 30, 83, 20, 44, 68, 5, 58, 82, 19, 43, 67, 4, 57, 81, 18, 42, 66, 3, 56, 80, 17, 41, 65, 2, 55, 79, 16, 
40, 64),  ], [  (1, 29, 28, 27, 26, 25, 24, 23, 22, 21, 20, 19, 18, 17, 16, 15, 14, 13, 12, 11, 10, 9, 8, 7, 6, 5, 4, 3, 2)(30, 58, 57, 56, 
55, 54, 53, 52, 51, 50, 49, 48, 47, 46, 45, 44, 43, 42, 41, 40, 39, 38, 37, 36, 35, 34, 33, 32, 31)(59, 87, 86, 85, 84, 83, 82, 81, 80, 79, 
78, 77, 76, 75, 74, 73, 72, 71, 70, 69, 68, 67, 66, 65, 64, 63, 62, 61, 60),  (1, 2, 3, 4, 5, 6, 7, 8, 9, 10, 11, 12, 13, 14, 15, 16, 17, 18, 
19, 20, 21, 22, 23, 24, 25, 26, 27, 28, 29)(30, 31, 32, 33, 34, 35, 36, 37, 38, 39, 40, 41, 42, 43, 44, 45, 46, 47, 48, 49, 50, 51, 52, 53, 
54, 55, 56, 57, 58)(59, 60, 61, 62, 63, 64, 65, 66, 67, 68, 69, 70, 71, 72, 73, 74, 75, 76, 77, 78, 79, 80, 81, 82, 83, 84, 85, 86, 87),  ], [
(1, 31, 61, 4, 34, 64, 7, 37, 67, 10, 40, 70, 13, 43, 73, 16, 46, 76, 19, 49, 79, 22, 52, 82, 25, 55, 85, 28, 58, 59, 2, 32, 62, 5, 35, 65, 8,
38, 68, 11, 41, 71, 14, 44, 74, 17, 47, 77, 20, 50, 80, 23, 53, 83, 26, 56, 86, 29, 30, 60, 3, 33, 63, 6, 36, 66, 9, 39, 69, 12, 42, 72, 15, 
45, 75, 18, 48, 78, 21, 51, 81, 24, 54, 84, 27, 57, 87),  (1, 87, 57, 27, 84, 54, 24, 81, 51, 21, 78, 48, 18, 75, 45, 15, 72, 42, 12, 69, 39, 
9, 66, 36, 6, 63, 33, 3, 60, 30, 29, 86, 56, 26, 83, 53, 23, 80, 50, 20, 77, 47, 17, 74, 44, 14, 71, 41, 11, 68, 38, 8, 65, 35, 5, 62, 32, 2, 
59, 58, 28, 85, 55, 25, 82, 52, 22, 79, 49, 19, 76, 46, 16, 73, 43, 13, 70, 40, 10, 67, 37, 7, 64, 34, 4, 61, 31),  ], [  (1, 58, 86, 27, 55, 
83, 24, 52, 80, 21, 49, 77, 18, 46, 74, 15, 43, 71, 12, 40, 68, 9, 37, 65, 6, 34, 62, 3, 31, 59, 29, 57, 85, 26, 54, 82, 23, 51, 79, 20, 48, 
76, 17, 45, 73, 14, 42, 70, 11, 39, 67, 8, 36, 64, 5, 33, 61, 2, 30, 87, 28, 56, 84, 25, 53, 81, 22, 50, 78, 19, 47, 75, 16, 44, 72, 13, 41, 
69, 10, 38, 66, 7, 35, 63, 4, 32, 60),  (1, 60, 32, 4, 63, 35, 7, 66, 38, 10, 69, 41, 13, 72, 44, 16, 75, 47, 19, 78, 50, 22, 81, 53, 25, 84, 
56, 28, 87, 30, 2, 61, 33, 5, 64, 36, 8, 67, 39, 11, 70, 42, 14, 73, 45, 17, 76, 48, 20, 79, 51, 23, 82, 54, 26, 85, 57, 29, 59, 31, 3, 62, 
34, 6, 65, 37, 9, 68, 40, 12, 71, 43, 15, 74, 46, 18, 77, 49, 21, 80, 52, 24, 83, 55, 27, 86, 58),  ], [  (1, 8, 15, 22, 29, 7, 14, 21, 28, 6,
13, 20, 27, 5, 12, 19, 26, 4, 11, 18, 25, 3, 10, 17, 24, 2, 9, 16, 23)(30, 37, 44, 51, 58, 36, 43, 50, 57, 35, 42, 49, 56, 34, 41, 48, 55, 33,
40, 47, 54, 32, 39, 46, 53, 31, 38, 45, 52)(59, 66, 73, 80, 87, 65, 72, 79, 86, 64, 71, 78, 85, 63, 70, 77, 84, 62, 69, 76, 83, 61, 68, 75, 
82, 60, 67, 74, 81),  (1, 23, 16, 9, 2, 24, 17, 10, 3, 25, 18, 11, 4, 26, 19, 12, 5, 27, 20, 13, 6, 28, 21, 14, 7, 29, 22, 15, 8)(30, 52, 45, 
38, 31, 53, 46, 39, 32, 54, 47, 40, 33, 55, 48, 41, 34, 56, 49, 42, 35, 57, 50, 43, 36, 58, 51, 44, 37)(59, 81, 74, 67, 60, 82, 75, 68, 61, 
83, 76, 69, 62, 84, 77, 70, 63, 85, 78, 71, 64, 86, 79, 72, 65, 87, 80, 73, 66),  ], [  (1, 60, 32, 4, 63, 35, 7, 66, 38, 10, 69, 41, 13, 72, 
44, 16, 75, 47, 19, 78, 50, 22, 81, 53, 25, 84, 56, 28, 87, 30, 2, 61, 33, 5, 64, 36, 8, 67, 39, 11, 70, 42, 14, 73, 45, 17, 76, 48, 20, 79, 
51, 23, 82, 54, 26, 85, 57, 29, 59, 31, 3, 62, 34, 6, 65, 37, 9, 68, 40, 12, 71, 43, 15, 74, 46, 18, 77, 49, 21, 80, 52, 24, 83, 55, 27, 86, 
58),  (1, 58, 86, 27, 55, 83, 24, 52, 80, 21, 49, 77, 18, 46, 74, 15, 43, 71, 12, 40, 68, 9, 37, 65, 6, 34, 62, 3, 31, 59, 29, 57, 85, 26, 54,
82, 23, 51, 79, 20, 48, 76, 17, 45, 73, 14, 42, 70, 11, 39, 67, 8, 36, 64, 5, 33, 61, 2, 30, 87, 28, 56, 84, 25, 53, 81, 22, 50, 78, 19, 47, 
75, 16, 44, 72, 13, 41, 69, 10, 38, 66, 7, 35, 63, 4, 32, 60),  ], [  (1, 87, 57, 27, 84, 54, 24, 81, 51, 21, 78, 48, 18, 75, 45, 15, 72, 42, 
12, 69, 39, 9, 66, 36, 6, 63, 33, 3, 60, 30, 29, 86, 56, 26, 83, 53, 23, 80, 50, 20, 77, 47, 17, 74, 44, 14, 71, 41, 11, 68, 38, 8, 65, 35, 5,
62, 32, 2, 59, 58, 28, 85, 55, 25, 82, 52, 22, 79, 49, 19, 76, 46, 16, 73, 43, 13, 70, 40, 10, 67, 37, 7, 64, 34, 4, 61, 31),  (1, 31, 61, 4, 
34, 64, 7, 37, 67, 10, 40, 70, 13, 43, 73, 16, 46, 76, 19, 49, 79, 22, 52, 82, 25, 55, 85, 28, 58, 59, 2, 32, 62, 5, 35, 65, 8, 38, 68, 11, 
41, 71, 14, 44, 74, 17, 47, 77, 20, 50, 80, 23, 53, 83, 26, 56, 86, 29, 30, 60, 3, 33, 63, 6, 36, 66, 9, 39, 69, 12, 42, 72, 15, 45, 75, 18, 
48, 78, 21, 51, 81, 24, 54, 84, 27, 57, 87),  ], [  (1, 23, 16, 9, 2, 24, 17, 10, 3, 25, 18, 11, 4, 26, 19, 12, 5, 27, 20, 13, 6, 28, 21, 14, 
7, 29, 22, 15, 8)(30, 52, 45, 38, 31, 53, 46, 39, 32, 54, 47, 40, 33, 55, 48, 41, 34, 56, 49, 42, 35, 57, 50, 43, 36, 58, 51, 44, 37)(59, 81, 
74, 67, 60, 82, 75, 68, 61, 83, 76, 69, 62, 84, 77, 70, 63, 85, 78, 71, 64, 86, 79, 72, 65, 87, 80, 73, 66),  (1, 8, 15, 22, 29, 7, 14, 21, 
28, 6, 13, 20, 27, 5, 12, 19, 26, 4, 11, 18, 25, 3, 10, 17, 24, 2, 9, 16, 23)(30, 37, 44, 51, 58, 36, 43, 50, 57, 35, 42, 49, 56, 34, 41, 48, 
55, 33, 40, 47, 54, 32, 39, 46, 53, 31, 38, 45, 52)(59, 66, 73, 80, 87, 65, 72, 79, 86, 64, 71, 78, 85, 63, 70, 77, 84, 62, 69, 76, 83, 61, 
68, 75, 82, 60, 67, 74, 81),  ], [  (1, 37, 73, 22, 58, 65, 14, 50, 86, 6, 42, 78, 27, 34, 70, 19, 55, 62, 11, 47, 83, 3, 39, 75, 24, 31, 67, 
16, 52, 59, 8, 44, 80, 29, 36, 72, 21, 57, 64, 13, 49, 85, 5, 41, 77, 26, 33, 69, 18, 54, 61, 10, 46, 82, 2, 38, 74, 23, 30, 66, 15, 51, 87, 
7, 43, 79, 28, 35, 71, 20, 56, 63, 12, 48, 84, 4, 40, 76, 25, 32, 68, 17, 53, 60, 9, 45, 81),  (1, 81, 45, 9, 60, 53, 17, 68, 32, 25, 76, 40, 
4, 84, 48, 12, 63, 56, 20, 71, 35, 28, 79, 43, 7, 87, 51, 15, 66, 30, 23, 74, 38, 2, 82, 46, 10, 61, 54, 18, 69, 33, 26, 77, 41, 5, 85, 49, 
13, 64, 57, 21, 72, 36, 29, 80, 44, 8, 59, 52, 16, 67, 31, 24, 75, 39, 3, 83, 47, 11, 62, 55, 19, 70, 34, 27, 78, 42, 6, 86, 50, 14, 65, 58, 
22, 73, 37),  ], [  (1, 52, 74, 9, 31, 82, 17, 39, 61, 25, 47, 69, 4, 55, 77, 12, 34, 85, 20, 42, 64, 28, 50, 72, 7, 58, 80, 15, 37, 59, 23, 
45, 67, 2, 53, 75, 10, 32, 83, 18, 40, 62, 26, 48, 70, 5, 56, 78, 13, 35, 86, 21, 43, 65, 29, 51, 73, 8, 30, 81, 16, 38, 60, 24, 46, 68, 3, 
54, 76, 11, 33, 84, 19, 41, 63, 27, 49, 71, 6, 57, 79, 14, 36, 87, 22, 44, 66),  (1, 66, 44, 22, 87, 36, 14, 79, 57, 6, 71, 49, 27, 63, 41, 
19, 84, 33, 11, 76, 54, 3, 68, 46, 24, 60, 38, 16, 81, 30, 8, 73, 51, 29, 65, 43, 21, 86, 35, 13, 78, 56, 5, 70, 48, 26, 62, 40, 18, 83, 32, 
10, 75, 53, 2, 67, 45, 23, 59, 37, 15, 80, 58, 7, 72, 50, 28, 64, 42, 20, 85, 34, 12, 77, 55, 4, 69, 47, 25, 61, 39, 17, 82, 31, 9, 74, 52),  
], [  (1, 14, 27, 11, 24, 8, 21, 5, 18, 2, 15, 28, 12, 25, 9, 22, 6, 19, 3, 16, 29, 13, 26, 10, 23, 7, 20, 4, 17)(30, 43, 56, 40, 53, 37, 50, 
34, 47, 31, 44, 57, 41, 54, 38, 51, 35, 48, 32, 45, 58, 42, 55, 39, 52, 36, 49, 33, 46)(59, 72, 85, 69, 82, 66, 79, 63, 76, 60, 73, 86, 70, 
83, 67, 80, 64, 77, 61, 74, 87, 71, 84, 68, 81, 65, 78, 62, 75),  (1, 17, 4, 20, 7, 23, 10, 26, 13, 29, 16, 3, 19, 6, 22, 9, 25, 12, 28, 15, 
2, 18, 5, 21, 8, 24, 11, 27, 14)(30, 46, 33, 49, 36, 52, 39, 55, 42, 58, 45, 32, 48, 35, 51, 38, 54, 41, 57, 44, 31, 47, 34, 50, 37, 53, 40, 
56, 43)(59, 75, 62, 78, 65, 81, 68, 84, 71, 87, 74, 61, 77, 64, 80, 67, 83, 70, 86, 73, 60, 76, 63, 79, 66, 82, 69, 85, 72),  ], [  (1, 66, 
44, 22, 87, 36, 14, 79, 57, 6, 71, 49, 27, 63, 41, 19, 84, 33, 11, 76, 54, 3, 68, 46, 24, 60, 38, 16, 81, 30, 8, 73, 51, 29, 65, 43, 21, 86, 
35, 13, 78, 56, 5, 70, 48, 26, 62, 40, 18, 83, 32, 10, 75, 53, 2, 67, 45, 23, 59, 37, 15, 80, 58, 7, 72, 50, 28, 64, 42, 20, 85, 34, 12, 77, 
55, 4, 69, 47, 25, 61, 39, 17, 82, 31, 9, 74, 52),  (1, 52, 74, 9, 31, 82, 17, 39, 61, 25, 47, 69, 4, 55, 77, 12, 34, 85, 20, 42, 64, 28, 50, 
72, 7, 58, 80, 15, 37, 59, 23, 45, 67, 2, 53, 75, 10, 32, 83, 18, 40, 62, 26, 48, 70, 5, 56, 78, 13, 35, 86, 21, 43, 65, 29, 51, 73, 8, 30, 
81, 16, 38, 60, 24, 46, 68, 3, 54, 76, 11, 33, 84, 19, 41, 63, 27, 49, 71, 6, 57, 79, 14, 36, 87, 22, 44, 66),  ], [  (1, 81, 45, 9, 60, 53, 
17, 68, 32, 25, 76, 40, 4, 84, 48, 12, 63, 56, 20, 71, 35, 28, 79, 43, 7, 87, 51, 15, 66, 30, 23, 74, 38, 2, 82, 46, 10, 61, 54, 18, 69, 33, 
26, 77, 41, 5, 85, 49, 13, 64, 57, 21, 72, 36, 29, 80, 44, 8, 59, 52, 16, 67, 31, 24, 75, 39, 3, 83, 47, 11, 62, 55, 19, 70, 34, 27, 78, 42, 
6, 86, 50, 14, 65, 58, 22, 73, 37),  (1, 37, 73, 22, 58, 65, 14, 50, 86, 6, 42, 78, 27, 34, 70, 19, 55, 62, 11, 47, 83, 3, 39, 75, 24, 31, 67,
16, 52, 59, 8, 44, 80, 29, 36, 72, 21, 57, 64, 13, 49, 85, 5, 41, 77, 26, 33, 69, 18, 54, 61, 10, 46, 82, 2, 38, 74, 23, 30, 66, 15, 51, 87, 
7, 43, 79, 28, 35, 71, 20, 56, 63, 12, 48, 84, 4, 40, 76, 25, 32, 68, 17, 53, 60, 9, 45, 81),  ], [  (1, 17, 4, 20, 7, 23, 10, 26, 13, 29, 16,
3, 19, 6, 22, 9, 25, 12, 28, 15, 2, 18, 5, 21, 8, 24, 11, 27, 14)(30, 46, 33, 49, 36, 52, 39, 55, 42, 58, 45, 32, 48, 35, 51, 38, 54, 41, 57, 
44, 31, 47, 34, 50, 37, 53, 40, 56, 43)(59, 75, 62, 78, 65, 81, 68, 84, 71, 87, 74, 61, 77, 64, 80, 67, 83, 70, 86, 73, 60, 76, 63, 79, 66, 
82, 69, 85, 72),  (1, 14, 27, 11, 24, 8, 21, 5, 18, 2, 15, 28, 12, 25, 9, 22, 6, 19, 3, 16, 29, 13, 26, 10, 23, 7, 20, 4, 17)(30, 43, 56, 40, 
53, 37, 50, 34, 47, 31, 44, 57, 41, 54, 38, 51, 35, 48, 32, 45, 58, 42, 55, 39, 52, 36, 49, 33, 46)(59, 72, 85, 69, 82, 66, 79, 63, 76, 60, 
73, 86, 70, 83, 67, 80, 64, 77, 61, 74, 87, 71, 84, 68, 81, 65, 78, 62, 75),  ], [  (1, 49, 68, 29, 48, 67, 28, 47, 66, 27, 46, 65, 26, 45, 
64, 25, 44, 63, 24, 43, 62, 23, 42, 61, 22, 41, 60, 21, 40, 59, 20, 39, 87, 19, 38, 86, 18, 37, 85, 17, 36, 84, 16, 35, 83, 15, 34, 82, 14, 
33, 81, 13, 32, 80, 12, 31, 79, 11, 30, 78, 10, 58, 77, 9, 57, 76, 8, 56, 75, 7, 55, 74, 6, 54, 73, 5, 53, 72, 4, 52, 71, 3, 51, 70, 2, 50, 
69),  (1, 69, 50, 2, 70, 51, 3, 71, 52, 4, 72, 53, 5, 73, 54, 6, 74, 55, 7, 75, 56, 8, 76, 57, 9, 77, 58, 10, 78, 30, 11, 79, 31, 12, 80, 32, 
13, 81, 33, 14, 82, 34, 15, 83, 35, 16, 84, 36, 17, 85, 37, 18, 86, 38, 19, 87, 39, 20, 59, 40, 21, 60, 41, 22, 61, 42, 23, 62, 43, 24, 63, 
44, 25, 64, 45, 26, 65, 46, 27, 66, 47, 28, 67, 48, 29, 68, 49),  ], [  (1, 78, 39, 29, 77, 38, 28, 76, 37, 27, 75, 36, 26, 74, 35, 25, 73, 
34, 24, 72, 33, 23, 71, 32, 22, 70, 31, 21, 69, 30, 20, 68, 58, 19, 67, 57, 18, 66, 56, 17, 65, 55, 16, 64, 54, 15, 63, 53, 14, 62, 52, 13, 
61, 51, 12, 60, 50, 11, 59, 49, 10, 87, 48, 9, 86, 47, 8, 85, 46, 7, 84, 45, 6, 83, 44, 5, 82, 43, 4, 81, 42, 3, 80, 41, 2, 79, 40),  (1, 40, 
79, 2, 41, 80, 3, 42, 81, 4, 43, 82, 5, 44, 83, 6, 45, 84, 7, 46, 85, 8, 47, 86, 9, 48, 87, 10, 49, 59, 11, 50, 60, 12, 51, 61, 13, 52, 62, 
14, 53, 63, 15, 54, 64, 16, 55, 65, 17, 56, 66, 18, 57, 67, 19, 58, 68, 20, 30, 69, 21, 31, 70, 22, 32, 71, 23, 33, 72, 24, 34, 73, 25, 35, 
74, 26, 36, 75, 27, 37, 76, 28, 38, 77, 29, 39, 78),  ], [  (1, 55, 80, 18, 43, 68, 6, 31, 85, 23, 48, 73, 11, 36, 61, 28, 53, 78, 16, 41, 66,
4, 58, 83, 21, 46, 71, 9, 34, 59, 26, 51, 76, 14, 39, 64, 2, 56, 81, 19, 44, 69, 7, 32, 86, 24, 49, 74, 12, 37, 62, 29, 54, 79, 17, 42, 67, 5,
30, 84, 22, 47, 72, 10, 35, 60, 27, 52, 77, 15, 40, 65, 3, 57, 82, 20, 45, 70, 8, 33, 87, 25, 50, 75, 13, 38, 63),  (1, 63, 38, 13, 75, 50, 
25, 87, 33, 8, 70, 45, 20, 82, 57, 3, 65, 40, 15, 77, 52, 27, 60, 35, 10, 72, 47, 22, 84, 30, 5, 67, 42, 17, 79, 54, 29, 62, 37, 12, 74, 49, 
24, 86, 32, 7, 69, 44, 19, 81, 56, 2, 64, 39, 14, 76, 51, 26, 59, 34, 9, 71, 46, 21, 83, 58, 4, 66, 41, 16, 78, 53, 28, 61, 36, 11, 73, 48, 
23, 85, 31, 6, 68, 43, 18, 80, 55),  ], [  (1, 20, 10, 29, 19, 9, 28, 18, 8, 27, 17, 7, 26, 16, 6, 25, 15, 5, 24, 14, 4, 23, 13, 3, 22, 12, 2,
21, 11)(30, 49, 39, 58, 48, 38, 57, 47, 37, 56, 46, 36, 55, 45, 35, 54, 44, 34, 53, 43, 33, 52, 42, 32, 51, 41, 31, 50, 40)(59, 78, 68, 87, 
77, 67, 86, 76, 66, 85, 75, 65, 84, 74, 64, 83, 73, 63, 82, 72, 62, 81, 71, 61, 80, 70, 60, 79, 69),  (1, 11, 21, 2, 12, 22, 3, 13, 23, 4, 14,
24, 5, 15, 25, 6, 16, 26, 7, 17, 27, 8, 18, 28, 9, 19, 29, 10, 20)(30, 40, 50, 31, 41, 51, 32, 42, 52, 33, 43, 53, 34, 44, 54, 35, 45, 55, 36,
46, 56, 37, 47, 57, 38, 48, 58, 39, 49)(59, 69, 79, 60, 70, 80, 61, 71, 81, 62, 72, 82, 63, 73, 83, 64, 74, 84, 65, 75, 85, 66, 76, 86, 67, 
77, 87, 68, 78),  ], [  (1, 43, 85, 11, 53, 66, 21, 34, 76, 2, 44, 86, 12, 54, 67, 22, 35, 77, 3, 45, 87, 13, 55, 68, 23, 36, 78, 4, 46, 59, 
14, 56, 69, 24, 37, 79, 5, 47, 60, 15, 57, 70, 25, 38, 80, 6, 48, 61, 16, 58, 71, 26, 39, 81, 7, 49, 62, 17, 30, 72, 27, 40, 82, 8, 50, 63, 
18, 31, 73, 28, 41, 83, 9, 51, 64, 19, 32, 74, 29, 42, 84, 10, 52, 65, 20, 33, 75),  (1, 75, 33, 20, 65, 52, 10, 84, 42, 29, 74, 32, 19, 64, 
51, 9, 83, 41, 28, 73, 31, 18, 63, 50, 8, 82, 40, 27, 72, 30, 17, 62, 49, 7, 81, 39, 26, 71, 58, 16, 61, 48, 6, 80, 38, 25, 70, 57, 15, 60, 
47, 5, 79, 37, 24, 69, 56, 14, 59, 46, 4, 78, 36, 23, 68, 55, 13, 87, 45, 3, 77, 35, 22, 67, 54, 12, 86, 44, 2, 76, 34, 21, 66, 53, 11, 85, 
43),  ], [  (1, 84, 51, 18, 72, 39, 6, 60, 56, 23, 77, 44, 11, 65, 32, 28, 82, 49, 16, 70, 37, 4, 87, 54, 21, 75, 42, 9, 63, 30, 26, 80, 47, 
14, 68, 35, 2, 85, 52, 19, 73, 40, 7, 61, 57, 24, 78, 45, 12, 66, 33, 29, 83, 50, 17, 71, 38, 5, 59, 55, 22, 76, 43, 10, 64, 31, 27, 81, 48, 
15, 69, 36, 3, 86, 53, 20, 74, 41, 8, 62, 58, 25, 79, 46, 13, 67, 34),  (1, 34, 67, 13, 46, 79, 25, 58, 62, 8, 41, 74, 20, 53, 86, 3, 36, 69, 
15, 48, 81, 27, 31, 64, 10, 43, 76, 22, 55, 59, 5, 38, 71, 17, 50, 83, 29, 33, 66, 12, 45, 78, 24, 57, 61, 7, 40, 73, 19, 52, 85, 2, 35, 68, 
14, 47, 80, 26, 30, 63, 9, 42, 75, 21, 54, 87, 4, 37, 70, 16, 49, 82, 28, 32, 65, 11, 44, 77, 23, 56, 60, 6, 39, 72, 18, 51, 84),  ], [  (1, 
72, 56, 11, 82, 37, 21, 63, 47, 2, 73, 57, 12, 83, 38, 22, 64, 48, 3, 74, 58, 13, 84, 39, 23, 65, 49, 4, 75, 30, 14, 85, 40, 24, 66, 50, 5, 
76, 31, 15, 86, 41, 25, 67, 51, 6, 77, 32, 16, 87, 42, 26, 68, 52, 7, 78, 33, 17, 59, 43, 27, 69, 53, 8, 79, 34, 18, 60, 44, 28, 70, 54, 9, 
80, 35, 19, 61, 45, 29, 71, 55, 10, 81, 36, 20, 62, 46),  (1, 46, 62, 20, 36, 81, 10, 55, 71, 29, 45, 61, 19, 35, 80, 9, 54, 70, 28, 44, 60, 
18, 34, 79, 8, 53, 69, 27, 43, 59, 17, 33, 78, 7, 52, 68, 26, 42, 87, 16, 32, 77, 6, 51, 67, 25, 41, 86, 15, 31, 76, 5, 50, 66, 24, 40, 85, 
14, 30, 75, 4, 49, 65, 23, 39, 84, 13, 58, 74, 3, 48, 64, 22, 38, 83, 12, 57, 73, 2, 47, 63, 21, 37, 82, 11, 56, 72),  ], [  (1, 32, 63, 7, 
38, 69, 13, 44, 75, 19, 50, 81, 25, 56, 87, 2, 33, 64, 8, 39, 70, 14, 45, 76, 20, 51, 82, 26, 57, 59, 3, 34, 65, 9, 40, 71, 15, 46, 77, 21, 
52, 83, 27, 58, 60, 4, 35, 66, 10, 41, 72, 16, 47, 78, 22, 53, 84, 28, 30, 61, 5, 36, 67, 11, 42, 73, 17, 48, 79, 23, 54, 85, 29, 31, 62, 6, 
37, 68, 12, 43, 74, 18, 49, 80, 24, 55, 86),  (1, 86, 55, 24, 80, 49, 18, 74, 43, 12, 68, 37, 6, 62, 31, 29, 85, 54, 23, 79, 48, 17, 73, 42, 
11, 67, 36, 5, 61, 30, 28, 84, 53, 22, 78, 47, 16, 72, 41, 10, 66, 35, 4, 60, 58, 27, 83, 52, 21, 77, 46, 15, 71, 40, 9, 65, 34, 3, 59, 57, 
26, 82, 51, 20, 76, 45, 14, 70, 39, 8, 64, 33, 2, 87, 56, 25, 81, 50, 19, 75, 44, 13, 69, 38, 7, 63, 32),  ], [  (1, 26, 22, 18, 14, 10, 6, 2,
27, 23, 19, 15, 11, 7, 3, 28, 24, 20, 16, 12, 8, 4, 29, 25, 21, 17, 13, 9, 5)(30, 55, 51, 47, 43, 39, 35, 31, 56, 52, 48, 44, 40, 36, 32, 57, 
53, 49, 45, 41, 37, 33, 58, 54, 50, 46, 42, 38, 34)(59, 84, 80, 76, 72, 68, 64, 60, 85, 81, 77, 73, 69, 65, 61, 86, 82, 78, 74, 70, 66, 62, 
87, 83, 79, 75, 71, 67, 63),  (1, 5, 9, 13, 17, 21, 25, 29, 4, 8, 12, 16, 20, 24, 28, 3, 7, 11, 15, 19, 23, 27, 2, 6, 10, 14, 18, 22, 26)(30, 
34, 38, 42, 46, 50, 54, 58, 33, 37, 41, 45, 49, 53, 57, 32, 36, 40, 44, 48, 52, 56, 31, 35, 39, 43, 47, 51, 55)(59, 63, 67, 71, 75, 79, 83, 
87, 62, 66, 70, 74, 78, 82, 86, 61, 65, 69, 73, 77, 81, 85, 60, 64, 68, 72, 76, 80, 84),  ], [  (1, 61, 34, 7, 67, 40, 13, 73, 46, 19, 79, 52,
25, 85, 58, 2, 62, 35, 8, 68, 41, 14, 74, 47, 20, 80, 53, 26, 86, 30, 3, 63, 36, 9, 69, 42, 15, 75, 48, 21, 81, 54, 27, 87, 31, 4, 64, 37, 10,
70, 43, 16, 76, 49, 22, 82, 55, 28, 59, 32, 5, 65, 38, 11, 71, 44, 17, 77, 50, 23, 83, 56, 29, 60, 33, 6, 66, 39, 12, 72, 45, 18, 78, 51, 24, 
84, 57),  (1, 57, 84, 24, 51, 78, 18, 45, 72, 12, 39, 66, 6, 33, 60, 29, 56, 83, 23, 50, 77, 17, 44, 71, 11, 38, 65, 5, 32, 59, 28, 55, 82, 
22, 49, 76, 16, 43, 70, 10, 37, 64, 4, 31, 87, 27, 54, 81, 21, 48, 75, 15, 42, 69, 9, 36, 63, 3, 30, 86, 26, 53, 80, 20, 47, 74, 14, 41, 68, 
8, 35, 62, 2, 58, 85, 25, 52, 79, 19, 46, 73, 13, 40, 67, 7, 34, 61),  ], [  (1, 38, 75, 25, 33, 70, 20, 57, 65, 15, 52, 60, 10, 47, 84, 5, 
42, 79, 29, 37, 74, 24, 32, 69, 19, 56, 64, 14, 51, 59, 9, 46, 83, 4, 41, 78, 28, 36, 73, 23, 31, 68, 18, 55, 63, 13, 50, 87, 8, 45, 82, 3, 
40, 77, 27, 35, 72, 22, 30, 67, 17, 54, 62, 12, 49, 86, 7, 44, 81, 2, 39, 76, 26, 34, 71, 21, 58, 66, 16, 53, 61, 11, 48, 85, 6, 43, 80),  (1,
80, 43, 6, 85, 48, 11, 61, 53, 16, 66, 58, 21, 71, 34, 26, 76, 39, 2, 81, 44, 7, 86, 49, 12, 62, 54, 17, 67, 30, 22, 72, 35, 27, 77, 40, 3, 
82, 45, 8, 87, 50, 13, 63, 55, 18, 68, 31, 23, 73, 36, 28, 78, 41, 4, 83, 46, 9, 59, 51, 14, 64, 56, 19, 69, 32, 24, 74, 37, 29, 79, 42, 5, 
84, 47, 10, 60, 52, 15, 65, 57, 20, 70, 33, 25, 75, 38),  ], [  (1, 3, 5, 7, 9, 11, 13, 15, 17, 19, 21, 23, 25, 27, 29, 2, 4, 6, 8, 10, 12, 
14, 16, 18, 20, 22, 24, 26, 28)(30, 32, 34, 36, 38, 40, 42, 44, 46, 48, 50, 52, 54, 56, 58, 31, 33, 35, 37, 39, 41, 43, 45, 47, 49, 51, 53, 
55, 57)(59, 61, 63, 65, 67, 69, 71, 73, 75, 77, 79, 81, 83, 85, 87, 60, 62, 64, 66, 68, 70, 72, 74, 76, 78, 80, 82, 84, 86),  (1, 28, 26, 24, 
22, 20, 18, 16, 14, 12, 10, 8, 6, 4, 2, 29, 27, 25, 23, 21, 19, 17, 15, 13, 11, 9, 7, 5, 3)(30, 57, 55, 53, 51, 49, 47, 45, 43, 41, 39, 37, 
35, 33, 31, 58, 56, 54, 52, 50, 48, 46, 44, 42, 40, 38, 36, 34, 32)(59, 86, 84, 82, 80, 78, 76, 74, 72, 70, 68, 66, 64, 62, 60, 87, 85, 83, 
81, 79, 77, 75, 73, 71, 69, 67, 65, 63, 61),  ], [  (1, 67, 46, 25, 62, 41, 20, 86, 36, 15, 81, 31, 10, 76, 55, 5, 71, 50, 29, 66, 45, 24, 61,
40, 19, 85, 35, 14, 80, 30, 9, 75, 54, 4, 70, 49, 28, 65, 44, 23, 60, 39, 18, 84, 34, 13, 79, 58, 8, 74, 53, 3, 69, 48, 27, 64, 43, 22, 59, 
38, 17, 83, 33, 12, 78, 57, 7, 73, 52, 2, 68, 47, 26, 63, 42, 21, 87, 37, 16, 82, 32, 11, 77, 56, 6, 72, 51),  (1, 51, 72, 6, 56, 77, 11, 32, 
82, 16, 37, 87, 21, 42, 63, 26, 47, 68, 2, 52, 73, 7, 57, 78, 12, 33, 83, 17, 38, 59, 22, 43, 64, 27, 48, 69, 3, 53, 74, 8, 58, 79, 13, 34, 
84, 18, 39, 60, 23, 44, 65, 28, 49, 70, 4, 54, 75, 9, 30, 80, 14, 35, 85, 19, 40, 61, 24, 45, 66, 29, 50, 71, 5, 55, 76, 10, 31, 81, 15, 36, 
86, 20, 41, 62, 25, 46, 67),  ], [  (1, 44, 87, 14, 57, 71, 27, 41, 84, 11, 54, 68, 24, 38, 81, 8, 51, 65, 21, 35, 78, 5, 48, 62, 18, 32, 75, 
2, 45, 59, 15, 58, 72, 28, 42, 85, 12, 55, 69, 25, 39, 82, 9, 52, 66, 22, 36, 79, 6, 49, 63, 19, 33, 76, 3, 46, 60, 16, 30, 73, 29, 43, 86, 
13, 56, 70, 26, 40, 83, 10, 53, 67, 23, 37, 80, 7, 50, 64, 20, 34, 77, 4, 47, 61, 17, 31, 74),  (1, 74, 31, 17, 61, 47, 4, 77, 34, 20, 64, 50,
7, 80, 37, 23, 67, 53, 10, 83, 40, 26, 70, 56, 13, 86, 43, 29, 73, 30, 16, 60, 46, 3, 76, 33, 19, 63, 49, 6, 79, 36, 22, 66, 52, 9, 82, 39, 
25, 69, 55, 12, 85, 42, 28, 72, 58, 15, 59, 45, 2, 75, 32, 18, 62, 48, 5, 78, 35, 21, 65, 51, 8, 81, 38, 24, 68, 54, 11, 84, 41, 27, 71, 57, 
14, 87, 44),  ], [  (1, 9, 17, 25, 4, 12, 20, 28, 7, 15, 23, 2, 10, 18, 26, 5, 13, 21, 29, 8, 16, 24, 3, 11, 19, 27, 6, 14, 22)(30, 38, 46, 
54, 33, 41, 49, 57, 36, 44, 52, 31, 39, 47, 55, 34, 42, 50, 58, 37, 45, 53, 32, 40, 48, 56, 35, 43, 51)(59, 67, 75, 83, 62, 70, 78, 86, 65, 
73, 81, 60, 68, 76, 84, 63, 71, 79, 87, 66, 74, 82, 61, 69, 77, 85, 64, 72, 80),  (1, 22, 14, 6, 27, 19, 11, 3, 24, 16, 8, 29, 21, 13, 5, 26, 
18, 10, 2, 23, 15, 7, 28, 20, 12, 4, 25, 17, 9)(30, 51, 43, 35, 56, 48, 40, 32, 53, 45, 37, 58, 50, 42, 34, 55, 47, 39, 31, 52, 44, 36, 57, 
49, 41, 33, 54, 46, 38)(59, 80, 72, 64, 85, 77, 69, 61, 82, 74, 66, 87, 79, 71, 63, 84, 76, 68, 60, 81, 73, 65, 86, 78, 70, 62, 83, 75, 67),  
], [  (1, 73, 58, 14, 86, 42, 27, 70, 55, 11, 83, 39, 24, 67, 52, 8, 80, 36, 21, 64, 49, 5, 77, 33, 18, 61, 46, 2, 74, 30, 15, 87, 43, 28, 71,
56, 12, 84, 40, 25, 68, 53, 9, 81, 37, 22, 65, 50, 6, 78, 34, 19, 62, 47, 3, 75, 31, 16, 59, 44, 29, 72, 57, 13, 85, 41, 26, 69, 54, 10, 82, 
38, 23, 66, 51, 7, 79, 35, 20, 63, 48, 4, 76, 32, 17, 60, 45),  (1, 45, 60, 17, 32, 76, 4, 48, 63, 20, 35, 79, 7, 51, 66, 23, 38, 82, 10, 54, 
69, 26, 41, 85, 13, 57, 72, 29, 44, 59, 16, 31, 75, 3, 47, 62, 19, 34, 78, 6, 50, 65, 22, 37, 81, 9, 53, 68, 25, 40, 84, 12, 56, 71, 28, 43, 
87, 15, 30, 74, 2, 46, 61, 18, 33, 77, 5, 49, 64, 21, 36, 80, 8, 52, 67, 24, 39, 83, 11, 55, 70, 27, 42, 86, 14, 58, 73),  ], [  (1, 50, 70, 
3, 52, 72, 5, 54, 74, 7, 56, 76, 9, 58, 78, 11, 31, 80, 13, 33, 82, 15, 35, 84, 17, 37, 86, 19, 39, 59, 21, 41, 61, 23, 43, 63, 25, 45, 65, 
27, 47, 67, 29, 49, 69, 2, 51, 71, 4, 53, 73, 6, 55, 75, 8, 57, 77, 10, 30, 79, 12, 32, 81, 14, 34, 83, 16, 36, 85, 18, 38, 87, 20, 40, 60, 
22, 42, 62, 24, 44, 64, 26, 46, 66, 28, 48, 68),  (1, 68, 48, 28, 66, 46, 26, 64, 44, 24, 62, 42, 22, 60, 40, 20, 87, 38, 18, 85, 36, 16, 83, 
34, 14, 81, 32, 12, 79, 30, 10, 77, 57, 8, 75, 55, 6, 73, 53, 4, 71, 51, 2, 69, 49, 29, 67, 47, 27, 65, 45, 25, 63, 43, 23, 61, 41, 21, 59, 
39, 19, 86, 37, 17, 84, 35, 15, 82, 33, 13, 80, 31, 11, 78, 58, 9, 76, 56, 7, 74, 54, 5, 72, 52, 3, 70, 50),  ], [  (1, 15, 29, 14, 28, 13, 
27, 12, 26, 11, 25, 10, 24, 9, 23, 8, 22, 7, 21, 6, 20, 5, 19, 4, 18, 3, 17, 2, 16)(30, 44, 58, 43, 57, 42, 56, 41, 55, 40, 54, 39, 53, 38, 
