BRACES[54] := rec( total := -1, implemented := 80, size := 54, brace := [] );BRACES[54].brace[1] := rec ( size := 54, perms := [ [  (),  (),  
], [  (1, 28)(2, 29)(3, 30)(4, 31)(5, 32)(6, 33)(7, 34)(8, 35)(9, 36)(10, 37)(11, 38)(12, 39)(13, 40)(14, 41)(15, 42)(16, 43)(17, 44)(18, 
45)(19, 46)(20, 47)(21, 48)(22, 49)(23, 50)(24, 51)(25, 52)(26, 53)(27, 54),  (1, 28)(2, 30)(3, 29)(4, 36)(5, 35)(6, 34)(7, 33)(8, 32)(9, 
31)(10, 54)(11, 53)(12, 52)(13, 51)(14, 50)(15, 49)(16, 48)(17, 47)(18, 46)(19, 45)(20, 44)(21, 43)(22, 42)(23, 41)(24, 40)(25, 39)(26, 
38)(27, 37),  ], [  (1, 27, 18, 9, 24, 15, 6, 21, 12, 3, 26, 17, 8, 23, 14, 5, 20, 11, 2, 25, 16, 7, 22, 13, 4, 19, 10)(28, 54, 45, 36, 51, 
42, 33, 48, 39, 30, 53, 44, 35, 50, 41, 32, 47, 38, 29, 52, 43, 34, 49, 40, 31, 46, 37),  (1, 10, 19, 4, 13, 22, 7, 16, 25, 2, 11, 20, 5, 14, 
23, 8, 17, 26, 3, 12, 21, 6, 15, 24, 9, 18, 27)(28, 37, 46, 31, 40, 49, 34, 43, 52, 29, 38, 47, 32, 41, 50, 35, 44, 53, 30, 39, 48, 33, 42, 
51, 36, 45, 54),  ], [  (1, 9, 6, 3, 8, 5, 2, 7, 4)(10, 18, 15, 12, 17, 14, 11, 16, 13)(19, 27, 24, 21, 26, 23, 20, 25, 22)(28, 36, 33, 30, 
35, 32, 29, 34, 31)(37, 45, 42, 39, 44, 41, 38, 43, 40)(46, 54, 51, 48, 53, 50, 47, 52, 49),  (1, 4, 7, 2, 5, 8, 3, 6, 9)(10, 13, 16, 11, 14, 
17, 12, 15, 18)(19, 22, 25, 20, 23, 26, 21, 24, 27)(28, 31, 34, 29, 32, 35, 30, 33, 36)(37, 40, 43, 38, 41, 44, 39, 42, 45)(46, 49, 52, 47, 
50, 53, 48, 51, 54),  ], [  (1, 3, 2)(4, 6, 5)(7, 9, 8)(10, 12, 11)(13, 15, 14)(16, 18, 17)(19, 21, 20)(22, 24, 23)(25, 27, 26)(28, 30, 
29)(31, 33, 32)(34, 36, 35)(37, 39, 38)(40, 42, 41)(43, 45, 44)(46, 48, 47)(49, 51, 50)(52, 54, 53),  (1, 2, 3)(4, 5, 6)(7, 8, 9)(10, 11, 
12)(13, 14, 15)(16, 17, 18)(19, 20, 21)(22, 23, 24)(25, 26, 27)(28, 29, 30)(31, 32, 33)(34, 35, 36)(37, 38, 39)(40, 41, 42)(43, 44, 45)(46, 
47, 48)(49, 50, 51)(52, 53, 54),  ], [  (1, 10, 19, 4, 13, 22, 7, 16, 25, 2, 11, 20, 5, 14, 23, 8, 17, 26, 3, 12, 21, 6, 15, 24, 9, 18, 
27)(28, 37, 46, 31, 40, 49, 34, 43, 52, 29, 38, 47, 32, 41, 50, 35, 44, 53, 30, 39, 48, 33, 42, 51, 36, 45, 54),  (1, 27, 18, 9, 24, 15, 6, 
21, 12, 3, 26, 17, 8, 23, 14, 5, 20, 11, 2, 25, 16, 7, 22, 13, 4, 19, 10)(28, 54, 45, 36, 51, 42, 33, 48, 39, 30, 53, 44, 35, 50, 41, 32, 47, 
38, 29, 52, 43, 34, 49, 40, 31, 46, 37),  ], [  (1, 4, 7, 2, 5, 8, 3, 6, 9)(10, 13, 16, 11, 14, 17, 12, 15, 18)(19, 22, 25, 20, 23, 26, 21, 
24, 27)(28, 31, 34, 29, 32, 35, 30, 33, 36)(37, 40, 43, 38, 41, 44, 39, 42, 45)(46, 49, 52, 47, 50, 53, 48, 51, 54),  (1, 9, 6, 3, 8, 5, 2, 7,
4)(10, 18, 15, 12, 17, 14, 11, 16, 13)(19, 27, 24, 21, 26, 23, 20, 25, 22)(28, 36, 33, 30, 35, 32, 29, 34, 31)(37, 45, 42, 39, 44, 41, 38, 43,
40)(46, 54, 51, 48, 53, 50, 47, 52, 49),  ], [  (1, 2, 3)(4, 5, 6)(7, 8, 9)(10, 11, 12)(13, 14, 15)(16, 17, 18)(19, 20, 21)(22, 23, 24)(25, 
26, 27)(28, 29, 30)(31, 32, 33)(34, 35, 36)(37, 38, 39)(40, 41, 42)(43, 44, 45)(46, 47, 48)(49, 50, 51)(52, 53, 54),  (1, 3, 2)(4, 6, 5)(7, 9,
8)(10, 12, 11)(13, 15, 14)(16, 18, 17)(19, 21, 20)(22, 24, 23)(25, 27, 26)(28, 30, 29)(31, 33, 32)(34, 36, 35)(37, 39, 38)(40, 42, 41)(43, 45,
44)(46, 48, 47)(49, 51, 50)(52, 54, 53),  ], [  (1, 37, 19, 31, 13, 49, 7, 43, 25, 29, 11, 47, 5, 41, 23, 35, 17, 53, 3, 39, 21, 33, 15, 51, 
9, 45, 27, 28, 10, 46, 4, 40, 22, 34, 16, 52, 2, 38, 20, 32, 14, 50, 8, 44, 26, 30, 12, 48, 6, 42, 24, 36, 18, 54),  (1, 37)(2, 39)(3, 38)(4, 
45)(5, 44)(6, 43)(7, 42)(8, 41)(9, 40)(10, 28)(11, 30)(12, 29)(13, 36)(14, 35)(15, 34)(16, 33)(17, 32)(18, 31)(19, 54)(20, 53)(21, 52)(22, 
51)(23, 50)(24, 49)(25, 48)(26, 47)(27, 46),  ], [  (1, 31, 7, 29, 5, 35, 3, 33, 9, 28, 4, 34, 2, 32, 8, 30, 6, 36)(10, 40, 16, 38, 14, 44, 
12, 42, 18, 37, 13, 43, 11, 41, 17, 39, 15, 45)(19, 49, 25, 47, 23, 53, 21, 51, 27, 46, 22, 52, 20, 50, 26, 48, 24, 54),  (1, 31)(2, 33)(3, 
32)(4, 28)(5, 30)(6, 29)(7, 36)(8, 35)(9, 34)(10, 46)(11, 48)(12, 47)(13, 54)(14, 53)(15, 52)(16, 51)(17, 50)(18, 49)(19, 37)(20, 39)(21, 
38)(22, 45)(23, 44)(24, 43)(25, 42)(26, 41)(27, 40),  ], [  (1, 29, 3, 28, 2, 30)(4, 32, 6, 31, 5, 33)(7, 35, 9, 34, 8, 36)(10, 38, 12, 37, 
11, 39)(13, 41, 15, 40, 14, 42)(16, 44, 18, 43, 17, 45)(19, 47, 21, 46, 20, 48)(22, 50, 24, 49, 23, 51)(25, 53, 27, 52, 26, 54),  (1, 29)(2, 
28)(3, 30)(4, 34)(5, 36)(6, 35)(7, 31)(8, 33)(9, 32)(10, 52)(11, 54)(12, 53)(13, 49)(14, 51)(15, 50)(16, 46)(17, 48)(18, 47)(19, 43)(20, 
45)(21, 44)(22, 40)(23, 42)(24, 41)(25, 37)(26, 39)(27, 38),  ], [  (1, 54, 18, 36, 24, 42, 6, 48, 12, 30, 26, 44, 8, 50, 14, 32, 20, 38, 2, 
52, 16, 34, 22, 40, 4, 46, 10, 28, 27, 45, 9, 51, 15, 33, 21, 39, 3, 53, 17, 35, 23, 41, 5, 47, 11, 29, 25, 43, 7, 49, 13, 31, 19, 37),  (1, 
54)(2, 53)(3, 52)(4, 51)(5, 50)(6, 49)(7, 48)(8, 47)(9, 46)(10, 45)(11, 44)(12, 43)(13, 42)(14, 41)(15, 40)(16, 39)(17, 38)(18, 37)(19, 
36)(20, 35)(21, 34)(22, 33)(23, 32)(24, 31)(25, 30)(26, 29)(27, 28),  ], [  (1, 36, 6, 30, 8, 32, 2, 34, 4, 28, 9, 33, 3, 35, 5, 29, 7, 
31)(10, 45, 15, 39, 17, 41, 11, 43, 13, 37, 18, 42, 12, 44, 14, 38, 16, 40)(19, 54, 24, 48, 26, 50, 20, 52, 22, 46, 27, 51, 21, 53, 23, 47, 
25, 49),  (1, 36)(2, 35)(3, 34)(4, 33)(5, 32)(6, 31)(7, 30)(8, 29)(9, 28)(10, 51)(11, 50)(12, 49)(13, 48)(14, 47)(15, 46)(16, 53)(17, 52)(18, 
54)(19, 42)(20, 41)(21, 40)(22, 39)(23, 38)(24, 37)(25, 44)(26, 43)(27, 45),  ], [  (1, 30, 2, 28, 3, 29)(4, 33, 5, 31, 6, 32)(7, 36, 8, 34, 
9, 35)(10, 39, 11, 37, 12, 38)(13, 42, 14, 40, 15, 41)(16, 45, 17, 43, 18, 44)(19, 48, 20, 46, 21, 47)(22, 51, 23, 49, 24, 50)(25, 54, 26, 52,
27, 53),  (1, 30)(2, 29)(3, 28)(4, 35)(5, 34)(6, 36)(7, 32)(8, 31)(9, 33)(10, 53)(11, 52)(12, 54)(13, 50)(14, 49)(15, 51)(16, 47)(17, 46)(18, 
48)(19, 44)(20, 43)(21, 45)(22, 41)(23, 40)(24, 42)(25, 38)(26, 37)(27, 39),  ], [  (1, 18, 24, 6, 12, 26, 8, 14, 20, 2, 16, 22, 4, 10, 27, 9,
15, 21, 3, 17, 23, 5, 11, 25, 7, 13, 19)(28, 45, 51, 33, 39, 53, 35, 41, 47, 29, 43, 49, 31, 37, 54, 36, 42, 48, 30, 44, 50, 32, 38, 52, 34, 
40, 46),  (1, 19, 13, 7, 25, 11, 5, 23, 17, 3, 21, 15, 9, 27, 10, 4, 22, 16, 2, 20, 14, 8, 26, 12, 6, 24, 18)(28, 46, 40, 34, 52, 38, 32, 50, 
44, 30, 48, 42, 36, 54, 37, 31, 49, 43, 29, 47, 41, 35, 53, 39, 33, 51, 45),  ], [  (1, 24, 12, 8, 20, 16, 4, 27, 15, 3, 23, 11, 7, 19, 18, 6,
26, 14, 2, 22, 10, 9, 21, 17, 5, 25, 13)(28, 51, 39, 35, 47, 43, 31, 54, 42, 30, 50, 38, 34, 46, 45, 33, 53, 41, 29, 49, 37, 36, 48, 44, 32, 
52, 40),  (1, 13, 25, 5, 17, 21, 9, 10, 22, 2, 14, 26, 6, 18, 19, 7, 11, 23, 3, 15, 27, 4, 16, 20, 8, 12, 24)(28, 40, 52, 32, 44, 48, 36, 37, 
49, 29, 41, 53, 33, 45, 46, 34, 38, 50, 30, 42, 54, 31, 43, 47, 35, 39, 51),  ], [  (1, 26, 16, 9, 23, 13, 6, 20, 10, 3, 25, 18, 8, 22, 15, 5,
19, 12, 2, 27, 17, 7, 24, 14, 4, 21, 11)(28, 53, 43, 36, 50, 40, 33, 47, 37, 30, 52, 45, 35, 49, 42, 32, 46, 39, 29, 54, 44, 34, 51, 41, 31, 
48, 38),  (1, 11, 21, 4, 14, 24, 7, 17, 27, 2, 12, 19, 5, 15, 22, 8, 18, 25, 3, 10, 20, 6, 13, 23, 9, 16, 26)(28, 38, 48, 31, 41, 51, 34, 44, 
54, 29, 39, 46, 32, 42, 49, 35, 45, 52, 30, 37, 47, 33, 40, 50, 36, 43, 53),  ], [  (1, 19, 13, 7, 25, 11, 5, 23, 17, 3, 21, 15, 9, 27, 10, 4,
22, 16, 2, 20, 14, 8, 26, 12, 6, 24, 18)(28, 46, 40, 34, 52, 38, 32, 50, 44, 30, 48, 42, 36, 54, 37, 31, 49, 43, 29, 47, 41, 35, 53, 39, 33, 
51, 45),  (1, 18, 24, 6, 12, 26, 8, 14, 20, 2, 16, 22, 4, 10, 27, 9, 15, 21, 3, 17, 23, 5, 11, 25, 7, 13, 19)(28, 45, 51, 33, 39, 53, 35, 41, 
47, 29, 43, 49, 31, 37, 54, 36, 42, 48, 30, 44, 50, 32, 38, 52, 34, 40, 46),  ], [  (1, 25, 17, 9, 22, 14, 6, 19, 11, 3, 27, 16, 8, 24, 13, 5,
21, 10, 2, 26, 18, 7, 23, 15, 4, 20, 12)(28, 52, 44, 36, 49, 41, 33, 46, 38, 30, 54, 43, 35, 51, 40, 32, 48, 37, 29, 53, 45, 34, 50, 42, 31, 
47, 39),  (1, 12, 20, 4, 15, 23, 7, 18, 26, 2, 10, 21, 5, 13, 24, 8, 16, 27, 3, 11, 19, 6, 14, 22, 9, 17, 25)(28, 39, 47, 31, 42, 50, 34, 45, 
53, 29, 37, 48, 32, 40, 51, 35, 43, 54, 30, 38, 46, 33, 41, 49, 36, 44, 52),  ], [  (1, 6, 8, 2, 4, 9, 3, 5, 7)(10, 15, 17, 11, 13, 18, 12, 
14, 16)(19, 24, 26, 20, 22, 27, 21, 23, 25)(28, 33, 35, 29, 31, 36, 30, 32, 34)(37, 42, 44, 38, 40, 45, 39, 41, 43)(46, 51, 53, 47, 49, 54, 
48, 50, 52),  (1, 7, 5, 3, 9, 4, 2, 8, 6)(10, 16, 14, 12, 18, 13, 11, 17, 15)(19, 25, 23, 21, 27, 22, 20, 26, 24)(28, 34, 32, 30, 36, 31, 29, 
35, 33)(37, 43, 41, 39, 45, 40, 38, 44, 42)(46, 52, 50, 48, 54, 49, 47, 53, 51),  ], [  (1, 8, 4, 3, 7, 6, 2, 9, 5)(10, 17, 13, 12, 16, 15, 
11, 18, 14)(19, 26, 22, 21, 25, 24, 20, 27, 23)(28, 35, 31, 30, 34, 33, 29, 36, 32)(37, 44, 40, 39, 43, 42, 38, 45, 41)(46, 53, 49, 48, 52, 
51, 47, 54, 50),  (1, 5, 9, 2, 6, 7, 3, 4, 8)(10, 14, 18, 11, 15, 16, 12, 13, 17)(19, 23, 27, 20, 24, 25, 21, 22, 26)(28, 32, 36, 29, 33, 34, 
30, 31, 35)(37, 41, 45, 38, 42, 43, 39, 40, 44)(46, 50, 54, 47, 51, 52, 48, 49, 53),  ], [  (1, 7, 5, 3, 9, 4, 2, 8, 6)(10, 16, 14, 12, 18, 
13, 11, 17, 15)(19, 25, 23, 21, 27, 22, 20, 26, 24)(28, 34, 32, 30, 36, 31, 29, 35, 33)(37, 43, 41, 39, 45, 40, 38, 44, 42)(46, 52, 50, 48, 
54, 49, 47, 53, 51),  (1, 6, 8, 2, 4, 9, 3, 5, 7)(10, 15, 17, 11, 13, 18, 12, 14, 16)(19, 24, 26, 20, 22, 27, 21, 23, 25)(28, 33, 35, 29, 31, 
36, 30, 32, 34)(37, 42, 44, 38, 40, 45, 39, 41, 43)(46, 51, 53, 47, 49, 54, 48, 50, 52),  ], [  (1, 12, 20, 4, 15, 23, 7, 18, 26, 2, 10, 21, 
5, 13, 24, 8, 16, 27, 3, 11, 19, 6, 14, 22, 9, 17, 25)(28, 39, 47, 31, 42, 50, 34, 45, 53, 29, 37, 48, 32, 40, 51, 35, 43, 54, 30, 38, 46, 33,
41, 49, 36, 44, 52),  (1, 25, 17, 9, 22, 14, 6, 19, 11, 3, 27, 16, 8, 24, 13, 5, 21, 10, 2, 26, 18, 7, 23, 15, 4, 20, 12)(28, 52, 44, 36, 49, 
41, 33, 46, 38, 30, 54, 43, 35, 51, 40, 32, 48, 37, 29, 53, 45, 34, 50, 42, 31, 47, 39),  ], [  (1, 13, 25, 5, 17, 21, 9, 10, 22, 2, 14, 26, 
6, 18, 19, 7, 11, 23, 3, 15, 27, 4, 16, 20, 8, 12, 24)(28, 40, 52, 32, 44, 48, 36, 37, 49, 29, 41, 53, 33, 45, 46, 34, 38, 50, 30, 42, 54, 31,
43, 47, 35, 39, 51),  (1, 24, 12, 8, 20, 16, 4, 27, 15, 3, 23, 11, 7, 19, 18, 6, 26, 14, 2, 22, 10, 9, 21, 17, 5, 25, 13)(28, 51, 39, 35, 47, 
43, 31, 54, 42, 30, 50, 38, 34, 46, 45, 33, 53, 41, 29, 49, 37, 36, 48, 44, 32, 52, 40),  ], [  (1, 11, 21, 4, 14, 24, 7, 17, 27, 2, 12, 19, 
5, 15, 22, 8, 18, 25, 3, 10, 20, 6, 13, 23, 9, 16, 26)(28, 38, 48, 31, 41, 51, 34, 44, 54, 29, 39, 46, 32, 42, 49, 35, 45, 52, 30, 37, 47, 33,
40, 50, 36, 43, 53),  (1, 26, 16, 9, 23, 13, 6, 20, 10, 3, 25, 18, 8, 22, 15, 5, 19, 12, 2, 27, 17, 7, 24, 14, 4, 21, 11)(28, 53, 43, 36, 50, 
40, 33, 47, 37, 30, 52, 45, 35, 49, 42, 32, 46, 39, 29, 54, 44, 34, 51, 41, 31, 48, 38),  ], [  (1, 5, 9, 2, 6, 7, 3, 4, 8)(10, 14, 18, 11, 
15, 16, 12, 13, 17)(19, 23, 27, 20, 24, 25, 21, 22, 26)(28, 32, 36, 29, 33, 34, 30, 31, 35)(37, 41, 45, 38, 42, 43, 39, 40, 44)(46, 50, 54, 
47, 51, 52, 48, 49, 53),  (1, 8, 4, 3, 7, 6, 2, 9, 5)(10, 17, 13, 12, 16, 15, 11, 18, 14)(19, 26, 22, 21, 25, 24, 20, 27, 23)(28, 35, 31, 30, 
34, 33, 29, 36, 32)(37, 44, 40, 39, 43, 42, 38, 45, 41)(46, 53, 49, 48, 52, 51, 47, 54, 50),  ], [  (1, 46, 13, 34, 25, 38, 5, 50, 17, 30, 21,
42, 9, 54, 10, 31, 22, 43, 2, 47, 14, 35, 26, 39, 6, 51, 18, 28, 19, 40, 7, 52, 11, 32, 23, 44, 3, 48, 15, 36, 27, 37, 4, 49, 16, 29, 20, 41, 
8, 53, 12, 33, 24, 45),  (1, 46)(2, 48)(3, 47)(4, 54)(5, 53)(6, 52)(7, 51)(8, 50)(9, 49)(10, 37)(11, 39)(12, 38)(13, 45)(14, 44)(15, 43)(16, 
42)(17, 41)(18, 40)(19, 28)(20, 30)(21, 29)(22, 36)(23, 35)(24, 34)(25, 33)(26, 32)(27, 31),  ], [  (1, 40, 25, 32, 17, 48, 9, 37, 22, 29, 14,
53, 6, 45, 19, 34, 11, 50, 3, 42, 27, 31, 16, 47, 8, 39, 24, 28, 13, 52, 5, 44, 21, 36, 10, 49, 2, 41, 26, 33, 18, 46, 7, 38, 23, 30, 15, 54, 
4, 43, 20, 35, 12, 51),  (1, 40)(2, 42)(3, 41)(4, 37)(5, 39)(6, 38)(7, 45)(8, 44)(9, 43)(10, 31)(11, 33)(12, 32)(13, 28)(14, 30)(15, 29)(16, 
36)(17, 35)(18, 34)(19, 46)(20, 48)(21, 47)(22, 54)(23, 53)(24, 52)(25, 51)(26, 50)(27, 49),  ], [  (1, 38, 21, 31, 14, 51, 7, 44, 27, 29, 12,
46, 5, 42, 22, 35, 18, 52, 3, 37, 20, 33, 13, 50, 9, 43, 26, 28, 11, 48, 4, 41, 24, 34, 17, 54, 2, 39, 19, 32, 15, 49, 8, 45, 25, 30, 10, 47, 
6, 40, 23, 36, 16, 53),  (1, 38)(2, 37)(3, 39)(4, 43)(5, 45)(6, 44)(7, 40)(8, 42)(9, 41)(10, 29)(11, 28)(12, 30)(13, 34)(14, 36)(15, 35)(16, 
31)(17, 33)(18, 32)(19, 52)(20, 54)(21, 53)(22, 49)(23, 51)(24, 50)(25, 46)(26, 48)(27, 47),  ], [  (1, 45, 24, 33, 12, 53, 8, 41, 20, 29, 16,
49, 4, 37, 27, 36, 15, 48, 3, 44, 23, 32, 11, 52, 7, 40, 19, 28, 18, 51, 6, 39, 26, 35, 14, 47, 2, 43, 22, 31, 10, 54, 9, 42, 21, 30, 17, 50, 
5, 38, 25, 34, 13, 46),  (1, 45)(2, 44)(3, 43)(4, 42)(5, 41)(6, 40)(7, 39)(8, 38)(9, 37)(10, 36)(11, 35)(12, 34)(13, 33)(14, 32)(15, 31)(16, 
30)(17, 29)(18, 28)(19, 51)(20, 50)(21, 49)(22, 48)(23, 47)(24, 46)(25, 53)(26, 52)(27, 54),  ], [  (1, 39, 20, 31, 15, 50, 7, 45, 26, 29, 10,
48, 5, 40, 24, 35, 16, 54, 3, 38, 19, 33, 14, 49, 9, 44, 25, 28, 12, 47, 4, 42, 23, 34, 18, 53, 2, 37, 21, 32, 13, 51, 8, 43, 27, 30, 11, 46, 
6, 41, 22, 36, 17, 52),  (1, 39)(2, 38)(3, 37)(4, 44)(5, 43)(6, 45)(7, 41)(8, 40)(9, 42)(10, 30)(11, 29)(12, 28)(13, 35)(14, 34)(15, 36)(16, 
32)(17, 31)(18, 33)(19, 53)(20, 52)(21, 54)(22, 50)(23, 49)(24, 51)(25, 47)(26, 46)(27, 48),  ], [  (1, 34, 5, 30, 9, 31, 2, 35, 6, 28, 7, 32,
3, 36, 4, 29, 8, 33)(10, 43, 14, 39, 18, 40, 11, 44, 15, 37, 16, 41, 12, 45, 13, 38, 17, 42)(19, 52, 23, 48, 27, 49, 20, 53, 24, 46, 25, 50, 
21, 54, 22, 47, 26, 51),  (1, 34)(2, 36)(3, 35)(4, 31)(5, 33)(6, 32)(7, 28)(8, 30)(9, 29)(10, 49)(11, 51)(12, 50)(13, 46)(14, 48)(15, 47)(16, 
54)(17, 53)(18, 52)(19, 40)(20, 42)(21, 41)(22, 37)(23, 39)(24, 38)(25, 45)(26, 44)(27, 43),  ], [  (1, 32, 9, 29, 6, 34, 3, 31, 8, 28, 5, 36,
2, 33, 7, 30, 4, 35)(10, 41, 18, 38, 15, 43, 12, 40, 17, 37, 14, 45, 11, 42, 16, 39, 13, 44)(19, 50, 27, 47, 24, 52, 21, 49, 26, 46, 23, 54, 
20, 51, 25, 48, 22, 53),  (1, 32)(2, 31)(3, 33)(4, 29)(5, 28)(6, 30)(7, 34)(8, 36)(9, 35)(10, 47)(11, 46)(12, 48)(13, 52)(14, 54)(15, 53)(16, 
49)(17, 51)(18, 50)(19, 38)(20, 37)(21, 39)(22, 43)(23, 45)(24, 44)(25, 40)(26, 42)(27, 41),  ], [  (1, 33, 8, 29, 4, 36, 3, 32, 7, 28, 6, 35,
2, 31, 9, 30, 5, 34)(10, 42, 17, 38, 13, 45, 12, 41, 16, 37, 15, 44, 11, 40, 18, 39, 14, 43)(19, 51, 26, 47, 22, 54, 21, 50, 25, 46, 24, 53, 
20, 49, 27, 48, 23, 52),  (1, 33)(2, 32)(3, 31)(4, 30)(5, 29)(6, 28)(7, 35)(8, 34)(9, 36)(10, 48)(11, 47)(12, 46)(13, 53)(14, 52)(15, 54)(16, 
50)(17, 49)(18, 51)(19, 39)(20, 38)(21, 37)(22, 44)(23, 43)(24, 45)(25, 41)(26, 40)(27, 42),  ], [  (1, 52, 17, 36, 22, 41, 6, 46, 11, 30, 27,
43, 8, 51, 13, 32, 21, 37, 2, 53, 18, 34, 23, 42, 4, 47, 12, 28, 25, 44, 9, 49, 14, 33, 19, 38, 3, 54, 16, 35, 24, 40, 5, 48, 10, 29, 26, 45, 
7, 50, 15, 31, 20, 39),  (1, 52)(2, 54)(3, 53)(4, 49)(5, 51)(6, 50)(7, 46)(8, 48)(9, 47)(10, 43)(11, 45)(12, 44)(13, 40)(14, 42)(15, 41)(16, 
37)(17, 39)(18, 38)(19, 34)(20, 36)(21, 35)(22, 31)(23, 33)(24, 32)(25, 28)(26, 30)(27, 29),  ], [  (1, 51, 12, 35, 20, 43, 4, 54, 15, 30, 23,
38, 7, 46, 18, 33, 26, 41, 2, 49, 10, 36, 21, 44, 5, 52, 13, 28, 24, 39, 8, 47, 16, 31, 27, 42, 3, 50, 11, 34, 19, 45, 6, 53, 14, 29, 22, 37, 
9, 48, 17, 32, 25, 40),  (1, 51)(2, 50)(3, 49)(4, 48)(5, 47)(6, 46)(7, 53)(8, 52)(9, 54)(10, 42)(11, 41)(12, 40)(13, 39)(14, 38)(15, 37)(16, 
44)(17, 43)(18, 45)(19, 33)(20, 32)(21, 31)(22, 30)(23, 29)(24, 28)(25, 35)(26, 34)(27, 36),  ], [  (1, 53, 16, 36, 23, 40, 6, 47, 10, 30, 25,
45, 8, 49, 15, 32, 19, 39, 2, 54, 17, 34, 24, 41, 4, 48, 11, 28, 26, 43, 9, 50, 13, 33, 20, 37, 3, 52, 18, 35, 22, 42, 5, 46, 12, 29, 27, 44, 
7, 51, 14, 31, 21, 38),  (1, 53)(2, 52)(3, 54)(4, 50)(5, 49)(6, 51)(7, 47)(8, 46)(9, 48)(10, 44)(11, 43)(12, 45)(13, 41)(14, 40)(15, 42)(16, 
38)(17, 37)(18, 39)(19, 35)(20, 34)(21, 36)(22, 32)(23, 31)(24, 33)(25, 29)(26, 28)(27, 30),  ], [  (1, 35, 4, 30, 7, 33, 2, 36, 5, 28, 8, 31,
3, 34, 6, 29, 9, 32)(10, 44, 13, 39, 16, 42, 11, 45, 14, 37, 17, 40, 12, 43, 15, 38, 18, 41)(19, 53, 22, 48, 25, 51, 20, 54, 23, 46, 26, 49, 
21, 52, 24, 47, 27, 50),  (1, 35)(2, 34)(3, 36)(4, 32)(5, 31)(6, 33)(7, 29)(8, 28)(9, 30)(10, 50)(11, 49)(12, 51)(13, 47)(14, 46)(15, 48)(16, 
52)(17, 54)(18, 53)(19, 41)(20, 40)(21, 42)(22, 38)(23, 37)(24, 39)(25, 43)(26, 45)(27, 44),  ], [  (1, 15, 26, 5, 16, 19, 9, 12, 23, 2, 13, 
27, 6, 17, 20, 7, 10, 24, 3, 14, 25, 4, 18, 21, 8, 11, 22)(28, 42, 53, 32, 43, 46, 36, 39, 50, 29, 40, 54, 33, 44, 47, 34, 37, 51, 30, 41, 52,
31, 45, 48, 35, 38, 49),  (1, 22, 11, 8, 21, 18, 4, 25, 14, 3, 24, 10, 7, 20, 17, 6, 27, 13, 2, 23, 12, 9, 19, 16, 5, 26, 15)(28, 49, 38, 35, 
48, 45, 31, 52, 41, 30, 51, 37, 34, 47, 44, 33, 54, 40, 29, 50, 39, 36, 46, 43, 32, 53, 42),  ], [  (1, 17, 22, 6, 11, 27, 8, 13, 21, 2, 18, 
23, 4, 12, 25, 9, 14, 19, 3, 16, 24, 5, 10, 26, 7, 15, 20)(28, 44, 49, 33, 38, 54, 35, 40, 48, 29, 45, 50, 31, 39, 52, 36, 41, 46, 30, 43, 51,
32, 37, 53, 34, 42, 47),  (1, 20, 15, 7, 26, 10, 5, 24, 16, 3, 19, 14, 9, 25, 12, 4, 23, 18, 2, 21, 13, 8, 27, 11, 6, 22, 17)(28, 47, 42, 34, 
53, 37, 32, 51, 43, 30, 46, 41, 36, 52, 39, 31, 50, 45, 29, 48, 40, 35, 54, 38, 33, 49, 44),  ], [  (1, 16, 23, 6, 10, 25, 8, 15, 19, 2, 17, 
24, 4, 11, 26, 9, 13, 20, 3, 18, 22, 5, 12, 27, 7, 14, 21)(28, 43, 50, 33, 37, 52, 35, 42, 46, 29, 44, 51, 31, 38, 53, 36, 40, 47, 30, 45, 49,
32, 39, 54, 34, 41, 48),  (1, 21, 14, 7, 27, 12, 5, 22, 18, 3, 20, 13, 9, 26, 11, 4, 24, 17, 2, 19, 15, 8, 25, 10, 6, 23, 16)(28, 48, 41, 34, 
54, 39, 32, 49, 45, 30, 47, 40, 36, 53, 38, 31, 51, 44, 29, 46, 42, 35, 52, 37, 33, 50, 43),  ], [  (1, 21, 14, 7, 27, 12, 5, 22, 18, 3, 20, 
13, 9, 26, 11, 4, 24, 17, 2, 19, 15, 8, 25, 10, 6, 23, 16)(28, 48, 41, 34, 54, 39, 32, 49, 45, 30, 47, 40, 36, 53, 38, 31, 51, 44, 29, 46, 42,
35, 52, 37, 33, 50, 43),  (1, 16, 23, 6, 10, 25, 8, 15, 19, 2, 17, 24, 4, 11, 26, 9, 13, 20, 3, 18, 22, 5, 12, 27, 7, 14, 21)(28, 43, 50, 33, 
37, 52, 35, 42, 46, 29, 44, 51, 31, 38, 53, 36, 40, 47, 30, 45, 49, 32, 39, 54, 34, 41, 48),  ], [  (1, 23, 10, 8, 19, 17, 4, 26, 13, 3, 22, 
12, 7, 21, 16, 6, 25, 15, 2, 24, 11, 9, 20, 18, 5, 27, 14)(28, 50, 37, 35, 46, 44, 31, 53, 40, 30, 49, 39, 34, 48, 43, 33, 52, 42, 29, 51, 38,
36, 47, 45, 32, 54, 41),  (1, 14, 27, 5, 18, 20, 9, 11, 24, 2, 15, 25, 6, 16, 21, 7, 12, 22, 3, 13, 26, 4, 17, 19, 8, 10, 23)(28, 41, 54, 32, 
45, 47, 36, 38, 51, 29, 42, 52, 33, 43, 48, 34, 39, 49, 30, 40, 53, 31, 44, 46, 35, 37, 50),  ], [  (1, 22, 11, 8, 21, 18, 4, 25, 14, 3, 24, 
10, 7, 20, 17, 6, 27, 13, 2, 23, 12, 9, 19, 16, 5, 26, 15)(28, 49, 38, 35, 48, 45, 31, 52, 41, 30, 51, 37, 34, 47, 44, 33, 54, 40, 29, 50, 39,
36, 46, 43, 32, 53, 42),  (1, 15, 26, 5, 16, 19, 9, 12, 23, 2, 13, 27, 6, 17, 20, 7, 10, 24, 3, 14, 25, 4, 18, 21, 8, 11, 22)(28, 42, 53, 32, 
43, 46, 36, 39, 50, 29, 40, 54, 33, 44, 47, 34, 37, 51, 30, 41, 52, 31, 45, 48, 35, 38, 49),  ], [  (1, 20, 15, 7, 26, 10, 5, 24, 16, 3, 19, 
14, 9, 25, 12, 4, 23, 18, 2, 21, 13, 8, 27, 11, 6, 22, 17)(28, 47, 42, 34, 53, 37, 32, 51, 43, 30, 46, 41, 36, 52, 39, 31, 50, 45, 29, 48, 40,
35, 54, 38, 33, 49, 44),  (1, 17, 22, 6, 11, 27, 8, 13, 21, 2, 18, 23, 4, 12, 25, 9, 14, 19, 3, 16, 24, 5, 10, 26, 7, 15, 20)(28, 44, 49, 33, 
38, 54, 35, 40, 48, 29, 45, 50, 31, 39, 52, 36, 41, 46, 30, 43, 51, 32, 37, 53, 34, 42, 47),  ], [  (1, 14, 27, 5, 18, 20, 9, 11, 24, 2, 15, 
25, 6, 16, 21, 7, 12, 22, 3, 13, 26, 4, 17, 19, 8, 10, 23)(28, 41, 54, 32, 45, 47, 36, 38, 51, 29, 42, 52, 33, 43, 48, 34, 39, 49, 30, 40, 53,
31, 44, 46, 35, 37, 50),  (1, 23, 10, 8, 19, 17, 4, 26, 13, 3, 22, 12, 7, 21, 16, 6, 25, 15, 2, 24, 11, 9, 20, 18, 5, 27, 14)(28, 50, 37, 35, 
46, 44, 31, 53, 40, 30, 49, 39, 34, 48, 43, 33, 52, 42, 29, 51, 38, 36, 47, 45, 32, 54, 41),  ], [  (1, 49, 11, 35, 21, 45, 4, 52, 14, 30, 24,
37, 7, 47, 17, 33, 27, 40, 2, 50, 12, 36, 19, 43, 5, 53, 15, 28, 22, 38, 8, 48, 18, 31, 25, 41, 3, 51, 10, 34, 20, 44, 6, 54, 13, 29, 23, 39, 
9, 46, 16, 32, 26, 42),  (1, 49)(2, 51)(3, 50)(4, 46)(5, 48)(6, 47)(7, 54)(8, 53)(9, 52)(10, 40)(11, 42)(12, 41)(13, 37)(14, 39)(15, 38)(16, 
45)(17, 44)(18, 43)(19, 31)(20, 33)(21, 32)(22, 28)(23, 30)(24, 29)(25, 36)(26, 35)(27, 34),  ], [  (1, 47, 15, 34, 26, 37, 5, 51, 16, 30, 19,
41, 9, 52, 12, 31, 23, 45, 2, 48, 13, 35, 27, 38, 6, 49, 17, 28, 20, 42, 7, 53, 10, 32, 24, 43, 3, 46, 14, 36, 25, 39, 4, 50, 18, 29, 21, 40, 
8, 54, 11, 33, 22, 44),  (1, 47)(2, 46)(3, 48)(4, 52)(5, 54)(6, 53)(7, 49)(8, 51)(9, 50)(10, 38)(11, 37)(12, 39)(13, 43)(14, 45)(15, 44)(16, 
40)(17, 42)(18, 41)(19, 29)(20, 28)(21, 30)(22, 34)(23, 36)(24, 35)(25, 31)(26, 33)(27, 32),  ], [  (1, 48, 14, 34, 27, 39, 5, 49, 18, 30, 20,
40, 9, 53, 11, 31, 24, 44, 2, 46, 15, 35, 25, 37, 6, 50, 16, 28, 21, 41, 7, 54, 12, 32, 22, 45, 3, 47, 13, 36, 26, 38, 4, 51, 17, 29, 19, 42, 
8, 52, 10, 33, 23, 43),  (1, 48)(2, 47)(3, 46)(4, 53)(5, 52)(6, 54)(7, 50)(8, 49)(9, 51)(10, 39)(11, 38)(12, 37)(13, 44)(14, 43)(15, 45)(16, 
41)(17, 40)(18, 42)(19, 30)(20, 29)(21, 28)(22, 35)(23, 34)(24, 36)(25, 32)(26, 31)(27, 33),  ], [  (1, 43, 23, 33, 10, 52, 8, 42, 19, 29, 17,
51, 4, 38, 26, 36, 13, 47, 3, 45, 22, 32, 12, 54, 7, 41, 21, 28, 16, 50, 6, 37, 25, 35, 15, 46, 2, 44, 24, 31, 11, 53, 9, 40, 20, 30, 18, 49, 
5, 39, 27, 34, 14, 48),  (1, 43)(2, 45)(3, 44)(4, 40)(5, 42)(6, 41)(7, 37)(8, 39)(9, 38)(10, 34)(11, 36)(12, 35)(13, 31)(14, 33)(15, 32)(16, 
28)(17, 30)(18, 29)(19, 49)(20, 51)(21, 50)(22, 46)(23, 48)(24, 47)(25, 54)(26, 53)(27, 52),  ], [  (1, 41, 27, 32, 18, 47, 9, 38, 24, 29, 15,
52, 6, 43, 21, 34, 12, 49, 3, 40, 26, 31, 17, 46, 8, 37, 23, 28, 14, 54, 5, 45, 20, 36, 11, 51, 2, 42, 25, 33, 16, 48, 7, 39, 22, 30, 13, 53, 
4, 44, 19, 35, 10, 50),  (1, 41)(2, 40)(3, 42)(4, 38)(5, 37)(6, 39)(7, 43)(8, 45)(9, 44)(10, 32)(11, 31)(12, 33)(13, 29)(14, 28)(15, 30)(16, 
34)(17, 36)(18, 35)(19, 47)(20, 46)(21, 48)(22, 52)(23, 54)(24, 53)(25, 49)(26, 51)(27, 50),  ], [  (1, 42, 26, 32, 16, 46, 9, 39, 23, 29, 13,
54, 6, 44, 20, 34, 10, 51, 3, 41, 25, 31, 18, 48, 8, 38, 22, 28, 15, 53, 5, 43, 19, 36, 12, 50, 2, 40, 27, 33, 17, 47, 7, 37, 24, 30, 14, 52, 
4, 45, 21, 35, 11, 49),  (1, 42)(2, 41)(3, 40)(4, 39)(5, 38)(6, 37)(7, 44)(8, 43)(9, 45)(10, 33)(11, 32)(12, 31)(13, 30)(14, 29)(15, 28)(16, 
35)(17, 34)(18, 36)(19, 48)(20, 47)(21, 46)(22, 53)(23, 52)(24, 54)(25, 50)(26, 49)(27, 51),  ], [  (1, 44, 22, 33, 11, 54, 8, 40, 21, 29, 18,
50, 4, 39, 25, 36, 14, 46, 3, 43, 24, 32, 10, 53, 7, 42, 20, 28, 17, 49, 6, 38, 27, 35, 13, 48, 2, 45, 23, 31, 12, 52, 9, 41, 19, 30, 16, 51, 
5, 37, 26, 34, 15, 47),  (1, 44)(2, 43)(3, 45)(4, 41)(5, 40)(6, 42)(7, 38)(8, 37)(9, 39)(10, 35)(11, 34)(12, 36)(13, 32)(14, 31)(15, 33)(16, 
29)(17, 28)(18, 30)(19, 50)(20, 49)(21, 51)(22, 47)(23, 46)(24, 48)(25, 52)(26, 54)(27, 53),  ], [  (1, 50, 10, 35, 19, 44, 4, 53, 13, 30, 22,
39, 7, 48, 16, 33, 25, 42, 2, 51, 11, 36, 20, 45, 5, 54, 14, 28, 23, 37, 8, 46, 17, 31, 26, 40, 3, 49, 12, 34, 21, 43, 6, 52, 15, 29, 24, 38, 
9, 47, 18, 32, 27, 41),  (1, 50)(2, 49)(3, 51)(4, 47)(5, 46)(6, 48)(7, 52)(8, 54)(9, 53)(10, 41)(11, 40)(12, 42)(13, 38)(14, 37)(15, 39)(16, 
43)(17, 45)(18, 44)(19, 32)(20, 31)(21, 33)(22, 29)(23, 28)(24, 30)(25, 34)(26, 36)(27, 35),  ], ]
);

BRACES[54].brace[2] := rec ( size := 54, perms := [ [  (),  (),  ], [  (1, 28)(2, 29)(3, 30)(4, 31)(5, 32)(6, 33)(7, 34)(8, 35)(9, 36)(10, 
37)(11, 38)(12, 39)(13, 40)(14, 41)(15, 42)(16, 43)(17, 44)(18, 45)(19, 46)(20, 47)(21, 48)(22, 49)(23, 50)(24, 51)(25, 52)(26, 53)(27, 54),  
(1, 28)(2, 29)(3, 30)(4, 31)(5, 32)(6, 33)(7, 34)(8, 35)(9, 36)(10, 37)(11, 38)(12, 39)(13, 40)(14, 41)(15, 42)(16, 43)(17, 44)(18, 45)(19, 
46)(20, 47)(21, 48)(22, 49)(23, 50)(24, 51)(25, 52)(26, 53)(27, 54),  ], [  (1, 27, 18, 9, 24, 15, 6, 21, 12, 3, 26, 17, 8, 23, 14, 5, 20, 11,
2, 25, 16, 7, 22, 13, 4, 19, 10)(28, 54, 45, 36, 51, 42, 33, 48, 39, 30, 53, 44, 35, 50, 41, 32, 47, 38, 29, 52, 43, 34, 49, 40, 31, 46, 37), 
(1, 10, 19, 4, 13, 22, 7, 16, 25, 2, 11, 20, 5, 14, 23, 8, 17, 26, 3, 12, 21, 6, 15, 24, 9, 18, 27)(28, 37, 46, 31, 40, 49, 34, 43, 52, 29, 
38, 47, 32, 41, 50, 35, 44, 53, 30, 39, 48, 33, 42, 51, 36, 45, 54),  ], [  (1, 9, 6, 3, 8, 5, 2, 7, 4)(10, 18, 15, 12, 17, 14, 11, 16, 
13)(19, 27, 24, 21, 26, 23, 20, 25, 22)(28, 36, 33, 30, 35, 32, 29, 34, 31)(37, 45, 42, 39, 44, 41, 38, 43, 40)(46, 54, 51, 48, 53, 50, 47, 
52, 49),  (1, 4, 7, 2, 5, 8, 3, 6, 9)(10, 13, 16, 11, 14, 17, 12, 15, 18)(19, 22, 25, 20, 23, 26, 21, 24, 27)(28, 31, 34, 29, 32, 35, 30, 33, 
36)(37, 40, 43, 38, 41, 44, 39, 42, 45)(46, 49, 52, 47, 50, 53, 48, 51, 54),  ], [  (1, 3, 2)(4, 6, 5)(7, 9, 8)(10, 12, 11)(13, 15, 14)(16, 
18, 17)(19, 21, 20)(22, 24, 23)(25, 27, 26)(28, 30, 29)(31, 33, 32)(34, 36, 35)(37, 39, 38)(40, 42, 41)(43, 45, 44)(46, 48, 47)(49, 51, 
50)(52, 54, 53),  (1, 2, 3)(4, 5, 6)(7, 8, 9)(10, 11, 12)(13, 14, 15)(16, 17, 18)(19, 20, 21)(22, 23, 24)(25, 26, 27)(28, 29, 30)(31, 32, 
33)(34, 35, 36)(37, 38, 39)(40, 41, 42)(43, 44, 45)(46, 47, 48)(49, 50, 51)(52, 53, 54),  ], [  (1, 10, 19, 4, 13, 22, 7, 16, 25, 2, 11, 20, 
5, 14, 23, 8, 17, 26, 3, 12, 21, 6, 15, 24, 9, 18, 27)(28, 37, 46, 31, 40, 49, 34, 43, 52, 29, 38, 47, 32, 41, 50, 35, 44, 53, 30, 39, 48, 33,
42, 51, 36, 45, 54),  (1, 27, 18, 9, 24, 15, 6, 21, 12, 3, 26, 17, 8, 23, 14, 5, 20, 11, 2, 25, 16, 7, 22, 13, 4, 19, 10)(28, 54, 45, 36, 51, 
42, 33, 48, 39, 30, 53, 44, 35, 50, 41, 32, 47, 38, 29, 52, 43, 34, 49, 40, 31, 46, 37),  ], [  (1, 4, 7, 2, 5, 8, 3, 6, 9)(10, 13, 16, 11, 
14, 17, 12, 15, 18)(19, 22, 25, 20, 23, 26, 21, 24, 27)(28, 31, 34, 29, 32, 35, 30, 33, 36)(37, 40, 43, 38, 41, 44, 39, 42, 45)(46, 49, 52, 
47, 50, 53, 48, 51, 54),  (1, 9, 6, 3, 8, 5, 2, 7, 4)(10, 18, 15, 12, 17, 14, 11, 16, 13)(19, 27, 24, 21, 26, 23, 20, 25, 22)(28, 36, 33, 30, 
35, 32, 29, 34, 31)(37, 45, 42, 39, 44, 41, 38, 43, 40)(46, 54, 51, 48, 53, 50, 47, 52, 49),  ], [  (1, 2, 3)(4, 5, 6)(7, 8, 9)(10, 11, 
12)(13, 14, 15)(16, 17, 18)(19, 20, 21)(22, 23, 24)(25, 26, 27)(28, 29, 30)(31, 32, 33)(34, 35, 36)(37, 38, 39)(40, 41, 42)(43, 44, 45)(46, 
47, 48)(49, 50, 51)(52, 53, 54),  (1, 3, 2)(4, 6, 5)(7, 9, 8)(10, 12, 11)(13, 15, 14)(16, 18, 17)(19, 21, 20)(22, 24, 23)(25, 27, 26)(28, 30, 
29)(31, 33, 32)(34, 36, 35)(37, 39, 38)(40, 42, 41)(43, 45, 44)(46, 48, 47)(49, 51, 50)(52, 54, 53),  ], [  (1, 54, 18, 36, 24, 42, 6, 48, 12,
30, 26, 44, 8, 50, 14, 32, 20, 38, 2, 52, 16, 34, 22, 40, 4, 46, 10, 28, 27, 45, 9, 51, 15, 33, 21, 39, 3, 53, 17, 35, 23, 41, 5, 47, 11, 29, 
25, 43, 7, 49, 13, 31, 19, 37),  (1, 37, 19, 31, 13, 49, 7, 43, 25, 29, 11, 47, 5, 41, 23, 35, 17, 53, 3, 39, 21, 33, 15, 51, 9, 45, 27, 28, 
10, 46, 4, 40, 22, 34, 16, 52, 2, 38, 20, 32, 14, 50, 8, 44, 26, 30, 12, 48, 6, 42, 24, 36, 18, 54),  ], [  (1, 36, 6, 30, 8, 32, 2, 34, 4, 
28, 9, 33, 3, 35, 5, 29, 7, 31)(10, 45, 15, 39, 17, 41, 11, 43, 13, 37, 18, 42, 12, 44, 14, 38, 16, 40)(19, 54, 24, 48, 26, 50, 20, 52, 22, 
46, 27, 51, 21, 53, 23, 47, 25, 49),  (1, 31, 7, 29, 5, 35, 3, 33, 9, 28, 4, 34, 2, 32, 8, 30, 6, 36)(10, 40, 16, 38, 14, 44, 12, 42, 18, 37, 
13, 43, 11, 41, 17, 39, 15, 45)(19, 49, 25, 47, 23, 53, 21, 51, 27, 46, 22, 52, 20, 50, 26, 48, 24, 54),  ], [  (1, 30, 2, 28, 3, 29)(4, 33, 
5, 31, 6, 32)(7, 36, 8, 34, 9, 35)(10, 39, 11, 37, 12, 38)(13, 42, 14, 40, 15, 41)(16, 45, 17, 43, 18, 44)(19, 48, 20, 46, 21, 47)(22, 51, 23,
49, 24, 50)(25, 54, 26, 52, 27, 53),  (1, 29, 3, 28, 2, 30)(4, 32, 6, 31, 5, 33)(7, 35, 9, 34, 8, 36)(10, 38, 12, 37, 11, 39)(13, 41, 15, 40, 
14, 42)(16, 44, 18, 43, 17, 45)(19, 47, 21, 46, 20, 48)(22, 50, 24, 49, 23, 51)(25, 53, 27, 52, 26, 54),  ], [  (1, 37, 19, 31, 13, 49, 7, 43,
25, 29, 11, 47, 5, 41, 23, 35, 17, 53, 3, 39, 21, 33, 15, 51, 9, 45, 27, 28, 10, 46, 4, 40, 22, 34, 16, 52, 2, 38, 20, 32, 14, 50, 8, 44, 26, 
30, 12, 48, 6, 42, 24, 36, 18, 54),  (1, 54, 18, 36, 24, 42, 6, 48, 12, 30, 26, 44, 8, 50, 14, 32, 20, 38, 2, 52, 16, 34, 22, 40, 4, 46, 10, 
28, 27, 45, 9, 51, 15, 33, 21, 39, 3, 53, 17, 35, 23, 41, 5, 47, 11, 29, 25, 43, 7, 49, 13, 31, 19, 37),  ], [  (1, 31, 7, 29, 5, 35, 3, 33, 
9, 28, 4, 34, 2, 32, 8, 30, 6, 36)(10, 40, 16, 38, 14, 44, 12, 42, 18, 37, 13, 43, 11, 41, 17, 39, 15, 45)(19, 49, 25, 47, 23, 53, 21, 51, 27,
46, 22, 52, 20, 50, 26, 48, 24, 54),  (1, 36, 6, 30, 8, 32, 2, 34, 4, 28, 9, 33, 3, 35, 5, 29, 7, 31)(10, 45, 15, 39, 17, 41, 11, 43, 13, 37, 
18, 42, 12, 44, 14, 38, 16, 40)(19, 54, 24, 48, 26, 50, 20, 52, 22, 46, 27, 51, 21, 53, 23, 47, 25, 49),  ], [  (1, 29, 3, 28, 2, 30)(4, 32, 
6, 31, 5, 33)(7, 35, 9, 34, 8, 36)(10, 38, 12, 37, 11, 39)(13, 41, 15, 40, 14, 42)(16, 44, 18, 43, 17, 45)(19, 47, 21, 46, 20, 48)(22, 50, 24,
49, 23, 51)(25, 53, 27, 52, 26, 54),  (1, 30, 2, 28, 3, 29)(4, 33, 5, 31, 6, 32)(7, 36, 8, 34, 9, 35)(10, 39, 11, 37, 12, 38)(13, 42, 14, 40, 
15, 41)(16, 45, 17, 43, 18, 44)(19, 48, 20, 46, 21, 47)(22, 51, 23, 49, 24, 50)(25, 54, 26, 52, 27, 53),  ], [  (1, 18, 24, 6, 12, 26, 8, 14, 
20, 2, 16, 22, 4, 10, 27, 9, 15, 21, 3, 17, 23, 5, 11, 25, 7, 13, 19)(28, 45, 51, 33, 39, 53, 35, 41, 47, 29, 43, 49, 31, 37, 54, 36, 42, 48, 
30, 44, 50, 32, 38, 52, 34, 40, 46),  (1, 19, 13, 7, 25, 11, 5, 23, 17, 3, 21, 15, 9, 27, 10, 4, 22, 16, 2, 20, 14, 8, 26, 12, 6, 24, 18)(28, 
46, 40, 34, 52, 38, 32, 50, 44, 30, 48, 42, 36, 54, 37, 31, 49, 43, 29, 47, 41, 35, 53, 39, 33, 51, 45),  ], [  (1, 24, 12, 8, 20, 16, 4, 27, 
15, 3, 23, 11, 7, 19, 18, 6, 26, 14, 2, 22, 10, 9, 21, 17, 5, 25, 13)(28, 51, 39, 35, 47, 43, 31, 54, 42, 30, 50, 38, 34, 46, 45, 33, 53, 41, 
29, 49, 37, 36, 48, 44, 32, 52, 40),  (1, 13, 25, 5, 17, 21, 9, 10, 22, 2, 14, 26, 6, 18, 19, 7, 11, 23, 3, 15, 27, 4, 16, 20, 8, 12, 24)(28, 
40, 52, 32, 44, 48, 36, 37, 49, 29, 41, 53, 33, 45, 46, 34, 38, 50, 30, 42, 54, 31, 43, 47, 35, 39, 51),  ], [  (1, 26, 16, 9, 23, 13, 6, 20, 
10, 3, 25, 18, 8, 22, 15, 5, 19, 12, 2, 27, 17, 7, 24, 14, 4, 21, 11)(28, 53, 43, 36, 50, 40, 33, 47, 37, 30, 52, 45, 35, 49, 42, 32, 46, 39, 
29, 54, 44, 34, 51, 41, 31, 48, 38),  (1, 11, 21, 4, 14, 24, 7, 17, 27, 2, 12, 19, 5, 15, 22, 8, 18, 25, 3, 10, 20, 6, 13, 23, 9, 16, 26)(28, 
38, 48, 31, 41, 51, 34, 44, 54, 29, 39, 46, 32, 42, 49, 35, 45, 52, 30, 37, 47, 33, 40, 50, 36, 43, 53),  ], [  (1, 19, 13, 7, 25, 11, 5, 23, 
17, 3, 21, 15, 9, 27, 10, 4, 22, 16, 2, 20, 14, 8, 26, 12, 6, 24, 18)(28, 46, 40, 34, 52, 38, 32, 50, 44, 30, 48, 42, 36, 54, 37, 31, 49, 43, 
29, 47, 41, 35, 53, 39, 33, 51, 45),  (1, 18, 24, 6, 12, 26, 8, 14, 20, 2, 16, 22, 4, 10, 27, 9, 15, 21, 3, 17, 23, 5, 11, 25, 7, 13, 19)(28, 
45, 51, 33, 39, 53, 35, 41, 47, 29, 43, 49, 31, 37, 54, 36, 42, 48, 30, 44, 50, 32, 38, 52, 34, 40, 46),  ], [  (1, 25, 17, 9, 22, 14, 6, 19, 
11, 3, 27, 16, 8, 24, 13, 5, 21, 10, 2, 26, 18, 7, 23, 15, 4, 20, 12)(28, 52, 44, 36, 49, 41, 33, 46, 38, 30, 54, 43, 35, 51, 40, 32, 48, 37, 
29, 53, 45, 34, 50, 42, 31, 47, 39),  (1, 12, 20, 4, 15, 23, 7, 18, 26, 2, 10, 21, 5, 13, 24, 8, 16, 27, 3, 11, 19, 6, 14, 22, 9, 17, 25)(28, 
39, 47, 31, 42, 50, 34, 45, 53, 29, 37, 48, 32, 40, 51, 35, 43, 54, 30, 38, 46, 33, 41, 49, 36, 44, 52),  ], [  (1, 6, 8, 2, 4, 9, 3, 5, 
7)(10, 15, 17, 11, 13, 18, 12, 14, 16)(19, 24, 26, 20, 22, 27, 21, 23, 25)(28, 33, 35, 29, 31, 36, 30, 32, 34)(37, 42, 44, 38, 40, 45, 39, 41,
43)(46, 51, 53, 47, 49, 54, 48, 50, 52),  (1, 7, 5, 3, 9, 4, 2, 8, 6)(10, 16, 14, 12, 18, 13, 11, 17, 15)(19, 25, 23, 21, 27, 22, 20, 26, 
24)(28, 34, 32, 30, 36, 31, 29, 35, 33)(37, 43, 41, 39, 45, 40, 38, 44, 42)(46, 52, 50, 48, 54, 49, 47, 53, 51),  ], [  (1, 8, 4, 3, 7, 6, 2, 
9, 5)(10, 17, 13, 12, 16, 15, 11, 18, 14)(19, 26, 22, 21, 25, 24, 20, 27, 23)(28, 35, 31, 30, 34, 33, 29, 36, 32)(37, 44, 40, 39, 43, 42, 38, 
45, 41)(46, 53, 49, 48, 52, 51, 47, 54, 50),  (1, 5, 9, 2, 6, 7, 3, 4, 8)(10, 14, 18, 11, 15, 16, 12, 13, 17)(19, 23, 27, 20, 24, 25, 21, 22, 
26)(28, 32, 36, 29, 33, 34, 30, 31, 35)(37, 41, 45, 38, 42, 43, 39, 40, 44)(46, 50, 54, 47, 51, 52, 48, 49, 53),  ], [  (1, 7, 5, 3, 9, 4, 2, 
8, 6)(10, 16, 14, 12, 18, 13, 11, 17, 15)(19, 25, 23, 21, 27, 22, 20, 26, 24)(28, 34, 32, 30, 36, 31, 29, 35, 33)(37, 43, 41, 39, 45, 40, 38, 
44, 42)(46, 52, 50, 48, 54, 49, 47, 53, 51),  (1, 6, 8, 2, 4, 9, 3, 5, 7)(10, 15, 17, 11, 13, 18, 12, 14, 16)(19, 24, 26, 20, 22, 27, 21, 23, 
25)(28, 33, 35, 29, 31, 36, 30, 32, 34)(37, 42, 44, 38, 40, 45, 39, 41, 43)(46, 51, 53, 47, 49, 54, 48, 50, 52),  ], [  (1, 12, 20, 4, 15, 23,
7, 18, 26, 2, 10, 21, 5, 13, 24, 8, 16, 27, 3, 11, 19, 6, 14, 22, 9, 17, 25)(28, 39, 47, 31, 42, 50, 34, 45, 53, 29, 37, 48, 32, 40, 51, 35, 
43, 54, 30, 38, 46, 33, 41, 49, 36, 44, 52),  (1, 25, 17, 9, 22, 14, 6, 19, 11, 3, 27, 16, 8, 24, 13, 5, 21, 10, 2, 26, 18, 7, 23, 15, 4, 20, 
12)(28, 52, 44, 36, 49, 41, 33, 46, 38, 30, 54, 43, 35, 51, 40, 32, 48, 37, 29, 53, 45, 34, 50, 42, 31, 47, 39),  ], [  (1, 13, 25, 5, 17, 21,
9, 10, 22, 2, 14, 26, 6, 18, 19, 7, 11, 23, 3, 15, 27, 4, 16, 20, 8, 12, 24)(28, 40, 52, 32, 44, 48, 36, 37, 49, 29, 41, 53, 33, 45, 46, 34, 
38, 50, 30, 42, 54, 31, 43, 47, 35, 39, 51),  (1, 24, 12, 8, 20, 16, 4, 27, 15, 3, 23, 11, 7, 19, 18, 6, 26, 14, 2, 22, 10, 9, 21, 17, 5, 25, 
13)(28, 51, 39, 35, 47, 43, 31, 54, 42, 30, 50, 38, 34, 46, 45, 33, 53, 41, 29, 49, 37, 36, 48, 44, 32, 52, 40),  ], [  (1, 11, 21, 4, 14, 24,
7, 17, 27, 2, 12, 19, 5, 15, 22, 8, 18, 25, 3, 10, 20, 6, 13, 23, 9, 16, 26)(28, 38, 48, 31, 41, 51, 34, 44, 54, 29, 39, 46, 32, 42, 49, 35, 
45, 52, 30, 37, 47, 33, 40, 50, 36, 43, 53),  (1, 26, 16, 9, 23, 13, 6, 20, 10, 3, 25, 18, 8, 22, 15, 5, 19, 12, 2, 27, 17, 7, 24, 14, 4, 21, 
11)(28, 53, 43, 36, 50, 40, 33, 47, 37, 30, 52, 45, 35, 49, 42, 32, 46, 39, 29, 54, 44, 34, 51, 41, 31, 48, 38),  ], [  (1, 5, 9, 2, 6, 7, 3, 
4, 8)(10, 14, 18, 11, 15, 16, 12, 13, 17)(19, 23, 27, 20, 24, 25, 21, 22, 26)(28, 32, 36, 29, 33, 34, 30, 31, 35)(37, 41, 45, 38, 42, 43, 39, 
40, 44)(46, 50, 54, 47, 51, 52, 48, 49, 53),  (1, 8, 4, 3, 7, 6, 2, 9, 5)(10, 17, 13, 12, 16, 15, 11, 18, 14)(19, 26, 22, 21, 25, 24, 20, 27, 
23)(28, 35, 31, 30, 34, 33, 29, 36, 32)(37, 44, 40, 39, 43, 42, 38, 45, 41)(46, 53, 49, 48, 52, 51, 47, 54, 50),  ], [  (1, 45, 24, 33, 12, 
53, 8, 41, 20, 29, 16, 49, 4, 37, 27, 36, 15, 48, 3, 44, 23, 32, 11, 52, 7, 40, 19, 28, 18, 51, 6, 39, 26, 35, 14, 47, 2, 43, 22, 31, 10, 54, 
9, 42, 21, 30, 17, 50, 5, 38, 25, 34, 13, 46),  (1, 46, 13, 34, 25, 38, 5, 50, 17, 30, 21, 42, 9, 54, 10, 31, 22, 43, 2, 47, 14, 35, 26, 39, 
6, 51, 18, 28, 19, 40, 7, 52, 11, 32, 23, 44, 3, 48, 15, 36, 27, 37, 4, 49, 16, 29, 20, 41, 8, 53, 12, 33, 24, 45),  ], [  (1, 51, 12, 35, 20,
43, 4, 54, 15, 30, 23, 38, 7, 46, 18, 33, 26, 41, 2, 49, 10, 36, 21, 44, 5, 52, 13, 28, 24, 39, 8, 47, 16, 31, 27, 42, 3, 50, 11, 34, 19, 45, 
6, 53, 14, 29, 22, 37, 9, 48, 17, 32, 25, 40),  (1, 40, 25, 32, 17, 48, 9, 37, 22, 29, 14, 53, 6, 45, 19, 34, 11, 50, 3, 42, 27, 31, 16, 47, 
8, 39, 24, 28, 13, 52, 5, 44, 21, 36, 10, 49, 2, 41, 26, 33, 18, 46, 7, 38, 23, 30, 15, 54, 4, 43, 20, 35, 12, 51),  ], [  (1, 53, 16, 36, 23,
40, 6, 47, 10, 30, 25, 45, 8, 49, 15, 32, 19, 39, 2, 54, 17, 34, 24, 41, 4, 48, 11, 28, 26, 43, 9, 50, 13, 33, 20, 37, 3, 52, 18, 35, 22, 42, 
5, 46, 12, 29, 27, 44, 7, 51, 14, 31, 21, 38),  (1, 38, 21, 31, 14, 51, 7, 44, 27, 29, 12, 46, 5, 42, 22, 35, 18, 52, 3, 37, 20, 33, 13, 50, 
9, 43, 26, 28, 11, 48, 4, 41, 24, 34, 17, 54, 2, 39, 19, 32, 15, 49, 8, 45, 25, 30, 10, 47, 6, 40, 23, 36, 16, 53),  ], [  (1, 46, 13, 34, 25,
38, 5, 50, 17, 30, 21, 42, 9, 54, 10, 31, 22, 43, 2, 47, 14, 35, 26, 39, 6, 51, 18, 28, 19, 40, 7, 52, 11, 32, 23, 44, 3, 48, 15, 36, 27, 37, 
4, 49, 16, 29, 20, 41, 8, 53, 12, 33, 24, 45),  (1, 45, 24, 33, 12, 53, 8, 41, 20, 29, 16, 49, 4, 37, 27, 36, 15, 48, 3, 44, 23, 32, 11, 52, 
7, 40, 19, 28, 18, 51, 6, 39, 26, 35, 14, 47, 2, 43, 22, 31, 10, 54, 9, 42, 21, 30, 17, 50, 5, 38, 25, 34, 13, 46),  ], [  (1, 52, 17, 36, 22,
41, 6, 46, 11, 30, 27, 43, 8, 51, 13, 32, 21, 37, 2, 53, 18, 34, 23, 42, 4, 47, 12, 28, 25, 44, 9, 49, 14, 33, 19, 38, 3, 54, 16, 35, 24, 40, 
5, 48, 10, 29, 26, 45, 7, 50, 15, 31, 20, 39),  (1, 39, 20, 31, 15, 50, 7, 45, 26, 29, 10, 48, 5, 40, 24, 35, 16, 54, 3, 38, 19, 33, 14, 49, 
9, 44, 25, 28, 12, 47, 4, 42, 23, 34, 18, 53, 2, 37, 21, 32, 13, 51, 8, 43, 27, 30, 11, 46, 6, 41, 22, 36, 17, 52),  ], [  (1, 33, 8, 29, 4, 
36, 3, 32, 7, 28, 6, 35, 2, 31, 9, 30, 5, 34)(10, 42, 17, 38, 13, 45, 12, 41, 16, 37, 15, 44, 11, 40, 18, 39, 14, 43)(19, 51, 26, 47, 22, 54, 
21, 50, 25, 46, 24, 53, 20, 49, 27, 48, 23, 52),  (1, 34, 5, 30, 9, 31, 2, 35, 6, 28, 7, 32, 3, 36, 4, 29, 8, 33)(10, 43, 14, 39, 18, 40, 11, 
44, 15, 37, 16, 41, 12, 45, 13, 38, 17, 42)(19, 52, 23, 48, 27, 49, 20, 53, 24, 46, 25, 50, 21, 54, 22, 47, 26, 51),  ], [  (1, 35, 4, 30, 7, 
33, 2, 36, 5, 28, 8, 31, 3, 34, 6, 29, 9, 32)(10, 44, 13, 39, 16, 42, 11, 45, 14, 37, 17, 40, 12, 43, 15, 38, 18, 41)(19, 53, 22, 48, 25, 51, 
20, 54, 23, 46, 26, 49, 21, 52, 24, 47, 27, 50),  (1, 32, 9, 29, 6, 34, 3, 31, 8, 28, 5, 36, 2, 33, 7, 30, 4, 35)(10, 41, 18, 38, 15, 43, 12, 
40, 17, 37, 14, 45, 11, 42, 16, 39, 13, 44)(19, 50, 27, 47, 24, 52, 21, 49, 26, 46, 23, 54, 20, 51, 25, 48, 22, 53),  ], [  (1, 34, 5, 30, 9, 
31, 2, 35, 6, 28, 7, 32, 3, 36, 4, 29, 8, 33)(10, 43, 14, 39, 18, 40, 11, 44, 15, 37, 16, 41, 12, 45, 13, 38, 17, 42)(19, 52, 23, 48, 27, 49, 
20, 53, 24, 46, 25, 50, 21, 54, 22, 47, 26, 51),  (1, 33, 8, 29, 4, 36, 3, 32, 7, 28, 6, 35, 2, 31, 9, 30, 5, 34)(10, 42, 17, 38, 13, 45, 12, 
41, 16, 37, 15, 44, 11, 40, 18, 39, 14, 43)(19, 51, 26, 47, 22, 54, 21, 50, 25, 46, 24, 53, 20, 49, 27, 48, 23, 52),  ], [  (1, 39, 20, 31, 
15, 50, 7, 45, 26, 29, 10, 48, 5, 40, 24, 35, 16, 54, 3, 38, 19, 33, 14, 49, 9, 44, 25, 28, 12, 47, 4, 42, 23, 34, 18, 53, 2, 37, 21, 32, 13, 
51, 8, 43, 27, 30, 11, 46, 6, 41, 22, 36, 17, 52),  (1, 52, 17, 36, 22, 41, 6, 46, 11, 30, 27, 43, 8, 51, 13, 32, 21, 37, 2, 53, 18, 34, 23, 
42, 4, 47, 12, 28, 25, 44, 9, 49, 14, 33, 19, 38, 3, 54, 16, 35, 24, 40, 5, 48, 10, 29, 26, 45, 7, 50, 15, 31, 20, 39),  ], [  (1, 40, 25, 32,
17, 48, 9, 37, 22, 29, 14, 53, 6, 45, 19, 34, 11, 50, 3, 42, 27, 31, 16, 47, 8, 39, 24, 28, 13, 52, 5, 44, 21, 36, 10, 49, 2, 41, 26, 33, 18, 
46, 7, 38, 23, 30, 15, 54, 4, 43, 20, 35, 12, 51),  (1, 51, 12, 35, 20, 43, 4, 54, 15, 30, 23, 38, 7, 46, 18, 33, 26, 41, 2, 49, 10, 36, 21, 
44, 5, 52, 13, 28, 24, 39, 8, 47, 16, 31, 27, 42, 3, 50, 11, 34, 19, 45, 6, 53, 14, 29, 22, 37, 9, 48, 17, 32, 25, 40),  ], [  (1, 38, 21, 31,
14, 51, 7, 44, 27, 29, 12, 46, 5, 42, 22, 35, 18, 52, 3, 37, 20, 33, 13, 50, 9, 43, 26, 28, 11, 48, 4, 41, 24, 34, 17, 54, 2, 39, 19, 32, 15, 
49, 8, 45, 25, 30, 10, 47, 6, 40, 23, 36, 16, 53),  (1, 53, 16, 36, 23, 40, 6, 47, 10, 30, 25, 45, 8, 49, 15, 32, 19, 39, 2, 54, 17, 34, 24, 
41, 4, 48, 11, 28, 26, 43, 9, 50, 13, 33, 20, 37, 3, 52, 18, 35, 22, 42, 5, 46, 12, 29, 27, 44, 7, 51, 14, 31, 21, 38),  ], [  (1, 32, 9, 29, 
6, 34, 3, 31, 8, 28, 5, 36, 2, 33, 7, 30, 4, 35)(10, 41, 18, 38, 15, 43, 12, 40, 17, 37, 14, 45, 11, 42, 16, 39, 13, 44)(19, 50, 27, 47, 24, 
52, 21, 49, 26, 46, 23, 54, 20, 51, 25, 48, 22, 53),  (1, 35, 4, 30, 7, 33, 2, 36, 5, 28, 8, 31, 3, 34, 6, 29, 9, 32)(10, 44, 13, 39, 16, 42, 
11, 45, 14, 37, 17, 40, 12, 43, 15, 38, 18, 41)(19, 53, 22, 48, 25, 51, 20, 54, 23, 46, 26, 49, 21, 52, 24, 47, 27, 50),  ], [  (1, 15, 26, 5,
16, 19, 9, 12, 23, 2, 13, 27, 6, 17, 20, 7, 10, 24, 3, 14, 25, 4, 18, 21, 8, 11, 22)(28, 42, 53, 32, 43, 46, 36, 39, 50, 29, 40, 54, 33, 44, 
47, 34, 37, 51, 30, 41, 52, 31, 45, 48, 35, 38, 49),  (1, 22, 11, 8, 21, 18, 4, 25, 14, 3, 24, 10, 7, 20, 17, 6, 27, 13, 2, 23, 12, 9, 19, 16,
5, 26, 15)(28, 49, 38, 35, 48, 45, 31, 52, 41, 30, 51, 37, 34, 47, 44, 33, 54, 40, 29, 50, 39, 36, 46, 43, 32, 53, 42),  ], [  (1, 17, 22, 6, 
11, 27, 8, 13, 21, 2, 18, 23, 4, 12, 25, 9, 14, 19, 3, 16, 24, 5, 10, 26, 7, 15, 20)(28, 44, 49, 33, 38, 54, 35, 40, 48, 29, 45, 50, 31, 39, 
52, 36, 41, 46, 30, 43, 51, 32, 37, 53, 34, 42, 47),  (1, 20, 15, 7, 26, 10, 5, 24, 16, 3, 19, 14, 9, 25, 12, 4, 23, 18, 2, 21, 13, 8, 27, 11,
6, 22, 17)(28, 47, 42, 34, 53, 37, 32, 51, 43, 30, 46, 41, 36, 52, 39, 31, 50, 45, 29, 48, 40, 35, 54, 38, 33, 49, 44),  ], [  (1, 16, 23, 6, 
10, 25, 8, 15, 19, 2, 17, 24, 4, 11, 26, 9, 13, 20, 3, 18, 22, 5, 12, 27, 7, 14, 21)(28, 43, 50, 33, 37, 52, 35, 42, 46, 29, 44, 51, 31, 38, 
53, 36, 40, 47, 30, 45, 49, 32, 39, 54, 34, 41, 48),  (1, 21, 14, 7, 27, 12, 5, 22, 18, 3, 20, 13, 9, 26, 11, 4, 24, 17, 2, 19, 15, 8, 25, 10,
