BRACES[90] := [ rec(
      gadd := [ ( 1,66,38,56,28,78, 6,68,40,58,18,80, 8,70,45,48,20,82,10,75,32,50,22,87,15,62,34,52,27,89, 2,64,39,57,29,76, 4,69,41,59,16,81, 9,71,43,46,21,83,
             11,73,33,51,23,85,13,63,35,53,25,90, 3,65,37,55,30,77, 5,67,42,60,17,79, 7,72,44,47,19,84,12,74,31,49,24,86,14,61,36,54,26,88) ],
      gmul := [ ( 1,19,37,11,29,32, 6,24,42,13,16,34, 8,26,44, 3,21,39,10,28,31, 5,23,41,15,18,36, 7,25,43, 2,20,38,12,30,33, 4,22,40,14,17,35, 9,27,45)
            (46,64,82,56,74,77,51,69,87,58,61,79,53,71,89,48,66,84,55,73,76,50,68,86,60,63,81,52,70,88,47,65,83,57,75,78,49,67,85,59,62,80,54,72,90), 
          ( 1,55, 4,58, 7,46,10,49,13,52)( 2,57, 5,60, 8,48,11,51,14,54)( 3,56, 6,59, 9,47,12,50,15,53)(16,87,19,90,22,78,25,81,28,84)(17,86,20,89,23,77,26,80,29,83)
            (18,85,21,88,24,76,27,79,30,82)(31,72,34,75,37,63,40,66,43,69)(32,71,35,74,38,62,41,65,44,68)(33,70,36,73,39,61,42,64,45,67) ],
      p := ( 2,46,29,63,84,72,74,56,44,43,34,51, 8,13,47,22, 7, 3,16,17,19,28,10,48,21,14,58,12,61,80,27,15,31,81,38,50,25,32,76,40,73,70,53,39,62,89,68,57,42,
         55,35,60,75,37,64,79,24, 6,33,90,71,65,88,85,83,69,67,54, 9,78,26,45,20, 5, 4)(11,49,30,77,23,36,52)(41,59,66,87,82),
      q := ( 2,46,35,51,12,61,89,71,74,53,25,17,45,44,21, 6,16,32,76,24,14,49,34,60,66,84,69,70,56,20,15,18,31,90,68,54,11,58, 8, 4, 3,33,81,26,19,36,55,29,63,87,85,86,83,72,65,79,40,64,88,82,23,28, 7)
        ( 5,13,47,42,52, 9,78,38,59,75,27)(10,48,43,30,77,41,50,39,62,80,37,73,67,57,22) ), rec(
      gadd := [ ( 1,66,38,56,28,78, 6,68,40,58,18,80, 8,70,45,48,20,82,10,75,32,50,22,87,15,62,34,52,27,89, 2,64,39,57,29,76, 4,69,41,59,16,81, 9,71,43,46,21,83,
             11,73,33,51,23,85,13,63,35,53,25,90, 3,65,37,55,30,77, 5,67,42,60,17,79, 7,72,44,47,19,84,12,74,31,49,24,86,14,61,36,54,26,88) ],
      gmul := [ ( 1,68)( 2,67)( 3,69)( 4,65)( 5,64)( 6,66)( 7,62)( 8,61)( 9,63)(10,74)(11,73)(12,75)(13,71)(14,70)(15,72)(16,53)(17,52)(18,54)(19,50)(20,49)
            (21,51)(22,47)(23,46)(24,48)(25,59)(26,58)(27,60)(28,56)(29,55)(30,57)(31,82)(32,84)(33,83)(34,79)(35,81)(36,80)(37,76)(38,78)(39,77)(40,88)(41,90)(42,89)(43,85)(44,87)(45,86), 
          ( 1,81)( 2,80)( 3,79)( 4,78)( 5,77)( 6,76)( 7,90)( 8,89)( 9,88)(10,87)(11,86)(12,85)(13,84)(14,83)(15,82)(16,66)(17,65)(18,64)(19,63)(20,62)
            (21,61)(22,75)(23,74)(24,73)(25,72)(26,71)(27,70)(28,69)(29,68)(30,67)(31,51)(32,50)(33,49)(34,48)(35,47)(36,46)(37,60)(38,59)(39,58)(40,57)(41,56)(42,55)(43,54)(44,53)(45,52) ],
      p := ( 2,46,29,63,87,85,86,83,72,65,79,24, 6,33,81,38,59,75,37,73,67,57,42,52,11,58,12,61,89,71,74,53,39,62,80,27,15,31,90,68,54, 9,78,26,45,20, 5, 4)
        ( 3,16,17,19,28,10,48,21,14,49,30,77,23,36,55,35,51, 8,13,47,22, 7)(25,32,76,40,64,88,82,41,50)(34,60,66,84,69,70,56,44,43),
      q := ( 2,46,35,51,12,61,89,71,74,53,25,17,45,44,21, 6,16,32,76,24,14,49,34,60,66,84,69,70,56,20,15,18,31,90,68,54,11,58, 8, 4, 3,33,81,26,19,36,55,29,63,87,85,86,83,72,65,79,40,64,88,82,23,28, 7)
        ( 5,13,47,42,52, 9,78,38,59,75,27)(10,48,43,30,77,41,50,39,62,80,37,73,67,57,22) ), rec(
      gadd := [ ( 1,66,38,56,28,78, 6,68,40,58,18,80, 8,70,45,48,20,82,10,75,32,50,22,87,15,62,34,52,27,89, 2,64,39,57,29,76, 4,69,41,59,16,81, 9,71,43,46,21,83,
             11,73,33,51,23,85,13,63,35,53,25,90, 3,65,37,55,30,77, 5,67,42,60,17,79, 7,72,44,47,19,84,12,74,31,49,24,86,14,61,36,54,26,88) ],
      gmul := [ ( 1,66,38,56,28,78, 6,68,40,58,18,80, 8,70,45,48,20,82,10,75,32,50,22,87,15,62,34,52,27,89, 2,64,39,57,29,76, 4,69,41,59,16,81, 9,71,43,46,21,83,
             11,73,33,51,23,85,13,63,35,53,25,90, 3,65,37,55,30,77, 5,67,42,60,17,79, 7,72,44,47,19,84,12,74,31,49,24,86,14,61,36,54,26,88) ],
      p := ( 2,46,29,76,40,90,86,71,80,27,15,31,64,66,70,54, 9,61,65,75,37,81,38,51, 8,13,48,21,14,58,12,78,26,45,20, 5, 4)( 3,16,17,19,28,10,47,22, 7)
        ( 6,33,73,87,69,84,85,68,56,44,43,34,50,25,32,63,67,53,39,77,23,36,52,11,49,30,62,74,57,42,55,35,59,79,24)(41,60,88,72,89,83,82),
      q := ( 2,46,35,51,12,61,89,71,74,53,25,17,45,44,21, 6,16,32,76,24,14,49,34,60,66,84,69,70,56,20,15,18,31,90,68,54,11,58, 8, 4, 3,33,81,26,19,36,55,29,63,87,85,86,83,72,65,79,40,64,88,82,23,28, 7)
        ( 5,13,47,42,52, 9,78,38,59,75,27)(10,48,43,30,77,41,50,39,62,80,37,73,67,57,22) ), rec(
      gadd := [ ( 1,66,38,56,28,78, 6,68,40,58,18,80, 8,70,45,48,20,82,10,75,32,50,22,87,15,62,34,52,27,89, 2,64,39,57,29,76, 4,69,41,59,16,81, 9,71,43,46,21,83,
             11,73,33,51,23,85,13,63,35,53,25,90, 3,65,37,55,30,77, 5,67,42,60,17,79, 7,72,44,47,19,84,12,74,31,49,24,86,14,61,36,54,26,88) ],
      gmul := [ ( 1,50, 3,49, 2,51)( 4,47, 6,46, 5,48)( 7,59, 9,58, 8,60)(10,56,12,55,11,57)(13,53,15,52,14,54)(16,65,18,64,17,66)(19,62,21,61,20,63)(22,74,24,73,23,75)
            (25,71,27,70,26,72)(28,68,30,67,29,69)(31,80,33,79,32,81)(34,77,36,76,35,78)(37,89,39,88,38,90)(40,86,42,85,41,87)(43,83,45,82,44,84), ( 1,88,17,60,33,73, 2,89,18,58,31,74, 3,90,16,59,32,75)
            ( 4,85,20,57,36,70, 5,86,21,55,34,71, 6,87,19,56,35,72)( 7,82,23,54,39,67, 8,83,24,52,37,68, 9,84,22,53,38,69)(10,79,26,51,42,64,11,80,27,49,40,65,12,81,25,50,41,66)
            (13,76,29,48,45,61,14,77,30,46,43,62,15,78,28,47,44,63) ],
      p := ( 2,46,29,76,40,81,38,60,79,24, 6,33,64,75,37,90,83,85,71,89,86,68,53,39,77,23,36,55,35,50,25,32,63,70,57,42,52,11,58,12,78,26,45,20, 5, 4)( 3,16,17,19,28,10,47,22, 7)
        ( 8,13,48,21,14,49,30,62,65,66,67,56,44,43,34,59,88,69,87,72,80,27,15,31,73,84,82,41,51)( 9,61,74,54),
      q := ( 2,46,35,51,12,61,89,71,74,53,25,17,45,44,21, 6,16,32,76,24,14,49,34,60,66,84,69,70,56,20,15,18,31,90,68,54,11,58, 8, 4, 3,33,81,26,19,36,55,29,63,87,85,86,83,72,65,79,40,64,88,82,23,28, 7)
        ( 5,13,47,42,52, 9,78,38,59,75,27)(10,48,43,30,77,41,50,39,62,80,37,73,67,57,22) ), rec(
      gadd := [ ( 1,66,38,56,28,78, 6,68,40,58,18,80, 8,70,45,48,20,82,10,75,32,50,22,87,15,62,34,52,27,89, 2,64,39,57,29,76, 4,69,41,59,16,81, 9,71,43,46,21,83,
             11,73,33,51,23,85,13,63,35,53,25,90, 3,65,37,55,30,77, 5,67,42,60,17,79, 7,72,44,47,19,84,12,74,31,49,24,86,14,61,36,54,26,88) ],
      gmul := [ ( 1,24,45, 5,25,31, 9,29,35,10,18,39,14,19,40, 3,23,44, 4,27,33, 8,28,34,12,17,38,13,21,42, 2,22,43, 6,26,32, 7,30,36,11,16,37,15,20,41)
            (46,69,90,50,70,76,54,74,80,55,63,84,59,64,85,48,68,89,49,72,78,53,73,79,57,62,83,58,66,87,47,67,88,51,71,77,52,75,81,56,61,82,60,65,86), ( 1,74,31,59,18,89, 3,73,33,58,17,88, 2,75,32,60,16,90)
            ( 4,71,34,56,21,86, 6,70,36,55,20,85, 5,72,35,57,19,87)( 7,68,37,53,24,83, 9,67,39,52,23,82, 8,69,38,54,22,84)(10,65,40,50,27,80,12,64,42,49,26,79,11,66,41,51,25,81)
            (13,62,43,47,30,77,15,61,45,46,29,76,14,63,44,48,28,78) ],
      p := ( 2,46,30,63,71,89,86,69,87,70,57,42,52,11,58,12,78,27,15,31,74,54, 9,62,66,68,53,39,77,24, 6,33,65,64,73,84,82,41,51, 8,13,48,19,29,76,40,81,38,60,79,22, 7, 3,17,20, 5, 4)
        (10,47,23,36,55,35,50,26,45,21,14,49,28)(16,18)(25,32,61,75,37,90,83,85,72,80)(34,59,88,67,56,44,43),
      q := ( 2,46,35,51,12,62,80,37,74,53,26,20,15,16,32,76,22,10,48,43,28, 7)( 3,33,81,27, 5,13,47,42,52, 9,78,38,59,73,68,54,11,58, 8, 4)( 6,17,45,44,19,36,55,30,77,41,50,39,63,87,85,86,83,70,56,21)
        (14,49,34,60,64,88,82,24)(18,31,90,69,71,75,25)(23,29,61,89,72,66,84,67,57)(40,65,79) ), rec(
      gadd := [ ( 1,66,38,56,28,78, 6,68,40,58,18,80, 8,70,45,48,20,82,10,75,32,50,22,87,15,62,34,52,27,89, 2,64,39,57,29,76, 4,69,41,59,16,81, 9,71,43,46,21,83,
             11,73,33,51,23,85,13,63,35,53,25,90, 3,65,37,55,30,77, 5,67,42,60,17,79, 7,72,44,47,19,84,12,74,31,49,24,86,14,61,36,54,26,88) ],
      gmul := [ ( 1,66,39,56,28,76, 6,68,41,58,18,81, 8,70,43,48,20,83,10,75,33,50,22,85,15,62,35,52,27,90, 2,64,37,57,29,77, 4,69,42,59,16,79, 9,71,44,46,21,84,
             11,73,31,51,23,86,13,63,36,53,25,88, 3,65,38,55,30,78, 5,67,40,60,17,80, 7,72,45,47,19,82,12,74,32,49,24,87,14,61,34,54,26,89) ],
      p := ( 2,46,30,63,68,56,44,43,34,50,26,45,21,14,58,12,78,27,15,31,65,73,87,67,53,39,77,24, 6,33,74,57,42,55,35,59,79,22, 7, 3,17,20, 5, 4)( 8,13,48,19,29,
         76,40,90,86,72,89,83,82,41,60,88,70,54, 9,62,75,37,81,38,51)(10,47,23,36,52,11,49,28)(16,18)(25,32,61,66,71,80)(69,84,85),
      q := ( 2,46,35,51,12,62,80,37,74,53,26,20,15,16,32,76,22,10,48,43,28, 7)( 3,33,81,27, 5,13,47,42,52, 9,78,38,59,73,68,54,11,58, 8, 4)( 6,17,45,44,19,36,55,30,77,41,50,39,63,87,85,86,83,70,56,21)
        (14,49,34,60,64,88,82,24)(18,31,90,69,71,75,25)(23,29,61,89,72,66,84,67,57)(40,65,79) ), rec(
      gadd := [ ( 1,59, 7,50,13,51, 4,57,10,48,11,54, 2,60, 8,46,14,52, 5,58, 6,49,12,55, 3,56, 9,47,15,53)(16,74,22,65,28,66,19,72,25,63,26,69,17,75,23,61,29,67,20,73,21,64,27,70,18,71,24,62,30,68)
            (31,89,37,80,43,81,34,87,40,78,41,84,32,90,38,76,44,82,35,88,36,79,42,85,33,86,39,77,45,83), ( 1,67,43,49,25,86, 2,68,44,50,21,87, 3,69,45,46,22,88, 4,70,41,47,23,89, 5,66,42,48,24,90)
            ( 6,72,33,54,30,76, 7,73,34,55,26,77, 8,74,35,51,27,78, 9,75,31,52,28,79,10,71,32,53,29,80)(11,62,38,59,20,81,12,63,39,60,16,82,13,64,40,56,17,83,14,65,36,57,18,84,15,61,37,58,19,85) ],
      gmul := [ ( 1, 7,13, 4,10,11, 2, 8,14, 5, 6,12, 3, 9,15)(16,22,28,19,25,26,17,23,29,20,21,27,18,24,30)(31,37,43,34,40,41,32,38,44,35,36,42,33,39,45)(46,52,58,49,55,56,47,53,59,50,51,57,48,54,60)
            (61,67,73,64,70,71,62,68,74,65,66,72,63,69,75)(76,82,88,79,85,86,77,83,89,80,81,87,78,84,90), ( 1,27,38, 4,30,36, 2,28,39, 5,26,37, 3,29,40)( 6,17,43, 9,20,41, 7,18,44,10,16,42, 8,19,45)
            (11,22,33,14,25,31,12,23,34,15,21,32,13,24,35)(46,72,83,49,75,81,47,73,84,50,71,82,48,74,85)(51,62,88,54,65,86,52,63,89,55,61,87,53,64,90)(56,67,78,59,70,76,57,68,79,60,66,77,58,69,80), 
          ( 1,72)( 2,71)( 3,75)( 4,74)( 5,73)( 6,67)( 7,66)( 8,70)( 9,69)(10,68)(11,62)(12,61)(13,65)(14,64)(15,63)(16,57)(17,56)(18,60)(19,59)(20,58)(21,52)(22,51)
            (23,55)(24,54)(25,53)(26,47)(27,46)(28,50)(29,49)(30,48)(31,87)(32,86)(33,90)(34,89)(35,88)(36,82)(37,81)(38,85)(39,84)(40,83)(41,77)(42,76)(43,80)(44,79)(45,78) ],
      p := ( 2,46, 9,47,40,90,84,63,72,89,79,38,76,34,71,80,33,57, 8, 6)( 3, 5,11,51,37,55,17,15, 4,41,60,53,32,87,74,85,78,29,48,35,70,54,13,86,83,73,59,68,69,
         65,77,19,10,66,82,28,26,22,31,52,43,44,14,56,23,12,50,30,67,75,39,49,20,36,61,88,64,62,58,27, 7,21,42,81,18,25)(16,45,24),
      q := ( 2,46,13,86,83,73,59,68,69,65,77,33,57,14,56,44, 8,11,51,30,67,75,28,36,61,88,64,62,58,40,90,84,63,72,89,79,29,48,17, 7,41,60,53,20,26,45,43,23,10,
         66,82,39,49,32,87,74,85,78,38,76,18,42,81,34,71,80,19,12,50,37,55,35,70,54, 9,47,27,15, 3)( 4,21,25)( 5, 6)(16,22)(24,31,52) ), rec(
      gadd := [ ( 1,58,10,47,14,51, 3,60, 7,49,11,53, 5,57, 9,46,13,55, 2,59, 6,48,15,52, 4,56, 8,50,12,54)(16,73,25,62,29,66,18,75,22,64,26,68,20,72,24,61,28,70,17,74,21,63,30,67,19,71,23,65,27,69)
            (31,88,40,77,44,81,33,90,37,79,41,83,35,87,39,76,43,85,32,89,36,78,45,82,34,86,38,80,42,84), ( 1,69,42,50,23,86, 4,67,45,48,21,89, 2,70,43,46,24,87, 5,68,41,49,22,90, 3,66,44,47,25,88)
            ( 6,74,32,55,28,76, 9,72,35,53,26,79, 7,75,33,51,29,77,10,73,31,54,27,80, 8,71,34,52,30,78)(11,64,37,60,18,81,14,62,40,58,16,84,12,65,38,56,19,82,15,63,36,59,17,85,13,61,39,57,20,83) ],
      gmul := [ ( 1,63,35,47,19,76, 3,65,32,49,16,78, 5,62,34,46,18,80, 2,64,31,48,20,77, 4,61,33,50,17,79)( 6,68,40,52,24,81, 8,70,37,54,21,83,10,67,39,51,23,85, 7,69,36,53,25,82, 9,66,38,55,22,84)
            (11,73,45,57,29,86,13,75,42,59,26,88,15,72,44,56,28,90,12,74,41,58,30,87,14,71,43,60,27,89), ( 1,87,23,49,45,66, 2,88,24,50,41,67, 3,89,25,46,42,68, 4,90,21,47,43,69, 5,86,22,48,44,70)
            ( 6,77,28,54,35,71, 7,78,29,55,31,72, 8,79,30,51,32,73, 9,80,26,52,33,74,10,76,27,53,34,75)(11,82,18,59,40,61,12,83,19,60,36,62,13,84,20,56,37,63,14,85,16,57,38,64,15,81,17,58,39,65) ],
      p := ( 2,46, 9,50,30,90,73,53,32,70,58,27, 7,21,42,71,62,54,13,66,75,39,48,35,87,83,84,79,38,61,69,77,19,10,86,74,72,68,88,78,29,49,20,36,76,34,81,18,25,
          3, 5,11,56,23,12,47,40,67,82,28,26,22,31,60,59,89,63,85,64,80,33,55,17,15, 4,41,52,43,44,14,51,37,57, 8, 6)(16,45,24),
      q := ( 2,46,13,86,83,73,59,68,69,65,77,33,57,14,56,44, 8,11,51,30,67,75,28,36,61,88,64,62,58,40,90,84,63,72,89,79,29,48,17, 7,41,60,53,20,26,45,43,23,10,
         66,82,39,49,32,87,74,85,78,38,76,18,42,81,34,71,80,19,12,50,37,55,35,70,54, 9,47,27,15, 3)( 4,21,25)( 5, 6)(16,22)(24,31,52) ), rec(
      gadd := [ ( 1, 9,12, 5, 8,11, 4, 7,15, 3, 6,14, 2,10,13)(16,24,27,20,23,26,19,22,30,18,21,29,17,25,28)(31,39,42,35,38,41,34,37,45,33,36,44,32,40,43)(46,54,57,50,53,56,49,52,60,48,51,59,47,55,58)
            (61,69,72,65,68,71,64,67,75,63,66,74,62,70,73)(76,84,87,80,83,86,79,82,90,78,81,89,77,85,88), ( 1,74,37,50,28,81, 4,72,40,48,26,84, 2,75,38,46,29,82, 5,73,36,49,27,85, 3,71,39,47,30,83)
            ( 6,64,42,55,18,86, 9,62,45,53,16,89, 7,65,43,51,19,87,10,63,41,54,17,90, 8,61,44,52,20,88)(11,69,32,60,23,76,14,67,35,58,21,79,12,70,33,56,24,77,15,68,31,59,22,80,13,66,34,57,25,78) ],
      gmul := [ ( 1, 6,11)( 2, 7,12)( 3, 8,13)( 4, 9,14)( 5,10,15)(16,21,26)(17,22,27)(18,23,28)(19,24,29)(20,25,30)(31,36,41)(32,37,42)(33,38,43)(34,39,44)
            (35,40,45)(46,51,56)(47,52,57)(48,53,58)(49,54,59)(50,55,60)(61,66,71)(62,67,72)(63,68,73)(64,69,74)(65,70,75)(76,81,86)(77,82,87)(78,83,88)(79,84,89)(80,85,90), 
          ( 1,57, 3,59, 5,56, 2,58, 4,60)( 6,52, 8,54,10,51, 7,53, 9,55)(11,47,13,49,15,46,12,48,14,50)(16,87,18,89,20,86,17,88,19,90)(21,82,23,84,25,81,22,83,24,85)
            (26,77,28,79,30,76,27,78,29,80)(31,72,33,74,35,71,32,73,34,75)(36,67,38,69,40,66,37,68,39,70)(41,62,43,64,45,61,42,63,44,65), ( 1,88, 5,87, 4,86, 3,90, 2,89)( 6,83,10,82, 9,81, 8,85, 7,84)
            (11,78,15,77,14,76,13,80,12,79)(16,73,20,72,19,71,18,75,17,74)(21,68,25,67,24,66,23,70,22,69)(26,63,30,62,29,61,28,65,27,64)(31,58,35,57,34,56,33,60,32,59)
            (36,53,40,52,39,51,38,55,37,54)(41,48,45,47,44,46,43,50,42,49) ],
      p := ( 2,46, 9,50,30,70,53,32,90,83,74,82,28,26,22,31,55,17,15, 4,41,57, 8, 6)( 3, 5,11,51,37,52,43,44,14,56,23,12,47,40,87,73,58,27, 7,21,42,81,18,25)(10,66,85,79,38,76,34,71,77,19)
        (13,86,84,64,65,80,33,60,54)(16,45,24)(20,36,61,89,78,29,49)(35,67,72,88,63,75,39,48)(59,69,62),
      q := ( 2,46,13,86,83,73,59,68,69,65,77,33,57,14,56,44, 8,11,51,30,67,75,28,36,61,88,64,62,58,40,90,84,63,72,89,79,29,48,17, 7,41,60,53,20,26,45,43,23,10,
         66,82,39,49,32,87,74,85,78,38,76,18,42,81,34,71,80,19,12,50,37,55,35,70,54, 9,47,27,15, 3)( 4,21,25)( 5, 6)(16,22)(24,31,52) ), rec(
      gadd := [ ( 1,52,13,49,10,56, 2,53,14,50, 6,57, 3,54,15,46, 7,58, 4,55,11,47, 8,59, 5,51,12,48, 9,60)(16,67,28,64,25,71,17,68,29,65,21,72,18,69,30,61,22,73,19,70,26,62,23,74,20,66,27,63,24,75)
            (31,82,43,79,40,86,32,83,44,80,36,87,33,84,45,76,37,88,34,85,41,77,38,89,35,81,42,78,39,90), ( 1,69,42,50,23,86, 4,67,45,48,21,89, 2,70,43,46,24,87, 5,68,41,49,22,90, 3,66,44,47,25,88)
            ( 6,74,32,55,28,76, 9,72,35,53,26,79, 7,75,33,51,29,77,10,73,31,54,27,80, 8,71,34,52,30,78)(11,64,37,60,18,81,14,62,40,58,16,84,12,65,38,56,19,82,15,63,36,59,17,85,13,61,39,57,20,83) ],
      gmul := [ ( 1,53,11,48, 6,58)( 2,52,12,47, 7,57)( 3,51,13,46, 8,56)( 4,55,14,50, 9,60)( 5,54,15,49,10,59)(16,68,26,63,21,73)(17,67,27,62,22,72)(18,66,28,61,23,71)
            (19,70,29,65,24,75)(20,69,30,64,25,74)(31,83,41,78,36,88)(32,82,42,77,37,87)(33,81,43,76,38,86)(34,85,44,80,39,90)(35,84,45,79,40,89), ( 1,81,26,46,36,71)( 2,85,27,50,37,75)( 3,84,28,49,38,74)
            ( 4,83,29,48,39,73)( 5,82,30,47,40,72)( 6,86,16,51,41,61)( 7,90,17,55,42,65)( 8,89,18,54,43,64)( 9,88,19,53,44,63)(10,87,20,52,45,62)(11,76,21,56,31,66)
            (12,80,22,60,32,70)(13,79,23,59,33,69)(14,78,24,58,34,68)(15,77,25,57,35,67) ],
      p := ( 2,46, 9,47,40,70,59,88,79,38,61,68,89,64,77,19,10,86,73,54,13,66,72,69,80,33,52,43,44,14,51,37,60,58,27, 7,21,42,71,65,62,53,32,67,85,63,82,28,26,22,31,57, 8, 6)
        ( 3, 5,11,56,23,12,50,30,87,84,78,29,48,35,90,74,75,39,49,20,36,76,34,81,18,25)( 4,41,55,17,15)(16,45,24),
      q := ( 2,46,13,86,83,73,59,68,69,65,77,33,57,14,56,44, 8,11,51,30,67,75,28,36,61,88,64,62,58,40,90,84,63,72,89,79,29,48,17, 7,41,60,53,20,26,45,43,23,10,
         66,82,39,49,32,87,74,85,78,38,76,18,42,81,34,71,80,19,12,50,37,55,35,70,54, 9,47,27,15, 3)( 4,21,25)( 5, 6)(16,22)(24,31,52) ), rec(
      gadd := [ ( 1,15, 9, 3,12, 6, 5,14, 8, 2,11,10, 4,13, 7)(16,30,24,18,27,21,20,29,23,17,26,25,19,28,22)(31,45,39,33,42,36,35,44,38,32,41,40,34,43,37)(46,60,54,48,57,51,50,59,53,47,56,55,49,58,52)
            (61,75,69,63,72,66,65,74,68,62,71,70,64,73,67)(76,90,84,78,87,81,80,89,83,77,86,85,79,88,82), ( 1,70,44,48,22,86, 5,69,43,47,21,90, 4,68,42,46,25,89, 3,67,41,50,24,88, 2,66,45,49,23,87)
            ( 6,75,34,53,27,76,10,74,33,52,26,80, 9,73,32,51,30,79, 8,72,31,55,29,78, 7,71,35,54,28,77)(11,65,39,58,17,81,15,64,38,57,16,85,14,63,37,56,20,84,13,62,36,60,19,83,12,61,40,59,18,82) ],
      gmul := [ ( 1,39,17, 5,38,16, 4,37,20, 3,36,19, 2,40,18)( 6,44,22,10,43,21, 9,42,25, 8,41,24, 7,45,23)(11,34,27,15,33,26,14,32,30,13,31,29,12,35,28)(46,84,62,50,83,61,49,82,65,48,81,64,47,85,63)
            (51,89,67,55,88,66,54,87,70,53,86,69,52,90,68)(56,79,72,60,78,71,59,77,75,58,76,74,57,80,73), ( 1,57, 6,47,11,52)( 2,56, 7,46,12,51)( 3,60, 8,50,13,55)( 4,59, 9,49,14,54)
            ( 5,58,10,48,15,53)(16,72,21,62,26,67)(17,71,22,61,27,66)(18,75,23,65,28,70)(19,74,24,64,29,69)(20,73,25,63,30,68)(31,87,36,77,41,82)(32,86,37,76,42,81)(33,90,38,80,43,85)(34,89,39,79,44,84)
            (35,88,40,78,45,83) ],
      p := ( 2,46,42,55,13,50,24,12,66,68,62,90,74,54,17,32,81,18,36,52,20,15,35,67,53,30,86,84,83,88,73,75,44,45,40,71,59,78,38,60,87,63,79,19, 4, 5,11,56,23,
         16,41,49,14,51, 9,76,39,70,65,58, 8, 6,21,25,22,10,47,33,48,37,61,82,28, 7)( 3,31,80,29,77,43,34,57,27)(64,85,89)(69,72),
      q := ( 2,46,30,71,54,40,86,64,65,53,42,60,72,79,38,55, 9,66,78,19, 3,21,32,61,62,75,28,15,22,12,76,18,16,26,41,49, 8,11,51,13,50,33,48,20, 7, 5, 6,31,70,85,74,59,68,82,44,27, 4)
        (10,47,24)(14,56,34,52,37,81,39,80,43,23,36,57,45,17,25,35,77,29,67,58)(63,69,87,83,73,90,89,84) ), rec(
      gadd := [ ( 1,77,18,49,35,61, 2,78,19,50,31,62, 3,79,20,46,32,63, 4,80,16,47,33,64, 5,76,17,48,34,65)( 6,82,23,54,40,66, 7,83,24,55,36,67, 8,84,25,51,37,68, 9,85,21,52,38,69,10,81,22,53,39,70)
            (11,87,28,59,45,71,12,88,29,60,41,72,13,89,30,56,42,73,14,90,26,57,43,74,15,86,27,58,44,75), ( 1,84,27,50,38,71, 4,82,30,48,36,74, 2,85,28,46,39,72, 5,83,26,49,37,75, 3,81,29,47,40,73)
            ( 6,89,17,55,43,61, 9,87,20,53,41,64, 7,90,18,51,44,62,10,88,16,54,42,65, 8,86,19,52,45,63)(11,79,22,60,33,66,14,77,25,58,31,69,12,80,23,56,34,67,15,78,21,59,32,70,13,76,24,57,35,68) ],
      gmul := [ ( 1,27,43, 4,30,41, 2,28,44, 5,26,42, 3,29,45)( 6,17,33, 9,20,31, 7,18,34,10,16,32, 8,19,35)(11,22,38,14,25,36,12,23,39,15,21,37,13,24,40)(46,72,88,49,75,86,47,73,89,50,71,87,48,74,90)
            (51,62,78,54,65,76,52,63,79,55,61,77,53,64,80)(56,67,83,59,70,81,57,68,84,60,66,82,58,69,85), ( 1,54,12,50, 8,56, 4,52,15,48, 6,59, 2,55,13,46, 9,57, 5,53,11,49, 7,60, 3,51,14,47,10,58)
            (16,69,27,65,23,71,19,67,30,63,21,74,17,70,28,61,24,72,20,68,26,64,22,75,18,66,29,62,25,73)(31,84,42,80,38,86,34,82,45,78,36,89,32,85,43,76,39,87,35,83,41,79,37,90,33,81,44,77,40,88) ],
      p := ( 2,46,42,52,20,15,35,70,62,87,64,82,28, 7)( 3,31,77,43,34,60,90,73,72,68,65,59,79,19, 4, 5,11,56,23,16,41,48,37,61,85,88,74,53,30,86,83,89,63,78,38,57,27)
        ( 6,21,25,22,10,50,24,12,66,69,75,44,45,40,71,58, 8)( 9,76,39,67,54,17,32,81,18,36,55,13,47,33,49,14,51)(29,80),
      q := ( 2,46,30,71,54,40,86,64,65,53,42,60,72,79,38,55, 9,66,78,19, 3,21,32,61,62,75,28,15,22,12,76,18,16,26,41,49, 8,11,51,13,50,33,48,20, 7, 5, 6,31,70,85,74,59,68,82,44,27, 4)
        (10,47,24)(14,56,34,52,37,81,39,80,43,23,36,57,45,17,25,35,77,29,67,58)(63,69,87,83,73,90,89,84) ), rec(
      gadd := [ ( 1,39,27, 5,38,26, 4,37,30, 3,36,29, 2,40,28)( 6,44,17,10,43,16, 9,42,20, 8,41,19, 7,45,18)(11,34,22,15,33,21,14,32,25,13,31,24,12,35,23)(46,84,72,50,83,71,49,82,75,48,81,74,47,85,73)
            (51,89,62,55,88,61,54,87,65,53,86,64,52,90,63)(56,79,67,60,78,66,59,77,70,58,76,69,57,80,68), ( 1,62,33,49,20,76, 2,63,34,50,16,77, 3,64,35,46,17,78, 4,65,31,47,18,79, 5,61,32,48,19,80)
            ( 6,67,38,54,25,81, 7,68,39,55,21,82, 8,69,40,51,22,83, 9,70,36,52,23,84,10,66,37,53,24,85)(11,72,43,59,30,86,12,73,44,60,26,87,13,74,45,56,27,88,14,75,41,57,28,89,15,71,42,58,29,90) ],
      gmul := [ ( 1,17,33, 4,20,31, 2,18,34, 5,16,32, 3,19,35)( 6,22,38, 9,25,36, 7,23,39,10,21,37, 8,24,40)(11,27,43,14,30,41,12,28,44,15,26,42,13,29,45)(46,62,78,49,65,76,47,63,79,50,61,77,48,64,80)
            (51,67,83,54,70,81,52,68,84,55,66,82,53,69,85)(56,72,88,59,75,86,57,73,89,60,71,87,58,74,90), ( 1,63,11,73, 6,68)( 2,62,12,72, 7,67)( 3,61,13,71, 8,66)( 4,65,14,75, 9,70)
            ( 5,64,15,74,10,69)(16,58,26,53,21,48)(17,57,27,52,22,47)(18,56,28,51,23,46)(19,60,29,55,24,50)(20,59,30,54,25,49)(31,83,41,78,36,88)(32,82,42,77,37,87)(33,81,43,76,38,86)(34,85,44,80,39,90)
            (35,84,45,79,40,89) ],
      p := ( 2,46, 9,47,90,84,18,25,16,45,24,12,50,20,86,28, 7,21,36,71,59,23,31,48,40,80,29,66,53,87,73,54,37,65,78,19,10,61,67,72,79,69,75,89,74,85,68,82,38,60, 8, 6)
        ( 3, 5,11,56,32,62,27,22,42,81,88,83,33,57,13,76,39,49,35,52,30,26)( 4,41,55,43,44,14,51,70,64,58,17,15)(34,77),
      q := ( 2,46,13,86,39,49,17, 7,41,60,14,56,20,76,28,15, 3)( 4,21,26)( 5, 6)( 8,11,51,65,88,83,19,12,50,32,67,72,89,74,85,63,68,82,29,61,62,40,90,84,34,87,73,59,44)
        ( 9,47,80,38,55,24,10,66,58,35,57)(16,22,25,31,48,27,45,43,23)(18,42,81,78,33,52,37,70,69,75,79,64,53,77)(30,36,71,54) ), rec(
      gadd := [ ( 1,27,38, 4,30,36, 2,28,39, 5,26,37, 3,29,40)( 6,17,43, 9,20,41, 7,18,44,10,16,42, 8,19,45)(11,22,33,14,25,31,12,23,34,15,21,32,13,24,35)(46,72,83,49,75,81,47,73,84,50,71,82,48,74,85)
            (51,62,88,54,65,86,52,63,89,55,61,87,53,64,90)(56,67,78,59,70,76,57,68,79,60,66,77,58,69,80), ( 1,60, 9,48,12,51, 5,59, 8,47,11,55, 4,58, 7,46,15,54, 3,57, 6,50,14,53, 2,56,10,49,13,52)
            (16,75,24,63,27,66,20,74,23,62,26,70,19,73,22,61,30,69,18,72,21,65,29,68,17,71,25,64,28,67)(31,90,39,78,42,81,35,89,38,77,41,85,34,88,37,76,45,84,33,87,36,80,44,83,32,86,40,79,43,82) ],
      gmul := [ ( 1,20,34, 3,17,31, 5,19,33, 2,16,35, 4,18,32)( 6,25,39, 8,22,36,10,24,38, 7,21,40, 9,23,37)(11,30,44,13,27,41,15,29,43,12,26,45,14,28,42)(46,65,79,48,62,76,50,64,78,47,61,80,49,63,77)
            (51,70,84,53,67,81,55,69,83,52,66,85,54,68,82)(56,75,89,58,72,86,60,74,88,57,71,90,59,73,87), ( 1,57, 8,49,15,51, 2,58, 9,50,11,52, 3,59,10,46,12,53, 4,60, 6,47,13,54, 5,56, 7,48,14,55)
            (16,82,23,89,30,76,17,83,24,90,26,77,18,84,25,86,27,78,19,85,21,87,28,79,20,81,22,88,29,80)(31,62,38,69,45,71,32,63,39,70,41,72,33,64,40,66,42,73,34,65,36,67,43,74,35,61,37,68,44,75) ],
      p := ( 2,46, 9,50,20,86,28, 7,21,36,71,58,17,15, 4,41,52,30,26, 3, 5,11,56,32,65,79,69,72,78,19,10,61,67,75,89,73,53,87,74,82,38,57,13,76,39,48,40,77,34,
         80,29,66,54,37,62,27,22,42,81,88,84,18,25,16,45,24,12,47,90,83,33,60, 8, 6)(14,51,70,63,64,59,23,31,49,35,55,43,44)(68,85),
      q := ( 2,46,13,86,39,49,17, 7,41,60,14,56,20,76,28,15, 3)( 4,21,26)( 5, 6)( 8,11,51,62,40,90,84,34,87,73,59,44)( 9,47,77,18,42,81,79,63,68,82,29,61,65,
         88,83,19,12,50,32,67,72,89,74,85,64,53,80,38,55,24,10,66,58,35,57)(16,22,25,31,48,27,45,43,23)(30,36,71,54)(33,52,37,70,69,75,78) ), rec(
      gadd := [ ( 1,39,27, 5,38,26, 4,37,30, 3,36,29, 2,40,28)( 6,44,17,10,43,16, 9,42,20, 8,41,19, 7,45,18)(11,34,22,15,33,21,14,32,25,13,31,24,12,35,23)(46,84,72,50,83,71,49,82,75,48,81,74,47,85,73)
            (51,89,62,55,88,61,54,87,65,53,86,64,52,90,63)(56,79,67,60,78,66,59,77,70,58,76,69,57,80,68), ( 1,80,19,48,32,61, 5,79,18,47,31,65, 4,78,17,46,35,64, 3,77,16,50,34,63, 2,76,20,49,33,62)
            ( 6,85,24,53,37,66,10,84,23,52,36,70, 9,83,22,51,40,69, 8,82,21,55,39,68, 7,81,25,54,38,67)(11,90,29,58,42,71,15,89,28,57,41,75,14,88,27,56,45,74,13,87,26,60,44,73,12,86,30,59,43,72) ],
      gmul := [ ( 1,32,23, 4,35,21, 2,33,24, 5,31,22, 3,34,25)( 6,37,28, 9,40,26, 7,38,29,10,36,27, 8,39,30)(11,42,18,14,45,16,12,43,19,15,41,17,13,44,20)(46,77,68,49,80,66,47,78,69,50,76,67,48,79,70)
            (51,82,73,54,85,71,52,83,74,55,81,72,53,84,75)(56,87,63,59,90,61,57,88,64,60,86,62,58,89,65), ( 1,88, 6,78,11,83)( 2,87, 7,77,12,82)( 3,86, 8,76,13,81)( 4,90, 9,80,14,85)
            ( 5,89,10,79,15,84)(16,73,21,63,26,68)(17,72,22,62,27,67)(18,71,23,61,28,66)(19,75,24,65,29,70)(20,74,25,64,30,69)(31,58,36,48,41,53)(32,57,37,47,42,52)(33,56,38,46,43,51)(34,60,39,50,44,55)
            (35,59,40,49,45,54) ],
      p := ( 2,46,42,55,13,50,24,12,76,39,80,29,67,53,30,61,72,79,19, 4, 5,11,56,23,16,41,49,14,51, 9,66,78,38,60,62,65,58, 8, 6,21,25,22,10,47,33,48,37,86,74,54,17,32,71,59,68,87,88,83,63,69,82,28, 7)
        ( 3,31,70,90,84,73,85,64,75,44,45,40,81,18,36,52,20,15,35,77,43,34,57,27),
      q := ( 2,46,30,71,54,40,86,64,65,53,42,60,72,79,38,55, 9,66,78,19, 3,21,32,61,62,75,28,15,22,12,76,18,16,26,41,49, 8,11,51,13,50,33,48,20, 7, 5, 6,31,70,85,74,59,68,82,44,27, 4)
        (10,47,24)(14,56,34,52,37,81,39,80,43,23,36,57,45,17,25,35,77,29,67,58)(63,69,87,83,73,90,89,84) ), rec(
      gadd := [ ( 1,65,34,48,17,76, 5,64,33,47,16,80, 4,63,32,46,20,79, 3,62,31,50,19,78, 2,61,35,49,18,77)( 6,70,39,53,22,81,10,69,38,52,21,85, 9,68,37,51,25,84, 8,67,36,55,24,83, 7,66,40,54,23,82)
            (11,75,44,58,27,86,15,74,43,57,26,90,14,73,42,56,30,89,13,72,41,60,29,88,12,71,45,59,28,87), ( 1,71,36,46,26,81)( 2,72,37,47,27,82)( 3,73,38,48,28,83)( 4,74,39,49,29,84)
            ( 5,75,40,50,30,85)( 6,61,41,51,16,86)( 7,62,42,52,17,87)( 8,63,43,53,18,88)( 9,64,44,54,19,89)(10,65,45,55,20,90)(11,66,31,56,21,76)(12,67,32,57,22,77)(13,68,33,58,23,78)(14,69,34,59,24,79)
            (15,70,35,60,25,80) ],
      gmul := [ ( 1,44,27, 5,43,26, 4,42,30, 3,41,29, 2,45,28)( 6,34,17,10,33,16, 9,32,20, 8,31,19, 7,35,18)(11,39,22,15,38,21,14,37,25,13,36,24,12,40,23)(46,89,72,50,88,71,49,87,75,48,86,74,47,90,73)
            (51,79,62,55,78,61,54,77,65,53,76,64,52,80,63)(56,84,67,60,83,66,59,82,70,58,81,69,57,85,68), ( 1,87, 8,79,15,81, 2,88, 9,80,11,82, 3,89,10,76,12,83, 4,90, 6,77,13,84, 5,86, 7,78,14,85)
            (16,72,23,64,30,66,17,73,24,65,26,67,18,74,25,61,27,68,19,75,21,62,28,69,20,71,22,63,29,70)(31,57,38,49,45,51,32,58,39,50,41,52,33,59,40,46,42,53,34,60,36,47,43,54,35,56,37,48,44,55) ],
      p := ( 2,46,42,52,20,15,35,80,29,70,87,89,88,84,74,53,30,61,75,44,45,40,81,18,36,55,13,47,33,49,14,51, 9,66,79,19, 4, 5,11,56,23,16,41,48,37,86,73,82,28, 7)
        ( 3,31,67,54,17,32,71,58, 8, 6,21,25,22,10,50,24,12,76,39,77,43,34,60,65,59,69,85,63,68,90,83,64,72,78,38,57,27),
      q := ( 2,46,30,71,54,40,86,64,65,53,42,60,72,79,38,55, 9,66,78,19, 3,21,32,61,62,75,28,15,22,12,76,18,16,26,41,49, 8,11,51,13,50,33,48,20, 7, 5, 6,31,70,85,74,59,68,82,44,27, 4)
        (10,47,24)(14,56,34,52,37,81,39,80,43,23,36,57,45,17,25,35,77,29,67,58)(63,69,87,83,73,90,89,84) ) ];
