## size 42
BRACES[42] := rec( total := -1, implemented := 6, size := 42, brace := [] );
BRACES[42].brace[1] := rec ( size := 42, perms :=
[ [ (), () ], [ ( 6,12,11,10, 9, 8, 7), ( 1,27,21,15,10, 6, 3)( 2,32,26,20,14, 9, 5)( 4,36,31,25,19,13, 8)( 7,39,35,30,24,18,12)(11,41,38,34,29,23,17)
        (16,42,40,37,33,28,22) ], [ ( 6,11, 9, 7,12,10, 8), ( 1,21,10, 3,27,15, 6)( 2,26,14, 5,32,20, 9)( 4,31,19, 8,36,25,13)( 7,35,24,12,39,30,18)
        (11,38,29,17,41,34,23)(16,40,33,22,42,37,28) ], 
  [ ( 6,10, 7,11, 8,12, 9), ( 1,15, 3,21, 6,27,10)( 2,20, 5,26, 9,32,14)( 4,25, 8,31,13,36,19)( 7,30,12,35,18,39,24)(11,34,17,38,23,41,29)(16,37,22,40,28,42,33) ], 
  [ ( 6, 9,12, 8,11, 7,10), ( 1,10,27, 6,21, 3,15)( 2,14,32, 9,26, 5,20)( 4,19,36,13,31, 8,25)( 7,24,39,18,35,12,30)(11,29,41,23,38,17,34)(16,33,42,28,40,22,37) ], 
  [ ( 6, 8,10,12, 7, 9,11), ( 1, 6,15,27, 3,10,21)( 2, 9,20,32, 5,14,26)( 4,13,25,36, 8,19,31)( 7,18,30,39,12,24,35)(11,23,34,41,17,29,38)(16,28,37,42,22,33,40) ], 
  [ ( 6, 7, 8, 9,10,11,12), ( 1, 3, 6,10,15,21,27)( 2, 5, 9,14,20,26,32)( 4, 8,13,19,25,31,36)( 7,12,18,24,30,35,39)(11,17,23,29,34,38,41)(16,22,28,33,37,40,42) ], 
  [ (3,4,5), ( 1,11, 4)( 2,16, 7)( 3,34,13)( 5,37,18)( 6,17,25)( 8,15,23)( 9,22,30)(10,38,36)(12,20,28)(14,40,39)(19,21,41)(24,26,42)(27,29,31)(32,33,35) ], 
  [ ( 3, 4, 5)( 6,12,11,10, 9, 8, 7), ( 1,41,13)( 2,42,18)( 3,29,25)( 4,27,23)( 5,33,30)( 6,11,36)( 7,32,28)( 8,10,34)( 9,16,39)(12,14,37)(15,17,19)(20,22,24)
        (21,38,31)(26,40,35) ], [ ( 3, 4, 5)( 6,11, 9, 7,12,10, 8), ( 1,38,25)( 2,40,30)( 3,23,36)( 4,21,34)( 5,28,39)( 6,41, 8)( 7,26,37)( 9,42,12)(10,29,19)
        (11,31,15)(13,27,17)(14,33,24)(16,35,20)(18,32,22) ], [ ( 3, 4, 5)( 6,10, 7,11, 8,12, 9), ( 1,34,36)( 2,37,39)( 3,17, 8)( 4,15,41)( 5,22,12)( 6,38,19)
        ( 7,20,42)( 9,40,24)(10,23,31)(11,25,27)(13,21,29)(14,28,35)(16,30,32)(18,26,33) ], 
  [ ( 3, 4, 5)( 6, 9,12, 8,11, 7,10), ( 1,29, 8)( 2,33,12)( 3,11,19)( 4,10,17)( 5,16,24)( 6,34,31)( 7,14,22)( 9,37,35)(13,15,38)(18,20,40)(21,23,25)
        (26,28,30)(27,41,36)(32,42,39) ], [ ( 3, 4, 5)( 6, 8,10,12, 7, 9,11), ( 1,23,19)( 2,28,24)( 3,41,31)( 4, 6,29)( 5,42,35)( 7, 9,33)( 8,27,38)(10,11,13)
        (12,32,40)(14,16,18)(15,34,25)(17,36,21)(20,37,30)(22,39,26) ], 
  [ ( 3, 4, 5)( 6, 7, 8, 9,10,11,12), ( 1,17,31)( 2,22,35)( 3,38, 4)( 5,40, 7)( 6,23,13)( 8,21,11)( 9,28,18)(10,41,25)(12,26,16)(14,42,30)(15,29,36)
        (19,27,34)(20,33,39)(24,32,37) ], [ (3,5,4), ( 1, 4,11)( 2, 7,16)( 3,13,34)( 5,18,37)( 6,25,17)( 8,23,15)( 9,30,22)(10,36,38)(12,28,20)(14,39,40)(19,41,21)
        (24,42,26)(27,31,29)(32,35,33) ], [ ( 3, 5, 4)( 6,12,11,10, 9, 8, 7), ( 1,36,34)( 2,39,37)( 3, 8,17)( 4,41,15)( 5,12,22)( 6,19,38)( 7,42,20)( 9,24,40)
        (10,31,23)(11,27,25)(13,29,21)(14,35,28)(16,32,30)(18,33,26) ], 
  [ ( 3, 5, 4)( 6,11, 9, 7,12,10, 8), ( 1,31,17)( 2,35,22)( 3, 4,38)( 5, 7,40)( 6,13,23)( 8,11,21)( 9,18,28)(10,25,41)(12,16,26)(14,30,42)(15,36,29)
        (19,34,27)(20,39,33)(24,37,32) ], [ ( 3, 5, 4)( 6,10, 7,11, 8,12, 9), ( 1,25,38)( 2,30,40)( 3,36,23)( 4,34,21)( 5,39,28)( 6, 8,41)( 7,37,26)( 9,12,42)
        (10,19,29)(11,15,31)(13,17,27)(14,24,33)(16,20,35)(18,22,32) ], 
  [ ( 3, 5, 4)( 6, 9,12, 8,11, 7,10), ( 1,19,23)( 2,24,28)( 3,31,41)( 4,29, 6)( 5,35,42)( 7,33, 9)( 8,38,27)(10,13,11)(12,40,32)(14,18,16)(15,25,34)
        (17,21,36)(20,30,37)(22,26,39) ], [ ( 3, 5, 4)( 6, 8,10,12, 7, 9,11), ( 1,13,41)( 2,18,42)( 3,25,29)( 4,23,27)( 5,30,33)( 6,36,11)( 7,28,32)( 8,34,10)
        ( 9,39,16)(12,37,14)(15,19,17)(20,24,22)(21,31,38)(26,35,40) ], 
  [ ( 3, 5, 4)( 6, 7, 8, 9,10,11,12), ( 1, 8,29)( 2,12,33)( 3,19,11)( 4,17,10)( 5,24,16)( 6,31,34)( 7,22,14)( 9,35,37)(13,38,15)(18,40,20)(21,25,23)
        (26,30,28)(27,36,41)(32,39,42) ], [ (1,2), ( 1, 2)( 3, 5)( 4, 7)( 6, 9)( 8,12)(10,14)(11,16)(13,18)(15,20)(17,22)(19,24)(21,26)(23,28)(25,30)(27,32)(29,33)
        (31,35)(34,37)(36,39)(38,40)(41,42) ], 
  [ ( 1, 2)( 6,12,11,10, 9, 8, 7), ( 1,32,21,20,10, 9, 3, 2,27,26,15,14, 6, 5)( 4,39,31,30,19,18, 8, 7,36,35,25,24,13,12)(11,42,38,37,29,28,17,16,41,
         40,34,33,23,22) ], [ ( 1, 2)( 6,11, 9, 7,12,10, 8), ( 1,26,10, 5,27,20, 6, 2,21,14, 3,32,15, 9)( 4,35,19,12,36,30,13, 7,31,24, 8,39,25,18)(11,40,29,22,41,
         37,23,16,38,33,17,42,34,28) ], [ ( 1, 2)( 6,10, 7,11, 8,12, 9), ( 1,20, 3,26, 6,32,10, 2,15, 5,21, 9,27,14)( 4,30, 8,35,13,39,19, 7,25,12,31,18,36,24)
        (11,37,17,40,23,42,29,16,34,22,38,28,41,33) ], 
  [ ( 1, 2)( 6, 9,12, 8,11, 7,10), ( 1,14,27, 9,21, 5,15, 2,10,32, 6,26, 3,20)( 4,24,36,18,31,12,25, 7,19,39,13,35, 8,30)(11,33,41,28,38,22,34,16,29,
         42,23,40,17,37) ], [ ( 1, 2)( 6, 8,10,12, 7, 9,11), ( 1, 9,15,32, 3,14,21, 2, 6,20,27, 5,10,26)( 4,18,25,39, 8,24,31, 7,13,30,36,12,19,35)(11,28,34,42,17,
         33,38,16,23,37,41,22,29,40) ], [ ( 1, 2)( 6, 7, 8, 9,10,11,12), ( 1, 5, 6,14,15,26,27, 2, 3, 9,10,20,21,32)( 4,12,13,24,25,35,36, 7, 8,18,19,30,31,39)
        (11,22,23,33,34,40,41,16,17,28,29,37,38,42) ], 
  [ (1,2)(3,4,5), ( 1,16, 4, 2,11, 7)( 3,37,13, 5,34,18)( 6,22,25, 9,17,30)( 8,20,23,12,15,28)(10,40,36,14,38,39)(19,26,41,24,21,42)(27,33,31,32,29,35) ], 
  [ ( 1, 2)( 3, 4, 5)( 6,12,11,10, 9, 8, 7), ( 1,42,13, 2,41,18)( 3,33,25, 5,29,30)( 4,32,23, 7,27,28)( 6,16,36, 9,11,39)( 8,14,34,12,10,37)(15,22,19,20,17,24)
        (21,40,31,26,38,35) ], [ ( 1, 2)( 3, 4, 5)( 6,11, 9, 7,12,10, 8), ( 1,40,25, 2,38,30)( 3,28,36, 5,23,39)( 4,26,34, 7,21,37)( 6,42, 8, 9,41,12)
        (10,33,19,14,29,24)(11,35,15,16,31,20)(13,32,17,18,27,22) ], 
  [ ( 1, 2)( 3, 4, 5)( 6,10, 7,11, 8,12, 9), ( 1,37,36, 2,34,39)( 3,22, 8, 5,17,12)( 4,20,41, 7,15,42)( 6,40,19, 9,38,24)(10,28,31,14,23,35)(11,30,27,16,25,32)
        (13,26,29,18,21,33) ], [ ( 1, 2)( 3, 4, 5)( 6, 9,12, 8,11, 7,10), ( 1,33, 8, 2,29,12)( 3,16,19, 5,11,24)( 4,14,17, 7,10,22)( 6,37,31, 9,34,35)
        (13,20,38,18,15,40)(21,28,25,26,23,30)(27,42,36,32,41,39) ], 
  [ ( 1, 2)( 3, 4, 5)( 6, 8,10,12, 7, 9,11), ( 1,28,19, 2,23,24)( 3,42,31, 5,41,35)( 4, 9,29, 7, 6,33)( 8,32,38,12,27,40)(10,16,13,14,11,18)(15,37,25,20,34,30)
        (17,39,21,22,36,26) ], [ ( 1, 2)( 3, 4, 5)( 6, 7, 8, 9,10,11,12), ( 1,22,31, 2,17,35)( 3,40, 4, 5,38, 7)( 6,28,13, 9,23,18)( 8,26,11,12,21,16)
        (10,42,25,14,41,30)(15,33,36,20,29,39)(19,32,34,24,27,37) ], 
  [ (1,2)(3,5,4), ( 1, 7,11, 2, 4,16)( 3,18,34, 5,13,37)( 6,30,17, 9,25,22)( 8,28,15,12,23,20)(10,39,38,14,36,40)(19,42,21,24,41,26)(27,35,29,32,31,33) ], 
  [ ( 1, 2)( 3, 5, 4)( 6,12,11,10, 9, 8, 7), ( 1,39,34, 2,36,37)( 3,12,17, 5, 8,22)( 4,42,15, 7,41,20)( 6,24,38, 9,19,40)(10,35,23,14,31,28)(11,32,25,16,27,30)
        (13,33,21,18,29,26) ], [ ( 1, 2)( 3, 5, 4)( 6,11, 9, 7,12,10, 8), ( 1,35,17, 2,31,22)( 3, 7,38, 5, 4,40)( 6,18,23, 9,13,28)( 8,16,21,12,11,26)
        (10,30,41,14,25,42)(15,39,29,20,36,33)(19,37,27,24,34,32) ], 
  [ ( 1, 2)( 3, 5, 4)( 6,10, 7,11, 8,12, 9), ( 1,30,38, 2,25,40)( 3,39,23, 5,36,28)( 4,37,21, 7,34,26)( 6,12,41, 9, 8,42)(10,24,29,14,19,33)(11,20,31,16,15,35)
        (13,22,27,18,17,32) ], [ ( 1, 2)( 3, 5, 4)( 6, 9,12, 8,11, 7,10), ( 1,24,23, 2,19,28)( 3,35,41, 5,31,42)( 4,33, 6, 7,29, 9)( 8,40,27,12,38,32)
        (10,18,11,14,13,16)(15,30,34,20,25,37)(17,26,36,22,21,39) ], 
  [ ( 1, 2)( 3, 5, 4)( 6, 8,10,12, 7, 9,11), ( 1,18,41, 2,13,42)( 3,30,29, 5,25,33)( 4,28,27, 7,23,32)( 6,39,11, 9,36,16)( 8,37,10,12,34,14)(15,24,17,20,19,22)
        (21,35,38,26,31,40) ], [ ( 1, 2)( 3, 5, 4)( 6, 7, 8, 9,10,11,12), ( 1,12,29, 2, 8,33)( 3,24,11, 5,19,16)( 4,22,10, 7,17,14)( 6,35,34, 9,31,37)
        (13,40,15,18,38,20)(21,30,23,26,25,28)(27,39,41,32,36,42) ] ]
);

BRACES[42].brace[2] := rec ( size := 42, perms :=
[ [ (), () ], [ ( 6,12,11,10, 9, 8, 7), ( 1,24,18,13, 9, 6, 3)( 2,29,23,17,12, 8, 5)( 4,33,28,22,16,11, 7)(10,39,36,32,27,21,15)(14,41,38,35,31,26,20)
        (19,42,40,37,34,30,25) ], [ ( 6,11, 9, 7,12,10, 8), ( 1,18, 9, 3,24,13, 6)( 2,23,12, 5,29,17, 8)( 4,28,16, 7,33,22,11)(10,36,27,15,39,32,21)
        (14,38,31,20,41,35,26)(19,40,34,25,42,37,30) ], 
  [ ( 6,10, 7,11, 8,12, 9), ( 1,13, 3,18, 6,24, 9)( 2,17, 5,23, 8,29,12)( 4,22, 7,28,11,33,16)(10,32,15,36,21,39,27)(14,35,20,38,26,41,31)(19,37,25,40,30,42,34) ], 
  [ ( 6, 9,12, 8,11, 7,10), ( 1, 9,24, 6,18, 3,13)( 2,12,29, 8,23, 5,17)( 4,16,33,11,28, 7,22)(10,27,39,21,36,15,32)(14,31,41,26,38,20,35)(19,34,42,30,40,25,37) ], 
  [ ( 6, 8,10,12, 7, 9,11), ( 1, 6,13,24, 3, 9,18)( 2, 8,17,29, 5,12,23)( 4,11,22,33, 7,16,28)(10,21,32,39,15,27,36)(14,26,35,41,20,31,38)(19,30,37,42,25,34,40) ], 
  [ ( 6, 7, 8, 9,10,11,12), ( 1, 3, 6, 9,13,18,24)( 2, 5, 8,12,17,23,29)( 4, 7,11,16,22,28,33)(10,15,21,27,32,36,39)(14,20,26,31,35,38,41)(19,25,30,34,37,40,42) ], 
  [ (3,4,5), ( 1, 4, 2)( 3, 7, 5)( 6,11, 8)( 9,16,12)(10,19,14)(13,22,17)(15,25,20)(18,28,23)(21,30,26)(24,33,29)(27,34,31)(32,37,35)(36,40,38)(39,42,41) ], 
  [ ( 3, 4, 5)( 6,12,11,10, 9, 8, 7), ( 1,33,23,13,16, 8, 3, 4,29,18,22,12, 6, 7, 2,24,28,17, 9,11, 5)(10,42,38,32,34,26,15,19,41,36,37,31,21,25,14,39,40,35,
         27,30,20) ], [ ( 3, 4, 5)( 6,11, 9, 7,12,10, 8), ( 1,28,12, 3,33,17, 6, 4,23, 9, 7,29,13,11, 2,18,16, 5,24,22, 8)(10,40,31,15,42,35,21,19,38,27,25,41,32,
         30,14,36,34,20,39,37,26) ], [ ( 3, 4, 5)( 6,10, 7,11, 8,12, 9), ( 1,22, 5,18,11,29, 9, 4,17, 3,28, 8,24,16, 2,13, 7,23, 6,33,12)(10,37,20,36,30,41,27,
         19,35,15,40,26,39,34,14,32,25,38,21,42,31) ], [ ( 3, 4, 5)( 6, 9,12, 8,11, 7,10), ( 1,16,29, 6,28, 5,13, 4,12,24,11,23, 3,22, 2, 9,33, 8,18, 7,17)
        (10,34,41,21,40,20,32,19,31,39,30,38,15,37,14,27,42,26,36,25,35) ], 
  [ ( 3, 4, 5)( 6, 8,10,12, 7, 9,11), ( 1,11,17,24, 7,12,18, 4, 8,13,33, 5, 9,28, 2, 6,22,29, 3,16,23)(10,30,35,39,25,31,36,19,26,32,42,20,27,40,14,21,
         37,41,15,34,38) ], [ ( 3, 4, 5)( 6, 7, 8, 9,10,11,12), ( 1, 7, 8, 9,22,23,24, 4, 5, 6,16,17,18,33, 2, 3,11,12,13,28,29)(10,25,26,27,37,38,39,19,20,21,34,
         35,36,42,14,15,30,31,32,40,41) ], [ (3,5,4), ( 1, 2, 4)( 3, 5, 7)( 6, 8,11)( 9,12,16)(10,14,19)(13,17,22)(15,20,25)(18,23,28)(21,26,30)(24,29,33)
        (27,31,34)(32,35,37)(36,38,40)(39,41,42) ], [ ( 3, 5, 4)( 6,12,11,10, 9, 8, 7), ( 1,29,28,13,12,11, 3, 2,33,18,17,16, 6, 5, 4,24,23,22, 9, 8, 7)
        (10,41,40,32,31,30,15,14,42,36,35,34,21,20,19,39,38,37,27,26,25) ], 
  [ ( 3, 5, 4)( 6,11, 9, 7,12,10, 8), ( 1,23,16, 3,29,22, 6, 2,28, 9, 5,33,13, 8, 4,18,12, 7,24,17,11)(10,38,34,15,41,37,21,14,40,27,20,42,32,26,19,36,
         31,25,39,35,30) ], [ ( 3, 5, 4)( 6,10, 7,11, 8,12, 9), ( 1,17, 7,18, 8,33, 9, 2,22, 3,23,11,24,12, 4,13, 5,28, 6,29,16)(10,35,25,36,26,42,27,14,37,15,38,
         30,39,31,19,32,20,40,21,41,34) ], [ ( 3, 5, 4)( 6, 9,12, 8,11, 7,10), ( 1,12,33, 6,23, 7,13, 2,16,24, 8,28, 3,17, 4, 9,29,11,18, 5,22)
        (10,31,42,21,38,25,32,14,34,39,26,40,15,35,19,27,41,30,36,20,37) ], 
  [ ( 3, 5, 4)( 6, 8,10,12, 7, 9,11), ( 1, 8,22,24, 5,16,18, 2,11,13,29, 7, 9,23, 4, 6,17,33, 3,12,28)(10,26,37,39,20,34,36,14,30,32,41,25,27,38,19,21,
         35,42,15,31,40) ], [ ( 3, 5, 4)( 6, 7, 8, 9,10,11,12), ( 1, 5,11, 9,17,28,24, 2, 7, 6,12,22,18,29, 4, 3, 8,16,13,23,33)(10,20,30,27,35,40,39,14,25,21,31,
         37,36,41,19,15,26,34,32,38,42) ], [ (1,2), ( 1,10)( 2,19)( 3,39)( 4,14)( 5,42)( 6,36)( 7,41)( 8,40)( 9,32)(11,38)(12,37)(13,27)(15,24)(16,35)
        (17,34)(18,21)(20,33)(22,31)(23,30)(25,29)(26,28) ], [ ( 1, 2)( 6,12,11,10, 9, 8, 7), ( 1,39)( 2,42)( 3,36)( 4,41)( 5,40)( 6,32)( 7,38)( 8,37)( 9,27)(10,24)
        (11,35)(12,34)(13,21)(14,33)(15,18)(16,31)(17,30)(19,29)(20,28)(22,26)(23,25) ], 
  [ ( 1, 2)( 6,11, 9, 7,12,10, 8), ( 1,36)( 2,40)( 3,32)( 4,38)( 5,37)( 6,27)( 7,35)( 8,34)( 9,21)(10,18)(11,31)(12,30)(13,15)(14,28)(16,26)
        (17,25)(19,23)(20,22)(24,39)(29,42)(33,41) ], [ ( 1, 2)( 6,10, 7,11, 8,12, 9), ( 1,32)( 2,37)( 3,27)( 4,35)( 5,34)( 6,21)( 7,31)( 8,30)( 9,15)(10,13)(11,26)
        (12,25)(14,22)(16,20)(17,19)(18,39)(23,42)(24,36)(28,41)(29,40)(33,38) ], 
  [ ( 1, 2)( 6, 9,12, 8,11, 7,10), ( 1,27)( 2,34)( 3,21)( 4,31)( 5,30)( 6,15)( 7,26)( 8,25)( 9,10)(11,20)(12,19)(13,39)(14,16)(17,42)(18,36)
        (22,41)(23,40)(24,32)(28,38)(29,37)(33,35) ], [ ( 1, 2)( 6, 8,10,12, 7, 9,11), ( 1,21)( 2,30)( 3,15)( 4,26)( 5,25)( 6,10)( 7,20)( 8,19)( 9,39)(11,14)(12,42)
        (13,36)(16,41)(17,40)(18,32)(22,38)(23,37)(24,27)(28,35)(29,34)(31,33) ], 
  [ ( 1, 2)( 6, 7, 8, 9,10,11,12), ( 1,15)( 2,25)( 3,10)( 4,20)( 5,19)( 6,39)( 7,14)( 8,42)( 9,36)(11,41)(12,40)(13,32)(16,38)(17,37)(18,27)
        (21,24)(22,35)(23,34)(26,33)(28,31)(29,30) ], [ (1,2)(3,4,5), ( 1,19)( 2,14)( 3,42)( 4,10)( 5,41)( 6,40)( 7,39)( 8,38)( 9,37)(11,36)(12,35)(13,34)(15,33)
        (16,32)(17,31)(18,30)(20,29)(21,28)(22,27)(23,26)(24,25) ], 
  [ ( 1, 2)( 3, 4, 5)( 6,12,11,10, 9, 8, 7), ( 1,42)( 2,41)( 3,40)( 4,39)( 5,38)( 6,37)( 7,36)( 8,35)( 9,34)(10,33)(11,32)(12,31)(13,30)(14,29)
        (15,28)(16,27)(17,26)(18,25)(19,24)(20,23)(21,22) ], [ ( 1, 2)( 3, 4, 5)( 6,11, 9, 7,12,10, 8), ( 1,40)( 2,38)( 3,37)( 4,36)( 5,35)( 6,34)( 7,32)( 8,31)
        ( 9,30)(10,28)(11,27)(12,26)(13,25)(14,23)(15,22)(16,21)(17,20)(18,19)(24,42)(29,41)(33,39) ], 
  [ ( 1, 2)( 3, 4, 5)( 6,10, 7,11, 8,12, 9), ( 1,37)( 2,35)( 3,34)( 4,32)( 5,31)( 6,30)( 7,27)( 8,26)( 9,25)(10,22)(11,21)(12,20)(13,19)(14,17)
        (15,16)(18,42)(23,41)(24,40)(28,39)(29,38)(33,36) ], [ ( 1, 2)( 3, 4, 5)( 6, 9,12, 8,11, 7,10), ( 1,34)( 2,31)( 3,30)( 4,27)( 5,26)( 6,25)( 7,21)( 8,20)
        ( 9,19)(10,16)(11,15)(12,14)(13,42)(17,41)(18,40)(22,39)(23,38)(24,37)(28,36)(29,35)(32,33) ], 
  [ ( 1, 2)( 3, 4, 5)( 6, 8,10,12, 7, 9,11), ( 1,30)( 2,26)( 3,25)( 4,21)( 5,20)( 6,19)( 7,15)( 8,14)( 9,42)(10,11)(12,41)(13,40)(16,39)(17,38)
        (18,37)(22,36)(23,35)(24,34)(27,33)(28,32)(29,31) ], [ ( 1, 2)( 3, 4, 5)( 6, 7, 8, 9,10,11,12), ( 1,25)( 2,20)( 3,19)( 4,15)( 5,14)( 6,42)( 7,10)( 8,41)
        ( 9,40)(11,39)(12,38)(13,37)(16,36)(17,35)(18,34)(21,33)(22,32)(23,31)(24,30)(26,29)(27,28) ], 
  [ (1,2)(3,5,4), ( 1,14)( 2,10)( 3,41)( 4,19)( 5,39)( 6,38)( 7,42)( 8,36)( 9,35)(11,40)(12,32)(13,31)(15,29)(16,37)(17,27)(18,26)(20,24)
        (21,23)(22,34)(25,33)(28,30) ], [ ( 1, 2)( 3, 5, 4)( 6,12,11,10, 9, 8, 7), ( 1,41)( 2,39)( 3,38)( 4,42)( 5,36)( 6,35)( 7,40)( 8,32)( 9,31)(10,29)(11,37)
        (12,27)(13,26)(14,24)(15,23)(16,34)(17,21)(18,20)(19,33)(22,30)(25,28) ], 
  [ ( 1, 2)( 3, 5, 4)( 6,11, 9, 7,12,10, 8), ( 1,38)( 2,36)( 3,35)( 4,40)( 5,32)( 6,31)( 7,37)( 8,27)( 9,26)(10,23)(11,34)(12,21)(13,20)(14,18)
        (15,17)(16,30)(19,28)(22,25)(24,41)(29,39)(33,42) ], [ ( 1, 2)( 3, 5, 4)( 6,10, 7,11, 8,12, 9), ( 1,35)( 2,32)( 3,31)( 4,37)( 5,27)( 6,26)( 7,34)( 8,21)
        ( 9,20)(10,17)(11,30)(12,15)(13,14)(16,25)(18,41)(19,22)(23,39)(24,38)(28,42)(29,36)(33,40) ], 
  [ ( 1, 2)( 3, 5, 4)( 6, 9,12, 8,11, 7,10), ( 1,31)( 2,27)( 3,26)( 4,34)( 5,21)( 6,20)( 7,30)( 8,15)( 9,14)(10,12)(11,25)(13,41)(16,19)(17,39)
        (18,38)(22,42)(23,36)(24,35)(28,40)(29,32)(33,37) ], [ ( 1, 2)( 3, 5, 4)( 6, 8,10,12, 7, 9,11), ( 1,26)( 2,21)( 3,20)( 4,30)( 5,15)( 6,14)( 7,25)( 8,10)
        ( 9,41)(11,19)(12,39)(13,38)(16,42)(17,36)(18,35)(22,40)(23,32)(24,31)(27,29)(28,37)(33,34) ], 
  [ ( 1, 2)( 3, 5, 4)( 6, 7, 8, 9,10,11,12), ( 1,20)( 2,15)( 3,14)( 4,25)( 5,10)( 6,41)( 7,19)( 8,39)( 9,38)(11,42)(12,36)(13,35)(16,40)(17,32)
        (18,31)(21,29)(22,37)(23,27)(24,26)(28,34)(30,33) ] ]
);

BRACES[42].brace[3] := rec ( size := 42, perms :=
[ [ (), () ], [ ( 6,12,11,10, 9, 8, 7), ( 1,30,24,18,12, 7, 3)( 2,35,29,23,17,11, 6)( 4,38,33,27,21,15, 9)( 5,39,34,28,22,16,10)( 8,41,37,32,26,20,14)
        (13,42,40,36,31,25,19) ], [ ( 6,11, 9, 7,12,10, 8), ( 1,24,12, 3,30,18, 7)( 2,29,17, 6,35,23,11)( 4,33,21, 9,38,27,15)( 5,34,22,10,39,28,16)
        ( 8,37,26,14,41,32,20)(13,40,31,19,42,36,25) ], 
  [ ( 6,10, 7,11, 8,12, 9), ( 1,18, 3,24, 7,30,12)( 2,23, 6,29,11,35,17)( 4,27, 9,33,15,38,21)( 5,28,10,34,16,39,22)( 8,32,14,37,20,41,26)(13,36,19,40,25,42,31) ], 
  [ ( 6, 9,12, 8,11, 7,10), ( 1,12,30, 7,24, 3,18)( 2,17,35,11,29, 6,23)( 4,21,38,15,33, 9,27)( 5,22,39,16,34,10,28)( 8,26,41,20,37,14,32)(13,31,42,25,40,19,36) ], 
  [ ( 6, 8,10,12, 7, 9,11), ( 1, 7,18,30, 3,12,24)( 2,11,23,35, 6,17,29)( 4,15,27,38, 9,21,33)( 5,16,28,39,10,22,34)( 8,20,32,41,14,26,37)(13,25,36,42,19,31,40) ], 
  [ ( 6, 7, 8, 9,10,11,12), ( 1, 3, 7,12,18,24,30)( 2, 6,11,17,23,29,35)( 4, 9,15,21,27,33,38)( 5,10,16,22,28,34,39)( 8,14,20,26,32,37,41)(13,19,25,31,36,40,42) ], 
  [ (3,4,5), ( 1, 5, 2)( 3,10, 6)( 4,13, 8)( 7,16,11)( 9,19,14)(12,22,17)(15,25,20)(18,28,23)(21,31,26)(24,34,29)(27,36,32)(30,39,35)(33,40,37)(38,42,41) ], 
  [ ( 3, 4, 5)( 6,12,11,10, 9, 8, 7), ( 1,39,29,18,22,11, 3, 5,35,24,28,17, 7,10, 2,30,34,23,12,16, 6)( 4,42,37,27,31,20, 9,13,41,33,36,26,15,19, 8,38,40,32,
         21,25,14) ], [ ( 3, 4, 5)( 6,11, 9, 7,12,10, 8), ( 1,34,17, 3,39,23, 7, 5,29,12,10,35,18,16, 2,24,22, 6,30,28,11)( 4,40,26, 9,42,32,15,13,37,21,19,41,27,
         25, 8,33,31,14,38,36,20) ], [ ( 3, 4, 5)( 6,10, 7,11, 8,12, 9), ( 1,28, 6,24,16,35,12, 5,23, 3,34,11,30,22, 2,18,10,29, 7,39,17)( 4,36,14,33,25,41,21,
         13,32, 9,40,20,38,31, 8,27,19,37,15,42,26) ], [ ( 3, 4, 5)( 6, 9,12, 8,11, 7,10), ( 1,22,35, 7,34, 6,18, 5,17,30,16,29, 3,28, 2,12,39,11,24,10,23)
        ( 4,31,41,15,40,14,27,13,26,38,25,37, 9,36, 8,21,42,20,33,19,32) ], 
  [ ( 3, 4, 5)( 6, 8,10,12, 7, 9,11), ( 1,16,23,30,10,17,24, 5,11,18,39, 6,12,34, 2, 7,28,35, 3,22,29)( 4,25,32,38,19,26,33,13,20,27,42,14,21,40, 8,15,
         36,41, 9,31,37) ], [ ( 3, 4, 5)( 6, 7, 8, 9,10,11,12), ( 1,10,11,12,28,29,30, 5, 6, 7,22,23,24,39, 2, 3,16,17,18,34,35)( 4,19,20,21,36,37,38,13,14,15,31,
         32,33,42, 8, 9,25,26,27,40,41) ], [ (3,5,4), ( 1, 2, 5)( 3, 6,10)( 4, 8,13)( 7,11,16)( 9,14,19)(12,17,22)(15,20,25)(18,23,28)(21,26,31)(24,29,34)
        (27,32,36)(30,35,39)(33,37,40)(38,41,42) ], [ ( 3, 5, 4)( 6,12,11,10, 9, 8, 7), ( 1,35,34,18,17,16, 3, 2,39,24,23,22, 7, 6, 5,30,29,28,12,11,10)
        ( 4,41,40,27,26,25, 9, 8,42,33,32,31,15,14,13,38,37,36,21,20,19) ], 
  [ ( 3, 5, 4)( 6,11, 9, 7,12,10, 8), ( 1,29,22, 3,35,28, 7, 2,34,12, 6,39,18,11, 5,24,17,10,30,23,16)( 4,37,31, 9,41,36,15, 8,40,21,14,42,27,20,13,33,
         26,19,38,32,25) ], [ ( 3, 5, 4)( 6,10, 7,11, 8,12, 9), ( 1,23,10,24,11,39,12, 2,28, 3,29,16,30,17, 5,18, 6,34, 7,35,22)( 4,32,19,33,20,42,21, 8,36, 9,37,
         25,38,26,13,27,14,40,15,41,31) ], [ ( 3, 5, 4)( 6, 9,12, 8,11, 7,10), ( 1,17,39, 7,29,10,18, 2,22,30,11,34, 3,23, 5,12,35,16,24, 6,28)
        ( 4,26,42,15,37,19,27, 8,31,38,20,40, 9,32,13,21,41,25,33,14,36) ], 
  [ ( 3, 5, 4)( 6, 8,10,12, 7, 9,11), ( 1,11,28,30, 6,22,24, 2,16,18,35,10,12,29, 5, 7,23,39, 3,17,34)( 4,20,36,38,14,31,33, 8,25,27,41,19,21,37,13,15,
         32,42, 9,26,40) ], [ ( 3, 5, 4)( 6, 7, 8, 9,10,11,12), ( 1, 6,16,12,23,34,30, 2,10, 7,17,28,24,35, 5, 3,11,22,18,29,39)( 4,14,25,21,32,40,38, 8,19,15,26,
         36,33,41,13, 9,20,31,27,37,42) ], [ (1,2), ( 1, 4)( 2,13)( 3, 9)( 5, 8)( 6,19)( 7,15)(10,14)(11,25)(12,21)(16,20)(17,31)(18,27)(22,26)(23,36)
        (24,33)(28,32)(29,40)(30,38)(34,37)(35,42)(39,41) ], 
  [ ( 1, 2)( 6,12,11,10, 9, 8, 7), ( 1,38,24,27,12,15, 3, 4,30,33,18,21, 7, 9)( 2,42,29,36,17,25, 6,13,35,40,23,31,11,19)( 5,41,34,32,22,20,10, 8,39,
         37,28,26,16,14) ], [ ( 1, 2)( 6,11, 9, 7,12,10, 8), ( 1,33,12, 9,30,27, 7, 4,24,21, 3,38,18,15)( 2,40,17,19,35,36,11,13,29,31, 6,42,23,25)( 5,37,22,14,39,
         32,16, 8,34,26,10,41,28,20) ], [ ( 1, 2)( 6,10, 7,11, 8,12, 9), ( 1,27, 3,33, 7,38,12, 4,18, 9,24,15,30,21)( 2,36, 6,40,11,42,17,13,23,19,29,25,35,31)
        ( 5,32,10,37,16,41,22, 8,28,14,34,20,39,26) ], 
  [ ( 1, 2)( 6, 9,12, 8,11, 7,10), ( 1,21,30,15,24, 9,18, 4,12,38, 7,33, 3,27)( 2,31,35,25,29,19,23,13,17,42,11,40, 6,36)( 5,26,39,20,34,14,28, 8,22,
         41,16,37,10,32) ], [ ( 1, 2)( 6, 8,10,12, 7, 9,11), ( 1,15,18,38, 3,21,24, 4, 7,27,30, 9,12,33)( 2,25,23,42, 6,31,29,13,11,36,35,19,17,40)( 5,20,28,41,10,
         26,34, 8,16,32,39,14,22,37) ], [ ( 1, 2)( 6, 7, 8, 9,10,11,12), ( 1, 9, 7,21,18,33,30, 4, 3,15,12,27,24,38)( 2,19,11,31,23,40,35,13, 6,25,17,36,29,42)
        ( 5,14,16,26,28,37,39, 8,10,20,22,32,34,41) ], [ (1,2)(3,4,5), ( 1,13)( 2, 8)( 3,19)( 4, 5)( 6,14)( 7,25)( 9,10)(11,20)(12,31)(15,16)(17,26)(18,36)
        (21,22)(23,32)(24,40)(27,28)(29,37)(30,42)(33,34)(35,41)(38,39) ], 
  [ ( 1, 2)( 3, 4, 5)( 6,12,11,10, 9, 8, 7), ( 1,42,24,36,12,25, 3,13,30,40,18,31, 7,19)( 2,41,29,32,17,20, 6, 8,35,37,23,26,11,14)( 4,39,33,28,21,16,
          9, 5,38,34,27,22,15,10) ], [ ( 1, 2)( 3, 4, 5)( 6,11, 9, 7,12,10, 8), ( 1,40,12,19,30,36, 7,13,24,31, 3,42,18,25)( 2,37,17,14,35,32,11, 8,29,26, 6,41,23,
         20)( 4,34,21,10,38,28,15, 5,33,22, 9,39,27,16) ], 
  [ ( 1, 2)( 3, 4, 5)( 6,10, 7,11, 8,12, 9), ( 1,36, 3,40, 7,42,12,13,18,19,24,25,30,31)( 2,32, 6,37,11,41,17, 8,23,14,29,20,35,26)( 4,28, 9,34,15,39,
         21, 5,27,10,33,16,38,22) ], [ ( 1, 2)( 3, 4, 5)( 6, 9,12, 8,11, 7,10), ( 1,31,30,25,24,19,18,13,12,42, 7,40, 3,36)( 2,26,35,20,29,14,23, 8,17,41,11,37, 6,
         32)( 4,22,38,16,33,10,27, 5,21,39,15,34, 9,28) ], 
  [ ( 1, 2)( 3, 4, 5)( 6, 8,10,12, 7, 9,11), ( 1,25,18,42, 3,31,24,13, 7,36,30,19,12,40)( 2,20,23,41, 6,26,29, 8,11,32,35,14,17,37)( 4,16,27,39, 9,22,
         33, 5,15,28,38,10,21,34) ], [ ( 1, 2)( 3, 4, 5)( 6, 7, 8, 9,10,11,12), ( 1,19, 7,31,18,40,30,13, 3,25,12,36,24,42)( 2,14,11,26,23,37,35, 8, 6,20,17,32,29,
         41)( 4,10,15,22,27,34,38, 5, 9,16,21,28,33,39) ], 
  [ (1,2)(3,5,4), ( 1, 8)( 2, 4)( 3,14)( 5,13)( 6, 9)( 7,20)(10,19)(11,15)(12,26)(16,25)(17,21)(18,32)(22,31)(23,27)(24,37)(28,36)(29,33)
        (30,41)(34,40)(35,38)(39,42) ], [ ( 1, 2)( 3, 5, 4)( 6,12,11,10, 9, 8, 7), ( 1,41,24,32,12,20, 3, 8,30,37,18,26, 7,14)( 2,38,29,27,17,15, 6, 4,35,33,23,21,
         11, 9)( 5,42,34,36,22,25,10,13,39,40,28,31,16,19) ], 
  [ ( 1, 2)( 3, 5, 4)( 6,11, 9, 7,12,10, 8), ( 1,37,12,14,30,32, 7, 8,24,26, 3,41,18,20)( 2,33,17, 9,35,27,11, 4,29,21, 6,38,23,15)( 5,40,22,19,39,36,
         16,13,34,31,10,42,28,25) ], [ ( 1, 2)( 3, 5, 4)( 6,10, 7,11, 8,12, 9), ( 1,32, 3,37, 7,41,12, 8,18,14,24,20,30,26)( 2,27, 6,33,11,38,17, 4,23, 9,29,15,35,
         21)( 5,36,10,40,16,42,22,13,28,19,34,25,39,31) ], 
  [ ( 1, 2)( 3, 5, 4)( 6, 9,12, 8,11, 7,10), ( 1,26,30,20,24,14,18, 8,12,41, 7,37, 3,32)( 2,21,35,15,29, 9,23, 4,17,38,11,33, 6,27)( 5,31,39,25,34,19,
         28,13,22,42,16,40,10,36) ], [ ( 1, 2)( 3, 5, 4)( 6, 8,10,12, 7, 9,11), ( 1,20,18,41, 3,26,24, 8, 7,32,30,14,12,37)( 2,15,23,38, 6,21,29, 4,11,27,35, 9,17,
         33)( 5,25,28,42,10,31,34,13,16,36,39,19,22,40) ], 
  [ ( 1, 2)( 3, 5, 4)( 6, 7, 8, 9,10,11,12), ( 1,14, 7,26,18,37,30, 8, 3,20,12,32,24,41)( 2, 9,11,21,23,33,35, 4, 6,15,17,27,29,38)( 5,19,16,31,28,40,
         39,13,10,25,22,36,34,42) ] ]
);

BRACES[42].brace[4] := rec ( size := 42, perms :=
[ [ (), () ], [ ( 6,12,11,10, 9, 8, 7), ( 6, 7, 8, 9,10,11,12) ], [ ( 6,11, 9, 7,12,10, 8), ( 6, 8,10,12, 7, 9,11) ], 
  [ ( 6,10, 7,11, 8,12, 9), ( 6, 9,12, 8,11, 7,10) ], [ ( 6, 9,12, 8,11, 7,10), ( 6,10, 7,11, 8,12, 9) ], [ ( 6, 8,10,12, 7, 9,11), ( 6,11, 9, 7,12,10, 8) ], 
  [ ( 6, 7, 8, 9,10,11,12), ( 6,12,11,10, 9, 8, 7) ], [ (3,4,5), (3,5,4) ], [ ( 3, 4, 5)( 6,12,11,10, 9, 8, 7), ( 3, 5, 4)( 6, 7, 8, 9,10,11,12) ], 
  [ ( 3, 4, 5)( 6,11, 9, 7,12,10, 8), ( 3, 5, 4)( 6, 8,10,12, 7, 9,11) ], [ ( 3, 4, 5)( 6,10, 7,11, 8,12, 9), ( 3, 5, 4)( 6, 9,12, 8,11, 7,10) ], 
  [ ( 3, 4, 5)( 6, 9,12, 8,11, 7,10), ( 3, 5, 4)( 6,10, 7,11, 8,12, 9) ], [ ( 3, 4, 5)( 6, 8,10,12, 7, 9,11), ( 3, 5, 4)( 6,11, 9, 7,12,10, 8) ], 
  [ ( 3, 4, 5)( 6, 7, 8, 9,10,11,12), ( 3, 5, 4)( 6,12,11,10, 9, 8, 7) ], [ (3,5,4), (3,4,5) ], 
  [ ( 3, 5, 4)( 6,12,11,10, 9, 8, 7), ( 3, 4, 5)( 6, 7, 8, 9,10,11,12) ], [ ( 3, 5, 4)( 6,11, 9, 7,12,10, 8), ( 3, 4, 5)( 6, 8,10,12, 7, 9,11) ], 
  [ ( 3, 5, 4)( 6,10, 7,11, 8,12, 9), ( 3, 4, 5)( 6, 9,12, 8,11, 7,10) ], [ ( 3, 5, 4)( 6, 9,12, 8,11, 7,10), ( 3, 4, 5)( 6,10, 7,11, 8,12, 9) ], 
  [ ( 3, 5, 4)( 6, 8,10,12, 7, 9,11), ( 3, 4, 5)( 6,11, 9, 7,12,10, 8) ], [ ( 3, 5, 4)( 6, 7, 8, 9,10,11,12), ( 3, 4, 5)( 6,12,11,10, 9, 8, 7) ], 
  [ (1,2), (1,2) ], [ ( 1, 2)( 6,12,11,10, 9, 8, 7), ( 1, 2)( 6, 7, 8, 9,10,11,12) ], [ ( 1, 2)( 6,11, 9, 7,12,10, 8), ( 1, 2)( 6, 8,10,12, 7, 9,11) ], 
  [ ( 1, 2)( 6,10, 7,11, 8,12, 9), ( 1, 2)( 6, 9,12, 8,11, 7,10) ], [ ( 1, 2)( 6, 9,12, 8,11, 7,10), ( 1, 2)( 6,10, 7,11, 8,12, 9) ], 
  [ ( 1, 2)( 6, 8,10,12, 7, 9,11), ( 1, 2)( 6,11, 9, 7,12,10, 8) ], [ ( 1, 2)( 6, 7, 8, 9,10,11,12), ( 1, 2)( 6,12,11,10, 9, 8, 7) ], 
  [ (1,2)(3,4,5), (1,2)(3,5,4) ], [ ( 1, 2)( 3, 4, 5)( 6,12,11,10, 9, 8, 7), ( 1, 2)( 3, 5, 4)( 6, 7, 8, 9,10,11,12) ], 
  [ ( 1, 2)( 3, 4, 5)( 6,11, 9, 7,12,10, 8), ( 1, 2)( 3, 5, 4)( 6, 8,10,12, 7, 9,11) ], 
  [ ( 1, 2)( 3, 4, 5)( 6,10, 7,11, 8,12, 9), ( 1, 2)( 3, 5, 4)( 6, 9,12, 8,11, 7,10) ], 
  [ ( 1, 2)( 3, 4, 5)( 6, 9,12, 8,11, 7,10), ( 1, 2)( 3, 5, 4)( 6,10, 7,11, 8,12, 9) ], 
  [ ( 1, 2)( 3, 4, 5)( 6, 8,10,12, 7, 9,11), ( 1, 2)( 3, 5, 4)( 6,11, 9, 7,12,10, 8) ], 
  [ ( 1, 2)( 3, 4, 5)( 6, 7, 8, 9,10,11,12), ( 1, 2)( 3, 5, 4)( 6,12,11,10, 9, 8, 7) ], [ (1,2)(3,5,4), (1,2)(3,4,5) ], 
  [ ( 1, 2)( 3, 5, 4)( 6,12,11,10, 9, 8, 7), ( 1, 2)( 3, 4, 5)( 6, 7, 8, 9,10,11,12) ], 
  [ ( 1, 2)( 3, 5, 4)( 6,11, 9, 7,12,10, 8), ( 1, 2)( 3, 4, 5)( 6, 8,10,12, 7, 9,11) ], 
  [ ( 1, 2)( 3, 5, 4)( 6,10, 7,11, 8,12, 9), ( 1, 2)( 3, 4, 5)( 6, 9,12, 8,11, 7,10) ], 
  [ ( 1, 2)( 3, 5, 4)( 6, 9,12, 8,11, 7,10), ( 1, 2)( 3, 4, 5)( 6,10, 7,11, 8,12, 9) ], 
  [ ( 1, 2)( 3, 5, 4)( 6, 8,10,12, 7, 9,11), ( 1, 2)( 3, 4, 5)( 6,11, 9, 7,12,10, 8) ], 
  [ ( 1, 2)( 3, 5, 4)( 6, 7, 8, 9,10,11,12), ( 1, 2)( 3, 4, 5)( 6,12,11,10, 9, 8, 7) ] ]
);

BRACES[42].brace[5] := rec ( size := 42, perms :=
[ [ (), () ], [ ( 6,12,11,10, 9, 8, 7), ( 1,24,18,13, 8, 3, 2)( 4,36,31,26,20,14, 9)( 5,37,32,27,21,15,10)( 6,38,33,28,22,16,11)( 7,39,34,29,23,17,12)
        (19,42,41,40,35,30,25) ], [ ( 6,11, 9, 7,12,10, 8), ( 1,18, 8, 2,24,13, 3)( 4,31,20, 9,36,26,14)( 5,32,21,10,37,27,15)( 6,33,22,11,38,28,16)
        ( 7,34,23,12,39,29,17)(19,41,35,25,42,40,30) ], 
  [ ( 6,10, 7,11, 8,12, 9), ( 1,13, 2,18, 3,24, 8)( 4,26, 9,31,14,36,20)( 5,27,10,32,15,37,21)( 6,28,11,33,16,38,22)( 7,29,12,34,17,39,23)(19,40,25,41,30,42,35) ], 
  [ ( 6, 9,12, 8,11, 7,10), ( 1, 8,24, 3,18, 2,13)( 4,20,36,14,31, 9,26)( 5,21,37,15,32,10,27)( 6,22,38,16,33,11,28)( 7,23,39,17,34,12,29)(19,35,42,30,41,25,40) ], 
  [ ( 6, 8,10,12, 7, 9,11), ( 1, 3,13,24, 2, 8,18)( 4,14,26,36, 9,20,31)( 5,15,27,37,10,21,32)( 6,16,28,38,11,22,33)( 7,17,29,39,12,23,34)(19,30,40,42,25,35,41) ], 
  [ ( 6, 7, 8, 9,10,11,12), ( 1, 2, 3, 8,13,18,24)( 4, 9,14,20,26,31,36)( 5,10,15,21,27,32,37)( 6,11,16,22,28,33,38)( 7,12,17,23,29,34,39)(19,25,30,35,40,41,42) ], 
  [ (3,4,5), ( 1, 7, 6)( 2,17,28)( 3,29,11)( 4,19, 5)( 8,39,33)( 9,30,27)(10,14,40)(12,16,13)(15,26,25)(18,23,38)(20,42,32)(21,36,41)(22,24,34)(31,35,37) ], 
  [ ( 3, 4, 5)( 6,12,11,10, 9, 8, 7), ( 1,39,28)( 2,12,11)( 3,23,33)( 4,42,27)( 5,36,40)( 6,24,29)( 7,38,13)( 8,34,16)( 9,25,10)(14,35,32)(15,20,41)(17,22,18)
        (19,37,26)(21,31,30) ], [ ( 3, 4, 5)( 6,11, 9, 7,12,10, 8), ( 1,34,11)( 2, 7,33)( 3,17,16)( 4,41,10)( 5,31,25)( 6,18,12)( 8,29,38)( 9,19,32)(13,39,22)
        (14,30,15)(20,40,37)(21,26,42)(23,28,24)(27,36,35) ], [ ( 3, 4, 5)( 6,10, 7,11, 8,12, 9), ( 1,29,33)( 2,39,16)( 3,12,38)( 4,40,32)( 5,26,41)( 6,13,34)
        ( 7,28,18)( 8,23,22)( 9,42,15)(10,36,30)(11,24,17)(14,25,37)(19,27,31)(20,35,21) ], 
  [ ( 3, 4, 5)( 6, 9,12, 8,11, 7,10), ( 1,23,16)( 2,34,38)( 3, 7,22)( 4,35,15)( 5,20,30)( 6, 8,17)( 9,41,37)(10,31,42)(11,18,39)(12,33,24)(13,29,28)
        (14,19,21)(25,32,36)(26,40,27) ], [ ( 3, 4, 5)( 6, 8,10,12, 7, 9,11), ( 1,17,38)( 2,29,22)( 3,39, 6)( 4,30,37)( 5,14,42)( 7,16,24)( 8,12,28)( 9,40,21)
        (10,26,35)(11,13,23)(15,36,19)(18,34,33)(20,25,27)(31,41,32) ], 
  [ ( 3, 4, 5)( 6, 7, 8, 9,10,11,12), ( 1,12,22)( 2,23, 6)( 3,34,28)( 4,25,21)( 5, 9,35)( 7,11, 8)(10,20,19)(13,17,33)(14,41,27)(15,31,40)(16,18,29)
        (24,39,38)(26,30,32)(36,42,37) ], [ (3,5,4), ( 1, 6, 7)( 2,28,17)( 3,11,29)( 4, 5,19)( 8,33,39)( 9,27,30)(10,40,14)(12,13,16)(15,25,26)(18,38,23)(20,32,42)
        (21,41,36)(22,34,24)(31,37,35) ], [ ( 3, 5, 4)( 6,12,11,10, 9, 8, 7), ( 1,38,17)( 2,22,29)( 3, 6,39)( 4,37,30)( 5,42,14)( 7,24,16)( 8,28,12)( 9,21,40)
        (10,35,26)(11,23,13)(15,19,36)(18,33,34)(20,27,25)(31,32,41) ], 
  [ ( 3, 5, 4)( 6,11, 9, 7,12,10, 8), ( 1,33,29)( 2,16,39)( 3,38,12)( 4,32,40)( 5,41,26)( 6,34,13)( 7,18,28)( 8,22,23)( 9,15,42)(10,30,36)(11,17,24)
        (14,37,25)(19,31,27)(20,21,35) ], [ ( 3, 5, 4)( 6,10, 7,11, 8,12, 9), ( 1,28,39)( 2,11,12)( 3,33,23)( 4,27,42)( 5,40,36)( 6,29,24)( 7,13,38)( 8,16,34)
        ( 9,10,25)(14,32,35)(15,41,20)(17,18,22)(19,26,37)(21,30,31) ], 
  [ ( 3, 5, 4)( 6, 9,12, 8,11, 7,10), ( 1,22,12)( 2, 6,23)( 3,28,34)( 4,21,25)( 5,35, 9)( 7, 8,11)(10,19,20)(13,33,17)(14,27,41)(15,40,31)(16,29,18)
        (24,38,39)(26,32,30)(36,37,42) ], [ ( 3, 5, 4)( 6, 8,10,12, 7, 9,11), ( 1,16,23)( 2,38,34)( 3,22, 7)( 4,15,35)( 5,30,20)( 6,17, 8)( 9,37,41)(10,42,31)
        (11,39,18)(12,24,33)(13,28,29)(14,21,19)(25,36,32)(26,27,40) ], 
  [ ( 3, 5, 4)( 6, 7, 8, 9,10,11,12), ( 1,11,34)( 2,33, 7)( 3,16,17)( 4,10,41)( 5,25,31)( 6,12,18)( 8,38,29)( 9,32,19)(13,22,39)(14,15,30)(20,37,40)
        (21,42,26)(23,24,28)(27,35,36) ], [ (1,2), ( 1, 4)( 2,36)( 3,31)( 5, 6)( 7,19)( 8,26)( 9,24)(10,38)(11,37)(12,42)(13,20)(14,18)(15,33)(16,32)(17,41)(21,28)
        (22,27)(23,40)(25,39)(29,35)(30,34) ], [ ( 1, 2)( 6,12,11,10, 9, 8, 7), ( 1,36)( 2,31)( 3,26)( 4,24)( 5,38)( 6,37)( 7,42)( 8,20)( 9,18)(10,33)
        (11,32)(12,41)(13,14)(15,28)(16,27)(17,40)(19,39)(21,22)(23,35)(25,34)(29,30) ], 
  [ ( 1, 2)( 6,11, 9, 7,12,10, 8), ( 1,31)( 2,26)( 3,20)( 4,18)( 5,33)( 6,32)( 7,41)( 8,14)( 9,13)(10,28)(11,27)(12,40)(15,22)(16,21)(17,35)(19,34)
        (23,30)(24,36)(25,29)(37,38)(39,42) ], [ ( 1, 2)( 6,10, 7,11, 8,12, 9), ( 1,26)( 2,20)( 3,14)( 4,13)( 5,28)( 6,27)( 7,40)( 8, 9)(10,22)(11,21)(12,35)(15,16)
        (17,30)(18,36)(19,29)(23,25)(24,31)(32,38)(33,37)(34,42)(39,41) ], 
  [ ( 1, 2)( 6, 9,12, 8,11, 7,10), ( 1,20)( 2,14)( 3, 9)( 4, 8)( 5,22)( 6,21)( 7,35)(10,16)(11,15)(12,30)(13,36)(17,25)(18,31)(19,23)(24,26)
        (27,38)(28,37)(29,42)(32,33)(34,41)(39,40) ], [ ( 1, 2)( 6, 8,10,12, 7, 9,11), ( 1,14)( 2, 9)( 3, 4)( 5,16)( 6,15)( 7,30)( 8,36)(10,11)(12,25)(13,31)(17,19)
        (18,26)(20,24)(21,38)(22,37)(23,42)(27,33)(28,32)(29,41)(34,40)(35,39) ], 
  [ ( 1, 2)( 6, 7, 8, 9,10,11,12), ( 1, 9)( 2, 4)( 3,36)( 5,11)( 6,10)( 7,25)( 8,31)(12,19)(13,26)(14,24)(15,38)(16,37)(17,42)(18,20)(21,33)
        (22,32)(23,41)(27,28)(29,40)(30,39)(34,35) ], 
  [ (1,2)(3,4,5), ( 1,19, 6, 4, 7, 5)( 2,41,28,36,17,21)( 3,35,11,31,29,37)( 8,25,33,26,39,15)( 9,34,27,24,30,22)(10,18,40,38,14,23)(12,32,13,42,16,20) ], 
  [ ( 1, 2)( 3, 4, 5)( 6,12,11,10, 9, 8, 7), ( 1,42,11,26,34,21)( 2,40,33,20, 7,37)( 3,30,16,14,17,15)( 4,39,10,13,41,22)( 5,24,25,28,31,23)( 6,36,12,27,18,35)
        ( 8,19,38, 9,29,32) ], [ ( 1, 2)( 3, 4, 5)( 6,11, 9, 7,12,10, 8), ( 1,41,16, 9,23,37)( 2,35,38, 4,34,15)( 3,25,22,36, 7,32)( 5,18,30,11,20,39)
        ( 6,31,17,10, 8,42)(12,21,24,19,33,14)(13,40,28,26,29,27) ], 
  [ ( 1, 2)( 3, 4, 5)( 6,10, 7,11, 8,12, 9), ( 1,40,22,31,12,15)( 2,30, 6,26,23,32)( 3,19,28,20,34,10)( 4,29,21,18,25,16)( 5,13,35,33, 9,17)( 7,27, 8,41,11,14)
        (24,42,38,36,39,37) ], [ ( 1, 2)( 3, 4, 5)( 6, 9,12, 8,11, 7,10), ( 1,35,28,14,39,32)( 2,25,11, 9,12,10)( 3,42,33, 4,23,27)( 5, 8,40,16,36,34)
        ( 6,20,29,15,24,41)( 7,21,13,30,38,31)(17,37,18,19,22,26) ], 
  [ ( 1, 2)( 3, 4, 5)( 6, 8,10,12, 7, 9,11), ( 1,30,33,36,29,10)( 2,19,16,31,39,27)( 3,41,38,26,12, 5)( 4,17,32,24,40,11)( 6,14,34,37,13,25)( 7,15,18,42,28, 9)
        ( 8,35,22,20,23,21) ], [ ( 1, 2)( 3, 4, 5)( 6, 7, 8, 9,10,11,12), ( 1,25,38,20,17,27)( 2,42,22,14,29, 5)( 3,40, 6, 9,39,21)( 4,12,37, 8,30,28)
        ( 7,10,24,35,16,26)(11,36,23,15,13,19)(18,41,33,31,34,32) ], 
  [ (1,2)(3,5,4), ( 1, 5, 7, 4, 6,19)( 2,21,17,36,28,41)( 3,37,29,31,11,35)( 8,15,39,26,33,25)( 9,22,30,24,27,34)(10,23,14,38,40,18)(12,20,16,42,13,32) ], 
  [ ( 1, 2)( 3, 5, 4)( 6,12,11,10, 9, 8, 7), ( 1,37,23, 9,16,41)( 2,15,34, 4,38,35)( 3,32, 7,36,22,25)( 5,39,20,11,30,18)( 6,42, 8,10,17,31)(12,14,33,19,24,21)
        (13,27,29,26,28,40) ], [ ( 1, 2)( 3, 5, 4)( 6,11, 9, 7,12,10, 8), ( 1,32,39,14,28,35)( 2,10,12, 9,11,25)( 3,27,23, 4,33,42)( 5,34,36,16,40, 8)
        ( 6,41,24,15,29,20)( 7,31,38,30,13,21)(17,26,22,19,18,37) ], 
  [ ( 1, 2)( 3, 5, 4)( 6,10, 7,11, 8,12, 9), ( 1,27,17,20,38,25)( 2, 5,29,14,22,42)( 3,21,39, 9, 6,40)( 4,28,30, 8,37,12)( 7,26,16,35,24,10)(11,19,13,15,23,36)
        (18,32,34,31,33,41) ], [ ( 1, 2)( 3, 5, 4)( 6, 9,12, 8,11, 7,10), ( 1,21,34,26,11,42)( 2,37, 7,20,33,40)( 3,15,17,14,16,30)( 4,22,41,13,10,39)
        ( 5,23,31,28,25,24)( 6,35,18,27,12,36)( 8,32,29, 9,38,19) ], 
  [ ( 1, 2)( 3, 5, 4)( 6, 8,10,12, 7, 9,11), ( 1,15,12,31,22,40)( 2,32,23,26, 6,30)( 3,10,34,20,28,19)( 4,16,25,18,21,29)( 5,17, 9,33,35,13)( 7,14,11,41, 8,27)
        (24,37,39,36,38,42) ], [ ( 1, 2)( 3, 5, 4)( 6, 7, 8, 9,10,11,12), ( 1,10,29,36,33,30)( 2,27,39,31,16,19)( 3, 5,12,26,38,41)( 4,11,40,24,32,17)
        ( 6,25,13,37,34,14)( 7, 9,28,42,18,15)( 8,21,23,20,22,35) ] ]
);

BRACES[42].brace[6] := rec ( size := 42, perms :=
[ [ (), () ], [ ( 6,12,11,10, 9, 8, 7), ( 1,27,21,15,10, 6, 3)( 2,32,26,20,14, 9, 5)( 4,36,31,25,19,13, 8)( 7,39,35,30,24,18,12)(11,41,38,34,29,23,17)
        (16,42,40,37,33,28,22) ], [ ( 6,11, 9, 7,12,10, 8), ( 1,21,10, 3,27,15, 6)( 2,26,14, 5,32,20, 9)( 4,31,19, 8,36,25,13)( 7,35,24,12,39,30,18)
        (11,38,29,17,41,34,23)(16,40,33,22,42,37,28) ], 
  [ ( 6,10, 7,11, 8,12, 9), ( 1,15, 3,21, 6,27,10)( 2,20, 5,26, 9,32,14)( 4,25, 8,31,13,36,19)( 7,30,12,35,18,39,24)(11,34,17,38,23,41,29)(16,37,22,40,28,42,33) ], 
  [ ( 6, 9,12, 8,11, 7,10), ( 1,10,27, 6,21, 3,15)( 2,14,32, 9,26, 5,20)( 4,19,36,13,31, 8,25)( 7,24,39,18,35,12,30)(11,29,41,23,38,17,34)(16,33,42,28,40,22,37) ], 
  [ ( 6, 8,10,12, 7, 9,11), ( 1, 6,15,27, 3,10,21)( 2, 9,20,32, 5,14,26)( 4,13,25,36, 8,19,31)( 7,18,30,39,12,24,35)(11,23,34,41,17,29,38)(16,28,37,42,22,33,40) ], 
  [ ( 6, 7, 8, 9,10,11,12), ( 1, 3, 6,10,15,21,27)( 2, 5, 9,14,20,26,32)( 4, 8,13,19,25,31,36)( 7,12,18,24,30,35,39)(11,17,23,29,34,38,41)(16,22,28,33,37,40,42) ], 
  [ (3,4,5), ( 1, 4, 2)( 3, 8, 5)( 6,13, 9)( 7,16,11)(10,19,14)(12,22,17)(15,25,20)(18,28,23)(21,31,26)(24,33,29)(27,36,32)(30,37,34)(35,40,38)(39,42,41) ], 
  [ ( 3, 4, 5)( 6,12,11,10, 9, 8, 7), ( 1,36,26,15,19, 9, 3, 4,32,21,25,14, 6, 8, 2,27,31,20,10,13, 5)( 7,42,38,30,33,23,12,16,41,35,37,29,18,22,11,39,40,34,
         24,28,17) ], [ ( 3, 4, 5)( 6,11, 9, 7,12,10, 8), ( 1,31,14, 3,36,20, 6, 4,26,10, 8,32,15,13, 2,21,19, 5,27,25, 9)( 7,40,29,12,42,34,18,16,38,24,22,41,30,
         28,11,35,33,17,39,37,23) ], [ ( 3, 4, 5)( 6,10, 7,11, 8,12, 9), ( 1,25, 5,21,13,32,10, 4,20, 3,31, 9,27,19, 2,15, 8,26, 6,36,14)( 7,37,17,35,28,41,24,
         16,34,12,40,23,39,33,11,30,22,38,18,42,29) ], [ ( 3, 4, 5)( 6, 9,12, 8,11, 7,10), ( 1,19,32, 6,31, 5,15, 4,14,27,13,26, 3,25, 2,10,36, 9,21, 8,20)
        ( 7,33,41,18,40,17,30,16,29,39,28,38,12,37,11,24,42,23,35,22,34) ], 
  [ ( 3, 4, 5)( 6, 8,10,12, 7, 9,11), ( 1,13,20,27, 8,14,21, 4, 9,15,36, 5,10,31, 2, 6,25,32, 3,19,26)( 7,28,34,39,22,29,35,16,23,30,42,17,24,40,11,18,
         37,41,12,33,38) ], [ ( 3, 4, 5)( 6, 7, 8, 9,10,11,12), ( 1, 8, 9,10,25,26,27, 4, 5, 6,19,20,21,36, 2, 3,13,14,15,31,32)( 7,22,23,24,37,38,39,16,17,18,33,
         34,35,42,11,12,28,29,30,40,41) ], [ (3,5,4), ( 1, 2, 4)( 3, 5, 8)( 6, 9,13)( 7,11,16)(10,14,19)(12,17,22)(15,20,25)(18,23,28)(21,26,31)(24,29,33)
        (27,32,36)(30,34,37)(35,38,40)(39,41,42) ], [ ( 3, 5, 4)( 6,12,11,10, 9, 8, 7), ( 1,32,31,15,14,13, 3, 2,36,21,20,19, 6, 5, 4,27,26,25,10, 9, 8)
        ( 7,41,40,30,29,28,12,11,42,35,34,33,18,17,16,39,38,37,24,23,22) ], 
  [ ( 3, 5, 4)( 6,11, 9, 7,12,10, 8), ( 1,26,19, 3,32,25, 6, 2,31,10, 5,36,15, 9, 4,21,14, 8,27,20,13)( 7,38,33,12,41,37,18,11,40,24,17,42,30,23,16,35,
         29,22,39,34,28) ], [ ( 3, 5, 4)( 6,10, 7,11, 8,12, 9), ( 1,20, 8,21, 9,36,10, 2,25, 3,26,13,27,14, 4,15, 5,31, 6,32,19)( 7,34,22,35,23,42,24,11,37,12,38,
         28,39,29,16,30,17,40,18,41,33) ], [ ( 3, 5, 4)( 6, 9,12, 8,11, 7,10), ( 1,14,36, 6,26, 8,15, 2,19,27, 9,31, 3,20, 4,10,32,13,21, 5,25)
        ( 7,29,42,18,38,22,30,11,33,39,23,40,12,34,16,24,41,28,35,17,37) ], 
  [ ( 3, 5, 4)( 6, 8,10,12, 7, 9,11), ( 1, 9,25,27, 5,19,21, 2,13,15,32, 8,10,26, 4, 6,20,36, 3,14,31)( 7,23,37,39,17,33,35,11,28,30,41,22,24,38,16,18,
         34,42,12,29,40) ], [ ( 3, 5, 4)( 6, 7, 8, 9,10,11,12), ( 1, 5,13,10,20,31,27, 2, 8, 6,14,25,21,32, 4, 3, 9,19,15,26,36)( 7,17,28,24,34,40,39,11,22,18,29,
         37,35,41,16,12,23,33,30,38,42) ], [ (1,2), ( 1, 7)( 2,11)( 3,39)( 4,16)( 5,41)( 6,35)( 8,42)( 9,38)(10,30)(12,27)(13,40)(14,34)(15,24)(17,32)
        (18,21)(19,37)(20,29)(22,36)(23,26)(25,33)(28,31) ], [ ( 1, 2)( 6,12,11,10, 9, 8, 7), ( 1,39)( 2,41)( 3,35)( 4,42)( 5,38)( 6,30)( 7,27)( 8,40)( 9,34)(10,24)
        (11,32)(12,21)(13,37)(14,29)(15,18)(16,36)(17,26)(19,33)(20,23)(22,31)(25,28) ], 
  [ ( 1, 2)( 6,11, 9, 7,12,10, 8), ( 1,35)( 2,38)( 3,30)( 4,40)( 5,34)( 6,24)( 7,21)( 8,37)( 9,29)(10,18)(11,26)(12,15)(13,33)(14,23)(16,31)
        (17,20)(19,28)(22,25)(27,39)(32,41)(36,42) ], [ ( 1, 2)( 6,10, 7,11, 8,12, 9), ( 1,30)( 2,34)( 3,24)( 4,37)( 5,29)( 6,18)( 7,15)( 8,33)( 9,23)(10,12)(11,20)
        (13,28)(14,17)(16,25)(19,22)(21,39)(26,41)(27,35)(31,42)(32,38)(36,40) ], 
  [ ( 1, 2)( 6, 9,12, 8,11, 7,10), ( 1,24)( 2,29)( 3,18)( 4,33)( 5,23)( 6,12)( 7,10)( 8,28)( 9,17)(11,14)(13,22)(15,39)(16,19)(20,41)(21,35)
        (25,42)(26,38)(27,30)(31,40)(32,34)(36,37) ], [ ( 1, 2)( 6, 8,10,12, 7, 9,11), ( 1,18)( 2,23)( 3,12)( 4,28)( 5,17)( 6, 7)( 8,22)( 9,11)(10,39)(13,16)(14,41)
        (15,35)(19,42)(20,38)(21,30)(24,27)(25,40)(26,34)(29,32)(31,37)(33,36) ], 
  [ ( 1, 2)( 6, 7, 8, 9,10,11,12), ( 1,12)( 2,17)( 3, 7)( 4,22)( 5,11)( 6,39)( 8,16)( 9,41)(10,35)(13,42)(14,38)(15,30)(18,27)(19,40)(20,34)
        (21,24)(23,32)(25,37)(26,29)(28,36)(31,33) ], 
  [ (1,2)(3,4,5), ( 1,16, 2, 7, 4,11)( 3,42, 5,39, 8,41)( 6,40, 9,35,13,38)(10,37,14,30,19,34)(12,36,17,27,22,32)(15,33,20,24,25,29)(18,31,23,21,28,26) ], 
  [ ( 1, 2)( 3, 4, 5)( 6,12,11,10, 9, 8, 7), ( 1,42, 2,39, 4,41)( 3,40, 5,35, 8,38)( 6,37, 9,30,13,34)( 7,36,11,27,16,32)(10,33,14,24,19,29)(12,31,17,21,22,26)
        (15,28,20,18,25,23) ], [ ( 1, 2)( 3, 4, 5)( 6,11, 9, 7,12,10, 8), ( 1,40, 2,35, 4,38)( 3,37, 5,30, 8,34)( 6,33, 9,24,13,29)( 7,31,11,21,16,26)
        (10,28,14,18,19,23)(12,25,17,15,22,20)(27,42,32,39,36,41) ], 
  [ ( 1, 2)( 3, 4, 5)( 6,10, 7,11, 8,12, 9), ( 1,37, 2,30, 4,34)( 3,33, 5,24, 8,29)( 6,28, 9,18,13,23)( 7,25,11,15,16,20)(10,22,14,12,19,17)(21,42,26,39,31,41)
        (27,40,32,35,36,38) ], [ ( 1, 2)( 3, 4, 5)( 6, 9,12, 8,11, 7,10), ( 1,33, 2,24, 4,29)( 3,28, 5,18, 8,23)( 6,22, 9,12,13,17)( 7,19,11,10,16,14)
        (15,42,20,39,25,41)(21,40,26,35,31,38)(27,37,32,30,36,34) ], 
  [ ( 1, 2)( 3, 4, 5)( 6, 8,10,12, 7, 9,11), ( 1,28, 2,18, 4,23)( 3,22, 5,12, 8,17)( 6,16, 9, 7,13,11)(10,42,14,39,19,41)(15,40,20,35,25,38)(21,37,26,30,31,34)
        (24,36,29,27,33,32) ], [ ( 1, 2)( 3, 4, 5)( 6, 7, 8, 9,10,11,12), ( 1,22, 2,12, 4,17)( 3,16, 5, 7, 8,11)( 6,42, 9,39,13,41)(10,40,14,35,19,38)
        (15,37,20,30,25,34)(18,36,23,27,28,32)(21,33,26,24,31,29) ], 
  [ (1,2)(3,5,4), ( 1,11, 4, 7, 2,16)( 3,41, 8,39, 5,42)( 6,38,13,35, 9,40)(10,34,19,30,14,37)(12,32,22,27,17,36)(15,29,25,24,20,33)(18,26,28,21,23,31) ], 
  [ ( 1, 2)( 3, 5, 4)( 6,12,11,10, 9, 8, 7), ( 1,41, 4,39, 2,42)( 3,38, 8,35, 5,40)( 6,34,13,30, 9,37)( 7,32,16,27,11,36)(10,29,19,24,14,33)(12,26,22,21,17,31)
        (15,23,25,18,20,28) ], [ ( 1, 2)( 3, 5, 4)( 6,11, 9, 7,12,10, 8), ( 1,38, 4,35, 2,40)( 3,34, 8,30, 5,37)( 6,29,13,24, 9,33)( 7,26,16,21,11,31)
        (10,23,19,18,14,28)(12,20,22,15,17,25)(27,41,36,39,32,42) ], 
  [ ( 1, 2)( 3, 5, 4)( 6,10, 7,11, 8,12, 9), ( 1,34, 4,30, 2,37)( 3,29, 8,24, 5,33)( 6,23,13,18, 9,28)( 7,20,16,15,11,25)(10,17,19,12,14,22)(21,41,31,39,26,42)
