BRACES[111] := rec( total := -1, implemented := 2, size := 111, brace := [] 
);BRACES[111].brace[1] := rec ( size := 111, perms := [ [  (),  (),  ], [  (1, 
38, 75)(2, 39, 76)(3, 40, 77)(4, 41, 78)(5, 42, 79)(6, 43, 80)(7, 44, 81)(8, 45,
82)(9, 46, 83)(10, 47, 84)(11, 48, 85)(12, 49, 86)(13, 50, 87)(14, 51, 88)(15, 
52, 89)(16, 53, 90)(17, 54, 91)(18, 55, 92)(19, 56, 93)(20, 57, 94)(21, 58, 
95)(22, 59, 96)(23, 60, 97)(24, 61, 98)(25, 62, 99)(26, 63, 100)(27, 64, 
101)(28, 65, 102)(29, 66, 103)(30, 67, 104)(31, 68, 105)(32, 69, 106)(33, 70, 
107)(34, 71, 108)(35, 72, 109)(36, 73, 110)(37, 74, 111),  (1, 75, 38)(2, 76, 
39)(3, 77, 40)(4, 78, 41)(5, 79, 42)(6, 80, 43)(7, 81, 44)(8, 82, 45)(9, 83, 
46)(10, 84, 47)(11, 85, 48)(12, 86, 49)(13, 87, 50)(14, 88, 51)(15, 89, 52)(16, 
90, 53)(17, 91, 54)(18, 92, 55)(19, 93, 56)(20, 94, 57)(21, 95, 58)(22, 96, 
59)(23, 97, 60)(24, 98, 61)(25, 99, 62)(26, 100, 63)(27, 101, 64)(28, 102, 
65)(29, 103, 66)(30, 104, 67)(31, 105, 68)(32, 106, 69)(33, 107, 70)(34, 108, 
71)(35, 109, 72)(36, 110, 73)(37, 111, 74),  ], [  (1, 7, 13, 19, 25, 31, 37, 6,
12, 18, 24, 30, 36, 5, 11, 17, 23, 29, 35, 4, 10, 16, 22, 28, 34, 3, 9, 15, 21, 
27, 33, 2, 8, 14, 20, 26, 32)(38, 44, 50, 56, 62, 68, 74, 43, 49, 55, 61, 67, 
73, 42, 48, 54, 60, 66, 72, 41, 47, 53, 59, 65, 71, 40, 46, 52, 58, 64, 70, 39, 
45, 51, 57, 63, 69)(75, 81, 87, 93, 99, 105, 111, 80, 86, 92, 98, 104, 110, 79, 
85, 91, 97, 103, 109, 78, 84, 90, 96, 102, 108, 77, 83, 89, 95, 101, 107, 76, 
82, 88, 94, 100, 106),  (1, 32, 26, 20, 14, 8, 2, 33, 27, 21, 15, 9, 3, 34, 28, 
22, 16, 10, 4, 35, 29, 23, 17, 11, 5, 36, 30, 24, 18, 12, 6, 37, 31, 25, 19, 13,
7)(38, 69, 63, 57, 51, 45, 39, 70, 64, 58, 52, 46, 40, 71, 65, 59, 53, 47, 41, 
72, 66, 60, 54, 48, 42, 73, 67, 61, 55, 49, 43, 74, 68, 62, 56, 50, 44)(75, 106,
100, 94, 88, 82, 76, 107, 101, 95, 89, 83, 77, 108, 102, 96, 90, 84, 78, 109, 
103, 97, 91, 85, 79, 110, 104, 98, 92, 86, 80, 111, 105, 99, 93, 87, 81),  ], [ 
(1, 75, 38)(2, 76, 39)(3, 77, 40)(4, 78, 41)(5, 79, 42)(6, 80, 43)(7, 81, 44)(8,
82, 45)(9, 83, 46)(10, 84, 47)(11, 85, 48)(12, 86, 49)(13, 87, 50)(14, 88, 
51)(15, 89, 52)(16, 90, 53)(17, 91, 54)(18, 92, 55)(19, 93, 56)(20, 94, 57)(21, 
95, 58)(22, 96, 59)(23, 97, 60)(24, 98, 61)(25, 99, 62)(26, 100, 63)(27, 101, 
64)(28, 102, 65)(29, 103, 66)(30, 104, 67)(31, 105, 68)(32, 106, 69)(33, 107, 
70)(34, 108, 71)(35, 109, 72)(36, 110, 73)(37, 111, 74),  (1, 38, 75)(2, 39, 
76)(3, 40, 77)(4, 41, 78)(5, 42, 79)(6, 43, 80)(7, 44, 81)(8, 45, 82)(9, 46, 
83)(10, 47, 84)(11, 48, 85)(12, 49, 86)(13, 50, 87)(14, 51, 88)(15, 52, 89)(16, 
53, 90)(17, 54, 91)(18, 55, 92)(19, 56, 93)(20, 57, 94)(21, 58, 95)(22, 59, 
96)(23, 60, 97)(24, 61, 98)(25, 62, 99)(26, 63, 100)(27, 64, 101)(28, 65, 
102)(29, 66, 103)(30, 67, 104)(31, 68, 105)(32, 69, 106)(33, 70, 107)(34, 71, 
108)(35, 72, 109)(36, 73, 110)(37, 74, 111),  ], [  (1, 32, 26, 20, 14, 8, 2, 
33, 27, 21, 15, 9, 3, 34, 28, 22, 16, 10, 4, 35, 29, 23, 17, 11, 5, 36, 30, 24, 
18, 12, 6, 37, 31, 25, 19, 13, 7)(38, 69, 63, 57, 51, 45, 39, 70, 64, 58, 52, 
46, 40, 71, 65, 59, 53, 47, 41, 72, 66, 60, 54, 48, 42, 73, 67, 61, 55, 49, 43, 
74, 68, 62, 56, 50, 44)(75, 106, 100, 94, 88, 82, 76, 107, 101, 95, 89, 83, 77, 
108, 102, 96, 90, 84, 78, 109, 103, 97, 91, 85, 79, 110, 104, 98, 92, 86, 80, 
111, 105, 99, 93, 87, 81),  (1, 7, 13, 19, 25, 31, 37, 6, 12, 18, 24, 30, 36, 5,
11, 17, 23, 29, 35, 4, 10, 16, 22, 28, 34, 3, 9, 15, 21, 27, 33, 2, 8, 14, 20, 
26, 32)(38, 44, 50, 56, 62, 68, 74, 43, 49, 55, 61, 67, 73, 42, 48, 54, 60, 66, 
72, 41, 47, 53, 59, 65, 71, 40, 46, 52, 58, 64, 70, 39, 45, 51, 57, 63, 69)(75, 
81, 87, 93, 99, 105, 111, 80, 86, 92, 98, 104, 110, 79, 85, 91, 97, 103, 109, 
78, 84, 90, 96, 102, 108, 77, 83, 89, 95, 101, 107, 76, 82, 88, 94, 100, 106),  
], [  (1, 44, 87, 19, 62, 105, 37, 43, 86, 18, 61, 104, 36, 42, 85, 17, 60, 103,
35, 41, 84, 16, 59, 102, 34, 40, 83, 15, 58, 101, 33, 39, 82, 14, 57, 100, 32, 
38, 81, 13, 56, 99, 31, 74, 80, 12, 55, 98, 30, 73, 79, 11, 54, 97, 29, 72, 78, 
10, 53, 96, 28, 71, 77, 9, 52, 95, 27, 70, 76, 8, 51, 94, 26, 69, 75, 7, 50, 93,
25, 68, 111, 6, 49, 92, 24, 67, 110, 5, 48, 91, 23, 66, 109, 4, 47, 90, 22, 65, 
108, 3, 46, 89, 21, 64, 107, 2, 45, 88, 20, 63, 106),  (1, 106, 63, 20, 88, 45, 
2, 107, 64, 21, 89, 46, 3, 108, 65, 22, 90, 47, 4, 109, 66, 23, 91, 48, 5, 110, 
67, 24, 92, 49, 6, 111, 68, 25, 93, 50, 7, 75, 69, 26, 94, 51, 8, 76, 70, 27, 
95, 52, 9, 77, 71, 28, 96, 53, 10, 78, 72, 29, 97, 54, 11, 79, 73, 30, 98, 55, 
12, 80, 74, 31, 99, 56, 13, 81, 38, 32, 100, 57, 14, 82, 39, 33, 101, 58, 15, 
83, 40, 34, 102, 59, 16, 84, 41, 35, 103, 60, 17, 85, 42, 36, 104, 61, 18, 86, 
43, 37, 105, 62, 19, 87, 44),  ], [  (1, 69, 100, 20, 51, 82, 2, 70, 101, 21, 
52, 83, 3, 71, 102, 22, 53, 84, 4, 72, 103, 23, 54, 85, 5, 73, 104, 24, 55, 86, 
6, 74, 105, 25, 56, 87, 7, 38, 106, 26, 57, 88, 8, 39, 107, 27, 58, 89, 9, 40, 
108, 28, 59, 90, 10, 41, 109, 29, 60, 91, 11, 42, 110, 30, 61, 92, 12, 43, 111, 
31, 62, 93, 13, 44, 75, 32, 63, 94, 14, 45, 76, 33, 64, 95, 15, 46, 77, 34, 65, 
96, 16, 47, 78, 35, 66, 97, 17, 48, 79, 36, 67, 98, 18, 49, 80, 37, 68, 99, 19, 
50, 81),  (1, 81, 50, 19, 99, 68, 37, 80, 49, 18, 98, 67, 36, 79, 48, 17, 97, 
66, 35, 78, 47, 16, 96, 65, 34, 77, 46, 15, 95, 64, 33, 76, 45, 14, 94, 63, 32, 
75, 44, 13, 93, 62, 31, 111, 43, 12, 92, 61, 30, 110, 42, 11, 91, 60, 29, 109, 
41, 10, 90, 59, 28, 108, 40, 9, 89, 58, 27, 107, 39, 8, 88, 57, 26, 106, 38, 7, 
87, 56, 25, 105, 74, 6, 86, 55, 24, 104, 73, 5, 85, 54, 23, 103, 72, 4, 84, 53, 
22, 102, 71, 3, 83, 52, 21, 101, 70, 2, 82, 51, 20, 100, 69),  ], [  (1, 13, 25,
37, 12, 24, 36, 11, 23, 35, 10, 22, 34, 9, 21, 33, 8, 20, 32, 7, 19, 31, 6, 18, 
30, 5, 17, 29, 4, 16, 28, 3, 15, 27, 2, 14, 26)(38, 50, 62, 74, 49, 61, 73, 48, 
60, 72, 47, 59, 71, 46, 58, 70, 45, 57, 69, 44, 56, 68, 43, 55, 67, 42, 54, 66, 
41, 53, 65, 40, 52, 64, 39, 51, 63)(75, 87, 99, 111, 86, 98, 110, 85, 97, 109, 
84, 96, 108, 83, 95, 107, 82, 94, 106, 81, 93, 105, 80, 92, 104, 79, 91, 103, 
78, 90, 102, 77, 89, 101, 76, 88, 100),  (1, 26, 14, 2, 27, 15, 3, 28, 16, 4, 
29, 17, 5, 30, 18, 6, 31, 19, 7, 32, 20, 8, 33, 21, 9, 34, 22, 10, 35, 23, 11, 
36, 24, 12, 37, 25, 13)(38, 63, 51, 39, 64, 52, 40, 65, 53, 41, 66, 54, 42, 67, 
55, 43, 68, 56, 44, 69, 57, 45, 70, 58, 46, 71, 59, 47, 72, 60, 48, 73, 61, 49, 
74, 62, 50)(75, 100, 88, 76, 101, 89, 77, 102, 90, 78, 103, 91, 79, 104, 92, 80,
105, 93, 81, 106, 94, 82, 107, 95, 83, 108, 96, 84, 109, 97, 85, 110, 98, 86, 
111, 99, 87),  ], [  (1, 81, 50, 19, 99, 68, 37, 80, 49, 18, 98, 67, 36, 79, 48,
17, 97, 66, 35, 78, 47, 16, 96, 65, 34, 77, 46, 15, 95, 64, 33, 76, 45, 14, 94, 
63, 32, 75, 44, 13, 93, 62, 31, 111, 43, 12, 92, 61, 30, 110, 42, 11, 91, 60, 
29, 109, 41, 10, 90, 59, 28, 108, 40, 9, 89, 58, 27, 107, 39, 8, 88, 57, 26, 
106, 38, 7, 87, 56, 25, 105, 74, 6, 86, 55, 24, 104, 73, 5, 85, 54, 23, 103, 72,
4, 84, 53, 22, 102, 71, 3, 83, 52, 21, 101, 70, 2, 82, 51, 20, 100, 69),  (1, 
69, 100, 20, 51, 82, 2, 70, 101, 21, 52, 83, 3, 71, 102, 22, 53, 84, 4, 72, 103,
23, 54, 85, 5, 73, 104, 24, 55, 86, 6, 74, 105, 25, 56, 87, 7, 38, 106, 26, 57, 
88, 8, 39, 107, 27, 58, 89, 9, 40, 108, 28, 59, 90, 10, 41, 109, 29, 60, 91, 11,
42, 110, 30, 61, 92, 12, 43, 111, 31, 62, 93, 13, 44, 75, 32, 63, 94, 14, 45, 
76, 33, 64, 95, 15, 46, 77, 34, 65, 96, 16, 47, 78, 35, 66, 97, 17, 48, 79, 36, 
67, 98, 18, 49, 80, 37, 68, 99, 19, 50, 81),  ], [  (1, 106, 63, 20, 88, 45, 2, 
107, 64, 21, 89, 46, 3, 108, 65, 22, 90, 47, 4, 109, 66, 23, 91, 48, 5, 110, 67,
24, 92, 49, 6, 111, 68, 25, 93, 50, 7, 75, 69, 26, 94, 51, 8, 76, 70, 27, 95, 
52, 9, 77, 71, 28, 96, 53, 10, 78, 72, 29, 97, 54, 11, 79, 73, 30, 98, 55, 12, 
80, 74, 31, 99, 56, 13, 81, 38, 32, 100, 57, 14, 82, 39, 33, 101, 58, 15, 83, 
40, 34, 102, 59, 16, 84, 41, 35, 103, 60, 17, 85, 42, 36, 104, 61, 18, 86, 43, 
37, 105, 62, 19, 87, 44),  (1, 44, 87, 19, 62, 105, 37, 43, 86, 18, 61, 104, 36,
42, 85, 17, 60, 103, 35, 41, 84, 16, 59, 102, 34, 40, 83, 15, 58, 101, 33, 39, 
82, 14, 57, 100, 32, 38, 81, 13, 56, 99, 31, 74, 80, 12, 55, 98, 30, 73, 79, 11,
54, 97, 29, 72, 78, 10, 53, 96, 28, 71, 77, 9, 52, 95, 27, 70, 76, 8, 51, 94, 
26, 69, 75, 7, 50, 93, 25, 68, 111, 6, 49, 92, 24, 67, 110, 5, 48, 91, 23, 66, 
109, 4, 47, 90, 22, 65, 108, 3, 46, 89, 21, 64, 107, 2, 45, 88, 20, 63, 106),  
], [  (1, 26, 14, 2, 27, 15, 3, 28, 16, 4, 29, 17, 5, 30, 18, 6, 31, 19, 7, 32, 
20, 8, 33, 21, 9, 34, 22, 10, 35, 23, 11, 36, 24, 12, 37, 25, 13)(38, 63, 51, 
39, 64, 52, 40, 65, 53, 41, 66, 54, 42, 67, 55, 43, 68, 56, 44, 69, 57, 45, 70, 
58, 46, 71, 59, 47, 72, 60, 48, 73, 61, 49, 74, 62, 50)(75, 100, 88, 76, 101, 
89, 77, 102, 90, 78, 103, 91, 79, 104, 92, 80, 105, 93, 81, 106, 94, 82, 107, 
95, 83, 108, 96, 84, 109, 97, 85, 110, 98, 86, 111, 99, 87),  (1, 13, 25, 37, 
12, 24, 36, 11, 23, 35, 10, 22, 34, 9, 21, 33, 8, 20, 32, 7, 19, 31, 6, 18, 30, 
5, 17, 29, 4, 16, 28, 3, 15, 27, 2, 14, 26)(38, 50, 62, 74, 49, 61, 73, 48, 60, 
72, 47, 59, 71, 46, 58, 70, 45, 57, 69, 44, 56, 68, 43, 55, 67, 42, 54, 66, 41, 
53, 65, 40, 52, 64, 39, 51, 63)(75, 87, 99, 111, 86, 98, 110, 85, 97, 109, 84, 
96, 108, 83, 95, 107, 82, 94, 106, 81, 93, 105, 80, 92, 104, 79, 91, 103, 78, 
90, 102, 77, 89, 101, 76, 88, 100),  ], [  (1, 50, 99, 37, 49, 98, 36, 48, 97, 
35, 47, 96, 34, 46, 95, 33, 45, 94, 32, 44, 93, 31, 43, 92, 30, 42, 91, 29, 41, 
90, 28, 40, 89, 27, 39, 88, 26, 38, 87, 25, 74, 86, 24, 73, 85, 23, 72, 84, 22, 
71, 83, 21, 70, 82, 20, 69, 81, 19, 68, 80, 18, 67, 79, 17, 66, 78, 16, 65, 77, 
15, 64, 76, 14, 63, 75, 13, 62, 111, 12, 61, 110, 11, 60, 109, 10, 59, 108, 9, 
58, 107, 8, 57, 106, 7, 56, 105, 6, 55, 104, 5, 54, 103, 4, 53, 102, 3, 52, 101,
2, 51, 100),  (1, 100, 51, 2, 101, 52, 3, 102, 53, 4, 103, 54, 5, 104, 55, 6, 
105, 56, 7, 106, 57, 8, 107, 58, 9, 108, 59, 10, 109, 60, 11, 110, 61, 12, 111, 
62, 13, 75, 63, 14, 76, 64, 15, 77, 65, 16, 78, 66, 17, 79, 67, 18, 80, 68, 19, 
81, 69, 20, 82, 70, 21, 83, 71, 22, 84, 72, 23, 85, 73, 24, 86, 74, 25, 87, 38, 
26, 88, 39, 27, 89, 40, 28, 90, 41, 29, 91, 42, 30, 92, 43, 31, 93, 44, 32, 94, 
45, 33, 95, 46, 34, 96, 47, 35, 97, 48, 36, 98, 49, 37, 99, 50),  ], [  (1, 63, 
88, 2, 64, 89, 3, 65, 90, 4, 66, 91, 5, 67, 92, 6, 68, 93, 7, 69, 94, 8, 70, 95,
9, 71, 96, 10, 72, 97, 11, 73, 98, 12, 74, 99, 13, 38, 100, 14, 39, 101, 15, 40,
102, 16, 41, 103, 17, 42, 104, 18, 43, 105, 19, 44, 106, 20, 45, 107, 21, 46, 
108, 22, 47, 109, 23, 48, 110, 24, 49, 111, 25, 50, 75, 26, 51, 76, 27, 52, 77, 
28, 53, 78, 29, 54, 79, 30, 55, 80, 31, 56, 81, 32, 57, 82, 33, 58, 83, 34, 59, 
84, 35, 60, 85, 36, 61, 86, 37, 62, 87),  (1, 87, 62, 37, 86, 61, 36, 85, 60, 
35, 84, 59, 34, 83, 58, 33, 82, 57, 32, 81, 56, 31, 80, 55, 30, 79, 54, 29, 78, 
53, 28, 77, 52, 27, 76, 51, 26, 75, 50, 25, 111, 49, 24, 110, 48, 23, 109, 47, 
22, 108, 46, 21, 107, 45, 20, 106, 44, 19, 105, 43, 18, 104, 42, 17, 103, 41, 
16, 102, 40, 15, 101, 39, 14, 100, 38, 13, 99, 74, 12, 98, 73, 11, 97, 72, 10, 
96, 71, 9, 95, 70, 8, 94, 69, 7, 93, 68, 6, 92, 67, 5, 91, 66, 4, 90, 65, 3, 89,
64, 2, 88, 63),  ], [  (1, 19, 37, 18, 36, 17, 35, 16, 34, 15, 33, 14, 32, 13, 
31, 12, 30, 11, 29, 10, 28, 9, 27, 8, 26, 7, 25, 6, 24, 5, 23, 4, 22, 3, 21, 2, 
20)(38, 56, 74, 55, 73, 54, 72, 53, 71, 52, 70, 51, 69, 50, 68, 49, 67, 48, 66, 
47, 65, 46, 64, 45, 63, 44, 62, 43, 61, 42, 60, 41, 59, 40, 58, 39, 57)(75, 93, 
111, 92, 110, 91, 109, 90, 108, 89, 107, 88, 106, 87, 105, 86, 104, 85, 103, 84,
102, 83, 101, 82, 100, 81, 99, 80, 98, 79, 97, 78, 96, 77, 95, 76, 94),  (1, 20,
2, 21, 3, 22, 4, 23, 5, 24, 6, 25, 7, 26, 8, 27, 9, 28, 10, 29, 11, 30, 12, 31, 
13, 32, 14, 33, 15, 34, 16, 35, 17, 36, 18, 37, 19)(38, 57, 39, 58, 40, 59, 41, 
60, 42, 61, 43, 62, 44, 63, 45, 64, 46, 65, 47, 66, 48, 67, 49, 68, 50, 69, 51, 
70, 52, 71, 53, 72, 54, 73, 55, 74, 56)(75, 94, 76, 95, 77, 96, 78, 97, 79, 98, 
80, 99, 81, 100, 82, 101, 83, 102, 84, 103, 85, 104, 86, 105, 87, 106, 88, 107, 
89, 108, 90, 109, 91, 110, 92, 111, 93),  ], [  (1, 87, 62, 37, 86, 61, 36, 85, 
60, 35, 84, 59, 34, 83, 58, 33, 82, 57, 32, 81, 56, 31, 80, 55, 30, 79, 54, 29, 
78, 53, 28, 77, 52, 27, 76, 51, 26, 75, 50, 25, 111, 49, 24, 110, 48, 23, 109, 
47, 22, 108, 46, 21, 107, 45, 20, 106, 44, 19, 105, 43, 18, 104, 42, 17, 103, 
41, 16, 102, 40, 15, 101, 39, 14, 100, 38, 13, 99, 74, 12, 98, 73, 11, 97, 72, 
10, 96, 71, 9, 95, 70, 8, 94, 69, 7, 93, 68, 6, 92, 67, 5, 91, 66, 4, 90, 65, 3,
89, 64, 2, 88, 63),  (1, 63, 88, 2, 64, 89, 3, 65, 90, 4, 66, 91, 5, 67, 92, 6, 
68, 93, 7, 69, 94, 8, 70, 95, 9, 71, 96, 10, 72, 97, 11, 73, 98, 12, 74, 99, 13,
38, 100, 14, 39, 101, 15, 40, 102, 16, 41, 103, 17, 42, 104, 18, 43, 105, 19, 
44, 106, 20, 45, 107, 21, 46, 108, 22, 47, 109, 23, 48, 110, 24, 49, 111, 25, 
50, 75, 26, 51, 76, 27, 52, 77, 28, 53, 78, 29, 54, 79, 30, 55, 80, 31, 56, 81, 
32, 57, 82, 33, 58, 83, 34, 59, 84, 35, 60, 85, 36, 61, 86, 37, 62, 87),  ], [  
(1, 100, 51, 2, 101, 52, 3, 102, 53, 4, 103, 54, 5, 104, 55, 6, 105, 56, 7, 106,
57, 8, 107, 58, 9, 108, 59, 10, 109, 60, 11, 110, 61, 12, 111, 62, 13, 75, 63, 
14, 76, 64, 15, 77, 65, 16, 78, 66, 17, 79, 67, 18, 80, 68, 19, 81, 69, 20, 82, 
70, 21, 83, 71, 22, 84, 72, 23, 85, 73, 24, 86, 74, 25, 87, 38, 26, 88, 39, 27, 
89, 40, 28, 90, 41, 29, 91, 42, 30, 92, 43, 31, 93, 44, 32, 94, 45, 33, 95, 46, 
34, 96, 47, 35, 97, 48, 36, 98, 49, 37, 99, 50),  (1, 50, 99, 37, 49, 98, 36, 
48, 97, 35, 47, 96, 34, 46, 95, 33, 45, 94, 32, 44, 93, 31, 43, 92, 30, 42, 91, 
29, 41, 90, 28, 40, 89, 27, 39, 88, 26, 38, 87, 25, 74, 86, 24, 73, 85, 23, 72, 
84, 22, 71, 83, 21, 70, 82, 20, 69, 81, 19, 68, 80, 18, 67, 79, 17, 66, 78, 16, 
65, 77, 15, 64, 76, 14, 63, 75, 13, 62, 111, 12, 61, 110, 11, 60, 109, 10, 59, 
108, 9, 58, 107, 8, 57, 106, 7, 56, 105, 6, 55, 104, 5, 54, 103, 4, 53, 102, 3, 
52, 101, 2, 51, 100),  ], [  (1, 20, 2, 21, 3, 22, 4, 23, 5, 24, 6, 25, 7, 26, 
8, 27, 9, 28, 10, 29, 11, 30, 12, 31, 13, 32, 14, 33, 15, 34, 16, 35, 17, 36, 
18, 37, 19)(38, 57, 39, 58, 40, 59, 41, 60, 42, 61, 43, 62, 44, 63, 45, 64, 46, 
65, 47, 66, 48, 67, 49, 68, 50, 69, 51, 70, 52, 71, 53, 72, 54, 73, 55, 74, 
56)(75, 94, 76, 95, 77, 96, 78, 97, 79, 98, 80, 99, 81, 100, 82, 101, 83, 102, 
84, 103, 85, 104, 86, 105, 87, 106, 88, 107, 89, 108, 90, 109, 91, 110, 92, 111,
93),  (1, 19, 37, 18, 36, 17, 35, 16, 34, 15, 33, 14, 32, 13, 31, 12, 30, 11, 
29, 10, 28, 9, 27, 8, 26, 7, 25, 6, 24, 5, 23, 4, 22, 3, 21, 2, 20)(38, 56, 74, 
55, 73, 54, 72, 53, 71, 52, 70, 51, 69, 50, 68, 49, 67, 48, 66, 47, 65, 46, 64, 
45, 63, 44, 62, 43, 61, 42, 60, 41, 59, 40, 58, 39, 57)(75, 93, 111, 92, 110, 
91, 109, 90, 108, 89, 107, 88, 106, 87, 105, 86, 104, 85, 103, 84, 102, 83, 101,
82, 100, 81, 99, 80, 98, 79, 97, 78, 96, 77, 95, 76, 94),  ], [  (1, 56, 111, 
18, 73, 91, 35, 53, 108, 15, 70, 88, 32, 50, 105, 12, 67, 85, 29, 47, 102, 9, 
64, 82, 26, 44, 99, 6, 61, 79, 23, 41, 96, 3, 58, 76, 20, 38, 93, 37, 55, 110, 
17, 72, 90, 34, 52, 107, 14, 69, 87, 31, 49, 104, 11, 66, 84, 28, 46, 101, 8, 
63, 81, 25, 43, 98, 5, 60, 78, 22, 40, 95, 2, 57, 75, 19, 74, 92, 36, 54, 109, 
16, 71, 89, 33, 51, 106, 13, 68, 86, 30, 48, 103, 10, 65, 83, 27, 45, 100, 7, 
62, 80, 24, 42, 97, 4, 59, 77, 21, 39, 94),  (1, 94, 39, 21, 77, 59, 4, 97, 42, 
24, 80, 62, 7, 100, 45, 27, 83, 65, 10, 103, 48, 30, 86, 68, 13, 106, 51, 33, 
89, 71, 16, 109, 54, 36, 92, 74, 19, 75, 57, 2, 95, 40, 22, 78, 60, 5, 98, 43, 
25, 81, 63, 8, 101, 46, 28, 84, 66, 11, 104, 49, 31, 87, 69, 14, 107, 52, 34, 
90, 72, 17, 110, 55, 37, 93, 38, 20, 76, 58, 3, 96, 41, 23, 79, 61, 6, 99, 44, 
26, 82, 64, 9, 102, 47, 29, 85, 67, 12, 105, 50, 32, 88, 70, 15, 108, 53, 35, 
91, 73, 18, 111, 56),  ], [  (1, 57, 76, 21, 40, 96, 4, 60, 79, 24, 43, 99, 7, 
63, 82, 27, 46, 102, 10, 66, 85, 30, 49, 105, 13, 69, 88, 33, 52, 108, 16, 72, 
91, 36, 55, 111, 19, 38, 94, 2, 58, 77, 22, 41, 97, 5, 61, 80, 25, 44, 100, 8, 
64, 83, 28, 47, 103, 11, 67, 86, 31, 50, 106, 14, 70, 89, 34, 53, 109, 17, 73, 
92, 37, 56, 75, 20, 39, 95, 3, 59, 78, 23, 42, 98, 6, 62, 81, 26, 45, 101, 9, 
65, 84, 29, 48, 104, 12, 68, 87, 32, 51, 107, 15, 71, 90, 35, 54, 110, 18, 74, 
93),  (1, 93, 74, 18, 110, 54, 35, 90, 71, 15, 107, 51, 32, 87, 68, 12, 104, 48,
29, 84, 65, 9, 101, 45, 26, 81, 62, 6, 98, 42, 23, 78, 59, 3, 95, 39, 20, 75, 
56, 37, 92, 73, 17, 109, 53, 34, 89, 70, 14, 106, 50, 31, 86, 67, 11, 103, 47, 
28, 83, 64, 8, 100, 44, 25, 80, 61, 5, 97, 41, 22, 77, 58, 2, 94, 38, 19, 111, 
55, 36, 91, 72, 16, 108, 52, 33, 88, 69, 13, 105, 49, 30, 85, 66, 10, 102, 46, 
27, 82, 63, 7, 99, 43, 24, 79, 60, 4, 96, 40, 21, 76, 57),  ], [  (1, 25, 12, 
36, 23, 10, 34, 21, 8, 32, 19, 6, 30, 17, 4, 28, 15, 2, 26, 13, 37, 24, 11, 35, 
22, 9, 33, 20, 7, 31, 18, 5, 29, 16, 3, 27, 14)(38, 62, 49, 73, 60, 47, 71, 58, 
45, 69, 56, 43, 67, 54, 41, 65, 52, 39, 63, 50, 74, 61, 48, 72, 59, 46, 70, 57, 
44, 68, 55, 42, 66, 53, 40, 64, 51)(75, 99, 86, 110, 97, 84, 108, 95, 82, 106, 
93, 80, 104, 91, 78, 102, 89, 76, 100, 87, 111, 98, 85, 109, 96, 83, 107, 94, 
81, 105, 92, 79, 103, 90, 77, 101, 88),  (1, 14, 27, 3, 16, 29, 5, 18, 31, 7, 
20, 33, 9, 22, 35, 11, 24, 37, 13, 26, 2, 15, 28, 4, 17, 30, 6, 19, 32, 8, 21, 
34, 10, 23, 36, 12, 25)(38, 51, 64, 40, 53, 66, 42, 55, 68, 44, 57, 70, 46, 59, 
72, 48, 61, 74, 50, 63, 39, 52, 65, 41, 54, 67, 43, 56, 69, 45, 58, 71, 47, 60, 
73, 49, 62)(75, 88, 101, 77, 90, 103, 79, 92, 105, 81, 94, 107, 83, 96, 109, 85,
98, 111, 87, 100, 76, 89, 102, 78, 91, 104, 80, 93, 106, 82, 95, 108, 84, 97, 
110, 86, 99),  ], [  (1, 93, 74, 18, 110, 54, 35, 90, 71, 15, 107, 51, 32, 87, 
68, 12, 104, 48, 29, 84, 65, 9, 101, 45, 26, 81, 62, 6, 98, 42, 23, 78, 59, 3, 
95, 39, 20, 75, 56, 37, 92, 73, 17, 109, 53, 34, 89, 70, 14, 106, 50, 31, 86, 
67, 11, 103, 47, 28, 83, 64, 8, 100, 44, 25, 80, 61, 5, 97, 41, 22, 77, 58, 2, 
94, 38, 19, 111, 55, 36, 91, 72, 16, 108, 52, 33, 88, 69, 13, 105, 49, 30, 85, 
66, 10, 102, 46, 27, 82, 63, 7, 99, 43, 24, 79, 60, 4, 96, 40, 21, 76, 57),  (1,
57, 76, 21, 40, 96, 4, 60, 79, 24, 43, 99, 7, 63, 82, 27, 46, 102, 10, 66, 85, 
30, 49, 105, 13, 69, 88, 33, 52, 108, 16, 72, 91, 36, 55, 111, 19, 38, 94, 2, 
58, 77, 22, 41, 97, 5, 61, 80, 25, 44, 100, 8, 64, 83, 28, 47, 103, 11, 67, 86, 
31, 50, 106, 14, 70, 89, 34, 53, 109, 17, 73, 92, 37, 56, 75, 20, 39, 95, 3, 59,
78, 23, 42, 98, 6, 62, 81, 26, 45, 101, 9, 65, 84, 29, 48, 104, 12, 68, 87, 32, 
51, 107, 15, 71, 90, 35, 54, 110, 18, 74, 93),  ], [  (1, 94, 39, 21, 77, 59, 4,
97, 42, 24, 80, 62, 7, 100, 45, 27, 83, 65, 10, 103, 48, 30, 86, 68, 13, 106, 
51, 33, 89, 71, 16, 109, 54, 36, 92, 74, 19, 75, 57, 2, 95, 40, 22, 78, 60, 5, 
98, 43, 25, 81, 63, 8, 101, 46, 28, 84, 66, 11, 104, 49, 31, 87, 69, 14, 107, 
52, 34, 90, 72, 17, 110, 55, 37, 93, 38, 20, 76, 58, 3, 96, 41, 23, 79, 61, 6, 
99, 44, 26, 82, 64, 9, 102, 47, 29, 85, 67, 12, 105, 50, 32, 88, 70, 15, 108, 
53, 35, 91, 73, 18, 111, 56),  (1, 56, 111, 18, 73, 91, 35, 53, 108, 15, 70, 88,
32, 50, 105, 12, 67, 85, 29, 47, 102, 9, 64, 82, 26, 44, 99, 6, 61, 79, 23, 41, 
96, 3, 58, 76, 20, 38, 93, 37, 55, 110, 17, 72, 90, 34, 52, 107, 14, 69, 87, 31,
49, 104, 11, 66, 84, 28, 46, 101, 8, 63, 81, 25, 43, 98, 5, 60, 78, 22, 40, 95, 
2, 57, 75, 19, 74, 92, 36, 54, 109, 16, 71, 89, 33, 51, 106, 13, 68, 86, 30, 48,
103, 10, 65, 83, 27, 45, 100, 7, 62, 80, 24, 42, 97, 4, 59, 77, 21, 39, 94),  ],
[  (1, 14, 27, 3, 16, 29, 5, 18, 31, 7, 20, 33, 9, 22, 35, 11, 24, 37, 13, 26, 
2, 15, 28, 4, 17, 30, 6, 19, 32, 8, 21, 34, 10, 23, 36, 12, 25)(38, 51, 64, 40, 
53, 66, 42, 55, 68, 44, 57, 70, 46, 59, 72, 48, 61, 74, 50, 63, 39, 52, 65, 41, 
54, 67, 43, 56, 69, 45, 58, 71, 47, 60, 73, 49, 62)(75, 88, 101, 77, 90, 103, 
79, 92, 105, 81, 94, 107, 83, 96, 109, 85, 98, 111, 87, 100, 76, 89, 102, 78, 
91, 104, 80, 93, 106, 82, 95, 108, 84, 97, 110, 86, 99),  (1, 25, 12, 36, 23, 
10, 34, 21, 8, 32, 19, 6, 30, 17, 4, 28, 15, 2, 26, 13, 37, 24, 11, 35, 22, 9, 
33, 20, 7, 31, 18, 5, 29, 16, 3, 27, 14)(38, 62, 49, 73, 60, 47, 71, 58, 45, 69,
56, 43, 67, 54, 41, 65, 52, 39, 63, 50, 74, 61, 48, 72, 59, 46, 70, 57, 44, 68, 
55, 42, 66, 53, 40, 64, 51)(75, 99, 86, 110, 97, 84, 108, 95, 82, 106, 93, 80, 
104, 91, 78, 102, 89, 76, 100, 87, 111, 98, 85, 109, 96, 83, 107, 94, 81, 105, 
92, 79, 103, 90, 77, 101, 88),  ], [  (1, 62, 86, 36, 60, 84, 34, 58, 82, 32, 
56, 80, 30, 54, 78, 28, 52, 76, 26, 50, 111, 24, 48, 109, 22, 46, 107, 20, 44, 
105, 18, 42, 103, 16, 40, 101, 14, 38, 99, 12, 73, 97, 10, 71, 95, 8, 69, 93, 6,
67, 91, 4, 65, 89, 2, 63, 87, 37, 61, 85, 35, 59, 83, 33, 57, 81, 31, 55, 79, 
29, 53, 77, 27, 51, 75, 25, 49, 110, 23, 47, 108, 21, 45, 106, 19, 43, 104, 17, 
41, 102, 15, 39, 100, 13, 74, 98, 11, 72, 96, 9, 70, 94, 7, 68, 92, 5, 66, 90, 
3, 64, 88),  (1, 88, 64, 3, 90, 66, 5, 92, 68, 7, 94, 70, 9, 96, 72, 11, 98, 74,
13, 100, 39, 15, 102, 41, 17, 104, 43, 19, 106, 45, 21, 108, 47, 23, 110, 49, 
25, 75, 51, 27, 77, 53, 29, 79, 55, 31, 81, 57, 33, 83, 59, 35, 85, 61, 37, 87, 
63, 2, 89, 65, 4, 91, 67, 6, 93, 69, 8, 95, 71, 10, 97, 73, 12, 99, 38, 14, 101,
40, 16, 103, 42, 18, 105, 44, 20, 107, 46, 22, 109, 48, 24, 111, 50, 26, 76, 52,
28, 78, 54, 30, 80, 56, 32, 82, 58, 34, 84, 60, 36, 86, 62),  ], [  (1, 51, 101,
3, 53, 103, 5, 55, 105, 7, 57, 107, 9, 59, 109, 11, 61, 111, 13, 63, 76, 15, 65,
78, 17, 67, 80, 19, 69, 82, 21, 71, 84, 23, 73, 86, 25, 38, 88, 27, 40, 90, 29, 
42, 92, 31, 44, 94, 33, 46, 96, 35, 48, 98, 37, 50, 100, 2, 52, 102, 4, 54, 104,
6, 56, 106, 8, 58, 108, 10, 60, 110, 12, 62, 75, 14, 64, 77, 16, 66, 79, 18, 68,
81, 20, 70, 83, 22, 72, 85, 24, 74, 87, 26, 39, 89, 28, 41, 91, 30, 43, 93, 32, 
45, 95, 34, 47, 97, 36, 49, 99),  (1, 99, 49, 36, 97, 47, 34, 95, 45, 32, 93, 
43, 30, 91, 41, 28, 89, 39, 26, 87, 74, 24, 85, 72, 22, 83, 70, 20, 81, 68, 18, 
79, 66, 16, 77, 64, 14, 75, 62, 12, 110, 60, 10, 108, 58, 8, 106, 56, 6, 104, 
54, 4, 102, 52, 2, 100, 50, 37, 98, 48, 35, 96, 46, 33, 94, 44, 31, 92, 42, 29, 
90, 40, 27, 88, 38, 25, 86, 73, 23, 84, 71, 21, 82, 69, 19, 80, 67, 17, 78, 65, 
15, 76, 63, 13, 111, 61, 11, 109, 59, 9, 107, 57, 7, 105, 55, 5, 103, 53, 3, 
101, 51),  ], [  (1, 31, 24, 17, 10, 3, 33, 26, 19, 12, 5, 35, 28, 21, 14, 7, 
37, 30, 23, 16, 9, 2, 32, 25, 18, 11, 4, 34, 27, 20, 13, 6, 36, 29, 22, 15, 
8)(38, 68, 61, 54, 47, 40, 70, 63, 56, 49, 42, 72, 65, 58, 51, 44, 74, 67, 60, 
53, 46, 39, 69, 62, 55, 48, 41, 71, 64, 57, 50, 43, 73, 66, 59, 52, 45)(75, 105,
98, 91, 84, 77, 107, 100, 93, 86, 79, 109, 102, 95, 88, 81, 111, 104, 97, 90, 
83, 76, 106, 99, 92, 85, 78, 108, 101, 94, 87, 80, 110, 103, 96, 89, 82),  (1, 
8, 15, 22, 29, 36, 6, 13, 20, 27, 34, 4, 11, 18, 25, 32, 2, 9, 16, 23, 30, 37, 
7, 14, 21, 28, 35, 5, 12, 19, 26, 33, 3, 10, 17, 24, 31)(38, 45, 52, 59, 66, 73,
43, 50, 57, 64, 71, 41, 48, 55, 62, 69, 39, 46, 53, 60, 67, 74, 44, 51, 58, 65, 
72, 42, 49, 56, 63, 70, 40, 47, 54, 61, 68)(75, 82, 89, 96, 103, 110, 80, 87, 
94, 101, 108, 78, 85, 92, 99, 106, 76, 83, 90, 97, 104, 111, 81, 88, 95, 102, 
109, 79, 86, 93, 100, 107, 77, 84, 91, 98, 105),  ], [  (1, 99, 49, 36, 97, 47, 
34, 95, 45, 32, 93, 43, 30, 91, 41, 28, 89, 39, 26, 87, 74, 24, 85, 72, 22, 83, 
70, 20, 81, 68, 18, 79, 66, 16, 77, 64, 14, 75, 62, 12, 110, 60, 10, 108, 58, 8,
106, 56, 6, 104, 54, 4, 102, 52, 2, 100, 50, 37, 98, 48, 35, 96, 46, 33, 94, 44,
31, 92, 42, 29, 90, 40, 27, 88, 38, 25, 86, 73, 23, 84, 71, 21, 82, 69, 19, 80, 
67, 17, 78, 65, 15, 76, 63, 13, 111, 61, 11, 109, 59, 9, 107, 57, 7, 105, 55, 5,
103, 53, 3, 101, 51),  (1, 51, 101, 3, 53, 103, 5, 55, 105, 7, 57, 107, 9, 59, 
109, 11, 61, 111, 13, 63, 76, 15, 65, 78, 17, 67, 80, 19, 69, 82, 21, 71, 84, 
23, 73, 86, 25, 38, 88, 27, 40, 90, 29, 42, 92, 31, 44, 94, 33, 46, 96, 35, 48, 
98, 37, 50, 100, 2, 52, 102, 4, 54, 104, 6, 56, 106, 8, 58, 108, 10, 60, 110, 
12, 62, 75, 14, 64, 77, 16, 66, 79, 18, 68, 81, 20, 70, 83, 22, 72, 85, 24, 74, 
87, 26, 39, 89, 28, 41, 91, 30, 43, 93, 32, 45, 95, 34, 47, 97, 36, 49, 99),  ],
[  (1, 88, 64, 3, 90, 66, 5, 92, 68, 7, 94, 70, 9, 96, 72, 11, 98, 74, 13, 100, 
39, 15, 102, 41, 17, 104, 43, 19, 106, 45, 21, 108, 47, 23, 110, 49, 25, 75, 51,
27, 77, 53, 29, 79, 55, 31, 81, 57, 33, 83, 59, 35, 85, 61, 37, 87, 63, 2, 89, 
65, 4, 91, 67, 6, 93, 69, 8, 95, 71, 10, 97, 73, 12, 99, 38, 14, 101, 40, 16, 
103, 42, 18, 105, 44, 20, 107, 46, 22, 109, 48, 24, 111, 50, 26, 76, 52, 28, 78,
54, 30, 80, 56, 32, 82, 58, 34, 84, 60, 36, 86, 62),  (1, 62, 86, 36, 60, 84, 
34, 58, 82, 32, 56, 80, 30, 54, 78, 28, 52, 76, 26, 50, 111, 24, 48, 109, 22, 
46, 107, 20, 44, 105, 18, 42, 103, 16, 40, 101, 14, 38, 99, 12, 73, 97, 10, 71, 
95, 8, 69, 93, 6, 67, 91, 4, 65, 89, 2, 63, 87, 37, 61, 85, 35, 59, 83, 33, 57, 
81, 31, 55, 79, 29, 53, 77, 27, 51, 75, 25, 49, 110, 23, 47, 108, 21, 45, 106, 
19, 43, 104, 17, 41, 102, 15, 39, 100, 13, 74, 98, 11, 72, 96, 9, 70, 94, 7, 68,
92, 5, 66, 90, 3, 64, 88),  ], [  (1, 8, 15, 22, 29, 36, 6, 13, 20, 27, 34, 4, 
11, 18, 25, 32, 2, 9, 16, 23, 30, 37, 7, 14, 21, 28, 35, 5, 12, 19, 26, 33, 3, 
10, 17, 24, 31)(38, 45, 52, 59, 66, 73, 43, 50, 57, 64, 71, 41, 48, 55, 62, 69, 
39, 46, 53, 60, 67, 74, 44, 51, 58, 65, 72, 42, 49, 56, 63, 70, 40, 47, 54, 61, 
68)(75, 82, 89, 96, 103, 110, 80, 87, 94, 101, 108, 78, 85, 92, 99, 106, 76, 83,
90, 97, 104, 111, 81, 88, 95, 102, 109, 79, 86, 93, 100, 107, 77, 84, 91, 98, 
105),  (1, 31, 24, 17, 10, 3, 33, 26, 19, 12, 5, 35, 28, 21, 14, 7, 37, 30, 23, 
16, 9, 2, 32, 25, 18, 11, 4, 34, 27, 20, 13, 6, 36, 29, 22, 15, 8)(38, 68, 61, 
54, 47, 40, 70, 63, 56, 49, 42, 72, 65, 58, 51, 44, 74, 67, 60, 53, 46, 39, 69, 
62, 55, 48, 41, 71, 64, 57, 50, 43, 73, 66, 59, 52, 45)(75, 105, 98, 91, 84, 77,
107, 100, 93, 86, 79, 109, 102, 95, 88, 81, 111, 104, 97, 90, 83, 76, 106, 99, 
92, 85, 78, 108, 101, 94, 87, 80, 110, 103, 96, 89, 82),  ], [  (1, 68, 98, 17, 
47, 77, 33, 63, 93, 12, 42, 109, 28, 58, 88, 7, 74, 104, 23, 53, 83, 2, 69, 99, 
18, 48, 78, 34, 64, 94, 13, 43, 110, 29, 59, 89, 8, 38, 105, 24, 54, 84, 3, 70, 
100, 19, 49, 79, 35, 65, 95, 14, 44, 111, 30, 60, 90, 9, 39, 106, 25, 55, 85, 4,
71, 101, 20, 50, 80, 36, 66, 96, 15, 45, 75, 31, 61, 91, 10, 40, 107, 26, 56, 
86, 5, 72, 102, 21, 51, 81, 37, 67, 97, 16, 46, 76, 32, 62, 92, 11, 41, 108, 27,
57, 87, 6, 73, 103, 22, 52, 82),  (1, 82, 52, 22, 103, 73, 6, 87, 57, 27, 108, 
41, 11, 92, 62, 32, 76, 46, 16, 97, 67, 37, 81, 51, 21, 102, 72, 5, 86, 56, 26, 
107, 40, 10, 91, 61, 31, 75, 45, 15, 96, 66, 36, 80, 50, 20, 101, 71, 4, 85, 55,
25, 106, 39, 9, 90, 60, 30, 111, 44, 14, 95, 65, 35, 79, 49, 19, 100, 70, 3, 84,
54, 24, 105, 38, 8, 89, 59, 29, 110, 43, 13, 94, 64, 34, 78, 48, 18, 99, 69, 2, 
83, 53, 23, 104, 74, 7, 88, 58, 28, 109, 42, 12, 93, 63, 33, 77, 47, 17, 98, 
68),  ], [  (1, 45, 89, 22, 66, 110, 6, 50, 94, 27, 71, 78, 11, 55, 99, 32, 39, 
83, 16, 60, 104, 37, 44, 88, 21, 65, 109, 5, 49, 93, 26, 70, 77, 10, 54, 98, 31,
38, 82, 15, 59, 103, 36, 43, 87, 20, 64, 108, 4, 48, 92, 25, 69, 76, 9, 53, 97, 
30, 74, 81, 14, 58, 102, 35, 42, 86, 19, 63, 107, 3, 47, 91, 24, 68, 75, 8, 52, 
96, 29, 73, 80, 13, 57, 101, 34, 41, 85, 18, 62, 106, 2, 46, 90, 23, 67, 111, 7,
51, 95, 28, 72, 79, 12, 56, 100, 33, 40, 84, 17, 61, 105),  (1, 105, 61, 17, 84,
40, 33, 100, 56, 12, 79, 72, 28, 95, 51, 7, 111, 67, 23, 90, 46, 2, 106, 62, 18,
85, 41, 34, 101, 57, 13, 80, 73, 29, 96, 52, 8, 75, 68, 24, 91, 47, 3, 107, 63, 
19, 86, 42, 35, 102, 58, 14, 81, 74, 30, 97, 53, 9, 76, 69, 25, 92, 48, 4, 108, 
64, 20, 87, 43, 36, 103, 59, 15, 82, 38, 31, 98, 54, 10, 77, 70, 26, 93, 49, 5, 
109, 65, 21, 88, 44, 37, 104, 60, 16, 83, 39, 32, 99, 55, 11, 78, 71, 27, 94, 
50, 6, 110, 66, 22, 89, 45),  ], [  (1, 37, 36, 35, 34, 33, 32, 31, 30, 29, 28, 
27, 26, 25, 24, 23, 22, 21, 20, 19, 18, 17, 16, 15, 14, 13, 12, 11, 10, 9, 8, 7,
6, 5, 4, 3, 2)(38, 74, 73, 72, 71, 70, 69, 68, 67, 66, 65, 64, 63, 62, 61, 60, 
59, 58, 57, 56, 55, 54, 53, 52, 51, 50, 49, 48, 47, 46, 45, 44, 43, 42, 41, 40, 
39)(75, 111, 110, 109, 108, 107, 106, 105, 104, 103, 102, 101, 100, 99, 98, 97, 
96, 95, 94, 93, 92, 91, 90, 89, 88, 87, 86, 85, 84, 83, 82, 81, 80, 79, 78, 77, 
76),  (1, 2, 3, 4, 5, 6, 7, 8, 9, 10, 11, 12, 13, 14, 15, 16, 17, 18, 19, 20, 
21, 22, 23, 24, 25, 26, 27, 28, 29, 30, 31, 32, 33, 34, 35, 36, 37)(38, 39, 40, 
41, 42, 43, 44, 45, 46, 47, 48, 49, 50, 51, 52, 53, 54, 55, 56, 57, 58, 59, 60, 
61, 62, 63, 64, 65, 66, 67, 68, 69, 70, 71, 72, 73, 74)(75, 76, 77, 78, 79, 80, 
81, 82, 83, 84, 85, 86, 87, 88, 89, 90, 91, 92, 93, 94, 95, 96, 97, 98, 99, 100,
101, 102, 103, 104, 105, 106, 107, 108, 109, 110, 111),  ], [  (1, 105, 61, 17, 
84, 40, 33, 100, 56, 12, 79, 72, 28, 95, 51, 7, 111, 67, 23, 90, 46, 2, 106, 62,
18, 85, 41, 34, 101, 57, 13, 80, 73, 29, 96, 52, 8, 75, 68, 24, 91, 47, 3, 107, 
63, 19, 86, 42, 35, 102, 58, 14, 81, 74, 30, 97, 53, 9, 76, 69, 25, 92, 48, 4, 
108, 64, 20, 87, 43, 36, 103, 59, 15, 82, 38, 31, 98, 54, 10, 77, 70, 26, 93, 
49, 5, 109, 65, 21, 88, 44, 37, 104, 60, 16, 83, 39, 32, 99, 55, 11, 78, 71, 27,
94, 50, 6, 110, 66, 22, 89, 45),  (1, 45, 89, 22, 66, 110, 6, 50, 94, 27, 71, 
78, 11, 55, 99, 32, 39, 83, 16, 60, 104, 37, 44, 88, 21, 65, 109, 5, 49, 93, 26,
70, 77, 10, 54, 98, 31, 38, 82, 15, 59, 103, 36, 43, 87, 20, 64, 108, 4, 48, 92,
25, 69, 76, 9, 53, 97, 30, 74, 81, 14, 58, 102, 35, 42, 86, 19, 63, 107, 3, 47, 
91, 24, 68, 75, 8, 52, 96, 29, 73, 80, 13, 57, 101, 34, 41, 85, 18, 62, 106, 2, 
46, 90, 23, 67, 111, 7, 51, 95, 28, 72, 79, 12, 56, 100, 33, 40, 84, 17, 61, 
105),  ], [  (1, 82, 52, 22, 103, 73, 6, 87, 57, 27, 108, 41, 11, 92, 62, 32, 
76, 46, 16, 97, 67, 37, 81, 51, 21, 102, 72, 5, 86, 56, 26, 107, 40, 10, 91, 61,
31, 75, 45, 15, 96, 66, 36, 80, 50, 20, 101, 71, 4, 85, 55, 25, 106, 39, 9, 90, 
60, 30, 111, 44, 14, 95, 65, 35, 79, 49, 19, 100, 70, 3, 84, 54, 24, 105, 38, 8,
89, 59, 29, 110, 43, 13, 94, 64, 34, 78, 48, 18, 99, 69, 2, 83, 53, 23, 104, 74,
7, 88, 58, 28, 109, 42, 12, 93, 63, 33, 77, 47, 17, 98, 68),  (1, 68, 98, 17, 
47, 77, 33, 63, 93, 12, 42, 109, 28, 58, 88, 7, 74, 104, 23, 53, 83, 2, 69, 99, 
18, 48, 78, 34, 64, 94, 13, 43, 110, 29, 59, 89, 8, 38, 105, 24, 54, 84, 3, 70, 
100, 19, 49, 79, 35, 65, 95, 14, 44, 111, 30, 60, 90, 9, 39, 106, 25, 55, 85, 4,
71, 101, 20, 50, 80, 36, 66, 96, 15, 45, 75, 31, 61, 91, 10, 40, 107, 26, 56, 
86, 5, 72, 102, 21, 51, 81, 37, 67, 97, 16, 46, 76, 32, 62, 92, 11, 41, 108, 27,
57, 87, 6, 73, 103, 22, 52, 82),  ], [  (1, 2, 3, 4, 5, 6, 7, 8, 9, 10, 11, 12, 
13, 14, 15, 16, 17, 18, 19, 20, 21, 22, 23, 24, 25, 26, 27, 28, 29, 30, 31, 32, 
33, 34, 35, 36, 37)(38, 39, 40, 41, 42, 43, 44, 45, 46, 47, 48, 49, 50, 51, 52, 
53, 54, 55, 56, 57, 58, 59, 60, 61, 62, 63, 64, 65, 66, 67, 68, 69, 70, 71, 72, 
73, 74)(75, 76, 77, 78, 79, 80, 81, 82, 83, 84, 85, 86, 87, 88, 89, 90, 91, 92, 
93, 94, 95, 96, 97, 98, 99, 100, 101, 102, 103, 104, 105, 106, 107, 108, 109, 
110, 111),  (1, 37, 36, 35, 34, 33, 32, 31, 30, 29, 28, 27, 26, 25, 24, 23, 22, 
21, 20, 19, 18, 17, 16, 15, 14, 13, 12, 11, 10, 9, 8, 7, 6, 5, 4, 3, 2)(38, 74, 
73, 72, 71, 70, 69, 68, 67, 66, 65, 64, 63, 62, 61, 60, 59, 58, 57, 56, 55, 54, 
53, 52, 51, 50, 49, 48, 47, 46, 45, 44, 43, 42, 41, 40, 39)(75, 111, 110, 109, 
108, 107, 106, 105, 104, 103, 102, 101, 100, 99, 98, 97, 96, 95, 94, 93, 92, 91,
90, 89, 88, 87, 86, 85, 84, 83, 82, 81, 80, 79, 78, 77, 76),  ], [  (1, 74, 110,
35, 71, 107, 32, 68, 104, 29, 65, 101, 26, 62, 98, 23, 59, 95, 20, 56, 92, 17, 
53, 89, 14, 50, 86, 11, 47, 83, 8, 44, 80, 5, 41, 77, 2, 38, 111, 36, 72, 108, 
33, 69, 105, 30, 66, 102, 27, 63, 99, 24, 60, 96, 21, 57, 93, 18, 54, 90, 15, 
51, 87, 12, 48, 84, 9, 45, 81, 6, 42, 78, 3, 39, 75, 37, 73, 109, 34, 70, 106, 
31, 67, 103, 28, 64, 100, 25, 61, 97, 22, 58, 94, 19, 55, 91, 16, 52, 88, 13, 
49, 85, 10, 46, 82, 7, 43, 79, 4, 40, 76),  (1, 76, 40, 4, 79, 43, 7, 82, 46, 
10, 85, 49, 13, 88, 52, 16, 91, 55, 19, 94, 58, 22, 97, 61, 25, 100, 64, 28, 
103, 67, 31, 106, 70, 34, 109, 73, 37, 75, 39, 3, 78, 42, 6, 81, 45, 9, 84, 48, 
12, 87, 51, 15, 90, 54, 18, 93, 57, 21, 96, 60, 24, 99, 63, 27, 102, 66, 30, 
105, 69, 33, 108, 72, 36, 111, 38, 2, 77, 41, 5, 80, 44, 8, 83, 47, 11, 86, 50, 
14, 89, 53, 17, 92, 56, 20, 95, 59, 23, 98, 62, 26, 101, 65, 29, 104, 68, 32, 
107, 71, 35, 110, 74),  ], [  (1, 39, 77, 4, 42, 80, 7, 45, 83, 10, 48, 86, 13, 
51, 89, 16, 54, 92, 19, 57, 95, 22, 60, 98, 25, 63, 101, 28, 66, 104, 31, 69, 
107, 34, 72, 110, 37, 38, 76, 3, 41, 79, 6, 44, 82, 9, 47, 85, 12, 50, 88, 15, 
53, 91, 18, 56, 94, 21, 59, 97, 24, 62, 100, 27, 65, 103, 30, 68, 106, 33, 71, 
109, 36, 74, 75, 2, 40, 78, 5, 43, 81, 8, 46, 84, 11, 49, 87, 14, 52, 90, 17, 
55, 93, 20, 58, 96, 23, 61, 99, 26, 64, 102, 29, 67, 105, 32, 70, 108, 35, 73, 
111),  (1, 111, 73, 35, 108, 70, 32, 105, 67, 29, 102, 64, 26, 99, 61, 23, 96, 
58, 20, 93, 55, 17, 90, 52, 14, 87, 49, 11, 84, 46, 8, 81, 43, 5, 78, 40, 2, 75,
74, 36, 109, 71, 33, 106, 68, 30, 103, 65, 27, 100, 62, 24, 97, 59, 21, 94, 56, 
18, 91, 53, 15, 88, 50, 12, 85, 47, 9, 82, 44, 6, 79, 41, 3, 76, 38, 37, 110, 
72, 34, 107, 69, 31, 104, 66, 28, 101, 63, 25, 98, 60, 22, 95, 57, 19, 92, 54, 
16, 89, 51, 13, 86, 48, 10, 83, 45, 7, 80, 42, 4, 77, 39),  ], [  (1, 6, 11, 16,
21, 26, 31, 36, 4, 9, 14, 19, 24, 29, 34, 2, 7, 12, 17, 22, 27, 32, 37, 5, 10, 
15, 20, 25, 30, 35, 3, 8, 13, 18, 23, 28, 33)(38, 43, 48, 53, 58, 63, 68, 73, 
41, 46, 51, 56, 61, 66, 71, 39, 44, 49, 54, 59, 64, 69, 74, 42, 47, 52, 57, 62, 
67, 72, 40, 45, 50, 55, 60, 65, 70)(75, 80, 85, 90, 95, 100, 105, 110, 78, 83, 
88, 93, 98, 103, 108, 76, 81, 86, 91, 96, 101, 106, 111, 79, 84, 89, 94, 99, 
104, 109, 77, 82, 87, 92, 97, 102, 107),  (1, 33, 28, 23, 18, 13, 8, 3, 35, 30, 
25, 20, 15, 10, 5, 37, 32, 27, 22, 17, 12, 7, 2, 34, 29, 24, 19, 14, 9, 4, 36, 
31, 26, 21, 16, 11, 6)(38, 70, 65, 60, 55, 50, 45, 40, 72, 67, 62, 57, 52, 47, 
42, 74, 69, 64, 59, 54, 49, 44, 39, 71, 66, 61, 56, 51, 46, 41, 73, 68, 63, 58, 
53, 48, 43)(75, 107, 102, 97, 92, 87, 82, 77, 109, 104, 99, 94, 89, 84, 79, 111,
106, 101, 96, 91, 86, 81, 76, 108, 103, 98, 93, 88, 83, 78, 110, 105, 100, 95, 
90, 85, 80),  ], [  (1, 111, 73, 35, 108, 70, 32, 105, 67, 29, 102, 64, 26, 99, 
61, 23, 96, 58, 20, 93, 55, 17, 90, 52, 14, 87, 49, 11, 84, 46, 8, 81, 43, 5, 
78, 40, 2, 75, 74, 36, 109, 71, 33, 106, 68, 30, 103, 65, 27, 100, 62, 24, 97, 
59, 21, 94, 56, 18, 91, 53, 15, 88, 50, 12, 85, 47, 9, 82, 44, 6, 79, 41, 3, 76,
38, 37, 110, 72, 34, 107, 69, 31, 104, 66, 28, 101, 63, 25, 98, 60, 22, 95, 57, 
19, 92, 54, 16, 89, 51, 13, 86, 48, 10, 83, 45, 7, 80, 42, 4, 77, 39),  (1, 39, 
77, 4, 42, 80, 7, 45, 83, 10, 48, 86, 13, 51, 89, 16, 54, 92, 19, 57, 95, 22, 
60, 98, 25, 63, 101, 28, 66, 104, 31, 69, 107, 34, 72, 110, 37, 38, 76, 3, 41, 
79, 6, 44, 82, 9, 47, 85, 12, 50, 88, 15, 53, 91, 18, 56, 94, 21, 59, 97, 24, 
62, 100, 27, 65, 103, 30, 68, 106, 33, 71, 109, 36, 74, 75, 2, 40, 78, 5, 43, 
81, 8, 46, 84, 11, 49, 87, 14, 52, 90, 17, 55, 93, 20, 58, 96, 23, 61, 99, 26, 
64, 102, 29, 67, 105, 32, 70, 108, 35, 73, 111),  ], [  (1, 76, 40, 4, 79, 43, 
7, 82, 46, 10, 85, 49, 13, 88, 52, 16, 91, 55, 19, 94, 58, 22, 97, 61, 25, 100, 
64, 28, 103, 67, 31, 106, 70, 34, 109, 73, 37, 75, 39, 3, 78, 42, 6, 81, 45, 9, 
84, 48, 12, 87, 51, 15, 90, 54, 18, 93, 57, 21, 96, 60, 24, 99, 63, 27, 102, 66,
30, 105, 69, 33, 108, 72, 36, 111, 38, 2, 77, 41, 5, 80, 44, 8, 83, 47, 11, 86, 
50, 14, 89, 53, 17, 92, 56, 20, 95, 59, 23, 98, 62, 26, 101, 65, 29, 104, 68, 
32, 107, 71, 35, 110, 74),  (1, 74, 110, 35, 71, 107, 32, 68, 104, 29, 65, 101, 
26, 62, 98, 23, 59, 95, 20, 56, 92, 17, 53, 89, 14, 50, 86, 11, 47, 83, 8, 44, 
80, 5, 41, 77, 2, 38, 111, 36, 72, 108, 33, 69, 105, 30, 66, 102, 27, 63, 99, 
24, 60, 96, 21, 57, 93, 18, 54, 90, 15, 51, 87, 12, 48, 84, 9, 45, 81, 6, 42, 
78, 3, 39, 75, 37, 73, 109, 34, 70, 106, 31, 67, 103, 28, 64, 100, 25, 61, 97, 
22, 58, 94, 19, 55, 91, 16, 52, 88, 13, 49, 85, 10, 46, 82, 7, 43, 79, 4, 40, 
76),  ], [  (1, 33, 28, 23, 18, 13, 8, 3, 35, 30, 25, 20, 15, 10, 5, 37, 32, 27,
22, 17, 12, 7, 2, 34, 29, 24, 19, 14, 9, 4, 36, 31, 26, 21, 16, 11, 6)(38, 70, 
65, 60, 55, 50, 45, 40, 72, 67, 62, 57, 52, 47, 42, 74, 69, 64, 59, 54, 49, 44, 
39, 71, 66, 61, 56, 51, 46, 41, 73, 68, 63, 58, 53, 48, 43)(75, 107, 102, 97, 
92, 87, 82, 77, 109, 104, 99, 94, 89, 84, 79, 111, 106, 101, 96, 91, 86, 81, 76,
108, 103, 98, 93, 88, 83, 78, 110, 105, 100, 95, 90, 85, 80),  (1, 6, 11, 16, 
21, 26, 31, 36, 4, 9, 14, 19, 24, 29, 34, 2, 7, 12, 17, 22, 27, 32, 37, 5, 10, 
15, 20, 25, 30, 35, 3, 8, 13, 18, 23, 28, 33)(38, 43, 48, 53, 58, 63, 68, 73, 
41, 46, 51, 56, 61, 66, 71, 39, 44, 49, 54, 59, 64, 69, 74, 42, 47, 52, 57, 62, 
67, 72, 40, 45, 50, 55, 60, 65, 70)(75, 80, 85, 90, 95, 100, 105, 110, 78, 83, 
88, 93, 98, 103, 108, 76, 81, 86, 91, 96, 101, 106, 111, 79, 84, 89, 94, 99, 
104, 109, 77, 82, 87, 92, 97, 102, 107),  ], [  (1, 86, 60, 34, 82, 56, 30, 78, 
52, 26, 111, 48, 22, 107, 44, 18, 103, 40, 14, 99, 73, 10, 95, 69, 6, 91, 65, 2,
87, 61, 35, 83, 57, 31, 79, 53, 27, 75, 49, 23, 108, 45, 19, 104, 41, 15, 100, 
74, 11, 96, 70, 7, 92, 66, 3, 88, 62, 36, 84, 58, 32, 80, 54, 28, 76, 50, 24, 
109, 46, 20, 105, 42, 16, 101, 38, 12, 97, 71, 8, 93, 67, 4, 89, 63, 37, 85, 59,
33, 81, 55, 29, 77, 51, 25, 110, 47, 21, 106, 43, 17, 102, 39, 13, 98, 72, 9, 
94, 68, 5, 90, 64),  (1, 64, 90, 5, 68, 94, 9, 72, 98, 13, 39, 102, 17, 43, 106,
21, 47, 110, 25, 51, 77, 29, 55, 81, 33, 59, 85, 37, 63, 89, 4, 67, 93, 8, 71, 
97, 12, 38, 101, 16, 42, 105, 20, 46, 109, 24, 50, 76, 28, 54, 80, 32, 58, 84, 
36, 62, 88, 3, 66, 92, 7, 70, 96, 11, 74, 100, 15, 41, 104, 19, 45, 108, 23, 49,
75, 27, 53, 79, 31, 57, 83, 35, 61, 87, 2, 65, 91, 6, 69, 95, 10, 73, 99, 14, 
40, 103, 18, 44, 107, 22, 48, 111, 26, 52, 78, 30, 56, 82, 34, 60, 86),  ], [  
(1, 12, 23, 34, 8, 19, 30, 4, 15, 26, 37, 11, 22, 33, 7, 18, 29, 3, 14, 25, 36, 
10, 21, 32, 6, 17, 28, 2, 13, 24, 35, 9, 20, 31, 5, 16, 27)(38, 49, 60, 71, 45, 
56, 67, 41, 52, 63, 74, 48, 59, 70, 44, 55, 66, 40, 51, 62, 73, 47, 58, 69, 43, 
54, 65, 39, 50, 61, 72, 46, 57, 68, 42, 53, 64)(75, 86, 97, 108, 82, 93, 104, 
78, 89, 100, 111, 85, 96, 107, 81, 92, 103, 77, 88, 99, 110, 84, 95, 106, 80, 
91, 102, 76, 87, 98, 109, 83, 94, 105, 79, 90, 101),  (1, 27, 16, 5, 31, 20, 9, 
35, 24, 13, 2, 28, 17, 6, 32, 21, 10, 36, 25, 14, 3, 29, 18, 7, 33, 22, 11, 37, 
26, 15, 4, 30, 19, 8, 34, 23, 12)(38, 64, 53, 42, 68, 57, 46, 72, 61, 50, 39, 
65, 54, 43, 69, 58, 47, 73, 62, 51, 40, 66, 55, 44, 70, 59, 48, 74, 63, 52, 41, 
67, 56, 45, 71, 60, 49)(75, 101, 90, 79, 105, 94, 83, 109, 98, 87, 76, 102, 91, 
80, 106, 95, 84, 110, 99, 88, 77, 103, 92, 81, 107, 96, 85, 111, 100, 89, 78, 
104, 93, 82, 108, 97, 86),  ], [  (1, 92, 72, 15, 106, 49, 29, 83, 63, 6, 97, 
40, 20, 111, 54, 34, 88, 68, 11, 102, 45, 25, 79, 59, 2, 93, 73, 16, 107, 50, 
30, 84, 64, 7, 98, 41, 21, 75, 55, 35, 89, 69, 12, 103, 46, 26, 80, 60, 3, 94, 
74, 17, 108, 51, 31, 85, 65, 8, 99, 42, 22, 76, 56, 36, 90, 70, 13, 104, 47, 27,
81, 61, 4, 95, 38, 18, 109, 52, 32, 86, 66, 9, 100, 43, 23, 77, 57, 37, 91, 71, 
14, 105, 48, 28, 82, 62, 5, 96, 39, 19, 110, 53, 33, 87, 67, 10, 101, 44, 24, 
78, 58),  (1, 58, 78, 24, 44, 101, 10, 67, 87, 33, 53, 110, 19, 39, 96, 5, 62, 
82, 28, 48, 105, 14, 71, 91, 37, 57, 77, 23, 43, 100, 9, 66, 86, 32, 52, 109, 
18, 38, 95, 4, 61, 81, 27, 47, 104, 13, 70, 90, 36, 56, 76, 22, 42, 99, 8, 65, 
85, 31, 51, 108, 17, 74, 94, 3, 60, 80, 26, 46, 103, 12, 69, 89, 35, 55, 75, 21,
41, 98, 7, 64, 84, 30, 50, 107, 16, 73, 93, 2, 59, 79, 25, 45, 102, 11, 68, 88, 
34, 54, 111, 20, 40, 97, 6, 63, 83, 29, 49, 106, 15, 72, 92),  ], [  (1, 49, 97,
34, 45, 93, 30, 41, 89, 26, 74, 85, 22, 70, 81, 18, 66, 77, 14, 62, 110, 10, 58,
106, 6, 54, 102, 2, 50, 98, 35, 46, 94, 31, 42, 90, 27, 38, 86, 23, 71, 82, 19, 
67, 78, 15, 63, 111, 11, 59, 107, 7, 55, 103, 3, 51, 99, 36, 47, 95, 32, 43, 91,
28, 39, 87, 24, 72, 83, 20, 68, 79, 16, 64, 75, 12, 60, 108, 8, 56, 104, 4, 52, 
100, 37, 48, 96, 33, 44, 92, 29, 40, 88, 25, 73, 84, 21, 69, 80, 17, 65, 76, 13,
