BRACES[124] := [ rec(
      gadd := 
       [ (  1, 81, 38,118, 11, 91, 48, 66, 21,101, 58, 76, 31,111,  6, 86, 41,
             121, 16, 96, 51, 69, 26,106, 61, 79, 36,116,  9, 89, 46, 64, 19,
              99, 56, 74, 29,109,  4, 84, 39,119, 14, 94, 49, 67, 24,104, 59,
              77, 34,114,  7, 87, 44,124, 17, 97, 54, 72, 27,107,  2, 82, 37,
             117, 12, 92, 47, 65, 22,102, 57, 75, 32,112,  5, 85, 42,122, 15,
              95, 52, 70, 25,105, 62, 80, 35,115, 10, 90, 45, 63, 20,100, 55,
              73, 30,110,  3, 83, 40,120, 13, 93, 50, 68, 23,103, 60, 78, 33,
             113,  8, 88, 43,123, 18, 98, 53, 71, 28,108) ],
      gmul := 
       [ (  1, 10, 17, 26, 33, 42, 49, 58,  3, 12, 19, 28, 35, 44, 51, 60,  5,
             14, 21, 30, 37, 46, 53, 62,  7, 16, 23, 32, 39, 48, 55,  2,  9,
              18, 25, 34, 41, 50, 57,  4, 11, 20, 27, 36, 43, 52, 59,  6, 13,
              22, 29, 38, 45, 54, 61,  8, 15, 24, 31, 40, 47, 56)
            ( 63, 72, 79, 88, 95,104,111,120, 65, 74, 81, 90, 97,106,113,122,
              67, 76, 83, 92, 99,108,115,124, 69, 78, 85, 94,101,110,117, 64,
              71, 80, 87, 96,103,112,119, 66, 73, 82, 89, 98,105,114,121, 68,
              75, 84, 91,100,107,116,123, 70, 77, 86, 93,102,109,118), 
          (  1, 94,  2, 93)(  3, 92,  4, 91)(  5, 90,  6, 89)(  7, 88,  8, 87)
            (  9, 86, 10, 85)( 11, 84, 12, 83)( 13, 82, 14, 81)
            ( 15, 80, 16, 79)( 17, 78, 18, 77)( 19, 76, 20, 75)
            ( 21, 74, 22, 73)( 23, 72, 24, 71)( 25, 70, 26, 69)
            ( 27, 68, 28, 67)( 29, 66, 30, 65)( 31, 64, 32, 63)
            ( 33,124, 34,123)( 35,122, 36,121)( 37,120, 38,119)
            ( 39,118, 40,117)( 41,116, 42,115)( 43,114, 44,113)
            ( 45,112, 46,111)( 47,110, 48,109)( 49,108, 50,107)
            ( 51,106, 52,105)( 53,104, 54,103)( 55,102, 56,101)
            ( 57,100, 58, 99)( 59, 98, 60, 97)( 61, 96, 62, 95) ],
      p := (  2, 64,123, 73, 31, 70, 96, 79, 60, 75, 46, 41, 10, 50, 42, 56,
          38, 55, 90, 62,124, 74, 82, 59, 52, 85, 99, 33, 58, 76, 81,100, 93,
          66,110,122, 40, 72, 95, 47,104,107,  5, 63,  4, 15, 98, 34,  8, 78,
          68,109, 12, 77, 45,117, 25, 44, 71, 32,120, 88,113, 54, 27, 57, 89,
         114,102, 20, 91, 61, 51, 37, 69, 17, 30,  7,112, 11, 29, 83, 28,105,
         108,121, 39,118, 26, 22, 21, 97, 80, 67, 18, 36,119, 87, 13,111,115,
          53,103, 19, 43, 23, 84,116,101, 94, 48, 86, 14, 35,  9, 16, 92, 65,
           3)(  6, 49, 24,106),
      q := (  2, 63, 62,123, 74, 81, 99, 31, 69, 47,103, 45,118, 40, 71, 34,
          58, 75, 20, 92, 66,109, 54, 37, 70, 95, 17, 36,120, 87, 51, 27,  7,
         111,116,102, 46, 23, 83, 38,  9, 50, 24,105,107, 59, 14, 29, 84,115,
          11, 35, 55, 89,113, 12, 78, 67, 48, 85,100, 94, 18, 30, 57, 90,  4,
          49, 42, 10, 16, 91,  3)(  5, 64,124, 73, 33,  8, 77, 19, 21, 98, 32,
         119, 88,114,101, 93, 65, 61, 13,112, 53,104,108,122, 26, 44, 72, 96,
          80, 68,110,121, 25, 22, 43, 41, 56, 28,106, 60, 76, 82)
        (  6, 15, 97, 79)( 39,117)( 52, 86) ), rec(
      gadd := 
       [ (  1, 81, 38,118, 11, 91, 48, 66, 21,101, 58, 76, 31,111,  6, 86, 41,
             121, 16, 96, 51, 69, 26,106, 61, 79, 36,116,  9, 89, 46, 64, 19,
              99, 56, 74, 29,109,  4, 84, 39,119, 14, 94, 49, 67, 24,104, 59,
              77, 34,114,  7, 87, 44,124, 17, 97, 54, 72, 27,107,  2, 82, 37,
             117, 12, 92, 47, 65, 22,102, 57, 75, 32,112,  5, 85, 42,122, 15,
              95, 52, 70, 25,105, 62, 80, 35,115, 10, 90, 45, 63, 20,100, 55,
              73, 30,110,  3, 83, 40,120, 13, 93, 50, 68, 23,103, 60, 78, 33,
             113,  8, 88, 43,123, 18, 98, 53, 71, 28,108) ],
      gmul := 
       [ (  1, 81, 38,118, 11, 91, 48, 66, 21,101, 58, 76, 31,111,  6, 86, 41,
             121, 16, 96, 51, 69, 26,106, 61, 79, 36,116,  9, 89, 46, 64, 19,
              99, 56, 74, 29,109,  4, 84, 39,119, 14, 94, 49, 67, 24,104, 59,
              77, 34,114,  7, 87, 44,124, 17, 97, 54, 72, 27,107,  2, 82, 37,
             117, 12, 92, 47, 65, 22,102, 57, 75, 32,112,  5, 85, 42,122, 15,
              95, 52, 70, 25,105, 62, 80, 35,115, 10, 90, 45, 63, 20,100, 55,
              73, 30,110,  3, 83, 40,120, 13, 93, 50, 68, 23,103, 60, 78, 33,
             113,  8, 88, 43,123, 18, 98, 53, 71, 28,108) ],
      p := (  2, 64, 18, 36,119, 13,111, 47, 86, 74, 94, 25, 44, 71, 93,101,
          68, 17, 30,  7, 78,108, 81, 12, 77, 60, 38, 55, 52, 85, 26, 22, 21,
          97, 54, 27, 57, 51, 37, 69, 32, 70, 80, 59,114, 48,104, 67, 79,121,
          89, 39, 72, 31,120,123, 14, 35,  9, 16, 98,  5, 63,  3)
        (  4, 15, 92, 53,103, 19, 43, 23,106, 20, 91, 40,118, 62, 99,115, 61,
          65, 66,100, 87, 90,102,  6, 49, 24, 84, 11, 29, 83, 73, 46, 41, 10,
          50, 42, 56,113,110, 34,  8,112, 95,116,109, 96, 88, 28,105, 82,122,
          76, 45,117,124, 75,107, 33, 58),
      q := (  2, 63, 61,124,114, 18, 30, 57, 13, 78, 81, 54, 37,120, 66, 89,
          25, 22, 43, 41, 56, 76, 19, 21, 92, 11, 35, 55, 14, 29,106, 46, 23,
          83,116, 80,  5, 64, 48, 85, 40, 71, 96,101,121,100,102, 60, 28, 84,
          53, 86,115,  3)(  4, 49, 42, 10, 16, 91, 26, 44,118)
        (  6, 15, 97, 12,112, 94, 39,117, 65,123, 52,104,122,113, 79, 68, 47,
         103, 45, 72, 33,  8, 77)(  7,111, 17, 36, 70,109, 93, 88, 38,  9, 50,
         24,105,107, 31, 69, 34, 58, 62, 90, 87, 99, 74, 95, 73, 20, 98, 59,
          75, 82, 67,110, 32,119, 51, 27) ), rec(
      gadd := 
       [ (  1, 81, 38,118, 11, 91, 48, 66, 21,101, 58, 76, 31,111,  6, 86, 41,
             121, 16, 96, 51, 69, 26,106, 61, 79, 36,116,  9, 89, 46, 64, 19,
              99, 56, 74, 29,109,  4, 84, 39,119, 14, 94, 49, 67, 24,104, 59,
              77, 34,114,  7, 87, 44,124, 17, 97, 54, 72, 27,107,  2, 82, 37,
             117, 12, 92, 47, 65, 22,102, 57, 75, 32,112,  5, 85, 42,122, 15,
              95, 52, 70, 25,105, 62, 80, 35,115, 10, 90, 45, 63, 20,100, 55,
              73, 30,110,  3, 83, 40,120, 13, 93, 50, 68, 23,103, 60, 78, 33,
             113,  8, 88, 43,123, 18, 98, 53, 71, 28,108) ],
      gmul := 
       [ (  1, 60, 55, 52, 47, 44, 39, 36, 31, 28, 23, 20, 15, 12,  7,  4, 61,
             58, 53, 50, 45, 42, 37, 34, 29, 26, 21, 18, 13, 10,  5,  2, 59,
              56, 51, 48, 43, 40, 35, 32, 27, 24, 19, 16, 11,  8,  3, 62, 57,
              54, 49, 46, 41, 38, 33, 30, 25, 22, 17, 14,  9,  6)
            ( 63,122,117,114,109,106,101, 98, 93, 90, 85, 82, 77, 74, 69, 66,
             123,120,115,112,107,104, 99, 96, 91, 88, 83, 80, 75, 72, 67, 64,
             121,118,113,110,105,102, 97, 94, 89, 86, 81, 78, 73, 70, 65,124,
             119,116,111,108,103,100, 95, 92, 87, 84, 79, 76, 71, 68), 
          (  1,117, 47,101, 31, 85, 15, 69, 61,115, 45, 99, 29, 83, 13, 67,
              59,113, 43, 97, 27, 81, 11, 65, 57,111, 41, 95, 25, 79,  9, 63,
              55,109, 39, 93, 23, 77,  7,123, 53,107, 37, 91, 21, 75,  5,121,
              51,105, 35, 89, 19, 73,  3,119, 49,103, 33, 87, 17, 71)
            (  2,118, 48,102, 32, 86, 16, 70, 62,116, 46,100, 30, 84, 14, 68,
              60,114, 44, 98, 28, 82, 12, 66, 58,112, 42, 96, 26, 80, 10, 64,
              56,110, 40, 94, 24, 78,  8,124, 54,108, 38, 92, 22, 76,  6,122,
              52,106, 36, 90, 20, 74,  4,120, 50,104, 34, 88, 18, 72) ],
      p := (  2, 63, 45, 72,108,110,123, 90,101, 96, 33, 58, 80,100, 19, 43,
          23,105, 20, 21, 92, 40,117, 75, 99, 47, 85, 86, 87, 26, 22, 98, 34,
           8,111, 67,107,  5, 49, 24, 83, 25, 44, 41, 10, 50, 42, 56, 31,119,
          14,112, 62,  4, 15, 91,104, 48,103, 81, 73,114, 13, 78, 11, 29,106,
          61, 32, 69, 46,118,115,124,102,109, 82, 12, 35,  9, 16, 97, 95, 28,
           7, 77, 38, 70, 52, 27, 57,  3)(  6, 64, 51, 37,120, 54, 79,122,116,
         68,113)( 17, 30, 84, 74,121, 76, 60, 65, 94, 89, 88, 39, 71, 59, 93,
          53)( 18, 36, 55),
      q := (  2, 63, 19, 21, 98, 32,119, 52, 37, 70, 14, 78, 53, 47,103,107,
          59, 95, 38,120, 12, 29, 84,116,122, 74, 67, 81,115, 66,124, 88, 25,
          22, 92, 26, 44, 23, 83, 39,117,113, 60,123,100, 45,118, 73, 76,  6,
          64, 13,112,  4, 49, 42, 10, 16, 91, 86,101, 94, 99, 17, 36,  9, 50,
          24,105, 46, 72, 82, 54,109,108, 80, 90, 87, 40, 71,  5, 15, 97, 93,
          11, 35, 55, 48, 85,104, 18, 30,106,  3)(  7,111,121,114, 51, 27)
        (  8, 77, 28, 57, 61, 34, 58,110, 65, 96, 31, 69, 20, 43, 41, 56, 33)
        ( 68, 75, 89,102, 79) ), rec(
      gadd := 
       [ (  1, 81, 38,118, 11, 91, 48, 66, 21,101, 58, 76, 31,111,  6, 86, 41,
             121, 16, 96, 51, 69, 26,106, 61, 79, 36,116,  9, 89, 46, 64, 19,
              99, 56, 74, 29,109,  4, 84, 39,119, 14, 94, 49, 67, 24,104, 59,
              77, 34,114,  7, 87, 44,124, 17, 97, 54, 72, 27,107,  2, 82, 37,
             117, 12, 92, 47, 65, 22,102, 57, 75, 32,112,  5, 85, 42,122, 15,
              95, 52, 70, 25,105, 62, 80, 35,115, 10, 90, 45, 63, 20,100, 55,
              73, 30,110,  3, 83, 40,120, 13, 93, 50, 68, 23,103, 60, 78, 33,
             113,  8, 88, 43,123, 18, 98, 53, 71, 28,108) ],
      gmul := 
       [ (  1, 26, 49, 12, 35, 60, 21, 46,  7, 32, 55, 18, 41,  4, 27, 52, 13,
             38, 61, 24, 47, 10, 33, 58, 19, 44,  5, 30, 53, 16, 39,  2, 25,
              50, 11, 36, 59, 22, 45,  8, 31, 56, 17, 42,  3, 28, 51, 14, 37,
              62, 23, 48,  9, 34, 57, 20, 43,  6, 29, 54, 15, 40)
            ( 63, 88,111, 74, 97,122, 83,108, 69, 94,117, 80,103, 66, 89,114,
              75,100,123, 86,109, 72, 95,120, 81,106, 67, 92,115, 78,101, 64,
              87,112, 73, 98,121, 84,107, 70, 93,118, 79,104, 65, 90,113, 76,
              99,124, 85,110, 71, 96,119, 82,105, 68, 91,116, 77,102), 
          (  1,124)(  2,123)(  3,122)(  4,121)(  5,120)(  6,119)(  7,118)
            (  8,117)(  9,116)( 10,115)( 11,114)( 12,113)( 13,112)( 14,111)
            ( 15,110)( 16,109)( 17,108)( 18,107)( 19,106)( 20,105)( 21,104)
            ( 22,103)( 23,102)( 24,101)( 25,100)( 26, 99)( 27, 98)( 28, 97)
            ( 29, 96)( 30, 95)( 31, 94)( 32, 93)( 33, 92)( 34, 91)( 35, 90)
            ( 36, 89)( 37, 88)( 38, 87)( 39, 86)( 40, 85)( 41, 84)( 42, 83)
            ( 43, 82)( 44, 81)( 45, 80)( 46, 79)( 47, 78)( 48, 77)( 49, 76)
            ( 50, 75)( 51, 74)( 52, 73)( 53, 72)( 54, 71)( 55, 70)( 56, 69)
            ( 57, 68)( 58, 67)( 59, 66)( 60, 65)( 61, 64)( 62, 63) ],
      p := (  2, 63, 65, 61, 13,112,101,121, 81, 90,110, 39,117, 26, 22, 92,
          32,119,116,115,102, 45,118, 11, 29, 84,  4, 15, 97, 19, 43, 23, 83,
          76, 20, 21, 98, 95, 31, 69, 47,103, 74, 33, 58, 14, 78,107, 53, 86,
         124, 59,113, 40, 71, 93,109, 54,100, 82, 52, 27, 57,114, 25, 44, 41,
          10, 50, 42, 56, 99,  6, 64, 80,122, 12, 35,  9, 16, 91, 17, 30,106,
          73,104, 60, 66, 48, 85, 75, 89,123, 68, 94, 96, 46, 72,108, 87,  3)
        (  5, 49, 24,105)(  7,111, 88, 18, 36, 55, 28)(  8, 77, 38,120, 67,
          79, 51, 37, 70, 34),
      q := (  2, 63, 65,  3)(  4, 49, 42, 10, 16, 91, 47,103, 74, 31, 69, 17,
          36,  9, 50, 24,105, 59,113, 26, 44, 23, 83, 76, 46, 72,108, 87, 61,
          51, 27,  7,111, 88, 48, 85, 75, 89,123, 68, 94, 96, 20, 43, 41, 56,
          99, 60, 66, 18, 30,106, 73,104,  6, 64, 80,122, 54,100, 82, 14, 78,
         107, 11, 35, 55, 38,120, 67, 79, 13,112,101,121, 81, 90,110, 25, 22,
          92, 34, 58, 52, 37, 70, 32,119,116,115,102, 19, 21, 98, 95, 33,  8,
          77, 28, 57,114, 39,117, 40, 71, 93,109, 12, 29, 84, 62)
        (  5, 15, 97, 45,118, 53, 86,124) ), rec(
      gadd := 
       [ (  1, 81, 38,118, 11, 91, 48, 66, 21,101, 58, 76, 31,111,  6, 86, 41,
             121, 16, 96, 51, 69, 26,106, 61, 79, 36,116,  9, 89, 46, 64, 19,
              99, 56, 74, 29,109,  4, 84, 39,119, 14, 94, 49, 67, 24,104, 59,
              77, 34,114,  7, 87, 44,124, 17, 97, 54, 72, 27,107,  2, 82, 37,
             117, 12, 92, 47, 65, 22,102, 57, 75, 32,112,  5, 85, 42,122, 15,
              95, 52, 70, 25,105, 62, 80, 35,115, 10, 90, 45, 63, 20,100, 55,
              73, 30,110,  3, 83, 40,120, 13, 93, 50, 68, 23,103, 60, 78, 33,
             113,  8, 88, 43,123, 18, 98, 53, 71, 28,108) ],
      gmul := 
       [ (  1, 30)(  2, 29)(  3, 28)(  4, 27)(  5, 26)(  6, 25)(  7, 24)
            (  8, 23)(  9, 22)( 10, 21)( 11, 20)( 12, 19)( 13, 18)( 14, 17)
            ( 15, 16)( 31, 62)( 32, 61)( 33, 60)( 34, 59)( 35, 58)( 36, 57)
            ( 37, 56)( 38, 55)( 39, 54)( 40, 53)( 41, 52)( 42, 51)( 43, 50)
            ( 44, 49)( 45, 48)( 46, 47)( 63, 92)( 64, 91)( 65, 90)( 66, 89)
            ( 67, 88)( 68, 87)( 69, 86)( 70, 85)( 71, 84)( 72, 83)( 73, 82)
            ( 74, 81)( 75, 80)( 76, 79)( 77, 78)( 93,124)( 94,123)( 95,122)
            ( 96,121)( 97,120)( 98,119)( 99,118)(100,117)(101,116)(102,115)
            (103,114)(104,113)(105,112)(106,111)(107,110)(108,109), 
          (  1, 73)(  2, 74)(  3, 71)(  4, 72)(  5, 69)(  6, 70)(  7, 67)
            (  8, 68)(  9, 65)( 10, 66)( 11, 63)( 12, 64)( 13,123)( 14,124)
            ( 15,121)( 16,122)( 17,119)( 18,120)( 19,117)( 20,118)( 21,115)
            ( 22,116)( 23,113)( 24,114)( 25,111)( 26,112)( 27,109)( 28,110)
            ( 29,107)( 30,108)( 31,105)( 32,106)( 33,103)( 34,104)( 35,101)
            ( 36,102)( 37, 99)( 38,100)( 39, 97)( 40, 98)( 41, 95)( 42, 96)
            ( 43, 93)( 44, 94)( 45, 91)( 46, 92)( 47, 89)( 48, 90)( 49, 87)
            ( 50, 88)( 51, 85)( 52, 86)( 53, 83)( 54, 84)( 55, 81)( 56, 82)
            ( 57, 79)( 58, 80)( 59, 77)( 60, 78)( 61, 75)( 62, 76) ],
      p := (  3, 63, 66, 17, 97, 33, 69,109,121, 39, 56, 89, 61, 75,108, 60,
          62)(  4, 15, 36, 55, 14,112, 53, 28,  7, 50, 85, 13, 78,104,107, 67,
         80,122,102, 82, 99, 32, 58, 86, 76,  6, 64, 48, 24, 44, 41,117, 25,
          83, 54,100, 93, 47, 42, 71, 94,110, 11, 29,106, 68, 34,119, 26,105,
           5, 49,103, 46,118, 88,113,116,101, 19, 43, 23, 22, 98, 96, 79, 59,
         114, 40, 10, 77, 81, 38, 70, 31,  8, 16, 30, 84, 90,124, 73, 95, 18,
          91)(  9,111, 74, 45, 72, 20, 21, 92, 65,123, 12, 35)
        ( 27, 57, 51, 37,120, 87, 52),
      q := (  3, 63,124, 73, 95, 18, 91,  4, 49,103, 46, 72, 20, 43, 41,117,
          39, 56, 89)(  5, 15, 36,  9,111,116,101, 45,118,102,108, 60, 62, 61,
         75, 82, 99, 32, 58,104,107, 67,110, 53, 28, 57, 13,112, 11, 35, 55,
          14, 78, 86,114, 40, 10, 77, 81, 38,120, 87, 52, 37, 70, 33, 69,109,
         121, 25, 83, 54, 90, 66, 47, 42, 71, 96, 79)(  6, 64, 48, 24, 44, 23,
         22, 92, 65,123, 12, 29, 84,100, 93, 17, 97, 31,  8, 16, 30,106,122,
          88,113, 74, 19, 21, 98, 94, 80, 68, 34,119, 26,105, 59, 76)
        (  7, 50, 85, 51, 27) ), rec(
      gadd := 
       [ (  1, 33,  3, 35,  5, 37,  7, 39,  9, 41, 11, 43, 13, 45, 15, 47, 17,
             49, 19, 51, 21, 53, 23, 55, 25, 57, 27, 59, 29, 61, 31, 32,  2,
              34,  4, 36,  6, 38,  8, 40, 10, 42, 12, 44, 14, 46, 16, 48, 18,
              50, 20, 52, 22, 54, 24, 56, 26, 58, 28, 60, 30, 62)
            ( 63, 95, 65, 97, 67, 99, 69,101, 71,103, 73,105, 75,107, 77,109,
              79,111, 81,113, 83,115, 85,117, 87,119, 89,121, 91,123, 93, 94,
              64, 96, 66, 98, 68,100, 70,102, 72,104, 74,106, 76,108, 78,110,
              80,112, 82,114, 84,116, 86,118, 88,120, 90,122, 92,124), 
          (  1, 70, 15, 84, 29, 67, 12, 81, 26, 64,  9, 78, 23, 92,  6, 75,
              20, 89,  3, 72, 17, 86, 31, 69, 14, 83, 28, 66, 11, 80, 25, 63,
               8, 77, 22, 91,  5, 74, 19, 88,  2, 71, 16, 85, 30, 68, 13, 82,
              27, 65, 10, 79, 24, 93,  7, 76, 21, 90,  4, 73, 18, 87)
            ( 32,101, 46,115, 60, 98, 43,112, 57, 95, 40,109, 54,123, 37,106,
              51,120, 34,103, 48,117, 62,100, 45,114, 59, 97, 42,111, 56, 94,
              39,108, 53,122, 36,105, 50,119, 33,102, 47,116, 61, 99, 44,113,
              58, 96, 41,110, 55,124, 38,107, 52,121, 35,104, 49,118) ],
      gmul := 
       [ (  1, 64,  3, 66,  5, 68,  7, 70,  9, 72, 11, 74, 13, 76, 15, 78, 17,
             80, 19, 82, 21, 84, 23, 86, 25, 88, 27, 90, 29, 92, 31, 63,  2,
              65,  4, 67,  6, 69,  8, 71, 10, 73, 12, 75, 14, 77, 16, 79, 18,
              81, 20, 83, 22, 85, 24, 87, 26, 89, 28, 91, 30, 93)
            ( 32, 95, 34, 97, 36, 99, 38,101, 40,103, 42,105, 44,107, 46,109,
              48,111, 50,113, 52,115, 54,117, 56,119, 58,121, 60,123, 62, 94,
              33, 96, 35, 98, 37,100, 39,102, 41,104, 43,106, 45,108, 47,110,
              49,112, 51,114, 53,116, 55,118, 57,120, 59,122, 61,124), 
          (  1,103, 19,121,  6,108, 24, 95, 11,113, 29,100, 16,118,  3,105,
              21,123,  8,110, 26, 97, 13,115, 31,102, 18,120,  5,107, 23, 94,
              10,112, 28, 99, 15,117,  2,104, 20,122,  7,109, 25, 96, 12,114,
              30,101, 17,119,  4,106, 22,124,  9,111, 27, 98, 14,116)
            ( 32, 72, 50, 90, 37, 77, 55, 64, 42, 82, 60, 69, 47, 87, 34, 74,
              52, 92, 39, 79, 57, 66, 44, 84, 62, 71, 49, 89, 36, 76, 54, 63,
              41, 81, 59, 68, 46, 86, 33, 73, 51, 91, 38, 78, 56, 65, 43, 83,
              61, 70, 48, 88, 35, 75, 53, 93, 40, 80, 58, 67, 45, 85) ],
      p := (  2,  7,100, 78, 79, 17, 88,116, 15, 44, 27, 45, 12, 20, 14,106,
          59, 92, 16, 69,111, 96, 10,119, 65, 42, 95, 47, 37,  6, 13, 19, 51,
          58, 36)(  3, 94,109, 97, 28,  8, 38,124, 83, 23, 50,120,108, 72, 73,
         11, 57, 49, 64, 43, 33, 76, 68,123, 77, 54, 61,117,102, 41, 70, 74,
          98,115,122, 71, 48, 93, 22,112, 34,101,103,  4, 32, 81, 60, 30,118,
          40, 87, 29, 31, 56, 24, 75,105,121, 46, 99, 53, 55, 86, 91, 52, 21,
          25, 82, 85, 35, 39, 62, 80,104)(  5, 26,107, 84,110,  9, 63, 18,113,
         90,114, 66, 67),
      q := (  2, 26,112, 61,102, 54, 34,118, 55, 71, 47, 58, 59, 65, 53, 40,
          70, 83, 10,100, 79, 16, 88,103, 29)(  3, 94,110, 24, 82, 72, 84,109,
         122, 86, 66, 90,105, 98,104, 30,101,116, 18,106, 36, 31, 39, 33, 81,
          35, 56,  9, 63, 15, 51, 37, 27, 50, 99, 42,124, 74,121, 49, 93, 11,
          38, 95, 48, 64, 52, 12, 13, 14,113, 67, 28, 25, 75,114, 91, 43, 62,
          77, 41, 87,  4, 32, 76, 89, 68, 96, 23, 45, 21,  8, 57, 46,120,111,
         123, 80,115, 97,  5,  7,119, 92, 17, 69,108, 85, 60)(  6, 20, 19, 44)
        ( 22,107, 73) ), rec(
      gadd := 
       [ (  1, 54, 14, 36, 27, 49,  9, 62, 22, 44,  4, 57, 17, 39, 30, 52, 12,
             34, 25, 47,  7, 60, 20, 42,  2, 55, 15, 37, 28, 50, 10, 32, 23,
              45,  5, 58, 18, 40, 31, 53, 13, 35, 26, 48,  8, 61, 21, 43,  3,
              56, 16, 38, 29, 51, 11, 33, 24, 46,  6, 59, 19, 41)
            ( 63,116, 76, 98, 89,111, 71,124, 84,106, 66,119, 79,101, 92,114,
              74, 96, 87,109, 69,122, 82,104, 64,117, 77, 99, 90,112, 72, 94,
              85,107, 67,120, 80,102, 93,115, 75, 97, 88,110, 70,123, 83,105,
              65,118, 78,100, 91,113, 73, 95, 86,108, 68,121, 81,103), 
          (  1, 66,  7, 72, 13, 78, 19, 84, 25, 90, 31, 65,  6, 71, 12, 77,
              18, 83, 24, 89, 30, 64,  5, 70, 11, 76, 17, 82, 23, 88, 29, 63,
               4, 69, 10, 75, 16, 81, 22, 87, 28, 93,  3, 68,  9, 74, 15, 80,
              21, 86, 27, 92,  2, 67,  8, 73, 14, 79, 20, 85, 26, 91)
            ( 32, 97, 38,103, 44,109, 50,115, 56,121, 62, 96, 37,102, 43,108,
              49,114, 55,120, 61, 95, 36,101, 42,107, 48,113, 54,119, 60, 94,
              35,100, 41,106, 47,112, 53,118, 59,124, 34, 99, 40,105, 46,111,
              52,117, 58,123, 33, 98, 39,104, 45,110, 51,116, 57,122) ],
      gmul := 
       [ (  1, 81, 37,117, 11, 91, 47, 96, 21, 70, 57,106, 31, 80, 36,116, 10,
             90, 46, 95, 20, 69, 56,105, 30, 79, 35,115,  9, 89, 45, 94, 19,
              68, 55,104, 29, 78, 34,114,  8, 88, 44,124, 18, 67, 54,103, 28,
              77, 33,113,  7, 87, 43,123, 17, 66, 53,102, 27, 76, 32,112,  6,
              86, 42,122, 16, 65, 52,101, 26, 75, 62,111,  5, 85, 41,121, 15,
              64, 51,100, 25, 74, 61,110,  4, 84, 40,120, 14, 63, 50, 99, 24,
              73, 60,109,  3, 83, 39,119, 13, 93, 49, 98, 23, 72, 59,108,  2,
              82, 38,118, 12, 92, 48, 97, 22, 71, 58,107) ],
      p := (  2, 63, 24, 76,110, 34, 56,111, 28, 45, 95,  4, 32, 70, 61, 80,
         116, 65, 86, 60,117, 71,  5, 94, 41,  6, 26, 50, 37,101,109,121,102,
          53,120, 40, 64,123,108, 84, 52, 58, 43,124, 15, 75, 11,100, 72,104,
          78, 42, 62, 49, 12, 57, 74, 36, 39, 93, 97,103, 16, 82, 48, 89,122,
           9, 13,119,  3,  7, 69, 92, 91, 29,107, 22, 14, 20, 51, 99, 10, 38)
        (  8, 88, 85, 54, 21,113,114, 77, 73, 67, 30)( 17, 19,106, 59, 18, 44,
         33, 31, 87, 23, 81, 79)( 27,112, 90, 35,118, 96, 66, 55,105,115, 46)
        ( 47, 68, 98),
      q := (  2, 94, 54, 12, 38, 31,101, 79, 16,106, 36, 56, 77,115, 49, 21,
          75, 22, 19, 82, 47,120, 55, 83,105, 73,121, 86, 35, 70, 34, 39, 95,
          29, 81,109, 67,  3, 26, 45, 93, 91,  4, 32,118, 92, 97, 85, 41, 27,
          76, 78, 53, 68, 90, 60, 71, 28, 50, 58, 52, 37, 87, 10, 57,114,111,
           5, 63,  9, 20, 44, 62, 46,  6,  7,119, 30, 25,  8,100,116,123, 80,
          72, 84, 43, 64, 65,102, 42, 33)( 11, 88,103, 17, 14, 13, 69, 96,122,
         24,112, 98, 48, 99, 23,107)( 15,113, 74, 59)( 18, 51, 89, 66, 40,124)
        ( 61,108,104,110) ), rec(
      gadd := 
       [ (  1, 56, 18, 42,  4, 59, 21, 45,  7, 62, 24, 48, 10, 34, 27, 51, 13,
             37, 30, 54, 16, 40,  2, 57, 19, 43,  5, 60, 22, 46,  8, 32, 25,
              49, 11, 35, 28, 52, 14, 38, 31, 55, 17, 41,  3, 58, 20, 44,  6,
              61, 23, 47,  9, 33, 26, 50, 12, 36, 29, 53, 15, 39)
            ( 63,118, 80,104, 66,121, 83,107, 69,124, 86,110, 72, 96, 89,113,
              75, 99, 92,116, 78,102, 64,119, 81,105, 67,122, 84,108, 70, 94,
              87,111, 73, 97, 90,114, 76,100, 93,117, 79,103, 65,120, 82,106,
              68,123, 85,109, 71, 95, 88,112, 74, 98, 91,115, 77,101), 
          (  1, 74, 23, 65, 14, 87,  5, 78, 27, 69, 18, 91,  9, 82, 31, 73,
              22, 64, 13, 86,  4, 77, 26, 68, 17, 90,  8, 81, 30, 72, 21, 63,
              12, 85,  3, 76, 25, 67, 16, 89,  7, 80, 29, 71, 20, 93, 11, 84,
               2, 75, 24, 66, 15, 88,  6, 79, 28, 70, 19, 92, 10, 83)
            ( 32,105, 54, 96, 45,118, 36,109, 58,100, 49,122, 40,113, 62,104,
              53, 95, 44,117, 35,108, 57, 99, 48,121, 39,112, 61,103, 52, 94,
              43,116, 34,107, 56, 98, 47,120, 38,111, 60,102, 51,124, 42,115,
              33,106, 55, 97, 46,119, 37,110, 59,101, 50,123, 41,114) ],
      gmul := 
       [ (  1, 67, 32, 98)(  2, 66, 33, 97)(  3, 65, 34, 96)(  4, 64, 35, 95)
            (  5, 63, 36, 94)(  6, 93, 37,124)(  7, 92, 38,123)
            (  8, 91, 39,122)(  9, 90, 40,121)( 10, 89, 41,120)
            ( 11, 88, 42,119)( 12, 87, 43,118)( 13, 86, 44,117)
            ( 14, 85, 45,116)( 15, 84, 46,115)( 16, 83, 47,114)
            ( 17, 82, 48,113)( 18, 81, 49,112)( 19, 80, 50,111)
            ( 20, 79, 51,110)( 21, 78, 52,109)( 22, 77, 53,108)
            ( 23, 76, 54,107)( 24, 75, 55,106)( 25, 74, 56,105)
            ( 26, 73, 57,104)( 27, 72, 58,103)( 28, 71, 59,102)
            ( 29, 70, 60,101)( 30, 69, 61,100)( 31, 68, 62, 99), 
          (  1, 70, 32,101)(  2, 69, 33,100)(  3, 68, 34, 99)(  4, 67, 35, 98)
            (  5, 66, 36, 97)(  6, 65, 37, 96)(  7, 64, 38, 95)
            (  8, 63, 39, 94)(  9, 93, 40,124)( 10, 92, 41,123)
            ( 11, 91, 42,122)( 12, 90, 43,121)( 13, 89, 44,120)
            ( 14, 88, 45,119)( 15, 87, 46,118)( 16, 86, 47,117)
            ( 17, 85, 48,116)( 18, 84, 49,115)( 19, 83, 50,114)
            ( 20, 82, 51,113)( 21, 81, 52,112)( 22, 80, 53,111)
            ( 23, 79, 54,110)( 24, 78, 55,109)( 25, 77, 56,108)
            ( 26, 76, 57,107)( 27, 75, 58,106)( 28, 74, 59,105)
            ( 29, 73, 60,104)( 30, 72, 61,103)( 31, 71, 62,102) ],
      p := (  2, 63,108, 98, 34, 56, 30,  8, 69, 18, 44, 33, 31, 70, 11,100,
         123, 41,  6, 26, 50, 37,101,  9, 13,119, 79, 48, 68,115, 73, 42, 62,
           5, 94, 91,  4, 32, 87, 29,107, 67, 55, 96,116,104, 59, 61, 24, 81,
          43,124, 85, 72, 77, 17, 19,106,117, 16, 75, 49, 12, 57,102, 40, 93,
          35,118, 47, 89, 66, 90,122, 10, 38)(  3,  7, 88, 60,121,105, 86, 97)
        ( 14, 20, 51, 99, 92, 74, 84, 54, 21,113, 80, 78, 83, 23, 76,109, 15,
          82,103, 28, 45, 95, 52, 58, 65, 36, 39, 64, 71,114,111, 22)
        ( 27,112, 53,120,110, 46),
      q := (  2, 94,122, 23,107, 98, 61,  9, 20, 44, 62, 28, 50, 58, 96, 85,
         103,  5, 63, 77, 16,106, 86, 66,121, 74,115,104, 36, 56,  3, 26, 45,
          64,102, 55, 65, 59, 34, 39, 95, 43, 93, 60, 90, 91, 29, 76, 78,114,
          80,109, 18, 51, 68, 84, 41, 27, 81, 52, 37, 70, 22, 19, 75, 46,  6,
           7,119,110, 49, 21, 82, 72,108, 67, 40,124,116, 73, 53, 89, 97, 30,
          25,  8,100, 92,105,117, 17, 14, 13, 88, 35, 87,  4, 32,118, 48, 99,
         123, 54, 12, 38, 31,101, 24,112, 42, 33)( 10, 57, 71, 83)
        ( 11, 69, 15,113,111)( 47,120, 79) ), rec(
      gadd := 
       [ (  1, 40, 17, 56,  2, 41, 18, 57,  3, 42, 19, 58,  4, 43, 20, 59,  5,
             44, 21, 60,  6, 45, 22, 61,  7, 46, 23, 62,  8, 47, 24, 32,  9,
              48, 25, 33, 10, 49, 26, 34, 11, 50, 27, 35, 12, 51, 28, 36, 13,
              52, 29, 37, 14, 53, 30, 38, 15, 54, 31, 39, 16, 55)
            ( 63,102, 79,118, 64,103, 80,119, 65,104, 81,120, 66,105, 82,121,
              67,106, 83,122, 68,107, 84,123, 69,108, 85,124, 70,109, 86, 94,
              71,110, 87, 95, 72,111, 88, 96, 73,112, 89, 97, 74,113, 90, 98,
              75,114, 91, 99, 76,115, 92,100, 77,116, 93,101, 78,117), 
          (  1,115, 12, 95, 23,106,  3,117, 14, 97, 25,108,  5,119, 16, 99,
              27,110,  7,121, 18,101, 29,112,  9,123, 20,103, 31,114, 11, 94,
              22,105,  2,116, 13, 96, 24,107,  4,118, 15, 98, 26,109,  6,120,
              17,100, 28,111,  8,122, 19,102, 30,113, 10,124, 21,104)
            ( 32, 84, 43, 64, 54, 75, 34, 86, 45, 66, 56, 77, 36, 88, 47, 68,
              58, 79, 38, 90, 49, 70, 60, 81, 40, 92, 51, 72, 62, 83, 42, 63,
              53, 74, 33, 85, 44, 65, 55, 76, 35, 87, 46, 67, 57, 78, 37, 89,
              48, 69, 59, 80, 39, 91, 50, 71, 61, 82, 41, 93, 52, 73) ],
      gmul := 
       [ (  1, 44)(  2, 43)(  3, 42)(  4, 41)(  5, 40)(  6, 39)(  7, 38)
            (  8, 37)(  9, 36)( 10, 35)( 11, 34)( 12, 33)( 13, 32)( 14, 62)
            ( 15, 61)( 16, 60)( 17, 59)( 18, 58)( 19, 57)( 20, 56)( 21, 55)
            ( 22, 54)( 23, 53)( 24, 52)( 25, 51)( 26, 50)( 27, 49)( 28, 48)
            ( 29, 47)( 30, 46)( 31, 45)( 63,106)( 64,105)( 65,104)( 66,103)
            ( 67,102)( 68,101)( 69,100)( 70, 99)( 71, 98)( 72, 97)( 73, 96)
            ( 74, 95)( 75, 94)( 76,124)( 77,123)( 78,122)( 79,121)( 80,120)
            ( 81,119)( 82,118)( 83,117)( 84,116)( 85,115)( 86,114)( 87,113)
            ( 88,112)( 89,111)( 90,110)( 91,109)( 92,108)( 93,107), 
          (  1, 99, 11,109, 21,119, 31, 98, 10,108, 20,118, 30, 97,  9,107,
              19,117, 29, 96,  8,106, 18,116, 28, 95,  7,105, 17,115, 27, 94,
               6,104, 16,114, 26,124,  5,103, 15,113, 25,123,  4,102, 14,112,
              24,122,  3,101, 13,111, 23,121,  2,100, 12,110, 22,120)
            ( 32, 68, 42, 78, 52, 88, 62, 67, 41, 77, 51, 87, 61, 66, 40, 76,
              50, 86, 60, 65, 39, 75, 49, 85, 59, 64, 38, 74, 48, 84, 58, 63,
              37, 73, 47, 83, 57, 93, 36, 72, 46, 82, 56, 92, 35, 71, 45, 81,
              55, 91, 34, 70, 44, 80, 54, 90, 33, 69, 43, 79, 53, 89) ],
      p := (  2, 32, 56, 15, 69, 28,  8, 38, 70, 96,123,116, 91, 30, 76, 73,
          22, 82,105, 10,100, 98, 65,  3,  7, 63, 61,  9, 13, 51,120, 66,102,
          90, 77, 52, 21, 45, 58, 55, 74,121,122, 72, 67, 36)(  4, 94, 71, 42,
         124, 78, 89, 40, 62,108, 84, 79, 16, 44, 27,107, 47, 93, 34,118, 97,
          59, 80,115, 35,101, 53, 43, 95,  5, 26,112,110, 85, 46, 64, 86, 83,
          54, 49, 12, 20, 14, 88,111, 23, 75, 48, 37, 33, 31, 81, 18,106,109,
          60, 68, 92,117, 29, 39, 87, 24, 50, 99, 11,119, 41,  6, 57,114,103,
          17, 19,113),
      q := (  2, 32, 56, 18,113, 29, 39, 87,  9, 20, 19,106,110, 85, 46, 64,
          86, 83, 54, 49, 21, 45, 58, 55, 74, 98, 65, 30, 76, 73, 11,100,121,
          97, 59, 80,104,115, 35,118,122, 72, 67, 36, 31, 81, 15, 69,  5,  7,
          63, 61, 24, 50,120, 66,117,  4, 94, 71, 42, 95, 28, 25,  8, 38, 70,
         123,103, 16, 44,  6, 57,105, 23, 75, 48, 37, 33)(  3, 26,107, 47, 93,
         34,101, 53, 43,124, 78, 89, 40, 62,111, 10,119, 41, 27,112,109, 60,
          68, 92,102, 90, 77, 52, 12, 13, 51, 99, 22, 82,114,116, 91)
        ( 14, 88,108, 84, 79, 17) ) ];
