BRACES[95] := rec( total := -1, implemented := 1, size := 95, brace := [] );BRACES[95].brace[1] := rec ( size := 95, perms := [ [  (),  (),  
], [  (1, 20, 39, 58, 77)(2, 21, 40, 59, 78)(3, 22, 41, 60, 79)(4, 23, 42, 61, 80)(5, 24, 43, 62, 81)(6, 25, 44, 63, 82)(7, 26, 45, 64, 83)(8,
27, 46, 65, 84)(9, 28, 47, 66, 85)(10, 29, 48, 67, 86)(11, 30, 49, 68, 87)(12, 31, 50, 69, 88)(13, 32, 51, 70, 89)(14, 33, 52, 71, 90)(15, 34,
53, 72, 91)(16, 35, 54, 73, 92)(17, 36, 55, 74, 93)(18, 37, 56, 75, 94)(19, 38, 57, 76, 95),  (1, 77, 58, 39, 20)(2, 78, 59, 40, 21)(3, 79, 
60, 41, 22)(4, 80, 61, 42, 23)(5, 81, 62, 43, 24)(6, 82, 63, 44, 25)(7, 83, 64, 45, 26)(8, 84, 65, 46, 27)(9, 85, 66, 47, 28)(10, 86, 67, 48, 
29)(11, 87, 68, 49, 30)(12, 88, 69, 50, 31)(13, 89, 70, 51, 32)(14, 90, 71, 52, 33)(15, 91, 72, 53, 34)(16, 92, 73, 54, 35)(17, 93, 74, 55, 
36)(18, 94, 75, 56, 37)(19, 95, 76, 57, 38),  ], [  (1, 11, 2, 12, 3, 13, 4, 14, 5, 15, 6, 16, 7, 17, 8, 18, 9, 19, 10)(20, 30, 21, 31, 22, 
32, 23, 33, 24, 34, 25, 35, 26, 36, 27, 37, 28, 38, 29)(39, 49, 40, 50, 41, 51, 42, 52, 43, 53, 44, 54, 45, 55, 46, 56, 47, 57, 48)(58, 68, 
59, 69, 60, 70, 61, 71, 62, 72, 63, 73, 64, 74, 65, 75, 66, 76, 67)(77, 87, 78, 88, 79, 89, 80, 90, 81, 91, 82, 92, 83, 93, 84, 94, 85, 95, 
86),  (1, 10, 19, 9, 18, 8, 17, 7, 16, 6, 15, 5, 14, 4, 13, 3, 12, 2, 11)(20, 29, 38, 28, 37, 27, 36, 26, 35, 25, 34, 24, 33, 23, 32, 22, 31, 
21, 30)(39, 48, 57, 47, 56, 46, 55, 45, 54, 44, 53, 43, 52, 42, 51, 41, 50, 40, 49)(58, 67, 76, 66, 75, 65, 74, 64, 73, 63, 72, 62, 71, 61, 
70, 60, 69, 59, 68)(77, 86, 95, 85, 94, 84, 93, 83, 92, 82, 91, 81, 90, 80, 89, 79, 88, 78, 87),  ], [  (1, 77, 58, 39, 20)(2, 78, 59, 40, 
21)(3, 79, 60, 41, 22)(4, 80, 61, 42, 23)(5, 81, 62, 43, 24)(6, 82, 63, 44, 25)(7, 83, 64, 45, 26)(8, 84, 65, 46, 27)(9, 85, 66, 47, 28)(10, 
86, 67, 48, 29)(11, 87, 68, 49, 30)(12, 88, 69, 50, 31)(13, 89, 70, 51, 32)(14, 90, 71, 52, 33)(15, 91, 72, 53, 34)(16, 92, 73, 54, 35)(17, 
93, 74, 55, 36)(18, 94, 75, 56, 37)(19, 95, 76, 57, 38),  (1, 20, 39, 58, 77)(2, 21, 40, 59, 78)(3, 22, 41, 60, 79)(4, 23, 42, 61, 80)(5, 24, 
43, 62, 81)(6, 25, 44, 63, 82)(7, 26, 45, 64, 83)(8, 27, 46, 65, 84)(9, 28, 47, 66, 85)(10, 29, 48, 67, 86)(11, 30, 49, 68, 87)(12, 31, 50, 
69, 88)(13, 32, 51, 70, 89)(14, 33, 52, 71, 90)(15, 34, 53, 72, 91)(16, 35, 54, 73, 92)(17, 36, 55, 74, 93)(18, 37, 56, 75, 94)(19, 38, 57, 
76, 95),  ], [  (1, 10, 19, 9, 18, 8, 17, 7, 16, 6, 15, 5, 14, 4, 13, 3, 12, 2, 11)(20, 29, 38, 28, 37, 27, 36, 26, 35, 25, 34, 24, 33, 23, 
32, 22, 31, 21, 30)(39, 48, 57, 47, 56, 46, 55, 45, 54, 44, 53, 43, 52, 42, 51, 41, 50, 40, 49)(58, 67, 76, 66, 75, 65, 74, 64, 73, 63, 72, 
62, 71, 61, 70, 60, 69, 59, 68)(77, 86, 95, 85, 94, 84, 93, 83, 92, 82, 91, 81, 90, 80, 89, 79, 88, 78, 87),  (1, 11, 2, 12, 3, 13, 4, 14, 5, 
15, 6, 16, 7, 17, 8, 18, 9, 19, 10)(20, 30, 21, 31, 22, 32, 23, 33, 24, 34, 25, 35, 26, 36, 27, 37, 28, 38, 29)(39, 49, 40, 50, 41, 51, 42, 
52, 43, 53, 44, 54, 45, 55, 46, 56, 47, 57, 48)(58, 68, 59, 69, 60, 70, 61, 71, 62, 72, 63, 73, 64, 74, 65, 75, 66, 76, 67)(77, 87, 78, 88, 
79, 89, 80, 90, 81, 91, 82, 92, 83, 93, 84, 94, 85, 95, 86),  ], [  (1, 39, 77, 20, 58)(2, 40, 78, 21, 59)(3, 41, 79, 22, 60)(4, 42, 80, 23, 
61)(5, 43, 81, 24, 62)(6, 44, 82, 25, 63)(7, 45, 83, 26, 64)(8, 46, 84, 27, 65)(9, 47, 85, 28, 66)(10, 48, 86, 29, 67)(11, 49, 87, 30, 68)(12,
50, 88, 31, 69)(13, 51, 89, 32, 70)(14, 52, 90, 33, 71)(15, 53, 91, 34, 72)(16, 54, 92, 35, 73)(17, 55, 93, 36, 74)(18, 56, 94, 37, 75)(19, 
57, 95, 38, 76),  (1, 58, 20, 77, 39)(2, 59, 21, 78, 40)(3, 60, 22, 79, 41)(4, 61, 23, 80, 42)(5, 62, 24, 81, 43)(6, 63, 25, 82, 44)(7, 64, 
26, 83, 45)(8, 65, 27, 84, 46)(9, 66, 28, 85, 47)(10, 67, 29, 86, 48)(11, 68, 30, 87, 49)(12, 69, 31, 88, 50)(13, 70, 32, 89, 51)(14, 71, 33, 
90, 52)(15, 72, 34, 91, 53)(16, 73, 35, 92, 54)(17, 74, 36, 93, 55)(18, 75, 37, 94, 56)(19, 76, 38, 95, 57),  ], [  (1, 30, 40, 69, 79, 13, 
23, 52, 62, 91, 6, 35, 45, 74, 84, 18, 28, 57, 67, 77, 11, 21, 50, 60, 89, 4, 33, 43, 72, 82, 16, 26, 55, 65, 94, 9, 38, 48, 58, 87, 2, 31, 
41, 70, 80, 14, 24, 53, 63, 92, 7, 36, 46, 75, 85, 19, 29, 39, 68, 78, 12, 22, 51, 61, 90, 5, 34, 44, 73, 83, 17, 27, 56, 66, 95, 10, 20, 49, 
59, 88, 3, 32, 42, 71, 81, 15, 25, 54, 64, 93, 8, 37, 47, 76, 86),  (1, 86, 76, 47, 37, 8, 93, 64, 54, 25, 15, 81, 71, 42, 32, 3, 88, 59, 49, 
20, 10, 95, 66, 56, 27, 17, 83, 73, 44, 34, 5, 90, 61, 51, 22, 12, 78, 68, 39, 29, 19, 85, 75, 46, 36, 7, 92, 63, 53, 24, 14, 80, 70, 41, 31, 
2, 87, 58, 48, 38, 9, 94, 65, 55, 26, 16, 82, 72, 43, 33, 4, 89, 60, 50, 21, 11, 77, 67, 57, 28, 18, 84, 74, 45, 35, 6, 91, 62, 52, 23, 13, 
79, 69, 40, 30),  ], [  (1, 29, 57, 66, 94, 8, 36, 45, 73, 82, 15, 24, 52, 61, 89, 3, 31, 40, 68, 77, 10, 38, 47, 75, 84, 17, 26, 54, 63, 91, 
5, 33, 42, 70, 79, 12, 21, 49, 58, 86, 19, 28, 56, 65, 93, 7, 35, 44, 72, 81, 14, 23, 51, 60, 88, 2, 30, 39, 67, 95, 9, 37, 46, 74, 83, 16, 
25, 53, 62, 90, 4, 32, 41, 69, 78, 11, 20, 48, 76, 85, 18, 27, 55, 64, 92, 6, 34, 43, 71, 80, 13, 22, 50, 59, 87),  (1, 87, 59, 50, 22, 13, 
80, 71, 43, 34, 6, 92, 64, 55, 27, 18, 85, 76, 48, 20, 11, 78, 69, 41, 32, 4, 90, 62, 53, 25, 16, 83, 74, 46, 37, 9, 95, 67, 39, 30, 2, 88, 
60, 51, 23, 14, 81, 72, 44, 35, 7, 93, 65, 56, 28, 19, 86, 58, 49, 21, 12, 79, 70, 42, 33, 5, 91, 63, 54, 26, 17, 84, 75, 47, 38, 10, 77, 68, 
40, 31, 3, 89, 61, 52, 24, 15, 82, 73, 45, 36, 8, 94, 66, 57, 29),  ], [  (1, 2, 3, 4, 5, 6, 7, 8, 9, 10, 11, 12, 13, 14, 15, 16, 17, 18, 
19)(20, 21, 22, 23, 24, 25, 26, 27, 28, 29, 30, 31, 32, 33, 34, 35, 36, 37, 38)(39, 40, 41, 42, 43, 44, 45, 46, 47, 48, 49, 50, 51, 52, 53, 
54, 55, 56, 57)(58, 59, 60, 61, 62, 63, 64, 65, 66, 67, 68, 69, 70, 71, 72, 73, 74, 75, 76)(77, 78, 79, 80, 81, 82, 83, 84, 85, 86, 87, 88, 
89, 90, 91, 92, 93, 94, 95),  (1, 19, 18, 17, 16, 15, 14, 13, 12, 11, 10, 9, 8, 7, 6, 5, 4, 3, 2)(20, 38, 37, 36, 35, 34, 33, 32, 31, 30, 29, 
28, 27, 26, 25, 24, 23, 22, 21)(39, 57, 56, 55, 54, 53, 52, 51, 50, 49, 48, 47, 46, 45, 44, 43, 42, 41, 40)(58, 76, 75, 74, 73, 72, 71, 70, 
69, 68, 67, 66, 65, 64, 63, 62, 61, 60, 59)(77, 95, 94, 93, 92, 91, 90, 89, 88, 87, 86, 85, 84, 83, 82, 81, 80, 79, 78),  ], [  (1, 87, 59, 
50, 22, 13, 80, 71, 43, 34, 6, 92, 64, 55, 27, 18, 85, 76, 48, 20, 11, 78, 69, 41, 32, 4, 90, 62, 53, 25, 16, 83, 74, 46, 37, 9, 95, 67, 39, 
30, 2, 88, 60, 51, 23, 14, 81, 72, 44, 35, 7, 93, 65, 56, 28, 19, 86, 58, 49, 21, 12, 79, 70, 42, 33, 5, 91, 63, 54, 26, 17, 84, 75, 47, 38, 
10, 77, 68, 40, 31, 3, 89, 61, 52, 24, 15, 82, 73, 45, 36, 8, 94, 66, 57, 29),  (1, 29, 57, 66, 94, 8, 36, 45, 73, 82, 15, 24, 52, 61, 89, 3, 
31, 40, 68, 77, 10, 38, 47, 75, 84, 17, 26, 54, 63, 91, 5, 33, 42, 70, 79, 12, 21, 49, 58, 86, 19, 28, 56, 65, 93, 7, 35, 44, 72, 81, 14, 23, 
51, 60, 88, 2, 30, 39, 67, 95, 9, 37, 46, 74, 83, 16, 25, 53, 62, 90, 4, 32, 41, 69, 78, 11, 20, 48, 76, 85, 18, 27, 55, 64, 92, 6, 34, 43, 
71, 80, 13, 22, 50, 59, 87),  ], [  (1, 58, 20, 77, 39)(2, 59, 21, 78, 40)(3, 60, 22, 79, 41)(4, 61, 23, 80, 42)(5, 62, 24, 81, 43)(6, 63, 25,
82, 44)(7, 64, 26, 83, 45)(8, 65, 27, 84, 46)(9, 66, 28, 85, 47)(10, 67, 29, 86, 48)(11, 68, 30, 87, 49)(12, 69, 31, 88, 50)(13, 70, 32, 89, 
51)(14, 71, 33, 90, 52)(15, 72, 34, 91, 53)(16, 73, 35, 92, 54)(17, 74, 36, 93, 55)(18, 75, 37, 94, 56)(19, 76, 38, 95, 57),  (1, 39, 77, 20, 
58)(2, 40, 78, 21, 59)(3, 41, 79, 22, 60)(4, 42, 80, 23, 61)(5, 43, 81, 24, 62)(6, 44, 82, 25, 63)(7, 45, 83, 26, 64)(8, 46, 84, 27, 65)(9, 
47, 85, 28, 66)(10, 48, 86, 29, 67)(11, 49, 87, 30, 68)(12, 50, 88, 31, 69)(13, 51, 89, 32, 70)(14, 52, 90, 33, 71)(15, 53, 91, 34, 72)(16, 
54, 92, 35, 73)(17, 55, 93, 36, 74)(18, 56, 94, 37, 75)(19, 57, 95, 38, 76),  ], [  (1, 86, 76, 47, 37, 8, 93, 64, 54, 25, 15, 81, 71, 42, 32,
3, 88, 59, 49, 20, 10, 95, 66, 56, 27, 17, 83, 73, 44, 34, 5, 90, 61, 51, 22, 12, 78, 68, 39, 29, 19, 85, 75, 46, 36, 7, 92, 63, 53, 24, 14, 
80, 70, 41, 31, 2, 87, 58, 48, 38, 9, 94, 65, 55, 26, 16, 82, 72, 43, 33, 4, 89, 60, 50, 21, 11, 77, 67, 57, 28, 18, 84, 74, 45, 35, 6, 91, 
62, 52, 23, 13, 79, 69, 40, 30),  (1, 30, 40, 69, 79, 13, 23, 52, 62, 91, 6, 35, 45, 74, 84, 18, 28, 57, 67, 77, 11, 21, 50, 60, 89, 4, 33, 
43, 72, 82, 16, 26, 55, 65, 94, 9, 38, 48, 58, 87, 2, 31, 41, 70, 80, 14, 24, 53, 63, 92, 7, 36, 46, 75, 85, 19, 29, 39, 68, 78, 12, 22, 51, 
61, 90, 5, 34, 44, 73, 83, 17, 27, 56, 66, 95, 10, 20, 49, 59, 88, 3, 32, 42, 71, 81, 15, 25, 54, 64, 93, 8, 37, 47, 76, 86),  ], [  (1, 19, 
18, 17, 16, 15, 14, 13, 12, 11, 10, 9, 8, 7, 6, 5, 4, 3, 2)(20, 38, 37, 36, 35, 34, 33, 32, 31, 30, 29, 28, 27, 26, 25, 24, 23, 22, 21)(39, 
57, 56, 55, 54, 53, 52, 51, 50, 49, 48, 47, 46, 45, 44, 43, 42, 41, 40)(58, 76, 75, 74, 73, 72, 71, 70, 69, 68, 67, 66, 65, 64, 63, 62, 61, 
60, 59)(77, 95, 94, 93, 92, 91, 90, 89, 88, 87, 86, 85, 84, 83, 82, 81, 80, 79, 78),  (1, 2, 3, 4, 5, 6, 7, 8, 9, 10, 11, 12, 13, 14, 15, 16, 
17, 18, 19)(20, 21, 22, 23, 24, 25, 26, 27, 28, 29, 30, 31, 32, 33, 34, 35, 36, 37, 38)(39, 40, 41, 42, 43, 44, 45, 46, 47, 48, 49, 50, 51, 
52, 53, 54, 55, 56, 57)(58, 59, 60, 61, 62, 63, 64, 65, 66, 67, 68, 69, 70, 71, 72, 73, 74, 75, 76)(77, 78, 79, 80, 81, 82, 83, 84, 85, 86, 
87, 88, 89, 90, 91, 92, 93, 94, 95),  ], [  (1, 49, 78, 31, 60, 13, 42, 90, 24, 72, 6, 54, 83, 36, 65, 18, 47, 95, 29, 58, 11, 40, 88, 22, 70,
4, 52, 81, 34, 63, 16, 45, 93, 27, 75, 9, 57, 86, 20, 68, 2, 50, 79, 32, 61, 14, 43, 91, 25, 73, 7, 55, 84, 37, 66, 19, 48, 77, 30, 59, 12, 
41, 89, 23, 71, 5, 53, 82, 35, 64, 17, 46, 94, 28, 76, 10, 39, 87, 21, 69, 3, 51, 80, 33, 62, 15, 44, 92, 26, 74, 8, 56, 85, 38, 67),  (1, 67,
38, 85, 56, 8, 74, 26, 92, 44, 15, 62, 33, 80, 51, 3, 69, 21, 87, 39, 10, 76, 28, 94, 46, 17, 64, 35, 82, 53, 5, 71, 23, 89, 41, 12, 59, 30, 
77, 48, 19, 66, 37, 84, 55, 7, 73, 25, 91, 43, 14, 61, 32, 79, 50, 2, 68, 20, 86, 57, 9, 75, 27, 93, 45, 16, 63, 34, 81, 52, 4, 70, 22, 88, 
40, 11, 58, 29, 95, 47, 18, 65, 36, 83, 54, 6, 72, 24, 90, 42, 13, 60, 31, 78, 49),  ], [  (1, 48, 95, 28, 75, 8, 55, 83, 35, 63, 15, 43, 90, 
23, 70, 3, 50, 78, 30, 58, 10, 57, 85, 37, 65, 17, 45, 92, 25, 72, 5, 52, 80, 32, 60, 12, 40, 87, 20, 67, 19, 47, 94, 27, 74, 7, 54, 82, 34, 
62, 14, 42, 89, 22, 69, 2, 49, 77, 29, 76, 9, 56, 84, 36, 64, 16, 44, 91, 24, 71, 4, 51, 79, 31, 59, 11, 39, 86, 38, 66, 18, 46, 93, 26, 73, 
6, 53, 81, 33, 61, 13, 41, 88, 21, 68),  (1, 68, 21, 88, 41, 13, 61, 33, 81, 53, 6, 73, 26, 93, 46, 18, 66, 38, 86, 39, 11, 59, 31, 79, 51, 4,
71, 24, 91, 44, 16, 64, 36, 84, 56, 9, 76, 29, 77, 49, 2, 69, 22, 89, 42, 14, 62, 34, 82, 54, 7, 74, 27, 94, 47, 19, 67, 20, 87, 40, 12, 60, 
32, 80, 52, 5, 72, 25, 92, 45, 17, 65, 37, 85, 57, 10, 58, 30, 78, 50, 3, 70, 23, 90, 43, 15, 63, 35, 83, 55, 8, 75, 28, 95, 48),  ], [  (1, 
21, 41, 61, 81, 6, 26, 46, 66, 86, 11, 31, 51, 71, 91, 16, 36, 56, 76, 77, 2, 22, 42, 62, 82, 7, 27, 47, 67, 87, 12, 32, 52, 72, 92, 17, 37, 
57, 58, 78, 3, 23, 43, 63, 83, 8, 28, 48, 68, 88, 13, 33, 53, 73, 93, 18, 38, 39, 59, 79, 4, 24, 44, 64, 84, 9, 29, 49, 69, 89, 14, 34, 54, 
74, 94, 19, 20, 40, 60, 80, 5, 25, 45, 65, 85, 10, 30, 50, 70, 90, 15, 35, 55, 75, 95),  (1, 95, 75, 55, 35, 15, 90, 70, 50, 30, 10, 85, 65, 
45, 25, 5, 80, 60, 40, 20, 19, 94, 74, 54, 34, 14, 89, 69, 49, 29, 9, 84, 64, 44, 24, 4, 79, 59, 39, 38, 18, 93, 73, 53, 33, 13, 88, 68, 48, 
28, 8, 83, 63, 43, 23, 3, 78, 58, 57, 37, 17, 92, 72, 52, 32, 12, 87, 67, 47, 27, 7, 82, 62, 42, 22, 2, 77, 76, 56, 36, 16, 91, 71, 51, 31, 
11, 86, 66, 46, 26, 6, 81, 61, 41, 21),  ], [  (1, 38, 56, 74, 92, 15, 33, 51, 69, 87, 10, 28, 46, 64, 82, 5, 23, 41, 59, 77, 19, 37, 55, 73, 
91, 14, 32, 50, 68, 86, 9, 27, 45, 63, 81, 4, 22, 40, 58, 95, 18, 36, 54, 72, 90, 13, 31, 49, 67, 85, 8, 26, 44, 62, 80, 3, 21, 39, 76, 94, 
17, 35, 53, 71, 89, 12, 30, 48, 66, 84, 7, 25, 43, 61, 79, 2, 20, 57, 75, 93, 16, 34, 52, 70, 88, 11, 29, 47, 65, 83, 6, 24, 42, 60, 78),  (1,
78, 60, 42, 24, 6, 83, 65, 47, 29, 11, 88, 70, 52, 34, 16, 93, 75, 57, 20, 2, 79, 61, 43, 25, 7, 84, 66, 48, 30, 12, 89, 71, 53, 35, 17, 94, 
76, 39, 21, 3, 80, 62, 44, 26, 8, 85, 67, 49, 31, 13, 90, 72, 54, 36, 18, 95, 58, 40, 22, 4, 81, 63, 45, 27, 9, 86, 68, 50, 32, 14, 91, 73, 
55, 37, 19, 77, 59, 41, 23, 5, 82, 64, 46, 28, 10, 87, 69, 51, 33, 15, 92, 74, 56, 38),  ], [  (1, 12, 4, 15, 7, 18, 10, 2, 13, 5, 16, 8, 19, 
11, 3, 14, 6, 17, 9)(20, 31, 23, 34, 26, 37, 29, 21, 32, 24, 35, 27, 38, 30, 22, 33, 25, 36, 28)(39, 50, 42, 53, 45, 56, 48, 40, 51, 43, 54, 
46, 57, 49, 41, 52, 44, 55, 47)(58, 69, 61, 72, 64, 75, 67, 59, 70, 62, 73, 65, 76, 68, 60, 71, 63, 74, 66)(77, 88, 80, 91, 83, 94, 86, 78, 
89, 81, 92, 84, 95, 87, 79, 90, 82, 93, 85),  (1, 9, 17, 6, 14, 3, 11, 19, 8, 16, 5, 13, 2, 10, 18, 7, 15, 4, 12)(20, 28, 36, 25, 33, 22, 30, 
38, 27, 35, 24, 32, 21, 29, 37, 26, 34, 23, 31)(39, 47, 55, 44, 52, 41, 49, 57, 46, 54, 43, 51, 40, 48, 56, 45, 53, 42, 50)(58, 66, 74, 63, 
71, 60, 68, 76, 65, 73, 62, 70, 59, 67, 75, 64, 72, 61, 69)(77, 85, 93, 82, 90, 79, 87, 95, 84, 92, 81, 89, 78, 86, 94, 83, 91, 80, 88),  ], [
(1, 78, 60, 42, 24, 6, 83, 65, 47, 29, 11, 88, 70, 52, 34, 16, 93, 75, 57, 20, 2, 79, 61, 43, 25, 7, 84, 66, 48, 30, 12, 89, 71, 53, 35, 17, 
94, 76, 39, 21, 3, 80, 62, 44, 26, 8, 85, 67, 49, 31, 13, 90, 72, 54, 36, 18, 95, 58, 40, 22, 4, 81, 63, 45, 27, 9, 86, 68, 50, 32, 14, 91, 
73, 55, 37, 19, 77, 59, 41, 23, 5, 82, 64, 46, 28, 10, 87, 69, 51, 33, 15, 92, 74, 56, 38),  (1, 38, 56, 74, 92, 15, 33, 51, 69, 87, 10, 28, 
46, 64, 82, 5, 23, 41, 59, 77, 19, 37, 55, 73, 91, 14, 32, 50, 68, 86, 9, 27, 45, 63, 81, 4, 22, 40, 58, 95, 18, 36, 54, 72, 90, 13, 31, 49, 
67, 85, 8, 26, 44, 62, 80, 3, 21, 39, 76, 94, 17, 35, 53, 71, 89, 12, 30, 48, 66, 84, 7, 25, 43, 61, 79, 2, 20, 57, 75, 93, 16, 34, 52, 70, 
88, 11, 29, 47, 65, 83, 6, 24, 42, 60, 78),  ], [  (1, 68, 21, 88, 41, 13, 61, 33, 81, 53, 6, 73, 26, 93, 46, 18, 66, 38, 86, 39, 11, 59, 31, 
79, 51, 4, 71, 24, 91, 44, 16, 64, 36, 84, 56, 9, 76, 29, 77, 49, 2, 69, 22, 89, 42, 14, 62, 34, 82, 54, 7, 74, 27, 94, 47, 19, 67, 20, 87, 
40, 12, 60, 32, 80, 52, 5, 72, 25, 92, 45, 17, 65, 37, 85, 57, 10, 58, 30, 78, 50, 3, 70, 23, 90, 43, 15, 63, 35, 83, 55, 8, 75, 28, 95, 48), 
(1, 48, 95, 28, 75, 8, 55, 83, 35, 63, 15, 43, 90, 23, 70, 3, 50, 78, 30, 58, 10, 57, 85, 37, 65, 17, 45, 92, 25, 72, 5, 52, 80, 32, 60, 12, 
40, 87, 20, 67, 19, 47, 94, 27, 74, 7, 54, 82, 34, 62, 14, 42, 89, 22, 69, 2, 49, 77, 29, 76, 9, 56, 84, 36, 64, 16, 44, 91, 24, 71, 4, 51, 
79, 31, 59, 11, 39, 86, 38, 66, 18, 46, 93, 26, 73, 6, 53, 81, 33, 61, 13, 41, 88, 21, 68),  ], [  (1, 67, 38, 85, 56, 8, 74, 26, 92, 44, 15, 
62, 33, 80, 51, 3, 69, 21, 87, 39, 10, 76, 28, 94, 46, 17, 64, 35, 82, 53, 5, 71, 23, 89, 41, 12, 59, 30, 77, 48, 19, 66, 37, 84, 55, 7, 73, 
25, 91, 43, 14, 61, 32, 79, 50, 2, 68, 20, 86, 57, 9, 75, 27, 93, 45, 16, 63, 34, 81, 52, 4, 70, 22, 88, 40, 11, 58, 29, 95, 47, 18, 65, 36, 
83, 54, 6, 72, 24, 90, 42, 13, 60, 31, 78, 49),  (1, 49, 78, 31, 60, 13, 42, 90, 24, 72, 6, 54, 83, 36, 65, 18, 47, 95, 29, 58, 11, 40, 88, 
22, 70, 4, 52, 81, 34, 63, 16, 45, 93, 27, 75, 9, 57, 86, 20, 68, 2, 50, 79, 32, 61, 14, 43, 91, 25, 73, 7, 55, 84, 37, 66, 19, 48, 77, 30, 
59, 12, 41, 89, 23, 71, 5, 53, 82, 35, 64, 17, 46, 94, 28, 76, 10, 39, 87, 21, 69, 3, 51, 80, 33, 62, 15, 44, 92, 26, 74, 8, 56, 85, 38, 67), 
], [  (1, 95, 75, 55, 35, 15, 90, 70, 50, 30, 10, 85, 65, 45, 25, 5, 80, 60, 40, 20, 19, 94, 74, 54, 34, 14, 89, 69, 49, 29, 9, 84, 64, 44, 
24, 4, 79, 59, 39, 38, 18, 93, 73, 53, 33, 13, 88, 68, 48, 28, 8, 83, 63, 43, 23, 3, 78, 58, 57, 37, 17, 92, 72, 52, 32, 12, 87, 67, 47, 27, 
7, 82, 62, 42, 22, 2, 77, 76, 56, 36, 16, 91, 71, 51, 31, 11, 86, 66, 46, 26, 6, 81, 61, 41, 21),  (1, 21, 41, 61, 81, 6, 26, 46, 66, 86, 11, 
31, 51, 71, 91, 16, 36, 56, 76, 77, 2, 22, 42, 62, 82, 7, 27, 47, 67, 87, 12, 32, 52, 72, 92, 17, 37, 57, 58, 78, 3, 23, 43, 63, 83, 8, 28, 
48, 68, 88, 13, 33, 53, 73, 93, 18, 38, 39, 59, 79, 4, 24, 44, 64, 84, 9, 29, 49, 69, 89, 14, 34, 54, 74, 94, 19, 20, 40, 60, 80, 5, 25, 45, 
65, 85, 10, 30, 50, 70, 90, 15, 35, 55, 75, 95),  ], [  (1, 9, 17, 6, 14, 3, 11, 19, 8, 16, 5, 13, 2, 10, 18, 7, 15, 4, 12)(20, 28, 36, 25, 
33, 22, 30, 38, 27, 35, 24, 32, 21, 29, 37, 26, 34, 23, 31)(39, 47, 55, 44, 52, 41, 49, 57, 46, 54, 43, 51, 40, 48, 56, 45, 53, 42, 50)(58, 
66, 74, 63, 71, 60, 68, 76, 65, 73, 62, 70, 59, 67, 75, 64, 72, 61, 69)(77, 85, 93, 82, 90, 79, 87, 95, 84, 92, 81, 89, 78, 86, 94, 83, 91, 
80, 88),  (1, 12, 4, 15, 7, 18, 10, 2, 13, 5, 16, 8, 19, 11, 3, 14, 6, 17, 9)(20, 31, 23, 34, 26, 37, 29, 21, 32, 24, 35, 27, 38, 30, 22, 33, 
25, 36, 28)(39, 50, 42, 53, 45, 56, 48, 40, 51, 43, 54, 46, 57, 49, 41, 52, 44, 55, 47)(58, 69, 61, 72, 64, 75, 67, 59, 70, 62, 73, 65, 76, 
68, 60, 71, 63, 74, 66)(77, 88, 80, 91, 83, 94, 86, 78, 89, 81, 92, 84, 95, 87, 79, 90, 82, 93, 85),  ], [  (1, 40, 79, 23, 62, 6, 45, 84, 28,
67, 11, 50, 89, 33, 72, 16, 55, 94, 38, 58, 2, 41, 80, 24, 63, 7, 46, 85, 29, 68, 12, 51, 90, 34, 73, 17, 56, 95, 20, 59, 3, 42, 81, 25, 64, 
8, 47, 86, 30, 69, 13, 52, 91, 35, 74, 18, 57, 77, 21, 60, 4, 43, 82, 26, 65, 9, 48, 87, 31, 70, 14, 53, 92, 36, 75, 19, 39, 78, 22, 61, 5, 
44, 83, 27, 66, 10, 49, 88, 32, 71, 15, 54, 93, 37, 76),  (1, 76, 37, 93, 54, 15, 71, 32, 88, 49, 10, 66, 27, 83, 44, 5, 61, 22, 78, 39, 19, 
75, 36, 92, 53, 14, 70, 31, 87, 48, 9, 65, 26, 82, 43, 4, 60, 21, 77, 57, 18, 74, 35, 91, 52, 13, 69, 30, 86, 47, 8, 64, 25, 81, 42, 3, 59, 
20, 95, 56, 17, 73, 34, 90, 51, 12, 68, 29, 85, 46, 7, 63, 24, 80, 41, 2, 58, 38, 94, 55, 16, 72, 33, 89, 50, 11, 67, 28, 84, 45, 6, 62, 23, 
79, 40),  ], [  (1, 57, 94, 36, 73, 15, 52, 89, 31, 68, 10, 47, 84, 26, 63, 5, 42, 79, 21, 58, 19, 56, 93, 35, 72, 14, 51, 88, 30, 67, 9, 46, 
83, 25, 62, 4, 41, 78, 20, 76, 18, 55, 92, 34, 71, 13, 50, 87, 29, 66, 8, 45, 82, 24, 61, 3, 40, 77, 38, 75, 17, 54, 91, 33, 70, 12, 49, 86, 
28, 65, 7, 44, 81, 23, 60, 2, 39, 95, 37, 74, 16, 53, 90, 32, 69, 11, 48, 85, 27, 64, 6, 43, 80, 22, 59),  (1, 59, 22, 80, 43, 6, 64, 27, 85, 
48, 11, 69, 32, 90, 53, 16, 74, 37, 95, 39, 2, 60, 23, 81, 44, 7, 65, 28, 86, 49, 12, 70, 33, 91, 54, 17, 75, 38, 77, 40, 3, 61, 24, 82, 45, 
8, 66, 29, 87, 50, 13, 71, 34, 92, 55, 18, 76, 20, 78, 41, 4, 62, 25, 83, 46, 9, 67, 30, 88, 51, 14, 72, 35, 93, 56, 19, 58, 21, 79, 42, 5, 
63, 26, 84, 47, 10, 68, 31, 89, 52, 15, 73, 36, 94, 57),  ], [  (1, 31, 42, 72, 83, 18, 29, 40, 70, 81, 16, 27, 57, 68, 79, 14, 25, 55, 66, 
77, 12, 23, 53, 64, 94, 10, 21, 51, 62, 92, 8, 38, 49, 60, 90, 6, 36, 47, 58, 88, 4, 34, 45, 75, 86, 2, 32, 43, 73, 84, 19, 30, 41, 71, 82, 
17, 28, 39, 69, 80, 15, 26, 56, 67, 78, 13, 24, 54, 65, 95, 11, 22, 52, 63, 93, 9, 20, 50, 61, 91, 7, 37, 48, 59, 89, 5, 35, 46, 76, 87, 3, 
33, 44, 74, 85),  (1, 85, 74, 44, 33, 3, 87, 76, 46, 35, 5, 89, 59, 48, 37, 7, 91, 61, 50, 20, 9, 93, 63, 52, 22, 11, 95, 65, 54, 24, 13, 78, 
67, 56, 26, 15, 80, 69, 39, 28, 17, 82, 71, 41, 30, 19, 84, 73, 43, 32, 2, 86, 75, 45, 34, 4, 88, 58, 47, 36, 6, 90, 60, 49, 38, 8, 92, 62, 
51, 21, 10, 94, 64, 53, 23, 12, 77, 66, 55, 25, 14, 79, 68, 57, 27, 16, 81, 70, 40, 29, 18, 83, 72, 42, 31),  ], [  (1, 28, 55, 63, 90, 3, 30,
57, 65, 92, 5, 32, 40, 67, 94, 7, 34, 42, 69, 77, 9, 36, 44, 71, 79, 11, 38, 46, 73, 81, 13, 21, 48, 75, 83, 15, 23, 50, 58, 85, 17, 25, 52, 
60, 87, 19, 27, 54, 62, 89, 2, 29, 56, 64, 91, 4, 31, 39, 66, 93, 6, 33, 41, 68, 95, 8, 35, 43, 70, 78, 10, 37, 45, 72, 80, 12, 20, 47, 74, 
82, 14, 22, 49, 76, 84, 16, 24, 51, 59, 86, 18, 26, 53, 61, 88),  (1, 88, 61, 53, 26, 18, 86, 59, 51, 24, 16, 84, 76, 49, 22, 14, 82, 74, 47, 
20, 12, 80, 72, 45, 37, 10, 78, 70, 43, 35, 8, 95, 68, 41, 33, 6, 93, 66, 39, 31, 4, 91, 64, 56, 29, 2, 89, 62, 54, 27, 19, 87, 60, 52, 25, 
17, 85, 58, 50, 23, 15, 83, 75, 48, 21, 13, 81, 73, 46, 38, 11, 79, 71, 44, 36, 9, 77, 69, 42, 34, 7, 94, 67, 40, 32, 5, 92, 65, 57, 30, 3, 
90, 63, 55, 28),  ], [  (1, 3, 5, 7, 9, 11, 13, 15, 17, 19, 2, 4, 6, 8, 10, 12, 14, 16, 18)(20, 22, 24, 26, 28, 30, 32, 34, 36, 38, 21, 23, 
25, 27, 29, 31, 33, 35, 37)(39, 41, 43, 45, 47, 49, 51, 53, 55, 57, 40, 42, 44, 46, 48, 50, 52, 54, 56)(58, 60, 62, 64, 66, 68, 70, 72, 74, 
76, 59, 61, 63, 65, 67, 69, 71, 73, 75)(77, 79, 81, 83, 85, 87, 89, 91, 93, 95, 78, 80, 82, 84, 86, 88, 90, 92, 94),  (1, 18, 16, 14, 12, 10, 
8, 6, 4, 2, 19, 17, 15, 13, 11, 9, 7, 5, 3)(20, 37, 35, 33, 31, 29, 27, 25, 23, 21, 38, 36, 34, 32, 30, 28, 26, 24, 22)(39, 56, 54, 52, 50, 
48, 46, 44, 42, 40, 57, 55, 53, 51, 49, 47, 45, 43, 41)(58, 75, 73, 71, 69, 67, 65, 63, 61, 59, 76, 74, 72, 70, 68, 66, 64, 62, 60)(77, 94, 
92, 90, 88, 86, 84, 82, 80, 78, 95, 93, 91, 89, 87, 85, 83, 81, 79),  ], [  (1, 88, 61, 53, 26, 18, 86, 59, 51, 24, 16, 84, 76, 49, 22, 14, 
82, 74, 47, 20, 12, 80, 72, 45, 37, 10, 78, 70, 43, 35, 8, 95, 68, 41, 33, 6, 93, 66, 39, 31, 4, 91, 64, 56, 29, 2, 89, 62, 54, 27, 19, 87, 
60, 52, 25, 17, 85, 58, 50, 23, 15, 83, 75, 48, 21, 13, 81, 73, 46, 38, 11, 79, 71, 44, 36, 9, 77, 69, 42, 34, 7, 94, 67, 40, 32, 5, 92, 65, 
57, 30, 3, 90, 63, 55, 28),  (1, 28, 55, 63, 90, 3, 30, 57, 65, 92, 5, 32, 40, 67, 94, 7, 34, 42, 69, 77, 9, 36, 44, 71, 79, 11, 38, 46, 73, 
81, 13, 21, 48, 75, 83, 15, 23, 50, 58, 85, 17, 25, 52, 60, 87, 19, 27, 54, 62, 89, 2, 29, 56, 64, 91, 4, 31, 39, 66, 93, 6, 33, 41, 68, 95, 
8, 35, 43, 70, 78, 10, 37, 45, 72, 80, 12, 20, 47, 74, 82, 14, 22, 49, 76, 84, 16, 24, 51, 59, 86, 18, 26, 53, 61, 88),  ], [  (1, 59, 22, 80,
43, 6, 64, 27, 85, 48, 11, 69, 32, 90, 53, 16, 74, 37, 95, 39, 2, 60, 23, 81, 44, 7, 65, 28, 86, 49, 12, 70, 33, 91, 54, 17, 75, 38, 77, 40, 
3, 61, 24, 82, 45, 8, 66, 29, 87, 50, 13, 71, 34, 92, 55, 18, 76, 20, 78, 41, 4, 62, 25, 83, 46, 9, 67, 30, 88, 51, 14, 72, 35, 93, 56, 19, 
58, 21, 79, 42, 5, 63, 26, 84, 47, 10, 68, 31, 89, 52, 15, 73, 36, 94, 57),  (1, 57, 94, 36, 73, 15, 52, 89, 31, 68, 10, 47, 84, 26, 63, 5, 
42, 79, 21, 58, 19, 56, 93, 35, 72, 14, 51, 88, 30, 67, 9, 46, 83, 25, 62, 4, 41, 78, 20, 76, 18, 55, 92, 34, 71, 13, 50, 87, 29, 66, 8, 45, 
82, 24, 61, 3, 40, 77, 38, 75, 17, 54, 91, 33, 70, 12, 49, 86, 28, 65, 7, 44, 81, 23, 60, 2, 39, 95, 37, 74, 16, 53, 90, 32, 69, 11, 48, 85, 
27, 64, 6, 43, 80, 22, 59),  ], [  (1, 76, 37, 93, 54, 15, 71, 32, 88, 49, 10, 66, 27, 83, 44, 5, 61, 22, 78, 39, 19, 75, 36, 92, 53, 14, 70, 
31, 87, 48, 9, 65, 26, 82, 43, 4, 60, 21, 77, 57, 18, 74, 35, 91, 52, 13, 69, 30, 86, 47, 8, 64, 25, 81, 42, 3, 59, 20, 95, 56, 17, 73, 34, 
90, 51, 12, 68, 29, 85, 46, 7, 63, 24, 80, 41, 2, 58, 38, 94, 55, 16, 72, 33, 89, 50, 11, 67, 28, 84, 45, 6, 62, 23, 79, 40),  (1, 40, 79, 23,
62, 6, 45, 84, 28, 67, 11, 50, 89, 33, 72, 16, 55, 94, 38, 58, 2, 41, 80, 24, 63, 7, 46, 85, 29, 68, 12, 51, 90, 34, 73, 17, 56, 95, 20, 59, 
3, 42, 81, 25, 64, 8, 47, 86, 30, 69, 13, 52, 91, 35, 74, 18, 57, 77, 21, 60, 4, 43, 82, 26, 65, 9, 48, 87, 31, 70, 14, 53, 92, 36, 75, 19, 
39, 78, 22, 61, 5, 44, 83, 27, 66, 10, 49, 88, 32, 71, 15, 54, 93, 37, 76),  ], [  (1, 85, 74, 44, 33, 3, 87, 76, 46, 35, 5, 89, 59, 48, 37, 
7, 91, 61, 50, 20, 9, 93, 63, 52, 22, 11, 95, 65, 54, 24, 13, 78, 67, 56, 26, 15, 80, 69, 39, 28, 17, 82, 71, 41, 30, 19, 84, 73, 43, 32, 2, 
86, 75, 45, 34, 4, 88, 58, 47, 36, 6, 90, 60, 49, 38, 8, 92, 62, 51, 21, 10, 94, 64, 53, 23, 12, 77, 66, 55, 25, 14, 79, 68, 57, 27, 16, 81, 
70, 40, 29, 18, 83, 72, 42, 31),  (1, 31, 42, 72, 83, 18, 29, 40, 70, 81, 16, 27, 57, 68, 79, 14, 25, 55, 66, 77, 12, 23, 53, 64, 94, 10, 21, 
51, 62, 92, 8, 38, 49, 60, 90, 6, 36, 47, 58, 88, 4, 34, 45, 75, 86, 2, 32, 43, 73, 84, 19, 30, 41, 71, 82, 17, 28, 39, 69, 80, 15, 26, 56, 
67, 78, 13, 24, 54, 65, 95, 11, 22, 52, 63, 93, 9, 20, 50, 61, 91, 7, 37, 48, 59, 89, 5, 35, 46, 76, 87, 3, 33, 44, 74, 85),  ], [  (1, 18, 
16, 14, 12, 10, 8, 6, 4, 2, 19, 17, 15, 13, 11, 9, 7, 5, 3)(20, 37, 35, 33, 31, 29, 27, 25, 23, 21, 38, 36, 34, 32, 30, 28, 26, 24, 22)(39, 
56, 54, 52, 50, 48, 46, 44, 42, 40, 57, 55, 53, 51, 49, 47, 45, 43, 41)(58, 75, 73, 71, 69, 67, 65, 63, 61, 59, 76, 74, 72, 70, 68, 66, 64, 
62, 60)(77, 94, 92, 90, 88, 86, 84, 82, 80, 78, 95, 93, 91, 89, 87, 85, 83, 81, 79),  (1, 3, 5, 7, 9, 11, 13, 15, 17, 19, 2, 4, 6, 8, 10, 12, 
14, 16, 18)(20, 22, 24, 26, 28, 30, 32, 34, 36, 38, 21, 23, 25, 27, 29, 31, 33, 35, 37)(39, 41, 43, 45, 47, 49, 51, 53, 55, 57, 40, 42, 44, 
46, 48, 50, 52, 54, 56)(58, 60, 62, 64, 66, 68, 70, 72, 74, 76, 59, 61, 63, 65, 67, 69, 71, 73, 75)(77, 79, 81, 83, 85, 87, 89, 91, 93, 95, 
78, 80, 82, 84, 86, 88, 90, 92, 94),  ], [  (1, 50, 80, 34, 64, 18, 48, 78, 32, 62, 16, 46, 95, 30, 60, 14, 44, 93, 28, 58, 12, 42, 91, 26, 
75, 10, 40, 89, 24, 73, 8, 57, 87, 22, 71, 6, 55, 85, 20, 69, 4, 53, 83, 37, 67, 2, 51, 81, 35, 65, 19, 49, 79, 33, 63, 17, 47, 77, 31, 61, 
15, 45, 94, 29, 59, 13, 43, 92, 27, 76, 11, 41, 90, 25, 74, 9, 39, 88, 23, 72, 7, 56, 86, 21, 70, 5, 54, 84, 38, 68, 3, 52, 82, 36, 66),  (1, 
66, 36, 82, 52, 3, 68, 38, 84, 54, 5, 70, 21, 86, 56, 7, 72, 23, 88, 39, 9, 74, 25, 90, 41, 11, 76, 27, 92, 43, 13, 59, 29, 94, 45, 15, 61, 
31, 77, 47, 17, 63, 33, 79, 49, 19, 65, 35, 81, 51, 2, 67, 37, 83, 53, 4, 69, 20, 85, 55, 6, 71, 22, 87, 57, 8, 73, 24, 89, 40, 10, 75, 26, 
91, 42, 12, 58, 28, 93, 44, 14, 60, 30, 95, 46, 16, 62, 32, 78, 48, 18, 64, 34, 80, 50),  ], [  (1, 47, 93, 25, 71, 3, 49, 95, 27, 73, 5, 51, 
78, 29, 75, 7, 53, 80, 31, 58, 9, 55, 82, 33, 60, 11, 57, 84, 35, 62, 13, 40, 86, 37, 64, 15, 42, 88, 20, 66, 17, 44, 90, 22, 68, 19, 46, 92, 
24, 70, 2, 48, 94, 26, 72, 4, 50, 77, 28, 74, 6, 52, 79, 30, 76, 8, 54, 81, 32, 59, 10, 56, 83, 34, 61, 12, 39, 85, 36, 63, 14, 41, 87, 38, 
65, 16, 43, 89, 21, 67, 18, 45, 91, 23, 69),  (1, 69, 23, 91, 45, 18, 67, 21, 89, 43, 16, 65, 38, 87, 41, 14, 63, 36, 85, 39, 12, 61, 34, 83, 
56, 10, 59, 32, 81, 54, 8, 76, 30, 79, 52, 6, 74, 28, 77, 50, 4, 72, 26, 94, 48, 2, 70, 24, 92, 46, 19, 68, 22, 90, 44, 17, 66, 20, 88, 42, 
15, 64, 37, 86, 40, 13, 62, 35, 84, 57, 11, 60, 33, 82, 55, 9, 58, 31, 80, 53, 7, 75, 29, 78, 51, 5, 73, 27, 95, 49, 3, 71, 25, 93, 47),  ], [
(1, 22, 43, 64, 85, 11, 32, 53, 74, 95, 2, 23, 44, 65, 86, 12, 33, 54, 75, 77, 3, 24, 45, 66, 87, 13, 34, 55, 76, 78, 4, 25, 46, 67, 88, 14, 
35, 56, 58, 79, 5, 26, 47, 68, 89, 15, 36, 57, 59, 80, 6, 27, 48, 69, 90, 16, 37, 39, 60, 81, 7, 28, 49, 70, 91, 17, 38, 40, 61, 82, 8, 29, 
50, 71, 92, 18, 20, 41, 62, 83, 9, 30, 51, 72, 93, 19, 21, 42, 63, 84, 10, 31, 52, 73, 94),  (1, 94, 73, 52, 31, 10, 84, 63, 42, 21, 19, 93, 
72, 51, 30, 9, 83, 62, 41, 20, 18, 92, 71, 50, 29, 8, 82, 61, 40, 38, 17, 91, 70, 49, 28, 7, 81, 60, 39, 37, 16, 90, 69, 48, 27, 6, 80, 59, 
57, 36, 15, 89, 68, 47, 26, 5, 79, 58, 56, 35, 14, 88, 67, 46, 25, 4, 78, 76, 55, 34, 13, 87, 66, 45, 24, 3, 77, 75, 54, 33, 12, 86, 65, 44, 
23, 2, 95, 74, 53, 32, 11, 85, 64, 43, 22),  ], [  (1, 37, 54, 71, 88, 10, 27, 44, 61, 78, 19, 36, 53, 70, 87, 9, 26, 43, 60, 77, 18, 35, 52, 
69, 86, 8, 25, 42, 59, 95, 17, 34, 51, 68, 85, 7, 24, 41, 58, 94, 16, 33, 50, 67, 84, 6, 23, 40, 76, 93, 15, 32, 49, 66, 83, 5, 22, 39, 75, 
92, 14, 31, 48, 65, 82, 4, 21, 57, 74, 91, 13, 30, 47, 64, 81, 3, 20, 56, 73, 90, 12, 29, 46, 63, 80, 2, 38, 55, 72, 89, 11, 28, 45, 62, 79), 
(1, 79, 62, 45, 28, 11, 89, 72, 55, 38, 2, 80, 63, 46, 29, 12, 90, 73, 56, 20, 3, 81, 64, 47, 30, 13, 91, 74, 57, 21, 4, 82, 65, 48, 31, 14, 
92, 75, 39, 22, 5, 83, 66, 49, 32, 15, 93, 76, 40, 23, 6, 84, 67, 50, 33, 16, 94, 58, 41, 24, 7, 85, 68, 51, 34, 17, 95, 59, 42, 25, 8, 86, 
69, 52, 35, 18, 77, 60, 43, 26, 9, 87, 70, 53, 36, 19, 78, 61, 44, 27, 10, 88, 71, 54, 37),  ], [  (1, 13, 6, 18, 11, 4, 16, 9, 2, 14, 7, 19, 
12, 5, 17, 10, 3, 15, 8)(20, 32, 25, 37, 30, 23, 35, 28, 21, 33, 26, 38, 31, 24, 36, 29, 22, 34, 27)(39, 51, 44, 56, 49, 42, 54, 47, 40, 52, 
45, 57, 50, 43, 55, 48, 41, 53, 46)(58, 70, 63, 75, 68, 61, 73, 66, 59, 71, 64, 76, 69, 62, 74, 67, 60, 72, 65)(77, 89, 82, 94, 87, 80, 92, 
85, 78, 90, 83, 95, 88, 81, 93, 86, 79, 91, 84),  (1, 8, 15, 3, 10, 17, 5, 12, 19, 7, 14, 2, 9, 16, 4, 11, 18, 6, 13)(20, 27, 34, 22, 29, 36, 
24, 31, 38, 26, 33, 21, 28, 35, 23, 30, 37, 25, 32)(39, 46, 53, 41, 48, 55, 43, 50, 57, 45, 52, 40, 47, 54, 42, 49, 56, 44, 51)(58, 65, 72, 
60, 67, 74, 62, 69, 76, 64, 71, 59, 66, 73, 61, 68, 75, 63, 70)(77, 84, 91, 79, 86, 93, 81, 88, 95, 83, 90, 78, 85, 92, 80, 87, 94, 82, 89),  
], [  (1, 79, 62, 45, 28, 11, 89, 72, 55, 38, 2, 80, 63, 46, 29, 12, 90, 73, 56, 20, 3, 81, 64, 47, 30, 13, 91, 74, 57, 21, 4, 82, 65, 48, 31,
14, 92, 75, 39, 22, 5, 83, 66, 49, 32, 15, 93, 76, 40, 23, 6, 84, 67, 50, 33, 16, 94, 58, 41, 24, 7, 85, 68, 51, 34, 17, 95, 59, 42, 25, 8, 
86, 69, 52, 35, 18, 77, 60, 43, 26, 9, 87, 70, 53, 36, 19, 78, 61, 44, 27, 10, 88, 71, 54, 37),  (1, 37, 54, 71, 88, 10, 27, 44, 61, 78, 19, 
36, 53, 70, 87, 9, 26, 43, 60, 77, 18, 35, 52, 69, 86, 8, 25, 42, 59, 95, 17, 34, 51, 68, 85, 7, 24, 41, 58, 94, 16, 33, 50, 67, 84, 6, 23, 
40, 76, 93, 15, 32, 49, 66, 83, 5, 22, 39, 75, 92, 14, 31, 48, 65, 82, 4, 21, 57, 74, 91, 13, 30, 47, 64, 81, 3, 20, 56, 73, 90, 12, 29, 46, 
63, 80, 2, 38, 55, 72, 89, 11, 28, 45, 62, 79),  ], [  (1, 69, 23, 91, 45, 18, 67, 21, 89, 43, 16, 65, 38, 87, 41, 14, 63, 36, 85, 39, 12, 61,
34, 83, 56, 10, 59, 32, 81, 54, 8, 76, 30, 79, 52, 6, 74, 28, 77, 50, 4, 72, 26, 94, 48, 2, 70, 24, 92, 46, 19, 68, 22, 90, 44, 17, 66, 20, 
88, 42, 15, 64, 37, 86, 40, 13, 62, 35, 84, 57, 11, 60, 33, 82, 55, 9, 58, 31, 80, 53, 7, 75, 29, 78, 51, 5, 73, 27, 95, 49, 3, 71, 25, 93, 
47),  (1, 47, 93, 25, 71, 3, 49, 95, 27, 73, 5, 51, 78, 29, 75, 7, 53, 80, 31, 58, 9, 55, 82, 33, 60, 11, 57, 84, 35, 62, 13, 40, 86, 37, 64, 
15, 42, 88, 20, 66, 17, 44, 90, 22, 68, 19, 46, 92, 24, 70, 2, 48, 94, 26, 72, 4, 50, 77, 28, 74, 6, 52, 79, 30, 76, 8, 54, 81, 32, 59, 10, 
56, 83, 34, 61, 12, 39, 85, 36, 63, 14, 41, 87, 38, 65, 16, 43, 89, 21, 67, 18, 45, 91, 23, 69),  ], [  (1, 66, 36, 82, 52, 3, 68, 38, 84, 54,
5, 70, 21, 86, 56, 7, 72, 23, 88, 39, 9, 74, 25, 90, 41, 11, 76, 27, 92, 43, 13, 59, 29, 94, 45, 15, 61, 31, 77, 47, 17, 63, 33, 79, 49, 19, 
65, 35, 81, 51, 2, 67, 37, 83, 53, 4, 69, 20, 85, 55, 6, 71, 22, 87, 57, 8, 73, 24, 89, 40, 10, 75, 26, 91, 42, 12, 58, 28, 93, 44, 14, 60, 
30, 95, 46, 16, 62, 32, 78, 48, 18, 64, 34, 80, 50),  (1, 50, 80, 34, 64, 18, 48, 78, 32, 62, 16, 46, 95, 30, 60, 14, 44, 93, 28, 58, 12, 42, 
91, 26, 75, 10, 40, 89, 24, 73, 8, 57, 87, 22, 71, 6, 55, 85, 20, 69, 4, 53, 83, 37, 67, 2, 51, 81, 35, 65, 19, 49, 79, 33, 63, 17, 47, 77, 
31, 61, 15, 45, 94, 29, 59, 13, 43, 92, 27, 76, 11, 41, 90, 25, 74, 9, 39, 88, 23, 72, 7, 56, 86, 21, 70, 5, 54, 84, 38, 68, 3, 52, 82, 36, 
66),  ], [  (1, 94, 73, 52, 31, 10, 84, 63, 42, 21, 19, 93, 72, 51, 30, 9, 83, 62, 41, 20, 18, 92, 71, 50, 29, 8, 82, 61, 40, 38, 17, 91, 70, 
49, 28, 7, 81, 60, 39, 37, 16, 90, 69, 48, 27, 6, 80, 59, 57, 36, 15, 89, 68, 47, 26, 5, 79, 58, 56, 35, 14, 88, 67, 46, 25, 4, 78, 76, 55, 
34, 13, 87, 66, 45, 24, 3, 77, 75, 54, 33, 12, 86, 65, 44, 23, 2, 95, 74, 53, 32, 11, 85, 64, 43, 22),  (1, 22, 43, 64, 85, 11, 32, 53, 74, 
95, 2, 23, 44, 65, 86, 12, 33, 54, 75, 77, 3, 24, 45, 66, 87, 13, 34, 55, 76, 78, 4, 25, 46, 67, 88, 14, 35, 56, 58, 79, 5, 26, 47, 68, 89, 
15, 36, 57, 59, 80, 6, 27, 48, 69, 90, 16, 37, 39, 60, 81, 7, 28, 49, 70, 91, 17, 38, 40, 61, 82, 8, 29, 50, 71, 92, 18, 20, 41, 62, 83, 9, 
30, 51, 72, 93, 19, 21, 42, 63, 84, 10, 31, 52, 73, 94),  ], [  (1, 8, 15, 3, 10, 17, 5, 12, 19, 7, 14, 2, 9, 16, 4, 11, 18, 6, 13)(20, 27, 
34, 22, 29, 36, 24, 31, 38, 26, 33, 21, 28, 35, 23, 30, 37, 25, 32)(39, 46, 53, 41, 48, 55, 43, 50, 57, 45, 52, 40, 47, 54, 42, 49, 56, 44, 
51)(58, 65, 72, 60, 67, 74, 62, 69, 76, 64, 71, 59, 66, 73, 61, 68, 75, 63, 70)(77, 84, 91, 79, 86, 93, 81, 88, 95, 83, 90, 78, 85, 92, 80, 
87, 94, 82, 89),  (1, 13, 6, 18, 11, 4, 16, 9, 2, 14, 7, 19, 12, 5, 17, 10, 3, 15, 8)(20, 32, 25, 37, 30, 23, 35, 28, 21, 33, 26, 38, 31, 24, 
36, 29, 22, 34, 27)(39, 51, 44, 56, 49, 42, 54, 47, 40, 52, 45, 57, 50, 43, 55, 48, 41, 53, 46)(58, 70, 63, 75, 68, 61, 73, 66, 59, 71, 64, 
76, 69, 62, 74, 67, 60, 72, 65)(77, 89, 82, 94, 87, 80, 92, 85, 78, 90, 83, 95, 88, 81, 93, 86, 79, 91, 84),  ], [  (1, 41, 81, 26, 66, 11, 
51, 91, 36, 76, 2, 42, 82, 27, 67, 12, 52, 92, 37, 58, 3, 43, 83, 28, 68, 13, 53, 93, 38, 59, 4, 44, 84, 29, 69, 14, 54, 94, 20, 60, 5, 45, 
85, 30, 70, 15, 55, 95, 21, 61, 6, 46, 86, 31, 71, 16, 56, 77, 22, 62, 7, 47, 87, 32, 72, 17, 57, 78, 23, 63, 8, 48, 88, 33, 73, 18, 39, 79, 
24, 64, 9, 49, 89, 34, 74, 19, 40, 80, 25, 65, 10, 50, 90, 35, 75),  (1, 75, 35, 90, 50, 10, 65, 25, 80, 40, 19, 74, 34, 89, 49, 9, 64, 24, 
79, 39, 18, 73, 33, 88, 48, 8, 63, 23, 78, 57, 17, 72, 32, 87, 47, 7, 62, 22, 77, 56, 16, 71, 31, 86, 46, 6, 61, 21, 95, 55, 15, 70, 30, 85, 
45, 5, 60, 20, 94, 54, 14, 69, 29, 84, 44, 4, 59, 38, 93, 53, 13, 68, 28, 83, 43, 3, 58, 37, 92, 52, 12, 67, 27, 82, 42, 2, 76, 36, 91, 51, 
11, 66, 26, 81, 41),  ], [  (1, 56, 92, 33, 69, 10, 46, 82, 23, 59, 19, 55, 91, 32, 68, 9, 45, 81, 22, 58, 18, 54, 90, 31, 67, 8, 44, 80, 21, 
76, 17, 53, 89, 30, 66, 7, 43, 79, 20, 75, 16, 52, 88, 29, 65, 6, 42, 78, 38, 74, 15, 51, 87, 28, 64, 5, 41, 77, 37, 73, 14, 50, 86, 27, 63, 
4, 40, 95, 36, 72, 13, 49, 85, 26, 62, 3, 39, 94, 35, 71, 12, 48, 84, 25, 61, 2, 57, 93, 34, 70, 11, 47, 83, 24, 60),  (1, 60, 24, 83, 47, 11,
70, 34, 93, 57, 2, 61, 25, 84, 48, 12, 71, 35, 94, 39, 3, 62, 26, 85, 49, 13, 72, 36, 95, 40, 4, 63, 27, 86, 50, 14, 73, 37, 77, 41, 5, 64, 
28, 87, 51, 15, 74, 38, 78, 42, 6, 65, 29, 88, 52, 16, 75, 20, 79, 43, 7, 66, 30, 89, 53, 17, 76, 21, 80, 44, 8, 67, 31, 90, 54, 18, 58, 22, 
81, 45, 9, 68, 32, 91, 55, 19, 59, 23, 82, 46, 10, 69, 33, 92, 56),  ], [  (1, 32, 44, 75, 87, 4, 35, 47, 59, 90, 7, 38, 50, 62, 93, 10, 22, 
53, 65, 77, 13, 25, 56, 68, 80, 16, 28, 40, 71, 83, 19, 31, 43, 74, 86, 3, 34, 46, 58, 89, 6, 37, 49, 61, 92, 9, 21, 52, 64, 95, 12, 24, 55, 
67, 79, 15, 27, 39, 70, 82, 18, 30, 42, 73, 85, 2, 33, 45, 76, 88, 5, 36, 48, 60, 91, 8, 20, 51, 63, 94, 11, 23, 54, 66, 78, 14, 26, 57, 69, 
81, 17, 29, 41, 72, 84),  (1, 84, 72, 41, 29, 17, 81, 69, 57, 26, 14, 78, 66, 54, 23, 11, 94, 63, 51, 20, 8, 91, 60, 48, 36, 5, 88, 76, 45, 
33, 2, 85, 73, 42, 30, 18, 82, 70, 39, 27, 15, 79, 67, 55, 24, 12, 95, 64, 52, 21, 9, 92, 61, 49, 37, 6, 89, 58, 46, 34, 3, 86, 74, 43, 31, 
19, 83, 71, 40, 28, 16, 80, 68, 56, 25, 13, 77, 65, 53, 22, 10, 93, 62, 50, 38, 7, 90, 59, 47, 35, 4, 87, 75, 44, 32),  ], [  (1, 27, 53, 60, 
86, 17, 24, 50, 76, 83, 14, 21, 47, 73, 80, 11, 37, 44, 70, 77, 8, 34, 41, 67, 93, 5, 31, 57, 64, 90, 2, 28, 54, 61, 87, 18, 25, 51, 58, 84, 
15, 22, 48, 74, 81, 12, 38, 45, 71, 78, 9, 35, 42, 68, 94, 6, 32, 39, 65, 91, 3, 29, 55, 62, 88, 19, 26, 52, 59, 85, 16, 23, 49, 75, 82, 13, 
20, 46, 72, 79, 10, 36, 43, 69, 95, 7, 33, 40, 66, 92, 4, 30, 56, 63, 89),  (1, 89, 63, 56, 30, 4, 92, 66, 40, 33, 7, 95, 69, 43, 36, 10, 79, 
72, 46, 20, 13, 82, 75, 49, 23, 16, 85, 59, 52, 26, 19, 88, 62, 55, 29, 3, 91, 65, 39, 32, 6, 94, 68, 42, 35, 9, 78, 71, 45, 38, 12, 81, 74, 
48, 22, 15, 84, 58, 51, 25, 18, 87, 61, 54, 28, 2, 90, 64, 57, 31, 5, 93, 67, 41, 34, 8, 77, 70, 44, 37, 11, 80, 73, 47, 21, 14, 83, 76, 50, 
24, 17, 86, 60, 53, 27),  ], [  (1, 4, 7, 10, 13, 16, 19, 3, 6, 9, 12, 15, 18, 2, 5, 8, 11, 14, 17)(20, 23, 26, 29, 32, 35, 38, 22, 25, 28, 
31, 34, 37, 21, 24, 27, 30, 33, 36)(39, 42, 45, 48, 51, 54, 57, 41, 44, 47, 50, 53, 56, 40, 43, 46, 49, 52, 55)(58, 61, 64, 67, 70, 73, 76, 
60, 63, 66, 69, 72, 75, 59, 62, 65, 68, 71, 74)(77, 80, 83, 86, 89, 92, 95, 79, 82, 85, 88, 91, 94, 78, 81, 84, 87, 90, 93),  (1, 17, 14, 11, 
8, 5, 2, 18, 15, 12, 9, 6, 3, 19, 16, 13, 10, 7, 4)(20, 36, 33, 30, 27, 24, 21, 37, 34, 31, 28, 25, 22, 38, 35, 32, 29, 26, 23)(39, 55, 52, 
49, 46, 43, 40, 56, 53, 50, 47, 44, 41, 57, 54, 51, 48, 45, 42)(58, 74, 71, 68, 65, 62, 59, 75, 72, 69, 66, 63, 60, 76, 73, 70, 67, 64, 
61)(77, 93, 90, 87, 84, 81, 78, 94, 91, 88, 85, 82, 79, 95, 92, 89, 86, 83, 80),  ], [  (1, 89, 63, 56, 30, 4, 92, 66, 40, 33, 7, 95, 69, 43, 
36, 10, 79, 72, 46, 20, 13, 82, 75, 49, 23, 16, 85, 59, 52, 26, 19, 88, 62, 55, 29, 3, 91, 65, 39, 32, 6, 94, 68, 42, 35, 9, 78, 71, 45, 38, 
12, 81, 74, 48, 22, 15, 84, 58, 51, 25, 18, 87, 61, 54, 28, 2, 90, 64, 57, 31, 5, 93, 67, 41, 34, 8, 77, 70, 44, 37, 11, 80, 73, 47, 21, 14, 
83, 76, 50, 24, 17, 86, 60, 53, 27),  (1, 27, 53, 60, 86, 17, 24, 50, 76, 83, 14, 21, 47, 73, 80, 11, 37, 44, 70, 77, 8, 34, 41, 67, 93, 5, 
31, 57, 64, 90, 2, 28, 54, 61, 87, 18, 25, 51, 58, 84, 15, 22, 48, 74, 81, 12, 38, 45, 71, 78, 9, 35, 42, 68, 94, 6, 32, 39, 65, 91, 3, 29, 
55, 62, 88, 19, 26, 52, 59, 85, 16, 23, 49, 75, 82, 13, 20, 46, 72, 79, 10, 36, 43, 69, 95, 7, 33, 40, 66, 92, 4, 30, 56, 63, 89),  ], [  (1, 
60, 24, 83, 47, 11, 70, 34, 93, 57, 2, 61, 25, 84, 48, 12, 71, 35, 94, 39, 3, 62, 26, 85, 49, 13, 72, 36, 95, 40, 4, 63, 27, 86, 50, 14, 73, 
37, 77, 41, 5, 64, 28, 87, 51, 15, 74, 38, 78, 42, 6, 65, 29, 88, 52, 16, 75, 20, 79, 43, 7, 66, 30, 89, 53, 17, 76, 21, 80, 44, 8, 67, 31, 
90, 54, 18, 58, 22, 81, 45, 9, 68, 32, 91, 55, 19, 59, 23, 82, 46, 10, 69, 33, 92, 56),  (1, 56, 92, 33, 69, 10, 46, 82, 23, 59, 19, 55, 91, 
32, 68, 9, 45, 81, 22, 58, 18, 54, 90, 31, 67, 8, 44, 80, 21, 76, 17, 53, 89, 30, 66, 7, 43, 79, 20, 75, 16, 52, 88, 29, 65, 6, 42, 78, 38, 
74, 15, 51, 87, 28, 64, 5, 41, 77, 37, 73, 14, 50, 86, 27, 63, 4, 40, 95, 36, 72, 13, 49, 85, 26, 62, 3, 39, 94, 35, 71, 12, 48, 84, 25, 61, 
2, 57, 93, 34, 70, 11, 47, 83, 24, 60),  ], [  (1, 75, 35, 90, 50, 10, 65, 25, 80, 40, 19, 74, 34, 89, 49, 9, 64, 24, 79, 39, 18, 73, 33, 88, 
48, 8, 63, 23, 78, 57, 17, 72, 32, 87, 47, 7, 62, 22, 77, 56, 16, 71, 31, 86, 46, 6, 61, 21, 95, 55, 15, 70, 30, 85, 45, 5, 60, 20, 94, 54, 
14, 69, 29, 84, 44, 4, 59, 38, 93, 53, 13, 68, 28, 83, 43, 3, 58, 37, 92, 52, 12, 67, 27, 82, 42, 2, 76, 36, 91, 51, 11, 66, 26, 81, 41),  (1,
41, 81, 26, 66, 11, 51, 91, 36, 76, 2, 42, 82, 27, 67, 12, 52, 92, 37, 58, 3, 43, 83, 28, 68, 13, 53, 93, 38, 59, 4, 44, 84, 29, 69, 14, 54, 
94, 20, 60, 5, 45, 85, 30, 70, 15, 55, 95, 21, 61, 6, 46, 86, 31, 71, 16, 56, 77, 22, 62, 7, 47, 87, 32, 72, 17, 57, 78, 23, 63, 8, 48, 88, 
33, 73, 18, 39, 79, 24, 64, 9, 49, 89, 34, 74, 19, 40, 80, 25, 65, 10, 50, 90, 35, 75),  ], [  (1, 84, 72, 41, 29, 17, 81, 69, 57, 26, 14, 78,
66, 54, 23, 11, 94, 63, 51, 20, 8, 91, 60, 48, 36, 5, 88, 76, 45, 33, 2, 85, 73, 42, 30, 18, 82, 70, 39, 27, 15, 79, 67, 55, 24, 12, 95, 64, 
52, 21, 9, 92, 61, 49, 37, 6, 89, 58, 46, 34, 3, 86, 74, 43, 31, 19, 83, 71, 40, 28, 16, 80, 68, 56, 25, 13, 77, 65, 53, 22, 10, 93, 62, 50, 
38, 7, 90, 59, 47, 35, 4, 87, 75, 44, 32),  (1, 32, 44, 75, 87, 4, 35, 47, 59, 90, 7, 38, 50, 62, 93, 10, 22, 53, 65, 77, 13, 25, 56, 68, 80, 
16, 28, 40, 71, 83, 19, 31, 43, 74, 86, 3, 34, 46, 58, 89, 6, 37, 49, 61, 92, 9, 21, 52, 64, 95, 12, 24, 55, 67, 79, 15, 27, 39, 70, 82, 18, 
30, 42, 73, 85, 2, 33, 45, 76, 88, 5, 36, 48, 60, 91, 8, 20, 51, 63, 94, 11, 23, 54, 66, 78, 14, 26, 57, 69, 81, 17, 29, 41, 72, 84),  ], [  
(1, 17, 14, 11, 8, 5, 2, 18, 15, 12, 9, 6, 3, 19, 16, 13, 10, 7, 4)(20, 36, 33, 30, 27, 24, 21, 37, 34, 31, 28, 25, 22, 38, 35, 32, 29, 26, 
23)(39, 55, 52, 49, 46, 43, 40, 56, 53, 50, 47, 44, 41, 57, 54, 51, 48, 45, 42)(58, 74, 71, 68, 65, 62, 59, 75, 72, 69, 66, 63, 60, 76, 73, 
70, 67, 64, 61)(77, 93, 90, 87, 84, 81, 78, 94, 91, 88, 85, 82, 79, 95, 92, 89, 86, 83, 80),  (1, 4, 7, 10, 13, 16, 19, 3, 6, 9, 12, 15, 18, 
2, 5, 8, 11, 14, 17)(20, 23, 26, 29, 32, 35, 38, 22, 25, 28, 31, 34, 37, 21, 24, 27, 30, 33, 36)(39, 42, 45, 48, 51, 54, 57, 41, 44, 47, 50, 
53, 56, 40, 43, 46, 49, 52, 55)(58, 61, 64, 67, 70, 73, 76, 60, 63, 66, 69, 72, 75, 59, 62, 65, 68, 71, 74)(77, 80, 83, 86, 89, 92, 95, 79, 
82, 85, 88, 91, 94, 78, 81, 84, 87, 90, 93),  ], [  (1, 51, 82, 37, 68, 4, 54, 85, 21, 71, 7, 57, 88, 24, 74, 10, 41, 91, 27, 58, 13, 44, 94, 
30, 61, 16, 47, 78, 33, 64, 19, 50, 81, 36, 67, 3, 53, 84, 20, 70, 6, 56, 87, 23, 73, 9, 40, 90, 26, 76, 12, 43, 93, 29, 60, 15, 46, 77, 32, 
63, 18, 49, 80, 35, 66, 2, 52, 83, 38, 69, 5, 55, 86, 22, 72, 8, 39, 89, 25, 75, 11, 42, 92, 28, 59, 14, 45, 95, 31, 62, 17, 48, 79, 34, 65), 
