BRACES[75] := rec( total := -1, implemented := 5, size := 75, brace := [] );BRACES[75].brace[1] := rec ( size := 75, perms := [ [  (),  (),  
], [  (1, 26, 51)(2, 27, 52)(3, 28, 53)(4, 29, 54)(5, 30, 55)(6, 31, 56)(7, 32, 57)(8, 33, 58)(9, 34, 59)(10, 35, 60)(11, 36, 61)(12, 37, 
62)(13, 38, 63)(14, 39, 64)(15, 40, 65)(16, 41, 66)(17, 42, 67)(18, 43, 68)(19, 44, 69)(20, 45, 70)(21, 46, 71)(22, 47, 72)(23, 48, 73)(24, 
49, 74)(25, 50, 75),  (1, 51, 26)(2, 52, 27)(3, 53, 28)(4, 54, 29)(5, 55, 30)(6, 56, 31)(7, 57, 32)(8, 58, 33)(9, 59, 34)(10, 60, 35)(11, 61, 
36)(12, 62, 37)(13, 63, 38)(14, 64, 39)(15, 65, 40)(16, 66, 41)(17, 67, 42)(18, 68, 43)(19, 69, 44)(20, 70, 45)(21, 71, 46)(22, 72, 47)(23, 
73, 48)(24, 74, 49)(25, 75, 50),  ], [  (1, 15, 24, 9, 18, 3, 12, 21, 6, 20, 5, 14, 23, 8, 17, 2, 11, 25, 10, 19, 4, 13, 22, 7, 16)(26, 40, 
49, 34, 43, 28, 37, 46, 31, 45, 30, 39, 48, 33, 42, 27, 36, 50, 35, 44, 29, 38, 47, 32, 41)(51, 65, 74, 59, 68, 53, 62, 71, 56, 70, 55, 64, 
73, 58, 67, 52, 61, 75, 60, 69, 54, 63, 72, 57, 66),  (1, 16, 7, 22, 13, 4, 19, 10, 25, 11, 2, 17, 8, 23, 14, 5, 20, 6, 21, 12, 3, 18, 9, 24, 
15)(26, 41, 32, 47, 38, 29, 44, 35, 50, 36, 27, 42, 33, 48, 39, 30, 45, 31, 46, 37, 28, 43, 34, 49, 40)(51, 66, 57, 72, 63, 54, 69, 60, 75, 
61, 52, 67, 58, 73, 64, 55, 70, 56, 71, 62, 53, 68, 59, 74, 65),  ], [  (1, 3, 5, 2, 4)(6, 8, 10, 7, 9)(11, 13, 15, 12, 14)(16, 18, 20, 17, 
19)(21, 23, 25, 22, 24)(26, 28, 30, 27, 29)(31, 33, 35, 32, 34)(36, 38, 40, 37, 39)(41, 43, 45, 42, 44)(46, 48, 50, 47, 49)(51, 53, 55, 52, 
54)(56, 58, 60, 57, 59)(61, 63, 65, 62, 64)(66, 68, 70, 67, 69)(71, 73, 75, 72, 74),  (1, 4, 2, 5, 3)(6, 9, 7, 10, 8)(11, 14, 12, 15, 13)(16, 
19, 17, 20, 18)(21, 24, 22, 25, 23)(26, 29, 27, 30, 28)(31, 34, 32, 35, 33)(36, 39, 37, 40, 38)(41, 44, 42, 45, 43)(46, 49, 47, 50, 48)(51, 
54, 52, 55, 53)(56, 59, 57, 60, 58)(61, 64, 62, 65, 63)(66, 69, 67, 70, 68)(71, 74, 72, 75, 73),  ], [  (1, 51, 26)(2, 52, 27)(3, 53, 28)(4, 
54, 29)(5, 55, 30)(6, 56, 31)(7, 57, 32)(8, 58, 33)(9, 59, 34)(10, 60, 35)(11, 61, 36)(12, 62, 37)(13, 63, 38)(14, 64, 39)(15, 65, 40)(16, 66,
41)(17, 67, 42)(18, 68, 43)(19, 69, 44)(20, 70, 45)(21, 71, 46)(22, 72, 47)(23, 73, 48)(24, 74, 49)(25, 75, 50),  (1, 26, 51)(2, 27, 52)(3, 
28, 53)(4, 29, 54)(5, 30, 55)(6, 31, 56)(7, 32, 57)(8, 33, 58)(9, 34, 59)(10, 35, 60)(11, 36, 61)(12, 37, 62)(13, 38, 63)(14, 39, 64)(15, 40, 
65)(16, 41, 66)(17, 42, 67)(18, 43, 68)(19, 44, 69)(20, 45, 70)(21, 46, 71)(22, 47, 72)(23, 48, 73)(24, 49, 74)(25, 50, 75),  ], [  (1, 16, 7,
22, 13, 4, 19, 10, 25, 11, 2, 17, 8, 23, 14, 5, 20, 6, 21, 12, 3, 18, 9, 24, 15)(26, 41, 32, 47, 38, 29, 44, 35, 50, 36, 27, 42, 33, 48, 39, 
30, 45, 31, 46, 37, 28, 43, 34, 49, 40)(51, 66, 57, 72, 63, 54, 69, 60, 75, 61, 52, 67, 58, 73, 64, 55, 70, 56, 71, 62, 53, 68, 59, 74, 65),  
(1, 15, 24, 9, 18, 3, 12, 21, 6, 20, 5, 14, 23, 8, 17, 2, 11, 25, 10, 19, 4, 13, 22, 7, 16)(26, 40, 49, 34, 43, 28, 37, 46, 31, 45, 30, 39, 
48, 33, 42, 27, 36, 50, 35, 44, 29, 38, 47, 32, 41)(51, 65, 74, 59, 68, 53, 62, 71, 56, 70, 55, 64, 73, 58, 67, 52, 61, 75, 60, 69, 54, 63, 
72, 57, 66),  ], [  (1, 4, 2, 5, 3)(6, 9, 7, 10, 8)(11, 14, 12, 15, 13)(16, 19, 17, 20, 18)(21, 24, 22, 25, 23)(26, 29, 27, 30, 28)(31, 34, 
32, 35, 33)(36, 39, 37, 40, 38)(41, 44, 42, 45, 43)(46, 49, 47, 50, 48)(51, 54, 52, 55, 53)(56, 59, 57, 60, 58)(61, 64, 62, 65, 63)(66, 69, 
67, 70, 68)(71, 74, 72, 75, 73),  (1, 3, 5, 2, 4)(6, 8, 10, 7, 9)(11, 13, 15, 12, 14)(16, 18, 20, 17, 19)(21, 23, 25, 22, 24)(26, 28, 30, 27, 
29)(31, 33, 35, 32, 34)(36, 38, 40, 37, 39)(41, 43, 45, 42, 44)(46, 48, 50, 47, 49)(51, 53, 55, 52, 54)(56, 58, 60, 57, 59)(61, 63, 65, 62, 
64)(66, 68, 70, 67, 69)(71, 73, 75, 72, 74),  ], [  (1, 40, 74, 9, 43, 53, 12, 46, 56, 20, 30, 64, 23, 33, 67, 2, 36, 75, 10, 44, 54, 13, 47, 
57, 16, 26, 65, 24, 34, 68, 3, 37, 71, 6, 45, 55, 14, 48, 58, 17, 27, 61, 25, 35, 69, 4, 38, 72, 7, 41, 51, 15, 49, 59, 18, 28, 62, 21, 31, 
70, 5, 39, 73, 8, 42, 52, 11, 50, 60, 19, 29, 63, 22, 32, 66),  (1, 66, 32, 22, 63, 29, 19, 60, 50, 11, 52, 42, 8, 73, 39, 5, 70, 31, 21, 62, 
28, 18, 59, 49, 15, 51, 41, 7, 72, 38, 4, 69, 35, 25, 61, 27, 17, 58, 48, 14, 55, 45, 6, 71, 37, 3, 68, 34, 24, 65, 26, 16, 57, 47, 13, 54, 
44, 10, 75, 36, 2, 67, 33, 23, 64, 30, 20, 56, 46, 12, 53, 43, 9, 74, 40),  ], [  (1, 28, 55, 2, 29, 51, 3, 30, 52, 4, 26, 53, 5, 27, 54)(6, 
33, 60, 7, 34, 56, 8, 35, 57, 9, 31, 58, 10, 32, 59)(11, 38, 65, 12, 39, 61, 13, 40, 62, 14, 36, 63, 15, 37, 64)(16, 43, 70, 17, 44, 66, 18, 
45, 67, 19, 41, 68, 20, 42, 69)(21, 48, 75, 22, 49, 71, 23, 50, 72, 24, 46, 73, 25, 47, 74),  (1, 54, 27, 5, 53, 26, 4, 52, 30, 3, 51, 29, 2, 
55, 28)(6, 59, 32, 10, 58, 31, 9, 57, 35, 8, 56, 34, 7, 60, 33)(11, 64, 37, 15, 63, 36, 14, 62, 40, 13, 61, 39, 12, 65, 38)(16, 69, 42, 20, 
68, 41, 19, 67, 45, 18, 66, 44, 17, 70, 43)(21, 74, 47, 25, 73, 46, 24, 72, 50, 23, 71, 49, 22, 75, 48),  ], [  (1, 41, 57, 22, 38, 54, 19, 
35, 75, 11, 27, 67, 8, 48, 64, 5, 45, 56, 21, 37, 53, 18, 34, 74, 15, 26, 66, 7, 47, 63, 4, 44, 60, 25, 36, 52, 17, 33, 73, 14, 30, 70, 6, 46,
62, 3, 43, 59, 24, 40, 51, 16, 32, 72, 13, 29, 69, 10, 50, 61, 2, 42, 58, 23, 39, 55, 20, 31, 71, 12, 28, 68, 9, 49, 65),  (1, 65, 49, 9, 68, 
28, 12, 71, 31, 20, 55, 39, 23, 58, 42, 2, 61, 50, 10, 69, 29, 13, 72, 32, 16, 51, 40, 24, 59, 43, 3, 62, 46, 6, 70, 30, 14, 73, 33, 17, 52, 
36, 25, 60, 44, 4, 63, 47, 7, 66, 26, 15, 74, 34, 18, 53, 37, 21, 56, 45, 5, 64, 48, 8, 67, 27, 11, 75, 35, 19, 54, 38, 22, 57, 41),  ], [  
(1, 29, 52, 5, 28, 51, 4, 27, 55, 3, 26, 54, 2, 30, 53)(6, 34, 57, 10, 33, 56, 9, 32, 60, 8, 31, 59, 7, 35, 58)(11, 39, 62, 15, 38, 61, 14, 
37, 65, 13, 36, 64, 12, 40, 63)(16, 44, 67, 20, 43, 66, 19, 42, 70, 18, 41, 69, 17, 45, 68)(21, 49, 72, 25, 48, 71, 24, 47, 75, 23, 46, 74, 
22, 50, 73),  (1, 53, 30, 2, 54, 26, 3, 55, 27, 4, 51, 28, 5, 52, 29)(6, 58, 35, 7, 59, 31, 8, 60, 32, 9, 56, 33, 10, 57, 34)(11, 63, 40, 12, 
64, 36, 13, 65, 37, 14, 61, 38, 15, 62, 39)(16, 68, 45, 17, 69, 41, 18, 70, 42, 19, 66, 43, 20, 67, 44)(21, 73, 50, 22, 74, 46, 23, 75, 47, 
24, 71, 48, 25, 72, 49),  ], [  (1, 24, 18, 12, 6, 5, 23, 17, 11, 10, 4, 22, 16, 15, 9, 3, 21, 20, 14, 8, 2, 25, 19, 13, 7)(26, 49, 43, 37, 
31, 30, 48, 42, 36, 35, 29, 47, 41, 40, 34, 28, 46, 45, 39, 33, 27, 50, 44, 38, 32)(51, 74, 68, 62, 56, 55, 73, 67, 61, 60, 54, 72, 66, 65, 
59, 53, 71, 70, 64, 58, 52, 75, 69, 63, 57),  (1, 7, 13, 19, 25, 2, 8, 14, 20, 21, 3, 9, 15, 16, 22, 4, 10, 11, 17, 23, 5, 6, 12, 18, 24)(26, 
32, 38, 44, 50, 27, 33, 39, 45, 46, 28, 34, 40, 41, 47, 29, 35, 36, 42, 48, 30, 31, 37, 43, 49)(51, 57, 63, 69, 75, 52, 58, 64, 70, 71, 53, 
59, 65, 66, 72, 54, 60, 61, 67, 73, 55, 56, 62, 68, 74),  ], [  (1, 12, 23, 10, 16, 3, 14, 25, 7, 18, 5, 11, 22, 9, 20, 2, 13, 24, 6, 17, 4, 
15, 21, 8, 19)(26, 37, 48, 35, 41, 28, 39, 50, 32, 43, 30, 36, 47, 34, 45, 27, 38, 49, 31, 42, 29, 40, 46, 33, 44)(51, 62, 73, 60, 66, 53, 64,
75, 57, 68, 55, 61, 72, 59, 70, 52, 63, 74, 56, 67, 54, 65, 71, 58, 69),  (1, 19, 8, 21, 15, 4, 17, 6, 24, 13, 2, 20, 9, 22, 11, 5, 18, 7, 25,
14, 3, 16, 10, 23, 12)(26, 44, 33, 46, 40, 29, 42, 31, 49, 38, 27, 45, 34, 47, 36, 30, 43, 32, 50, 39, 28, 41, 35, 48, 37)(51, 69, 58, 71, 65,
54, 67, 56, 74, 63, 52, 70, 59, 72, 61, 55, 68, 57, 75, 64, 53, 66, 60, 73, 62),  ], [  (1, 65, 49, 9, 68, 28, 12, 71, 31, 20, 55, 39, 23, 58,
42, 2, 61, 50, 10, 69, 29, 13, 72, 32, 16, 51, 40, 24, 59, 43, 3, 62, 46, 6, 70, 30, 14, 73, 33, 17, 52, 36, 25, 60, 44, 4, 63, 47, 7, 66, 26,
15, 74, 34, 18, 53, 37, 21, 56, 45, 5, 64, 48, 8, 67, 27, 11, 75, 35, 19, 54, 38, 22, 57, 41),  (1, 41, 57, 22, 38, 54, 19, 35, 75, 11, 27, 
67, 8, 48, 64, 5, 45, 56, 21, 37, 53, 18, 34, 74, 15, 26, 66, 7, 47, 63, 4, 44, 60, 25, 36, 52, 17, 33, 73, 14, 30, 70, 6, 46, 62, 3, 43, 59, 
24, 40, 51, 16, 32, 72, 13, 29, 69, 10, 50, 61, 2, 42, 58, 23, 39, 55, 20, 31, 71, 12, 28, 68, 9, 49, 65),  ], [  (1, 13, 25, 8, 20, 3, 15, 
22, 10, 17, 5, 12, 24, 7, 19, 2, 14, 21, 9, 16, 4, 11, 23, 6, 18)(26, 38, 50, 33, 45, 28, 40, 47, 35, 42, 30, 37, 49, 32, 44, 27, 39, 46, 34, 
41, 29, 36, 48, 31, 43)(51, 63, 75, 58, 70, 53, 65, 72, 60, 67, 55, 62, 74, 57, 69, 52, 64, 71, 59, 66, 54, 61, 73, 56, 68),  (1, 18, 6, 23, 
11, 4, 16, 9, 21, 14, 2, 19, 7, 24, 12, 5, 17, 10, 22, 15, 3, 20, 8, 25, 13)(26, 43, 31, 48, 36, 29, 41, 34, 46, 39, 27, 44, 32, 49, 37, 30, 
42, 35, 47, 40, 28, 45, 33, 50, 38)(51, 68, 56, 73, 61, 54, 66, 59, 71, 64, 52, 69, 57, 74, 62, 55, 67, 60, 72, 65, 53, 70, 58, 75, 63),  ], [
(1, 5, 4, 3, 2)(6, 10, 9, 8, 7)(11, 15, 14, 13, 12)(16, 20, 19, 18, 17)(21, 25, 24, 23, 22)(26, 30, 29, 28, 27)(31, 35, 34, 33, 32)(36, 40, 
39, 38, 37)(41, 45, 44, 43, 42)(46, 50, 49, 48, 47)(51, 55, 54, 53, 52)(56, 60, 59, 58, 57)(61, 65, 64, 63, 62)(66, 70, 69, 68, 67)(71, 75, 
74, 73, 72),  (1, 2, 3, 4, 5)(6, 7, 8, 9, 10)(11, 12, 13, 14, 15)(16, 17, 18, 19, 20)(21, 22, 23, 24, 25)(26, 27, 28, 29, 30)(31, 32, 33, 34, 
35)(36, 37, 38, 39, 40)(41, 42, 43, 44, 45)(46, 47, 48, 49, 50)(51, 52, 53, 54, 55)(56, 57, 58, 59, 60)(61, 62, 63, 64, 65)(66, 67, 68, 69, 
70)(71, 72, 73, 74, 75),  ], [  (1, 53, 30, 2, 54, 26, 3, 55, 27, 4, 51, 28, 5, 52, 29)(6, 58, 35, 7, 59, 31, 8, 60, 32, 9, 56, 33, 10, 57, 
34)(11, 63, 40, 12, 64, 36, 13, 65, 37, 14, 61, 38, 15, 62, 39)(16, 68, 45, 17, 69, 41, 18, 70, 42, 19, 66, 43, 20, 67, 44)(21, 73, 50, 22, 
74, 46, 23, 75, 47, 24, 71, 48, 25, 72, 49),  (1, 29, 52, 5, 28, 51, 4, 27, 55, 3, 26, 54, 2, 30, 53)(6, 34, 57, 10, 33, 56, 9, 32, 60, 8, 31,
59, 7, 35, 58)(11, 39, 62, 15, 38, 61, 14, 37, 65, 13, 36, 64, 12, 40, 63)(16, 44, 67, 20, 43, 66, 19, 42, 70, 18, 41, 69, 17, 45, 68)(21, 49,
72, 25, 48, 71, 24, 47, 75, 23, 46, 74, 22, 50, 73),  ], [  (1, 18, 6, 23, 11, 4, 16, 9, 21, 14, 2, 19, 7, 24, 12, 5, 17, 10, 22, 15, 3, 20, 
8, 25, 13)(26, 43, 31, 48, 36, 29, 41, 34, 46, 39, 27, 44, 32, 49, 37, 30, 42, 35, 47, 40, 28, 45, 33, 50, 38)(51, 68, 56, 73, 61, 54, 66, 59,
71, 64, 52, 69, 57, 74, 62, 55, 67, 60, 72, 65, 53, 70, 58, 75, 63),  (1, 13, 25, 8, 20, 3, 15, 22, 10, 17, 5, 12, 24, 7, 19, 2, 14, 21, 9, 
16, 4, 11, 23, 6, 18)(26, 38, 50, 33, 45, 28, 40, 47, 35, 42, 30, 37, 49, 32, 44, 27, 39, 46, 34, 41, 29, 36, 48, 31, 43)(51, 63, 75, 58, 70, 
53, 65, 72, 60, 67, 55, 62, 74, 57, 69, 52, 64, 71, 59, 66, 54, 61, 73, 56, 68),  ], [  (1, 66, 32, 22, 63, 29, 19, 60, 50, 11, 52, 42, 8, 73,
39, 5, 70, 31, 21, 62, 28, 18, 59, 49, 15, 51, 41, 7, 72, 38, 4, 69, 35, 25, 61, 27, 17, 58, 48, 14, 55, 45, 6, 71, 37, 3, 68, 34, 24, 65, 26,
16, 57, 47, 13, 54, 44, 10, 75, 36, 2, 67, 33, 23, 64, 30, 20, 56, 46, 12, 53, 43, 9, 74, 40),  (1, 40, 74, 9, 43, 53, 12, 46, 56, 20, 30, 64,
23, 33, 67, 2, 36, 75, 10, 44, 54, 13, 47, 57, 16, 26, 65, 24, 34, 68, 3, 37, 71, 6, 45, 55, 14, 48, 58, 17, 27, 61, 25, 35, 69, 4, 38, 72, 7,
41, 51, 15, 49, 59, 18, 28, 62, 21, 31, 70, 5, 39, 73, 8, 42, 52, 11, 50, 60, 19, 29, 63, 22, 32, 66),  ], [  (1, 54, 27, 5, 53, 26, 4, 52, 
30, 3, 51, 29, 2, 55, 28)(6, 59, 32, 10, 58, 31, 9, 57, 35, 8, 56, 34, 7, 60, 33)(11, 64, 37, 15, 63, 36, 14, 62, 40, 13, 61, 39, 12, 65, 
38)(16, 69, 42, 20, 68, 41, 19, 67, 45, 18, 66, 44, 17, 70, 43)(21, 74, 47, 25, 73, 46, 24, 72, 50, 23, 71, 49, 22, 75, 48),  (1, 28, 55, 2, 
29, 51, 3, 30, 52, 4, 26, 53, 5, 27, 54)(6, 33, 60, 7, 34, 56, 8, 35, 57, 9, 31, 58, 10, 32, 59)(11, 38, 65, 12, 39, 61, 13, 40, 62, 14, 36, 
63, 15, 37, 64)(16, 43, 70, 17, 44, 66, 18, 45, 67, 19, 41, 68, 20, 42, 69)(21, 48, 75, 22, 49, 71, 23, 50, 72, 24, 46, 73, 25, 47, 74),  ], [
(1, 7, 13, 19, 25, 2, 8, 14, 20, 21, 3, 9, 15, 16, 22, 4, 10, 11, 17, 23, 5, 6, 12, 18, 24)(26, 32, 38, 44, 50, 27, 33, 39, 45, 46, 28, 34, 
40, 41, 47, 29, 35, 36, 42, 48, 30, 31, 37, 43, 49)(51, 57, 63, 69, 75, 52, 58, 64, 70, 71, 53, 59, 65, 66, 72, 54, 60, 61, 67, 73, 55, 56, 
62, 68, 74),  (1, 24, 18, 12, 6, 5, 23, 17, 11, 10, 4, 22, 16, 15, 9, 3, 21, 20, 14, 8, 2, 25, 19, 13, 7)(26, 49, 43, 37, 31, 30, 48, 42, 36, 
35, 29, 47, 41, 40, 34, 28, 46, 45, 39, 33, 27, 50, 44, 38, 32)(51, 74, 68, 62, 56, 55, 73, 67, 61, 60, 54, 72, 66, 65, 59, 53, 71, 70, 64, 
58, 52, 75, 69, 63, 57),  ], [  (1, 19, 8, 21, 15, 4, 17, 6, 24, 13, 2, 20, 9, 22, 11, 5, 18, 7, 25, 14, 3, 16, 10, 23, 12)(26, 44, 33, 46, 
40, 29, 42, 31, 49, 38, 27, 45, 34, 47, 36, 30, 43, 32, 50, 39, 28, 41, 35, 48, 37)(51, 69, 58, 71, 65, 54, 67, 56, 74, 63, 52, 70, 59, 72, 
61, 55, 68, 57, 75, 64, 53, 66, 60, 73, 62),  (1, 12, 23, 10, 16, 3, 14, 25, 7, 18, 5, 11, 22, 9, 20, 2, 13, 24, 6, 17, 4, 15, 21, 8, 19)(26, 
37, 48, 35, 41, 28, 39, 50, 32, 43, 30, 36, 47, 34, 45, 27, 38, 49, 31, 42, 29, 40, 46, 33, 44)(51, 62, 73, 60, 66, 53, 64, 75, 57, 68, 55, 
61, 72, 59, 70, 52, 63, 74, 56, 67, 54, 65, 71, 58, 69),  ], [  (1, 2, 3, 4, 5)(6, 7, 8, 9, 10)(11, 12, 13, 14, 15)(16, 17, 18, 19, 20)(21, 
22, 23, 24, 25)(26, 27, 28, 29, 30)(31, 32, 33, 34, 35)(36, 37, 38, 39, 40)(41, 42, 43, 44, 45)(46, 47, 48, 49, 50)(51, 52, 53, 54, 55)(56, 
57, 58, 59, 60)(61, 62, 63, 64, 65)(66, 67, 68, 69, 70)(71, 72, 73, 74, 75),  (1, 5, 4, 3, 2)(6, 10, 9, 8, 7)(11, 15, 14, 13, 12)(16, 20, 19, 
18, 17)(21, 25, 24, 23, 22)(26, 30, 29, 28, 27)(31, 35, 34, 33, 32)(36, 40, 39, 38, 37)(41, 45, 44, 43, 42)(46, 50, 49, 48, 47)(51, 55, 54, 
53, 52)(56, 60, 59, 58, 57)(61, 65, 64, 63, 62)(66, 70, 69, 68, 67)(71, 75, 74, 73, 72),  ], [  (1, 49, 68, 12, 31, 55, 23, 42, 61, 10, 29, 
72, 16, 40, 59, 3, 46, 70, 14, 33, 52, 25, 44, 63, 7, 26, 74, 18, 37, 56, 5, 48, 67, 11, 35, 54, 22, 41, 65, 9, 28, 71, 20, 39, 58, 2, 50, 69,
13, 32, 51, 24, 43, 62, 6, 30, 73, 17, 36, 60, 4, 47, 66, 15, 34, 53, 21, 45, 64, 8, 27, 75, 19, 38, 57),  (1, 57, 38, 19, 75, 27, 8, 64, 45, 
21, 53, 34, 15, 66, 47, 4, 60, 36, 17, 73, 30, 6, 62, 43, 24, 51, 32, 13, 69, 50, 2, 58, 39, 20, 71, 28, 9, 65, 41, 22, 54, 35, 11, 67, 48, 5,
56, 37, 18, 74, 26, 7, 63, 44, 25, 52, 33, 14, 70, 46, 3, 59, 40, 16, 72, 29, 10, 61, 42, 23, 55, 31, 12, 68, 49),  ], [  (1, 37, 73, 10, 41, 
53, 14, 50, 57, 18, 30, 61, 22, 34, 70, 2, 38, 74, 6, 42, 54, 15, 46, 58, 19, 26, 62, 23, 35, 66, 3, 39, 75, 7, 43, 55, 11, 47, 59, 20, 27, 
63, 24, 31, 67, 4, 40, 71, 8, 44, 51, 12, 48, 60, 16, 28, 64, 25, 32, 68, 5, 36, 72, 9, 45, 52, 13, 49, 56, 17, 29, 65, 21, 33, 69),  (1, 69, 
33, 21, 65, 29, 17, 56, 49, 13, 52, 45, 9, 72, 36, 5, 68, 32, 25, 64, 28, 16, 60, 48, 12, 51, 44, 8, 71, 40, 4, 67, 31, 24, 63, 27, 20, 59, 
47, 11, 55, 43, 7, 75, 39, 3, 66, 35, 23, 62, 26, 19, 58, 46, 15, 54, 42, 6, 74, 38, 2, 70, 34, 22, 61, 30, 18, 57, 50, 14, 53, 41, 10, 73, 
37),  ], [  (1, 38, 75, 8, 45, 53, 15, 47, 60, 17, 30, 62, 24, 32, 69, 2, 39, 71, 9, 41, 54, 11, 48, 56, 18, 26, 63, 25, 33, 70, 3, 40, 72, 
10, 42, 55, 12, 49, 57, 19, 27, 64, 21, 34, 66, 4, 36, 73, 6, 43, 51, 13, 50, 58, 20, 28, 65, 22, 35, 67, 5, 37, 74, 7, 44, 52, 14, 46, 59, 
16, 29, 61, 23, 31, 68),  (1, 68, 31, 23, 61, 29, 16, 59, 46, 14, 52, 44, 7, 74, 37, 5, 67, 35, 22, 65, 28, 20, 58, 50, 13, 51, 43, 6, 73, 36,
4, 66, 34, 21, 64, 27, 19, 57, 49, 12, 55, 42, 10, 72, 40, 3, 70, 33, 25, 63, 26, 18, 56, 48, 11, 54, 41, 9, 71, 39, 2, 69, 32, 24, 62, 30, 
17, 60, 47, 15, 53, 45, 8, 75, 38),  ], [  (1, 30, 54, 3, 27, 51, 5, 29, 53, 2, 26, 55, 4, 28, 52)(6, 35, 59, 8, 32, 56, 10, 34, 58, 7, 31, 
60, 9, 33, 57)(11, 40, 64, 13, 37, 61, 15, 39, 63, 12, 36, 65, 14, 38, 62)(16, 45, 69, 18, 42, 66, 20, 44, 68, 17, 41, 70, 19, 43, 67)(21, 50,
74, 23, 47, 71, 25, 49, 73, 22, 46, 75, 24, 48, 72),  (1, 52, 28, 4, 55, 26, 2, 53, 29, 5, 51, 27, 3, 54, 30)(6, 57, 33, 9, 60, 31, 7, 58, 34,
10, 56, 32, 8, 59, 35)(11, 62, 38, 14, 65, 36, 12, 63, 39, 15, 61, 37, 13, 64, 40)(16, 67, 43, 19, 70, 41, 17, 68, 44, 20, 66, 42, 18, 69, 
45)(21, 72, 48, 24, 75, 46, 22, 73, 49, 25, 71, 47, 23, 74, 50),  ], [  (1, 43, 56, 23, 36, 54, 16, 34, 71, 14, 27, 69, 7, 49, 62, 5, 42, 60, 
22, 40, 53, 20, 33, 75, 13, 26, 68, 6, 48, 61, 4, 41, 59, 21, 39, 52, 19, 32, 74, 12, 30, 67, 10, 47, 65, 3, 45, 58, 25, 38, 51, 18, 31, 73, 
11, 29, 66, 9, 46, 64, 2, 44, 57, 24, 37, 55, 17, 35, 72, 15, 28, 70, 8, 50, 63),  (1, 63, 50, 8, 70, 28, 15, 72, 35, 17, 55, 37, 24, 57, 44, 
2, 64, 46, 9, 66, 29, 11, 73, 31, 18, 51, 38, 25, 58, 45, 3, 65, 47, 10, 67, 30, 12, 74, 32, 19, 52, 39, 21, 59, 41, 4, 61, 48, 6, 68, 26, 13,
75, 33, 20, 53, 40, 22, 60, 42, 5, 62, 49, 7, 69, 27, 14, 71, 34, 16, 54, 36, 23, 56, 43),  ], [  (1, 32, 63, 19, 50, 52, 8, 39, 70, 21, 28, 
59, 15, 41, 72, 4, 35, 61, 17, 48, 55, 6, 37, 68, 24, 26, 57, 13, 44, 75, 2, 33, 64, 20, 46, 53, 9, 40, 66, 22, 29, 60, 11, 42, 73, 5, 31, 62,
18, 49, 51, 7, 38, 69, 25, 27, 58, 14, 45, 71, 3, 34, 65, 16, 47, 54, 10, 36, 67, 23, 30, 56, 12, 43, 74),  (1, 74, 43, 12, 56, 30, 23, 67, 
36, 10, 54, 47, 16, 65, 34, 3, 71, 45, 14, 58, 27, 25, 69, 38, 7, 51, 49, 18, 62, 31, 5, 73, 42, 11, 60, 29, 22, 66, 40, 9, 53, 46, 20, 64, 
33, 2, 75, 44, 13, 57, 26, 24, 68, 37, 6, 55, 48, 17, 61, 35, 4, 72, 41, 15, 59, 28, 21, 70, 39, 8, 52, 50, 19, 63, 32),  ], [  (1, 44, 58, 
21, 40, 54, 17, 31, 74, 13, 27, 70, 9, 47, 61, 5, 43, 57, 25, 39, 53, 16, 35, 73, 12, 26, 69, 8, 46, 65, 4, 42, 56, 24, 38, 52, 20, 34, 72, 
11, 30, 68, 7, 50, 64, 3, 41, 60, 23, 37, 51, 19, 33, 71, 15, 29, 67, 6, 49, 63, 2, 45, 59, 22, 36, 55, 18, 32, 75, 14, 28, 66, 10, 48, 62),  
(1, 62, 48, 10, 66, 28, 14, 75, 32, 18, 55, 36, 22, 59, 45, 2, 63, 49, 6, 67, 29, 15, 71, 33, 19, 51, 37, 23, 60, 41, 3, 64, 50, 7, 68, 30, 
11, 72, 34, 20, 52, 38, 24, 56, 42, 4, 65, 46, 8, 69, 26, 12, 73, 35, 16, 53, 39, 25, 57, 43, 5, 61, 47, 9, 70, 27, 13, 74, 31, 17, 54, 40, 
21, 58, 44),  ], [  (1, 27, 53, 4, 30, 51, 2, 28, 54, 5, 26, 52, 3, 29, 55)(6, 32, 58, 9, 35, 56, 7, 33, 59, 10, 31, 57, 8, 34, 60)(11, 37, 
63, 14, 40, 61, 12, 38, 64, 15, 36, 62, 13, 39, 65)(16, 42, 68, 19, 45, 66, 17, 43, 69, 20, 41, 67, 18, 44, 70)(21, 47, 73, 24, 50, 71, 22, 
48, 74, 25, 46, 72, 23, 49, 75),  (1, 55, 29, 3, 52, 26, 5, 54, 28, 2, 51, 30, 4, 53, 27)(6, 60, 34, 8, 57, 31, 10, 59, 33, 7, 56, 35, 9, 58, 
32)(11, 65, 39, 13, 62, 36, 15, 64, 38, 12, 61, 40, 14, 63, 37)(16, 70, 44, 18, 67, 41, 20, 69, 43, 17, 66, 45, 19, 68, 42)(21, 75, 49, 23, 
72, 46, 25, 74, 48, 22, 71, 50, 24, 73, 47),  ], [  (1, 9, 12, 20, 23, 2, 10, 13, 16, 24, 3, 6, 14, 17, 25, 4, 7, 15, 18, 21, 5, 8, 11, 19, 
22)(26, 34, 37, 45, 48, 27, 35, 38, 41, 49, 28, 31, 39, 42, 50, 29, 32, 40, 43, 46, 30, 33, 36, 44, 47)(51, 59, 62, 70, 73, 52, 60, 63, 66, 
74, 53, 56, 64, 67, 75, 54, 57, 65, 68, 71, 55, 58, 61, 69, 72),  (1, 22, 19, 11, 8, 5, 21, 18, 15, 7, 4, 25, 17, 14, 6, 3, 24, 16, 13, 10, 2,
23, 20, 12, 9)(26, 47, 44, 36, 33, 30, 46, 43, 40, 32, 29, 50, 42, 39, 31, 28, 49, 41, 38, 35, 27, 48, 45, 37, 34)(51, 72, 69, 61, 58, 55, 71,
68, 65, 57, 54, 75, 67, 64, 56, 53, 74, 66, 63, 60, 52, 73, 70, 62, 59),  ], [  (1, 21, 17, 13, 9, 5, 25, 16, 12, 8, 4, 24, 20, 11, 7, 3, 23, 
19, 15, 6, 2, 22, 18, 14, 10)(26, 46, 42, 38, 34, 30, 50, 41, 37, 33, 29, 49, 45, 36, 32, 28, 48, 44, 40, 31, 27, 47, 43, 39, 35)(51, 71, 67, 
63, 59, 55, 75, 66, 62, 58, 54, 74, 70, 61, 57, 53, 73, 69, 65, 56, 52, 72, 68, 64, 60),  (1, 10, 14, 18, 22, 2, 6, 15, 19, 23, 3, 7, 11, 20, 
24, 4, 8, 12, 16, 25, 5, 9, 13, 17, 21)(26, 35, 39, 43, 47, 27, 31, 40, 44, 48, 28, 32, 36, 45, 49, 29, 33, 37, 41, 50, 30, 34, 38, 42, 
46)(51, 60, 64, 68, 72, 52, 56, 65, 69, 73, 53, 57, 61, 70, 74, 54, 58, 62, 66, 75, 55, 59, 63, 67, 71),  ], [  (1, 74, 43, 12, 56, 30, 23, 
67, 36, 10, 54, 47, 16, 65, 34, 3, 71, 45, 14, 58, 27, 25, 69, 38, 7, 51, 49, 18, 62, 31, 5, 73, 42, 11, 60, 29, 22, 66, 40, 9, 53, 46, 20, 
64, 33, 2, 75, 44, 13, 57, 26, 24, 68, 37, 6, 55, 48, 17, 61, 35, 4, 72, 41, 15, 59, 28, 21, 70, 39, 8, 52, 50, 19, 63, 32),  (1, 32, 63, 19, 
50, 52, 8, 39, 70, 21, 28, 59, 15, 41, 72, 4, 35, 61, 17, 48, 55, 6, 37, 68, 24, 26, 57, 13, 44, 75, 2, 33, 64, 20, 46, 53, 9, 40, 66, 22, 29,
60, 11, 42, 73, 5, 31, 62, 18, 49, 51, 7, 38, 69, 25, 27, 58, 14, 45, 71, 3, 34, 65, 16, 47, 54, 10, 36, 67, 23, 30, 56, 12, 43, 74),  ], [  
(1, 22, 19, 11, 8, 5, 21, 18, 15, 7, 4, 25, 17, 14, 6, 3, 24, 16, 13, 10, 2, 23, 20, 12, 9)(26, 47, 44, 36, 33, 30, 46, 43, 40, 32, 29, 50, 
42, 39, 31, 28, 49, 41, 38, 35, 27, 48, 45, 37, 34)(51, 72, 69, 61, 58, 55, 71, 68, 65, 57, 54, 75, 67, 64, 56, 53, 74, 66, 63, 60, 52, 73, 
70, 62, 59),  (1, 9, 12, 20, 23, 2, 10, 13, 16, 24, 3, 6, 14, 17, 25, 4, 7, 15, 18, 21, 5, 8, 11, 19, 22)(26, 34, 37, 45, 48, 27, 35, 38, 41, 
49, 28, 31, 39, 42, 50, 29, 32, 40, 43, 46, 30, 33, 36, 44, 47)(51, 59, 62, 70, 73, 52, 60, 63, 66, 74, 53, 56, 64, 67, 75, 54, 57, 65, 68, 
71, 55, 58, 61, 69, 72),  ], [  (1, 14, 22, 6, 19, 3, 11, 24, 8, 16, 5, 13, 21, 10, 18, 2, 15, 23, 7, 20, 4, 12, 25, 9, 17)(26, 39, 47, 31, 
44, 28, 36, 49, 33, 41, 30, 38, 46, 35, 43, 27, 40, 48, 32, 45, 29, 37, 50, 34, 42)(51, 64, 72, 56, 69, 53, 61, 74, 58, 66, 55, 63, 71, 60, 
68, 52, 65, 73, 57, 70, 54, 62, 75, 59, 67),  (1, 17, 9, 25, 12, 4, 20, 7, 23, 15, 2, 18, 10, 21, 13, 5, 16, 8, 24, 11, 3, 19, 6, 22, 14)(26, 
42, 34, 50, 37, 29, 45, 32, 48, 40, 27, 43, 35, 46, 38, 30, 41, 33, 49, 36, 28, 44, 31, 47, 39)(51, 67, 59, 75, 62, 54, 70, 57, 73, 65, 52, 
68, 60, 71, 63, 55, 66, 58, 74, 61, 53, 69, 56, 72, 64),  ], [  (1, 62, 48, 10, 66, 28, 14, 75, 32, 18, 55, 36, 22, 59, 45, 2, 63, 49, 6, 67, 
29, 15, 71, 33, 19, 51, 37, 23, 60, 41, 3, 64, 50, 7, 68, 30, 11, 72, 34, 20, 52, 38, 24, 56, 42, 4, 65, 46, 8, 69, 26, 12, 73, 35, 16, 53, 
39, 25, 57, 43, 5, 61, 47, 9, 70, 27, 13, 74, 31, 17, 54, 40, 21, 58, 44),  (1, 44, 58, 21, 40, 54, 17, 31, 74, 13, 27, 70, 9, 47, 61, 5, 43, 
57, 25, 39, 53, 16, 35, 73, 12, 26, 69, 8, 46, 65, 4, 42, 56, 24, 38, 52, 20, 34, 72, 11, 30, 68, 7, 50, 64, 3, 41, 60, 23, 37, 51, 19, 33, 
71, 15, 29, 67, 6, 49, 63, 2, 45, 59, 22, 36, 55, 18, 32, 75, 14, 28, 66, 10, 48, 62),  ], [  (1, 63, 50, 8, 70, 28, 15, 72, 35, 17, 55, 37, 
24, 57, 44, 2, 64, 46, 9, 66, 29, 11, 73, 31, 18, 51, 38, 25, 58, 45, 3, 65, 47, 10, 67, 30, 12, 74, 32, 19, 52, 39, 21, 59, 41, 4, 61, 48, 6,
68, 26, 13, 75, 33, 20, 53, 40, 22, 60, 42, 5, 62, 49, 7, 69, 27, 14, 71, 34, 16, 54, 36, 23, 56, 43),  (1, 43, 56, 23, 36, 54, 16, 34, 71, 
14, 27, 69, 7, 49, 62, 5, 42, 60, 22, 40, 53, 20, 33, 75, 13, 26, 68, 6, 48, 61, 4, 41, 59, 21, 39, 52, 19, 32, 74, 12, 30, 67, 10, 47, 65, 3,
45, 58, 25, 38, 51, 18, 31, 73, 11, 29, 66, 9, 46, 64, 2, 44, 57, 24, 37, 55, 17, 35, 72, 15, 28, 70, 8, 50, 63),  ], [  (1, 11, 21, 7, 17, 3,
13, 23, 9, 19, 5, 15, 25, 6, 16, 2, 12, 22, 8, 18, 4, 14, 24, 10, 20)(26, 36, 46, 32, 42, 28, 38, 48, 34, 44, 30, 40, 50, 31, 41, 27, 37, 47, 
33, 43, 29, 39, 49, 35, 45)(51, 61, 71, 57, 67, 53, 63, 73, 59, 69, 55, 65, 75, 56, 66, 52, 62, 72, 58, 68, 54, 64, 74, 60, 70),  (1, 20, 10, 
24, 14, 4, 18, 8, 22, 12, 2, 16, 6, 25, 15, 5, 19, 9, 23, 13, 3, 17, 7, 21, 11)(26, 45, 35, 49, 39, 29, 43, 33, 47, 37, 27, 41, 31, 50, 40, 
30, 44, 34, 48, 38, 28, 42, 32, 46, 36)(51, 70, 60, 74, 64, 54, 68, 58, 72, 62, 52, 66, 56, 75, 65, 55, 69, 59, 73, 63, 53, 67, 57, 71, 61),  
], [  (1, 55, 29, 3, 52, 26, 5, 54, 28, 2, 51, 30, 4, 53, 27)(6, 60, 34, 8, 57, 31, 10, 59, 33, 7, 56, 35, 9, 58, 32)(11, 65, 39, 13, 62, 36, 
15, 64, 38, 12, 61, 40, 14, 63, 37)(16, 70, 44, 18, 67, 41, 20, 69, 43, 17, 66, 45, 19, 68, 42)(21, 75, 49, 23, 72, 46, 25, 74, 48, 22, 71, 
50, 24, 73, 47),  (1, 27, 53, 4, 30, 51, 2, 28, 54, 5, 26, 52, 3, 29, 55)(6, 32, 58, 9, 35, 56, 7, 33, 59, 10, 31, 57, 8, 34, 60)(11, 37, 63, 
14, 40, 61, 12, 38, 64, 15, 36, 62, 13, 39, 65)(16, 42, 68, 19, 45, 66, 17, 43, 69, 20, 41, 67, 18, 44, 70)(21, 47, 73, 24, 50, 71, 22, 48, 
74, 25, 46, 72, 23, 49, 75),  ], [  (1, 20, 10, 24, 14, 4, 18, 8, 22, 12, 2, 16, 6, 25, 15, 5, 19, 9, 23, 13, 3, 17, 7, 21, 11)(26, 45, 35, 
49, 39, 29, 43, 33, 47, 37, 27, 41, 31, 50, 40, 30, 44, 34, 48, 38, 28, 42, 32, 46, 36)(51, 70, 60, 74, 64, 54, 68, 58, 72, 62, 52, 66, 56, 
75, 65, 55, 69, 59, 73, 63, 53, 67, 57, 71, 61),  (1, 11, 21, 7, 17, 3, 13, 23, 9, 19, 5, 15, 25, 6, 16, 2, 12, 22, 8, 18, 4, 14, 24, 10, 
20)(26, 36, 46, 32, 42, 28, 38, 48, 34, 44, 30, 40, 50, 31, 41, 27, 37, 47, 33, 43, 29, 39, 49, 35, 45)(51, 61, 71, 57, 67, 53, 63, 73, 59, 
69, 55, 65, 75, 56, 66, 52, 62, 72, 58, 68, 54, 64, 74, 60, 70),  ], [  (1, 68, 31, 23, 61, 29, 16, 59, 46, 14, 52, 44, 7, 74, 37, 5, 67, 35, 
22, 65, 28, 20, 58, 50, 13, 51, 43, 6, 73, 36, 4, 66, 34, 21, 64, 27, 19, 57, 49, 12, 55, 42, 10, 72, 40, 3, 70, 33, 25, 63, 26, 18, 56, 48, 
11, 54, 41, 9, 71, 39, 2, 69, 32, 24, 62, 30, 17, 60, 47, 15, 53, 45, 8, 75, 38),  (1, 38, 75, 8, 45, 53, 15, 47, 60, 17, 30, 62, 24, 32, 69, 
2, 39, 71, 9, 41, 54, 11, 48, 56, 18, 26, 63, 25, 33, 70, 3, 40, 72, 10, 42, 55, 12, 49, 57, 19, 27, 64, 21, 34, 66, 4, 36, 73, 6, 43, 51, 13,
50, 58, 20, 28, 65, 22, 35, 67, 5, 37, 74, 7, 44, 52, 14, 46, 59, 16, 29, 61, 23, 31, 68),  ], [  (1, 57, 38, 19, 75, 27, 8, 64, 45, 21, 53, 
34, 15, 66, 47, 4, 60, 36, 17, 73, 30, 6, 62, 43, 24, 51, 32, 13, 69, 50, 2, 58, 39, 20, 71, 28, 9, 65, 41, 22, 54, 35, 11, 67, 48, 5, 56, 37,
18, 74, 26, 7, 63, 44, 25, 52, 33, 14, 70, 46, 3, 59, 40, 16, 72, 29, 10, 61, 42, 23, 55, 31, 12, 68, 49),  (1, 49, 68, 12, 31, 55, 23, 42, 
61, 10, 29, 72, 16, 40, 59, 3, 46, 70, 14, 33, 52, 25, 44, 63, 7, 26, 74, 18, 37, 56, 5, 48, 67, 11, 35, 54, 22, 41, 65, 9, 28, 71, 20, 39, 
58, 2, 50, 69, 13, 32, 51, 24, 43, 62, 6, 30, 73, 17, 36, 60, 4, 47, 66, 15, 34, 53, 21, 45, 64, 8, 27, 75, 19, 38, 57),  ], [  (1, 69, 33, 
21, 65, 29, 17, 56, 49, 13, 52, 45, 9, 72, 36, 5, 68, 32, 25, 64, 28, 16, 60, 48, 12, 51, 44, 8, 71, 40, 4, 67, 31, 24, 63, 27, 20, 59, 47, 
11, 55, 43, 7, 75, 39, 3, 66, 35, 23, 62, 26, 19, 58, 46, 15, 54, 42, 6, 74, 38, 2, 70, 34, 22, 61, 30, 18, 57, 50, 14, 53, 41, 10, 73, 37),  
(1, 37, 73, 10, 41, 53, 14, 50, 57, 18, 30, 61, 22, 34, 70, 2, 38, 74, 6, 42, 54, 15, 46, 58, 19, 26, 62, 23, 35, 66, 3, 39, 75, 7, 43, 55, 
11, 47, 59, 20, 27, 63, 24, 31, 67, 4, 40, 71, 8, 44, 51, 12, 48, 60, 16, 28, 64, 25, 32, 68, 5, 36, 72, 9, 45, 52, 13, 49, 56, 17, 29, 65, 
21, 33, 69),  ], [  (1, 52, 28, 4, 55, 26, 2, 53, 29, 5, 51, 27, 3, 54, 30)(6, 57, 33, 9, 60, 31, 7, 58, 34, 10, 56, 32, 8, 59, 35)(11, 62, 
38, 14, 65, 36, 12, 63, 39, 15, 61, 37, 13, 64, 40)(16, 67, 43, 19, 70, 41, 17, 68, 44, 20, 66, 42, 18, 69, 45)(21, 72, 48, 24, 75, 46, 22, 
73, 49, 25, 71, 47, 23, 74, 50),  (1, 30, 54, 3, 27, 51, 5, 29, 53, 2, 26, 55, 4, 28, 52)(6, 35, 59, 8, 32, 56, 10, 34, 58, 7, 31, 60, 9, 33, 
57)(11, 40, 64, 13, 37, 61, 15, 39, 63, 12, 36, 65, 14, 38, 62)(16, 45, 69, 18, 42, 66, 20, 44, 68, 17, 41, 70, 19, 43, 67)(21, 50, 74, 23, 
47, 71, 25, 49, 73, 22, 46, 75, 24, 48, 72),  ], [  (1, 10, 14, 18, 22, 2, 6, 15, 19, 23, 3, 7, 11, 20, 24, 4, 8, 12, 16, 25, 5, 9, 13, 17, 
21)(26, 35, 39, 43, 47, 27, 31, 40, 44, 48, 28, 32, 36, 45, 49, 29, 33, 37, 41, 50, 30, 34, 38, 42, 46)(51, 60, 64, 68, 72, 52, 56, 65, 69, 
73, 53, 57, 61, 70, 74, 54, 58, 62, 66, 75, 55, 59, 63, 67, 71),  (1, 21, 17, 13, 9, 5, 25, 16, 12, 8, 4, 24, 20, 11, 7, 3, 23, 19, 15, 6, 2, 
22, 18, 14, 10)(26, 46, 42, 38, 34, 30, 50, 41, 37, 33, 29, 49, 45, 36, 32, 28, 48, 44, 40, 31, 27, 47, 43, 39, 35)(51, 71, 67, 63, 59, 55, 
75, 66, 62, 58, 54, 74, 70, 61, 57, 53, 73, 69, 65, 56, 52, 72, 68, 64, 60),  ], [  (1, 17, 9, 25, 12, 4, 20, 7, 23, 15, 2, 18, 10, 21, 13, 5,
16, 8, 24, 11, 3, 19, 6, 22, 14)(26, 42, 34, 50, 37, 29, 45, 32, 48, 40, 27, 43, 35, 46, 38, 30, 41, 33, 49, 36, 28, 44, 31, 47, 39)(51, 67, 
59, 75, 62, 54, 70, 57, 73, 65, 52, 68, 60, 71, 63, 55, 66, 58, 74, 61, 53, 69, 56, 72, 64),  (1, 14, 22, 6, 19, 3, 11, 24, 8, 16, 5, 13, 21, 
10, 18, 2, 15, 23, 7, 20, 4, 12, 25, 9, 17)(26, 39, 47, 31, 44, 28, 36, 49, 33, 41, 30, 38, 46, 35, 43, 27, 40, 48, 32, 45, 29, 37, 50, 34, 
42)(51, 64, 72, 56, 69, 53, 61, 74, 58, 66, 55, 63, 71, 60, 68, 52, 65, 73, 57, 70, 54, 62, 75, 59, 67),  ], [  (1, 34, 62, 20, 48, 52, 10, 
38, 66, 24, 28, 56, 14, 42, 75, 4, 32, 65, 18, 46, 55, 8, 36, 69, 22, 26, 59, 12, 45, 73, 2, 35, 63, 16, 49, 53, 6, 39, 67, 25, 29, 57, 15, 
43, 71, 5, 33, 61, 19, 47, 51, 9, 37, 70, 23, 27, 60, 13, 41, 74, 3, 31, 64, 17, 50, 54, 7, 40, 68, 21, 30, 58, 11, 44, 72),  (1, 72, 44, 11, 
58, 30, 21, 68, 40, 7, 54, 50, 17, 64, 31, 3, 74, 41, 13, 60, 27, 23, 70, 37, 9, 51, 47, 19, 61, 33, 5, 71, 43, 15, 57, 29, 25, 67, 39, 6, 53,
49, 16, 63, 35, 2, 73, 45, 12, 59, 26, 22, 69, 36, 8, 55, 46, 18, 65, 32, 4, 75, 42, 14, 56, 28, 24, 66, 38, 10, 52, 48, 20, 62, 34),  ], [  
(1, 46, 67, 13, 34, 55, 25, 41, 62, 8, 29, 74, 20, 36, 57, 3, 48, 69, 15, 31, 52, 22, 43, 64, 10, 26, 71, 17, 38, 59, 5, 50, 66, 12, 33, 54, 
24, 45, 61, 7, 28, 73, 19, 40, 56, 2, 47, 68, 14, 35, 51, 21, 42, 63, 9, 30, 75, 16, 37, 58, 4, 49, 70, 11, 32, 53, 23, 44, 65, 6, 27, 72, 18,
39, 60),  (1, 60, 39, 18, 72, 27, 6, 65, 44, 23, 53, 32, 11, 70, 49, 4, 58, 37, 16, 75, 30, 9, 63, 42, 21, 51, 35, 14, 68, 47, 2, 56, 40, 19, 
73, 28, 7, 61, 45, 24, 54, 33, 12, 66, 50, 5, 59, 38, 17, 71, 26, 10, 64, 43, 22, 52, 31, 15, 69, 48, 3, 57, 36, 20, 74, 29, 8, 62, 41, 25, 
55, 34, 13, 67, 46),  ], [  (1, 47, 69, 11, 33, 55, 21, 43, 65, 7, 29, 75, 17, 39, 56, 3, 49, 66, 13, 35, 52, 23, 45, 62, 9, 26, 72, 19, 36, 
58, 5, 46, 68, 15, 32, 54, 25, 42, 64, 6, 28, 74, 16, 38, 60, 2, 48, 70, 12, 34, 51, 22, 44, 61, 8, 30, 71, 18, 40, 57, 4, 50, 67, 14, 31, 53,
24, 41, 63, 10, 27, 73, 20, 37, 59),  (1, 59, 37, 20, 73, 27, 10, 63, 41, 24, 53, 31, 14, 67, 50, 4, 57, 40, 18, 71, 30, 8, 61, 44, 22, 51, 
34, 12, 70, 48, 2, 60, 38, 16, 74, 28, 6, 64, 42, 25, 54, 32, 15, 68, 46, 5, 58, 36, 19, 72, 26, 9, 62, 45, 23, 52, 35, 13, 66, 49, 3, 56, 39,
17, 75, 29, 7, 65, 43, 21, 55, 33, 11, 69, 47),  ], [  (1, 39, 72, 6, 44, 53, 11, 49, 58, 16, 30, 63, 21, 35, 68, 2, 40, 73, 7, 45, 54, 12, 
50, 59, 17, 26, 64, 22, 31, 69, 3, 36, 74, 8, 41, 55, 13, 46, 60, 18, 27, 65, 23, 32, 70, 4, 37, 75, 9, 42, 51, 14, 47, 56, 19, 28, 61, 24, 
33, 66, 5, 38, 71, 10, 43, 52, 15, 48, 57, 20, 29, 62, 25, 34, 67),  (1, 67, 34, 25, 62, 29, 20, 57, 48, 15, 52, 43, 10, 71, 38, 5, 66, 33, 
24, 61, 28, 19, 56, 47, 14, 51, 42, 9, 75, 37, 4, 70, 32, 23, 65, 27, 18, 60, 46, 13, 55, 41, 8, 74, 36, 3, 69, 31, 22, 64, 26, 17, 59, 50, 
12, 54, 45, 7, 73, 40, 2, 68, 35, 21, 63, 30, 16, 58, 49, 11, 53, 44, 6, 72, 39),  ], [  (1, 36, 71, 7, 42, 53, 13, 48, 59, 19, 30, 65, 25, 
31, 66, 2, 37, 72, 8, 43, 54, 14, 49, 60, 20, 26, 61, 21, 32, 67, 3, 38, 73, 9, 44, 55, 15, 50, 56, 16, 27, 62, 22, 33, 68, 4, 39, 74, 10, 45,
51, 11, 46, 57, 17, 28, 63, 23, 34, 69, 5, 40, 75, 6, 41, 52, 12, 47, 58, 18, 29, 64, 24, 35, 70),  (1, 70, 35, 24, 64, 29, 18, 58, 47, 12, 
52, 41, 6, 75, 40, 5, 69, 34, 23, 63, 28, 17, 57, 46, 11, 51, 45, 10, 74, 39, 4, 68, 33, 22, 62, 27, 16, 56, 50, 15, 55, 44, 9, 73, 38, 3, 67,
32, 21, 61, 26, 20, 60, 49, 14, 54, 43, 8, 72, 37, 2, 66, 31, 25, 65, 30, 19, 59, 48, 13, 53, 42, 7, 71, 36),  ], [  (1, 45, 60, 24, 39, 54, 
18, 33, 72, 12, 27, 66, 6, 50, 65, 5, 44, 59, 23, 38, 53, 17, 32, 71, 11, 26, 70, 10, 49, 64, 4, 43, 58, 22, 37, 52, 16, 31, 75, 15, 30, 69, 
9, 48, 63, 3, 42, 57, 21, 36, 51, 20, 35, 74, 14, 29, 68, 8, 47, 62, 2, 41, 56, 25, 40, 55, 19, 34, 73, 13, 28, 67, 7, 46, 61),  (1, 61, 46, 
7, 67, 28, 13, 73, 34, 19, 55, 40, 25, 56, 41, 2, 62, 47, 8, 68, 29, 14, 74, 35, 20, 51, 36, 21, 57, 42, 3, 63, 48, 9, 69, 30, 15, 75, 31, 16,
52, 37, 22, 58, 43, 4, 64, 49, 10, 70, 26, 11, 71, 32, 17, 53, 38, 23, 59, 44, 5, 65, 50, 6, 66, 27, 12, 72, 33, 18, 54, 39, 24, 60, 45),  ], 
[  (1, 35, 64, 18, 47, 52, 6, 40, 69, 23, 28, 57, 11, 45, 74, 4, 33, 62, 16, 50, 55, 9, 38, 67, 21, 26, 60, 14, 43, 72, 2, 31, 65, 19, 48, 53,
7, 36, 70, 24, 29, 58, 12, 41, 75, 5, 34, 63, 17, 46, 51, 10, 39, 68, 22, 27, 56, 15, 44, 73, 3, 32, 61, 20, 49, 54, 8, 37, 66, 25, 30, 59, 
13, 42, 71),  (1, 71, 42, 13, 59, 30, 25, 66, 37, 8, 54, 49, 20, 61, 32, 3, 73, 44, 15, 56, 27, 22, 68, 39, 10, 51, 46, 17, 63, 34, 5, 75, 41,
12, 58, 29, 24, 70, 36, 7, 53, 48, 19, 65, 31, 2, 72, 43, 14, 60, 26, 21, 67, 38, 9, 55, 50, 16, 62, 33, 4, 74, 45, 11, 57, 28, 23, 69, 40, 6,
52, 47, 18, 64, 35),  ], [  (1, 42, 59, 25, 37, 54, 20, 32, 73, 15, 27, 68, 10, 46, 63, 5, 41, 58, 24, 36, 53, 19, 31, 72, 14, 26, 67, 9, 50, 
62, 4, 45, 57, 23, 40, 52, 18, 35, 71, 13, 30, 66, 8, 49, 61, 3, 44, 56, 22, 39, 51, 17, 34, 75, 12, 29, 70, 7, 48, 65, 2, 43, 60, 21, 38, 55,
16, 33, 74, 11, 28, 69, 6, 47, 64),  (1, 64, 47, 6, 69, 28, 11, 74, 33, 16, 55, 38, 21, 60, 43, 2, 65, 48, 7, 70, 29, 12, 75, 34, 17, 51, 39, 
22, 56, 44, 3, 61, 49, 8, 66, 30, 13, 71, 35, 18, 52, 40, 23, 57, 45, 4, 62, 50, 9, 67, 26, 14, 72, 31, 19, 53, 36, 24, 58, 41, 5, 63, 46, 10,
68, 27, 15, 73, 32, 20, 54, 37, 25, 59, 42),  ], [  (1, 6, 11, 16, 21, 2, 7, 12, 17, 22, 3, 8, 13, 18, 23, 4, 9, 14, 19, 24, 5, 10, 15, 20, 
25)(26, 31, 36, 41, 46, 27, 32, 37, 42, 47, 28, 33, 38, 43, 48, 29, 34, 39, 44, 49, 30, 35, 40, 45, 50)(51, 56, 61, 66, 71, 52, 57, 62, 67, 
72, 53, 58, 63, 68, 73, 54, 59, 64, 69, 74, 55, 60, 65, 70, 75),  (1, 25, 20, 15, 10, 5, 24, 19, 14, 9, 4, 23, 18, 13, 8, 3, 22, 17, 12, 7, 2,
21, 16, 11, 6)(26, 50, 45, 40, 35, 30, 49, 44, 39, 34, 29, 48, 43, 38, 33, 28, 47, 42, 37, 32, 27, 46, 41, 36, 31)(51, 75, 70, 65, 60, 55, 74,
69, 64, 59, 54, 73, 68, 63, 58, 53, 72, 67, 62, 57, 52, 71, 66, 61, 56),  ], [  (1, 59, 37, 20, 73, 27, 10, 63, 41, 24, 53, 31, 14, 67, 50, 4,
57, 40, 18, 71, 30, 8, 61, 44, 22, 51, 34, 12, 70, 48, 2, 60, 38, 16, 74, 28, 6, 64, 42, 25, 54, 32, 15, 68, 46, 5, 58, 36, 19, 72, 26, 9, 62,
45, 23, 52, 35, 13, 66, 49, 3, 56, 39, 17, 75, 29, 7, 65, 43, 21, 55, 33, 11, 69, 47),  (1, 47, 69, 11, 33, 55, 21, 43, 65, 7, 29, 75, 17, 39,
56, 3, 49, 66, 13, 35, 52, 23, 45, 62, 9, 26, 72, 19, 36, 58, 5, 46, 68, 15, 32, 54, 25, 42, 64, 6, 28, 74, 16, 38, 60, 2, 48, 70, 12, 34, 51,
22, 44, 61, 8, 30, 71, 18, 40, 57, 4, 50, 67, 14, 31, 53, 24, 41, 63, 10, 27, 73, 20, 37, 59),  ], [  (1, 23, 16, 14, 7, 5, 22, 20, 13, 6, 4, 
21, 19, 12, 10, 3, 25, 18, 11, 9, 2, 24, 17, 15, 8)(26, 48, 41, 39, 32, 30, 47, 45, 38, 31, 29, 46, 44, 37, 35, 28, 50, 43, 36, 34, 27, 49, 
42, 40, 33)(51, 73, 66, 64, 57, 55, 72, 70, 63, 56, 54, 71, 69, 62, 60, 53, 75, 68, 61, 59, 52, 74, 67, 65, 58),  (1, 8, 15, 17, 24, 2, 9, 11,
18, 25, 3, 10, 12, 19, 21, 4, 6, 13, 20, 22, 5, 7, 14, 16, 23)(26, 33, 40, 42, 49, 27, 34, 36, 43, 50, 28, 35, 37, 44, 46, 29, 31, 38, 45, 47,
30, 32, 39, 41, 48)(51, 58, 65, 67, 74, 52, 59, 61, 68, 75, 53, 60, 62, 69, 71, 54, 56, 63, 70, 72, 55, 57, 64, 66, 73),  ], [  (1, 71, 42, 
13, 59, 30, 25, 66, 37, 8, 54, 49, 20, 61, 32, 3, 73, 44, 15, 56, 27, 22, 68, 39, 10, 51, 46, 17, 63, 34, 5, 75, 41, 12, 58, 29, 24, 70, 36, 
7, 53, 48, 19, 65, 31, 2, 72, 43, 14, 60, 26, 21, 67, 38, 9, 55, 50, 16, 62, 33, 4, 74, 45, 11, 57, 28, 23, 69, 40, 6, 52, 47, 18, 64, 35),  
(1, 35, 64, 18, 47, 52, 6, 40, 69, 23, 28, 57, 11, 45, 74, 4, 33, 62, 16, 50, 55, 9, 38, 67, 21, 26, 60, 14, 43, 72, 2, 31, 65, 19, 48, 53, 7,
36, 70, 24, 29, 58, 12, 41, 75, 5, 34, 63, 17, 46, 51, 10, 39, 68, 22, 27, 56, 15, 44, 73, 3, 32, 61, 20, 49, 54, 8, 37, 66, 25, 30, 59, 13, 
42, 71),  ], [  (1, 72, 44, 11, 58, 30, 21, 68, 40, 7, 54, 50, 17, 64, 31, 3, 74, 41, 13, 60, 27, 23, 70, 37, 9, 51, 47, 19, 61, 33, 5, 71, 
43, 15, 57, 29, 25, 67, 39, 6, 53, 49, 16, 63, 35, 2, 73, 45, 12, 59, 26, 22, 69, 36, 8, 55, 46, 18, 65, 32, 4, 75, 42, 14, 56, 28, 24, 66, 
38, 10, 52, 48, 20, 62, 34),  (1, 34, 62, 20, 48, 52, 10, 38, 66, 24, 28, 56, 14, 42, 75, 4, 32, 65, 18, 46, 55, 8, 36, 69, 22, 26, 59, 12, 
45, 73, 2, 35, 63, 16, 49, 53, 6, 39, 67, 25, 29, 57, 15, 43, 71, 5, 33, 61, 19, 47, 51, 9, 37, 70, 23, 27, 60, 13, 41, 74, 3, 31, 64, 17, 50,
54, 7, 40, 68, 21, 30, 58, 11, 44, 72),  ], [  (1, 25, 20, 15, 10, 5, 24, 19, 14, 9, 4, 23, 18, 13, 8, 3, 22, 17, 12, 7, 2, 21, 16, 11, 6)(26,
50, 45, 40, 35, 30, 49, 44, 39, 34, 29, 48, 43, 38, 33, 28, 47, 42, 37, 32, 27, 46, 41, 36, 31)(51, 75, 70, 65, 60, 55, 74, 69, 64, 59, 54, 
73, 68, 63, 58, 53, 72, 67, 62, 57, 52, 71, 66, 61, 56),  (1, 6, 11, 16, 21, 2, 7, 12, 17, 22, 3, 8, 13, 18, 23, 4, 9, 14, 19, 24, 5, 10, 15, 
20, 25)(26, 31, 36, 41, 46, 27, 32, 37, 42, 47, 28, 33, 38, 43, 48, 29, 34, 39, 44, 49, 30, 35, 40, 45, 50)(51, 56, 61, 66, 71, 52, 57, 62, 
67, 72, 53, 58, 63, 68, 73, 54, 59, 64, 69, 74, 55, 60, 65, 70, 75),  ], [  (1, 64, 47, 6, 69, 28, 11, 74, 33, 16, 55, 38, 21, 60, 43, 2, 65, 
48, 7, 70, 29, 12, 75, 34, 17, 51, 39, 22, 56, 44, 3, 61, 49, 8, 66, 30, 13, 71, 35, 18, 52, 40, 23, 57, 45, 4, 62, 50, 9, 67, 26, 14, 72, 31,
19, 53, 36, 24, 58, 41, 5, 63, 46, 10, 68, 27, 15, 73, 32, 20, 54, 37, 25, 59, 42),  (1, 42, 59, 25, 37, 54, 20, 32, 73, 15, 27, 68, 10, 46, 
63, 5, 41, 58, 24, 36, 53, 19, 31, 72, 14, 26, 67, 9, 50, 62, 4, 45, 57, 23, 40, 52, 18, 35, 71, 13, 30, 66, 8, 49, 61, 3, 44, 56, 22, 39, 51,
17, 34, 75, 12, 29, 70, 7, 48, 65, 2, 43, 60, 21, 38, 55, 16, 33, 74, 11, 28, 69, 6, 47, 64),  ], [  (1, 61, 46, 7, 67, 28, 13, 73, 34, 19, 
55, 40, 25, 56, 41, 2, 62, 47, 8, 68, 29, 14, 74, 35, 20, 51, 36, 21, 57, 42, 3, 63, 48, 9, 69, 30, 15, 75, 31, 16, 52, 37, 22, 58, 43, 4, 64,
49, 10, 70, 26, 11, 71, 32, 17, 53, 38, 23, 59, 44, 5, 65, 50, 6, 66, 27, 12, 72, 33, 18, 54, 39, 24, 60, 45),  (1, 45, 60, 24, 39, 54, 18, 
33, 72, 12, 27, 66, 6, 50, 65, 5, 44, 59, 23, 38, 53, 17, 32, 71, 11, 26, 70, 10, 49, 64, 4, 43, 58, 22, 37, 52, 16, 31, 75, 15, 30, 69, 9, 
48, 63, 3, 42, 57, 21, 36, 51, 20, 35, 74, 14, 29, 68, 8, 47, 62, 2, 41, 56, 25, 40, 55, 19, 34, 73, 13, 28, 67, 7, 46, 61),  ], [  (1, 70, 
35, 24, 64, 29, 18, 58, 47, 12, 52, 41, 6, 75, 40, 5, 69, 34, 23, 63, 28, 17, 57, 46, 11, 51, 45, 10, 74, 39, 4, 68, 33, 22, 62, 27, 16, 56, 
50, 15, 55, 44, 9, 73, 38, 3, 67, 32, 21, 61, 26, 20, 60, 49, 14, 54, 43, 8, 72, 37, 2, 66, 31, 25, 65, 30, 19, 59, 48, 13, 53, 42, 7, 71, 
36),  (1, 36, 71, 7, 42, 53, 13, 48, 59, 19, 30, 65, 25, 31, 66, 2, 37, 72, 8, 43, 54, 14, 49, 60, 20, 26, 61, 21, 32, 67, 3, 38, 73, 9, 44, 
55, 15, 50, 56, 16, 27, 62, 22, 33, 68, 4, 39, 74, 10, 45, 51, 11, 46, 57, 17, 28, 63, 23, 34, 69, 5, 40, 75, 6, 41, 52, 12, 47, 58, 18, 29, 
64, 24, 35, 70),  ], [  (1, 60, 39, 18, 72, 27, 6, 65, 44, 23, 53, 32, 11, 70, 49, 4, 58, 37, 16, 75, 30, 9, 63, 42, 21, 51, 35, 14, 68, 47, 
2, 56, 40, 19, 73, 28, 7, 61, 45, 24, 54, 33, 12, 66, 50, 5, 59, 38, 17, 71, 26, 10, 64, 43, 22, 52, 31, 15, 69, 48, 3, 57, 36, 20, 74, 29, 8,
62, 41, 25, 55, 34, 13, 67, 46),  (1, 46, 67, 13, 34, 55, 25, 41, 62, 8, 29, 74, 20, 36, 57, 3, 48, 69, 15, 31, 52, 22, 43, 64, 10, 26, 71, 
17, 38, 59, 5, 50, 66, 12, 33, 54, 24, 45, 61, 7, 28, 73, 19, 40, 56, 2, 47, 68, 14, 35, 51, 21, 42, 63, 9, 30, 75, 16, 37, 58, 4, 49, 70, 11,
32, 53, 23, 44, 65, 6, 27, 72, 18, 39, 60),  ], [  (1, 67, 34, 25, 62, 29, 20, 57, 48, 15, 52, 43, 10, 71, 38, 5, 66, 33, 24, 61, 28, 19, 56, 
47, 14, 51, 42, 9, 75, 37, 4, 70, 32, 23, 65, 27, 18, 60, 46, 13, 55, 41, 8, 74, 36, 3, 69, 31, 22, 64, 26, 17, 59, 50, 12, 54, 45, 7, 73, 40,
2, 68, 35, 21, 63, 30, 16, 58, 49, 11, 53, 44, 6, 72, 39),  (1, 39, 72, 6, 44, 53, 11, 49, 58, 16, 30, 63, 21, 35, 68, 2, 40, 73, 7, 45, 54, 
12, 50, 59, 17, 26, 64, 22, 31, 69, 3, 36, 74, 8, 41, 55, 13, 46, 60, 18, 27, 65, 23, 32, 70, 4, 37, 75, 9, 42, 51, 14, 47, 56, 19, 28, 61, 
24, 33, 66, 5, 38, 71, 10, 43, 52, 15, 48, 57, 20, 29, 62, 25, 34, 67),  ], [  (1, 8, 15, 17, 24, 2, 9, 11, 18, 25, 3, 10, 12, 19, 21, 4, 6, 
13, 20, 22, 5, 7, 14, 16, 23)(26, 33, 40, 42, 49, 27, 34, 36, 43, 50, 28, 35, 37, 44, 46, 29, 31, 38, 45, 47, 30, 32, 39, 41, 48)(51, 58, 65, 
67, 74, 52, 59, 61, 68, 75, 53, 60, 62, 69, 71, 54, 56, 63, 70, 72, 55, 57, 64, 66, 73),  (1, 23, 16, 14, 7, 5, 22, 20, 13, 6, 4, 21, 19, 12, 
10, 3, 25, 18, 11, 9, 2, 24, 17, 15, 8)(26, 48, 41, 39, 32, 30, 47, 45, 38, 31, 29, 46, 44, 37, 35, 28, 50, 43, 36, 34, 27, 49, 42, 40, 
33)(51, 73, 66, 64, 57, 55, 72, 70, 63, 56, 54, 71, 69, 62, 60, 53, 75, 68, 61, 59, 52, 74, 67, 65, 58),  ], [  (1, 31, 61, 16, 46, 52, 7, 37,
67, 22, 28, 58, 13, 43, 73, 4, 34, 64, 19, 49, 55, 10, 40, 70, 25, 26, 56, 11, 41, 71, 2, 32, 62, 17, 47, 53, 8, 38, 68, 23, 29, 59, 14, 44, 
74, 5, 35, 65, 20, 50, 51, 6, 36, 66, 21, 27, 57, 12, 42, 72, 3, 33, 63, 18, 48, 54, 9, 39, 69, 24, 30, 60, 15, 45, 75),  (1, 75, 45, 15, 60, 
