BRACES[82] := rec( total := -1, implemented := 2, size := 82, brace := [] );BRACES[82].brace[1] := rec ( size := 82, perms := [ [  (),  (),  
], [  (1, 42)(2, 43)(3, 44)(4, 45)(5, 46)(6, 47)(7, 48)(8, 49)(9, 50)(10, 51)(11, 52)(12, 53)(13, 54)(14, 55)(15, 56)(16, 57)(17, 58)(18, 
59)(19, 60)(20, 61)(21, 62)(22, 63)(23, 64)(24, 65)(25, 66)(26, 67)(27, 68)(28, 69)(29, 70)(30, 71)(31, 72)(32, 73)(33, 74)(34, 75)(35, 
76)(36, 77)(37, 78)(38, 79)(39, 80)(40, 81)(41, 82),  (1, 42)(2, 43)(3, 44)(4, 45)(5, 46)(6, 47)(7, 48)(8, 49)(9, 50)(10, 51)(11, 52)(12, 
53)(13, 54)(14, 55)(15, 56)(16, 57)(17, 58)(18, 59)(19, 60)(20, 61)(21, 62)(22, 63)(23, 64)(24, 65)(25, 66)(26, 67)(27, 68)(28, 69)(29, 
70)(30, 71)(31, 72)(32, 73)(33, 74)(34, 75)(35, 76)(36, 77)(37, 78)(38, 79)(39, 80)(40, 81)(41, 82),  ], [  (1, 24, 6, 29, 11, 34, 16, 39, 21,
3, 26, 8, 31, 13, 36, 18, 41, 23, 5, 28, 10, 33, 15, 38, 20, 2, 25, 7, 30, 12, 35, 17, 40, 22, 4, 27, 9, 32, 14, 37, 19)(42, 65, 47, 70, 52, 
75, 57, 80, 62, 44, 67, 49, 72, 54, 77, 59, 82, 64, 46, 69, 51, 74, 56, 79, 61, 43, 66, 48, 71, 53, 76, 58, 81, 63, 45, 68, 50, 73, 55, 78, 
60),  (1, 19, 37, 14, 32, 9, 27, 4, 22, 40, 17, 35, 12, 30, 7, 25, 2, 20, 38, 15, 33, 10, 28, 5, 23, 41, 18, 36, 13, 31, 8, 26, 3, 21, 39, 16,
34, 11, 29, 6, 24)(42, 60, 78, 55, 73, 50, 68, 45, 63, 81, 58, 76, 53, 71, 48, 66, 43, 61, 79, 56, 74, 51, 69, 46, 64, 82, 59, 77, 54, 72, 49,
67, 44, 62, 80, 57, 75, 52, 70, 47, 65),  ], [  (1, 19, 37, 14, 32, 9, 27, 4, 22, 40, 17, 35, 12, 30, 7, 25, 2, 20, 38, 15, 33, 10, 28, 5, 23,
41, 18, 36, 13, 31, 8, 26, 3, 21, 39, 16, 34, 11, 29, 6, 24)(42, 60, 78, 55, 73, 50, 68, 45, 63, 81, 58, 76, 53, 71, 48, 66, 43, 61, 79, 56, 
74, 51, 69, 46, 64, 82, 59, 77, 54, 72, 49, 67, 44, 62, 80, 57, 75, 52, 70, 47, 65),  (1, 24, 6, 29, 11, 34, 16, 39, 21, 3, 26, 8, 31, 13, 36,
18, 41, 23, 5, 28, 10, 33, 15, 38, 20, 2, 25, 7, 30, 12, 35, 17, 40, 22, 4, 27, 9, 32, 14, 37, 19)(42, 65, 47, 70, 52, 75, 57, 80, 62, 44, 67,
49, 72, 54, 77, 59, 82, 64, 46, 69, 51, 74, 56, 79, 61, 43, 66, 48, 71, 53, 76, 58, 81, 63, 45, 68, 50, 73, 55, 78, 60),  ], [  (1, 65, 6, 70,
11, 75, 16, 80, 21, 44, 26, 49, 31, 54, 36, 59, 41, 64, 5, 69, 10, 74, 15, 79, 20, 43, 25, 48, 30, 53, 35, 58, 40, 63, 4, 68, 9, 73, 14, 78, 
19, 42, 24, 47, 29, 52, 34, 57, 39, 62, 3, 67, 8, 72, 13, 77, 18, 82, 23, 46, 28, 51, 33, 56, 38, 61, 2, 66, 7, 71, 12, 76, 17, 81, 22, 45, 
27, 50, 32, 55, 37, 60),  (1, 60, 37, 55, 32, 50, 27, 45, 22, 81, 17, 76, 12, 71, 7, 66, 2, 61, 38, 56, 33, 51, 28, 46, 23, 82, 18, 77, 13, 
72, 8, 67, 3, 62, 39, 57, 34, 52, 29, 47, 24, 42, 19, 78, 14, 73, 9, 68, 4, 63, 40, 58, 35, 53, 30, 48, 25, 43, 20, 79, 15, 74, 10, 69, 5, 64,
41, 59, 36, 54, 31, 49, 26, 44, 21, 80, 16, 75, 11, 70, 6, 65),  ], [  (1, 60, 37, 55, 32, 50, 27, 45, 22, 81, 17, 76, 12, 71, 7, 66, 2, 61, 
38, 56, 33, 51, 28, 46, 23, 82, 18, 77, 13, 72, 8, 67, 3, 62, 39, 57, 34, 52, 29, 47, 24, 42, 19, 78, 14, 73, 9, 68, 4, 63, 40, 58, 35, 53, 
30, 48, 25, 43, 20, 79, 15, 74, 10, 69, 5, 64, 41, 59, 36, 54, 31, 49, 26, 44, 21, 80, 16, 75, 11, 70, 6, 65),  (1, 65, 6, 70, 11, 75, 16, 80,
21, 44, 26, 49, 31, 54, 36, 59, 41, 64, 5, 69, 10, 74, 15, 79, 20, 43, 25, 48, 30, 53, 35, 58, 40, 63, 4, 68, 9, 73, 14, 78, 19, 42, 24, 47, 
29, 52, 34, 57, 39, 62, 3, 67, 8, 72, 13, 77, 18, 82, 23, 46, 28, 51, 33, 56, 38, 61, 2, 66, 7, 71, 12, 76, 17, 81, 22, 45, 27, 50, 32, 55, 
37, 60),  ], [  (1, 6, 11, 16, 21, 26, 31, 36, 41, 5, 10, 15, 20, 25, 30, 35, 40, 4, 9, 14, 19, 24, 29, 34, 39, 3, 8, 13, 18, 23, 28, 33, 38, 
2, 7, 12, 17, 22, 27, 32, 37)(42, 47, 52, 57, 62, 67, 72, 77, 82, 46, 51, 56, 61, 66, 71, 76, 81, 45, 50, 55, 60, 65, 70, 75, 80, 44, 49, 54, 
59, 64, 69, 74, 79, 43, 48, 53, 58, 63, 68, 73, 78),  (1, 37, 32, 27, 22, 17, 12, 7, 2, 38, 33, 28, 23, 18, 13, 8, 3, 39, 34, 29, 24, 19, 14, 
9, 4, 40, 35, 30, 25, 20, 15, 10, 5, 41, 36, 31, 26, 21, 16, 11, 6)(42, 78, 73, 68, 63, 58, 53, 48, 43, 79, 74, 69, 64, 59, 54, 49, 44, 80, 
75, 70, 65, 60, 55, 50, 45, 81, 76, 71, 66, 61, 56, 51, 46, 82, 77, 72, 67, 62, 57, 52, 47),  ], [  (1, 37, 32, 27, 22, 17, 12, 7, 2, 38, 33, 
28, 23, 18, 13, 8, 3, 39, 34, 29, 24, 19, 14, 9, 4, 40, 35, 30, 25, 20, 15, 10, 5, 41, 36, 31, 26, 21, 16, 11, 6)(42, 78, 73, 68, 63, 58, 53, 
48, 43, 79, 74, 69, 64, 59, 54, 49, 44, 80, 75, 70, 65, 60, 55, 50, 45, 81, 76, 71, 66, 61, 56, 51, 46, 82, 77, 72, 67, 62, 57, 52, 47),  (1, 
6, 11, 16, 21, 26, 31, 36, 41, 5, 10, 15, 20, 25, 30, 35, 40, 4, 9, 14, 19, 24, 29, 34, 39, 3, 8, 13, 18, 23, 28, 33, 38, 2, 7, 12, 17, 22, 
27, 32, 37)(42, 47, 52, 57, 62, 67, 72, 77, 82, 46, 51, 56, 61, 66, 71, 76, 81, 45, 50, 55, 60, 65, 70, 75, 80, 44, 49, 54, 59, 64, 69, 74, 
79, 43, 48, 53, 58, 63, 68, 73, 78),  ], [  (1, 47, 11, 57, 21, 67, 31, 77, 41, 46, 10, 56, 20, 66, 30, 76, 40, 45, 9, 55, 19, 65, 29, 75, 39,
44, 8, 54, 18, 64, 28, 74, 38, 43, 7, 53, 17, 63, 27, 73, 37, 42, 6, 52, 16, 62, 26, 72, 36, 82, 5, 51, 15, 61, 25, 71, 35, 81, 4, 50, 14, 60,
24, 70, 34, 80, 3, 49, 13, 59, 23, 69, 33, 79, 2, 48, 12, 58, 22, 68, 32, 78),  (1, 78, 32, 68, 22, 58, 12, 48, 2, 79, 33, 69, 23, 59, 13, 49,
3, 80, 34, 70, 24, 60, 14, 50, 4, 81, 35, 71, 25, 61, 15, 51, 5, 82, 36, 72, 26, 62, 16, 52, 6, 42, 37, 73, 27, 63, 17, 53, 7, 43, 38, 74, 28,
64, 18, 54, 8, 44, 39, 75, 29, 65, 19, 55, 9, 45, 40, 76, 30, 66, 20, 56, 10, 46, 41, 77, 31, 67, 21, 57, 11, 47),  ], [  (1, 78, 32, 68, 22, 
58, 12, 48, 2, 79, 33, 69, 23, 59, 13, 49, 3, 80, 34, 70, 24, 60, 14, 50, 4, 81, 35, 71, 25, 61, 15, 51, 5, 82, 36, 72, 26, 62, 16, 52, 6, 42,
37, 73, 27, 63, 17, 53, 7, 43, 38, 74, 28, 64, 18, 54, 8, 44, 39, 75, 29, 65, 19, 55, 9, 45, 40, 76, 30, 66, 20, 56, 10, 46, 41, 77, 31, 67, 
21, 57, 11, 47),  (1, 47, 11, 57, 21, 67, 31, 77, 41, 46, 10, 56, 20, 66, 30, 76, 40, 45, 9, 55, 19, 65, 29, 75, 39, 44, 8, 54, 18, 64, 28, 
74, 38, 43, 7, 53, 17, 63, 27, 73, 37, 42, 6, 52, 16, 62, 26, 72, 36, 82, 5, 51, 15, 61, 25, 71, 35, 81, 4, 50, 14, 60, 24, 70, 34, 80, 3, 49,
13, 59, 23, 69, 33, 79, 2, 48, 12, 58, 22, 68, 32, 78),  ], [  (1, 29, 16, 3, 31, 18, 5, 33, 20, 7, 35, 22, 9, 37, 24, 11, 39, 26, 13, 41, 28,
15, 2, 30, 17, 4, 32, 19, 6, 34, 21, 8, 36, 23, 10, 38, 25, 12, 40, 27, 14)(42, 70, 57, 44, 72, 59, 46, 74, 61, 48, 76, 63, 50, 78, 65, 52, 
80, 67, 54, 82, 69, 56, 43, 71, 58, 45, 73, 60, 47, 75, 62, 49, 77, 64, 51, 79, 66, 53, 81, 68, 55),  (1, 14, 27, 40, 12, 25, 38, 10, 23, 36, 
8, 21, 34, 6, 19, 32, 4, 17, 30, 2, 15, 28, 41, 13, 26, 39, 11, 24, 37, 9, 22, 35, 7, 20, 33, 5, 18, 31, 3, 16, 29)(42, 55, 68, 81, 53, 66, 
79, 51, 64, 77, 49, 62, 75, 47, 60, 73, 45, 58, 71, 43, 56, 69, 82, 54, 67, 80, 52, 65, 78, 50, 63, 76, 48, 61, 74, 46, 59, 72, 44, 57, 70),  
], [  (1, 14, 27, 40, 12, 25, 38, 10, 23, 36, 8, 21, 34, 6, 19, 32, 4, 17, 30, 2, 15, 28, 41, 13, 26, 39, 11, 24, 37, 9, 22, 35, 7, 20, 33, 5,
18, 31, 3, 16, 29)(42, 55, 68, 81, 53, 66, 79, 51, 64, 77, 49, 62, 75, 47, 60, 73, 45, 58, 71, 43, 56, 69, 82, 54, 67, 80, 52, 65, 78, 50, 63,
76, 48, 61, 74, 46, 59, 72, 44, 57, 70),  (1, 29, 16, 3, 31, 18, 5, 33, 20, 7, 35, 22, 9, 37, 24, 11, 39, 26, 13, 41, 28, 15, 2, 30, 17, 4, 
32, 19, 6, 34, 21, 8, 36, 23, 10, 38, 25, 12, 40, 27, 14)(42, 70, 57, 44, 72, 59, 46, 74, 61, 48, 76, 63, 50, 78, 65, 52, 80, 67, 54, 82, 69, 
56, 43, 71, 58, 45, 73, 60, 47, 75, 62, 49, 77, 64, 51, 79, 66, 53, 81, 68, 55),  ], [  (1, 70, 16, 44, 31, 59, 5, 74, 20, 48, 35, 63, 9, 78, 
24, 52, 39, 67, 13, 82, 28, 56, 2, 71, 17, 45, 32, 60, 6, 75, 21, 49, 36, 64, 10, 79, 25, 53, 40, 68, 14, 42, 29, 57, 3, 72, 18, 46, 33, 61, 
7, 76, 22, 50, 37, 65, 11, 80, 26, 54, 41, 69, 15, 43, 30, 58, 4, 73, 19, 47, 34, 62, 8, 77, 23, 51, 38, 66, 12, 81, 27, 55),  (1, 55, 27, 81,
12, 66, 38, 51, 23, 77, 8, 62, 34, 47, 19, 73, 4, 58, 30, 43, 15, 69, 41, 54, 26, 80, 11, 65, 37, 50, 22, 76, 7, 61, 33, 46, 18, 72, 3, 57, 
29, 42, 14, 68, 40, 53, 25, 79, 10, 64, 36, 49, 21, 75, 6, 60, 32, 45, 17, 71, 2, 56, 28, 82, 13, 67, 39, 52, 24, 78, 9, 63, 35, 48, 20, 74, 
5, 59, 31, 44, 16, 70),  ], [  (1, 55, 27, 81, 12, 66, 38, 51, 23, 77, 8, 62, 34, 47, 19, 73, 4, 58, 30, 43, 15, 69, 41, 54, 26, 80, 11, 65, 
37, 50, 22, 76, 7, 61, 33, 46, 18, 72, 3, 57, 29, 42, 14, 68, 40, 53, 25, 79, 10, 64, 36, 49, 21, 75, 6, 60, 32, 45, 17, 71, 2, 56, 28, 82, 
13, 67, 39, 52, 24, 78, 9, 63, 35, 48, 20, 74, 5, 59, 31, 44, 16, 70),  (1, 70, 16, 44, 31, 59, 5, 74, 20, 48, 35, 63, 9, 78, 24, 52, 39, 67, 
13, 82, 28, 56, 2, 71, 17, 45, 32, 60, 6, 75, 21, 49, 36, 64, 10, 79, 25, 53, 40, 68, 14, 42, 29, 57, 3, 72, 18, 46, 33, 61, 7, 76, 22, 50, 
37, 65, 11, 80, 26, 54, 41, 69, 15, 43, 30, 58, 4, 73, 19, 47, 34, 62, 8, 77, 23, 51, 38, 66, 12, 81, 27, 55),  ], [  (1, 11, 21, 31, 41, 10, 
20, 30, 40, 9, 19, 29, 39, 8, 18, 28, 38, 7, 17, 27, 37, 6, 16, 26, 36, 5, 15, 25, 35, 4, 14, 24, 34, 3, 13, 23, 33, 2, 12, 22, 32)(42, 52, 
62, 72, 82, 51, 61, 71, 81, 50, 60, 70, 80, 49, 59, 69, 79, 48, 58, 68, 78, 47, 57, 67, 77, 46, 56, 66, 76, 45, 55, 65, 75, 44, 54, 64, 74, 
43, 53, 63, 73),  (1, 32, 22, 12, 2, 33, 23, 13, 3, 34, 24, 14, 4, 35, 25, 15, 5, 36, 26, 16, 6, 37, 27, 17, 7, 38, 28, 18, 8, 39, 29, 19, 9, 
40, 30, 20, 10, 41, 31, 21, 11)(42, 73, 63, 53, 43, 74, 64, 54, 44, 75, 65, 55, 45, 76, 66, 56, 46, 77, 67, 57, 47, 78, 68, 58, 48, 79, 69, 
59, 49, 80, 70, 60, 50, 81, 71, 61, 51, 82, 72, 62, 52),  ], [  (1, 32, 22, 12, 2, 33, 23, 13, 3, 34, 24, 14, 4, 35, 25, 15, 5, 36, 26, 16, 6,
37, 27, 17, 7, 38, 28, 18, 8, 39, 29, 19, 9, 40, 30, 20, 10, 41, 31, 21, 11)(42, 73, 63, 53, 43, 74, 64, 54, 44, 75, 65, 55, 45, 76, 66, 56, 
46, 77, 67, 57, 47, 78, 68, 58, 48, 79, 69, 59, 49, 80, 70, 60, 50, 81, 71, 61, 51, 82, 72, 62, 52),  (1, 11, 21, 31, 41, 10, 20, 30, 40, 9, 
19, 29, 39, 8, 18, 28, 38, 7, 17, 27, 37, 6, 16, 26, 36, 5, 15, 25, 35, 4, 14, 24, 34, 3, 13, 23, 33, 2, 12, 22, 32)(42, 52, 62, 72, 82, 51, 
61, 71, 81, 50, 60, 70, 80, 49, 59, 69, 79, 48, 58, 68, 78, 47, 57, 67, 77, 46, 56, 66, 76, 45, 55, 65, 75, 44, 54, 64, 74, 43, 53, 63, 73),  
], [  (1, 52, 21, 72, 41, 51, 20, 71, 40, 50, 19, 70, 39, 49, 18, 69, 38, 48, 17, 68, 37, 47, 16, 67, 36, 46, 15, 66, 35, 45, 14, 65, 34, 44, 
13, 64, 33, 43, 12, 63, 32, 42, 11, 62, 31, 82, 10, 61, 30, 81, 9, 60, 29, 80, 8, 59, 28, 79, 7, 58, 27, 78, 6, 57, 26, 77, 5, 56, 25, 76, 4, 
55, 24, 75, 3, 54, 23, 74, 2, 53, 22, 73),  (1, 73, 22, 53, 2, 74, 23, 54, 3, 75, 24, 55, 4, 76, 25, 56, 5, 77, 26, 57, 6, 78, 27, 58, 7, 79, 
28, 59, 8, 80, 29, 60, 9, 81, 30, 61, 10, 82, 31, 62, 11, 42, 32, 63, 12, 43, 33, 64, 13, 44, 34, 65, 14, 45, 35, 66, 15, 46, 36, 67, 16, 47, 
37, 68, 17, 48, 38, 69, 18, 49, 39, 70, 19, 50, 40, 71, 20, 51, 41, 72, 21, 52),  ], [  (1, 73, 22, 53, 2, 74, 23, 54, 3, 75, 24, 55, 4, 76, 
25, 56, 5, 77, 26, 57, 6, 78, 27, 58, 7, 79, 28, 59, 8, 80, 29, 60, 9, 81, 30, 61, 10, 82, 31, 62, 11, 42, 32, 63, 12, 43, 33, 64, 13, 44, 34,
65, 14, 45, 35, 66, 15, 46, 36, 67, 16, 47, 37, 68, 17, 48, 38, 69, 18, 49, 39, 70, 19, 50, 40, 71, 20, 51, 41, 72, 21, 52),  (1, 52, 21, 72, 
41, 51, 20, 71, 40, 50, 19, 70, 39, 49, 18, 69, 38, 48, 17, 68, 37, 47, 16, 67, 36, 46, 15, 66, 35, 45, 14, 65, 34, 44, 13, 64, 33, 43, 12, 
63, 32, 42, 11, 62, 31, 82, 10, 61, 30, 81, 9, 60, 29, 80, 8, 59, 28, 79, 7, 58, 27, 78, 6, 57, 26, 77, 5, 56, 25, 76, 4, 55, 24, 75, 3, 54, 
23, 74, 2, 53, 22, 73),  ], [  (1, 34, 26, 18, 10, 2, 35, 27, 19, 11, 3, 36, 28, 20, 12, 4, 37, 29, 21, 13, 5, 38, 30, 22, 14, 6, 39, 31, 23, 
15, 7, 40, 32, 24, 16, 8, 41, 33, 25, 17, 9)(42, 75, 67, 59, 51, 43, 76, 68, 60, 52, 44, 77, 69, 61, 53, 45, 78, 70, 62, 54, 46, 79, 71, 63, 
55, 47, 80, 72, 64, 56, 48, 81, 73, 65, 57, 49, 82, 74, 66, 58, 50),  (1, 9, 17, 25, 33, 41, 8, 16, 24, 32, 40, 7, 15, 23, 31, 39, 6, 14, 22, 
30, 38, 5, 13, 21, 29, 37, 4, 12, 20, 28, 36, 3, 11, 19, 27, 35, 2, 10, 18, 26, 34)(42, 50, 58, 66, 74, 82, 49, 57, 65, 73, 81, 48, 56, 64, 
72, 80, 47, 55, 63, 71, 79, 46, 54, 62, 70, 78, 45, 53, 61, 69, 77, 44, 52, 60, 68, 76, 43, 51, 59, 67, 75),  ], [  (1, 9, 17, 25, 33, 41, 8, 
16, 24, 32, 40, 7, 15, 23, 31, 39, 6, 14, 22, 30, 38, 5, 13, 21, 29, 37, 4, 12, 20, 28, 36, 3, 11, 19, 27, 35, 2, 10, 18, 26, 34)(42, 50, 58, 
66, 74, 82, 49, 57, 65, 73, 81, 48, 56, 64, 72, 80, 47, 55, 63, 71, 79, 46, 54, 62, 70, 78, 45, 53, 61, 69, 77, 44, 52, 60, 68, 76, 43, 51, 
59, 67, 75),  (1, 34, 26, 18, 10, 2, 35, 27, 19, 11, 3, 36, 28, 20, 12, 4, 37, 29, 21, 13, 5, 38, 30, 22, 14, 6, 39, 31, 23, 15, 7, 40, 32, 
24, 16, 8, 41, 33, 25, 17, 9)(42, 75, 67, 59, 51, 43, 76, 68, 60, 52, 44, 77, 69, 61, 53, 45, 78, 70, 62, 54, 46, 79, 71, 63, 55, 47, 80, 72, 
64, 56, 48, 81, 73, 65, 57, 49, 82, 74, 66, 58, 50),  ], [  (1, 75, 26, 59, 10, 43, 35, 68, 19, 52, 3, 77, 28, 61, 12, 45, 37, 70, 21, 54, 5, 
79, 30, 63, 14, 47, 39, 72, 23, 56, 7, 81, 32, 65, 16, 49, 41, 74, 25, 58, 9, 42, 34, 67, 18, 51, 2, 76, 27, 60, 11, 44, 36, 69, 20, 53, 4, 
78, 29, 62, 13, 46, 38, 71, 22, 55, 6, 80, 31, 64, 15, 48, 40, 73, 24, 57, 8, 82, 33, 66, 17, 50),  (1, 50, 17, 66, 33, 82, 8, 57, 24, 73, 40,
48, 15, 64, 31, 80, 6, 55, 22, 71, 38, 46, 13, 62, 29, 78, 4, 53, 20, 69, 36, 44, 11, 60, 27, 76, 2, 51, 18, 67, 34, 42, 9, 58, 25, 74, 41, 
49, 16, 65, 32, 81, 7, 56, 23, 72, 39, 47, 14, 63, 30, 79, 5, 54, 21, 70, 37, 45, 12, 61, 28, 77, 3, 52, 19, 68, 35, 43, 10, 59, 26, 75),  ], 
[  (1, 50, 17, 66, 33, 82, 8, 57, 24, 73, 40, 48, 15, 64, 31, 80, 6, 55, 22, 71, 38, 46, 13, 62, 29, 78, 4, 53, 20, 69, 36, 44, 11, 60, 27, 
76, 2, 51, 18, 67, 34, 42, 9, 58, 25, 74, 41, 49, 16, 65, 32, 81, 7, 56, 23, 72, 39, 47, 14, 63, 30, 79, 5, 54, 21, 70, 37, 45, 12, 61, 28, 
77, 3, 52, 19, 68, 35, 43, 10, 59, 26, 75),  (1, 75, 26, 59, 10, 43, 35, 68, 19, 52, 3, 77, 28, 61, 12, 45, 37, 70, 21, 54, 5, 79, 30, 63, 14,
47, 39, 72, 23, 56, 7, 81, 32, 65, 16, 49, 41, 74, 25, 58, 9, 42, 34, 67, 18, 51, 2, 76, 27, 60, 11, 44, 36, 69, 20, 53, 4, 78, 29, 62, 13, 
46, 38, 71, 22, 55, 6, 80, 31, 64, 15, 48, 40, 73, 24, 57, 8, 82, 33, 66, 17, 50),  ], [  (1, 16, 31, 5, 20, 35, 9, 24, 39, 13, 28, 2, 17, 32,
6, 21, 36, 10, 25, 40, 14, 29, 3, 18, 33, 7, 22, 37, 11, 26, 41, 15, 30, 4, 19, 34, 8, 23, 38, 12, 27)(42, 57, 72, 46, 61, 76, 50, 65, 80, 54,
69, 43, 58, 73, 47, 62, 77, 51, 66, 81, 55, 70, 44, 59, 74, 48, 63, 78, 52, 67, 82, 56, 71, 45, 60, 75, 49, 64, 79, 53, 68),  (1, 27, 12, 38, 
23, 8, 34, 19, 4, 30, 15, 41, 26, 11, 37, 22, 7, 33, 18, 3, 29, 14, 40, 25, 10, 36, 21, 6, 32, 17, 2, 28, 13, 39, 24, 9, 35, 20, 5, 31, 
16)(42, 68, 53, 79, 64, 49, 75, 60, 45, 71, 56, 82, 67, 52, 78, 63, 48, 74, 59, 44, 70, 55, 81, 66, 51, 77, 62, 47, 73, 58, 43, 69, 54, 80, 
65, 50, 76, 61, 46, 72, 57),  ], [  (1, 27, 12, 38, 23, 8, 34, 19, 4, 30, 15, 41, 26, 11, 37, 22, 7, 33, 18, 3, 29, 14, 40, 25, 10, 36, 21, 6,
32, 17, 2, 28, 13, 39, 24, 9, 35, 20, 5, 31, 16)(42, 68, 53, 79, 64, 49, 75, 60, 45, 71, 56, 82, 67, 52, 78, 63, 48, 74, 59, 44, 70, 55, 81, 
66, 51, 77, 62, 47, 73, 58, 43, 69, 54, 80, 65, 50, 76, 61, 46, 72, 57),  (1, 16, 31, 5, 20, 35, 9, 24, 39, 13, 28, 2, 17, 32, 6, 21, 36, 10, 
25, 40, 14, 29, 3, 18, 33, 7, 22, 37, 11, 26, 41, 15, 30, 4, 19, 34, 8, 23, 38, 12, 27)(42, 57, 72, 46, 61, 76, 50, 65, 80, 54, 69, 43, 58, 
73, 47, 62, 77, 51, 66, 81, 55, 70, 44, 59, 74, 48, 63, 78, 52, 67, 82, 56, 71, 45, 60, 75, 49, 64, 79, 53, 68),  ], [  (1, 57, 31, 46, 20, 
76, 9, 65, 39, 54, 28, 43, 17, 73, 6, 62, 36, 51, 25, 81, 14, 70, 3, 59, 33, 48, 22, 78, 11, 67, 41, 56, 30, 45, 19, 75, 8, 64, 38, 53, 27, 
42, 16, 72, 5, 61, 35, 50, 24, 80, 13, 69, 2, 58, 32, 47, 21, 77, 10, 66, 40, 55, 29, 44, 18, 74, 7, 63, 37, 52, 26, 82, 15, 71, 4, 60, 34, 
49, 23, 79, 12, 68),  (1, 68, 12, 79, 23, 49, 34, 60, 4, 71, 15, 82, 26, 52, 37, 63, 7, 74, 18, 44, 29, 55, 40, 66, 10, 77, 21, 47, 32, 58, 2,
69, 13, 80, 24, 50, 35, 61, 5, 72, 16, 42, 27, 53, 38, 64, 8, 75, 19, 45, 30, 56, 41, 67, 11, 78, 22, 48, 33, 59, 3, 70, 14, 81, 25, 51, 36, 
62, 6, 73, 17, 43, 28, 54, 39, 65, 9, 76, 20, 46, 31, 57),  ], [  (1, 68, 12, 79, 23, 49, 34, 60, 4, 71, 15, 82, 26, 52, 37, 63, 7, 74, 18, 
44, 29, 55, 40, 66, 10, 77, 21, 47, 32, 58, 2, 69, 13, 80, 24, 50, 35, 61, 5, 72, 16, 42, 27, 53, 38, 64, 8, 75, 19, 45, 30, 56, 41, 67, 11, 
78, 22, 48, 33, 59, 3, 70, 14, 81, 25, 51, 36, 62, 6, 73, 17, 43, 28, 54, 39, 65, 9, 76, 20, 46, 31, 57),  (1, 57, 31, 46, 20, 76, 9, 65, 39, 
54, 28, 43, 17, 73, 6, 62, 36, 51, 25, 81, 14, 70, 3, 59, 33, 48, 22, 78, 11, 67, 41, 56, 30, 45, 19, 75, 8, 64, 38, 53, 27, 42, 16, 72, 5, 
61, 35, 50, 24, 80, 13, 69, 2, 58, 32, 47, 21, 77, 10, 66, 40, 55, 29, 44, 18, 74, 7, 63, 37, 52, 26, 82, 15, 71, 4, 60, 34, 49, 23, 79, 12, 
68),  ], [  (1, 39, 36, 33, 30, 27, 24, 21, 18, 15, 12, 9, 6, 3, 41, 38, 35, 32, 29, 26, 23, 20, 17, 14, 11, 8, 5, 2, 40, 37, 34, 31, 28, 25, 
22, 19, 16, 13, 10, 7, 4)(42, 80, 77, 74, 71, 68, 65, 62, 59, 56, 53, 50, 47, 44, 82, 79, 76, 73, 70, 67, 64, 61, 58, 55, 52, 49, 46, 43, 81, 
78, 75, 72, 69, 66, 63, 60, 57, 54, 51, 48, 45),  (1, 4, 7, 10, 13, 16, 19, 22, 25, 28, 31, 34, 37, 40, 2, 5, 8, 11, 14, 17, 20, 23, 26, 29, 
32, 35, 38, 41, 3, 6, 9, 12, 15, 18, 21, 24, 27, 30, 33, 36, 39)(42, 45, 48, 51, 54, 57, 60, 63, 66, 69, 72, 75, 78, 81, 43, 46, 49, 52, 55, 
58, 61, 64, 67, 70, 73, 76, 79, 82, 44, 47, 50, 53, 56, 59, 62, 65, 68, 71, 74, 77, 80),  ], [  (1, 4, 7, 10, 13, 16, 19, 22, 25, 28, 31, 34, 
37, 40, 2, 5, 8, 11, 14, 17, 20, 23, 26, 29, 32, 35, 38, 41, 3, 6, 9, 12, 15, 18, 21, 24, 27, 30, 33, 36, 39)(42, 45, 48, 51, 54, 57, 60, 63, 
66, 69, 72, 75, 78, 81, 43, 46, 49, 52, 55, 58, 61, 64, 67, 70, 73, 76, 79, 82, 44, 47, 50, 53, 56, 59, 62, 65, 68, 71, 74, 77, 80),  (1, 39, 
36, 33, 30, 27, 24, 21, 18, 15, 12, 9, 6, 3, 41, 38, 35, 32, 29, 26, 23, 20, 17, 14, 11, 8, 5, 2, 40, 37, 34, 31, 28, 25, 22, 19, 16, 13, 10, 
7, 4)(42, 80, 77, 74, 71, 68, 65, 62, 59, 56, 53, 50, 47, 44, 82, 79, 76, 73, 70, 67, 64, 61, 58, 55, 52, 49, 46, 43, 81, 78, 75, 72, 69, 66, 
63, 60, 57, 54, 51, 48, 45),  ], [  (1, 62, 41, 61, 40, 60, 39, 59, 38, 58, 37, 57, 36, 56, 35, 55, 34, 54, 33, 53, 32, 52, 31, 51, 30, 50, 
29, 49, 28, 48, 27, 47, 26, 46, 25, 45, 24, 44, 23, 43, 22, 42, 21, 82, 20, 81, 19, 80, 18, 79, 17, 78, 16, 77, 15, 76, 14, 75, 13, 74, 12, 
73, 11, 72, 10, 71, 9, 70, 8, 69, 7, 68, 6, 67, 5, 66, 4, 65, 3, 64, 2, 63),  (1, 63, 2, 64, 3, 65, 4, 66, 5, 67, 6, 68, 7, 69, 8, 70, 9, 71, 
10, 72, 11, 73, 12, 74, 13, 75, 14, 76, 15, 77, 16, 78, 17, 79, 18, 80, 19, 81, 20, 82, 21, 42, 22, 43, 23, 44, 24, 45, 25, 46, 26, 47, 27, 
48, 28, 49, 29, 50, 30, 51, 31, 52, 32, 53, 33, 54, 34, 55, 35, 56, 36, 57, 37, 58, 38, 59, 39, 60, 40, 61, 41, 62),  ], [  (1, 21, 41, 20, 
40, 19, 39, 18, 38, 17, 37, 16, 36, 15, 35, 14, 34, 13, 33, 12, 32, 11, 31, 10, 30, 9, 29, 8, 28, 7, 27, 6, 26, 5, 25, 4, 24, 3, 23, 2, 
22)(42, 62, 82, 61, 81, 60, 80, 59, 79, 58, 78, 57, 77, 56, 76, 55, 75, 54, 74, 53, 73, 52, 72, 51, 71, 50, 70, 49, 69, 48, 68, 47, 67, 46, 
66, 45, 65, 44, 64, 43, 63),  (1, 22, 2, 23, 3, 24, 4, 25, 5, 26, 6, 27, 7, 28, 8, 29, 9, 30, 10, 31, 11, 32, 12, 33, 13, 34, 14, 35, 15, 36, 
16, 37, 17, 38, 18, 39, 19, 40, 20, 41, 21)(42, 63, 43, 64, 44, 65, 45, 66, 46, 67, 47, 68, 48, 69, 49, 70, 50, 71, 51, 72, 52, 73, 53, 74, 
54, 75, 55, 76, 56, 77, 57, 78, 58, 79, 59, 80, 60, 81, 61, 82, 62),  ], [  (1, 44, 5, 48, 9, 52, 13, 56, 17, 60, 21, 64, 25, 68, 29, 72, 33, 
76, 37, 80, 41, 43, 4, 47, 8, 51, 12, 55, 16, 59, 20, 63, 24, 67, 28, 71, 32, 75, 36, 79, 40, 42, 3, 46, 7, 50, 11, 54, 15, 58, 19, 62, 23, 
66, 27, 70, 31, 74, 35, 78, 39, 82, 2, 45, 6, 49, 10, 53, 14, 57, 18, 61, 22, 65, 26, 69, 30, 73, 34, 77, 38, 81),  (1, 81, 38, 77, 34, 73, 
30, 69, 26, 65, 22, 61, 18, 57, 14, 53, 10, 49, 6, 45, 2, 82, 39, 78, 35, 74, 31, 70, 27, 66, 23, 62, 19, 58, 15, 54, 11, 50, 7, 46, 3, 42, 
40, 79, 36, 75, 32, 71, 28, 67, 24, 63, 20, 59, 16, 55, 12, 51, 8, 47, 4, 43, 41, 80, 37, 76, 33, 72, 29, 68, 25, 64, 21, 60, 17, 56, 13, 52, 
9, 48, 5, 44),  ], [  (1, 80, 36, 74, 30, 68, 24, 62, 18, 56, 12, 50, 6, 44, 41, 79, 35, 73, 29, 67, 23, 61, 17, 55, 11, 49, 5, 43, 40, 78, 
34, 72, 28, 66, 22, 60, 16, 54, 10, 48, 4, 42, 39, 77, 33, 71, 27, 65, 21, 59, 15, 53, 9, 47, 3, 82, 38, 76, 32, 70, 26, 64, 20, 58, 14, 52, 
8, 46, 2, 81, 37, 75, 31, 69, 25, 63, 19, 57, 13, 51, 7, 45),  (1, 45, 7, 51, 13, 57, 19, 63, 25, 69, 31, 75, 37, 81, 2, 46, 8, 52, 14, 58, 
20, 64, 26, 70, 32, 76, 38, 82, 3, 47, 9, 53, 15, 59, 21, 65, 27, 71, 33, 77, 39, 42, 4, 48, 10, 54, 16, 60, 22, 66, 28, 72, 34, 78, 40, 43, 
5, 49, 11, 55, 17, 61, 23, 67, 29, 73, 35, 79, 41, 44, 6, 50, 12, 56, 18, 62, 24, 68, 30, 74, 36, 80),  ], [  (1, 3, 5, 7, 9, 11, 13, 15, 17, 
19, 21, 23, 25, 27, 29, 31, 33, 35, 37, 39, 41, 2, 4, 6, 8, 10, 12, 14, 16, 18, 20, 22, 24, 26, 28, 30, 32, 34, 36, 38, 40)(42, 44, 46, 48, 
50, 52, 54, 56, 58, 60, 62, 64, 66, 68, 70, 72, 74, 76, 78, 80, 82, 43, 45, 47, 49, 51, 53, 55, 57, 59, 61, 63, 65, 67, 69, 71, 73, 75, 77, 
79, 81),  (1, 40, 38, 36, 34, 32, 30, 28, 26, 24, 22, 20, 18, 16, 14, 12, 10, 8, 6, 4, 2, 41, 39, 37, 35, 33, 31, 29, 27, 25, 23, 21, 19, 17, 
15, 13, 11, 9, 7, 5, 3)(42, 81, 79, 77, 75, 73, 71, 69, 67, 65, 63, 61, 59, 57, 55, 53, 51, 49, 47, 45, 43, 82, 80, 78, 76, 74, 72, 70, 68, 
66, 64, 62, 60, 58, 56, 54, 52, 50, 48, 46, 44),  ], [  (1, 67, 10, 76, 19, 44, 28, 53, 37, 62, 5, 71, 14, 80, 23, 48, 32, 57, 41, 66, 9, 75, 
18, 43, 27, 52, 36, 61, 4, 70, 13, 79, 22, 47, 31, 56, 40, 65, 8, 74, 17, 42, 26, 51, 35, 60, 3, 69, 12, 78, 21, 46, 30, 55, 39, 64, 7, 73, 
16, 82, 25, 50, 34, 59, 2, 68, 11, 77, 20, 45, 29, 54, 38, 63, 6, 72, 15, 81, 24, 49, 33, 58),  (1, 58, 33, 49, 24, 81, 15, 72, 6, 63, 38, 54,
29, 45, 20, 77, 11, 68, 2, 59, 34, 50, 25, 82, 16, 73, 7, 64, 39, 55, 30, 46, 21, 78, 12, 69, 3, 60, 35, 51, 26, 42, 17, 74, 8, 65, 40, 56, 
31, 47, 22, 79, 13, 70, 4, 61, 36, 52, 27, 43, 18, 75, 9, 66, 41, 57, 32, 48, 23, 80, 14, 71, 5, 62, 37, 53, 28, 44, 19, 76, 10, 67),  ], [  
(1, 26, 10, 35, 19, 3, 28, 12, 37, 21, 5, 30, 14, 39, 23, 7, 32, 16, 41, 25, 9, 34, 18, 2, 27, 11, 36, 20, 4, 29, 13, 38, 22, 6, 31, 15, 40, 
24, 8, 33, 17)(42, 67, 51, 76, 60, 44, 69, 53, 78, 62, 46, 71, 55, 80, 64, 48, 73, 57, 82, 66, 50, 75, 59, 43, 68, 52, 77, 61, 45, 70, 54, 79,
63, 47, 72, 56, 81, 65, 49, 74, 58),  (1, 17, 33, 8, 24, 40, 15, 31, 6, 22, 38, 13, 29, 4, 20, 36, 11, 27, 2, 18, 34, 9, 25, 41, 16, 32, 7, 
23, 39, 14, 30, 5, 21, 37, 12, 28, 3, 19, 35, 10, 26)(42, 58, 74, 49, 65, 81, 56, 72, 47, 63, 79, 54, 70, 45, 61, 77, 52, 68, 43, 59, 75, 50, 
66, 82, 57, 73, 48, 64, 80, 55, 71, 46, 62, 78, 53, 69, 44, 60, 76, 51, 67),  ], [  (1, 49, 15, 63, 29, 77, 2, 50, 16, 64, 30, 78, 3, 51, 17, 
65, 31, 79, 4, 52, 18, 66, 32, 80, 5, 53, 19, 67, 33, 81, 6, 54, 20, 68, 34, 82, 7, 55, 21, 69, 35, 42, 8, 56, 22, 70, 36, 43, 9, 57, 23, 71, 
37, 44, 10, 58, 24, 72, 38, 45, 11, 59, 25, 73, 39, 46, 12, 60, 26, 74, 40, 47, 13, 61, 27, 75, 41, 48, 14, 62, 28, 76),  (1, 76, 28, 62, 14, 
48, 41, 75, 27, 61, 13, 47, 40, 74, 26, 60, 12, 46, 39, 73, 25, 59, 11, 45, 38, 72, 24, 58, 10, 44, 37, 71, 23, 57, 9, 43, 36, 70, 22, 56, 8, 
42, 35, 69, 21, 55, 7, 82, 34, 68, 20, 54, 6, 81, 33, 67, 19, 53, 5, 80, 32, 66, 18, 52, 4, 79, 31, 65, 17, 51, 3, 78, 30, 64, 16, 50, 2, 77, 
29, 63, 15, 49),  ], [  (1, 8, 15, 22, 29, 36, 2, 9, 16, 23, 30, 37, 3, 10, 17, 24, 31, 38, 4, 11, 18, 25, 32, 39, 5, 12, 19, 26, 33, 40, 6, 
13, 20, 27, 34, 41, 7, 14, 21, 28, 35)(42, 49, 56, 63, 70, 77, 43, 50, 57, 64, 71, 78, 44, 51, 58, 65, 72, 79, 45, 52, 59, 66, 73, 80, 46, 53,
60, 67, 74, 81, 47, 54, 61, 68, 75, 82, 48, 55, 62, 69, 76),  (1, 35, 28, 21, 14, 7, 41, 34, 27, 20, 13, 6, 40, 33, 26, 19, 12, 5, 39, 32, 25,
18, 11, 4, 38, 31, 24, 17, 10, 3, 37, 30, 23, 16, 9, 2, 36, 29, 22, 15, 8)(42, 76, 69, 62, 55, 48, 82, 75, 68, 61, 54, 47, 81, 74, 67, 60, 53,
46, 80, 73, 66, 59, 52, 45, 79, 72, 65, 58, 51, 44, 78, 71, 64, 57, 50, 43, 77, 70, 63, 56, 49),  ], [  (1, 72, 20, 50, 39, 69, 17, 47, 36, 
66, 14, 44, 33, 63, 11, 82, 30, 60, 8, 79, 27, 57, 5, 76, 24, 54, 2, 73, 21, 51, 40, 70, 18, 48, 37, 67, 15, 45, 34, 64, 12, 42, 31, 61, 9, 
80, 28, 58, 6, 77, 25, 55, 3, 74, 22, 52, 41, 71, 19, 49, 38, 68, 16, 46, 35, 65, 13, 43, 32, 62, 10, 81, 29, 59, 7, 78, 26, 56, 4, 75, 23, 
53),  (1, 53, 23, 75, 4, 56, 26, 78, 7, 59, 29, 81, 10, 62, 32, 43, 13, 65, 35, 46, 16, 68, 38, 49, 19, 71, 41, 52, 22, 74, 3, 55, 25, 77, 6, 
58, 28, 80, 9, 61, 31, 42, 12, 64, 34, 45, 15, 67, 37, 48, 18, 70, 40, 51, 21, 73, 2, 54, 24, 76, 5, 57, 27, 79, 8, 60, 30, 82, 11, 63, 33, 
44, 14, 66, 36, 47, 17, 69, 39, 50, 20, 72),  ], [  (1, 31, 20, 9, 39, 28, 17, 6, 36, 25, 14, 3, 33, 22, 11, 41, 30, 19, 8, 38, 27, 16, 5, 35,
24, 13, 2, 32, 21, 10, 40, 29, 18, 7, 37, 26, 15, 4, 34, 23, 12)(42, 72, 61, 50, 80, 69, 58, 47, 77, 66, 55, 44, 74, 63, 52, 82, 71, 60, 49, 
79, 68, 57, 46, 76, 65, 54, 43, 73, 62, 51, 81, 70, 59, 48, 78, 67, 56, 45, 75, 64, 53),  (1, 12, 23, 34, 4, 15, 26, 37, 7, 18, 29, 40, 10, 
21, 32, 2, 13, 24, 35, 5, 16, 27, 38, 8, 19, 30, 41, 11, 22, 33, 3, 14, 25, 36, 6, 17, 28, 39, 9, 20, 31)(42, 53, 64, 75, 45, 56, 67, 78, 48, 
59, 70, 81, 51, 62, 73, 43, 54, 65, 76, 46, 57, 68, 79, 49, 60, 71, 82, 52, 63, 74, 44, 55, 66, 77, 47, 58, 69, 80, 50, 61, 72),  ], [  (1, 
54, 25, 78, 8, 61, 32, 44, 15, 68, 39, 51, 22, 75, 5, 58, 29, 82, 12, 65, 36, 48, 19, 72, 2, 55, 26, 79, 9, 62, 33, 45, 16, 69, 40, 52, 23, 
76, 6, 59, 30, 42, 13, 66, 37, 49, 20, 73, 3, 56, 27, 80, 10, 63, 34, 46, 17, 70, 41, 53, 24, 77, 7, 60, 31, 43, 14, 67, 38, 50, 21, 74, 4, 
57, 28, 81, 11, 64, 35, 47, 18, 71),  (1, 71, 18, 47, 35, 64, 11, 81, 28, 57, 4, 74, 21, 50, 38, 67, 14, 43, 31, 60, 7, 77, 24, 53, 41, 70, 
17, 46, 34, 63, 10, 80, 27, 56, 3, 73, 20, 49, 37, 66, 13, 42, 30, 59, 6, 76, 23, 52, 40, 69, 16, 45, 33, 62, 9, 79, 26, 55, 2, 72, 19, 48, 
36, 65, 12, 82, 29, 58, 5, 75, 22, 51, 39, 68, 15, 44, 32, 61, 8, 78, 25, 54),  ], [  (1, 13, 25, 37, 8, 20, 32, 3, 15, 27, 39, 10, 22, 34, 5,
17, 29, 41, 12, 24, 36, 7, 19, 31, 2, 14, 26, 38, 9, 21, 33, 4, 16, 28, 40, 11, 23, 35, 6, 18, 30)(42, 54, 66, 78, 49, 61, 73, 44, 56, 68, 80,
51, 63, 75, 46, 58, 70, 82, 53, 65, 77, 48, 60, 72, 43, 55, 67, 79, 50, 62, 74, 45, 57, 69, 81, 52, 64, 76, 47, 59, 71),  (1, 30, 18, 6, 35, 
23, 11, 40, 28, 16, 4, 33, 21, 9, 38, 26, 14, 2, 31, 19, 7, 36, 24, 12, 41, 29, 17, 5, 34, 22, 10, 39, 27, 15, 3, 32, 20, 8, 37, 25, 13)(42, 
71, 59, 47, 76, 64, 52, 81, 69, 57, 45, 74, 62, 50, 79, 67, 55, 43, 72, 60, 48, 77, 65, 53, 82, 70, 58, 46, 75, 63, 51, 80, 68, 56, 44, 73, 
61, 49, 78, 66, 54),  ], [  (1, 77, 30, 65, 18, 53, 6, 82, 35, 70, 23, 58, 11, 46, 40, 75, 28, 63, 16, 51, 4, 80, 33, 68, 21, 56, 9, 44, 38, 
73, 26, 61, 14, 49, 2, 78, 31, 66, 19, 54, 7, 42, 36, 71, 24, 59, 12, 47, 41, 76, 29, 64, 17, 52, 5, 81, 34, 69, 22, 57, 10, 45, 39, 74, 27, 
62, 15, 50, 3, 79, 32, 67, 20, 55, 8, 43, 37, 72, 25, 60, 13, 48),  (1, 48, 13, 60, 25, 72, 37, 43, 8, 55, 20, 67, 32, 79, 3, 50, 15, 62, 27, 
74, 39, 45, 10, 57, 22, 69, 34, 81, 5, 52, 17, 64, 29, 76, 41, 47, 12, 59, 24, 71, 36, 42, 7, 54, 19, 66, 31, 78, 2, 49, 14, 61, 26, 73, 38, 
44, 9, 56, 21, 68, 33, 80, 4, 51, 16, 63, 28, 75, 40, 46, 11, 58, 23, 70, 35, 82, 6, 53, 18, 65, 30, 77),  ], [  (1, 36, 30, 24, 18, 12, 6, 
41, 35, 29, 23, 17, 11, 5, 40, 34, 28, 22, 16, 10, 4, 39, 33, 27, 21, 15, 9, 3, 38, 32, 26, 20, 14, 8, 2, 37, 31, 25, 19, 13, 7)(42, 77, 71, 
65, 59, 53, 47, 82, 76, 70, 64, 58, 52, 46, 81, 75, 69, 63, 57, 51, 45, 80, 74, 68, 62, 56, 50, 44, 79, 73, 67, 61, 55, 49, 43, 78, 72, 66, 
60, 54, 48),  (1, 7, 13, 19, 25, 31, 37, 2, 8, 14, 20, 26, 32, 38, 3, 9, 15, 21, 27, 33, 39, 4, 10, 16, 22, 28, 34, 40, 5, 11, 17, 23, 29, 35,
41, 6, 12, 18, 24, 30, 36)(42, 48, 54, 60, 66, 72, 78, 43, 49, 55, 61, 67, 73, 79, 44, 50, 56, 62, 68, 74, 80, 45, 51, 57, 63, 69, 75, 81, 46,
52, 58, 64, 70, 76, 82, 47, 53, 59, 65, 71, 77),  ], [  (1, 59, 35, 52, 28, 45, 21, 79, 14, 72, 7, 65, 41, 58, 34, 51, 27, 44, 20, 78, 13, 71,
6, 64, 40, 57, 33, 50, 26, 43, 19, 77, 12, 70, 5, 63, 39, 56, 32, 49, 25, 42, 18, 76, 11, 69, 4, 62, 38, 55, 31, 48, 24, 82, 17, 75, 10, 68, 
3, 61, 37, 54, 30, 47, 23, 81, 16, 74, 9, 67, 2, 60, 36, 53, 29, 46, 22, 80, 15, 73, 8, 66),  (1, 66, 8, 73, 15, 80, 22, 46, 29, 53, 36, 60, 
2, 67, 9, 74, 16, 81, 23, 47, 30, 54, 37, 61, 3, 68, 10, 75, 17, 82, 24, 48, 31, 55, 38, 62, 4, 69, 11, 76, 18, 42, 25, 49, 32, 56, 39, 63, 5,
70, 12, 77, 19, 43, 26, 50, 33, 57, 40, 64, 6, 71, 13, 78, 20, 44, 27, 51, 34, 58, 41, 65, 7, 72, 14, 79, 21, 45, 28, 52, 35, 59),  ], [  (1, 
45, 7, 51, 13, 57, 19, 63, 25, 69, 31, 75, 37, 81, 2, 46, 8, 52, 14, 58, 20, 64, 26, 70, 32, 76, 38, 82, 3, 47, 9, 53, 15, 59, 21, 65, 27, 71,
33, 77, 39, 42, 4, 48, 10, 54, 16, 60, 22, 66, 28, 72, 34, 78, 40, 43, 5, 49, 11, 55, 17, 61, 23, 67, 29, 73, 35, 79, 41, 44, 6, 50, 12, 56, 
18, 62, 24, 68, 30, 74, 36, 80),  (1, 80, 36, 74, 30, 68, 24, 62, 18, 56, 12, 50, 6, 44, 41, 79, 35, 73, 29, 67, 23, 61, 17, 55, 11, 49, 5, 
43, 40, 78, 34, 72, 28, 66, 22, 60, 16, 54, 10, 48, 4, 42, 39, 77, 33, 71, 27, 65, 21, 59, 15, 53, 9, 47, 3, 82, 38, 76, 32, 70, 26, 64, 20, 
58, 14, 52, 8, 46, 2, 81, 37, 75, 31, 69, 25, 63, 19, 57, 13, 51, 7, 45),  ], [  (1, 41, 40, 39, 38, 37, 36, 35, 34, 33, 32, 31, 30, 29, 28, 
27, 26, 25, 24, 23, 22, 21, 20, 19, 18, 17, 16, 15, 14, 13, 12, 11, 10, 9, 8, 7, 6, 5, 4, 3, 2)(42, 82, 81, 80, 79, 78, 77, 76, 75, 74, 73, 
72, 71, 70, 69, 68, 67, 66, 65, 64, 63, 62, 61, 60, 59, 58, 57, 56, 55, 54, 53, 52, 51, 50, 49, 48, 47, 46, 45, 44, 43),  (1, 2, 3, 4, 5, 6, 
7, 8, 9, 10, 11, 12, 13, 14, 15, 16, 17, 18, 19, 20, 21, 22, 23, 24, 25, 26, 27, 28, 29, 30, 31, 32, 33, 34, 35, 36, 37, 38, 39, 40, 41)(42, 
43, 44, 45, 46, 47, 48, 49, 50, 51, 52, 53, 54, 55, 56, 57, 58, 59, 60, 61, 62, 63, 64, 65, 66, 67, 68, 69, 70, 71, 72, 73, 74, 75, 76, 77, 
78, 79, 80, 81, 82),  ], [  (1, 82, 40, 80, 38, 78, 36, 76, 34, 74, 32, 72, 30, 70, 28, 68, 26, 66, 24, 64, 22, 62, 20, 60, 18, 58, 16, 56, 
14, 54, 12, 52, 10, 50, 8, 48, 6, 46, 4, 44, 2, 42, 41, 81, 39, 79, 37, 77, 35, 75, 33, 73, 31, 71, 29, 69, 27, 67, 25, 65, 23, 63, 21, 61, 
19, 59, 17, 57, 15, 55, 13, 53, 11, 51, 9, 49, 7, 47, 5, 45, 3, 43),  (1, 43, 3, 45, 5, 47, 7, 49, 9, 51, 11, 53, 13, 55, 15, 57, 17, 59, 19, 
61, 21, 63, 23, 65, 25, 67, 27, 69, 29, 71, 31, 73, 33, 75, 35, 77, 37, 79, 39, 81, 41, 42, 2, 44, 4, 46, 6, 48, 8, 50, 10, 52, 12, 54, 14, 
56, 16, 58, 18, 60, 20, 62, 22, 64, 24, 66, 26, 68, 28, 70, 30, 72, 32, 74, 34, 76, 36, 78, 38, 80, 40, 82),  ], [  (1, 23, 4, 26, 7, 29, 10, 
32, 13, 35, 16, 38, 19, 41, 22, 3, 25, 6, 28, 9, 31, 12, 34, 15, 37, 18, 40, 21, 2, 24, 5, 27, 8, 30, 11, 33, 14, 36, 17, 39, 20)(42, 64, 45, 
67, 48, 70, 51, 73, 54, 76, 57, 79, 60, 82, 63, 44, 66, 47, 69, 50, 72, 53, 75, 56, 78, 59, 81, 62, 43, 65, 46, 68, 49, 71, 52, 74, 55, 77, 
58, 80, 61),  (1, 20, 39, 17, 36, 14, 33, 11, 30, 8, 27, 5, 24, 2, 21, 40, 18, 37, 15, 34, 12, 31, 9, 28, 6, 25, 3, 22, 41, 19, 38, 16, 35, 
13, 32, 10, 29, 7, 26, 4, 23)(42, 61, 80, 58, 77, 55, 74, 52, 71, 49, 68, 46, 65, 43, 62, 81, 59, 78, 56, 75, 53, 72, 50, 69, 47, 66, 44, 63, 
82, 60, 79, 57, 76, 54, 73, 51, 70, 48, 67, 45, 64),  ], [  (1, 18, 35, 11, 28, 4, 21, 38, 14, 31, 7, 24, 41, 17, 34, 10, 27, 3, 20, 37, 13, 
30, 6, 23, 40, 16, 33, 9, 26, 2, 19, 36, 12, 29, 5, 22, 39, 15, 32, 8, 25)(42, 59, 76, 52, 69, 45, 62, 79, 55, 72, 48, 65, 82, 58, 75, 51, 68,
44, 61, 78, 54, 71, 47, 64, 81, 57, 74, 50, 67, 43, 60, 77, 53, 70, 46, 63, 80, 56, 73, 49, 66),  (1, 25, 8, 32, 15, 39, 22, 5, 29, 12, 36, 
19, 2, 26, 9, 33, 16, 40, 23, 6, 30, 13, 37, 20, 3, 27, 10, 34, 17, 41, 24, 7, 31, 14, 38, 21, 4, 28, 11, 35, 18)(42, 66, 49, 73, 56, 80, 63, 
46, 70, 53, 77, 60, 43, 67, 50, 74, 57, 81, 64, 47, 71, 54, 78, 61, 44, 68, 51, 75, 58, 82, 65, 48, 72, 55, 79, 62, 45, 69, 52, 76, 59),  ], [
(1, 64, 4, 67, 7, 70, 10, 73, 13, 76, 16, 79, 19, 82, 22, 44, 25, 47, 28, 50, 31, 53, 34, 56, 37, 59, 40, 62, 2, 65, 5, 68, 8, 71, 11, 74, 14,
77, 17, 80, 20, 42, 23, 45, 26, 48, 29, 51, 32, 54, 35, 57, 38, 60, 41, 63, 3, 66, 6, 69, 9, 72, 12, 75, 15, 78, 18, 81, 21, 43, 24, 46, 27, 
49, 30, 52, 33, 55, 36, 58, 39, 61),  (1, 61, 39, 58, 36, 55, 33, 52, 30, 49, 27, 46, 24, 43, 21, 81, 18, 78, 15, 75, 12, 72, 9, 69, 6, 66, 3,
63, 41, 60, 38, 57, 35, 54, 32, 51, 29, 48, 26, 45, 23, 42, 20, 80, 17, 77, 14, 74, 11, 71, 8, 68, 5, 65, 2, 62, 40, 59, 37, 56, 34, 53, 31, 
50, 28, 47, 25, 44, 22, 82, 19, 79, 16, 76, 13, 73, 10, 70, 7, 67, 4, 64),  ], [  (1, 5, 9, 13, 17, 21, 25, 29, 33, 37, 41, 4, 8, 12, 16, 20, 
24, 28, 32, 36, 40, 3, 7, 11, 15, 19, 23, 27, 31, 35, 39, 2, 6, 10, 14, 18, 22, 26, 30, 34, 38)(42, 46, 50, 54, 58, 62, 66, 70, 74, 78, 82, 
45, 49, 53, 57, 61, 65, 69, 73, 77, 81, 44, 48, 52, 56, 60, 64, 68, 72, 76, 80, 43, 47, 51, 55, 59, 63, 67, 71, 75, 79),  (1, 38, 34, 30, 26, 
22, 18, 14, 10, 6, 2, 39, 35, 31, 27, 23, 19, 15, 11, 7, 3, 40, 36, 32, 28, 24, 20, 16, 12, 8, 4, 41, 37, 33, 29, 25, 21, 17, 13, 9, 5)(42, 
79, 75, 71, 67, 63, 59, 55, 51, 47, 43, 80, 76, 72, 68, 64, 60, 56, 52, 48, 44, 81, 77, 73, 69, 65, 61, 57, 53, 49, 45, 82, 78, 74, 70, 66, 
62, 58, 54, 50, 46),  ], [  (1, 46, 9, 54, 17, 62, 25, 70, 33, 78, 41, 45, 8, 53, 16, 61, 24, 69, 32, 77, 40, 44, 7, 52, 15, 60, 23, 68, 31, 
76, 39, 43, 6, 51, 14, 59, 22, 67, 30, 75, 38, 42, 5, 50, 13, 58, 21, 66, 29, 74, 37, 82, 4, 49, 12, 57, 20, 65, 28, 73, 36, 81, 3, 48, 11, 
56, 19, 64, 27, 72, 35, 80, 2, 47, 10, 55, 18, 63, 26, 71, 34, 79),  (1, 79, 34, 71, 26, 63, 18, 55, 10, 47, 2, 80, 35, 72, 27, 64, 19, 56, 
11, 48, 3, 81, 36, 73, 28, 65, 20, 57, 12, 49, 4, 82, 37, 74, 29, 66, 21, 58, 13, 50, 5, 42, 38, 75, 30, 67, 22, 59, 14, 51, 6, 43, 39, 76, 
31, 68, 23, 60, 15, 52, 7, 44, 40, 77, 32, 69, 24, 61, 16, 53, 8, 45, 41, 78, 33, 70, 25, 62, 17, 54, 9, 46),  ], [  (1, 28, 14, 41, 27, 13, 
40, 26, 12, 39, 25, 11, 38, 24, 10, 37, 23, 9, 36, 22, 8, 35, 21, 7, 34, 20, 6, 33, 19, 5, 32, 18, 4, 31, 17, 3, 30, 16, 2, 29, 15)(42, 69, 
55, 82, 68, 54, 81, 67, 53, 80, 66, 52, 79, 65, 51, 78, 64, 50, 77, 63, 49, 76, 62, 48, 75, 61, 47, 74, 60, 46, 73, 59, 45, 72, 58, 44, 71, 
57, 43, 70, 56),  (1, 15, 29, 2, 16, 30, 3, 17, 31, 4, 18, 32, 5, 19, 33, 6, 20, 34, 7, 21, 35, 8, 22, 36, 9, 23, 37, 10, 24, 38, 11, 25, 39, 
12, 26, 40, 13, 27, 41, 14, 28)(42, 56, 70, 43, 57, 71, 44, 58, 72, 45, 59, 73, 46, 60, 74, 47, 61, 75, 48, 62, 76, 49, 63, 77, 50, 64, 78, 
51, 65, 79, 52, 66, 80, 53, 67, 81, 54, 68, 82, 55, 69),  ], [  (1, 69, 14, 82, 27, 54, 40, 67, 12, 80, 25, 52, 38, 65, 10, 78, 23, 50, 36, 
63, 8, 76, 21, 48, 34, 61, 6, 74, 19, 46, 32, 59, 4, 72, 17, 44, 30, 57, 2, 70, 15, 42, 28, 55, 41, 68, 13, 81, 26, 53, 39, 66, 11, 79, 24, 
51, 37, 64, 9, 77, 22, 49, 35, 62, 7, 75, 20, 47, 33, 60, 5, 73, 18, 45, 31, 58, 3, 71, 16, 43, 29, 56),  (1, 56, 29, 43, 16, 71, 3, 58, 31, 
45, 18, 73, 5, 60, 33, 47, 20, 75, 7, 62, 35, 49, 22, 77, 9, 64, 37, 51, 24, 79, 11, 66, 39, 53, 26, 81, 13, 68, 41, 55, 28, 42, 15, 70, 2, 
57, 30, 44, 17, 72, 4, 59, 32, 46, 19, 74, 6, 61, 34, 48, 21, 76, 8, 63, 36, 50, 23, 78, 10, 65, 38, 52, 25, 80, 12, 67, 40, 54, 27, 82, 14, 
69),  ], [  (1, 10, 19, 28, 37, 5, 14, 23, 32, 41, 9, 18, 27, 36, 4, 13, 22, 31, 40, 8, 17, 26, 35, 3, 12, 21, 30, 39, 7, 16, 25, 34, 2, 11, 
20, 29, 38, 6, 15, 24, 33)(42, 51, 60, 69, 78, 46, 55, 64, 73, 82, 50, 59, 68, 77, 45, 54, 63, 72, 81, 49, 58, 67, 76, 44, 53, 62, 71, 80, 48,
57, 66, 75, 43, 52, 61, 70, 79, 47, 56, 65, 74),  (1, 33, 24, 15, 6, 38, 29, 20, 11, 2, 34, 25, 16, 7, 39, 30, 21, 12, 3, 35, 26, 17, 8, 40, 
31, 22, 13, 4, 36, 27, 18, 9, 41, 32, 23, 14, 5, 37, 28, 19, 10)(42, 74, 65, 56, 47, 79, 70, 61, 52, 43, 75, 66, 57, 48, 80, 71, 62, 53, 44, 
76, 67, 58, 49, 81, 72, 63, 54, 45, 77, 68, 59, 50, 82, 73, 64, 55, 46, 78, 69, 60, 51),  ], [  (1, 51, 19, 69, 37, 46, 14, 64, 32, 82, 9, 59,
27, 77, 4, 54, 22, 72, 40, 49, 17, 67, 35, 44, 12, 62, 30, 80, 7, 57, 25, 75, 2, 52, 20, 70, 38, 47, 15, 65, 33, 42, 10, 60, 28, 78, 5, 55, 
23, 73, 41, 50, 18, 68, 36, 45, 13, 63, 31, 81, 8, 58, 26, 76, 3, 53, 21, 71, 39, 48, 16, 66, 34, 43, 11, 61, 29, 79, 6, 56, 24, 74),  (1, 74,
24, 56, 6, 79, 29, 61, 11, 43, 34, 66, 16, 48, 39, 71, 21, 53, 3, 76, 26, 58, 8, 81, 31, 63, 13, 45, 36, 68, 18, 50, 41, 73, 23, 55, 5, 78, 
28, 60, 10, 42, 33, 65, 15, 47, 38, 70, 20, 52, 2, 75, 25, 57, 7, 80, 30, 62, 12, 44, 35, 67, 17, 49, 40, 72, 22, 54, 4, 77, 27, 59, 9, 82, 
32, 64, 14, 46, 37, 69, 19, 51),  ], [  (1, 33, 24, 15, 6, 38, 29, 20, 11, 2, 34, 25, 16, 7, 39, 30, 21, 12, 3, 35, 26, 17, 8, 40, 31, 22, 13,
4, 36, 27, 18, 9, 41, 32, 23, 14, 5, 37, 28, 19, 10)(42, 74, 65, 56, 47, 79, 70, 61, 52, 43, 75, 66, 57, 48, 80, 71, 62, 53, 44, 76, 67, 58, 
49, 81, 72, 63, 54, 45, 77, 68, 59, 50, 82, 73, 64, 55, 46, 78, 69, 60, 51),  (1, 10, 19, 28, 37, 5, 14, 23, 32, 41, 9, 18, 27, 36, 4, 13, 22,
31, 40, 8, 17, 26, 35, 3, 12, 21, 30, 39, 7, 16, 25, 34, 2, 11, 20, 29, 38, 6, 15, 24, 33)(42, 51, 60, 69, 78, 46, 55, 64, 73, 82, 50, 59, 68,
77, 45, 54, 63, 72, 81, 49, 58, 67, 76, 44, 53, 62, 71, 80, 48, 57, 66, 75, 43, 52, 61, 70, 79, 47, 56, 65, 74),  ], [  (1, 74, 24, 56, 6, 79,
29, 61, 11, 43, 34, 66, 16, 48, 39, 71, 21, 53, 3, 76, 26, 58, 8, 81, 31, 63, 13, 45, 36, 68, 18, 50, 41, 73, 23, 55, 5, 78, 28, 60, 10, 42, 
33, 65, 15, 47, 38, 70, 20, 52, 2, 75, 25, 57, 7, 80, 30, 62, 12, 44, 35, 67, 17, 49, 40, 72, 22, 54, 4, 77, 27, 59, 9, 82, 32, 64, 14, 46, 
37, 69, 19, 51),  (1, 51, 19, 69, 37, 46, 14, 64, 32, 82, 9, 59, 27, 77, 4, 54, 22, 72, 40, 49, 17, 67, 35, 44, 12, 62, 30, 80, 7, 57, 25, 75,
2, 52, 20, 70, 38, 47, 15, 65, 33, 42, 10, 60, 28, 78, 5, 55, 23, 73, 41, 50, 18, 68, 36, 45, 13, 63, 31, 81, 8, 58, 26, 76, 3, 53, 21, 71, 
39, 48, 16, 66, 34, 43, 11, 61, 29, 79, 6, 56, 24, 74),  ], [  (1, 15, 29, 2, 16, 30, 3, 17, 31, 4, 18, 32, 5, 19, 33, 6, 20, 34, 7, 21, 35, 
8, 22, 36, 9, 23, 37, 10, 24, 38, 11, 25, 39, 12, 26, 40, 13, 27, 41, 14, 28)(42, 56, 70, 43, 57, 71, 44, 58, 72, 45, 59, 73, 46, 60, 74, 47, 
61, 75, 48, 62, 76, 49, 63, 77, 50, 64, 78, 51, 65, 79, 52, 66, 80, 53, 67, 81, 54, 68, 82, 55, 69),  (1, 28, 14, 41, 27, 13, 40, 26, 12, 39, 
25, 11, 38, 24, 10, 37, 23, 9, 36, 22, 8, 35, 21, 7, 34, 20, 6, 33, 19, 5, 32, 18, 4, 31, 17, 3, 30, 16, 2, 29, 15)(42, 69, 55, 82, 68, 54, 
81, 67, 53, 80, 66, 52, 79, 65, 51, 78, 64, 50, 77, 63, 49, 76, 62, 48, 75, 61, 47, 74, 60, 46, 73, 59, 45, 72, 58, 44, 71, 57, 43, 70, 56),  
], [  (1, 56, 29, 43, 16, 71, 3, 58, 31, 45, 18, 73, 5, 60, 33, 47, 20, 75, 7, 62, 35, 49, 22, 77, 9, 64, 37, 51, 24, 79, 11, 66, 39, 53, 26, 
81, 13, 68, 41, 55, 28, 42, 15, 70, 2, 57, 30, 44, 17, 72, 4, 59, 32, 46, 19, 74, 6, 61, 34, 48, 21, 76, 8, 63, 36, 50, 23, 78, 10, 65, 38, 
52, 25, 80, 12, 67, 40, 54, 27, 82, 14, 69),  (1, 69, 14, 82, 27, 54, 40, 67, 12, 80, 25, 52, 38, 65, 10, 78, 23, 50, 36, 63, 8, 76, 21, 48, 
34, 61, 6, 74, 19, 46, 32, 59, 4, 72, 17, 44, 30, 57, 2, 70, 15, 42, 28, 55, 41, 68, 13, 81, 26, 53, 39, 66, 11, 79, 24, 51, 37, 64, 9, 77, 
22, 49, 35, 62, 7, 75, 20, 47, 33, 60, 5, 73, 18, 45, 31, 58, 3, 71, 16, 43, 29, 56),  ], [  (1, 38, 34, 30, 26, 22, 18, 14, 10, 6, 2, 39, 35,
31, 27, 23, 19, 15, 11, 7, 3, 40, 36, 32, 28, 24, 20, 16, 12, 8, 4, 41, 37, 33, 29, 25, 21, 17, 13, 9, 5)(42, 79, 75, 71, 67, 63, 59, 55, 51, 
47, 43, 80, 76, 72, 68, 64, 60, 56, 52, 48, 44, 81, 77, 73, 69, 65, 61, 57, 53, 49, 45, 82, 78, 74, 70, 66, 62, 58, 54, 50, 46),  (1, 5, 9, 
13, 17, 21, 25, 29, 33, 37, 41, 4, 8, 12, 16, 20, 24, 28, 32, 36, 40, 3, 7, 11, 15, 19, 23, 27, 31, 35, 39, 2, 6, 10, 14, 18, 22, 26, 30, 34, 
38)(42, 46, 50, 54, 58, 62, 66, 70, 74, 78, 82, 45, 49, 53, 57, 61, 65, 69, 73, 77, 81, 44, 48, 52, 56, 60, 64, 68, 72, 76, 80, 43, 47, 51, 
55, 59, 63, 67, 71, 75, 79),  ], [  (1, 63, 2, 64, 3, 65, 4, 66, 5, 67, 6, 68, 7, 69, 8, 70, 9, 71, 10, 72, 11, 73, 12, 74, 13, 75, 14, 76, 
15, 77, 16, 78, 17, 79, 18, 80, 19, 81, 20, 82, 21, 42, 22, 43, 23, 44, 24, 45, 25, 46, 26, 47, 27, 48, 28, 49, 29, 50, 30, 51, 31, 52, 32, 
53, 33, 54, 34, 55, 35, 56, 36, 57, 37, 58, 38, 59, 39, 60, 40, 61, 41, 62),  (1, 62, 41, 61, 40, 60, 39, 59, 38, 58, 37, 57, 36, 56, 35, 55, 
34, 54, 33, 53, 32, 52, 31, 51, 30, 50, 29, 49, 28, 48, 27, 47, 26, 46, 25, 45, 24, 44, 23, 43, 22, 42, 21, 82, 20, 81, 19, 80, 18, 79, 17, 
