BRACES[51] := rec( total := -1, implemented := 1, size := 51, brace := [] );BRACES[51].brace[1] := rec ( size := 51, perms := [ [  (),  (),  
], [  (1, 18, 35)(2, 19, 36)(3, 20, 37)(4, 21, 38)(5, 22, 39)(6, 23, 40)(7, 24, 41)(8, 25, 42)(9, 26, 43)(10, 27, 44)(11, 28, 45)(12, 29, 
46)(13, 30, 47)(14, 31, 48)(15, 32, 49)(16, 33, 50)(17, 34, 51),  (1, 35, 18)(2, 36, 19)(3, 37, 20)(4, 38, 21)(5, 39, 22)(6, 40, 23)(7, 41, 
24)(8, 42, 25)(9, 43, 26)(10, 44, 27)(11, 45, 28)(12, 46, 29)(13, 47, 30)(14, 48, 31)(15, 49, 32)(16, 50, 33)(17, 51, 34),  ], [  (1, 7, 13, 
2, 8, 14, 3, 9, 15, 4, 10, 16, 5, 11, 17, 6, 12)(18, 24, 30, 19, 25, 31, 20, 26, 32, 21, 27, 33, 22, 28, 34, 23, 29)(35, 41, 47, 36, 42, 48, 
37, 43, 49, 38, 44, 50, 39, 45, 51, 40, 46),  (1, 12, 6, 17, 11, 5, 16, 10, 4, 15, 9, 3, 14, 8, 2, 13, 7)(18, 29, 23, 34, 28, 22, 33, 27, 21, 
32, 26, 20, 31, 25, 19, 30, 24)(35, 46, 40, 51, 45, 39, 50, 44, 38, 49, 43, 37, 48, 42, 36, 47, 41),  ], [  (1, 35, 18)(2, 36, 19)(3, 37, 
20)(4, 38, 21)(5, 39, 22)(6, 40, 23)(7, 41, 24)(8, 42, 25)(9, 43, 26)(10, 44, 27)(11, 45, 28)(12, 46, 29)(13, 47, 30)(14, 48, 31)(15, 49, 
32)(16, 50, 33)(17, 51, 34),  (1, 18, 35)(2, 19, 36)(3, 20, 37)(4, 21, 38)(5, 22, 39)(6, 23, 40)(7, 24, 41)(8, 25, 42)(9, 26, 43)(10, 27, 
44)(11, 28, 45)(12, 29, 46)(13, 30, 47)(14, 31, 48)(15, 32, 49)(16, 33, 50)(17, 34, 51),  ], [  (1, 12, 6, 17, 11, 5, 16, 10, 4, 15, 9, 3, 14,
8, 2, 13, 7)(18, 29, 23, 34, 28, 22, 33, 27, 21, 32, 26, 20, 31, 25, 19, 30, 24)(35, 46, 40, 51, 45, 39, 50, 44, 38, 49, 43, 37, 48, 42, 36, 
47, 41),  (1, 7, 13, 2, 8, 14, 3, 9, 15, 4, 10, 16, 5, 11, 17, 6, 12)(18, 24, 30, 19, 25, 31, 20, 26, 32, 21, 27, 33, 22, 28, 34, 23, 29)(35, 
41, 47, 36, 42, 48, 37, 43, 49, 38, 44, 50, 39, 45, 51, 40, 46),  ], [  (1, 24, 47, 2, 25, 48, 3, 26, 49, 4, 27, 50, 5, 28, 51, 6, 29, 35, 7, 
30, 36, 8, 31, 37, 9, 32, 38, 10, 33, 39, 11, 34, 40, 12, 18, 41, 13, 19, 42, 14, 20, 43, 15, 21, 44, 16, 22, 45, 17, 23, 46),  (1, 46, 23, 
17, 45, 22, 16, 44, 21, 15, 43, 20, 14, 42, 19, 13, 41, 18, 12, 40, 34, 11, 39, 33, 10, 38, 32, 9, 37, 31, 8, 36, 30, 7, 35, 29, 6, 51, 28, 5,
50, 27, 4, 49, 26, 3, 48, 25, 2, 47, 24),  ], [  (1, 29, 40, 17, 28, 39, 16, 27, 38, 15, 26, 37, 14, 25, 36, 13, 24, 35, 12, 23, 51, 11, 22, 
50, 10, 21, 49, 9, 20, 48, 8, 19, 47, 7, 18, 46, 6, 34, 45, 5, 33, 44, 4, 32, 43, 3, 31, 42, 2, 30, 41),  (1, 41, 30, 2, 42, 31, 3, 43, 32, 4,
44, 33, 5, 45, 34, 6, 46, 18, 7, 47, 19, 8, 48, 20, 9, 49, 21, 10, 50, 22, 11, 51, 23, 12, 35, 24, 13, 36, 25, 14, 37, 26, 15, 38, 27, 16, 39,
28, 17, 40, 29),  ], [  (1, 13, 8, 3, 15, 10, 5, 17, 12, 7, 2, 14, 9, 4, 16, 11, 6)(18, 30, 25, 20, 32, 27, 22, 34, 29, 24, 19, 31, 26, 21, 
33, 28, 23)(35, 47, 42, 37, 49, 44, 39, 51, 46, 41, 36, 48, 43, 38, 50, 45, 40),  (1, 6, 11, 16, 4, 9, 14, 2, 7, 12, 17, 5, 10, 15, 3, 8, 
13)(18, 23, 28, 33, 21, 26, 31, 19, 24, 29, 34, 22, 27, 32, 20, 25, 30)(35, 40, 45, 50, 38, 43, 48, 36, 41, 46, 51, 39, 44, 49, 37, 42, 47),  
], [  (1, 41, 30, 2, 42, 31, 3, 43, 32, 4, 44, 33, 5, 45, 34, 6, 46, 18, 7, 47, 19, 8, 48, 20, 9, 49, 21, 10, 50, 22, 11, 51, 23, 12, 35, 24, 
13, 36, 25, 14, 37, 26, 15, 38, 27, 16, 39, 28, 17, 40, 29),  (1, 29, 40, 17, 28, 39, 16, 27, 38, 15, 26, 37, 14, 25, 36, 13, 24, 35, 12, 23, 
51, 11, 22, 50, 10, 21, 49, 9, 20, 48, 8, 19, 47, 7, 18, 46, 6, 34, 45, 5, 33, 44, 4, 32, 43, 3, 31, 42, 2, 30, 41),  ], [  (1, 46, 23, 17, 
45, 22, 16, 44, 21, 15, 43, 20, 14, 42, 19, 13, 41, 18, 12, 40, 34, 11, 39, 33, 10, 38, 32, 9, 37, 31, 8, 36, 30, 7, 35, 29, 6, 51, 28, 5, 50,
27, 4, 49, 26, 3, 48, 25, 2, 47, 24),  (1, 24, 47, 2, 25, 48, 3, 26, 49, 4, 27, 50, 5, 28, 51, 6, 29, 35, 7, 30, 36, 8, 31, 37, 9, 32, 38, 10,
33, 39, 11, 34, 40, 12, 18, 41, 13, 19, 42, 14, 20, 43, 15, 21, 44, 16, 22, 45, 17, 23, 46),  ], [  (1, 6, 11, 16, 4, 9, 14, 2, 7, 12, 17, 5, 
10, 15, 3, 8, 13)(18, 23, 28, 33, 21, 26, 31, 19, 24, 29, 34, 22, 27, 32, 20, 25, 30)(35, 40, 45, 50, 38, 43, 48, 36, 41, 46, 51, 39, 44, 49, 
37, 42, 47),  (1, 13, 8, 3, 15, 10, 5, 17, 12, 7, 2, 14, 9, 4, 16, 11, 6)(18, 30, 25, 20, 32, 27, 22, 34, 29, 24, 19, 31, 26, 21, 33, 28, 
23)(35, 47, 42, 37, 49, 44, 39, 51, 46, 41, 36, 48, 43, 38, 50, 45, 40),  ], [  (1, 30, 42, 3, 32, 44, 5, 34, 46, 7, 19, 48, 9, 21, 50, 11, 
23, 35, 13, 25, 37, 15, 27, 39, 17, 29, 41, 2, 31, 43, 4, 33, 45, 6, 18, 47, 8, 20, 49, 10, 22, 51, 12, 24, 36, 14, 26, 38, 16, 28, 40),  (1, 
40, 28, 16, 38, 26, 14, 36, 24, 12, 51, 22, 10, 49, 20, 8, 47, 18, 6, 45, 33, 4, 43, 31, 2, 41, 29, 17, 39, 27, 15, 37, 25, 13, 35, 23, 11, 
50, 21, 9, 48, 19, 7, 46, 34, 5, 44, 32, 3, 42, 30),  ], [  (1, 23, 45, 16, 21, 43, 14, 19, 41, 12, 34, 39, 10, 32, 37, 8, 30, 35, 6, 28, 50, 
4, 26, 48, 2, 24, 46, 17, 22, 44, 15, 20, 42, 13, 18, 40, 11, 33, 38, 9, 31, 36, 7, 29, 51, 5, 27, 49, 3, 25, 47),  (1, 47, 25, 3, 49, 27, 5, 
51, 29, 7, 36, 31, 9, 38, 33, 11, 40, 18, 13, 42, 20, 15, 44, 22, 17, 46, 24, 2, 48, 26, 4, 50, 28, 6, 35, 30, 8, 37, 32, 10, 39, 34, 12, 41, 
19, 14, 43, 21, 16, 45, 23),  ], [  (1, 2, 3, 4, 5, 6, 7, 8, 9, 10, 11, 12, 13, 14, 15, 16, 17)(18, 19, 20, 21, 22, 23, 24, 25, 26, 27, 28, 
29, 30, 31, 32, 33, 34)(35, 36, 37, 38, 39, 40, 41, 42, 43, 44, 45, 46, 47, 48, 49, 50, 51),  (1, 17, 16, 15, 14, 13, 12, 11, 10, 9, 8, 7, 6, 
5, 4, 3, 2)(18, 34, 33, 32, 31, 30, 29, 28, 27, 26, 25, 24, 23, 22, 21, 20, 19)(35, 51, 50, 49, 48, 47, 46, 45, 44, 43, 42, 41, 40, 39, 38, 
37, 36),  ], [  (1, 47, 25, 3, 49, 27, 5, 51, 29, 7, 36, 31, 9, 38, 33, 11, 40, 18, 13, 42, 20, 15, 44, 22, 17, 46, 24, 2, 48, 26, 4, 50, 28, 
6, 35, 30, 8, 37, 32, 10, 39, 34, 12, 41, 19, 14, 43, 21, 16, 45, 23),  (1, 23, 45, 16, 21, 43, 14, 19, 41, 12, 34, 39, 10, 32, 37, 8, 30, 35,
6, 28, 50, 4, 26, 48, 2, 24, 46, 17, 22, 44, 15, 20, 42, 13, 18, 40, 11, 33, 38, 9, 31, 36, 7, 29, 51, 5, 27, 49, 3, 25, 47),  ], [  (1, 40, 
28, 16, 38, 26, 14, 36, 24, 12, 51, 22, 10, 49, 20, 8, 47, 18, 6, 45, 33, 4, 43, 31, 2, 41, 29, 17, 39, 27, 15, 37, 25, 13, 35, 23, 11, 50, 
21, 9, 48, 19, 7, 46, 34, 5, 44, 32, 3, 42, 30),  (1, 30, 42, 3, 32, 44, 5, 34, 46, 7, 19, 48, 9, 21, 50, 11, 23, 35, 13, 25, 37, 15, 27, 39, 
17, 29, 41, 2, 31, 43, 4, 33, 45, 6, 18, 47, 8, 20, 49, 10, 22, 51, 12, 24, 36, 14, 26, 38, 16, 28, 40),  ], [  (1, 17, 16, 15, 14, 13, 12, 
11, 10, 9, 8, 7, 6, 5, 4, 3, 2)(18, 34, 33, 32, 31, 30, 29, 28, 27, 26, 25, 24, 23, 22, 21, 20, 19)(35, 51, 50, 49, 48, 47, 46, 45, 44, 43, 
42, 41, 40, 39, 38, 37, 36),  (1, 2, 3, 4, 5, 6, 7, 8, 9, 10, 11, 12, 13, 14, 15, 16, 17)(18, 19, 20, 21, 22, 23, 24, 25, 26, 27, 28, 29, 30, 
31, 32, 33, 34)(35, 36, 37, 38, 39, 40, 41, 42, 43, 44, 45, 46, 47, 48, 49, 50, 51),  ], [  (1, 19, 37, 4, 22, 40, 7, 25, 43, 10, 28, 46, 13, 
31, 49, 16, 34, 35, 2, 20, 38, 5, 23, 41, 8, 26, 44, 11, 29, 47, 14, 32, 50, 17, 18, 36, 3, 21, 39, 6, 24, 42, 9, 27, 45, 12, 30, 48, 15, 33, 
51),  (1, 51, 33, 15, 48, 30, 12, 45, 27, 9, 42, 24, 6, 39, 21, 3, 36, 18, 17, 50, 32, 14, 47, 29, 11, 44, 26, 8, 41, 23, 5, 38, 20, 2, 35, 
34, 16, 49, 31, 13, 46, 28, 10, 43, 25, 7, 40, 22, 4, 37, 19),  ], [  (1, 34, 50, 15, 31, 47, 12, 28, 44, 9, 25, 41, 6, 22, 38, 3, 19, 35, 17,
33, 49, 14, 30, 46, 11, 27, 43, 8, 24, 40, 5, 21, 37, 2, 18, 51, 16, 32, 48, 13, 29, 45, 10, 26, 42, 7, 23, 39, 4, 20, 36),  (1, 36, 20, 4, 
39, 23, 7, 42, 26, 10, 45, 29, 13, 48, 32, 16, 51, 18, 2, 37, 21, 5, 40, 24, 8, 43, 27, 11, 46, 30, 14, 49, 33, 17, 35, 19, 3, 38, 22, 6, 41, 
25, 9, 44, 28, 12, 47, 31, 15, 50, 34),  ], [  (1, 8, 15, 5, 12, 2, 9, 16, 6, 13, 3, 10, 17, 7, 14, 4, 11)(18, 25, 32, 22, 29, 19, 26, 33, 23,
30, 20, 27, 34, 24, 31, 21, 28)(35, 42, 49, 39, 46, 36, 43, 50, 40, 47, 37, 44, 51, 41, 48, 38, 45),  (1, 11, 4, 14, 7, 17, 10, 3, 13, 6, 16, 
9, 2, 12, 5, 15, 8)(18, 28, 21, 31, 24, 34, 27, 20, 30, 23, 33, 26, 19, 29, 22, 32, 25)(35, 45, 38, 48, 41, 51, 44, 37, 47, 40, 50, 43, 36, 
46, 39, 49, 42),  ], [  (1, 36, 20, 4, 39, 23, 7, 42, 26, 10, 45, 29, 13, 48, 32, 16, 51, 18, 2, 37, 21, 5, 40, 24, 8, 43, 27, 11, 46, 30, 14,
49, 33, 17, 35, 19, 3, 38, 22, 6, 41, 25, 9, 44, 28, 12, 47, 31, 15, 50, 34),  (1, 34, 50, 15, 31, 47, 12, 28, 44, 9, 25, 41, 6, 22, 38, 3, 
19, 35, 17, 33, 49, 14, 30, 46, 11, 27, 43, 8, 24, 40, 5, 21, 37, 2, 18, 51, 16, 32, 48, 13, 29, 45, 10, 26, 42, 7, 23, 39, 4, 20, 36),  ], [ 
(1, 51, 33, 15, 48, 30, 12, 45, 27, 9, 42, 24, 6, 39, 21, 3, 36, 18, 17, 50, 32, 14, 47, 29, 11, 44, 26, 8, 41, 23, 5, 38, 20, 2, 35, 34, 16, 
49, 31, 13, 46, 28, 10, 43, 25, 7, 40, 22, 4, 37, 19),  (1, 19, 37, 4, 22, 40, 7, 25, 43, 10, 28, 46, 13, 31, 49, 16, 34, 35, 2, 20, 38, 5, 
23, 41, 8, 26, 44, 11, 29, 47, 14, 32, 50, 17, 18, 36, 3, 21, 39, 6, 24, 42, 9, 27, 45, 12, 30, 48, 15, 33, 51),  ], [  (1, 11, 4, 14, 7, 17, 
10, 3, 13, 6, 16, 9, 2, 12, 5, 15, 8)(18, 28, 21, 31, 24, 34, 27, 20, 30, 23, 33, 26, 19, 29, 22, 32, 25)(35, 45, 38, 48, 41, 51, 44, 37, 47, 
40, 50, 43, 36, 46, 39, 49, 42),  (1, 8, 15, 5, 12, 2, 9, 16, 6, 13, 3, 10, 17, 7, 14, 4, 11)(18, 25, 32, 22, 29, 19, 26, 33, 23, 30, 20, 27, 
34, 24, 31, 21, 28)(35, 42, 49, 39, 46, 36, 43, 50, 40, 47, 37, 44, 51, 41, 48, 38, 45),  ], [  (1, 25, 49, 5, 29, 36, 9, 33, 40, 13, 20, 44, 
17, 24, 48, 4, 28, 35, 8, 32, 39, 12, 19, 43, 16, 23, 47, 3, 27, 51, 7, 31, 38, 11, 18, 42, 15, 22, 46, 2, 26, 50, 6, 30, 37, 10, 34, 41, 14, 
21, 45),  (1, 45, 21, 14, 41, 34, 10, 37, 30, 6, 50, 26, 2, 46, 22, 15, 42, 18, 11, 38, 31, 7, 51, 27, 3, 47, 23, 16, 43, 19, 12, 39, 32, 8, 
35, 28, 4, 48, 24, 17, 44, 20, 13, 40, 33, 9, 36, 29, 5, 49, 25),  ], [  (1, 28, 38, 14, 24, 51, 10, 20, 47, 6, 33, 43, 2, 29, 39, 15, 25, 35,
11, 21, 48, 7, 34, 44, 3, 30, 40, 16, 26, 36, 12, 22, 49, 8, 18, 45, 4, 31, 41, 17, 27, 37, 13, 23, 50, 9, 19, 46, 5, 32, 42),  (1, 42, 32, 5,
46, 19, 9, 50, 23, 13, 37, 27, 17, 41, 31, 4, 45, 18, 8, 49, 22, 12, 36, 26, 16, 40, 30, 3, 44, 34, 7, 48, 21, 11, 35, 25, 15, 39, 29, 2, 43, 
33, 6, 47, 20, 10, 51, 24, 14, 38, 28),  ], [  (1, 14, 10, 6, 2, 15, 11, 7, 3, 16, 12, 8, 4, 17, 13, 9, 5)(18, 31, 27, 23, 19, 32, 28, 24, 20,
33, 29, 25, 21, 34, 30, 26, 22)(35, 48, 44, 40, 36, 49, 45, 41, 37, 50, 46, 42, 38, 51, 47, 43, 39),  (1, 5, 9, 13, 17, 4, 8, 12, 16, 3, 7, 
11, 15, 2, 6, 10, 14)(18, 22, 26, 30, 34, 21, 25, 29, 33, 20, 24, 28, 32, 19, 23, 27, 31)(35, 39, 43, 47, 51, 38, 42, 46, 50, 37, 41, 45, 49, 
36, 40, 44, 48),  ], [  (1, 42, 32, 5, 46, 19, 9, 50, 23, 13, 37, 27, 17, 41, 31, 4, 45, 18, 8, 49, 22, 12, 36, 26, 16, 40, 30, 3, 44, 34, 7, 
48, 21, 11, 35, 25, 15, 39, 29, 2, 43, 33, 6, 47, 20, 10, 51, 24, 14, 38, 28),  (1, 28, 38, 14, 24, 51, 10, 20, 47, 6, 33, 43, 2, 29, 39, 15, 
25, 35, 11, 21, 48, 7, 34, 44, 3, 30, 40, 16, 26, 36, 12, 22, 49, 8, 18, 45, 4, 31, 41, 17, 27, 37, 13, 23, 50, 9, 19, 46, 5, 32, 42),  ], [  
(1, 45, 21, 14, 41, 34, 10, 37, 30, 6, 50, 26, 2, 46, 22, 15, 42, 18, 11, 38, 31, 7, 51, 27, 3, 47, 23, 16, 43, 19, 12, 39, 32, 8, 35, 28, 4, 
48, 24, 17, 44, 20, 13, 40, 33, 9, 36, 29, 5, 49, 25),  (1, 25, 49, 5, 29, 36, 9, 33, 40, 13, 20, 44, 17, 24, 48, 4, 28, 35, 8, 32, 39, 12, 
19, 43, 16, 23, 47, 3, 27, 51, 7, 31, 38, 11, 18, 42, 15, 22, 46, 2, 26, 50, 6, 30, 37, 10, 34, 41, 14, 21, 45),  ], [  (1, 5, 9, 13, 17, 4, 
8, 12, 16, 3, 7, 11, 15, 2, 6, 10, 14)(18, 22, 26, 30, 34, 21, 25, 29, 33, 20, 24, 28, 32, 19, 23, 27, 31)(35, 39, 43, 47, 51, 38, 42, 46, 50,
37, 41, 45, 49, 36, 40, 44, 48),  (1, 14, 10, 6, 2, 15, 11, 7, 3, 16, 12, 8, 4, 17, 13, 9, 5)(18, 31, 27, 23, 19, 32, 28, 24, 20, 33, 29, 25, 
21, 34, 30, 26, 22)(35, 48, 44, 40, 36, 49, 45, 41, 37, 50, 46, 42, 38, 51, 47, 43, 39),  ], [  (1, 31, 44, 6, 19, 49, 11, 24, 37, 16, 29, 42,
4, 34, 47, 9, 22, 35, 14, 27, 40, 2, 32, 45, 7, 20, 50, 12, 25, 38, 17, 30, 43, 5, 18, 48, 10, 23, 36, 15, 28, 41, 3, 33, 46, 8, 21, 51, 13, 
26, 39),  (1, 39, 26, 13, 51, 21, 8, 46, 33, 3, 41, 28, 15, 36, 23, 10, 48, 18, 5, 43, 30, 17, 38, 25, 12, 50, 20, 7, 45, 32, 2, 40, 27, 14, 
35, 22, 9, 47, 34, 4, 42, 29, 16, 37, 24, 11, 49, 19, 6, 44, 31),  ], [  (1, 22, 43, 13, 34, 38, 8, 29, 50, 3, 24, 45, 15, 19, 40, 10, 31, 35,
5, 26, 47, 17, 21, 42, 12, 33, 37, 7, 28, 49, 2, 23, 44, 14, 18, 39, 9, 30, 51, 4, 25, 46, 16, 20, 41, 11, 32, 36, 6, 27, 48),  (1, 48, 27, 6,
36, 32, 11, 41, 20, 16, 46, 25, 4, 51, 30, 9, 39, 18, 14, 44, 23, 2, 49, 28, 7, 37, 33, 12, 42, 21, 17, 47, 26, 5, 35, 31, 10, 40, 19, 15, 45,
24, 3, 50, 29, 8, 38, 34, 13, 43, 22),  ], [  (1, 3, 5, 7, 9, 11, 13, 15, 17, 2, 4, 6, 8, 10, 12, 14, 16)(18, 20, 22, 24, 26, 28, 30, 32, 34, 
19, 21, 23, 25, 27, 29, 31, 33)(35, 37, 39, 41, 43, 45, 47, 49, 51, 36, 38, 40, 42, 44, 46, 48, 50),  (1, 16, 14, 12, 10, 8, 6, 4, 2, 17, 15, 
13, 11, 9, 7, 5, 3)(18, 33, 31, 29, 27, 25, 23, 21, 19, 34, 32, 30, 28, 26, 24, 22, 20)(35, 50, 48, 46, 44, 42, 40, 38, 36, 51, 49, 47, 45, 
43, 41, 39, 37),  ], [  (1, 48, 27, 6, 36, 32, 11, 41, 20, 16, 46, 25, 4, 51, 30, 9, 39, 18, 14, 44, 23, 2, 49, 28, 7, 37, 33, 12, 42, 21, 17,
47, 26, 5, 35, 31, 10, 40, 19, 15, 45, 24, 3, 50, 29, 8, 38, 34, 13, 43, 22),  (1, 22, 43, 13, 34, 38, 8, 29, 50, 3, 24, 45, 15, 19, 40, 10, 
31, 35, 5, 26, 47, 17, 21, 42, 12, 33, 37, 7, 28, 49, 2, 23, 44, 14, 18, 39, 9, 30, 51, 4, 25, 46, 16, 20, 41, 11, 32, 36, 6, 27, 48),  ], [  
(1, 39, 26, 13, 51, 21, 8, 46, 33, 3, 41, 28, 15, 36, 23, 10, 48, 18, 5, 43, 30, 17, 38, 25, 12, 50, 20, 7, 45, 32, 2, 40, 27, 14, 35, 22, 9, 
47, 34, 4, 42, 29, 16, 37, 24, 11, 49, 19, 6, 44, 31),  (1, 31, 44, 6, 19, 49, 11, 24, 37, 16, 29, 42, 4, 34, 47, 9, 22, 35, 14, 27, 40, 2, 
32, 45, 7, 20, 50, 12, 25, 38, 17, 30, 43, 5, 18, 48, 10, 23, 36, 15, 28, 41, 3, 33, 46, 8, 21, 51, 13, 26, 39),  ], [  (1, 16, 14, 12, 10, 8,
6, 4, 2, 17, 15, 13, 11, 9, 7, 5, 3)(18, 33, 31, 29, 27, 25, 23, 21, 19, 34, 32, 30, 28, 26, 24, 22, 20)(35, 50, 48, 46, 44, 42, 40, 38, 36, 
51, 49, 47, 45, 43, 41, 39, 37),  (1, 3, 5, 7, 9, 11, 13, 15, 17, 2, 4, 6, 8, 10, 12, 14, 16)(18, 20, 22, 24, 26, 28, 30, 32, 34, 19, 21, 23, 
25, 27, 29, 31, 33)(35, 37, 39, 41, 43, 45, 47, 49, 51, 36, 38, 40, 42, 44, 46, 48, 50),  ], [  (1, 20, 39, 7, 26, 45, 13, 32, 51, 2, 21, 40, 
8, 27, 46, 14, 33, 35, 3, 22, 41, 9, 28, 47, 15, 34, 36, 4, 23, 42, 10, 29, 48, 16, 18, 37, 5, 24, 43, 11, 30, 49, 17, 19, 38, 6, 25, 44, 12, 
31, 50),  (1, 50, 31, 12, 44, 25, 6, 38, 19, 17, 49, 30, 11, 43, 24, 5, 37, 18, 16, 48, 29, 10, 42, 23, 4, 36, 34, 15, 47, 28, 9, 41, 22, 3, 
35, 33, 14, 46, 27, 8, 40, 21, 2, 51, 32, 13, 45, 26, 7, 39, 20),  ], [  (1, 33, 48, 12, 27, 42, 6, 21, 36, 17, 32, 47, 11, 26, 41, 5, 20, 35,
16, 31, 46, 10, 25, 40, 4, 19, 51, 15, 30, 45, 9, 24, 39, 3, 18, 50, 14, 29, 44, 8, 23, 38, 2, 34, 49, 13, 28, 43, 7, 22, 37),  (1, 37, 22, 7,
43, 28, 13, 49, 34, 2, 38, 23, 8, 44, 29, 14, 50, 18, 3, 39, 24, 9, 45, 30, 15, 51, 19, 4, 40, 25, 10, 46, 31, 16, 35, 20, 5, 41, 26, 11, 47, 
32, 17, 36, 21, 6, 42, 27, 12, 48, 33),  ], [  (1, 9, 17, 8, 16, 7, 15, 6, 14, 5, 13, 4, 12, 3, 11, 2, 10)(18, 26, 34, 25, 33, 24, 32, 23, 31,
22, 30, 21, 29, 20, 28, 19, 27)(35, 43, 51, 42, 50, 41, 49, 40, 48, 39, 47, 38, 46, 37, 45, 36, 44),  (1, 10, 2, 11, 3, 12, 4, 13, 5, 14, 6, 
15, 7, 16, 8, 17, 9)(18, 27, 19, 28, 20, 29, 21, 30, 22, 31, 23, 32, 24, 33, 25, 34, 26)(35, 44, 36, 45, 37, 46, 38, 47, 39, 48, 40, 49, 41, 
50, 42, 51, 43),  ], [  (1, 37, 22, 7, 43, 28, 13, 49, 34, 2, 38, 23, 8, 44, 29, 14, 50, 18, 3, 39, 24, 9, 45, 30, 15, 51, 19, 4, 40, 25, 10, 
46, 31, 16, 35, 20, 5, 41, 26, 11, 47, 32, 17, 36, 21, 6, 42, 27, 12, 48, 33),  (1, 33, 48, 12, 27, 42, 6, 21, 36, 17, 32, 47, 11, 26, 41, 5, 
20, 35, 16, 31, 46, 10, 25, 40, 4, 19, 51, 15, 30, 45, 9, 24, 39, 3, 18, 50, 14, 29, 44, 8, 23, 38, 2, 34, 49, 13, 28, 43, 7, 22, 37),  ], [  
(1, 50, 31, 12, 44, 25, 6, 38, 19, 17, 49, 30, 11, 43, 24, 5, 37, 18, 16, 48, 29, 10, 42, 23, 4, 36, 34, 15, 47, 28, 9, 41, 22, 3, 35, 33, 14,
46, 27, 8, 40, 21, 2, 51, 32, 13, 45, 26, 7, 39, 20),  (1, 20, 39, 7, 26, 45, 13, 32, 51, 2, 21, 40, 8, 27, 46, 14, 33, 35, 3, 22, 41, 9, 28, 
47, 15, 34, 36, 4, 23, 42, 10, 29, 48, 16, 18, 37, 5, 24, 43, 11, 30, 49, 17, 19, 38, 6, 25, 44, 12, 31, 50),  ], [  (1, 10, 2, 11, 3, 12, 4, 
13, 5, 14, 6, 15, 7, 16, 8, 17, 9)(18, 27, 19, 28, 20, 29, 21, 30, 22, 31, 23, 32, 24, 33, 25, 34, 26)(35, 44, 36, 45, 37, 46, 38, 47, 39, 48,
40, 49, 41, 50, 42, 51, 43),  (1, 9, 17, 8, 16, 7, 15, 6, 14, 5, 13, 4, 12, 3, 11, 2, 10)(18, 26, 34, 25, 33, 24, 32, 23, 31, 22, 30, 21, 29, 
20, 28, 19, 27)(35, 43, 51, 42, 50, 41, 49, 40, 48, 39, 47, 38, 46, 37, 45, 36, 44),  ], [  (1, 26, 51, 8, 33, 41, 15, 23, 48, 5, 30, 38, 12, 
20, 45, 2, 27, 35, 9, 34, 42, 16, 24, 49, 6, 31, 39, 13, 21, 46, 3, 28, 36, 10, 18, 43, 17, 25, 50, 7, 32, 40, 14, 22, 47, 4, 29, 37, 11, 19, 
44),  (1, 44, 19, 11, 37, 29, 4, 47, 22, 14, 40, 32, 7, 50, 25, 17, 43, 18, 10, 36, 28, 3, 46, 21, 13, 39, 31, 6, 49, 24, 16, 42, 34, 9, 35, 
27, 2, 45, 20, 12, 38, 30, 5, 48, 23, 15, 41, 33, 8, 51, 26),  ], [  (1, 27, 36, 11, 20, 46, 4, 30, 39, 14, 23, 49, 7, 33, 42, 17, 26, 35, 10,
19, 45, 3, 29, 38, 13, 22, 48, 6, 32, 41, 16, 25, 51, 9, 18, 44, 2, 28, 37, 12, 21, 47, 5, 31, 40, 15, 24, 50, 8, 34, 43),  (1, 43, 34, 8, 50,
24, 15, 40, 31, 5, 47, 21, 12, 37, 28, 2, 44, 18, 9, 51, 25, 16, 41, 32, 6, 48, 22, 13, 38, 29, 3, 45, 19, 10, 35, 26, 17, 42, 33, 7, 49, 23, 
14, 39, 30, 4, 46, 20, 11, 36, 27),  ], [  (1, 15, 12, 9, 6, 3, 17, 14, 11, 8, 5, 2, 16, 13, 10, 7, 4)(18, 32, 29, 26, 23, 20, 34, 31, 28, 25,
22, 19, 33, 30, 27, 24, 21)(35, 49, 46, 43, 40, 37, 51, 48, 45, 42, 39, 36, 50, 47, 44, 41, 38),  (1, 4, 7, 10, 13, 16, 2, 5, 8, 11, 14, 17, 
3, 6, 9, 12, 15)(18, 21, 24, 27, 30, 33, 19, 22, 25, 28, 31, 34, 20, 23, 26, 29, 32)(35, 38, 41, 44, 47, 50, 36, 39, 42, 45, 48, 51, 37, 40, 
43, 46, 49),  ], [  (1, 43, 34, 8, 50, 24, 15, 40, 31, 5, 47, 21, 12, 37, 28, 2, 44, 18, 9, 51, 25, 16, 41, 32, 6, 48, 22, 13, 38, 29, 3, 45, 
19, 10, 35, 26, 17, 42, 33, 7, 49, 23, 14, 39, 30, 4, 46, 20, 11, 36, 27),  (1, 27, 36, 11, 20, 46, 4, 30, 39, 14, 23, 49, 7, 33, 42, 17, 26, 
35, 10, 19, 45, 3, 29, 38, 13, 22, 48, 6, 32, 41, 16, 25, 51, 9, 18, 44, 2, 28, 37, 12, 21, 47, 5, 31, 40, 15, 24, 50, 8, 34, 43),  ], [  (1, 
44, 19, 11, 37, 29, 4, 47, 22, 14, 40, 32, 7, 50, 25, 17, 43, 18, 10, 36, 28, 3, 46, 21, 13, 39, 31, 6, 49, 24, 16, 42, 34, 9, 35, 27, 2, 45, 
20, 12, 38, 30, 5, 48, 23, 15, 41, 33, 8, 51, 26),  (1, 26, 51, 8, 33, 41, 15, 23, 48, 5, 30, 38, 12, 20, 45, 2, 27, 35, 9, 34, 42, 16, 24, 
49, 6, 31, 39, 13, 21, 46, 3, 28, 36, 10, 18, 43, 17, 25, 50, 7, 32, 40, 14, 22, 47, 4, 29, 37, 11, 19, 44),  ], [  (1, 4, 7, 10, 13, 16, 2, 
5, 8, 11, 14, 17, 3, 6, 9, 12, 15)(18, 21, 24, 27, 30, 33, 19, 22, 25, 28, 31, 34, 20, 23, 26, 29, 32)(35, 38, 41, 44, 47, 50, 36, 39, 42, 45,
48, 51, 37, 40, 43, 46, 49),  (1, 15, 12, 9, 6, 3, 17, 14, 11, 8, 5, 2, 16, 13, 10, 7, 4)(18, 32, 29, 26, 23, 20, 34, 31, 28, 25, 22, 19, 33, 
30, 27, 24, 21)(35, 49, 46, 43, 40, 37, 51, 48, 45, 42, 39, 36, 50, 47, 44, 41, 38),  ], [  (1, 32, 46, 9, 23, 37, 17, 31, 45, 8, 22, 36, 16, 
30, 44, 7, 21, 35, 15, 29, 43, 6, 20, 51, 14, 28, 42, 5, 19, 50, 13, 27, 41, 4, 18, 49, 12, 26, 40, 3, 34, 48, 11, 25, 39, 2, 33, 47, 10, 24, 
38),  (1, 38, 24, 10, 47, 33, 2, 39, 25, 11, 48, 34, 3, 40, 26, 12, 49, 18, 4, 41, 27, 13, 50, 19, 5, 42, 28, 14, 51, 20, 6, 43, 29, 15, 35, 
21, 7, 44, 30, 16, 36, 22, 8, 45, 31, 17, 37, 23, 9, 46, 32),  ], [  (1, 21, 41, 10, 30, 50, 2, 22, 42, 11, 31, 51, 3, 23, 43, 12, 32, 35, 4, 
24, 44, 13, 33, 36, 5, 25, 45, 14, 34, 37, 6, 26, 46, 15, 18, 38, 7, 27, 47, 16, 19, 39, 8, 28, 48, 17, 20, 40, 9, 29, 49),  (1, 49, 29, 9, 
40, 20, 17, 48, 28, 8, 39, 19, 16, 47, 27, 7, 38, 18, 15, 46, 26, 6, 37, 34, 14, 45, 25, 5, 36, 33, 13, 44, 24, 4, 35, 32, 12, 43, 23, 3, 51, 
31, 11, 42, 22, 2, 50, 30, 10, 41, 21),  ], [  (1, 49, 29, 9, 40, 20, 17, 48, 28, 8, 39, 19, 16, 47, 27, 7, 38, 18, 15, 46, 26, 6, 37, 34, 14,
45, 25, 5, 36, 33, 13, 44, 24, 4, 35, 32, 12, 43, 23, 3, 51, 31, 11, 42, 22, 2, 50, 30, 10, 41, 21),  (1, 21, 41, 10, 30, 50, 2, 22, 42, 11, 
31, 51, 3, 23, 43, 12, 32, 35, 4, 24, 44, 13, 33, 36, 5, 25, 45, 14, 34, 37, 6, 26, 46, 15, 18, 38, 7, 27, 47, 16, 19, 39, 8, 28, 48, 17, 20, 
40, 9, 29, 49),  ], [  (1, 38, 24, 10, 47, 33, 2, 39, 25, 11, 48, 34, 3, 40, 26, 12, 49, 18, 4, 41, 27, 13, 50, 19, 5, 42, 28, 14, 51, 20, 6, 
43, 29, 15, 35, 21, 7, 44, 30, 16, 36, 22, 8, 45, 31, 17, 37, 23, 9, 46, 32),  (1, 32, 46, 9, 23, 37, 17, 31, 45, 8, 22, 36, 16, 30, 44, 7, 
21, 35, 15, 29, 43, 6, 20, 51, 14, 28, 42, 5, 19, 50, 13, 27, 41, 4, 18, 49, 12, 26, 40, 3, 34, 48, 11, 25, 39, 2, 33, 47, 10, 24, 38),  ], ]
);


