BRACES[57] := rec( total := -1, implemented := 2, size := 57, brace := [] );BRACES[57].brace[1] := rec ( size := 57, perms := [ [  (),  (),  
], [  (1, 20, 39)(2, 21, 40)(3, 22, 41)(4, 23, 42)(5, 24, 43)(6, 25, 44)(7, 26, 45)(8, 27, 46)(9, 28, 47)(10, 29, 48)(11, 30, 49)(12, 31, 
50)(13, 32, 51)(14, 33, 52)(15, 34, 53)(16, 35, 54)(17, 36, 55)(18, 37, 56)(19, 38, 57),  (1, 39, 20)(2, 40, 21)(3, 41, 22)(4, 42, 23)(5, 43, 
24)(6, 44, 25)(7, 45, 26)(8, 46, 27)(9, 47, 28)(10, 48, 29)(11, 49, 30)(12, 50, 31)(13, 51, 32)(14, 52, 33)(15, 53, 34)(16, 54, 35)(17, 55, 
36)(18, 56, 37)(19, 57, 38),  ], [  (1, 7, 13, 19, 6, 12, 18, 5, 11, 17, 4, 10, 16, 3, 9, 15, 2, 8, 14)(20, 26, 32, 38, 25, 31, 37, 24, 30, 
36, 23, 29, 35, 22, 28, 34, 21, 27, 33)(39, 45, 51, 57, 44, 50, 56, 43, 49, 55, 42, 48, 54, 41, 47, 53, 40, 46, 52),  (1, 14, 8, 2, 15, 9, 3, 
16, 10, 4, 17, 11, 5, 18, 12, 6, 19, 13, 7)(20, 33, 27, 21, 34, 28, 22, 35, 29, 23, 36, 30, 24, 37, 31, 25, 38, 32, 26)(39, 52, 46, 40, 53, 
47, 41, 54, 48, 42, 55, 49, 43, 56, 50, 44, 57, 51, 45),  ], [  (1, 39, 20)(2, 40, 21)(3, 41, 22)(4, 42, 23)(5, 43, 24)(6, 44, 25)(7, 45, 
26)(8, 46, 27)(9, 47, 28)(10, 48, 29)(11, 49, 30)(12, 50, 31)(13, 51, 32)(14, 52, 33)(15, 53, 34)(16, 54, 35)(17, 55, 36)(18, 56, 37)(19, 57, 
38),  (1, 20, 39)(2, 21, 40)(3, 22, 41)(4, 23, 42)(5, 24, 43)(6, 25, 44)(7, 26, 45)(8, 27, 46)(9, 28, 47)(10, 29, 48)(11, 30, 49)(12, 31, 
50)(13, 32, 51)(14, 33, 52)(15, 34, 53)(16, 35, 54)(17, 36, 55)(18, 37, 56)(19, 38, 57),  ], [  (1, 14, 8, 2, 15, 9, 3, 16, 10, 4, 17, 11, 5, 
18, 12, 6, 19, 13, 7)(20, 33, 27, 21, 34, 28, 22, 35, 29, 23, 36, 30, 24, 37, 31, 25, 38, 32, 26)(39, 52, 46, 40, 53, 47, 41, 54, 48, 42, 55, 
49, 43, 56, 50, 44, 57, 51, 45),  (1, 7, 13, 19, 6, 12, 18, 5, 11, 17, 4, 10, 16, 3, 9, 15, 2, 8, 14)(20, 26, 32, 38, 25, 31, 37, 24, 30, 36, 
23, 29, 35, 22, 28, 34, 21, 27, 33)(39, 45, 51, 57, 44, 50, 56, 43, 49, 55, 42, 48, 54, 41, 47, 53, 40, 46, 52),  ], [  (1, 26, 51, 19, 25, 
50, 18, 24, 49, 17, 23, 48, 16, 22, 47, 15, 21, 46, 14, 20, 45, 13, 38, 44, 12, 37, 43, 11, 36, 42, 10, 35, 41, 9, 34, 40, 8, 33, 39, 7, 32, 
57, 6, 31, 56, 5, 30, 55, 4, 29, 54, 3, 28, 53, 2, 27, 52),  (1, 52, 27, 2, 53, 28, 3, 54, 29, 4, 55, 30, 5, 56, 31, 6, 57, 32, 7, 39, 33, 8, 
40, 34, 9, 41, 35, 10, 42, 36, 11, 43, 37, 12, 44, 38, 13, 45, 20, 14, 46, 21, 15, 47, 22, 16, 48, 23, 17, 49, 24, 18, 50, 25, 19, 51, 26),  
], [  (1, 33, 46, 2, 34, 47, 3, 35, 48, 4, 36, 49, 5, 37, 50, 6, 38, 51, 7, 20, 52, 8, 21, 53, 9, 22, 54, 10, 23, 55, 11, 24, 56, 12, 25, 57, 
13, 26, 39, 14, 27, 40, 15, 28, 41, 16, 29, 42, 17, 30, 43, 18, 31, 44, 19, 32, 45),  (1, 45, 32, 19, 44, 31, 18, 43, 30, 17, 42, 29, 16, 41, 
28, 15, 40, 27, 14, 39, 26, 13, 57, 25, 12, 56, 24, 11, 55, 23, 10, 54, 22, 9, 53, 21, 8, 52, 20, 7, 51, 38, 6, 50, 37, 5, 49, 36, 4, 48, 35, 
3, 47, 34, 2, 46, 33),  ], [  (1, 13, 6, 18, 11, 4, 16, 9, 2, 14, 7, 19, 12, 5, 17, 10, 3, 15, 8)(20, 32, 25, 37, 30, 23, 35, 28, 21, 33, 26, 
38, 31, 24, 36, 29, 22, 34, 27)(39, 51, 44, 56, 49, 42, 54, 47, 40, 52, 45, 57, 50, 43, 55, 48, 41, 53, 46),  (1, 8, 15, 3, 10, 17, 5, 12, 19,
7, 14, 2, 9, 16, 4, 11, 18, 6, 13)(20, 27, 34, 22, 29, 36, 24, 31, 38, 26, 33, 21, 28, 35, 23, 30, 37, 25, 32)(39, 46, 53, 41, 48, 55, 43, 50,
57, 45, 52, 40, 47, 54, 42, 49, 56, 44, 51),  ], [  (1, 45, 32, 19, 44, 31, 18, 43, 30, 17, 42, 29, 16, 41, 28, 15, 40, 27, 14, 39, 26, 13, 
57, 25, 12, 56, 24, 11, 55, 23, 10, 54, 22, 9, 53, 21, 8, 52, 20, 7, 51, 38, 6, 50, 37, 5, 49, 36, 4, 48, 35, 3, 47, 34, 2, 46, 33),  (1, 33, 
46, 2, 34, 47, 3, 35, 48, 4, 36, 49, 5, 37, 50, 6, 38, 51, 7, 20, 52, 8, 21, 53, 9, 22, 54, 10, 23, 55, 11, 24, 56, 12, 25, 57, 13, 26, 39, 
14, 27, 40, 15, 28, 41, 16, 29, 42, 17, 30, 43, 18, 31, 44, 19, 32, 45),  ], [  (1, 52, 27, 2, 53, 28, 3, 54, 29, 4, 55, 30, 5, 56, 31, 6, 57,
32, 7, 39, 33, 8, 40, 34, 9, 41, 35, 10, 42, 36, 11, 43, 37, 12, 44, 38, 13, 45, 20, 14, 46, 21, 15, 47, 22, 16, 48, 23, 17, 49, 24, 18, 50, 
25, 19, 51, 26),  (1, 26, 51, 19, 25, 50, 18, 24, 49, 17, 23, 48, 16, 22, 47, 15, 21, 46, 14, 20, 45, 13, 38, 44, 12, 37, 43, 11, 36, 42, 10, 
35, 41, 9, 34, 40, 8, 33, 39, 7, 32, 57, 6, 31, 56, 5, 30, 55, 4, 29, 54, 3, 28, 53, 2, 27, 52),  ], [  (1, 8, 15, 3, 10, 17, 5, 12, 19, 7, 
14, 2, 9, 16, 4, 11, 18, 6, 13)(20, 27, 34, 22, 29, 36, 24, 31, 38, 26, 33, 21, 28, 35, 23, 30, 37, 25, 32)(39, 46, 53, 41, 48, 55, 43, 50, 
57, 45, 52, 40, 47, 54, 42, 49, 56, 44, 51),  (1, 13, 6, 18, 11, 4, 16, 9, 2, 14, 7, 19, 12, 5, 17, 10, 3, 15, 8)(20, 32, 25, 37, 30, 23, 35, 
28, 21, 33, 26, 38, 31, 24, 36, 29, 22, 34, 27)(39, 51, 44, 56, 49, 42, 54, 47, 40, 52, 45, 57, 50, 43, 55, 48, 41, 53, 46),  ], [  (1, 32, 
44, 18, 30, 42, 16, 28, 40, 14, 26, 57, 12, 24, 55, 10, 22, 53, 8, 20, 51, 6, 37, 49, 4, 35, 47, 2, 33, 45, 19, 31, 43, 17, 29, 41, 15, 27, 
39, 13, 25, 56, 11, 23, 54, 9, 21, 52, 7, 38, 50, 5, 36, 48, 3, 34, 46),  (1, 46, 34, 3, 48, 36, 5, 50, 38, 7, 52, 21, 9, 54, 23, 11, 56, 25, 
13, 39, 27, 15, 41, 29, 17, 43, 31, 19, 45, 33, 2, 47, 35, 4, 49, 37, 6, 51, 20, 8, 53, 22, 10, 55, 24, 12, 57, 26, 14, 40, 28, 16, 42, 30, 
18, 44, 32),  ], [  (1, 27, 53, 3, 29, 55, 5, 31, 57, 7, 33, 40, 9, 35, 42, 11, 37, 44, 13, 20, 46, 15, 22, 48, 17, 24, 50, 19, 26, 52, 2, 28,
54, 4, 30, 56, 6, 32, 39, 8, 34, 41, 10, 36, 43, 12, 38, 45, 14, 21, 47, 16, 23, 49, 18, 25, 51),  (1, 51, 25, 18, 49, 23, 16, 47, 21, 14, 45,
38, 12, 43, 36, 10, 41, 34, 8, 39, 32, 6, 56, 30, 4, 54, 28, 2, 52, 26, 19, 50, 24, 17, 48, 22, 15, 46, 20, 13, 44, 37, 11, 42, 35, 9, 40, 33,
7, 57, 31, 5, 55, 29, 3, 53, 27),  ], [  (1, 19, 18, 17, 16, 15, 14, 13, 12, 11, 10, 9, 8, 7, 6, 5, 4, 3, 2)(20, 38, 37, 36, 35, 34, 33, 32, 
31, 30, 29, 28, 27, 26, 25, 24, 23, 22, 21)(39, 57, 56, 55, 54, 53, 52, 51, 50, 49, 48, 47, 46, 45, 44, 43, 42, 41, 40),  (1, 2, 3, 4, 5, 6, 
7, 8, 9, 10, 11, 12, 13, 14, 15, 16, 17, 18, 19)(20, 21, 22, 23, 24, 25, 26, 27, 28, 29, 30, 31, 32, 33, 34, 35, 36, 37, 38)(39, 40, 41, 42, 
43, 44, 45, 46, 47, 48, 49, 50, 51, 52, 53, 54, 55, 56, 57),  ], [  (1, 51, 25, 18, 49, 23, 16, 47, 21, 14, 45, 38, 12, 43, 36, 10, 41, 34, 8,
39, 32, 6, 56, 30, 4, 54, 28, 2, 52, 26, 19, 50, 24, 17, 48, 22, 15, 46, 20, 13, 44, 37, 11, 42, 35, 9, 40, 33, 7, 57, 31, 5, 55, 29, 3, 53, 
27),  (1, 27, 53, 3, 29, 55, 5, 31, 57, 7, 33, 40, 9, 35, 42, 11, 37, 44, 13, 20, 46, 15, 22, 48, 17, 24, 50, 19, 26, 52, 2, 28, 54, 4, 30, 
56, 6, 32, 39, 8, 34, 41, 10, 36, 43, 12, 38, 45, 14, 21, 47, 16, 23, 49, 18, 25, 51),  ], [  (1, 46, 34, 3, 48, 36, 5, 50, 38, 7, 52, 21, 9, 
54, 23, 11, 56, 25, 13, 39, 27, 15, 41, 29, 17, 43, 31, 19, 45, 33, 2, 47, 35, 4, 49, 37, 6, 51, 20, 8, 53, 22, 10, 55, 24, 12, 57, 26, 14, 
40, 28, 16, 42, 30, 18, 44, 32),  (1, 32, 44, 18, 30, 42, 16, 28, 40, 14, 26, 57, 12, 24, 55, 10, 22, 53, 8, 20, 51, 6, 37, 49, 4, 35, 47, 2, 
33, 45, 19, 31, 43, 17, 29, 41, 15, 27, 39, 13, 25, 56, 11, 23, 54, 9, 21, 52, 7, 38, 50, 5, 36, 48, 3, 34, 46),  ], [  (1, 2, 3, 4, 5, 6, 7, 
8, 9, 10, 11, 12, 13, 14, 15, 16, 17, 18, 19)(20, 21, 22, 23, 24, 25, 26, 27, 28, 29, 30, 31, 32, 33, 34, 35, 36, 37, 38)(39, 40, 41, 42, 43, 
44, 45, 46, 47, 48, 49, 50, 51, 52, 53, 54, 55, 56, 57),  (1, 19, 18, 17, 16, 15, 14, 13, 12, 11, 10, 9, 8, 7, 6, 5, 4, 3, 2)(20, 38, 37, 36, 
35, 34, 33, 32, 31, 30, 29, 28, 27, 26, 25, 24, 23, 22, 21)(39, 57, 56, 55, 54, 53, 52, 51, 50, 49, 48, 47, 46, 45, 44, 43, 42, 41, 40),  ], [
(1, 38, 56, 17, 35, 53, 14, 32, 50, 11, 29, 47, 8, 26, 44, 5, 23, 41, 2, 20, 57, 18, 36, 54, 15, 33, 51, 12, 30, 48, 9, 27, 45, 6, 24, 42, 3, 
21, 39, 19, 37, 55, 16, 34, 52, 13, 31, 49, 10, 28, 46, 7, 25, 43, 4, 22, 40),  (1, 40, 22, 4, 43, 25, 7, 46, 28, 10, 49, 31, 13, 52, 34, 16, 
55, 37, 19, 39, 21, 3, 42, 24, 6, 45, 27, 9, 48, 30, 12, 51, 33, 15, 54, 36, 18, 57, 20, 2, 41, 23, 5, 44, 26, 8, 47, 29, 11, 50, 32, 14, 53, 
35, 17, 56, 38),  ], [  (1, 21, 41, 4, 24, 44, 7, 27, 47, 10, 30, 50, 13, 33, 53, 16, 36, 56, 19, 20, 40, 3, 23, 43, 6, 26, 46, 9, 29, 49, 12,
32, 52, 15, 35, 55, 18, 38, 39, 2, 22, 42, 5, 25, 45, 8, 28, 48, 11, 31, 51, 14, 34, 54, 17, 37, 57),  (1, 57, 37, 17, 54, 34, 14, 51, 31, 11,
48, 28, 8, 45, 25, 5, 42, 22, 2, 39, 38, 18, 55, 35, 15, 52, 32, 12, 49, 29, 9, 46, 26, 6, 43, 23, 3, 40, 20, 19, 56, 36, 16, 53, 33, 13, 50, 
30, 10, 47, 27, 7, 44, 24, 4, 41, 21),  ], [  (1, 6, 11, 16, 2, 7, 12, 17, 3, 8, 13, 18, 4, 9, 14, 19, 5, 10, 15)(20, 25, 30, 35, 21, 26, 31, 
36, 22, 27, 32, 37, 23, 28, 33, 38, 24, 29, 34)(39, 44, 49, 54, 40, 45, 50, 55, 41, 46, 51, 56, 42, 47, 52, 57, 43, 48, 53),  (1, 15, 10, 5, 
19, 14, 9, 4, 18, 13, 8, 3, 17, 12, 7, 2, 16, 11, 6)(20, 34, 29, 24, 38, 33, 28, 23, 37, 32, 27, 22, 36, 31, 26, 21, 35, 30, 25)(39, 53, 48, 
43, 57, 52, 47, 42, 56, 51, 46, 41, 55, 50, 45, 40, 54, 49, 44),  ], [  (1, 57, 37, 17, 54, 34, 14, 51, 31, 11, 48, 28, 8, 45, 25, 5, 42, 22, 
2, 39, 38, 18, 55, 35, 15, 52, 32, 12, 49, 29, 9, 46, 26, 6, 43, 23, 3, 40, 20, 19, 56, 36, 16, 53, 33, 13, 50, 30, 10, 47, 27, 7, 44, 24, 4, 
41, 21),  (1, 21, 41, 4, 24, 44, 7, 27, 47, 10, 30, 50, 13, 33, 53, 16, 36, 56, 19, 20, 40, 3, 23, 43, 6, 26, 46, 9, 29, 49, 12, 32, 52, 15, 
35, 55, 18, 38, 39, 2, 22, 42, 5, 25, 45, 8, 28, 48, 11, 31, 51, 14, 34, 54, 17, 37, 57),  ], [  (1, 40, 22, 4, 43, 25, 7, 46, 28, 10, 49, 31,
13, 52, 34, 16, 55, 37, 19, 39, 21, 3, 42, 24, 6, 45, 27, 9, 48, 30, 12, 51, 33, 15, 54, 36, 18, 57, 20, 2, 41, 23, 5, 44, 26, 8, 47, 29, 11, 
50, 32, 14, 53, 35, 17, 56, 38),  (1, 38, 56, 17, 35, 53, 14, 32, 50, 11, 29, 47, 8, 26, 44, 5, 23, 41, 2, 20, 57, 18, 36, 54, 15, 33, 51, 12,
30, 48, 9, 27, 45, 6, 24, 42, 3, 21, 39, 19, 37, 55, 16, 34, 52, 13, 31, 49, 10, 28, 46, 7, 25, 43, 4, 22, 40),  ], [  (1, 15, 10, 5, 19, 14, 
9, 4, 18, 13, 8, 3, 17, 12, 7, 2, 16, 11, 6)(20, 34, 29, 24, 38, 33, 28, 23, 37, 32, 27, 22, 36, 31, 26, 21, 35, 30, 25)(39, 53, 48, 43, 57, 
52, 47, 42, 56, 51, 46, 41, 55, 50, 45, 40, 54, 49, 44),  (1, 6, 11, 16, 2, 7, 12, 17, 3, 8, 13, 18, 4, 9, 14, 19, 5, 10, 15)(20, 25, 30, 35, 
21, 26, 31, 36, 22, 27, 32, 37, 23, 28, 33, 38, 24, 29, 34)(39, 44, 49, 54, 40, 45, 50, 55, 41, 46, 51, 56, 42, 47, 52, 57, 43, 48, 53),  ], [
(1, 25, 49, 16, 21, 45, 12, 36, 41, 8, 32, 56, 4, 28, 52, 19, 24, 48, 15, 20, 44, 11, 35, 40, 7, 31, 55, 3, 27, 51, 18, 23, 47, 14, 38, 43, 
10, 34, 39, 6, 30, 54, 2, 26, 50, 17, 22, 46, 13, 37, 42, 9, 33, 57, 5, 29, 53),  (1, 53, 29, 5, 57, 33, 9, 42, 37, 13, 46, 22, 17, 50, 26, 2,
54, 30, 6, 39, 34, 10, 43, 38, 14, 47, 23, 18, 51, 27, 3, 55, 31, 7, 40, 35, 11, 44, 20, 15, 48, 24, 19, 52, 28, 4, 56, 32, 8, 41, 36, 12, 45,
21, 16, 49, 25),  ], [  (1, 34, 48, 5, 38, 52, 9, 23, 56, 13, 27, 41, 17, 31, 45, 2, 35, 49, 6, 20, 53, 10, 24, 57, 14, 28, 42, 18, 32, 46, 3,
36, 50, 7, 21, 54, 11, 25, 39, 15, 29, 43, 19, 33, 47, 4, 37, 51, 8, 22, 55, 12, 26, 40, 16, 30, 44),  (1, 44, 30, 16, 40, 26, 12, 55, 22, 8, 
51, 37, 4, 47, 33, 19, 43, 29, 15, 39, 25, 11, 54, 21, 7, 50, 36, 3, 46, 32, 18, 42, 28, 14, 57, 24, 10, 53, 20, 6, 49, 35, 2, 45, 31, 17, 41,
27, 13, 56, 23, 9, 52, 38, 5, 48, 34),  ], [  (1, 12, 4, 15, 7, 18, 10, 2, 13, 5, 16, 8, 19, 11, 3, 14, 6, 17, 9)(20, 31, 23, 34, 26, 37, 29, 
21, 32, 24, 35, 27, 38, 30, 22, 33, 25, 36, 28)(39, 50, 42, 53, 45, 56, 48, 40, 51, 43, 54, 46, 57, 49, 41, 52, 44, 55, 47),  (1, 9, 17, 6, 
14, 3, 11, 19, 8, 16, 5, 13, 2, 10, 18, 7, 15, 4, 12)(20, 28, 36, 25, 33, 22, 30, 38, 27, 35, 24, 32, 21, 29, 37, 26, 34, 23, 31)(39, 47, 55, 
44, 52, 41, 49, 57, 46, 54, 43, 51, 40, 48, 56, 45, 53, 42, 50),  ], [  (1, 44, 30, 16, 40, 26, 12, 55, 22, 8, 51, 37, 4, 47, 33, 19, 43, 29, 
15, 39, 25, 11, 54, 21, 7, 50, 36, 3, 46, 32, 18, 42, 28, 14, 57, 24, 10, 53, 20, 6, 49, 35, 2, 45, 31, 17, 41, 27, 13, 56, 23, 9, 52, 38, 5, 
48, 34),  (1, 34, 48, 5, 38, 52, 9, 23, 56, 13, 27, 41, 17, 31, 45, 2, 35, 49, 6, 20, 53, 10, 24, 57, 14, 28, 42, 18, 32, 46, 3, 36, 50, 7, 
21, 54, 11, 25, 39, 15, 29, 43, 19, 33, 47, 4, 37, 51, 8, 22, 55, 12, 26, 40, 16, 30, 44),  ], [  (1, 53, 29, 5, 57, 33, 9, 42, 37, 13, 46, 
22, 17, 50, 26, 2, 54, 30, 6, 39, 34, 10, 43, 38, 14, 47, 23, 18, 51, 27, 3, 55, 31, 7, 40, 35, 11, 44, 20, 15, 48, 24, 19, 52, 28, 4, 56, 32,
8, 41, 36, 12, 45, 21, 16, 49, 25),  (1, 25, 49, 16, 21, 45, 12, 36, 41, 8, 32, 56, 4, 28, 52, 19, 24, 48, 15, 20, 44, 11, 35, 40, 7, 31, 55, 
3, 27, 51, 18, 23, 47, 14, 38, 43, 10, 34, 39, 6, 30, 54, 2, 26, 50, 17, 22, 46, 13, 37, 42, 9, 33, 57, 5, 29, 53),  ], [  (1, 9, 17, 6, 14, 
3, 11, 19, 8, 16, 5, 13, 2, 10, 18, 7, 15, 4, 12)(20, 28, 36, 25, 33, 22, 30, 38, 27, 35, 24, 32, 21, 29, 37, 26, 34, 23, 31)(39, 47, 55, 44, 
52, 41, 49, 57, 46, 54, 43, 51, 40, 48, 56, 45, 53, 42, 50),  (1, 12, 4, 15, 7, 18, 10, 2, 13, 5, 16, 8, 19, 11, 3, 14, 6, 17, 9)(20, 31, 23, 
34, 26, 37, 29, 21, 32, 24, 35, 27, 38, 30, 22, 33, 25, 36, 28)(39, 50, 42, 53, 45, 56, 48, 40, 51, 43, 54, 46, 57, 49, 41, 52, 44, 55, 47),  
], [  (1, 31, 42, 15, 26, 56, 10, 21, 51, 5, 35, 46, 19, 30, 41, 14, 25, 55, 9, 20, 50, 4, 34, 45, 18, 29, 40, 13, 24, 54, 8, 38, 49, 3, 33, 
44, 17, 28, 39, 12, 23, 53, 7, 37, 48, 2, 32, 43, 16, 27, 57, 11, 22, 52, 6, 36, 47),  (1, 47, 36, 6, 52, 22, 11, 57, 27, 16, 43, 32, 2, 48, 
37, 7, 53, 23, 12, 39, 28, 17, 44, 33, 3, 49, 38, 8, 54, 24, 13, 40, 29, 18, 45, 34, 4, 50, 20, 9, 55, 25, 14, 41, 30, 19, 46, 35, 5, 51, 21, 
10, 56, 26, 15, 42, 31),  ], [  (1, 28, 55, 6, 33, 41, 11, 38, 46, 16, 24, 51, 2, 29, 56, 7, 34, 42, 12, 20, 47, 17, 25, 52, 3, 30, 57, 8, 35,
43, 13, 21, 48, 18, 26, 53, 4, 31, 39, 9, 36, 44, 14, 22, 49, 19, 27, 54, 5, 32, 40, 10, 37, 45, 15, 23, 50),  (1, 50, 23, 15, 45, 37, 10, 40,
32, 5, 54, 27, 19, 49, 22, 14, 44, 36, 9, 39, 31, 4, 53, 26, 18, 48, 21, 13, 43, 35, 8, 57, 30, 3, 52, 25, 17, 47, 20, 12, 42, 34, 7, 56, 29, 
2, 51, 24, 16, 46, 38, 11, 41, 33, 6, 55, 28),  ], [  (1, 18, 16, 14, 12, 10, 8, 6, 4, 2, 19, 17, 15, 13, 11, 9, 7, 5, 3)(20, 37, 35, 33, 31, 
29, 27, 25, 23, 21, 38, 36, 34, 32, 30, 28, 26, 24, 22)(39, 56, 54, 52, 50, 48, 46, 44, 42, 40, 57, 55, 53, 51, 49, 47, 45, 43, 41),  (1, 3, 
5, 7, 9, 11, 13, 15, 17, 19, 2, 4, 6, 8, 10, 12, 14, 16, 18)(20, 22, 24, 26, 28, 30, 32, 34, 36, 38, 21, 23, 25, 27, 29, 31, 33, 35, 37)(39, 
41, 43, 45, 47, 49, 51, 53, 55, 57, 40, 42, 44, 46, 48, 50, 52, 54, 56),  ], [  (1, 50, 23, 15, 45, 37, 10, 40, 32, 5, 54, 27, 19, 49, 22, 14,
44, 36, 9, 39, 31, 4, 53, 26, 18, 48, 21, 13, 43, 35, 8, 57, 30, 3, 52, 25, 17, 47, 20, 12, 42, 34, 7, 56, 29, 2, 51, 24, 16, 46, 38, 11, 41, 
33, 6, 55, 28),  (1, 28, 55, 6, 33, 41, 11, 38, 46, 16, 24, 51, 2, 29, 56, 7, 34, 42, 12, 20, 47, 17, 25, 52, 3, 30, 57, 8, 35, 43, 13, 21, 
48, 18, 26, 53, 4, 31, 39, 9, 36, 44, 14, 22, 49, 19, 27, 54, 5, 32, 40, 10, 37, 45, 15, 23, 50),  ], [  (1, 47, 36, 6, 52, 22, 11, 57, 27, 
16, 43, 32, 2, 48, 37, 7, 53, 23, 12, 39, 28, 17, 44, 33, 3, 49, 38, 8, 54, 24, 13, 40, 29, 18, 45, 34, 4, 50, 20, 9, 55, 25, 14, 41, 30, 19, 
46, 35, 5, 51, 21, 10, 56, 26, 15, 42, 31),  (1, 31, 42, 15, 26, 56, 10, 21, 51, 5, 35, 46, 19, 30, 41, 14, 25, 55, 9, 20, 50, 4, 34, 45, 18, 
29, 40, 13, 24, 54, 8, 38, 49, 3, 33, 44, 17, 28, 39, 12, 23, 53, 7, 37, 48, 2, 32, 43, 16, 27, 57, 11, 22, 52, 6, 36, 47),  ], [  (1, 3, 5, 
7, 9, 11, 13, 15, 17, 19, 2, 4, 6, 8, 10, 12, 14, 16, 18)(20, 22, 24, 26, 28, 30, 32, 34, 36, 38, 21, 23, 25, 27, 29, 31, 33, 35, 37)(39, 41, 
43, 45, 47, 49, 51, 53, 55, 57, 40, 42, 44, 46, 48, 50, 52, 54, 56),  (1, 18, 16, 14, 12, 10, 8, 6, 4, 2, 19, 17, 15, 13, 11, 9, 7, 5, 3)(20, 
37, 35, 33, 31, 29, 27, 25, 23, 21, 38, 36, 34, 32, 30, 28, 26, 24, 22)(39, 56, 54, 52, 50, 48, 46, 44, 42, 40, 57, 55, 53, 51, 49, 47, 45, 
43, 41),  ], [  (1, 37, 54, 14, 31, 48, 8, 25, 42, 2, 38, 55, 15, 32, 49, 9, 26, 43, 3, 20, 56, 16, 33, 50, 10, 27, 44, 4, 21, 57, 17, 34, 51,
11, 28, 45, 5, 22, 39, 18, 35, 52, 12, 29, 46, 6, 23, 40, 19, 36, 53, 13, 30, 47, 7, 24, 41),  (1, 41, 24, 7, 47, 30, 13, 53, 36, 19, 40, 23, 
6, 46, 29, 12, 52, 35, 18, 39, 22, 5, 45, 28, 11, 51, 34, 17, 57, 21, 4, 44, 27, 10, 50, 33, 16, 56, 20, 3, 43, 26, 9, 49, 32, 15, 55, 38, 2, 
42, 25, 8, 48, 31, 14, 54, 37),  ], [  (1, 22, 43, 7, 28, 49, 13, 34, 55, 19, 21, 42, 6, 27, 48, 12, 33, 54, 18, 20, 41, 5, 26, 47, 11, 32, 
53, 17, 38, 40, 4, 25, 46, 10, 31, 52, 16, 37, 39, 3, 24, 45, 9, 30, 51, 15, 36, 57, 2, 23, 44, 8, 29, 50, 14, 35, 56),  (1, 56, 35, 14, 50, 
29, 8, 44, 23, 2, 57, 36, 15, 51, 30, 9, 45, 24, 3, 39, 37, 16, 52, 31, 10, 46, 25, 4, 40, 38, 17, 53, 32, 11, 47, 26, 5, 41, 20, 18, 54, 33, 
12, 48, 27, 6, 42, 21, 19, 55, 34, 13, 49, 28, 7, 43, 22),  ], [  (1, 5, 9, 13, 17, 2, 6, 10, 14, 18, 3, 7, 11, 15, 19, 4, 8, 12, 16)(20, 24, 
28, 32, 36, 21, 25, 29, 33, 37, 22, 26, 30, 34, 38, 23, 27, 31, 35)(39, 43, 47, 51, 55, 40, 44, 48, 52, 56, 41, 45, 49, 53, 57, 42, 46, 50, 
54),  (1, 16, 12, 8, 4, 19, 15, 11, 7, 3, 18, 14, 10, 6, 2, 17, 13, 9, 5)(20, 35, 31, 27, 23, 38, 34, 30, 26, 22, 37, 33, 29, 25, 21, 36, 32, 
28, 24)(39, 54, 50, 46, 42, 57, 53, 49, 45, 41, 56, 52, 48, 44, 40, 55, 51, 47, 43),  ], [  (1, 56, 35, 14, 50, 29, 8, 44, 23, 2, 57, 36, 15, 
51, 30, 9, 45, 24, 3, 39, 37, 16, 52, 31, 10, 46, 25, 4, 40, 38, 17, 53, 32, 11, 47, 26, 5, 41, 20, 18, 54, 33, 12, 48, 27, 6, 42, 21, 19, 55,
34, 13, 49, 28, 7, 43, 22),  (1, 22, 43, 7, 28, 49, 13, 34, 55, 19, 21, 42, 6, 27, 48, 12, 33, 54, 18, 20, 41, 5, 26, 47, 11, 32, 53, 17, 38, 
40, 4, 25, 46, 10, 31, 52, 16, 37, 39, 3, 24, 45, 9, 30, 51, 15, 36, 57, 2, 23, 44, 8, 29, 50, 14, 35, 56),  ], [  (1, 41, 24, 7, 47, 30, 13, 
53, 36, 19, 40, 23, 6, 46, 29, 12, 52, 35, 18, 39, 22, 5, 45, 28, 11, 51, 34, 17, 57, 21, 4, 44, 27, 10, 50, 33, 16, 56, 20, 3, 43, 26, 9, 49,
32, 15, 55, 38, 2, 42, 25, 8, 48, 31, 14, 54, 37),  (1, 37, 54, 14, 31, 48, 8, 25, 42, 2, 38, 55, 15, 32, 49, 9, 26, 43, 3, 20, 56, 16, 33, 
50, 10, 27, 44, 4, 21, 57, 17, 34, 51, 11, 28, 45, 5, 22, 39, 18, 35, 52, 12, 29, 46, 6, 23, 40, 19, 36, 53, 13, 30, 47, 7, 24, 41),  ], [  
(1, 16, 12, 8, 4, 19, 15, 11, 7, 3, 18, 14, 10, 6, 2, 17, 13, 9, 5)(20, 35, 31, 27, 23, 38, 34, 30, 26, 22, 37, 33, 29, 25, 21, 36, 32, 28, 
24)(39, 54, 50, 46, 42, 57, 53, 49, 45, 41, 56, 52, 48, 44, 40, 55, 51, 47, 43),  (1, 5, 9, 13, 17, 2, 6, 10, 14, 18, 3, 7, 11, 15, 19, 4, 8, 
12, 16)(20, 24, 28, 32, 36, 21, 25, 29, 33, 37, 22, 26, 30, 34, 38, 23, 27, 31, 35)(39, 43, 47, 51, 55, 40, 44, 48, 52, 56, 41, 45, 49, 53, 
57, 42, 46, 50, 54),  ], [  (1, 24, 47, 13, 36, 40, 6, 29, 52, 18, 22, 45, 11, 34, 57, 4, 27, 50, 16, 20, 43, 9, 32, 55, 2, 25, 48, 14, 37, 
41, 7, 30, 53, 19, 23, 46, 12, 35, 39, 5, 28, 51, 17, 21, 44, 10, 33, 56, 3, 26, 49, 15, 38, 42, 8, 31, 54),  (1, 54, 31, 8, 42, 38, 15, 49, 
26, 3, 56, 33, 10, 44, 21, 17, 51, 28, 5, 39, 35, 12, 46, 23, 19, 53, 30, 7, 41, 37, 14, 48, 25, 2, 55, 32, 9, 43, 20, 16, 50, 27, 4, 57, 34, 
11, 45, 22, 18, 52, 29, 6, 40, 36, 13, 47, 24),  ], [  (1, 35, 50, 8, 23, 57, 15, 30, 45, 3, 37, 52, 10, 25, 40, 17, 32, 47, 5, 20, 54, 12, 
27, 42, 19, 34, 49, 7, 22, 56, 14, 29, 44, 2, 36, 51, 9, 24, 39, 16, 31, 46, 4, 38, 53, 11, 26, 41, 18, 33, 48, 6, 21, 55, 13, 28, 43),  (1, 
43, 28, 13, 55, 21, 6, 48, 33, 18, 41, 26, 11, 53, 38, 4, 46, 31, 16, 39, 24, 9, 51, 36, 2, 44, 29, 14, 56, 22, 7, 49, 34, 19, 42, 27, 12, 54,
20, 5, 47, 32, 17, 40, 25, 10, 52, 37, 3, 45, 30, 15, 57, 23, 8, 50, 35),  ], [  (1, 11, 2, 12, 3, 13, 4, 14, 5, 15, 6, 16, 7, 17, 8, 18, 9, 
19, 10)(20, 30, 21, 31, 22, 32, 23, 33, 24, 34, 25, 35, 26, 36, 27, 37, 28, 38, 29)(39, 49, 40, 50, 41, 51, 42, 52, 43, 53, 44, 54, 45, 55, 
46, 56, 47, 57, 48),  (1, 10, 19, 9, 18, 8, 17, 7, 16, 6, 15, 5, 14, 4, 13, 3, 12, 2, 11)(20, 29, 38, 28, 37, 27, 36, 26, 35, 25, 34, 24, 33, 
23, 32, 22, 31, 21, 30)(39, 48, 57, 47, 56, 46, 55, 45, 54, 44, 53, 43, 52, 42, 51, 41, 50, 40, 49),  ], [  (1, 43, 28, 13, 55, 21, 6, 48, 33,
18, 41, 26, 11, 53, 38, 4, 46, 31, 16, 39, 24, 9, 51, 36, 2, 44, 29, 14, 56, 22, 7, 49, 34, 19, 42, 27, 12, 54, 20, 5, 47, 32, 17, 40, 25, 10,
52, 37, 3, 45, 30, 15, 57, 23, 8, 50, 35),  (1, 35, 50, 8, 23, 57, 15, 30, 45, 3, 37, 52, 10, 25, 40, 17, 32, 47, 5, 20, 54, 12, 27, 42, 19, 
34, 49, 7, 22, 56, 14, 29, 44, 2, 36, 51, 9, 24, 39, 16, 31, 46, 4, 38, 53, 11, 26, 41, 18, 33, 48, 6, 21, 55, 13, 28, 43),  ], [  (1, 54, 31,
8, 42, 38, 15, 49, 26, 3, 56, 33, 10, 44, 21, 17, 51, 28, 5, 39, 35, 12, 46, 23, 19, 53, 30, 7, 41, 37, 14, 48, 25, 2, 55, 32, 9, 43, 20, 16, 
50, 27, 4, 57, 34, 11, 45, 22, 18, 52, 29, 6, 40, 36, 13, 47, 24),  (1, 24, 47, 13, 36, 40, 6, 29, 52, 18, 22, 45, 11, 34, 57, 4, 27, 50, 16, 
20, 43, 9, 32, 55, 2, 25, 48, 14, 37, 41, 7, 30, 53, 19, 23, 46, 12, 35, 39, 5, 28, 51, 17, 21, 44, 10, 33, 56, 3, 26, 49, 15, 38, 42, 8, 31, 
54),  ], [  (1, 10, 19, 9, 18, 8, 17, 7, 16, 6, 15, 5, 14, 4, 13, 3, 12, 2, 11)(20, 29, 38, 28, 37, 27, 36, 26, 35, 25, 34, 24, 33, 23, 32, 
22, 31, 21, 30)(39, 48, 57, 47, 56, 46, 55, 45, 54, 44, 53, 43, 52, 42, 51, 41, 50, 40, 49),  (1, 11, 2, 12, 3, 13, 4, 14, 5, 15, 6, 16, 7, 
17, 8, 18, 9, 19, 10)(20, 30, 21, 31, 22, 32, 23, 33, 24, 34, 25, 35, 26, 36, 27, 37, 28, 38, 29)(39, 49, 40, 50, 41, 51, 42, 52, 43, 53, 44, 
54, 45, 55, 46, 56, 47, 57, 48),  ], [  (1, 30, 40, 12, 22, 51, 4, 33, 43, 15, 25, 54, 7, 36, 46, 18, 28, 57, 10, 20, 49, 2, 31, 41, 13, 23, 
52, 5, 34, 44, 16, 26, 55, 8, 37, 47, 19, 29, 39, 11, 21, 50, 3, 32, 42, 14, 24, 53, 6, 35, 45, 17, 27, 56, 9, 38, 48),  (1, 48, 38, 9, 56, 
27, 17, 45, 35, 6, 53, 24, 14, 42, 32, 3, 50, 21, 11, 39, 29, 19, 47, 37, 8, 55, 26, 16, 44, 34, 5, 52, 23, 13, 41, 31, 2, 49, 20, 10, 57, 28,
18, 46, 36, 7, 54, 25, 15, 43, 33, 4, 51, 22, 12, 40, 30),  ], [  (1, 29, 57, 9, 37, 46, 17, 26, 54, 6, 34, 43, 14, 23, 51, 3, 31, 40, 11, 20,
48, 19, 28, 56, 8, 36, 45, 16, 25, 53, 5, 33, 42, 13, 22, 50, 2, 30, 39, 10, 38, 47, 18, 27, 55, 7, 35, 44, 15, 24, 52, 4, 32, 41, 12, 21, 
49),  (1, 49, 21, 12, 41, 32, 4, 52, 24, 15, 44, 35, 7, 55, 27, 18, 47, 38, 10, 39, 30, 2, 50, 22, 13, 42, 33, 5, 53, 25, 16, 45, 36, 8, 56, 
28, 19, 48, 20, 11, 40, 31, 3, 51, 23, 14, 43, 34, 6, 54, 26, 17, 46, 37, 9, 57, 29),  ], [  (1, 17, 14, 11, 8, 5, 2, 18, 15, 12, 9, 6, 3, 19,
16, 13, 10, 7, 4)(20, 36, 33, 30, 27, 24, 21, 37, 34, 31, 28, 25, 22, 38, 35, 32, 29, 26, 23)(39, 55, 52, 49, 46, 43, 40, 56, 53, 50, 47, 44, 
41, 57, 54, 51, 48, 45, 42),  (1, 4, 7, 10, 13, 16, 19, 3, 6, 9, 12, 15, 18, 2, 5, 8, 11, 14, 17)(20, 23, 26, 29, 32, 35, 38, 22, 25, 28, 31, 
34, 37, 21, 24, 27, 30, 33, 36)(39, 42, 45, 48, 51, 54, 57, 41, 44, 47, 50, 53, 56, 40, 43, 46, 49, 52, 55),  ], [  (1, 49, 21, 12, 41, 32, 4,
52, 24, 15, 44, 35, 7, 55, 27, 18, 47, 38, 10, 39, 30, 2, 50, 22, 13, 42, 33, 5, 53, 25, 16, 45, 36, 8, 56, 28, 19, 48, 20, 11, 40, 31, 3, 51,
23, 14, 43, 34, 6, 54, 26, 17, 46, 37, 9, 57, 29),  (1, 29, 57, 9, 37, 46, 17, 26, 54, 6, 34, 43, 14, 23, 51, 3, 31, 40, 11, 20, 48, 19, 28, 
56, 8, 36, 45, 16, 25, 53, 5, 33, 42, 13, 22, 50, 2, 30, 39, 10, 38, 47, 18, 27, 55, 7, 35, 44, 15, 24, 52, 4, 32, 41, 12, 21, 49),  ], [  (1,
48, 38, 9, 56, 27, 17, 45, 35, 6, 53, 24, 14, 42, 32, 3, 50, 21, 11, 39, 29, 19, 47, 37, 8, 55, 26, 16, 44, 34, 5, 52, 23, 13, 41, 31, 2, 49, 
20, 10, 57, 28, 18, 46, 36, 7, 54, 25, 15, 43, 33, 4, 51, 22, 12, 40, 30),  (1, 30, 40, 12, 22, 51, 4, 33, 43, 15, 25, 54, 7, 36, 46, 18, 28, 
57, 10, 20, 49, 2, 31, 41, 13, 23, 52, 5, 34, 44, 16, 26, 55, 8, 37, 47, 19, 29, 39, 11, 21, 50, 3, 32, 42, 14, 24, 53, 6, 35, 45, 17, 27, 56,
9, 38, 48),  ], [  (1, 4, 7, 10, 13, 16, 19, 3, 6, 9, 12, 15, 18, 2, 5, 8, 11, 14, 17)(20, 23, 26, 29, 32, 35, 38, 22, 25, 28, 31, 34, 37, 21,
24, 27, 30, 33, 36)(39, 42, 45, 48, 51, 54, 57, 41, 44, 47, 50, 53, 56, 40, 43, 46, 49, 52, 55),  (1, 17, 14, 11, 8, 5, 2, 18, 15, 12, 9, 6, 
3, 19, 16, 13, 10, 7, 4)(20, 36, 33, 30, 27, 24, 21, 37, 34, 31, 28, 25, 22, 38, 35, 32, 29, 26, 23)(39, 55, 52, 49, 46, 43, 40, 56, 53, 50, 
47, 44, 41, 57, 54, 51, 48, 45, 42),  ], [  (1, 36, 52, 11, 27, 43, 2, 37, 53, 12, 28, 44, 3, 38, 54, 13, 29, 45, 4, 20, 55, 14, 30, 46, 5, 
21, 56, 15, 31, 47, 6, 22, 57, 16, 32, 48, 7, 23, 39, 17, 33, 49, 8, 24, 40, 18, 34, 50, 9, 25, 41, 19, 35, 51, 10, 26, 42),  (1, 42, 26, 10, 
51, 35, 19, 41, 25, 9, 50, 34, 18, 40, 24, 8, 49, 33, 17, 39, 23, 7, 48, 32, 16, 57, 22, 6, 47, 31, 15, 56, 21, 5, 46, 30, 14, 55, 20, 4, 45, 
29, 13, 54, 38, 3, 44, 28, 12, 53, 37, 2, 43, 27, 11, 52, 36),  ], [  (1, 23, 45, 10, 32, 54, 19, 22, 44, 9, 31, 53, 18, 21, 43, 8, 30, 52, 
17, 20, 42, 7, 29, 51, 16, 38, 41, 6, 28, 50, 15, 37, 40, 5, 27, 49, 14, 36, 39, 4, 26, 48, 13, 35, 57, 3, 25, 47, 12, 34, 56, 2, 24, 46, 11, 
33, 55),  (1, 55, 33, 11, 46, 24, 2, 56, 34, 12, 47, 25, 3, 57, 35, 13, 48, 26, 4, 39, 36, 14, 49, 27, 5, 40, 37, 15, 50, 28, 6, 41, 38, 16, 
51, 29, 7, 42, 20, 17, 52, 30, 8, 43, 21, 18, 53, 31, 9, 44, 22, 19, 54, 32, 10, 45, 23),  ], [  (1, 55, 33, 11, 46, 24, 2, 56, 34, 12, 47, 
25, 3, 57, 35, 13, 48, 26, 4, 39, 36, 14, 49, 27, 5, 40, 37, 15, 50, 28, 6, 41, 38, 16, 51, 29, 7, 42, 20, 17, 52, 30, 8, 43, 21, 18, 53, 31, 
9, 44, 22, 19, 54, 32, 10, 45, 23),  (1, 23, 45, 10, 32, 54, 19, 22, 44, 9, 31, 53, 18, 21, 43, 8, 30, 52, 17, 20, 42, 7, 29, 51, 16, 38, 41, 
6, 28, 50, 15, 37, 40, 5, 27, 49, 14, 36, 39, 4, 26, 48, 13, 35, 57, 3, 25, 47, 12, 34, 56, 2, 24, 46, 11, 33, 55),  ], [  (1, 42, 26, 10, 51,
35, 19, 41, 25, 9, 50, 34, 18, 40, 24, 8, 49, 33, 17, 39, 23, 7, 48, 32, 16, 57, 22, 6, 47, 31, 15, 56, 21, 5, 46, 30, 14, 55, 20, 4, 45, 29, 
13, 54, 38, 3, 44, 28, 12, 53, 37, 2, 43, 27, 11, 52, 36),  (1, 36, 52, 11, 27, 43, 2, 37, 53, 12, 28, 44, 3, 38, 54, 13, 29, 45, 4, 20, 55, 
14, 30, 46, 5, 21, 56, 15, 31, 47, 6, 22, 57, 16, 32, 48, 7, 23, 39, 17, 33, 49, 8, 24, 40, 18, 34, 50, 9, 25, 41, 19, 35, 51, 10, 26, 42),  
], ]
);

BRACES[57].brace[2] := rec ( size := 57, perms := [ [  (),  (),  ], [  (1, 20, 39)(2, 21, 40)(3, 22, 41)(4, 23, 42)(5, 24, 43)(6, 25, 44)(7, 
26, 45)(8, 27, 46)(9, 28, 47)(10, 29, 48)(11, 30, 49)(12, 31, 50)(13, 32, 51)(14, 33, 52)(15, 34, 53)(16, 35, 54)(17, 36, 55)(18, 37, 56)(19, 
38, 57),  (1, 39, 20)(2, 50, 27)(3, 42, 34)(4, 53, 22)(5, 45, 29)(6, 56, 36)(7, 48, 24)(8, 40, 31)(9, 51, 38)(10, 43, 26)(11, 54, 33)(12, 46, 
21)(13, 57, 28)(14, 49, 35)(15, 41, 23)(16, 52, 30)(17, 44, 37)(18, 55, 25)(19, 47, 32),  ], [  (1, 7, 13, 19, 6, 12, 18, 5, 11, 17, 4, 10, 
16, 3, 9, 15, 2, 8, 14)(20, 26, 32, 38, 25, 31, 37, 24, 30, 36, 23, 29, 35, 22, 28, 34, 21, 27, 33)(39, 45, 51, 57, 44, 50, 56, 43, 49, 55, 
42, 48, 54, 41, 47, 53, 40, 46, 52),  (1, 14, 8, 2, 15, 9, 3, 16, 10, 4, 17, 11, 5, 18, 12, 6, 19, 13, 7)(20, 33, 27, 21, 34, 28, 22, 35, 29, 
23, 36, 30, 24, 37, 31, 25, 38, 32, 26)(39, 52, 46, 40, 53, 47, 41, 54, 48, 42, 55, 49, 43, 56, 50, 44, 57, 51, 45),  ], [  (1, 39, 20)(2, 40,
21)(3, 41, 22)(4, 42, 23)(5, 43, 24)(6, 44, 25)(7, 45, 26)(8, 46, 27)(9, 47, 28)(10, 48, 29)(11, 49, 30)(12, 50, 31)(13, 51, 32)(14, 52, 
33)(15, 53, 34)(16, 54, 35)(17, 55, 36)(18, 56, 37)(19, 57, 38),  (1, 20, 39)(2, 27, 50)(3, 34, 42)(4, 22, 53)(5, 29, 45)(6, 36, 56)(7, 24, 
48)(8, 31, 40)(9, 38, 51)(10, 26, 43)(11, 33, 54)(12, 21, 46)(13, 28, 57)(14, 35, 49)(15, 23, 41)(16, 30, 52)(17, 37, 44)(18, 25, 55)(19, 32, 
47),  ], [  (1, 14, 8, 2, 15, 9, 3, 16, 10, 4, 17, 11, 5, 18, 12, 6, 19, 13, 7)(20, 33, 27, 21, 34, 28, 22, 35, 29, 23, 36, 30, 24, 37, 31, 
25, 38, 32, 26)(39, 52, 46, 40, 53, 47, 41, 54, 48, 42, 55, 49, 43, 56, 50, 44, 57, 51, 45),  (1, 7, 13, 19, 6, 12, 18, 5, 11, 17, 4, 10, 16, 
3, 9, 15, 2, 8, 14)(20, 26, 32, 38, 25, 31, 37, 24, 30, 36, 23, 29, 35, 22, 28, 34, 21, 27, 33)(39, 45, 51, 57, 44, 50, 56, 43, 49, 55, 42, 
48, 54, 41, 47, 53, 40, 46, 52),  ], [  (1, 24, 47, 13, 36, 40, 6, 29, 52, 18, 22, 45, 11, 34, 57, 4, 27, 50, 16, 20, 43, 9, 32, 55, 2, 25, 
48, 14, 37, 41, 7, 30, 53, 19, 23, 46, 12, 35, 39, 5, 28, 51, 17, 21, 44, 10, 33, 56, 3, 26, 49, 15, 38, 42, 8, 31, 54),  (1, 52, 24)(2, 44, 
31)(3, 55, 38)(4, 47, 26)(5, 39, 33)(6, 50, 21)(7, 42, 28)(8, 53, 35)(9, 45, 23)(10, 56, 30)(11, 48, 37)(12, 40, 25)(13, 51, 32)(14, 43, 
20)(15, 54, 27)(16, 46, 34)(17, 57, 22)(18, 49, 29)(19, 41, 36),  ], [  (1, 35, 50, 8, 23, 57, 15, 30, 45, 3, 37, 52, 10, 25, 40, 17, 32, 47, 
5, 20, 54, 12, 27, 42, 19, 34, 49, 7, 22, 56, 14, 29, 44, 2, 36, 51, 9, 24, 39, 16, 31, 46, 4, 38, 53, 11, 26, 41, 18, 33, 48, 6, 21, 55, 13, 
28, 43),  (1, 45, 35)(2, 56, 23)(3, 48, 30)(4, 40, 37)(5, 51, 25)(6, 43, 32)(7, 54, 20)(8, 46, 27)(9, 57, 34)(10, 49, 22)(11, 41, 29)(12, 52, 
36)(13, 44, 24)(14, 55, 31)(15, 47, 38)(16, 39, 26)(17, 50, 33)(18, 42, 21)(19, 53, 28),  ], [  (1, 26, 51, 19, 25, 50, 18, 24, 49, 17, 23, 
48, 16, 22, 47, 15, 21, 46, 14, 20, 45, 13, 38, 44, 12, 37, 43, 11, 36, 42, 10, 35, 41, 9, 34, 40, 8, 33, 39, 7, 32, 57, 6, 31, 56, 5, 30, 55,
4, 29, 54, 3, 28, 53, 2, 27, 52),  (1, 49, 26)(2, 41, 33)(3, 52, 21)(4, 44, 28)(5, 55, 35)(6, 47, 23)(7, 39, 30)(8, 50, 37)(9, 42, 25)(10, 53,
32)(11, 45, 20)(12, 56, 27)(13, 48, 34)(14, 40, 22)(15, 51, 29)(16, 43, 36)(17, 54, 24)(18, 46, 31)(19, 57, 38),  ], [  (1, 13, 6, 18, 11, 4, 
16, 9, 2, 14, 7, 19, 12, 5, 17, 10, 3, 15, 8)(20, 32, 25, 37, 30, 23, 35, 28, 21, 33, 26, 38, 31, 24, 36, 29, 22, 34, 27)(39, 51, 44, 56, 49, 
42, 54, 47, 40, 52, 45, 57, 50, 43, 55, 48, 41, 53, 46),  (1, 8, 15, 3, 10, 17, 5, 12, 19, 7, 14, 2, 9, 16, 4, 11, 18, 6, 13)(20, 27, 34, 22, 
29, 36, 24, 31, 38, 26, 33, 21, 28, 35, 23, 30, 37, 25, 32)(39, 46, 53, 41, 48, 55, 43, 50, 57, 45, 52, 40, 47, 54, 42, 49, 56, 44, 51),  ], [
(1, 45, 32, 19, 44, 31, 18, 43, 30, 17, 42, 29, 16, 41, 28, 15, 40, 27, 14, 39, 26, 13, 57, 25, 12, 56, 24, 11, 55, 23, 10, 54, 22, 9, 53, 21,
8, 52, 20, 7, 51, 38, 6, 50, 37, 5, 49, 36, 4, 48, 35, 3, 47, 34, 2, 46, 33),  (1, 35, 45)(2, 23, 56)(3, 30, 48)(4, 37, 40)(5, 25, 51)(6, 32, 
43)(7, 20, 54)(8, 27, 46)(9, 34, 57)(10, 22, 49)(11, 29, 41)(12, 36, 52)(13, 24, 44)(14, 31, 55)(15, 38, 47)(16, 26, 39)(17, 33, 50)(18, 21, 
42)(19, 28, 53),  ], [  (1, 48, 38, 9, 56, 27, 17, 45, 35, 6, 53, 24, 14, 42, 32, 3, 50, 21, 11, 39, 29, 19, 47, 37, 8, 55, 26, 16, 44, 34, 5,
52, 23, 13, 41, 31, 2, 49, 20, 10, 57, 28, 18, 46, 36, 7, 54, 25, 15, 43, 33, 4, 51, 22, 12, 40, 30),  (1, 33, 48)(2, 21, 40)(3, 28, 51)(4, 
35, 43)(5, 23, 54)(6, 30, 46)(7, 37, 57)(8, 25, 49)(9, 32, 41)(10, 20, 52)(11, 27, 44)(12, 34, 55)(13, 22, 47)(14, 29, 39)(15, 36, 50)(16, 24,
42)(17, 31, 53)(18, 38, 45)(19, 26, 56),  ], [  (1, 49, 21, 12, 41, 32, 4, 52, 24, 15, 44, 35, 7, 55, 27, 18, 47, 38, 10, 39, 30, 2, 50, 22, 
13, 42, 33, 5, 53, 25, 16, 45, 36, 8, 56, 28, 19, 48, 20, 11, 40, 31, 3, 51, 23, 14, 43, 34, 6, 54, 26, 17, 46, 37, 9, 57, 29),  (1, 26, 
49)(2, 33, 41)(3, 21, 52)(4, 28, 44)(5, 35, 55)(6, 23, 47)(7, 30, 39)(8, 37, 50)(9, 25, 42)(10, 32, 53)(11, 20, 45)(12, 27, 56)(13, 34, 
48)(14, 22, 40)(15, 29, 51)(16, 36, 43)(17, 24, 54)(18, 31, 46)(19, 38, 57),  ], [  (1, 33, 46, 2, 34, 47, 3, 35, 48, 4, 36, 49, 5, 37, 50, 6,
38, 51, 7, 20, 52, 8, 21, 53, 9, 22, 54, 10, 23, 55, 11, 24, 56, 12, 25, 57, 13, 26, 39, 14, 27, 40, 15, 28, 41, 16, 29, 42, 17, 30, 43, 18, 
31, 44, 19, 32, 45),  (1, 48, 33)(2, 40, 21)(3, 51, 28)(4, 43, 35)(5, 54, 23)(6, 46, 30)(7, 57, 37)(8, 49, 25)(9, 41, 32)(10, 52, 20)(11, 44, 
27)(12, 55, 34)(13, 47, 22)(14, 39, 29)(15, 50, 36)(16, 42, 24)(17, 53, 31)(18, 45, 38)(19, 56, 26),  ], [  (1, 52, 27, 2, 53, 28, 3, 54, 29, 
4, 55, 30, 5, 56, 31, 6, 57, 32, 7, 39, 33, 8, 40, 34, 9, 41, 35, 10, 42, 36, 11, 43, 37, 12, 44, 38, 13, 45, 20, 14, 46, 21, 15, 47, 22, 16, 
48, 23, 17, 49, 24, 18, 50, 25, 19, 51, 26),  (1, 24, 52)(2, 31, 44)(3, 38, 55)(4, 26, 47)(5, 33, 39)(6, 21, 50)(7, 28, 42)(8, 35, 53)(9, 23, 
45)(10, 30, 56)(11, 37, 48)(12, 25, 40)(13, 32, 51)(14, 20, 43)(15, 27, 54)(16, 34, 46)(17, 22, 57)(18, 29, 49)(19, 36, 41),  ], [  (1, 8, 15,
3, 10, 17, 5, 12, 19, 7, 14, 2, 9, 16, 4, 11, 18, 6, 13)(20, 27, 34, 22, 29, 36, 24, 31, 38, 26, 33, 21, 28, 35, 23, 30, 37, 25, 32)(39, 46, 
53, 41, 48, 55, 43, 50, 57, 45, 52, 40, 47, 54, 42, 49, 56, 44, 51),  (1, 13, 6, 18, 11, 4, 16, 9, 2, 14, 7, 19, 12, 5, 17, 10, 3, 15, 8)(20, 
32, 25, 37, 30, 23, 35, 28, 21, 33, 26, 38, 31, 24, 36, 29, 22, 34, 27)(39, 51, 44, 56, 49, 42, 54, 47, 40, 52, 45, 57, 50, 43, 55, 48, 41, 
53, 46),  ], [  (1, 43, 28, 13, 55, 21, 6, 48, 33, 18, 41, 26, 11, 53, 38, 4, 46, 31, 16, 39, 24, 9, 51, 36, 2, 44, 29, 14, 56, 22, 7, 49, 34,
19, 42, 27, 12, 54, 20, 5, 47, 32, 17, 40, 25, 10, 52, 37, 3, 45, 30, 15, 57, 23, 8, 50, 35),  (1, 30, 43)(2, 37, 54)(3, 25, 46)(4, 32, 57)(5,
20, 49)(6, 27, 41)(7, 34, 52)(8, 22, 44)(9, 29, 55)(10, 36, 47)(11, 24, 39)(12, 31, 50)(13, 38, 42)(14, 26, 53)(15, 33, 45)(16, 21, 56)(17, 
28, 48)(18, 35, 40)(19, 23, 51),  ], [  (1, 28, 55, 6, 33, 41, 11, 38, 46, 16, 24, 51, 2, 29, 56, 7, 34, 42, 12, 20, 47, 17, 25, 52, 3, 30, 
57, 8, 35, 43, 13, 21, 48, 18, 26, 53, 4, 31, 39, 9, 36, 44, 14, 22, 49, 19, 27, 54, 5, 32, 40, 10, 37, 45, 15, 23, 50),  (1, 46, 28)(2, 57, 
35)(3, 49, 23)(4, 41, 30)(5, 52, 37)(6, 44, 25)(7, 55, 32)(8, 47, 20)(9, 39, 27)(10, 50, 34)(11, 42, 22)(12, 53, 29)(13, 45, 36)(14, 56, 
24)(15, 48, 31)(16, 40, 38)(17, 51, 26)(18, 43, 33)(19, 54, 21),  ], [  (1, 5, 9, 13, 17, 2, 6, 10, 14, 18, 3, 7, 11, 15, 19, 4, 8, 12, 
16)(20, 24, 28, 32, 36, 21, 25, 29, 33, 37, 22, 26, 30, 34, 38, 23, 27, 31, 35)(39, 43, 47, 51, 55, 40, 44, 48, 52, 56, 41, 45, 49, 53, 57, 
42, 46, 50, 54),  (1, 16, 12, 8, 4, 19, 15, 11, 7, 3, 18, 14, 10, 6, 2, 17, 13, 9, 5)(20, 35, 31, 27, 23, 38, 34, 30, 26, 22, 37, 33, 29, 25, 
21, 36, 32, 28, 24)(39, 54, 50, 46, 42, 57, 53, 49, 45, 41, 56, 52, 48, 44, 40, 55, 51, 47, 43),  ], [  (1, 54, 31, 8, 42, 38, 15, 49, 26, 3, 
56, 33, 10, 44, 21, 17, 51, 28, 5, 39, 35, 12, 46, 23, 19, 53, 30, 7, 41, 37, 14, 48, 25, 2, 55, 32, 9, 43, 20, 16, 50, 27, 4, 57, 34, 11, 45,
22, 18, 52, 29, 6, 40, 36, 13, 47, 24),  (1, 29, 54)(2, 36, 46)(3, 24, 57)(4, 31, 49)(5, 38, 41)(6, 26, 52)(7, 33, 44)(8, 21, 55)(9, 28, 
47)(10, 35, 39)(11, 23, 50)(12, 30, 42)(13, 37, 53)(14, 25, 45)(15, 32, 56)(16, 20, 48)(17, 27, 40)(18, 34, 51)(19, 22, 43),  ], [  (1, 16, 
12, 8, 4, 19, 15, 11, 7, 3, 18, 14, 10, 6, 2, 17, 13, 9, 5)(20, 35, 31, 27, 23, 38, 34, 30, 26, 22, 37, 33, 29, 25, 21, 36, 32, 28, 24)(39, 
54, 50, 46, 42, 57, 53, 49, 45, 41, 56, 52, 48, 44, 40, 55, 51, 47, 43),  (1, 5, 9, 13, 17, 2, 6, 10, 14, 18, 3, 7, 11, 15, 19, 4, 8, 12, 
16)(20, 24, 28, 32, 36, 21, 25, 29, 33, 37, 22, 26, 30, 34, 38, 23, 27, 31, 35)(39, 43, 47, 51, 55, 40, 44, 48, 52, 56, 41, 45, 49, 53, 57, 
42, 46, 50, 54),  ], [  (1, 31, 42, 15, 26, 56, 10, 21, 51, 5, 35, 46, 19, 30, 41, 14, 25, 55, 9, 20, 50, 4, 34, 45, 18, 29, 40, 13, 24, 54, 
8, 38, 49, 3, 33, 44, 17, 28, 39, 12, 23, 53, 7, 37, 48, 2, 32, 43, 16, 27, 57, 11, 22, 52, 6, 36, 47),  (1, 51, 31)(2, 43, 38)(3, 54, 26)(4, 
46, 33)(5, 57, 21)(6, 49, 28)(7, 41, 35)(8, 52, 23)(9, 44, 30)(10, 55, 37)(11, 47, 25)(12, 39, 32)(13, 50, 20)(14, 42, 27)(15, 53, 34)(16, 45,
22)(17, 56, 29)(18, 48, 36)(19, 40, 24),  ], [  (1, 30, 40, 12, 22, 51, 4, 33, 43, 15, 25, 54, 7, 36, 46, 18, 28, 57, 10, 20, 49, 2, 31, 41, 
13, 23, 52, 5, 34, 44, 16, 26, 55, 8, 37, 47, 19, 29, 39, 11, 21, 50, 3, 32, 42, 14, 24, 53, 6, 35, 45, 17, 27, 56, 9, 38, 48),  (1, 43, 
30)(2, 54, 37)(3, 46, 25)(4, 57, 32)(5, 49, 20)(6, 41, 27)(7, 52, 34)(8, 44, 22)(9, 55, 29)(10, 47, 36)(11, 39, 24)(12, 50, 31)(13, 42, 
38)(14, 53, 26)(15, 45, 33)(16, 56, 21)(17, 48, 28)(18, 40, 35)(19, 51, 23),  ], [  (1, 22, 43, 7, 28, 49, 13, 34, 55, 19, 21, 42, 6, 27, 48, 
12, 33, 54, 18, 20, 41, 5, 26, 47, 11, 32, 53, 17, 38, 40, 4, 25, 46, 10, 31, 52, 16, 37, 39, 3, 24, 45, 9, 30, 51, 15, 36, 57, 2, 23, 44, 8, 
29, 50, 14, 35, 56),  (1, 55, 22)(2, 47, 29)(3, 39, 36)(4, 50, 24)(5, 42, 31)(6, 53, 38)(7, 45, 26)(8, 56, 33)(9, 48, 21)(10, 40, 28)(11, 51, 
35)(12, 43, 23)(13, 54, 30)(14, 46, 37)(15, 57, 25)(16, 49, 32)(17, 41, 20)(18, 52, 27)(19, 44, 34),  ], [  (1, 32, 44, 18, 30, 42, 16, 28, 
40, 14, 26, 57, 12, 24, 55, 10, 22, 53, 8, 20, 51, 6, 37, 49, 4, 35, 47, 2, 33, 45, 19, 31, 43, 17, 29, 41, 15, 27, 39, 13, 25, 56, 11, 23, 
54, 9, 21, 52, 7, 38, 50, 5, 36, 48, 3, 34, 46),  (1, 40, 32)(2, 51, 20)(3, 43, 27)(4, 54, 34)(5, 46, 22)(6, 57, 29)(7, 49, 36)(8, 41, 24)(9, 
52, 31)(10, 44, 38)(11, 55, 26)(12, 47, 33)(13, 39, 21)(14, 50, 28)(15, 42, 35)(16, 53, 23)(17, 45, 30)(18, 56, 37)(19, 48, 25),  ], [  (1, 
19, 18, 17, 16, 15, 14, 13, 12, 11, 10, 9, 8, 7, 6, 5, 4, 3, 2)(20, 38, 37, 36, 35, 34, 33, 32, 31, 30, 29, 28, 27, 26, 25, 24, 23, 22, 
21)(39, 57, 56, 55, 54, 53, 52, 51, 50, 49, 48, 47, 46, 45, 44, 43, 42, 41, 40),  (1, 2, 3, 4, 5, 6, 7, 8, 9, 10, 11, 12, 13, 14, 15, 16, 17, 
18, 19)(20, 21, 22, 23, 24, 25, 26, 27, 28, 29, 30, 31, 32, 33, 34, 35, 36, 37, 38)(39, 40, 41, 42, 43, 44, 45, 46, 47, 48, 49, 50, 51, 52, 
53, 54, 55, 56, 57),  ], [  (1, 51, 25, 18, 49, 23, 16, 47, 21, 14, 45, 38, 12, 43, 36, 10, 41, 34, 8, 39, 32, 6, 56, 30, 4, 54, 28, 2, 52, 
26, 19, 50, 24, 17, 48, 22, 15, 46, 20, 13, 44, 37, 11, 42, 35, 9, 40, 33, 7, 57, 31, 5, 55, 29, 3, 53, 27),  (1, 31, 51)(2, 38, 43)(3, 26, 
54)(4, 33, 46)(5, 21, 57)(6, 28, 49)(7, 35, 41)(8, 23, 52)(9, 30, 44)(10, 37, 55)(11, 25, 47)(12, 32, 39)(13, 20, 50)(14, 27, 42)(15, 34, 
53)(16, 22, 45)(17, 29, 56)(18, 36, 48)(19, 24, 40),  ], [  (1, 55, 33, 11, 46, 24, 2, 56, 34, 12, 47, 25, 3, 57, 35, 13, 48, 26, 4, 39, 36, 
14, 49, 27, 5, 40, 37, 15, 50, 28, 6, 41, 38, 16, 51, 29, 7, 42, 20, 17, 52, 30, 8, 43, 21, 18, 53, 31, 9, 44, 22, 19, 54, 32, 10, 45, 23),  
(1, 22, 55)(2, 29, 47)(3, 36, 39)(4, 24, 50)(5, 31, 42)(6, 38, 53)(7, 26, 45)(8, 33, 56)(9, 21, 48)(10, 28, 40)(11, 35, 51)(12, 23, 43)(13, 
30, 54)(14, 37, 46)(15, 25, 57)(16, 32, 49)(17, 20, 41)(18, 27, 52)(19, 34, 44),  ], [  (1, 10, 19, 9, 18, 8, 17, 7, 16, 6, 15, 5, 14, 4, 13, 
3, 12, 2, 11)(20, 29, 38, 28, 37, 27, 36, 26, 35, 25, 34, 24, 33, 23, 32, 22, 31, 21, 30)(39, 48, 57, 47, 56, 46, 55, 45, 54, 44, 53, 43, 52, 
42, 51, 41, 50, 40, 49),  (1, 11, 2, 12, 3, 13, 4, 14, 5, 15, 6, 16, 7, 17, 8, 18, 9, 19, 10)(20, 30, 21, 31, 22, 32, 23, 33, 24, 34, 25, 35, 
26, 36, 27, 37, 28, 38, 29)(39, 49, 40, 50, 41, 51, 42, 52, 43, 53, 44, 54, 45, 55, 46, 56, 47, 57, 48),  ], [  (1, 57, 37, 17, 54, 34, 14, 
51, 31, 11, 48, 28, 8, 45, 25, 5, 42, 22, 2, 39, 38, 18, 55, 35, 15, 52, 32, 12, 49, 29, 9, 46, 26, 6, 43, 23, 3, 40, 20, 19, 56, 36, 16, 53, 
33, 13, 50, 30, 10, 47, 27, 7, 44, 24, 4, 41, 21),  (1, 27, 57)(2, 34, 49)(3, 22, 41)(4, 29, 52)(5, 36, 44)(6, 24, 55)(7, 31, 47)(8, 38, 
39)(9, 26, 50)(10, 33, 42)(11, 21, 53)(12, 28, 45)(13, 35, 56)(14, 23, 48)(15, 30, 40)(16, 37, 51)(17, 25, 43)(18, 32, 54)(19, 20, 46),  ], [ 
(1, 29, 57, 9, 37, 46, 17, 26, 54, 6, 34, 43, 14, 23, 51, 3, 31, 40, 11, 20, 48, 19, 28, 56, 8, 36, 45, 16, 25, 53, 5, 33, 42, 13, 22, 50, 2, 
30, 39, 10, 38, 47, 18, 27, 55, 7, 35, 44, 15, 24, 52, 4, 32, 41, 12, 21, 49),  (1, 54, 29)(2, 46, 36)(3, 57, 24)(4, 49, 31)(5, 41, 38)(6, 52,
26)(7, 44, 33)(8, 55, 21)(9, 47, 28)(10, 39, 35)(11, 50, 23)(12, 42, 30)(13, 53, 37)(14, 45, 25)(15, 56, 32)(16, 48, 20)(17, 40, 27)(18, 51, 
34)(19, 43, 22),  ], [  (1, 11, 2, 12, 3, 13, 4, 14, 5, 15, 6, 16, 7, 17, 8, 18, 9, 19, 10)(20, 30, 21, 31, 22, 32, 23, 33, 24, 34, 25, 35, 
26, 36, 27, 37, 28, 38, 29)(39, 49, 40, 50, 41, 51, 42, 52, 43, 53, 44, 54, 45, 55, 46, 56, 47, 57, 48),  (1, 10, 19, 9, 18, 8, 17, 7, 16, 6, 
15, 5, 14, 4, 13, 3, 12, 2, 11)(20, 29, 38, 28, 37, 27, 36, 26, 35, 25, 34, 24, 33, 23, 32, 22, 31, 21, 30)(39, 48, 57, 47, 56, 46, 55, 45, 
54, 44, 53, 43, 52, 42, 51, 41, 50, 40, 49),  ], [  (1, 40, 22, 4, 43, 25, 7, 46, 28, 10, 49, 31, 13, 52, 34, 16, 55, 37, 19, 39, 21, 3, 42, 
24, 6, 45, 27, 9, 48, 30, 12, 51, 33, 15, 54, 36, 18, 57, 20, 2, 41, 23, 5, 44, 26, 8, 47, 29, 11, 50, 32, 14, 53, 35, 17, 56, 38),  (1, 32, 
40)(2, 20, 51)(3, 27, 43)(4, 34, 54)(5, 22, 46)(6, 29, 57)(7, 36, 49)(8, 24, 41)(9, 31, 52)(10, 38, 44)(11, 26, 55)(12, 33, 47)(13, 21, 
39)(14, 28, 50)(15, 35, 42)(16, 23, 53)(17, 30, 45)(18, 37, 56)(19, 25, 48),  ], [  (1, 37, 54, 14, 31, 48, 8, 25, 42, 2, 38, 55, 15, 32, 49, 
9, 26, 43, 3, 20, 56, 16, 33, 50, 10, 27, 44, 4, 21, 57, 17, 34, 51, 11, 28, 45, 5, 22, 39, 18, 35, 52, 12, 29, 46, 6, 23, 40, 19, 36, 53, 13,
30, 47, 7, 24, 41),  (1, 42, 37)(2, 53, 25)(3, 45, 32)(4, 56, 20)(5, 48, 27)(6, 40, 34)(7, 51, 22)(8, 43, 29)(9, 54, 36)(10, 46, 24)(11, 57, 
