## size 56
BRACES[56] := rec( total := -1, implemented := 91, size := 56, brace := [] );
BRACES[56].brace[1] := rec ( size := 56, perms :=
[ [ (), () ], 
  [ ( 8,12)( 9,13)(10,14)(11,15), ( 1, 3)( 2, 6)( 4, 9)( 5,11)( 7,13)( 8,15)
        (10,17)(12,20)(14,22)(16,24)(18,26)(19,28)(21,30)(23,32)(25,34)(27,36)
        (29,38)(31,39)(33,41)(35,43)(37,45)(40,47)(42,49)(44,50)(46,52)(48,53)
        (51,55)(54,56) ], 
  [ ( 8,14,12,10)( 9,15,13,11), ( 1,13, 3, 7)( 2,53, 6,48)( 4,26, 9,18)
        ( 5,49,11,42)( 8,56,15,54)(10,43,17,35)(12,31,20,39)(14,55,22,51)
        (16,36,24,27)(19,23,28,32)(21,52,30,46)(25,44,34,50)(29,47,38,40)
        (33,37,41,45) ], 
  [ ( 8,10,12,14)( 9,11,13,15), ( 1, 7, 3,13)( 2,48, 6,53)( 4,18, 9,26)
        ( 5,42,11,49)( 8,54,15,56)(10,35,17,43)(12,39,20,31)(14,51,22,55)
        (16,27,24,36)(19,32,28,23)(21,46,30,52)(25,50,34,44)(29,40,38,47)
        (33,45,41,37) ], 
  [ (1,2,3,4,5,6,7), ( 1,31,23,16,10, 5, 2)( 3,39,32,24,17,11, 6)
        ( 4,44,37,29,21,14, 8)( 7,48,42,35,27,19,12)( 9,50,45,38,30,22,15)
        (13,53,49,43,36,28,20)(18,54,51,46,40,33,25)(26,56,55,52,47,41,34) ], 
  [ ( 1, 2, 3, 4, 5, 6, 7)( 8,12)( 9,13)(10,14)(11,15), 
      ( 1,39,23,24,10,11, 2, 3,31,32,16,17, 5, 6)( 4,50,37,38,21,22, 8, 9,44,
         45,29,30,14,15)( 7,53,42,43,27,28,12,13,48,49,35,36,19,20)
        (18,56,51,52,40,41,25,26,54,55,46,47,33,34) ], 
  [ ( 1, 2, 3, 4, 5, 6, 7)( 8,14,12,10)( 9,15,13,11), 
      ( 1,53, 3,48)( 2,49, 6,42)( 4,56, 9,54)( 5,43,11,35)( 7,31,13,39)
        ( 8,55,15,51)(10,36,17,27)(12,23,20,32)(14,52,22,46)(16,28,24,19)
        (18,44,26,50)(21,47,30,40)(25,37,34,45)(29,41,38,33) ], 
  [ ( 1, 2, 3, 4, 5, 6, 7)( 8,10,12,14)( 9,11,13,15), 
      ( 1,48, 3,53)( 2,42, 6,49)( 4,54, 9,56)( 5,35,11,43)( 7,39,13,31)
        ( 8,51,15,55)(10,27,17,36)(12,32,20,23)(14,46,22,52)(16,19,24,28)
        (18,50,26,44)(21,40,30,47)(25,45,34,37)(29,33,38,41) ], 
  [ (1,3,5,7,2,4,6), ( 1,23,10, 2,31,16, 5)( 3,32,17, 6,39,24,11)
        ( 4,37,21, 8,44,29,14)( 7,42,27,12,48,35,19)( 9,45,30,15,50,38,22)
        (13,49,36,20,53,43,28)(18,51,40,25,54,46,33)(26,55,47,34,56,52,41) ], 
  [ ( 1, 3, 5, 7, 2, 4, 6)( 8,12)( 9,13)(10,14)(11,15), 
      ( 1,32,10, 6,31,24, 5, 3,23,17, 2,39,16,11)( 4,45,21,15,44,38,14, 9,37,
         30, 8,50,29,22)( 7,49,27,20,48,43,19,13,42,36,12,53,35,28)
        (18,55,40,34,54,52,33,26,51,47,25,56,46,41) ], 
  [ ( 1, 3, 5, 7, 2, 4, 6)( 8,14,12,10)( 9,15,13,11), 
      ( 1,49, 3,42)( 2,43, 6,35)( 4,55, 9,51)( 5,36,11,27)( 7,23,13,32)
        ( 8,52,15,46)(10,28,17,19)(12,16,20,24)(14,47,22,40)(18,37,26,45)
        (21,41,30,33)(25,29,34,38)(31,53,39,48)(44,56,50,54) ], 
  [ ( 1, 3, 5, 7, 2, 4, 6)( 8,10,12,14)( 9,11,13,15), 
      ( 1,42, 3,49)( 2,35, 6,43)( 4,51, 9,55)( 5,27,11,36)( 7,32,13,23)
        ( 8,46,15,52)(10,19,17,28)(12,24,20,16)(14,40,22,47)(18,45,26,37)
        (21,33,30,41)(25,38,34,29)(31,48,39,53)(44,54,50,56) ], 
  [ (1,4,7,3,6,2,5), ( 1,16, 2,23, 5,31,10)( 3,24, 6,32,11,39,17)
        ( 4,29, 8,37,14,44,21)( 7,35,12,42,19,48,27)( 9,38,15,45,22,50,30)
        (13,43,20,49,28,53,36)(18,46,25,51,33,54,40)(26,52,34,55,41,56,47) ], 
  [ ( 1, 4, 7, 3, 6, 2, 5)( 8,12)( 9,13)(10,14)(11,15), 
      ( 1,24, 2,32, 5,39,10, 3,16, 6,23,11,31,17)( 4,38, 8,45,14,50,21, 9,29,
         15,37,22,44,30)( 7,43,12,49,19,53,27,13,35,20,42,28,48,36)
        (18,52,25,55,33,56,40,26,46,34,51,41,54,47) ], 
  [ ( 1, 4, 7, 3, 6, 2, 5)( 8,14,12,10)( 9,15,13,11), 
      ( 1,43, 3,35)( 2,36, 6,27)( 4,52, 9,46)( 5,28,11,19)( 7,16,13,24)
        ( 8,47,15,40)(10,20,17,12)(14,41,22,33)(18,29,26,38)(21,34,30,25)
        (23,53,32,48)(31,49,39,42)(37,56,45,54)(44,55,50,51) ], 
  [ ( 1, 4, 7, 3, 6, 2, 5)( 8,10,12,14)( 9,11,13,15), 
      ( 1,35, 3,43)( 2,27, 6,36)( 4,46, 9,52)( 5,19,11,28)( 7,24,13,16)
        ( 8,40,15,47)(10,12,17,20)(14,33,22,41)(18,38,26,29)(21,25,30,34)
        (23,48,32,53)(31,42,39,49)(37,54,45,56)(44,51,50,55) ], 
  [ (1,5,2,6,3,7,4), ( 1,10,31, 5,23, 2,16)( 3,17,39,11,32, 6,24)
        ( 4,21,44,14,37, 8,29)( 7,27,48,19,42,12,35)( 9,30,50,22,45,15,38)
        (13,36,53,28,49,20,43)(18,40,54,33,51,25,46)(26,47,56,41,55,34,52) ], 
  [ ( 1, 5, 2, 6, 3, 7, 4)( 8,12)( 9,13)(10,14)(11,15), 
      ( 1,17,31,11,23, 6,16, 3,10,39, 5,32, 2,24)( 4,30,44,22,37,15,29, 9,21,
         50,14,45, 8,38)( 7,36,48,28,42,20,35,13,27,53,19,49,12,43)
        (18,47,54,41,51,34,46,26,40,56,33,55,25,52) ], 
  [ ( 1, 5, 2, 6, 3, 7, 4)( 8,14,12,10)( 9,15,13,11), 
      ( 1,36, 3,27)( 2,28, 6,19)( 4,47, 9,40)( 5,20,11,12)( 7,10,13,17)
        ( 8,41,15,33)(14,34,22,25)(16,53,24,48)(18,21,26,30)(23,49,32,42)
        (29,56,38,54)(31,43,39,35)(37,55,45,51)(44,52,50,46) ], 
  [ ( 1, 5, 2, 6, 3, 7, 4)( 8,10,12,14)( 9,11,13,15), 
      ( 1,27, 3,36)( 2,19, 6,28)( 4,40, 9,47)( 5,12,11,20)( 7,17,13,10)
        ( 8,33,15,41)(14,25,22,34)(16,48,24,53)(18,30,26,21)(23,42,32,49)
        (29,54,38,56)(31,35,39,43)(37,51,45,55)(44,46,50,52) ], 
  [ (1,6,4,2,7,5,3), ( 1, 5,16,31, 2,10,23)( 3,11,24,39, 6,17,32)
        ( 4,14,29,44, 8,21,37)( 7,19,35,48,12,27,42)( 9,22,38,50,15,30,45)
        (13,28,43,53,20,36,49)(18,33,46,54,25,40,51)(26,41,52,56,34,47,55) ], 
  [ ( 1, 6, 4, 2, 7, 5, 3)( 8,12)( 9,13)(10,14)(11,15), 
      ( 1,11,16,39, 2,17,23, 3, 5,24,31, 6,10,32)( 4,22,29,50, 8,30,37, 9,14,
         38,44,15,21,45)( 7,28,35,53,12,36,42,13,19,43,48,20,27,49)
        (18,41,46,56,25,47,51,26,33,52,54,34,40,55) ], 
  [ ( 1, 6, 4, 2, 7, 5, 3)( 8,14,12,10)( 9,15,13,11), 
      ( 1,28, 3,19)( 2,20, 6,12)( 4,41, 9,33)( 5,13,11, 7)( 8,34,15,25)
        (10,53,17,48)(14,26,22,18)(16,49,24,42)(21,56,30,54)(23,43,32,35)
        (27,31,36,39)(29,55,38,51)(37,52,45,46)(40,44,47,50) ], 
  [ ( 1, 6, 4, 2, 7, 5, 3)( 8,10,12,14)( 9,11,13,15), 
      ( 1,19, 3,28)( 2,12, 6,20)( 4,33, 9,41)( 5, 7,11,13)( 8,25,15,34)
        (10,48,17,53)(14,18,22,26)(16,42,24,49)(21,54,30,56)(23,35,32,43)
        (27,39,36,31)(29,51,38,55)(37,46,45,52)(40,50,47,44) ], 
  [ (1,7,6,5,4,3,2), ( 1, 2, 5,10,16,23,31)( 3, 6,11,17,24,32,39)
        ( 4, 8,14,21,29,37,44)( 7,12,19,27,35,42,48)( 9,15,22,30,38,45,50)
        (13,20,28,36,43,49,53)(18,25,33,40,46,51,54)(26,34,41,47,52,55,56) ], 
  [ ( 1, 7, 6, 5, 4, 3, 2)( 8,12)( 9,13)(10,14)(11,15), 
      ( 1, 6, 5,17,16,32,31, 3, 2,11,10,24,23,39)( 4,15,14,30,29,45,44, 9, 8,
         22,21,38,37,50)( 7,20,19,36,35,49,48,13,12,28,27,43,42,53)
        (18,34,33,47,46,55,54,26,25,41,40,52,51,56) ], 
  [ ( 1, 7, 6, 5, 4, 3, 2)( 8,14,12,10)( 9,15,13,11), 
      ( 1,20, 3,12)( 2,13, 6, 7)( 4,34, 9,25)( 5,53,11,48)( 8,26,15,18)
        (10,49,17,42)(14,56,22,54)(16,43,24,35)(19,31,28,39)(21,55,30,51)
        (23,36,32,27)(29,52,38,46)(33,44,41,50)(37,47,45,40) ], 
  [ ( 1, 7, 6, 5, 4, 3, 2)( 8,10,12,14)( 9,11,13,15), 
      ( 1,12, 3,20)( 2, 7, 6,13)( 4,25, 9,34)( 5,48,11,53)( 8,18,15,26)
        (10,42,17,49)(14,54,22,56)(16,35,24,43)(19,39,28,31)(21,51,30,55)
        (23,27,32,36)(29,46,38,52)(33,50,41,44)(37,40,45,47) ], 
  [ ( 8,15,14,13,12,11,10, 9), ( 1,26)( 2,56)( 3,18)( 4,13)( 5,55)( 6,54)
        ( 7, 9)( 8,53)(10,52)(11,51)(12,50)(14,49)(15,48)(16,47)(17,46)(19,45)
        (20,44)(21,43)(22,42)(23,41)(24,40)(25,39)(27,38)(28,37)(29,36)(30,35)
        (31,34)(32,33) ], 
  [ ( 8,11,14, 9,12,15,10,13), ( 1,18)( 2,54)( 3,26)( 4, 7)( 5,51)( 6,56)
        ( 8,48)( 9,13)(10,46)(11,55)(12,44)(14,42)(15,53)(16,40)(17,52)(19,37)
        (20,50)(21,35)(22,49)(23,33)(24,47)(25,31)(27,29)(28,45)(30,43)(32,41)
        (34,39)(36,38) ], 
  [ ( 8,13,10,15,12, 9,14,11), ( 1, 9)( 2,15)( 3, 4)( 5,22)( 6, 8)( 7,18)
        (10,30)(11,14)(12,25)(13,26)(16,38)(17,21)(19,33)(20,34)(23,45)(24,29)
        (27,40)(28,41)(31,50)(32,37)(35,46)(36,47)(39,44)(42,51)(43,52)(48,54)
        (49,55)(53,56) ], 
  [ ( 8, 9,10,11,12,13,14,15), ( 1, 4)( 2, 8)( 3, 9)( 5,14)( 6,15)( 7,26)
        (10,21)(11,22)(12,34)(13,18)(16,29)(17,30)(19,41)(20,25)(23,37)(24,38)
        (27,47)(28,33)(31,44)(32,45)(35,52)(36,40)(39,50)(42,55)(43,46)(48,56)
        (49,51)(53,54) ], 
  [ ( 1, 2, 3, 4, 5, 6, 7)( 8,15,14,13,12,11,10, 9), 
      ( 1,56)( 2,55)( 3,54)( 4,53)( 5,52)( 6,51)( 7,50)( 8,49)( 9,48)(10,47)
        (11,46)(12,45)(13,44)(14,43)(15,42)(16,41)(17,40)(18,39)(19,38)(20,37)
        (21,36)(22,35)(23,34)(24,33)(25,32)(26,31)(27,30)(28,29) ], 
  [ ( 1, 2, 3, 4, 5, 6, 7)( 8,11,14, 9,12,15,10,13), 
      ( 1,54)( 2,51)( 3,56)( 4,48)( 5,46)( 6,55)( 7,44)( 8,42)( 9,53)(10,40)
        (11,52)(12,37)(13,50)(14,35)(15,49)(16,33)(17,47)(18,31)(19,29)(20,45)
        (21,27)(22,43)(23,25)(24,41)(26,39)(28,38)(30,36)(32,34) ], 
  [ ( 1, 2, 3, 4, 5, 6, 7)( 8,13,10,15,12, 9,14,11), 
      ( 1,50,23,38,10,22, 2, 9,31,45,16,30, 5,15)( 3,44,32,29,17,14, 6, 4,39,
         37,24,21,11, 8)( 7,54,42,46,27,33,12,18,48,51,35,40,19,25)
        (13,56,49,52,36,41,20,26,53,55,43,47,28,34) ], 
  [ ( 1, 2, 3, 4, 5, 6, 7)( 8, 9,10,11,12,13,14,15), 
      ( 1,44,23,29,10,14, 2, 4,31,37,16,21, 5, 8)( 3,50,32,38,17,22, 6, 9,39,
         45,24,30,11,15)( 7,56,42,52,27,41,12,26,48,55,35,47,19,34)
        (13,54,49,46,36,33,20,18,53,51,43,40,28,25) ], 
  [ ( 1, 3, 5, 7, 2, 4, 6)( 8,15,14,13,12,11,10, 9), 
      ( 1,55)( 2,52)( 3,51)( 4,49)( 5,47)( 6,46)( 7,45)( 8,43)( 9,42)(10,41)
        (11,40)(12,38)(13,37)(14,36)(15,35)(16,34)(17,33)(18,32)(19,30)(20,29)
        (21,28)(22,27)(23,26)(24,25)(31,56)(39,54)(44,53)(48,50) ], 
  [ ( 1, 3, 5, 7, 2, 4, 6)( 8,11,14, 9,12,15,10,13), 
      ( 1,51)( 2,46)( 3,55)( 4,42)( 5,40)( 6,52)( 7,37)( 8,35)( 9,49)(10,33)
        (11,47)(12,29)(13,45)(14,27)(15,43)(16,25)(17,41)(18,23)(19,21)(20,38)
        (22,36)(24,34)(26,32)(28,30)(31,54)(39,56)(44,48)(50,53) ], 
  [ ( 1, 3, 5, 7, 2, 4, 6)( 8,13,10,15,12, 9,14,11), 
      ( 1,45,10,15,31,38, 5, 9,23,30, 2,50,16,22)( 3,37,17, 8,39,29,11, 4,32,
         21, 6,44,24,14)( 7,51,27,25,48,46,19,18,42,40,12,54,35,33)
        (13,55,36,34,53,52,28,26,49,47,20,56,43,41) ], 
  [ ( 1, 3, 5, 7, 2, 4, 6)( 8, 9,10,11,12,13,14,15), 
      ( 1,37,10, 8,31,29, 5, 4,23,21, 2,44,16,14)( 3,45,17,15,39,38,11, 9,32,
         30, 6,50,24,22)( 7,55,27,34,48,52,19,26,42,47,12,56,35,41)
        (13,51,36,25,53,46,28,18,49,40,20,54,43,33) ], 
  [ ( 1, 4, 7, 3, 6, 2, 5)( 8,15,14,13,12,11,10, 9), 
      ( 1,52)( 2,47)( 3,46)( 4,43)( 5,41)( 6,40)( 7,38)( 8,36)( 9,35)(10,34)
        (11,33)(12,30)(13,29)(14,28)(15,27)(16,26)(17,25)(18,24)(19,22)(20,21)
        (23,56)(31,55)(32,54)(37,53)(39,51)(42,50)(44,49)(45,48) ], 
  [ ( 1, 4, 7, 3, 6, 2, 5)( 8,11,14, 9,12,15,10,13), 
      ( 1,46)( 2,40)( 3,52)( 4,35)( 5,33)( 6,47)( 7,29)( 8,27)( 9,43)(10,25)
        (11,41)(12,21)(13,38)(14,19)(15,36)(16,18)(17,34)(20,30)(22,28)(23,54)
        (24,26)(31,51)(32,56)(37,48)(39,55)(42,44)(45,53)(49,50) ], 
  [ ( 1, 4, 7, 3, 6, 2, 5)( 8,13,10,15,12, 9,14,11), 
      ( 1,38, 2,45, 5,50,10, 9,16,15,23,22,31,30)( 3,29, 6,37,11,44,17, 4,24,
          8,32,14,39,21)( 7,46,12,51,19,54,27,18,35,25,42,33,48,40)
        (13,52,20,55,28,56,36,26,43,34,49,41,53,47) ], 
  [ ( 1, 4, 7, 3, 6, 2, 5)( 8, 9,10,11,12,13,14,15), 
      ( 1,29, 2,37, 5,44,10, 4,16, 8,23,14,31,21)( 3,38, 6,45,11,50,17, 9,24,
         15,32,22,39,30)( 7,52,12,55,19,56,27,26,35,34,42,41,48,47)
        (13,46,20,51,28,54,36,18,43,25,49,33,53,40) ], 
  [ ( 1, 5, 2, 6, 3, 7, 4)( 8,15,14,13,12,11,10, 9), 
      ( 1,47)( 2,41)( 3,40)( 4,36)( 5,34)( 6,33)( 7,30)( 8,28)( 9,27)(10,26)
        (11,25)(12,22)(13,21)(14,20)(15,19)(16,56)(17,18)(23,55)(24,54)(29,53)
        (31,52)(32,51)(35,50)(37,49)(38,48)(39,46)(42,45)(43,44) ], 
  [ ( 1, 5, 2, 6, 3, 7, 4)( 8,11,14, 9,12,15,10,13), 
      ( 1,40)( 2,33)( 3,47)( 4,27)( 5,25)( 6,41)( 7,21)( 8,19)( 9,36)(10,18)
        (11,34)(12,14)(13,30)(15,28)(16,54)(17,26)(20,22)(23,51)(24,56)(29,48)
        (31,46)(32,55)(35,44)(37,42)(38,53)(39,52)(43,50)(45,49) ], 
  [ ( 1, 5, 2, 6, 3, 7, 4)( 8,13,10,15,12, 9,14,11), 
      ( 1,30,31,22,23,15,16, 9,10,50, 5,45, 2,38)( 3,21,39,14,32, 8,24, 4,17,
         44,11,37, 6,29)( 7,40,48,33,42,25,35,18,27,54,19,51,12,46)
        (13,47,53,41,49,34,43,26,36,56,28,55,20,52) ], 
  [ ( 1, 5, 2, 6, 3, 7, 4)( 8, 9,10,11,12,13,14,15), 
      ( 1,21,31,14,23, 8,16, 4,10,44, 5,37, 2,29)( 3,30,39,22,32,15,24, 9,17,
         50,11,45, 6,38)( 7,47,48,41,42,34,35,26,27,56,19,55,12,52)
        (13,40,53,33,49,25,43,18,36,54,28,51,20,46) ], 
  [ ( 1, 6, 4, 2, 7, 5, 3)( 8,15,14,13,12,11,10, 9), 
      ( 1,41)( 2,34)( 3,33)( 4,28)( 5,26)( 6,25)( 7,22)( 8,20)( 9,19)(10,56)
        (11,18)(12,15)(13,14)(16,55)(17,54)(21,53)(23,52)(24,51)(27,50)(29,49)
        (30,48)(31,47)(32,46)(35,45)(36,44)(37,43)(38,42)(39,40) ], 
  [ ( 1, 6, 4, 2, 7, 5, 3)( 8,11,14, 9,12,15,10,13), 
      ( 1,33)( 2,25)( 3,41)( 4,19)( 5,18)( 6,34)( 7,14)( 8,12)( 9,28)(10,54)
        (11,26)(13,22)(15,20)(16,51)(17,56)(21,48)(23,46)(24,55)(27,44)(29,42)
        (30,53)(31,40)(32,52)(35,37)(36,50)(38,49)(39,47)(43,45) ], 
  [ ( 1, 6, 4, 2, 7, 5, 3)( 8,13,10,15,12, 9,14,11), 
      ( 1,22,16,50, 2,30,23, 9, 5,38,31,15,10,45)( 3,14,24,44, 6,21,32, 4,11,
         29,39, 8,17,37)( 7,33,35,54,12,40,42,18,19,46,48,25,27,51)
        (13,41,43,56,20,47,49,26,28,52,53,34,36,55) ], 
  [ ( 1, 6, 4, 2, 7, 5, 3)( 8, 9,10,11,12,13,14,15), 
      ( 1,14,16,44, 2,21,23, 4, 5,29,31, 8,10,37)( 3,22,24,50, 6,30,32, 9,11,
         38,39,15,17,45)( 7,41,35,56,12,47,42,26,19,52,48,34,27,55)
        (13,33,43,54,20,40,49,18,28,46,53,25,36,51) ], 
  [ ( 1, 7, 6, 5, 4, 3, 2)( 8,15,14,13,12,11,10, 9), 
      ( 1,34)( 2,26)( 3,25)( 4,20)( 5,56)( 6,18)( 7,15)( 8,13)( 9,12)(10,55)
        (11,54)(14,53)(16,52)(17,51)(19,50)(21,49)(22,48)(23,47)(24,46)(27,45)
        (28,44)(29,43)(30,42)(31,41)(32,40)(33,39)(35,38)(36,37) ], 
  [ ( 1, 7, 6, 5, 4, 3, 2)( 8,11,14, 9,12,15,10,13), 
      ( 1,25)( 2,18)( 3,34)( 4,12)( 5,54)( 6,26)( 7, 8)( 9,20)(10,51)(11,56)
        (13,15)(14,48)(16,46)(17,55)(19,44)(21,42)(22,53)(23,40)(24,52)(27,37)
        (28,50)(29,35)(30,49)(31,33)(32,47)(36,45)(38,43)(39,41) ], 
  [ ( 1, 7, 6, 5, 4, 3, 2)( 8,13,10,15,12, 9,14,11), 
      ( 1,15, 5,30,16,45,31, 9, 2,22,10,38,23,50)( 3, 8,11,21,24,37,39, 4, 6,
         14,17,29,32,44)( 7,25,19,40,35,51,48,18,12,33,27,46,42,54)
        (13,34,28,47,43,55,53,26,20,41,36,52,49,56) ], 
  [ ( 1, 7, 6, 5, 4, 3, 2)( 8, 9,10,11,12,13,14,15), 
      ( 1, 8, 5,21,16,37,31, 4, 2,14,10,29,23,44)( 3,15,11,30,24,45,39, 9, 6,
         22,17,38,32,50)( 7,34,19,47,35,55,48,26,12,41,27,52,42,56)
        (13,25,28,40,43,51,53,18,20,33,36,46,49,54) ] ]
);

BRACES[56].brace[2] := rec ( size := 56, perms :=
[ [ (), () ], 
  [ ( 8,12)( 9,13)(10,14)(11,15), ( 1, 3)( 2, 5)( 4, 9)( 6,11)( 7,13)( 8,15)
        (10,17)(12,19)(14,21)(16,24)(18,26)(20,28)(22,30)(23,32)(25,34)(27,35)
        (29,37)(31,39)(33,41)(36,43)(38,45)(40,47)(42,49)(44,50)(46,51)(48,53)
        (52,55)(54,56) ], 
  [ ( 8,14,12,10)( 9,15,13,11), ( 1,11, 3, 6)( 2,50, 5,44)( 4,45, 9,38)
        ( 7,30,13,22)( 8,39,15,31)(10,27,17,35)(12,56,19,54)(14,32,21,23)
        (16,20,24,28)(18,55,26,52)(25,53,34,48)(29,46,37,51)(33,49,41,42)
        (36,40,43,47) ], 
  [ ( 8,10,12,14)( 9,11,13,15), ( 1, 6, 3,11)( 2,44, 5,50)( 4,38, 9,45)
        ( 7,22,13,30)( 8,31,15,39)(10,35,17,27)(12,54,19,56)(14,23,21,32)
        (16,28,24,20)(18,52,26,55)(25,48,34,53)(29,51,37,46)(33,42,41,49)
        (36,47,43,40) ], 
  [ (1,2,3,4,5,6,7), ( 1,27,20,14, 8, 4, 2)( 3,35,28,21,15, 9, 5)
        ( 6,44,38,31,23,16,10)( 7,46,40,33,25,18,12)(11,50,45,39,32,24,17)
        (13,51,47,41,34,26,19)(22,54,52,48,42,36,29)(30,56,55,53,49,43,37) ], 
  [ ( 1, 2, 3, 4, 5, 6, 7)( 8,12)( 9,13)(10,14)(11,15), 
      ( 1,35,20,21, 8, 9, 2, 3,27,28,14,15, 4, 5)( 6,50,38,39,23,24,10,11,44,
         45,31,32,16,17)( 7,51,40,41,25,26,12,13,46,47,33,34,18,19)
        (22,56,52,53,42,43,29,30,54,55,48,49,36,37) ], 
  [ ( 1, 2, 3, 4, 5, 6, 7)( 8,14,12,10)( 9,15,13,11), 
      ( 1,50, 3,44)( 2,45, 5,38)( 4,39, 9,31)( 6,27,11,35)( 7,56,13,54)
        ( 8,32,15,23)(10,20,17,28)(12,55,19,52)(14,24,21,16)(18,53,26,48)
        (22,46,30,51)(25,49,34,42)(29,40,37,47)(33,43,41,36) ], 
  [ ( 1, 2, 3, 4, 5, 6, 7)( 8,10,12,14)( 9,11,13,15), 
      ( 1,44, 3,50)( 2,38, 5,45)( 4,31, 9,39)( 6,35,11,27)( 7,54,13,56)
        ( 8,23,15,32)(10,28,17,20)(12,52,19,55)(14,16,21,24)(18,48,26,53)
        (22,51,30,46)(25,42,34,49)(29,47,37,40)(33,36,41,43) ], 
  [ (1,3,5,7,2,4,6), ( 1,20, 8, 2,27,14, 4)( 3,28,15, 5,35,21, 9)
        ( 6,38,23,10,44,31,16)( 7,40,25,12,46,33,18)(11,45,32,17,50,39,24)
        (13,47,34,19,51,41,26)(22,52,42,29,54,48,36)(30,55,49,37,56,53,43) ], 
  [ ( 1, 3, 5, 7, 2, 4, 6)( 8,12)( 9,13)(10,14)(11,15), 
      ( 1,28, 8, 5,27,21, 4, 3,20,15, 2,35,14, 9)( 6,45,23,17,44,39,16,11,38,
         32,10,50,31,24)( 7,47,25,19,46,41,18,13,40,34,12,51,33,26)
        (22,55,42,37,54,53,36,30,52,49,29,56,48,43) ], 
  [ ( 1, 3, 5, 7, 2, 4, 6)( 8,14,12,10)( 9,15,13,11), 
      ( 1,45, 3,38)( 2,39, 5,31)( 4,32, 9,23)( 6,20,11,28)( 7,55,13,52)
        ( 8,24,15,16)(10,14,17,21)(12,53,19,48)(18,49,26,42)(22,40,30,47)
        (25,43,34,36)(27,50,35,44)(29,33,37,41)(46,56,51,54) ], 
  [ ( 1, 3, 5, 7, 2, 4, 6)( 8,10,12,14)( 9,11,13,15), 
      ( 1,38, 3,45)( 2,31, 5,39)( 4,23, 9,32)( 6,28,11,20)( 7,52,13,55)
        ( 8,16,15,24)(10,21,17,14)(12,48,19,53)(18,42,26,49)(22,47,30,40)
        (25,36,34,43)(27,44,35,50)(29,41,37,33)(46,54,51,56) ], 
  [ (1,4,7,3,6,2,5), ( 1,14, 2,20, 4,27, 8)( 3,21, 5,28, 9,35,15)
        ( 6,31,10,38,16,44,23)( 7,33,12,40,18,46,25)(11,39,17,45,24,50,32)
        (13,41,19,47,26,51,34)(22,48,29,52,36,54,42)(30,53,37,55,43,56,49) ], 
  [ ( 1, 4, 7, 3, 6, 2, 5)( 8,12)( 9,13)(10,14)(11,15), 
      ( 1,21, 2,28, 4,35, 8, 3,14, 5,20, 9,27,15)( 6,39,10,45,16,50,23,11,31,
         17,38,24,44,32)( 7,41,12,47,18,51,25,13,33,19,40,26,46,34)
        (22,53,29,55,36,56,42,30,48,37,52,43,54,49) ], 
  [ ( 1, 4, 7, 3, 6, 2, 5)( 8,14,12,10)( 9,15,13,11), 
      ( 1,39, 3,31)( 2,32, 5,23)( 4,24, 9,16)( 6,14,11,21)( 7,53,13,48)
        ( 8,17,15,10)(12,49,19,42)(18,43,26,36)(20,50,28,44)(22,33,30,41)
        (25,37,34,29)(27,45,35,38)(40,56,47,54)(46,55,51,52) ], 
  [ ( 1, 4, 7, 3, 6, 2, 5)( 8,10,12,14)( 9,11,13,15), 
      ( 1,31, 3,39)( 2,23, 5,32)( 4,16, 9,24)( 6,21,11,14)( 7,48,13,53)
        ( 8,10,15,17)(12,42,19,49)(18,36,26,43)(20,44,28,50)(22,41,30,33)
        (25,29,34,37)(27,38,35,45)(40,54,47,56)(46,52,51,55) ], 
  [ (1,5,2,6,3,7,4), ( 1, 8,27, 4,20, 2,14)( 3,15,35, 9,28, 5,21)
        ( 6,23,44,16,38,10,31)( 7,25,46,18,40,12,33)(11,32,50,24,45,17,39)
        (13,34,51,26,47,19,41)(22,42,54,36,52,29,48)(30,49,56,43,55,37,53) ], 
  [ ( 1, 5, 2, 6, 3, 7, 4)( 8,12)( 9,13)(10,14)(11,15), 
      ( 1,15,27, 9,20, 5,14, 3, 8,35, 4,28, 2,21)( 6,32,44,24,38,17,31,11,23,
         50,16,45,10,39)( 7,34,46,26,40,19,33,13,25,51,18,47,12,41)
        (22,49,54,43,52,37,48,30,42,56,36,55,29,53) ], 
  [ ( 1, 5, 2, 6, 3, 7, 4)( 8,14,12,10)( 9,15,13,11), 
      ( 1,32, 3,23)( 2,24, 5,16)( 4,17, 9,10)( 6, 8,11,15)( 7,49,13,42)
        (12,43,19,36)(14,50,21,44)(18,37,26,29)(20,45,28,38)(22,25,30,34)
        (27,39,35,31)(33,56,41,54)(40,55,47,52)(46,53,51,48) ], 
  [ ( 1, 5, 2, 6, 3, 7, 4)( 8,10,12,14)( 9,11,13,15), 
      ( 1,23, 3,32)( 2,16, 5,24)( 4,10, 9,17)( 6,15,11, 8)( 7,42,13,49)
        (12,36,19,43)(14,44,21,50)(18,29,26,37)(20,38,28,45)(22,34,30,25)
        (27,31,35,39)(33,54,41,56)(40,52,47,55)(46,48,51,53) ], 
  [ (1,6,4,2,7,5,3), ( 1, 4,14,27, 2, 8,20)( 3, 9,21,35, 5,15,28)
        ( 6,16,31,44,10,23,38)( 7,18,33,46,12,25,40)(11,24,39,50,17,32,45)
        (13,26,41,51,19,34,47)(22,36,48,54,29,42,52)(30,43,53,56,37,49,55) ], 
  [ ( 1, 6, 4, 2, 7, 5, 3)( 8,12)( 9,13)(10,14)(11,15), 
      ( 1, 9,14,35, 2,15,20, 3, 4,21,27, 5, 8,28)( 6,24,31,50,10,32,38,11,16,
         39,44,17,23,45)( 7,26,33,51,12,34,40,13,18,41,46,19,25,47)
        (22,43,48,56,29,49,52,30,36,53,54,37,42,55) ], 
  [ ( 1, 6, 4, 2, 7, 5, 3)( 8,14,12,10)( 9,15,13,11), 
      ( 1,24, 3,16)( 2,17, 5,10)( 4,11, 9, 6)( 7,43,13,36)( 8,50,15,44)
        (12,37,19,29)(14,45,21,38)(18,30,26,22)(20,39,28,31)(23,27,32,35)
        (25,56,34,54)(33,55,41,52)(40,53,47,48)(42,46,49,51) ], 
  [ ( 1, 6, 4, 2, 7, 5, 3)( 8,10,12,14)( 9,11,13,15), 
      ( 1,16, 3,24)( 2,10, 5,17)( 4, 6, 9,11)( 7,36,13,43)( 8,44,15,50)
        (12,29,19,37)(14,38,21,45)(18,22,26,30)(20,31,28,39)(23,35,32,27)
        (25,54,34,56)(33,52,41,55)(40,48,47,53)(42,51,49,46) ], 
  [ (1,7,6,5,4,3,2), ( 1, 2, 4, 8,14,20,27)( 3, 5, 9,15,21,28,35)
        ( 6,10,16,23,31,38,44)( 7,12,18,25,33,40,46)(11,17,24,32,39,45,50)
        (13,19,26,34,41,47,51)(22,29,36,42,48,52,54)(30,37,43,49,53,55,56) ], 
  [ ( 1, 7, 6, 5, 4, 3, 2)( 8,12)( 9,13)(10,14)(11,15), 
      ( 1, 5, 4,15,14,28,27, 3, 2, 9, 8,21,20,35)( 6,17,16,32,31,45,44,11,10,
         24,23,39,38,50)( 7,19,18,34,33,47,46,13,12,26,25,41,40,51)
        (22,37,36,49,48,55,54,30,29,43,42,53,52,56) ], 
  [ ( 1, 7, 6, 5, 4, 3, 2)( 8,14,12,10)( 9,15,13,11), 
      ( 1,17, 3,10)( 2,11, 5, 6)( 4,50, 9,44)( 7,37,13,29)( 8,45,15,38)
        (12,30,19,22)(14,39,21,31)(16,27,24,35)(18,56,26,54)(20,32,28,23)
        (25,55,34,52)(33,53,41,48)(36,46,43,51)(40,49,47,42) ], 
  [ ( 1, 7, 6, 5, 4, 3, 2)( 8,10,12,14)( 9,11,13,15), 
      ( 1,10, 3,17)( 2, 6, 5,11)( 4,44, 9,50)( 7,29,13,37)( 8,38,15,45)
        (12,22,19,30)(14,31,21,39)(16,35,24,27)(18,54,26,56)(20,23,28,32)
        (25,52,34,55)(33,48,41,53)(36,51,43,46)(40,42,47,49) ], 
  [ ( 8,15,14,13,12,11,10, 9), ( 1,30, 3,22)( 2,56, 5,54)( 4,55, 9,52)
        ( 6,13,11, 7)( 8,53,15,48)(10,51,17,46)(12,44,19,50)(14,49,21,42)
        (16,47,24,40)(18,38,26,45)(20,43,28,36)(23,41,32,33)(25,31,34,39)
        (27,37,35,29) ], 
  [ ( 8,11,14, 9,12,15,10,13), ( 1,22, 3,30)( 2,54, 5,56)( 4,52, 9,55)
        ( 6, 7,11,13)( 8,48,15,53)(10,46,17,51)(12,50,19,44)(14,42,21,49)
        (16,40,24,47)(18,45,26,38)(20,36,28,43)(23,33,32,41)(25,39,34,31)
        (27,29,35,37) ], 
  [ ( 8,13,10,15,12, 9,14,11), ( 1,13, 3, 7)( 2,19, 5,12)( 4,26, 9,18)
        ( 6,22,11,30)( 8,34,15,25)(10,29,17,37)(14,41,21,33)(16,36,24,43)
        (20,47,28,40)(23,42,32,49)(27,51,35,46)(31,48,39,53)(38,52,45,55)
        (44,54,50,56) ], 
  [ ( 8, 9,10,11,12,13,14,15), ( 1, 7, 3,13)( 2,12, 5,19)( 4,18, 9,26)
        ( 6,30,11,22)( 8,25,15,34)(10,37,17,29)(14,33,21,41)(16,43,24,36)
        (20,40,28,47)(23,49,32,42)(27,46,35,51)(31,53,39,48)(38,55,45,52)
        (44,56,50,54) ], 
  [ ( 1, 2, 3, 4, 5, 6, 7)( 8,15,14,13,12,11,10, 9), 
      ( 1,56, 3,54)( 2,55, 5,52)( 4,53, 9,48)( 6,51,11,46)( 7,44,13,50)
        ( 8,49,15,42)(10,47,17,40)(12,38,19,45)(14,43,21,36)(16,41,24,33)
        (18,31,26,39)(20,37,28,29)(22,27,30,35)(23,34,32,25) ], 
  [ ( 1, 2, 3, 4, 5, 6, 7)( 8,11,14, 9,12,15,10,13), 
      ( 1,54, 3,56)( 2,52, 5,55)( 4,48, 9,53)( 6,46,11,51)( 7,50,13,44)
        ( 8,42,15,49)(10,40,17,47)(12,45,19,38)(14,36,21,43)(16,33,24,41)
        (18,39,26,31)(20,29,28,37)(22,35,30,27)(23,25,32,34) ], 
  [ ( 1, 2, 3, 4, 5, 6, 7)( 8,13,10,15,12, 9,14,11), 
      ( 1,51,28,33, 8,26, 5, 7,27,47,21,25, 4,19, 3,46,20,41,15,18, 2,13,35,
         40,14,34, 9,12)( 6,54,45,53,23,36,17,30,44,52,39,49,16,29,11,56,38,
         48,32,43,10,22,50,55,31,42,24,37) ], 
  [ ( 1, 2, 3, 4, 5, 6, 7)( 8, 9,10,11,12,13,14,15), 
      ( 1,46,28,41, 8,18, 5,13,27,40,21,34, 4,12, 3,51,20,33,15,26, 2, 7,35,
         47,14,25, 9,19)( 6,56,45,48,23,43,17,22,44,55,39,42,16,37,11,54,38,
         53,32,36,10,30,50,52,31,49,24,29) ], 
  [ ( 1, 3, 5, 7, 2, 4, 6)( 8,15,14,13,12,11,10, 9), 
      ( 1,55, 3,52)( 2,53, 5,48)( 4,49, 9,42)( 6,47,11,40)( 7,38,13,45)
        ( 8,43,15,36)(10,41,17,33)(12,31,19,39)(14,37,21,29)(16,34,24,25)
        (18,23,26,32)(20,30,28,22)(27,56,35,54)(44,51,50,46) ], 
  [ ( 1, 3, 5, 7, 2, 4, 6)( 8,11,14, 9,12,15,10,13), 
      ( 1,52, 3,55)( 2,48, 5,53)( 4,42, 9,49)( 6,40,11,47)( 7,45,13,38)
        ( 8,36,15,43)(10,33,17,41)(12,39,19,31)(14,29,21,37)(16,25,24,34)
        (18,32,26,23)(20,22,28,30)(27,54,35,56)(44,46,50,51) ], 
  [ ( 1, 3, 5, 7, 2, 4, 6)( 8,13,10,15,12, 9,14,11), 
      ( 1,47,15,12,27,41, 9, 7,20,34, 5,46,14,26, 3,40, 8,19,35,33, 4,13,28,
         25, 2,51,21,18)( 6,52,32,37,44,48,24,30,38,42,17,56,31,36,11,55,23,
         29,50,53,16,22,45,49,10,54,39,43) ], 
  [ ( 1, 3, 5, 7, 2, 4, 6)( 8, 9,10,11,12,13,14,15), 
      ( 1,40,15,19,27,33, 9,13,20,25, 5,51,14,18, 3,47, 8,12,35,41, 4, 7,28,
         34, 2,46,21,26)( 6,55,32,29,44,53,24,22,38,49,17,54,31,43,11,52,23,
         37,50,48,16,30,45,42,10,56,39,36) ], 
  [ ( 1, 4, 7, 3, 6, 2, 5)( 8,15,14,13,12,11,10, 9), 
      ( 1,53, 3,48)( 2,49, 5,42)( 4,43, 9,36)( 6,41,11,33)( 7,31,13,39)
        ( 8,37,15,29)(10,34,17,25)(12,23,19,32)(14,30,21,22)(16,26,24,18)
        (20,56,28,54)(27,55,35,52)(38,51,45,46)(40,44,47,50) ], 
  [ ( 1, 4, 7, 3, 6, 2, 5)( 8,11,14, 9,12,15,10,13), 
      ( 1,48, 3,53)( 2,42, 5,49)( 4,36, 9,43)( 6,33,11,41)( 7,39,13,31)
        ( 8,29,15,37)(10,25,17,34)(12,32,19,23)(14,22,21,30)(16,18,24,26)
        (20,54,28,56)(27,52,35,55)(38,46,45,51)(40,50,47,44) ], 
  [ ( 1, 4, 7, 3, 6, 2, 5)( 8,13,10,15,12, 9,14,11), 
      ( 1,41, 5,40, 4,51,15, 7,14,19,28,18,27,34, 3,33, 2,47, 9,46, 8,13,21,
         12,20,26,35,25)( 6,48,17,55,16,54,32,30,31,29,45,43,44,42,11,53,10,
         52,24,56,23,22,39,37,38,36,50,49) ], 
  [ ( 1, 4, 7, 3, 6, 2, 5)( 8, 9,10,11,12,13,14,15), 
      ( 1,33, 5,47, 4,46,15,13,14,12,28,26,27,25, 3,41, 2,40, 9,51, 8, 7,21,
         19,20,18,35,34)( 6,53,17,52,16,56,32,22,31,37,45,36,44,49,11,48,10,
         55,24,54,23,30,39,29,38,43,50,42) ], 
  [ ( 1, 5, 2, 6, 3, 7, 4)( 8,15,14,13,12,11,10, 9), 
      ( 1,49, 3,42)( 2,43, 5,36)( 4,37, 9,29)( 6,34,11,25)( 7,23,13,32)
        ( 8,30,15,22)(10,26,17,18)(12,16,19,24)(14,56,21,54)(20,55,28,52)
        (27,53,35,48)(31,51,39,46)(33,44,41,50)(38,47,45,40) ], 
  [ ( 1, 5, 2, 6, 3, 7, 4)( 8,11,14, 9,12,15,10,13), 
      ( 1,42, 3,49)( 2,36, 5,43)( 4,29, 9,37)( 6,25,11,34)( 7,32,13,23)
        ( 8,22,15,30)(10,18,17,26)(12,24,19,16)(14,54,21,56)(20,52,28,55)
        (27,48,35,53)(31,46,39,51)(33,50,41,44)(38,40,45,47) ], 
  [ ( 1, 5, 2, 6, 3, 7, 4)( 8,13,10,15,12, 9,14,11), 
      ( 1,34,35,18,20,19,21, 7, 8,51, 9,40, 2,41, 3,25,27,26,28,12,14,13,15,
         46, 4,47, 5,33)( 6,42,50,43,38,29,39,30,23,54,24,55,10,48,11,49,44,
         36,45,37,31,22,32,56,16,52,17,53) ], 
  [ ( 1, 5, 2, 6, 3, 7, 4)( 8, 9,10,11,12,13,14,15), 
      ( 1,25,35,26,20,12,21,13, 8,46, 9,47, 2,33, 3,34,27,18,28,19,14, 7,15,
         51, 4,40, 5,41)( 6,49,50,36,38,37,39,22,23,56,24,52,10,53,11,42,44,
         43,45,29,31,30,32,54,16,55,17,48) ], 
  [ ( 1, 6, 4, 2, 7, 5, 3)( 8,15,14,13,12,11,10, 9), 
      ( 1,43, 3,36)( 2,37, 5,29)( 4,30, 9,22)( 6,26,11,18)( 7,16,13,24)
        ( 8,56,15,54)(10,19,17,12)(14,55,21,52)(20,53,28,48)(23,51,32,46)
        (25,44,34,50)(27,49,35,42)(31,47,39,40)(33,38,41,45) ], 
  [ ( 1, 6, 4, 2, 7, 5, 3)( 8,11,14, 9,12,15,10,13), 
      ( 1,36, 3,43)( 2,29, 5,37)( 4,22, 9,30)( 6,18,11,26)( 7,24,13,16)
        ( 8,54,15,56)(10,12,17,19)(14,52,21,55)(20,48,28,53)(23,46,32,51)
        (25,50,34,44)(27,42,35,49)(31,40,39,47)(33,45,41,38) ], 
  [ ( 1, 6, 4, 2, 7, 5, 3)( 8,13,10,15,12, 9,14,11), 
      ( 1,26,21,46, 2,34,28, 7, 4,41,35,12, 8,47, 3,18,14,51, 5,25,20,13, 9,
         33,27,19,15,40)( 6,36,39,56,10,42,45,30,16,48,50,37,23,52,11,43,31,
         54,17,49,38,22,24,53,44,29,32,55) ], 
  [ ( 1, 6, 4, 2, 7, 5, 3)( 8, 9,10,11,12,13,14,15), 
      ( 1,18,21,51, 2,25,28,13, 4,33,35,19, 8,40, 3,26,14,46, 5,34,20, 7, 9,
         41,27,12,15,47)( 6,43,39,54,10,49,45,22,16,53,50,29,23,55,11,36,31,
         56,17,42,38,30,24,48,44,37,32,52) ], 
  [ ( 1, 7, 6, 5, 4, 3, 2)( 8,15,14,13,12,11,10, 9), 
      ( 1,37, 3,29)( 2,30, 5,22)( 4,56, 9,54)( 6,19,11,12)( 7,10,13,17)
        ( 8,55,15,52)(14,53,21,48)(16,51,24,46)(18,44,26,50)(20,49,28,42)
        (23,47,32,40)(25,38,34,45)(27,43,35,36)(31,41,39,33) ], 
  [ ( 1, 7, 6, 5, 4, 3, 2)( 8,11,14, 9,12,15,10,13), 
      ( 1,29, 3,37)( 2,22, 5,30)( 4,54, 9,56)( 6,12,11,19)( 7,17,13,10)
        ( 8,52,15,55)(14,48,21,53)(16,46,24,51)(18,50,26,44)(20,42,28,49)
        (23,40,32,47)(25,45,34,38)(27,36,35,43)(31,33,39,41) ], 
  [ ( 1, 7, 6, 5, 4, 3, 2)( 8,13,10,15,12, 9,14,11), 
      ( 1,19, 9,25,14,47,35, 7, 2,26,15,33,20,51, 3,12, 4,34,21,40,27,13, 5,
         18, 8,41,28,46)( 6,29,24,49,31,52,50,30,10,36,32,53,38,54,11,37,16,
         42,39,55,44,22,17,43,23,48,45,56) ], 
  [ ( 1, 7, 6, 5, 4, 3, 2)( 8, 9,10,11,12,13,14,15), 
      ( 1,12, 9,34,14,40,35,13, 2,18,15,41,20,46, 3,19, 4,25,21,47,27, 7, 5,
         26, 8,33,28,51)( 6,37,24,42,31,55,50,22,10,43,32,48,38,56,11,29,16,
         49,39,52,44,30,17,36,23,53,45,54) ] ]
);

BRACES[56].brace[3] := rec ( size := 56, perms :=
[ [ (), () ], 
  [ ( 8,12)( 9,13)(10,14)(11,15), ( 1, 4)( 2, 7)( 3, 8)( 5,12)( 6,13)( 9,16)
        (10,19)(11,20)(14,23)(15,24)(17,27)(18,28)(21,31)(22,32)(25,35)(26,36)
        (29,39)(30,40)(33,42)(34,43)(37,46)(38,47)(41,48)(44,51)(45,52)(49,54)
        (50,55)(53,56) ], 
  [ ( 8,14,12,10)( 9,15,13,11), ( 1, 8, 4, 3)( 2,13, 7, 6)( 5,20,12,11)
        ( 9,24,16,15)(10,28,19,18)(14,32,23,22)(17,36,27,26)(21,40,31,30)
        (25,43,35,34)(29,47,39,38)(33,48,42,41)(37,52,46,45)(44,55,51,50)
        (49,56,54,53) ], 
  [ ( 8,10,12,14)( 9,11,13,15), ( 1, 3, 4, 8)( 2, 6, 7,13)( 5,11,12,20)
        ( 9,15,16,24)(10,18,19,28)(14,22,23,32)(17,26,27,36)(21,30,31,40)
        (25,34,35,43)(29,38,39,47)(33,41,42,48)(37,45,46,52)(44,50,51,55)
        (49,53,54,56) ], 
  [ (1,2,3,4,5,6,7), ( 1,33,25,17,10, 5, 2)( 3,41,34,26,18,11, 6)
        ( 4,42,35,27,19,12, 7)( 8,48,43,36,28,20,13)( 9,49,44,37,29,21,14)
        (15,53,50,45,38,30,22)(16,54,51,46,39,31,23)(24,56,55,52,47,40,32) ], 
  [ ( 1, 2, 3, 4, 5, 6, 7)( 8,12)( 9,13)(10,14)(11,15), 
      ( 1,42,25,27,10,12, 2, 4,33,35,17,19, 5, 7)( 3,48,34,36,18,20, 6, 8,41,
         43,26,28,11,13)( 9,54,44,46,29,31,14,16,49,51,37,39,21,23)
        (15,56,50,52,38,40,22,24,53,55,45,47,30,32) ], 
  [ ( 1, 2, 3, 4, 5, 6, 7)( 8,14,12,10)( 9,15,13,11), 
      ( 1,48,35,26,10,20, 7, 3,33,43,27,18, 5,13, 4,41,25,36,19,11, 2, 8,42,
         34,17,28,12, 6)( 9,56,51,45,29,40,23,15,49,55,46,38,21,32,16,53,44,
         52,39,30,14,24,54,50,37,47,31,22) ], 
  [ ( 1, 2, 3, 4, 5, 6, 7)( 8,10,12,14)( 9,11,13,15), 
      ( 1,41,35,36,10,11, 7, 8,33,34,27,28, 5, 6, 4,48,25,26,19,20, 2, 3,42,
         43,17,18,12,13)( 9,53,51,52,29,30,23,24,49,50,46,47,21,22,16,56,44,
         45,39,40,14,15,54,55,37,38,31,32) ], 
  [ (1,3,5,7,2,4,6), ( 1,25,10, 2,33,17, 5)( 3,34,18, 6,41,26,11)
        ( 4,35,19, 7,42,27,12)( 8,43,28,13,48,36,20)( 9,44,29,14,49,37,21)
        (15,50,38,22,53,45,30)(16,51,39,23,54,46,31)(24,55,47,32,56,52,40) ], 
  [ ( 1, 3, 5, 7, 2, 4, 6)( 8,12)( 9,13)(10,14)(11,15), 
      ( 1,35,10, 7,33,27, 5, 4,25,19, 2,42,17,12)( 3,43,18,13,41,36,11, 8,34,
         28, 6,48,26,20)( 9,51,29,23,49,46,21,16,44,39,14,54,37,31)
        (15,55,38,32,53,52,30,24,50,47,22,56,45,40) ], 
  [ ( 1, 3, 5, 7, 2, 4, 6)( 8,14,12,10)( 9,15,13,11), 
      ( 1,43,19, 6,33,36,12, 3,25,28, 7,41,17,20, 4,34,10,13,42,26, 5, 8,35,
         18, 2,48,27,11)( 9,55,39,22,49,52,31,15,44,47,23,53,37,40,16,50,29,
         32,54,45,21,24,51,38,14,56,46,30) ], 
  [ ( 1, 3, 5, 7, 2, 4, 6)( 8,10,12,14)( 9,11,13,15), 
      ( 1,34,19,13,33,26,12, 8,25,18, 7,48,17,11, 4,43,10, 6,42,36, 5, 3,35,
         28, 2,41,27,20)( 9,50,39,32,49,45,31,24,44,38,23,56,37,30,16,55,29,
         22,54,52,21,15,51,47,14,53,46,40) ], 
  [ (1,4,7,3,6,2,5), ( 1,17, 2,25, 5,33,10)( 3,26, 6,34,11,41,18)
        ( 4,27, 7,35,12,42,19)( 8,36,13,43,20,48,28)( 9,37,14,44,21,49,29)
        (15,45,22,50,30,53,38)(16,46,23,51,31,54,39)(24,52,32,55,40,56,47) ], 
  [ ( 1, 4, 7, 3, 6, 2, 5)( 8,12)( 9,13)(10,14)(11,15), 
      ( 1,27, 2,35, 5,42,10, 4,17, 7,25,12,33,19)( 3,36, 6,43,11,48,18, 8,26,
         13,34,20,41,28)( 9,46,14,51,21,54,29,16,37,23,44,31,49,39)
        (15,52,22,55,30,56,38,24,45,32,50,40,53,47) ], 
  [ ( 1, 4, 7, 3, 6, 2, 5)( 8,14,12,10)( 9,15,13,11), 
      ( 1,36, 7,34, 5,48,19, 3,17,13,35,11,33,28, 4,26, 2,43,12,41,10, 8,27,
          6,25,20,42,18)( 9,52,23,50,21,56,39,15,37,32,51,30,49,47,16,45,14,
         55,31,53,29,24,46,22,44,40,54,38) ], 
  [ ( 1, 4, 7, 3, 6, 2, 5)( 8,10,12,14)( 9,11,13,15), 
      ( 1,26, 7,43, 5,41,19, 8,17, 6,35,20,33,18, 4,36, 2,34,12,48,10, 3,27,
         13,25,11,42,28)( 9,45,23,55,21,53,39,24,37,22,51,40,49,38,16,52,14,
         50,31,56,29,15,46,32,44,30,54,47) ], 
  [ (1,5,2,6,3,7,4), ( 1,10,33, 5,25, 2,17)( 3,18,41,11,34, 6,26)
        ( 4,19,42,12,35, 7,27)( 8,28,48,20,43,13,36)( 9,29,49,21,44,14,37)
        (15,38,53,30,50,22,45)(16,39,54,31,51,23,46)(24,47,56,40,55,32,52) ], 
  [ ( 1, 5, 2, 6, 3, 7, 4)( 8,12)( 9,13)(10,14)(11,15), 
      ( 1,19,33,12,25, 7,17, 4,10,42, 5,35, 2,27)( 3,28,41,20,34,13,26, 8,18,
         48,11,43, 6,36)( 9,39,49,31,44,23,37,16,29,54,21,51,14,46)
        (15,47,53,40,50,32,45,24,38,56,30,55,22,52) ], 
  [ ( 1, 5, 2, 6, 3, 7, 4)( 8,14,12,10)( 9,15,13,11), 
      ( 1,28,42,11,25,13,27, 3,10,48,12,34, 2,36, 4,18,33,20,35, 6,17, 8,19,
         41, 5,43, 7,26)( 9,47,54,30,44,32,46,15,29,56,31,50,14,52,16,38,49,
         40,51,22,37,24,39,53,21,55,23,45) ], 
  [ ( 1, 5, 2, 6, 3, 7, 4)( 8,10,12,14)( 9,11,13,15), 
      ( 1,18,42,20,25, 6,27, 8,10,41,12,43, 2,26, 4,28,33,11,35,13,17, 3,19,
         48, 5,34, 7,36)( 9,38,54,40,44,22,46,24,29,53,31,55,14,45,16,47,49,
         30,51,32,37,15,39,56,21,50,23,52) ], 
  [ (1,6,4,2,7,5,3), ( 1, 5,17,33, 2,10,25)( 3,11,26,41, 6,18,34)
        ( 4,12,27,42, 7,19,35)( 8,20,36,48,13,28,43)( 9,21,37,49,14,29,44)
        (15,30,45,53,22,38,50)(16,31,46,54,23,39,51)(24,40,52,56,32,47,55) ], 
  [ ( 1, 6, 4, 2, 7, 5, 3)( 8,12)( 9,13)(10,14)(11,15), 
      ( 1,12,17,42, 2,19,25, 4, 5,27,33, 7,10,35)( 3,20,26,48, 6,28,34, 8,11,
         36,41,13,18,43)( 9,31,37,54,14,39,44,16,21,46,49,23,29,51)
        (15,40,45,56,22,47,50,24,30,52,53,32,38,55) ], 
  [ ( 1, 6, 4, 2, 7, 5, 3)( 8,14,12,10)( 9,15,13,11), 
      ( 1,20,27,41, 2,28,35, 3, 5,36,42, 6,10,43, 4,11,17,48, 7,18,25, 8,12,
         26,33,13,19,34)( 9,40,46,53,14,47,51,15,21,52,54,22,29,55,16,30,37,
         56,23,38,44,24,31,45,49,32,39,50) ], 
  [ ( 1, 6, 4, 2, 7, 5, 3)( 8,10,12,14)( 9,11,13,15), 
      ( 1,11,27,48, 2,18,35, 8, 5,26,42,13,10,34, 4,20,17,41, 7,28,25, 3,12,
         36,33, 6,19,43)( 9,30,46,56,14,38,51,24,21,45,54,32,29,50,16,40,37,
         53,23,47,44,15,31,52,49,22,39,55) ], 
  [ (1,7,6,5,4,3,2), ( 1, 2, 5,10,17,25,33)( 3, 6,11,18,26,34,41)
        ( 4, 7,12,19,27,35,42)( 8,13,20,28,36,43,48)( 9,14,21,29,37,44,49)
        (15,22,30,38,45,50,53)(16,23,31,39,46,51,54)(24,32,40,47,52,55,56) ], 
  [ ( 1, 7, 6, 5, 4, 3, 2)( 8,12)( 9,13)(10,14)(11,15), 
      ( 1, 7, 5,19,17,35,33, 4, 2,12,10,27,25,42)( 3,13,11,28,26,43,41, 8, 6,
         20,18,36,34,48)( 9,23,21,39,37,51,49,16,14,31,29,46,44,54)
        (15,32,30,47,45,55,53,24,22,40,38,52,50,56) ], 
  [ ( 1, 7, 6, 5, 4, 3, 2)( 8,14,12,10)( 9,15,13,11), 
      ( 1,13,12,18,17,43,42, 3, 2,20,19,26,25,48, 4, 6, 5,28,27,34,33, 8, 7,
         11,10,36,35,41)( 9,32,31,38,37,55,54,15,14,40,39,45,44,56,16,22,21,
         47,46,50,49,24,23,30,29,52,51,53) ], 
  [ ( 1, 7, 6, 5, 4, 3, 2)( 8,10,12,14)( 9,11,13,15), 
      ( 1, 6,12,28,17,34,42, 8, 2,11,19,36,25,41, 4,13, 5,18,27,43,33, 3, 7,
         20,10,26,35,48)( 9,22,31,47,37,50,54,24,14,30,39,52,44,53,16,32,21,
         38,46,55,49,15,23,40,29,45,51,56) ], 
  [ ( 8,15,14,13,12,11,10, 9), ( 1,24, 4,15)( 2,32, 7,22)( 3,16, 8, 9)
        ( 5,40,12,30)( 6,23,13,14)(10,47,19,38)(11,31,20,21)(17,52,27,45)
        (18,39,28,29)(25,55,35,50)(26,46,36,37)(33,56,42,53)(34,51,43,44)
        (41,54,48,49) ], 
  [ ( 8,11,14, 9,12,15,10,13), ( 1,15, 4,24)( 2,22, 7,32)( 3, 9, 8,16)
        ( 5,30,12,40)( 6,14,13,23)(10,38,19,47)(11,21,20,31)(17,45,27,52)
        (18,29,28,39)(25,50,35,55)(26,37,36,46)(33,53,42,56)(34,44,43,51)
        (41,49,48,54) ], 
  [ ( 8,13,10,15,12, 9,14,11), ( 1,16, 4, 9)( 2,23, 7,14)( 3,15, 8,24)
        ( 5,31,12,21)( 6,22,13,32)(10,39,19,29)(11,30,20,40)(17,46,27,37)
        (18,38,28,47)(25,51,35,44)(26,45,36,52)(33,54,42,49)(34,50,43,55)
        (41,53,48,56) ], 
  [ ( 8, 9,10,11,12,13,14,15), ( 1, 9, 4,16)( 2,14, 7,23)( 3,24, 8,15)
        ( 5,21,12,31)( 6,32,13,22)(10,29,19,39)(11,40,20,30)(17,37,27,46)
        (18,47,28,38)(25,44,35,51)(26,52,36,45)(33,49,42,54)(34,55,43,50)
        (41,56,48,53) ], 
  [ ( 1, 2, 3, 4, 5, 6, 7)( 8,15,14,13,12,11,10, 9), 
      ( 1,56,35,45,10,40, 7,15,33,55,27,38, 5,32, 4,53,25,52,19,30, 2,24,42,
         50,17,47,12,22)( 3,54,43,37,18,31,13, 9,41,51,36,29,11,23, 8,49,34,
         46,28,21, 6,16,48,44,26,39,20,14) ], 
  [ ( 1, 2, 3, 4, 5, 6, 7)( 8,11,14, 9,12,15,10,13), 
      ( 1,53,35,52,10,30, 7,24,33,50,27,47, 5,22, 4,56,25,45,19,40, 2,15,42,
         55,17,38,12,32)( 3,49,43,46,18,21,13,16,41,44,36,39,11,14, 8,54,34,
         37,28,31, 6, 9,48,51,26,29,20,23) ], 
  [ ( 1, 2, 3, 4, 5, 6, 7)( 8,13,10,15,12, 9,14,11), 
      ( 1,54,35,37,10,31, 7, 9,33,51,27,29, 5,23, 4,49,25,46,19,21, 2,16,42,
         44,17,39,12,14)( 3,53,43,52,18,30,13,24,41,50,36,47,11,22, 8,56,34,
         45,28,40, 6,15,48,55,26,38,20,32) ], 
  [ ( 1, 2, 3, 4, 5, 6, 7)( 8, 9,10,11,12,13,14,15), 
      ( 1,49,35,46,10,21, 7,16,33,44,27,39, 5,14, 4,54,25,37,19,31, 2, 9,42,
         51,17,29,12,23)( 3,56,43,45,18,40,13,15,41,55,36,38,11,32, 8,53,34,
         52,28,30, 6,24,48,50,26,47,20,22) ], 
  [ ( 1, 3, 5, 7, 2, 4, 6)( 8,15,14,13,12,11,10, 9), 
      ( 1,55,19,22,33,52,12,15,25,47, 7,53,17,40, 4,50,10,32,42,45, 5,24,35,
         38, 2,56,27,30)( 3,51,28,14,41,46,20, 9,34,39,13,49,26,31, 8,44,18,
         23,48,37,11,16,43,29, 6,54,36,21) ], 
  [ ( 1, 3, 5, 7, 2, 4, 6)( 8,11,14, 9,12,15,10,13), 
      ( 1,50,19,32,33,45,12,24,25,38, 7,56,17,30, 4,55,10,22,42,52, 5,15,35,
         47, 2,53,27,40)( 3,44,28,23,41,37,20,16,34,29,13,54,26,21, 8,51,18,
         14,48,46,11, 9,43,39, 6,49,36,31) ], 
  [ ( 1, 3, 5, 7, 2, 4, 6)( 8,13,10,15,12, 9,14,11), 
      ( 1,51,19,14,33,46,12, 9,25,39, 7,49,17,31, 4,44,10,23,42,37, 5,16,35,
         29, 2,54,27,21)( 3,50,28,32,41,45,20,24,34,38,13,56,26,30, 8,55,18,
         22,48,52,11,15,43,47, 6,53,36,40) ], 
  [ ( 1, 3, 5, 7, 2, 4, 6)( 8, 9,10,11,12,13,14,15), 
      ( 1,44,19,23,33,37,12,16,25,29, 7,54,17,21, 4,51,10,14,42,46, 5, 9,35,
         39, 2,49,27,31)( 3,55,28,22,41,52,20,15,34,47,13,53,26,40, 8,50,18,
         32,48,45,11,24,43,38, 6,56,36,30) ], 
  [ ( 1, 4, 7, 3, 6, 2, 5)( 8,15,14,13,12,11,10, 9), 
      ( 1,52, 7,50, 5,56,19,15,17,32,35,30,33,47, 4,45, 2,55,12,53,10,24,27,
         22,25,40,42,38)( 3,46,13,44,11,54,28, 9,26,23,43,21,41,39, 8,37, 6,
         51,20,49,18,16,36,14,34,31,48,29) ], 
  [ ( 1, 4, 7, 3, 6, 2, 5)( 8,11,14, 9,12,15,10,13), 
      ( 1,45, 7,55, 5,53,19,24,17,22,35,40,33,38, 4,52, 2,50,12,56,10,15,27,
         32,25,30,42,47)( 3,37,13,51,11,49,28,16,26,14,43,31,41,29, 8,46, 6,
         44,20,54,18, 9,36,23,34,21,48,39) ], 
  [ ( 1, 4, 7, 3, 6, 2, 5)( 8,13,10,15,12, 9,14,11), 
      ( 1,46, 7,44, 5,54,19, 9,17,23,35,21,33,39, 4,37, 2,51,12,49,10,16,27,
         14,25,31,42,29)( 3,45,13,55,11,53,28,24,26,22,43,40,41,38, 8,52, 6,
         50,20,56,18,15,36,32,34,30,48,47) ], 
  [ ( 1, 4, 7, 3, 6, 2, 5)( 8, 9,10,11,12,13,14,15), 
      ( 1,37, 7,51, 5,49,19,16,17,14,35,31,33,29, 4,46, 2,44,12,54,10, 9,27,
         23,25,21,42,39)( 3,52,13,50,11,56,28,15,26,32,43,30,41,47, 8,45, 6,
         55,20,53,18,24,36,22,34,40,48,38) ], 
  [ ( 1, 5, 2, 6, 3, 7, 4)( 8,15,14,13,12,11,10, 9), 
      ( 1,47,42,30,25,32,27,15,10,56,12,50, 2,52, 4,38,33,40,35,22,17,24,19,
         53, 5,55, 7,45)( 3,39,48,21,34,23,36, 9,18,54,20,44, 6,46, 8,29,41,
         31,43,14,26,16,28,49,11,51,13,37) ], 
  [ ( 1, 5, 2, 6, 3, 7, 4)( 8,11,14, 9,12,15,10,13), 
      ( 1,38,42,40,25,22,27,24,10,53,12,55, 2,45, 4,47,33,30,35,32,17,15,19,
         56, 5,50, 7,52)( 3,29,48,31,34,14,36,16,18,49,20,51, 6,37, 8,39,41,
         21,43,23,26, 9,28,54,11,44,13,46) ], 
  [ ( 1, 5, 2, 6, 3, 7, 4)( 8,13,10,15,12, 9,14,11), 
      ( 1,39,42,21,25,23,27, 9,10,54,12,44, 2,46, 4,29,33,31,35,14,17,16,19,
