BRACES[100] := rec( total := -1, implemented := 51, size := 100, brace := [] );BRACES[100].brace[1] := rec ( size := 100, perms := [ [  (),  
(),  ], [  (1, 51, 6, 56)(2, 52, 7, 57)(3, 53, 8, 58)(4, 54, 9, 59)(5, 55, 10, 60)(11, 61, 16, 66)(12, 62, 17, 67)(13, 63, 18, 68)(14, 64, 19,
69)(15, 65, 20, 70)(21, 71, 26, 76)(22, 72, 27, 77)(23, 73, 28, 78)(24, 74, 29, 79)(25, 75, 30, 80)(31, 81, 36, 86)(32, 82, 37, 87)(33, 83, 
38, 88)(34, 84, 39, 89)(35, 85, 40, 90)(41, 91, 46, 96)(42, 92, 47, 97)(43, 93, 48, 98)(44, 94, 49, 99)(45, 95, 50, 100),  (1, 51)(2, 52)(3, 
53)(4, 54)(5, 55)(6, 56)(7, 57)(8, 58)(9, 59)(10, 60)(11, 61)(12, 62)(13, 63)(14, 64)(15, 65)(16, 66)(17, 67)(18, 68)(19, 69)(20, 70)(21, 
71)(22, 72)(23, 73)(24, 74)(25, 75)(26, 76)(27, 77)(28, 78)(29, 79)(30, 80)(31, 81)(32, 82)(33, 83)(34, 84)(35, 85)(36, 86)(37, 87)(38, 
88)(39, 89)(40, 90)(41, 91)(42, 92)(43, 93)(44, 94)(45, 95)(46, 96)(47, 97)(48, 98)(49, 99)(50, 100),  ], [  (1, 6)(2, 7)(3, 8)(4, 9)(5, 
10)(11, 16)(12, 17)(13, 18)(14, 19)(15, 20)(21, 26)(22, 27)(23, 28)(24, 29)(25, 30)(31, 36)(32, 37)(33, 38)(34, 39)(35, 40)(41, 46)(42, 
47)(43, 48)(44, 49)(45, 50)(51, 56)(52, 57)(53, 58)(54, 59)(55, 60)(61, 66)(62, 67)(63, 68)(64, 69)(65, 70)(71, 76)(72, 77)(73, 78)(74, 
79)(75, 80)(81, 86)(82, 87)(83, 88)(84, 89)(85, 90)(91, 96)(92, 97)(93, 98)(94, 99)(95, 100),  (1, 6)(2, 7)(3, 8)(4, 9)(5, 10)(11, 16)(12, 
17)(13, 18)(14, 19)(15, 20)(21, 26)(22, 27)(23, 28)(24, 29)(25, 30)(31, 36)(32, 37)(33, 38)(34, 39)(35, 40)(41, 46)(42, 47)(43, 48)(44, 
49)(45, 50)(51, 56)(52, 57)(53, 58)(54, 59)(55, 60)(61, 66)(62, 67)(63, 68)(64, 69)(65, 70)(71, 76)(72, 77)(73, 78)(74, 79)(75, 80)(81, 
86)(82, 87)(83, 88)(84, 89)(85, 90)(91, 96)(92, 97)(93, 98)(94, 99)(95, 100),  ], [  (1, 35, 15, 44, 24, 4, 33, 13, 42, 22, 2, 31, 11, 45, 25,
5, 34, 14, 43, 23, 3, 32, 12, 41, 21)(6, 40, 20, 49, 29, 9, 38, 18, 47, 27, 7, 36, 16, 50, 30, 10, 39, 19, 48, 28, 8, 37, 17, 46, 26)(51, 85, 
65, 94, 74, 54, 83, 63, 92, 72, 52, 81, 61, 95, 75, 55, 84, 64, 93, 73, 53, 82, 62, 91, 71)(56, 90, 70, 99, 79, 59, 88, 68, 97, 77, 57, 86, 
66, 100, 80, 60, 89, 69, 98, 78, 58, 87, 67, 96, 76),  (1, 21, 41, 12, 32, 3, 23, 43, 14, 34, 5, 25, 45, 11, 31, 2, 22, 42, 13, 33, 4, 24, 44,
15, 35)(6, 26, 46, 17, 37, 8, 28, 48, 19, 39, 10, 30, 50, 16, 36, 7, 27, 47, 18, 38, 9, 29, 49, 20, 40)(51, 71, 91, 62, 82, 53, 73, 93, 64, 
84, 55, 75, 95, 61, 81, 52, 72, 92, 63, 83, 54, 74, 94, 65, 85)(56, 76, 96, 67, 87, 58, 78, 98, 69, 89, 60, 80, 100, 66, 86, 57, 77, 97, 68, 
88, 59, 79, 99, 70, 90),  ], [  (1, 4, 2, 5, 3)(6, 9, 7, 10, 8)(11, 14, 12, 15, 13)(16, 19, 17, 20, 18)(21, 24, 22, 25, 23)(26, 29, 27, 30, 
28)(31, 34, 32, 35, 33)(36, 39, 37, 40, 38)(41, 44, 42, 45, 43)(46, 49, 47, 50, 48)(51, 54, 52, 55, 53)(56, 59, 57, 60, 58)(61, 64, 62, 65, 
63)(66, 69, 67, 70, 68)(71, 74, 72, 75, 73)(76, 79, 77, 80, 78)(81, 84, 82, 85, 83)(86, 89, 87, 90, 88)(91, 94, 92, 95, 93)(96, 99, 97, 100, 
98),  (1, 3, 5, 2, 4)(6, 8, 10, 7, 9)(11, 13, 15, 12, 14)(16, 18, 20, 17, 19)(21, 23, 25, 22, 24)(26, 28, 30, 27, 29)(31, 33, 35, 32, 34)(36, 
38, 40, 37, 39)(41, 43, 45, 42, 44)(46, 48, 50, 47, 49)(51, 53, 55, 52, 54)(56, 58, 60, 57, 59)(61, 63, 65, 62, 64)(66, 68, 70, 67, 69)(71, 
73, 75, 72, 74)(76, 78, 80, 77, 79)(81, 83, 85, 82, 84)(86, 88, 90, 87, 89)(91, 93, 95, 92, 94)(96, 98, 100, 97, 99),  ], [  (1, 21, 41, 12, 
32, 3, 23, 43, 14, 34, 5, 25, 45, 11, 31, 2, 22, 42, 13, 33, 4, 24, 44, 15, 35)(6, 26, 46, 17, 37, 8, 28, 48, 19, 39, 10, 30, 50, 16, 36, 7, 
27, 47, 18, 38, 9, 29, 49, 20, 40)(51, 71, 91, 62, 82, 53, 73, 93, 64, 84, 55, 75, 95, 61, 81, 52, 72, 92, 63, 83, 54, 74, 94, 65, 85)(56, 76,
96, 67, 87, 58, 78, 98, 69, 89, 60, 80, 100, 66, 86, 57, 77, 97, 68, 88, 59, 79, 99, 70, 90),  (1, 35, 15, 44, 24, 4, 33, 13, 42, 22, 2, 31, 
11, 45, 25, 5, 34, 14, 43, 23, 3, 32, 12, 41, 21)(6, 40, 20, 49, 29, 9, 38, 18, 47, 27, 7, 36, 16, 50, 30, 10, 39, 19, 48, 28, 8, 37, 17, 46, 
26)(51, 85, 65, 94, 74, 54, 83, 63, 92, 72, 52, 81, 61, 95, 75, 55, 84, 64, 93, 73, 53, 82, 62, 91, 71)(56, 90, 70, 99, 79, 59, 88, 68, 97, 
77, 57, 86, 66, 100, 80, 60, 89, 69, 98, 78, 58, 87, 67, 96, 76),  ], [  (1, 3, 5, 2, 4)(6, 8, 10, 7, 9)(11, 13, 15, 12, 14)(16, 18, 20, 17, 
19)(21, 23, 25, 22, 24)(26, 28, 30, 27, 29)(31, 33, 35, 32, 34)(36, 38, 40, 37, 39)(41, 43, 45, 42, 44)(46, 48, 50, 47, 49)(51, 53, 55, 52, 
54)(56, 58, 60, 57, 59)(61, 63, 65, 62, 64)(66, 68, 70, 67, 69)(71, 73, 75, 72, 74)(76, 78, 80, 77, 79)(81, 83, 85, 82, 84)(86, 88, 90, 87, 
89)(91, 93, 95, 92, 94)(96, 98, 100, 97, 99),  (1, 4, 2, 5, 3)(6, 9, 7, 10, 8)(11, 14, 12, 15, 13)(16, 19, 17, 20, 18)(21, 24, 22, 25, 23)(26,
29, 27, 30, 28)(31, 34, 32, 35, 33)(36, 39, 37, 40, 38)(41, 44, 42, 45, 43)(46, 49, 47, 50, 48)(51, 54, 52, 55, 53)(56, 59, 57, 60, 58)(61, 
64, 62, 65, 63)(66, 69, 67, 70, 68)(71, 74, 72, 75, 73)(76, 79, 77, 80, 78)(81, 84, 82, 85, 83)(86, 89, 87, 90, 88)(91, 94, 92, 95, 93)(96, 
99, 97, 100, 98),  ], [  (1, 56, 6, 51)(2, 57, 7, 52)(3, 58, 8, 53)(4, 59, 9, 54)(5, 60, 10, 55)(11, 66, 16, 61)(12, 67, 17, 62)(13, 68, 18, 
63)(14, 69, 19, 64)(15, 70, 20, 65)(21, 76, 26, 71)(22, 77, 27, 72)(23, 78, 28, 73)(24, 79, 29, 74)(25, 80, 30, 75)(31, 86, 36, 81)(32, 87, 
37, 82)(33, 88, 38, 83)(34, 89, 39, 84)(35, 90, 40, 85)(41, 96, 46, 91)(42, 97, 47, 92)(43, 98, 48, 93)(44, 99, 49, 94)(45, 100, 50, 95),  (1,
56)(2, 57)(3, 58)(4, 59)(5, 60)(6, 51)(7, 52)(8, 53)(9, 54)(10, 55)(11, 66)(12, 67)(13, 68)(14, 69)(15, 70)(16, 61)(17, 62)(18, 63)(19, 
64)(20, 65)(21, 76)(22, 77)(23, 78)(24, 79)(25, 80)(26, 71)(27, 72)(28, 73)(29, 74)(30, 75)(31, 86)(32, 87)(33, 88)(34, 89)(35, 90)(36, 
81)(37, 82)(38, 83)(39, 84)(40, 85)(41, 96)(42, 97)(43, 98)(44, 99)(45, 100)(46, 91)(47, 92)(48, 93)(49, 94)(50, 95),  ], [  (1, 85, 20, 99, 
24, 54, 38, 68, 42, 72, 7, 86, 11, 95, 30, 60, 34, 64, 48, 78, 3, 82, 17, 96, 21, 51, 40, 70, 44, 74, 9, 88, 13, 92, 27, 57, 31, 61, 50, 80, 
5, 84, 19, 98, 23, 53, 37, 67, 41, 71, 6, 90, 15, 94, 29, 59, 33, 63, 47, 77, 2, 81, 16, 100, 25, 55, 39, 69, 43, 73, 8, 87, 12, 91, 26, 56, 
35, 65, 49, 79, 4, 83, 18, 97, 22, 52, 36, 66, 45, 75, 10, 89, 14, 93, 28, 58, 32, 62, 46, 76),  (1, 71, 41, 62, 32, 53, 23, 93, 14, 84, 5, 
75, 45, 61, 31, 52, 22, 92, 13, 83, 4, 74, 44, 65, 35, 51, 21, 91, 12, 82, 3, 73, 43, 64, 34, 55, 25, 95, 11, 81, 2, 72, 42, 63, 33, 54, 24, 
94, 15, 85)(6, 76, 46, 67, 37, 58, 28, 98, 19, 89, 10, 80, 50, 66, 36, 57, 27, 97, 18, 88, 9, 79, 49, 70, 40, 56, 26, 96, 17, 87, 8, 78, 48, 
69, 39, 60, 30, 100, 16, 86, 7, 77, 47, 68, 38, 59, 29, 99, 20, 90),  ], [  (1, 54, 7, 60, 3, 51, 9, 57, 5, 53, 6, 59, 2, 55, 8, 56, 4, 52, 
10, 58)(11, 64, 17, 70, 13, 61, 19, 67, 15, 63, 16, 69, 12, 65, 18, 66, 14, 62, 20, 68)(21, 74, 27, 80, 23, 71, 29, 77, 25, 73, 26, 79, 22, 
75, 28, 76, 24, 72, 30, 78)(31, 84, 37, 90, 33, 81, 39, 87, 35, 83, 36, 89, 32, 85, 38, 86, 34, 82, 40, 88)(41, 94, 47, 100, 43, 91, 49, 97, 
45, 93, 46, 99, 42, 95, 48, 96, 44, 92, 50, 98),  (1, 53, 5, 52, 4, 51, 3, 55, 2, 54)(6, 58, 10, 57, 9, 56, 8, 60, 7, 59)(11, 63, 15, 62, 14, 
61, 13, 65, 12, 64)(16, 68, 20, 67, 19, 66, 18, 70, 17, 69)(21, 73, 25, 72, 24, 71, 23, 75, 22, 74)(26, 78, 30, 77, 29, 76, 28, 80, 27, 
79)(31, 83, 35, 82, 34, 81, 33, 85, 32, 84)(36, 88, 40, 87, 39, 86, 38, 90, 37, 89)(41, 93, 45, 92, 44, 91, 43, 95, 42, 94)(46, 98, 50, 97, 
49, 96, 48, 100, 47, 99),  ], [  (1, 71, 46, 67, 32, 53, 28, 98, 14, 84, 10, 80, 45, 61, 36, 57, 22, 92, 18, 88, 4, 74, 49, 70, 35, 51, 26, 
96, 12, 82, 8, 78, 43, 64, 39, 60, 25, 95, 16, 86, 2, 72, 47, 68, 33, 54, 29, 99, 15, 85, 6, 76, 41, 62, 37, 58, 23, 93, 19, 89, 5, 75, 50, 
66, 31, 52, 27, 97, 13, 83, 9, 79, 44, 65, 40, 56, 21, 91, 17, 87, 3, 73, 48, 69, 34, 55, 30, 100, 11, 81, 7, 77, 42, 63, 38, 59, 24, 94, 20, 
90),  (1, 85, 15, 94, 24, 54, 33, 63, 42, 72, 2, 81, 11, 95, 25, 55, 34, 64, 43, 73, 3, 82, 12, 91, 21, 51, 35, 65, 44, 74, 4, 83, 13, 92, 22,
52, 31, 61, 45, 75, 5, 84, 14, 93, 23, 53, 32, 62, 41, 71)(6, 90, 20, 99, 29, 59, 38, 68, 47, 77, 7, 86, 16, 100, 30, 60, 39, 69, 48, 78, 8, 
87, 17, 96, 26, 56, 40, 70, 49, 79, 9, 88, 18, 97, 27, 57, 36, 66, 50, 80, 10, 89, 19, 98, 28, 58, 37, 67, 46, 76),  ], [  (1, 53, 10, 57, 4, 
51, 8, 60, 2, 54, 6, 58, 5, 52, 9, 56, 3, 55, 7, 59)(11, 63, 20, 67, 14, 61, 18, 70, 12, 64, 16, 68, 15, 62, 19, 66, 13, 65, 17, 69)(21, 73, 
30, 77, 24, 71, 28, 80, 22, 74, 26, 78, 25, 72, 29, 76, 23, 75, 27, 79)(31, 83, 40, 87, 34, 81, 38, 90, 32, 84, 36, 88, 35, 82, 39, 86, 33, 
85, 37, 89)(41, 93, 50, 97, 44, 91, 48, 100, 42, 94, 46, 98, 45, 92, 49, 96, 43, 95, 47, 99),  (1, 54, 2, 55, 3, 51, 4, 52, 5, 53)(6, 59, 7, 
60, 8, 56, 9, 57, 10, 58)(11, 64, 12, 65, 13, 61, 14, 62, 15, 63)(16, 69, 17, 70, 18, 66, 19, 67, 20, 68)(21, 74, 22, 75, 23, 71, 24, 72, 25, 
73)(26, 79, 27, 80, 28, 76, 29, 77, 30, 78)(31, 84, 32, 85, 33, 81, 34, 82, 35, 83)(36, 89, 37, 90, 38, 86, 39, 87, 40, 88)(41, 94, 42, 95, 
43, 91, 44, 92, 45, 93)(46, 99, 47, 100, 48, 96, 49, 97, 50, 98),  ], [  (1, 40, 15, 49, 24, 9, 33, 18, 42, 27, 2, 36, 11, 50, 25, 10, 34, 19,
43, 28, 3, 37, 12, 46, 21, 6, 35, 20, 44, 29, 4, 38, 13, 47, 22, 7, 31, 16, 45, 30, 5, 39, 14, 48, 23, 8, 32, 17, 41, 26)(51, 90, 65, 99, 74, 
59, 83, 68, 92, 77, 52, 86, 61, 100, 75, 60, 84, 69, 93, 78, 53, 87, 62, 96, 71, 56, 85, 70, 94, 79, 54, 88, 63, 97, 72, 57, 81, 66, 95, 80, 
55, 89, 64, 98, 73, 58, 82, 67, 91, 76),  (1, 26, 41, 17, 32, 8, 23, 48, 14, 39, 5, 30, 45, 16, 31, 7, 22, 47, 13, 38, 4, 29, 44, 20, 35, 6, 
21, 46, 12, 37, 3, 28, 43, 19, 34, 10, 25, 50, 11, 36, 2, 27, 42, 18, 33, 9, 24, 49, 15, 40)(51, 76, 91, 67, 82, 58, 73, 98, 64, 89, 55, 80, 
95, 66, 81, 57, 72, 97, 63, 88, 54, 79, 94, 70, 85, 56, 71, 96, 62, 87, 53, 78, 93, 69, 84, 60, 75, 100, 61, 86, 52, 77, 92, 68, 83, 59, 74, 
99, 65, 90),  ], [  (1, 9, 2, 10, 3, 6, 4, 7, 5, 8)(11, 19, 12, 20, 13, 16, 14, 17, 15, 18)(21, 29, 22, 30, 23, 26, 24, 27, 25, 28)(31, 39, 
32, 40, 33, 36, 34, 37, 35, 38)(41, 49, 42, 50, 43, 46, 44, 47, 45, 48)(51, 59, 52, 60, 53, 56, 54, 57, 55, 58)(61, 69, 62, 70, 63, 66, 64, 
67, 65, 68)(71, 79, 72, 80, 73, 76, 74, 77, 75, 78)(81, 89, 82, 90, 83, 86, 84, 87, 85, 88)(91, 99, 92, 100, 93, 96, 94, 97, 95, 98),  (1, 8, 
5, 7, 4, 6, 3, 10, 2, 9)(11, 18, 15, 17, 14, 16, 13, 20, 12, 19)(21, 28, 25, 27, 24, 26, 23, 30, 22, 29)(31, 38, 35, 37, 34, 36, 33, 40, 32, 
39)(41, 48, 45, 47, 44, 46, 43, 50, 42, 49)(51, 58, 55, 57, 54, 56, 53, 60, 52, 59)(61, 68, 65, 67, 64, 66, 63, 70, 62, 69)(71, 78, 75, 77, 
74, 76, 73, 80, 72, 79)(81, 88, 85, 87, 84, 86, 83, 90, 82, 89)(91, 98, 95, 97, 94, 96, 93, 100, 92, 99),  ], [  (1, 26, 41, 17, 32, 8, 23, 
48, 14, 39, 5, 30, 45, 16, 31, 7, 22, 47, 13, 38, 4, 29, 44, 20, 35, 6, 21, 46, 12, 37, 3, 28, 43, 19, 34, 10, 25, 50, 11, 36, 2, 27, 42, 18, 
33, 9, 24, 49, 15, 40)(51, 76, 91, 67, 82, 58, 73, 98, 64, 89, 55, 80, 95, 66, 81, 57, 72, 97, 63, 88, 54, 79, 94, 70, 85, 56, 71, 96, 62, 87,
53, 78, 93, 69, 84, 60, 75, 100, 61, 86, 52, 77, 92, 68, 83, 59, 74, 99, 65, 90),  (1, 40, 15, 49, 24, 9, 33, 18, 42, 27, 2, 36, 11, 50, 25, 
10, 34, 19, 43, 28, 3, 37, 12, 46, 21, 6, 35, 20, 44, 29, 4, 38, 13, 47, 22, 7, 31, 16, 45, 30, 5, 39, 14, 48, 23, 8, 32, 17, 41, 26)(51, 90, 
65, 99, 74, 59, 83, 68, 92, 77, 52, 86, 61, 100, 75, 60, 84, 69, 93, 78, 53, 87, 62, 96, 71, 56, 85, 70, 94, 79, 54, 88, 63, 97, 72, 57, 81, 
66, 95, 80, 55, 89, 64, 98, 73, 58, 82, 67, 91, 76),  ], [  (1, 8, 5, 7, 4, 6, 3, 10, 2, 9)(11, 18, 15, 17, 14, 16, 13, 20, 12, 19)(21, 28, 
25, 27, 24, 26, 23, 30, 22, 29)(31, 38, 35, 37, 34, 36, 33, 40, 32, 39)(41, 48, 45, 47, 44, 46, 43, 50, 42, 49)(51, 58, 55, 57, 54, 56, 53, 
60, 52, 59)(61, 68, 65, 67, 64, 66, 63, 70, 62, 69)(71, 78, 75, 77, 74, 76, 73, 80, 72, 79)(81, 88, 85, 87, 84, 86, 83, 90, 82, 89)(91, 98, 
95, 97, 94, 96, 93, 100, 92, 99),  (1, 9, 2, 10, 3, 6, 4, 7, 5, 8)(11, 19, 12, 20, 13, 16, 14, 17, 15, 18)(21, 29, 22, 30, 23, 26, 24, 27, 25,
28)(31, 39, 32, 40, 33, 36, 34, 37, 35, 38)(41, 49, 42, 50, 43, 46, 44, 47, 45, 48)(51, 59, 52, 60, 53, 56, 54, 57, 55, 58)(61, 69, 62, 70, 
63, 66, 64, 67, 65, 68)(71, 79, 72, 80, 73, 76, 74, 77, 75, 78)(81, 89, 82, 90, 83, 86, 84, 87, 85, 88)(91, 99, 92, 100, 93, 96, 94, 97, 95, 
98),  ], [  (1, 15, 24, 33, 42, 2, 11, 25, 34, 43, 3, 12, 21, 35, 44, 4, 13, 22, 31, 45, 5, 14, 23, 32, 41)(6, 20, 29, 38, 47, 7, 16, 30, 39, 
48, 8, 17, 26, 40, 49, 9, 18, 27, 36, 50, 10, 19, 28, 37, 46)(51, 65, 74, 83, 92, 52, 61, 75, 84, 93, 53, 62, 71, 85, 94, 54, 63, 72, 81, 95, 
55, 64, 73, 82, 91)(56, 70, 79, 88, 97, 57, 66, 80, 89, 98, 58, 67, 76, 90, 99, 59, 68, 77, 86, 100, 60, 69, 78, 87, 96),  (1, 41, 32, 23, 14,
5, 45, 31, 22, 13, 4, 44, 35, 21, 12, 3, 43, 34, 25, 11, 2, 42, 33, 24, 15)(6, 46, 37, 28, 19, 10, 50, 36, 27, 18, 9, 49, 40, 26, 17, 8, 48, 
39, 30, 16, 7, 47, 38, 29, 20)(51, 91, 82, 73, 64, 55, 95, 81, 72, 63, 54, 94, 85, 71, 62, 53, 93, 84, 75, 61, 52, 92, 83, 74, 65)(56, 96, 87,
78, 69, 60, 100, 86, 77, 68, 59, 99, 90, 76, 67, 58, 98, 89, 80, 66, 57, 97, 88, 79, 70),  ], [  (1, 33, 11, 43, 21, 4, 31, 14, 41, 24, 2, 34,
12, 44, 22, 5, 32, 15, 42, 25, 3, 35, 13, 45, 23)(6, 38, 16, 48, 26, 9, 36, 19, 46, 29, 7, 39, 17, 49, 27, 10, 37, 20, 47, 30, 8, 40, 18, 50, 
28)(51, 83, 61, 93, 71, 54, 81, 64, 91, 74, 52, 84, 62, 94, 72, 55, 82, 65, 92, 75, 53, 85, 63, 95, 73)(56, 88, 66, 98, 76, 59, 86, 69, 96, 
79, 57, 89, 67, 99, 77, 60, 87, 70, 97, 80, 58, 90, 68, 100, 78),  (1, 23, 45, 13, 35, 3, 25, 42, 15, 32, 5, 22, 44, 12, 34, 2, 24, 41, 14, 
31, 4, 21, 43, 11, 33)(6, 28, 50, 18, 40, 8, 30, 47, 20, 37, 10, 27, 49, 17, 39, 7, 29, 46, 19, 36, 9, 26, 48, 16, 38)(51, 73, 95, 63, 85, 53,
75, 92, 65, 82, 55, 72, 94, 62, 84, 52, 74, 91, 64, 81, 54, 71, 93, 61, 83)(56, 78, 100, 68, 90, 58, 80, 97, 70, 87, 60, 77, 99, 67, 89, 57, 
79, 96, 69, 86, 59, 76, 98, 66, 88),  ], [  (1, 32, 14, 45, 22, 4, 35, 12, 43, 25, 2, 33, 15, 41, 23, 5, 31, 13, 44, 21, 3, 34, 11, 42, 24)(6,
37, 19, 50, 27, 9, 40, 17, 48, 30, 7, 38, 20, 46, 28, 10, 36, 18, 49, 26, 8, 39, 16, 47, 29)(51, 82, 64, 95, 72, 54, 85, 62, 93, 75, 52, 83, 
65, 91, 73, 55, 81, 63, 94, 71, 53, 84, 61, 92, 74)(56, 87, 69, 100, 77, 59, 90, 67, 98, 80, 57, 88, 70, 96, 78, 60, 86, 68, 99, 76, 58, 89, 
66, 97, 79),  (1, 24, 42, 11, 34, 3, 21, 44, 13, 31, 5, 23, 41, 15, 33, 2, 25, 43, 12, 35, 4, 22, 45, 14, 32)(6, 29, 47, 16, 39, 8, 26, 49, 
18, 36, 10, 28, 46, 20, 38, 7, 30, 48, 17, 40, 9, 27, 50, 19, 37)(51, 74, 92, 61, 84, 53, 71, 94, 63, 81, 55, 73, 91, 65, 83, 52, 75, 93, 62, 
85, 54, 72, 95, 64, 82)(56, 79, 97, 66, 89, 58, 76, 99, 68, 86, 60, 78, 96, 70, 88, 57, 80, 98, 67, 90, 59, 77, 100, 69, 87),  ], [  (1, 2, 3,
4, 5)(6, 7, 8, 9, 10)(11, 12, 13, 14, 15)(16, 17, 18, 19, 20)(21, 22, 23, 24, 25)(26, 27, 28, 29, 30)(31, 32, 33, 34, 35)(36, 37, 38, 39, 
40)(41, 42, 43, 44, 45)(46, 47, 48, 49, 50)(51, 52, 53, 54, 55)(56, 57, 58, 59, 60)(61, 62, 63, 64, 65)(66, 67, 68, 69, 70)(71, 72, 73, 74, 
75)(76, 77, 78, 79, 80)(81, 82, 83, 84, 85)(86, 87, 88, 89, 90)(91, 92, 93, 94, 95)(96, 97, 98, 99, 100),  (1, 5, 4, 3, 2)(6, 10, 9, 8, 7)(11,
15, 14, 13, 12)(16, 20, 19, 18, 17)(21, 25, 24, 23, 22)(26, 30, 29, 28, 27)(31, 35, 34, 33, 32)(36, 40, 39, 38, 37)(41, 45, 44, 43, 42)(46, 
50, 49, 48, 47)(51, 55, 54, 53, 52)(56, 60, 59, 58, 57)(61, 65, 64, 63, 62)(66, 70, 69, 68, 67)(71, 75, 74, 73, 72)(76, 80, 79, 78, 77)(81, 
85, 84, 83, 82)(86, 90, 89, 88, 87)(91, 95, 94, 93, 92)(96, 100, 99, 98, 97),  ], [  (1, 24, 42, 11, 34, 3, 21, 44, 13, 31, 5, 23, 41, 15, 33,
2, 25, 43, 12, 35, 4, 22, 45, 14, 32)(6, 29, 47, 16, 39, 8, 26, 49, 18, 36, 10, 28, 46, 20, 38, 7, 30, 48, 17, 40, 9, 27, 50, 19, 37)(51, 74, 
92, 61, 84, 53, 71, 94, 63, 81, 55, 73, 91, 65, 83, 52, 75, 93, 62, 85, 54, 72, 95, 64, 82)(56, 79, 97, 66, 89, 58, 76, 99, 68, 86, 60, 78, 
96, 70, 88, 57, 80, 98, 67, 90, 59, 77, 100, 69, 87),  (1, 32, 14, 45, 22, 4, 35, 12, 43, 25, 2, 33, 15, 41, 23, 5, 31, 13, 44, 21, 3, 34, 11,
42, 24)(6, 37, 19, 50, 27, 9, 40, 17, 48, 30, 7, 38, 20, 46, 28, 10, 36, 18, 49, 26, 8, 39, 16, 47, 29)(51, 82, 64, 95, 72, 54, 85, 62, 93, 
75, 52, 83, 65, 91, 73, 55, 81, 63, 94, 71, 53, 84, 61, 92, 74)(56, 87, 69, 100, 77, 59, 90, 67, 98, 80, 57, 88, 70, 96, 78, 60, 86, 68, 99, 
76, 58, 89, 66, 97, 79),  ], [  (1, 41, 32, 23, 14, 5, 45, 31, 22, 13, 4, 44, 35, 21, 12, 3, 43, 34, 25, 11, 2, 42, 33, 24, 15)(6, 46, 37, 28,
19, 10, 50, 36, 27, 18, 9, 49, 40, 26, 17, 8, 48, 39, 30, 16, 7, 47, 38, 29, 20)(51, 91, 82, 73, 64, 55, 95, 81, 72, 63, 54, 94, 85, 71, 62, 
53, 93, 84, 75, 61, 52, 92, 83, 74, 65)(56, 96, 87, 78, 69, 60, 100, 86, 77, 68, 59, 99, 90, 76, 67, 58, 98, 89, 80, 66, 57, 97, 88, 79, 70), 
(1, 15, 24, 33, 42, 2, 11, 25, 34, 43, 3, 12, 21, 35, 44, 4, 13, 22, 31, 45, 5, 14, 23, 32, 41)(6, 20, 29, 38, 47, 7, 16, 30, 39, 48, 8, 17, 
26, 40, 49, 9, 18, 27, 36, 50, 10, 19, 28, 37, 46)(51, 65, 74, 83, 92, 52, 61, 75, 84, 93, 53, 62, 71, 85, 94, 54, 63, 72, 81, 95, 55, 64, 73,
82, 91)(56, 70, 79, 88, 97, 57, 66, 80, 89, 98, 58, 67, 76, 90, 99, 59, 68, 77, 86, 100, 60, 69, 78, 87, 96),  ], [  (1, 23, 45, 13, 35, 3, 
25, 42, 15, 32, 5, 22, 44, 12, 34, 2, 24, 41, 14, 31, 4, 21, 43, 11, 33)(6, 28, 50, 18, 40, 8, 30, 47, 20, 37, 10, 27, 49, 17, 39, 7, 29, 46, 
19, 36, 9, 26, 48, 16, 38)(51, 73, 95, 63, 85, 53, 75, 92, 65, 82, 55, 72, 94, 62, 84, 52, 74, 91, 64, 81, 54, 71, 93, 61, 83)(56, 78, 100, 
68, 90, 58, 80, 97, 70, 87, 60, 77, 99, 67, 89, 57, 79, 96, 69, 86, 59, 76, 98, 66, 88),  (1, 33, 11, 43, 21, 4, 31, 14, 41, 24, 2, 34, 12, 
44, 22, 5, 32, 15, 42, 25, 3, 35, 13, 45, 23)(6, 38, 16, 48, 26, 9, 36, 19, 46, 29, 7, 39, 17, 49, 27, 10, 37, 20, 47, 30, 8, 40, 18, 50, 
28)(51, 83, 61, 93, 71, 54, 81, 64, 91, 74, 52, 84, 62, 94, 72, 55, 82, 65, 92, 75, 53, 85, 63, 95, 73)(56, 88, 66, 98, 76, 59, 86, 69, 96, 
79, 57, 89, 67, 99, 77, 60, 87, 70, 97, 80, 58, 90, 68, 100, 78),  ], [  (1, 5, 4, 3, 2)(6, 10, 9, 8, 7)(11, 15, 14, 13, 12)(16, 20, 19, 18, 
17)(21, 25, 24, 23, 22)(26, 30, 29, 28, 27)(31, 35, 34, 33, 32)(36, 40, 39, 38, 37)(41, 45, 44, 43, 42)(46, 50, 49, 48, 47)(51, 55, 54, 53, 
52)(56, 60, 59, 58, 57)(61, 65, 64, 63, 62)(66, 70, 69, 68, 67)(71, 75, 74, 73, 72)(76, 80, 79, 78, 77)(81, 85, 84, 83, 82)(86, 90, 89, 88, 
87)(91, 95, 94, 93, 92)(96, 100, 99, 98, 97),  (1, 2, 3, 4, 5)(6, 7, 8, 9, 10)(11, 12, 13, 14, 15)(16, 17, 18, 19, 20)(21, 22, 23, 24, 25)(26,
27, 28, 29, 30)(31, 32, 33, 34, 35)(36, 37, 38, 39, 40)(41, 42, 43, 44, 45)(46, 47, 48, 49, 50)(51, 52, 53, 54, 55)(56, 57, 58, 59, 60)(61, 
62, 63, 64, 65)(66, 67, 68, 69, 70)(71, 72, 73, 74, 75)(76, 77, 78, 79, 80)(81, 82, 83, 84, 85)(86, 87, 88, 89, 90)(91, 92, 93, 94, 95)(96, 
97, 98, 99, 100),  ], [  (1, 90, 20, 94, 24, 59, 38, 63, 42, 77, 7, 81, 11, 100, 30, 55, 34, 69, 48, 73, 3, 87, 17, 91, 21, 56, 40, 65, 44, 
79, 9, 83, 13, 97, 27, 52, 31, 66, 50, 75, 5, 89, 19, 93, 23, 58, 37, 62, 41, 76, 6, 85, 15, 99, 29, 54, 33, 68, 47, 72, 2, 86, 16, 95, 25, 
60, 39, 64, 43, 78, 8, 82, 12, 96, 26, 51, 35, 70, 49, 74, 4, 88, 18, 92, 22, 57, 36, 61, 45, 80, 10, 84, 14, 98, 28, 53, 32, 67, 46, 71),  
(1, 76, 41, 67, 32, 58, 23, 98, 14, 89, 5, 80, 45, 66, 31, 57, 22, 97, 13, 88, 4, 79, 44, 70, 35, 56, 21, 96, 12, 87, 3, 78, 43, 69, 34, 60, 
25, 100, 11, 86, 2, 77, 42, 68, 33, 59, 24, 99, 15, 90)(6, 71, 46, 62, 37, 53, 28, 93, 19, 84, 10, 75, 50, 61, 36, 52, 27, 92, 18, 83, 9, 74, 
49, 65, 40, 51, 26, 91, 17, 82, 8, 73, 48, 64, 39, 55, 30, 95, 16, 81, 7, 72, 47, 63, 38, 54, 29, 94, 20, 85),  ], [  (1, 59, 7, 55, 3, 56, 9,
52, 5, 58, 6, 54, 2, 60, 8, 51, 4, 57, 10, 53)(11, 69, 17, 65, 13, 66, 19, 62, 15, 68, 16, 64, 12, 70, 18, 61, 14, 67, 20, 63)(21, 79, 27, 75,
23, 76, 29, 72, 25, 78, 26, 74, 22, 80, 28, 71, 24, 77, 30, 73)(31, 89, 37, 85, 33, 86, 39, 82, 35, 88, 36, 84, 32, 90, 38, 81, 34, 87, 40, 
83)(41, 99, 47, 95, 43, 96, 49, 92, 45, 98, 46, 94, 42, 100, 48, 91, 44, 97, 50, 93),  (1, 58, 5, 57, 4, 56, 3, 60, 2, 59)(6, 53, 10, 52, 9, 
51, 8, 55, 7, 54)(11, 68, 15, 67, 14, 66, 13, 70, 12, 69)(16, 63, 20, 62, 19, 61, 18, 65, 17, 64)(21, 78, 25, 77, 24, 76, 23, 80, 22, 79)(26, 
73, 30, 72, 29, 71, 28, 75, 27, 74)(31, 88, 35, 87, 34, 86, 33, 90, 32, 89)(36, 83, 40, 82, 39, 81, 38, 85, 37, 84)(41, 98, 45, 97, 44, 96, 
43, 100, 42, 99)(46, 93, 50, 92, 49, 91, 48, 95, 47, 94),  ], [  (1, 76, 46, 62, 32, 58, 28, 93, 14, 89, 10, 75, 45, 66, 36, 52, 22, 97, 18, 
83, 4, 79, 49, 65, 35, 56, 26, 91, 12, 87, 8, 73, 43, 69, 39, 55, 25, 100, 16, 81, 2, 77, 47, 63, 33, 59, 29, 94, 15, 90, 6, 71, 41, 67, 37, 
53, 23, 98, 19, 84, 5, 80, 50, 61, 31, 57, 27, 92, 13, 88, 9, 74, 44, 70, 40, 51, 21, 96, 17, 82, 3, 78, 48, 64, 34, 60, 30, 95, 11, 86, 7, 
72, 42, 68, 38, 54, 24, 99, 20, 85),  (1, 90, 15, 99, 24, 59, 33, 68, 42, 77, 2, 86, 11, 100, 25, 60, 34, 69, 43, 78, 3, 87, 12, 96, 21, 56, 
35, 70, 44, 79, 4, 88, 13, 97, 22, 57, 31, 66, 45, 80, 5, 89, 14, 98, 23, 58, 32, 67, 41, 76)(6, 85, 20, 94, 29, 54, 38, 63, 47, 72, 7, 81, 
16, 95, 30, 55, 39, 64, 48, 73, 8, 82, 17, 91, 26, 51, 40, 65, 49, 74, 9, 83, 18, 92, 27, 52, 36, 61, 50, 75, 10, 84, 19, 93, 28, 53, 37, 62, 
46, 71),  ], [  (1, 58, 10, 52, 4, 56, 8, 55, 2, 59, 6, 53, 5, 57, 9, 51, 3, 60, 7, 54)(11, 68, 20, 62, 14, 66, 18, 65, 12, 69, 16, 63, 15, 
67, 19, 61, 13, 70, 17, 64)(21, 78, 30, 72, 24, 76, 28, 75, 22, 79, 26, 73, 25, 77, 29, 71, 23, 80, 27, 74)(31, 88, 40, 82, 34, 86, 38, 85, 
32, 89, 36, 83, 35, 87, 39, 81, 33, 90, 37, 84)(41, 98, 50, 92, 44, 96, 48, 95, 42, 99, 46, 93, 45, 97, 49, 91, 43, 100, 47, 94),  (1, 59, 2, 
60, 3, 56, 4, 57, 5, 58)(6, 54, 7, 55, 8, 51, 9, 52, 10, 53)(11, 69, 12, 70, 13, 66, 14, 67, 15, 68)(16, 64, 17, 65, 18, 61, 19, 62, 20, 
63)(21, 79, 22, 80, 23, 76, 24, 77, 25, 78)(26, 74, 27, 75, 28, 71, 29, 72, 30, 73)(31, 89, 32, 90, 33, 86, 34, 87, 35, 88)(36, 84, 37, 85, 
38, 81, 39, 82, 40, 83)(41, 99, 42, 100, 43, 96, 44, 97, 45, 98)(46, 94, 47, 95, 48, 91, 49, 92, 50, 93),  ], [  (1, 65, 29, 88, 42, 52, 16, 
80, 34, 93, 8, 67, 21, 85, 49, 59, 13, 72, 36, 100, 5, 64, 28, 87, 41, 51, 20, 79, 33, 92, 7, 66, 25, 84, 48, 58, 12, 71, 40, 99, 4, 63, 27, 
86, 45, 55, 19, 78, 32, 91, 6, 70, 24, 83, 47, 57, 11, 75, 39, 98, 3, 62, 26, 90, 44, 54, 18, 77, 31, 95, 10, 69, 23, 82, 46, 56, 15, 74, 38, 
97, 2, 61, 30, 89, 43, 53, 17, 76, 35, 94, 9, 68, 22, 81, 50, 60, 14, 73, 37, 96),  (1, 91, 32, 73, 14, 55, 45, 81, 22, 63, 4, 94, 35, 71, 12,
53, 43, 84, 25, 61, 2, 92, 33, 74, 15, 51, 41, 82, 23, 64, 5, 95, 31, 72, 13, 54, 44, 85, 21, 62, 3, 93, 34, 75, 11, 52, 42, 83, 24, 65)(6, 
96, 37, 78, 19, 60, 50, 86, 27, 68, 9, 99, 40, 76, 17, 58, 48, 89, 30, 66, 7, 97, 38, 79, 20, 56, 46, 87, 28, 69, 10, 100, 36, 77, 18, 59, 49,
90, 26, 67, 8, 98, 39, 80, 16, 57, 47, 88, 29, 70),  ], [  (1, 83, 16, 98, 21, 54, 36, 69, 41, 74, 7, 89, 12, 94, 27, 60, 32, 65, 47, 80, 3, 
85, 18, 100, 23, 51, 38, 66, 43, 71, 9, 86, 14, 91, 29, 57, 34, 62, 49, 77, 5, 82, 20, 97, 25, 53, 40, 68, 45, 73, 6, 88, 11, 93, 26, 59, 31, 
64, 46, 79, 2, 84, 17, 99, 22, 55, 37, 70, 42, 75, 8, 90, 13, 95, 28, 56, 33, 61, 48, 76, 4, 81, 19, 96, 24, 52, 39, 67, 44, 72, 10, 87, 15, 
92, 30, 58, 35, 63, 50, 78),  (1, 73, 45, 63, 35, 53, 25, 92, 15, 82, 5, 72, 44, 62, 34, 52, 24, 91, 14, 81, 4, 71, 43, 61, 33, 51, 23, 95, 
13, 85, 3, 75, 42, 65, 32, 55, 22, 94, 12, 84, 2, 74, 41, 64, 31, 54, 21, 93, 11, 83)(6, 78, 50, 68, 40, 58, 30, 97, 20, 87, 10, 77, 49, 67, 
39, 57, 29, 96, 19, 86, 9, 76, 48, 66, 38, 56, 28, 100, 18, 90, 8, 80, 47, 70, 37, 60, 27, 99, 17, 89, 7, 79, 46, 69, 36, 59, 26, 98, 16, 88),
], [  (1, 82, 19, 100, 22, 54, 40, 67, 43, 75, 7, 88, 15, 91, 28, 60, 31, 63, 49, 76, 3, 84, 16, 97, 24, 51, 37, 69, 45, 72, 9, 90, 12, 93, 
30, 57, 33, 65, 46, 78, 5, 81, 18, 99, 21, 53, 39, 66, 42, 74, 6, 87, 14, 95, 27, 59, 35, 62, 48, 80, 2, 83, 20, 96, 23, 55, 36, 68, 44, 71, 
8, 89, 11, 92, 29, 56, 32, 64, 50, 77, 4, 85, 17, 98, 25, 52, 38, 70, 41, 73, 10, 86, 13, 94, 26, 58, 34, 61, 47, 79),  (1, 74, 42, 61, 34, 
53, 21, 94, 13, 81, 5, 73, 41, 65, 33, 52, 25, 93, 12, 85, 4, 72, 45, 64, 32, 51, 24, 92, 11, 84, 3, 71, 44, 63, 31, 55, 23, 91, 15, 83, 2, 
75, 43, 62, 35, 54, 22, 95, 14, 82)(6, 79, 47, 66, 39, 58, 26, 99, 18, 86, 10, 78, 46, 70, 38, 57, 30, 98, 17, 90, 9, 77, 50, 69, 37, 56, 29, 
97, 16, 89, 8, 76, 49, 68, 36, 60, 28, 96, 20, 88, 7, 80, 48, 67, 40, 59, 27, 100, 19, 87),  ], [  (1, 52, 8, 59, 5, 51, 7, 58, 4, 55, 6, 57, 
3, 54, 10, 56, 2, 53, 9, 60)(11, 62, 18, 69, 15, 61, 17, 68, 14, 65, 16, 67, 13, 64, 20, 66, 12, 63, 19, 70)(21, 72, 28, 79, 25, 71, 27, 78, 
24, 75, 26, 77, 23, 74, 30, 76, 22, 73, 29, 80)(31, 82, 38, 89, 35, 81, 37, 88, 34, 85, 36, 87, 33, 84, 40, 86, 32, 83, 39, 90)(41, 92, 48, 
99, 45, 91, 47, 98, 44, 95, 46, 97, 43, 94, 50, 96, 42, 93, 49, 100),  (1, 55, 4, 53, 2, 51, 5, 54, 3, 52)(6, 60, 9, 58, 7, 56, 10, 59, 8, 
57)(11, 65, 14, 63, 12, 61, 15, 64, 13, 62)(16, 70, 19, 68, 17, 66, 20, 69, 18, 67)(21, 75, 24, 73, 22, 71, 25, 74, 23, 72)(26, 80, 29, 78, 
27, 76, 30, 79, 28, 77)(31, 85, 34, 83, 32, 81, 35, 84, 33, 82)(36, 90, 39, 88, 37, 86, 40, 89, 38, 87)(41, 95, 44, 93, 42, 91, 45, 94, 43, 
92)(46, 100, 49, 98, 47, 96, 50, 99, 48, 97),  ], [  (1, 74, 47, 66, 34, 53, 26, 99, 13, 81, 10, 78, 41, 65, 38, 57, 25, 93, 17, 90, 4, 72, 
50, 69, 32, 51, 29, 97, 11, 84, 8, 76, 44, 63, 36, 60, 23, 91, 20, 88, 2, 75, 48, 67, 35, 54, 27, 100, 14, 82, 6, 79, 42, 61, 39, 58, 21, 94, 
18, 86, 5, 73, 46, 70, 33, 52, 30, 98, 12, 85, 9, 77, 45, 64, 37, 56, 24, 92, 16, 89, 3, 71, 49, 68, 31, 55, 28, 96, 15, 83, 7, 80, 43, 62, 
40, 59, 22, 95, 19, 87),  (1, 82, 14, 95, 22, 54, 35, 62, 43, 75, 2, 83, 15, 91, 23, 55, 31, 63, 44, 71, 3, 84, 11, 92, 24, 51, 32, 64, 45, 
72, 4, 85, 12, 93, 25, 52, 33, 65, 41, 73, 5, 81, 13, 94, 21, 53, 34, 61, 42, 74)(6, 87, 19, 100, 27, 59, 40, 67, 48, 80, 7, 88, 20, 96, 28, 
60, 36, 68, 49, 76, 8, 89, 16, 97, 29, 56, 37, 69, 50, 77, 9, 90, 17, 98, 30, 57, 38, 70, 46, 78, 10, 86, 18, 99, 26, 58, 39, 66, 47, 79),  ],
[  (1, 91, 37, 78, 14, 55, 50, 86, 22, 63, 9, 99, 35, 71, 17, 58, 43, 84, 30, 66, 2, 92, 38, 79, 15, 51, 46, 87, 23, 64, 10, 100, 31, 72, 18, 
59, 44, 85, 26, 67, 3, 93, 39, 80, 11, 52, 47, 88, 24, 65, 6, 96, 32, 73, 19, 60, 45, 81, 27, 68, 4, 94, 40, 76, 12, 53, 48, 89, 25, 61, 7, 
97, 33, 74, 20, 56, 41, 82, 28, 69, 5, 95, 36, 77, 13, 54, 49, 90, 21, 62, 8, 98, 34, 75, 16, 57, 42, 83, 29, 70),  (1, 65, 24, 83, 42, 52, 
11, 75, 34, 93, 3, 62, 21, 85, 44, 54, 13, 72, 31, 95, 5, 64, 23, 82, 41, 51, 15, 74, 33, 92, 2, 61, 25, 84, 43, 53, 12, 71, 35, 94, 4, 63, 
22, 81, 45, 55, 14, 73, 32, 91)(6, 70, 29, 88, 47, 57, 16, 80, 39, 98, 8, 67, 26, 90, 49, 59, 18, 77, 36, 100, 10, 69, 28, 87, 46, 56, 20, 79,
38, 97, 7, 66, 30, 89, 48, 58, 17, 76, 40, 99, 9, 68, 27, 86, 50, 60, 19, 78, 37, 96),  ], [  (1, 73, 50, 68, 35, 53, 30, 97, 15, 82, 10, 77, 
44, 62, 39, 57, 24, 91, 19, 86, 4, 71, 48, 66, 33, 51, 28, 100, 13, 85, 8, 80, 42, 65, 37, 60, 22, 94, 17, 89, 2, 74, 46, 69, 31, 54, 26, 98, 
11, 83, 6, 78, 45, 63, 40, 58, 25, 92, 20, 87, 5, 72, 49, 67, 34, 52, 29, 96, 14, 81, 9, 76, 43, 61, 38, 56, 23, 95, 18, 90, 3, 75, 47, 70, 
32, 55, 27, 99, 12, 84, 7, 79, 41, 64, 36, 59, 21, 93, 16, 88),  (1, 83, 11, 93, 21, 54, 31, 64, 41, 74, 2, 84, 12, 94, 22, 55, 32, 65, 42, 
75, 3, 85, 13, 95, 23, 51, 33, 61, 43, 71, 4, 81, 14, 91, 24, 52, 34, 62, 44, 72, 5, 82, 15, 92, 25, 53, 35, 63, 45, 73)(6, 88, 16, 98, 26, 
59, 36, 69, 46, 79, 7, 89, 17, 99, 27, 60, 37, 70, 47, 80, 8, 90, 18, 100, 28, 56, 38, 66, 48, 76, 9, 86, 19, 96, 29, 57, 39, 67, 49, 77, 10, 
87, 20, 97, 30, 58, 40, 68, 50, 78),  ], [  (1, 55, 9, 58, 2, 51, 10, 59, 3, 52, 6, 60, 4, 53, 7, 56, 5, 54, 8, 57)(11, 65, 19, 68, 12, 61, 
20, 69, 13, 62, 16, 70, 14, 63, 17, 66, 15, 64, 18, 67)(21, 75, 29, 78, 22, 71, 30, 79, 23, 72, 26, 80, 24, 73, 27, 76, 25, 74, 28, 77)(31, 
85, 39, 88, 32, 81, 40, 89, 33, 82, 36, 90, 34, 83, 37, 86, 35, 84, 38, 87)(41, 95, 49, 98, 42, 91, 50, 99, 43, 92, 46, 100, 44, 93, 47, 96, 
45, 94, 48, 97),  (1, 52, 3, 54, 5, 51, 2, 53, 4, 55)(6, 57, 8, 59, 10, 56, 7, 58, 9, 60)(11, 62, 13, 64, 15, 61, 12, 63, 14, 65)(16, 67, 18, 
69, 20, 66, 17, 68, 19, 70)(21, 72, 23, 74, 25, 71, 22, 73, 24, 75)(26, 77, 28, 79, 30, 76, 27, 78, 29, 80)(31, 82, 33, 84, 35, 81, 32, 83, 
34, 85)(36, 87, 38, 89, 40, 86, 37, 88, 39, 90)(41, 92, 43, 94, 45, 91, 42, 93, 44, 95)(46, 97, 48, 99, 50, 96, 47, 98, 49, 100),  ], [  (1, 
20, 24, 38, 42, 7, 11, 30, 34, 48, 3, 17, 21, 40, 44, 9, 13, 27, 31, 50, 5, 19, 23, 37, 41, 6, 15, 29, 33, 47, 2, 16, 25, 39, 43, 8, 12, 26, 
35, 49, 4, 18, 22, 36, 45, 10, 14, 28, 32, 46)(51, 70, 74, 88, 92, 57, 61, 80, 84, 98, 53, 67, 71, 90, 94, 59, 63, 77, 81, 100, 55, 69, 73, 
87, 91, 56, 65, 79, 83, 97, 52, 66, 75, 89, 93, 58, 62, 76, 85, 99, 54, 68, 72, 86, 95, 60, 64, 78, 82, 96),  (1, 46, 32, 28, 14, 10, 45, 36, 
22, 18, 4, 49, 35, 26, 12, 8, 43, 39, 25, 16, 2, 47, 33, 29, 15, 6, 41, 37, 23, 19, 5, 50, 31, 27, 13, 9, 44, 40, 21, 17, 3, 48, 34, 30, 11, 
7, 42, 38, 24, 20)(51, 96, 82, 78, 64, 60, 95, 86, 72, 68, 54, 99, 85, 76, 62, 58, 93, 89, 75, 66, 52, 97, 83, 79, 65, 56, 91, 87, 73, 69, 55,
100, 81, 77, 63, 59, 94, 90, 71, 67, 53, 98, 84, 80, 61, 57, 92, 88, 74, 70),  ], [  (1, 38, 11, 48, 21, 9, 31, 19, 41, 29, 2, 39, 12, 49, 22,
10, 32, 20, 42, 30, 3, 40, 13, 50, 23, 6, 33, 16, 43, 26, 4, 36, 14, 46, 24, 7, 34, 17, 44, 27, 5, 37, 15, 47, 25, 8, 35, 18, 45, 28)(51, 88, 
61, 98, 71, 59, 81, 69, 91, 79, 52, 89, 62, 99, 72, 60, 82, 70, 92, 80, 53, 90, 63, 100, 73, 56, 83, 66, 93, 76, 54, 86, 64, 96, 74, 57, 84, 
67, 94, 77, 55, 87, 65, 97, 75, 58, 85, 68, 95, 78),  (1, 28, 45, 18, 35, 8, 25, 47, 15, 37, 5, 27, 44, 17, 34, 7, 24, 46, 14, 36, 4, 26, 43, 
16, 33, 6, 23, 50, 13, 40, 3, 30, 42, 20, 32, 10, 22, 49, 12, 39, 2, 29, 41, 19, 31, 9, 21, 48, 11, 38)(51, 78, 95, 68, 85, 58, 75, 97, 65, 
87, 55, 77, 94, 67, 84, 57, 74, 96, 64, 86, 54, 76, 93, 66, 83, 56, 73, 100, 63, 90, 53, 80, 92, 70, 82, 60, 72, 99, 62, 89, 52, 79, 91, 69, 
81, 59, 71, 98, 61, 88),  ], [  (1, 37, 14, 50, 22, 9, 35, 17, 43, 30, 2, 38, 15, 46, 23, 10, 31, 18, 44, 26, 3, 39, 11, 47, 24, 6, 32, 19, 
45, 27, 4, 40, 12, 48, 25, 7, 33, 20, 41, 28, 5, 36, 13, 49, 21, 8, 34, 16, 42, 29)(51, 87, 64, 100, 72, 59, 85, 67, 93, 80, 52, 88, 65, 96, 
73, 60, 81, 68, 94, 76, 53, 89, 61, 97, 74, 56, 82, 69, 95, 77, 54, 90, 62, 98, 75, 57, 83, 70, 91, 78, 55, 86, 63, 99, 71, 58, 84, 66, 92, 
79),  (1, 29, 42, 16, 34, 8, 21, 49, 13, 36, 5, 28, 41, 20, 33, 7, 25, 48, 12, 40, 4, 27, 45, 19, 32, 6, 24, 47, 11, 39, 3, 26, 44, 18, 31, 
10, 23, 46, 15, 38, 2, 30, 43, 17, 35, 9, 22, 50, 14, 37)(51, 79, 92, 66, 84, 58, 71, 99, 63, 86, 55, 78, 91, 70, 83, 57, 75, 98, 62, 90, 54, 
77, 95, 69, 82, 56, 74, 97, 61, 89, 53, 76, 94, 68, 81, 60, 73, 96, 65, 88, 52, 80, 93, 67, 85, 59, 72, 100, 64, 87),  ], [  (1, 7, 3, 9, 5, 
6, 2, 8, 4, 10)(11, 17, 13, 19, 15, 16, 12, 18, 14, 20)(21, 27, 23, 29, 25, 26, 22, 28, 24, 30)(31, 37, 33, 39, 35, 36, 32, 38, 34, 40)(41, 
47, 43, 49, 45, 46, 42, 48, 44, 50)(51, 57, 53, 59, 55, 56, 52, 58, 54, 60)(61, 67, 63, 69, 65, 66, 62, 68, 64, 70)(71, 77, 73, 79, 75, 76, 
72, 78, 74, 80)(81, 87, 83, 89, 85, 86, 82, 88, 84, 90)(91, 97, 93, 99, 95, 96, 92, 98, 94, 100),  (1, 10, 4, 8, 2, 6, 5, 9, 3, 7)(11, 20, 14,
18, 12, 16, 15, 19, 13, 17)(21, 30, 24, 28, 22, 26, 25, 29, 23, 27)(31, 40, 34, 38, 32, 36, 35, 39, 33, 37)(41, 50, 44, 48, 42, 46, 45, 49, 
43, 47)(51, 60, 54, 58, 52, 56, 55, 59, 53, 57)(61, 70, 64, 68, 62, 66, 65, 69, 63, 67)(71, 80, 74, 78, 72, 76, 75, 79, 73, 77)(81, 90, 84, 
88, 82, 86, 85, 89, 83, 87)(91, 100, 94, 98, 92, 96, 95, 99, 93, 97),  ], [  (1, 29, 42, 16, 34, 8, 21, 49, 13, 36, 5, 28, 41, 20, 33, 7, 25, 
48, 12, 40, 4, 27, 45, 19, 32, 6, 24, 47, 11, 39, 3, 26, 44, 18, 31, 10, 23, 46, 15, 38, 2, 30, 43, 17, 35, 9, 22, 50, 14, 37)(51, 79, 92, 66,
84, 58, 71, 99, 63, 86, 55, 78, 91, 70, 83, 57, 75, 98, 62, 90, 54, 77, 95, 69, 82, 56, 74, 97, 61, 89, 53, 76, 94, 68, 81, 60, 73, 96, 65, 
88, 52, 80, 93, 67, 85, 59, 72, 100, 64, 87),  (1, 37, 14, 50, 22, 9, 35, 17, 43, 30, 2, 38, 15, 46, 23, 10, 31, 18, 44, 26, 3, 39, 11, 47, 
24, 6, 32, 19, 45, 27, 4, 40, 12, 48, 25, 7, 33, 20, 41, 28, 5, 36, 13, 49, 21, 8, 34, 16, 42, 29)(51, 87, 64, 100, 72, 59, 85, 67, 93, 80, 
52, 88, 65, 96, 73, 60, 81, 68, 94, 76, 53, 89, 61, 97, 74, 56, 82, 69, 95, 77, 54, 90, 62, 98, 75, 57, 83, 70, 91, 78, 55, 86, 63, 99, 71, 
58, 84, 66, 92, 79),  ], [  (1, 46, 32, 28, 14, 10, 45, 36, 22, 18, 4, 49, 35, 26, 12, 8, 43, 39, 25, 16, 2, 47, 33, 29, 15, 6, 41, 37, 23, 
19, 5, 50, 31, 27, 13, 9, 44, 40, 21, 17, 3, 48, 34, 30, 11, 7, 42, 38, 24, 20)(51, 96, 82, 78, 64, 60, 95, 86, 72, 68, 54, 99, 85, 76, 62, 
58, 93, 89, 75, 66, 52, 97, 83, 79, 65, 56, 91, 87, 73, 69, 55, 100, 81, 77, 63, 59, 94, 90, 71, 67, 53, 98, 84, 80, 61, 57, 92, 88, 74, 70), 
(1, 20, 24, 38, 42, 7, 11, 30, 34, 48, 3, 17, 21, 40, 44, 9, 13, 27, 31, 50, 5, 19, 23, 37, 41, 6, 15, 29, 33, 47, 2, 16, 25, 39, 43, 8, 12, 
26, 35, 49, 4, 18, 22, 36, 45, 10, 14, 28, 32, 46)(51, 70, 74, 88, 92, 57, 61, 80, 84, 98, 53, 67, 71, 90, 94, 59, 63, 77, 81, 100, 55, 69, 
73, 87, 91, 56, 65, 79, 83, 97, 52, 66, 75, 89, 93, 58, 62, 76, 85, 99, 54, 68, 72, 86, 95, 60, 64, 78, 82, 96),  ], [  (1, 28, 45, 18, 35, 8,
25, 47, 15, 37, 5, 27, 44, 17, 34, 7, 24, 46, 14, 36, 4, 26, 43, 16, 33, 6, 23, 50, 13, 40, 3, 30, 42, 20, 32, 10, 22, 49, 12, 39, 2, 29, 41, 
19, 31, 9, 21, 48, 11, 38)(51, 78, 95, 68, 85, 58, 75, 97, 65, 87, 55, 77, 94, 67, 84, 57, 74, 96, 64, 86, 54, 76, 93, 66, 83, 56, 73, 100, 
63, 90, 53, 80, 92, 70, 82, 60, 72, 99, 62, 89, 52, 79, 91, 69, 81, 59, 71, 98, 61, 88),  (1, 38, 11, 48, 21, 9, 31, 19, 41, 29, 2, 39, 12, 
49, 22, 10, 32, 20, 42, 30, 3, 40, 13, 50, 23, 6, 33, 16, 43, 26, 4, 36, 14, 46, 24, 7, 34, 17, 44, 27, 5, 37, 15, 47, 25, 8, 35, 18, 45, 
28)(51, 88, 61, 98, 71, 59, 81, 69, 91, 79, 52, 89, 62, 99, 72, 60, 82, 70, 92, 80, 53, 90, 63, 100, 73, 56, 83, 66, 93, 76, 54, 86, 64, 96, 
74, 57, 84, 67, 94, 77, 55, 87, 65, 97, 75, 58, 85, 68, 95, 78),  ], [  (1, 10, 4, 8, 2, 6, 5, 9, 3, 7)(11, 20, 14, 18, 12, 16, 15, 19, 13, 
17)(21, 30, 24, 28, 22, 26, 25, 29, 23, 27)(31, 40, 34, 38, 32, 36, 35, 39, 33, 37)(41, 50, 44, 48, 42, 46, 45, 49, 43, 47)(51, 60, 54, 58, 
52, 56, 55, 59, 53, 57)(61, 70, 64, 68, 62, 66, 65, 69, 63, 67)(71, 80, 74, 78, 72, 76, 75, 79, 73, 77)(81, 90, 84, 88, 82, 86, 85, 89, 83, 
87)(91, 100, 94, 98, 92, 96, 95, 99, 93, 97),  (1, 7, 3, 9, 5, 6, 2, 8, 4, 10)(11, 17, 13, 19, 15, 16, 12, 18, 14, 20)(21, 27, 23, 29, 25, 26,
22, 28, 24, 30)(31, 37, 33, 39, 35, 36, 32, 38, 34, 40)(41, 47, 43, 49, 45, 46, 42, 48, 44, 50)(51, 57, 53, 59, 55, 56, 52, 58, 54, 60)(61, 
67, 63, 69, 65, 66, 62, 68, 64, 70)(71, 77, 73, 79, 75, 76, 72, 78, 74, 80)(81, 87, 83, 89, 85, 86, 82, 88, 84, 90)(91, 97, 93, 99, 95, 96, 
92, 98, 94, 100),  ], [  (1, 44, 33, 22, 11, 5, 43, 32, 21, 15, 4, 42, 31, 25, 14, 3, 41, 35, 24, 13, 2, 45, 34, 23, 12)(6, 49, 38, 27, 16, 
10, 48, 37, 26, 20, 9, 47, 36, 30, 19, 8, 46, 40, 29, 18, 7, 50, 39, 28, 17)(51, 94, 83, 72, 61, 55, 93, 82, 71, 65, 54, 92, 81, 75, 64, 53, 
91, 85, 74, 63, 52, 95, 84, 73, 62)(56, 99, 88, 77, 66, 60, 98, 87, 76, 70, 59, 97, 86, 80, 69, 58, 96, 90, 79, 68, 57, 100, 89, 78, 67),  (1,
12, 23, 34, 45, 2, 13, 24, 35, 41, 3, 14, 25, 31, 42, 4, 15, 21, 32, 43, 5, 11, 22, 33, 44)(6, 17, 28, 39, 50, 7, 18, 29, 40, 46, 8, 19, 30, 
36, 47, 9, 20, 26, 37, 48, 10, 16, 27, 38, 49)(51, 62, 73, 84, 95, 52, 63, 74, 85, 91, 53, 64, 75, 81, 92, 54, 65, 71, 82, 93, 55, 61, 72, 83,
94)(56, 67, 78, 89, 100, 57, 68, 79, 90, 96, 58, 69, 80, 86, 97, 59, 70, 76, 87, 98, 60, 66, 77, 88, 99),  ], [  (1, 13, 25, 32, 44, 2, 14, 
21, 33, 45, 3, 15, 22, 34, 41, 4, 11, 23, 35, 42, 5, 12, 24, 31, 43)(6, 18, 30, 37, 49, 7, 19, 26, 38, 50, 8, 20, 27, 39, 46, 9, 16, 28, 40, 
47, 10, 17, 29, 36, 48)(51, 63, 75, 82, 94, 52, 64, 71, 83, 95, 53, 65, 72, 84, 91, 54, 61, 73, 85, 92, 55, 62, 74, 81, 93)(56, 68, 80, 87, 
99, 57, 69, 76, 88, 100, 58, 70, 77, 89, 96, 59, 66, 78, 90, 97, 60, 67, 79, 86, 98),  (1, 43, 31, 24, 12, 5, 42, 35, 23, 11, 4, 41, 34, 22, 
15, 3, 45, 33, 21, 14, 2, 44, 32, 25, 13)(6, 48, 36, 29, 17, 10, 47, 40, 28, 16, 9, 46, 39, 27, 20, 8, 50, 38, 26, 19, 7, 49, 37, 30, 18)(51, 
93, 81, 74, 62, 55, 92, 85, 73, 61, 54, 91, 84, 72, 65, 53, 95, 83, 71, 64, 52, 94, 82, 75, 63)(56, 98, 86, 79, 67, 60, 97, 90, 78, 66, 59, 
96, 89, 77, 70, 58, 100, 88, 76, 69, 57, 99, 87, 80, 68),  ], [  (1, 12, 23, 34, 45, 2, 13, 24, 35, 41, 3, 14, 25, 31, 42, 4, 15, 21, 32, 43, 
5, 11, 22, 33, 44)(6, 17, 28, 39, 50, 7, 18, 29, 40, 46, 8, 19, 30, 36, 47, 9, 20, 26, 37, 48, 10, 16, 27, 38, 49)(51, 62, 73, 84, 95, 52, 63,
74, 85, 91, 53, 64, 75, 81, 92, 54, 65, 71, 82, 93, 55, 61, 72, 83, 94)(56, 67, 78, 89, 100, 57, 68, 79, 90, 96, 58, 69, 80, 86, 97, 59, 70, 
76, 87, 98, 60, 66, 77, 88, 99),  (1, 44, 33, 22, 11, 5, 43, 32, 21, 15, 4, 42, 31, 25, 14, 3, 41, 35, 24, 13, 2, 45, 34, 23, 12)(6, 49, 38, 
27, 16, 10, 48, 37, 26, 20, 9, 47, 36, 30, 19, 8, 46, 40, 29, 18, 7, 50, 39, 28, 17)(51, 94, 83, 72, 61, 55, 93, 82, 71, 65, 54, 92, 81, 75, 
64, 53, 91, 85, 74, 63, 52, 95, 84, 73, 62)(56, 99, 88, 77, 66, 60, 98, 87, 76, 70, 59, 97, 86, 80, 69, 58, 96, 90, 79, 68, 57, 100, 89, 78, 
67),  ], [  (1, 31, 12, 42, 23, 4, 34, 15, 45, 21, 2, 32, 13, 43, 24, 5, 35, 11, 41, 22, 3, 33, 14, 44, 25)(6, 36, 17, 47, 28, 9, 39, 20, 50, 
26, 7, 37, 18, 48, 29, 10, 40, 16, 46, 27, 8, 38, 19, 49, 30)(51, 81, 62, 92, 73, 54, 84, 65, 95, 71, 52, 82, 63, 93, 74, 55, 85, 61, 91, 72, 
53, 83, 64, 94, 75)(56, 86, 67, 97, 78, 59, 89, 70, 100, 76, 57, 87, 68, 98, 79, 60, 90, 66, 96, 77, 58, 88, 69, 99, 80),  (1, 25, 44, 14, 33,
3, 22, 41, 11, 35, 5, 24, 43, 13, 32, 2, 21, 45, 15, 34, 4, 23, 42, 12, 31)(6, 30, 49, 19, 38, 8, 27, 46, 16, 40, 10, 29, 48, 18, 37, 7, 26, 
50, 20, 39, 9, 28, 47, 17, 36)(51, 75, 94, 64, 83, 53, 72, 91, 61, 85, 55, 74, 93, 63, 82, 52, 71, 95, 65, 84, 54, 73, 92, 62, 81)(56, 80, 99,
69, 88, 58, 77, 96, 66, 90, 60, 79, 98, 68, 87, 57, 76, 100, 70, 89, 59, 78, 97, 67, 86),  ], [  (1, 34, 13, 41, 25, 4, 32, 11, 44, 23, 2, 35,
14, 42, 21, 5, 33, 12, 45, 24, 3, 31, 15, 43, 22)(6, 39, 18, 46, 30, 9, 37, 16, 49, 28, 7, 40, 19, 47, 26, 10, 38, 17, 50, 29, 8, 36, 20, 48, 
27)(51, 84, 63, 91, 75, 54, 82, 61, 94, 73, 52, 85, 64, 92, 71, 55, 83, 62, 95, 74, 53, 81, 65, 93, 72)(56, 89, 68, 96, 80, 59, 87, 66, 99, 
78, 57, 90, 69, 97, 76, 60, 88, 67, 100, 79, 58, 86, 70, 98, 77),  (1, 22, 43, 15, 31, 3, 24, 45, 12, 33, 5, 21, 42, 14, 35, 2, 23, 44, 11, 
32, 4, 25, 41, 13, 34)(6, 27, 48, 20, 36, 8, 29, 50, 17, 38, 10, 26, 47, 19, 40, 7, 28, 49, 16, 37, 9, 30, 46, 18, 39)(51, 72, 93, 65, 81, 53,
74, 95, 62, 83, 55, 71, 92, 64, 85, 52, 73, 94, 61, 82, 54, 75, 91, 63, 84)(56, 77, 98, 70, 86, 58, 79, 100, 67, 88, 60, 76, 97, 69, 90, 57, 
78, 99, 66, 87, 59, 80, 96, 68, 89),  ], [  (1, 22, 43, 15, 31, 3, 24, 45, 12, 33, 5, 21, 42, 14, 35, 2, 23, 44, 11, 32, 4, 25, 41, 13, 34)(6,
27, 48, 20, 36, 8, 29, 50, 17, 38, 10, 26, 47, 19, 40, 7, 28, 49, 16, 37, 9, 30, 46, 18, 39)(51, 72, 93, 65, 81, 53, 74, 95, 62, 83, 55, 71, 
92, 64, 85, 52, 73, 94, 61, 82, 54, 75, 91, 63, 84)(56, 77, 98, 70, 86, 58, 79, 100, 67, 88, 60, 76, 97, 69, 90, 57, 78, 99, 66, 87, 59, 80, 
96, 68, 89),  (1, 34, 13, 41, 25, 4, 32, 11, 44, 23, 2, 35, 14, 42, 21, 5, 33, 12, 45, 24, 3, 31, 15, 43, 22)(6, 39, 18, 46, 30, 9, 37, 16, 
49, 28, 7, 40, 19, 47, 26, 10, 38, 17, 50, 29, 8, 36, 20, 48, 27)(51, 84, 63, 91, 75, 54, 82, 61, 94, 73, 52, 85, 64, 92, 71, 55, 83, 62, 95, 
74, 53, 81, 65, 93, 72)(56, 89, 68, 96, 80, 59, 87, 66, 99, 78, 57, 90, 69, 97, 76, 60, 88, 67, 100, 79, 58, 86, 70, 98, 77),  ], [  (1, 43, 
31, 24, 12, 5, 42, 35, 23, 11, 4, 41, 34, 22, 15, 3, 45, 33, 21, 14, 2, 44, 32, 25, 13)(6, 48, 36, 29, 17, 10, 47, 40, 28, 16, 9, 46, 39, 27, 
20, 8, 50, 38, 26, 19, 7, 49, 37, 30, 18)(51, 93, 81, 74, 62, 55, 92, 85, 73, 61, 54, 91, 84, 72, 65, 53, 95, 83, 71, 64, 52, 94, 82, 75, 
63)(56, 98, 86, 79, 67, 60, 97, 90, 78, 66, 59, 96, 89, 77, 70, 58, 100, 88, 76, 69, 57, 99, 87, 80, 68),  (1, 13, 25, 32, 44, 2, 14, 21, 33, 
45, 3, 15, 22, 34, 41, 4, 11, 23, 35, 42, 5, 12, 24, 31, 43)(6, 18, 30, 37, 49, 7, 19, 26, 38, 50, 8, 20, 27, 39, 46, 9, 16, 28, 40, 47, 10, 
