BRACES[69] := rec( total := -1, implemented := 1, size := 69, brace := [] );BRACES[69].brace[1] := rec ( size := 69, perms := [ [  (),  (),  
], [  (1, 24, 47)(2, 25, 48)(3, 26, 49)(4, 27, 50)(5, 28, 51)(6, 29, 52)(7, 30, 53)(8, 31, 54)(9, 32, 55)(10, 33, 56)(11, 34, 57)(12, 35, 
58)(13, 36, 59)(14, 37, 60)(15, 38, 61)(16, 39, 62)(17, 40, 63)(18, 41, 64)(19, 42, 65)(20, 43, 66)(21, 44, 67)(22, 45, 68)(23, 46, 69),  (1, 
47, 24)(2, 48, 25)(3, 49, 26)(4, 50, 27)(5, 51, 28)(6, 52, 29)(7, 53, 30)(8, 54, 31)(9, 55, 32)(10, 56, 33)(11, 57, 34)(12, 58, 35)(13, 59, 
36)(14, 60, 37)(15, 61, 38)(16, 62, 39)(17, 63, 40)(18, 64, 41)(19, 65, 42)(20, 66, 43)(21, 67, 44)(22, 68, 45)(23, 69, 46),  ], [  (1, 7, 13,
19, 2, 8, 14, 20, 3, 9, 15, 21, 4, 10, 16, 22, 5, 11, 17, 23, 6, 12, 18)(24, 30, 36, 42, 25, 31, 37, 43, 26, 32, 38, 44, 27, 33, 39, 45, 28, 
34, 40, 46, 29, 35, 41)(47, 53, 59, 65, 48, 54, 60, 66, 49, 55, 61, 67, 50, 56, 62, 68, 51, 57, 63, 69, 52, 58, 64),  (1, 18, 12, 6, 23, 17, 
11, 5, 22, 16, 10, 4, 21, 15, 9, 3, 20, 14, 8, 2, 19, 13, 7)(24, 41, 35, 29, 46, 40, 34, 28, 45, 39, 33, 27, 44, 38, 32, 26, 43, 37, 31, 25, 
42, 36, 30)(47, 64, 58, 52, 69, 63, 57, 51, 68, 62, 56, 50, 67, 61, 55, 49, 66, 60, 54, 48, 65, 59, 53),  ], [  (1, 47, 24)(2, 48, 25)(3, 49, 
26)(4, 50, 27)(5, 51, 28)(6, 52, 29)(7, 53, 30)(8, 54, 31)(9, 55, 32)(10, 56, 33)(11, 57, 34)(12, 58, 35)(13, 59, 36)(14, 60, 37)(15, 61, 
38)(16, 62, 39)(17, 63, 40)(18, 64, 41)(19, 65, 42)(20, 66, 43)(21, 67, 44)(22, 68, 45)(23, 69, 46),  (1, 24, 47)(2, 25, 48)(3, 26, 49)(4, 27,
50)(5, 28, 51)(6, 29, 52)(7, 30, 53)(8, 31, 54)(9, 32, 55)(10, 33, 56)(11, 34, 57)(12, 35, 58)(13, 36, 59)(14, 37, 60)(15, 38, 61)(16, 39, 
62)(17, 40, 63)(18, 41, 64)(19, 42, 65)(20, 43, 66)(21, 44, 67)(22, 45, 68)(23, 46, 69),  ], [  (1, 18, 12, 6, 23, 17, 11, 5, 22, 16, 10, 4, 
21, 15, 9, 3, 20, 14, 8, 2, 19, 13, 7)(24, 41, 35, 29, 46, 40, 34, 28, 45, 39, 33, 27, 44, 38, 32, 26, 43, 37, 31, 25, 42, 36, 30)(47, 64, 58,
52, 69, 63, 57, 51, 68, 62, 56, 50, 67, 61, 55, 49, 66, 60, 54, 48, 65, 59, 53),  (1, 7, 13, 19, 2, 8, 14, 20, 3, 9, 15, 21, 4, 10, 16, 22, 5,
11, 17, 23, 6, 12, 18)(24, 30, 36, 42, 25, 31, 37, 43, 26, 32, 38, 44, 27, 33, 39, 45, 28, 34, 40, 46, 29, 35, 41)(47, 53, 59, 65, 48, 54, 60,
66, 49, 55, 61, 67, 50, 56, 62, 68, 51, 57, 63, 69, 52, 58, 64),  ], [  (1, 30, 59, 19, 25, 54, 14, 43, 49, 9, 38, 67, 4, 33, 62, 22, 28, 57, 
17, 46, 52, 12, 41, 47, 7, 36, 65, 2, 31, 60, 20, 26, 55, 15, 44, 50, 10, 39, 68, 5, 34, 63, 23, 29, 58, 18, 24, 53, 13, 42, 48, 8, 37, 66, 3,
32, 61, 21, 27, 56, 16, 45, 51, 11, 40, 69, 6, 35, 64),  (1, 64, 35, 6, 69, 40, 11, 51, 45, 16, 56, 27, 21, 61, 32, 3, 66, 37, 8, 48, 42, 13, 
53, 24, 18, 58, 29, 23, 63, 34, 5, 68, 39, 10, 50, 44, 15, 55, 26, 20, 60, 31, 2, 65, 36, 7, 47, 41, 12, 52, 46, 17, 57, 28, 22, 62, 33, 4, 
67, 38, 9, 49, 43, 14, 54, 25, 19, 59, 30),  ], [  (1, 41, 58, 6, 46, 63, 11, 28, 68, 16, 33, 50, 21, 38, 55, 3, 43, 60, 8, 25, 65, 13, 30, 
47, 18, 35, 52, 23, 40, 57, 5, 45, 62, 10, 27, 67, 15, 32, 49, 20, 37, 54, 2, 42, 59, 7, 24, 64, 12, 29, 69, 17, 34, 51, 22, 39, 56, 4, 44, 
61, 9, 26, 66, 14, 31, 48, 19, 36, 53),  (1, 53, 36, 19, 48, 31, 14, 66, 26, 9, 61, 44, 4, 56, 39, 22, 51, 34, 17, 69, 29, 12, 64, 24, 7, 59, 
42, 2, 54, 37, 20, 49, 32, 15, 67, 27, 10, 62, 45, 5, 57, 40, 23, 52, 35, 18, 47, 30, 13, 65, 25, 8, 60, 43, 3, 55, 38, 21, 50, 33, 16, 68, 
28, 11, 63, 46, 6, 58, 41),  ], [  (1, 13, 2, 14, 3, 15, 4, 16, 5, 17, 6, 18, 7, 19, 8, 20, 9, 21, 10, 22, 11, 23, 12)(24, 36, 25, 37, 26, 38,
27, 39, 28, 40, 29, 41, 30, 42, 31, 43, 32, 44, 33, 45, 34, 46, 35)(47, 59, 48, 60, 49, 61, 50, 62, 51, 63, 52, 64, 53, 65, 54, 66, 55, 67, 
56, 68, 57, 69, 58),  (1, 12, 23, 11, 22, 10, 21, 9, 20, 8, 19, 7, 18, 6, 17, 5, 16, 4, 15, 3, 14, 2, 13)(24, 35, 46, 34, 45, 33, 44, 32, 43, 
31, 42, 30, 41, 29, 40, 28, 39, 27, 38, 26, 37, 25, 36)(47, 58, 69, 57, 68, 56, 67, 55, 66, 54, 65, 53, 64, 52, 63, 51, 62, 50, 61, 49, 60, 
48, 59),  ], [  (1, 53, 36, 19, 48, 31, 14, 66, 26, 9, 61, 44, 4, 56, 39, 22, 51, 34, 17, 69, 29, 12, 64, 24, 7, 59, 42, 2, 54, 37, 20, 49, 
32, 15, 67, 27, 10, 62, 45, 5, 57, 40, 23, 52, 35, 18, 47, 30, 13, 65, 25, 8, 60, 43, 3, 55, 38, 21, 50, 33, 16, 68, 28, 11, 63, 46, 6, 58, 
41),  (1, 41, 58, 6, 46, 63, 11, 28, 68, 16, 33, 50, 21, 38, 55, 3, 43, 60, 8, 25, 65, 13, 30, 47, 18, 35, 52, 23, 40, 57, 5, 45, 62, 10, 27, 
67, 15, 32, 49, 20, 37, 54, 2, 42, 59, 7, 24, 64, 12, 29, 69, 17, 34, 51, 22, 39, 56, 4, 44, 61, 9, 26, 66, 14, 31, 48, 19, 36, 53),  ], [  
(1, 64, 35, 6, 69, 40, 11, 51, 45, 16, 56, 27, 21, 61, 32, 3, 66, 37, 8, 48, 42, 13, 53, 24, 18, 58, 29, 23, 63, 34, 5, 68, 39, 10, 50, 44, 
15, 55, 26, 20, 60, 31, 2, 65, 36, 7, 47, 41, 12, 52, 46, 17, 57, 28, 22, 62, 33, 4, 67, 38, 9, 49, 43, 14, 54, 25, 19, 59, 30),  (1, 30, 59, 
19, 25, 54, 14, 43, 49, 9, 38, 67, 4, 33, 62, 22, 28, 57, 17, 46, 52, 12, 41, 47, 7, 36, 65, 2, 31, 60, 20, 26, 55, 15, 44, 50, 10, 39, 68, 5,
34, 63, 23, 29, 58, 18, 24, 53, 13, 42, 48, 8, 37, 66, 3, 32, 61, 21, 27, 56, 16, 45, 51, 11, 40, 69, 6, 35, 64),  ], [  (1, 12, 23, 11, 22, 
10, 21, 9, 20, 8, 19, 7, 18, 6, 17, 5, 16, 4, 15, 3, 14, 2, 13)(24, 35, 46, 34, 45, 33, 44, 32, 43, 31, 42, 30, 41, 29, 40, 28, 39, 27, 38, 
26, 37, 25, 36)(47, 58, 69, 57, 68, 56, 67, 55, 66, 54, 65, 53, 64, 52, 63, 51, 62, 50, 61, 49, 60, 48, 59),  (1, 13, 2, 14, 3, 15, 4, 16, 5, 
17, 6, 18, 7, 19, 8, 20, 9, 21, 10, 22, 11, 23, 12)(24, 36, 25, 37, 26, 38, 27, 39, 28, 40, 29, 41, 30, 42, 31, 43, 32, 44, 33, 45, 34, 46, 
35)(47, 59, 48, 60, 49, 61, 50, 62, 51, 63, 52, 64, 53, 65, 54, 66, 55, 67, 56, 68, 57, 69, 58),  ], [  (1, 36, 48, 14, 26, 61, 4, 39, 51, 17,
29, 64, 7, 42, 54, 20, 32, 67, 10, 45, 57, 23, 35, 47, 13, 25, 60, 3, 38, 50, 16, 28, 63, 6, 41, 53, 19, 31, 66, 9, 44, 56, 22, 34, 69, 12, 
24, 59, 2, 37, 49, 15, 27, 62, 5, 40, 52, 18, 30, 65, 8, 43, 55, 21, 33, 68, 11, 46, 58),  (1, 58, 46, 11, 68, 33, 21, 55, 43, 8, 65, 30, 18, 
52, 40, 5, 62, 27, 15, 49, 37, 2, 59, 24, 12, 69, 34, 22, 56, 44, 9, 66, 31, 19, 53, 41, 6, 63, 28, 16, 50, 38, 3, 60, 25, 13, 47, 35, 23, 57,
45, 10, 67, 32, 20, 54, 42, 7, 64, 29, 17, 51, 39, 4, 61, 26, 14, 48, 36),  ], [  (1, 35, 69, 11, 45, 56, 21, 32, 66, 8, 42, 53, 18, 29, 63, 
5, 39, 50, 15, 26, 60, 2, 36, 47, 12, 46, 57, 22, 33, 67, 9, 43, 54, 19, 30, 64, 6, 40, 51, 16, 27, 61, 3, 37, 48, 13, 24, 58, 23, 34, 68, 10,
44, 55, 20, 31, 65, 7, 41, 52, 17, 28, 62, 4, 38, 49, 14, 25, 59),  (1, 59, 25, 14, 49, 38, 4, 62, 28, 17, 52, 41, 7, 65, 31, 20, 55, 44, 10, 
68, 34, 23, 58, 24, 13, 48, 37, 3, 61, 27, 16, 51, 40, 6, 64, 30, 19, 54, 43, 9, 67, 33, 22, 57, 46, 12, 47, 36, 2, 60, 26, 15, 50, 39, 5, 63,
29, 18, 53, 42, 8, 66, 32, 21, 56, 45, 11, 69, 35),  ], [  (1, 19, 14, 9, 4, 22, 17, 12, 7, 2, 20, 15, 10, 5, 23, 18, 13, 8, 3, 21, 16, 11, 
6)(24, 42, 37, 32, 27, 45, 40, 35, 30, 25, 43, 38, 33, 28, 46, 41, 36, 31, 26, 44, 39, 34, 29)(47, 65, 60, 55, 50, 68, 63, 58, 53, 48, 66, 61,
56, 51, 69, 64, 59, 54, 49, 67, 62, 57, 52),  (1, 6, 11, 16, 21, 3, 8, 13, 18, 23, 5, 10, 15, 20, 2, 7, 12, 17, 22, 4, 9, 14, 19)(24, 29, 34, 
39, 44, 26, 31, 36, 41, 46, 28, 33, 38, 43, 25, 30, 35, 40, 45, 27, 32, 37, 42)(47, 52, 57, 62, 67, 49, 54, 59, 64, 69, 51, 56, 61, 66, 48, 
53, 58, 63, 68, 50, 55, 60, 65),  ], [  (1, 59, 25, 14, 49, 38, 4, 62, 28, 17, 52, 41, 7, 65, 31, 20, 55, 44, 10, 68, 34, 23, 58, 24, 13, 48, 
37, 3, 61, 27, 16, 51, 40, 6, 64, 30, 19, 54, 43, 9, 67, 33, 22, 57, 46, 12, 47, 36, 2, 60, 26, 15, 50, 39, 5, 63, 29, 18, 53, 42, 8, 66, 32, 
21, 56, 45, 11, 69, 35),  (1, 35, 69, 11, 45, 56, 21, 32, 66, 8, 42, 53, 18, 29, 63, 5, 39, 50, 15, 26, 60, 2, 36, 47, 12, 46, 57, 22, 33, 67,
9, 43, 54, 19, 30, 64, 6, 40, 51, 16, 27, 61, 3, 37, 48, 13, 24, 58, 23, 34, 68, 10, 44, 55, 20, 31, 65, 7, 41, 52, 17, 28, 62, 4, 38, 49, 14,
25, 59),  ], [  (1, 58, 46, 11, 68, 33, 21, 55, 43, 8, 65, 30, 18, 52, 40, 5, 62, 27, 15, 49, 37, 2, 59, 24, 12, 69, 34, 22, 56, 44, 9, 66, 
31, 19, 53, 41, 6, 63, 28, 16, 50, 38, 3, 60, 25, 13, 47, 35, 23, 57, 45, 10, 67, 32, 20, 54, 42, 7, 64, 29, 17, 51, 39, 4, 61, 26, 14, 48, 
36),  (1, 36, 48, 14, 26, 61, 4, 39, 51, 17, 29, 64, 7, 42, 54, 20, 32, 67, 10, 45, 57, 23, 35, 47, 13, 25, 60, 3, 38, 50, 16, 28, 63, 6, 41, 
53, 19, 31, 66, 9, 44, 56, 22, 34, 69, 12, 24, 59, 2, 37, 49, 15, 27, 62, 5, 40, 52, 18, 30, 65, 8, 43, 55, 21, 33, 68, 11, 46, 58),  ], [  
(1, 6, 11, 16, 21, 3, 8, 13, 18, 23, 5, 10, 15, 20, 2, 7, 12, 17, 22, 4, 9, 14, 19)(24, 29, 34, 39, 44, 26, 31, 36, 41, 46, 28, 33, 38, 43, 
25, 30, 35, 40, 45, 27, 32, 37, 42)(47, 52, 57, 62, 67, 49, 54, 59, 64, 69, 51, 56, 61, 66, 48, 53, 58, 63, 68, 50, 55, 60, 65),  (1, 19, 14, 
9, 4, 22, 17, 12, 7, 2, 20, 15, 10, 5, 23, 18, 13, 8, 3, 21, 16, 11, 6)(24, 42, 37, 32, 27, 45, 40, 35, 30, 25, 43, 38, 33, 28, 46, 41, 36, 
31, 26, 44, 39, 34, 29)(47, 65, 60, 55, 50, 68, 63, 58, 53, 48, 66, 61, 56, 51, 69, 64, 59, 54, 49, 67, 62, 57, 52),  ], [  (1, 42, 60, 9, 27,
68, 17, 35, 53, 2, 43, 61, 10, 28, 69, 18, 36, 54, 3, 44, 62, 11, 29, 47, 19, 37, 55, 4, 45, 63, 12, 30, 48, 20, 38, 56, 5, 46, 64, 13, 31, 
49, 21, 39, 57, 6, 24, 65, 14, 32, 50, 22, 40, 58, 7, 25, 66, 15, 33, 51, 23, 41, 59, 8, 26, 67, 16, 34, 52),  (1, 52, 34, 16, 67, 26, 8, 59, 
41, 23, 51, 33, 15, 66, 25, 7, 58, 40, 22, 50, 32, 14, 65, 24, 6, 57, 39, 21, 49, 31, 13, 64, 46, 5, 56, 38, 20, 48, 30, 12, 63, 45, 4, 55, 
37, 19, 47, 29, 11, 62, 44, 3, 54, 36, 18, 69, 28, 10, 61, 43, 2, 53, 35, 17, 68, 27, 9, 60, 42),  ], [  (1, 29, 57, 16, 44, 49, 8, 36, 64, 
23, 28, 56, 15, 43, 48, 7, 35, 63, 22, 27, 55, 14, 42, 47, 6, 34, 62, 21, 26, 54, 13, 41, 69, 5, 33, 61, 20, 25, 53, 12, 40, 68, 4, 32, 60, 
19, 24, 52, 11, 39, 67, 3, 31, 59, 18, 46, 51, 10, 38, 66, 2, 30, 58, 17, 45, 50, 9, 37, 65),  (1, 65, 37, 9, 50, 45, 17, 58, 30, 2, 66, 38, 
10, 51, 46, 18, 59, 31, 3, 67, 39, 11, 52, 24, 19, 60, 32, 4, 68, 40, 12, 53, 25, 20, 61, 33, 5, 69, 41, 13, 54, 26, 21, 62, 34, 6, 47, 42, 
14, 55, 27, 22, 63, 35, 7, 48, 43, 15, 56, 28, 23, 64, 36, 8, 49, 44, 16, 57, 29),  ], [  (1, 2, 3, 4, 5, 6, 7, 8, 9, 10, 11, 12, 13, 14, 15, 
16, 17, 18, 19, 20, 21, 22, 23)(24, 25, 26, 27, 28, 29, 30, 31, 32, 33, 34, 35, 36, 37, 38, 39, 40, 41, 42, 43, 44, 45, 46)(47, 48, 49, 50, 
51, 52, 53, 54, 55, 56, 57, 58, 59, 60, 61, 62, 63, 64, 65, 66, 67, 68, 69),  (1, 23, 22, 21, 20, 19, 18, 17, 16, 15, 14, 13, 12, 11, 10, 9, 
8, 7, 6, 5, 4, 3, 2)(24, 46, 45, 44, 43, 42, 41, 40, 39, 38, 37, 36, 35, 34, 33, 32, 31, 30, 29, 28, 27, 26, 25)(47, 69, 68, 67, 66, 65, 64, 
63, 62, 61, 60, 59, 58, 57, 56, 55, 54, 53, 52, 51, 50, 49, 48),  ], [  (1, 65, 37, 9, 50, 45, 17, 58, 30, 2, 66, 38, 10, 51, 46, 18, 59, 31, 
3, 67, 39, 11, 52, 24, 19, 60, 32, 4, 68, 40, 12, 53, 25, 20, 61, 33, 5, 69, 41, 13, 54, 26, 21, 62, 34, 6, 47, 42, 14, 55, 27, 22, 63, 35, 7,
48, 43, 15, 56, 28, 23, 64, 36, 8, 49, 44, 16, 57, 29),  (1, 29, 57, 16, 44, 49, 8, 36, 64, 23, 28, 56, 15, 43, 48, 7, 35, 63, 22, 27, 55, 14,
42, 47, 6, 34, 62, 21, 26, 54, 13, 41, 69, 5, 33, 61, 20, 25, 53, 12, 40, 68, 4, 32, 60, 19, 24, 52, 11, 39, 67, 3, 31, 59, 18, 46, 51, 10, 
38, 66, 2, 30, 58, 17, 45, 50, 9, 37, 65),  ], [  (1, 52, 34, 16, 67, 26, 8, 59, 41, 23, 51, 33, 15, 66, 25, 7, 58, 40, 22, 50, 32, 14, 65, 
24, 6, 57, 39, 21, 49, 31, 13, 64, 46, 5, 56, 38, 20, 48, 30, 12, 63, 45, 4, 55, 37, 19, 47, 29, 11, 62, 44, 3, 54, 36, 18, 69, 28, 10, 61, 
43, 2, 53, 35, 17, 68, 27, 9, 60, 42),  (1, 42, 60, 9, 27, 68, 17, 35, 53, 2, 43, 61, 10, 28, 69, 18, 36, 54, 3, 44, 62, 11, 29, 47, 19, 37, 
55, 4, 45, 63, 12, 30, 48, 20, 38, 56, 5, 46, 64, 13, 31, 49, 21, 39, 57, 6, 24, 65, 14, 32, 50, 22, 40, 58, 7, 25, 66, 15, 33, 51, 23, 41, 
59, 8, 26, 67, 16, 34, 52),  ], [  (1, 23, 22, 21, 20, 19, 18, 17, 16, 15, 14, 13, 12, 11, 10, 9, 8, 7, 6, 5, 4, 3, 2)(24, 46, 45, 44, 43, 42,
41, 40, 39, 38, 37, 36, 35, 34, 33, 32, 31, 30, 29, 28, 27, 26, 25)(47, 69, 68, 67, 66, 65, 64, 63, 62, 61, 60, 59, 58, 57, 56, 55, 54, 53, 
52, 51, 50, 49, 48),  (1, 2, 3, 4, 5, 6, 7, 8, 9, 10, 11, 12, 13, 14, 15, 16, 17, 18, 19, 20, 21, 22, 23)(24, 25, 26, 27, 28, 29, 30, 31, 32, 
33, 34, 35, 36, 37, 38, 39, 40, 41, 42, 43, 44, 45, 46)(47, 48, 49, 50, 51, 52, 53, 54, 55, 56, 57, 58, 59, 60, 61, 62, 63, 64, 65, 66, 67, 
68, 69),  ], [  (1, 25, 49, 4, 28, 52, 7, 31, 55, 10, 34, 58, 13, 37, 61, 16, 40, 64, 19, 43, 67, 22, 46, 47, 2, 26, 50, 5, 29, 53, 8, 32, 56,
11, 35, 59, 14, 38, 62, 17, 41, 65, 20, 44, 68, 23, 24, 48, 3, 27, 51, 6, 30, 54, 9, 33, 57, 12, 36, 60, 15, 39, 63, 18, 42, 66, 21, 45, 69), 
(1, 69, 45, 21, 66, 42, 18, 63, 39, 15, 60, 36, 12, 57, 33, 9, 54, 30, 6, 51, 27, 3, 48, 24, 23, 68, 44, 20, 65, 41, 17, 62, 38, 14, 59, 35, 
11, 56, 32, 8, 53, 29, 5, 50, 26, 2, 47, 46, 22, 67, 43, 19, 64, 40, 16, 61, 37, 13, 58, 34, 10, 55, 31, 7, 52, 28, 4, 49, 25),  ], [  (1, 46,
68, 21, 43, 65, 18, 40, 62, 15, 37, 59, 12, 34, 56, 9, 31, 53, 6, 28, 50, 3, 25, 47, 23, 45, 67, 20, 42, 64, 17, 39, 61, 14, 36, 58, 11, 33, 
55, 8, 30, 52, 5, 27, 49, 2, 24, 69, 22, 44, 66, 19, 41, 63, 16, 38, 60, 13, 35, 57, 10, 32, 54, 7, 29, 51, 4, 26, 48),  (1, 48, 26, 4, 51, 
29, 7, 54, 32, 10, 57, 35, 13, 60, 38, 16, 63, 41, 19, 66, 44, 22, 69, 24, 2, 49, 27, 5, 52, 30, 8, 55, 33, 11, 58, 36, 14, 61, 39, 17, 64, 
42, 20, 67, 45, 23, 47, 25, 3, 50, 28, 6, 53, 31, 9, 56, 34, 12, 59, 37, 15, 62, 40, 18, 65, 43, 21, 68, 46),  ], [  (1, 8, 15, 22, 6, 13, 20,
4, 11, 18, 2, 9, 16, 23, 7, 14, 21, 5, 12, 19, 3, 10, 17)(24, 31, 38, 45, 29, 36, 43, 27, 34, 41, 25, 32, 39, 46, 30, 37, 44, 28, 35, 42, 26, 
33, 40)(47, 54, 61, 68, 52, 59, 66, 50, 57, 64, 48, 55, 62, 69, 53, 60, 67, 51, 58, 65, 49, 56, 63),  (1, 17, 10, 3, 19, 12, 5, 21, 14, 7, 23,
16, 9, 2, 18, 11, 4, 20, 13, 6, 22, 15, 8)(24, 40, 33, 26, 42, 35, 28, 44, 37, 30, 46, 39, 32, 25, 41, 34, 27, 43, 36, 29, 45, 38, 31)(47, 63,
56, 49, 65, 58, 51, 67, 60, 53, 69, 62, 55, 48, 64, 57, 50, 66, 59, 52, 68, 61, 54),  ], [  (1, 48, 26, 4, 51, 29, 7, 54, 32, 10, 57, 35, 13, 
60, 38, 16, 63, 41, 19, 66, 44, 22, 69, 24, 2, 49, 27, 5, 52, 30, 8, 55, 33, 11, 58, 36, 14, 61, 39, 17, 64, 42, 20, 67, 45, 23, 47, 25, 3, 
50, 28, 6, 53, 31, 9, 56, 34, 12, 59, 37, 15, 62, 40, 18, 65, 43, 21, 68, 46),  (1, 46, 68, 21, 43, 65, 18, 40, 62, 15, 37, 59, 12, 34, 56, 9,
31, 53, 6, 28, 50, 3, 25, 47, 23, 45, 67, 20, 42, 64, 17, 39, 61, 14, 36, 58, 11, 33, 55, 8, 30, 52, 5, 27, 49, 2, 24, 69, 22, 44, 66, 19, 41,
63, 16, 38, 60, 13, 35, 57, 10, 32, 54, 7, 29, 51, 4, 26, 48),  ], [  (1, 69, 45, 21, 66, 42, 18, 63, 39, 15, 60, 36, 12, 57, 33, 9, 54, 30, 
6, 51, 27, 3, 48, 24, 23, 68, 44, 20, 65, 41, 17, 62, 38, 14, 59, 35, 11, 56, 32, 8, 53, 29, 5, 50, 26, 2, 47, 46, 22, 67, 43, 19, 64, 40, 16,
61, 37, 13, 58, 34, 10, 55, 31, 7, 52, 28, 4, 49, 25),  (1, 25, 49, 4, 28, 52, 7, 31, 55, 10, 34, 58, 13, 37, 61, 16, 40, 64, 19, 43, 67, 22, 
46, 47, 2, 26, 50, 5, 29, 53, 8, 32, 56, 11, 35, 59, 14, 38, 62, 17, 41, 65, 20, 44, 68, 23, 24, 48, 3, 27, 51, 6, 30, 54, 9, 33, 57, 12, 36, 
60, 15, 39, 63, 18, 42, 66, 21, 45, 69),  ], [  (1, 17, 10, 3, 19, 12, 5, 21, 14, 7, 23, 16, 9, 2, 18, 11, 4, 20, 13, 6, 22, 15, 8)(24, 40, 
33, 26, 42, 35, 28, 44, 37, 30, 46, 39, 32, 25, 41, 34, 27, 43, 36, 29, 45, 38, 31)(47, 63, 56, 49, 65, 58, 51, 67, 60, 53, 69, 62, 55, 48, 
64, 57, 50, 66, 59, 52, 68, 61, 54),  (1, 8, 15, 22, 6, 13, 20, 4, 11, 18, 2, 9, 16, 23, 7, 14, 21, 5, 12, 19, 3, 10, 17)(24, 31, 38, 45, 29, 
36, 43, 27, 34, 41, 25, 32, 39, 46, 30, 37, 44, 28, 35, 42, 26, 33, 40)(47, 54, 61, 68, 52, 59, 66, 50, 57, 64, 48, 55, 62, 69, 53, 60, 67, 
51, 58, 65, 49, 56, 63),  ], [  (1, 31, 61, 22, 29, 59, 20, 27, 57, 18, 25, 55, 16, 46, 53, 14, 44, 51, 12, 42, 49, 10, 40, 47, 8, 38, 68, 6, 
36, 66, 4, 34, 64, 2, 32, 62, 23, 30, 60, 21, 28, 58, 19, 26, 56, 17, 24, 54, 15, 45, 52, 13, 43, 50, 11, 41, 48, 9, 39, 69, 7, 37, 67, 5, 35,
65, 3, 33, 63),  (1, 63, 33, 3, 65, 35, 5, 67, 37, 7, 69, 39, 9, 48, 41, 11, 50, 43, 13, 52, 45, 15, 54, 24, 17, 56, 26, 19, 58, 28, 21, 60, 
30, 23, 62, 32, 2, 64, 34, 4, 66, 36, 6, 68, 38, 8, 47, 40, 10, 49, 42, 12, 51, 44, 14, 53, 46, 16, 55, 25, 18, 57, 27, 20, 59, 29, 22, 61, 
31),  ], [  (1, 40, 56, 3, 42, 58, 5, 44, 60, 7, 46, 62, 9, 25, 64, 11, 27, 66, 13, 29, 68, 15, 31, 47, 17, 33, 49, 19, 35, 51, 21, 37, 53, 
23, 39, 55, 2, 41, 57, 4, 43, 59, 6, 45, 61, 8, 24, 63, 10, 26, 65, 12, 28, 67, 14, 30, 69, 16, 32, 48, 18, 34, 50, 20, 36, 52, 22, 38, 54),  
(1, 54, 38, 22, 52, 36, 20, 50, 34, 18, 48, 32, 16, 69, 30, 14, 67, 28, 12, 65, 26, 10, 63, 24, 8, 61, 45, 6, 59, 43, 4, 57, 41, 2, 55, 39, 
23, 53, 37, 21, 51, 35, 19, 49, 33, 17, 47, 31, 15, 68, 29, 13, 66, 27, 11, 64, 25, 9, 62, 46, 7, 60, 44, 5, 58, 42, 3, 56, 40),  ], [  (1, 
14, 4, 17, 7, 20, 10, 23, 13, 3, 16, 6, 19, 9, 22, 12, 2, 15, 5, 18, 8, 21, 11)(24, 37, 27, 40, 30, 43, 33, 46, 36, 26, 39, 29, 42, 32, 45, 
35, 25, 38, 28, 41, 31, 44, 34)(47, 60, 50, 63, 53, 66, 56, 69, 59, 49, 62, 52, 65, 55, 68, 58, 48, 61, 51, 64, 54, 67, 57),  (1, 11, 21, 8, 
18, 5, 15, 2, 12, 22, 9, 19, 6, 16, 3, 13, 23, 10, 20, 7, 17, 4, 14)(24, 34, 44, 31, 41, 28, 38, 25, 35, 45, 32, 42, 29, 39, 26, 36, 46, 33, 
43, 30, 40, 27, 37)(47, 57, 67, 54, 64, 51, 61, 48, 58, 68, 55, 65, 52, 62, 49, 59, 69, 56, 66, 53, 63, 50, 60),  ], [  (1, 54, 38, 22, 52, 
36, 20, 50, 34, 18, 48, 32, 16, 69, 30, 14, 67, 28, 12, 65, 26, 10, 63, 24, 8, 61, 45, 6, 59, 43, 4, 57, 41, 2, 55, 39, 23, 53, 37, 21, 51, 
35, 19, 49, 33, 17, 47, 31, 15, 68, 29, 13, 66, 27, 11, 64, 25, 9, 62, 46, 7, 60, 44, 5, 58, 42, 3, 56, 40),  (1, 40, 56, 3, 42, 58, 5, 44, 
60, 7, 46, 62, 9, 25, 64, 11, 27, 66, 13, 29, 68, 15, 31, 47, 17, 33, 49, 19, 35, 51, 21, 37, 53, 23, 39, 55, 2, 41, 57, 4, 43, 59, 6, 45, 61,
8, 24, 63, 10, 26, 65, 12, 28, 67, 14, 30, 69, 16, 32, 48, 18, 34, 50, 20, 36, 52, 22, 38, 54),  ], [  (1, 63, 33, 3, 65, 35, 5, 67, 37, 7, 
69, 39, 9, 48, 41, 11, 50, 43, 13, 52, 45, 15, 54, 24, 17, 56, 26, 19, 58, 28, 21, 60, 30, 23, 62, 32, 2, 64, 34, 4, 66, 36, 6, 68, 38, 8, 47,
40, 10, 49, 42, 12, 51, 44, 14, 53, 46, 16, 55, 25, 18, 57, 27, 20, 59, 29, 22, 61, 31),  (1, 31, 61, 22, 29, 59, 20, 27, 57, 18, 25, 55, 16, 
46, 53, 14, 44, 51, 12, 42, 49, 10, 40, 47, 8, 38, 68, 6, 36, 66, 4, 34, 64, 2, 32, 62, 23, 30, 60, 21, 28, 58, 19, 26, 56, 17, 24, 54, 15, 
45, 52, 13, 43, 50, 11, 41, 48, 9, 39, 69, 7, 37, 67, 5, 35, 65, 3, 33, 63),  ], [  (1, 11, 21, 8, 18, 5, 15, 2, 12, 22, 9, 19, 6, 16, 3, 13, 
23, 10, 20, 7, 17, 4, 14)(24, 34, 44, 31, 41, 28, 38, 25, 35, 45, 32, 42, 29, 39, 26, 36, 46, 33, 43, 30, 40, 27, 37)(47, 57, 67, 54, 64, 51, 
61, 48, 58, 68, 55, 65, 52, 62, 49, 59, 69, 56, 66, 53, 63, 50, 60),  (1, 14, 4, 17, 7, 20, 10, 23, 13, 3, 16, 6, 19, 9, 22, 12, 2, 15, 5, 18,
8, 21, 11)(24, 37, 27, 40, 30, 43, 33, 46, 36, 26, 39, 29, 42, 32, 45, 35, 25, 38, 28, 41, 31, 44, 34)(47, 60, 50, 63, 53, 66, 56, 69, 59, 49,
62, 52, 65, 55, 68, 58, 48, 61, 51, 64, 54, 67, 57),  ], [  (1, 37, 50, 17, 30, 66, 10, 46, 59, 3, 39, 52, 19, 32, 68, 12, 25, 61, 5, 41, 54, 
21, 34, 47, 14, 27, 63, 7, 43, 56, 23, 36, 49, 16, 29, 65, 9, 45, 58, 2, 38, 51, 18, 31, 67, 11, 24, 60, 4, 40, 53, 20, 33, 69, 13, 26, 62, 6,
42, 55, 22, 35, 48, 15, 28, 64, 8, 44, 57),  (1, 57, 44, 8, 64, 28, 15, 48, 35, 22, 55, 42, 6, 62, 26, 13, 69, 33, 20, 53, 40, 4, 60, 24, 11, 
67, 31, 18, 51, 38, 2, 58, 45, 9, 65, 29, 16, 49, 36, 23, 56, 43, 7, 63, 27, 14, 47, 34, 21, 54, 41, 5, 61, 25, 12, 68, 32, 19, 52, 39, 3, 59,
46, 10, 66, 30, 17, 50, 37),  ], [  (1, 34, 67, 8, 41, 51, 15, 25, 58, 22, 32, 65, 6, 39, 49, 13, 46, 56, 20, 30, 63, 4, 37, 47, 11, 44, 54, 
18, 28, 61, 2, 35, 68, 9, 42, 52, 16, 26, 59, 23, 33, 66, 7, 40, 50, 14, 24, 57, 21, 31, 64, 5, 38, 48, 12, 45, 55, 19, 29, 62, 3, 36, 69, 10,
43, 53, 17, 27, 60),  (1, 60, 27, 17, 53, 43, 10, 69, 36, 3, 62, 29, 19, 55, 45, 12, 48, 38, 5, 64, 31, 21, 57, 24, 14, 50, 40, 7, 66, 33, 23,
59, 26, 16, 52, 42, 9, 68, 35, 2, 61, 28, 18, 54, 44, 11, 47, 37, 4, 63, 30, 20, 56, 46, 13, 49, 39, 6, 65, 32, 22, 58, 25, 15, 51, 41, 8, 67,
34),  ], [  (1, 20, 16, 12, 8, 4, 23, 19, 15, 11, 7, 3, 22, 18, 14, 10, 6, 2, 21, 17, 13, 9, 5)(24, 43, 39, 35, 31, 27, 46, 42, 38, 34, 30, 
26, 45, 41, 37, 33, 29, 25, 44, 40, 36, 32, 28)(47, 66, 62, 58, 54, 50, 69, 65, 61, 57, 53, 49, 68, 64, 60, 56, 52, 48, 67, 63, 59, 55, 51),  
(1, 5, 9, 13, 17, 21, 2, 6, 10, 14, 18, 22, 3, 7, 11, 15, 19, 23, 4, 8, 12, 16, 20)(24, 28, 32, 36, 40, 44, 25, 29, 33, 37, 41, 45, 26, 30, 
34, 38, 42, 46, 27, 31, 35, 39, 43)(47, 51, 55, 59, 63, 67, 48, 52, 56, 60, 64, 68, 49, 53, 57, 61, 65, 69, 50, 54, 58, 62, 66),  ], [  (1, 
60, 27, 17, 53, 43, 10, 69, 36, 3, 62, 29, 19, 55, 45, 12, 48, 38, 5, 64, 31, 21, 57, 24, 14, 50, 40, 7, 66, 33, 23, 59, 26, 16, 52, 42, 9, 
68, 35, 2, 61, 28, 18, 54, 44, 11, 47, 37, 4, 63, 30, 20, 56, 46, 13, 49, 39, 6, 65, 32, 22, 58, 25, 15, 51, 41, 8, 67, 34),  (1, 34, 67, 8, 
41, 51, 15, 25, 58, 22, 32, 65, 6, 39, 49, 13, 46, 56, 20, 30, 63, 4, 37, 47, 11, 44, 54, 18, 28, 61, 2, 35, 68, 9, 42, 52, 16, 26, 59, 23, 
33, 66, 7, 40, 50, 14, 24, 57, 21, 31, 64, 5, 38, 48, 12, 45, 55, 19, 29, 62, 3, 36, 69, 10, 43, 53, 17, 27, 60),  ], [  (1, 57, 44, 8, 64, 
28, 15, 48, 35, 22, 55, 42, 6, 62, 26, 13, 69, 33, 20, 53, 40, 4, 60, 24, 11, 67, 31, 18, 51, 38, 2, 58, 45, 9, 65, 29, 16, 49, 36, 23, 56, 
43, 7, 63, 27, 14, 47, 34, 21, 54, 41, 5, 61, 25, 12, 68, 32, 19, 52, 39, 3, 59, 46, 10, 66, 30, 17, 50, 37),  (1, 37, 50, 17, 30, 66, 10, 46,
59, 3, 39, 52, 19, 32, 68, 12, 25, 61, 5, 41, 54, 21, 34, 47, 14, 27, 63, 7, 43, 56, 23, 36, 49, 16, 29, 65, 9, 45, 58, 2, 38, 51, 18, 31, 67,
11, 24, 60, 4, 40, 53, 20, 33, 69, 13, 26, 62, 6, 42, 55, 22, 35, 48, 15, 28, 64, 8, 44, 57),  ], [  (1, 5, 9, 13, 17, 21, 2, 6, 10, 14, 18, 
22, 3, 7, 11, 15, 19, 23, 4, 8, 12, 16, 20)(24, 28, 32, 36, 40, 44, 25, 29, 33, 37, 41, 45, 26, 30, 34, 38, 42, 46, 27, 31, 35, 39, 43)(47, 
51, 55, 59, 63, 67, 48, 52, 56, 60, 64, 68, 49, 53, 57, 61, 65, 69, 50, 54, 58, 62, 66),  (1, 20, 16, 12, 8, 4, 23, 19, 15, 11, 7, 3, 22, 18, 
14, 10, 6, 2, 21, 17, 13, 9, 5)(24, 43, 39, 35, 31, 27, 46, 42, 38, 34, 30, 26, 45, 41, 37, 33, 29, 25, 44, 40, 36, 32, 28)(47, 66, 62, 58, 
54, 50, 69, 65, 61, 57, 53, 49, 68, 64, 60, 56, 52, 48, 67, 63, 59, 55, 51),  ], [  (1, 43, 62, 12, 31, 50, 23, 42, 61, 11, 30, 49, 22, 41, 
60, 10, 29, 48, 21, 40, 59, 9, 28, 47, 20, 39, 58, 8, 27, 69, 19, 38, 57, 7, 26, 68, 18, 37, 56, 6, 25, 67, 17, 36, 55, 5, 24, 66, 16, 35, 54,
4, 46, 65, 15, 34, 53, 3, 45, 64, 14, 33, 52, 2, 44, 63, 13, 32, 51),  (1, 51, 32, 13, 63, 44, 2, 52, 33, 14, 64, 45, 3, 53, 34, 15, 65, 46, 
4, 54, 35, 16, 66, 24, 5, 55, 36, 17, 67, 25, 6, 56, 37, 18, 68, 26, 7, 57, 38, 19, 69, 27, 8, 58, 39, 20, 47, 28, 9, 59, 40, 21, 48, 29, 10, 
60, 41, 22, 49, 30, 11, 61, 42, 23, 50, 31, 12, 62, 43),  ], [  (1, 28, 55, 13, 40, 67, 2, 29, 56, 14, 41, 68, 3, 30, 57, 15, 42, 69, 4, 31, 
58, 16, 43, 47, 5, 32, 59, 17, 44, 48, 6, 33, 60, 18, 45, 49, 7, 34, 61, 19, 46, 50, 8, 35, 62, 20, 24, 51, 9, 36, 63, 21, 25, 52, 10, 37, 64,
22, 26, 53, 11, 38, 65, 23, 27, 54, 12, 39, 66),  (1, 66, 39, 12, 54, 27, 23, 65, 38, 11, 53, 26, 22, 64, 37, 10, 52, 25, 21, 63, 36, 9, 51, 
24, 20, 62, 35, 8, 50, 46, 19, 61, 34, 7, 49, 45, 18, 60, 33, 6, 48, 44, 17, 59, 32, 5, 47, 43, 16, 58, 31, 4, 69, 42, 15, 57, 30, 3, 68, 41, 
14, 56, 29, 2, 67, 40, 13, 55, 28),  ], [  (1, 3, 5, 7, 9, 11, 13, 15, 17, 19, 21, 23, 2, 4, 6, 8, 10, 12, 14, 16, 18, 20, 22)(24, 26, 28, 30,
32, 34, 36, 38, 40, 42, 44, 46, 25, 27, 29, 31, 33, 35, 37, 39, 41, 43, 45)(47, 49, 51, 53, 55, 57, 59, 61, 63, 65, 67, 69, 48, 50, 52, 54, 
56, 58, 60, 62, 64, 66, 68),  (1, 22, 20, 18, 16, 14, 12, 10, 8, 6, 4, 2, 23, 21, 19, 17, 15, 13, 11, 9, 7, 5, 3)(24, 45, 43, 41, 39, 37, 35, 
33, 31, 29, 27, 25, 46, 44, 42, 40, 38, 36, 34, 32, 30, 28, 26)(47, 68, 66, 64, 62, 60, 58, 56, 54, 52, 50, 48, 69, 67, 65, 63, 61, 59, 57, 
55, 53, 51, 49),  ], [  (1, 66, 39, 12, 54, 27, 23, 65, 38, 11, 53, 26, 22, 64, 37, 10, 52, 25, 21, 63, 36, 9, 51, 24, 20, 62, 35, 8, 50, 46, 
19, 61, 34, 7, 49, 45, 18, 60, 33, 6, 48, 44, 17, 59, 32, 5, 47, 43, 16, 58, 31, 4, 69, 42, 15, 57, 30, 3, 68, 41, 14, 56, 29, 2, 67, 40, 13, 
55, 28),  (1, 28, 55, 13, 40, 67, 2, 29, 56, 14, 41, 68, 3, 30, 57, 15, 42, 69, 4, 31, 58, 16, 43, 47, 5, 32, 59, 17, 44, 48, 6, 33, 60, 18, 
45, 49, 7, 34, 61, 19, 46, 50, 8, 35, 62, 20, 24, 51, 9, 36, 63, 21, 25, 52, 10, 37, 64, 22, 26, 53, 11, 38, 65, 23, 27, 54, 12, 39, 66),  ], 
[  (1, 51, 32, 13, 63, 44, 2, 52, 33, 14, 64, 45, 3, 53, 34, 15, 65, 46, 4, 54, 35, 16, 66, 24, 5, 55, 36, 17, 67, 25, 6, 56, 37, 18, 68, 26, 
7, 57, 38, 19, 69, 27, 8, 58, 39, 20, 47, 28, 9, 59, 40, 21, 48, 29, 10, 60, 41, 22, 49, 30, 11, 61, 42, 23, 50, 31, 12, 62, 43),  (1, 43, 62,
12, 31, 50, 23, 42, 61, 11, 30, 49, 22, 41, 60, 10, 29, 48, 21, 40, 59, 9, 28, 47, 20, 39, 58, 8, 27, 69, 19, 38, 57, 7, 26, 68, 18, 37, 56, 
6, 25, 67, 17, 36, 55, 5, 24, 66, 16, 35, 54, 4, 46, 65, 15, 34, 53, 3, 45, 64, 14, 33, 52, 2, 44, 63, 13, 32, 51),  ], [  (1, 22, 20, 18, 16,
14, 12, 10, 8, 6, 4, 2, 23, 21, 19, 17, 15, 13, 11, 9, 7, 5, 3)(24, 45, 43, 41, 39, 37, 35, 33, 31, 29, 27, 25, 46, 44, 42, 40, 38, 36, 34, 
32, 30, 28, 26)(47, 68, 66, 64, 62, 60, 58, 56, 54, 52, 50, 48, 69, 67, 65, 63, 61, 59, 57, 55, 53, 51, 49),  (1, 3, 5, 7, 9, 11, 13, 15, 17, 
19, 21, 23, 2, 4, 6, 8, 10, 12, 14, 16, 18, 20, 22)(24, 26, 28, 30, 32, 34, 36, 38, 40, 42, 44, 46, 25, 27, 29, 31, 33, 35, 37, 39, 41, 43, 
45)(47, 49, 51, 53, 55, 57, 59, 61, 63, 65, 67, 69, 48, 50, 52, 54, 56, 58, 60, 62, 64, 66, 68),  ], [  (1, 26, 51, 7, 32, 57, 13, 38, 63, 19,
44, 69, 2, 27, 52, 8, 33, 58, 14, 39, 64, 20, 45, 47, 3, 28, 53, 9, 34, 59, 15, 40, 65, 21, 46, 48, 4, 29, 54, 10, 35, 60, 16, 41, 66, 22, 24,
49, 5, 30, 55, 11, 36, 61, 17, 42, 67, 23, 25, 50, 6, 31, 56, 12, 37, 62, 18, 43, 68),  (1, 68, 43, 18, 62, 37, 12, 56, 31, 6, 50, 25, 23, 67,
42, 17, 61, 36, 11, 55, 30, 5, 49, 24, 22, 66, 41, 16, 60, 35, 10, 54, 29, 4, 48, 46, 21, 65, 40, 15, 59, 34, 9, 53, 28, 3, 47, 45, 20, 64, 
39, 14, 58, 33, 8, 52, 27, 2, 69, 44, 19, 63, 38, 13, 57, 32, 7, 51, 26),  ], [  (1, 45, 66, 18, 39, 60, 12, 33, 54, 6, 27, 48, 23, 44, 65, 
17, 38, 59, 11, 32, 53, 5, 26, 47, 22, 43, 64, 16, 37, 58, 10, 31, 52, 4, 25, 69, 21, 42, 63, 15, 36, 57, 9, 30, 51, 3, 24, 68, 20, 41, 62, 
14, 35, 56, 8, 29, 50, 2, 46, 67, 19, 40, 61, 13, 34, 55, 7, 28, 49),  (1, 49, 28, 7, 55, 34, 13, 61, 40, 19, 67, 46, 2, 50, 29, 8, 56, 35, 
14, 62, 41, 20, 68, 24, 3, 51, 30, 9, 57, 36, 15, 63, 42, 21, 69, 25, 4, 52, 31, 10, 58, 37, 16, 64, 43, 22, 47, 26, 5, 53, 32, 11, 59, 38, 
17, 65, 44, 23, 48, 27, 6, 54, 33, 12, 60, 39, 18, 66, 45),  ], [  (1, 9, 17, 2, 10, 18, 3, 11, 19, 4, 12, 20, 5, 13, 21, 6, 14, 22, 7, 15, 
23, 8, 16)(24, 32, 40, 25, 33, 41, 26, 34, 42, 27, 35, 43, 28, 36, 44, 29, 37, 45, 30, 38, 46, 31, 39)(47, 55, 63, 48, 56, 64, 49, 57, 65, 50,
58, 66, 51, 59, 67, 52, 60, 68, 53, 61, 69, 54, 62),  (1, 16, 8, 23, 15, 7, 22, 14, 6, 21, 13, 5, 20, 12, 4, 19, 11, 3, 18, 10, 2, 17, 9)(24, 
39, 31, 46, 38, 30, 45, 37, 29, 44, 36, 28, 43, 35, 27, 42, 34, 26, 41, 33, 25, 40, 32)(47, 62, 54, 69, 61, 53, 68, 60, 52, 67, 59, 51, 66, 
58, 50, 65, 57, 49, 64, 56, 48, 63, 55),  ], [  (1, 49, 28, 7, 55, 34, 13, 61, 40, 19, 67, 46, 2, 50, 29, 8, 56, 35, 14, 62, 41, 20, 68, 24, 
3, 51, 30, 9, 57, 36, 15, 63, 42, 21, 69, 25, 4, 52, 31, 10, 58, 37, 16, 64, 43, 22, 47, 26, 5, 53, 32, 11, 59, 38, 17, 65, 44, 23, 48, 27, 6,
54, 33, 12, 60, 39, 18, 66, 45),  (1, 45, 66, 18, 39, 60, 12, 33, 54, 6, 27, 48, 23, 44, 65, 17, 38, 59, 11, 32, 53, 5, 26, 47, 22, 43, 64, 
16, 37, 58, 10, 31, 52, 4, 25, 69, 21, 42, 63, 15, 36, 57, 9, 30, 51, 3, 24, 68, 20, 41, 62, 14, 35, 56, 8, 29, 50, 2, 46, 67, 19, 40, 61, 13,
34, 55, 7, 28, 49),  ], [  (1, 68, 43, 18, 62, 37, 12, 56, 31, 6, 50, 25, 23, 67, 42, 17, 61, 36, 11, 55, 30, 5, 49, 24, 22, 66, 41, 16, 60, 
35, 10, 54, 29, 4, 48, 46, 21, 65, 40, 15, 59, 34, 9, 53, 28, 3, 47, 45, 20, 64, 39, 14, 58, 33, 8, 52, 27, 2, 69, 44, 19, 63, 38, 13, 57, 32,
7, 51, 26),  (1, 26, 51, 7, 32, 57, 13, 38, 63, 19, 44, 69, 2, 27, 52, 8, 33, 58, 14, 39, 64, 20, 45, 47, 3, 28, 53, 9, 34, 59, 15, 40, 65, 
21, 46, 48, 4, 29, 54, 10, 35, 60, 16, 41, 66, 22, 24, 49, 5, 30, 55, 11, 36, 61, 17, 42, 67, 23, 25, 50, 6, 31, 56, 12, 37, 62, 18, 43, 68), 
], [  (1, 16, 8, 23, 15, 7, 22, 14, 6, 21, 13, 5, 20, 12, 4, 19, 11, 3, 18, 10, 2, 17, 9)(24, 39, 31, 46, 38, 30, 45, 37, 29, 44, 36, 28, 43, 
35, 27, 42, 34, 26, 41, 33, 25, 40, 32)(47, 62, 54, 69, 61, 53, 68, 60, 52, 67, 59, 51, 66, 58, 50, 65, 57, 49, 64, 56, 48, 63, 55),  (1, 9, 
17, 2, 10, 18, 3, 11, 19, 4, 12, 20, 5, 13, 21, 6, 14, 22, 7, 15, 23, 8, 16)(24, 32, 40, 25, 33, 41, 26, 34, 42, 27, 35, 43, 28, 36, 44, 29, 
37, 45, 30, 38, 46, 31, 39)(47, 55, 63, 48, 56, 64, 49, 57, 65, 50, 58, 66, 51, 59, 67, 52, 60, 68, 53, 61, 69, 54, 62),  ], [  (1, 32, 63, 2,
33, 64, 3, 34, 65, 4, 35, 66, 5, 36, 67, 6, 37, 68, 7, 38, 69, 8, 39, 47, 9, 40, 48, 10, 41, 49, 11, 42, 50, 12, 43, 51, 13, 44, 52, 14, 45, 
53, 15, 46, 54, 16, 24, 55, 17, 25, 56, 18, 26, 57, 19, 27, 58, 20, 28, 59, 21, 29, 60, 22, 30, 61, 23, 31, 62),  (1, 62, 31, 23, 61, 30, 22, 
60, 29, 21, 59, 28, 20, 58, 27, 19, 57, 26, 18, 56, 25, 17, 55, 24, 16, 54, 46, 15, 53, 45, 14, 52, 44, 13, 51, 43, 12, 50, 42, 11, 49, 41, 
10, 48, 40, 9, 47, 39, 8, 69, 38, 7, 68, 37, 6, 67, 36, 5, 66, 35, 4, 65, 34, 3, 64, 33, 2, 63, 32),  ], [  (1, 39, 54, 23, 38, 53, 22, 37, 
52, 21, 36, 51, 20, 35, 50, 19, 34, 49, 18, 33, 48, 17, 32, 47, 16, 31, 69, 15, 30, 68, 14, 29, 67, 13, 28, 66, 12, 27, 65, 11, 26, 64, 10, 
25, 63, 9, 24, 62, 8, 46, 61, 7, 45, 60, 6, 44, 59, 5, 43, 58, 4, 42, 57, 3, 41, 56, 2, 40, 55),  (1, 55, 40, 2, 56, 41, 3, 57, 42, 4, 58, 43,
5, 59, 44, 6, 60, 45, 7, 61, 46, 8, 62, 24, 9, 63, 25, 10, 64, 26, 11, 65, 27, 12, 66, 28, 13, 67, 29, 14, 68, 30, 15, 69, 31, 16, 47, 32, 17,
48, 33, 18, 49, 34, 19, 50, 35, 20, 51, 36, 21, 52, 37, 22, 53, 38, 23, 54, 39),  ], [  (1, 15, 6, 20, 11, 2, 16, 7, 21, 12, 3, 17, 8, 22, 13,
4, 18, 9, 23, 14, 5, 19, 10)(24, 38, 29, 43, 34, 25, 39, 30, 44, 35, 26, 40, 31, 45, 36, 27, 41, 32, 46, 37, 28, 42, 33)(47, 61, 52, 66, 57, 
48, 62, 53, 67, 58, 49, 63, 54, 68, 59, 50, 64, 55, 69, 60, 51, 65, 56),  (1, 10, 19, 5, 14, 23, 9, 18, 4, 13, 22, 8, 17, 3, 12, 21, 7, 16, 2,
11, 20, 6, 15)(24, 33, 42, 28, 37, 46, 32, 41, 27, 36, 45, 31, 40, 26, 35, 44, 30, 39, 25, 34, 43, 29, 38)(47, 56, 65, 51, 60, 69, 55, 64, 50,
59, 68, 54, 63, 49, 58, 67, 53, 62, 48, 57, 66, 52, 61),  ], [  (1, 55, 40, 2, 56, 41, 3, 57, 42, 4, 58, 43, 5, 59, 44, 6, 60, 45, 7, 61, 46, 
8, 62, 24, 9, 63, 25, 10, 64, 26, 11, 65, 27, 12, 66, 28, 13, 67, 29, 14, 68, 30, 15, 69, 31, 16, 47, 32, 17, 48, 33, 18, 49, 34, 19, 50, 35, 
20, 51, 36, 21, 52, 37, 22, 53, 38, 23, 54, 39),  (1, 39, 54, 23, 38, 53, 22, 37, 52, 21, 36, 51, 20, 35, 50, 19, 34, 49, 18, 33, 48, 17, 32, 
47, 16, 31, 69, 15, 30, 68, 14, 29, 67, 13, 28, 66, 12, 27, 65, 11, 26, 64, 10, 25, 63, 9, 24, 62, 8, 46, 61, 7, 45, 60, 6, 44, 59, 5, 43, 58,
4, 42, 57, 3, 41, 56, 2, 40, 55),  ], [  (1, 62, 31, 23, 61, 30, 22, 60, 29, 21, 59, 28, 20, 58, 27, 19, 57, 26, 18, 56, 25, 17, 55, 24, 16, 
54, 46, 15, 53, 45, 14, 52, 44, 13, 51, 43, 12, 50, 42, 11, 49, 41, 10, 48, 40, 9, 47, 39, 8, 69, 38, 7, 68, 37, 6, 67, 36, 5, 66, 35, 4, 65, 
34, 3, 64, 33, 2, 63, 32),  (1, 32, 63, 2, 33, 64, 3, 34, 65, 4, 35, 66, 5, 36, 67, 6, 37, 68, 7, 38, 69, 8, 39, 47, 9, 40, 48, 10, 41, 49, 
11, 42, 50, 12, 43, 51, 13, 44, 52, 14, 45, 53, 15, 46, 54, 16, 24, 55, 17, 25, 56, 18, 26, 57, 19, 27, 58, 20, 28, 59, 21, 29, 60, 22, 30, 
61, 23, 31, 62),  ], [  (1, 10, 19, 5, 14, 23, 9, 18, 4, 13, 22, 8, 17, 3, 12, 21, 7, 16, 2, 11, 20, 6, 15)(24, 33, 42, 28, 37, 46, 32, 41, 
27, 36, 45, 31, 40, 26, 35, 44, 30, 39, 25, 34, 43, 29, 38)(47, 56, 65, 51, 60, 69, 55, 64, 50, 59, 68, 54, 63, 49, 58, 67, 53, 62, 48, 57, 
66, 52, 61),  (1, 15, 6, 20, 11, 2, 16, 7, 21, 12, 3, 17, 8, 22, 13, 4, 18, 9, 23, 14, 5, 19, 10)(24, 38, 29, 43, 34, 25, 39, 30, 44, 35, 26, 
40, 31, 45, 36, 27, 41, 32, 46, 37, 28, 42, 33)(47, 61, 52, 66, 57, 48, 62, 53, 67, 58, 49, 63, 54, 68, 59, 50, 64, 55, 69, 60, 51, 65, 56),  
], [  (1, 38, 52, 20, 34, 48, 16, 30, 67, 12, 26, 63, 8, 45, 59, 4, 41, 55, 23, 37, 51, 19, 33, 47, 15, 29, 66, 11, 25, 62, 7, 44, 58, 3, 40, 
54, 22, 36, 50, 18, 32, 69, 14, 28, 65, 10, 24, 61, 6, 43, 57, 2, 39, 53, 21, 35, 49, 17, 31, 68, 13, 27, 64, 9, 46, 60, 5, 42, 56),  (1, 56, 
42, 5, 60, 46, 9, 64, 27, 13, 68, 31, 17, 49, 35, 21, 53, 39, 2, 57, 43, 6, 61, 24, 10, 65, 28, 14, 69, 32, 18, 50, 36, 22, 54, 40, 3, 58, 44,
7, 62, 25, 11, 66, 29, 15, 47, 33, 19, 51, 37, 23, 55, 41, 4, 59, 45, 8, 63, 26, 12, 67, 30, 16, 48, 34, 20, 52, 38),  ], [  (1, 33, 65, 5, 
37, 69, 9, 41, 50, 13, 45, 54, 17, 26, 58, 21, 30, 62, 2, 34, 66, 6, 38, 47, 10, 42, 51, 14, 46, 55, 18, 27, 59, 22, 31, 63, 3, 35, 67, 7, 39,
48, 11, 43, 52, 15, 24, 56, 19, 28, 60, 23, 32, 64, 4, 36, 68, 8, 40, 49, 12, 44, 53, 16, 25, 57, 20, 29, 61),  (1, 61, 29, 20, 57, 25, 16, 
53, 44, 12, 49, 40, 8, 68, 36, 4, 64, 32, 23, 60, 28, 19, 56, 24, 15, 52, 43, 11, 48, 39, 7, 67, 35, 3, 63, 31, 22, 59, 27, 18, 55, 46, 14, 
51, 42, 10, 47, 38, 6, 66, 34, 2, 62, 30, 21, 58, 26, 17, 54, 45, 13, 50, 41, 9, 69, 37, 5, 65, 33),  ], [  (1, 21, 18, 15, 12, 9, 6, 3, 23, 
20, 17, 14, 11, 8, 5, 2, 22, 19, 16, 13, 10, 7, 4)(24, 44, 41, 38, 35, 32, 29, 26, 46, 43, 40, 37, 34, 31, 28, 25, 45, 42, 39, 36, 33, 30, 
27)(47, 67, 64, 61, 58, 55, 52, 49, 69, 66, 63, 60, 57, 54, 51, 48, 68, 65, 62, 59, 56, 53, 50),  (1, 4, 7, 10, 13, 16, 19, 22, 2, 5, 8, 11, 
14, 17, 20, 23, 3, 6, 9, 12, 15, 18, 21)(24, 27, 30, 33, 36, 39, 42, 45, 25, 28, 31, 34, 37, 40, 43, 46, 26, 29, 32, 35, 38, 41, 44)(47, 50, 
53, 56, 59, 62, 65, 68, 48, 51, 54, 57, 60, 63, 66, 69, 49, 52, 55, 58, 61, 64, 67),  ], [  (1, 61, 29, 20, 57, 25, 16, 53, 44, 12, 49, 40, 8,
68, 36, 4, 64, 32, 23, 60, 28, 19, 56, 24, 15, 52, 43, 11, 48, 39, 7, 67, 35, 3, 63, 31, 22, 59, 27, 18, 55, 46, 14, 51, 42, 10, 47, 38, 6, 
66, 34, 2, 62, 30, 21, 58, 26, 17, 54, 45, 13, 50, 41, 9, 69, 37, 5, 65, 33),  (1, 33, 65, 5, 37, 69, 9, 41, 50, 13, 45, 54, 17, 26, 58, 21, 
30, 62, 2, 34, 66, 6, 38, 47, 10, 42, 51, 14, 46, 55, 18, 27, 59, 22, 31, 63, 3, 35, 67, 7, 39, 48, 11, 43, 52, 15, 24, 56, 19, 28, 60, 23, 
32, 64, 4, 36, 68, 8, 40, 49, 12, 44, 53, 16, 25, 57, 20, 29, 61),  ], [  (1, 56, 42, 5, 60, 46, 9, 64, 27, 13, 68, 31, 17, 49, 35, 21, 53, 
39, 2, 57, 43, 6, 61, 24, 10, 65, 28, 14, 69, 32, 18, 50, 36, 22, 54, 40, 3, 58, 44, 7, 62, 25, 11, 66, 29, 15, 47, 33, 19, 51, 37, 23, 55, 
41, 4, 59, 45, 8, 63, 26, 12, 67, 30, 16, 48, 34, 20, 52, 38),  (1, 38, 52, 20, 34, 48, 16, 30, 67, 12, 26, 63, 8, 45, 59, 4, 41, 55, 23, 37, 
51, 19, 33, 47, 15, 29, 66, 11, 25, 62, 7, 44, 58, 3, 40, 54, 22, 36, 50, 18, 32, 69, 14, 28, 65, 10, 24, 61, 6, 43, 57, 2, 39, 53, 21, 35, 
49, 17, 31, 68, 13, 27, 64, 9, 46, 60, 5, 42, 56),  ], [  (1, 4, 7, 10, 13, 16, 19, 22, 2, 5, 8, 11, 14, 17, 20, 23, 3, 6, 9, 12, 15, 18, 
21)(24, 27, 30, 33, 36, 39, 42, 45, 25, 28, 31, 34, 37, 40, 43, 46, 26, 29, 32, 35, 38, 41, 44)(47, 50, 53, 56, 59, 62, 65, 68, 48, 51, 54, 
57, 60, 63, 66, 69, 49, 52, 55, 58, 61, 64, 67),  (1, 21, 18, 15, 12, 9, 6, 3, 23, 20, 17, 14, 11, 8, 5, 2, 22, 19, 16, 13, 10, 7, 4)(24, 44, 
41, 38, 35, 32, 29, 26, 46, 43, 40, 37, 34, 31, 28, 25, 45, 42, 39, 36, 33, 30, 27)(47, 67, 64, 61, 58, 55, 52, 49, 69, 66, 63, 60, 57, 54, 
51, 48, 68, 65, 62, 59, 56, 53, 50),  ], [  (1, 44, 64, 15, 35, 55, 6, 26, 69, 20, 40, 60, 11, 31, 51, 2, 45, 65, 16, 36, 56, 7, 27, 47, 21, 
41, 61, 12, 32, 52, 3, 46, 66, 17, 37, 57, 8, 28, 48, 22, 42, 62, 13, 33, 53, 4, 24, 67, 18, 38, 58, 9, 29, 49, 23, 43, 63, 14, 34, 54, 5, 25,
68, 19, 39, 59, 10, 30, 50),  (1, 50, 30, 10, 59, 39, 19, 68, 25, 5, 54, 34, 14, 63, 43, 23, 49, 29, 9, 58, 38, 18, 67, 24, 4, 53, 33, 13, 62,
42, 22, 48, 28, 8, 57, 37, 17, 66, 46, 3, 52, 32, 12, 61, 41, 21, 47, 27, 7, 56, 36, 16, 65, 45, 2, 51, 31, 11, 60, 40, 20, 69, 26, 6, 55, 35,
15, 64, 44),  ], [  (1, 27, 53, 10, 36, 62, 19, 45, 48, 5, 31, 57, 14, 40, 66, 23, 26, 52, 9, 35, 61, 18, 44, 47, 4, 30, 56, 13, 39, 65, 22, 
25, 51, 8, 34, 60, 17, 43, 69, 3, 29, 55, 12, 38, 64, 21, 24, 50, 7, 33, 59, 16, 42, 68, 2, 28, 54, 11, 37, 63, 20, 46, 49, 6, 32, 58, 15, 41,
67),  (1, 67, 41, 15, 58, 32, 6, 49, 46, 20, 63, 37, 11, 54, 28, 2, 68, 42, 16, 59, 33, 7, 50, 24, 21, 64, 38, 12, 55, 29, 3, 69, 43, 17, 60, 
34, 8, 51, 25, 22, 65, 39, 13, 56, 30, 4, 47, 44, 18, 61, 35, 9, 52, 26, 23, 66, 40, 14, 57, 31, 5, 48, 45, 19, 62, 36, 10, 53, 27),  ], [  
(1, 67, 41, 15, 58, 32, 6, 49, 46, 20, 63, 37, 11, 54, 28, 2, 68, 42, 16, 59, 33, 7, 50, 24, 21, 64, 38, 12, 55, 29, 3, 69, 43, 17, 60, 34, 8,
51, 25, 22, 65, 39, 13, 56, 30, 4, 47, 44, 18, 61, 35, 9, 52, 26, 23, 66, 40, 14, 57, 31, 5, 48, 45, 19, 62, 36, 10, 53, 27),  (1, 27, 53, 10,
36, 62, 19, 45, 48, 5, 31, 57, 14, 40, 66, 23, 26, 52, 9, 35, 61, 18, 44, 47, 4, 30, 56, 13, 39, 65, 22, 25, 51, 8, 34, 60, 17, 43, 69, 3, 29,
55, 12, 38, 64, 21, 24, 50, 7, 33, 59, 16, 42, 68, 2, 28, 54, 11, 37, 63, 20, 46, 49, 6, 32, 58, 15, 41, 67),  ], [  (1, 50, 30, 10, 59, 39, 
19, 68, 25, 5, 54, 34, 14, 63, 43, 23, 49, 29, 9, 58, 38, 18, 67, 24, 4, 53, 33, 13, 62, 42, 22, 48, 28, 8, 57, 37, 17, 66, 46, 3, 52, 32, 12,
61, 41, 21, 47, 27, 7, 56, 36, 16, 65, 45, 2, 51, 31, 11, 60, 40, 20, 69, 26, 6, 55, 35, 15, 64, 44),  (1, 44, 64, 15, 35, 55, 6, 26, 69, 20, 
40, 60, 11, 31, 51, 2, 45, 65, 16, 36, 56, 7, 27, 47, 21, 41, 61, 12, 32, 52, 3, 46, 66, 17, 37, 57, 8, 28, 48, 22, 42, 62, 13, 33, 53, 4, 24,
67, 18, 38, 58, 9, 29, 49, 23, 43, 63, 14, 34, 54, 5, 25, 68, 19, 39, 59, 10, 30, 50),  ], ]
);


