BRACES[116] := [ rec(
      gadd := 
       [ (  1, 66, 14, 77, 25, 90, 38,101, 49,114,  4, 67, 15, 80, 28, 91, 39,
             104, 52,115,  5, 70, 18, 81, 29, 94, 42,105, 53, 60,  8, 71, 19,
              84, 32, 95, 43,108, 56, 61,  9, 74, 22, 85, 33, 98, 46,109, 57,
              64, 12, 75, 23, 88, 36, 99, 47,112,  2, 65, 13, 78, 26, 89, 37,
             102, 50,113,  3, 68, 16, 79, 27, 92, 40,103, 51,116,  6, 69, 17,
              82, 30, 93, 41,106, 54, 59,  7, 72, 20, 83, 31, 96, 44,107, 55,
              62, 10, 73, 21, 86, 34, 97, 45,110, 58, 63, 11, 76, 24, 87, 35,
             100, 48,111) ],
      gmul := 
       [ (  1, 24, 45, 10, 31, 54, 17, 40,  3, 26, 47, 12, 33, 56, 19, 42,  5,
             28, 49, 14, 35, 58, 21, 44,  7, 30, 51, 16, 37,  2, 23, 46,  9,
              32, 53, 18, 39,  4, 25, 48, 11, 34, 55, 20, 41,  6, 27, 50, 13,
              36, 57, 22, 43,  8, 29, 52, 15, 38)( 59, 82,103, 68, 89,112, 75,
             98, 61, 84,105, 70, 91,114, 77,100, 63, 86,107, 72, 93,116, 79,
             102, 65, 88,109, 74, 95, 60, 81,104, 67, 90,111, 76, 97, 62, 83,
             106, 69, 92,113, 78, 99, 64, 85,108, 71, 94,115, 80,101, 66, 87,
             110, 73, 96), (  1, 77)(  2, 78)(  3, 75)(  4, 76)(  5, 73)
            (  6, 74)(  7, 71)(  8, 72)(  9, 69)( 10, 70)( 11, 67)( 12, 68)
            ( 13, 65)( 14, 66)( 15, 63)( 16, 64)( 17, 61)( 18, 62)( 19, 59)
            ( 20, 60)( 21,115)( 22,116)( 23,113)( 24,114)( 25,111)( 26,112)
            ( 27,109)( 28,110)( 29,107)( 30,108)( 31,105)( 32,106)( 33,103)
            ( 34,104)( 35,101)( 36,102)( 37, 99)( 38,100)( 39, 97)( 40, 98)
            ( 41, 95)( 42, 96)( 43, 93)( 44, 94)( 45, 91)( 46, 92)( 47, 89)
            ( 48, 90)( 49, 87)( 50, 88)( 51, 85)( 52, 86)( 53, 83)( 54, 84)
            ( 55, 81)( 56, 82)( 57, 79)( 58, 80) ],
      p := (  2, 60, 78, 56, 27, 31, 88, 11, 45, 65, 91, 62, 42,  8, 82, 63,
          49, 18, 16,104, 22,103, 40,112, 26, 52, 21, 73, 69, 50, 44, 43, 17,
          46,111,116, 97, 61, 28, 29,109, 94, 12, 15, 74, 99, 80, 33, 32, 90,
          85, 36,  7, 96,101, 75,106,  3)(  4, 23,110, 93, 58,113, 79, 35, 53,
         5, 37, 87, 57, 41, 54,114,115)(  6, 59, 92,108, 71, 13, 95, 47,102,
          72, 55)(  9, 24, 68,100, 98,107, 25, 10, 38, 89, 83, 84, 86, 34, 30,
         67, 70, 20, 51, 39, 66, 77, 14, 81,105, 48, 76, 64, 19),
      q := (  2, 60, 78,  6, 59, 92,108, 71, 47,102, 72,  5, 23,110, 93,  4,
          37, 87,  3)(  7, 96,101, 75,106, 57, 19, 51, 21, 73, 69, 12, 45, 65,
         91, 62, 20,  9, 38, 89, 83, 84, 86, 28, 31, 88, 49, 44, 17, 16,104,
          40,112, 36, 53, 55, 56, 33, 30, 67, 70, 42, 54,114,115, 58,113, 79,
          25, 52, 39, 66, 77, 48, 76, 64, 41,  8, 82, 63, 11, 15, 74, 99, 80,
          27, 29,109, 94, 50, 18, 46,111,116, 97, 61, 34, 32, 90, 85, 26, 10,
          24, 68,100, 98,107, 35)( 13, 95)( 14, 81,105)( 22,103) ), rec(
      gadd := 
       [ (  1, 66, 14, 77, 25, 90, 38,101, 49,114,  4, 67, 15, 80, 28, 91, 39,
             104, 52,115,  5, 70, 18, 81, 29, 94, 42,105, 53, 60,  8, 71, 19,
              84, 32, 95, 43,108, 56, 61,  9, 74, 22, 85, 33, 98, 46,109, 57,
              64, 12, 75, 23, 88, 36, 99, 47,112,  2, 65, 13, 78, 26, 89, 37,
             102, 50,113,  3, 68, 16, 79, 27, 92, 40,103, 51,116,  6, 69, 17,
              82, 30, 93, 41,106, 54, 59,  7, 72, 20, 83, 31, 96, 44,107, 55,
              62, 10, 73, 21, 86, 34, 97, 45,110, 58, 63, 11, 76, 24, 87, 35,
             100, 48,111) ],
      gmul := 
       [ (  1, 66, 13, 78, 25, 90, 37,102, 49,114,  3, 68, 15, 80, 27, 92, 39,
             104, 51,116,  5, 70, 17, 82, 29, 94, 41,106, 53, 60,  7, 72, 19,
              84, 31, 96, 43,108, 55, 62,  9, 74, 21, 86, 33, 98, 45,110, 57,
              64, 11, 76, 23, 88, 35,100, 47,112)(  2, 65, 14, 77, 26, 89, 38,
             101, 50,113,  4, 67, 16, 79, 28, 91, 40,103, 52,115,  6, 69, 18,
              81, 30, 93, 42,105, 54, 59,  8, 71, 20, 83, 32, 95, 44,107, 56,
              61, 10, 73, 22, 85, 34, 97, 46,109, 58, 63, 12, 75, 24, 87, 36,
              99, 48,111), (  1, 67, 17, 83, 33, 99, 49,115,  7, 73, 23, 89,
              39,105, 55, 63, 13, 79, 29, 95, 45,111,  3, 69, 19, 85, 35,101,
              51, 59,  9, 75, 25, 91, 41,107, 57, 65, 15, 81, 31, 97, 47,113,
               5, 71, 21, 87, 37,103, 53, 61, 11, 77, 27, 93, 43,109)
            (  2, 68, 18, 84, 34,100, 50,116,  8, 74, 24, 90, 40,106, 56, 64,
              14, 80, 30, 96, 46,112,  4, 70, 20, 86, 36,102, 52, 60, 10, 76,
              26, 92, 42,108, 58, 66, 16, 82, 32, 98, 48,114,  6, 72, 22, 88,
              38,104, 54, 62, 12, 78, 28, 94, 44,110) ],
      p := (  2, 60, 62,  4, 23, 68, 12, 15,104, 85, 77, 75, 55, 26, 52, 21,
         103, 71, 69, 40, 66, 70, 33, 32, 88, 42,  8, 96, 27, 31, 90, 80, 19,
           9, 24,110, 93,108,  6, 59,106, 64,105, 94, 50, 44, 43, 17, 46, 65,
          61, 48,102, 35, 53, 25, 10, 38, 87,101, 28, 29, 67, 98, 72, 97,107,
          36,  7, 82, 78,114,115, 99, 86,100, 14, 95, 13, 81,113, 58, 83, 20,
          51, 39,112,116, 79, 56, 47, 76, 91, 22, 73, 92, 49, 18, 16, 74, 34,
          30,109, 57,  3)(  5, 37, 89)( 11, 45,111, 63)( 41, 54, 84),
      q := (  2, 60,116, 97, 69, 22,103,105, 84, 19, 51, 21, 73, 86, 78, 64,
          71,107, 26, 10, 24, 68, 50, 18, 46,111,113,  4, 37, 87, 75,  5, 23,
         110, 83, 42, 54, 94, 12, 45, 65,115, 77,101, 34, 32, 90, 98,106,114,
          61, 14, 81, 63, 49, 44, 17, 16,104, 91, 40,112, 62, 58, 93, 70, 27,
          29,109,  3)(  6, 59, 72, 79)(  7, 96, 33, 30, 67, 80, 41,  8, 82,
         100, 48, 76, 85, 99, 92, 11, 15, 74, 28, 31, 88, 20,  9, 38, 89, 55,
          36, 53, 35)( 13, 95, 47,102, 25, 52, 39, 66,108, 56) ), rec(
      gadd := 
       [ (  1, 66, 14, 77, 25, 90, 38,101, 49,114,  4, 67, 15, 80, 28, 91, 39,
             104, 52,115,  5, 70, 18, 81, 29, 94, 42,105, 53, 60,  8, 71, 19,
              84, 32, 95, 43,108, 56, 61,  9, 74, 22, 85, 33, 98, 46,109, 57,
              64, 12, 75, 23, 88, 36, 99, 47,112,  2, 65, 13, 78, 26, 89, 37,
             102, 50,113,  3, 68, 16, 79, 27, 92, 40,103, 51,116,  6, 69, 17,
              82, 30, 93, 41,106, 54, 59,  7, 72, 20, 83, 31, 96, 44,107, 55,
              62, 10, 73, 21, 86, 34, 97, 45,110, 58, 63, 11, 76, 24, 87, 35,
             100, 48,111) ],
      gmul := 
       [ (  1, 65,  2, 66)(  3, 63,  4, 64)(  5, 61,  6, 62)(  7, 59,  8, 60)
            (  9,115, 10,116)( 11,113, 12,114)( 13,111, 14,112)
            ( 15,109, 16,110)( 17,107, 18,108)( 19,105, 20,106)
            ( 21,103, 22,104)( 23,101, 24,102)( 25, 99, 26,100)
            ( 27, 97, 28, 98)( 29, 95, 30, 96)( 31, 93, 32, 94)
            ( 33, 91, 34, 92)( 35, 89, 36, 90)( 37, 87, 38, 88)
            ( 39, 85, 40, 86)( 41, 83, 42, 84)( 43, 81, 44, 82)
            ( 45, 79, 46, 80)( 47, 77, 48, 78)( 49, 75, 50, 76)
            ( 51, 73, 52, 74)( 53, 71, 54, 72)( 55, 69, 56, 70)
            ( 57, 67, 58, 68), (  1,102,  2,101)(  3,100,  4, 99)
            (  5, 98,  6, 97)(  7, 96,  8, 95)(  9, 94, 10, 93)
            ( 11, 92, 12, 91)( 13, 90, 14, 89)( 15, 88, 16, 87)
            ( 17, 86, 18, 85)( 19, 84, 20, 83)( 21, 82, 22, 81)
            ( 23, 80, 24, 79)( 25, 78, 26, 77)( 27, 76, 28, 75)
            ( 29, 74, 30, 73)( 31, 72, 32, 71)( 33, 70, 34, 69)
            ( 35, 68, 36, 67)( 37, 66, 38, 65)( 39, 64, 40, 63)
            ( 41, 62, 42, 61)( 43, 60, 44, 59)( 45,116, 46,115)
            ( 47,114, 48,113)( 49,112, 50,111)( 51,110, 52,109)
            ( 53,108, 54,107)( 55,106, 56,105)( 57,104, 58,103) ],
      p := (  2, 59, 14, 15, 73,114, 85,100, 48, 75, 28, 68, 62, 35, 53,102,
          72, 61, 49, 18, 16,103, 11, 45, 66, 36, 90, 20,104, 12, 82,  6, 37,
          88, 99, 47,101, 71, 91, 79, 97, 80, 78,113,  4, 23,109, 93, 40,111,
          33, 32, 89, 64, 83, 41, 54, 21, 74, 58, 70, 57,105, 25, 10, 38,  7,
          95,  3)(  5, 60, 84, 77)(  8, 81, 22, 51, 39, 65, 92, 55,106, 26,
          52, 76, 98, 56, 13, 96, 86, 42)(  9, 24, 67, 50, 44,112, 34, 30, 29,
         110, 94, 63, 69, 27, 31, 87, 19)( 17, 46, 43),
      q := (  2, 60, 83, 19, 51, 21, 73,113, 58, 69, 33, 30, 31, 88,100, 14,
          45, 65, 91, 80, 77, 55,105, 35,  7, 96, 85, 99, 13, 95, 57,106, 36,
          89, 63, 70,  3)(  4, 37, 87, 41,  8, 82, 56, 47,102, 71, 92,  5, 59,
         48, 76, 97, 79, 98,  6, 23,110, 93, 22,  9, 38, 53,101, 72, 62, 25,
          52, 75, 34, 32, 90, 42, 54, 39, 66, 26, 10, 24, 68, 61, 11, 15, 74)
        ( 12, 81, 40,112, 28, 67)( 16,104, 50, 18, 46, 17)( 20,103, 49, 44,
         111, 27, 29,109, 94, 64, 84, 78,114, 86)(107,108)(115,116) ), rec(
      gadd := 
       [ (  1, 66, 14, 77, 25, 90, 38,101, 49,114,  4, 67, 15, 80, 28, 91, 39,
             104, 52,115,  5, 70, 18, 81, 29, 94, 42,105, 53, 60,  8, 71, 19,
              84, 32, 95, 43,108, 56, 61,  9, 74, 22, 85, 33, 98, 46,109, 57,
              64, 12, 75, 23, 88, 36, 99, 47,112,  2, 65, 13, 78, 26, 89, 37,
             102, 50,113,  3, 68, 16, 79, 27, 92, 40,103, 51,116,  6, 69, 17,
              82, 30, 93, 41,106, 54, 59,  7, 72, 20, 83, 31, 96, 44,107, 55,
              62, 10, 73, 21, 86, 34, 97, 45,110, 58, 63, 11, 76, 24, 87, 35,
             100, 48,111) ],
      gmul := 
       [ (  1, 66, 14, 77, 25, 90, 38,101, 49,114,  4, 67, 15, 80, 28, 91, 39,
             104, 52,115,  5, 70, 18, 81, 29, 94, 42,105, 53, 60,  8, 71, 19,
              84, 32, 95, 43,108, 56, 61,  9, 74, 22, 85, 33, 98, 46,109, 57,
              64, 12, 75, 23, 88, 36, 99, 47,112,  2, 65, 13, 78, 26, 89, 37,
             102, 50,113,  3, 68, 16, 79, 27, 92, 40,103, 51,116,  6, 69, 17,
              82, 30, 93, 41,106, 54, 59,  7, 72, 20, 83, 31, 96, 44,107, 55,
              62, 10, 73, 21, 86, 34, 97, 45,110, 58, 63, 11, 76, 24, 87, 35,
             100, 48,111) ],
      p := (  2, 59,  4, 23, 67, 47, 75, 33, 32, 87, 79, 55, 62, 83, 19,  9,
          24,109, 94, 42,  8, 95, 86, 20,104,107, 36, 90, 64,106, 13, 96, 27,
          31, 89,  6, 37, 88, 22, 51, 39,111, 58, 84, 77,114, 57, 61, 25, 10,
          38,  7, 81, 78, 34, 30, 29,110, 35, 53,102, 49, 18, 16, 73, 92, 28,
          68,105, 72, 69, 70, 48,101,108, 71, 11, 45, 66, 40, 65, 26, 52, 76,
          91,  5, 60, 98, 50, 44,112, 93, 63, 97, 41, 54, 21, 74, 12, 82, 56,
           3)( 14, 15,103)( 17, 46, 43)( 80,113,116)( 85,100, 99),
      q := (  2, 60, 79,  5, 59, 58, 93,114,  3)(  4, 37, 89, 56, 57,116, 97,
          19, 51, 21,103, 48, 76, 86, 42, 54, 39, 66, 22,  9, 38, 53, 75, 27,
          29, 67, 13, 81, 99, 92, 34, 32, 90,113, 61, 35,  7, 96, 33, 30, 31,
          88, 40,112, 84,100, 78, 28,109, 83, 41,  8, 82,  6, 23,110, 25, 52,
         101, 69,107, 26, 10, 24, 68, 72,108,106, 47,102, 11, 15, 74, 50, 18,
          46, 17, 16,104, 70, 14, 45,111)( 12, 95, 91, 55,115, 62, 94, 20, 73,
         85, 77, 63, 80, 64, 71, 49, 44, 65, 36, 87, 98) ), rec(
      gadd := 
       [ (  1, 66, 14, 77, 25, 90, 38,101, 49,114,  4, 67, 15, 80, 28, 91, 39,
             104, 52,115,  5, 70, 18, 81, 29, 94, 42,105, 53, 60,  8, 71, 19,
              84, 32, 95, 43,108, 56, 61,  9, 74, 22, 85, 33, 98, 46,109, 57,
              64, 12, 75, 23, 88, 36, 99, 47,112,  2, 65, 13, 78, 26, 89, 37,
             102, 50,113,  3, 68, 16, 79, 27, 92, 40,103, 51,116,  6, 69, 17,
              82, 30, 93, 41,106, 54, 59,  7, 72, 20, 83, 31, 96, 44,107, 55,
              62, 10, 73, 21, 86, 34, 97, 45,110, 58, 63, 11, 76, 24, 87, 35,
             100, 48,111) ],
      gmul := 
       [ (  1,  2)(  3, 58)(  4, 57)(  5, 56)(  6, 55)(  7, 54)(  8, 53)
            (  9, 52)( 10, 51)( 11, 50)( 12, 49)( 13, 48)( 14, 47)( 15, 46)
            ( 16, 45)( 17, 44)( 18, 43)( 19, 42)( 20, 41)( 21, 40)( 22, 39)
            ( 23, 38)( 24, 37)( 25, 36)( 26, 35)( 27, 34)( 28, 33)( 29, 32)
            ( 30, 31)( 59, 60)( 61,116)( 62,115)( 63,114)( 64,113)( 65,112)
            ( 66,111)( 67,110)( 68,109)( 69,108)( 70,107)( 71,106)( 72,105)
            ( 73,104)( 74,103)( 75,102)( 76,101)( 77,100)( 78, 99)( 79, 98)
            ( 80, 97)( 81, 96)( 82, 95)( 83, 94)( 84, 93)( 85, 92)( 86, 91)
            ( 87, 90)( 88, 89), 
          (  1, 83, 49, 73, 39, 63, 29,111, 19,101,  9, 91, 57, 81, 47, 71,
              37, 61, 27,109, 17, 99,  7, 89, 55, 79, 45, 69, 35, 59, 25,107,
              15, 97,  5, 87, 53, 77, 43, 67, 33,115, 23,105, 13, 95,  3, 85,
              51, 75, 41, 65, 31,113, 21,103, 11, 93)(  2, 84, 50, 74, 40, 64,
             30,112, 20,102, 10, 92, 58, 82, 48, 72, 38, 62, 28,110, 18,100,
               8, 90, 56, 80, 46, 70, 36, 60, 26,108, 16, 98,  6, 88, 54, 78,
              44, 68, 34,116, 24,106, 14, 96,  4, 86, 52, 76, 42, 66, 32,114,
              22,104, 12, 94) ],
      p := (  2, 60, 83, 77, 33, 30,109, 13, 81, 98,  5, 37, 89, 62, 36,  7,
          96, 26, 10, 24, 68, 69, 47,102,114, 49, 44, 43, 17, 16,104, 48, 76,
         113, 70, 50, 18, 46, 65, 25, 52, 21,103, 56, 61,  3)(  4, 23,110, 92,
         115, 85, 79,  6, 59,116,107, 63, 94, 78,101, 35, 53, 97, 84, 19,  9,
          38, 87, 42, 54, 22, 73, 11, 45,111, 34, 32, 90, 41,  8, 82, 40,112,
          12, 15, 74, 28, 29, 67, 72, 91, 55, 80, 64,105,106, 27, 31, 88)
        ( 14, 95, 20, 51, 39, 66)( 57, 75, 86,100, 93)( 71,108),
      q := (  2, 60, 93,  3)(  4, 37, 87, 42, 54, 22,103, 56,115, 91,  5, 23,
         110, 92, 61, 57,101, 25, 52, 39, 66, 14, 81, 98, 55, 80, 64, 71,108,
         105,106, 33, 30, 67, 72, 85, 97, 84, 41,  8, 82, 40,112, 12, 45, 65,
          35,  7, 96, 26, 10, 24, 68,107,113, 70, 50, 18, 46,111, 34, 32, 90,
          19, 51, 21, 73, 49, 44, 17, 16,104, 48, 76, 63, 94, 78, 75, 86,100,
          83, 99, 77, 27, 29,109, 47,102,114, 11, 15, 74, 28, 31, 88)
        (  6, 59,116, 69, 13, 95, 20,  9, 38, 89, 62, 36, 53, 79) ), rec(
      gadd := 
       [ (  1, 66, 14, 77, 25, 90, 38,101, 49,114,  4, 67, 15, 80, 28, 91, 39,
             104, 52,115,  5, 70, 18, 81, 29, 94, 42,105, 53, 60,  8, 71, 19,
              84, 32, 95, 43,108, 56, 61,  9, 74, 22, 85, 33, 98, 46,109, 57,
              64, 12, 75, 23, 88, 36, 99, 47,112,  2, 65, 13, 78, 26, 89, 37,
             102, 50,113,  3, 68, 16, 79, 27, 92, 40,103, 51,116,  6, 69, 17,
              82, 30, 93, 41,106, 54, 59,  7, 72, 20, 83, 31, 96, 44,107, 55,
              62, 10, 73, 21, 86, 34, 97, 45,110, 58, 63, 11, 76, 24, 87, 35,
             100, 48,111) ],
      gmul := 
       [ (  1,  6)(  2,  5)(  3,  4)(  7, 58)(  8, 57)(  9, 56)( 10, 55)
            ( 11, 54)( 12, 53)( 13, 52)( 14, 51)( 15, 50)( 16, 49)( 17, 48)
            ( 18, 47)( 19, 46)( 20, 45)( 21, 44)( 22, 43)( 23, 42)( 24, 41)
            ( 25, 40)( 26, 39)( 27, 38)( 28, 37)( 29, 36)( 30, 35)( 31, 34)
            ( 32, 33)( 59, 64)( 60, 63)( 61, 62)( 65,116)( 66,115)( 67,114)
            ( 68,113)( 69,112)( 70,111)( 71,110)( 72,109)( 73,108)( 74,107)
            ( 75,106)( 76,105)( 77,104)( 78,103)( 79,102)( 80,101)( 81,100)
            ( 82, 99)( 83, 98)( 84, 97)( 85, 96)( 86, 95)( 87, 94)( 88, 93)
            ( 89, 92)( 90, 91), (  1, 79, 30, 68)(  2, 80, 29, 67)
            (  3,103, 28,102)(  4,104, 27,101)(  5, 69, 26, 78)
            (  6, 70, 25, 77)(  7, 93, 24,112)(  8, 94, 23,111)
            (  9, 59, 22, 88)( 10, 60, 21, 87)( 11, 83, 20, 64)
            ( 12, 84, 19, 63)( 13,107, 18, 98)( 14,108, 17, 97)
            ( 15, 73, 16, 74)( 31, 91, 58,114)( 32, 92, 57,113)
            ( 33,115, 56, 90)( 34,116, 55, 89)( 35, 81, 54, 66)
            ( 36, 82, 53, 65)( 37,105, 52,100)( 38,106, 51, 99)
            ( 39, 71, 50, 76)( 40, 72, 49, 75)( 41, 95, 48,110)
            ( 42, 96, 47,109)( 43, 61, 46, 86)( 44, 62, 45, 85) ],
      p := (  2, 59, 87, 40, 73, 89, 43, 12, 45,  8, 85, 44, 56, 79,106,116,
          57, 52, 49, 11, 81,110,  4, 23, 27,113, 36, 69, 88, 39, 70, 80,109,
          26, 46, 97, 18, 15, 92, 42, 51, 50,  6, 37, 63, 67, 78,100, 21, 33,
         114, 35, 66, 72,101, 61, 77, 99, 22, 28,107, 83, 48, 55, 53,  5, 60,
          75,102, 93, 14, 86, 30,  9, 38, 64, 31,104, 62, 71, 98, 17, 96, 32,
         108, 84, 20, 65, 68, 76,105,115, 58, 10, 24,111,  3)(  7, 91, 47)
        ( 13, 82, 29,103, 94)( 16, 95, 41, 74, 90, 19, 34,112, 25),
      q := (  2, 60, 78,101, 84, 20, 74,105, 94, 47, 53, 55,  7, 96, 32, 63,
          98, 43, 12, 15, 81, 97, 18, 45,  8, 82, 31,111, 57, 52, 11, 92, 42,
           9, 38, 69, 71, 67, 75, 77, 76, 90, 41, 65, 79, 87, 40,112, 35,103,
         115, 58, 10, 24,104, 93, 14, 95, 19, 34, 73, 72,100, 39,113, 36, 64,
          29, 66, 89, 17, 91, 13, 85, 44, 56, 68, 99, 22, 28,114, 25, 16, 86,
          30, 51, 50,  6, 23, 33,107,116,  3)(  4, 37,108, 61,102, 62, 88, 21,
         27, 70,109, 26, 46,110)(  5, 59,106, 83, 48) ), rec(
      gadd := 
       [ (  1, 44, 29, 43, 28, 42, 27, 41, 26, 40, 25, 39, 24, 38, 23, 37, 22,
             36, 21, 35, 20, 34, 19, 33, 18, 32, 17, 31, 16, 30, 15, 58, 14,
              57, 13, 56, 12, 55, 11, 54, 10, 53,  9, 52,  8, 51,  7, 50,  6,
              49,  5, 48,  4, 47,  3, 46,  2, 45)( 59,102, 87,101, 86,100, 85,
             99, 84, 98, 83, 97, 82, 96, 81, 95, 80, 94, 79, 93, 78, 92, 77,
              91, 76, 90, 75, 89, 74, 88, 73,116, 72,115, 71,114, 70,113, 69,
             112, 68,111, 67,110, 66,109, 65,108, 64,107, 63,106, 62,105, 61,
             104, 60,103), (  1, 64, 11, 74, 21, 84,  2, 65, 12, 75, 22, 85,
               3, 66, 13, 76, 23, 86,  4, 67, 14, 77, 24, 87,  5, 68, 15, 78,
              25, 59,  6, 69, 16, 79, 26, 60,  7, 70, 17, 80, 27, 61,  8, 71,
              18, 81, 28, 62,  9, 72, 19, 82, 29, 63, 10, 73, 20, 83)
            ( 30, 93, 40,103, 50,113, 31, 94, 41,104, 51,114, 32, 95, 42,105,
              52,115, 33, 96, 43,106, 53,116, 34, 97, 44,107, 54, 88, 35, 98,
              45,108, 55, 89, 36, 99, 46,109, 56, 90, 37,100, 47,110, 57, 91,
              38,101, 48,111, 58, 92, 39,102, 49,112) ],
      gmul := 
       [ (  1, 79, 12, 61, 23, 72,  5, 83, 16, 65, 27, 76,  9, 87, 20, 69,  2,
             80, 13, 62, 24, 73,  6, 84, 17, 66, 28, 77, 10, 59, 21, 70,  3,
              81, 14, 63, 25, 74,  7, 85, 18, 67, 29, 78, 11, 60, 22, 71,  4,
              82, 15, 64, 26, 75,  8, 86, 19, 68)( 30,108, 41, 90, 52,101, 34,
             112, 45, 94, 56,105, 38,116, 49, 98, 31,109, 42, 91, 53,102, 35,
             113, 46, 95, 57,106, 39, 88, 50, 99, 32,110, 43, 92, 54,103, 36,
             114, 47, 96, 58,107, 40, 89, 51,100, 33,111, 44, 93, 55,104, 37,
             115, 48, 97), (  1,116, 28,114, 26,112, 24,110, 22,108, 20,106,
              18,104, 16,102, 14,100, 12, 98, 10, 96,  8, 94,  6, 92,  4, 90,
               2, 88, 29,115, 27,113, 25,111, 23,109, 21,107, 19,105, 17,103,
              15,101, 13, 99, 11, 97,  9, 95,  7, 93,  5, 91,  3, 89)
            ( 30, 87, 57, 85, 55, 83, 53, 81, 51, 79, 49, 77, 47, 75, 45, 73,
              43, 71, 41, 69, 39, 67, 37, 65, 35, 63, 33, 61, 31, 59, 58, 86,
              56, 84, 54, 82, 52, 80, 50, 78, 48, 76, 46, 74, 44, 72, 42, 70,
              40, 68, 38, 66, 36, 64, 34, 62, 32, 60) ],
      p := (  2,  7, 94, 39, 31, 54, 49, 87, 10,111, 86,114, 40, 83, 46, 95,
          62, 84, 27, 41, 64,107, 80,102, 51, 52, 17, 82,104,  5, 24, 71,  9,
          59,101,109, 92, 16, 65, 38, 89, 33, 70, 67,  3, 88, 91,108, 11, 53,
          43, 58, 20, 12, 18,105,115, 69, 44, 23, 48, 60, 66, 61, 32, 77, 56,
          55, 72, 90, 85,  4, 30,112, 75, 15, 42,116, 63, 26, 99, 68,113, 98,
          45, 14,100, 28,  6, 13, 19, 47, 37,  8, 36, 29)( 21, 25, 76, 96, 22,
         106, 57, 78, 79)( 34, 93, 97,103, 74, 73, 50,110),
      q := (  2, 24, 76,109,113,107, 67, 28, 25, 71, 22, 99, 79, 10, 94, 50,
          95, 85, 27, 48, 87, 21,  6, 18,100,  3, 88,114, 49, 60, 81, 66, 86,
          91, 97,102, 38,116, 84,  4, 30, 93,108, 20, 19, 42, 89, 56, 34,112,
          72,115, 78, 68, 92, 15, 47, 52, 14,105, 90, 62, 63,  5,  7,111, 61,
          57, 69, 45, 17, 65, 51, 37, 23, 41, 83, 43, 31, 35, 54, 40, 64, 98,
          44,  8, 53, 46,110, 55, 75, 16, 82,101, 96,  9, 59,104, 26,106, 32,
          70, 80,103, 73, 39, 58, 11, 36)( 12, 13)( 33, 77) ), rec(
      gadd := 
       [ (  1, 35, 11, 45, 21, 55,  2, 36, 12, 46, 22, 56,  3, 37, 13, 47, 23,
             57,  4, 38, 14, 48, 24, 58,  5, 39, 15, 49, 25, 30,  6, 40, 16,
              50, 26, 31,  7, 41, 17, 51, 27, 32,  8, 42, 18, 52, 28, 33,  9,
              43, 19, 53, 29, 34, 10, 44, 20, 54)( 59, 93, 69,103, 79,113, 60,
             94, 70,104, 80,114, 61, 95, 71,105, 81,115, 62, 96, 72,106, 82,
             116, 63, 97, 73,107, 83, 88, 64, 98, 74,108, 84, 89, 65, 99, 75,
             109, 85, 90, 66,100, 76,110, 86, 91, 67,101, 77,111, 87, 92, 68,
             102, 78,112), (  1, 66, 15, 80, 29, 65, 14, 79, 28, 64, 13, 78,
              27, 63, 12, 77, 26, 62, 11, 76, 25, 61, 10, 75, 24, 60,  9, 74,
              23, 59,  8, 73, 22, 87,  7, 72, 21, 86,  6, 71, 20, 85,  5, 70,
              19, 84,  4, 69, 18, 83,  3, 68, 17, 82,  2, 67, 16, 81)
            ( 30, 95, 44,109, 58, 94, 43,108, 57, 93, 42,107, 56, 92, 41,106,
              55, 91, 40,105, 54, 90, 39,104, 53, 89, 38,103, 52, 88, 37,102,
              51,116, 36,101, 50,115, 35,100, 49,114, 34, 99, 48,113, 33, 98,
              47,112, 32, 97, 46,111, 31, 96, 45,110) ],
      gmul := 
       [ (  1, 67)(  2, 66)(  3, 65)(  4, 64)(  5, 63)(  6, 62)(  7, 61)
            (  8, 60)(  9, 59)( 10, 87)( 11, 86)( 12, 85)( 13, 84)( 14, 83)
            ( 15, 82)( 16, 81)( 17, 80)( 18, 79)( 19, 78)( 20, 77)( 21, 76)
            ( 22, 75)( 23, 74)( 24, 73)( 25, 72)( 26, 71)( 27, 70)( 28, 69)
            ( 29, 68)( 30, 96)( 31, 95)( 32, 94)( 33, 93)( 34, 92)( 35, 91)
            ( 36, 90)( 37, 89)( 38, 88)( 39,116)( 40,115)( 41,114)( 42,113)
            ( 43,112)( 44,111)( 45,110)( 46,109)( 47,108)( 48,107)( 49,106)
            ( 50,105)( 51,104)( 52,103)( 53,102)( 54,101)( 55,100)( 56, 99)
            ( 57, 98)( 58, 97), 
          (  1, 90,  5, 94,  9, 98, 13,102, 17,106, 21,110, 25,114, 29, 89,
               4, 93,  8, 97, 12,101, 16,105, 20,109, 24,113, 28, 88,  3, 92,
               7, 96, 11,100, 15,104, 19,108, 23,112, 27,116,  2, 91,  6, 95,
              10, 99, 14,103, 18,107, 22,111, 26,115)( 30, 61, 34, 65, 38, 69,
             42, 73, 46, 77, 50, 81, 54, 85, 58, 60, 33, 64, 37, 68, 41, 72,
              45, 76, 49, 80, 53, 84, 57, 59, 32, 63, 36, 67, 40, 71, 44, 75,
              48, 79, 52, 83, 56, 87, 31, 62, 35, 66, 39, 70, 43, 74, 47, 78,
              51, 82, 55, 86) ],
      p := (  2, 30, 70, 16, 42, 89, 20, 12, 18,100, 96, 51,110, 39, 83, 91,
         114,108, 86, 81, 79, 97, 40, 31, 77, 73, 44, 23, 71, 72, 67, 38, 64,
          43,116, 62,115, 68,104,113, 75, 10, 94,  9, 13, 47, 60, 32, 54, 55,
          11,111,107,102,  3,  7, 59, 84, 27, 99, 63, 22, 76, 66, 61, 98, 15,
          65, 78, 50, 95, 26,106, 69,109, 90,101, 57, 28,  6, 53,  5, 24, 48,
          37, 58, 49, 14, 82, 56, 92, 21, 41,  8, 36, 29, 35, 93, 34,112, 74,
         103, 45, 52, 17, 19,105, 80,  4, 88, 33)( 46, 87, 85),
      q := (  2, 30, 70, 15, 65, 78, 50,110, 39, 83,114, 97, 40, 31, 77, 73,
          44,  8, 36)(  3, 24, 48, 37, 58, 49, 17, 12, 13, 47, 60, 32, 54, 55,
         20, 19,100,109,115, 68,101, 57)(  4, 88, 33, 29, 35,112, 74,102, 28,
          25,  6, 53, 26, 99, 63,  9, 18,105, 80, 27,106, 69, 96, 51, 95,  5,
           7, 59, 84)( 10,111, 98, 16, 42,116, 62, 90,104, 92)
        ( 11, 94, 22, 76, 66, 61,107,103, 45, 52, 14, 82, 56,113, 75, 21, 41,
          23, 71, 72, 67, 38, 64, 43, 89)( 34, 93)( 46, 87, 85)
        ( 79,108, 86, 81) ), rec(
      gadd := 
       [ (  1, 66, 15, 80, 29, 65, 14, 79, 28, 64, 13, 78, 27, 63, 12, 77, 26,
             62, 11, 76, 25, 61, 10, 75, 24, 60,  9, 74, 23, 59,  8, 73, 22,
              87,  7, 72, 21, 86,  6, 71, 20, 85,  5, 70, 19, 84,  4, 69, 18,
              83,  3, 68, 17, 82,  2, 67, 16, 81)( 30, 95, 44,109, 58, 94, 43,
             108, 57, 93, 42,107, 56, 92, 41,106, 55, 91, 40,105, 54, 90, 39,
             104, 53, 89, 38,103, 52, 88, 37,102, 51,116, 36,101, 50,115, 35,
             100, 49,114, 34, 99, 48,113, 33, 98, 47,112, 32, 97, 46,111, 31,
              96, 45,110), (  1, 92,  9,100, 17,108, 25,116,  4, 95, 12,103,
              20,111, 28, 90,  7, 98, 15,106, 23,114,  2, 93, 10,101, 18,109,
              26, 88,  5, 96, 13,104, 21,112, 29, 91,  8, 99, 16,107, 24,115,
               3, 94, 11,102, 19,110, 27, 89,  6, 97, 14,105, 22,113)
            ( 30, 63, 38, 71, 46, 79, 54, 87, 33, 66, 41, 74, 49, 82, 57, 61,
              36, 69, 44, 77, 52, 85, 31, 64, 39, 72, 47, 80, 55, 59, 34, 67,
              42, 75, 50, 83, 58, 62, 37, 70, 45, 78, 53, 86, 32, 65, 40, 73,
              48, 81, 56, 60, 35, 68, 43, 76, 51, 84) ],
      gmul := 
       [ (  1, 66, 44,109, 29, 65, 43,108, 28, 64, 42,107, 27, 63, 41,106, 26,
             62, 40,105, 25, 61, 39,104, 24, 60, 38,103, 23, 59, 37,102, 22,
              87, 36,101, 21, 86, 35,100, 20, 85, 34, 99, 19, 84, 33, 98, 18,
              83, 32, 97, 17, 82, 31, 96, 16, 81, 30, 95, 15, 80, 58, 94, 14,
              79, 57, 93, 13, 78, 56, 92, 12, 77, 55, 91, 11, 76, 54, 90, 10,
              75, 53, 89,  9, 74, 52, 88,  8, 73, 51,116,  7, 72, 50,115,  6,
              71, 49,114,  5, 70, 48,113,  4, 69, 47,112,  3, 68, 46,111,  2,
              67, 45,110) ],
      p := (  2, 59, 49, 14, 18, 42, 31, 83, 27,106, 34, 54, 17, 19,100, 62,
          90, 97, 16, 76,108, 86, 56, 20, 47, 66, 43, 89, 39, 60,101,109, 92,
          10, 36, 35,112, 63, 84, 91, 45,116,104, 80,114, 11, 94, 33)
        (  3,  7, 65, 72,102, 57,113, 98, 74, 38, 29, 99,  4, 30,  6, 24, 70,
          32, 64, 55,107, 28, 41,  8, 82, 50, 37, 93, 68, 96, 51, 95,103, 22,
          12, 53,110, 40, 87, 75, 15, 71,  9, 13,111,  5, 88, 46, 23, 77, 73,
          67)( 21,105,115, 69, 61, 26, 48, 81, 79)( 44, 58, 78),
      q := (  2, 88, 43, 87,101, 67, 28, 48, 95, 73,109, 84, 85, 91, 44, 31,
          93,108, 90, 79, 10, 53, 66, 46,  8, 94, 56, 11, 82, 39,116, 72, 74,
          51, 81, 97, 15,105, 61,  5, 59, 40, 89, 50, 52, 37, 83,  4, 30, 25,
           6,  7,111, 26, 41, 23, 99, 27, 70, 57, 63, 92, 21, 71, 22, 19, 76,
          68, 80, 62, 86, 33, 29, 77,103,  9, 18, 47,110, 49, 17, 12, 36, 54,
          14, 13, 65,104, 96, 38)(  3, 24,106, 55, 69,115,107)
        ( 16,100,114, 20, 42, 58, 98,102, 32,112,113, 78, 45, 60, 75)
        ( 34, 35, 64) ), rec(
      gadd := 
       [ (  1, 42, 25, 37, 20, 32, 15, 56, 10, 51,  5, 46, 29, 41, 24, 36, 19,
             31, 14, 55,  9, 50,  4, 45, 28, 40, 23, 35, 18, 30, 13, 54,  8,
              49,  3, 44, 27, 39, 22, 34, 17, 58, 12, 53,  7, 48,  2, 43, 26,
              38, 21, 33, 16, 57, 11, 52,  6, 47)( 59,100, 83, 95, 78, 90, 73,
             114, 68,109, 63,104, 87, 99, 82, 94, 77, 89, 72,113, 67,108, 62,
             103, 86, 98, 81, 93, 76, 88, 71,112, 66,107, 61,102, 85, 97, 80,
              92, 75,116, 70,111, 65,106, 60,101, 84, 96, 79, 91, 74,115, 69,
             110, 64,105), (  1, 66, 15, 80, 29, 65, 14, 79, 28, 64, 13, 78,
              27, 63, 12, 77, 26, 62, 11, 76, 25, 61, 10, 75, 24, 60,  9, 74,
              23, 59,  8, 73, 22, 87,  7, 72, 21, 86,  6, 71, 20, 85,  5, 70,
              19, 84,  4, 69, 18, 83,  3, 68, 17, 82,  2, 67, 16, 81)
            ( 30, 95, 44,109, 58, 94, 43,108, 57, 93, 42,107, 56, 92, 41,106,
              55, 91, 40,105, 54, 90, 39,104, 53, 89, 38,103, 52, 88, 37,102,
              51,116, 36,101, 50,115, 35,100, 49,114, 34, 99, 48,113, 33, 98,
              47,112, 32, 97, 46,111, 31, 96, 45,110) ],
      gmul := 
       [ (  1, 65, 30, 94)(  2, 64, 31, 93)(  3, 63, 32, 92)(  4, 62, 33, 91)
            (  5, 61, 34, 90)(  6, 60, 35, 89)(  7, 59, 36, 88)
            (  8, 87, 37,116)(  9, 86, 38,115)( 10, 85, 39,114)
            ( 11, 84, 40,113)( 12, 83, 41,112)( 13, 82, 42,111)
            ( 14, 81, 43,110)( 15, 80, 44,109)( 16, 79, 45,108)
            ( 17, 78, 46,107)( 18, 77, 47,106)( 19, 76, 48,105)
            ( 20, 75, 49,104)( 21, 74, 50,103)( 22, 73, 51,102)
            ( 23, 72, 52,101)( 24, 71, 53,100)( 25, 70, 54, 99)
            ( 26, 69, 55, 98)( 27, 68, 56, 97)( 28, 67, 57, 96)
            ( 29, 66, 58, 95), (  1,107, 30, 78)(  2,106, 31, 77)
            (  3,105, 32, 76)(  4,104, 33, 75)(  5,103, 34, 74)
            (  6,102, 35, 73)(  7,101, 36, 72)(  8,100, 37, 71)
            (  9, 99, 38, 70)( 10, 98, 39, 69)( 11, 97, 40, 68)
            ( 12, 96, 41, 67)( 13, 95, 42, 66)( 14, 94, 43, 65)
            ( 15, 93, 44, 64)( 16, 92, 45, 63)( 17, 91, 46, 62)
            ( 18, 90, 47, 61)( 19, 89, 48, 60)( 20, 88, 49, 59)
            ( 21,116, 50, 87)( 22,115, 51, 86)( 23,114, 52, 85)
            ( 24,113, 53, 84)( 25,112, 54, 83)( 26,111, 55, 82)
            ( 27,110, 56, 81)( 28,109, 57, 80)( 29,108, 58, 79) ],
      p := (  2, 59, 45,116, 98, 44, 58, 73, 57,108, 32, 83, 56, 16, 71, 91,
          50, 37, 93, 15, 76,113, 92,101, 20, 47, 81, 34, 54, 17, 19,100,  9,
          13,111, 55,102, 43, 89, 40, 60, 96, 46, 23, 70, 28, 41,  8, 65, 51,
          95, 74, 61, 10, 36, 35,112, 63,114, 49, 14, 18, 42, 31, 64, 79, 97,
          72, 85, 21,105,104, 80, 62, 22, 12, 53,110, 26, 48, 66, 67, 39, 87,
         103,115, 69,  4, 30,  6, 24, 77, 27,106, 38, 29, 99, 75, 33)
        (  3,  7, 82, 84,107)(  5, 88, 68, 90, 78)( 11, 94,109, 86),
      q := (  2, 88, 97,101, 11, 65, 38)(  3, 24,106, 51, 66, 96, 43, 60, 67,
          50, 52, 37, 64,108, 57, 79, 68, 61, 21, 76, 84, 78, 26, 41, 23, 99,
         104,109,115, 98, 45, 87, 74, 90,107, 28, 48, 95,103, 86, 20, 42, 58,
         102, 46,  8, 94, 80, 91, 39,116, 69, 27, 77,  4, 30, 25,  6,  7,111,
          34, 35, 83, 33, 29, 70)(  5, 59, 44, 31, 93, 16,100, 22, 19, 71, 62,
         9, 18, 47,110)( 10, 53, 81, 55, 73, 32,112, 92, 72,114, 40, 89, 49,
          17, 12, 36, 54, 14, 13, 82,113, 63, 85)( 15,105, 75, 56) ), rec(
      gadd := 
       [ (  1, 41, 23, 34, 16, 56,  9, 49,  2, 42, 24, 35, 17, 57, 10, 50,  3,
             43, 25, 36, 18, 58, 11, 51,  4, 44, 26, 37, 19, 30, 12, 52,  5,
              45, 27, 38, 20, 31, 13, 53,  6, 46, 28, 39, 21, 32, 14, 54,  7,
              47, 29, 40, 22, 33, 15, 55,  8, 48)( 59, 99, 81, 92, 74,114, 67,
             107, 60,100, 82, 93, 75,115, 68,108, 61,101, 83, 94, 76,116, 69,
             109, 62,102, 84, 95, 77, 88, 70,110, 63,103, 85, 96, 78, 89, 71,
             111, 64,104, 86, 97, 79, 90, 72,112, 65,105, 87, 98, 80, 91, 73,
             113, 66,106), (  1, 72, 27, 69, 24, 66, 21, 63, 18, 60, 15, 86,
              12, 83,  9, 80,  6, 77,  3, 74, 29, 71, 26, 68, 23, 65, 20, 62,
              17, 59, 14, 85, 11, 82,  8, 79,  5, 76,  2, 73, 28, 70, 25, 67,
              22, 64, 19, 61, 16, 87, 13, 84, 10, 81,  7, 78,  4, 75)
            ( 30,101, 56, 98, 53, 95, 50, 92, 47, 89, 44,115, 41,112, 38,109,
              35,106, 32,103, 58,100, 55, 97, 52, 94, 49, 91, 46, 88, 43,114,
              40,111, 37,108, 34,105, 31,102, 57, 99, 54, 96, 51, 93, 48, 90,
              45,116, 42,113, 39,110, 36,107, 33,104) ],
      gmul := 
       [ (  1, 42)(  2, 41)(  3, 40)(  4, 39)(  5, 38)(  6, 37)(  7, 36)
            (  8, 35)(  9, 34)( 10, 33)( 11, 32)( 12, 31)( 13, 30)( 14, 58)
            ( 15, 57)( 16, 56)( 17, 55)( 18, 54)( 19, 53)( 20, 52)( 21, 51)
            ( 22, 50)( 23, 49)( 24, 48)( 25, 47)( 26, 46)( 27, 45)( 28, 44)
            ( 29, 43)( 59,100)( 60, 99)( 61, 98)( 62, 97)( 63, 96)( 64, 95)
            ( 65, 94)( 66, 93)( 67, 92)( 68, 91)( 69, 90)( 70, 89)( 71, 88)
            ( 72,116)( 73,115)( 74,114)( 75,113)( 76,112)( 77,111)( 78,110)
            ( 79,109)( 80,108)( 81,107)( 82,106)( 83,105)( 84,104)( 85,103)
            ( 86,102)( 87,101), (  1,116, 46, 76)(  2, 99, 45, 64)
            (  3,111, 44, 81)(  4, 94, 43, 69)(  5,106, 42, 86)
            (  6, 89, 41, 74)(  7,101, 40, 62)(  8,113, 39, 79)
            (  9, 96, 38, 67)( 10,108, 37, 84)( 11, 91, 36, 72)
            ( 12,103, 35, 60)( 13,115, 34, 77)( 14, 98, 33, 65)
            ( 15,110, 32, 82)( 16, 93, 31, 70)( 17,105, 30, 87)
            ( 18, 88, 58, 75)( 19,100, 57, 63)( 20,112, 56, 80)
            ( 21, 95, 55, 68)( 22,107, 54, 85)( 23, 90, 53, 73)
            ( 24,102, 52, 61)( 25,114, 51, 78)( 26, 97, 50, 66)
            ( 27,109, 49, 83)( 28, 92, 48, 71)( 29,104, 47, 59) ],
      p := (  2, 59, 66,114, 26, 42, 12, 13, 94, 27, 80, 70,101, 78, 90, 28,
          79, 91,  4,  7, 74,110, 40, 76, 62, 85, 54, 58, 48, 22, 44, 51, 50,
          38, 96, 52, 21, 16, 82,  6, 24, 87, 46, 75,112,  5, 88, 17,111, 11,
          65,106, 98, 23, 15,103, 92, 32,108,113, 55, 29, 71,104,107, 84, 57,
          41,105, 69, 95,  3, 30, 19, 45, 31,100, 14,102, 63, 77, 61, 86, 37,
          67,115, 49, 10, 36, 68, 93, 56, 72, 83, 33,109, 34,116, 20, 60, 64,
          25, 47)(  8, 73, 81, 99, 43, 39, 97, 35, 89)(  9, 53),
      q := (  2, 88, 14, 82, 25, 47, 29, 89, 23, 16,102, 98,  8, 94,  4, 24,
         100, 17, 74, 62, 95, 28,109, 34, 76,110, 40,116, 11,103, 78, 83, 33,
          79, 66, 81, 75, 86, 37,108, 69, 85, 54, 58, 48,  9, 53, 22, 44, 51,
          50, 38, 68, 61,112, 26, 42, 19, 45, 31, 87, 46, 99, 43, 39, 80,101,
          92, 32, 67, 64,  6,  7,111, 20,105,113, 55)(  3, 30, 12, 18, 13, 73,
         114,  5, 59, 91, 27, 97, 35, 71, 77, 93, 56,106, 63,104, 84, 57, 41,
          60,115, 49, 21, 15, 65, 72, 90)( 10, 36, 96, 52) ) ];
