## size 52
BRACES[52] := rec( total := -1, implemented := 11, size := 52, brace := [] );
BRACES[52].brace[1] := rec ( size := 52, perms :=
[ [ (), () ], [ (1,3)(2,4), ( 1, 3)( 2, 5)( 4, 8)( 6,10)( 7,12)( 9,14)(11,16)(13,18)(15,20)(17,22)(19,24)(21,26)(23,28)(25,30)(27,32)(29,34)(31,36)
        (33,38)(35,40)(37,42)(39,44)(41,46)(43,47)(45,49)(48,51)(50,52) ], 
  [ ( 5, 8,11,14,17, 7,10,13,16, 6, 9,12,15), ( 1,43,39,35,31,27,23,19,15,11, 7, 4, 2)( 3,47,44,40,36,32,28,24,20,16,12, 8, 5)( 6,50,48,45,41,37,33,29,
         25,21,17,13, 9)(10,52,51,49,46,42,38,34,30,26,22,18,14) ], 
  [ ( 1, 3)( 2, 4)( 5, 8,11,14,17, 7,10,13,16, 6, 9,12,15), ( 1,47,39,40,31,32,23,24,15,16, 7, 8, 2, 3,43,44,35,36,27,28,19,20,11,12, 4, 5)
        ( 6,52,48,49,41,42,33,34,25,26,17,18, 9,10,50,51,45,46,37,38,29,30,21,22,13,14) ], 
  [ ( 5,11,17,10,16, 9,15, 8,14, 7,13, 6,12), ( 1,39,31,23,15, 7, 2,43,35,27,19,11, 4)( 3,44,36,28,20,12, 5,47,40,32,24,16, 8)( 6,48,41,33,25,17, 9,50,
         45,37,29,21,13)(10,51,46,38,30,22,14,52,49,42,34,26,18) ], 
  [ ( 1, 3)( 2, 4)( 5,11,17,10,16, 9,15, 8,14, 7,13, 6,12), ( 1,44,31,28,15,12, 2,47,35,32,19,16, 4, 3,39,36,23,20, 7, 5,43,40,27,24,11, 8)
        ( 6,51,41,38,25,22, 9,52,45,42,29,26,13,10,48,46,33,30,17,14,50,49,37,34,21,18) ], 
  [ ( 5,14,10, 6,15,11, 7,16,12, 8,17,13, 9), ( 1,35,23,11, 2,39,27,15, 4,43,31,19, 7)( 3,40,28,16, 5,44,32,20, 8,47,36,24,12)( 6,45,33,21, 9,48,37,25,
         13,50,41,29,17)(10,49,38,26,14,51,42,30,18,52,46,34,22) ], 
  [ ( 1, 3)( 2, 4)( 5,14,10, 6,15,11, 7,16,12, 8,17,13, 9), ( 1,40,23,16, 2,44,27,20, 4,47,31,24, 7, 3,35,28,11, 5,39,32,15, 8,43,36,19,12)
        ( 6,49,33,26, 9,51,37,30,13,52,41,34,17,10,45,38,21,14,48,42,25,18,50,46,29,22) ], 
  [ ( 5,17,16,15,14,13,12,11,10, 9, 8, 7, 6), ( 1,31,15, 2,35,19, 4,39,23, 7,43,27,11)( 3,36,20, 5,40,24, 8,44,28,12,47,32,16)( 6,41,25, 9,45,29,13,48,
         33,17,50,37,21)(10,46,30,14,49,34,18,51,38,22,52,42,26) ], 
  [ ( 1, 3)( 2, 4)( 5,17,16,15,14,13,12,11,10, 9, 8, 7, 6), ( 1,36,15, 5,35,24, 4,44,23,12,43,32,11, 3,31,20, 2,40,19, 8,39,28, 7,47,27,16)
        ( 6,46,25,14,45,34,13,51,33,22,50,42,21,10,41,30, 9,49,29,18,48,38,17,52,37,26) ], 
  [ ( 5, 7, 9,11,13,15,17, 6, 8,10,12,14,16), ( 1,27, 7,39,19, 2,31,11,43,23, 4,35,15)( 3,32,12,44,24, 5,36,16,47,28, 8,40,20)( 6,37,17,48,29, 9,41,21,
         50,33,13,45,25)(10,42,22,51,34,14,46,26,52,38,18,49,30) ], 
  [ ( 1, 3)( 2, 4)( 5, 7, 9,11,13,15,17, 6, 8,10,12,14,16), ( 1,32, 7,44,19, 5,31,16,43,28, 4,40,15, 3,27,12,39,24, 2,36,11,47,23, 8,35,20)
        ( 6,42,17,51,29,14,41,26,50,38,13,49,25,10,37,22,48,34, 9,46,21,52,33,18,45,30) ], 
  [ ( 5,10,15, 7,12,17, 9,14, 6,11,16, 8,13), ( 1,23, 2,27, 4,31, 7,35,11,39,15,43,19)( 3,28, 5,32, 8,36,12,40,16,44,20,47,24)( 6,33, 9,37,13,41,17,45,
         21,48,25,50,29)(10,38,14,42,18,46,22,49,26,51,30,52,34) ], 
  [ ( 1, 3)( 2, 4)( 5,10,15, 7,12,17, 9,14, 6,11,16, 8,13), ( 1,28, 2,32, 4,36, 7,40,11,44,15,47,19, 3,23, 5,27, 8,31,12,35,16,39,20,43,24)
        ( 6,38, 9,42,13,46,17,49,21,51,25,52,29,10,33,14,37,18,41,22,45,26,48,30,50,34) ], 
  [ ( 5,13, 8,16,11, 6,14, 9,17,12, 7,15,10), ( 1,19,43,15,39,11,35, 7,31, 4,27, 2,23)( 3,24,47,20,44,16,40,12,36, 8,32, 5,28)( 6,29,50,25,48,21,45,17,
         41,13,37, 9,33)(10,34,52,30,51,26,49,22,46,18,42,14,38) ], 
  [ ( 1, 3)( 2, 4)( 5,13, 8,16,11, 6,14, 9,17,12, 7,15,10), ( 1,24,43,20,39,16,35,12,31, 8,27, 5,23, 3,19,47,15,44,11,40, 7,36, 4,32, 2,28)
        ( 6,34,50,30,48,26,45,22,41,18,37,14,33,10,29,52,25,51,21,49,17,46,13,42, 9,38) ], 
  [ ( 5,16,14,12,10, 8, 6,17,15,13,11, 9, 7), ( 1,15,35, 4,23,43,11,31, 2,19,39, 7,27)( 3,20,40, 8,28,47,16,36, 5,24,44,12,32)( 6,25,45,13,33,50,21,41,
          9,29,48,17,37)(10,30,49,18,38,52,26,46,14,34,51,22,42) ], 
  [ ( 1, 3)( 2, 4)( 5,16,14,12,10, 8, 6,17,15,13,11, 9, 7), ( 1,20,35, 8,23,47,11,36, 2,24,39,12,27, 3,15,40, 4,28,43,16,31, 5,19,44, 7,32)
        ( 6,30,45,18,33,52,21,46, 9,34,48,22,37,10,25,49,13,38,50,26,41,14,29,51,17,42) ], 
  [ ( 5, 6, 7, 8, 9,10,11,12,13,14,15,16,17), ( 1,11,27,43, 7,23,39, 4,19,35, 2,15,31)( 3,16,32,47,12,28,44, 8,24,40, 5,20,36)( 6,21,37,50,17,33,48,13,
         29,45, 9,25,41)(10,26,42,52,22,38,51,18,34,49,14,30,46) ], 
  [ ( 1, 3)( 2, 4)( 5, 6, 7, 8, 9,10,11,12,13,14,15,16,17), ( 1,16,27,47, 7,28,39, 8,19,40, 2,20,31, 3,11,32,43,12,23,44, 4,24,35, 5,15,36)
        ( 6,26,37,52,17,38,48,18,29,49, 9,30,41,10,21,42,50,22,33,51,13,34,45,14,25,46) ], 
  [ ( 5, 9,13,17, 8,12,16, 7,11,15, 6,10,14), ( 1, 7,19,31,43, 4,15,27,39, 2,11,23,35)( 3,12,24,36,47, 8,20,32,44, 5,16,28,40)( 6,17,29,41,50,13,25,37,
         48, 9,21,33,45)(10,22,34,46,52,18,30,42,51,14,26,38,49) ], 
  [ ( 1, 3)( 2, 4)( 5, 9,13,17, 8,12,16, 7,11,15, 6,10,14), ( 1,12,19,36,43, 8,15,32,39, 5,11,28,35, 3, 7,24,31,47, 4,20,27,44, 2,16,23,40)
        ( 6,22,29,46,50,18,25,42,48,14,21,38,45,10,17,34,41,52,13,30,37,51, 9,26,33,49) ], 
  [ ( 5,12, 6,13, 7,14, 8,15, 9,16,10,17,11), ( 1, 4,11,19,27,35,43, 2, 7,15,23,31,39)( 3, 8,16,24,32,40,47, 5,12,20,28,36,44)( 6,13,21,29,37,45,50, 9,
         17,25,33,41,48)(10,18,26,34,42,49,52,14,22,30,38,46,51) ], 
  [ ( 1, 3)( 2, 4)( 5,12, 6,13, 7,14, 8,15, 9,16,10,17,11), ( 1, 8,11,24,27,40,43, 5, 7,20,23,36,39, 3, 4,16,19,32,35,47, 2,12,15,28,31,44)
        ( 6,18,21,34,37,49,50,14,17,30,33,46,48,10,13,26,29,42,45,52, 9,22,25,38,41,51) ], 
  [ ( 5,15,12, 9, 6,16,13,10, 7,17,14,11, 8), ( 1, 2, 4, 7,11,15,19,23,27,31,35,39,43)( 3, 5, 8,12,16,20,24,28,32,36,40,44,47)( 6, 9,13,17,21,25,29,33,
         37,41,45,48,50)(10,14,18,22,26,30,34,38,42,46,49,51,52) ], 
  [ ( 1, 3)( 2, 4)( 5,15,12, 9, 6,16,13,10, 7,17,14,11, 8), ( 1, 5, 4,12,11,20,19,28,27,36,35,44,43, 3, 2, 8, 7,16,15,24,23,32,31,40,39,47)
        ( 6,14,13,22,21,30,29,38,37,46,45,51,50,10, 9,18,17,26,25,34,33,42,41,49,48,52) ], 
  [ (1,4,3,2), ( 1,10, 3, 6)( 2,52, 5,50)( 4,51, 8,48)( 7,49,12,45)( 9,43,14,47)(11,46,16,41)(13,39,18,44)(15,42,20,37)(17,35,22,40)(19,38,24,33)
        (21,31,26,36)(23,34,28,29)(25,27,30,32) ], [ (1,2,3,4), ( 1, 6, 3,10)( 2,50, 5,52)( 4,48, 8,51)( 7,45,12,49)( 9,47,14,43)(11,41,16,46)(13,44,18,39)
        (15,37,20,42)(17,40,22,35)(19,33,24,38)(21,36,26,31)(23,29,28,34)(25,32,30,27) ], 
  [ ( 1, 4, 3, 2)( 5, 8,11,14,17, 7,10,13,16, 6, 9,12,15), ( 1,52, 3,50)( 2,51, 5,48)( 4,49, 8,45)( 6,43,10,47)( 7,46,12,41)( 9,39,14,44)(11,42,16,37)
        (13,35,18,40)(15,38,20,33)(17,31,22,36)(19,34,24,29)(21,27,26,32)(23,30,28,25) ], 
  [ ( 1, 2, 3, 4)( 5, 8,11,14,17, 7,10,13,16, 6, 9,12,15), ( 1,50, 3,52)( 2,48, 5,51)( 4,45, 8,49)( 6,47,10,43)( 7,41,12,46)( 9,44,14,39)(11,37,16,42)
        (13,40,18,35)(15,33,20,38)(17,36,22,31)(19,29,24,34)(21,32,26,27)(23,25,28,30) ], 
  [ ( 1, 4, 3, 2)( 5,11,17,10,16, 9,15, 8,14, 7,13, 6,12), ( 1,51, 3,48)( 2,49, 5,45)( 4,46, 8,41)( 6,39,10,44)( 7,42,12,37)( 9,35,14,40)(11,38,16,33)
        (13,31,18,36)(15,34,20,29)(17,27,22,32)(19,30,24,25)(21,23,26,28)(43,52,47,50) ], 
  [ ( 1, 2, 3, 4)( 5,11,17,10,16, 9,15, 8,14, 7,13, 6,12), ( 1,48, 3,51)( 2,45, 5,49)( 4,41, 8,46)( 6,44,10,39)( 7,37,12,42)( 9,40,14,35)(11,33,16,38)
        (13,36,18,31)(15,29,20,34)(17,32,22,27)(19,25,24,30)(21,28,26,23)(43,50,47,52) ], 
  [ ( 1, 4, 3, 2)( 5,14,10, 6,15,11, 7,16,12, 8,17,13, 9), ( 1,49, 3,45)( 2,46, 5,41)( 4,42, 8,37)( 6,35,10,40)( 7,38,12,33)( 9,31,14,36)(11,34,16,29)
        (13,27,18,32)(15,30,20,25)(17,23,22,28)(19,26,24,21)(39,52,44,50)(43,51,47,48) ], 
  [ ( 1, 2, 3, 4)( 5,14,10, 6,15,11, 7,16,12, 8,17,13, 9), ( 1,45, 3,49)( 2,41, 5,46)( 4,37, 8,42)( 6,40,10,35)( 7,33,12,38)( 9,36,14,31)(11,29,16,34)
        (13,32,18,27)(15,25,20,30)(17,28,22,23)(19,21,24,26)(39,50,44,52)(43,48,47,51) ], 
  [ ( 1, 4, 3, 2)( 5,17,16,15,14,13,12,11,10, 9, 8, 7, 6), ( 1,46, 3,41)( 2,42, 5,37)( 4,38, 8,33)( 6,31,10,36)( 7,34,12,29)( 9,27,14,32)(11,30,16,25)
        (13,23,18,28)(15,26,20,21)(17,19,22,24)(35,52,40,50)(39,51,44,48)(43,49,47,45) ], 
  [ ( 1, 2, 3, 4)( 5,17,16,15,14,13,12,11,10, 9, 8, 7, 6), ( 1,41, 3,46)( 2,37, 5,42)( 4,33, 8,38)( 6,36,10,31)( 7,29,12,34)( 9,32,14,27)(11,25,16,30)
        (13,28,18,23)(15,21,20,26)(17,24,22,19)(35,50,40,52)(39,48,44,51)(43,45,47,49) ], 
  [ ( 1, 4, 3, 2)( 5, 7, 9,11,13,15,17, 6, 8,10,12,14,16), ( 1,42, 3,37)( 2,38, 5,33)( 4,34, 8,29)( 6,27,10,32)( 7,30,12,25)( 9,23,14,28)(11,26,16,21)
        (13,19,18,24)(15,22,20,17)(31,52,36,50)(35,51,40,48)(39,49,44,45)(41,43,46,47) ], 
  [ ( 1, 2, 3, 4)( 5, 7, 9,11,13,15,17, 6, 8,10,12,14,16), ( 1,37, 3,42)( 2,33, 5,38)( 4,29, 8,34)( 6,32,10,27)( 7,25,12,30)( 9,28,14,23)(11,21,16,26)
        (13,24,18,19)(15,17,20,22)(31,50,36,52)(35,48,40,51)(39,45,44,49)(41,47,46,43) ], 
  [ ( 1, 4, 3, 2)( 5,10,15, 7,12,17, 9,14, 6,11,16, 8,13), ( 1,38, 3,33)( 2,34, 5,29)( 4,30, 8,25)( 6,23,10,28)( 7,26,12,21)( 9,19,14,24)(11,22,16,17)
        (13,15,18,20)(27,52,32,50)(31,51,36,48)(35,49,40,45)(37,43,42,47)(39,46,44,41) ], 
  [ ( 1, 2, 3, 4)( 5,10,15, 7,12,17, 9,14, 6,11,16, 8,13), ( 1,33, 3,38)( 2,29, 5,34)( 4,25, 8,30)( 6,28,10,23)( 7,21,12,26)( 9,24,14,19)(11,17,16,22)
        (13,20,18,15)(27,50,32,52)(31,48,36,51)(35,45,40,49)(37,47,42,43)(39,41,44,46) ], 
  [ ( 1, 4, 3, 2)( 5,13, 8,16,11, 6,14, 9,17,12, 7,15,10), ( 1,34, 3,29)( 2,30, 5,25)( 4,26, 8,21)( 6,19,10,24)( 7,22,12,17)( 9,15,14,20)(11,18,16,13)
        (23,52,28,50)(27,51,32,48)(31,49,36,45)(33,43,38,47)(35,46,40,41)(37,39,42,44) ], 
  [ ( 1, 2, 3, 4)( 5,13, 8,16,11, 6,14, 9,17,12, 7,15,10), ( 1,29, 3,34)( 2,25, 5,30)( 4,21, 8,26)( 6,24,10,19)( 7,17,12,22)( 9,20,14,15)(11,13,16,18)
        (23,50,28,52)(27,48,32,51)(31,45,36,49)(33,47,38,43)(35,41,40,46)(37,44,42,39) ], 
  [ ( 1, 4, 3, 2)( 5,16,14,12,10, 8, 6,17,15,13,11, 9, 7), ( 1,30, 3,25)( 2,26, 5,21)( 4,22, 8,17)( 6,15,10,20)( 7,18,12,13)( 9,11,14,16)(19,52,24,50)
        (23,51,28,48)(27,49,32,45)(29,43,34,47)(31,46,36,41)(33,39,38,44)(35,42,40,37) ], 
  [ ( 1, 2, 3, 4)( 5,16,14,12,10, 8, 6,17,15,13,11, 9, 7), ( 1,25, 3,30)( 2,21, 5,26)( 4,17, 8,22)( 6,20,10,15)( 7,13,12,18)( 9,16,14,11)(19,50,24,52)
        (23,48,28,51)(27,45,32,49)(29,47,34,43)(31,41,36,46)(33,44,38,39)(35,37,40,42) ], 
  [ ( 1, 4, 3, 2)( 5, 6, 7, 8, 9,10,11,12,13,14,15,16,17), ( 1,26, 3,21)( 2,22, 5,17)( 4,18, 8,13)( 6,11,10,16)( 7,14,12, 9)(15,52,20,50)(19,51,24,48)
        (23,49,28,45)(25,43,30,47)(27,46,32,41)(29,39,34,44)(31,42,36,37)(33,35,38,40) ], 
  [ ( 1, 2, 3, 4)( 5, 6, 7, 8, 9,10,11,12,13,14,15,16,17), ( 1,21, 3,26)( 2,17, 5,22)( 4,13, 8,18)( 6,16,10,11)( 7, 9,12,14)(15,50,20,52)(19,48,24,51)
        (23,45,28,49)(25,47,30,43)(27,41,32,46)(29,44,34,39)(31,37,36,42)(33,40,38,35) ], 
  [ ( 1, 4, 3, 2)( 5, 9,13,17, 8,12,16, 7,11,15, 6,10,14), ( 1,22, 3,17)( 2,18, 5,13)( 4,14, 8, 9)( 6, 7,10,12)(11,52,16,50)(15,51,20,48)(19,49,24,45)
        (21,43,26,47)(23,46,28,41)(25,39,30,44)(27,42,32,37)(29,35,34,40)(31,38,36,33) ], 
  [ ( 1, 2, 3, 4)( 5, 9,13,17, 8,12,16, 7,11,15, 6,10,14), ( 1,17, 3,22)( 2,13, 5,18)( 4, 9, 8,14)( 6,12,10, 7)(11,50,16,52)(15,48,20,51)(19,45,24,49)
        (21,47,26,43)(23,41,28,46)(25,44,30,39)(27,37,32,42)(29,40,34,35)(31,33,36,38) ], 
  [ ( 1, 4, 3, 2)( 5,12, 6,13, 7,14, 8,15, 9,16,10,17,11), ( 1,18, 3,13)( 2,14, 5, 9)( 4,10, 8, 6)( 7,52,12,50)(11,51,16,48)(15,49,20,45)(17,43,22,47)
        (19,46,24,41)(21,39,26,44)(23,42,28,37)(25,35,30,40)(27,38,32,33)(29,31,34,36) ], 
  [ ( 1, 2, 3, 4)( 5,12, 6,13, 7,14, 8,15, 9,16,10,17,11), ( 1,13, 3,18)( 2, 9, 5,14)( 4, 6, 8,10)( 7,50,12,52)(11,48,16,51)(15,45,20,49)(17,47,22,43)
        (19,41,24,46)(21,44,26,39)(23,37,28,42)(25,40,30,35)(27,33,32,38)(29,36,34,31) ], 
  [ ( 1, 4, 3, 2)( 5,15,12, 9, 6,16,13,10, 7,17,14,11, 8), ( 1,14, 3, 9)( 2,10, 5, 6)( 4,52, 8,50)( 7,51,12,48)(11,49,16,45)(13,43,18,47)(15,46,20,41)
        (17,39,22,44)(19,42,24,37)(21,35,26,40)(23,38,28,33)(25,31,30,36)(27,34,32,29) ], 
  [ ( 1, 2, 3, 4)( 5,15,12, 9, 6,16,13,10, 7,17,14,11, 8), ( 1, 9, 3,14)( 2, 6, 5,10)( 4,50, 8,52)( 7,48,12,51)(11,45,16,49)(13,47,18,43)(15,41,20,46)
        (17,44,22,39)(19,37,24,42)(21,40,26,35)(23,33,28,38)(25,36,30,31)(27,29,32,34) ] ]
);

BRACES[52].brace[2] := rec ( size := 52, perms :=
[ [ (), () ], [ (1,3)(2,4), ( 1, 3)( 2, 5)( 4, 7)( 6,10)( 8,12)( 9,14)(11,16)(13,18)(15,20)(17,22)(19,24)(21,26)(23,28)(25,30)(27,32)(29,34)(31,36)
        (33,38)(35,40)(37,42)(39,44)(41,45)(43,47)(46,49)(48,51)(50,52) ], 
  [ ( 5, 8,11,14,17, 7,10,13,16, 6, 9,12,15), ( 1,41,37,33,29,25,21,17,13, 9, 6, 4, 2)( 3,45,42,38,34,30,26,22,18,14,10, 7, 5)( 8,50,48,46,43,39,35,31,
         27,23,19,15,11)(12,52,51,49,47,44,40,36,32,28,24,20,16) ], 
  [ ( 1, 3)( 2, 4)( 5, 8,11,14,17, 7,10,13,16, 6, 9,12,15), ( 1,45,37,38,29,30,21,22,13,14, 6, 7, 2, 3,41,42,33,34,25,26,17,18, 9,10, 4, 5)
        ( 8,52,48,49,43,44,35,36,27,28,19,20,11,12,50,51,46,47,39,40,31,32,23,24,15,16) ], 
  [ ( 5,11,17,10,16, 9,15, 8,14, 7,13, 6,12), ( 1,37,29,21,13, 6, 2,41,33,25,17, 9, 4)( 3,42,34,26,18,10, 5,45,38,30,22,14, 7)( 8,48,43,35,27,19,11,50,
         46,39,31,23,15)(12,51,47,40,32,24,16,52,49,44,36,28,20) ], 
  [ ( 1, 3)( 2, 4)( 5,11,17,10,16, 9,15, 8,14, 7,13, 6,12), ( 1,42,29,26,13,10, 2,45,33,30,17,14, 4, 3,37,34,21,18, 6, 5,41,38,25,22, 9, 7)
        ( 8,51,43,40,27,24,11,52,46,44,31,28,15,12,48,47,35,32,19,16,50,49,39,36,23,20) ], 
  [ ( 5,14,10, 6,15,11, 7,16,12, 8,17,13, 9), ( 1,33,21, 9, 2,37,25,13, 4,41,29,17, 6)( 3,38,26,14, 5,42,30,18, 7,45,34,22,10)( 8,46,35,23,11,48,39,27,
         15,50,43,31,19)(12,49,40,28,16,51,44,32,20,52,47,36,24) ], 
  [ ( 1, 3)( 2, 4)( 5,14,10, 6,15,11, 7,16,12, 8,17,13, 9), ( 1,38,21,14, 2,42,25,18, 4,45,29,22, 6, 3,33,26, 9, 5,37,30,13, 7,41,34,17,10)
        ( 8,49,35,28,11,51,39,32,15,52,43,36,19,12,46,40,23,16,48,44,27,20,50,47,31,24) ], 
  [ ( 5,17,16,15,14,13,12,11,10, 9, 8, 7, 6), ( 1,29,13, 2,33,17, 4,37,21, 6,41,25, 9)( 3,34,18, 5,38,22, 7,42,26,10,45,30,14)( 8,43,27,11,46,31,15,48,
         35,19,50,39,23)(12,47,32,16,49,36,20,51,40,24,52,44,28) ], 
  [ ( 1, 3)( 2, 4)( 5,17,16,15,14,13,12,11,10, 9, 8, 7, 6), ( 1,34,13, 5,33,22, 4,42,21,10,41,30, 9, 3,29,18, 2,38,17, 7,37,26, 6,45,25,14)
        ( 8,47,27,16,46,36,15,51,35,24,50,44,23,12,43,32,11,49,31,20,48,40,19,52,39,28) ], 
  [ ( 5, 7, 9,11,13,15,17, 6, 8,10,12,14,16), ( 1,25, 6,37,17, 2,29, 9,41,21, 4,33,13)( 3,30,10,42,22, 5,34,14,45,26, 7,38,18)( 8,39,19,48,31,11,43,23,
         50,35,15,46,27)(12,44,24,51,36,16,47,28,52,40,20,49,32) ], 
  [ ( 1, 3)( 2, 4)( 5, 7, 9,11,13,15,17, 6, 8,10,12,14,16), ( 1,30, 6,42,17, 5,29,14,41,26, 4,38,13, 3,25,10,37,22, 2,34, 9,45,21, 7,33,18)
        ( 8,44,19,51,31,16,43,28,50,40,15,49,27,12,39,24,48,36,11,47,23,52,35,20,46,32) ], 
  [ ( 5,10,15, 7,12,17, 9,14, 6,11,16, 8,13), ( 1,21, 2,25, 4,29, 6,33, 9,37,13,41,17)( 3,26, 5,30, 7,34,10,38,14,42,18,45,22)( 8,35,11,39,15,43,19,46,
         23,48,27,50,31)(12,40,16,44,20,47,24,49,28,51,32,52,36) ], 
  [ ( 1, 3)( 2, 4)( 5,10,15, 7,12,17, 9,14, 6,11,16, 8,13), ( 1,26, 2,30, 4,34, 6,38, 9,42,13,45,17, 3,21, 5,25, 7,29,10,33,14,37,18,41,22)
        ( 8,40,11,44,15,47,19,49,23,51,27,52,31,12,35,16,39,20,43,24,46,28,48,32,50,36) ], 
  [ ( 5,13, 8,16,11, 6,14, 9,17,12, 7,15,10), ( 1,17,41,13,37, 9,33, 6,29, 4,25, 2,21)( 3,22,45,18,42,14,38,10,34, 7,30, 5,26)( 8,31,50,27,48,23,46,19,
         43,15,39,11,35)(12,36,52,32,51,28,49,24,47,20,44,16,40) ], 
  [ ( 1, 3)( 2, 4)( 5,13, 8,16,11, 6,14, 9,17,12, 7,15,10), ( 1,22,41,18,37,14,33,10,29, 7,25, 5,21, 3,17,45,13,42, 9,38, 6,34, 4,30, 2,26)
        ( 8,36,50,32,48,28,46,24,43,20,39,16,35,12,31,52,27,51,23,49,19,47,15,44,11,40) ], 
  [ ( 5,16,14,12,10, 8, 6,17,15,13,11, 9, 7), ( 1,13,33, 4,21,41, 9,29, 2,17,37, 6,25)( 3,18,38, 7,26,45,14,34, 5,22,42,10,30)( 8,27,46,15,35,50,23,43,
         11,31,48,19,39)(12,32,49,20,40,52,28,47,16,36,51,24,44) ], 
  [ ( 1, 3)( 2, 4)( 5,16,14,12,10, 8, 6,17,15,13,11, 9, 7), ( 1,18,33, 7,21,45, 9,34, 2,22,37,10,25, 3,13,38, 4,26,41,14,29, 5,17,42, 6,30)
        ( 8,32,46,20,35,52,23,47,11,36,48,24,39,12,27,49,15,40,50,28,43,16,31,51,19,44) ], 
  [ ( 5, 6, 7, 8, 9,10,11,12,13,14,15,16,17), ( 1, 9,25,41, 6,21,37, 4,17,33, 2,13,29)( 3,14,30,45,10,26,42, 7,22,38, 5,18,34)( 8,23,39,50,19,35,48,15,
         31,46,11,27,43)(12,28,44,52,24,40,51,20,36,49,16,32,47) ], 
  [ ( 1, 3)( 2, 4)( 5, 6, 7, 8, 9,10,11,12,13,14,15,16,17), ( 1,14,25,45, 6,26,37, 7,17,38, 2,18,29, 3, 9,30,41,10,21,42, 4,22,33, 5,13,34)
        ( 8,28,39,52,19,40,48,20,31,49,11,32,43,12,23,44,50,24,35,51,15,36,46,16,27,47) ], 
  [ ( 5, 9,13,17, 8,12,16, 7,11,15, 6,10,14), ( 1, 6,17,29,41, 4,13,25,37, 2, 9,21,33)( 3,10,22,34,45, 7,18,30,42, 5,14,26,38)( 8,19,31,43,50,15,27,39,
         48,11,23,35,46)(12,24,36,47,52,20,32,44,51,16,28,40,49) ], 
  [ ( 1, 3)( 2, 4)( 5, 9,13,17, 8,12,16, 7,11,15, 6,10,14), ( 1,10,17,34,41, 7,13,30,37, 5, 9,26,33, 3, 6,22,29,45, 4,18,25,42, 2,14,21,38)
        ( 8,24,31,47,50,20,27,44,48,16,23,40,46,12,19,36,43,52,15,32,39,51,11,28,35,49) ], 
  [ ( 5,12, 6,13, 7,14, 8,15, 9,16,10,17,11), ( 1, 4, 9,17,25,33,41, 2, 6,13,21,29,37)( 3, 7,14,22,30,38,45, 5,10,18,26,34,42)( 8,15,23,31,39,46,50,11,
         19,27,35,43,48)(12,20,28,36,44,49,52,16,24,32,40,47,51) ], 
  [ ( 1, 3)( 2, 4)( 5,12, 6,13, 7,14, 8,15, 9,16,10,17,11), ( 1, 7, 9,22,25,38,41, 5, 6,18,21,34,37, 3, 4,14,17,30,33,45, 2,10,13,26,29,42)
        ( 8,20,23,36,39,49,50,16,19,32,35,47,48,12,15,28,31,44,46,52,11,24,27,40,43,51) ], 
  [ ( 5,15,12, 9, 6,16,13,10, 7,17,14,11, 8), ( 1, 2, 4, 6, 9,13,17,21,25,29,33,37,41)( 3, 5, 7,10,14,18,22,26,30,34,38,42,45)( 8,11,15,19,23,27,31,35,
         39,43,46,48,50)(12,16,20,24,28,32,36,40,44,47,49,51,52) ], 
  [ ( 1, 3)( 2, 4)( 5,15,12, 9, 6,16,13,10, 7,17,14,11, 8), ( 1, 5, 4,10, 9,18,17,26,25,34,33,42,41, 3, 2, 7, 6,14,13,22,21,30,29,38,37,45)
        ( 8,16,15,24,23,32,31,40,39,47,46,51,50,12,11,20,19,28,27,36,35,44,43,49,48,52) ], 
  [ (1,4,3,2), ( 1,12)( 2,52)( 3, 8)( 4,51)( 5,50)( 6,49)( 7,48)( 9,47)(10,46)(11,45)(13,44)(14,43)(15,42)(16,41)(17,40)(18,39)(19,38)(20,37)
        (21,36)(22,35)(23,34)(24,33)(25,32)(26,31)(27,30)(28,29) ], 
  [ (1,2,3,4), ( 1, 8)( 2,50)( 3,12)( 4,48)( 5,52)( 6,46)( 7,51)( 9,43)(10,49)(11,41)(13,39)(14,47)(15,37)(16,45)(17,35)(18,44)(19,33)(20,42)
        (21,31)(22,40)(23,29)(24,38)(25,27)(26,36)(28,34)(30,32) ], 
  [ ( 1, 4, 3, 2)( 5, 8,11,14,17, 7,10,13,16, 6, 9,12,15), ( 1,52)( 2,51)( 3,50)( 4,49)( 5,48)( 6,47)( 7,46)( 8,45)( 9,44)(10,43)(11,42)(12,41)(13,40)
        (14,39)(15,38)(16,37)(17,36)(18,35)(19,34)(20,33)(21,32)(22,31)(23,30)(24,29)(25,28)(26,27) ], 
  [ ( 1, 2, 3, 4)( 5, 8,11,14,17, 7,10,13,16, 6, 9,12,15), ( 1,50)( 2,48)( 3,52)( 4,46)( 5,51)( 6,43)( 7,49)( 8,41)( 9,39)(10,47)(11,37)(12,45)(13,35)
        (14,44)(15,33)(16,42)(17,31)(18,40)(19,29)(20,38)(21,27)(22,36)(23,25)(24,34)(26,32)(28,30) ], 
  [ ( 1, 4, 3, 2)( 5,11,17,10,16, 9,15, 8,14, 7,13, 6,12), ( 1,51)( 2,49)( 3,48)( 4,47)( 5,46)( 6,44)( 7,43)( 8,42)( 9,40)(10,39)(11,38)(12,37)(13,36)
        (14,35)(15,34)(16,33)(17,32)(18,31)(19,30)(20,29)(21,28)(22,27)(23,26)(24,25)(41,52)(45,50) ], 
  [ ( 1, 2, 3, 4)( 5,11,17,10,16, 9,15, 8,14, 7,13, 6,12), ( 1,48)( 2,46)( 3,51)( 4,43)( 5,49)( 6,39)( 7,47)( 8,37)( 9,35)(10,44)(11,33)(12,42)(13,31)
        (14,40)(15,29)(16,38)(17,27)(18,36)(19,25)(20,34)(21,23)(22,32)(24,30)(26,28)(41,50)(45,52) ], 
  [ ( 1, 4, 3, 2)( 5,14,10, 6,15,11, 7,16,12, 8,17,13, 9), ( 1,49)( 2,47)( 3,46)( 4,44)( 5,43)( 6,40)( 7,39)( 8,38)( 9,36)(10,35)(11,34)(12,33)(13,32)
        (14,31)(15,30)(16,29)(17,28)(18,27)(19,26)(20,25)(21,24)(22,23)(37,52)(41,51)(42,50)(45,48) ], 
  [ ( 1, 2, 3, 4)( 5,14,10, 6,15,11, 7,16,12, 8,17,13, 9), ( 1,46)( 2,43)( 3,49)( 4,39)( 5,47)( 6,35)( 7,44)( 8,33)( 9,31)(10,40)(11,29)(12,38)(13,27)
        (14,36)(15,25)(16,34)(17,23)(18,32)(19,21)(20,30)(22,28)(24,26)(37,50)(41,48)(42,52)(45,51) ], 
  [ ( 1, 4, 3, 2)( 5,17,16,15,14,13,12,11,10, 9, 8, 7, 6), ( 1,47)( 2,44)( 3,43)( 4,40)( 5,39)( 6,36)( 7,35)( 8,34)( 9,32)(10,31)(11,30)(12,29)(13,28)
        (14,27)(15,26)(16,25)(17,24)(18,23)(19,22)(20,21)(33,52)(37,51)(38,50)(41,49)(42,48)(45,46) ], 
  [ ( 1, 2, 3, 4)( 5,17,16,15,14,13,12,11,10, 9, 8, 7, 6), ( 1,43)( 2,39)( 3,47)( 4,35)( 5,44)( 6,31)( 7,40)( 8,29)( 9,27)(10,36)(11,25)(12,34)(13,23)
        (14,32)(15,21)(16,30)(17,19)(18,28)(20,26)(22,24)(33,50)(37,48)(38,52)(41,46)(42,51)(45,49) ], 
  [ ( 1, 4, 3, 2)( 5, 7, 9,11,13,15,17, 6, 8,10,12,14,16), ( 1,44)( 2,40)( 3,39)( 4,36)( 5,35)( 6,32)( 7,31)( 8,30)( 9,28)(10,27)(11,26)(12,25)(13,24)
        (14,23)(15,22)(16,21)(17,20)(18,19)(29,52)(33,51)(34,50)(37,49)(38,48)(41,47)(42,46)(43,45) ], 
  [ ( 1, 2, 3, 4)( 5, 7, 9,11,13,15,17, 6, 8,10,12,14,16), ( 1,39)( 2,35)( 3,44)( 4,31)( 5,40)( 6,27)( 7,36)( 8,25)( 9,23)(10,32)(11,21)(12,30)(13,19)
        (14,28)(15,17)(16,26)(18,24)(20,22)(29,50)(33,48)(34,52)(37,46)(38,51)(41,43)(42,49)(45,47) ], 
  [ ( 1, 4, 3, 2)( 5,10,15, 7,12,17, 9,14, 6,11,16, 8,13), ( 1,40)( 2,36)( 3,35)( 4,32)( 5,31)( 6,28)( 7,27)( 8,26)( 9,24)(10,23)(11,22)(12,21)(13,20)
        (14,19)(15,18)(16,17)(25,52)(29,51)(30,50)(33,49)(34,48)(37,47)(38,46)(39,45)(41,44)(42,43) ], 
  [ ( 1, 2, 3, 4)( 5,10,15, 7,12,17, 9,14, 6,11,16, 8,13), ( 1,35)( 2,31)( 3,40)( 4,27)( 5,36)( 6,23)( 7,32)( 8,21)( 9,19)(10,28)(11,17)(12,26)(13,15)
        (14,24)(16,22)(18,20)(25,50)(29,48)(30,52)(33,46)(34,51)(37,43)(38,49)(39,41)(42,47)(44,45) ], 
  [ ( 1, 4, 3, 2)( 5,13, 8,16,11, 6,14, 9,17,12, 7,15,10), ( 1,36)( 2,32)( 3,31)( 4,28)( 5,27)( 6,24)( 7,23)( 8,22)( 9,20)(10,19)(11,18)(12,17)(13,16)
        (14,15)(21,52)(25,51)(26,50)(29,49)(30,48)(33,47)(34,46)(35,45)(37,44)(38,43)(39,42)(40,41) ], 
  [ ( 1, 2, 3, 4)( 5,13, 8,16,11, 6,14, 9,17,12, 7,15,10), ( 1,31)( 2,27)( 3,36)( 4,23)( 5,32)( 6,19)( 7,28)( 8,17)( 9,15)(10,24)(11,13)(12,22)(14,20)
        (16,18)(21,50)(25,48)(26,52)(29,46)(30,51)(33,43)(34,49)(35,41)(37,39)(38,47)(40,45)(42,44) ], 
  [ ( 1, 4, 3, 2)( 5,16,14,12,10, 8, 6,17,15,13,11, 9, 7), ( 1,32)( 2,28)( 3,27)( 4,24)( 5,23)( 6,20)( 7,19)( 8,18)( 9,16)(10,15)(11,14)(12,13)(17,52)
        (21,51)(22,50)(25,49)(26,48)(29,47)(30,46)(31,45)(33,44)(34,43)(35,42)(36,41)(37,40)(38,39) ], 
  [ ( 1, 2, 3, 4)( 5,16,14,12,10, 8, 6,17,15,13,11, 9, 7), ( 1,27)( 2,23)( 3,32)( 4,19)( 5,28)( 6,15)( 7,24)( 8,13)( 9,11)(10,20)(12,18)(14,16)(17,50)
        (21,48)(22,52)(25,46)(26,51)(29,43)(30,49)(31,41)(33,39)(34,47)(35,37)(36,45)(38,44)(40,42) ], 
  [ ( 1, 4, 3, 2)( 5, 6, 7, 8, 9,10,11,12,13,14,15,16,17), ( 1,28)( 2,24)( 3,23)( 4,20)( 5,19)( 6,16)( 7,15)( 8,14)( 9,12)(10,11)(13,52)(17,51)(18,50)
        (21,49)(22,48)(25,47)(26,46)(27,45)(29,44)(30,43)(31,42)(32,41)(33,40)(34,39)(35,38)(36,37) ], 
  [ ( 1, 2, 3, 4)( 5, 6, 7, 8, 9,10,11,12,13,14,15,16,17), ( 1,23)( 2,19)( 3,28)( 4,15)( 5,24)( 6,11)( 7,20)( 8, 9)(10,16)(12,14)(13,50)(17,48)(18,52)
        (21,46)(22,51)(25,43)(26,49)(27,41)(29,39)(30,47)(31,37)(32,45)(33,35)(34,44)(36,42)(38,40) ], 
  [ ( 1, 4, 3, 2)( 5, 9,13,17, 8,12,16, 7,11,15, 6,10,14), ( 1,24)( 2,20)( 3,19)( 4,16)( 5,15)( 6,12)( 7,11)( 8,10)( 9,52)(13,51)(14,50)(17,49)(18,48)
        (21,47)(22,46)(23,45)(25,44)(26,43)(27,42)(28,41)(29,40)(30,39)(31,38)(32,37)(33,36)(34,35) ], 
  [ ( 1, 2, 3, 4)( 5, 9,13,17, 8,12,16, 7,11,15, 6,10,14), ( 1,19)( 2,15)( 3,24)( 4,11)( 5,20)( 6, 8)( 7,16)( 9,50)(10,12)(13,48)(14,52)(17,46)(18,51)
        (21,43)(22,49)(23,41)(25,39)(26,47)(27,37)(28,45)(29,35)(30,44)(31,33)(32,42)(34,40)(36,38) ], 
  [ ( 1, 4, 3, 2)( 5,12, 6,13, 7,14, 8,15, 9,16,10,17,11), ( 1,20)( 2,16)( 3,15)( 4,12)( 5,11)( 6,52)( 7, 8)( 9,51)(10,50)(13,49)(14,48)(17,47)(18,46)
        (19,45)(21,44)(22,43)(23,42)(24,41)(25,40)(26,39)(27,38)(28,37)(29,36)(30,35)(31,34)(32,33) ], 
  [ ( 1, 2, 3, 4)( 5,12, 6,13, 7,14, 8,15, 9,16,10,17,11), ( 1,15)( 2,11)( 3,20)( 4, 8)( 5,16)( 6,50)( 7,12)( 9,48)(10,52)(13,46)(14,51)(17,43)(18,49)
        (19,41)(21,39)(22,47)(23,37)(24,45)(25,35)(26,44)(27,33)(28,42)(29,31)(30,40)(32,38)(34,36) ], 
  [ ( 1, 4, 3, 2)( 5,15,12, 9, 6,16,13,10, 7,17,14,11, 8), ( 1,16)( 2,12)( 3,11)( 4,52)( 5, 8)( 6,51)( 7,50)( 9,49)(10,48)(13,47)(14,46)(15,45)(17,44)
        (18,43)(19,42)(20,41)(21,40)(22,39)(23,38)(24,37)(25,36)(26,35)(27,34)(28,33)(29,32)(30,31) ], 
  [ ( 1, 2, 3, 4)( 5,15,12, 9, 6,16,13,10, 7,17,14,11, 8), ( 1,11)( 2, 8)( 3,16)( 4,50)( 5,12)( 6,48)( 7,52)( 9,46)(10,51)(13,43)(14,49)(15,41)(17,39)
        (18,47)(19,37)(20,45)(21,35)(22,44)(23,33)(24,42)(25,31)(26,40)(27,29)(28,38)(30,36)(32,34) ] ]
);

BRACES[52].brace[3] := rec ( size := 52, perms :=
[ [ (), () ], [ (1,3)(2,4), (1,2) ], [ ( 5, 8,11,14,17, 7,10,13,16, 6, 9,12,15), ( 5,12, 6,13, 7,14, 8,15, 9,16,10,17,11) ], 
  [ ( 1, 3)( 2, 4)( 5, 8,11,14,17, 7,10,13,16, 6, 9,12,15), ( 1, 2)( 5,12, 6,13, 7,14, 8,15, 9,16,10,17,11) ], 
  [ ( 5,11,17,10,16, 9,15, 8,14, 7,13, 6,12), ( 5, 6, 7, 8, 9,10,11,12,13,14,15,16,17) ], 
  [ ( 1, 3)( 2, 4)( 5,11,17,10,16, 9,15, 8,14, 7,13, 6,12), ( 1, 2)( 5, 6, 7, 8, 9,10,11,12,13,14,15,16,17) ], 
  [ ( 5,14,10, 6,15,11, 7,16,12, 8,17,13, 9), ( 5,13, 8,16,11, 6,14, 9,17,12, 7,15,10) ], 
  [ ( 1, 3)( 2, 4)( 5,14,10, 6,15,11, 7,16,12, 8,17,13, 9), ( 1, 2)( 5,13, 8,16,11, 6,14, 9,17,12, 7,15,10) ], 
  [ ( 5,17,16,15,14,13,12,11,10, 9, 8, 7, 6), ( 5, 7, 9,11,13,15,17, 6, 8,10,12,14,16) ], 
  [ ( 1, 3)( 2, 4)( 5,17,16,15,14,13,12,11,10, 9, 8, 7, 6), ( 1, 2)( 5, 7, 9,11,13,15,17, 6, 8,10,12,14,16) ], 
  [ ( 5, 7, 9,11,13,15,17, 6, 8,10,12,14,16), ( 5,14,10, 6,15,11, 7,16,12, 8,17,13, 9) ], 
  [ ( 1, 3)( 2, 4)( 5, 7, 9,11,13,15,17, 6, 8,10,12,14,16), ( 1, 2)( 5,14,10, 6,15,11, 7,16,12, 8,17,13, 9) ], 
  [ ( 5,10,15, 7,12,17, 9,14, 6,11,16, 8,13), ( 5, 8,11,14,17, 7,10,13,16, 6, 9,12,15) ], 
  [ ( 1, 3)( 2, 4)( 5,10,15, 7,12,17, 9,14, 6,11,16, 8,13), ( 1, 2)( 5, 8,11,14,17, 7,10,13,16, 6, 9,12,15) ], 
  [ ( 5,13, 8,16,11, 6,14, 9,17,12, 7,15,10), ( 5,15,12, 9, 6,16,13,10, 7,17,14,11, 8) ], 
  [ ( 1, 3)( 2, 4)( 5,13, 8,16,11, 6,14, 9,17,12, 7,15,10), ( 1, 2)( 5,15,12, 9, 6,16,13,10, 7,17,14,11, 8) ], 
  [ ( 5,16,14,12,10, 8, 6,17,15,13,11, 9, 7), ( 5, 9,13,17, 8,12,16, 7,11,15, 6,10,14) ], 
  [ ( 1, 3)( 2, 4)( 5,16,14,12,10, 8, 6,17,15,13,11, 9, 7), ( 1, 2)( 5, 9,13,17, 8,12,16, 7,11,15, 6,10,14) ], 
  [ ( 5, 6, 7, 8, 9,10,11,12,13,14,15,16,17), ( 5,16,14,12,10, 8, 6,17,15,13,11, 9, 7) ], 
  [ ( 1, 3)( 2, 4)( 5, 6, 7, 8, 9,10,11,12,13,14,15,16,17), ( 1, 2)( 5,16,14,12,10, 8, 6,17,15,13,11, 9, 7) ], 
  [ ( 5, 9,13,17, 8,12,16, 7,11,15, 6,10,14), ( 5,10,15, 7,12,17, 9,14, 6,11,16, 8,13) ], 
  [ ( 1, 3)( 2, 4)( 5, 9,13,17, 8,12,16, 7,11,15, 6,10,14), ( 1, 2)( 5,10,15, 7,12,17, 9,14, 6,11,16, 8,13) ], 
  [ ( 5,12, 6,13, 7,14, 8,15, 9,16,10,17,11), ( 5,17,16,15,14,13,12,11,10, 9, 8, 7, 6) ], 
  [ ( 1, 3)( 2, 4)( 5,12, 6,13, 7,14, 8,15, 9,16,10,17,11), ( 1, 2)( 5,17,16,15,14,13,12,11,10, 9, 8, 7, 6) ], 
  [ ( 5,15,12, 9, 6,16,13,10, 7,17,14,11, 8), ( 5,11,17,10,16, 9,15, 8,14, 7,13, 6,12) ], 
  [ ( 1, 3)( 2, 4)( 5,15,12, 9, 6,16,13,10, 7,17,14,11, 8), ( 1, 2)( 5,11,17,10,16, 9,15, 8,14, 7,13, 6,12) ], [ (1,4,3,2), (3,4) ], [ (1,2,3,4), (1,2)(3,4) ], 
  [ ( 1, 4, 3, 2)( 5, 8,11,14,17, 7,10,13,16, 6, 9,12,15), ( 3, 4)( 5,12, 6,13, 7,14, 8,15, 9,16,10,17,11) ], 
  [ ( 1, 2, 3, 4)( 5, 8,11,14,17, 7,10,13,16, 6, 9,12,15), ( 1, 2)( 3, 4)( 5,12, 6,13, 7,14, 8,15, 9,16,10,17,11) ], 
  [ ( 1, 4, 3, 2)( 5,11,17,10,16, 9,15, 8,14, 7,13, 6,12), ( 3, 4)( 5, 6, 7, 8, 9,10,11,12,13,14,15,16,17) ], 
  [ ( 1, 2, 3, 4)( 5,11,17,10,16, 9,15, 8,14, 7,13, 6,12), ( 1, 2)( 3, 4)( 5, 6, 7, 8, 9,10,11,12,13,14,15,16,17) ], 
  [ ( 1, 4, 3, 2)( 5,14,10, 6,15,11, 7,16,12, 8,17,13, 9), ( 3, 4)( 5,13, 8,16,11, 6,14, 9,17,12, 7,15,10) ], 
  [ ( 1, 2, 3, 4)( 5,14,10, 6,15,11, 7,16,12, 8,17,13, 9), ( 1, 2)( 3, 4)( 5,13, 8,16,11, 6,14, 9,17,12, 7,15,10) ], 
  [ ( 1, 4, 3, 2)( 5,17,16,15,14,13,12,11,10, 9, 8, 7, 6), ( 3, 4)( 5, 7, 9,11,13,15,17, 6, 8,10,12,14,16) ], 
  [ ( 1, 2, 3, 4)( 5,17,16,15,14,13,12,11,10, 9, 8, 7, 6), ( 1, 2)( 3, 4)( 5, 7, 9,11,13,15,17, 6, 8,10,12,14,16) ], 
  [ ( 1, 4, 3, 2)( 5, 7, 9,11,13,15,17, 6, 8,10,12,14,16), ( 3, 4)( 5,14,10, 6,15,11, 7,16,12, 8,17,13, 9) ], 
  [ ( 1, 2, 3, 4)( 5, 7, 9,11,13,15,17, 6, 8,10,12,14,16), ( 1, 2)( 3, 4)( 5,14,10, 6,15,11, 7,16,12, 8,17,13, 9) ], 
  [ ( 1, 4, 3, 2)( 5,10,15, 7,12,17, 9,14, 6,11,16, 8,13), ( 3, 4)( 5, 8,11,14,17, 7,10,13,16, 6, 9,12,15) ], 
  [ ( 1, 2, 3, 4)( 5,10,15, 7,12,17, 9,14, 6,11,16, 8,13), ( 1, 2)( 3, 4)( 5, 8,11,14,17, 7,10,13,16, 6, 9,12,15) ], 
  [ ( 1, 4, 3, 2)( 5,13, 8,16,11, 6,14, 9,17,12, 7,15,10), ( 3, 4)( 5,15,12, 9, 6,16,13,10, 7,17,14,11, 8) ], 
  [ ( 1, 2, 3, 4)( 5,13, 8,16,11, 6,14, 9,17,12, 7,15,10), ( 1, 2)( 3, 4)( 5,15,12, 9, 6,16,13,10, 7,17,14,11, 8) ], 
  [ ( 1, 4, 3, 2)( 5,16,14,12,10, 8, 6,17,15,13,11, 9, 7), ( 3, 4)( 5, 9,13,17, 8,12,16, 7,11,15, 6,10,14) ], 
  [ ( 1, 2, 3, 4)( 5,16,14,12,10, 8, 6,17,15,13,11, 9, 7), ( 1, 2)( 3, 4)( 5, 9,13,17, 8,12,16, 7,11,15, 6,10,14) ], 
  [ ( 1, 4, 3, 2)( 5, 6, 7, 8, 9,10,11,12,13,14,15,16,17), ( 3, 4)( 5,16,14,12,10, 8, 6,17,15,13,11, 9, 7) ], 
  [ ( 1, 2, 3, 4)( 5, 6, 7, 8, 9,10,11,12,13,14,15,16,17), ( 1, 2)( 3, 4)( 5,16,14,12,10, 8, 6,17,15,13,11, 9, 7) ], 
  [ ( 1, 4, 3, 2)( 5, 9,13,17, 8,12,16, 7,11,15, 6,10,14), ( 3, 4)( 5,10,15, 7,12,17, 9,14, 6,11,16, 8,13) ], 
  [ ( 1, 2, 3, 4)( 5, 9,13,17, 8,12,16, 7,11,15, 6,10,14), ( 1, 2)( 3, 4)( 5,10,15, 7,12,17, 9,14, 6,11,16, 8,13) ], 
  [ ( 1, 4, 3, 2)( 5,12, 6,13, 7,14, 8,15, 9,16,10,17,11), ( 3, 4)( 5,17,16,15,14,13,12,11,10, 9, 8, 7, 6) ], 
  [ ( 1, 2, 3, 4)( 5,12, 6,13, 7,14, 8,15, 9,16,10,17,11), ( 1, 2)( 3, 4)( 5,17,16,15,14,13,12,11,10, 9, 8, 7, 6) ], 
  [ ( 1, 4, 3, 2)( 5,15,12, 9, 6,16,13,10, 7,17,14,11, 8), ( 3, 4)( 5,11,17,10,16, 9,15, 8,14, 7,13, 6,12) ], 
  [ ( 1, 2, 3, 4)( 5,15,12, 9, 6,16,13,10, 7,17,14,11, 8), ( 1, 2)( 3, 4)( 5,11,17,10,16, 9,15, 8,14, 7,13, 6,12) ] ]
);

BRACES[52].brace[4] := rec ( size := 52, perms :=
[ [ (), () ], [ (1,3)(2,4), ( 1, 5)( 2,50)( 3,11)( 4,47)( 6,52)( 7,44)( 8,42)( 9,51)(10,40)(12,38)(13,49)(14,36)(15,48)(16,34)(17,46)(18,32)(19,45)
        (20,30)(21,43)(22,28)(23,41)(24,26)(25,39)(27,37)(29,35)(31,33) ], 
  [ ( 5, 8,11,14,17, 7,10,13,16, 6, 9,12,15), ( 1,42,38,34,30,26,22,18,14,10, 7, 4, 2)( 3,48,45,41,37,33,29,25,21,17,13, 9, 6)( 5,50,47,44,40,36,32,28,
         24,20,16,12, 8)(11,52,51,49,46,43,39,35,31,27,23,19,15) ], 
  [ ( 1, 3)( 2, 4)( 5, 8,11,14,17, 7,10,13,16, 6, 9,12,15), ( 1,50)( 2,47)( 3,52)( 4,44)( 5,42)( 6,51)( 7,40)( 8,38)( 9,49)(10,36)(11,48)(12,34)
        (13,46)(14,32)(15,45)(16,30)(17,43)(18,28)(19,41)(20,26)(21,39)(22,24)(23,37)(25,35)(27,33)(29,31) ], 
  [ ( 5,11,17,10,16, 9,15, 8,14, 7,13, 6,12), ( 1,38,30,22,14, 7, 2,42,34,26,18,10, 4)( 3,45,37,29,21,13, 6,48,41,33,25,17, 9)( 5,47,40,32,24,16, 8,50,
         44,36,28,20,12)(11,51,46,39,31,23,15,52,49,43,35,27,19) ], 
  [ ( 1, 3)( 2, 4)( 5,11,17,10,16, 9,15, 8,14, 7,13, 6,12), ( 1,47)( 2,44)( 3,51)( 4,40)( 5,38)( 6,49)( 7,36)( 8,34)( 9,46)(10,32)(11,45)(12,30)
        (13,43)(14,28)(15,41)(16,26)(17,39)(18,24)(19,37)(20,22)(21,35)(23,33)(25,31)(27,29)(42,50)(48,52) ], 
  [ ( 5,14,10, 6,15,11, 7,16,12, 8,17,13, 9), ( 1,34,22,10, 2,38,26,14, 4,42,30,18, 7)( 3,41,29,17, 6,45,33,21, 9,48,37,25,13)( 5,44,32,20, 8,47,36,24,
         12,50,40,28,16)(11,49,39,27,15,51,43,31,19,52,46,35,23) ], 
  [ ( 1, 3)( 2, 4)( 5,14,10, 6,15,11, 7,16,12, 8,17,13, 9), ( 1,44)( 2,40)( 3,49)( 4,36)( 5,34)( 6,46)( 7,32)( 8,30)( 9,43)(10,28)(11,41)(12,26)
        (13,39)(14,24)(15,37)(16,22)(17,35)(18,20)(19,33)(21,31)(23,29)(25,27)(38,50)(42,47)(45,52)(48,51) ], 
  [ ( 5,17,16,15,14,13,12,11,10, 9, 8, 7, 6), ( 1,30,14, 2,34,18, 4,38,22, 7,42,26,10)( 3,37,21, 6,41,25, 9,45,29,13,48,33,17)( 5,40,24, 8,44,28,12,47,
         32,16,50,36,20)(11,46,31,15,49,35,19,51,39,23,52,43,27) ], 
  [ ( 1, 3)( 2, 4)( 5,17,16,15,14,13,12,11,10, 9, 8, 7, 6), ( 1,40)( 2,36)( 3,46)( 4,32)( 5,30)( 6,43)( 7,28)( 8,26)( 9,39)(10,24)(11,37)(12,22)
        (13,35)(14,20)(15,33)(16,18)(17,31)(19,29)(21,27)(23,25)(34,50)(38,47)(41,52)(42,44)(45,51)(48,49) ], 
  [ ( 5, 7, 9,11,13,15,17, 6, 8,10,12,14,16), ( 1,26, 7,38,18, 2,30,10,42,22, 4,34,14)( 3,33,13,45,25, 6,37,17,48,29, 9,41,21)( 5,36,16,47,28, 8,40,20,
         50,32,12,44,24)(11,43,23,51,35,15,46,27,52,39,19,49,31) ], 
  [ ( 1, 3)( 2, 4)( 5, 7, 9,11,13,15,17, 6, 8,10,12,14,16), ( 1,36)( 2,32)( 3,43)( 4,28)( 5,26)( 6,39)( 7,24)( 8,22)( 9,35)(10,20)(11,33)(12,18)
        (13,31)(14,16)(15,29)(17,27)(19,25)(21,23)(30,50)(34,47)(37,52)(38,44)(40,42)(41,51)(45,49)(46,48) ], 
  [ ( 5,10,15, 7,12,17, 9,14, 6,11,16, 8,13), ( 1,22, 2,26, 4,30, 7,34,10,38,14,42,18)( 3,29, 6,33, 9,37,13,41,17,45,21,48,25)( 5,32, 8,36,12,40,16,44,
         20,47,24,50,28)(11,39,15,43,19,46,23,49,27,51,31,52,35) ], 
  [ ( 1, 3)( 2, 4)( 5,10,15, 7,12,17, 9,14, 6,11,16, 8,13), ( 1,32)( 2,28)( 3,39)( 4,24)( 5,22)( 6,35)( 7,20)( 8,18)( 9,31)(10,16)(11,29)(12,14)
        (13,27)(15,25)(17,23)(19,21)(26,50)(30,47)(33,52)(34,44)(36,42)(37,51)(38,40)(41,49)(43,48)(45,46) ], 
  [ ( 5,13, 8,16,11, 6,14, 9,17,12, 7,15,10), ( 1,18,42,14,38,10,34, 7,30, 4,26, 2,22)( 3,25,48,21,45,17,41,13,37, 9,33, 6,29)( 5,28,50,24,47,20,44,16,
         40,12,36, 8,32)(11,35,52,31,51,27,49,23,46,19,43,15,39) ], 
  [ ( 1, 3)( 2, 4)( 5,13, 8,16,11, 6,14, 9,17,12, 7,15,10), ( 1,28)( 2,24)( 3,35)( 4,20)( 5,18)( 6,31)( 7,16)( 8,14)( 9,27)(10,12)(11,25)(13,23)
        (15,21)(17,19)(22,50)(26,47)(29,52)(30,44)(32,42)(33,51)(34,40)(36,38)(37,49)(39,48)(41,46)(43,45) ], 
  [ ( 5,16,14,12,10, 8, 6,17,15,13,11, 9, 7), ( 1,14,34, 4,22,42,10,30, 2,18,38, 7,26)( 3,21,41, 9,29,48,17,37, 6,25,45,13,33)( 5,24,44,12,32,50,20,40,
          8,28,47,16,36)(11,31,49,19,39,52,27,46,15,35,51,23,43) ], 
  [ ( 1, 3)( 2, 4)( 5,16,14,12,10, 8, 6,17,15,13,11, 9, 7), ( 1,24)( 2,20)( 3,31)( 4,16)( 5,14)( 6,27)( 7,12)( 8,10)( 9,23)(11,21)(13,19)(15,17)
        (18,50)(22,47)(25,52)(26,44)(28,42)(29,51)(30,40)(32,38)(33,49)(34,36)(35,48)(37,46)(39,45)(41,43) ], 
  [ ( 5, 6, 7, 8, 9,10,11,12,13,14,15,16,17), ( 1,10,26,42, 7,22,38, 4,18,34, 2,14,30)( 3,17,33,48,13,29,45, 9,25,41, 6,21,37)( 5,20,36,50,16,32,47,12,
         28,44, 8,24,40)(11,27,43,52,23,39,51,19,35,49,15,31,46) ], 
  [ ( 1, 3)( 2, 4)( 5, 6, 7, 8, 9,10,11,12,13,14,15,16,17), ( 1,20)( 2,16)( 3,27)( 4,12)( 5,10)( 6,23)( 7, 8)( 9,19)(11,17)(13,15)(14,50)(18,47)
        (21,52)(22,44)(24,42)(25,51)(26,40)(28,38)(29,49)(30,36)(31,48)(32,34)(33,46)(35,45)(37,43)(39,41) ], 
  [ ( 5, 9,13,17, 8,12,16, 7,11,15, 6,10,14), ( 1, 7,18,30,42, 4,14,26,38, 2,10,22,34)( 3,13,25,37,48, 9,21,33,45, 6,17,29,41)( 5,16,28,40,50,12,24,36,
         47, 8,20,32,44)(11,23,35,46,52,19,31,43,51,15,27,39,49) ], 
  [ ( 1, 3)( 2, 4)( 5, 9,13,17, 8,12,16, 7,11,15, 6,10,14), ( 1,16)( 2,12)( 3,23)( 4, 8)( 5, 7)( 6,19)( 9,15)(10,50)(11,13)(14,47)(17,52)(18,44)
        (20,42)(21,51)(22,40)(24,38)(25,49)(26,36)(27,48)(28,34)(29,46)(30,32)(31,45)(33,43)(35,41)(37,39) ], 
  [ ( 5,12, 6,13, 7,14, 8,15, 9,16,10,17,11), ( 1, 4,10,18,26,34,42, 2, 7,14,22,30,38)( 3, 9,17,25,33,41,48, 6,13,21,29,37,45)( 5,12,20,28,36,44,50, 8,
         16,24,32,40,47)(11,19,27,35,43,49,52,15,23,31,39,46,51) ], 
  [ ( 1, 3)( 2, 4)( 5,12, 6,13, 7,14, 8,15, 9,16,10,17,11), ( 1,12)( 2, 8)( 3,19)( 4, 5)( 6,15)( 7,50)( 9,11)(10,47)(13,52)(14,44)(16,42)(17,51)
        (18,40)(20,38)(21,49)(22,36)(23,48)(24,34)(25,46)(26,32)(27,45)(28,30)(29,43)(31,41)(33,39)(35,37) ], 
  [ ( 5,15,12, 9, 6,16,13,10, 7,17,14,11, 8), ( 1, 2, 4, 7,10,14,18,22,26,30,34,38,42)( 3, 6, 9,13,17,21,25,29,33,37,41,45,48)( 5, 8,12,16,20,24,28,32,
         36,40,44,47,50)(11,15,19,23,27,31,35,39,43,46,49,51,52) ], 
  [ ( 1, 3)( 2, 4)( 5,15,12, 9, 6,16,13,10, 7,17,14,11, 8), ( 1, 8)( 2, 5)( 3,15)( 4,50)( 6,11)( 7,47)( 9,52)(10,44)(12,42)(13,51)(14,40)(16,38)
        (17,49)(18,36)(19,48)(20,34)(21,46)(22,32)(23,45)(24,30)(25,43)(26,28)(27,41)(29,39)(31,37)(33,35) ], 
  [ (1,4,3,2), ( 1,11)( 2,52)( 3, 5)( 4,51)( 6,50)( 7,49)( 8,48)( 9,47)(10,46)(12,45)(13,44)(14,43)(15,42)(16,41)(17,40)(18,39)(19,38)(20,37)
        (21,36)(22,35)(23,34)(24,33)(25,32)(26,31)(27,30)(28,29) ], 
  [ (1,2,3,4), ( 1, 3)( 2, 6)( 4, 9)( 5,11)( 7,13)( 8,15)(10,17)(12,19)(14,21)(16,23)(18,25)(20,27)(22,29)(24,31)(26,33)(28,35)(30,37)(32,39)
        (34,41)(36,43)(38,45)(40,46)(42,48)(44,49)(47,51)(50,52) ], 
  [ ( 1, 4, 3, 2)( 5, 8,11,14,17, 7,10,13,16, 6, 9,12,15), ( 1,52)( 2,51)( 3,50)( 4,49)( 5,48)( 6,47)( 7,46)( 8,45)( 9,44)(10,43)(11,42)(12,41)(13,40)
        (14,39)(15,38)(16,37)(17,36)(18,35)(19,34)(20,33)(21,32)(22,31)(23,30)(24,29)(25,28)(26,27) ], 
  [ ( 1, 2, 3, 4)( 5, 8,11,14,17, 7,10,13,16, 6, 9,12,15), ( 1,48,38,41,30,33,22,25,14,17, 7, 9, 2, 3,42,45,34,37,26,29,18,21,10,13, 4, 6)
        ( 5,52,47,49,40,43,32,35,24,27,16,19, 8,11,50,51,44,46,36,39,28,31,20,23,12,15) ], 
  [ ( 1, 4, 3, 2)( 5,11,17,10,16, 9,15, 8,14, 7,13, 6,12), ( 1,51)( 2,49)( 3,47)( 4,46)( 5,45)( 6,44)( 7,43)( 8,41)( 9,40)(10,39)(11,38)(12,37)
        (13,36)(14,35)(15,34)(16,33)(17,32)(18,31)(19,30)(20,29)(21,28)(22,27)(23,26)(24,25)(42,52)(48,50) ], 
  [ ( 1, 2, 3, 4)( 5,11,17,10,16, 9,15, 8,14, 7,13, 6,12), ( 1,45,30,29,14,13, 2,48,34,33,18,17, 4, 3,38,37,22,21, 7, 6,42,41,26,25,10, 9)
        ( 5,51,40,39,24,23, 8,52,44,43,28,27,12,11,47,46,32,31,16,15,50,49,36,35,20,19) ], 
  [ ( 1, 4, 3, 2)( 5,14,10, 6,15,11, 7,16,12, 8,17,13, 9), ( 1,49)( 2,46)( 3,44)( 4,43)( 5,41)( 6,40)( 7,39)( 8,37)( 9,36)(10,35)(11,34)(12,33)
        (13,32)(14,31)(15,30)(16,29)(17,28)(18,27)(19,26)(20,25)(21,24)(22,23)(38,52)(42,51)(45,50)(47,48) ], 
  [ ( 1, 2, 3, 4)( 5,14,10, 6,15,11, 7,16,12, 8,17,13, 9), ( 1,41,22,17, 2,45,26,21, 4,48,30,25, 7, 3,34,29,10, 6,38,33,14, 9,42,37,18,13)
        ( 5,49,32,27, 8,51,36,31,12,52,40,35,16,11,44,39,20,15,47,43,24,19,50,46,28,23) ], 
  [ ( 1, 4, 3, 2)( 5,17,16,15,14,13,12,11,10, 9, 8, 7, 6), ( 1,46)( 2,43)( 3,40)( 4,39)( 5,37)( 6,36)( 7,35)( 8,33)( 9,32)(10,31)(11,30)(12,29)
        (13,28)(14,27)(15,26)(16,25)(17,24)(18,23)(19,22)(20,21)(34,52)(38,51)(41,50)(42,49)(44,48)(45,47) ], 
  [ ( 1, 2, 3, 4)( 5,17,16,15,14,13,12,11,10, 9, 8, 7, 6), ( 1,37,14, 6,34,25, 4,45,22,13,42,33,10, 3,30,21, 2,41,18, 9,38,29, 7,48,26,17)
        ( 5,46,24,15,44,35,12,51,32,23,50,43,20,11,40,31, 8,49,28,19,47,39,16,52,36,27) ], 
  [ ( 1, 4, 3, 2)( 5, 7, 9,11,13,15,17, 6, 8,10,12,14,16), ( 1,43)( 2,39)( 3,36)( 4,35)( 5,33)( 6,32)( 7,31)( 8,29)( 9,28)(10,27)(11,26)(12,25)
        (13,24)(14,23)(15,22)(16,21)(17,20)(18,19)(30,52)(34,51)(37,50)(38,49)(40,48)(41,47)(42,46)(44,45) ], 
  [ ( 1, 2, 3, 4)( 5, 7, 9,11,13,15,17, 6, 8,10,12,14,16), ( 1,33, 7,45,18, 6,30,17,42,29, 4,41,14, 3,26,13,38,25, 2,37,10,48,22, 9,34,21)
        ( 5,43,16,51,28,15,40,27,50,39,12,49,24,11,36,23,47,35, 8,46,20,52,32,19,44,31) ], 
  [ ( 1, 4, 3, 2)( 5,10,15, 7,12,17, 9,14, 6,11,16, 8,13), ( 1,39)( 2,35)( 3,32)( 4,31)( 5,29)( 6,28)( 7,27)( 8,25)( 9,24)(10,23)(11,22)(12,21)
        (13,20)(14,19)(15,18)(16,17)(26,52)(30,51)(33,50)(34,49)(36,48)(37,47)(38,46)(40,45)(41,44)(42,43) ], 
  [ ( 1, 2, 3, 4)( 5,10,15, 7,12,17, 9,14, 6,11,16, 8,13), ( 1,29, 2,33, 4,37, 7,41,10,45,14,48,18, 3,22, 6,26, 9,30,13,34,17,38,21,42,25)
        ( 5,39, 8,43,12,46,16,49,20,51,24,52,28,11,32,15,36,19,40,23,44,27,47,31,50,35) ], 
  [ ( 1, 4, 3, 2)( 5,13, 8,16,11, 6,14, 9,17,12, 7,15,10), ( 1,35)( 2,31)( 3,28)( 4,27)( 5,25)( 6,24)( 7,23)( 8,21)( 9,20)(10,19)(11,18)(12,17)
        (13,16)(14,15)(22,52)(26,51)(29,50)(30,49)(32,48)(33,47)(34,46)(36,45)(37,44)(38,43)(39,42)(40,41) ], 
  [ ( 1, 2, 3, 4)( 5,13, 8,16,11, 6,14, 9,17,12, 7,15,10), ( 1,25,42,21,38,17,34,13,30, 9,26, 6,22, 3,18,48,14,45,10,41, 7,37, 4,33, 2,29)
        ( 5,35,50,31,47,27,44,23,40,19,36,15,32,11,28,52,24,51,20,49,16,46,12,43, 8,39) ], 
  [ ( 1, 4, 3, 2)( 5,16,14,12,10, 8, 6,17,15,13,11, 9, 7), ( 1,31)( 2,27)( 3,24)( 4,23)( 5,21)( 6,20)( 7,19)( 8,17)( 9,16)(10,15)(11,14)(12,13)
        (18,52)(22,51)(25,50)(26,49)(28,48)(29,47)(30,46)(32,45)(33,44)(34,43)(35,42)(36,41)(37,40)(38,39) ], 
  [ ( 1, 2, 3, 4)( 5,16,14,12,10, 8, 6,17,15,13,11, 9, 7), ( 1,21,34, 9,22,48,10,37, 2,25,38,13,26, 3,14,41, 4,29,42,17,30, 6,18,45, 7,33)
        ( 5,31,44,19,32,52,20,46, 8,35,47,23,36,11,24,49,12,39,50,27,40,15,28,51,16,43) ], 
