BRACES[40] := rec( total := -1, implemented := 106, size := 40, brace := [] );BRACES[40].brace[1] := rec ( size := 40, perms := [ [  (),  (), 
], [  (1, 23, 4, 21, 2, 24, 3, 22)(5, 27, 8, 25, 6, 28, 7, 26)(9, 31, 12, 29, 10, 32, 11, 30)(13, 35, 16, 33, 14, 36, 15, 34)(17, 39, 20, 37, 
18, 40, 19, 38),  (1, 21, 4, 24, 2, 22, 3, 23)(5, 25, 8, 28, 6, 26, 7, 27)(9, 29, 12, 32, 10, 30, 11, 31)(13, 33, 16, 36, 14, 34, 15, 35)(17, 
37, 20, 40, 18, 38, 19, 39),  ], [  (1, 4, 2, 3)(5, 8, 6, 7)(9, 12, 10, 11)(13, 16, 14, 15)(17, 20, 18, 19)(21, 24, 22, 23)(25, 28, 26, 
27)(29, 32, 30, 31)(33, 36, 34, 35)(37, 40, 38, 39),  (1, 3, 2, 4)(5, 7, 6, 8)(9, 11, 10, 12)(13, 15, 14, 16)(17, 19, 18, 20)(21, 23, 22, 
24)(25, 27, 26, 28)(29, 31, 30, 32)(33, 35, 34, 36)(37, 39, 38, 40),  ], [  (1, 2)(3, 4)(5, 6)(7, 8)(9, 10)(11, 12)(13, 14)(15, 16)(17, 
18)(19, 20)(21, 22)(23, 24)(25, 26)(27, 28)(29, 30)(31, 32)(33, 34)(35, 36)(37, 38)(39, 40),  (1, 2)(3, 4)(5, 6)(7, 8)(9, 10)(11, 12)(13, 
14)(15, 16)(17, 18)(19, 20)(21, 22)(23, 24)(25, 26)(27, 28)(29, 30)(31, 32)(33, 34)(35, 36)(37, 38)(39, 40),  ], [  (1, 5, 9, 13, 17)(2, 6, 
10, 14, 18)(3, 7, 11, 15, 19)(4, 8, 12, 16, 20)(21, 25, 29, 33, 37)(22, 26, 30, 34, 38)(23, 27, 31, 35, 39)(24, 28, 32, 36, 40),  (1, 17, 13, 
9, 5)(2, 18, 14, 10, 6)(3, 19, 15, 11, 7)(4, 20, 16, 12, 8)(21, 37, 33, 29, 25)(22, 38, 34, 30, 26)(23, 39, 35, 31, 27)(24, 40, 36, 32, 28),  
], [  (1, 21, 3, 23, 2, 22, 4, 24)(5, 25, 7, 27, 6, 26, 8, 28)(9, 29, 11, 31, 10, 30, 12, 32)(13, 33, 15, 35, 14, 34, 16, 36)(17, 37, 19, 39, 
18, 38, 20, 40),  (1, 23, 3, 22, 2, 24, 4, 21)(5, 27, 7, 26, 6, 28, 8, 25)(9, 31, 11, 30, 10, 32, 12, 29)(13, 35, 15, 34, 14, 36, 16, 33)(17, 
39, 19, 38, 18, 40, 20, 37),  ], [  (1, 3, 2, 4)(5, 7, 6, 8)(9, 11, 10, 12)(13, 15, 14, 16)(17, 19, 18, 20)(21, 23, 22, 24)(25, 27, 26, 
28)(29, 31, 30, 32)(33, 35, 34, 36)(37, 39, 38, 40),  (1, 4, 2, 3)(5, 8, 6, 7)(9, 12, 10, 11)(13, 16, 14, 15)(17, 20, 18, 19)(21, 24, 22, 
23)(25, 28, 26, 27)(29, 32, 30, 31)(33, 36, 34, 35)(37, 40, 38, 39),  ], [  (1, 17, 13, 9, 5)(2, 18, 14, 10, 6)(3, 19, 15, 11, 7)(4, 20, 16, 
12, 8)(21, 37, 33, 29, 25)(22, 38, 34, 30, 26)(23, 39, 35, 31, 27)(24, 40, 36, 32, 28),  (1, 5, 9, 13, 17)(2, 6, 10, 14, 18)(3, 7, 11, 15, 
19)(4, 8, 12, 16, 20)(21, 25, 29, 33, 37)(22, 26, 30, 34, 38)(23, 27, 31, 35, 39)(24, 28, 32, 36, 40),  ], [  (1, 24, 4, 22, 2, 23, 3, 21)(5, 
28, 8, 26, 6, 27, 7, 25)(9, 32, 12, 30, 10, 31, 11, 29)(13, 36, 16, 34, 14, 35, 15, 33)(17, 40, 20, 38, 18, 39, 19, 37),  (1, 22, 4, 23, 2, 
21, 3, 24)(5, 26, 8, 27, 6, 25, 7, 28)(9, 30, 12, 31, 10, 29, 11, 32)(13, 34, 16, 35, 14, 33, 15, 36)(17, 38, 20, 39, 18, 37, 19, 40),  ], [  
(1, 27, 12, 33, 18, 24, 7, 30, 13, 39, 4, 25, 10, 36, 19, 22, 5, 31, 16, 37, 2, 28, 11, 34, 17, 23, 8, 29, 14, 40, 3, 26, 9, 35, 20, 21, 6, 
32, 15, 38),  (1, 37, 16, 32, 6, 22, 19, 35, 9, 25, 4, 40, 14, 30, 7, 23, 17, 33, 12, 28, 2, 38, 15, 31, 5, 21, 20, 36, 10, 26, 3, 39, 13, 29,
8, 24, 18, 34, 11, 27),  ], [  (1, 22, 3, 24, 2, 21, 4, 23)(5, 26, 7, 28, 6, 25, 8, 27)(9, 30, 11, 32, 10, 29, 12, 31)(13, 34, 15, 36, 14, 33,
16, 35)(17, 38, 19, 40, 18, 37, 20, 39),  (1, 24, 3, 21, 2, 23, 4, 22)(5, 28, 7, 25, 6, 27, 8, 26)(9, 32, 11, 29, 10, 31, 12, 30)(13, 36, 15, 
33, 14, 35, 16, 34)(17, 40, 19, 37, 18, 39, 20, 38),  ], [  (1, 39, 16, 29, 6, 24, 19, 34, 9, 27, 4, 37, 14, 32, 7, 22, 17, 35, 12, 25, 2, 40,
15, 30, 5, 23, 20, 33, 10, 28, 3, 38, 13, 31, 8, 21, 18, 36, 11, 26),  (1, 25, 12, 36, 18, 22, 7, 31, 13, 37, 4, 28, 10, 34, 19, 23, 5, 29, 
16, 40, 2, 26, 11, 35, 17, 21, 8, 32, 14, 38, 3, 27, 9, 33, 20, 24, 6, 30, 15, 39),  ], [  (1, 8, 10, 15, 17, 4, 6, 11, 13, 20, 2, 7, 9, 16, 
18, 3, 5, 12, 14, 19)(21, 28, 30, 35, 37, 24, 26, 31, 33, 40, 22, 27, 29, 36, 38, 23, 25, 32, 34, 39),  (1, 19, 14, 12, 5, 3, 18, 16, 9, 7, 2,
20, 13, 11, 6, 4, 17, 15, 10, 8)(21, 39, 34, 32, 25, 23, 38, 36, 29, 27, 22, 40, 33, 31, 26, 24, 37, 35, 30, 28),  ], [  (1, 20, 14, 11, 5, 4,
18, 15, 9, 8, 2, 19, 13, 12, 6, 3, 17, 16, 10, 7)(21, 40, 34, 31, 25, 24, 38, 35, 29, 28, 22, 39, 33, 32, 26, 23, 37, 36, 30, 27),  (1, 7, 10,
16, 17, 3, 6, 12, 13, 19, 2, 8, 9, 15, 18, 4, 5, 11, 14, 20)(21, 27, 30, 36, 37, 23, 26, 32, 33, 39, 22, 28, 29, 35, 38, 24, 25, 31, 34, 40), 
], [  (1, 6, 9, 14, 17, 2, 5, 10, 13, 18)(3, 8, 11, 16, 19, 4, 7, 12, 15, 20)(21, 26, 29, 34, 37, 22, 25, 30, 33, 38)(23, 28, 31, 36, 39, 24, 
27, 32, 35, 40),  (1, 18, 13, 10, 5, 2, 17, 14, 9, 6)(3, 20, 15, 12, 7, 4, 19, 16, 11, 8)(21, 38, 33, 30, 25, 22, 37, 34, 29, 26)(23, 40, 35, 
32, 27, 24, 39, 36, 31, 28),  ], [  (1, 18, 13, 10, 5, 2, 17, 14, 9, 6)(3, 20, 15, 12, 7, 4, 19, 16, 11, 8)(21, 38, 33, 30, 25, 22, 37, 34, 
29, 26)(23, 40, 35, 32, 27, 24, 39, 36, 31, 28),  (1, 6, 9, 14, 17, 2, 5, 10, 13, 18)(3, 8, 11, 16, 19, 4, 7, 12, 15, 20)(21, 26, 29, 34, 37, 
22, 25, 30, 33, 38)(23, 28, 31, 36, 39, 24, 27, 32, 35, 40),  ], [  (1, 9, 17, 5, 13)(2, 10, 18, 6, 14)(3, 11, 19, 7, 15)(4, 12, 20, 8, 
16)(21, 29, 37, 25, 33)(22, 30, 38, 26, 34)(23, 31, 39, 27, 35)(24, 32, 40, 28, 36),  (1, 13, 5, 17, 9)(2, 14, 6, 18, 10)(3, 15, 7, 19, 11)(4,
16, 8, 20, 12)(21, 33, 25, 37, 29)(22, 34, 26, 38, 30)(23, 35, 27, 39, 31)(24, 36, 28, 40, 32),  ], [  (1, 25, 11, 35, 18, 22, 8, 32, 13, 37, 
3, 27, 10, 34, 20, 24, 5, 29, 15, 39, 2, 26, 12, 36, 17, 21, 7, 31, 14, 38, 4, 28, 9, 33, 19, 23, 6, 30, 16, 40),  (1, 39, 15, 30, 6, 24, 20, 
33, 9, 27, 3, 38, 14, 32, 8, 21, 17, 35, 11, 26, 2, 40, 16, 29, 5, 23, 19, 34, 10, 28, 4, 37, 13, 31, 7, 22, 18, 36, 12, 25),  ], [  (1, 7, 
10, 16, 17, 3, 6, 12, 13, 19, 2, 8, 9, 15, 18, 4, 5, 11, 14, 20)(21, 27, 30, 36, 37, 23, 26, 32, 33, 39, 22, 28, 29, 35, 38, 24, 25, 31, 34, 
40),  (1, 20, 14, 11, 5, 4, 18, 15, 9, 8, 2, 19, 13, 12, 6, 3, 17, 16, 10, 7)(21, 40, 34, 31, 25, 24, 38, 35, 29, 28, 22, 39, 33, 32, 26, 23, 
37, 36, 30, 27),  ], [  (1, 37, 15, 31, 6, 22, 20, 36, 9, 25, 3, 39, 14, 30, 8, 24, 17, 33, 11, 27, 2, 38, 16, 32, 5, 21, 19, 35, 10, 26, 4, 
40, 13, 29, 7, 23, 18, 34, 12, 28),  (1, 27, 11, 34, 18, 24, 8, 29, 13, 39, 3, 26, 10, 36, 20, 21, 5, 31, 15, 38, 2, 28, 12, 33, 17, 23, 7, 
30, 14, 40, 4, 25, 9, 35, 19, 22, 6, 32, 16, 37),  ], [  (1, 19, 14, 12, 5, 3, 18, 16, 9, 7, 2, 20, 13, 11, 6, 4, 17, 15, 10, 8)(21, 39, 34, 
32, 25, 23, 38, 36, 29, 27, 22, 40, 33, 31, 26, 24, 37, 35, 30, 28),  (1, 8, 10, 15, 17, 4, 6, 11, 13, 20, 2, 7, 9, 16, 18, 3, 5, 12, 14, 
19)(21, 28, 30, 35, 37, 24, 26, 31, 33, 40, 22, 27, 29, 36, 38, 23, 25, 32, 34, 39),  ], [  (1, 13, 5, 17, 9)(2, 14, 6, 18, 10)(3, 15, 7, 19, 
11)(4, 16, 8, 20, 12)(21, 33, 25, 37, 29)(22, 34, 26, 38, 30)(23, 35, 27, 39, 31)(24, 36, 28, 40, 32),  (1, 9, 17, 5, 13)(2, 10, 18, 6, 14)(3,
11, 19, 7, 15)(4, 12, 20, 8, 16)(21, 29, 37, 25, 33)(22, 30, 38, 26, 34)(23, 31, 39, 27, 35)(24, 32, 40, 28, 36),  ], [  (1, 28, 12, 34, 18, 
23, 7, 29, 13, 40, 4, 26, 10, 35, 19, 21, 5, 32, 16, 38, 2, 27, 11, 33, 17, 24, 8, 30, 14, 39, 3, 25, 9, 36, 20, 22, 6, 31, 15, 37),  (1, 38, 
16, 31, 6, 21, 19, 36, 9, 26, 4, 39, 14, 29, 7, 24, 17, 34, 12, 27, 2, 37, 15, 32, 5, 22, 20, 35, 10, 25, 3, 40, 13, 30, 8, 23, 18, 33, 11, 
28),  ], [  (1, 40, 16, 30, 6, 23, 19, 33, 9, 28, 4, 38, 14, 31, 7, 21, 17, 36, 12, 26, 2, 39, 15, 29, 5, 24, 20, 34, 10, 27, 3, 37, 13, 32, 
8, 22, 18, 35, 11, 25),  (1, 26, 12, 35, 18, 21, 7, 32, 13, 38, 4, 27, 10, 33, 19, 24, 5, 30, 16, 39, 2, 25, 11, 36, 17, 22, 8, 31, 14, 37, 3,
28, 9, 34, 20, 23, 6, 29, 15, 40),  ], [  (1, 31, 20, 25, 14, 24, 11, 38, 5, 35, 4, 29, 18, 28, 15, 22, 9, 39, 8, 33, 2, 32, 19, 26, 13, 23, 
12, 37, 6, 36, 3, 30, 17, 27, 16, 21, 10, 40, 7, 34),  (1, 33, 8, 40, 10, 22, 15, 27, 17, 29, 4, 36, 6, 38, 11, 23, 13, 25, 20, 32, 2, 34, 7, 
39, 9, 21, 16, 28, 18, 30, 3, 35, 5, 37, 12, 24, 14, 26, 19, 31),  ], [  (1, 26, 11, 36, 18, 21, 8, 31, 13, 38, 3, 28, 10, 33, 20, 23, 5, 30, 
15, 40, 2, 25, 12, 35, 17, 22, 7, 32, 14, 37, 4, 27, 9, 34, 19, 24, 6, 29, 16, 39),  (1, 40, 15, 29, 6, 23, 20, 34, 9, 28, 3, 37, 14, 31, 8, 
22, 17, 36, 11, 25, 2, 39, 16, 30, 5, 24, 19, 33, 10, 27, 4, 38, 13, 32, 7, 21, 18, 35, 12, 26),  ], [  (1, 38, 15, 32, 6, 21, 20, 35, 9, 26, 
3, 40, 14, 29, 8, 23, 17, 34, 11, 28, 2, 37, 16, 31, 5, 22, 19, 36, 10, 25, 4, 39, 13, 30, 7, 24, 18, 33, 12, 27),  (1, 28, 11, 33, 18, 23, 8,
30, 13, 40, 3, 25, 10, 35, 20, 22, 5, 32, 15, 37, 2, 27, 12, 34, 17, 24, 7, 29, 14, 39, 4, 26, 9, 36, 19, 21, 6, 31, 16, 38),  ], [  (1, 35, 
8, 37, 10, 24, 15, 26, 17, 31, 4, 33, 6, 40, 11, 22, 13, 27, 20, 29, 2, 36, 7, 38, 9, 23, 16, 25, 18, 32, 3, 34, 5, 39, 12, 21, 14, 28, 19, 
30),  (1, 29, 20, 28, 14, 22, 11, 39, 5, 33, 4, 32, 18, 26, 15, 23, 9, 37, 8, 36, 2, 30, 19, 27, 13, 21, 12, 40, 6, 34, 3, 31, 17, 25, 16, 24,
10, 38, 7, 35),  ], [  (1, 12, 18, 7, 13, 4, 10, 19, 5, 16, 2, 11, 17, 8, 14, 3, 9, 20, 6, 15)(21, 32, 38, 27, 33, 24, 30, 39, 25, 36, 22, 31,
37, 28, 34, 23, 29, 40, 26, 35),  (1, 15, 6, 20, 9, 3, 14, 8, 17, 11, 2, 16, 5, 19, 10, 4, 13, 7, 18, 12)(21, 35, 26, 40, 29, 23, 34, 28, 37, 
31, 22, 36, 25, 39, 30, 24, 33, 27, 38, 32),  ], [  (1, 16, 6, 19, 9, 4, 14, 7, 17, 12, 2, 15, 5, 20, 10, 3, 13, 8, 18, 11)(21, 36, 26, 39, 
29, 24, 34, 27, 37, 32, 22, 35, 25, 40, 30, 23, 33, 28, 38, 31),  (1, 11, 18, 8, 13, 3, 10, 20, 5, 15, 2, 12, 17, 7, 14, 4, 9, 19, 6, 16)(21, 
31, 38, 28, 33, 23, 30, 40, 25, 35, 22, 32, 37, 27, 34, 24, 29, 39, 26, 36),  ], [  (1, 10, 17, 6, 13, 2, 9, 18, 5, 14)(3, 12, 19, 8, 15, 4, 
11, 20, 7, 16)(21, 30, 37, 26, 33, 22, 29, 38, 25, 34)(23, 32, 39, 28, 35, 24, 31, 40, 27, 36),  (1, 14, 5, 18, 9, 2, 13, 6, 17, 10)(3, 16, 7,
20, 11, 4, 15, 8, 19, 12)(21, 34, 25, 38, 29, 22, 33, 26, 37, 30)(23, 36, 27, 40, 31, 24, 35, 28, 39, 32),  ], [  (1, 14, 5, 18, 9, 2, 13, 6, 
17, 10)(3, 16, 7, 20, 11, 4, 15, 8, 19, 12)(21, 34, 25, 38, 29, 22, 33, 26, 37, 30)(23, 36, 27, 40, 31, 24, 35, 28, 39, 32),  (1, 10, 17, 6, 
13, 2, 9, 18, 5, 14)(3, 12, 19, 8, 15, 4, 11, 20, 7, 16)(21, 30, 37, 26, 33, 22, 29, 38, 25, 34)(23, 32, 39, 28, 35, 24, 31, 40, 27, 36),  ], 
[  (1, 29, 19, 27, 14, 22, 12, 40, 5, 33, 3, 31, 18, 26, 16, 24, 9, 37, 7, 35, 2, 30, 20, 28, 13, 21, 11, 39, 6, 34, 4, 32, 17, 25, 15, 23, 
10, 38, 8, 36),  (1, 35, 7, 38, 10, 24, 16, 25, 17, 31, 3, 34, 6, 40, 12, 21, 13, 27, 19, 30, 2, 36, 8, 37, 9, 23, 15, 26, 18, 32, 4, 33, 5, 
39, 11, 22, 14, 28, 20, 29),  ], [  (1, 11, 18, 8, 13, 3, 10, 20, 5, 15, 2, 12, 17, 7, 14, 4, 9, 19, 6, 16)(21, 31, 38, 28, 33, 23, 30, 40, 
25, 35, 22, 32, 37, 27, 34, 24, 29, 39, 26, 36),  (1, 16, 6, 19, 9, 4, 14, 7, 17, 12, 2, 15, 5, 20, 10, 3, 13, 8, 18, 11)(21, 36, 26, 39, 29, 
24, 34, 27, 37, 32, 22, 35, 25, 40, 30, 23, 33, 28, 38, 31),  ], [  (1, 33, 7, 39, 10, 22, 16, 28, 17, 29, 3, 35, 6, 38, 12, 24, 13, 25, 19, 
31, 2, 34, 8, 40, 9, 21, 15, 27, 18, 30, 4, 36, 5, 37, 11, 23, 14, 26, 20, 32),  (1, 31, 19, 26, 14, 24, 12, 37, 5, 35, 3, 30, 18, 28, 16, 21,
9, 39, 7, 34, 2, 32, 20, 25, 13, 23, 11, 38, 6, 36, 4, 29, 17, 27, 15, 22, 10, 40, 8, 33),  ], [  (1, 15, 6, 20, 9, 3, 14, 8, 17, 11, 2, 16, 
5, 19, 10, 4, 13, 7, 18, 12)(21, 35, 26, 40, 29, 23, 34, 28, 37, 31, 22, 36, 25, 39, 30, 24, 33, 27, 38, 32),  (1, 12, 18, 7, 13, 4, 10, 19, 
5, 16, 2, 11, 17, 8, 14, 3, 9, 20, 6, 15)(21, 32, 38, 27, 33, 24, 30, 39, 25, 36, 22, 31, 37, 28, 34, 23, 29, 40, 26, 35),  ], [  (1, 32, 20, 
26, 14, 23, 11, 37, 5, 36, 4, 30, 18, 27, 15, 21, 9, 40, 8, 34, 2, 31, 19, 25, 13, 24, 12, 38, 6, 35, 3, 29, 17, 28, 16, 22, 10, 39, 7, 33),  
(1, 34, 8, 39, 10, 21, 15, 28, 17, 30, 4, 35, 6, 37, 11, 24, 13, 26, 20, 31, 2, 33, 7, 40, 9, 22, 16, 27, 18, 29, 3, 36, 5, 38, 12, 23, 14, 
25, 19, 32),  ], [  (1, 36, 8, 38, 10, 23, 15, 25, 17, 32, 4, 34, 6, 39, 11, 21, 13, 28, 20, 30, 2, 35, 7, 37, 9, 24, 16, 26, 18, 31, 3, 33, 
5, 40, 12, 22, 14, 27, 19, 29),  (1, 30, 20, 27, 14, 21, 11, 40, 5, 34, 4, 31, 18, 25, 15, 24, 9, 38, 8, 35, 2, 29, 19, 28, 13, 22, 12, 39, 6,
33, 3, 32, 17, 26, 16, 23, 10, 37, 7, 36),  ], [  (1, 30, 19, 28, 14, 21, 12, 39, 5, 34, 3, 32, 18, 25, 16, 23, 9, 38, 7, 36, 2, 29, 20, 27, 
13, 22, 11, 40, 6, 33, 4, 31, 17, 26, 15, 24, 10, 37, 8, 35),  (1, 36, 7, 37, 10, 23, 16, 26, 17, 32, 3, 33, 6, 39, 12, 22, 13, 28, 19, 29, 2,
35, 8, 38, 9, 24, 15, 25, 18, 31, 4, 34, 5, 40, 11, 21, 14, 27, 20, 30),  ], [  (1, 34, 7, 40, 10, 21, 16, 27, 17, 30, 3, 36, 6, 37, 12, 23, 
13, 26, 19, 32, 2, 33, 8, 39, 9, 22, 15, 28, 18, 29, 4, 35, 5, 38, 11, 24, 14, 25, 20, 31),  (1, 32, 19, 25, 14, 23, 12, 38, 5, 36, 3, 29, 18,
27, 16, 22, 9, 40, 7, 33, 2, 31, 20, 26, 13, 24, 11, 37, 6, 35, 4, 30, 17, 28, 15, 21, 10, 39, 8, 34),  ], ]
);

BRACES[40].brace[2] := rec ( size := 40, perms := [ [  (),  (),  ], [  (1, 23, 4, 21, 2, 24, 3, 22)(5, 27, 8, 25, 6, 28, 7, 26)(9, 31, 12, 29,
10, 32, 11, 30)(13, 35, 16, 33, 14, 36, 15, 34)(17, 39, 20, 37, 18, 40, 19, 38),  (1, 21, 4, 24, 2, 22, 3, 23)(5, 37, 8, 40, 6, 38, 7, 39)(9, 
33, 12, 36, 10, 34, 11, 35)(13, 29, 16, 32, 14, 30, 15, 31)(17, 25, 20, 28, 18, 26, 19, 27),  ], [  (1, 4, 2, 3)(5, 8, 6, 7)(9, 12, 10, 
11)(13, 16, 14, 15)(17, 20, 18, 19)(21, 24, 22, 23)(25, 28, 26, 27)(29, 32, 30, 31)(33, 36, 34, 35)(37, 40, 38, 39),  (1, 3, 2, 4)(5, 7, 6, 
8)(9, 11, 10, 12)(13, 15, 14, 16)(17, 19, 18, 20)(21, 23, 22, 24)(25, 27, 26, 28)(29, 31, 30, 32)(33, 35, 34, 36)(37, 39, 38, 40),  ], [  (1, 
2)(3, 4)(5, 6)(7, 8)(9, 10)(11, 12)(13, 14)(15, 16)(17, 18)(19, 20)(21, 22)(23, 24)(25, 26)(27, 28)(29, 30)(31, 32)(33, 34)(35, 36)(37, 
38)(39, 40),  (1, 2)(3, 4)(5, 6)(7, 8)(9, 10)(11, 12)(13, 14)(15, 16)(17, 18)(19, 20)(21, 22)(23, 24)(25, 26)(27, 28)(29, 30)(31, 32)(33, 
34)(35, 36)(37, 38)(39, 40),  ], [  (1, 5, 9, 13, 17)(2, 6, 10, 14, 18)(3, 7, 11, 15, 19)(4, 8, 12, 16, 20)(21, 25, 29, 33, 37)(22, 26, 30, 
34, 38)(23, 27, 31, 35, 39)(24, 28, 32, 36, 40),  (1, 17, 13, 9, 5)(2, 18, 14, 10, 6)(3, 19, 15, 11, 7)(4, 20, 16, 12, 8)(21, 37, 33, 29, 
25)(22, 38, 34, 30, 26)(23, 39, 35, 31, 27)(24, 40, 36, 32, 28),  ], [  (1, 21, 3, 23, 2, 22, 4, 24)(5, 25, 7, 27, 6, 26, 8, 28)(9, 29, 11, 
31, 10, 30, 12, 32)(13, 33, 15, 35, 14, 34, 16, 36)(17, 37, 19, 39, 18, 38, 20, 40),  (1, 23, 3, 22, 2, 24, 4, 21)(5, 39, 7, 38, 6, 40, 8, 
37)(9, 35, 11, 34, 10, 36, 12, 33)(13, 31, 15, 30, 14, 32, 16, 29)(17, 27, 19, 26, 18, 28, 20, 25),  ], [  (1, 3, 2, 4)(5, 7, 6, 8)(9, 11, 10,
12)(13, 15, 14, 16)(17, 19, 18, 20)(21, 23, 22, 24)(25, 27, 26, 28)(29, 31, 30, 32)(33, 35, 34, 36)(37, 39, 38, 40),  (1, 4, 2, 3)(5, 8, 6, 
7)(9, 12, 10, 11)(13, 16, 14, 15)(17, 20, 18, 19)(21, 24, 22, 23)(25, 28, 26, 27)(29, 32, 30, 31)(33, 36, 34, 35)(37, 40, 38, 39),  ], [  (1, 
17, 13, 9, 5)(2, 18, 14, 10, 6)(3, 19, 15, 11, 7)(4, 20, 16, 12, 8)(21, 37, 33, 29, 25)(22, 38, 34, 30, 26)(23, 39, 35, 31, 27)(24, 40, 36, 
32, 28),  (1, 5, 9, 13, 17)(2, 6, 10, 14, 18)(3, 7, 11, 15, 19)(4, 8, 12, 16, 20)(21, 25, 29, 33, 37)(22, 26, 30, 34, 38)(23, 27, 31, 35, 
39)(24, 28, 32, 36, 40),  ], [  (1, 24, 4, 22, 2, 23, 3, 21)(5, 28, 8, 26, 6, 27, 7, 25)(9, 32, 12, 30, 10, 31, 11, 29)(13, 36, 16, 34, 14, 
35, 15, 33)(17, 40, 20, 38, 18, 39, 19, 37),  (1, 22, 4, 23, 2, 21, 3, 24)(5, 38, 8, 39, 6, 37, 7, 40)(9, 34, 12, 35, 10, 33, 11, 36)(13, 30, 
16, 31, 14, 29, 15, 32)(17, 26, 20, 27, 18, 25, 19, 28),  ], [  (1, 39, 16, 29, 6, 24, 19, 34, 9, 27, 4, 37, 14, 32, 7, 22, 17, 35, 12, 25, 2,
40, 15, 30, 5, 23, 20, 33, 10, 28, 3, 38, 13, 31, 8, 21, 18, 36, 11, 26),  (1, 37, 4, 40, 2, 38, 3, 39)(5, 33, 8, 36, 6, 34, 7, 35)(9, 29, 12,
32, 10, 30, 11, 31)(13, 25, 16, 28, 14, 26, 15, 27)(17, 21, 20, 24, 18, 22, 19, 23),  ], [  (1, 22, 3, 24, 2, 21, 4, 23)(5, 26, 7, 28, 6, 25, 
8, 27)(9, 30, 11, 32, 10, 29, 12, 31)(13, 34, 15, 36, 14, 33, 16, 35)(17, 38, 19, 40, 18, 37, 20, 39),  (1, 24, 3, 21, 2, 23, 4, 22)(5, 40, 7,
37, 6, 39, 8, 38)(9, 36, 11, 33, 10, 35, 12, 34)(13, 32, 15, 29, 14, 31, 16, 30)(17, 28, 19, 25, 18, 27, 20, 26),  ], [  (1, 27, 12, 33, 18, 
24, 7, 30, 13, 39, 4, 25, 10, 36, 19, 22, 5, 31, 16, 37, 2, 28, 11, 34, 17, 23, 8, 29, 14, 40, 3, 26, 9, 35, 20, 21, 6, 32, 15, 38),  (1, 25, 
4, 28, 2, 26, 3, 27)(5, 21, 8, 24, 6, 22, 7, 23)(9, 37, 12, 40, 10, 38, 11, 39)(13, 33, 16, 36, 14, 34, 15, 35)(17, 29, 20, 32, 18, 30, 19, 
31),  ], [  (1, 8, 10, 15, 17, 4, 6, 11, 13, 20, 2, 7, 9, 16, 18, 3, 5, 12, 14, 19)(21, 28, 30, 35, 37, 24, 26, 31, 33, 40, 22, 27, 29, 36, 
38, 23, 25, 32, 34, 39),  (1, 19, 14, 12, 5, 3, 18, 16, 9, 7, 2, 20, 13, 11, 6, 4, 17, 15, 10, 8)(21, 39, 34, 32, 25, 23, 38, 36, 29, 27, 22, 
40, 33, 31, 26, 24, 37, 35, 30, 28),  ], [  (1, 20, 14, 11, 5, 4, 18, 15, 9, 8, 2, 19, 13, 12, 6, 3, 17, 16, 10, 7)(21, 40, 34, 31, 25, 24, 
38, 35, 29, 28, 22, 39, 33, 32, 26, 23, 37, 36, 30, 27),  (1, 7, 10, 16, 17, 3, 6, 12, 13, 19, 2, 8, 9, 15, 18, 4, 5, 11, 14, 20)(21, 27, 30, 
36, 37, 23, 26, 32, 33, 39, 22, 28, 29, 35, 38, 24, 25, 31, 34, 40),  ], [  (1, 6, 9, 14, 17, 2, 5, 10, 13, 18)(3, 8, 11, 16, 19, 4, 7, 12, 
15, 20)(21, 26, 29, 34, 37, 22, 25, 30, 33, 38)(23, 28, 31, 36, 39, 24, 27, 32, 35, 40),  (1, 18, 13, 10, 5, 2, 17, 14, 9, 6)(3, 20, 15, 12, 
7, 4, 19, 16, 11, 8)(21, 38, 33, 30, 25, 22, 37, 34, 29, 26)(23, 40, 35, 32, 27, 24, 39, 36, 31, 28),  ], [  (1, 18, 13, 10, 5, 2, 17, 14, 9, 
6)(3, 20, 15, 12, 7, 4, 19, 16, 11, 8)(21, 38, 33, 30, 25, 22, 37, 34, 29, 26)(23, 40, 35, 32, 27, 24, 39, 36, 31, 28),  (1, 6, 9, 14, 17, 2, 
5, 10, 13, 18)(3, 8, 11, 16, 19, 4, 7, 12, 15, 20)(21, 26, 29, 34, 37, 22, 25, 30, 33, 38)(23, 28, 31, 36, 39, 24, 27, 32, 35, 40),  ], [  (1,
9, 17, 5, 13)(2, 10, 18, 6, 14)(3, 11, 19, 7, 15)(4, 12, 20, 8, 16)(21, 29, 37, 25, 33)(22, 30, 38, 26, 34)(23, 31, 39, 27, 35)(24, 32, 40, 
28, 36),  (1, 13, 5, 17, 9)(2, 14, 6, 18, 10)(3, 15, 7, 19, 11)(4, 16, 8, 20, 12)(21, 33, 25, 37, 29)(22, 34, 26, 38, 30)(23, 35, 27, 39, 
31)(24, 36, 28, 40, 32),  ], [  (1, 25, 11, 35, 18, 22, 8, 32, 13, 37, 3, 27, 10, 34, 20, 24, 5, 29, 15, 39, 2, 26, 12, 36, 17, 21, 7, 31, 14,
38, 4, 28, 9, 33, 19, 23, 6, 30, 16, 40),  (1, 27, 3, 26, 2, 28, 4, 25)(5, 23, 7, 22, 6, 24, 8, 21)(9, 39, 11, 38, 10, 40, 12, 37)(13, 35, 15,
34, 14, 36, 16, 33)(17, 31, 19, 30, 18, 32, 20, 29),  ], [  (1, 7, 10, 16, 17, 3, 6, 12, 13, 19, 2, 8, 9, 15, 18, 4, 5, 11, 14, 20)(21, 27, 
30, 36, 37, 23, 26, 32, 33, 39, 22, 28, 29, 35, 38, 24, 25, 31, 34, 40),  (1, 20, 14, 11, 5, 4, 18, 15, 9, 8, 2, 19, 13, 12, 6, 3, 17, 16, 10,
7)(21, 40, 34, 31, 25, 24, 38, 35, 29, 28, 22, 39, 33, 32, 26, 23, 37, 36, 30, 27),  ], [  (1, 37, 15, 31, 6, 22, 20, 36, 9, 25, 3, 39, 14, 
30, 8, 24, 17, 33, 11, 27, 2, 38, 16, 32, 5, 21, 19, 35, 10, 26, 4, 40, 13, 29, 7, 23, 18, 34, 12, 28),  (1, 39, 3, 38, 2, 40, 4, 37)(5, 35, 
7, 34, 6, 36, 8, 33)(9, 31, 11, 30, 10, 32, 12, 29)(13, 27, 15, 26, 14, 28, 16, 25)(17, 23, 19, 22, 18, 24, 20, 21),  ], [  (1, 19, 14, 12, 5,
3, 18, 16, 9, 7, 2, 20, 13, 11, 6, 4, 17, 15, 10, 8)(21, 39, 34, 32, 25, 23, 38, 36, 29, 27, 22, 40, 33, 31, 26, 24, 37, 35, 30, 28),  (1, 8, 
10, 15, 17, 4, 6, 11, 13, 20, 2, 7, 9, 16, 18, 3, 5, 12, 14, 19)(21, 28, 30, 35, 37, 24, 26, 31, 33, 40, 22, 27, 29, 36, 38, 23, 25, 32, 34, 
39),  ], [  (1, 13, 5, 17, 9)(2, 14, 6, 18, 10)(3, 15, 7, 19, 11)(4, 16, 8, 20, 12)(21, 33, 25, 37, 29)(22, 34, 26, 38, 30)(23, 35, 27, 39, 
31)(24, 36, 28, 40, 32),  (1, 9, 17, 5, 13)(2, 10, 18, 6, 14)(3, 11, 19, 7, 15)(4, 12, 20, 8, 16)(21, 29, 37, 25, 33)(22, 30, 38, 26, 34)(23, 
31, 39, 27, 35)(24, 32, 40, 28, 36),  ], [  (1, 40, 16, 30, 6, 23, 19, 33, 9, 28, 4, 38, 14, 31, 7, 21, 17, 36, 12, 26, 2, 39, 15, 29, 5, 24, 
20, 34, 10, 27, 3, 37, 13, 32, 8, 22, 18, 35, 11, 25),  (1, 38, 4, 39, 2, 37, 3, 40)(5, 34, 8, 35, 6, 33, 7, 36)(9, 30, 12, 31, 10, 29, 11, 
32)(13, 26, 16, 27, 14, 25, 15, 28)(17, 22, 20, 23, 18, 21, 19, 24),  ], [  (1, 28, 12, 34, 18, 23, 7, 29, 13, 40, 4, 26, 10, 35, 19, 21, 5, 
32, 16, 38, 2, 27, 11, 33, 17, 24, 8, 30, 14, 39, 3, 25, 9, 36, 20, 22, 6, 31, 15, 37),  (1, 26, 4, 27, 2, 25, 3, 28)(5, 22, 8, 23, 6, 21, 7, 
24)(9, 38, 12, 39, 10, 37, 11, 40)(13, 34, 16, 35, 14, 33, 15, 36)(17, 30, 20, 31, 18, 29, 19, 32),  ], [  (1, 35, 8, 37, 10, 24, 15, 26, 17, 
31, 4, 33, 6, 40, 11, 22, 13, 27, 20, 29, 2, 36, 7, 38, 9, 23, 16, 25, 18, 32, 3, 34, 5, 39, 12, 21, 14, 28, 19, 30),  (1, 33, 4, 36, 2, 34, 
3, 35)(5, 29, 8, 32, 6, 30, 7, 31)(9, 25, 12, 28, 10, 26, 11, 27)(13, 21, 16, 24, 14, 22, 15, 23)(17, 37, 20, 40, 18, 38, 19, 39),  ], [  (1, 
38, 15, 32, 6, 21, 20, 35, 9, 26, 3, 40, 14, 29, 8, 23, 17, 34, 11, 28, 2, 37, 16, 31, 5, 22, 19, 36, 10, 25, 4, 39, 13, 30, 7, 24, 18, 33, 
12, 27),  (1, 40, 3, 37, 2, 39, 4, 38)(5, 36, 7, 33, 6, 35, 8, 34)(9, 32, 11, 29, 10, 31, 12, 30)(13, 28, 15, 25, 14, 27, 16, 26)(17, 24, 19, 
21, 18, 23, 20, 22),  ], [  (1, 26, 11, 36, 18, 21, 8, 31, 13, 38, 3, 28, 10, 33, 20, 23, 5, 30, 15, 40, 2, 25, 12, 35, 17, 22, 7, 32, 14, 37,
4, 27, 9, 34, 19, 24, 6, 29, 16, 39),  (1, 28, 3, 25, 2, 27, 4, 26)(5, 24, 7, 21, 6, 23, 8, 22)(9, 40, 11, 37, 10, 39, 12, 38)(13, 36, 15, 33,
14, 35, 16, 34)(17, 32, 19, 29, 18, 31, 20, 30),  ], [  (1, 31, 20, 25, 14, 24, 11, 38, 5, 35, 4, 29, 18, 28, 15, 22, 9, 39, 8, 33, 2, 32, 19,
26, 13, 23, 12, 37, 6, 36, 3, 30, 17, 27, 16, 21, 10, 40, 7, 34),  (1, 29, 4, 32, 2, 30, 3, 31)(5, 25, 8, 28, 6, 26, 7, 27)(9, 21, 12, 24, 10,
22, 11, 23)(13, 37, 16, 40, 14, 38, 15, 39)(17, 33, 20, 36, 18, 34, 19, 35),  ], [  (1, 12, 18, 7, 13, 4, 10, 19, 5, 16, 2, 11, 17, 8, 14, 3, 
9, 20, 6, 15)(21, 32, 38, 27, 33, 24, 30, 39, 25, 36, 22, 31, 37, 28, 34, 23, 29, 40, 26, 35),  (1, 15, 6, 20, 9, 3, 14, 8, 17, 11, 2, 16, 5, 
19, 10, 4, 13, 7, 18, 12)(21, 35, 26, 40, 29, 23, 34, 28, 37, 31, 22, 36, 25, 39, 30, 24, 33, 27, 38, 32),  ], [  (1, 16, 6, 19, 9, 4, 14, 7, 
17, 12, 2, 15, 5, 20, 10, 3, 13, 8, 18, 11)(21, 36, 26, 39, 29, 24, 34, 27, 37, 32, 22, 35, 25, 40, 30, 23, 33, 28, 38, 31),  (1, 11, 18, 8, 
13, 3, 10, 20, 5, 15, 2, 12, 17, 7, 14, 4, 9, 19, 6, 16)(21, 31, 38, 28, 33, 23, 30, 40, 25, 35, 22, 32, 37, 27, 34, 24, 29, 39, 26, 36),  ], 
[  (1, 10, 17, 6, 13, 2, 9, 18, 5, 14)(3, 12, 19, 8, 15, 4, 11, 20, 7, 16)(21, 30, 37, 26, 33, 22, 29, 38, 25, 34)(23, 32, 39, 28, 35, 24, 31,
40, 27, 36),  (1, 14, 5, 18, 9, 2, 13, 6, 17, 10)(3, 16, 7, 20, 11, 4, 15, 8, 19, 12)(21, 34, 25, 38, 29, 22, 33, 26, 37, 30)(23, 36, 27, 40, 
31, 24, 35, 28, 39, 32),  ], [  (1, 14, 5, 18, 9, 2, 13, 6, 17, 10)(3, 16, 7, 20, 11, 4, 15, 8, 19, 12)(21, 34, 25, 38, 29, 22, 33, 26, 37, 
30)(23, 36, 27, 40, 31, 24, 35, 28, 39, 32),  (1, 10, 17, 6, 13, 2, 9, 18, 5, 14)(3, 12, 19, 8, 15, 4, 11, 20, 7, 16)(21, 30, 37, 26, 33, 22, 
29, 38, 25, 34)(23, 32, 39, 28, 35, 24, 31, 40, 27, 36),  ], [  (1, 29, 19, 27, 14, 22, 12, 40, 5, 33, 3, 31, 18, 26, 16, 24, 9, 37, 7, 35, 2,
30, 20, 28, 13, 21, 11, 39, 6, 34, 4, 32, 17, 25, 15, 23, 10, 38, 8, 36),  (1, 31, 3, 30, 2, 32, 4, 29)(5, 27, 7, 26, 6, 28, 8, 25)(9, 23, 11,
22, 10, 24, 12, 21)(13, 39, 15, 38, 14, 40, 16, 37)(17, 35, 19, 34, 18, 36, 20, 33),  ], [  (1, 11, 18, 8, 13, 3, 10, 20, 5, 15, 2, 12, 17, 7,
14, 4, 9, 19, 6, 16)(21, 31, 38, 28, 33, 23, 30, 40, 25, 35, 22, 32, 37, 27, 34, 24, 29, 39, 26, 36),  (1, 16, 6, 19, 9, 4, 14, 7, 17, 12, 2, 
15, 5, 20, 10, 3, 13, 8, 18, 11)(21, 36, 26, 39, 29, 24, 34, 27, 37, 32, 22, 35, 25, 40, 30, 23, 33, 28, 38, 31),  ], [  (1, 33, 7, 39, 10, 
22, 16, 28, 17, 29, 3, 35, 6, 38, 12, 24, 13, 25, 19, 31, 2, 34, 8, 40, 9, 21, 15, 27, 18, 30, 4, 36, 5, 37, 11, 23, 14, 26, 20, 32),  (1, 35,
3, 34, 2, 36, 4, 33)(5, 31, 7, 30, 6, 32, 8, 29)(9, 27, 11, 26, 10, 28, 12, 25)(13, 23, 15, 22, 14, 24, 16, 21)(17, 39, 19, 38, 18, 40, 20, 
37),  ], [  (1, 15, 6, 20, 9, 3, 14, 8, 17, 11, 2, 16, 5, 19, 10, 4, 13, 7, 18, 12)(21, 35, 26, 40, 29, 23, 34, 28, 37, 31, 22, 36, 25, 39, 
30, 24, 33, 27, 38, 32),  (1, 12, 18, 7, 13, 4, 10, 19, 5, 16, 2, 11, 17, 8, 14, 3, 9, 20, 6, 15)(21, 32, 38, 27, 33, 24, 30, 39, 25, 36, 22, 
31, 37, 28, 34, 23, 29, 40, 26, 35),  ], [  (1, 36, 8, 38, 10, 23, 15, 25, 17, 32, 4, 34, 6, 39, 11, 21, 13, 28, 20, 30, 2, 35, 7, 37, 9, 24, 
16, 26, 18, 31, 3, 33, 5, 40, 12, 22, 14, 27, 19, 29),  (1, 34, 4, 35, 2, 33, 3, 36)(5, 30, 8, 31, 6, 29, 7, 32)(9, 26, 12, 27, 10, 25, 11, 
28)(13, 22, 16, 23, 14, 21, 15, 24)(17, 38, 20, 39, 18, 37, 19, 40),  ], [  (1, 32, 20, 26, 14, 23, 11, 37, 5, 36, 4, 30, 18, 27, 15, 21, 9, 
40, 8, 34, 2, 31, 19, 25, 13, 24, 12, 38, 6, 35, 3, 29, 17, 28, 16, 22, 10, 39, 7, 33),  (1, 30, 4, 31, 2, 29, 3, 32)(5, 26, 8, 27, 6, 25, 7, 
28)(9, 22, 12, 23, 10, 21, 11, 24)(13, 38, 16, 39, 14, 37, 15, 40)(17, 34, 20, 35, 18, 33, 19, 36),  ], [  (1, 34, 7, 40, 10, 21, 16, 27, 17, 
30, 3, 36, 6, 37, 12, 23, 13, 26, 19, 32, 2, 33, 8, 39, 9, 22, 15, 28, 18, 29, 4, 35, 5, 38, 11, 24, 14, 25, 20, 31),  (1, 36, 3, 33, 2, 35, 
4, 34)(5, 32, 7, 29, 6, 31, 8, 30)(9, 28, 11, 25, 10, 27, 12, 26)(13, 24, 15, 21, 14, 23, 16, 22)(17, 40, 19, 37, 18, 39, 20, 38),  ], [  (1, 
30, 19, 28, 14, 21, 12, 39, 5, 34, 3, 32, 18, 25, 16, 23, 9, 38, 7, 36, 2, 29, 20, 27, 13, 22, 11, 40, 6, 33, 4, 31, 17, 26, 15, 24, 10, 37, 
8, 35),  (1, 32, 3, 29, 2, 31, 4, 30)(5, 28, 7, 25, 6, 27, 8, 26)(9, 24, 11, 21, 10, 23, 12, 22)(13, 40, 15, 37, 14, 39, 16, 38)(17, 36, 19, 
33, 18, 35, 20, 34),  ], ]
);

BRACES[40].brace[3] := rec ( size := 40, perms := [ [  (),  (),  ], [  (1, 21, 3, 23, 2, 22, 4, 24)(5, 25, 7, 27, 6, 26, 8, 28)(9, 29, 11, 31,
10, 30, 12, 32)(13, 33, 15, 35, 14, 34, 16, 36)(17, 37, 19, 39, 18, 38, 20, 40),  (1, 21)(2, 22)(3, 24)(4, 23)(5, 25)(6, 26)(7, 28)(8, 27)(9, 
29)(10, 30)(11, 32)(12, 31)(13, 33)(14, 34)(15, 36)(16, 35)(17, 37)(18, 38)(19, 40)(20, 39),  ], [  (1, 4, 2, 3)(5, 8, 6, 7)(9, 12, 10, 
11)(13, 16, 14, 15)(17, 20, 18, 19)(21, 24, 22, 23)(25, 28, 26, 27)(29, 32, 30, 31)(33, 36, 34, 35)(37, 40, 38, 39),  (1, 3, 2, 4)(5, 7, 6, 
8)(9, 11, 10, 12)(13, 15, 14, 16)(17, 19, 18, 20)(21, 23, 22, 24)(25, 27, 26, 28)(29, 31, 30, 32)(33, 35, 34, 36)(37, 39, 38, 40),  ], [  (1, 
2)(3, 4)(5, 6)(7, 8)(9, 10)(11, 12)(13, 14)(15, 16)(17, 18)(19, 20)(21, 22)(23, 24)(25, 26)(27, 28)(29, 30)(31, 32)(33, 34)(35, 36)(37, 
38)(39, 40),  (1, 2)(3, 4)(5, 6)(7, 8)(9, 10)(11, 12)(13, 14)(15, 16)(17, 18)(19, 20)(21, 22)(23, 24)(25, 26)(27, 28)(29, 30)(31, 32)(33, 
34)(35, 36)(37, 38)(39, 40),  ], [  (1, 5, 9, 13, 17)(2, 6, 10, 14, 18)(3, 7, 11, 15, 19)(4, 8, 12, 16, 20)(21, 25, 29, 33, 37)(22, 26, 30, 
34, 38)(23, 27, 31, 35, 39)(24, 28, 32, 36, 40),  (1, 17, 13, 9, 5)(2, 18, 14, 10, 6)(3, 19, 15, 11, 7)(4, 20, 16, 12, 8)(21, 37, 33, 29, 
25)(22, 38, 34, 30, 26)(23, 39, 35, 31, 27)(24, 40, 36, 32, 28),  ], [  (1, 3, 2, 4)(5, 7, 6, 8)(9, 11, 10, 12)(13, 15, 14, 16)(17, 19, 18, 
20)(21, 23, 22, 24)(25, 27, 26, 28)(29, 31, 30, 32)(33, 35, 34, 36)(37, 39, 38, 40),  (1, 4, 2, 3)(5, 8, 6, 7)(9, 12, 10, 11)(13, 16, 14, 
15)(17, 20, 18, 19)(21, 24, 22, 23)(25, 28, 26, 27)(29, 32, 30, 31)(33, 36, 34, 35)(37, 40, 38, 39),  ], [  (1, 17, 13, 9, 5)(2, 18, 14, 10, 
6)(3, 19, 15, 11, 7)(4, 20, 16, 12, 8)(21, 37, 33, 29, 25)(22, 38, 34, 30, 26)(23, 39, 35, 31, 27)(24, 40, 36, 32, 28),  (1, 5, 9, 13, 17)(2, 
6, 10, 14, 18)(3, 7, 11, 15, 19)(4, 8, 12, 16, 20)(21, 25, 29, 33, 37)(22, 26, 30, 34, 38)(23, 27, 31, 35, 39)(24, 28, 32, 36, 40),  ], [  (1,
23, 4, 21, 2, 24, 3, 22)(5, 27, 8, 25, 6, 28, 7, 26)(9, 31, 12, 29, 10, 32, 11, 30)(13, 35, 16, 33, 14, 36, 15, 34)(17, 39, 20, 37, 18, 40, 
19, 38),  (1, 23)(2, 24)(3, 21)(4, 22)(5, 27)(6, 28)(7, 25)(8, 26)(9, 31)(10, 32)(11, 29)(12, 30)(13, 35)(14, 36)(15, 33)(16, 34)(17, 39)(18, 
40)(19, 37)(20, 38),  ], [  (1, 22, 3, 24, 2, 21, 4, 23)(5, 26, 7, 28, 6, 25, 8, 27)(9, 30, 11, 32, 10, 29, 12, 31)(13, 34, 15, 36, 14, 33, 
16, 35)(17, 38, 19, 40, 18, 37, 20, 39),  (1, 22)(2, 21)(3, 23)(4, 24)(5, 26)(6, 25)(7, 27)(8, 28)(9, 30)(10, 29)(11, 31)(12, 32)(13, 34)(14, 
33)(15, 35)(16, 36)(17, 38)(18, 37)(19, 39)(20, 40),  ], [  (1, 25, 11, 35, 18, 22, 8, 32, 13, 37, 3, 27, 10, 34, 20, 24, 5, 29, 15, 39, 2, 
26, 12, 36, 17, 21, 7, 31, 14, 38, 4, 28, 9, 33, 19, 23, 6, 30, 16, 40),  (1, 37, 13, 29, 5, 21, 17, 33, 9, 25)(2, 38, 14, 30, 6, 22, 18, 34, 
10, 26)(3, 40, 15, 32, 7, 24, 19, 36, 11, 28)(4, 39, 16, 31, 8, 23, 20, 35, 12, 27),  ], [  (1, 24, 4, 22, 2, 23, 3, 21)(5, 28, 8, 26, 6, 27, 
7, 25)(9, 32, 12, 30, 10, 31, 11, 29)(13, 36, 16, 34, 14, 35, 15, 33)(17, 40, 20, 38, 18, 39, 19, 37),  (1, 24)(2, 23)(3, 22)(4, 21)(5, 28)(6,
27)(7, 26)(8, 25)(9, 32)(10, 31)(11, 30)(12, 29)(13, 36)(14, 35)(15, 34)(16, 33)(17, 40)(18, 39)(19, 38)(20, 37),  ], [  (1, 37, 15, 31, 6, 
22, 20, 36, 9, 25, 3, 39, 14, 30, 8, 24, 17, 33, 11, 27, 2, 38, 16, 32, 5, 21, 19, 35, 10, 26, 4, 40, 13, 29, 7, 23, 18, 34, 12, 28),  (1, 25,
9, 33, 17, 21, 5, 29, 13, 37)(2, 26, 10, 34, 18, 22, 6, 30, 14, 38)(3, 28, 11, 36, 19, 24, 7, 32, 15, 40)(4, 27, 12, 35, 20, 23, 8, 31, 16, 
39),  ], [  (1, 8, 10, 15, 17, 4, 6, 11, 13, 20, 2, 7, 9, 16, 18, 3, 5, 12, 14, 19)(21, 28, 30, 35, 37, 24, 26, 31, 33, 40, 22, 27, 29, 36, 
38, 23, 25, 32, 34, 39),  (1, 19, 14, 12, 5, 3, 18, 16, 9, 7, 2, 20, 13, 11, 6, 4, 17, 15, 10, 8)(21, 39, 34, 32, 25, 23, 38, 36, 29, 27, 22, 
40, 33, 31, 26, 24, 37, 35, 30, 28),  ], [  (1, 20, 14, 11, 5, 4, 18, 15, 9, 8, 2, 19, 13, 12, 6, 3, 17, 16, 10, 7)(21, 40, 34, 31, 25, 24, 
38, 35, 29, 28, 22, 39, 33, 32, 26, 23, 37, 36, 30, 27),  (1, 7, 10, 16, 17, 3, 6, 12, 13, 19, 2, 8, 9, 15, 18, 4, 5, 11, 14, 20)(21, 27, 30, 
36, 37, 23, 26, 32, 33, 39, 22, 28, 29, 35, 38, 24, 25, 31, 34, 40),  ], [  (1, 6, 9, 14, 17, 2, 5, 10, 13, 18)(3, 8, 11, 16, 19, 4, 7, 12, 
15, 20)(21, 26, 29, 34, 37, 22, 25, 30, 33, 38)(23, 28, 31, 36, 39, 24, 27, 32, 35, 40),  (1, 18, 13, 10, 5, 2, 17, 14, 9, 6)(3, 20, 15, 12, 
7, 4, 19, 16, 11, 8)(21, 38, 33, 30, 25, 22, 37, 34, 29, 26)(23, 40, 35, 32, 27, 24, 39, 36, 31, 28),  ], [  (1, 18, 13, 10, 5, 2, 17, 14, 9, 
6)(3, 20, 15, 12, 7, 4, 19, 16, 11, 8)(21, 38, 33, 30, 25, 22, 37, 34, 29, 26)(23, 40, 35, 32, 27, 24, 39, 36, 31, 28),  (1, 6, 9, 14, 17, 2, 
5, 10, 13, 18)(3, 8, 11, 16, 19, 4, 7, 12, 15, 20)(21, 26, 29, 34, 37, 22, 25, 30, 33, 38)(23, 28, 31, 36, 39, 24, 27, 32, 35, 40),  ], [  (1,
9, 17, 5, 13)(2, 10, 18, 6, 14)(3, 11, 19, 7, 15)(4, 12, 20, 8, 16)(21, 29, 37, 25, 33)(22, 30, 38, 26, 34)(23, 31, 39, 27, 35)(24, 32, 40, 
28, 36),  (1, 13, 5, 17, 9)(2, 14, 6, 18, 10)(3, 15, 7, 19, 11)(4, 16, 8, 20, 12)(21, 33, 25, 37, 29)(22, 34, 26, 38, 30)(23, 35, 27, 39, 
31)(24, 36, 28, 40, 32),  ], [  (1, 7, 10, 16, 17, 3, 6, 12, 13, 19, 2, 8, 9, 15, 18, 4, 5, 11, 14, 20)(21, 27, 30, 36, 37, 23, 26, 32, 33, 
39, 22, 28, 29, 35, 38, 24, 25, 31, 34, 40),  (1, 20, 14, 11, 5, 4, 18, 15, 9, 8, 2, 19, 13, 12, 6, 3, 17, 16, 10, 7)(21, 40, 34, 31, 25, 24, 
38, 35, 29, 28, 22, 39, 33, 32, 26, 23, 37, 36, 30, 27),  ], [  (1, 19, 14, 12, 5, 3, 18, 16, 9, 7, 2, 20, 13, 11, 6, 4, 17, 15, 10, 8)(21, 
39, 34, 32, 25, 23, 38, 36, 29, 27, 22, 40, 33, 31, 26, 24, 37, 35, 30, 28),  (1, 8, 10, 15, 17, 4, 6, 11, 13, 20, 2, 7, 9, 16, 18, 3, 5, 12, 
14, 19)(21, 28, 30, 35, 37, 24, 26, 31, 33, 40, 22, 27, 29, 36, 38, 23, 25, 32, 34, 39),  ], [  (1, 13, 5, 17, 9)(2, 14, 6, 18, 10)(3, 15, 7, 
19, 11)(4, 16, 8, 20, 12)(21, 33, 25, 37, 29)(22, 34, 26, 38, 30)(23, 35, 27, 39, 31)(24, 36, 28, 40, 32),  (1, 9, 17, 5, 13)(2, 10, 18, 6, 
14)(3, 11, 19, 7, 15)(4, 12, 20, 8, 16)(21, 29, 37, 25, 33)(22, 30, 38, 26, 34)(23, 31, 39, 27, 35)(24, 32, 40, 28, 36),  ], [  (1, 27, 12, 
33, 18, 24, 7, 30, 13, 39, 4, 25, 10, 36, 19, 22, 5, 31, 16, 37, 2, 28, 11, 34, 17, 23, 8, 29, 14, 40, 3, 26, 9, 35, 20, 21, 6, 32, 15, 38),  
(1, 39, 13, 31, 5, 23, 17, 35, 9, 27)(2, 40, 14, 32, 6, 24, 18, 36, 10, 28)(3, 37, 15, 29, 7, 21, 19, 33, 11, 25)(4, 38, 16, 30, 8, 22, 20, 
34, 12, 26),  ], [  (1, 39, 16, 29, 6, 24, 19, 34, 9, 27, 4, 37, 14, 32, 7, 22, 17, 35, 12, 25, 2, 40, 15, 30, 5, 23, 20, 33, 10, 28, 3, 38, 
13, 31, 8, 21, 18, 36, 11, 26),  (1, 27, 9, 35, 17, 23, 5, 31, 13, 39)(2, 28, 10, 36, 18, 24, 6, 32, 14, 40)(3, 25, 11, 33, 19, 21, 7, 29, 15,
37)(4, 26, 12, 34, 20, 22, 8, 30, 16, 38),  ], [  (1, 26, 11, 36, 18, 21, 8, 31, 13, 38, 3, 28, 10, 33, 20, 23, 5, 30, 15, 40, 2, 25, 12, 35, 
17, 22, 7, 32, 14, 37, 4, 27, 9, 34, 19, 24, 6, 29, 16, 39),  (1, 38, 13, 30, 5, 22, 17, 34, 9, 26)(2, 37, 14, 29, 6, 21, 18, 33, 10, 25)(3, 
39, 15, 31, 7, 23, 19, 35, 11, 27)(4, 40, 16, 32, 8, 24, 20, 36, 12, 28),  ], [  (1, 38, 15, 32, 6, 21, 20, 35, 9, 26, 3, 40, 14, 29, 8, 23, 
17, 34, 11, 28, 2, 37, 16, 31, 5, 22, 19, 36, 10, 25, 4, 39, 13, 30, 7, 24, 18, 33, 12, 27),  (1, 26, 9, 34, 17, 22, 5, 30, 13, 38)(2, 25, 10,
33, 18, 21, 6, 29, 14, 37)(3, 27, 11, 35, 19, 23, 7, 31, 15, 39)(4, 28, 12, 36, 20, 24, 8, 32, 16, 40),  ], [  (1, 29, 19, 27, 14, 22, 12, 40,
5, 33, 3, 31, 18, 26, 16, 24, 9, 37, 7, 35, 2, 30, 20, 28, 13, 21, 11, 39, 6, 34, 4, 32, 17, 25, 15, 23, 10, 38, 8, 36),  (1, 33, 5, 37, 9, 
21, 13, 25, 17, 29)(2, 34, 6, 38, 10, 22, 14, 26, 18, 30)(3, 36, 7, 40, 11, 24, 15, 28, 19, 32)(4, 35, 8, 39, 12, 23, 16, 27, 20, 31),  ], [  
(1, 28, 12, 34, 18, 23, 7, 29, 13, 40, 4, 26, 10, 35, 19, 21, 5, 32, 16, 38, 2, 27, 11, 33, 17, 24, 8, 30, 14, 39, 3, 25, 9, 36, 20, 22, 6, 
31, 15, 37),  (1, 40, 13, 32, 5, 24, 17, 36, 9, 28)(2, 39, 14, 31, 6, 23, 18, 35, 10, 27)(3, 38, 15, 30, 7, 22, 19, 34, 11, 26)(4, 37, 16, 29,
8, 21, 20, 33, 12, 25),  ], [  (1, 40, 16, 30, 6, 23, 19, 33, 9, 28, 4, 38, 14, 31, 7, 21, 17, 36, 12, 26, 2, 39, 15, 29, 5, 24, 20, 34, 10, 
27, 3, 37, 13, 32, 8, 22, 18, 35, 11, 25),  (1, 28, 9, 36, 17, 24, 5, 32, 13, 40)(2, 27, 10, 35, 18, 23, 6, 31, 14, 39)(3, 26, 11, 34, 19, 22,
7, 30, 15, 38)(4, 25, 12, 33, 20, 21, 8, 29, 16, 37),  ], [  (1, 33, 7, 39, 10, 22, 16, 28, 17, 29, 3, 35, 6, 38, 12, 24, 13, 25, 19, 31, 2, 
34, 8, 40, 9, 21, 15, 27, 18, 30, 4, 36, 5, 37, 11, 23, 14, 26, 20, 32),  (1, 29, 17, 25, 13, 21, 9, 37, 5, 33)(2, 30, 18, 26, 14, 22, 10, 38,
6, 34)(3, 32, 19, 28, 15, 24, 11, 40, 7, 36)(4, 31, 20, 27, 16, 23, 12, 39, 8, 35),  ], [  (1, 12, 18, 7, 13, 4, 10, 19, 5, 16, 2, 11, 17, 8, 
14, 3, 9, 20, 6, 15)(21, 32, 38, 27, 33, 24, 30, 39, 25, 36, 22, 31, 37, 28, 34, 23, 29, 40, 26, 35),  (1, 15, 6, 20, 9, 3, 14, 8, 17, 11, 2, 
16, 5, 19, 10, 4, 13, 7, 18, 12)(21, 35, 26, 40, 29, 23, 34, 28, 37, 31, 22, 36, 25, 39, 30, 24, 33, 27, 38, 32),  ], [  (1, 16, 6, 19, 9, 4, 
14, 7, 17, 12, 2, 15, 5, 20, 10, 3, 13, 8, 18, 11)(21, 36, 26, 39, 29, 24, 34, 27, 37, 32, 22, 35, 25, 40, 30, 23, 33, 28, 38, 31),  (1, 11, 
18, 8, 13, 3, 10, 20, 5, 15, 2, 12, 17, 7, 14, 4, 9, 19, 6, 16)(21, 31, 38, 28, 33, 23, 30, 40, 25, 35, 22, 32, 37, 27, 34, 24, 29, 39, 26, 
36),  ], [  (1, 10, 17, 6, 13, 2, 9, 18, 5, 14)(3, 12, 19, 8, 15, 4, 11, 20, 7, 16)(21, 30, 37, 26, 33, 22, 29, 38, 25, 34)(23, 32, 39, 28, 
35, 24, 31, 40, 27, 36),  (1, 14, 5, 18, 9, 2, 13, 6, 17, 10)(3, 16, 7, 20, 11, 4, 15, 8, 19, 12)(21, 34, 25, 38, 29, 22, 33, 26, 37, 30)(23, 
36, 27, 40, 31, 24, 35, 28, 39, 32),  ], [  (1, 14, 5, 18, 9, 2, 13, 6, 17, 10)(3, 16, 7, 20, 11, 4, 15, 8, 19, 12)(21, 34, 25, 38, 29, 22, 
33, 26, 37, 30)(23, 36, 27, 40, 31, 24, 35, 28, 39, 32),  (1, 10, 17, 6, 13, 2, 9, 18, 5, 14)(3, 12, 19, 8, 15, 4, 11, 20, 7, 16)(21, 30, 37, 
26, 33, 22, 29, 38, 25, 34)(23, 32, 39, 28, 35, 24, 31, 40, 27, 36),  ], [  (1, 11, 18, 8, 13, 3, 10, 20, 5, 15, 2, 12, 17, 7, 14, 4, 9, 19, 
6, 16)(21, 31, 38, 28, 33, 23, 30, 40, 25, 35, 22, 32, 37, 27, 34, 24, 29, 39, 26, 36),  (1, 16, 6, 19, 9, 4, 14, 7, 17, 12, 2, 15, 5, 20, 10,
3, 13, 8, 18, 11)(21, 36, 26, 39, 29, 24, 34, 27, 37, 32, 22, 35, 25, 40, 30, 23, 33, 28, 38, 31),  ], [  (1, 15, 6, 20, 9, 3, 14, 8, 17, 11, 
2, 16, 5, 19, 10, 4, 13, 7, 18, 12)(21, 35, 26, 40, 29, 23, 34, 28, 37, 31, 22, 36, 25, 39, 30, 24, 33, 27, 38, 32),  (1, 12, 18, 7, 13, 4, 
10, 19, 5, 16, 2, 11, 17, 8, 14, 3, 9, 20, 6, 15)(21, 32, 38, 27, 33, 24, 30, 39, 25, 36, 22, 31, 37, 28, 34, 23, 29, 40, 26, 35),  ], [  (1, 
31, 20, 25, 14, 24, 11, 38, 5, 35, 4, 29, 18, 28, 15, 22, 9, 39, 8, 33, 2, 32, 19, 26, 13, 23, 12, 37, 6, 36, 3, 30, 17, 27, 16, 21, 10, 40, 
7, 34),  (1, 35, 5, 39, 9, 23, 13, 27, 17, 31)(2, 36, 6, 40, 10, 24, 14, 28, 18, 32)(3, 33, 7, 37, 11, 21, 15, 25, 19, 29)(4, 34, 8, 38, 12, 
22, 16, 26, 20, 30),  ], [  (1, 35, 8, 37, 10, 24, 15, 26, 17, 31, 4, 33, 6, 40, 11, 22, 13, 27, 20, 29, 2, 36, 7, 38, 9, 23, 16, 25, 18, 32, 
3, 34, 5, 39, 12, 21, 14, 28, 19, 30),  (1, 31, 17, 27, 13, 23, 9, 39, 5, 35)(2, 32, 18, 28, 14, 24, 10, 40, 6, 36)(3, 29, 19, 25, 15, 21, 11,
37, 7, 33)(4, 30, 20, 26, 16, 22, 12, 38, 8, 34),  ], [  (1, 30, 19, 28, 14, 21, 12, 39, 5, 34, 3, 32, 18, 25, 16, 23, 9, 38, 7, 36, 2, 29, 
20, 27, 13, 22, 11, 40, 6, 33, 4, 31, 17, 26, 15, 24, 10, 37, 8, 35),  (1, 34, 5, 38, 9, 22, 13, 26, 17, 30)(2, 33, 6, 37, 10, 21, 14, 25, 18,
29)(3, 35, 7, 39, 11, 23, 15, 27, 19, 31)(4, 36, 8, 40, 12, 24, 16, 28, 20, 32),  ], [  (1, 34, 7, 40, 10, 21, 16, 27, 17, 30, 3, 36, 6, 37, 
12, 23, 13, 26, 19, 32, 2, 33, 8, 39, 9, 22, 15, 28, 18, 29, 4, 35, 5, 38, 11, 24, 14, 25, 20, 31),  (1, 30, 17, 26, 13, 22, 9, 38, 5, 34)(2, 
29, 18, 25, 14, 21, 10, 37, 6, 33)(3, 31, 19, 27, 15, 23, 11, 39, 7, 35)(4, 32, 20, 28, 16, 24, 12, 40, 8, 36),  ], [  (1, 32, 20, 26, 14, 23,
11, 37, 5, 36, 4, 30, 18, 27, 15, 21, 9, 40, 8, 34, 2, 31, 19, 25, 13, 24, 12, 38, 6, 35, 3, 29, 17, 28, 16, 22, 10, 39, 7, 33),  (1, 36, 5, 
40, 9, 24, 13, 28, 17, 32)(2, 35, 6, 39, 10, 23, 14, 27, 18, 31)(3, 34, 7, 38, 11, 22, 15, 26, 19, 30)(4, 33, 8, 37, 12, 21, 16, 25, 20, 29), 
], [  (1, 36, 8, 38, 10, 23, 15, 25, 17, 32, 4, 34, 6, 39, 11, 21, 13, 28, 20, 30, 2, 35, 7, 37, 9, 24, 16, 26, 18, 31, 3, 33, 5, 40, 12, 22, 
14, 27, 19, 29),  (1, 32, 17, 28, 13, 24, 9, 40, 5, 36)(2, 31, 18, 27, 14, 23, 10, 39, 6, 35)(3, 30, 19, 26, 15, 22, 11, 38, 7, 34)(4, 29, 20,
25, 16, 21, 12, 37, 8, 33),  ], ]
);

BRACES[40].brace[4] := rec ( size := 40, perms := [ [  (),  (),  ], [  (1, 21, 3, 23, 2, 22, 4, 24)(5, 25, 7, 27, 6, 26, 8, 28)(9, 29, 11, 31,
10, 30, 12, 32)(13, 33, 15, 35, 14, 34, 16, 36)(17, 37, 19, 39, 18, 38, 20, 40),  (1, 21)(2, 22)(3, 24)(4, 23)(5, 37)(6, 38)(7, 40)(8, 39)(9, 
33)(10, 34)(11, 36)(12, 35)(13, 29)(14, 30)(15, 32)(16, 31)(17, 25)(18, 26)(19, 28)(20, 27),  ], [  (1, 4, 2, 3)(5, 8, 6, 7)(9, 12, 10, 
11)(13, 16, 14, 15)(17, 20, 18, 19)(21, 24, 22, 23)(25, 28, 26, 27)(29, 32, 30, 31)(33, 36, 34, 35)(37, 40, 38, 39),  (1, 3, 2, 4)(5, 7, 6, 
8)(9, 11, 10, 12)(13, 15, 14, 16)(17, 19, 18, 20)(21, 23, 22, 24)(25, 27, 26, 28)(29, 31, 30, 32)(33, 35, 34, 36)(37, 39, 38, 40),  ], [  (1, 
2)(3, 4)(5, 6)(7, 8)(9, 10)(11, 12)(13, 14)(15, 16)(17, 18)(19, 20)(21, 22)(23, 24)(25, 26)(27, 28)(29, 30)(31, 32)(33, 34)(35, 36)(37, 
38)(39, 40),  (1, 2)(3, 4)(5, 6)(7, 8)(9, 10)(11, 12)(13, 14)(15, 16)(17, 18)(19, 20)(21, 22)(23, 24)(25, 26)(27, 28)(29, 30)(31, 32)(33, 
34)(35, 36)(37, 38)(39, 40),  ], [  (1, 5, 9, 13, 17)(2, 6, 10, 14, 18)(3, 7, 11, 15, 19)(4, 8, 12, 16, 20)(21, 25, 29, 33, 37)(22, 26, 30, 
34, 38)(23, 27, 31, 35, 39)(24, 28, 32, 36, 40),  (1, 17, 13, 9, 5)(2, 18, 14, 10, 6)(3, 19, 15, 11, 7)(4, 20, 16, 12, 8)(21, 37, 33, 29, 
25)(22, 38, 34, 30, 26)(23, 39, 35, 31, 27)(24, 40, 36, 32, 28),  ], [  (1, 3, 2, 4)(5, 7, 6, 8)(9, 11, 10, 12)(13, 15, 14, 16)(17, 19, 18, 
20)(21, 23, 22, 24)(25, 27, 26, 28)(29, 31, 30, 32)(33, 35, 34, 36)(37, 39, 38, 40),  (1, 4, 2, 3)(5, 8, 6, 7)(9, 12, 10, 11)(13, 16, 14, 
15)(17, 20, 18, 19)(21, 24, 22, 23)(25, 28, 26, 27)(29, 32, 30, 31)(33, 36, 34, 35)(37, 40, 38, 39),  ], [  (1, 17, 13, 9, 5)(2, 18, 14, 10, 
6)(3, 19, 15, 11, 7)(4, 20, 16, 12, 8)(21, 37, 33, 29, 25)(22, 38, 34, 30, 26)(23, 39, 35, 31, 27)(24, 40, 36, 32, 28),  (1, 5, 9, 13, 17)(2, 
6, 10, 14, 18)(3, 7, 11, 15, 19)(4, 8, 12, 16, 20)(21, 25, 29, 33, 37)(22, 26, 30, 34, 38)(23, 27, 31, 35, 39)(24, 28, 32, 36, 40),  ], [  (1,
23, 4, 21, 2, 24, 3, 22)(5, 27, 8, 25, 6, 28, 7, 26)(9, 31, 12, 29, 10, 32, 11, 30)(13, 35, 16, 33, 14, 36, 15, 34)(17, 39, 20, 37, 18, 40, 
19, 38),  (1, 23)(2, 24)(3, 21)(4, 22)(5, 39)(6, 40)(7, 37)(8, 38)(9, 35)(10, 36)(11, 33)(12, 34)(13, 31)(14, 32)(15, 29)(16, 30)(17, 27)(18, 
28)(19, 25)(20, 26),  ], [  (1, 22, 3, 24, 2, 21, 4, 23)(5, 26, 7, 28, 6, 25, 8, 27)(9, 30, 11, 32, 10, 29, 12, 31)(13, 34, 15, 36, 14, 33, 
16, 35)(17, 38, 19, 40, 18, 37, 20, 39),  (1, 22)(2, 21)(3, 23)(4, 24)(5, 38)(6, 37)(7, 39)(8, 40)(9, 34)(10, 33)(11, 35)(12, 36)(13, 30)(14, 
29)(15, 31)(16, 32)(17, 26)(18, 25)(19, 27)(20, 28),  ], [  (1, 37, 15, 31, 6, 22, 20, 36, 9, 25, 3, 39, 14, 30, 8, 24, 17, 33, 11, 27, 2, 38,
