BRACES[99] := rec( total := -1, implemented := 4, size := 99, brace := [] );BRACES[99].brace[1] := rec ( size := 99, perms := [ [  (),  (),  
], [  (1, 34, 67, 2, 35, 68, 3, 36, 69)(4, 37, 70, 5, 38, 71, 6, 39, 72)(7, 40, 73, 8, 41, 74, 9, 42, 75)(10, 43, 76, 11, 44, 77, 12, 45, 
78)(13, 46, 79, 14, 47, 80, 15, 48, 81)(16, 49, 82, 17, 50, 83, 18, 51, 84)(19, 52, 85, 20, 53, 86, 21, 54, 87)(22, 55, 88, 23, 56, 89, 24, 
57, 90)(25, 58, 91, 26, 59, 92, 27, 60, 93)(28, 61, 94, 29, 62, 95, 30, 63, 96)(31, 64, 97, 32, 65, 98, 33, 66, 99),  (1, 69, 36, 3, 68, 35, 
2, 67, 34)(4, 72, 39, 6, 71, 38, 5, 70, 37)(7, 75, 42, 9, 74, 41, 8, 73, 40)(10, 78, 45, 12, 77, 44, 11, 76, 43)(13, 81, 48, 15, 80, 47, 14, 
79, 46)(16, 84, 51, 18, 83, 50, 17, 82, 49)(19, 87, 54, 21, 86, 53, 20, 85, 52)(22, 90, 57, 24, 89, 56, 23, 88, 55)(25, 93, 60, 27, 92, 59, 
26, 91, 58)(28, 96, 63, 30, 95, 62, 29, 94, 61)(31, 99, 66, 33, 98, 65, 32, 97, 64),  ], [  (1, 2, 3)(4, 5, 6)(7, 8, 9)(10, 11, 12)(13, 14, 
15)(16, 17, 18)(19, 20, 21)(22, 23, 24)(25, 26, 27)(28, 29, 30)(31, 32, 33)(34, 35, 36)(37, 38, 39)(40, 41, 42)(43, 44, 45)(46, 47, 48)(49, 
50, 51)(52, 53, 54)(55, 56, 57)(58, 59, 60)(61, 62, 63)(64, 65, 66)(67, 68, 69)(70, 71, 72)(73, 74, 75)(76, 77, 78)(79, 80, 81)(82, 83, 
84)(85, 86, 87)(88, 89, 90)(91, 92, 93)(94, 95, 96)(97, 98, 99),  (1, 3, 2)(4, 6, 5)(7, 9, 8)(10, 12, 11)(13, 15, 14)(16, 18, 17)(19, 21, 
20)(22, 24, 23)(25, 27, 26)(28, 30, 29)(31, 33, 32)(34, 36, 35)(37, 39, 38)(40, 42, 41)(43, 45, 44)(46, 48, 47)(49, 51, 50)(52, 54, 53)(55, 
57, 56)(58, 60, 59)(61, 63, 62)(64, 66, 65)(67, 69, 68)(70, 72, 71)(73, 75, 74)(76, 78, 77)(79, 81, 80)(82, 84, 83)(85, 87, 86)(88, 90, 
89)(91, 93, 92)(94, 96, 95)(97, 99, 98),  ], [  (1, 31, 28, 25, 22, 19, 16, 13, 10, 7, 4)(2, 32, 29, 26, 23, 20, 17, 14, 11, 8, 5)(3, 33, 30, 
27, 24, 21, 18, 15, 12, 9, 6)(34, 64, 61, 58, 55, 52, 49, 46, 43, 40, 37)(35, 65, 62, 59, 56, 53, 50, 47, 44, 41, 38)(36, 66, 63, 60, 57, 54, 
51, 48, 45, 42, 39)(67, 97, 94, 91, 88, 85, 82, 79, 76, 73, 70)(68, 98, 95, 92, 89, 86, 83, 80, 77, 74, 71)(69, 99, 96, 93, 90, 87, 84, 81, 
78, 75, 72),  (1, 4, 7, 10, 13, 16, 19, 22, 25, 28, 31)(2, 5, 8, 11, 14, 17, 20, 23, 26, 29, 32)(3, 6, 9, 12, 15, 18, 21, 24, 27, 30, 33)(34, 
37, 40, 43, 46, 49, 52, 55, 58, 61, 64)(35, 38, 41, 44, 47, 50, 53, 56, 59, 62, 65)(36, 39, 42, 45, 48, 51, 54, 57, 60, 63, 66)(67, 70, 73, 
76, 79, 82, 85, 88, 91, 94, 97)(68, 71, 74, 77, 80, 83, 86, 89, 92, 95, 98)(69, 72, 75, 78, 81, 84, 87, 90, 93, 96, 99),  ], [  (1, 69, 36, 3,
68, 35, 2, 67, 34)(4, 72, 39, 6, 71, 38, 5, 70, 37)(7, 75, 42, 9, 74, 41, 8, 73, 40)(10, 78, 45, 12, 77, 44, 11, 76, 43)(13, 81, 48, 15, 80, 
47, 14, 79, 46)(16, 84, 51, 18, 83, 50, 17, 82, 49)(19, 87, 54, 21, 86, 53, 20, 85, 52)(22, 90, 57, 24, 89, 56, 23, 88, 55)(25, 93, 60, 27, 
92, 59, 26, 91, 58)(28, 96, 63, 30, 95, 62, 29, 94, 61)(31, 99, 66, 33, 98, 65, 32, 97, 64),  (1, 34, 67, 2, 35, 68, 3, 36, 69)(4, 37, 70, 5, 
38, 71, 6, 39, 72)(7, 40, 73, 8, 41, 74, 9, 42, 75)(10, 43, 76, 11, 44, 77, 12, 45, 78)(13, 46, 79, 14, 47, 80, 15, 48, 81)(16, 49, 82, 17, 
50, 83, 18, 51, 84)(19, 52, 85, 20, 53, 86, 21, 54, 87)(22, 55, 88, 23, 56, 89, 24, 57, 90)(25, 58, 91, 26, 59, 92, 27, 60, 93)(28, 61, 94, 
29, 62, 95, 30, 63, 96)(31, 64, 97, 32, 65, 98, 33, 66, 99),  ], [  (1, 3, 2)(4, 6, 5)(7, 9, 8)(10, 12, 11)(13, 15, 14)(16, 18, 17)(19, 21, 
20)(22, 24, 23)(25, 27, 26)(28, 30, 29)(31, 33, 32)(34, 36, 35)(37, 39, 38)(40, 42, 41)(43, 45, 44)(46, 48, 47)(49, 51, 50)(52, 54, 53)(55, 
57, 56)(58, 60, 59)(61, 63, 62)(64, 66, 65)(67, 69, 68)(70, 72, 71)(73, 75, 74)(76, 78, 77)(79, 81, 80)(82, 84, 83)(85, 87, 86)(88, 90, 
89)(91, 93, 92)(94, 96, 95)(97, 99, 98),  (1, 2, 3)(4, 5, 6)(7, 8, 9)(10, 11, 12)(13, 14, 15)(16, 17, 18)(19, 20, 21)(22, 23, 24)(25, 26, 
27)(28, 29, 30)(31, 32, 33)(34, 35, 36)(37, 38, 39)(40, 41, 42)(43, 44, 45)(46, 47, 48)(49, 50, 51)(52, 53, 54)(55, 56, 57)(58, 59, 60)(61, 
62, 63)(64, 65, 66)(67, 68, 69)(70, 71, 72)(73, 74, 75)(76, 77, 78)(79, 80, 81)(82, 83, 84)(85, 86, 87)(88, 89, 90)(91, 92, 93)(94, 95, 
96)(97, 98, 99),  ], [  (1, 4, 7, 10, 13, 16, 19, 22, 25, 28, 31)(2, 5, 8, 11, 14, 17, 20, 23, 26, 29, 32)(3, 6, 9, 12, 15, 18, 21, 24, 27, 
30, 33)(34, 37, 40, 43, 46, 49, 52, 55, 58, 61, 64)(35, 38, 41, 44, 47, 50, 53, 56, 59, 62, 65)(36, 39, 42, 45, 48, 51, 54, 57, 60, 63, 
66)(67, 70, 73, 76, 79, 82, 85, 88, 91, 94, 97)(68, 71, 74, 77, 80, 83, 86, 89, 92, 95, 98)(69, 72, 75, 78, 81, 84, 87, 90, 93, 96, 99),  (1, 
31, 28, 25, 22, 19, 16, 13, 10, 7, 4)(2, 32, 29, 26, 23, 20, 17, 14, 11, 8, 5)(3, 33, 30, 27, 24, 21, 18, 15, 12, 9, 6)(34, 64, 61, 58, 55, 
52, 49, 46, 43, 40, 37)(35, 65, 62, 59, 56, 53, 50, 47, 44, 41, 38)(36, 66, 63, 60, 57, 54, 51, 48, 45, 42, 39)(67, 97, 94, 91, 88, 85, 82, 
79, 76, 73, 70)(68, 98, 95, 92, 89, 86, 83, 80, 77, 74, 71)(69, 99, 96, 93, 90, 87, 84, 81, 78, 75, 72),  ], [  (1, 67, 35, 3, 69, 34, 2, 68, 
36)(4, 70, 38, 6, 72, 37, 5, 71, 39)(7, 73, 41, 9, 75, 40, 8, 74, 42)(10, 76, 44, 12, 78, 43, 11, 77, 45)(13, 79, 47, 15, 81, 46, 14, 80, 
48)(16, 82, 50, 18, 84, 49, 17, 83, 51)(19, 85, 53, 21, 87, 52, 20, 86, 54)(22, 88, 56, 24, 90, 55, 23, 89, 57)(25, 91, 59, 27, 93, 58, 26, 
92, 60)(28, 94, 62, 30, 96, 61, 29, 95, 63)(31, 97, 65, 33, 99, 64, 32, 98, 66),  (1, 36, 68, 2, 34, 69, 3, 35, 67)(4, 39, 71, 5, 37, 72, 6, 
38, 70)(7, 42, 74, 8, 40, 75, 9, 41, 73)(10, 45, 77, 11, 43, 78, 12, 44, 76)(13, 48, 80, 14, 46, 81, 15, 47, 79)(16, 51, 83, 17, 49, 84, 18, 
50, 82)(19, 54, 86, 20, 52, 87, 21, 53, 85)(22, 57, 89, 23, 55, 90, 24, 56, 88)(25, 60, 92, 26, 58, 93, 27, 59, 91)(28, 63, 95, 29, 61, 96, 
30, 62, 94)(31, 66, 98, 32, 64, 99, 33, 65, 97),  ], [  (1, 35, 69, 2, 36, 67, 3, 34, 68)(4, 38, 72, 5, 39, 70, 6, 37, 71)(7, 41, 75, 8, 42, 
73, 9, 40, 74)(10, 44, 78, 11, 45, 76, 12, 43, 77)(13, 47, 81, 14, 48, 79, 15, 46, 80)(16, 50, 84, 17, 51, 82, 18, 49, 83)(19, 53, 87, 20, 54,
85, 21, 52, 86)(22, 56, 90, 23, 57, 88, 24, 55, 89)(25, 59, 93, 26, 60, 91, 27, 58, 92)(28, 62, 96, 29, 63, 94, 30, 61, 95)(31, 65, 99, 32, 
66, 97, 33, 64, 98),  (1, 68, 34, 3, 67, 36, 2, 69, 35)(4, 71, 37, 6, 70, 39, 5, 72, 38)(7, 74, 40, 9, 73, 42, 8, 75, 41)(10, 77, 43, 12, 76, 
45, 11, 78, 44)(13, 80, 46, 15, 79, 48, 14, 81, 47)(16, 83, 49, 18, 82, 51, 17, 84, 50)(19, 86, 52, 21, 85, 54, 20, 87, 53)(22, 89, 55, 24, 
88, 57, 23, 90, 56)(25, 92, 58, 27, 91, 60, 26, 93, 59)(28, 95, 61, 30, 94, 63, 29, 96, 62)(31, 98, 64, 33, 97, 66, 32, 99, 65),  ], [  (1, 
64, 94, 26, 56, 86, 18, 48, 78, 7, 37, 67, 32, 62, 92, 24, 54, 84, 13, 43, 73, 5, 35, 98, 30, 60, 90, 19, 49, 79, 11, 41, 71, 3, 66, 96, 25, 
55, 85, 17, 47, 77, 9, 39, 69, 31, 61, 91, 23, 53, 83, 15, 45, 75, 4, 34, 97, 29, 59, 89, 21, 51, 81, 10, 40, 70, 2, 65, 95, 27, 57, 87, 16, 
46, 76, 8, 38, 68, 33, 63, 93, 22, 52, 82, 14, 44, 74, 6, 36, 99, 28, 58, 88, 20, 50, 80, 12, 42, 72),  (1, 72, 42, 12, 80, 50, 20, 88, 58, 
28, 99, 36, 6, 74, 44, 14, 82, 52, 22, 93, 63, 33, 68, 38, 8, 76, 46, 16, 87, 57, 27, 95, 65, 2, 70, 40, 10, 81, 51, 21, 89, 59, 29, 97, 34, 
4, 75, 45, 15, 83, 53, 23, 91, 61, 31, 69, 39, 9, 77, 47, 17, 85, 55, 25, 96, 66, 3, 71, 41, 11, 79, 49, 19, 90, 60, 30, 98, 35, 5, 73, 43, 
13, 84, 54, 24, 92, 62, 32, 67, 37, 7, 78, 48, 18, 86, 56, 26, 94, 64),  ], [  (1, 36, 68, 2, 34, 69, 3, 35, 67)(4, 39, 71, 5, 37, 72, 6, 38, 
70)(7, 42, 74, 8, 40, 75, 9, 41, 73)(10, 45, 77, 11, 43, 78, 12, 44, 76)(13, 48, 80, 14, 46, 81, 15, 47, 79)(16, 51, 83, 17, 49, 84, 18, 50, 
82)(19, 54, 86, 20, 52, 87, 21, 53, 85)(22, 57, 89, 23, 55, 90, 24, 56, 88)(25, 60, 92, 26, 58, 93, 27, 59, 91)(28, 63, 95, 29, 61, 96, 30, 
62, 94)(31, 66, 98, 32, 64, 99, 33, 65, 97),  (1, 67, 35, 3, 69, 34, 2, 68, 36)(4, 70, 38, 6, 72, 37, 5, 71, 39)(7, 73, 41, 9, 75, 40, 8, 74, 
42)(10, 76, 44, 12, 78, 43, 11, 77, 45)(13, 79, 47, 15, 81, 46, 14, 80, 48)(16, 82, 50, 18, 84, 49, 17, 83, 51)(19, 85, 53, 21, 87, 52, 20, 
86, 54)(22, 88, 56, 24, 90, 55, 23, 89, 57)(25, 91, 59, 27, 93, 58, 26, 92, 60)(28, 94, 62, 30, 96, 61, 29, 95, 63)(31, 97, 65, 33, 99, 64, 
32, 98, 66),  ], [  (1, 37, 73, 11, 47, 83, 21, 57, 93, 28, 64, 67, 5, 41, 77, 15, 51, 87, 22, 58, 94, 32, 35, 71, 9, 45, 81, 16, 52, 88, 26, 
62, 98, 3, 39, 75, 10, 46, 82, 20, 56, 92, 30, 66, 69, 4, 40, 76, 14, 50, 86, 24, 60, 96, 31, 34, 70, 8, 44, 80, 18, 54, 90, 25, 61, 97, 2, 
38, 74, 12, 48, 84, 19, 55, 91, 29, 65, 68, 6, 42, 78, 13, 49, 85, 23, 59, 95, 33, 36, 72, 7, 43, 79, 17, 53, 89, 27, 63, 99),  (1, 99, 63, 
27, 89, 53, 17, 79, 43, 7, 72, 36, 33, 95, 59, 23, 85, 49, 13, 78, 42, 6, 68, 65, 29, 91, 55, 19, 84, 48, 12, 74, 38, 2, 97, 61, 25, 90, 54, 
18, 80, 44, 8, 70, 34, 31, 96, 60, 24, 86, 50, 14, 76, 40, 4, 69, 66, 30, 92, 56, 20, 82, 46, 10, 75, 39, 3, 98, 62, 26, 88, 52, 16, 81, 45, 
9, 71, 35, 32, 94, 58, 22, 87, 51, 15, 77, 41, 5, 67, 64, 28, 93, 57, 21, 83, 47, 11, 73, 37),  ], [  (1, 32, 30, 25, 23, 21, 16, 14, 12, 7, 
5, 3, 31, 29, 27, 22, 20, 18, 13, 11, 9, 4, 2, 33, 28, 26, 24, 19, 17, 15, 10, 8, 6)(34, 65, 63, 58, 56, 54, 49, 47, 45, 40, 38, 36, 64, 62, 
60, 55, 53, 51, 46, 44, 42, 37, 35, 66, 61, 59, 57, 52, 50, 48, 43, 41, 39)(67, 98, 96, 91, 89, 87, 82, 80, 78, 73, 71, 69, 97, 95, 93, 88, 
86, 84, 79, 77, 75, 70, 68, 99, 94, 92, 90, 85, 83, 81, 76, 74, 72),  (1, 6, 8, 10, 15, 17, 19, 24, 26, 28, 33, 2, 4, 9, 11, 13, 18, 20, 22, 
27, 29, 31, 3, 5, 7, 12, 14, 16, 21, 23, 25, 30, 32)(34, 39, 41, 43, 48, 50, 52, 57, 59, 61, 66, 35, 37, 42, 44, 46, 51, 53, 55, 60, 62, 64, 
36, 38, 40, 45, 47, 49, 54, 56, 58, 63, 65)(67, 72, 74, 76, 81, 83, 85, 90, 92, 94, 99, 68, 70, 75, 77, 79, 84, 86, 88, 93, 95, 97, 69, 71, 
73, 78, 80, 82, 87, 89, 91, 96, 98),  ], [  (1, 5, 9, 10, 14, 18, 19, 23, 27, 28, 32, 3, 4, 8, 12, 13, 17, 21, 22, 26, 30, 31, 2, 6, 7, 11, 
15, 16, 20, 24, 25, 29, 33)(34, 38, 42, 43, 47, 51, 52, 56, 60, 61, 65, 36, 37, 41, 45, 46, 50, 54, 55, 59, 63, 64, 35, 39, 40, 44, 48, 49, 
53, 57, 58, 62, 66)(67, 71, 75, 76, 80, 84, 85, 89, 93, 94, 98, 69, 70, 74, 78, 79, 83, 87, 88, 92, 96, 97, 68, 72, 73, 77, 81, 82, 86, 90, 
91, 95, 99),  (1, 33, 29, 25, 24, 20, 16, 15, 11, 7, 6, 2, 31, 30, 26, 22, 21, 17, 13, 12, 8, 4, 3, 32, 28, 27, 23, 19, 18, 14, 10, 9, 5)(34, 
66, 62, 58, 57, 53, 49, 48, 44, 40, 39, 35, 64, 63, 59, 55, 54, 50, 46, 45, 41, 37, 36, 65, 61, 60, 56, 52, 51, 47, 43, 42, 38)(67, 99, 95, 
91, 90, 86, 82, 81, 77, 73, 72, 68, 97, 96, 92, 88, 87, 83, 79, 78, 74, 70, 69, 98, 94, 93, 89, 85, 84, 80, 76, 75, 71),  ], [  (1, 28, 22, 
16, 10, 4, 31, 25, 19, 13, 7)(2, 29, 23, 17, 11, 5, 32, 26, 20, 14, 8)(3, 30, 24, 18, 12, 6, 33, 27, 21, 15, 9)(34, 61, 55, 49, 43, 37, 64, 
58, 52, 46, 40)(35, 62, 56, 50, 44, 38, 65, 59, 53, 47, 41)(36, 63, 57, 51, 45, 39, 66, 60, 54, 48, 42)(67, 94, 88, 82, 76, 70, 97, 91, 85, 
79, 73)(68, 95, 89, 83, 77, 71, 98, 92, 86, 80, 74)(69, 96, 90, 84, 78, 72, 99, 93, 87, 81, 75),  (1, 7, 13, 19, 25, 31, 4, 10, 16, 22, 28)(2,
8, 14, 20, 26, 32, 5, 11, 17, 23, 29)(3, 9, 15, 21, 27, 33, 6, 12, 18, 24, 30)(34, 40, 46, 52, 58, 64, 37, 43, 49, 55, 61)(35, 41, 47, 53, 59,
65, 38, 44, 50, 56, 62)(36, 42, 48, 54, 60, 66, 39, 45, 51, 57, 63)(67, 73, 79, 85, 91, 97, 70, 76, 82, 88, 94)(68, 74, 80, 86, 92, 98, 71, 
77, 83, 89, 95)(69, 75, 81, 87, 93, 99, 72, 78, 84, 90, 96),  ], [  (1, 99, 63, 27, 89, 53, 17, 79, 43, 7, 72, 36, 33, 95, 59, 23, 85, 49, 13,
78, 42, 6, 68, 65, 29, 91, 55, 19, 84, 48, 12, 74, 38, 2, 97, 61, 25, 90, 54, 18, 80, 44, 8, 70, 34, 31, 96, 60, 24, 86, 50, 14, 76, 40, 4, 
69, 66, 30, 92, 56, 20, 82, 46, 10, 75, 39, 3, 98, 62, 26, 88, 52, 16, 81, 45, 9, 71, 35, 32, 94, 58, 22, 87, 51, 15, 77, 41, 5, 67, 64, 28, 
93, 57, 21, 83, 47, 11, 73, 37),  (1, 37, 73, 11, 47, 83, 21, 57, 93, 28, 64, 67, 5, 41, 77, 15, 51, 87, 22, 58, 94, 32, 35, 71, 9, 45, 81, 
16, 52, 88, 26, 62, 98, 3, 39, 75, 10, 46, 82, 20, 56, 92, 30, 66, 69, 4, 40, 76, 14, 50, 86, 24, 60, 96, 31, 34, 70, 8, 44, 80, 18, 54, 90, 
25, 61, 97, 2, 38, 74, 12, 48, 84, 19, 55, 91, 29, 65, 68, 6, 42, 78, 13, 49, 85, 23, 59, 95, 33, 36, 72, 7, 43, 79, 17, 53, 89, 27, 63, 99), 
], [  (1, 33, 29, 25, 24, 20, 16, 15, 11, 7, 6, 2, 31, 30, 26, 22, 21, 17, 13, 12, 8, 4, 3, 32, 28, 27, 23, 19, 18, 14, 10, 9, 5)(34, 66, 62, 
58, 57, 53, 49, 48, 44, 40, 39, 35, 64, 63, 59, 55, 54, 50, 46, 45, 41, 37, 36, 65, 61, 60, 56, 52, 51, 47, 43, 42, 38)(67, 99, 95, 91, 90, 
86, 82, 81, 77, 73, 72, 68, 97, 96, 92, 88, 87, 83, 79, 78, 74, 70, 69, 98, 94, 93, 89, 85, 84, 80, 76, 75, 71),  (1, 5, 9, 10, 14, 18, 19, 
23, 27, 28, 32, 3, 4, 8, 12, 13, 17, 21, 22, 26, 30, 31, 2, 6, 7, 11, 15, 16, 20, 24, 25, 29, 33)(34, 38, 42, 43, 47, 51, 52, 56, 60, 61, 65, 
36, 37, 41, 45, 46, 50, 54, 55, 59, 63, 64, 35, 39, 40, 44, 48, 49, 53, 57, 58, 62, 66)(67, 71, 75, 76, 80, 84, 85, 89, 93, 94, 98, 69, 70, 
74, 78, 79, 83, 87, 88, 92, 96, 97, 68, 72, 73, 77, 81, 82, 86, 90, 91, 95, 99),  ], [  (1, 68, 34, 3, 67, 36, 2, 69, 35)(4, 71, 37, 6, 70, 
39, 5, 72, 38)(7, 74, 40, 9, 73, 42, 8, 75, 41)(10, 77, 43, 12, 76, 45, 11, 78, 44)(13, 80, 46, 15, 79, 48, 14, 81, 47)(16, 83, 49, 18, 82, 
51, 17, 84, 50)(19, 86, 52, 21, 85, 54, 20, 87, 53)(22, 89, 55, 24, 88, 57, 23, 90, 56)(25, 92, 58, 27, 91, 60, 26, 93, 59)(28, 95, 61, 30, 
94, 63, 29, 96, 62)(31, 98, 64, 33, 97, 66, 32, 99, 65),  (1, 35, 69, 2, 36, 67, 3, 34, 68)(4, 38, 72, 5, 39, 70, 6, 37, 71)(7, 41, 75, 8, 42,
73, 9, 40, 74)(10, 44, 78, 11, 45, 76, 12, 43, 77)(13, 47, 81, 14, 48, 79, 15, 46, 80)(16, 50, 84, 17, 51, 82, 18, 49, 83)(19, 53, 87, 20, 54,
85, 21, 52, 86)(22, 56, 90, 23, 57, 88, 24, 55, 89)(25, 59, 93, 26, 60, 91, 27, 58, 92)(28, 62, 96, 29, 63, 94, 30, 61, 95)(31, 65, 99, 32, 
66, 97, 33, 64, 98),  ], [  (1, 72, 42, 12, 80, 50, 20, 88, 58, 28, 99, 36, 6, 74, 44, 14, 82, 52, 22, 93, 63, 33, 68, 38, 8, 76, 46, 16, 87, 
57, 27, 95, 65, 2, 70, 40, 10, 81, 51, 21, 89, 59, 29, 97, 34, 4, 75, 45, 15, 83, 53, 23, 91, 61, 31, 69, 39, 9, 77, 47, 17, 85, 55, 25, 96, 
66, 3, 71, 41, 11, 79, 49, 19, 90, 60, 30, 98, 35, 5, 73, 43, 13, 84, 54, 24, 92, 62, 32, 67, 37, 7, 78, 48, 18, 86, 56, 26, 94, 64),  (1, 64,
94, 26, 56, 86, 18, 48, 78, 7, 37, 67, 32, 62, 92, 24, 54, 84, 13, 43, 73, 5, 35, 98, 30, 60, 90, 19, 49, 79, 11, 41, 71, 3, 66, 96, 25, 55, 
85, 17, 47, 77, 9, 39, 69, 31, 61, 91, 23, 53, 83, 15, 45, 75, 4, 34, 97, 29, 59, 89, 21, 51, 81, 10, 40, 70, 2, 65, 95, 27, 57, 87, 16, 46, 
76, 8, 38, 68, 33, 63, 93, 22, 52, 82, 14, 44, 74, 6, 36, 99, 28, 58, 88, 20, 50, 80, 12, 42, 72),  ], [  (1, 6, 8, 10, 15, 17, 19, 24, 26, 
28, 33, 2, 4, 9, 11, 13, 18, 20, 22, 27, 29, 31, 3, 5, 7, 12, 14, 16, 21, 23, 25, 30, 32)(34, 39, 41, 43, 48, 50, 52, 57, 59, 61, 66, 35, 37, 
42, 44, 46, 51, 53, 55, 60, 62, 64, 36, 38, 40, 45, 47, 49, 54, 56, 58, 63, 65)(67, 72, 74, 76, 81, 83, 85, 90, 92, 94, 99, 68, 70, 75, 77, 
79, 84, 86, 88, 93, 95, 97, 69, 71, 73, 78, 80, 82, 87, 89, 91, 96, 98),  (1, 32, 30, 25, 23, 21, 16, 14, 12, 7, 5, 3, 31, 29, 27, 22, 20, 18,
13, 11, 9, 4, 2, 33, 28, 26, 24, 19, 17, 15, 10, 8, 6)(34, 65, 63, 58, 56, 54, 49, 47, 45, 40, 38, 36, 64, 62, 60, 55, 53, 51, 46, 44, 42, 37,
35, 66, 61, 59, 57, 52, 50, 48, 43, 41, 39)(67, 98, 96, 91, 89, 87, 82, 80, 78, 73, 71, 69, 97, 95, 93, 88, 86, 84, 79, 77, 75, 70, 68, 99, 
94, 92, 90, 85, 83, 81, 76, 74, 72),  ], [  (1, 7, 13, 19, 25, 31, 4, 10, 16, 22, 28)(2, 8, 14, 20, 26, 32, 5, 11, 17, 23, 29)(3, 9, 15, 21, 
27, 33, 6, 12, 18, 24, 30)(34, 40, 46, 52, 58, 64, 37, 43, 49, 55, 61)(35, 41, 47, 53, 59, 65, 38, 44, 50, 56, 62)(36, 42, 48, 54, 60, 66, 39,
45, 51, 57, 63)(67, 73, 79, 85, 91, 97, 70, 76, 82, 88, 94)(68, 74, 80, 86, 92, 98, 71, 77, 83, 89, 95)(69, 75, 81, 87, 93, 99, 72, 78, 84, 
90, 96),  (1, 28, 22, 16, 10, 4, 31, 25, 19, 13, 7)(2, 29, 23, 17, 11, 5, 32, 26, 20, 14, 8)(3, 30, 24, 18, 12, 6, 33, 27, 21, 15, 9)(34, 61, 
55, 49, 43, 37, 64, 58, 52, 46, 40)(35, 62, 56, 50, 44, 38, 65, 59, 53, 47, 41)(36, 63, 57, 51, 45, 39, 66, 60, 54, 48, 42)(67, 94, 88, 82, 
76, 70, 97, 91, 85, 79, 73)(68, 95, 89, 83, 77, 71, 98, 92, 86, 80, 74)(69, 96, 90, 84, 78, 72, 99, 93, 87, 81, 75),  ], [  (1, 97, 62, 27, 
90, 52, 17, 80, 45, 7, 70, 35, 33, 96, 58, 23, 86, 51, 13, 76, 41, 6, 69, 64, 29, 92, 57, 19, 82, 47, 12, 75, 37, 2, 98, 63, 25, 88, 53, 18, 
81, 43, 8, 71, 36, 31, 94, 59, 24, 87, 49, 14, 77, 42, 4, 67, 65, 30, 93, 55, 20, 83, 48, 10, 73, 38, 3, 99, 61, 26, 89, 54, 16, 79, 44, 9, 
72, 34, 32, 95, 60, 22, 85, 50, 15, 78, 40, 5, 68, 66, 28, 91, 56, 21, 84, 46, 11, 74, 39),  (1, 39, 74, 11, 46, 84, 21, 56, 91, 28, 66, 68, 
5, 40, 78, 15, 50, 85, 22, 60, 95, 32, 34, 72, 9, 44, 79, 16, 54, 89, 26, 61, 99, 3, 38, 73, 10, 48, 83, 20, 55, 93, 30, 65, 67, 4, 42, 77, 
14, 49, 87, 24, 59, 94, 31, 36, 71, 8, 43, 81, 18, 53, 88, 25, 63, 98, 2, 37, 75, 12, 47, 82, 19, 57, 92, 29, 64, 69, 6, 41, 76, 13, 51, 86, 
23, 58, 96, 33, 35, 70, 7, 45, 80, 17, 52, 90, 27, 62, 97),  ], [  (1, 70, 41, 12, 81, 49, 20, 89, 60, 28, 97, 35, 6, 75, 43, 14, 83, 54, 22, 
91, 62, 33, 69, 37, 8, 77, 48, 16, 85, 56, 27, 96, 64, 2, 71, 42, 10, 79, 50, 21, 90, 58, 29, 98, 36, 4, 73, 44, 15, 84, 52, 23, 92, 63, 31, 
67, 38, 9, 78, 46, 17, 86, 57, 25, 94, 65, 3, 72, 40, 11, 80, 51, 19, 88, 59, 30, 99, 34, 5, 74, 45, 13, 82, 53, 24, 93, 61, 32, 68, 39, 7, 
76, 47, 18, 87, 55, 26, 95, 66),  (1, 66, 95, 26, 55, 87, 18, 47, 76, 7, 39, 68, 32, 61, 93, 24, 53, 82, 13, 45, 74, 5, 34, 99, 30, 59, 88, 
19, 51, 80, 11, 40, 72, 3, 65, 94, 25, 57, 86, 17, 46, 78, 9, 38, 67, 31, 63, 92, 23, 52, 84, 15, 44, 73, 4, 36, 98, 29, 58, 90, 21, 50, 79, 
10, 42, 71, 2, 64, 96, 27, 56, 85, 16, 48, 77, 8, 37, 69, 33, 62, 91, 22, 54, 83, 14, 43, 75, 6, 35, 97, 28, 60, 89, 20, 49, 81, 12, 41, 70), 
], [  (1, 65, 96, 26, 57, 85, 18, 46, 77, 7, 38, 69, 32, 63, 91, 24, 52, 83, 13, 44, 75, 5, 36, 97, 30, 58, 89, 19, 50, 81, 11, 42, 70, 3, 64,
95, 25, 56, 87, 17, 48, 76, 9, 37, 68, 31, 62, 93, 23, 54, 82, 15, 43, 74, 4, 35, 99, 29, 60, 88, 21, 49, 80, 10, 41, 72, 2, 66, 94, 27, 55, 
86, 16, 47, 78, 8, 39, 67, 33, 61, 92, 22, 53, 84, 14, 45, 73, 6, 34, 98, 28, 59, 90, 20, 51, 79, 12, 40, 71),  (1, 71, 40, 12, 79, 51, 20, 
90, 59, 28, 98, 34, 6, 73, 45, 14, 84, 53, 22, 92, 61, 33, 67, 39, 8, 78, 47, 16, 86, 55, 27, 94, 66, 2, 72, 41, 10, 80, 49, 21, 88, 60, 29, 
99, 35, 4, 74, 43, 15, 82, 54, 23, 93, 62, 31, 68, 37, 9, 76, 48, 17, 87, 56, 25, 95, 64, 3, 70, 42, 11, 81, 50, 19, 89, 58, 30, 97, 36, 5, 
75, 44, 13, 83, 52, 24, 91, 63, 32, 69, 38, 7, 77, 46, 18, 85, 57, 26, 96, 65),  ], [  (1, 38, 75, 11, 48, 82, 21, 55, 92, 28, 65, 69, 5, 42, 
76, 15, 49, 86, 22, 59, 96, 32, 36, 70, 9, 43, 80, 16, 53, 90, 26, 63, 97, 3, 37, 74, 10, 47, 84, 20, 57, 91, 30, 64, 68, 4, 41, 78, 14, 51, 
85, 24, 58, 95, 31, 35, 72, 8, 45, 79, 18, 52, 89, 25, 62, 99, 2, 39, 73, 12, 46, 83, 19, 56, 93, 29, 66, 67, 6, 40, 77, 13, 50, 87, 23, 60, 
94, 33, 34, 71, 7, 44, 81, 17, 54, 88, 27, 61, 98),  (1, 98, 61, 27, 88, 54, 17, 81, 44, 7, 71, 34, 33, 94, 60, 23, 87, 50, 13, 77, 40, 6, 67,
66, 29, 93, 56, 19, 83, 46, 12, 73, 39, 2, 99, 62, 25, 89, 52, 18, 79, 45, 8, 72, 35, 31, 95, 58, 24, 85, 51, 14, 78, 41, 4, 68, 64, 30, 91, 
57, 20, 84, 47, 10, 74, 37, 3, 97, 63, 26, 90, 53, 16, 80, 43, 9, 70, 36, 32, 96, 59, 22, 86, 49, 15, 76, 42, 5, 69, 65, 28, 92, 55, 21, 82, 
48, 11, 75, 38),  ], [  (1, 61, 88, 17, 44, 71, 33, 60, 87, 13, 40, 67, 29, 56, 83, 12, 39, 99, 25, 52, 79, 8, 35, 95, 24, 51, 78, 4, 64, 91, 
20, 47, 74, 3, 63, 90, 16, 43, 70, 32, 59, 86, 15, 42, 69, 28, 55, 82, 11, 38, 98, 27, 54, 81, 7, 34, 94, 23, 50, 77, 6, 66, 93, 19, 46, 73, 
2, 62, 89, 18, 45, 72, 31, 58, 85, 14, 41, 68, 30, 57, 84, 10, 37, 97, 26, 53, 80, 9, 36, 96, 22, 49, 76, 5, 65, 92, 21, 48, 75),  (1, 75, 48,
21, 92, 65, 5, 76, 49, 22, 96, 36, 9, 80, 53, 26, 97, 37, 10, 84, 57, 30, 68, 41, 14, 85, 58, 31, 72, 45, 18, 89, 62, 2, 73, 46, 19, 93, 66, 
6, 77, 50, 23, 94, 34, 7, 81, 54, 27, 98, 38, 11, 82, 55, 28, 69, 42, 15, 86, 59, 32, 70, 43, 16, 90, 63, 3, 74, 47, 20, 91, 64, 4, 78, 51, 
24, 95, 35, 8, 79, 52, 25, 99, 39, 12, 83, 56, 29, 67, 40, 13, 87, 60, 33, 71, 44, 17, 88, 61),  ], [  (1, 66, 95, 26, 55, 87, 18, 47, 76, 7, 
39, 68, 32, 61, 93, 24, 53, 82, 13, 45, 74, 5, 34, 99, 30, 59, 88, 19, 51, 80, 11, 40, 72, 3, 65, 94, 25, 57, 86, 17, 46, 78, 9, 38, 67, 31, 
63, 92, 23, 52, 84, 15, 44, 73, 4, 36, 98, 29, 58, 90, 21, 50, 79, 10, 42, 71, 2, 64, 96, 27, 56, 85, 16, 48, 77, 8, 37, 69, 33, 62, 91, 22, 
54, 83, 14, 43, 75, 6, 35, 97, 28, 60, 89, 20, 49, 81, 12, 41, 70),  (1, 70, 41, 12, 81, 49, 20, 89, 60, 28, 97, 35, 6, 75, 43, 14, 83, 54, 
22, 91, 62, 33, 69, 37, 8, 77, 48, 16, 85, 56, 27, 96, 64, 2, 71, 42, 10, 79, 50, 21, 90, 58, 29, 98, 36, 4, 73, 44, 15, 84, 52, 23, 92, 63, 
31, 67, 38, 9, 78, 46, 17, 86, 57, 25, 94, 65, 3, 72, 40, 11, 80, 51, 19, 88, 59, 30, 99, 34, 5, 74, 45, 13, 82, 53, 24, 93, 61, 32, 68, 39, 
7, 76, 47, 18, 87, 55, 26, 95, 66),  ], [  (1, 39, 74, 11, 46, 84, 21, 56, 91, 28, 66, 68, 5, 40, 78, 15, 50, 85, 22, 60, 95, 32, 34, 72, 9, 
44, 79, 16, 54, 89, 26, 61, 99, 3, 38, 73, 10, 48, 83, 20, 55, 93, 30, 65, 67, 4, 42, 77, 14, 49, 87, 24, 59, 94, 31, 36, 71, 8, 43, 81, 18, 
53, 88, 25, 63, 98, 2, 37, 75, 12, 47, 82, 19, 57, 92, 29, 64, 69, 6, 41, 76, 13, 51, 86, 23, 58, 96, 33, 35, 70, 7, 45, 80, 17, 52, 90, 27, 
62, 97),  (1, 97, 62, 27, 90, 52, 17, 80, 45, 7, 70, 35, 33, 96, 58, 23, 86, 51, 13, 76, 41, 6, 69, 64, 29, 92, 57, 19, 82, 47, 12, 75, 37, 2,
98, 63, 25, 88, 53, 18, 81, 43, 8, 71, 36, 31, 94, 59, 24, 87, 49, 14, 77, 42, 4, 67, 65, 30, 93, 55, 20, 83, 48, 10, 73, 38, 3, 99, 61, 26, 
89, 54, 16, 79, 44, 9, 72, 34, 32, 95, 60, 22, 85, 50, 15, 78, 40, 5, 68, 66, 28, 91, 56, 21, 84, 46, 11, 74, 39),  ], [  (1, 40, 79, 20, 59, 
98, 6, 45, 84, 22, 61, 67, 8, 47, 86, 27, 66, 72, 10, 49, 88, 29, 35, 74, 15, 54, 93, 31, 37, 76, 17, 56, 95, 3, 42, 81, 19, 58, 97, 5, 44, 
83, 24, 63, 69, 7, 46, 85, 26, 65, 71, 12, 51, 90, 28, 34, 73, 14, 53, 92, 33, 39, 78, 16, 55, 94, 2, 41, 80, 21, 60, 99, 4, 43, 82, 23, 62, 
68, 9, 48, 87, 25, 64, 70, 11, 50, 89, 30, 36, 75, 13, 52, 91, 32, 38, 77, 18, 57, 96),  (1, 96, 57, 18, 77, 38, 32, 91, 52, 13, 75, 36, 30, 
89, 50, 11, 70, 64, 25, 87, 48, 9, 68, 62, 23, 82, 43, 4, 99, 60, 21, 80, 41, 2, 94, 55, 16, 78, 39, 33, 92, 53, 14, 73, 34, 28, 90, 51, 12, 
71, 65, 26, 85, 46, 7, 69, 63, 24, 83, 44, 5, 97, 58, 19, 81, 42, 3, 95, 56, 17, 76, 37, 31, 93, 54, 15, 74, 35, 29, 88, 49, 10, 72, 66, 27, 
86, 47, 8, 67, 61, 22, 84, 45, 6, 98, 59, 20, 79, 40),  ], [  (1, 29, 24, 16, 11, 6, 31, 26, 21, 13, 8, 3, 28, 23, 18, 10, 5, 33, 25, 20, 15, 
7, 2, 30, 22, 17, 12, 4, 32, 27, 19, 14, 9)(34, 62, 57, 49, 44, 39, 64, 59, 54, 46, 41, 36, 61, 56, 51, 43, 38, 66, 58, 53, 48, 40, 35, 63, 
55, 50, 45, 37, 65, 60, 52, 47, 42)(67, 95, 90, 82, 77, 72, 97, 92, 87, 79, 74, 69, 94, 89, 84, 76, 71, 99, 91, 86, 81, 73, 68, 96, 88, 83, 
78, 70, 98, 93, 85, 80, 75),  (1, 9, 14, 19, 27, 32, 4, 12, 17, 22, 30, 2, 7, 15, 20, 25, 33, 5, 10, 18, 23, 28, 3, 8, 13, 21, 26, 31, 6, 11, 
16, 24, 29)(34, 42, 47, 52, 60, 65, 37, 45, 50, 55, 63, 35, 40, 48, 53, 58, 66, 38, 43, 51, 56, 61, 36, 41, 46, 54, 59, 64, 39, 44, 49, 57, 
62)(67, 75, 80, 85, 93, 98, 70, 78, 83, 88, 96, 68, 73, 81, 86, 91, 99, 71, 76, 84, 89, 94, 69, 74, 79, 87, 92, 97, 72, 77, 82, 90, 95),  ], [
(1, 8, 15, 19, 26, 33, 4, 11, 18, 22, 29, 3, 7, 14, 21, 25, 32, 6, 10, 17, 24, 28, 2, 9, 13, 20, 27, 31, 5, 12, 16, 23, 30)(34, 41, 48, 52, 
59, 66, 37, 44, 51, 55, 62, 36, 40, 47, 54, 58, 65, 39, 43, 50, 57, 61, 35, 42, 46, 53, 60, 64, 38, 45, 49, 56, 63)(67, 74, 81, 85, 92, 99, 
70, 77, 84, 88, 95, 69, 73, 80, 87, 91, 98, 72, 76, 83, 90, 94, 68, 75, 79, 86, 93, 97, 71, 78, 82, 89, 96),  (1, 30, 23, 16, 12, 5, 31, 27, 
20, 13, 9, 2, 28, 24, 17, 10, 6, 32, 25, 21, 14, 7, 3, 29, 22, 18, 11, 4, 33, 26, 19, 15, 8)(34, 63, 56, 49, 45, 38, 64, 60, 53, 46, 42, 35, 
61, 57, 50, 43, 39, 65, 58, 54, 47, 40, 36, 62, 55, 51, 44, 37, 66, 59, 52, 48, 41)(67, 96, 89, 82, 78, 71, 97, 93, 86, 79, 75, 68, 94, 90, 
83, 76, 72, 98, 91, 87, 80, 73, 69, 95, 88, 84, 77, 70, 99, 92, 85, 81, 74),  ], [  (1, 25, 16, 7, 31, 22, 13, 4, 28, 19, 10)(2, 26, 17, 8, 
32, 23, 14, 5, 29, 20, 11)(3, 27, 18, 9, 33, 24, 15, 6, 30, 21, 12)(34, 58, 49, 40, 64, 55, 46, 37, 61, 52, 43)(35, 59, 50, 41, 65, 56, 47, 
38, 62, 53, 44)(36, 60, 51, 42, 66, 57, 48, 39, 63, 54, 45)(67, 91, 82, 73, 97, 88, 79, 70, 94, 85, 76)(68, 92, 83, 74, 98, 89, 80, 71, 95, 
86, 77)(69, 93, 84, 75, 99, 90, 81, 72, 96, 87, 78),  (1, 10, 19, 28, 4, 13, 22, 31, 7, 16, 25)(2, 11, 20, 29, 5, 14, 23, 32, 8, 17, 26)(3, 
12, 21, 30, 6, 15, 24, 33, 9, 18, 27)(34, 43, 52, 61, 37, 46, 55, 64, 40, 49, 58)(35, 44, 53, 62, 38, 47, 56, 65, 41, 50, 59)(36, 45, 54, 63, 
39, 48, 57, 66, 42, 51, 60)(67, 76, 85, 94, 70, 79, 88, 97, 73, 82, 91)(68, 77, 86, 95, 71, 80, 89, 98, 74, 83, 92)(69, 78, 87, 96, 72, 81, 
90, 99, 75, 84, 93),  ], [  (1, 96, 57, 18, 77, 38, 32, 91, 52, 13, 75, 36, 30, 89, 50, 11, 70, 64, 25, 87, 48, 9, 68, 62, 23, 82, 43, 4, 99, 
60, 21, 80, 41, 2, 94, 55, 16, 78, 39, 33, 92, 53, 14, 73, 34, 28, 90, 51, 12, 71, 65, 26, 85, 46, 7, 69, 63, 24, 83, 44, 5, 97, 58, 19, 81, 
42, 3, 95, 56, 17, 76, 37, 31, 93, 54, 15, 74, 35, 29, 88, 49, 10, 72, 66, 27, 86, 47, 8, 67, 61, 22, 84, 45, 6, 98, 59, 20, 79, 40),  (1, 40,
79, 20, 59, 98, 6, 45, 84, 22, 61, 67, 8, 47, 86, 27, 66, 72, 10, 49, 88, 29, 35, 74, 15, 54, 93, 31, 37, 76, 17, 56, 95, 3, 42, 81, 19, 58, 
97, 5, 44, 83, 24, 63, 69, 7, 46, 85, 26, 65, 71, 12, 51, 90, 28, 34, 73, 14, 53, 92, 33, 39, 78, 16, 55, 94, 2, 41, 80, 21, 60, 99, 4, 43, 
82, 23, 62, 68, 9, 48, 87, 25, 64, 70, 11, 50, 89, 30, 36, 75, 13, 52, 91, 32, 38, 77, 18, 57, 96),  ], [  (1, 30, 23, 16, 12, 5, 31, 27, 20, 
13, 9, 2, 28, 24, 17, 10, 6, 32, 25, 21, 14, 7, 3, 29, 22, 18, 11, 4, 33, 26, 19, 15, 8)(34, 63, 56, 49, 45, 38, 64, 60, 53, 46, 42, 35, 61, 
57, 50, 43, 39, 65, 58, 54, 47, 40, 36, 62, 55, 51, 44, 37, 66, 59, 52, 48, 41)(67, 96, 89, 82, 78, 71, 97, 93, 86, 79, 75, 68, 94, 90, 83, 
76, 72, 98, 91, 87, 80, 73, 69, 95, 88, 84, 77, 70, 99, 92, 85, 81, 74),  (1, 8, 15, 19, 26, 33, 4, 11, 18, 22, 29, 3, 7, 14, 21, 25, 32, 6, 
10, 17, 24, 28, 2, 9, 13, 20, 27, 31, 5, 12, 16, 23, 30)(34, 41, 48, 52, 59, 66, 37, 44, 51, 55, 62, 36, 40, 47, 54, 58, 65, 39, 43, 50, 57, 
61, 35, 42, 46, 53, 60, 64, 38, 45, 49, 56, 63)(67, 74, 81, 85, 92, 99, 70, 77, 84, 88, 95, 69, 73, 80, 87, 91, 98, 72, 76, 83, 90, 94, 68, 
75, 79, 86, 93, 97, 71, 78, 82, 89, 96),  ], [  (1, 98, 61, 27, 88, 54, 17, 81, 44, 7, 71, 34, 33, 94, 60, 23, 87, 50, 13, 77, 40, 6, 67, 66, 
29, 93, 56, 19, 83, 46, 12, 73, 39, 2, 99, 62, 25, 89, 52, 18, 79, 45, 8, 72, 35, 31, 95, 58, 24, 85, 51, 14, 78, 41, 4, 68, 64, 30, 91, 57, 
20, 84, 47, 10, 74, 37, 3, 97, 63, 26, 90, 53, 16, 80, 43, 9, 70, 36, 32, 96, 59, 22, 86, 49, 15, 76, 42, 5, 69, 65, 28, 92, 55, 21, 82, 48, 
11, 75, 38),  (1, 38, 75, 11, 48, 82, 21, 55, 92, 28, 65, 69, 5, 42, 76, 15, 49, 86, 22, 59, 96, 32, 36, 70, 9, 43, 80, 16, 53, 90, 26, 63, 
97, 3, 37, 74, 10, 47, 84, 20, 57, 91, 30, 64, 68, 4, 41, 78, 14, 51, 85, 24, 58, 95, 31, 35, 72, 8, 45, 79, 18, 52, 89, 25, 62, 99, 2, 39, 
73, 12, 46, 83, 19, 56, 93, 29, 66, 67, 6, 40, 77, 13, 50, 87, 23, 60, 94, 33, 34, 71, 7, 44, 81, 17, 54, 88, 27, 61, 98),  ], [  (1, 71, 40, 
12, 79, 51, 20, 90, 59, 28, 98, 34, 6, 73, 45, 14, 84, 53, 22, 92, 61, 33, 67, 39, 8, 78, 47, 16, 86, 55, 27, 94, 66, 2, 72, 41, 10, 80, 49, 
21, 88, 60, 29, 99, 35, 4, 74, 43, 15, 82, 54, 23, 93, 62, 31, 68, 37, 9, 76, 48, 17, 87, 56, 25, 95, 64, 3, 70, 42, 11, 81, 50, 19, 89, 58, 
30, 97, 36, 5, 75, 44, 13, 83, 52, 24, 91, 63, 32, 69, 38, 7, 77, 46, 18, 85, 57, 26, 96, 65),  (1, 65, 96, 26, 57, 85, 18, 46, 77, 7, 38, 69,
32, 63, 91, 24, 52, 83, 13, 44, 75, 5, 36, 97, 30, 58, 89, 19, 50, 81, 11, 42, 70, 3, 64, 95, 25, 56, 87, 17, 48, 76, 9, 37, 68, 31, 62, 93, 
23, 54, 82, 15, 43, 74, 4, 35, 99, 29, 60, 88, 21, 49, 80, 10, 41, 72, 2, 66, 94, 27, 55, 86, 16, 47, 78, 8, 39, 67, 33, 61, 92, 22, 53, 84, 
14, 45, 73, 6, 34, 98, 28, 59, 90, 20, 51, 79, 12, 40, 71),  ], [  (1, 75, 48, 21, 92, 65, 5, 76, 49, 22, 96, 36, 9, 80, 53, 26, 97, 37, 10, 
84, 57, 30, 68, 41, 14, 85, 58, 31, 72, 45, 18, 89, 62, 2, 73, 46, 19, 93, 66, 6, 77, 50, 23, 94, 34, 7, 81, 54, 27, 98, 38, 11, 82, 55, 28, 
69, 42, 15, 86, 59, 32, 70, 43, 16, 90, 63, 3, 74, 47, 20, 91, 64, 4, 78, 51, 24, 95, 35, 8, 79, 52, 25, 99, 39, 12, 83, 56, 29, 67, 40, 13, 
87, 60, 33, 71, 44, 17, 88, 61),  (1, 61, 88, 17, 44, 71, 33, 60, 87, 13, 40, 67, 29, 56, 83, 12, 39, 99, 25, 52, 79, 8, 35, 95, 24, 51, 78, 
4, 64, 91, 20, 47, 74, 3, 63, 90, 16, 43, 70, 32, 59, 86, 15, 42, 69, 28, 55, 82, 11, 38, 98, 27, 54, 81, 7, 34, 94, 23, 50, 77, 6, 66, 93, 
19, 46, 73, 2, 62, 89, 18, 45, 72, 31, 58, 85, 14, 41, 68, 30, 57, 84, 10, 37, 97, 26, 53, 80, 9, 36, 96, 22, 49, 76, 5, 65, 92, 21, 48, 75), 
], [  (1, 9, 14, 19, 27, 32, 4, 12, 17, 22, 30, 2, 7, 15, 20, 25, 33, 5, 10, 18, 23, 28, 3, 8, 13, 21, 26, 31, 6, 11, 16, 24, 29)(34, 42, 47, 
52, 60, 65, 37, 45, 50, 55, 63, 35, 40, 48, 53, 58, 66, 38, 43, 51, 56, 61, 36, 41, 46, 54, 59, 64, 39, 44, 49, 57, 62)(67, 75, 80, 85, 93, 
98, 70, 78, 83, 88, 96, 68, 73, 81, 86, 91, 99, 71, 76, 84, 89, 94, 69, 74, 79, 87, 92, 97, 72, 77, 82, 90, 95),  (1, 29, 24, 16, 11, 6, 31, 
26, 21, 13, 8, 3, 28, 23, 18, 10, 5, 33, 25, 20, 15, 7, 2, 30, 22, 17, 12, 4, 32, 27, 19, 14, 9)(34, 62, 57, 49, 44, 39, 64, 59, 54, 46, 41, 
36, 61, 56, 51, 43, 38, 66, 58, 53, 48, 40, 35, 63, 55, 50, 45, 37, 65, 60, 52, 47, 42)(67, 95, 90, 82, 77, 72, 97, 92, 87, 79, 74, 69, 94, 
89, 84, 76, 71, 99, 91, 86, 81, 73, 68, 96, 88, 83, 78, 70, 98, 93, 85, 80, 75),  ], [  (1, 10, 19, 28, 4, 13, 22, 31, 7, 16, 25)(2, 11, 20, 
29, 5, 14, 23, 32, 8, 17, 26)(3, 12, 21, 30, 6, 15, 24, 33, 9, 18, 27)(34, 43, 52, 61, 37, 46, 55, 64, 40, 49, 58)(35, 44, 53, 62, 38, 47, 56,
65, 41, 50, 59)(36, 45, 54, 63, 39, 48, 57, 66, 42, 51, 60)(67, 76, 85, 94, 70, 79, 88, 97, 73, 82, 91)(68, 77, 86, 95, 71, 80, 89, 98, 74, 
83, 92)(69, 78, 87, 96, 72, 81, 90, 99, 75, 84, 93),  (1, 25, 16, 7, 31, 22, 13, 4, 28, 19, 10)(2, 26, 17, 8, 32, 23, 14, 5, 29, 20, 11)(3, 
27, 18, 9, 33, 24, 15, 6, 30, 21, 12)(34, 58, 49, 40, 64, 55, 46, 37, 61, 52, 43)(35, 59, 50, 41, 65, 56, 47, 38, 62, 53, 44)(36, 60, 51, 42, 
66, 57, 48, 39, 63, 54, 45)(67, 91, 82, 73, 97, 88, 79, 70, 94, 85, 76)(68, 92, 83, 74, 98, 89, 80, 71, 95, 86, 77)(69, 93, 84, 75, 99, 90, 
81, 72, 96, 87, 78),  ], [  (1, 94, 56, 18, 78, 37, 32, 92, 54, 13, 73, 35, 30, 90, 49, 11, 71, 66, 25, 85, 47, 9, 69, 61, 23, 83, 45, 4, 97, 
59, 21, 81, 40, 2, 95, 57, 16, 76, 38, 33, 93, 52, 14, 74, 36, 28, 88, 50, 12, 72, 64, 26, 86, 48, 7, 67, 62, 24, 84, 43, 5, 98, 60, 19, 79, 
41, 3, 96, 55, 17, 77, 39, 31, 91, 53, 15, 75, 34, 29, 89, 51, 10, 70, 65, 27, 87, 46, 8, 68, 63, 22, 82, 44, 6, 99, 58, 20, 80, 42),  (1, 42,
80, 20, 58, 99, 6, 44, 82, 22, 63, 68, 8, 46, 87, 27, 65, 70, 10, 51, 89, 29, 34, 75, 15, 53, 91, 31, 39, 77, 17, 55, 96, 3, 41, 79, 19, 60, 
98, 5, 43, 84, 24, 62, 67, 7, 48, 86, 26, 64, 72, 12, 50, 88, 28, 36, 74, 14, 52, 93, 33, 38, 76, 16, 57, 95, 2, 40, 81, 21, 59, 97, 4, 45, 
83, 23, 61, 69, 9, 47, 85, 25, 66, 71, 11, 49, 90, 30, 35, 73, 13, 54, 92, 32, 37, 78, 18, 56, 94),  ], [  (1, 73, 47, 21, 93, 64, 5, 77, 51, 
22, 94, 35, 9, 81, 52, 26, 98, 39, 10, 82, 56, 30, 69, 40, 14, 86, 60, 31, 70, 44, 18, 90, 61, 2, 74, 48, 19, 91, 65, 6, 78, 49, 23, 95, 36, 
7, 79, 53, 27, 99, 37, 11, 83, 57, 28, 67, 41, 15, 87, 58, 32, 71, 45, 16, 88, 62, 3, 75, 46, 20, 92, 66, 4, 76, 50, 24, 96, 34, 8, 80, 54, 
25, 97, 38, 12, 84, 55, 29, 68, 42, 13, 85, 59, 33, 72, 43, 17, 89, 63),  (1, 63, 89, 17, 43, 72, 33, 59, 85, 13, 42, 68, 29, 55, 84, 12, 38, 
97, 25, 54, 80, 8, 34, 96, 24, 50, 76, 4, 66, 92, 20, 46, 75, 3, 62, 88, 16, 45, 71, 32, 58, 87, 15, 41, 67, 28, 57, 83, 11, 37, 99, 27, 53, 
79, 7, 36, 95, 23, 49, 78, 6, 65, 91, 19, 48, 74, 2, 61, 90, 18, 44, 70, 31, 60, 86, 14, 40, 69, 30, 56, 82, 10, 39, 98, 26, 52, 81, 9, 35, 
94, 22, 51, 77, 5, 64, 93, 21, 47, 73),  ], [  (1, 62, 90, 17, 45, 70, 33, 58, 86, 13, 41, 69, 29, 57, 82, 12, 37, 98, 25, 53, 81, 8, 36, 94, 
24, 49, 77, 4, 65, 93, 20, 48, 73, 3, 61, 89, 16, 44, 72, 32, 60, 85, 15, 40, 68, 28, 56, 84, 11, 39, 97, 27, 52, 80, 7, 35, 96, 23, 51, 76, 
6, 64, 92, 19, 47, 75, 2, 63, 88, 18, 43, 71, 31, 59, 87, 14, 42, 67, 30, 55, 83, 10, 38, 99, 26, 54, 79, 9, 34, 95, 22, 50, 78, 5, 66, 91, 
21, 46, 74),  (1, 74, 46, 21, 91, 66, 5, 78, 50, 22, 95, 34, 9, 79, 54, 26, 99, 38, 10, 83, 55, 30, 67, 42, 14, 87, 59, 31, 71, 43, 18, 88, 
63, 2, 75, 47, 19, 92, 64, 6, 76, 51, 23, 96, 35, 7, 80, 52, 27, 97, 39, 11, 84, 56, 28, 68, 40, 15, 85, 60, 32, 72, 44, 16, 89, 61, 3, 73, 
48, 20, 93, 65, 4, 77, 49, 24, 94, 36, 8, 81, 53, 25, 98, 37, 12, 82, 57, 29, 69, 41, 13, 86, 58, 33, 70, 45, 17, 90, 62),  ], [  (1, 41, 81, 
20, 60, 97, 6, 43, 83, 22, 62, 69, 8, 48, 85, 27, 64, 71, 10, 50, 90, 29, 36, 73, 15, 52, 92, 31, 38, 78, 17, 57, 94, 3, 40, 80, 19, 59, 99, 
5, 45, 82, 24, 61, 68, 7, 47, 87, 26, 66, 70, 12, 49, 89, 28, 35, 75, 14, 54, 91, 33, 37, 77, 16, 56, 96, 2, 42, 79, 21, 58, 98, 4, 44, 84, 
23, 63, 67, 9, 46, 86, 25, 65, 72, 11, 51, 88, 30, 34, 74, 13, 53, 93, 32, 39, 76, 18, 55, 95),  (1, 95, 55, 18, 76, 39, 32, 93, 53, 13, 74, 
34, 30, 88, 51, 11, 72, 65, 25, 86, 46, 9, 67, 63, 23, 84, 44, 4, 98, 58, 21, 79, 42, 2, 96, 56, 16, 77, 37, 33, 91, 54, 14, 75, 35, 28, 89, 
49, 12, 70, 66, 26, 87, 47, 7, 68, 61, 24, 82, 45, 5, 99, 59, 19, 80, 40, 3, 94, 57, 17, 78, 38, 31, 92, 52, 15, 73, 36, 29, 90, 50, 10, 71, 
64, 27, 85, 48, 8, 69, 62, 22, 83, 43, 6, 97, 60, 20, 81, 41),  ], [  (1, 58, 82, 8, 65, 89, 15, 39, 96, 19, 43, 67, 26, 50, 74, 33, 57, 81, 
4, 61, 85, 11, 35, 92, 18, 42, 99, 22, 46, 70, 29, 53, 77, 3, 60, 84, 7, 64, 88, 14, 38, 95, 21, 45, 69, 25, 49, 73, 32, 56, 80, 6, 63, 87, 
10, 34, 91, 17, 41, 98, 24, 48, 72, 28, 52, 76, 2, 59, 83, 9, 66, 90, 13, 37, 94, 20, 44, 68, 27, 51, 75, 31, 55, 79, 5, 62, 86, 12, 36, 93, 
16, 40, 97, 23, 47, 71, 30, 54, 78),  (1, 78, 54, 30, 71, 47, 23, 97, 40, 16, 93, 36, 12, 86, 62, 5, 79, 55, 31, 75, 51, 27, 68, 44, 20, 94, 
37, 13, 90, 66, 9, 83, 59, 2, 76, 52, 28, 72, 48, 24, 98, 41, 17, 91, 34, 10, 87, 63, 6, 80, 56, 32, 73, 49, 25, 69, 45, 21, 95, 38, 14, 88, 
64, 7, 84, 60, 3, 77, 53, 29, 70, 46, 22, 99, 42, 18, 92, 35, 11, 85, 61, 4, 81, 57, 33, 74, 50, 26, 67, 43, 19, 96, 39, 15, 89, 65, 8, 82, 
58),  ], [  (1, 63, 89, 17, 43, 72, 33, 59, 85, 13, 42, 68, 29, 55, 84, 12, 38, 97, 25, 54, 80, 8, 34, 96, 24, 50, 76, 4, 66, 92, 20, 46, 75, 
3, 62, 88, 16, 45, 71, 32, 58, 87, 15, 41, 67, 28, 57, 83, 11, 37, 99, 27, 53, 79, 7, 36, 95, 23, 49, 78, 6, 65, 91, 19, 48, 74, 2, 61, 90, 
18, 44, 70, 31, 60, 86, 14, 40, 69, 30, 56, 82, 10, 39, 98, 26, 52, 81, 9, 35, 94, 22, 51, 77, 5, 64, 93, 21, 47, 73),  (1, 73, 47, 21, 93, 
64, 5, 77, 51, 22, 94, 35, 9, 81, 52, 26, 98, 39, 10, 82, 56, 30, 69, 40, 14, 86, 60, 31, 70, 44, 18, 90, 61, 2, 74, 48, 19, 91, 65, 6, 78, 
49, 23, 95, 36, 7, 79, 53, 27, 99, 37, 11, 83, 57, 28, 67, 41, 15, 87, 58, 32, 71, 45, 16, 88, 62, 3, 75, 46, 20, 92, 66, 4, 76, 50, 24, 96, 
34, 8, 80, 54, 25, 97, 38, 12, 84, 55, 29, 68, 42, 13, 85, 59, 33, 72, 43, 17, 89, 63),  ], [  (1, 42, 80, 20, 58, 99, 6, 44, 82, 22, 63, 68, 
8, 46, 87, 27, 65, 70, 10, 51, 89, 29, 34, 75, 15, 53, 91, 31, 39, 77, 17, 55, 96, 3, 41, 79, 19, 60, 98, 5, 43, 84, 24, 62, 67, 7, 48, 86, 
26, 64, 72, 12, 50, 88, 28, 36, 74, 14, 52, 93, 33, 38, 76, 16, 57, 95, 2, 40, 81, 21, 59, 97, 4, 45, 83, 23, 61, 69, 9, 47, 85, 25, 66, 71, 
11, 49, 90, 30, 35, 73, 13, 54, 92, 32, 37, 78, 18, 56, 94),  (1, 94, 56, 18, 78, 37, 32, 92, 54, 13, 73, 35, 30, 90, 49, 11, 71, 66, 25, 85, 
47, 9, 69, 61, 23, 83, 45, 4, 97, 59, 21, 81, 40, 2, 95, 57, 16, 76, 38, 33, 93, 52, 14, 74, 36, 28, 88, 50, 12, 72, 64, 26, 86, 48, 7, 67, 
62, 24, 84, 43, 5, 98, 60, 19, 79, 41, 3, 96, 55, 17, 77, 39, 31, 91, 53, 15, 75, 34, 29, 89, 51, 10, 70, 65, 27, 87, 46, 8, 68, 63, 22, 82, 
44, 6, 99, 58, 20, 80, 42),  ], [  (1, 43, 85, 29, 38, 80, 24, 66, 75, 16, 58, 67, 11, 53, 95, 6, 48, 90, 31, 40, 82, 26, 35, 77, 21, 63, 72, 
13, 55, 97, 8, 50, 92, 3, 45, 87, 28, 37, 79, 23, 65, 74, 18, 60, 69, 10, 52, 94, 5, 47, 89, 33, 42, 84, 25, 34, 76, 20, 62, 71, 15, 57, 99, 
7, 49, 91, 2, 44, 86, 30, 39, 81, 22, 64, 73, 17, 59, 68, 12, 54, 96, 4, 46, 88, 32, 41, 83, 27, 36, 78, 19, 61, 70, 14, 56, 98, 9, 51, 93),  
(1, 93, 51, 9, 98, 56, 14, 70, 61, 19, 78, 36, 27, 83, 41, 32, 88, 46, 4, 96, 54, 12, 68, 59, 17, 73, 64, 22, 81, 39, 30, 86, 44, 2, 91, 49, 
7, 99, 57, 15, 71, 62, 20, 76, 34, 25, 84, 42, 33, 89, 47, 5, 94, 52, 10, 69, 60, 18, 74, 65, 23, 79, 37, 28, 87, 45, 3, 92, 50, 8, 97, 55, 
13, 72, 63, 21, 77, 35, 26, 82, 40, 31, 90, 48, 6, 95, 53, 11, 67, 58, 16, 75, 66, 24, 80, 38, 29, 85, 43),  ], [  (1, 26, 18, 7, 32, 24, 13, 
5, 30, 19, 11, 3, 25, 17, 9, 31, 23, 15, 4, 29, 21, 10, 2, 27, 16, 8, 33, 22, 14, 6, 28, 20, 12)(34, 59, 51, 40, 65, 57, 46, 38, 63, 52, 44, 
36, 58, 50, 42, 64, 56, 48, 37, 62, 54, 43, 35, 60, 49, 41, 66, 55, 47, 39, 61, 53, 45)(67, 92, 84, 73, 98, 90, 79, 71, 96, 85, 77, 69, 91, 
83, 75, 97, 89, 81, 70, 95, 87, 76, 68, 93, 82, 74, 99, 88, 80, 72, 94, 86, 78),  (1, 12, 20, 28, 6, 14, 22, 33, 8, 16, 27, 2, 10, 21, 29, 4, 
15, 23, 31, 9, 17, 25, 3, 11, 19, 30, 5, 13, 24, 32, 7, 18, 26)(34, 45, 53, 61, 39, 47, 55, 66, 41, 49, 60, 35, 43, 54, 62, 37, 48, 56, 64, 
42, 50, 58, 36, 44, 52, 63, 38, 46, 57, 65, 40, 51, 59)(67, 78, 86, 94, 72, 80, 88, 99, 74, 82, 93, 68, 76, 87, 95, 70, 81, 89, 97, 75, 83, 
91, 69, 77, 85, 96, 71, 79, 90, 98, 73, 84, 92),  ], [  (1, 11, 21, 28, 5, 15, 22, 32, 9, 16, 26, 3, 10, 20, 30, 4, 14, 24, 31, 8, 18, 25, 2, 
12, 19, 29, 6, 13, 23, 33, 7, 17, 27)(34, 44, 54, 61, 38, 48, 55, 65, 42, 49, 59, 36, 43, 53, 63, 37, 47, 57, 64, 41, 51, 58, 35, 45, 52, 62, 
39, 46, 56, 66, 40, 50, 60)(67, 77, 87, 94, 71, 81, 88, 98, 75, 82, 92, 69, 76, 86, 96, 70, 80, 90, 97, 74, 84, 91, 68, 78, 85, 95, 72, 79, 
89, 99, 73, 83, 93),  (1, 27, 17, 7, 33, 23, 13, 6, 29, 19, 12, 2, 25, 18, 8, 31, 24, 14, 4, 30, 20, 10, 3, 26, 16, 9, 32, 22, 15, 5, 28, 21, 
11)(34, 60, 50, 40, 66, 56, 46, 39, 62, 52, 45, 35, 58, 51, 41, 64, 57, 47, 37, 63, 53, 43, 36, 59, 49, 42, 65, 55, 48, 38, 61, 54, 44)(67, 
93, 83, 73, 99, 89, 79, 72, 95, 85, 78, 68, 91, 84, 74, 97, 90, 80, 70, 96, 86, 76, 69, 92, 82, 75, 98, 88, 81, 71, 94, 87, 77),  ], [  (1, 
22, 10, 31, 19, 7, 28, 16, 4, 25, 13)(2, 23, 11, 32, 20, 8, 29, 17, 5, 26, 14)(3, 24, 12, 33, 21, 9, 30, 18, 6, 27, 15)(34, 55, 43, 64, 52, 
40, 61, 49, 37, 58, 46)(35, 56, 44, 65, 53, 41, 62, 50, 38, 59, 47)(36, 57, 45, 66, 54, 42, 63, 51, 39, 60, 48)(67, 88, 76, 97, 85, 73, 94, 
82, 70, 91, 79)(68, 89, 77, 98, 86, 74, 95, 83, 71, 92, 80)(69, 90, 78, 99, 87, 75, 96, 84, 72, 93, 81),  (1, 13, 25, 4, 16, 28, 7, 19, 31, 
10, 22)(2, 14, 26, 5, 17, 29, 8, 20, 32, 11, 23)(3, 15, 27, 6, 18, 30, 9, 21, 33, 12, 24)(34, 46, 58, 37, 49, 61, 40, 52, 64, 43, 55)(35, 47, 
59, 38, 50, 62, 41, 53, 65, 44, 56)(36, 48, 60, 39, 51, 63, 42, 54, 66, 45, 57)(67, 79, 91, 70, 82, 94, 73, 85, 97, 76, 88)(68, 80, 92, 71, 
83, 95, 74, 86, 98, 77, 89)(69, 81, 93, 72, 84, 96, 75, 87, 99, 78, 90),  ], [  (1, 93, 51, 9, 98, 56, 14, 70, 61, 19, 78, 36, 27, 83, 41, 32,
88, 46, 4, 96, 54, 12, 68, 59, 17, 73, 64, 22, 81, 39, 30, 86, 44, 2, 91, 49, 7, 99, 57, 15, 71, 62, 20, 76, 34, 25, 84, 42, 33, 89, 47, 5, 
94, 52, 10, 69, 60, 18, 74, 65, 23, 79, 37, 28, 87, 45, 3, 92, 50, 8, 97, 55, 13, 72, 63, 21, 77, 35, 26, 82, 40, 31, 90, 48, 6, 95, 53, 11, 
67, 58, 16, 75, 66, 24, 80, 38, 29, 85, 43),  (1, 43, 85, 29, 38, 80, 24, 66, 75, 16, 58, 67, 11, 53, 95, 6, 48, 90, 31, 40, 82, 26, 35, 77, 
21, 63, 72, 13, 55, 97, 8, 50, 92, 3, 45, 87, 28, 37, 79, 23, 65, 74, 18, 60, 69, 10, 52, 94, 5, 47, 89, 33, 42, 84, 25, 34, 76, 20, 62, 71, 
15, 57, 99, 7, 49, 91, 2, 44, 86, 30, 39, 81, 22, 64, 73, 17, 59, 68, 12, 54, 96, 4, 46, 88, 32, 41, 83, 27, 36, 78, 19, 61, 70, 14, 56, 98, 
9, 51, 93),  ], [  (1, 27, 17, 7, 33, 23, 13, 6, 29, 19, 12, 2, 25, 18, 8, 31, 24, 14, 4, 30, 20, 10, 3, 26, 16, 9, 32, 22, 15, 5, 28, 21, 
11)(34, 60, 50, 40, 66, 56, 46, 39, 62, 52, 45, 35, 58, 51, 41, 64, 57, 47, 37, 63, 53, 43, 36, 59, 49, 42, 65, 55, 48, 38, 61, 54, 44)(67, 
