BRACES[36] := rec( total := -1, implemented := 46, size := 36, brace := [] );BRACES[36].brace[1] := rec ( size := 36, perms := [ [  (),  (),  
], [  (1, 19, 4, 22)(2, 20, 5, 23)(3, 21, 6, 24)(7, 25, 10, 28)(8, 26, 11, 29)(9, 27, 12, 30)(13, 31, 16, 34)(14, 32, 17, 35)(15, 33, 18, 36),
(1, 19)(2, 20)(3, 21)(4, 22)(5, 23)(6, 24)(7, 25)(8, 26)(9, 27)(10, 28)(11, 29)(12, 30)(13, 31)(14, 32)(15, 33)(16, 34)(17, 35)(18, 36),  ], [
(1, 4)(2, 5)(3, 6)(7, 10)(8, 11)(9, 12)(13, 16)(14, 17)(15, 18)(19, 22)(20, 23)(21, 24)(25, 28)(26, 29)(27, 30)(31, 34)(32, 35)(33, 36),  (1, 
4)(2, 5)(3, 6)(7, 10)(8, 11)(9, 12)(13, 16)(14, 17)(15, 18)(19, 22)(20, 23)(21, 24)(25, 28)(26, 29)(27, 30)(31, 34)(32, 35)(33, 36),  ], [  
(1, 9, 14, 2, 7, 15, 3, 8, 13)(4, 12, 17, 5, 10, 18, 6, 11, 16)(19, 27, 32, 20, 25, 33, 21, 26, 31)(22, 30, 35, 23, 28, 36, 24, 29, 34),  (1, 
13, 8, 3, 15, 7, 2, 14, 9)(4, 16, 11, 6, 18, 10, 5, 17, 12)(19, 31, 26, 21, 33, 25, 20, 32, 27)(22, 34, 29, 24, 36, 28, 23, 35, 30),  ], [  
(1, 2, 3)(4, 5, 6)(7, 8, 9)(10, 11, 12)(13, 14, 15)(16, 17, 18)(19, 20, 21)(22, 23, 24)(25, 26, 27)(28, 29, 30)(31, 32, 33)(34, 35, 36),  (1, 
3, 2)(4, 6, 5)(7, 9, 8)(10, 12, 11)(13, 15, 14)(16, 18, 17)(19, 21, 20)(22, 24, 23)(25, 27, 26)(28, 30, 29)(31, 33, 32)(34, 36, 35),  ], [  
(1, 13, 8, 3, 15, 7, 2, 14, 9)(4, 16, 11, 6, 18, 10, 5, 17, 12)(19, 31, 26, 21, 33, 25, 20, 32, 27)(22, 34, 29, 24, 36, 28, 23, 35, 30),  (1, 
9, 14, 2, 7, 15, 3, 8, 13)(4, 12, 17, 5, 10, 18, 6, 11, 16)(19, 27, 32, 20, 25, 33, 21, 26, 31)(22, 30, 35, 23, 28, 36, 24, 29, 34),  ], [  
(1, 3, 2)(4, 6, 5)(7, 9, 8)(10, 12, 11)(13, 15, 14)(16, 18, 17)(19, 21, 20)(22, 24, 23)(25, 27, 26)(28, 30, 29)(31, 33, 32)(34, 36, 35),  (1, 
2, 3)(4, 5, 6)(7, 8, 9)(10, 11, 12)(13, 14, 15)(16, 17, 18)(19, 20, 21)(22, 23, 24)(25, 26, 27)(28, 29, 30)(31, 32, 33)(34, 35, 36),  ], [  
(1, 22, 4, 19)(2, 23, 5, 20)(3, 24, 6, 21)(7, 28, 10, 25)(8, 29, 11, 26)(9, 30, 12, 27)(13, 34, 16, 31)(14, 35, 17, 32)(15, 36, 18, 33),  (1, 
22)(2, 23)(3, 24)(4, 19)(5, 20)(6, 21)(7, 28)(8, 29)(9, 30)(10, 25)(11, 26)(12, 27)(13, 34)(14, 35)(15, 36)(16, 31)(17, 32)(18, 33),  ], [  
(1, 27, 17, 23, 7, 33, 6, 29, 13, 19, 12, 35, 2, 25, 18, 24, 8, 31, 4, 30, 14, 20, 10, 36, 3, 26, 16, 22, 9, 32, 5, 28, 15, 21, 11, 34),  (1, 
31, 8, 21, 15, 25, 2, 32, 9, 19, 13, 26, 3, 33, 7, 20, 14, 27)(4, 34, 11, 24, 18, 28, 5, 35, 12, 22, 16, 29, 6, 36, 10, 23, 17, 30),  ], [  
(1, 20, 6, 22, 2, 21, 4, 23, 3, 19, 5, 24)(7, 26, 12, 28, 8, 27, 10, 29, 9, 25, 11, 30)(13, 32, 18, 34, 14, 33, 16, 35, 15, 31, 17, 36),  (1, 
21, 2, 19, 3, 20)(4, 24, 5, 22, 6, 23)(7, 27, 8, 25, 9, 26)(10, 30, 11, 28, 12, 29)(13, 33, 14, 31, 15, 32)(16, 36, 17, 34, 18, 35),  ], [  
(1, 31, 11, 24, 15, 25, 5, 35, 9, 19, 16, 29, 3, 33, 10, 23, 14, 27, 4, 34, 8, 21, 18, 28, 2, 32, 12, 22, 13, 26, 6, 36, 7, 20, 17, 30),  (1, 
27, 14, 20, 7, 33, 3, 26, 13, 19, 9, 32, 2, 25, 15, 21, 8, 31)(4, 30, 17, 23, 10, 36, 6, 29, 16, 22, 12, 35, 5, 28, 18, 24, 11, 34),  ], [  
(1, 21, 5, 22, 3, 20, 4, 24, 2, 19, 6, 23)(7, 27, 11, 28, 9, 26, 10, 30, 8, 25, 12, 29)(13, 33, 17, 34, 15, 32, 16, 36, 14, 31, 18, 35),  (1, 
20, 3, 19, 2, 21)(4, 23, 6, 22, 5, 24)(7, 26, 9, 25, 8, 27)(10, 29, 12, 28, 11, 30)(13, 32, 15, 31, 14, 33)(16, 35, 18, 34, 17, 36),  ], [  
(1, 12, 14, 5, 7, 18, 3, 11, 13, 4, 9, 17, 2, 10, 15, 6, 8, 16)(19, 30, 32, 23, 25, 36, 21, 29, 31, 22, 27, 35, 20, 28, 33, 24, 26, 34),  (1, 
16, 8, 6, 15, 10, 2, 17, 9, 4, 13, 11, 3, 18, 7, 5, 14, 12)(19, 34, 26, 24, 33, 28, 20, 35, 27, 22, 31, 29, 21, 36, 25, 23, 32, 30),  ], [  
(1, 5, 3, 4, 2, 6)(7, 11, 9, 10, 8, 12)(13, 17, 15, 16, 14, 18)(19, 23, 21, 22, 20, 24)(25, 29, 27, 28, 26, 30)(31, 35, 33, 34, 32, 36),  (1, 
6, 2, 4, 3, 5)(7, 12, 8, 10, 9, 11)(13, 18, 14, 16, 15, 17)(19, 24, 20, 22, 21, 23)(25, 30, 26, 28, 27, 29)(31, 36, 32, 34, 33, 35),  ], [  
(1, 16, 8, 6, 15, 10, 2, 17, 9, 4, 13, 11, 3, 18, 7, 5, 14, 12)(19, 34, 26, 24, 33, 28, 20, 35, 27, 22, 31, 29, 21, 36, 25, 23, 32, 30),  (1, 
12, 14, 5, 7, 18, 3, 11, 13, 4, 9, 17, 2, 10, 15, 6, 8, 16)(19, 30, 32, 23, 25, 36, 21, 29, 31, 22, 27, 35, 20, 28, 33, 24, 26, 34),  ], [  
(1, 6, 2, 4, 3, 5)(7, 12, 8, 10, 9, 11)(13, 18, 14, 16, 15, 17)(19, 24, 20, 22, 21, 23)(25, 30, 26, 28, 27, 29)(31, 36, 32, 34, 33, 35),  (1, 
5, 3, 4, 2, 6)(7, 11, 9, 10, 8, 12)(13, 17, 15, 16, 14, 18)(19, 23, 21, 22, 20, 24)(25, 29, 27, 28, 26, 30)(31, 35, 33, 34, 32, 36),  ], [  
(1, 14, 7, 3, 13, 9, 2, 15, 8)(4, 17, 10, 6, 16, 12, 5, 18, 11)(19, 32, 25, 21, 31, 27, 20, 33, 26)(22, 35, 28, 24, 34, 30, 23, 36, 29),  (1, 
8, 15, 2, 9, 13, 3, 7, 14)(4, 11, 18, 5, 12, 16, 6, 10, 17)(19, 26, 33, 20, 27, 31, 21, 25, 32)(22, 29, 36, 23, 30, 34, 24, 28, 35),  ], [  
(1, 7, 13, 2, 8, 14, 3, 9, 15)(4, 10, 16, 5, 11, 17, 6, 12, 18)(19, 25, 31, 20, 26, 32, 21, 27, 33)(22, 28, 34, 23, 29, 35, 24, 30, 36),  (1, 
15, 9, 3, 14, 8, 2, 13, 7)(4, 18, 12, 6, 17, 11, 5, 16, 10)(19, 33, 27, 21, 32, 26, 20, 31, 25)(22, 36, 30, 24, 35, 29, 23, 34, 28),  ], [  
(1, 8, 15, 2, 9, 13, 3, 7, 14)(4, 11, 18, 5, 12, 16, 6, 10, 17)(19, 26, 33, 20, 27, 31, 21, 25, 32)(22, 29, 36, 23, 30, 34, 24, 28, 35),  (1, 
14, 7, 3, 13, 9, 2, 15, 8)(4, 17, 10, 6, 16, 12, 5, 18, 11)(19, 32, 25, 21, 31, 27, 20, 33, 26)(22, 35, 28, 24, 34, 30, 23, 36, 29),  ], [  
(1, 15, 9, 3, 14, 8, 2, 13, 7)(4, 18, 12, 6, 17, 11, 5, 16, 10)(19, 33, 27, 21, 32, 26, 20, 31, 25)(22, 36, 30, 24, 35, 29, 23, 34, 28),  (1, 
7, 13, 2, 8, 14, 3, 9, 15)(4, 10, 16, 5, 11, 17, 6, 12, 18)(19, 25, 31, 20, 26, 32, 21, 27, 33)(22, 28, 34, 23, 29, 35, 24, 30, 36),  ], [  
(1, 30, 17, 20, 7, 36, 6, 26, 13, 22, 12, 32, 2, 28, 18, 21, 8, 34, 4, 27, 14, 23, 10, 33, 3, 29, 16, 19, 9, 35, 5, 25, 15, 24, 11, 31),  (1, 
34, 8, 24, 15, 28, 2, 35, 9, 22, 13, 29, 3, 36, 7, 23, 14, 30)(4, 31, 11, 21, 18, 25, 5, 32, 12, 19, 16, 26, 6, 33, 10, 20, 17, 27),  ], [  
(1, 23, 6, 19, 2, 24, 4, 20, 3, 22, 5, 21)(7, 29, 12, 25, 8, 30, 10, 26, 9, 28, 11, 27)(13, 35, 18, 31, 14, 36, 16, 32, 15, 34, 17, 33),  (1, 
24, 2, 22, 3, 23)(4, 21, 5, 19, 6, 20)(7, 30, 8, 28, 9, 29)(10, 27, 11, 25, 12, 26)(13, 36, 14, 34, 15, 35)(16, 33, 17, 31, 18, 32),  ], [  
(1, 34, 11, 21, 15, 28, 5, 32, 9, 22, 16, 26, 3, 36, 10, 20, 14, 30, 4, 31, 8, 24, 18, 25, 2, 35, 12, 19, 13, 29, 6, 33, 7, 23, 17, 27),  (1, 
30, 14, 23, 7, 36, 3, 29, 13, 22, 9, 35, 2, 28, 15, 24, 8, 34)(4, 27, 17, 20, 10, 33, 6, 26, 16, 19, 12, 32, 5, 25, 18, 21, 11, 31),  ], [  
(1, 24, 5, 19, 3, 23, 4, 21, 2, 22, 6, 20)(7, 30, 11, 25, 9, 29, 10, 27, 8, 28, 12, 26)(13, 36, 17, 31, 15, 35, 16, 33, 14, 34, 18, 32),  (1, 
23, 3, 22, 2, 24)(4, 20, 6, 19, 5, 21)(7, 29, 9, 28, 8, 30)(10, 26, 12, 25, 11, 27)(13, 35, 15, 34, 14, 36)(16, 32, 18, 31, 17, 33),  ], [  
(1, 32, 10, 24, 13, 27, 5, 36, 8, 19, 17, 28, 3, 31, 12, 23, 15, 26, 4, 35, 7, 21, 16, 30, 2, 33, 11, 22, 14, 25, 6, 34, 9, 20, 18, 29),  (1, 
26, 15, 20, 9, 31, 3, 25, 14, 19, 8, 33, 2, 27, 13, 21, 7, 32)(4, 29, 18, 23, 12, 34, 6, 28, 17, 22, 11, 36, 5, 30, 16, 24, 10, 35),  ], [  
(1, 25, 16, 23, 8, 32, 6, 30, 15, 19, 10, 34, 2, 26, 17, 24, 9, 33, 4, 28, 13, 20, 11, 35, 3, 27, 18, 22, 7, 31, 5, 29, 14, 21, 12, 36),  (1, 
33, 9, 21, 14, 26, 2, 31, 7, 19, 15, 27, 3, 32, 8, 20, 13, 25)(4, 36, 12, 24, 17, 29, 5, 34, 10, 22, 18, 30, 6, 35, 11, 23, 16, 28),  ], [  
(1, 26, 18, 23, 9, 31, 6, 28, 14, 19, 11, 36, 2, 27, 16, 24, 7, 32, 4, 29, 15, 20, 12, 34, 3, 25, 17, 22, 8, 33, 5, 30, 13, 21, 10, 35),  (1, 
32, 7, 21, 13, 27, 2, 33, 8, 19, 14, 25, 3, 31, 9, 20, 15, 26)(4, 35, 10, 24, 16, 30, 5, 36, 11, 22, 17, 28, 6, 34, 12, 23, 18, 29),  ], [  
(1, 33, 12, 24, 14, 26, 5, 34, 7, 19, 18, 30, 3, 32, 11, 23, 13, 25, 4, 36, 9, 21, 17, 29, 2, 31, 10, 22, 15, 27, 6, 35, 8, 20, 16, 28),  (1, 
25, 13, 20, 8, 32, 3, 27, 15, 19, 7, 31, 2, 26, 14, 21, 9, 33)(4, 28, 16, 23, 11, 35, 6, 30, 18, 22, 10, 34, 5, 29, 17, 24, 12, 36),  ], [  
(1, 17, 7, 6, 13, 12, 2, 18, 8, 4, 14, 10, 3, 16, 9, 5, 15, 11)(19, 35, 25, 24, 31, 30, 20, 36, 26, 22, 32, 28, 21, 34, 27, 23, 33, 29),  (1, 
11, 15, 5, 9, 16, 3, 10, 14, 4, 8, 18, 2, 12, 13, 6, 7, 17)(19, 29, 33, 23, 27, 34, 21, 28, 32, 22, 26, 36, 20, 30, 31, 24, 25, 35),  ], [  
(1, 10, 13, 5, 8, 17, 3, 12, 15, 4, 7, 16, 2, 11, 14, 6, 9, 18)(19, 28, 31, 23, 26, 35, 21, 30, 33, 22, 25, 34, 20, 29, 32, 24, 27, 36),  (1, 
18, 9, 6, 14, 11, 2, 16, 7, 4, 15, 12, 3, 17, 8, 5, 13, 10)(19, 36, 27, 24, 32, 29, 20, 34, 25, 22, 33, 30, 21, 35, 26, 23, 31, 28),  ], [  
(1, 11, 15, 5, 9, 16, 3, 10, 14, 4, 8, 18, 2, 12, 13, 6, 7, 17)(19, 29, 33, 23, 27, 34, 21, 28, 32, 22, 26, 36, 20, 30, 31, 24, 25, 35),  (1, 
17, 7, 6, 13, 12, 2, 18, 8, 4, 14, 10, 3, 16, 9, 5, 15, 11)(19, 35, 25, 24, 31, 30, 20, 36, 26, 22, 32, 28, 21, 34, 27, 23, 33, 29),  ], [  
(1, 18, 9, 6, 14, 11, 2, 16, 7, 4, 15, 12, 3, 17, 8, 5, 13, 10)(19, 36, 27, 24, 32, 29, 20, 34, 25, 22, 33, 30, 21, 35, 26, 23, 31, 28),  (1, 
10, 13, 5, 8, 17, 3, 12, 15, 4, 7, 16, 2, 11, 14, 6, 9, 18)(19, 28, 31, 23, 26, 35, 21, 30, 33, 22, 25, 34, 20, 29, 32, 24, 27, 36),  ], [  
(1, 35, 10, 21, 13, 30, 5, 33, 8, 22, 17, 25, 3, 34, 12, 20, 15, 29, 4, 32, 7, 24, 16, 27, 2, 36, 11, 19, 14, 28, 6, 31, 9, 23, 18, 26),  (1, 
29, 15, 23, 9, 34, 3, 28, 14, 22, 8, 36, 2, 30, 13, 24, 7, 35)(4, 26, 18, 20, 12, 31, 6, 25, 17, 19, 11, 33, 5, 27, 16, 21, 10, 32),  ], [  
(1, 28, 16, 20, 8, 35, 6, 27, 15, 22, 10, 31, 2, 29, 17, 21, 9, 36, 4, 25, 13, 23, 11, 32, 3, 30, 18, 19, 7, 34, 5, 26, 14, 24, 12, 33),  (1, 
36, 9, 24, 14, 29, 2, 34, 7, 22, 15, 30, 3, 35, 8, 23, 13, 28)(4, 33, 12, 21, 17, 26, 5, 31, 10, 19, 18, 27, 6, 32, 11, 20, 16, 25),  ], [  
(1, 29, 18, 20, 9, 34, 6, 25, 14, 22, 11, 33, 2, 30, 16, 21, 7, 35, 4, 26, 15, 23, 12, 31, 3, 28, 17, 19, 8, 36, 5, 27, 13, 24, 10, 32),  (1, 
35, 7, 24, 13, 30, 2, 36, 8, 22, 14, 28, 3, 34, 9, 23, 15, 29)(4, 32, 10, 21, 16, 27, 5, 33, 11, 19, 17, 25, 6, 31, 12, 20, 18, 26),  ], [  
(1, 36, 12, 21, 14, 29, 5, 31, 7, 22, 18, 27, 3, 35, 11, 20, 13, 28, 4, 33, 9, 24, 17, 26, 2, 34, 10, 19, 15, 30, 6, 32, 8, 23, 16, 25),  (1, 
28, 13, 23, 8, 35, 3, 30, 15, 22, 7, 34, 2, 29, 14, 24, 9, 36)(4, 25, 16, 20, 11, 32, 6, 27, 18, 19, 10, 31, 5, 26, 17, 21, 12, 33),  ], ]
);

BRACES[36].brace[2] := rec ( size := 36, perms := [ [  (),  (),  ], [  (1, 19, 4, 22)(2, 20, 5, 23)(3, 21, 6, 24)(7, 25, 10, 28)(8, 26, 11, 
29)(9, 27, 12, 30)(13, 31, 16, 34)(14, 32, 17, 35)(15, 33, 18, 36),  (1, 19)(2, 21)(3, 20)(4, 22)(5, 24)(6, 23)(7, 33)(8, 32)(9, 31)(10, 
36)(11, 35)(12, 34)(13, 27)(14, 26)(15, 25)(16, 30)(17, 29)(18, 28),  ], [  (1, 4)(2, 5)(3, 6)(7, 10)(8, 11)(9, 12)(13, 16)(14, 17)(15, 
18)(19, 22)(20, 23)(21, 24)(25, 28)(26, 29)(27, 30)(31, 34)(32, 35)(33, 36),  (1, 4)(2, 5)(3, 6)(7, 10)(8, 11)(9, 12)(13, 16)(14, 17)(15, 
18)(19, 22)(20, 23)(21, 24)(25, 28)(26, 29)(27, 30)(31, 34)(32, 35)(33, 36),  ], [  (1, 9, 14, 2, 7, 15, 3, 8, 13)(4, 12, 17, 5, 10, 18, 6, 
11, 16)(19, 27, 32, 20, 25, 33, 21, 26, 31)(22, 30, 35, 23, 28, 36, 24, 29, 34),  (1, 13, 8, 3, 15, 7, 2, 14, 9)(4, 16, 11, 6, 18, 10, 5, 17, 
12)(19, 31, 26, 21, 33, 25, 20, 32, 27)(22, 34, 29, 24, 36, 28, 23, 35, 30),  ], [  (1, 2, 3)(4, 5, 6)(7, 8, 9)(10, 11, 12)(13, 14, 15)(16, 
17, 18)(19, 20, 21)(22, 23, 24)(25, 26, 27)(28, 29, 30)(31, 32, 33)(34, 35, 36),  (1, 3, 2)(4, 6, 5)(7, 9, 8)(10, 12, 11)(13, 15, 14)(16, 18, 
17)(19, 21, 20)(22, 24, 23)(25, 27, 26)(28, 30, 29)(31, 33, 32)(34, 36, 35),  ], [  (1, 13, 8, 3, 15, 7, 2, 14, 9)(4, 16, 11, 6, 18, 10, 5, 
17, 12)(19, 31, 26, 21, 33, 25, 20, 32, 27)(22, 34, 29, 24, 36, 28, 23, 35, 30),  (1, 9, 14, 2, 7, 15, 3, 8, 13)(4, 12, 17, 5, 10, 18, 6, 11, 
16)(19, 27, 32, 20, 25, 33, 21, 26, 31)(22, 30, 35, 23, 28, 36, 24, 29, 34),  ], [  (1, 3, 2)(4, 6, 5)(7, 9, 8)(10, 12, 11)(13, 15, 14)(16, 
18, 17)(19, 21, 20)(22, 24, 23)(25, 27, 26)(28, 30, 29)(31, 33, 32)(34, 36, 35),  (1, 2, 3)(4, 5, 6)(7, 8, 9)(10, 11, 12)(13, 14, 15)(16, 17, 
18)(19, 20, 21)(22, 23, 24)(25, 26, 27)(28, 29, 30)(31, 32, 33)(34, 35, 36),  ], [  (1, 22, 4, 19)(2, 23, 5, 20)(3, 24, 6, 21)(7, 28, 10, 
25)(8, 29, 11, 26)(9, 30, 12, 27)(13, 34, 16, 31)(14, 35, 17, 32)(15, 36, 18, 33),  (1, 22)(2, 24)(3, 23)(4, 19)(5, 21)(6, 20)(7, 36)(8, 
35)(9, 34)(10, 33)(11, 32)(12, 31)(13, 30)(14, 29)(15, 28)(16, 27)(17, 26)(18, 25),  ], [  (1, 31, 11, 24, 15, 25, 5, 35, 9, 19, 16, 29, 3, 
33, 10, 23, 14, 27, 4, 34, 8, 21, 18, 28, 2, 32, 12, 22, 13, 26, 6, 36, 7, 20, 17, 30),  (1, 31)(2, 33)(3, 32)(4, 34)(5, 36)(6, 35)(7, 25)(8, 
27)(9, 26)(10, 28)(11, 30)(12, 29)(13, 19)(14, 21)(15, 20)(16, 22)(17, 24)(18, 23),  ], [  (1, 21, 5, 22, 3, 20, 4, 24, 2, 19, 6, 23)(7, 27, 
11, 28, 9, 26, 10, 30, 8, 25, 12, 29)(13, 33, 17, 34, 15, 32, 16, 36, 14, 31, 18, 35),  (1, 21)(2, 20)(3, 19)(4, 24)(5, 23)(6, 22)(7, 32)(8, 
31)(9, 33)(10, 35)(11, 34)(12, 36)(13, 26)(14, 25)(15, 27)(16, 29)(17, 28)(18, 30),  ], [  (1, 27, 17, 23, 7, 33, 6, 29, 13, 19, 12, 35, 2, 
25, 18, 24, 8, 31, 4, 30, 14, 20, 10, 36, 3, 26, 16, 22, 9, 32, 5, 28, 15, 21, 11, 34),  (1, 27)(2, 26)(3, 25)(4, 30)(5, 29)(6, 28)(7, 21)(8, 
20)(9, 19)(10, 24)(11, 23)(12, 22)(13, 32)(14, 31)(15, 33)(16, 35)(17, 34)(18, 36),  ], [  (1, 20, 6, 22, 2, 21, 4, 23, 3, 19, 5, 24)(7, 26, 
12, 28, 8, 27, 10, 29, 9, 25, 11, 30)(13, 32, 18, 34, 14, 33, 16, 35, 15, 31, 17, 36),  (1, 20)(2, 19)(3, 21)(4, 23)(5, 22)(6, 24)(7, 31)(8, 
33)(9, 32)(10, 34)(11, 36)(12, 35)(13, 25)(14, 27)(15, 26)(16, 28)(17, 30)(18, 29),  ], [  (1, 12, 14, 5, 7, 18, 3, 11, 13, 4, 9, 17, 2, 10, 
15, 6, 8, 16)(19, 30, 32, 23, 25, 36, 21, 29, 31, 22, 27, 35, 20, 28, 33, 24, 26, 34),  (1, 16, 8, 6, 15, 10, 2, 17, 9, 4, 13, 11, 3, 18, 7, 
5, 14, 12)(19, 34, 26, 24, 33, 28, 20, 35, 27, 22, 31, 29, 21, 36, 25, 23, 32, 30),  ], [  (1, 5, 3, 4, 2, 6)(7, 11, 9, 10, 8, 12)(13, 17, 15,
16, 14, 18)(19, 23, 21, 22, 20, 24)(25, 29, 27, 28, 26, 30)(31, 35, 33, 34, 32, 36),  (1, 6, 2, 4, 3, 5)(7, 12, 8, 10, 9, 11)(13, 18, 14, 16, 
15, 17)(19, 24, 20, 22, 21, 23)(25, 30, 26, 28, 27, 29)(31, 36, 32, 34, 33, 35),  ], [  (1, 16, 8, 6, 15, 10, 2, 17, 9, 4, 13, 11, 3, 18, 7, 
5, 14, 12)(19, 34, 26, 24, 33, 28, 20, 35, 27, 22, 31, 29, 21, 36, 25, 23, 32, 30),  (1, 12, 14, 5, 7, 18, 3, 11, 13, 4, 9, 17, 2, 10, 15, 6, 
8, 16)(19, 30, 32, 23, 25, 36, 21, 29, 31, 22, 27, 35, 20, 28, 33, 24, 26, 34),  ], [  (1, 6, 2, 4, 3, 5)(7, 12, 8, 10, 9, 11)(13, 18, 14, 16,
15, 17)(19, 24, 20, 22, 21, 23)(25, 30, 26, 28, 27, 29)(31, 36, 32, 34, 33, 35),  (1, 5, 3, 4, 2, 6)(7, 11, 9, 10, 8, 12)(13, 17, 15, 16, 14, 
18)(19, 23, 21, 22, 20, 24)(25, 29, 27, 28, 26, 30)(31, 35, 33, 34, 32, 36),  ], [  (1, 14, 7, 3, 13, 9, 2, 15, 8)(4, 17, 10, 6, 16, 12, 5, 
18, 11)(19, 32, 25, 21, 31, 27, 20, 33, 26)(22, 35, 28, 24, 34, 30, 23, 36, 29),  (1, 8, 15, 2, 9, 13, 3, 7, 14)(4, 11, 18, 5, 12, 16, 6, 10, 
17)(19, 26, 33, 20, 27, 31, 21, 25, 32)(22, 29, 36, 23, 30, 34, 24, 28, 35),  ], [  (1, 7, 13, 2, 8, 14, 3, 9, 15)(4, 10, 16, 5, 11, 17, 6, 
12, 18)(19, 25, 31, 20, 26, 32, 21, 27, 33)(22, 28, 34, 23, 29, 35, 24, 30, 36),  (1, 15, 9, 3, 14, 8, 2, 13, 7)(4, 18, 12, 6, 17, 11, 5, 16, 
10)(19, 33, 27, 21, 32, 26, 20, 31, 25)(22, 36, 30, 24, 35, 29, 23, 34, 28),  ], [  (1, 8, 15, 2, 9, 13, 3, 7, 14)(4, 11, 18, 5, 12, 16, 6, 
10, 17)(19, 26, 33, 20, 27, 31, 21, 25, 32)(22, 29, 36, 23, 30, 34, 24, 28, 35),  (1, 14, 7, 3, 13, 9, 2, 15, 8)(4, 17, 10, 6, 16, 12, 5, 18, 
11)(19, 32, 25, 21, 31, 27, 20, 33, 26)(22, 35, 28, 24, 34, 30, 23, 36, 29),  ], [  (1, 15, 9, 3, 14, 8, 2, 13, 7)(4, 18, 12, 6, 17, 11, 5, 
16, 10)(19, 33, 27, 21, 32, 26, 20, 31, 25)(22, 36, 30, 24, 35, 29, 23, 34, 28),  (1, 7, 13, 2, 8, 14, 3, 9, 15)(4, 10, 16, 5, 11, 17, 6, 12, 
18)(19, 25, 31, 20, 26, 32, 21, 27, 33)(22, 28, 34, 23, 29, 35, 24, 30, 36),  ], [  (1, 34, 11, 21, 15, 28, 5, 32, 9, 22, 16, 26, 3, 36, 10, 
20, 14, 30, 4, 31, 8, 24, 18, 25, 2, 35, 12, 19, 13, 29, 6, 33, 7, 23, 17, 27),  (1, 34)(2, 36)(3, 35)(4, 31)(5, 33)(6, 32)(7, 28)(8, 30)(9, 
29)(10, 25)(11, 27)(12, 26)(13, 22)(14, 24)(15, 23)(16, 19)(17, 21)(18, 20),  ], [  (1, 24, 5, 19, 3, 23, 4, 21, 2, 22, 6, 20)(7, 30, 11, 25, 
9, 29, 10, 27, 8, 28, 12, 26)(13, 36, 17, 31, 15, 35, 16, 33, 14, 34, 18, 32),  (1, 24)(2, 23)(3, 22)(4, 21)(5, 20)(6, 19)(7, 35)(8, 34)(9, 
36)(10, 32)(11, 31)(12, 33)(13, 29)(14, 28)(15, 30)(16, 26)(17, 25)(18, 27),  ], [  (1, 30, 17, 20, 7, 36, 6, 26, 13, 22, 12, 32, 2, 28, 18, 
21, 8, 34, 4, 27, 14, 23, 10, 33, 3, 29, 16, 19, 9, 35, 5, 25, 15, 24, 11, 31),  (1, 30)(2, 29)(3, 28)(4, 27)(5, 26)(6, 25)(7, 24)(8, 23)(9, 
22)(10, 21)(11, 20)(12, 19)(13, 35)(14, 34)(15, 36)(16, 32)(17, 31)(18, 33),  ], [  (1, 23, 6, 19, 2, 24, 4, 20, 3, 22, 5, 21)(7, 29, 12, 25, 
8, 30, 10, 26, 9, 28, 11, 27)(13, 35, 18, 31, 14, 36, 16, 32, 15, 34, 17, 33),  (1, 23)(2, 22)(3, 24)(4, 20)(5, 19)(6, 21)(7, 34)(8, 36)(9, 
35)(10, 31)(11, 33)(12, 32)(13, 28)(14, 30)(15, 29)(16, 25)(17, 27)(18, 26),  ], [  (1, 26, 18, 23, 9, 31, 6, 28, 14, 19, 11, 36, 2, 27, 16, 
24, 7, 32, 4, 29, 15, 20, 12, 34, 3, 25, 17, 22, 8, 33, 5, 30, 13, 21, 10, 35),  (1, 26)(2, 25)(3, 27)(4, 29)(5, 28)(6, 30)(7, 20)(8, 19)(9, 
21)(10, 23)(11, 22)(12, 24)(13, 31)(14, 33)(15, 32)(16, 34)(17, 36)(18, 35),  ], [  (1, 33, 12, 24, 14, 26, 5, 34, 7, 19, 18, 30, 3, 32, 11, 
23, 13, 25, 4, 36, 9, 21, 17, 29, 2, 31, 10, 22, 15, 27, 6, 35, 8, 20, 16, 28),  (1, 33)(2, 32)(3, 31)(4, 36)(5, 35)(6, 34)(7, 27)(8, 26)(9, 
25)(10, 30)(11, 29)(12, 28)(13, 21)(14, 20)(15, 19)(16, 24)(17, 23)(18, 22),  ], [  (1, 32, 10, 24, 13, 27, 5, 36, 8, 19, 17, 28, 3, 31, 12, 
23, 15, 26, 4, 35, 7, 21, 16, 30, 2, 33, 11, 22, 14, 25, 6, 34, 9, 20, 18, 29),  (1, 32)(2, 31)(3, 33)(4, 35)(5, 34)(6, 36)(7, 26)(8, 25)(9, 
27)(10, 29)(11, 28)(12, 30)(13, 20)(14, 19)(15, 21)(16, 23)(17, 22)(18, 24),  ], [  (1, 25, 16, 23, 8, 32, 6, 30, 15, 19, 10, 34, 2, 26, 17, 
24, 9, 33, 4, 28, 13, 20, 11, 35, 3, 27, 18, 22, 7, 31, 5, 29, 14, 21, 12, 36),  (1, 25)(2, 27)(3, 26)(4, 28)(5, 30)(6, 29)(7, 19)(8, 21)(9, 
20)(10, 22)(11, 24)(12, 23)(13, 33)(14, 32)(15, 31)(16, 36)(17, 35)(18, 34),  ], [  (1, 17, 7, 6, 13, 12, 2, 18, 8, 4, 14, 10, 3, 16, 9, 5, 
15, 11)(19, 35, 25, 24, 31, 30, 20, 36, 26, 22, 32, 28, 21, 34, 27, 23, 33, 29),  (1, 11, 15, 5, 9, 16, 3, 10, 14, 4, 8, 18, 2, 12, 13, 6, 7, 
17)(19, 29, 33, 23, 27, 34, 21, 28, 32, 22, 26, 36, 20, 30, 31, 24, 25, 35),  ], [  (1, 10, 13, 5, 8, 17, 3, 12, 15, 4, 7, 16, 2, 11, 14, 6, 
9, 18)(19, 28, 31, 23, 26, 35, 21, 30, 33, 22, 25, 34, 20, 29, 32, 24, 27, 36),  (1, 18, 9, 6, 14, 11, 2, 16, 7, 4, 15, 12, 3, 17, 8, 5, 13, 
10)(19, 36, 27, 24, 32, 29, 20, 34, 25, 22, 33, 30, 21, 35, 26, 23, 31, 28),  ], [  (1, 11, 15, 5, 9, 16, 3, 10, 14, 4, 8, 18, 2, 12, 13, 6, 
7, 17)(19, 29, 33, 23, 27, 34, 21, 28, 32, 22, 26, 36, 20, 30, 31, 24, 25, 35),  (1, 17, 7, 6, 13, 12, 2, 18, 8, 4, 14, 10, 3, 16, 9, 5, 15, 
11)(19, 35, 25, 24, 31, 30, 20, 36, 26, 22, 32, 28, 21, 34, 27, 23, 33, 29),  ], [  (1, 18, 9, 6, 14, 11, 2, 16, 7, 4, 15, 12, 3, 17, 8, 5, 
13, 10)(19, 36, 27, 24, 32, 29, 20, 34, 25, 22, 33, 30, 21, 35, 26, 23, 31, 28),  (1, 10, 13, 5, 8, 17, 3, 12, 15, 4, 7, 16, 2, 11, 14, 6, 9, 
18)(19, 28, 31, 23, 26, 35, 21, 30, 33, 22, 25, 34, 20, 29, 32, 24, 27, 36),  ], [  (1, 29, 18, 20, 9, 34, 6, 25, 14, 22, 11, 33, 2, 30, 16, 
21, 7, 35, 4, 26, 15, 23, 12, 31, 3, 28, 17, 19, 8, 36, 5, 27, 13, 24, 10, 32),  (1, 29)(2, 28)(3, 30)(4, 26)(5, 25)(6, 27)(7, 23)(8, 22)(9, 
24)(10, 20)(11, 19)(12, 21)(13, 34)(14, 36)(15, 35)(16, 31)(17, 33)(18, 32),  ], [  (1, 36, 12, 21, 14, 29, 5, 31, 7, 22, 18, 27, 3, 35, 11, 
20, 13, 28, 4, 33, 9, 24, 17, 26, 2, 34, 10, 19, 15, 30, 6, 32, 8, 23, 16, 25),  (1, 36)(2, 35)(3, 34)(4, 33)(5, 32)(6, 31)(7, 30)(8, 29)(9, 
28)(10, 27)(11, 26)(12, 25)(13, 24)(14, 23)(15, 22)(16, 21)(17, 20)(18, 19),  ], [  (1, 35, 10, 21, 13, 30, 5, 33, 8, 22, 17, 25, 3, 34, 12, 
20, 15, 29, 4, 32, 7, 24, 16, 27, 2, 36, 11, 19, 14, 28, 6, 31, 9, 23, 18, 26),  (1, 35)(2, 34)(3, 36)(4, 32)(5, 31)(6, 33)(7, 29)(8, 28)(9, 
30)(10, 26)(11, 25)(12, 27)(13, 23)(14, 22)(15, 24)(16, 20)(17, 19)(18, 21),  ], [  (1, 28, 16, 20, 8, 35, 6, 27, 15, 22, 10, 31, 2, 29, 17, 
21, 9, 36, 4, 25, 13, 23, 11, 32, 3, 30, 18, 19, 7, 34, 5, 26, 14, 24, 12, 33),  (1, 28)(2, 30)(3, 29)(4, 25)(5, 27)(6, 26)(7, 22)(8, 24)(9, 
23)(10, 19)(11, 21)(12, 20)(13, 36)(14, 35)(15, 34)(16, 33)(17, 32)(18, 31),  ], ]
);

BRACES[36].brace[3] := rec ( size := 36, perms := [ [  (),  (),  ], [  (1, 22, 4, 19)(2, 23, 5, 20)(3, 24, 6, 21)(7, 28, 10, 25)(8, 29, 11, 
26)(9, 30, 12, 27)(13, 34, 16, 31)(14, 35, 17, 32)(15, 36, 18, 33),  (1, 19, 4, 22)(2, 21, 5, 24)(3, 20, 6, 23)(7, 33, 10, 36)(8, 32, 11, 
35)(9, 31, 12, 34)(13, 27, 16, 30)(14, 26, 17, 29)(15, 25, 18, 28),  ], [  (1, 4)(2, 5)(3, 6)(7, 10)(8, 11)(9, 12)(13, 16)(14, 17)(15, 18)(19,
22)(20, 23)(21, 24)(25, 28)(26, 29)(27, 30)(31, 34)(32, 35)(33, 36),  (1, 4)(2, 5)(3, 6)(7, 10)(8, 11)(9, 12)(13, 16)(14, 17)(15, 18)(19, 
22)(20, 23)(21, 24)(25, 28)(26, 29)(27, 30)(31, 34)(32, 35)(33, 36),  ], [  (1, 9, 14, 2, 7, 15, 3, 8, 13)(4, 12, 17, 5, 10, 18, 6, 11, 
16)(19, 27, 32, 20, 25, 33, 21, 26, 31)(22, 30, 35, 23, 28, 36, 24, 29, 34),  (1, 13, 8, 3, 15, 7, 2, 14, 9)(4, 16, 11, 6, 18, 10, 5, 17, 
12)(19, 31, 26, 21, 33, 25, 20, 32, 27)(22, 34, 29, 24, 36, 28, 23, 35, 30),  ], [  (1, 2, 3)(4, 5, 6)(7, 8, 9)(10, 11, 12)(13, 14, 15)(16, 
17, 18)(19, 20, 21)(22, 23, 24)(25, 26, 27)(28, 29, 30)(31, 32, 33)(34, 35, 36),  (1, 3, 2)(4, 6, 5)(7, 9, 8)(10, 12, 11)(13, 15, 14)(16, 18, 
17)(19, 21, 20)(22, 24, 23)(25, 27, 26)(28, 30, 29)(31, 33, 32)(34, 36, 35),  ], [  (1, 19, 4, 22)(2, 20, 5, 23)(3, 21, 6, 24)(7, 25, 10, 
28)(8, 26, 11, 29)(9, 27, 12, 30)(13, 31, 16, 34)(14, 32, 17, 35)(15, 33, 18, 36),  (1, 22, 4, 19)(2, 24, 5, 21)(3, 23, 6, 20)(7, 36, 10, 
33)(8, 35, 11, 32)(9, 34, 12, 31)(13, 30, 16, 27)(14, 29, 17, 26)(15, 28, 18, 25),  ], [  (1, 13, 8, 3, 15, 7, 2, 14, 9)(4, 16, 11, 6, 18, 10,
5, 17, 12)(19, 31, 26, 21, 33, 25, 20, 32, 27)(22, 34, 29, 24, 36, 28, 23, 35, 30),  (1, 9, 14, 2, 7, 15, 3, 8, 13)(4, 12, 17, 5, 10, 18, 6, 
11, 16)(19, 27, 32, 20, 25, 33, 21, 26, 31)(22, 30, 35, 23, 28, 36, 24, 29, 34),  ], [  (1, 3, 2)(4, 6, 5)(7, 9, 8)(10, 12, 11)(13, 15, 
14)(16, 18, 17)(19, 21, 20)(22, 24, 23)(25, 27, 26)(28, 30, 29)(31, 33, 32)(34, 36, 35),  (1, 2, 3)(4, 5, 6)(7, 8, 9)(10, 11, 12)(13, 14, 
15)(16, 17, 18)(19, 20, 21)(22, 23, 24)(25, 26, 27)(28, 29, 30)(31, 32, 33)(34, 35, 36),  ], [  (1, 34, 11, 21, 15, 28, 5, 32, 9, 22, 16, 26, 
3, 36, 10, 20, 14, 30, 4, 31, 8, 24, 18, 25, 2, 35, 12, 19, 13, 29, 6, 33, 7, 23, 17, 27),  (1, 31, 4, 34)(2, 33, 5, 36)(3, 32, 6, 35)(7, 25, 
10, 28)(8, 27, 11, 30)(9, 26, 12, 29)(13, 19, 16, 22)(14, 21, 17, 24)(15, 20, 18, 23),  ], [  (1, 24, 5, 19, 3, 23, 4, 21, 2, 22, 6, 20)(7, 
30, 11, 25, 9, 29, 10, 27, 8, 28, 12, 26)(13, 36, 17, 31, 15, 35, 16, 33, 14, 34, 18, 32),  (1, 21, 4, 24)(2, 20, 5, 23)(3, 19, 6, 22)(7, 32, 
10, 35)(8, 31, 11, 34)(9, 33, 12, 36)(13, 26, 16, 29)(14, 25, 17, 28)(15, 27, 18, 30),  ], [  (1, 30, 17, 20, 7, 36, 6, 26, 13, 22, 12, 32, 2,
28, 18, 21, 8, 34, 4, 27, 14, 23, 10, 33, 3, 29, 16, 19, 9, 35, 5, 25, 15, 24, 11, 31),  (1, 27, 4, 30)(2, 26, 5, 29)(3, 25, 6, 28)(7, 21, 10,
24)(8, 20, 11, 23)(9, 19, 12, 22)(13, 32, 16, 35)(14, 31, 17, 34)(15, 33, 18, 36),  ], [  (1, 23, 6, 19, 2, 24, 4, 20, 3, 22, 5, 21)(7, 29, 
12, 25, 8, 30, 10, 26, 9, 28, 11, 27)(13, 35, 18, 31, 14, 36, 16, 32, 15, 34, 17, 33),  (1, 20, 4, 23)(2, 19, 5, 22)(3, 21, 6, 24)(7, 31, 10, 
34)(8, 33, 11, 36)(9, 32, 12, 35)(13, 25, 16, 28)(14, 27, 17, 30)(15, 26, 18, 29),  ], [  (1, 12, 14, 5, 7, 18, 3, 11, 13, 4, 9, 17, 2, 10, 
15, 6, 8, 16)(19, 30, 32, 23, 25, 36, 21, 29, 31, 22, 27, 35, 20, 28, 33, 24, 26, 34),  (1, 16, 8, 6, 15, 10, 2, 17, 9, 4, 13, 11, 3, 18, 7, 
5, 14, 12)(19, 34, 26, 24, 33, 28, 20, 35, 27, 22, 31, 29, 21, 36, 25, 23, 32, 30),  ], [  (1, 5, 3, 4, 2, 6)(7, 11, 9, 10, 8, 12)(13, 17, 15,
16, 14, 18)(19, 23, 21, 22, 20, 24)(25, 29, 27, 28, 26, 30)(31, 35, 33, 34, 32, 36),  (1, 6, 2, 4, 3, 5)(7, 12, 8, 10, 9, 11)(13, 18, 14, 16, 
15, 17)(19, 24, 20, 22, 21, 23)(25, 30, 26, 28, 27, 29)(31, 36, 32, 34, 33, 35),  ], [  (1, 16, 8, 6, 15, 10, 2, 17, 9, 4, 13, 11, 3, 18, 7, 
5, 14, 12)(19, 34, 26, 24, 33, 28, 20, 35, 27, 22, 31, 29, 21, 36, 25, 23, 32, 30),  (1, 12, 14, 5, 7, 18, 3, 11, 13, 4, 9, 17, 2, 10, 15, 6, 
8, 16)(19, 30, 32, 23, 25, 36, 21, 29, 31, 22, 27, 35, 20, 28, 33, 24, 26, 34),  ], [  (1, 6, 2, 4, 3, 5)(7, 12, 8, 10, 9, 11)(13, 18, 14, 16,
15, 17)(19, 24, 20, 22, 21, 23)(25, 30, 26, 28, 27, 29)(31, 36, 32, 34, 33, 35),  (1, 5, 3, 4, 2, 6)(7, 11, 9, 10, 8, 12)(13, 17, 15, 16, 14, 
18)(19, 23, 21, 22, 20, 24)(25, 29, 27, 28, 26, 30)(31, 35, 33, 34, 32, 36),  ], [  (1, 14, 7, 3, 13, 9, 2, 15, 8)(4, 17, 10, 6, 16, 12, 5, 
18, 11)(19, 32, 25, 21, 31, 27, 20, 33, 26)(22, 35, 28, 24, 34, 30, 23, 36, 29),  (1, 8, 15, 2, 9, 13, 3, 7, 14)(4, 11, 18, 5, 12, 16, 6, 10, 
17)(19, 26, 33, 20, 27, 31, 21, 25, 32)(22, 29, 36, 23, 30, 34, 24, 28, 35),  ], [  (1, 7, 13, 2, 8, 14, 3, 9, 15)(4, 10, 16, 5, 11, 17, 6, 
12, 18)(19, 25, 31, 20, 26, 32, 21, 27, 33)(22, 28, 34, 23, 29, 35, 24, 30, 36),  (1, 15, 9, 3, 14, 8, 2, 13, 7)(4, 18, 12, 6, 17, 11, 5, 16, 
10)(19, 33, 27, 21, 32, 26, 20, 31, 25)(22, 36, 30, 24, 35, 29, 23, 34, 28),  ], [  (1, 27, 17, 23, 7, 33, 6, 29, 13, 19, 12, 35, 2, 25, 18, 
24, 8, 31, 4, 30, 14, 20, 10, 36, 3, 26, 16, 22, 9, 32, 5, 28, 15, 21, 11, 34),  (1, 30, 4, 27)(2, 29, 5, 26)(3, 28, 6, 25)(7, 24, 10, 21)(8, 
23, 11, 20)(9, 22, 12, 19)(13, 35, 16, 32)(14, 34, 17, 31)(15, 36, 18, 33),  ], [  (1, 8, 15, 2, 9, 13, 3, 7, 14)(4, 11, 18, 5, 12, 16, 6, 10,
17)(19, 26, 33, 20, 27, 31, 21, 25, 32)(22, 29, 36, 23, 30, 34, 24, 28, 35),  (1, 14, 7, 3, 13, 9, 2, 15, 8)(4, 17, 10, 6, 16, 12, 5, 18, 
11)(19, 32, 25, 21, 31, 27, 20, 33, 26)(22, 35, 28, 24, 34, 30, 23, 36, 29),  ], [  (1, 20, 6, 22, 2, 21, 4, 23, 3, 19, 5, 24)(7, 26, 12, 28, 
8, 27, 10, 29, 9, 25, 11, 30)(13, 32, 18, 34, 14, 33, 16, 35, 15, 31, 17, 36),  (1, 23, 4, 20)(2, 22, 5, 19)(3, 24, 6, 21)(7, 34, 10, 31)(8, 
36, 11, 33)(9, 35, 12, 32)(13, 28, 16, 25)(14, 30, 17, 27)(15, 29, 18, 26),  ], [  (1, 31, 11, 24, 15, 25, 5, 35, 9, 19, 16, 29, 3, 33, 10, 
23, 14, 27, 4, 34, 8, 21, 18, 28, 2, 32, 12, 22, 13, 26, 6, 36, 7, 20, 17, 30),  (1, 34, 4, 31)(2, 36, 5, 33)(3, 35, 6, 32)(7, 28, 10, 25)(8, 
30, 11, 27)(9, 29, 12, 26)(13, 22, 16, 19)(14, 24, 17, 21)(15, 23, 18, 20),  ], [  (1, 21, 5, 22, 3, 20, 4, 24, 2, 19, 6, 23)(7, 27, 11, 28, 
9, 26, 10, 30, 8, 25, 12, 29)(13, 33, 17, 34, 15, 32, 16, 36, 14, 31, 18, 35),  (1, 24, 4, 21)(2, 23, 5, 20)(3, 22, 6, 19)(7, 35, 10, 32)(8, 
34, 11, 31)(9, 36, 12, 33)(13, 29, 16, 26)(14, 28, 17, 25)(15, 30, 18, 27),  ], [  (1, 15, 9, 3, 14, 8, 2, 13, 7)(4, 18, 12, 6, 17, 11, 5, 16,
10)(19, 33, 27, 21, 32, 26, 20, 31, 25)(22, 36, 30, 24, 35, 29, 23, 34, 28),  (1, 7, 13, 2, 8, 14, 3, 9, 15)(4, 10, 16, 5, 11, 17, 6, 12, 
18)(19, 25, 31, 20, 26, 32, 21, 27, 33)(22, 28, 34, 23, 29, 35, 24, 30, 36),  ], [  (1, 29, 18, 20, 9, 34, 6, 25, 14, 22, 11, 33, 2, 30, 16, 
21, 7, 35, 4, 26, 15, 23, 12, 31, 3, 28, 17, 19, 8, 36, 5, 27, 13, 24, 10, 32),  (1, 26, 4, 29)(2, 25, 5, 28)(3, 27, 6, 30)(7, 20, 10, 23)(8, 
19, 11, 22)(9, 21, 12, 24)(13, 31, 16, 34)(14, 33, 17, 36)(15, 32, 18, 35),  ], [  (1, 36, 12, 21, 14, 29, 5, 31, 7, 22, 18, 27, 3, 35, 11, 
20, 13, 28, 4, 33, 9, 24, 17, 26, 2, 34, 10, 19, 15, 30, 6, 32, 8, 23, 16, 25),  (1, 33, 4, 36)(2, 32, 5, 35)(3, 31, 6, 34)(7, 27, 10, 30)(8, 
26, 11, 29)(9, 25, 12, 28)(13, 21, 16, 24)(14, 20, 17, 23)(15, 19, 18, 22),  ], [  (1, 35, 10, 21, 13, 30, 5, 33, 8, 22, 17, 25, 3, 34, 12, 
20, 15, 29, 4, 32, 7, 24, 16, 27, 2, 36, 11, 19, 14, 28, 6, 31, 9, 23, 18, 26),  (1, 32, 4, 35)(2, 31, 5, 34)(3, 33, 6, 36)(7, 26, 10, 29)(8, 
25, 11, 28)(9, 27, 12, 30)(13, 20, 16, 23)(14, 19, 17, 22)(15, 21, 18, 24),  ], [  (1, 28, 16, 20, 8, 35, 6, 27, 15, 22, 10, 31, 2, 29, 17, 
21, 9, 36, 4, 25, 13, 23, 11, 32, 3, 30, 18, 19, 7, 34, 5, 26, 14, 24, 12, 33),  (1, 25, 4, 28)(2, 27, 5, 30)(3, 26, 6, 29)(7, 19, 10, 22)(8, 
21, 11, 24)(9, 20, 12, 23)(13, 33, 16, 36)(14, 32, 17, 35)(15, 31, 18, 34),  ], [  (1, 17, 7, 6, 13, 12, 2, 18, 8, 4, 14, 10, 3, 16, 9, 5, 15,
11)(19, 35, 25, 24, 31, 30, 20, 36, 26, 22, 32, 28, 21, 34, 27, 23, 33, 29),  (1, 11, 15, 5, 9, 16, 3, 10, 14, 4, 8, 18, 2, 12, 13, 6, 7, 
17)(19, 29, 33, 23, 27, 34, 21, 28, 32, 22, 26, 36, 20, 30, 31, 24, 25, 35),  ], [  (1, 10, 13, 5, 8, 17, 3, 12, 15, 4, 7, 16, 2, 11, 14, 6, 
9, 18)(19, 28, 31, 23, 26, 35, 21, 30, 33, 22, 25, 34, 20, 29, 32, 24, 27, 36),  (1, 18, 9, 6, 14, 11, 2, 16, 7, 4, 15, 12, 3, 17, 8, 5, 13, 
10)(19, 36, 27, 24, 32, 29, 20, 34, 25, 22, 33, 30, 21, 35, 26, 23, 31, 28),  ], [  (1, 11, 15, 5, 9, 16, 3, 10, 14, 4, 8, 18, 2, 12, 13, 6, 
7, 17)(19, 29, 33, 23, 27, 34, 21, 28, 32, 22, 26, 36, 20, 30, 31, 24, 25, 35),  (1, 17, 7, 6, 13, 12, 2, 18, 8, 4, 14, 10, 3, 16, 9, 5, 15, 
11)(19, 35, 25, 24, 31, 30, 20, 36, 26, 22, 32, 28, 21, 34, 27, 23, 33, 29),  ], [  (1, 18, 9, 6, 14, 11, 2, 16, 7, 4, 15, 12, 3, 17, 8, 5, 
13, 10)(19, 36, 27, 24, 32, 29, 20, 34, 25, 22, 33, 30, 21, 35, 26, 23, 31, 28),  (1, 10, 13, 5, 8, 17, 3, 12, 15, 4, 7, 16, 2, 11, 14, 6, 9, 
18)(19, 28, 31, 23, 26, 35, 21, 30, 33, 22, 25, 34, 20, 29, 32, 24, 27, 36),  ], [  (1, 32, 10, 24, 13, 27, 5, 36, 8, 19, 17, 28, 3, 31, 12, 
23, 15, 26, 4, 35, 7, 21, 16, 30, 2, 33, 11, 22, 14, 25, 6, 34, 9, 20, 18, 29),  (1, 35, 4, 32)(2, 34, 5, 31)(3, 36, 6, 33)(7, 29, 10, 26)(8, 
28, 11, 25)(9, 30, 12, 27)(13, 23, 16, 20)(14, 22, 17, 19)(15, 24, 18, 21),  ], [  (1, 25, 16, 23, 8, 32, 6, 30, 15, 19, 10, 34, 2, 26, 17, 
24, 9, 33, 4, 28, 13, 20, 11, 35, 3, 27, 18, 22, 7, 31, 5, 29, 14, 21, 12, 36),  (1, 28, 4, 25)(2, 30, 5, 27)(3, 29, 6, 26)(7, 22, 10, 19)(8, 
24, 11, 21)(9, 23, 12, 20)(13, 36, 16, 33)(14, 35, 17, 32)(15, 34, 18, 31),  ], [  (1, 26, 18, 23, 9, 31, 6, 28, 14, 19, 11, 36, 2, 27, 16, 
24, 7, 32, 4, 29, 15, 20, 12, 34, 3, 25, 17, 22, 8, 33, 5, 30, 13, 21, 10, 35),  (1, 29, 4, 26)(2, 28, 5, 25)(3, 30, 6, 27)(7, 23, 10, 20)(8, 
22, 11, 19)(9, 24, 12, 21)(13, 34, 16, 31)(14, 36, 17, 33)(15, 35, 18, 32),  ], [  (1, 33, 12, 24, 14, 26, 5, 34, 7, 19, 18, 30, 3, 32, 11, 
23, 13, 25, 4, 36, 9, 21, 17, 29, 2, 31, 10, 22, 15, 27, 6, 35, 8, 20, 16, 28),  (1, 36, 4, 33)(2, 35, 5, 32)(3, 34, 6, 31)(7, 30, 10, 27)(8, 
29, 11, 26)(9, 28, 12, 25)(13, 24, 16, 21)(14, 23, 17, 20)(15, 22, 18, 19),  ], ]
);

BRACES[36].brace[4] := rec ( size := 36, perms := [ [  (),  (),  ], [  (1, 22, 4, 19)(2, 23, 5, 20)(3, 24, 6, 21)(7, 28, 10, 25)(8, 29, 11, 
26)(9, 30, 12, 27)(13, 34, 16, 31)(14, 35, 17, 32)(15, 36, 18, 33),  (1, 19, 4, 22)(2, 20, 5, 23)(3, 21, 6, 24)(7, 25, 10, 28)(8, 26, 11, 
29)(9, 27, 12, 30)(13, 31, 16, 34)(14, 32, 17, 35)(15, 33, 18, 36),  ], [  (1, 4)(2, 5)(3, 6)(7, 10)(8, 11)(9, 12)(13, 16)(14, 17)(15, 18)(19,
22)(20, 23)(21, 24)(25, 28)(26, 29)(27, 30)(31, 34)(32, 35)(33, 36),  (1, 4)(2, 5)(3, 6)(7, 10)(8, 11)(9, 12)(13, 16)(14, 17)(15, 18)(19, 
22)(20, 23)(21, 24)(25, 28)(26, 29)(27, 30)(31, 34)(32, 35)(33, 36),  ], [  (1, 9, 14, 2, 7, 15, 3, 8, 13)(4, 12, 17, 5, 10, 18, 6, 11, 
16)(19, 27, 32, 20, 25, 33, 21, 26, 31)(22, 30, 35, 23, 28, 36, 24, 29, 34),  (1, 13, 8, 3, 15, 7, 2, 14, 9)(4, 16, 11, 6, 18, 10, 5, 17, 
12)(19, 31, 26, 21, 33, 25, 20, 32, 27)(22, 34, 29, 24, 36, 28, 23, 35, 30),  ], [  (1, 2, 3)(4, 5, 6)(7, 8, 9)(10, 11, 12)(13, 14, 15)(16, 
17, 18)(19, 20, 21)(22, 23, 24)(25, 26, 27)(28, 29, 30)(31, 32, 33)(34, 35, 36),  (1, 3, 2)(4, 6, 5)(7, 9, 8)(10, 12, 11)(13, 15, 14)(16, 18, 
17)(19, 21, 20)(22, 24, 23)(25, 27, 26)(28, 30, 29)(31, 33, 32)(34, 36, 35),  ], [  (1, 19, 4, 22)(2, 20, 5, 23)(3, 21, 6, 24)(7, 25, 10, 
28)(8, 26, 11, 29)(9, 27, 12, 30)(13, 31, 16, 34)(14, 32, 17, 35)(15, 33, 18, 36),  (1, 22, 4, 19)(2, 23, 5, 20)(3, 24, 6, 21)(7, 28, 10, 
25)(8, 29, 11, 26)(9, 30, 12, 27)(13, 34, 16, 31)(14, 35, 17, 32)(15, 36, 18, 33),  ], [  (1, 13, 8, 3, 15, 7, 2, 14, 9)(4, 16, 11, 6, 18, 10,
5, 17, 12)(19, 31, 26, 21, 33, 25, 20, 32, 27)(22, 34, 29, 24, 36, 28, 23, 35, 30),  (1, 9, 14, 2, 7, 15, 3, 8, 13)(4, 12, 17, 5, 10, 18, 6, 
11, 16)(19, 27, 32, 20, 25, 33, 21, 26, 31)(22, 30, 35, 23, 28, 36, 24, 29, 34),  ], [  (1, 3, 2)(4, 6, 5)(7, 9, 8)(10, 12, 11)(13, 15, 
14)(16, 18, 17)(19, 21, 20)(22, 24, 23)(25, 27, 26)(28, 30, 29)(31, 33, 32)(34, 36, 35),  (1, 2, 3)(4, 5, 6)(7, 8, 9)(10, 11, 12)(13, 14, 
15)(16, 17, 18)(19, 20, 21)(22, 23, 24)(25, 26, 27)(28, 29, 30)(31, 32, 33)(34, 35, 36),  ], [  (1, 30, 17, 20, 7, 36, 6, 26, 13, 22, 12, 32, 
2, 28, 18, 21, 8, 34, 4, 27, 14, 23, 10, 33, 3, 29, 16, 19, 9, 35, 5, 25, 15, 24, 11, 31),  (1, 31, 11, 24, 15, 25, 5, 35, 9, 19, 16, 29, 3, 
33, 10, 23, 14, 27, 4, 34, 8, 21, 18, 28, 2, 32, 12, 22, 13, 26, 6, 36, 7, 20, 17, 30),  ], [  (1, 23, 6, 19, 2, 24, 4, 20, 3, 22, 5, 21)(7, 
29, 12, 25, 8, 30, 10, 26, 9, 28, 11, 27)(13, 35, 18, 31, 14, 36, 16, 32, 15, 34, 17, 33),  (1, 21, 5, 22, 3, 20, 4, 24, 2, 19, 6, 23)(7, 27, 
11, 28, 9, 26, 10, 30, 8, 25, 12, 29)(13, 33, 17, 34, 15, 32, 16, 36, 14, 31, 18, 35),  ], [  (1, 34, 11, 21, 15, 28, 5, 32, 9, 22, 16, 26, 3,
36, 10, 20, 14, 30, 4, 31, 8, 24, 18, 25, 2, 35, 12, 19, 13, 29, 6, 33, 7, 23, 17, 27),  (1, 27, 17, 23, 7, 33, 6, 29, 13, 19, 12, 35, 2, 25, 
18, 24, 8, 31, 4, 30, 14, 20, 10, 36, 3, 26, 16, 22, 9, 32, 5, 28, 15, 21, 11, 34),  ], [  (1, 24, 5, 19, 3, 23, 4, 21, 2, 22, 6, 20)(7, 30, 
11, 25, 9, 29, 10, 27, 8, 28, 12, 26)(13, 36, 17, 31, 15, 35, 16, 33, 14, 34, 18, 32),  (1, 20, 6, 22, 2, 21, 4, 23, 3, 19, 5, 24)(7, 26, 12, 
28, 8, 27, 10, 29, 9, 25, 11, 30)(13, 32, 18, 34, 14, 33, 16, 35, 15, 31, 17, 36),  ], [  (1, 12, 14, 5, 7, 18, 3, 11, 13, 4, 9, 17, 2, 10, 
15, 6, 8, 16)(19, 30, 32, 23, 25, 36, 21, 29, 31, 22, 27, 35, 20, 28, 33, 24, 26, 34),  (1, 16, 8, 6, 15, 10, 2, 17, 9, 4, 13, 11, 3, 18, 7, 
5, 14, 12)(19, 34, 26, 24, 33, 28, 20, 35, 27, 22, 31, 29, 21, 36, 25, 23, 32, 30),  ], [  (1, 5, 3, 4, 2, 6)(7, 11, 9, 10, 8, 12)(13, 17, 15,
16, 14, 18)(19, 23, 21, 22, 20, 24)(25, 29, 27, 28, 26, 30)(31, 35, 33, 34, 32, 36),  (1, 6, 2, 4, 3, 5)(7, 12, 8, 10, 9, 11)(13, 18, 14, 16, 
15, 17)(19, 24, 20, 22, 21, 23)(25, 30, 26, 28, 27, 29)(31, 36, 32, 34, 33, 35),  ], [  (1, 16, 8, 6, 15, 10, 2, 17, 9, 4, 13, 11, 3, 18, 7, 
5, 14, 12)(19, 34, 26, 24, 33, 28, 20, 35, 27, 22, 31, 29, 21, 36, 25, 23, 32, 30),  (1, 12, 14, 5, 7, 18, 3, 11, 13, 4, 9, 17, 2, 10, 15, 6, 
8, 16)(19, 30, 32, 23, 25, 36, 21, 29, 31, 22, 27, 35, 20, 28, 33, 24, 26, 34),  ], [  (1, 6, 2, 4, 3, 5)(7, 12, 8, 10, 9, 11)(13, 18, 14, 16,
15, 17)(19, 24, 20, 22, 21, 23)(25, 30, 26, 28, 27, 29)(31, 36, 32, 34, 33, 35),  (1, 5, 3, 4, 2, 6)(7, 11, 9, 10, 8, 12)(13, 17, 15, 16, 14, 
18)(19, 23, 21, 22, 20, 24)(25, 29, 27, 28, 26, 30)(31, 35, 33, 34, 32, 36),  ], [  (1, 14, 7, 3, 13, 9, 2, 15, 8)(4, 17, 10, 6, 16, 12, 5, 
18, 11)(19, 32, 25, 21, 31, 27, 20, 33, 26)(22, 35, 28, 24, 34, 30, 23, 36, 29),  (1, 8, 15, 2, 9, 13, 3, 7, 14)(4, 11, 18, 5, 12, 16, 6, 10, 
17)(19, 26, 33, 20, 27, 31, 21, 25, 32)(22, 29, 36, 23, 30, 34, 24, 28, 35),  ], [  (1, 7, 13, 2, 8, 14, 3, 9, 15)(4, 10, 16, 5, 11, 17, 6, 
12, 18)(19, 25, 31, 20, 26, 32, 21, 27, 33)(22, 28, 34, 23, 29, 35, 24, 30, 36),  (1, 15, 9, 3, 14, 8, 2, 13, 7)(4, 18, 12, 6, 17, 11, 5, 16, 
10)(19, 33, 27, 21, 32, 26, 20, 31, 25)(22, 36, 30, 24, 35, 29, 23, 34, 28),  ], [  (1, 27, 17, 23, 7, 33, 6, 29, 13, 19, 12, 35, 2, 25, 18, 
24, 8, 31, 4, 30, 14, 20, 10, 36, 3, 26, 16, 22, 9, 32, 5, 28, 15, 21, 11, 34),  (1, 34, 11, 21, 15, 28, 5, 32, 9, 22, 16, 26, 3, 36, 10, 20, 
14, 30, 4, 31, 8, 24, 18, 25, 2, 35, 12, 19, 13, 29, 6, 33, 7, 23, 17, 27),  ], [  (1, 8, 15, 2, 9, 13, 3, 7, 14)(4, 11, 18, 5, 12, 16, 6, 10,
17)(19, 26, 33, 20, 27, 31, 21, 25, 32)(22, 29, 36, 23, 30, 34, 24, 28, 35),  (1, 14, 7, 3, 13, 9, 2, 15, 8)(4, 17, 10, 6, 16, 12, 5, 18, 
11)(19, 32, 25, 21, 31, 27, 20, 33, 26)(22, 35, 28, 24, 34, 30, 23, 36, 29),  ], [  (1, 20, 6, 22, 2, 21, 4, 23, 3, 19, 5, 24)(7, 26, 12, 28, 
8, 27, 10, 29, 9, 25, 11, 30)(13, 32, 18, 34, 14, 33, 16, 35, 15, 31, 17, 36),  (1, 24, 5, 19, 3, 23, 4, 21, 2, 22, 6, 20)(7, 30, 11, 25, 9, 
29, 10, 27, 8, 28, 12, 26)(13, 36, 17, 31, 15, 35, 16, 33, 14, 34, 18, 32),  ], [  (1, 31, 11, 24, 15, 25, 5, 35, 9, 19, 16, 29, 3, 33, 10, 
23, 14, 27, 4, 34, 8, 21, 18, 28, 2, 32, 12, 22, 13, 26, 6, 36, 7, 20, 17, 30),  (1, 30, 17, 20, 7, 36, 6, 26, 13, 22, 12, 32, 2, 28, 18, 21, 
8, 34, 4, 27, 14, 23, 10, 33, 3, 29, 16, 19, 9, 35, 5, 25, 15, 24, 11, 31),  ], [  (1, 21, 5, 22, 3, 20, 4, 24, 2, 19, 6, 23)(7, 27, 11, 28, 
9, 26, 10, 30, 8, 25, 12, 29)(13, 33, 17, 34, 15, 32, 16, 36, 14, 31, 18, 35),  (1, 23, 6, 19, 2, 24, 4, 20, 3, 22, 5, 21)(7, 29, 12, 25, 8, 
30, 10, 26, 9, 28, 11, 27)(13, 35, 18, 31, 14, 36, 16, 32, 15, 34, 17, 33),  ], [  (1, 15, 9, 3, 14, 8, 2, 13, 7)(4, 18, 12, 6, 17, 11, 5, 16,
10)(19, 33, 27, 21, 32, 26, 20, 31, 25)(22, 36, 30, 24, 35, 29, 23, 34, 28),  (1, 7, 13, 2, 8, 14, 3, 9, 15)(4, 10, 16, 5, 11, 17, 6, 12, 
18)(19, 25, 31, 20, 26, 32, 21, 27, 33)(22, 28, 34, 23, 29, 35, 24, 30, 36),  ], [  (1, 35, 10, 21, 13, 30, 5, 33, 8, 22, 17, 25, 3, 34, 12, 
20, 15, 29, 4, 32, 7, 24, 16, 27, 2, 36, 11, 19, 14, 28, 6, 31, 9, 23, 18, 26),  (1, 26, 18, 23, 9, 31, 6, 28, 14, 19, 11, 36, 2, 27, 16, 24, 
7, 32, 4, 29, 15, 20, 12, 34, 3, 25, 17, 22, 8, 33, 5, 30, 13, 21, 10, 35),  ], [  (1, 28, 16, 20, 8, 35, 6, 27, 15, 22, 10, 31, 2, 29, 17, 
21, 9, 36, 4, 25, 13, 23, 11, 32, 3, 30, 18, 19, 7, 34, 5, 26, 14, 24, 12, 33),  (1, 33, 12, 24, 14, 26, 5, 34, 7, 19, 18, 30, 3, 32, 11, 23, 
13, 25, 4, 36, 9, 21, 17, 29, 2, 31, 10, 22, 15, 27, 6, 35, 8, 20, 16, 28),  ], [  (1, 29, 18, 20, 9, 34, 6, 25, 14, 22, 11, 33, 2, 30, 16, 
21, 7, 35, 4, 26, 15, 23, 12, 31, 3, 28, 17, 19, 8, 36, 5, 27, 13, 24, 10, 32),  (1, 32, 10, 24, 13, 27, 5, 36, 8, 19, 17, 28, 3, 31, 12, 23, 
15, 26, 4, 35, 7, 21, 16, 30, 2, 33, 11, 22, 14, 25, 6, 34, 9, 20, 18, 29),  ], [  (1, 36, 12, 21, 14, 29, 5, 31, 7, 22, 18, 27, 3, 35, 11, 
20, 13, 28, 4, 33, 9, 24, 17, 26, 2, 34, 10, 19, 15, 30, 6, 32, 8, 23, 16, 25),  (1, 25, 16, 23, 8, 32, 6, 30, 15, 19, 10, 34, 2, 26, 17, 24, 
9, 33, 4, 28, 13, 20, 11, 35, 3, 27, 18, 22, 7, 31, 5, 29, 14, 21, 12, 36),  ], [  (1, 17, 7, 6, 13, 12, 2, 18, 8, 4, 14, 10, 3, 16, 9, 5, 15,
11)(19, 35, 25, 24, 31, 30, 20, 36, 26, 22, 32, 28, 21, 34, 27, 23, 33, 29),  (1, 11, 15, 5, 9, 16, 3, 10, 14, 4, 8, 18, 2, 12, 13, 6, 7, 
17)(19, 29, 33, 23, 27, 34, 21, 28, 32, 22, 26, 36, 20, 30, 31, 24, 25, 35),  ], [  (1, 10, 13, 5, 8, 17, 3, 12, 15, 4, 7, 16, 2, 11, 14, 6, 
9, 18)(19, 28, 31, 23, 26, 35, 21, 30, 33, 22, 25, 34, 20, 29, 32, 24, 27, 36),  (1, 18, 9, 6, 14, 11, 2, 16, 7, 4, 15, 12, 3, 17, 8, 5, 13, 
10)(19, 36, 27, 24, 32, 29, 20, 34, 25, 22, 33, 30, 21, 35, 26, 23, 31, 28),  ], [  (1, 11, 15, 5, 9, 16, 3, 10, 14, 4, 8, 18, 2, 12, 13, 6, 
7, 17)(19, 29, 33, 23, 27, 34, 21, 28, 32, 22, 26, 36, 20, 30, 31, 24, 25, 35),  (1, 17, 7, 6, 13, 12, 2, 18, 8, 4, 14, 10, 3, 16, 9, 5, 15, 
11)(19, 35, 25, 24, 31, 30, 20, 36, 26, 22, 32, 28, 21, 34, 27, 23, 33, 29),  ], [  (1, 18, 9, 6, 14, 11, 2, 16, 7, 4, 15, 12, 3, 17, 8, 5, 
13, 10)(19, 36, 27, 24, 32, 29, 20, 34, 25, 22, 33, 30, 21, 35, 26, 23, 31, 28),  (1, 10, 13, 5, 8, 17, 3, 12, 15, 4, 7, 16, 2, 11, 14, 6, 9, 
18)(19, 28, 31, 23, 26, 35, 21, 30, 33, 22, 25, 34, 20, 29, 32, 24, 27, 36),  ], [  (1, 32, 10, 24, 13, 27, 5, 36, 8, 19, 17, 28, 3, 31, 12, 
23, 15, 26, 4, 35, 7, 21, 16, 30, 2, 33, 11, 22, 14, 25, 6, 34, 9, 20, 18, 29),  (1, 29, 18, 20, 9, 34, 6, 25, 14, 22, 11, 33, 2, 30, 16, 21, 
7, 35, 4, 26, 15, 23, 12, 31, 3, 28, 17, 19, 8, 36, 5, 27, 13, 24, 10, 32),  ], [  (1, 25, 16, 23, 8, 32, 6, 30, 15, 19, 10, 34, 2, 26, 17, 
24, 9, 33, 4, 28, 13, 20, 11, 35, 3, 27, 18, 22, 7, 31, 5, 29, 14, 21, 12, 36),  (1, 36, 12, 21, 14, 29, 5, 31, 7, 22, 18, 27, 3, 35, 11, 20, 
13, 28, 4, 33, 9, 24, 17, 26, 2, 34, 10, 19, 15, 30, 6, 32, 8, 23, 16, 25),  ], [  (1, 26, 18, 23, 9, 31, 6, 28, 14, 19, 11, 36, 2, 27, 16, 
24, 7, 32, 4, 29, 15, 20, 12, 34, 3, 25, 17, 22, 8, 33, 5, 30, 13, 21, 10, 35),  (1, 35, 10, 21, 13, 30, 5, 33, 8, 22, 17, 25, 3, 34, 12, 20, 
15, 29, 4, 32, 7, 24, 16, 27, 2, 36, 11, 19, 14, 28, 6, 31, 9, 23, 18, 26),  ], [  (1, 33, 12, 24, 14, 26, 5, 34, 7, 19, 18, 30, 3, 32, 11, 
