BRACES[105] := rec( total := -1, implemented := 2, size := 105, brace := [] );BRACES[105].brace[1] := rec ( size := 105, perms := [ [  (),  
(),  ], [  (1, 71, 36)(2, 72, 37)(3, 73, 38)(4, 74, 39)(5, 75, 40)(6, 76, 41)(7, 77, 42)(8, 78, 43)(9, 79, 44)(10, 80, 45)(11, 81, 46)(12, 82,
47)(13, 83, 48)(14, 84, 49)(15, 85, 50)(16, 86, 51)(17, 87, 52)(18, 88, 53)(19, 89, 54)(20, 90, 55)(21, 91, 56)(22, 92, 57)(23, 93, 58)(24, 
94, 59)(25, 95, 60)(26, 96, 61)(27, 97, 62)(28, 98, 63)(29, 99, 64)(30, 100, 65)(31, 101, 66)(32, 102, 67)(33, 103, 68)(34, 104, 69)(35, 105, 
70),  (1, 36, 71)(2, 37, 72)(3, 38, 73)(4, 39, 74)(5, 40, 75)(6, 41, 76)(7, 42, 77)(8, 43, 78)(9, 44, 79)(10, 45, 80)(11, 46, 81)(12, 47, 
82)(13, 48, 83)(14, 49, 84)(15, 50, 85)(16, 51, 86)(17, 52, 87)(18, 53, 88)(19, 54, 89)(20, 55, 90)(21, 56, 91)(22, 57, 92)(23, 58, 93)(24, 
59, 94)(25, 60, 95)(26, 61, 96)(27, 62, 97)(28, 63, 98)(29, 64, 99)(30, 65, 100)(31, 66, 101)(32, 67, 102)(33, 68, 103)(34, 69, 104)(35, 70, 
105),  ], [  (1, 8, 15, 22, 29)(2, 9, 16, 23, 30)(3, 10, 17, 24, 31)(4, 11, 18, 25, 32)(5, 12, 19, 26, 33)(6, 13, 20, 27, 34)(7, 14, 21, 28, 
35)(36, 43, 50, 57, 64)(37, 44, 51, 58, 65)(38, 45, 52, 59, 66)(39, 46, 53, 60, 67)(40, 47, 54, 61, 68)(41, 48, 55, 62, 69)(42, 49, 56, 63, 
70)(71, 78, 85, 92, 99)(72, 79, 86, 93, 100)(73, 80, 87, 94, 101)(74, 81, 88, 95, 102)(75, 82, 89, 96, 103)(76, 83, 90, 97, 104)(77, 84, 91, 
98, 105),  (1, 29, 22, 15, 8)(2, 30, 23, 16, 9)(3, 31, 24, 17, 10)(4, 32, 25, 18, 11)(5, 33, 26, 19, 12)(6, 34, 27, 20, 13)(7, 35, 28, 21, 
14)(36, 64, 57, 50, 43)(37, 65, 58, 51, 44)(38, 66, 59, 52, 45)(39, 67, 60, 53, 46)(40, 68, 61, 54, 47)(41, 69, 62, 55, 48)(42, 70, 63, 56, 
49)(71, 99, 92, 85, 78)(72, 100, 93, 86, 79)(73, 101, 94, 87, 80)(74, 102, 95, 88, 81)(75, 103, 96, 89, 82)(76, 104, 97, 90, 83)(77, 105, 98, 
91, 84),  ], [  (1, 3, 5, 7, 2, 4, 6)(8, 10, 12, 14, 9, 11, 13)(15, 17, 19, 21, 16, 18, 20)(22, 24, 26, 28, 23, 25, 27)(29, 31, 33, 35, 30, 
32, 34)(36, 38, 40, 42, 37, 39, 41)(43, 45, 47, 49, 44, 46, 48)(50, 52, 54, 56, 51, 53, 55)(57, 59, 61, 63, 58, 60, 62)(64, 66, 68, 70, 65, 
67, 69)(71, 73, 75, 77, 72, 74, 76)(78, 80, 82, 84, 79, 81, 83)(85, 87, 89, 91, 86, 88, 90)(92, 94, 96, 98, 93, 95, 97)(99, 101, 103, 105, 
100, 102, 104),  (1, 6, 4, 2, 7, 5, 3)(8, 13, 11, 9, 14, 12, 10)(15, 20, 18, 16, 21, 19, 17)(22, 27, 25, 23, 28, 26, 24)(29, 34, 32, 30, 35, 
33, 31)(36, 41, 39, 37, 42, 40, 38)(43, 48, 46, 44, 49, 47, 45)(50, 55, 53, 51, 56, 54, 52)(57, 62, 60, 58, 63, 61, 59)(64, 69, 67, 65, 70, 
68, 66)(71, 76, 74, 72, 77, 75, 73)(78, 83, 81, 79, 84, 82, 80)(85, 90, 88, 86, 91, 89, 87)(92, 97, 95, 93, 98, 96, 94)(99, 104, 102, 100, 
105, 103, 101),  ], [  (1, 36, 71)(2, 37, 72)(3, 38, 73)(4, 39, 74)(5, 40, 75)(6, 41, 76)(7, 42, 77)(8, 43, 78)(9, 44, 79)(10, 45, 80)(11, 46,
81)(12, 47, 82)(13, 48, 83)(14, 49, 84)(15, 50, 85)(16, 51, 86)(17, 52, 87)(18, 53, 88)(19, 54, 89)(20, 55, 90)(21, 56, 91)(22, 57, 92)(23, 
58, 93)(24, 59, 94)(25, 60, 95)(26, 61, 96)(27, 62, 97)(28, 63, 98)(29, 64, 99)(30, 65, 100)(31, 66, 101)(32, 67, 102)(33, 68, 103)(34, 69, 
104)(35, 70, 105),  (1, 71, 36)(2, 72, 37)(3, 73, 38)(4, 74, 39)(5, 75, 40)(6, 76, 41)(7, 77, 42)(8, 78, 43)(9, 79, 44)(10, 80, 45)(11, 81, 
46)(12, 82, 47)(13, 83, 48)(14, 84, 49)(15, 85, 50)(16, 86, 51)(17, 87, 52)(18, 88, 53)(19, 89, 54)(20, 90, 55)(21, 91, 56)(22, 92, 57)(23, 
93, 58)(24, 94, 59)(25, 95, 60)(26, 96, 61)(27, 97, 62)(28, 98, 63)(29, 99, 64)(30, 100, 65)(31, 101, 66)(32, 102, 67)(33, 103, 68)(34, 104, 
69)(35, 105, 70),  ], [  (1, 29, 22, 15, 8)(2, 30, 23, 16, 9)(3, 31, 24, 17, 10)(4, 32, 25, 18, 11)(5, 33, 26, 19, 12)(6, 34, 27, 20, 13)(7, 
35, 28, 21, 14)(36, 64, 57, 50, 43)(37, 65, 58, 51, 44)(38, 66, 59, 52, 45)(39, 67, 60, 53, 46)(40, 68, 61, 54, 47)(41, 69, 62, 55, 48)(42, 
70, 63, 56, 49)(71, 99, 92, 85, 78)(72, 100, 93, 86, 79)(73, 101, 94, 87, 80)(74, 102, 95, 88, 81)(75, 103, 96, 89, 82)(76, 104, 97, 90, 
83)(77, 105, 98, 91, 84),  (1, 8, 15, 22, 29)(2, 9, 16, 23, 30)(3, 10, 17, 24, 31)(4, 11, 18, 25, 32)(5, 12, 19, 26, 33)(6, 13, 20, 27, 34)(7,
14, 21, 28, 35)(36, 43, 50, 57, 64)(37, 44, 51, 58, 65)(38, 45, 52, 59, 66)(39, 46, 53, 60, 67)(40, 47, 54, 61, 68)(41, 48, 55, 62, 69)(42, 
49, 56, 63, 70)(71, 78, 85, 92, 99)(72, 79, 86, 93, 100)(73, 80, 87, 94, 101)(74, 81, 88, 95, 102)(75, 82, 89, 96, 103)(76, 83, 90, 97, 
104)(77, 84, 91, 98, 105),  ], [  (1, 6, 4, 2, 7, 5, 3)(8, 13, 11, 9, 14, 12, 10)(15, 20, 18, 16, 21, 19, 17)(22, 27, 25, 23, 28, 26, 24)(29, 
34, 32, 30, 35, 33, 31)(36, 41, 39, 37, 42, 40, 38)(43, 48, 46, 44, 49, 47, 45)(50, 55, 53, 51, 56, 54, 52)(57, 62, 60, 58, 63, 61, 59)(64, 
69, 67, 65, 70, 68, 66)(71, 76, 74, 72, 77, 75, 73)(78, 83, 81, 79, 84, 82, 80)(85, 90, 88, 86, 91, 89, 87)(92, 97, 95, 93, 98, 96, 94)(99, 
104, 102, 100, 105, 103, 101),  (1, 3, 5, 7, 2, 4, 6)(8, 10, 12, 14, 9, 11, 13)(15, 17, 19, 21, 16, 18, 20)(22, 24, 26, 28, 23, 25, 27)(29, 
31, 33, 35, 30, 32, 34)(36, 38, 40, 42, 37, 39, 41)(43, 45, 47, 49, 44, 46, 48)(50, 52, 54, 56, 51, 53, 55)(57, 59, 61, 63, 58, 60, 62)(64, 
66, 68, 70, 65, 67, 69)(71, 73, 75, 77, 72, 74, 76)(78, 80, 82, 84, 79, 81, 83)(85, 87, 89, 91, 86, 88, 90)(92, 94, 96, 98, 93, 95, 97)(99, 
101, 103, 105, 100, 102, 104),  ], [  (1, 78, 50, 22, 99, 36, 8, 85, 57, 29, 71, 43, 15, 92, 64)(2, 79, 51, 23, 100, 37, 9, 86, 58, 30, 72, 
44, 16, 93, 65)(3, 80, 52, 24, 101, 38, 10, 87, 59, 31, 73, 45, 17, 94, 66)(4, 81, 53, 25, 102, 39, 11, 88, 60, 32, 74, 46, 18, 95, 67)(5, 82,
54, 26, 103, 40, 12, 89, 61, 33, 75, 47, 19, 96, 68)(6, 83, 55, 27, 104, 41, 13, 90, 62, 34, 76, 48, 20, 97, 69)(7, 84, 56, 28, 105, 42, 14, 
91, 63, 35, 77, 49, 21, 98, 70),  (1, 64, 92, 15, 43, 71, 29, 57, 85, 8, 36, 99, 22, 50, 78)(2, 65, 93, 16, 44, 72, 30, 58, 86, 9, 37, 100, 
23, 51, 79)(3, 66, 94, 17, 45, 73, 31, 59, 87, 10, 38, 101, 24, 52, 80)(4, 67, 95, 18, 46, 74, 32, 60, 88, 11, 39, 102, 25, 53, 81)(5, 68, 96,
19, 47, 75, 33, 61, 89, 12, 40, 103, 26, 54, 82)(6, 69, 97, 20, 48, 76, 34, 62, 90, 13, 41, 104, 27, 55, 83)(7, 70, 98, 21, 49, 77, 35, 63, 
91, 14, 42, 105, 28, 56, 84),  ], [  (1, 73, 40, 7, 72, 39, 6, 71, 38, 5, 77, 37, 4, 76, 36, 3, 75, 42, 2, 74, 41)(8, 80, 47, 14, 79, 46, 13, 
78, 45, 12, 84, 44, 11, 83, 43, 10, 82, 49, 9, 81, 48)(15, 87, 54, 21, 86, 53, 20, 85, 52, 19, 91, 51, 18, 90, 50, 17, 89, 56, 16, 88, 55)(22,
94, 61, 28, 93, 60, 27, 92, 59, 26, 98, 58, 25, 97, 57, 24, 96, 63, 23, 95, 62)(29, 101, 68, 35, 100, 67, 34, 99, 66, 33, 105, 65, 32, 104, 
64, 31, 103, 70, 30, 102, 69),  (1, 41, 74, 2, 42, 75, 3, 36, 76, 4, 37, 77, 5, 38, 71, 6, 39, 72, 7, 40, 73)(8, 48, 81, 9, 49, 82, 10, 43, 
83, 11, 44, 84, 12, 45, 78, 13, 46, 79, 14, 47, 80)(15, 55, 88, 16, 56, 89, 17, 50, 90, 18, 51, 91, 19, 52, 85, 20, 53, 86, 21, 54, 87)(22, 
62, 95, 23, 63, 96, 24, 57, 97, 25, 58, 98, 26, 59, 92, 27, 60, 93, 28, 61, 94)(29, 69, 102, 30, 70, 103, 31, 64, 104, 32, 65, 105, 33, 66, 
99, 34, 67, 100, 35, 68, 101),  ], [  (1, 99, 57, 15, 78, 36, 29, 92, 50, 8, 71, 64, 22, 85, 43)(2, 100, 58, 16, 79, 37, 30, 93, 51, 9, 72, 
65, 23, 86, 44)(3, 101, 59, 17, 80, 38, 31, 94, 52, 10, 73, 66, 24, 87, 45)(4, 102, 60, 18, 81, 39, 32, 95, 53, 11, 74, 67, 25, 88, 46)(5, 
103, 61, 19, 82, 40, 33, 96, 54, 12, 75, 68, 26, 89, 47)(6, 104, 62, 20, 83, 41, 34, 97, 55, 13, 76, 69, 27, 90, 48)(7, 105, 63, 21, 84, 42, 
35, 98, 56, 14, 77, 70, 28, 91, 49),  (1, 43, 85, 22, 64, 71, 8, 50, 92, 29, 36, 78, 15, 57, 99)(2, 44, 86, 23, 65, 72, 9, 51, 93, 30, 37, 79,
16, 58, 100)(3, 45, 87, 24, 66, 73, 10, 52, 94, 31, 38, 80, 17, 59, 101)(4, 46, 88, 25, 67, 74, 11, 53, 95, 32, 39, 81, 18, 60, 102)(5, 47, 
89, 26, 68, 75, 12, 54, 96, 33, 40, 82, 19, 61, 103)(6, 48, 90, 27, 69, 76, 13, 55, 97, 34, 41, 83, 20, 62, 104)(7, 49, 91, 28, 70, 77, 14, 
56, 98, 35, 42, 84, 21, 63, 105),  ], [  (1, 76, 39, 2, 77, 40, 3, 71, 41, 4, 72, 42, 5, 73, 36, 6, 74, 37, 7, 75, 38)(8, 83, 46, 9, 84, 47, 
10, 78, 48, 11, 79, 49, 12, 80, 43, 13, 81, 44, 14, 82, 45)(15, 90, 53, 16, 91, 54, 17, 85, 55, 18, 86, 56, 19, 87, 50, 20, 88, 51, 21, 89, 
52)(22, 97, 60, 23, 98, 61, 24, 92, 62, 25, 93, 63, 26, 94, 57, 27, 95, 58, 28, 96, 59)(29, 104, 67, 30, 105, 68, 31, 99, 69, 32, 100, 70, 33,
101, 64, 34, 102, 65, 35, 103, 66),  (1, 38, 75, 7, 37, 74, 6, 36, 73, 5, 42, 72, 4, 41, 71, 3, 40, 77, 2, 39, 76)(8, 45, 82, 14, 44, 81, 13, 
43, 80, 12, 49, 79, 11, 48, 78, 10, 47, 84, 9, 46, 83)(15, 52, 89, 21, 51, 88, 20, 50, 87, 19, 56, 86, 18, 55, 85, 17, 54, 91, 16, 53, 90)(22,
59, 96, 28, 58, 95, 27, 57, 94, 26, 63, 93, 25, 62, 92, 24, 61, 98, 23, 60, 97)(29, 66, 103, 35, 65, 102, 34, 64, 101, 33, 70, 100, 32, 69, 
99, 31, 68, 105, 30, 67, 104),  ], [  (1, 15, 29, 8, 22)(2, 16, 30, 9, 23)(3, 17, 31, 10, 24)(4, 18, 32, 11, 25)(5, 19, 33, 12, 26)(6, 20, 34,
13, 27)(7, 21, 35, 14, 28)(36, 50, 64, 43, 57)(37, 51, 65, 44, 58)(38, 52, 66, 45, 59)(39, 53, 67, 46, 60)(40, 54, 68, 47, 61)(41, 55, 69, 48,
62)(42, 56, 70, 49, 63)(71, 85, 99, 78, 92)(72, 86, 100, 79, 93)(73, 87, 101, 80, 94)(74, 88, 102, 81, 95)(75, 89, 103, 82, 96)(76, 90, 104, 
83, 97)(77, 91, 105, 84, 98),  (1, 22, 8, 29, 15)(2, 23, 9, 30, 16)(3, 24, 10, 31, 17)(4, 25, 11, 32, 18)(5, 26, 12, 33, 19)(6, 27, 13, 34, 
20)(7, 28, 14, 35, 21)(36, 57, 43, 64, 50)(37, 58, 44, 65, 51)(38, 59, 45, 66, 52)(39, 60, 46, 67, 53)(40, 61, 47, 68, 54)(41, 62, 48, 69, 
55)(42, 63, 49, 70, 56)(71, 92, 78, 99, 85)(72, 93, 79, 100, 86)(73, 94, 80, 101, 87)(74, 95, 81, 102, 88)(75, 96, 82, 103, 89)(76, 97, 83, 
104, 90)(77, 98, 84, 105, 91),  ], [  (1, 10, 19, 28, 30, 4, 13, 15, 24, 33, 7, 9, 18, 27, 29, 3, 12, 21, 23, 32, 6, 8, 17, 26, 35, 2, 11, 20,
22, 31, 5, 14, 16, 25, 34)(36, 45, 54, 63, 65, 39, 48, 50, 59, 68, 42, 44, 53, 62, 64, 38, 47, 56, 58, 67, 41, 43, 52, 61, 70, 37, 46, 55, 57,
66, 40, 49, 51, 60, 69)(71, 80, 89, 98, 100, 74, 83, 85, 94, 103, 77, 79, 88, 97, 99, 73, 82, 91, 93, 102, 76, 78, 87, 96, 105, 72, 81, 90, 
92, 101, 75, 84, 86, 95, 104),  (1, 34, 25, 16, 14, 5, 31, 22, 20, 11, 2, 35, 26, 17, 8, 6, 32, 23, 21, 12, 3, 29, 27, 18, 9, 7, 33, 24, 15, 
13, 4, 30, 28, 19, 10)(36, 69, 60, 51, 49, 40, 66, 57, 55, 46, 37, 70, 61, 52, 43, 41, 67, 58, 56, 47, 38, 64, 62, 53, 44, 42, 68, 59, 50, 48,
39, 65, 63, 54, 45)(71, 104, 95, 86, 84, 75, 101, 92, 90, 81, 72, 105, 96, 87, 78, 76, 102, 93, 91, 82, 73, 99, 97, 88, 79, 77, 103, 94, 85, 
83, 74, 100, 98, 89, 80),  ], [  (1, 43, 85, 22, 64, 71, 8, 50, 92, 29, 36, 78, 15, 57, 99)(2, 44, 86, 23, 65, 72, 9, 51, 93, 30, 37, 79, 16, 
58, 100)(3, 45, 87, 24, 66, 73, 10, 52, 94, 31, 38, 80, 17, 59, 101)(4, 46, 88, 25, 67, 74, 11, 53, 95, 32, 39, 81, 18, 60, 102)(5, 47, 89, 
26, 68, 75, 12, 54, 96, 33, 40, 82, 19, 61, 103)(6, 48, 90, 27, 69, 76, 13, 55, 97, 34, 41, 83, 20, 62, 104)(7, 49, 91, 28, 70, 77, 14, 56, 
98, 35, 42, 84, 21, 63, 105),  (1, 99, 57, 15, 78, 36, 29, 92, 50, 8, 71, 64, 22, 85, 43)(2, 100, 58, 16, 79, 37, 30, 93, 51, 9, 72, 65, 23, 
86, 44)(3, 101, 59, 17, 80, 38, 31, 94, 52, 10, 73, 66, 24, 87, 45)(4, 102, 60, 18, 81, 39, 32, 95, 53, 11, 74, 67, 25, 88, 46)(5, 103, 61, 
19, 82, 40, 33, 96, 54, 12, 75, 68, 26, 89, 47)(6, 104, 62, 20, 83, 41, 34, 97, 55, 13, 76, 69, 27, 90, 48)(7, 105, 63, 21, 84, 42, 35, 98, 
56, 14, 77, 70, 28, 91, 49),  ], [  (1, 13, 18, 23, 35, 5, 10, 15, 27, 32, 2, 14, 19, 24, 29, 6, 11, 16, 28, 33, 3, 8, 20, 25, 30, 7, 12, 17, 
22, 34, 4, 9, 21, 26, 31)(36, 48, 53, 58, 70, 40, 45, 50, 62, 67, 37, 49, 54, 59, 64, 41, 46, 51, 63, 68, 38, 43, 55, 60, 65, 42, 47, 52, 57, 
69, 39, 44, 56, 61, 66)(71, 83, 88, 93, 105, 75, 80, 85, 97, 102, 72, 84, 89, 94, 99, 76, 81, 86, 98, 103, 73, 78, 90, 95, 100, 77, 82, 87, 
92, 104, 74, 79, 91, 96, 101),  (1, 31, 26, 21, 9, 4, 34, 22, 17, 12, 7, 30, 25, 20, 8, 3, 33, 28, 16, 11, 6, 29, 24, 19, 14, 2, 32, 27, 15, 
10, 5, 35, 23, 18, 13)(36, 66, 61, 56, 44, 39, 69, 57, 52, 47, 42, 65, 60, 55, 43, 38, 68, 63, 51, 46, 41, 64, 59, 54, 49, 37, 67, 62, 50, 45,
40, 70, 58, 53, 48)(71, 101, 96, 91, 79, 74, 104, 92, 87, 82, 77, 100, 95, 90, 78, 73, 103, 98, 86, 81, 76, 99, 94, 89, 84, 72, 102, 97, 85, 
80, 75, 105, 93, 88, 83),  ], [  (1, 5, 2, 6, 3, 7, 4)(8, 12, 9, 13, 10, 14, 11)(15, 19, 16, 20, 17, 21, 18)(22, 26, 23, 27, 24, 28, 25)(29, 
33, 30, 34, 31, 35, 32)(36, 40, 37, 41, 38, 42, 39)(43, 47, 44, 48, 45, 49, 46)(50, 54, 51, 55, 52, 56, 53)(57, 61, 58, 62, 59, 63, 60)(64, 
68, 65, 69, 66, 70, 67)(71, 75, 72, 76, 73, 77, 74)(78, 82, 79, 83, 80, 84, 81)(85, 89, 86, 90, 87, 91, 88)(92, 96, 93, 97, 94, 98, 95)(99, 
103, 100, 104, 101, 105, 102),  (1, 4, 7, 3, 6, 2, 5)(8, 11, 14, 10, 13, 9, 12)(15, 18, 21, 17, 20, 16, 19)(22, 25, 28, 24, 27, 23, 26)(29, 
32, 35, 31, 34, 30, 33)(36, 39, 42, 38, 41, 37, 40)(43, 46, 49, 45, 48, 44, 47)(50, 53, 56, 52, 55, 51, 54)(57, 60, 63, 59, 62, 58, 61)(64, 
67, 70, 66, 69, 65, 68)(71, 74, 77, 73, 76, 72, 75)(78, 81, 84, 80, 83, 79, 82)(85, 88, 91, 87, 90, 86, 89)(92, 95, 98, 94, 97, 93, 96)(99, 
102, 105, 101, 104, 100, 103),  ], [  (1, 38, 75, 7, 37, 74, 6, 36, 73, 5, 42, 72, 4, 41, 71, 3, 40, 77, 2, 39, 76)(8, 45, 82, 14, 44, 81, 13,
43, 80, 12, 49, 79, 11, 48, 78, 10, 47, 84, 9, 46, 83)(15, 52, 89, 21, 51, 88, 20, 50, 87, 19, 56, 86, 18, 55, 85, 17, 54, 91, 16, 53, 90)(22,
59, 96, 28, 58, 95, 27, 57, 94, 26, 63, 93, 25, 62, 92, 24, 61, 98, 23, 60, 97)(29, 66, 103, 35, 65, 102, 34, 64, 101, 33, 70, 100, 32, 69, 
99, 31, 68, 105, 30, 67, 104),  (1, 76, 39, 2, 77, 40, 3, 71, 41, 4, 72, 42, 5, 73, 36, 6, 74, 37, 7, 75, 38)(8, 83, 46, 9, 84, 47, 10, 78, 
48, 11, 79, 49, 12, 80, 43, 13, 81, 44, 14, 82, 45)(15, 90, 53, 16, 91, 54, 17, 85, 55, 18, 86, 56, 19, 87, 50, 20, 88, 51, 21, 89, 52)(22, 
97, 60, 23, 98, 61, 24, 92, 62, 25, 93, 63, 26, 94, 57, 27, 95, 58, 28, 96, 59)(29, 104, 67, 30, 105, 68, 31, 99, 69, 32, 100, 70, 33, 101, 
64, 34, 102, 65, 35, 103, 66),  ], [  (1, 31, 26, 21, 9, 4, 34, 22, 17, 12, 7, 30, 25, 20, 8, 3, 33, 28, 16, 11, 6, 29, 24, 19, 14, 2, 32, 27,
15, 10, 5, 35, 23, 18, 13)(36, 66, 61, 56, 44, 39, 69, 57, 52, 47, 42, 65, 60, 55, 43, 38, 68, 63, 51, 46, 41, 64, 59, 54, 49, 37, 67, 62, 50,
45, 40, 70, 58, 53, 48)(71, 101, 96, 91, 79, 74, 104, 92, 87, 82, 77, 100, 95, 90, 78, 73, 103, 98, 86, 81, 76, 99, 94, 89, 84, 72, 102, 97, 
85, 80, 75, 105, 93, 88, 83),  (1, 13, 18, 23, 35, 5, 10, 15, 27, 32, 2, 14, 19, 24, 29, 6, 11, 16, 28, 33, 3, 8, 20, 25, 30, 7, 12, 17, 22, 
34, 4, 9, 21, 26, 31)(36, 48, 53, 58, 70, 40, 45, 50, 62, 67, 37, 49, 54, 59, 64, 41, 46, 51, 63, 68, 38, 43, 55, 60, 65, 42, 47, 52, 57, 69, 
39, 44, 56, 61, 66)(71, 83, 88, 93, 105, 75, 80, 85, 97, 102, 72, 84, 89, 94, 99, 76, 81, 86, 98, 103, 73, 78, 90, 95, 100, 77, 82, 87, 92, 
104, 74, 79, 91, 96, 101),  ], [  (1, 64, 92, 15, 43, 71, 29, 57, 85, 8, 36, 99, 22, 50, 78)(2, 65, 93, 16, 44, 72, 30, 58, 86, 9, 37, 100, 
23, 51, 79)(3, 66, 94, 17, 45, 73, 31, 59, 87, 10, 38, 101, 24, 52, 80)(4, 67, 95, 18, 46, 74, 32, 60, 88, 11, 39, 102, 25, 53, 81)(5, 68, 96,
19, 47, 75, 33, 61, 89, 12, 40, 103, 26, 54, 82)(6, 69, 97, 20, 48, 76, 34, 62, 90, 13, 41, 104, 27, 55, 83)(7, 70, 98, 21, 49, 77, 35, 63, 
91, 14, 42, 105, 28, 56, 84),  (1, 78, 50, 22, 99, 36, 8, 85, 57, 29, 71, 43, 15, 92, 64)(2, 79, 51, 23, 100, 37, 9, 86, 58, 30, 72, 44, 16, 
93, 65)(3, 80, 52, 24, 101, 38, 10, 87, 59, 31, 73, 45, 17, 94, 66)(4, 81, 53, 25, 102, 39, 11, 88, 60, 32, 74, 46, 18, 95, 67)(5, 82, 54, 26,
103, 40, 12, 89, 61, 33, 75, 47, 19, 96, 68)(6, 83, 55, 27, 104, 41, 13, 90, 62, 34, 76, 48, 20, 97, 69)(7, 84, 56, 28, 105, 42, 14, 91, 63, 
35, 77, 49, 21, 98, 70),  ], [  (1, 41, 74, 2, 42, 75, 3, 36, 76, 4, 37, 77, 5, 38, 71, 6, 39, 72, 7, 40, 73)(8, 48, 81, 9, 49, 82, 10, 43, 
83, 11, 44, 84, 12, 45, 78, 13, 46, 79, 14, 47, 80)(15, 55, 88, 16, 56, 89, 17, 50, 90, 18, 51, 91, 19, 52, 85, 20, 53, 86, 21, 54, 87)(22, 
62, 95, 23, 63, 96, 24, 57, 97, 25, 58, 98, 26, 59, 92, 27, 60, 93, 28, 61, 94)(29, 69, 102, 30, 70, 103, 31, 64, 104, 32, 65, 105, 33, 66, 
99, 34, 67, 100, 35, 68, 101),  (1, 73, 40, 7, 72, 39, 6, 71, 38, 5, 77, 37, 4, 76, 36, 3, 75, 42, 2, 74, 41)(8, 80, 47, 14, 79, 46, 13, 78, 
45, 12, 84, 44, 11, 83, 43, 10, 82, 49, 9, 81, 48)(15, 87, 54, 21, 86, 53, 20, 85, 52, 19, 91, 51, 18, 90, 50, 17, 89, 56, 16, 88, 55)(22, 94,
61, 28, 93, 60, 27, 92, 59, 26, 98, 58, 25, 97, 57, 24, 96, 63, 23, 95, 62)(29, 101, 68, 35, 100, 67, 34, 99, 66, 33, 105, 65, 32, 104, 64, 
31, 103, 70, 30, 102, 69),  ], [  (1, 22, 8, 29, 15)(2, 23, 9, 30, 16)(3, 24, 10, 31, 17)(4, 25, 11, 32, 18)(5, 26, 12, 33, 19)(6, 27, 13, 34,
20)(7, 28, 14, 35, 21)(36, 57, 43, 64, 50)(37, 58, 44, 65, 51)(38, 59, 45, 66, 52)(39, 60, 46, 67, 53)(40, 61, 47, 68, 54)(41, 62, 48, 69, 
55)(42, 63, 49, 70, 56)(71, 92, 78, 99, 85)(72, 93, 79, 100, 86)(73, 94, 80, 101, 87)(74, 95, 81, 102, 88)(75, 96, 82, 103, 89)(76, 97, 83, 
104, 90)(77, 98, 84, 105, 91),  (1, 15, 29, 8, 22)(2, 16, 30, 9, 23)(3, 17, 31, 10, 24)(4, 18, 32, 11, 25)(5, 19, 33, 12, 26)(6, 20, 34, 13, 
27)(7, 21, 35, 14, 28)(36, 50, 64, 43, 57)(37, 51, 65, 44, 58)(38, 52, 66, 45, 59)(39, 53, 67, 46, 60)(40, 54, 68, 47, 61)(41, 55, 69, 48, 
62)(42, 56, 70, 49, 63)(71, 85, 99, 78, 92)(72, 86, 100, 79, 93)(73, 87, 101, 80, 94)(74, 88, 102, 81, 95)(75, 89, 103, 82, 96)(76, 90, 104, 
83, 97)(77, 91, 105, 84, 98),  ], [  (1, 34, 25, 16, 14, 5, 31, 22, 20, 11, 2, 35, 26, 17, 8, 6, 32, 23, 21, 12, 3, 29, 27, 18, 9, 7, 33, 24, 
15, 13, 4, 30, 28, 19, 10)(36, 69, 60, 51, 49, 40, 66, 57, 55, 46, 37, 70, 61, 52, 43, 41, 67, 58, 56, 47, 38, 64, 62, 53, 44, 42, 68, 59, 50,
48, 39, 65, 63, 54, 45)(71, 104, 95, 86, 84, 75, 101, 92, 90, 81, 72, 105, 96, 87, 78, 76, 102, 93, 91, 82, 73, 99, 97, 88, 79, 77, 103, 94, 
85, 83, 74, 100, 98, 89, 80),  (1, 10, 19, 28, 30, 4, 13, 15, 24, 33, 7, 9, 18, 27, 29, 3, 12, 21, 23, 32, 6, 8, 17, 26, 35, 2, 11, 20, 22, 
31, 5, 14, 16, 25, 34)(36, 45, 54, 63, 65, 39, 48, 50, 59, 68, 42, 44, 53, 62, 64, 38, 47, 56, 58, 67, 41, 43, 52, 61, 70, 37, 46, 55, 57, 66,
40, 49, 51, 60, 69)(71, 80, 89, 98, 100, 74, 83, 85, 94, 103, 77, 79, 88, 97, 99, 73, 82, 91, 93, 102, 76, 78, 87, 96, 105, 72, 81, 90, 92, 
101, 75, 84, 86, 95, 104),  ], [  (1, 4, 7, 3, 6, 2, 5)(8, 11, 14, 10, 13, 9, 12)(15, 18, 21, 17, 20, 16, 19)(22, 25, 28, 24, 27, 23, 26)(29, 
32, 35, 31, 34, 30, 33)(36, 39, 42, 38, 41, 37, 40)(43, 46, 49, 45, 48, 44, 47)(50, 53, 56, 52, 55, 51, 54)(57, 60, 63, 59, 62, 58, 61)(64, 
67, 70, 66, 69, 65, 68)(71, 74, 77, 73, 76, 72, 75)(78, 81, 84, 80, 83, 79, 82)(85, 88, 91, 87, 90, 86, 89)(92, 95, 98, 94, 97, 93, 96)(99, 
102, 105, 101, 104, 100, 103),  (1, 5, 2, 6, 3, 7, 4)(8, 12, 9, 13, 10, 14, 11)(15, 19, 16, 20, 17, 21, 18)(22, 26, 23, 27, 24, 28, 25)(29, 
33, 30, 34, 31, 35, 32)(36, 40, 37, 41, 38, 42, 39)(43, 47, 44, 48, 45, 49, 46)(50, 54, 51, 55, 52, 56, 53)(57, 61, 58, 62, 59, 63, 60)(64, 
68, 65, 69, 66, 70, 67)(71, 75, 72, 76, 73, 77, 74)(78, 82, 79, 83, 80, 84, 81)(85, 89, 86, 90, 87, 91, 88)(92, 96, 93, 97, 94, 98, 95)(99, 
103, 100, 104, 101, 105, 102),  ], [  (1, 85, 64, 8, 92, 36, 15, 99, 43, 22, 71, 50, 29, 78, 57)(2, 86, 65, 9, 93, 37, 16, 100, 44, 23, 72, 
51, 30, 79, 58)(3, 87, 66, 10, 94, 38, 17, 101, 45, 24, 73, 52, 31, 80, 59)(4, 88, 67, 11, 95, 39, 18, 102, 46, 25, 74, 53, 32, 81, 60)(5, 89,
68, 12, 96, 40, 19, 103, 47, 26, 75, 54, 33, 82, 61)(6, 90, 69, 13, 97, 41, 20, 104, 48, 27, 76, 55, 34, 83, 62)(7, 91, 70, 14, 98, 42, 21, 
105, 49, 28, 77, 56, 35, 84, 63),  (1, 57, 78, 29, 50, 71, 22, 43, 99, 15, 36, 92, 8, 64, 85)(2, 58, 79, 30, 51, 72, 23, 44, 100, 16, 37, 93, 
9, 65, 86)(3, 59, 80, 31, 52, 73, 24, 45, 101, 17, 38, 94, 10, 66, 87)(4, 60, 81, 32, 53, 74, 25, 46, 102, 18, 39, 95, 11, 67, 88)(5, 61, 82, 
33, 54, 75, 26, 47, 103, 19, 40, 96, 12, 68, 89)(6, 62, 83, 34, 55, 76, 27, 48, 104, 20, 41, 97, 13, 69, 90)(7, 63, 84, 35, 56, 77, 28, 49, 
105, 21, 42, 98, 14, 70, 91),  ], [  (1, 80, 54, 28, 100, 39, 13, 85, 59, 33, 77, 44, 18, 97, 64, 3, 82, 56, 23, 102, 41, 8, 87, 61, 35, 72, 
46, 20, 92, 66, 5, 84, 51, 25, 104, 36, 10, 89, 63, 30, 74, 48, 15, 94, 68, 7, 79, 53, 27, 99, 38, 12, 91, 58, 32, 76, 43, 17, 96, 70, 2, 81, 
55, 22, 101, 40, 14, 86, 60, 34, 71, 45, 19, 98, 65, 4, 83, 50, 24, 103, 42, 9, 88, 62, 29, 73, 47, 21, 93, 67, 6, 78, 52, 26, 105, 37, 11, 
90, 57, 31, 75, 49, 16, 95, 69),  (1, 69, 95, 16, 49, 75, 31, 57, 90, 11, 37, 105, 26, 52, 78, 6, 67, 93, 21, 47, 73, 29, 62, 88, 9, 42, 103, 
24, 50, 83, 4, 65, 98, 19, 45, 71, 34, 60, 86, 14, 40, 101, 22, 55, 81, 2, 70, 96, 17, 43, 76, 32, 58, 91, 12, 38, 99, 27, 53, 79, 7, 68, 94, 
15, 48, 74, 30, 63, 89, 10, 36, 104, 25, 51, 84, 5, 66, 92, 20, 46, 72, 35, 61, 87, 8, 41, 102, 23, 56, 82, 3, 64, 97, 18, 44, 77, 33, 59, 85,
13, 39, 100, 28, 54, 80),  ], [  (1, 83, 53, 23, 105, 40, 10, 85, 62, 32, 72, 49, 19, 94, 64, 6, 81, 51, 28, 103, 38, 8, 90, 60, 30, 77, 47, 
17, 92, 69, 4, 79, 56, 26, 101, 36, 13, 88, 58, 35, 75, 45, 15, 97, 67, 2, 84, 54, 24, 99, 41, 11, 86, 63, 33, 73, 43, 20, 95, 65, 7, 82, 52, 
22, 104, 39, 9, 91, 61, 31, 71, 48, 18, 93, 70, 5, 80, 50, 27, 102, 37, 14, 89, 59, 29, 76, 46, 16, 98, 68, 3, 78, 55, 25, 100, 42, 12, 87, 
57, 34, 74, 44, 21, 96, 66),  (1, 66, 96, 21, 44, 74, 34, 57, 87, 12, 42, 100, 25, 55, 78, 3, 68, 98, 16, 46, 76, 29, 59, 89, 14, 37, 102, 27,
50, 80, 5, 70, 93, 18, 48, 71, 31, 61, 91, 9, 39, 104, 22, 52, 82, 7, 65, 95, 20, 43, 73, 33, 63, 86, 11, 41, 99, 24, 54, 84, 2, 67, 97, 15, 
45, 75, 35, 58, 88, 13, 36, 101, 26, 56, 79, 4, 69, 92, 17, 47, 77, 30, 60, 90, 8, 38, 103, 28, 51, 81, 6, 64, 94, 19, 49, 72, 32, 62, 85, 10,
40, 105, 23, 53, 83),  ], [  (1, 75, 37, 6, 73, 42, 4, 71, 40, 2, 76, 38, 7, 74, 36, 5, 72, 41, 3, 77, 39)(8, 82, 44, 13, 80, 49, 11, 78, 47, 
9, 83, 45, 14, 81, 43, 12, 79, 48, 10, 84, 46)(15, 89, 51, 20, 87, 56, 18, 85, 54, 16, 90, 52, 21, 88, 50, 19, 86, 55, 17, 91, 53)(22, 96, 58,
27, 94, 63, 25, 92, 61, 23, 97, 59, 28, 95, 57, 26, 93, 62, 24, 98, 60)(29, 103, 65, 34, 101, 70, 32, 99, 68, 30, 104, 66, 35, 102, 64, 33, 
100, 69, 31, 105, 67),  (1, 39, 77, 3, 41, 72, 5, 36, 74, 7, 38, 76, 2, 40, 71, 4, 42, 73, 6, 37, 75)(8, 46, 84, 10, 48, 79, 12, 43, 81, 14, 
45, 83, 9, 47, 78, 11, 49, 80, 13, 44, 82)(15, 53, 91, 17, 55, 86, 19, 50, 88, 21, 52, 90, 16, 54, 85, 18, 56, 87, 20, 51, 89)(22, 60, 98, 24,
62, 93, 26, 57, 95, 28, 59, 97, 23, 61, 92, 25, 63, 94, 27, 58, 96)(29, 67, 105, 31, 69, 100, 33, 64, 102, 35, 66, 104, 30, 68, 99, 32, 70, 
101, 34, 65, 103),  ], [  (1, 101, 61, 21, 79, 39, 34, 92, 52, 12, 77, 65, 25, 90, 43, 3, 103, 63, 16, 81, 41, 29, 94, 54, 14, 72, 67, 27, 85,
45, 5, 105, 58, 18, 83, 36, 31, 96, 56, 9, 74, 69, 22, 87, 47, 7, 100, 60, 20, 78, 38, 33, 98, 51, 11, 76, 64, 24, 89, 49, 2, 102, 62, 15, 80,
40, 35, 93, 53, 13, 71, 66, 26, 91, 44, 4, 104, 57, 17, 82, 42, 30, 95, 55, 8, 73, 68, 28, 86, 46, 6, 99, 59, 19, 84, 37, 32, 97, 50, 10, 75, 
70, 23, 88, 48),  (1, 48, 88, 23, 70, 75, 10, 50, 97, 32, 37, 84, 19, 59, 99, 6, 46, 86, 28, 68, 73, 8, 55, 95, 30, 42, 82, 17, 57, 104, 4, 
44, 91, 26, 66, 71, 13, 53, 93, 35, 40, 80, 15, 62, 102, 2, 49, 89, 24, 64, 76, 11, 51, 98, 33, 38, 78, 20, 60, 100, 7, 47, 87, 22, 69, 74, 9,
56, 96, 31, 36, 83, 18, 58, 105, 5, 45, 85, 27, 67, 72, 14, 54, 94, 29, 41, 81, 16, 63, 103, 3, 43, 90, 25, 65, 77, 12, 52, 92, 34, 39, 79, 
21, 61, 101),  ], [  (1, 92, 43, 29, 85, 36, 22, 78, 64, 15, 71, 57, 8, 99, 50)(2, 93, 44, 30, 86, 37, 23, 79, 65, 16, 72, 58, 9, 100, 51)(3, 
94, 45, 31, 87, 38, 24, 80, 66, 17, 73, 59, 10, 101, 52)(4, 95, 46, 32, 88, 39, 25, 81, 67, 18, 74, 60, 11, 102, 53)(5, 96, 47, 33, 89, 40, 
26, 82, 68, 19, 75, 61, 12, 103, 54)(6, 97, 48, 34, 90, 41, 27, 83, 69, 20, 76, 62, 13, 104, 55)(7, 98, 49, 35, 91, 42, 28, 84, 70, 21, 77, 
63, 14, 105, 56),  (1, 50, 99, 8, 57, 71, 15, 64, 78, 22, 36, 85, 29, 43, 92)(2, 51, 100, 9, 58, 72, 16, 65, 79, 23, 37, 86, 30, 44, 93)(3, 
52, 101, 10, 59, 73, 17, 66, 80, 24, 38, 87, 31, 45, 94)(4, 53, 102, 11, 60, 74, 18, 67, 81, 25, 39, 88, 32, 46, 95)(5, 54, 103, 12, 61, 75, 
19, 68, 82, 26, 40, 89, 33, 47, 96)(6, 55, 104, 13, 62, 76, 20, 69, 83, 27, 41, 90, 34, 48, 97)(7, 56, 105, 14, 63, 77, 21, 70, 84, 28, 42, 
91, 35, 49, 98),  ], [  (1, 104, 60, 16, 84, 40, 31, 92, 55, 11, 72, 70, 26, 87, 43, 6, 102, 58, 21, 82, 38, 29, 97, 53, 9, 77, 68, 24, 85, 
48, 4, 100, 63, 19, 80, 36, 34, 95, 51, 14, 75, 66, 22, 90, 46, 2, 105, 61, 17, 78, 41, 32, 93, 56, 12, 73, 64, 27, 88, 44, 7, 103, 59, 15, 
83, 39, 30, 98, 54, 10, 71, 69, 25, 86, 49, 5, 101, 57, 20, 81, 37, 35, 96, 52, 8, 76, 67, 23, 91, 47, 3, 99, 62, 18, 79, 42, 33, 94, 50, 13, 
74, 65, 28, 89, 45),  (1, 45, 89, 28, 65, 74, 13, 50, 94, 33, 42, 79, 18, 62, 99, 3, 47, 91, 23, 67, 76, 8, 52, 96, 35, 37, 81, 20, 57, 101, 
5, 49, 86, 25, 69, 71, 10, 54, 98, 30, 39, 83, 15, 59, 103, 7, 44, 88, 27, 64, 73, 12, 56, 93, 32, 41, 78, 17, 61, 105, 2, 46, 90, 22, 66, 75,
14, 51, 95, 34, 36, 80, 19, 63, 100, 4, 48, 85, 24, 68, 77, 9, 53, 97, 29, 38, 82, 21, 58, 102, 6, 43, 87, 26, 70, 72, 11, 55, 92, 31, 40, 84,
16, 60, 104),  ], [  (1, 74, 42, 3, 76, 37, 5, 71, 39, 7, 73, 41, 2, 75, 36, 4, 77, 38, 6, 72, 40)(8, 81, 49, 10, 83, 44, 12, 78, 46, 14, 80, 
48, 9, 82, 43, 11, 84, 45, 13, 79, 47)(15, 88, 56, 17, 90, 51, 19, 85, 53, 21, 87, 55, 16, 89, 50, 18, 91, 52, 20, 86, 54)(22, 95, 63, 24, 97,
58, 26, 92, 60, 28, 94, 62, 23, 96, 57, 25, 98, 59, 27, 93, 61)(29, 102, 70, 31, 104, 65, 33, 99, 67, 35, 101, 69, 30, 103, 64, 32, 105, 66, 
34, 100, 68),  (1, 40, 72, 6, 38, 77, 4, 36, 75, 2, 41, 73, 7, 39, 71, 5, 37, 76, 3, 42, 74)(8, 47, 79, 13, 45, 84, 11, 43, 82, 9, 48, 80, 14,
46, 78, 12, 44, 83, 10, 49, 81)(15, 54, 86, 20, 52, 91, 18, 50, 89, 16, 55, 87, 21, 53, 85, 19, 51, 90, 17, 56, 88)(22, 61, 93, 27, 59, 98, 
25, 57, 96, 23, 62, 94, 28, 60, 92, 26, 58, 97, 24, 63, 95)(29, 68, 100, 34, 66, 105, 32, 64, 103, 30, 69, 101, 35, 67, 99, 33, 65, 104, 31, 
70, 102),  ], [  (1, 17, 33, 14, 23, 4, 20, 29, 10, 26, 7, 16, 32, 13, 22, 3, 19, 35, 9, 25, 6, 15, 31, 12, 28, 2, 18, 34, 8, 24, 5, 21, 30, 
11, 27)(36, 52, 68, 49, 58, 39, 55, 64, 45, 61, 42, 51, 67, 48, 57, 38, 54, 70, 44, 60, 41, 50, 66, 47, 63, 37, 53, 69, 43, 59, 40, 56, 65, 
46, 62)(71, 87, 103, 84, 93, 74, 90, 99, 80, 96, 77, 86, 102, 83, 92, 73, 89, 105, 79, 95, 76, 85, 101, 82, 98, 72, 88, 104, 78, 94, 75, 91, 
100, 81, 97),  (1, 27, 11, 30, 21, 5, 24, 8, 34, 18, 2, 28, 12, 31, 15, 6, 25, 9, 35, 19, 3, 22, 13, 32, 16, 7, 26, 10, 29, 20, 4, 23, 14, 33,
17)(36, 62, 46, 65, 56, 40, 59, 43, 69, 53, 37, 63, 47, 66, 50, 41, 60, 44, 70, 54, 38, 57, 48, 67, 51, 42, 61, 45, 64, 55, 39, 58, 49, 68, 
52)(71, 97, 81, 100, 91, 75, 94, 78, 104, 88, 72, 98, 82, 101, 85, 76, 95, 79, 105, 89, 73, 92, 83, 102, 86, 77, 96, 80, 99, 90, 74, 93, 84, 
103, 87),  ], [  (1, 50, 99, 8, 57, 71, 15, 64, 78, 22, 36, 85, 29, 43, 92)(2, 51, 100, 9, 58, 72, 16, 65, 79, 23, 37, 86, 30, 44, 93)(3, 52, 
101, 10, 59, 73, 17, 66, 80, 24, 38, 87, 31, 45, 94)(4, 53, 102, 11, 60, 74, 18, 67, 81, 25, 39, 88, 32, 46, 95)(5, 54, 103, 12, 61, 75, 19, 
68, 82, 26, 40, 89, 33, 47, 96)(6, 55, 104, 13, 62, 76, 20, 69, 83, 27, 41, 90, 34, 48, 97)(7, 56, 105, 14, 63, 77, 21, 70, 84, 28, 42, 91, 
35, 49, 98),  (1, 92, 43, 29, 85, 36, 22, 78, 64, 15, 71, 57, 8, 99, 50)(2, 93, 44, 30, 86, 37, 23, 79, 65, 16, 72, 58, 9, 100, 51)(3, 94, 45,
31, 87, 38, 24, 80, 66, 17, 73, 59, 10, 101, 52)(4, 95, 46, 32, 88, 39, 25, 81, 67, 18, 74, 60, 11, 102, 53)(5, 96, 47, 33, 89, 40, 26, 82, 
68, 19, 75, 61, 12, 103, 54)(6, 97, 48, 34, 90, 41, 27, 83, 69, 20, 76, 62, 13, 104, 55)(7, 98, 49, 35, 91, 42, 28, 84, 70, 21, 77, 63, 14, 
105, 56),  ], [  (1, 20, 32, 9, 28, 5, 17, 29, 13, 25, 2, 21, 33, 10, 22, 6, 18, 30, 14, 26, 3, 15, 34, 11, 23, 7, 19, 31, 8, 27, 4, 16, 35, 
12, 24)(36, 55, 67, 44, 63, 40, 52, 64, 48, 60, 37, 56, 68, 45, 57, 41, 53, 65, 49, 61, 38, 50, 69, 46, 58, 42, 54, 66, 43, 62, 39, 51, 70, 
47, 59)(71, 90, 102, 79, 98, 75, 87, 99, 83, 95, 72, 91, 103, 80, 92, 76, 88, 100, 84, 96, 73, 85, 104, 81, 93, 77, 89, 101, 78, 97, 74, 86, 
105, 82, 94),  (1, 24, 12, 35, 16, 4, 27, 8, 31, 19, 7, 23, 11, 34, 15, 3, 26, 14, 30, 18, 6, 22, 10, 33, 21, 2, 25, 13, 29, 17, 5, 28, 9, 32,
20)(36, 59, 47, 70, 51, 39, 62, 43, 66, 54, 42, 58, 46, 69, 50, 38, 61, 49, 65, 53, 41, 57, 45, 68, 56, 37, 60, 48, 64, 52, 40, 63, 44, 67, 
55)(71, 94, 82, 105, 86, 74, 97, 78, 101, 89, 77, 93, 81, 104, 85, 73, 96, 84, 100, 88, 76, 92, 80, 103, 91, 72, 95, 83, 99, 87, 75, 98, 79, 
102, 90),  ], [  (1, 12, 16, 27, 31, 7, 11, 15, 26, 30, 6, 10, 21, 25, 29, 5, 9, 20, 24, 35, 4, 8, 19, 23, 34, 3, 14, 18, 22, 33, 2, 13, 17, 
28, 32)(36, 47, 51, 62, 66, 42, 46, 50, 61, 65, 41, 45, 56, 60, 64, 40, 44, 55, 59, 70, 39, 43, 54, 58, 69, 38, 49, 53, 57, 68, 37, 48, 52, 
63, 67)(71, 82, 86, 97, 101, 77, 81, 85, 96, 100, 76, 80, 91, 95, 99, 75, 79, 90, 94, 105, 74, 78, 89, 93, 104, 73, 84, 88, 92, 103, 72, 83, 
87, 98, 102),  (1, 32, 28, 17, 13, 2, 33, 22, 18, 14, 3, 34, 23, 19, 8, 4, 35, 24, 20, 9, 5, 29, 25, 21, 10, 6, 30, 26, 15, 11, 7, 31, 27, 16,
12)(36, 67, 63, 52, 48, 37, 68, 57, 53, 49, 38, 69, 58, 54, 43, 39, 70, 59, 55, 44, 40, 64, 60, 56, 45, 41, 65, 61, 50, 46, 42, 66, 62, 51, 
47)(71, 102, 98, 87, 83, 72, 103, 92, 88, 84, 73, 104, 93, 89, 78, 74, 105, 94, 90, 79, 75, 99, 95, 91, 80, 76, 100, 96, 85, 81, 77, 101, 97, 
86, 82),  ], [  (1, 45, 89, 28, 65, 74, 13, 50, 94, 33, 42, 79, 18, 62, 99, 3, 47, 91, 23, 67, 76, 8, 52, 96, 35, 37, 81, 20, 57, 101, 5, 49, 
86, 25, 69, 71, 10, 54, 98, 30, 39, 83, 15, 59, 103, 7, 44, 88, 27, 64, 73, 12, 56, 93, 32, 41, 78, 17, 61, 105, 2, 46, 90, 22, 66, 75, 14, 
51, 95, 34, 36, 80, 19, 63, 100, 4, 48, 85, 24, 68, 77, 9, 53, 97, 29, 38, 82, 21, 58, 102, 6, 43, 87, 26, 70, 72, 11, 55, 92, 31, 40, 84, 16,
60, 104),  (1, 104, 60, 16, 84, 40, 31, 92, 55, 11, 72, 70, 26, 87, 43, 6, 102, 58, 21, 82, 38, 29, 97, 53, 9, 77, 68, 24, 85, 48, 4, 100, 63,
19, 80, 36, 34, 95, 51, 14, 75, 66, 22, 90, 46, 2, 105, 61, 17, 78, 41, 32, 93, 56, 12, 73, 64, 27, 88, 44, 7, 103, 59, 15, 83, 39, 30, 98, 
54, 10, 71, 69, 25, 86, 49, 5, 101, 57, 20, 81, 37, 35, 96, 52, 8, 76, 67, 23, 91, 47, 3, 99, 62, 18, 79, 42, 33, 94, 50, 13, 74, 65, 28, 89, 
45),  ], [  (1, 48, 88, 23, 70, 75, 10, 50, 97, 32, 37, 84, 19, 59, 99, 6, 46, 86, 28, 68, 73, 8, 55, 95, 30, 42, 82, 17, 57, 104, 4, 44, 91, 
26, 66, 71, 13, 53, 93, 35, 40, 80, 15, 62, 102, 2, 49, 89, 24, 64, 76, 11, 51, 98, 33, 38, 78, 20, 60, 100, 7, 47, 87, 22, 69, 74, 9, 56, 96,
31, 36, 83, 18, 58, 105, 5, 45, 85, 27, 67, 72, 14, 54, 94, 29, 41, 81, 16, 63, 103, 3, 43, 90, 25, 65, 77, 12, 52, 92, 34, 39, 79, 21, 61, 
101),  (1, 101, 61, 21, 79, 39, 34, 92, 52, 12, 77, 65, 25, 90, 43, 3, 103, 63, 16, 81, 41, 29, 94, 54, 14, 72, 67, 27, 85, 45, 5, 105, 58, 
18, 83, 36, 31, 96, 56, 9, 74, 69, 22, 87, 47, 7, 100, 60, 20, 78, 38, 33, 98, 51, 11, 76, 64, 24, 89, 49, 2, 102, 62, 15, 80, 40, 35, 93, 53,
13, 71, 66, 26, 91, 44, 4, 104, 57, 17, 82, 42, 30, 95, 55, 8, 73, 68, 28, 86, 46, 6, 99, 59, 19, 84, 37, 32, 97, 50, 10, 75, 70, 23, 88, 48),
], [  (1, 11, 21, 24, 34, 2, 12, 15, 25, 35, 3, 13, 16, 26, 29, 4, 14, 17, 27, 30, 5, 8, 18, 28, 31, 6, 9, 19, 22, 32, 7, 10, 20, 23, 33)(36, 
46, 56, 59, 69, 37, 47, 50, 60, 70, 38, 48, 51, 61, 64, 39, 49, 52, 62, 65, 40, 43, 53, 63, 66, 41, 44, 54, 57, 67, 42, 45, 55, 58, 68)(71, 
81, 91, 94, 104, 72, 82, 85, 95, 105, 73, 83, 86, 96, 99, 74, 84, 87, 97, 100, 75, 78, 88, 98, 101, 76, 79, 89, 92, 102, 77, 80, 90, 93, 103),
(1, 33, 23, 20, 10, 7, 32, 22, 19, 9, 6, 31, 28, 18, 8, 5, 30, 27, 17, 14, 4, 29, 26, 16, 13, 3, 35, 25, 15, 12, 2, 34, 24, 21, 11)(36, 68, 
58, 55, 45, 42, 67, 57, 54, 44, 41, 66, 63, 53, 43, 40, 65, 62, 52, 49, 39, 64, 61, 51, 48, 38, 70, 60, 50, 47, 37, 69, 59, 56, 46)(71, 103, 
93, 90, 80, 77, 102, 92, 89, 79, 76, 101, 98, 88, 78, 75, 100, 97, 87, 84, 74, 99, 96, 86, 83, 73, 105, 95, 85, 82, 72, 104, 94, 91, 81),  ], 
[  (1, 7, 6, 5, 4, 3, 2)(8, 14, 13, 12, 11, 10, 9)(15, 21, 20, 19, 18, 17, 16)(22, 28, 27, 26, 25, 24, 23)(29, 35, 34, 33, 32, 31, 30)(36, 42,
41, 40, 39, 38, 37)(43, 49, 48, 47, 46, 45, 44)(50, 56, 55, 54, 53, 52, 51)(57, 63, 62, 61, 60, 59, 58)(64, 70, 69, 68, 67, 66, 65)(71, 77, 
76, 75, 74, 73, 72)(78, 84, 83, 82, 81, 80, 79)(85, 91, 90, 89, 88, 87, 86)(92, 98, 97, 96, 95, 94, 93)(99, 105, 104, 103, 102, 101, 100),  
(1, 2, 3, 4, 5, 6, 7)(8, 9, 10, 11, 12, 13, 14)(15, 16, 17, 18, 19, 20, 21)(22, 23, 24, 25, 26, 27, 28)(29, 30, 31, 32, 33, 34, 35)(36, 37, 
38, 39, 40, 41, 42)(43, 44, 45, 46, 47, 48, 49)(50, 51, 52, 53, 54, 55, 56)(57, 58, 59, 60, 61, 62, 63)(64, 65, 66, 67, 68, 69, 70)(71, 72, 
73, 74, 75, 76, 77)(78, 79, 80, 81, 82, 83, 84)(85, 86, 87, 88, 89, 90, 91)(92, 93, 94, 95, 96, 97, 98)(99, 100, 101, 102, 103, 104, 105),  ],
[  (1, 40, 72, 6, 38, 77, 4, 36, 75, 2, 41, 73, 7, 39, 71, 5, 37, 76, 3, 42, 74)(8, 47, 79, 13, 45, 84, 11, 43, 82, 9, 48, 80, 14, 46, 78, 12,
44, 83, 10, 49, 81)(15, 54, 86, 20, 52, 91, 18, 50, 89, 16, 55, 87, 21, 53, 85, 19, 51, 90, 17, 56, 88)(22, 61, 93, 27, 59, 98, 25, 57, 96, 
23, 62, 94, 28, 60, 92, 26, 58, 97, 24, 63, 95)(29, 68, 100, 34, 66, 105, 32, 64, 103, 30, 69, 101, 35, 67, 99, 33, 65, 104, 31, 70, 102),  
(1, 74, 42, 3, 76, 37, 5, 71, 39, 7, 73, 41, 2, 75, 36, 4, 77, 38, 6, 72, 40)(8, 81, 49, 10, 83, 44, 12, 78, 46, 14, 80, 48, 9, 82, 43, 11, 
84, 45, 13, 79, 47)(15, 88, 56, 17, 90, 51, 19, 85, 53, 21, 87, 55, 16, 89, 50, 18, 91, 52, 20, 86, 54)(22, 95, 63, 24, 97, 58, 26, 92, 60, 
28, 94, 62, 23, 96, 57, 25, 98, 59, 27, 93, 61)(29, 102, 70, 31, 104, 65, 33, 99, 67, 35, 101, 69, 30, 103, 64, 32, 105, 66, 34, 100, 68),  ],
[  (1, 33, 23, 20, 10, 7, 32, 22, 19, 9, 6, 31, 28, 18, 8, 5, 30, 27, 17, 14, 4, 29, 26, 16, 13, 3, 35, 25, 15, 12, 2, 34, 24, 21, 11)(36, 68,
58, 55, 45, 42, 67, 57, 54, 44, 41, 66, 63, 53, 43, 40, 65, 62, 52, 49, 39, 64, 61, 51, 48, 38, 70, 60, 50, 47, 37, 69, 59, 56, 46)(71, 103, 
93, 90, 80, 77, 102, 92, 89, 79, 76, 101, 98, 88, 78, 75, 100, 97, 87, 84, 74, 99, 96, 86, 83, 73, 105, 95, 85, 82, 72, 104, 94, 91, 81),  (1,
11, 21, 24, 34, 2, 12, 15, 25, 35, 3, 13, 16, 26, 29, 4, 14, 17, 27, 30, 5, 8, 18, 28, 31, 6, 9, 19, 22, 32, 7, 10, 20, 23, 33)(36, 46, 56, 
59, 69, 37, 47, 50, 60, 70, 38, 48, 51, 61, 64, 39, 49, 52, 62, 65, 40, 43, 53, 63, 66, 41, 44, 54, 57, 67, 42, 45, 55, 58, 68)(71, 81, 91, 
94, 104, 72, 82, 85, 95, 105, 73, 83, 86, 96, 99, 74, 84, 87, 97, 100, 75, 78, 88, 98, 101, 76, 79, 89, 92, 102, 77, 80, 90, 93, 103),  ], [  
(1, 66, 96, 21, 44, 74, 34, 57, 87, 12, 42, 100, 25, 55, 78, 3, 68, 98, 16, 46, 76, 29, 59, 89, 14, 37, 102, 27, 50, 80, 5, 70, 93, 18, 48, 
71, 31, 61, 91, 9, 39, 104, 22, 52, 82, 7, 65, 95, 20, 43, 73, 33, 63, 86, 11, 41, 99, 24, 54, 84, 2, 67, 97, 15, 45, 75, 35, 58, 88, 13, 36, 
101, 26, 56, 79, 4, 69, 92, 17, 47, 77, 30, 60, 90, 8, 38, 103, 28, 51, 81, 6, 64, 94, 19, 49, 72, 32, 62, 85, 10, 40, 105, 23, 53, 83),  (1, 
83, 53, 23, 105, 40, 10, 85, 62, 32, 72, 49, 19, 94, 64, 6, 81, 51, 28, 103, 38, 8, 90, 60, 30, 77, 47, 17, 92, 69, 4, 79, 56, 26, 101, 36, 
13, 88, 58, 35, 75, 45, 15, 97, 67, 2, 84, 54, 24, 99, 41, 11, 86, 63, 33, 73, 43, 20, 95, 65, 7, 82, 52, 22, 104, 39, 9, 91, 61, 31, 71, 48, 
18, 93, 70, 5, 80, 50, 27, 102, 37, 14, 89, 59, 29, 76, 46, 16, 98, 68, 3, 78, 55, 25, 100, 42, 12, 87, 57, 34, 74, 44, 21, 96, 66),  ], [  
(1, 24, 12, 35, 16, 4, 27, 8, 31, 19, 7, 23, 11, 34, 15, 3, 26, 14, 30, 18, 6, 22, 10, 33, 21, 2, 25, 13, 29, 17, 5, 28, 9, 32, 20)(36, 59, 
47, 70, 51, 39, 62, 43, 66, 54, 42, 58, 46, 69, 50, 38, 61, 49, 65, 53, 41, 57, 45, 68, 56, 37, 60, 48, 64, 52, 40, 63, 44, 67, 55)(71, 94, 
82, 105, 86, 74, 97, 78, 101, 89, 77, 93, 81, 104, 85, 73, 96, 84, 100, 88, 76, 92, 80, 103, 91, 72, 95, 83, 99, 87, 75, 98, 79, 102, 90),  
(1, 20, 32, 9, 28, 5, 17, 29, 13, 25, 2, 21, 33, 10, 22, 6, 18, 30, 14, 26, 3, 15, 34, 11, 23, 7, 19, 31, 8, 27, 4, 16, 35, 12, 24)(36, 55, 
67, 44, 63, 40, 52, 64, 48, 60, 37, 56, 68, 45, 57, 41, 53, 65, 49, 61, 38, 50, 69, 46, 58, 42, 54, 66, 43, 62, 39, 51, 70, 47, 59)(71, 90, 
102, 79, 98, 75, 87, 99, 83, 95, 72, 91, 103, 80, 92, 76, 88, 100, 84, 96, 73, 85, 104, 81, 93, 77, 89, 101, 78, 97, 74, 86, 105, 82, 94),  ],
[  (1, 57, 78, 29, 50, 71, 22, 43, 99, 15, 36, 92, 8, 64, 85)(2, 58, 79, 30, 51, 72, 23, 44, 100, 16, 37, 93, 9, 65, 86)(3, 59, 80, 31, 52, 
73, 24, 45, 101, 17, 38, 94, 10, 66, 87)(4, 60, 81, 32, 53, 74, 25, 46, 102, 18, 39, 95, 11, 67, 88)(5, 61, 82, 33, 54, 75, 26, 47, 103, 19, 
40, 96, 12, 68, 89)(6, 62, 83, 34, 55, 76, 27, 48, 104, 20, 41, 97, 13, 69, 90)(7, 63, 84, 35, 56, 77, 28, 49, 105, 21, 42, 98, 14, 70, 91),  
(1, 85, 64, 8, 92, 36, 15, 99, 43, 22, 71, 50, 29, 78, 57)(2, 86, 65, 9, 93, 37, 16, 100, 44, 23, 72, 51, 30, 79, 58)(3, 87, 66, 10, 94, 38, 
17, 101, 45, 24, 73, 52, 31, 80, 59)(4, 88, 67, 11, 95, 39, 18, 102, 46, 25, 74, 53, 32, 81, 60)(5, 89, 68, 12, 96, 40, 19, 103, 47, 26, 75, 
54, 33, 82, 61)(6, 90, 69, 13, 97, 41, 20, 104, 48, 27, 76, 55, 34, 83, 62)(7, 91, 70, 14, 98, 42, 21, 105, 49, 28, 77, 56, 35, 84, 63),  ], [
(1, 69, 95, 16, 49, 75, 31, 57, 90, 11, 37, 105, 26, 52, 78, 6, 67, 93, 21, 47, 73, 29, 62, 88, 9, 42, 103, 24, 50, 83, 4, 65, 98, 19, 45, 71,
34, 60, 86, 14, 40, 101, 22, 55, 81, 2, 70, 96, 17, 43, 76, 32, 58, 91, 12, 38, 99, 27, 53, 79, 7, 68, 94, 15, 48, 74, 30, 63, 89, 10, 36, 
104, 25, 51, 84, 5, 66, 92, 20, 46, 72, 35, 61, 87, 8, 41, 102, 23, 56, 82, 3, 64, 97, 18, 44, 77, 33, 59, 85, 13, 39, 100, 28, 54, 80),  (1, 
80, 54, 28, 100, 39, 13, 85, 59, 33, 77, 44, 18, 97, 64, 3, 82, 56, 23, 102, 41, 8, 87, 61, 35, 72, 46, 20, 92, 66, 5, 84, 51, 25, 104, 36, 
10, 89, 63, 30, 74, 48, 15, 94, 68, 7, 79, 53, 27, 99, 38, 12, 91, 58, 32, 76, 43, 17, 96, 70, 2, 81, 55, 22, 101, 40, 14, 86, 60, 34, 71, 45,
19, 98, 65, 4, 83, 50, 24, 103, 42, 9, 88, 62, 29, 73, 47, 21, 93, 67, 6, 78, 52, 26, 105, 37, 11, 90, 57, 31, 75, 49, 16, 95, 69),  ], [  (1,
39, 77, 3, 41, 72, 5, 36, 74, 7, 38, 76, 2, 40, 71, 4, 42, 73, 6, 37, 75)(8, 46, 84, 10, 48, 79, 12, 43, 81, 14, 45, 83, 9, 47, 78, 11, 49, 
80, 13, 44, 82)(15, 53, 91, 17, 55, 86, 19, 50, 88, 21, 52, 90, 16, 54, 85, 18, 56, 87, 20, 51, 89)(22, 60, 98, 24, 62, 93, 26, 57, 95, 28, 
59, 97, 23, 61, 92, 25, 63, 94, 27, 58, 96)(29, 67, 105, 31, 69, 100, 33, 64, 102, 35, 66, 104, 30, 68, 99, 32, 70, 101, 34, 65, 103),  (1, 
75, 37, 6, 73, 42, 4, 71, 40, 2, 76, 38, 7, 74, 36, 5, 72, 41, 3, 77, 39)(8, 82, 44, 13, 80, 49, 11, 78, 47, 9, 83, 45, 14, 81, 43, 12, 79, 
48, 10, 84, 46)(15, 89, 51, 20, 87, 56, 18, 85, 54, 16, 90, 52, 21, 88, 50, 19, 86, 55, 17, 91, 53)(22, 96, 58, 27, 94, 63, 25, 92, 61, 23, 
97, 59, 28, 95, 57, 26, 93, 62, 24, 98, 60)(29, 103, 65, 34, 101, 70, 32, 99, 68, 30, 104, 66, 35, 102, 64, 33, 100, 69, 31, 105, 67),  ], [  
(1, 27, 11, 30, 21, 5, 24, 8, 34, 18, 2, 28, 12, 31, 15, 6, 25, 9, 35, 19, 3, 22, 13, 32, 16, 7, 26, 10, 29, 20, 4, 23, 14, 33, 17)(36, 62, 
46, 65, 56, 40, 59, 43, 69, 53, 37, 63, 47, 66, 50, 41, 60, 44, 70, 54, 38, 57, 48, 67, 51, 42, 61, 45, 64, 55, 39, 58, 49, 68, 52)(71, 97, 
81, 100, 91, 75, 94, 78, 104, 88, 72, 98, 82, 101, 85, 76, 95, 79, 105, 89, 73, 92, 83, 102, 86, 77, 96, 80, 99, 90, 74, 93, 84, 103, 87),  
(1, 17, 33, 14, 23, 4, 20, 29, 10, 26, 7, 16, 32, 13, 22, 3, 19, 35, 9, 25, 6, 15, 31, 12, 28, 2, 18, 34, 8, 24, 5, 21, 30, 11, 27)(36, 52, 
68, 49, 58, 39, 55, 64, 45, 61, 42, 51, 67, 48, 57, 38, 54, 70, 44, 60, 41, 50, 66, 47, 63, 37, 53, 69, 43, 59, 40, 56, 65, 46, 62)(71, 87, 
103, 84, 93, 74, 90, 99, 80, 96, 77, 86, 102, 83, 92, 73, 89, 105, 79, 95, 76, 85, 101, 82, 98, 72, 88, 104, 78, 94, 75, 91, 100, 81, 97),  ],
[  (1, 32, 28, 17, 13, 2, 33, 22, 18, 14, 3, 34, 23, 19, 8, 4, 35, 24, 20, 9, 5, 29, 25, 21, 10, 6, 30, 26, 15, 11, 7, 31, 27, 16, 12)(36, 67,
63, 52, 48, 37, 68, 57, 53, 49, 38, 69, 58, 54, 43, 39, 70, 59, 55, 44, 40, 64, 60, 56, 45, 41, 65, 61, 50, 46, 42, 66, 62, 51, 47)(71, 102, 
98, 87, 83, 72, 103, 92, 88, 84, 73, 104, 93, 89, 78, 74, 105, 94, 90, 79, 75, 99, 95, 91, 80, 76, 100, 96, 85, 81, 77, 101, 97, 86, 82),  (1,
12, 16, 27, 31, 7, 11, 15, 26, 30, 6, 10, 21, 25, 29, 5, 9, 20, 24, 35, 4, 8, 19, 23, 34, 3, 14, 18, 22, 33, 2, 13, 17, 28, 32)(36, 47, 51, 
62, 66, 42, 46, 50, 61, 65, 41, 45, 56, 60, 64, 40, 44, 55, 59, 70, 39, 43, 54, 58, 69, 38, 49, 53, 57, 68, 37, 48, 52, 63, 67)(71, 82, 86, 
