BRACES[45] := rec( total := -1, implemented := 4, size := 45, brace := [] );BRACES[45].brace[1] := rec ( size := 45, perms := [ [  (),  (),  
], [  (1, 16, 31, 2, 17, 32, 3, 18, 33)(4, 19, 34, 5, 20, 35, 6, 21, 36)(7, 22, 37, 8, 23, 38, 9, 24, 39)(10, 25, 40, 11, 26, 41, 12, 27, 
42)(13, 28, 43, 14, 29, 44, 15, 30, 45),  (1, 33, 18, 3, 32, 17, 2, 31, 16)(4, 36, 21, 6, 35, 20, 5, 34, 19)(7, 39, 24, 9, 38, 23, 8, 37, 
22)(10, 42, 27, 12, 41, 26, 11, 40, 25)(13, 45, 30, 15, 44, 29, 14, 43, 28),  ], [  (1, 2, 3)(4, 5, 6)(7, 8, 9)(10, 11, 12)(13, 14, 15)(16, 
17, 18)(19, 20, 21)(22, 23, 24)(25, 26, 27)(28, 29, 30)(31, 32, 33)(34, 35, 36)(37, 38, 39)(40, 41, 42)(43, 44, 45),  (1, 3, 2)(4, 6, 5)(7, 9,
8)(10, 12, 11)(13, 15, 14)(16, 18, 17)(19, 21, 20)(22, 24, 23)(25, 27, 26)(28, 30, 29)(31, 33, 32)(34, 36, 35)(37, 39, 38)(40, 42, 41)(43, 45,
44),  ], [  (1, 7, 13, 4, 10)(2, 8, 14, 5, 11)(3, 9, 15, 6, 12)(16, 22, 28, 19, 25)(17, 23, 29, 20, 26)(18, 24, 30, 21, 27)(31, 37, 43, 34, 
40)(32, 38, 44, 35, 41)(33, 39, 45, 36, 42),  (1, 10, 4, 13, 7)(2, 11, 5, 14, 8)(3, 12, 6, 15, 9)(16, 25, 19, 28, 22)(17, 26, 20, 29, 23)(18, 
27, 21, 30, 24)(31, 40, 34, 43, 37)(32, 41, 35, 44, 38)(33, 42, 36, 45, 39),  ], [  (1, 33, 18, 3, 32, 17, 2, 31, 16)(4, 36, 21, 6, 35, 20, 5,
34, 19)(7, 39, 24, 9, 38, 23, 8, 37, 22)(10, 42, 27, 12, 41, 26, 11, 40, 25)(13, 45, 30, 15, 44, 29, 14, 43, 28),  (1, 16, 31, 2, 17, 32, 3, 
18, 33)(4, 19, 34, 5, 20, 35, 6, 21, 36)(7, 22, 37, 8, 23, 38, 9, 24, 39)(10, 25, 40, 11, 26, 41, 12, 27, 42)(13, 28, 43, 14, 29, 44, 15, 30, 
45),  ], [  (1, 3, 2)(4, 6, 5)(7, 9, 8)(10, 12, 11)(13, 15, 14)(16, 18, 17)(19, 21, 20)(22, 24, 23)(25, 27, 26)(28, 30, 29)(31, 33, 32)(34, 
36, 35)(37, 39, 38)(40, 42, 41)(43, 45, 44),  (1, 2, 3)(4, 5, 6)(7, 8, 9)(10, 11, 12)(13, 14, 15)(16, 17, 18)(19, 20, 21)(22, 23, 24)(25, 26, 
27)(28, 29, 30)(31, 32, 33)(34, 35, 36)(37, 38, 39)(40, 41, 42)(43, 44, 45),  ], [  (1, 10, 4, 13, 7)(2, 11, 5, 14, 8)(3, 12, 6, 15, 9)(16, 
25, 19, 28, 22)(17, 26, 20, 29, 23)(18, 27, 21, 30, 24)(31, 40, 34, 43, 37)(32, 41, 35, 44, 38)(33, 42, 36, 45, 39),  (1, 7, 13, 4, 10)(2, 8, 
14, 5, 11)(3, 9, 15, 6, 12)(16, 22, 28, 19, 25)(17, 23, 29, 20, 26)(18, 24, 30, 21, 27)(31, 37, 43, 34, 40)(32, 38, 44, 35, 41)(33, 39, 45, 
36, 42),  ], [  (1, 31, 17, 3, 33, 16, 2, 32, 18)(4, 34, 20, 6, 36, 19, 5, 35, 21)(7, 37, 23, 9, 39, 22, 8, 38, 24)(10, 40, 26, 12, 42, 25, 
11, 41, 27)(13, 43, 29, 15, 45, 28, 14, 44, 30),  (1, 18, 32, 2, 16, 33, 3, 17, 31)(4, 21, 35, 5, 19, 36, 6, 20, 34)(7, 24, 38, 8, 22, 39, 9, 
23, 37)(10, 27, 41, 11, 25, 42, 12, 26, 40)(13, 30, 44, 14, 28, 45, 15, 29, 43),  ], [  (1, 17, 33, 2, 18, 31, 3, 16, 32)(4, 20, 36, 5, 21, 
34, 6, 19, 35)(7, 23, 39, 8, 24, 37, 9, 22, 38)(10, 26, 42, 11, 27, 40, 12, 25, 41)(13, 29, 45, 14, 30, 43, 15, 28, 44),  (1, 32, 16, 3, 31, 
18, 2, 33, 17)(4, 35, 19, 6, 34, 21, 5, 36, 20)(7, 38, 22, 9, 37, 24, 8, 39, 23)(10, 41, 25, 12, 40, 27, 11, 42, 26)(13, 44, 28, 15, 43, 30, 
14, 45, 29),  ], [  (1, 22, 43, 5, 26, 32, 9, 30, 36, 10, 16, 37, 14, 20, 41, 3, 24, 45, 4, 25, 31, 8, 29, 35, 12, 18, 39, 13, 19, 40, 2, 23, 
44, 6, 27, 33, 7, 28, 34, 11, 17, 38, 15, 21, 42),  (1, 42, 21, 15, 38, 17, 11, 34, 28, 7, 33, 27, 6, 44, 23, 2, 40, 19, 13, 39, 18, 12, 35, 
29, 8, 31, 25, 4, 45, 24, 3, 41, 20, 14, 37, 16, 10, 36, 30, 9, 32, 26, 5, 43, 22),  ], [  (1, 18, 32, 2, 16, 33, 3, 17, 31)(4, 21, 35, 5, 19,
36, 6, 20, 34)(7, 24, 38, 8, 22, 39, 9, 23, 37)(10, 27, 41, 11, 25, 42, 12, 26, 40)(13, 30, 44, 14, 28, 45, 15, 29, 43),  (1, 31, 17, 3, 33, 
16, 2, 32, 18)(4, 34, 20, 6, 36, 19, 5, 35, 21)(7, 37, 23, 9, 39, 22, 8, 38, 24)(10, 40, 26, 12, 42, 25, 11, 41, 27)(13, 43, 29, 15, 45, 28, 
14, 44, 30),  ], [  (1, 25, 34, 14, 23, 32, 12, 21, 45, 7, 16, 40, 5, 29, 38, 3, 27, 36, 13, 22, 31, 11, 20, 44, 9, 18, 42, 4, 28, 37, 2, 26, 
35, 15, 24, 33, 10, 19, 43, 8, 17, 41, 6, 30, 39),  (1, 39, 30, 6, 41, 17, 8, 43, 19, 10, 33, 24, 15, 35, 26, 2, 37, 28, 4, 42, 18, 9, 44, 20,
11, 31, 22, 13, 36, 27, 3, 38, 29, 5, 40, 16, 7, 45, 21, 12, 32, 23, 14, 34, 25),  ], [  (1, 8, 15, 4, 11, 3, 7, 14, 6, 10, 2, 9, 13, 5, 
12)(16, 23, 30, 19, 26, 18, 22, 29, 21, 25, 17, 24, 28, 20, 27)(31, 38, 45, 34, 41, 33, 37, 44, 36, 40, 32, 39, 43, 35, 42),  (1, 12, 5, 13, 
9, 2, 10, 6, 14, 7, 3, 11, 4, 15, 8)(16, 27, 20, 28, 24, 17, 25, 21, 29, 22, 18, 26, 19, 30, 23)(31, 42, 35, 43, 39, 32, 40, 36, 44, 37, 33, 
41, 34, 45, 38),  ], [  (1, 11, 6, 13, 8, 3, 10, 5, 15, 7, 2, 12, 4, 14, 9)(16, 26, 21, 28, 23, 18, 25, 20, 30, 22, 17, 27, 19, 29, 24)(31, 
41, 36, 43, 38, 33, 40, 35, 45, 37, 32, 42, 34, 44, 39),  (1, 9, 14, 4, 12, 2, 7, 15, 5, 10, 3, 8, 13, 6, 11)(16, 24, 29, 19, 27, 17, 22, 30, 
20, 25, 18, 23, 28, 21, 26)(31, 39, 44, 34, 42, 32, 37, 45, 35, 40, 33, 38, 43, 36, 41),  ], [  (1, 13, 10, 7, 4)(2, 14, 11, 8, 5)(3, 15, 12, 
9, 6)(16, 28, 25, 22, 19)(17, 29, 26, 23, 20)(18, 30, 27, 24, 21)(31, 43, 40, 37, 34)(32, 44, 41, 38, 35)(33, 45, 42, 39, 36),  (1, 4, 7, 10, 
13)(2, 5, 8, 11, 14)(3, 6, 9, 12, 15)(16, 19, 22, 25, 28)(17, 20, 23, 26, 29)(18, 21, 24, 27, 30)(31, 34, 37, 40, 43)(32, 35, 38, 41, 44)(33, 
36, 39, 42, 45),  ], [  (1, 39, 30, 6, 41, 17, 8, 43, 19, 10, 33, 24, 15, 35, 26, 2, 37, 28, 4, 42, 18, 9, 44, 20, 11, 31, 22, 13, 36, 27, 3, 
38, 29, 5, 40, 16, 7, 45, 21, 12, 32, 23, 14, 34, 25),  (1, 25, 34, 14, 23, 32, 12, 21, 45, 7, 16, 40, 5, 29, 38, 3, 27, 36, 13, 22, 31, 11, 
20, 44, 9, 18, 42, 4, 28, 37, 2, 26, 35, 15, 24, 33, 10, 19, 43, 8, 17, 41, 6, 30, 39),  ], [  (1, 9, 14, 4, 12, 2, 7, 15, 5, 10, 3, 8, 13, 6,
11)(16, 24, 29, 19, 27, 17, 22, 30, 20, 25, 18, 23, 28, 21, 26)(31, 39, 44, 34, 42, 32, 37, 45, 35, 40, 33, 38, 43, 36, 41),  (1, 11, 6, 13, 
8, 3, 10, 5, 15, 7, 2, 12, 4, 14, 9)(16, 26, 21, 28, 23, 18, 25, 20, 30, 22, 17, 27, 19, 29, 24)(31, 41, 36, 43, 38, 33, 40, 35, 45, 37, 32, 
42, 34, 44, 39),  ], [  (1, 32, 16, 3, 31, 18, 2, 33, 17)(4, 35, 19, 6, 34, 21, 5, 36, 20)(7, 38, 22, 9, 37, 24, 8, 39, 23)(10, 41, 25, 12, 
40, 27, 11, 42, 26)(13, 44, 28, 15, 43, 30, 14, 45, 29),  (1, 17, 33, 2, 18, 31, 3, 16, 32)(4, 20, 36, 5, 21, 34, 6, 19, 35)(7, 23, 39, 8, 24,
37, 9, 22, 38)(10, 26, 42, 11, 27, 40, 12, 25, 41)(13, 29, 45, 14, 30, 43, 15, 28, 44),  ], [  (1, 42, 21, 15, 38, 17, 11, 34, 28, 7, 33, 27, 
6, 44, 23, 2, 40, 19, 13, 39, 18, 12, 35, 29, 8, 31, 25, 4, 45, 24, 3, 41, 20, 14, 37, 16, 10, 36, 30, 9, 32, 26, 5, 43, 22),  (1, 22, 43, 5, 
26, 32, 9, 30, 36, 10, 16, 37, 14, 20, 41, 3, 24, 45, 4, 25, 31, 8, 29, 35, 12, 18, 39, 13, 19, 40, 2, 23, 44, 6, 27, 33, 7, 28, 34, 11, 17, 
38, 15, 21, 42),  ], [  (1, 12, 5, 13, 9, 2, 10, 6, 14, 7, 3, 11, 4, 15, 8)(16, 27, 20, 28, 24, 17, 25, 21, 29, 22, 18, 26, 19, 30, 23)(31, 
42, 35, 43, 39, 32, 40, 36, 44, 37, 33, 41, 34, 45, 38),  (1, 8, 15, 4, 11, 3, 7, 14, 6, 10, 2, 9, 13, 5, 12)(16, 23, 30, 19, 26, 18, 22, 29, 
21, 25, 17, 24, 28, 20, 27)(31, 38, 45, 34, 41, 33, 37, 44, 36, 40, 32, 39, 43, 35, 42),  ], [  (1, 4, 7, 10, 13)(2, 5, 8, 11, 14)(3, 6, 9, 
12, 15)(16, 19, 22, 25, 28)(17, 20, 23, 26, 29)(18, 21, 24, 27, 30)(31, 34, 37, 40, 43)(32, 35, 38, 41, 44)(33, 36, 39, 42, 45),  (1, 13, 10, 
7, 4)(2, 14, 11, 8, 5)(3, 15, 12, 9, 6)(16, 28, 25, 22, 19)(17, 29, 26, 23, 20)(18, 30, 27, 24, 21)(31, 43, 40, 37, 34)(32, 44, 41, 38, 
35)(33, 45, 42, 39, 36),  ], [  (1, 37, 29, 6, 42, 16, 8, 44, 21, 10, 31, 23, 15, 36, 25, 2, 38, 30, 4, 40, 17, 9, 45, 19, 11, 32, 24, 13, 34,
26, 3, 39, 28, 5, 41, 18, 7, 43, 20, 12, 33, 22, 14, 35, 27),  (1, 27, 35, 14, 22, 33, 12, 20, 43, 7, 18, 41, 5, 28, 39, 3, 26, 34, 13, 24, 
32, 11, 19, 45, 9, 17, 40, 4, 30, 38, 2, 25, 36, 15, 23, 31, 10, 21, 44, 8, 16, 42, 6, 29, 37),  ], [  (1, 40, 20, 15, 39, 16, 11, 35, 30, 7, 
31, 26, 6, 45, 22, 2, 41, 21, 13, 37, 17, 12, 36, 28, 8, 32, 27, 4, 43, 23, 3, 42, 19, 14, 38, 18, 10, 34, 29, 9, 33, 25, 5, 44, 24),  (1, 24,
44, 5, 25, 33, 9, 29, 34, 10, 18, 38, 14, 19, 42, 3, 23, 43, 4, 27, 32, 8, 28, 36, 12, 17, 37, 13, 21, 41, 2, 22, 45, 6, 26, 31, 7, 30, 35, 
11, 16, 39, 15, 20, 40),  ], [  (1, 23, 45, 5, 27, 31, 9, 28, 35, 10, 17, 39, 14, 21, 40, 3, 22, 44, 4, 26, 33, 8, 30, 34, 12, 16, 38, 13, 20,
42, 2, 24, 43, 6, 25, 32, 7, 29, 36, 11, 18, 37, 15, 19, 41),  (1, 41, 19, 15, 37, 18, 11, 36, 29, 7, 32, 25, 6, 43, 24, 2, 42, 20, 13, 38, 
16, 12, 34, 30, 8, 33, 26, 4, 44, 22, 3, 40, 21, 14, 39, 17, 10, 35, 28, 9, 31, 27, 5, 45, 23),  ], [  (1, 26, 36, 14, 24, 31, 12, 19, 44, 7, 
17, 42, 5, 30, 37, 3, 25, 35, 13, 23, 33, 11, 21, 43, 9, 16, 41, 4, 29, 39, 2, 27, 34, 15, 22, 32, 10, 20, 45, 8, 18, 40, 6, 28, 38),  (1, 38,
28, 6, 40, 18, 8, 45, 20, 10, 32, 22, 15, 34, 27, 2, 39, 29, 4, 41, 16, 9, 43, 21, 11, 33, 23, 13, 35, 25, 3, 37, 30, 5, 42, 17, 7, 44, 19, 
12, 31, 24, 14, 36, 26),  ], [  (1, 28, 40, 8, 20, 32, 15, 27, 39, 4, 16, 43, 11, 23, 35, 3, 30, 42, 7, 19, 31, 14, 26, 38, 6, 18, 45, 10, 22,
34, 2, 29, 41, 9, 21, 33, 13, 25, 37, 5, 17, 44, 12, 24, 36),  (1, 36, 24, 12, 44, 17, 5, 37, 25, 13, 33, 21, 9, 41, 29, 2, 34, 22, 10, 45, 
18, 6, 38, 26, 14, 31, 19, 7, 42, 30, 3, 35, 23, 11, 43, 16, 4, 39, 27, 15, 32, 20, 8, 40, 28),  ], [  (1, 24, 44, 5, 25, 33, 9, 29, 34, 10, 
18, 38, 14, 19, 42, 3, 23, 43, 4, 27, 32, 8, 28, 36, 12, 17, 37, 13, 21, 41, 2, 22, 45, 6, 26, 31, 7, 30, 35, 11, 16, 39, 15, 20, 40),  (1, 
40, 20, 15, 39, 16, 11, 35, 30, 7, 31, 26, 6, 45, 22, 2, 41, 21, 13, 37, 17, 12, 36, 28, 8, 32, 27, 4, 43, 23, 3, 42, 19, 14, 38, 18, 10, 34, 
29, 9, 33, 25, 5, 44, 24),  ], [  (1, 27, 35, 14, 22, 33, 12, 20, 43, 7, 18, 41, 5, 28, 39, 3, 26, 34, 13, 24, 32, 11, 19, 45, 9, 17, 40, 4, 
30, 38, 2, 25, 36, 15, 23, 31, 10, 21, 44, 8, 16, 42, 6, 29, 37),  (1, 37, 29, 6, 42, 16, 8, 44, 21, 10, 31, 23, 15, 36, 25, 2, 38, 30, 4, 40,
17, 9, 45, 19, 11, 32, 24, 13, 34, 26, 3, 39, 28, 5, 41, 18, 7, 43, 20, 12, 33, 22, 14, 35, 27),  ], [  (1, 19, 37, 11, 29, 32, 6, 24, 42, 13,
16, 34, 8, 26, 44, 3, 21, 39, 10, 28, 31, 5, 23, 41, 15, 18, 36, 7, 25, 43, 2, 20, 38, 12, 30, 33, 4, 22, 40, 14, 17, 35, 9, 27, 45),  (1, 45,
27, 9, 35, 17, 14, 40, 22, 4, 33, 30, 12, 38, 20, 2, 43, 25, 7, 36, 18, 15, 41, 23, 5, 31, 28, 10, 39, 21, 3, 44, 26, 8, 34, 16, 13, 42, 24, 
6, 32, 29, 11, 37, 19),  ], [  (1, 14, 12, 7, 5, 3, 13, 11, 9, 4, 2, 15, 10, 8, 6)(16, 29, 27, 22, 20, 18, 28, 26, 24, 19, 17, 30, 25, 23, 
21)(31, 44, 42, 37, 35, 33, 43, 41, 39, 34, 32, 45, 40, 38, 36),  (1, 6, 8, 10, 15, 2, 4, 9, 11, 13, 3, 5, 7, 12, 14)(16, 21, 23, 25, 30, 17, 
19, 24, 26, 28, 18, 20, 22, 27, 29)(31, 36, 38, 40, 45, 32, 34, 39, 41, 43, 33, 35, 37, 42, 44),  ], [  (1, 5, 9, 10, 14, 3, 4, 8, 12, 13, 2, 
6, 7, 11, 15)(16, 20, 24, 25, 29, 18, 19, 23, 27, 28, 17, 21, 22, 26, 30)(31, 35, 39, 40, 44, 33, 34, 38, 42, 43, 32, 36, 37, 41, 45),  (1, 
15, 11, 7, 6, 2, 13, 12, 8, 4, 3, 14, 10, 9, 5)(16, 30, 26, 22, 21, 17, 28, 27, 23, 19, 18, 29, 25, 24, 20)(31, 45, 41, 37, 36, 32, 43, 42, 
38, 34, 33, 44, 40, 39, 35),  ], [  (1, 45, 27, 9, 35, 17, 14, 40, 22, 4, 33, 30, 12, 38, 20, 2, 43, 25, 7, 36, 18, 15, 41, 23, 5, 31, 28, 10,
39, 21, 3, 44, 26, 8, 34, 16, 13, 42, 24, 6, 32, 29, 11, 37, 19),  (1, 19, 37, 11, 29, 32, 6, 24, 42, 13, 16, 34, 8, 26, 44, 3, 21, 39, 10, 
28, 31, 5, 23, 41, 15, 18, 36, 7, 25, 43, 2, 20, 38, 12, 30, 33, 4, 22, 40, 14, 17, 35, 9, 27, 45),  ], [  (1, 15, 11, 7, 6, 2, 13, 12, 8, 4, 
3, 14, 10, 9, 5)(16, 30, 26, 22, 21, 17, 28, 27, 23, 19, 18, 29, 25, 24, 20)(31, 45, 41, 37, 36, 32, 43, 42, 38, 34, 33, 44, 40, 39, 35),  (1,
5, 9, 10, 14, 3, 4, 8, 12, 13, 2, 6, 7, 11, 15)(16, 20, 24, 25, 29, 18, 19, 23, 27, 28, 17, 21, 22, 26, 30)(31, 35, 39, 40, 44, 33, 34, 38, 
42, 43, 32, 36, 37, 41, 45),  ], [  (1, 38, 28, 6, 40, 18, 8, 45, 20, 10, 32, 22, 15, 34, 27, 2, 39, 29, 4, 41, 16, 9, 43, 21, 11, 33, 23, 13,
35, 25, 3, 37, 30, 5, 42, 17, 7, 44, 19, 12, 31, 24, 14, 36, 26),  (1, 26, 36, 14, 24, 31, 12, 19, 44, 7, 17, 42, 5, 30, 37, 3, 25, 35, 13, 
23, 33, 11, 21, 43, 9, 16, 41, 4, 29, 39, 2, 27, 34, 15, 22, 32, 10, 20, 45, 8, 18, 40, 6, 28, 38),  ], [  (1, 41, 19, 15, 37, 18, 11, 36, 29,
7, 32, 25, 6, 43, 24, 2, 42, 20, 13, 38, 16, 12, 34, 30, 8, 33, 26, 4, 44, 22, 3, 40, 21, 14, 39, 17, 10, 35, 28, 9, 31, 27, 5, 45, 23),  (1, 
23, 45, 5, 27, 31, 9, 28, 35, 10, 17, 39, 14, 21, 40, 3, 22, 44, 4, 26, 33, 8, 30, 34, 12, 16, 38, 13, 20, 42, 2, 24, 43, 6, 25, 32, 7, 29, 
36, 11, 18, 37, 15, 19, 41),  ], [  (1, 36, 24, 12, 44, 17, 5, 37, 25, 13, 33, 21, 9, 41, 29, 2, 34, 22, 10, 45, 18, 6, 38, 26, 14, 31, 19, 7,
42, 30, 3, 35, 23, 11, 43, 16, 4, 39, 27, 15, 32, 20, 8, 40, 28),  (1, 28, 40, 8, 20, 32, 15, 27, 39, 4, 16, 43, 11, 23, 35, 3, 30, 42, 7, 19,
31, 14, 26, 38, 6, 18, 45, 10, 22, 34, 2, 29, 41, 9, 21, 33, 13, 25, 37, 5, 17, 44, 12, 24, 36),  ], [  (1, 6, 8, 10, 15, 2, 4, 9, 11, 13, 3, 
5, 7, 12, 14)(16, 21, 23, 25, 30, 17, 19, 24, 26, 28, 18, 20, 22, 27, 29)(31, 36, 38, 40, 45, 32, 34, 39, 41, 43, 33, 35, 37, 42, 44),  (1, 
14, 12, 7, 5, 3, 13, 11, 9, 4, 2, 15, 10, 8, 6)(16, 29, 27, 22, 20, 18, 28, 26, 24, 19, 17, 30, 25, 23, 21)(31, 44, 42, 37, 35, 33, 43, 41, 
39, 34, 32, 45, 40, 38, 36),  ], [  (1, 43, 26, 9, 36, 16, 14, 41, 24, 4, 31, 29, 12, 39, 19, 2, 44, 27, 7, 34, 17, 15, 42, 22, 5, 32, 30, 10,
37, 20, 3, 45, 25, 8, 35, 18, 13, 40, 23, 6, 33, 28, 11, 38, 21),  (1, 21, 38, 11, 28, 33, 6, 23, 40, 13, 18, 35, 8, 25, 45, 3, 20, 37, 10, 
30, 32, 5, 22, 42, 15, 17, 34, 7, 27, 44, 2, 19, 39, 12, 29, 31, 4, 24, 41, 14, 16, 36, 9, 26, 43),  ], [  (1, 34, 23, 12, 45, 16, 5, 38, 27, 
13, 31, 20, 9, 42, 28, 2, 35, 24, 10, 43, 17, 6, 39, 25, 14, 32, 21, 7, 40, 29, 3, 36, 22, 11, 44, 18, 4, 37, 26, 15, 33, 19, 8, 41, 30),  (1,
30, 41, 8, 19, 33, 15, 26, 37, 4, 18, 44, 11, 22, 36, 3, 29, 40, 7, 21, 32, 14, 25, 39, 6, 17, 43, 10, 24, 35, 2, 28, 42, 9, 20, 31, 13, 27, 
38, 5, 16, 45, 12, 23, 34),  ], [  (1, 29, 42, 8, 21, 31, 15, 25, 38, 4, 17, 45, 11, 24, 34, 3, 28, 41, 7, 20, 33, 14, 27, 37, 6, 16, 44, 10, 
23, 36, 2, 30, 40, 9, 19, 32, 13, 26, 39, 5, 18, 43, 12, 22, 35),  (1, 35, 22, 12, 43, 18, 5, 39, 26, 13, 32, 19, 9, 40, 30, 2, 36, 23, 10, 
44, 16, 6, 37, 27, 14, 33, 20, 7, 41, 28, 3, 34, 24, 11, 45, 17, 4, 38, 25, 15, 31, 21, 8, 42, 29),  ], [  (1, 20, 39, 11, 30, 31, 6, 22, 41, 
13, 17, 36, 8, 27, 43, 3, 19, 38, 10, 29, 33, 5, 24, 40, 15, 16, 35, 7, 26, 45, 2, 21, 37, 12, 28, 32, 4, 23, 42, 14, 18, 34, 9, 25, 44),  (1,
44, 25, 9, 34, 18, 14, 42, 23, 4, 32, 28, 12, 37, 21, 2, 45, 26, 7, 35, 16, 15, 40, 24, 5, 33, 29, 10, 38, 19, 3, 43, 27, 8, 36, 17, 13, 41, 
22, 6, 31, 30, 11, 39, 20),  ], [  (1, 30, 41, 8, 19, 33, 15, 26, 37, 4, 18, 44, 11, 22, 36, 3, 29, 40, 7, 21, 32, 14, 25, 39, 6, 17, 43, 10, 
24, 35, 2, 28, 42, 9, 20, 31, 13, 27, 38, 5, 16, 45, 12, 23, 34),  (1, 34, 23, 12, 45, 16, 5, 38, 27, 13, 31, 20, 9, 42, 28, 2, 35, 24, 10, 
43, 17, 6, 39, 25, 14, 32, 21, 7, 40, 29, 3, 36, 22, 11, 44, 18, 4, 37, 26, 15, 33, 19, 8, 41, 30),  ], [  (1, 21, 38, 11, 28, 33, 6, 23, 40, 
13, 18, 35, 8, 25, 45, 3, 20, 37, 10, 30, 32, 5, 22, 42, 15, 17, 34, 7, 27, 44, 2, 19, 39, 12, 29, 31, 4, 24, 41, 14, 16, 36, 9, 26, 43),  (1,
43, 26, 9, 36, 16, 14, 41, 24, 4, 31, 29, 12, 39, 19, 2, 44, 27, 7, 34, 17, 15, 42, 22, 5, 32, 30, 10, 37, 20, 3, 45, 25, 8, 35, 18, 13, 40, 
23, 6, 33, 28, 11, 38, 21),  ], [  (1, 44, 25, 9, 34, 18, 14, 42, 23, 4, 32, 28, 12, 37, 21, 2, 45, 26, 7, 35, 16, 15, 40, 24, 5, 33, 29, 10, 
38, 19, 3, 43, 27, 8, 36, 17, 13, 41, 22, 6, 31, 30, 11, 39, 20),  (1, 20, 39, 11, 30, 31, 6, 22, 41, 13, 17, 36, 8, 27, 43, 3, 19, 38, 10, 
29, 33, 5, 24, 40, 15, 16, 35, 7, 26, 45, 2, 21, 37, 12, 28, 32, 4, 23, 42, 14, 18, 34, 9, 25, 44),  ], [  (1, 35, 22, 12, 43, 18, 5, 39, 26, 
13, 32, 19, 9, 40, 30, 2, 36, 23, 10, 44, 16, 6, 37, 27, 14, 33, 20, 7, 41, 28, 3, 34, 24, 11, 45, 17, 4, 38, 25, 15, 31, 21, 8, 42, 29),  (1,
29, 42, 8, 21, 31, 15, 25, 38, 4, 17, 45, 11, 24, 34, 3, 28, 41, 7, 20, 33, 14, 27, 37, 6, 16, 44, 10, 23, 36, 2, 30, 40, 9, 19, 32, 13, 26, 
39, 5, 18, 43, 12, 22, 35),  ], ]
);

BRACES[45].brace[2] := rec ( size := 45, perms := [ [  (),  (),  ], [  (1, 17, 33, 2, 18, 31, 3, 16, 32)(4, 20, 36, 5, 21, 34, 6, 19, 35)(7, 
23, 39, 8, 24, 37, 9, 22, 38)(10, 26, 42, 11, 27, 40, 12, 25, 41)(13, 29, 45, 14, 30, 43, 15, 28, 44),  (1, 33, 16, 3, 32, 18, 2, 31, 17)(4, 
36, 19, 6, 35, 21, 5, 34, 20)(7, 39, 22, 9, 38, 24, 8, 37, 23)(10, 42, 25, 12, 41, 27, 11, 40, 26)(13, 45, 28, 15, 44, 30, 14, 43, 29),  ], [ 
(1, 2, 3)(4, 5, 6)(7, 8, 9)(10, 11, 12)(13, 14, 15)(16, 17, 18)(19, 20, 21)(22, 23, 24)(25, 26, 27)(28, 29, 30)(31, 32, 33)(34, 35, 36)(37, 
38, 39)(40, 41, 42)(43, 44, 45),  (1, 3, 2)(4, 6, 5)(7, 9, 8)(10, 12, 11)(13, 15, 14)(16, 18, 17)(19, 21, 20)(22, 24, 23)(25, 27, 26)(28, 30, 
29)(31, 33, 32)(34, 36, 35)(37, 39, 38)(40, 42, 41)(43, 45, 44),  ], [  (1, 7, 13, 4, 10)(2, 8, 14, 5, 11)(3, 9, 15, 6, 12)(16, 22, 28, 19, 
25)(17, 23, 29, 20, 26)(18, 24, 30, 21, 27)(31, 37, 43, 34, 40)(32, 38, 44, 35, 41)(33, 39, 45, 36, 42),  (1, 10, 4, 13, 7)(2, 11, 5, 14, 
8)(3, 12, 6, 15, 9)(16, 25, 19, 28, 22)(17, 26, 20, 29, 23)(18, 27, 21, 30, 24)(31, 40, 34, 43, 37)(32, 41, 35, 44, 38)(33, 42, 36, 45, 39),  
], [  (1, 33, 18, 3, 32, 17, 2, 31, 16)(4, 36, 21, 6, 35, 20, 5, 34, 19)(7, 39, 24, 9, 38, 23, 8, 37, 22)(10, 42, 27, 12, 41, 26, 11, 40, 
25)(13, 45, 30, 15, 44, 29, 14, 43, 28),  (1, 17, 31, 2, 18, 32, 3, 16, 33)(4, 20, 34, 5, 21, 35, 6, 19, 36)(7, 23, 37, 8, 24, 38, 9, 22, 
39)(10, 26, 40, 11, 27, 41, 12, 25, 42)(13, 29, 43, 14, 30, 44, 15, 28, 45),  ], [  (1, 3, 2)(4, 6, 5)(7, 9, 8)(10, 12, 11)(13, 15, 14)(16, 
18, 17)(19, 21, 20)(22, 24, 23)(25, 27, 26)(28, 30, 29)(31, 33, 32)(34, 36, 35)(37, 39, 38)(40, 42, 41)(43, 45, 44),  (1, 2, 3)(4, 5, 6)(7, 8,
9)(10, 11, 12)(13, 14, 15)(16, 17, 18)(19, 20, 21)(22, 23, 24)(25, 26, 27)(28, 29, 30)(31, 32, 33)(34, 35, 36)(37, 38, 39)(40, 41, 42)(43, 44,
45),  ], [  (1, 10, 4, 13, 7)(2, 11, 5, 14, 8)(3, 12, 6, 15, 9)(16, 25, 19, 28, 22)(17, 26, 20, 29, 23)(18, 27, 21, 30, 24)(31, 40, 34, 43, 
37)(32, 41, 35, 44, 38)(33, 42, 36, 45, 39),  (1, 7, 13, 4, 10)(2, 8, 14, 5, 11)(3, 9, 15, 6, 12)(16, 22, 28, 19, 25)(17, 23, 29, 20, 26)(18, 
24, 30, 21, 27)(31, 37, 43, 34, 40)(32, 38, 44, 35, 41)(33, 39, 45, 36, 42),  ], [  (1, 31, 17, 3, 33, 16, 2, 32, 18)(4, 34, 20, 6, 36, 19, 5,
35, 21)(7, 37, 23, 9, 39, 22, 8, 38, 24)(10, 40, 26, 12, 42, 25, 11, 41, 27)(13, 43, 29, 15, 45, 28, 14, 44, 30),  (1, 16, 32, 2, 17, 33, 3, 
18, 31)(4, 19, 35, 5, 20, 36, 6, 21, 34)(7, 22, 38, 8, 23, 39, 9, 24, 37)(10, 25, 41, 11, 26, 42, 12, 27, 40)(13, 28, 44, 14, 29, 45, 15, 30, 
43),  ], [  (1, 18, 32, 2, 16, 33, 3, 17, 31)(4, 21, 35, 5, 19, 36, 6, 20, 34)(7, 24, 38, 8, 22, 39, 9, 23, 37)(10, 27, 41, 11, 25, 42, 12, 
26, 40)(13, 30, 44, 14, 28, 45, 15, 29, 43),  (1, 32, 17, 3, 31, 16, 2, 33, 18)(4, 35, 20, 6, 34, 19, 5, 36, 21)(7, 38, 23, 9, 37, 22, 8, 39, 
24)(10, 41, 26, 12, 40, 25, 11, 42, 27)(13, 44, 29, 15, 43, 28, 14, 45, 30),  ], [  (1, 23, 45, 5, 27, 31, 9, 28, 35, 10, 17, 39, 14, 21, 40, 
3, 22, 44, 4, 26, 33, 8, 30, 34, 12, 16, 38, 13, 20, 42, 2, 24, 43, 6, 25, 32, 7, 29, 36, 11, 18, 37, 15, 19, 41),  (1, 42, 19, 15, 38, 18, 
11, 34, 29, 7, 33, 25, 6, 44, 24, 2, 40, 20, 13, 39, 16, 12, 35, 30, 8, 31, 26, 4, 45, 22, 3, 41, 21, 14, 37, 17, 10, 36, 28, 9, 32, 27, 5, 
43, 23),  ], [  (1, 16, 31, 2, 17, 32, 3, 18, 33)(4, 19, 34, 5, 20, 35, 6, 21, 36)(7, 22, 37, 8, 23, 38, 9, 24, 39)(10, 25, 40, 11, 26, 41, 
12, 27, 42)(13, 28, 43, 14, 29, 44, 15, 30, 45),  (1, 31, 18, 3, 33, 17, 2, 32, 16)(4, 34, 21, 6, 36, 20, 5, 35, 19)(7, 37, 24, 9, 39, 23, 8, 
38, 22)(10, 40, 27, 12, 42, 26, 11, 41, 25)(13, 43, 30, 15, 45, 29, 14, 44, 28),  ], [  (1, 26, 36, 14, 24, 31, 12, 19, 44, 7, 17, 42, 5, 30, 
37, 3, 25, 35, 13, 23, 33, 11, 21, 43, 9, 16, 41, 4, 29, 39, 2, 27, 34, 15, 22, 32, 10, 20, 45, 8, 18, 40, 6, 28, 38),  (1, 39, 28, 6, 41, 18,
8, 43, 20, 10, 33, 22, 15, 35, 27, 2, 37, 29, 4, 42, 16, 9, 44, 21, 11, 31, 23, 13, 36, 25, 3, 38, 30, 5, 40, 17, 7, 45, 19, 12, 32, 24, 14, 
34, 26),  ], [  (1, 8, 15, 4, 11, 3, 7, 14, 6, 10, 2, 9, 13, 5, 12)(16, 23, 30, 19, 26, 18, 22, 29, 21, 25, 17, 24, 28, 20, 27)(31, 38, 45, 
34, 41, 33, 37, 44, 36, 40, 32, 39, 43, 35, 42),  (1, 12, 5, 13, 9, 2, 10, 6, 14, 7, 3, 11, 4, 15, 8)(16, 27, 20, 28, 24, 17, 25, 21, 29, 22, 
18, 26, 19, 30, 23)(31, 42, 35, 43, 39, 32, 40, 36, 44, 37, 33, 41, 34, 45, 38),  ], [  (1, 11, 6, 13, 8, 3, 10, 5, 15, 7, 2, 12, 4, 14, 
9)(16, 26, 21, 28, 23, 18, 25, 20, 30, 22, 17, 27, 19, 29, 24)(31, 41, 36, 43, 38, 33, 40, 35, 45, 37, 32, 42, 34, 44, 39),  (1, 9, 14, 4, 12,
2, 7, 15, 5, 10, 3, 8, 13, 6, 11)(16, 24, 29, 19, 27, 17, 22, 30, 20, 25, 18, 23, 28, 21, 26)(31, 39, 44, 34, 42, 32, 37, 45, 35, 40, 33, 38, 
43, 36, 41),  ], [  (1, 13, 10, 7, 4)(2, 14, 11, 8, 5)(3, 15, 12, 9, 6)(16, 28, 25, 22, 19)(17, 29, 26, 23, 20)(18, 30, 27, 24, 21)(31, 43, 
40, 37, 34)(32, 44, 41, 38, 35)(33, 45, 42, 39, 36),  (1, 4, 7, 10, 13)(2, 5, 8, 11, 14)(3, 6, 9, 12, 15)(16, 19, 22, 25, 28)(17, 20, 23, 26, 
29)(18, 21, 24, 27, 30)(31, 34, 37, 40, 43)(32, 35, 38, 41, 44)(33, 36, 39, 42, 45),  ], [  (1, 39, 30, 6, 41, 17, 8, 43, 19, 10, 33, 24, 15, 
35, 26, 2, 37, 28, 4, 42, 18, 9, 44, 20, 11, 31, 22, 13, 36, 27, 3, 38, 29, 5, 40, 16, 7, 45, 21, 12, 32, 23, 14, 34, 25),  (1, 26, 34, 14, 
24, 32, 12, 19, 45, 7, 17, 40, 5, 30, 38, 3, 25, 36, 13, 23, 31, 11, 21, 44, 9, 16, 42, 4, 29, 37, 2, 27, 35, 15, 22, 33, 10, 20, 43, 8, 18, 
41, 6, 28, 39),  ], [  (1, 9, 14, 4, 12, 2, 7, 15, 5, 10, 3, 8, 13, 6, 11)(16, 24, 29, 19, 27, 17, 22, 30, 20, 25, 18, 23, 28, 21, 26)(31, 39,
44, 34, 42, 32, 37, 45, 35, 40, 33, 38, 43, 36, 41),  (1, 11, 6, 13, 8, 3, 10, 5, 15, 7, 2, 12, 4, 14, 9)(16, 26, 21, 28, 23, 18, 25, 20, 30, 
22, 17, 27, 19, 29, 24)(31, 41, 36, 43, 38, 33, 40, 35, 45, 37, 32, 42, 34, 44, 39),  ], [  (1, 32, 16, 3, 31, 18, 2, 33, 17)(4, 35, 19, 6, 
34, 21, 5, 36, 20)(7, 38, 22, 9, 37, 24, 8, 39, 23)(10, 41, 25, 12, 40, 27, 11, 42, 26)(13, 44, 28, 15, 43, 30, 14, 45, 29),  (1, 18, 33, 2, 
16, 31, 3, 17, 32)(4, 21, 36, 5, 19, 34, 6, 20, 35)(7, 24, 39, 8, 22, 37, 9, 23, 38)(10, 27, 42, 11, 25, 40, 12, 26, 41)(13, 30, 45, 14, 28, 
43, 15, 29, 44),  ], [  (1, 42, 21, 15, 38, 17, 11, 34, 28, 7, 33, 27, 6, 44, 23, 2, 40, 19, 13, 39, 18, 12, 35, 29, 8, 31, 25, 4, 45, 24, 3, 
41, 20, 14, 37, 16, 10, 36, 30, 9, 32, 26, 5, 43, 22),  (1, 23, 43, 5, 27, 32, 9, 28, 36, 10, 17, 37, 14, 21, 41, 3, 22, 45, 4, 26, 31, 8, 30,
35, 12, 16, 39, 13, 20, 40, 2, 24, 44, 6, 25, 33, 7, 29, 34, 11, 18, 38, 15, 19, 42),  ], [  (1, 12, 5, 13, 9, 2, 10, 6, 14, 7, 3, 11, 4, 15, 
8)(16, 27, 20, 28, 24, 17, 25, 21, 29, 22, 18, 26, 19, 30, 23)(31, 42, 35, 43, 39, 32, 40, 36, 44, 37, 33, 41, 34, 45, 38),  (1, 8, 15, 4, 11,
3, 7, 14, 6, 10, 2, 9, 13, 5, 12)(16, 23, 30, 19, 26, 18, 22, 29, 21, 25, 17, 24, 28, 20, 27)(31, 38, 45, 34, 41, 33, 37, 44, 36, 40, 32, 39, 
43, 35, 42),  ], [  (1, 4, 7, 10, 13)(2, 5, 8, 11, 14)(3, 6, 9, 12, 15)(16, 19, 22, 25, 28)(17, 20, 23, 26, 29)(18, 21, 24, 27, 30)(31, 34, 
37, 40, 43)(32, 35, 38, 41, 44)(33, 36, 39, 42, 45),  (1, 13, 10, 7, 4)(2, 14, 11, 8, 5)(3, 15, 12, 9, 6)(16, 28, 25, 22, 19)(17, 29, 26, 23, 
20)(18, 30, 27, 24, 21)(31, 43, 40, 37, 34)(32, 44, 41, 38, 35)(33, 45, 42, 39, 36),  ], [  (1, 37, 29, 6, 42, 16, 8, 44, 21, 10, 31, 23, 15, 
36, 25, 2, 38, 30, 4, 40, 17, 9, 45, 19, 11, 32, 24, 13, 34, 26, 3, 39, 28, 5, 41, 18, 7, 43, 20, 12, 33, 22, 14, 35, 27),  (1, 25, 35, 14, 
23, 33, 12, 21, 43, 7, 16, 41, 5, 29, 39, 3, 27, 34, 13, 22, 32, 11, 20, 45, 9, 18, 40, 4, 28, 38, 2, 26, 36, 15, 24, 31, 10, 19, 44, 8, 17, 
42, 6, 30, 37),  ], [  (1, 40, 20, 15, 39, 16, 11, 35, 30, 7, 31, 26, 6, 45, 22, 2, 41, 21, 13, 37, 17, 12, 36, 28, 8, 32, 27, 4, 43, 23, 3, 
42, 19, 14, 38, 18, 10, 34, 29, 9, 33, 25, 5, 44, 24),  (1, 22, 44, 5, 26, 33, 9, 30, 34, 10, 16, 38, 14, 20, 42, 3, 24, 43, 4, 25, 32, 8, 29,
36, 12, 18, 37, 13, 19, 41, 2, 23, 45, 6, 27, 31, 7, 28, 35, 11, 17, 39, 15, 21, 40),  ], [  (1, 24, 44, 5, 25, 33, 9, 29, 34, 10, 18, 38, 14,
19, 42, 3, 23, 43, 4, 27, 32, 8, 28, 36, 12, 17, 37, 13, 21, 41, 2, 22, 45, 6, 26, 31, 7, 30, 35, 11, 16, 39, 15, 20, 40),  (1, 41, 20, 15, 
37, 16, 11, 36, 30, 7, 32, 26, 6, 43, 22, 2, 42, 21, 13, 38, 17, 12, 34, 28, 8, 33, 27, 4, 44, 23, 3, 40, 19, 14, 39, 18, 10, 35, 29, 9, 31, 
25, 5, 45, 24),  ], [  (1, 27, 35, 14, 22, 33, 12, 20, 43, 7, 18, 41, 5, 28, 39, 3, 26, 34, 13, 24, 32, 11, 19, 45, 9, 17, 40, 4, 30, 38, 2, 
25, 36, 15, 23, 31, 10, 21, 44, 8, 16, 42, 6, 29, 37),  (1, 38, 29, 6, 40, 16, 8, 45, 21, 10, 32, 23, 15, 34, 25, 2, 39, 30, 4, 41, 17, 9, 43,
19, 11, 33, 24, 13, 35, 26, 3, 37, 28, 5, 42, 18, 7, 44, 20, 12, 31, 22, 14, 36, 27),  ], [  (1, 29, 42, 8, 21, 31, 15, 25, 38, 4, 17, 45, 11,
24, 34, 3, 28, 41, 7, 20, 33, 14, 27, 37, 6, 16, 44, 10, 23, 36, 2, 30, 40, 9, 19, 32, 13, 26, 39, 5, 18, 43, 12, 22, 35),  (1, 36, 22, 12, 
44, 18, 5, 37, 26, 13, 33, 19, 9, 41, 30, 2, 34, 23, 10, 45, 16, 6, 38, 27, 14, 31, 20, 7, 42, 28, 3, 35, 24, 11, 43, 17, 4, 39, 25, 15, 32, 
21, 8, 40, 29),  ], [  (1, 22, 43, 5, 26, 32, 9, 30, 36, 10, 16, 37, 14, 20, 41, 3, 24, 45, 4, 25, 31, 8, 29, 35, 12, 18, 39, 13, 19, 40, 2, 
23, 44, 6, 27, 33, 7, 28, 34, 11, 17, 38, 15, 21, 42),  (1, 40, 21, 15, 39, 17, 11, 35, 28, 7, 31, 27, 6, 45, 23, 2, 41, 19, 13, 37, 18, 12, 
36, 29, 8, 32, 25, 4, 43, 24, 3, 42, 20, 14, 38, 16, 10, 34, 30, 9, 33, 26, 5, 44, 22),  ], [  (1, 25, 34, 14, 23, 32, 12, 21, 45, 7, 16, 40, 
5, 29, 38, 3, 27, 36, 13, 22, 31, 11, 20, 44, 9, 18, 42, 4, 28, 37, 2, 26, 35, 15, 24, 33, 10, 19, 43, 8, 17, 41, 6, 30, 39),  (1, 37, 30, 6, 
42, 17, 8, 44, 19, 10, 31, 24, 15, 36, 26, 2, 38, 28, 4, 40, 18, 9, 45, 20, 11, 32, 22, 13, 34, 27, 3, 39, 29, 5, 41, 16, 7, 43, 21, 12, 33, 
23, 14, 35, 25),  ], [  (1, 20, 39, 11, 30, 31, 6, 22, 41, 13, 17, 36, 8, 27, 43, 3, 19, 38, 10, 29, 33, 5, 24, 40, 15, 16, 35, 7, 26, 45, 2, 
21, 37, 12, 28, 32, 4, 23, 42, 14, 18, 34, 9, 25, 44),  (1, 45, 25, 9, 35, 18, 14, 40, 23, 4, 33, 28, 12, 38, 21, 2, 43, 26, 7, 36, 16, 15, 
41, 24, 5, 31, 29, 10, 39, 19, 3, 44, 27, 8, 34, 17, 13, 42, 22, 6, 32, 30, 11, 37, 20),  ], [  (1, 14, 12, 7, 5, 3, 13, 11, 9, 4, 2, 15, 10, 
8, 6)(16, 29, 27, 22, 20, 18, 28, 26, 24, 19, 17, 30, 25, 23, 21)(31, 44, 42, 37, 35, 33, 43, 41, 39, 34, 32, 45, 40, 38, 36),  (1, 6, 8, 10, 
15, 2, 4, 9, 11, 13, 3, 5, 7, 12, 14)(16, 21, 23, 25, 30, 17, 19, 24, 26, 28, 18, 20, 22, 27, 29)(31, 36, 38, 40, 45, 32, 34, 39, 41, 43, 33, 
35, 37, 42, 44),  ], [  (1, 5, 9, 10, 14, 3, 4, 8, 12, 13, 2, 6, 7, 11, 15)(16, 20, 24, 25, 29, 18, 19, 23, 27, 28, 17, 21, 22, 26, 30)(31, 
35, 39, 40, 44, 33, 34, 38, 42, 43, 32, 36, 37, 41, 45),  (1, 15, 11, 7, 6, 2, 13, 12, 8, 4, 3, 14, 10, 9, 5)(16, 30, 26, 22, 21, 17, 28, 27, 
23, 19, 18, 29, 25, 24, 20)(31, 45, 41, 37, 36, 32, 43, 42, 38, 34, 33, 44, 40, 39, 35),  ], [  (1, 45, 27, 9, 35, 17, 14, 40, 22, 4, 33, 30, 
12, 38, 20, 2, 43, 25, 7, 36, 18, 15, 41, 23, 5, 31, 28, 10, 39, 21, 3, 44, 26, 8, 34, 16, 13, 42, 24, 6, 32, 29, 11, 37, 19),  (1, 20, 37, 
11, 30, 32, 6, 22, 42, 13, 17, 34, 8, 27, 44, 3, 19, 39, 10, 29, 31, 5, 24, 41, 15, 16, 36, 7, 26, 43, 2, 21, 38, 12, 28, 33, 4, 23, 40, 14, 
18, 35, 9, 25, 45),  ], [  (1, 15, 11, 7, 6, 2, 13, 12, 8, 4, 3, 14, 10, 9, 5)(16, 30, 26, 22, 21, 17, 28, 27, 23, 19, 18, 29, 25, 24, 20)(31,
45, 41, 37, 36, 32, 43, 42, 38, 34, 33, 44, 40, 39, 35),  (1, 5, 9, 10, 14, 3, 4, 8, 12, 13, 2, 6, 7, 11, 15)(16, 20, 24, 25, 29, 18, 19, 23, 
27, 28, 17, 21, 22, 26, 30)(31, 35, 39, 40, 44, 33, 34, 38, 42, 43, 32, 36, 37, 41, 45),  ], [  (1, 38, 28, 6, 40, 18, 8, 45, 20, 10, 32, 22, 
15, 34, 27, 2, 39, 29, 4, 41, 16, 9, 43, 21, 11, 33, 23, 13, 35, 25, 3, 37, 30, 5, 42, 17, 7, 44, 19, 12, 31, 24, 14, 36, 26),  (1, 27, 36, 
14, 22, 31, 12, 20, 44, 7, 18, 42, 5, 28, 37, 3, 26, 35, 13, 24, 33, 11, 19, 43, 9, 17, 41, 4, 30, 39, 2, 25, 34, 15, 23, 32, 10, 21, 45, 8, 
16, 40, 6, 29, 38),  ], [  (1, 41, 19, 15, 37, 18, 11, 36, 29, 7, 32, 25, 6, 43, 24, 2, 42, 20, 13, 38, 16, 12, 34, 30, 8, 33, 26, 4, 44, 22, 
3, 40, 21, 14, 39, 17, 10, 35, 28, 9, 31, 27, 5, 45, 23),  (1, 24, 45, 5, 25, 31, 9, 29, 35, 10, 18, 39, 14, 19, 40, 3, 23, 44, 4, 27, 33, 8, 
28, 34, 12, 17, 38, 13, 21, 42, 2, 22, 43, 6, 26, 32, 7, 30, 36, 11, 16, 37, 15, 20, 41),  ], [  (1, 36, 24, 12, 44, 17, 5, 37, 25, 13, 33, 
21, 9, 41, 29, 2, 34, 22, 10, 45, 18, 6, 38, 26, 14, 31, 19, 7, 42, 30, 3, 35, 23, 11, 43, 16, 4, 39, 27, 15, 32, 20, 8, 40, 28),  (1, 29, 40,
8, 21, 32, 15, 25, 39, 4, 17, 43, 11, 24, 35, 3, 28, 42, 7, 20, 31, 14, 27, 38, 6, 16, 45, 10, 23, 34, 2, 30, 41, 9, 19, 33, 13, 26, 37, 5, 
18, 44, 12, 22, 36),  ], [  (1, 6, 8, 10, 15, 2, 4, 9, 11, 13, 3, 5, 7, 12, 14)(16, 21, 23, 25, 30, 17, 19, 24, 26, 28, 18, 20, 22, 27, 
29)(31, 36, 38, 40, 45, 32, 34, 39, 41, 43, 33, 35, 37, 42, 44),  (1, 14, 12, 7, 5, 3, 13, 11, 9, 4, 2, 15, 10, 8, 6)(16, 29, 27, 22, 20, 18, 
28, 26, 24, 19, 17, 30, 25, 23, 21)(31, 44, 42, 37, 35, 33, 43, 41, 39, 34, 32, 45, 40, 38, 36),  ], [  (1, 43, 26, 9, 36, 16, 14, 41, 24, 4, 
31, 29, 12, 39, 19, 2, 44, 27, 7, 34, 17, 15, 42, 22, 5, 32, 30, 10, 37, 20, 3, 45, 25, 8, 35, 18, 13, 40, 23, 6, 33, 28, 11, 38, 21),  (1, 
19, 38, 11, 29, 33, 6, 24, 40, 13, 16, 35, 8, 26, 45, 3, 21, 37, 10, 28, 32, 5, 23, 42, 15, 18, 34, 7, 25, 44, 2, 20, 39, 12, 30, 31, 4, 22, 
41, 14, 17, 36, 9, 27, 43),  ], [  (1, 34, 23, 12, 45, 16, 5, 38, 27, 13, 31, 20, 9, 42, 28, 2, 35, 24, 10, 43, 17, 6, 39, 25, 14, 32, 21, 7, 
40, 29, 3, 36, 22, 11, 44, 18, 4, 37, 26, 15, 33, 19, 8, 41, 30),  (1, 28, 41, 8, 20, 33, 15, 27, 37, 4, 16, 44, 11, 23, 36, 3, 30, 40, 7, 19,
32, 14, 26, 39, 6, 18, 43, 10, 22, 35, 2, 29, 42, 9, 21, 31, 13, 25, 38, 5, 17, 45, 12, 24, 34),  ], [  (1, 30, 41, 8, 19, 33, 15, 26, 37, 4, 
18, 44, 11, 22, 36, 3, 29, 40, 7, 21, 32, 14, 25, 39, 6, 17, 43, 10, 24, 35, 2, 28, 42, 9, 20, 31, 13, 27, 38, 5, 16, 45, 12, 23, 34),  (1, 
35, 23, 12, 43, 16, 5, 39, 27, 13, 32, 20, 9, 40, 28, 2, 36, 24, 10, 44, 17, 6, 37, 25, 14, 33, 21, 7, 41, 29, 3, 34, 22, 11, 45, 18, 4, 38, 
26, 15, 31, 19, 8, 42, 30),  ], [  (1, 21, 38, 11, 28, 33, 6, 23, 40, 13, 18, 35, 8, 25, 45, 3, 20, 37, 10, 30, 32, 5, 22, 42, 15, 17, 34, 7, 
27, 44, 2, 19, 39, 12, 29, 31, 4, 24, 41, 14, 16, 36, 9, 26, 43),  (1, 44, 26, 9, 34, 16, 14, 42, 24, 4, 32, 29, 12, 37, 19, 2, 45, 27, 7, 35,
17, 15, 40, 22, 5, 33, 30, 10, 38, 20, 3, 43, 25, 8, 36, 18, 13, 41, 23, 6, 31, 28, 11, 39, 21),  ], [  (1, 28, 40, 8, 20, 32, 15, 27, 39, 4, 
16, 43, 11, 23, 35, 3, 30, 42, 7, 19, 31, 14, 26, 38, 6, 18, 45, 10, 22, 34, 2, 29, 41, 9, 21, 33, 13, 25, 37, 5, 17, 44, 12, 24, 36),  (1, 
34, 24, 12, 45, 17, 5, 38, 25, 13, 31, 21, 9, 42, 29, 2, 35, 22, 10, 43, 18, 6, 39, 26, 14, 32, 19, 7, 40, 30, 3, 36, 23, 11, 44, 16, 4, 37, 
27, 15, 33, 20, 8, 41, 28),  ], [  (1, 19, 37, 11, 29, 32, 6, 24, 42, 13, 16, 34, 8, 26, 44, 3, 21, 39, 10, 28, 31, 5, 23, 41, 15, 18, 36, 7, 
25, 43, 2, 20, 38, 12, 30, 33, 4, 22, 40, 14, 17, 35, 9, 27, 45),  (1, 43, 27, 9, 36, 17, 14, 41, 22, 4, 31, 30, 12, 39, 20, 2, 44, 25, 7, 34,
18, 15, 42, 23, 5, 32, 28, 10, 37, 21, 3, 45, 26, 8, 35, 16, 13, 40, 24, 6, 33, 29, 11, 38, 19),  ], [  (1, 44, 25, 9, 34, 18, 14, 42, 23, 4, 
32, 28, 12, 37, 21, 2, 45, 26, 7, 35, 16, 15, 40, 24, 5, 33, 29, 10, 38, 19, 3, 43, 27, 8, 36, 17, 13, 41, 22, 6, 31, 30, 11, 39, 20),  (1, 
21, 39, 11, 28, 31, 6, 23, 41, 13, 18, 36, 8, 25, 43, 3, 20, 38, 10, 30, 33, 5, 22, 40, 15, 17, 35, 7, 27, 45, 2, 19, 37, 12, 29, 32, 4, 24, 
42, 14, 16, 34, 9, 26, 44),  ], [  (1, 35, 22, 12, 43, 18, 5, 39, 26, 13, 32, 19, 9, 40, 30, 2, 36, 23, 10, 44, 16, 6, 37, 27, 14, 33, 20, 7, 
41, 28, 3, 34, 24, 11, 45, 17, 4, 38, 25, 15, 31, 21, 8, 42, 29),  (1, 30, 42, 8, 19, 31, 15, 26, 38, 4, 18, 45, 11, 22, 34, 3, 29, 41, 7, 21,
33, 14, 25, 37, 6, 17, 44, 10, 24, 36, 2, 28, 40, 9, 20, 32, 13, 27, 39, 5, 16, 43, 12, 23, 35),  ], ]
);

BRACES[45].brace[3] := rec ( size := 45, perms := [ [  (),  (),  ], [  (1, 5, 4, 3, 2)(6, 10, 9, 8, 7)(11, 15, 14, 13, 12)(16, 20, 19, 18, 
17)(21, 25, 24, 23, 22)(26, 30, 29, 28, 27)(31, 35, 34, 33, 32)(36, 40, 39, 38, 37)(41, 45, 44, 43, 42),  (1, 2, 3, 4, 5)(6, 7, 8, 9, 10)(11, 
12, 13, 14, 15)(16, 17, 18, 19, 20)(21, 22, 23, 24, 25)(26, 27, 28, 29, 30)(31, 32, 33, 34, 35)(36, 37, 38, 39, 40)(41, 42, 43, 44, 45),  ], [
(1, 41, 21)(2, 42, 22)(3, 43, 23)(4, 44, 24)(5, 45, 25)(6, 31, 26)(7, 32, 27)(8, 33, 28)(9, 34, 29)(10, 35, 30)(11, 36, 16)(12, 37, 17)(13, 
38, 18)(14, 39, 19)(15, 40, 20),  (1, 21, 41)(2, 22, 42)(3, 23, 43)(4, 24, 44)(5, 25, 45)(6, 26, 31)(7, 27, 32)(8, 28, 33)(9, 29, 34)(10, 30, 
35)(11, 16, 36)(12, 17, 37)(13, 18, 38)(14, 19, 39)(15, 20, 40),  ], [  (1, 11, 6)(2, 12, 7)(3, 13, 8)(4, 14, 9)(5, 15, 10)(16, 26, 21)(17, 
27, 22)(18, 28, 23)(19, 29, 24)(20, 30, 25)(31, 41, 36)(32, 42, 37)(33, 43, 38)(34, 44, 39)(35, 45, 40),  (1, 6, 11)(2, 7, 12)(3, 8, 13)(4, 9,
14)(5, 10, 15)(16, 21, 26)(17, 22, 27)(18, 23, 28)(19, 24, 29)(20, 25, 30)(31, 36, 41)(32, 37, 42)(33, 38, 43)(34, 39, 44)(35, 40, 45),  ], [ 
(1, 2, 3, 4, 5)(6, 7, 8, 9, 10)(11, 12, 13, 14, 15)(16, 17, 18, 19, 20)(21, 22, 23, 24, 25)(26, 27, 28, 29, 30)(31, 32, 33, 34, 35)(36, 37, 
38, 39, 40)(41, 42, 43, 44, 45),  (1, 5, 4, 3, 2)(6, 10, 9, 8, 7)(11, 15, 14, 13, 12)(16, 20, 19, 18, 17)(21, 25, 24, 23, 22)(26, 30, 29, 28, 
27)(31, 35, 34, 33, 32)(36, 40, 39, 38, 37)(41, 45, 44, 43, 42),  ], [  (1, 21, 41)(2, 22, 42)(3, 23, 43)(4, 24, 44)(5, 25, 45)(6, 26, 31)(7, 
27, 32)(8, 28, 33)(9, 29, 34)(10, 30, 35)(11, 16, 36)(12, 17, 37)(13, 18, 38)(14, 19, 39)(15, 20, 40),  (1, 41, 21)(2, 42, 22)(3, 43, 23)(4, 
44, 24)(5, 45, 25)(6, 31, 26)(7, 32, 27)(8, 33, 28)(9, 34, 29)(10, 35, 30)(11, 36, 16)(12, 37, 17)(13, 38, 18)(14, 39, 19)(15, 40, 20),  ], [ 
(1, 6, 11)(2, 7, 12)(3, 8, 13)(4, 9, 14)(5, 10, 15)(16, 21, 26)(17, 22, 27)(18, 23, 28)(19, 24, 29)(20, 25, 30)(31, 36, 41)(32, 37, 42)(33, 
38, 43)(34, 39, 44)(35, 40, 45),  (1, 11, 6)(2, 12, 7)(3, 13, 8)(4, 14, 9)(5, 15, 10)(16, 26, 21)(17, 27, 22)(18, 28, 23)(19, 29, 24)(20, 30, 
25)(31, 41, 36)(32, 42, 37)(33, 43, 38)(34, 44, 39)(35, 45, 40),  ], [  (1, 4, 2, 5, 3)(6, 9, 7, 10, 8)(11, 14, 12, 15, 13)(16, 19, 17, 20, 
18)(21, 24, 22, 25, 23)(26, 29, 27, 30, 28)(31, 34, 32, 35, 33)(36, 39, 37, 40, 38)(41, 44, 42, 45, 43),  (1, 3, 5, 2, 4)(6, 8, 10, 7, 9)(11, 
13, 15, 12, 14)(16, 18, 20, 17, 19)(21, 23, 25, 22, 24)(26, 28, 30, 27, 29)(31, 33, 35, 32, 34)(36, 38, 40, 37, 39)(41, 43, 45, 42, 44),  ], [
(1, 45, 24, 3, 42, 21, 5, 44, 23, 2, 41, 25, 4, 43, 22)(6, 35, 29, 8, 32, 26, 10, 34, 28, 7, 31, 30, 9, 33, 27)(11, 40, 19, 13, 37, 16, 15, 
39, 18, 12, 36, 20, 14, 38, 17),  (1, 22, 43, 4, 25, 41, 2, 23, 44, 5, 21, 42, 3, 24, 45)(6, 27, 33, 9, 30, 31, 7, 28, 34, 10, 26, 32, 8, 29, 
35)(11, 17, 38, 14, 20, 36, 12, 18, 39, 15, 16, 37, 13, 19, 40),  ], [  (1, 15, 9, 3, 12, 6, 5, 14, 8, 2, 11, 10, 4, 13, 7)(16, 30, 24, 18, 
27, 21, 20, 29, 23, 17, 26, 25, 19, 28, 22)(31, 45, 39, 33, 42, 36, 35, 44, 38, 32, 41, 40, 34, 43, 37),  (1, 7, 13, 4, 10, 11, 2, 8, 14, 5, 
6, 12, 3, 9, 15)(16, 22, 28, 19, 25, 26, 17, 23, 29, 20, 21, 27, 18, 24, 30)(31, 37, 43, 34, 40, 41, 32, 38, 44, 35, 36, 42, 33, 39, 45),  ], 
[  (1, 25, 44, 3, 22, 41, 5, 24, 43, 2, 21, 45, 4, 23, 42)(6, 30, 34, 8, 27, 31, 10, 29, 33, 7, 26, 35, 9, 28, 32)(11, 20, 39, 13, 17, 36, 15,
19, 38, 12, 16, 40, 14, 18, 37),  (1, 42, 23, 4, 45, 21, 2, 43, 24, 5, 41, 22, 3, 44, 25)(6, 32, 28, 9, 35, 26, 7, 33, 29, 10, 31, 27, 8, 34, 
30)(11, 37, 18, 14, 40, 16, 12, 38, 19, 15, 36, 17, 13, 39, 20),  ], [  (1, 10, 14, 3, 7, 11, 5, 9, 13, 2, 6, 15, 4, 8, 12)(16, 25, 29, 18, 
22, 26, 20, 24, 28, 17, 21, 30, 19, 23, 27)(31, 40, 44, 33, 37, 41, 35, 39, 43, 32, 36, 45, 34, 38, 42),  (1, 12, 8, 4, 15, 6, 2, 13, 9, 5, 
11, 7, 3, 14, 10)(16, 27, 23, 19, 30, 21, 17, 28, 24, 20, 26, 22, 18, 29, 25)(31, 42, 38, 34, 45, 36, 32, 43, 39, 35, 41, 37, 33, 44, 40),  ],
[  (1, 36, 26)(2, 37, 27)(3, 38, 28)(4, 39, 29)(5, 40, 30)(6, 41, 16)(7, 42, 17)(8, 43, 18)(9, 44, 19)(10, 45, 20)(11, 31, 21)(12, 32, 22)(13,
33, 23)(14, 34, 24)(15, 35, 25),  (1, 26, 36)(2, 27, 37)(3, 28, 38)(4, 29, 39)(5, 30, 40)(6, 16, 41)(7, 17, 42)(8, 18, 43)(9, 19, 44)(10, 20, 
45)(11, 21, 31)(12, 22, 32)(13, 23, 33)(14, 24, 34)(15, 25, 35),  ], [  (1, 42, 23, 4, 45, 21, 2, 43, 24, 5, 41, 22, 3, 44, 25)(6, 32, 28, 9, 
35, 26, 7, 33, 29, 10, 31, 27, 8, 34, 30)(11, 37, 18, 14, 40, 16, 12, 38, 19, 15, 36, 17, 13, 39, 20),  (1, 25, 44, 3, 22, 41, 5, 24, 43, 2, 
21, 45, 4, 23, 42)(6, 30, 34, 8, 27, 31, 10, 29, 33, 7, 26, 35, 9, 28, 32)(11, 20, 39, 13, 17, 36, 15, 19, 38, 12, 16, 40, 14, 18, 37),  ], [ 
(1, 31, 16)(2, 32, 17)(3, 33, 18)(4, 34, 19)(5, 35, 20)(6, 36, 21)(7, 37, 22)(8, 38, 23)(9, 39, 24)(10, 40, 25)(11, 41, 26)(12, 42, 27)(13, 
43, 28)(14, 44, 29)(15, 45, 30),  (1, 16, 31)(2, 17, 32)(3, 18, 33)(4, 19, 34)(5, 20, 35)(6, 21, 36)(7, 22, 37)(8, 23, 38)(9, 24, 39)(10, 25, 
40)(11, 26, 41)(12, 27, 42)(13, 28, 43)(14, 29, 44)(15, 30, 45),  ], [  (1, 12, 8, 4, 15, 6, 2, 13, 9, 5, 11, 7, 3, 14, 10)(16, 27, 23, 19, 
30, 21, 17, 28, 24, 20, 26, 22, 18, 29, 25)(31, 42, 38, 34, 45, 36, 32, 43, 39, 35, 41, 37, 33, 44, 40),  (1, 10, 14, 3, 7, 11, 5, 9, 13, 2, 
6, 15, 4, 8, 12)(16, 25, 29, 18, 22, 26, 20, 24, 28, 17, 21, 30, 19, 23, 27)(31, 40, 44, 33, 37, 41, 35, 39, 43, 32, 36, 45, 34, 38, 42),  ], 
[  (1, 16, 31)(2, 17, 32)(3, 18, 33)(4, 19, 34)(5, 20, 35)(6, 21, 36)(7, 22, 37)(8, 23, 38)(9, 24, 39)(10, 25, 40)(11, 26, 41)(12, 27, 42)(13,
28, 43)(14, 29, 44)(15, 30, 45),  (1, 31, 16)(2, 32, 17)(3, 33, 18)(4, 34, 19)(5, 35, 20)(6, 36, 21)(7, 37, 22)(8, 38, 23)(9, 39, 24)(10, 40, 
25)(11, 41, 26)(12, 42, 27)(13, 43, 28)(14, 44, 29)(15, 45, 30),  ], [  (1, 3, 5, 2, 4)(6, 8, 10, 7, 9)(11, 13, 15, 12, 14)(16, 18, 20, 17, 
19)(21, 23, 25, 22, 24)(26, 28, 30, 27, 29)(31, 33, 35, 32, 34)(36, 38, 40, 37, 39)(41, 43, 45, 42, 44),  (1, 4, 2, 5, 3)(6, 9, 7, 10, 8)(11, 
14, 12, 15, 13)(16, 19, 17, 20, 18)(21, 24, 22, 25, 23)(26, 29, 27, 30, 28)(31, 34, 32, 35, 33)(36, 39, 37, 40, 38)(41, 44, 42, 45, 43),  ], [
(1, 22, 43, 4, 25, 41, 2, 23, 44, 5, 21, 42, 3, 24, 45)(6, 27, 33, 9, 30, 31, 7, 28, 34, 10, 26, 32, 8, 29, 35)(11, 17, 38, 14, 20, 36, 12, 
18, 39, 15, 16, 37, 13, 19, 40),  (1, 45, 24, 3, 42, 21, 5, 44, 23, 2, 41, 25, 4, 43, 22)(6, 35, 29, 8, 32, 26, 10, 34, 28, 7, 31, 30, 9, 33, 
27)(11, 40, 19, 13, 37, 16, 15, 39, 18, 12, 36, 20, 14, 38, 17),  ], [  (1, 7, 13, 4, 10, 11, 2, 8, 14, 5, 6, 12, 3, 9, 15)(16, 22, 28, 19, 
25, 26, 17, 23, 29, 20, 21, 27, 18, 24, 30)(31, 37, 43, 34, 40, 41, 32, 38, 44, 35, 36, 42, 33, 39, 45),  (1, 15, 9, 3, 12, 6, 5, 14, 8, 2, 
11, 10, 4, 13, 7)(16, 30, 24, 18, 27, 21, 20, 29, 23, 17, 26, 25, 19, 28, 22)(31, 45, 39, 33, 42, 36, 35, 44, 38, 32, 41, 40, 34, 43, 37),  ],
[  (1, 26, 36)(2, 27, 37)(3, 28, 38)(4, 29, 39)(5, 30, 40)(6, 16, 41)(7, 17, 42)(8, 18, 43)(9, 19, 44)(10, 20, 45)(11, 21, 31)(12, 22, 32)(13,
23, 33)(14, 24, 34)(15, 25, 35),  (1, 36, 26)(2, 37, 27)(3, 38, 28)(4, 39, 29)(5, 40, 30)(6, 41, 16)(7, 42, 17)(8, 43, 18)(9, 44, 19)(10, 45, 
20)(11, 31, 21)(12, 32, 22)(13, 33, 23)(14, 34, 24)(15, 35, 25),  ], [  (1, 44, 22, 5, 43, 21, 4, 42, 25, 3, 41, 24, 2, 45, 23)(6, 34, 27, 10,
33, 26, 9, 32, 30, 8, 31, 29, 7, 35, 28)(11, 39, 17, 15, 38, 16, 14, 37, 20, 13, 36, 19, 12, 40, 18),  (1, 23, 45, 2, 24, 41, 3, 25, 42, 4, 
21, 43, 5, 22, 44)(6, 28, 35, 7, 29, 31, 8, 30, 32, 9, 26, 33, 10, 27, 34)(11, 18, 40, 12, 19, 36, 13, 20, 37, 14, 16, 38, 15, 17, 39),  ], [ 
(1, 14, 7, 5, 13, 6, 4, 12, 10, 3, 11, 9, 2, 15, 8)(16, 29, 22, 20, 28, 21, 19, 27, 25, 18, 26, 24, 17, 30, 23)(31, 44, 37, 35, 43, 36, 34, 
42, 40, 33, 41, 39, 32, 45, 38),  (1, 8, 15, 2, 9, 11, 3, 10, 12, 4, 6, 13, 5, 7, 14)(16, 23, 30, 17, 24, 26, 18, 25, 27, 19, 21, 28, 20, 22, 
29)(31, 38, 45, 32, 39, 41, 33, 40, 42, 34, 36, 43, 35, 37, 44),  ], [  (1, 24, 42, 5, 23, 41, 4, 22, 45, 3, 21, 44, 2, 25, 43)(6, 29, 32, 10,
28, 31, 9, 27, 35, 8, 26, 34, 7, 30, 33)(11, 19, 37, 15, 18, 36, 14, 17, 40, 13, 16, 39, 12, 20, 38),  (1, 43, 25, 2, 44, 21, 3, 45, 22, 4, 
41, 23, 5, 42, 24)(6, 33, 30, 7, 34, 26, 8, 35, 27, 9, 31, 28, 10, 32, 29)(11, 38, 20, 12, 39, 16, 13, 40, 17, 14, 36, 18, 15, 37, 19),  ], [ 
(1, 9, 12, 5, 8, 11, 4, 7, 15, 3, 6, 14, 2, 10, 13)(16, 24, 27, 20, 23, 26, 19, 22, 30, 18, 21, 29, 17, 25, 28)(31, 39, 42, 35, 38, 41, 34, 
