BRACES[100] := [ rec(
      gadd := [ (  1, 66, 26, 81, 41, 57, 17, 72, 32, 97,  8, 63, 23, 88, 48, 54, 14, 79, 39, 94,  5, 70, 30, 85, 45, 56, 16, 71, 31, 96,  7, 62, 22, 87, 47, 53, 13, 78, 38, 93,  4, 69, 29, 84, 44, 60, 20,
              75, 35,100,  6, 61, 21, 86, 46, 52, 12, 77, 37, 92,  3, 68, 28, 83, 43, 59, 19, 74, 34, 99, 10, 65, 25, 90, 50, 51, 11, 76, 36, 91,  2, 67, 27, 82, 42, 58, 18, 73, 33, 98,  9, 64, 24, 89, 49,
              55, 15, 80, 40, 95) ],
      gmul := [ (  1, 67, 23, 89, 45, 57, 13, 79, 35, 96,  3, 69, 25, 86, 42, 59, 15, 76, 32, 98,  5, 66, 22, 88, 44, 56, 12, 78, 34,100,  2, 68, 24, 90, 41, 58, 14, 80, 31, 97,  4, 70, 21, 87, 43, 60, 11,
              77, 33, 99)(  6, 62, 28, 84, 50, 52, 18, 74, 40, 91,  8, 64, 30, 81, 47, 54, 20, 71, 37, 93, 10, 61, 27, 83, 49, 51, 17, 73, 39, 95,  7, 63, 29, 85, 46, 53, 19, 75, 36, 92,  9, 65, 26, 82, 48,
              55, 16, 72, 38, 94), (  1, 71, 41, 62, 32, 53, 23, 93, 14, 84,  5, 75, 45, 61, 31, 52, 22, 92, 13, 83,  4, 74, 44, 65, 35, 51, 21, 91, 12, 82,  3, 73, 43, 64, 34, 55, 25, 95, 11, 81,  2, 72, 42,
             63, 33, 54, 24, 94, 15, 85)(  6, 76, 46, 67, 37, 58, 28, 98, 19, 89, 10, 80, 50, 66, 36, 57, 27, 97, 18, 88,  9, 79, 49, 70, 40, 56, 26, 96, 17, 87,  8, 78, 48, 69, 39, 60, 30,100, 16, 86,  7,
              77, 47, 68, 38, 59, 29, 99, 20, 90) ],
      p := (  2, 51, 43, 28, 58, 96, 50, 22, 41, 29, 65, 84, 86, 77, 42, 46, 13, 40,  7,  3,  6, 21, 24,  5,  4, 35, 73, 39, 37, 20)(  8, 56, 57, 79, 14,  9, 85, 89, 92, 95, 19, 32, 52, 25, 90, 61, 94, 16)
        ( 10, 54, 88, 80, 45, 44)( 11, 71, 17, 15, 26, 59, 78)( 12, 53, 70, 18, 33, 74, 27, 76, 30, 83, 67, 93, 47)( 31, 82, 68, 75, 48)( 34, 91, 64, 81, 99, 69, 49)( 36, 55, 87, 98, 66, 72)( 62, 63),
      q := (  2, 51, 13, 26, 58, 70, 48, 25, 76, 36, 52, 31, 74, 39, 29, 91, 92, 61, 62, 93, 19, 24)(  3,  6, 35, 83, 99, 97, 69, 17, 41, 37, 46, 43, 38, 28, 59, 88, 86, 89, 64, 75, 18, 23, 33, 82, 98,100,
          66, 84, 80, 11, 85, 77, 14,  8, 56, 60, 57, 87, 68, 81, 67, 63, 94, 50, 34, 65, 72, 30, 73, 27, 90, 95, 47, 44,  7,  4, 21, 32, 55, 79, 42, 20,  5)(  9, 71, 49, 22, 15, 40, 10, 53, 96, 16)
        ( 12, 54, 78, 45) ), rec(
      gadd := [ (  1, 66, 26, 81, 41, 57, 17, 72, 32, 97,  8, 63, 23, 88, 48, 54, 14, 79, 39, 94,  5, 70, 30, 85, 45, 56, 16, 71, 31, 96,  7, 62, 22, 87, 47, 53, 13, 78, 38, 93,  4, 69, 29, 84, 44, 60, 20,
              75, 35,100,  6, 61, 21, 86, 46, 52, 12, 77, 37, 92,  3, 68, 28, 83, 43, 59, 19, 74, 34, 99, 10, 65, 25, 90, 50, 51, 11, 76, 36, 91,  2, 67, 27, 82, 42, 58, 18, 73, 33, 98,  9, 64, 24, 89, 49,
              55, 15, 80, 40, 95) ],
      gmul := [ (  1, 90)(  2, 89)(  3, 88)(  4, 87)(  5, 86)(  6, 85)(  7, 84)(  8, 83)(  9, 82)( 10, 81)( 11, 80)( 12, 79)( 13, 78)( 14, 77)( 15, 76)( 16, 75)( 17, 74)( 18, 73)( 19, 72)( 20, 71)
            ( 21, 70)( 22, 69)( 23, 68)( 24, 67)( 25, 66)( 26, 65)( 27, 64)( 28, 63)( 29, 62)( 30, 61)( 31, 60)( 32, 59)( 33, 58)( 34, 57)( 35, 56)( 36, 55)( 37, 54)( 38, 53)( 39, 52)( 40, 51)( 41, 99)
            ( 42, 98)( 43, 97)( 44, 96)( 45,100)( 46, 94)( 47, 93)( 48, 92)( 49, 91)( 50, 95), (  1, 94)(  2, 93)(  3, 92)(  4, 91)(  5, 95)(  6, 99)(  7, 98)(  8, 97)(  9, 96)( 10,100)( 11, 84)
            ( 12, 83)( 13, 82)( 14, 81)( 15, 85)( 16, 89)( 17, 88)( 18, 87)( 19, 86)( 20, 90)( 21, 74)( 22, 73)( 23, 72)( 24, 71)( 25, 75)( 26, 79)( 27, 78)( 28, 77)( 29, 76)( 30, 80)( 31, 64)( 32, 63)
            ( 33, 62)( 34, 61)( 35, 65)( 36, 69)( 37, 68)( 38, 67)( 39, 66)( 40, 70)( 41, 54)( 42, 53)( 43, 52)( 44, 51)( 45, 55)( 46, 59)( 47, 58)( 48, 57)( 49, 56)( 50, 60) ],
      p := (  2, 51, 43, 28, 59, 88, 86, 89, 64, 75, 48, 31, 74, 27, 90, 95, 19, 32, 55, 79, 14,  9, 71, 17, 15, 26, 58, 70, 18, 33, 82, 98,100, 66, 84, 80, 45, 44, 10, 53, 96, 50, 22, 41, 29, 91, 92, 61, 62,
         93, 47, 12, 54, 78, 11, 85, 77, 42, 46, 13, 40,  7,  3,  6, 21, 24,  5,  4, 35, 83, 99, 97, 69, 49, 34, 65, 72, 36, 52, 25, 76, 30, 73, 39, 37, 20)(  8, 56, 60, 57, 87, 68, 81, 67, 63, 94, 16),
      q := (  2, 51, 13, 26, 58, 70, 48, 25, 76, 36, 52, 31, 74, 39, 29, 91, 92, 61, 62, 93, 19, 24)(  3,  6, 35, 83, 99, 97, 69, 17, 41, 37, 46, 43, 38, 28, 59, 88, 86, 89, 64, 75, 18, 23, 33, 82, 98,100,
          66, 84, 80, 11, 85, 77, 14,  8, 56, 60, 57, 87, 68, 81, 67, 63, 94, 50, 34, 65, 72, 30, 73, 27, 90, 95, 47, 44,  7,  4, 21, 32, 55, 79, 42, 20,  5)(  9, 71, 49, 22, 15, 40, 10, 53, 96, 16)
        ( 12, 54, 78, 45) ), rec(
      gadd := [ (  1, 66, 26, 81, 41, 57, 17, 72, 32, 97,  8, 63, 23, 88, 48, 54, 14, 79, 39, 94,  5, 70, 30, 85, 45, 56, 16, 71, 31, 96,  7, 62, 22, 87, 47, 53, 13, 78, 38, 93,  4, 69, 29, 84, 44, 60, 20,
              75, 35,100,  6, 61, 21, 86, 46, 52, 12, 77, 37, 92,  3, 68, 28, 83, 43, 59, 19, 74, 34, 99, 10, 65, 25, 90, 50, 51, 11, 76, 36, 91,  2, 67, 27, 82, 42, 58, 18, 73, 33, 98,  9, 64, 24, 89, 49,
              55, 15, 80, 40, 95) ],
      gmul := [ (  1, 66, 26, 81, 41, 57, 17, 72, 32, 97,  8, 63, 23, 88, 48, 54, 14, 79, 39, 94,  5, 70, 30, 85, 45, 56, 16, 71, 31, 96,  7, 62, 22, 87, 47, 53, 13, 78, 38, 93,  4, 69, 29, 84, 44, 60, 20,
              75, 35,100,  6, 61, 21, 86, 46, 52, 12, 77, 37, 92,  3, 68, 28, 83, 43, 59, 19, 74, 34, 99, 10, 65, 25, 90, 50, 51, 11, 76, 36, 91,  2, 67, 27, 82, 42, 58, 18, 73, 33, 98,  9, 64, 24, 89, 49,
              55, 15, 80, 40, 95) ],
      p := (  2, 56, 91, 69, 49, 31, 87, 75, 48, 12, 58, 55, 74, 27, 23, 24, 71, 17, 15, 26, 41, 29, 70, 18, 33, 79, 11, 76, 30, 88, 45, 44, 10, 59, 43, 28,  5,  4, 35, 78, 94, 16,  8,  3,  6, 51, 82, 14,  9,
         90, 66, 77, 42, 46, 13, 40,  7, 21)( 19, 85, 72, 36, 60, 25, 53, 52, 34, 96, 50, 83, 81, 62, 68, 80, 63, 67, 98, 61, 99, 64, 86, 93, 47, 65, 89, 97, 92,100, 95)( 20, 32, 57, 73, 39, 37)( 22, 54),
      q := (  2, 51, 79, 45, 12, 54, 34, 65, 72, 30, 73, 27, 33, 82, 42, 20, 24, 90, 95, 47, 96, 16,  9, 71, 49, 25, 59, 13, 26, 15, 40, 10, 53, 60, 31, 74, 39, 29, 91, 92, 61, 62, 93, 19, 76, 36, 52, 22, 58,
         57, 88, 11, 85, 89, 64, 75, 18, 23, 32, 55, 87, 86, 68, 81, 99, 97, 69, 17, 41, 37, 46, 43, 38, 28)(  3,  6, 56, 70, 48, 44,  7, 35, 83, 80, 98,100, 66, 84, 77, 14,  8,  4, 21,  5)( 50, 78, 67, 63,
          94) ), rec(
      gadd := [ (  1, 66, 26, 81, 41, 57, 17, 72, 32, 97,  8, 63, 23, 88, 48, 54, 14, 79, 39, 94,  5, 70, 30, 85, 45, 56, 16, 71, 31, 96,  7, 62, 22, 87, 47, 53, 13, 78, 38, 93,  4, 69, 29, 84, 44, 60, 20,
              75, 35,100,  6, 61, 21, 86, 46, 52, 12, 77, 37, 92,  3, 68, 28, 83, 43, 59, 19, 74, 34, 99, 10, 65, 25, 90, 50, 51, 11, 76, 36, 91,  2, 67, 27, 82, 42, 58, 18, 73, 33, 98,  9, 64, 24, 89, 49,
              55, 15, 80, 40, 95) ],
      gmul := [ (  1, 49, 33, 27, 11, 10, 43, 37, 21, 20,  4, 47, 31, 30, 14,  8, 41, 40, 24, 18,  2, 50, 34, 28, 12,  6, 44, 38, 22, 16,  5, 48, 32, 26, 15,  9, 42, 36, 25, 19,  3, 46, 35, 29, 13,  7, 45,
              39, 23, 17)( 51, 99, 83, 77, 61, 60, 93, 87, 71, 70, 54, 97, 81, 80, 64, 58, 91, 90, 74, 68, 52,100, 84, 78, 62, 56, 94, 88, 72, 66, 55, 98, 82, 76, 65, 59, 92, 86, 75, 69, 53, 96, 85, 79, 63,
              57, 95, 89, 73, 67), (  1, 63,  6, 68)(  2, 62,  7, 67)(  3, 61,  8, 66)(  4, 65,  9, 70)(  5, 64, 10, 69)( 11, 53, 16, 58)( 12, 52, 17, 57)( 13, 51, 18, 56)( 14, 55, 19, 60)( 15, 54, 20, 59)
            ( 21, 92, 26, 97)( 22, 91, 27, 96)( 23, 95, 28,100)( 24, 94, 29, 99)( 25, 93, 30, 98)( 31, 82, 36, 87)( 32, 81, 37, 86)( 33, 85, 38, 90)( 34, 84, 39, 89)( 35, 83, 40, 88)( 41, 72, 46, 77)
            ( 42, 71, 47, 76)( 43, 75, 48, 80)( 44, 74, 49, 79)( 45, 73, 50, 78) ],
      p := (  2, 56, 91, 97, 92, 66, 89, 69, 49, 31, 79, 11, 90,100, 95, 19, 85, 72, 36, 57, 73, 39, 37, 20, 32, 60, 25, 53, 52, 34, 70, 18, 33, 87, 75, 48, 12, 59, 43, 28,  5,  4, 35, 88, 45, 44, 10, 58, 55,
         74, 27, 23, 24, 71, 17, 15, 26, 41, 29, 96, 50, 83, 81, 62, 98, 61, 67, 68, 86, 93, 47, 65, 77, 42, 46, 13, 40,  7, 21)(  3,  6, 51, 82, 14,  9, 76, 30, 78, 94, 16,  8)( 22, 54)( 63, 99, 64, 80),
      q := (  2, 51, 87, 80, 68, 81, 67, 63, 94, 50, 88, 11, 85, 77, 14,  8,  4, 21,  5,  3,  6, 56, 96, 16,  9, 71, 49, 25, 58, 60, 31, 74, 39, 29, 91, 92, 61, 62, 93, 19, 90, 95, 47, 70, 48, 44,  7, 35, 83,
         86, 98, 66, 84, 89, 64, 75, 18, 23, 32, 55, 79, 45, 12, 54, 34, 65, 72, 30, 73, 27, 33, 82, 42, 20, 24, 76, 36, 52, 22, 59, 13, 26, 15, 40, 10, 53, 57, 78, 99, 69, 17, 41, 37, 46, 43, 38, 28) ), rec(
      gadd := [ (  1, 66, 26, 81, 41, 57, 17, 72, 32, 97,  8, 63, 23, 88, 48, 54, 14, 79, 39, 94,  5, 70, 30, 85, 45, 56, 16, 71, 31, 96,  7, 62, 22, 87, 47, 53, 13, 78, 38, 93,  4, 69, 29, 84, 44, 60, 20,
              75, 35,100,  6, 61, 21, 86, 46, 52, 12, 77, 37, 92,  3, 68, 28, 83, 43, 59, 19, 74, 34, 99, 10, 65, 25, 90, 50, 51, 11, 76, 36, 91,  2, 67, 27, 82, 42, 58, 18, 73, 33, 98,  9, 64, 24, 89, 49,
              55, 15, 80, 40, 95) ],
      gmul := [ (  1, 14, 22, 35, 43,  2, 15, 23, 31, 44,  3, 11, 24, 32, 45,  4, 12, 25, 33, 41,  5, 13, 21, 34, 42)(  6, 19, 27, 40, 48,  7, 20, 28, 36, 49,  8, 16, 29, 37, 50,  9, 17, 30, 38, 46, 10, 18,
              26, 39, 47)( 51, 64, 72, 85, 93, 52, 65, 73, 81, 94, 53, 61, 74, 82, 95, 54, 62, 75, 83, 91, 55, 63, 71, 84, 92)( 56, 69, 77, 90, 98, 57, 70, 78, 86, 99, 58, 66, 79, 87,100, 59, 67, 80, 88, 96,
              60, 68, 76, 89, 97), (  1, 84, 49, 66)(  2, 81, 48, 69)(  3, 83, 47, 67)(  4, 85, 46, 70)(  5, 82, 50, 68)(  6, 89, 44, 61)(  7, 86, 43, 64)(  8, 88, 42, 62)(  9, 90, 41, 65)( 10, 87, 45, 63)
            ( 11, 51, 39, 99)( 12, 53, 38, 97)( 13, 55, 37,100)( 14, 52, 36, 98)( 15, 54, 40, 96)( 16, 56, 34, 94)( 17, 58, 33, 92)( 18, 60, 32, 95)( 19, 57, 31, 93)( 20, 59, 35, 91)( 21, 72, 29, 78)
            ( 22, 74, 28, 76)( 23, 71, 27, 79)( 24, 73, 26, 77)( 25, 75, 30, 80) ],
      p := (  2, 56, 89, 36,  5,  4, 35, 53, 20, 85,100, 27, 52, 37, 48,  7, 21, 32, 41, 99, 11, 68, 87, 19, 33, 23)(  3,  6, 51, 29, 55, 78, 75, 91, 42, 10, 60, 12, 57, 70, 34, 58, 44, 18, 15, 40, 43, 67,
          84, 25, 24, 54, 38, 86, 95, 30, 76, 79, 64, 92, 14,  8)(  9, 98, 16)( 13, 26, 63, 83, 72, 66, 73, 22, 59, 65, 81, 94, 49, 46, 80, 62, 31, 71, 96, 39, 97, 17, 90, 47, 69, 82, 77, 74, 61, 88, 50, 28,
          93, 45),
      q := (  2, 51, 29, 59, 80, 79, 78, 96, 39, 73, 34, 52, 37, 48,  7, 35, 60, 44, 18, 41, 74, 77, 99, 45, 43, 82, 61, 92, 42, 10, 53, 20, 68, 94, 49, 46, 65, 70, 22, 55, 64, 88, 50, 28, 90, 47, 83,100, 27,
         58, 12, 54, 38, 91, 14,  8,  4, 21, 24, 57, 81, 87, 19, 23,  5,  3,  6, 56, 95, 30, 63, 69, 67, 66, 97, 17, 93, 11, 85, 72, 84, 31, 98, 16,  9, 71, 75, 86, 89, 36)( 13, 26, 76, 62, 25, 32, 15, 40) ),
  rec(
      gadd := [ (  1, 66, 26, 81, 41, 57, 17, 72, 32, 97,  8, 63, 23, 88, 48, 54, 14, 79, 39, 94,  5, 70, 30, 85, 45, 56, 16, 71, 31, 96,  7, 62, 22, 87, 47, 53, 13, 78, 38, 93,  4, 69, 29, 84, 44, 60, 20,
              75, 35,100,  6, 61, 21, 86, 46, 52, 12, 77, 37, 92,  3, 68, 28, 83, 43, 59, 19, 74, 34, 99, 10, 65, 25, 90, 50, 51, 11, 76, 36, 91,  2, 67, 27, 82, 42, 58, 18, 73, 33, 98,  9, 64, 24, 89, 49,
              55, 15, 80, 40, 95) ],
      gmul := [ (  1, 10)(  2,  9)(  3,  8)(  4,  7)(  5,  6)( 11, 49)( 12, 48)( 13, 47)( 14, 46)( 15, 50)( 16, 44)( 17, 43)( 18, 42)( 19, 41)( 20, 45)( 21, 39)( 22, 38)( 23, 37)( 24, 36)( 25, 40)
            ( 26, 34)( 27, 33)( 28, 32)( 29, 31)( 30, 35)( 51, 60)( 52, 59)( 53, 58)( 54, 57)( 55, 56)( 61, 99)( 62, 98)( 63, 97)( 64, 96)( 65,100)( 66, 94)( 67, 93)( 68, 92)( 69, 91)( 70, 95)( 71, 89)
            ( 72, 88)( 73, 87)( 74, 86)( 75, 90)( 76, 84)( 77, 83)( 78, 82)( 79, 81)( 80, 85), (  1, 70)(  2, 69)(  3, 68)(  4, 67)(  5, 66)(  6, 65)(  7, 64)(  8, 63)(  9, 62)( 10, 61)( 11, 60)
            ( 12, 59)( 13, 58)( 14, 57)( 15, 56)( 16, 55)( 17, 54)( 18, 53)( 19, 52)( 20, 51)( 21, 99)( 22, 98)( 23, 97)( 24, 96)( 25,100)( 26, 94)( 27, 93)( 28, 92)( 29, 91)( 30, 95)( 31, 89)( 32, 88)
            ( 33, 87)( 34, 86)( 35, 90)( 36, 84)( 37, 83)( 38, 82)( 39, 81)( 40, 85)( 41, 79)( 42, 78)( 43, 77)( 44, 76)( 45, 80)( 46, 74)( 47, 73)( 48, 72)( 49, 71)( 50, 75) ],
      p := (  2, 51, 43, 38, 28, 59, 88, 86, 89, 92, 95, 47, 12, 53, 96, 16,  9, 85, 77, 42, 20)(  3,  6, 21, 24,  5,  4, 35, 73, 27, 90, 61, 94, 50, 22, 41, 37, 46, 13, 26, 58, 70, 48, 31, 82, 98,100, 66,
          72, 30, 83, 99, 97, 69, 17, 15, 40, 10, 54, 78, 11, 71, 49, 34, 91, 64, 81, 67, 93, 19, 32, 52, 25, 76, 36, 55, 79, 14,  8, 56, 60, 57, 87, 68, 75, 18, 33, 74, 39, 29, 65, 84, 80, 45, 44,  7)
        ( 62, 63),
      q := (  2, 51, 13, 26, 58, 70, 48, 25, 76, 36, 52, 31, 74, 39, 29, 91, 92, 61, 62, 93, 19, 24)(  3,  6, 35, 83, 99, 97, 69, 17, 41, 37, 46, 43, 38, 28, 59, 88, 86, 89, 64, 75, 18, 23, 33, 82, 98,100,
          66, 84, 80, 11, 85, 77, 14,  8, 56, 60, 57, 87, 68, 81, 67, 63, 94, 50, 34, 65, 72, 30, 73, 27, 90, 95, 47, 44,  7,  4, 21, 32, 55, 79, 42, 20,  5)(  9, 71, 49, 22, 15, 40, 10, 53, 96, 16)
        ( 12, 54, 78, 45) ), rec(
      gadd := [ (  1, 66, 26, 81, 41, 57, 17, 72, 32, 97,  8, 63, 23, 88, 48, 54, 14, 79, 39, 94,  5, 70, 30, 85, 45, 56, 16, 71, 31, 96,  7, 62, 22, 87, 47, 53, 13, 78, 38, 93,  4, 69, 29, 84, 44, 60, 20,
              75, 35,100,  6, 61, 21, 86, 46, 52, 12, 77, 37, 92,  3, 68, 28, 83, 43, 59, 19, 74, 34, 99, 10, 65, 25, 90, 50, 51, 11, 76, 36, 91,  2, 67, 27, 82, 42, 58, 18, 73, 33, 98,  9, 64, 24, 89, 49,
              55, 15, 80, 40, 95) ],
      gmul := [ (  1, 66, 30, 83, 45, 57, 17, 71, 34, 96,  8, 63, 22, 90, 47, 54, 14, 78, 36, 93,  5, 70, 29, 82, 44, 56, 16, 75, 33,100,  7, 62, 21, 89, 46, 53, 13, 77, 40, 92,  4, 69, 28, 81, 43, 60, 20,
              74, 32, 99,  6, 61, 25, 88, 50, 52, 12, 76, 39, 91,  3, 68, 27, 85, 42, 59, 19, 73, 31, 98, 10, 65, 24, 87, 49, 51, 11, 80, 38, 95,  2, 67, 26, 84, 41, 58, 18, 72, 35, 97,  9, 64, 23, 86, 48,
              55, 15, 79, 37, 94) ],
      p := (  2, 56, 92, 96, 17, 33, 79, 40, 63, 70, 43, 38, 18,  9, 86, 94, 93, 48,  7, 21)(  3, 31, 88, 41, 15, 34, 97, 64, 87, 75, 61,100, 91, 67, 99, 46, 83, 49, 29, 68, 80, 82, 27, 23, 24, 71, 95, 19,
          26, 42, 39, 11, 76, 65, 90, 69, 50, 47, 35, 78, 37, 45, 84, 30, 89, 98, 62, 66, 77, 12, 58, 55, 74, 14, 36, 60, 25, 53, 52, 10, 59, 44, 32, 57, 73, 20,  8)(  4,  6, 51, 28,  5)( 16, 81, 85, 72)
        ( 22, 54),
      q := (  2, 51, 39, 44, 25, 59, 11, 81, 77, 43, 29, 92, 64, 75, 99, 19, 36, 52,  7, 31, 74, 41, 45, 78, 30, 73, 50, 18,  8,  4,  6, 56, 68, 82, 40, 97, 96, 48, 10, 53, 60, 32, 55, 88, 14, 26, 13, 42, 28)
        (  3, 21,  5)(  9, 71, 70, 12, 54, 35, 84, 37, 15, 23, 33, 83, 16, 76,100, 69, 20)( 17, 24, 86, 66, 85, 90, 91, 93)( 22, 58, 57, 89, 62, 94, 67, 61, 65, 72, 49, 38, 47)( 27, 34, 63, 95, 46, 79) ), 
  rec(
      gadd := [ (  1, 66, 26, 81, 41, 57, 17, 72, 32, 97,  8, 63, 23, 88, 48, 54, 14, 79, 39, 94,  5, 70, 30, 85, 45, 56, 16, 71, 31, 96,  7, 62, 22, 87, 47, 53, 13, 78, 38, 93,  4, 69, 29, 84, 44, 60, 20,
              75, 35,100,  6, 61, 21, 86, 46, 52, 12, 77, 37, 92,  3, 68, 28, 83, 43, 59, 19, 74, 34, 99, 10, 65, 25, 90, 50, 51, 11, 76, 36, 91,  2, 67, 27, 82, 42, 58, 18, 73, 33, 98,  9, 64, 24, 89, 49,
              55, 15, 80, 40, 95) ],
      gmul := [ (  1,  6)(  2,  7)(  3,  8)(  4,  9)(  5, 10)( 11, 16)( 12, 17)( 13, 18)( 14, 19)( 15, 20)( 21, 26)( 22, 27)( 23, 28)( 24, 29)( 25, 30)( 31, 36)( 32, 37)( 33, 38)( 34, 39)( 35, 40)
            ( 41, 46)( 42, 47)( 43, 48)( 44, 49)( 45, 50)( 51, 56)( 52, 57)( 53, 58)( 54, 59)( 55, 60)( 61, 66)( 62, 67)( 63, 68)( 64, 69)( 65, 70)( 71, 76)( 72, 77)( 73, 78)( 74, 79)( 75, 80)( 81, 86)
            ( 82, 87)( 83, 88)( 84, 89)( 85, 90)( 91, 96)( 92, 97)( 93, 98)( 94, 99)( 95,100), (  1, 70, 23, 90, 41, 57, 11, 79, 31, 97,  3, 67, 25, 87, 43, 59, 13, 76, 33, 99,  5, 69, 22, 89, 45, 56,
              15, 78, 35, 96,  2, 66, 24, 86, 42, 58, 12, 80, 32, 98,  4, 68, 21, 88, 44, 60, 14, 77, 34,100)(  6, 65, 28, 85, 46, 52, 16, 74, 36, 92,  8, 62, 30, 82, 48, 54, 18, 71, 38, 94, 10, 64, 27, 84,
              50, 51, 20, 73, 40, 91,  7, 61, 29, 81, 47, 53, 17, 75, 37, 93,  9, 63, 26, 83, 49, 55, 19, 72, 39, 95) ],
      p := (  2, 51, 44, 35, 73, 14, 36, 55, 61, 57, 89, 77, 27, 84, 70, 43, 32, 52, 25, 63, 97, 98, 69, 50, 22, 42, 38, 18, 26, 86, 62, 79, 30, 76, 40, 15, 34, 92, 91, 80, 41, 39, 11, 71, 16, 33, 74, 12, 53,
         95, 17,  9, 56, 65, 60, 85, 64, 78, 49, 10, 54, 68, 75, 37, 45,  7,  3, 31, 58, 88, 90, 99, 67, 94, 19,  8, 81,100, 96, 46, 29, 59, 82, 93, 48, 28, 83, 66, 72, 20)(  4,  6, 21, 24,  5),
      q := (  2, 51, 11, 81, 70, 12, 54, 97, 67, 61, 60, 72, 50, 35, 84,100, 69, 20,  5,  3, 21, 33, 83, 99, 98, 96, 19,  9, 56, 95, 48, 39, 44, 22, 13, 42, 29, 58, 79, 37, 15, 23, 34, 63, 68, 82, 62, 88, 77,
         40, 45, 10, 53, 65, 57, 78, 16, 24)(  4,  6, 31, 59, 75, 30, 86, 93, 17,  8, 71, 49,  7)( 14, 26, 76, 27, 73, 41, 28, 74, 43, 25, 92, 64, 89, 90, 66, 85, 91, 87, 80)( 18, 36, 52, 32, 55, 94, 46, 38,
          47) ), rec(
      gadd := [ (  1, 61, 21, 57, 17, 53, 13, 73,  9, 69,  5, 65, 25, 56, 16, 52, 12, 72,  8, 68,  4, 64, 24, 60, 20, 51, 11, 71,  7, 67,  3, 63, 23, 59, 19, 55, 15, 75,  6, 66,  2, 62, 22, 58, 18, 54, 14,
              74, 10, 70)( 26, 86, 46, 82, 42, 78, 38, 98, 34, 94, 30, 90, 50, 81, 41, 77, 37, 97, 33, 93, 29, 89, 49, 85, 45, 76, 36, 96, 32, 92, 28, 88, 48, 84, 44, 80, 40,100, 31, 91, 27, 87, 47, 83, 43,
              79, 39, 99, 35, 95), (  1, 82, 13, 94, 25, 77,  8, 89, 20, 96,  3, 84, 15, 91, 22, 79, 10, 86, 17, 98,  5, 81, 12, 93, 24, 76,  7, 88, 19,100,  2, 83, 14, 95, 21, 78,  9, 90, 16, 97,  4, 85, 11,
             92, 23, 80,  6, 87, 18, 99)( 26, 57, 38, 69, 50, 52, 33, 64, 45, 71, 28, 59, 40, 66, 47, 54, 35, 61, 42, 73, 30, 56, 37, 68, 49, 51, 32, 63, 44, 75, 27, 58, 39, 70, 46, 53, 34, 65, 41, 72, 29,
              60, 36, 67, 48, 55, 31, 62, 43, 74) ],
      gmul := [ (  1, 60, 14, 68, 22, 52,  6, 65, 19, 73,  3, 57, 11, 70, 24, 54,  8, 62, 16, 75,  5, 59, 13, 67, 21, 51, 10, 64, 18, 72,  2, 56, 15, 69, 23, 53,  7, 61, 20, 74,  4, 58, 12, 66, 25, 55,  9,
              63, 17, 71)( 26, 85, 39, 93, 47, 77, 31, 90, 44, 98, 28, 82, 36, 95, 49, 79, 33, 87, 41,100, 30, 84, 38, 92, 46, 76, 35, 89, 43, 97, 27, 81, 40, 94, 48, 78, 32, 86, 45, 99, 29, 83, 37, 91, 50,
              80, 34, 88, 42, 96), (  1, 89, 22, 81, 19, 78, 11, 99,  8, 91,  5, 88, 21, 85, 18, 77, 15, 98,  7, 95,  4, 87, 25, 84, 17, 76, 14, 97,  6, 94,  3, 86, 24, 83, 16, 80, 13, 96, 10, 93,  2, 90, 23,
             82, 20, 79, 12,100,  9, 92)( 26, 64, 47, 56, 44, 53, 36, 74, 33, 66, 30, 63, 46, 60, 43, 52, 40, 73, 32, 70, 29, 62, 50, 59, 42, 51, 39, 72, 31, 69, 28, 61, 49, 58, 41, 55, 38, 71, 35, 68, 27,
              65, 48, 57, 45, 54, 37, 75, 34, 67) ],
      p := (  2, 24,  3,  5, 26, 17, 51, 14, 80, 15, 30, 22, 13,  4, 76, 89, 45, 88, 95, 90, 72, 56, 16,  6,  7)(  8, 18, 82, 36, 21, 27, 93, 64, 47, 78, 39, 10, 99, 70, 85, 41, 81, 86, 67, 96, 40, 55, 37,
          79, 34,100, 65, 73, 63, 97, 61, 44, 52,  9, 23)( 11, 49, 33, 74, 58, 42, 31, 98, 66, 75, 53)( 12, 25)( 19, 77, 84, 91, 71, 35, 50, 28, 43, 57, 92, 60, 94, 59, 68, 46, 83, 62, 20, 32, 48, 38, 29)
        ( 54, 87, 69),
      q := (  2,  7,  5, 26, 14, 77, 97, 70, 96, 41,100, 66, 56, 15, 27, 88, 86, 64, 34, 81, 95, 91, 60, 87, 62, 11, 32, 33, 57, 89, 36, 10, 82, 45, 93, 67, 85, 40, 52, 22, 18, 99, 61, 37, 78, 42, 50, 29, 12,
         6, 24,  4, 76, 92, 71, 46, 98, 65, 58, 39, 21, 30,  9,  8, 13,  3)( 16, 25, 19, 80)( 17, 51)( 20, 49, 48, 43, 74, 73, 68, 35, 31, 83, 69, 53)( 28, 38)( 44, 55)( 47, 79)( 54, 94, 72, 75)
        ( 59, 63, 84, 90) ), rec(
      gadd := [ (  1, 62, 23, 60, 16, 53, 14, 75,  7, 68,  5, 61, 22, 59, 20, 52, 13, 74,  6, 67,  4, 65, 21, 58, 19, 51, 12, 73, 10, 66,  3, 64, 25, 57, 18, 55, 11, 72,  9, 70,  2, 63, 24, 56, 17, 54, 15,
              71,  8, 69)( 26, 87, 48, 85, 41, 78, 39,100, 32, 93, 30, 86, 47, 84, 45, 77, 38, 99, 31, 92, 29, 90, 46, 83, 44, 76, 37, 98, 35, 91, 28, 89, 50, 82, 43, 80, 36, 97, 34, 95, 27, 88, 49, 81, 42,
              79, 40, 96, 33, 94), (  1, 88, 25, 83, 20, 78, 15, 97, 10, 92,  5, 87, 24, 82, 19, 77, 14, 96,  9, 91,  4, 86, 23, 81, 18, 76, 13,100,  8, 95,  3, 90, 22, 85, 17, 80, 12, 99,  7, 94,  2, 89, 21,
             84, 16, 79, 11, 98,  6, 93)( 26, 63, 50, 58, 45, 53, 40, 72, 35, 67, 30, 62, 49, 57, 44, 52, 39, 71, 34, 66, 29, 61, 48, 56, 43, 51, 38, 75, 33, 70, 28, 65, 47, 60, 42, 55, 37, 74, 32, 69, 27,
              64, 46, 59, 41, 54, 36, 73, 31, 68) ],
      gmul := [ (  1, 66, 32, 97, 13, 54, 44, 85, 25, 61, 27, 92,  8, 73, 39, 80, 20, 56, 46, 87,  3, 68, 34, 99, 15, 51, 41, 82, 22, 63, 29, 94, 10, 75, 36, 77, 17, 58, 48, 89,  5, 70, 31, 96, 12, 53, 43,
              84, 24, 65, 26, 91,  7, 72, 38, 79, 19, 60, 50, 86,  2, 67, 33, 98, 14, 55, 45, 81, 21, 62, 28, 93,  9, 74, 40, 76, 16, 57, 47, 88,  4, 69, 35,100, 11, 52, 42, 83, 23, 64, 30, 95,  6, 71, 37,
              78, 18, 59, 49, 90) ],
      p := (  2, 51, 31, 75, 44, 98, 95, 41, 19, 30, 73, 42, 22, 32, 54, 33, 56, 88, 15, 49, 79, 97, 45, 50, 10, 55, 28,  3, 24, 82, 35, 58, 78, 47, 21,  6, 76, 94, 86, 89, 61, 62, 67, 64, 72, 16, 99, 40, 93,
         36, 53, 38, 17, 25, 77, 20, 80, 46,100, 90, 66, 60,  9, 74, 92, 65, 71, 87, 84, 39, 43, 48, 29, 68, 59, 14, 23, 27,  8)(  4,  5, 26, 13, 18)( 11, 57, 83, 85, 34, 63, 69)( 12, 52, 81, 96, 91, 70, 37),
      q := (  2, 76, 62, 89, 95, 40, 63, 87, 72, 15, 32, 78, 34, 93, 45, 31, 81, 60, 22, 49, 53, 43, 33,100, 66, 96, 65, 85, 47, 10, 77, 11, 99, 41, 12, 80, 35, 98, 61, 94, 70, 44, 58, 54, 48, 28,  4)
        (  3,  7, 24, 74, 64, 84, 42,  9, 82, 46, 56, 68, 97, 36, 79, 59, 17,  6, 51, 50, 21, 25, 55, 29, 88, 16, 57, 73, 39, 38, 14,  8,  5, 26, 18)( 19, 27, 23, 30, 83, 71, 69, 20, 52, 75, 37)
        ( 67, 92, 91, 86) ), rec(
      gadd := [ (  1, 66,  7, 72, 13, 54, 19, 60, 25, 61,  2, 67,  8, 73, 14, 55, 20, 56, 21, 62,  3, 68,  9, 74, 15, 51, 16, 57, 22, 63,  4, 69, 10, 75, 11, 52, 17, 58, 23, 64,  5, 70,  6, 71, 12, 53, 18,
              59, 24, 65)( 26, 91, 32, 97, 38, 79, 44, 85, 50, 86, 27, 92, 33, 98, 39, 80, 45, 81, 46, 87, 28, 93, 34, 99, 40, 76, 41, 82, 47, 88, 29, 94, 35,100, 36, 77, 42, 83, 48, 89, 30, 95, 31, 96, 37,
              78, 43, 84, 49, 90), (  1, 92,  9,100, 12, 79, 20, 82, 23, 90,  2, 93, 10, 96, 13, 80, 16, 83, 24, 86,  3, 94,  6, 97, 14, 76, 17, 84, 25, 87,  4, 95,  7, 98, 15, 77, 18, 85, 21, 88,  5, 91,  8,
             99, 11, 78, 19, 81, 22, 89)( 26, 67, 34, 75, 37, 54, 45, 57, 48, 65, 27, 68, 35, 71, 38, 55, 41, 58, 49, 61, 28, 69, 31, 72, 39, 51, 42, 59, 50, 62, 29, 70, 32, 73, 40, 52, 43, 60, 46, 63, 30,
              66, 33, 74, 36, 53, 44, 56, 47, 64) ],
      gmul := [ (  1, 61)(  2, 65)(  3, 64)(  4, 63)(  5, 62)(  6, 56)(  7, 60)(  8, 59)(  9, 58)( 10, 57)( 11, 51)( 12, 55)( 13, 54)( 14, 53)( 15, 52)( 16, 75)( 17, 74)( 18, 73)( 19, 72)( 20, 71)
            ( 21, 70)( 22, 69)( 23, 68)( 24, 67)( 25, 66)( 26, 86)( 27, 90)( 28, 89)( 29, 88)( 30, 87)( 31, 81)( 32, 85)( 33, 84)( 34, 83)( 35, 82)( 36, 76)( 37, 80)( 38, 79)( 39, 78)( 40, 77)( 41,100)
            ( 42, 99)( 43, 98)( 44, 97)( 45, 96)( 46, 95)( 47, 94)( 48, 93)( 49, 92)( 50, 91), (  1, 95, 10, 99, 14, 79, 18, 83, 22, 87,  2, 91,  6,100, 15, 80, 19, 84, 23, 88,  3, 92,  7, 96, 11, 76,
              20, 85, 24, 89,  4, 93,  8, 97, 12, 77, 16, 81, 25, 90,  5, 94,  9, 98, 13, 78, 17, 82, 21, 86)( 26, 70, 35, 74, 39, 54, 43, 58, 47, 62, 27, 66, 31, 75, 40, 55, 44, 59, 48, 63, 28, 67, 32, 71,
              36, 51, 45, 60, 49, 64, 29, 68, 33, 72, 37, 52, 41, 56, 50, 65, 30, 69, 34, 73, 38, 53, 42, 57, 46, 61) ],
      p := (  2, 26, 33, 55, 63, 75, 97, 70, 87, 59, 56, 37, 12, 30, 52,  9, 27, 57, 34, 43,100, 66, 54, 39, 93, 86, 36, 29, 28, 31, 50, 78, 89, 71, 16, 25, 38, 17,  4,  5, 76, 96, 90, 67, 42, 98, 65, 73, 94,
         91, 72, 92, 41, 22, 13, 18, 80, 15, 99, 61, 53, 44, 21, 77, 85, 62, 46, 10, 51, 14, 23,  8, 32, 74, 20, 82, 69, 11, 49, 83, 40, 19,  6,  7)(  3, 24)( 35, 48, 88, 60)( 45, 79, 84, 64, 68, 47, 81),
      q := (  2, 26, 33, 55, 63, 75, 84, 64, 68, 47,100, 66, 54, 39, 88, 60, 35, 48, 93, 95, 86, 36, 29, 28, 31, 50, 79, 97, 70, 94, 90, 67, 42, 83, 40, 12, 30, 52, 22, 18, 77, 96, 91, 72, 89, 71, 15, 82, 69,
         20, 99, 61, 53, 44, 10, 51, 17,  3,  7,  5, 76, 85, 62, 46, 21, 80, 16,  6, 24,  4)(  8, 32, 74, 11, 49, 98, 65, 73, 87, 59, 56, 37, 19, 25, 38, 14)(  9, 27, 57, 34, 43, 81, 45, 78, 92, 41) ), rec(
      gadd := [ (  1, 63, 25, 58, 20, 53, 15, 72, 10, 67,  5, 62, 24, 57, 19, 52, 14, 71,  9, 66,  4, 61, 23, 56, 18, 51, 13, 75,  8, 70,  3, 65, 22, 60, 17, 55, 12, 74,  7, 69,  2, 64, 21, 59, 16, 54, 11,
              73,  6, 68)( 26, 88, 50, 83, 45, 78, 40, 97, 35, 92, 30, 87, 49, 82, 44, 77, 39, 96, 34, 91, 29, 86, 48, 81, 43, 76, 38,100, 33, 95, 28, 90, 47, 85, 42, 80, 37, 99, 32, 94, 27, 89, 46, 84, 41,
              79, 36, 98, 31, 93), (  1, 91,  7, 97, 13, 79, 19, 85, 25, 86,  2, 92,  8, 98, 14, 80, 20, 81, 21, 87,  3, 93,  9, 99, 15, 76, 16, 82, 22, 88,  4, 94, 10,100, 11, 77, 17, 83, 23, 89,  5, 95,  6,
             96, 12, 78, 18, 84, 24, 90)( 26, 66, 32, 72, 38, 54, 44, 60, 50, 61, 27, 67, 33, 73, 39, 55, 45, 56, 46, 62, 28, 68, 34, 74, 40, 51, 41, 57, 47, 63, 29, 69, 35, 75, 36, 52, 42, 58, 48, 64, 30,
              70, 31, 71, 37, 53, 43, 59, 49, 65) ],
      gmul := [ (  1, 53, 26, 78)(  2, 52, 27, 77)(  3, 51, 28, 76)(  4, 55, 29, 80)(  5, 54, 30, 79)(  6, 72, 31, 97)(  7, 71, 32, 96)(  8, 75, 33,100)(  9, 74, 34, 99)( 10, 73, 35, 98)( 11, 67, 36, 92)
            ( 12, 66, 37, 91)( 13, 70, 38, 95)( 14, 69, 39, 94)( 15, 68, 40, 93)( 16, 62, 41, 87)( 17, 61, 42, 86)( 18, 65, 43, 90)( 19, 64, 44, 89)( 20, 63, 45, 88)( 21, 57, 46, 82)( 22, 56, 47, 81)
            ( 23, 60, 48, 85)( 24, 59, 49, 84)( 25, 58, 50, 83), (  1, 59, 26, 84)(  2, 58, 27, 83)(  3, 57, 28, 82)(  4, 56, 29, 81)(  5, 60, 30, 85)(  6, 54, 31, 79)(  7, 53, 32, 78)(  8, 52, 33, 77)
            (  9, 51, 34, 76)( 10, 55, 35, 80)( 11, 73, 36, 98)( 12, 72, 37, 97)( 13, 71, 38, 96)( 14, 75, 39,100)( 15, 74, 40, 99)( 16, 68, 41, 93)( 17, 67, 42, 92)( 18, 66, 43, 91)( 19, 70, 44, 95)
            ( 20, 69, 45, 94)( 21, 63, 46, 88)( 22, 62, 47, 87)( 23, 61, 48, 86)( 24, 65, 49, 90)( 25, 64, 50, 89) ],
      p := (  2, 51, 31, 56, 88, 15, 49, 79, 97, 45, 50, 10, 52, 81, 96, 91, 61, 69, 11, 74, 92, 66, 71, 87, 84, 39, 43, 48, 29, 63, 62, 64, 59, 14, 23, 27,  8)(  3, 24, 82, 35, 73, 42, 22, 32, 53, 38, 17,
          25, 77, 20, 80, 46,100, 90, 65, 60,  9, 57, 83, 85, 34, 68, 72, 16, 99, 40, 93, 36, 54, 33, 75, 44, 98, 95, 41, 19, 30, 58, 78, 47, 21,  6, 76, 94, 86, 89, 70, 37, 12, 55, 28)(  4,  5, 26, 13, 18),
      q := (  2, 76, 69, 20, 55, 29, 88, 16, 74, 67, 92, 91, 86, 64, 84, 42,  9, 82, 46, 75, 37, 19, 27, 23, 30, 83, 60, 22, 49, 54, 48, 28,  4)(  3,  7, 24, 57, 58, 53, 43, 33,100, 65, 85, 47, 10, 77, 11,
          99, 41, 12, 80, 35, 98, 70, 44, 73, 39, 38, 14,  8,  5, 26, 18)(  6, 51, 50, 21, 25, 52, 56, 63, 87, 59, 17)( 15, 32, 78, 34, 93, 45, 31, 81, 71, 62, 89, 95, 40, 68, 97, 36, 79, 72)( 61, 94)
        ( 66, 96) ), rec(
      gadd := [ (  1, 73, 16, 64,  7, 55, 22, 70, 13, 56,  4, 71, 19, 62, 10, 53, 25, 68, 11, 59,  2, 74, 17, 65,  8, 51, 23, 66, 14, 57,  5, 72, 20, 63,  6, 54, 21, 69, 12, 60,  3, 75, 18, 61,  9, 52, 24,
              67, 15, 58)( 26, 98, 41, 89, 32, 80, 47, 95, 38, 81, 29, 96, 44, 87, 35, 78, 50, 93, 36, 84, 27, 99, 42, 90, 33, 76, 48, 91, 39, 82, 30, 97, 45, 88, 31, 79, 46, 94, 37, 85, 28,100, 43, 86, 34,
              77, 49, 92, 40, 83), (  1, 88, 25, 83, 20, 78, 15, 97, 10, 92,  5, 87, 24, 82, 19, 77, 14, 96,  9, 91,  4, 86, 23, 81, 18, 76, 13,100,  8, 95,  3, 90, 22, 85, 17, 80, 12, 99,  7, 94,  2, 89, 21,
             84, 16, 79, 11, 98,  6, 93)( 26, 63, 50, 58, 45, 53, 40, 72, 35, 67, 30, 62, 49, 57, 44, 52, 39, 71, 34, 66, 29, 61, 48, 56, 43, 51, 38, 75, 33, 70, 28, 65, 47, 60, 42, 55, 37, 74, 32, 69, 27,
              64, 46, 59, 41, 54, 36, 73, 31, 68) ],
      gmul := [ (  1, 68, 10, 75, 15, 54, 16, 58, 23, 63,  2, 69,  6, 71, 11, 55, 17, 59, 24, 64,  3, 70,  7, 72, 12, 51, 18, 60, 25, 65,  4, 66,  8, 73, 13, 52, 19, 56, 21, 61,  5, 67,  9, 74, 14, 53, 20,
              57, 22, 62)( 26, 93, 35,100, 40, 79, 41, 83, 48, 88, 27, 94, 31, 96, 36, 80, 42, 84, 49, 89, 28, 95, 32, 97, 37, 76, 43, 85, 50, 90, 29, 91, 33, 98, 38, 77, 44, 81, 46, 86, 30, 92, 34, 99, 39,
              78, 45, 82, 47, 87), (  1, 80,  4, 78,  2, 76,  5, 79,  3, 77)(  6, 85,  9, 83,  7, 81, 10, 84,  8, 82)( 11, 90, 14, 88, 12, 86, 15, 89, 13, 87)( 16, 95, 19, 93, 17, 91, 20, 94, 18, 92)
            ( 21,100, 24, 98, 22, 96, 25, 99, 23, 97)( 26, 55, 29, 53, 27, 51, 30, 54, 28, 52)( 31, 60, 34, 58, 32, 56, 35, 59, 33, 57)( 36, 65, 39, 63, 37, 61, 40, 64, 38, 62)( 41, 70, 44, 68, 42, 66, 45,
              69, 43, 67)( 46, 75, 49, 73, 47, 71, 50, 74, 48, 72) ],
      p := (  2, 25, 13,  4, 76, 90, 73, 64, 48, 39, 10,100, 61, 42, 31, 99, 68, 47, 78, 40, 55, 38, 29, 17, 51, 15, 30, 23,  8, 16,  6,  7)(  3,  5, 26, 20, 32, 49, 33, 75, 53, 12, 21, 27, 91, 72, 56, 19,
          77, 84, 94, 59, 66, 71, 35, 46, 83, 63, 98, 69, 54, 88, 93, 65, 74, 58, 45, 89, 43, 57, 95, 86, 70, 85, 44, 52,  9, 24)( 11, 50, 28, 41, 81, 87, 67, 97, 62, 18, 82, 37, 79, 34, 96, 36, 22, 14, 80)
        ( 60, 92),
      q := (  2,  7,  5, 26, 15, 27, 89, 37, 78, 45, 91, 60, 88, 87, 63, 84, 86, 65, 58, 40, 52, 23, 24,  4, 76, 95, 94, 73, 66, 56, 11, 32, 33, 57, 90, 59, 64, 34, 81, 93, 70, 97, 68, 35, 31, 83, 67, 85, 36,
         10, 82, 43, 75, 54, 92, 72, 71, 47, 79, 48, 41, 96, 44, 55, 42, 46, 99, 62, 12,  6, 25, 17, 51, 20, 50, 29, 13,  3)(  8, 14, 77, 98, 61, 38, 28, 39, 22, 16, 21, 30,  9)( 18,100, 69, 53)( 19, 80) ), 
  rec(
      gadd := [ (  1, 45, 10, 49, 14, 29, 18, 33, 22, 37,  2, 41,  6, 50, 15, 30, 19, 34, 23, 38,  3, 42,  7, 46, 11, 26, 20, 35, 24, 39,  4, 43,  8, 47, 12, 27, 16, 31, 25, 40,  5, 44,  9, 48, 13, 28, 17,
              32, 21, 36)( 51, 95, 60, 99, 64, 79, 68, 83, 72, 87, 52, 91, 56,100, 65, 80, 69, 84, 73, 88, 53, 92, 57, 96, 61, 76, 70, 85, 74, 89, 54, 93, 58, 97, 62, 77, 66, 81, 75, 90, 55, 94, 59, 98, 63,
              78, 67, 82, 71, 86), (  1, 75, 20, 65, 10, 55, 24, 69, 14, 59,  4, 73, 18, 63,  8, 53, 22, 67, 12, 57,  2, 71, 16, 61,  6, 51, 25, 70, 15, 60,  5, 74, 19, 64,  9, 54, 23, 68, 13, 58,  3, 72, 17,
             62,  7, 52, 21, 66, 11, 56)( 26,100, 45, 90, 35, 80, 49, 94, 39, 84, 29, 98, 43, 88, 33, 78, 47, 92, 37, 82, 27, 96, 41, 86, 31, 76, 50, 95, 40, 85, 30, 99, 44, 89, 34, 79, 48, 93, 38, 83, 28,
              97, 42, 87, 32, 77, 46, 91, 36, 81) ],
      gmul := [ (  1, 28)(  2, 27)(  3, 26)(  4, 30)(  5, 29)(  6, 47)(  7, 46)(  8, 50)(  9, 49)( 10, 48)( 11, 42)( 12, 41)( 13, 45)( 14, 44)( 15, 43)( 16, 37)( 17, 36)( 18, 40)( 19, 39)( 20, 38)
            ( 21, 32)( 22, 31)( 23, 35)( 24, 34)( 25, 33)( 51, 78)( 52, 77)( 53, 76)( 54, 80)( 55, 79)( 56, 97)( 57, 96)( 58,100)( 59, 99)( 60, 98)( 61, 92)( 62, 91)( 63, 95)( 64, 94)( 65, 93)( 66, 87)
            ( 67, 86)( 68, 90)( 69, 89)( 70, 88)( 71, 82)( 72, 81)( 73, 85)( 74, 84)( 75, 83), (  1, 56, 42, 87)(  2, 58, 41, 90)(  3, 60, 45, 88)(  4, 57, 44, 86)(  5, 59, 43, 89)(  6, 67, 37, 76)
            (  7, 69, 36, 79)(  8, 66, 40, 77)(  9, 68, 39, 80)( 10, 70, 38, 78)( 11, 54, 32, 94)( 12, 51, 31, 92)( 13, 53, 35, 95)( 14, 55, 34, 93)( 15, 52, 33, 91)( 16, 65, 27, 83)( 17, 62, 26, 81)
            ( 18, 64, 30, 84)( 19, 61, 29, 82)( 20, 63, 28, 85)( 21, 71, 46, 96)( 22, 73, 50, 99)( 23, 75, 49, 97)( 24, 72, 48,100)( 25, 74, 47, 98) ],
      p := (  2, 51, 31, 82, 60, 19, 23,  4, 24, 80, 84,  9, 67, 97, 37, 42, 29, 79, 94, 44, 39, 70, 21, 25,  6, 76, 56, 71, 66, 86, 90, 45, 14, 27, 78, 87, 36,  3, 26, 89, 34, 52, 50, 33,  8)
        ( 10, 54, 48, 28, 92, 11, 64, 83, 85, 65, 96, 47, 61, 73)( 12, 53, 43, 62, 22, 55, 58)( 13, 32)( 15, 49, 38, 59, 93, 16, 30, 57, 68, 75, 91, 20, 99)( 17, 74, 88, 41, 69,100, 46, 72, 63, 98, 40)
        ( 35, 77, 81, 95),
      q := (  2, 76, 87, 36,  4,  7, 24, 53, 43,100, 46, 93, 15, 49, 38, 88, 41, 81, 73, 21,  6, 51, 31, 67, 63, 61, 95, 35, 54, 48, 28, 74, 59, 72, 97, 37, 42, 29, 55, 86, 60, 12, 80, 68, 94, 44, 39, 83, 66,
         58, 19,  8,  5)(  3, 26, 57, 84, 22, 79, 75, 71, 85, 96, 47, 98, 40, 14, 27, 52, 50, 33, 23)(  9, 82, 90, 45, 17, 92, 20, 64, 70, 10, 77, 69, 62)( 11, 99, 16, 30, 89, 34, 78, 56, 91)( 13, 32, 18) ), 
  rec(
      gadd := [ (  1, 50, 20, 40, 10, 30, 24, 44, 14, 34,  4, 48, 18, 38,  8, 28, 22, 42, 12, 32,  2, 46, 16, 36,  6, 26, 25, 45, 15, 35,  5, 49, 19, 39,  9, 29, 23, 43, 13, 33,  3, 47, 17, 37,  7, 27, 21,
              41, 11, 31)( 51,100, 70, 90, 60, 80, 74, 94, 64, 84, 54, 98, 68, 88, 58, 78, 72, 92, 62, 82, 52, 96, 66, 86, 56, 76, 75, 95, 65, 85, 55, 99, 69, 89, 59, 79, 73, 93, 63, 83, 53, 97, 67, 87, 57,
              77, 71, 91, 61, 81), (  1, 88, 25, 83, 20, 78, 15, 97, 10, 92,  5, 87, 24, 82, 19, 77, 14, 96,  9, 91,  4, 86, 23, 81, 18, 76, 13,100,  8, 95,  3, 90, 22, 85, 17, 80, 12, 99,  7, 94,  2, 89, 21,
             84, 16, 79, 11, 98,  6, 93)( 26, 63, 50, 58, 45, 53, 40, 72, 35, 67, 30, 62, 49, 57, 44, 52, 39, 71, 34, 66, 29, 61, 48, 56, 43, 51, 38, 75, 33, 70, 28, 65, 47, 60, 42, 55, 37, 74, 32, 69, 27,
              64, 46, 59, 41, 54, 36, 73, 31, 68) ],
      gmul := [ (  1, 66, 31, 99, 12, 54, 44, 84, 22, 65, 27, 92,  7, 75, 38, 80, 20, 60, 48, 86,  3, 68, 33, 96, 14, 51, 41, 81, 24, 62, 29, 94,  9, 72, 40, 77, 17, 57, 50, 88,  5, 70, 35, 98, 11, 53, 43,
              83, 21, 64, 26, 91,  6, 74, 37, 79, 19, 59, 47, 90,  2, 67, 32,100, 13, 55, 45, 85, 23, 61, 28, 93,  8, 71, 39, 76, 16, 56, 49, 87,  4, 69, 34, 97, 15, 52, 42, 82, 25, 63, 30, 95, 10, 73, 36,
              78, 18, 58, 46, 89) ],
      p := (  2, 51, 31, 71, 88, 11, 57, 83, 85, 34, 64, 73, 45, 46, 96, 94, 87, 84, 40, 91, 68, 59, 15, 50, 10, 55, 28,  3, 25, 77, 18,  4,  5, 26, 14, 24, 82, 35, 58, 78, 48, 29, 66, 60,  9, 75, 42, 23, 27,
         8)(  6, 76, 92, 61, 63, 67, 65, 72, 19, 30, 74, 95, 44, 99, 36, 53, 39, 41, 17, 21)( 12, 52, 81, 97, 43, 49, 79, 98, 93, 37, 13, 16,100, 86, 90, 69)( 20, 80, 47, 22, 32, 54, 33, 56, 89, 62, 70, 38),
      q := (  2, 76, 63, 88, 19, 27, 24, 75, 38, 15, 32, 78, 34, 91, 87, 73, 40, 64, 84, 45, 31, 81, 60, 23, 30, 83, 72, 11,100, 69, 18,  3,  7, 25, 55, 29, 89, 93, 43, 33, 96, 61, 92, 94, 68, 98, 62, 90, 86,
         70, 42,  9, 82, 47, 10, 77, 12, 80, 35, 99, 44, 58, 54, 49, 53, 41, 13, 14,  8,  5, 26, 16, 57, 74, 65, 85, 48, 28,  4)(  6, 51, 46, 56, 66, 97, 37, 17)( 20, 52, 71, 67, 95, 36, 79, 59)( 22, 50) ), 
  rec(
      gadd := [ (  1, 82, 12, 91, 21, 52, 32, 61, 41, 72,  2, 81, 11, 92, 22, 51, 31, 62, 42, 71)(  3, 84, 14, 93, 23, 54, 34, 63, 43, 74,  4, 83, 13, 94, 24, 53, 33, 64, 44, 73)(  5, 86, 16, 95, 25, 56, 36,
              65, 45, 76,  6, 85, 15, 96, 26, 55, 35, 66, 46, 75)(  7, 88, 18, 97, 27, 58, 38, 67, 47, 78,  8, 87, 17, 98, 28, 57, 37, 68, 48, 77)(  9, 90, 20, 99, 29, 60, 40, 69, 49, 80, 10, 89, 19,100, 30,
              59, 39, 70, 50, 79), (  1, 95, 40, 74, 17, 51, 46, 90, 23, 67,  2, 96, 39, 73, 18, 52, 45, 89, 24, 68)(  3, 97, 32, 76, 19, 53, 48, 82, 25, 69,  4, 98, 31, 75, 20, 54, 47, 81, 26, 70)
            (  5, 99, 34, 78, 11, 55, 50, 84, 27, 61,  6,100, 33, 77, 12, 56, 49, 83, 28, 62)(  7, 91, 36, 80, 13, 57, 42, 86, 29, 63,  8, 92, 35, 79, 14, 58, 41, 85, 30, 64)(  9, 93, 38, 72, 15, 59, 44, 88,
              21, 65, 10, 94, 37, 71, 16, 60, 43, 87, 22, 66) ],
      gmul := [ (  1, 33, 15, 47, 29)(  2, 34, 16, 48, 30)(  3, 35, 17, 49, 21)(  4, 36, 18, 50, 22)(  5, 37, 19, 41, 23)(  6, 38, 20, 42, 24)(  7, 39, 11, 43, 25)(  8, 40, 12, 44, 26)(  9, 31, 13, 45, 27)
            ( 10, 32, 14, 46, 28)( 51, 83, 65, 97, 79)( 52, 84, 66, 98, 80)( 53, 85, 67, 99, 71)( 54, 86, 68,100, 72)( 55, 87, 69, 91, 73)( 56, 88, 70, 92, 74)( 57, 89, 61, 93, 75)( 58, 90, 62, 94, 76)
            ( 59, 81, 63, 95, 77)( 60, 82, 64, 96, 78), (  1, 53,  2, 54)(  3, 51,  4, 52)(  5, 59,  6, 60)(  7, 57,  8, 58)(  9, 55, 10, 56)( 11, 93, 12, 94)( 13, 91, 14, 92)( 15, 99, 16,100)
            ( 17, 97, 18, 98)( 19, 95, 20, 96)( 21, 83, 22, 84)( 23, 81, 24, 82)( 25, 89, 26, 90)( 27, 87, 28, 88)( 29, 85, 30, 86)( 31, 73, 32, 74)( 33, 71, 34, 72)( 35, 79, 36, 80)( 37, 77, 38, 78)
            ( 39, 75, 40, 76)( 41, 63, 42, 64)( 43, 61, 44, 62)( 45, 69, 46, 70)( 47, 67, 48, 68)( 49, 65, 50, 66), (  1, 83,  2, 84)(  3, 81,  4, 82)(  5, 89,  6, 90)(  7, 87,  8, 88)(  9, 85, 10, 86)
            ( 11, 73, 12, 74)( 13, 71, 14, 72)( 15, 79, 16, 80)( 17, 77, 18, 78)( 19, 75, 20, 76)( 21, 63, 22, 64)( 23, 61, 24, 62)( 25, 69, 26, 70)( 27, 67, 28, 68)( 29, 65, 30, 66)( 31, 53, 32, 54)
            ( 33, 51, 34, 52)( 35, 59, 36, 60)( 37, 57, 38, 58)( 39, 55, 40, 56)( 41, 93, 42, 94)( 43, 91, 44, 92)( 45, 99, 46,100)( 47, 97, 48, 98)( 49, 95, 50, 96) ],
      p := (  2, 52, 61, 80, 43, 26,  9, 56, 59, 29, 60, 45, 33, 78, 83, 65, 98, 93, 14, 32, 92, 64, 66, 74, 40, 12, 82, 97, 63, 96, 50, 77, 13,  8, 21, 11, 58, 91, 94, 44, 42, 10, 72, 48, 17,  3)
        (  4,  7,  5, 31, 86, 79, 73, 16, 22, 81, 67, 84, 19, 57, 75, 30, 76, 46, 53, 15,  6, 51, 47, 23, 35, 88, 49, 87, 95, 20, 27, 25, 71, 18, 37)( 24, 55, 39, 28, 41, 36, 62, 90, 70)( 34, 54, 85, 89,100,
          99, 69),
      q := (  2, 51, 15,  8, 31, 85, 90, 69, 30, 75, 34, 53, 47, 39, 36, 61, 79, 74, 24, 56, 60, 17,  9, 55, 23, 27, 37, 10, 71, 46, 54, 86, 80, 19, 58, 92, 63, 95, 44, 12, 81, 68, 67, 83, 66, 73, 48, 45, 29,
         59, 33, 77, 49, 88, 13,  6, 52, 62, 89, 99, 70, 40, 42,  4,  5, 21, 41, 28, 11, 57, 76, 18, 25, 72, 16, 32, 91, 93, 50, 78, 84, 43, 38, 26,  3)( 14, 22, 82, 98, 94, 20, 35, 87, 96)( 64, 65, 97) ), 
  rec(
      gadd := [ (  1, 22, 41, 12, 31,  2, 21, 42, 11, 32)(  3, 24, 43, 14, 33,  4, 23, 44, 13, 34)(  5, 26, 45, 16, 35,  6, 25, 46, 15, 36)(  7, 28, 47, 18, 37,  8, 27, 48, 17, 38)(  9, 30, 49, 20, 39, 10,
              29, 50, 19, 40)( 51, 72, 91, 62, 81, 52, 71, 92, 61, 82)( 53, 74, 93, 64, 83, 54, 73, 94, 63, 84)( 55, 76, 95, 66, 85, 56, 75, 96, 65, 86)( 57, 78, 97, 68, 87, 58, 77, 98, 67, 88)
            ( 59, 80, 99, 70, 89, 60, 79,100, 69, 90), (  1, 55, 10, 54,  7, 51,  6, 60,  3, 57,  2, 56,  9, 53,  8, 52,  5, 59,  4, 58)( 11, 65, 20, 64, 17, 61, 16, 70, 13, 67, 12, 66, 19, 63, 18, 62, 15,
              69, 14, 68)( 21, 75, 30, 74, 27, 71, 26, 80, 23, 77, 22, 76, 29, 73, 28, 72, 25, 79, 24, 78)( 31, 85, 40, 84, 37, 81, 36, 90, 33, 87, 32, 86, 39, 83, 38, 82, 35, 89, 34, 88)( 41, 95, 50, 94, 47,
             91, 46,100, 43, 97, 42, 96, 49, 93, 48, 92, 45, 99, 44, 98) ],
      gmul := [ (  1, 40, 17, 46, 23,  2, 39, 18, 45, 24)(  3, 32, 19, 48, 25,  4, 31, 20, 47, 26)(  5, 34, 11, 50, 27,  6, 33, 12, 49, 28)(  7, 36, 13, 42, 29,  8, 35, 14, 41, 30)(  9, 38, 15, 44, 21, 10,
              37, 16, 43, 22)( 51, 90, 67, 96, 73, 52, 89, 68, 95, 74)( 53, 82, 69, 98, 75, 54, 81, 70, 97, 76)( 55, 84, 61,100, 77, 56, 83, 62, 99, 78)( 57, 86, 63, 92, 79, 58, 85, 64, 91, 80)
            ( 59, 88, 65, 94, 71, 60, 87, 66, 93, 72), (  1, 93, 35, 77, 19, 51, 43, 85, 27, 69)(  2, 94, 36, 78, 20, 52, 44, 86, 28, 70)(  3, 95, 37, 79, 11, 53, 45, 87, 29, 61)(  4, 96, 38, 80, 12, 54, 46,
              88, 30, 62)(  5, 97, 39, 71, 13, 55, 47, 89, 21, 63)(  6, 98, 40, 72, 14, 56, 48, 90, 22, 64)(  7, 99, 31, 73, 15, 57, 49, 81, 23, 65)(  8,100, 32, 74, 16, 58, 50, 82, 24, 66)(  9, 91, 33, 75,
              17, 59, 41, 83, 25, 67)( 10, 92, 34, 76, 18, 60, 42, 84, 26, 68) ],
      p := (  2, 51, 29, 53, 54, 88, 96, 50, 39, 28, 72, 48, 47, 17,  3)(  4,  7, 21, 35, 75, 30, 87, 80, 49, 15,  6,  5, 31, 77, 13,  8, 52, 45, 33, 85, 66, 89, 63, 67, 79, 19, 27, 56, 62, 73, 16, 22,  9,
          57, 86, 90, 93, 14, 32, 61, 83, 68, 95, 20, 11, 55, 78, 43, 26, 82, 74, 40, 12, 71, 18, 37)( 10, 81, 84, 98, 94, 44, 42)( 23, 25, 58, 60, 92, 99, 70, 24, 41, 36, 91, 69, 34, 59, 76, 46)( 64, 97),
      q := (  2, 51, 33, 77, 49, 47, 45, 29, 59, 88, 68, 67, 83, 96, 14, 22,  3)(  4,  5, 21, 27, 58, 54, 76, 18, 25, 56, 92, 63, 95, 44, 12, 81, 80, 13,  6,  7, 31, 85, 98, 70, 40, 42)(  8, 52, 17,  9, 55,
