gap> MakeList([90]);
## size 90
BRACES[90] := rec( total := -1, implemented := 16, size := 90, brace := [] );
BRACES[90].brace[1] := rec ( size := 90, perms :=
[ [ (), () ], 
  [ ( 8,11,14)( 9,12,15)(10,13,16), ( 1, 8, 3)( 2,15, 7)( 4,19,10)( 5,23,12)
        ( 6,26,14)( 9,31,18)(11,36,22)(13,38,25)(16,42,28)(17,45,30)(20,48,33)
        (21,51,35)(24,52,37)(27,57,41)(29,59,44)(32,62,47)(34,64,50)(39,67,54)
        (40,70,56)(43,71,58)(46,74,61)(49,75,63)(53,78,66)(55,80,69)(60,82,73)
        (65,85,77)(68,86,79)(72,87,81)(76,89,84)(83,90,88) ], 
  [ ( 8,14,11)( 9,15,12)(10,16,13), ( 1, 3, 8)( 2, 7,15)( 4,10,19)( 5,12,23)
        ( 6,14,26)( 9,18,31)(11,22,36)(13,25,38)(16,28,42)(17,30,45)(20,33,48)
        (21,35,51)(24,37,52)(27,41,57)(29,44,59)(32,47,62)(34,50,64)(39,54,67)
        (40,56,70)(43,58,71)(46,61,74)(49,63,75)(53,66,78)(55,69,80)(60,73,82)
        (65,77,85)(68,79,86)(72,81,87)(76,84,89)(83,88,90) ], 
  [ (3,6,4,7,5), ( 1,24,13, 6, 2)( 3,37,25,14, 7)( 4,43,29,17, 9)
        ( 5,49,34,21,11)( 8,52,38,26,15)(10,58,44,30,18)(12,63,50,35,22)
        (16,68,55,40,27)(19,71,59,45,31)(20,72,60,46,32)(23,75,64,51,36)
        (28,79,69,56,41)(33,81,73,61,47)(39,83,76,65,53)(42,86,80,70,57)
        (48,87,82,74,62)(54,88,84,77,66)(67,90,89,85,78) ], 
  [ ( 3, 6, 4, 7, 5)( 8,11,14)( 9,12,15)(10,13,16), 
      ( 1,52,25, 6,15, 3,24,38,14, 2, 8,37,13,26, 7)( 4,71,44,17,31,10,43,59,
         30, 9,19,58,29,45,18)( 5,75,50,21,36,12,49,64,35,11,23,63,34,51,22)
        (16,86,69,40,57,28,68,80,56,27,42,79,55,70,41)(20,87,73,46,62,33,72,
         82,61,32,48,81,60,74,47)(39,90,84,65,78,54,83,89,77,53,67,88,76,85,66
         ) ], 
  [ ( 3, 6, 4, 7, 5)( 8,14,11)( 9,15,12)(10,16,13), 
      ( 1,37,38, 6, 7, 8,24,25,26, 2, 3,52,13,14,15)( 4,58,59,17,18,19,43,44,
         45, 9,10,71,29,30,31)( 5,63,64,21,22,23,49,50,51,11,12,75,34,35,36)
        (16,79,80,40,41,42,68,69,70,27,28,86,55,56,57)(20,81,82,46,47,48,72,
         73,74,32,33,87,60,61,62)(39,88,89,65,66,67,83,84,85,53,54,90,76,77,78
         ) ], 
  [ (3,4,5,6,7), ( 1,13, 2,24, 6)( 3,25, 7,37,14)( 4,29, 9,43,17)
        ( 5,34,11,49,21)( 8,38,15,52,26)(10,44,18,58,30)(12,50,22,63,35)
        (16,55,27,68,40)(19,59,31,71,45)(20,60,32,72,46)(23,64,36,75,51)
        (28,69,41,79,56)(33,73,47,81,61)(39,76,53,83,65)(42,80,57,86,70)
        (48,82,62,87,74)(54,84,66,88,77)(67,89,78,90,85) ], 
  [ ( 3, 4, 5, 6, 7)( 8,11,14)( 9,12,15)(10,13,16), 
      ( 1,38, 7,24,26, 3,13,15,37, 6, 8,25, 2,52,14)( 4,59,18,43,45,10,29,31,
         58,17,19,44, 9,71,30)( 5,64,22,49,51,12,34,36,63,21,23,50,11,75,35)
        (16,80,41,68,70,28,55,57,79,40,42,69,27,86,56)(20,82,47,72,74,33,60,
         62,81,46,48,73,32,87,61)(39,89,66,83,85,54,76,78,88,65,67,84,53,90,77
         ) ], 
  [ ( 3, 4, 5, 6, 7)( 8,14,11)( 9,15,12)(10,16,13), 
      ( 1,25,15,24,14, 8,13, 7,52, 6, 3,38, 2,37,26)( 4,44,31,43,30,19,29,18,
         71,17,10,59, 9,58,45)( 5,50,36,49,35,23,34,22,75,21,12,64,11,63,51)
        (16,69,57,68,56,42,55,41,86,40,28,80,27,79,70)(20,73,62,72,61,48,60,
         47,87,46,33,82,32,81,74)(39,84,78,83,77,67,76,66,90,65,54,89,53,88,85
         ) ], 
  [ (3,7,6,5,4), ( 1, 6,24, 2,13)( 3,14,37, 7,25)( 4,17,43, 9,29)
        ( 5,21,49,11,34)( 8,26,52,15,38)(10,30,58,18,44)(12,35,63,22,50)
        (16,40,68,27,55)(19,45,71,31,59)(20,46,72,32,60)(23,51,75,36,64)
        (28,56,79,41,69)(33,61,81,47,73)(39,65,83,53,76)(42,70,86,57,80)
        (48,74,87,62,82)(54,77,88,66,84)(67,85,90,78,89) ], 
  [ ( 3, 7, 6, 5, 4)( 8,11,14)( 9,12,15)(10,13,16), 
      ( 1,26,37, 2,38, 3, 6,52, 7,13, 8,14,24,15,25)( 4,45,58, 9,59,10,17,71,
         18,29,19,30,43,31,44)( 5,51,63,11,64,12,21,75,22,34,23,35,49,36,50)
        (16,70,79,27,80,28,40,86,41,55,42,56,68,57,69)(20,74,81,32,82,33,46,
         87,47,60,48,61,72,62,73)(39,85,88,53,89,54,65,90,66,76,67,77,83,78,84
         ) ], 
  [ ( 3, 7, 6, 5, 4)( 8,14,11)( 9,15,12)(10,16,13), 
      ( 1,14,52, 2,25, 8, 6,37,15,13, 3,26,24, 7,38)( 4,30,71, 9,44,19,17,58,
         31,29,10,45,43,18,59)( 5,35,75,11,50,23,21,63,36,34,12,51,49,22,64)
        (16,56,86,27,69,42,40,79,57,55,28,70,68,41,80)(20,61,87,32,73,48,46,
         81,62,60,33,74,72,47,82)(39,77,90,53,84,67,65,88,78,76,54,85,83,66,89
         ) ], 
  [ (3,5,7,4,6), ( 1, 2, 6,13,24)( 3, 7,14,25,37)( 4, 9,17,29,43)
        ( 5,11,21,34,49)( 8,15,26,38,52)(10,18,30,44,58)(12,22,35,50,63)
        (16,27,40,55,68)(19,31,45,59,71)(20,32,46,60,72)(23,36,51,64,75)
        (28,41,56,69,79)(33,47,61,73,81)(39,53,65,76,83)(42,57,70,80,86)
        (48,62,74,82,87)(54,66,77,84,88)(67,78,85,89,90) ], 
  [ ( 3, 5, 7, 4, 6)( 8,11,14)( 9,12,15)(10,13,16), 
      ( 1,15,14,13,52, 3, 2,26,25,24, 8, 7, 6,38,37)( 4,31,30,29,71,10, 9,45,
         44,43,19,18,17,59,58)( 5,36,35,34,75,12,11,51,50,49,23,22,21,64,63)
        (16,57,56,55,86,28,27,70,69,68,42,41,40,80,79)(20,62,61,60,87,33,32,
         74,73,72,48,47,46,82,81)(39,78,77,76,90,54,53,85,84,83,67,66,65,89,88
         ) ], 
  [ ( 3, 5, 7, 4, 6)( 8,14,11)( 9,15,12)(10,16,13), 
      ( 1, 7,26,13,37, 8, 2,14,38,24, 3,15, 6,25,52)( 4,18,45,29,58,19, 9,30,
         59,43,10,31,17,44,71)( 5,22,51,34,63,23,11,35,64,49,12,36,21,50,75)
        (16,41,70,55,79,42,27,56,80,68,28,57,40,69,86)(20,47,74,60,81,48,32,
         61,82,72,33,62,46,73,87)(39,66,85,76,88,67,53,77,89,83,54,78,65,84,90
         ) ], 
  [ ( 8,15,13,11, 9,16,14,12,10), 
      ( 1,48, 5, 8,33,23, 3,20,12)( 2,62,11,15,47,36, 7,32,22)( 4,67,16,19,54,
         42,10,39,28)( 6,74,21,26,61,51,14,46,35)( 9,78,27,31,66,57,18,53,41)
        (13,82,34,38,73,64,25,60,50)(17,85,40,45,77,70,30,65,56)
        (24,87,49,52,81,75,37,72,63)(29,89,55,59,84,80,44,76,69)
        (43,90,68,71,88,86,58,83,79) ], 
  [ ( 8, 9,10,11,12,13,14,15,16), 
      ( 1,33,12, 8,20, 5, 3,48,23)( 2,47,22,15,32,11, 7,62,36)( 4,54,28,19,39,
         16,10,67,42)( 6,61,35,26,46,21,14,74,51)( 9,66,41,31,53,27,18,78,57)
        (13,73,50,38,60,34,25,82,64)(17,77,56,45,65,40,30,85,70)
        (24,81,63,52,72,49,37,87,75)(29,84,69,59,76,55,44,89,80)
        (43,88,79,71,83,68,58,90,86) ], 
  [ ( 8,12,16,11,15,10,14, 9,13), 
      ( 1,20,23, 8,48,12, 3,33, 5)( 2,32,36,15,62,22, 7,47,11)( 4,39,42,19,67,
         28,10,54,16)( 6,46,51,26,74,35,14,61,21)( 9,53,57,31,78,41,18,66,27)
        (13,60,64,38,82,50,25,73,34)(17,65,70,45,85,56,30,77,40)
        (24,72,75,52,87,63,37,81,49)(29,76,80,59,89,69,44,84,55)
        (43,83,86,71,90,79,58,88,68) ], 
  [ ( 3, 6, 4, 7, 5)( 8,15,13,11, 9,16,14,12,10), 
      ( 1,87,34,26,47,23,37,60,35, 2,48,49,38,61,36, 3,72,50, 6,62, 5,52,73,
         51, 7,20,63,13,74,11, 8,81,64,14,32,12,24,82,21,15,33,75,25,46,22)
        ( 4,90,55,45,66,42,58,76,56, 9,67,68,59,77,57,10,83,69,17,78,16,71,84,
         70,18,39,79,29,85,27,19,88,80,30,53,28,43,89,40,31,54,86,44,65,41) ],
  [ ( 3, 6, 4, 7, 5)( 8, 9,10,11,12,13,14,15,16), 
      ( 1,81,50,26,32, 5,37,82,51, 2,33,63,38,46,11, 3,87,64, 6,47,12,52,60,
         21, 7,48,75,13,61,22, 8,72,34,14,62,23,24,73,35,15,20,49,25,74,36)
        ( 4,88,69,45,53,16,58,89,70, 9,54,79,59,65,27,10,90,80,17,66,28,71,76,
         40,18,67,86,29,77,41,19,83,55,30,78,42,43,84,56,31,39,68,44,85,57) ],
  [ ( 3, 6, 4, 7, 5)( 8,12,16,11,15,10,14, 9,13), 
      ( 1,72,64,26,62,12,37,73,21, 2,20,75,38,74,22, 3,81,34, 6,32,23,52,82,
         35, 7,33,49,13,46,36, 8,87,50,14,47, 5,24,60,51,15,48,63,25,61,11)
        ( 4,83,80,45,78,28,58,84,40, 9,39,86,59,85,41,10,88,55,17,53,42,71,89,
         56,18,54,68,29,65,57,19,90,69,30,66,16,43,76,70,31,67,79,44,77,27) ],
  [ ( 3, 4, 5, 6, 7)( 8,15,13,11, 9,16,14,12,10), 
      ( 1,82,11,52,61,23,25,32,63, 6,48,34,15,81,51, 3,60,22,24,74, 5,38,47,
         75,14,20,50, 2,87,21, 8,73,36,37,46,12,13,62,49,26,33,64, 7,72,35)
        ( 4,89,27,71,77,42,44,53,79,17,67,55,31,88,70,10,76,41,43,85,16,59,66,
         86,30,39,69, 9,90,40,19,84,57,58,65,28,29,78,68,45,54,80,18,83,56) ],
  [ ( 3, 4, 5, 6, 7)( 8, 9,10,11,12,13,14,15,16), 
      ( 1,73,22,52,46, 5,25,62,75, 6,33,50,15,72,21, 3,82,36,24,61,12,38,32,
         49,14,48,64, 2,81,35, 8,60,11,37,74,23,13,47,63,26,20,34, 7,87,51)
        ( 4,84,41,71,65,16,44,78,86,17,54,69,31,83,40,10,89,57,43,77,28,59,53,
         68,30,67,80, 9,88,56,19,76,27,58,85,42,29,66,79,45,39,55,18,90,70) ],
  [ ( 3, 4, 5, 6, 7)( 8,12,16,11,15,10,14, 9,13), 
      ( 1,60,36,52,74,12,25,47,49, 6,20,64,15,87,35, 3,73,11,24,46,23,38,62,
         63,14,33,34, 2,72,51, 8,82,22,37,61, 5,13,32,75,26,48,50, 7,81,21)
        ( 4,76,57,71,85,28,44,66,68,17,39,80,31,90,56,10,84,27,43,65,42,59,78,
         79,30,54,55, 9,83,70,19,89,41,58,77,16,29,53,86,45,67,69,18,88,40) ],
  [ ( 3, 7, 6, 5, 4)( 8,15,13,11, 9,16,14,12,10), 
      ( 1,74,49,15,73,23,14,72,22,13,48,21,52,47,64, 3,46,63, 2,82, 5,26,81,
         36,25,20,35,24,62,34, 8,61,75, 7,60,12, 6,87,11,38,33,51,37,32,50)
        ( 4,85,68,31,84,42,30,83,41,29,67,40,71,66,80,10,65,79, 9,89,16,45,88,
         57,44,39,56,43,78,55,19,77,86,18,76,28,17,90,27,59,54,70,58,53,69) ],
  [ ( 3, 7, 6, 5, 4)( 8, 9,10,11,12,13,14,15,16), 
      ( 1,61,63,15,60, 5,14,87,36,13,33,35,52,32,34, 3,74,75, 2,73,12,26,72,
         11,25,48,51,24,47,50, 8,46,49, 7,82,23, 6,81,22,38,20,21,37,62,64)
        ( 4,77,79,31,76,16,30,90,57,29,54,56,71,53,55,10,85,86, 9,84,28,45,83,
         27,44,67,70,43,66,69,19,65,68,18,89,42,17,88,41,59,39,40,58,78,80) ],
  [ ( 3, 7, 6, 5, 4)( 8,12,16,11,15,10,14, 9,13), 
      ( 1,46,75,15,82,12,14,81,11,13,20,51,52,62,50, 3,61,49, 2,60,23,26,87,
         22,25,33,21,24,32,64, 8,74,63, 7,73, 5, 6,72,36,38,48,35,37,47,34)
        ( 4,65,86,31,89,28,30,88,27,29,39,70,71,78,69,10,77,68, 9,76,42,45,90,
         41,44,54,40,43,53,80,19,85,79,18,84,16,17,83,57,59,67,56,58,66,55) ],
  [ ( 3, 5, 7, 4, 6)( 8,15,13,11, 9,16,14,12,10), 
      ( 1,62,21,38,81,23, 7,46,50,24,48,11,26,73,75, 3,32,35,13,87, 5,15,61,
         64,37,20,22, 6,82,49, 8,47,51,25,72,12, 2,74,34,52,33,36,14,60,63)
        ( 4,78,40,59,88,42,18,65,69,43,67,27,45,84,86,10,53,56,29,90,16,31,77,
         80,58,39,41,17,89,68,19,66,70,44,83,28, 9,85,55,71,54,57,30,76,79) ],
  [ ( 3, 5, 7, 4, 6)( 8, 9,10,11,12,13,14,15,16), 
      ( 1,47,35,38,72, 5, 7,74,64,24,33,22,26,60,49, 3,62,51,13,81,12,15,46,
         34,37,48,36, 6,73,63, 8,32,21,25,87,23, 2,61,50,52,20,11,14,82,75)
        ( 4,66,56,59,83,16,18,85,80,43,54,41,45,76,68,10,78,70,29,88,28,31,65,
         55,58,67,57,17,84,79,19,53,40,44,90,42, 9,77,69,71,39,27,30,89,86) ],
  [ ( 3, 5, 7, 4, 6)( 8,12,16,11,15,10,14, 9,13), 
      ( 1,32,51,38,87,12, 7,61,34,24,20,36,26,82,63, 3,47,21,13,72,23,15,74,
         50,37,33,11, 6,60,75, 8,62,35,25,81, 5, 2,46,64,52,48,22,14,73,49)
        ( 4,53,70,59,90,28,18,77,55,43,39,57,45,89,79,10,66,40,29,83,42,31,85,
         69,58,54,27,17,76,86,19,78,56,44,88,16, 9,65,80,71,67,41,30,84,68) ],
  [ ( 8,13, 9,14,10,15,11,16,12), 
      ( 1,23,48, 3, 5,20, 8,12,33)( 2,36,62, 7,11,32,15,22,47)( 4,42,67,10,16,
         39,19,28,54)( 6,51,74,14,21,46,26,35,61)( 9,57,78,18,27,53,31,41,66)
        (13,64,82,25,34,60,38,50,73)(17,70,85,30,40,65,45,56,77)
        (24,75,87,37,49,72,52,63,81)(29,80,89,44,55,76,59,69,84)
        (43,86,90,58,68,83,71,79,88) ], 
  [ ( 8,16,15,14,13,12,11,10, 9), 
      ( 1,12,20, 3,23,33, 8, 5,48)( 2,22,32, 7,36,47,15,11,62)( 4,28,39,10,42,
         54,19,16,67)( 6,35,46,14,51,61,26,21,74)( 9,41,53,18,57,66,31,27,78)
        (13,50,60,25,64,73,38,34,82)(17,56,65,30,70,77,45,40,85)
        (24,63,72,37,75,81,52,49,87)(29,69,76,44,80,84,59,55,89)
        (43,79,83,58,86,88,71,68,90) ], 
  [ ( 8,10,12,14,16, 9,11,13,15), 
      ( 1, 5,33, 3,12,48, 8,23,20)( 2,11,47, 7,22,62,15,36,32)( 4,16,54,10,28,
         67,19,42,39)( 6,21,61,14,35,74,26,51,46)( 9,27,66,18,41,78,31,57,53)
        (13,34,73,25,50,82,38,64,60)(17,40,77,30,56,85,45,70,65)
        (24,49,81,37,63,87,52,75,72)(29,55,84,44,69,89,59,80,76)
        (43,68,88,58,79,90,71,86,83) ], 
  [ ( 3, 6, 4, 7, 5)( 8,13, 9,14,10,15,11,16,12), 
      ( 1,75,82,14,11,20,52,50,61, 2,23,87,25,21,32, 8,63,73, 6,36,48,37,34,
         46,15,12,81,13,51,62, 3,49,60,26,22,33,24,64,74, 7, 5,72,38,35,47)
        ( 4,86,89,30,27,39,71,69,77, 9,42,90,44,40,53,19,79,84,17,57,67,58,55,
         65,31,28,88,29,70,78,10,68,76,45,41,54,43,80,85,18,16,83,59,56,66) ],
  [ ( 3, 6, 4, 7, 5)( 8,16,15,14,13,12,11,10, 9), 
      ( 1,63,60,14,36,33,52,34,74, 2,12,72,25,51,47, 8,49,82, 6,22,20,37,64,
         61,15, 5,87,13,35,32, 3,75,73,26,11,48,24,50,46, 7,23,81,38,21,62)
        ( 4,79,76,30,57,54,71,55,85, 9,28,83,44,70,66,19,68,89,17,41,39,58,80,
         77,31,16,90,29,56,53,10,86,84,45,27,67,43,69,65,18,42,88,59,40,78) ],
  [ ( 3, 6, 4, 7, 5)( 8,10,12,14,16, 9,11,13,15), 
      ( 1,49,73,14,22,48,52,64,46, 2, 5,81,25,35,62, 8,75,60, 6,11,33,37,50,
         74,15,23,72,13,21,47, 3,63,82,26,36,20,24,34,61, 7,12,87,38,51,32)
        ( 4,68,84,30,41,67,71,80,65, 9,16,88,44,56,78,19,86,76,17,27,54,58,69,
         85,31,42,83,29,40,66,10,79,89,45,57,39,43,55,77,18,28,90,59,70,53) ],
  [ ( 3, 4, 5, 6, 7)( 8,13, 9,14,10,15,11,16,12), 
      ( 1,64,62,37,21,20,38,22,81, 6,23,82, 7,49,46, 8,50,47,24,51,48,25,11,
         72,26,12,73, 2,75,74, 3,34,32,52,35,33,13,36,87,14, 5,60,15,63,61)
        ( 4,80,78,58,40,39,59,41,88,17,42,89,18,68,65,19,69,66,43,70,67,44,27,
         83,45,28,84, 9,86,85,10,55,53,71,56,54,29,57,90,30,16,76,31,79,77) ],
  [ ( 3, 4, 5, 6, 7)( 8,16,15,14,13,12,11,10, 9), 
      ( 1,50,32,37,51,33,38,11,87, 6,12,60, 7,75,61, 8,34,62,24,35,20,25,36,
         81,26, 5,82, 2,63,46, 3,64,47,52,21,48,13,22,72,14,23,73,15,49,74)
        ( 4,69,53,58,70,54,59,27,90,17,28,76,18,86,77,19,55,78,43,56,39,44,57,
         88,45,16,89, 9,79,65,10,80,66,71,40,67,29,41,83,30,42,84,31,68,85) ],
  [ ( 3, 4, 5, 6, 7)( 8,10,12,14,16, 9,11,13,15), 
      ( 1,34,47,37,35,48,38,36,72, 6, 5,73, 7,63,74, 8,64,32,24,21,33,25,22,
         87,26,23,60, 2,49,61, 3,50,62,52,51,20,13,11,81,14,12,82,15,75,46)
        ( 4,55,66,58,56,67,59,57,83,17,16,84,18,79,85,19,80,53,43,40,54,44,41,
         90,45,42,76, 9,68,77,10,69,78,71,70,39,29,27,88,30,28,89,31,86,65) ],
  [ ( 3, 7, 6, 5, 4)( 8,13, 9,14,10,15,11,16,12), 
      ( 1,51,87, 7,34,20,26,63,47,13,23,74,37,11,60, 8,35,81, 2,64,48,14,49,
         32,38,12,61,24,36,82, 3,21,72,15,50,33, 6,75,62,25, 5,46,52,22,73)
        ( 4,70,90,18,55,39,45,79,66,29,42,85,58,27,76,19,56,88, 9,80,67,30,68,
         53,59,28,77,43,57,89,10,40,83,31,69,54,17,86,78,44,16,65,71,41,84) ],
  [ ( 3, 7, 6, 5, 4)( 8,16,15,14,13,12,11,10, 9), 
      ( 1,35,72, 7,64,33,26,49,62,13,12,46,37,36,73, 8,21,87, 2,50,20,14,75,
         47,38, 5,74,24,22,60, 3,51,81,15,34,48, 6,63,32,25,23,61,52,11,82)
        ( 4,56,83,18,80,54,45,68,78,29,28,65,58,57,84,19,40,90, 9,69,39,30,86,
         66,59,16,85,43,41,76,10,70,88,31,55,67,17,79,53,44,42,77,71,27,89) ],
  [ ( 3, 7, 6, 5, 4)( 8,10,12,14,16, 9,11,13,15), 
      ( 1,21,81, 7,50,48,26,75,32,13, 5,61,37,22,82, 8,51,72, 2,34,33,14,63,
         62,38,23,46,24,11,73, 3,35,87,15,64,20, 6,49,47,25,12,74,52,36,60)
        ( 4,40,88,18,69,67,45,86,53,29,16,77,58,41,89,19,70,83, 9,55,54,30,79,
         78,59,42,65,43,27,84,10,56,90,31,80,39,17,68,66,44,28,85,71,57,76) ],
  [ ( 3, 5, 7, 4, 6)( 8,13, 9,14,10,15,11,16,12), 
      ( 1,36,74,25,49,20,15,35,73,24,23,62,14,34,72, 8,22,61,13,75,48, 7,21,
         60,52,12,47, 6,64,87, 3,11,46,38,63,33, 2,51,82,37, 5,32,26,50,81)
        ( 4,57,85,44,68,39,31,56,84,43,42,78,30,55,83,19,41,77,29,86,67,18,40,
         76,71,28,66,17,80,90,10,27,65,59,79,54, 9,70,89,58,16,53,45,69,88) ],
  [ ( 3, 5, 7, 4, 6)( 8,16,15,14,13,12,11,10, 9), 
      ( 1,22,46,25,75,33,15,21,82,24,12,32,14,64,81, 8,11,74,13,63,20, 7,51,
         73,52, 5,62, 6,50,72, 3,36,61,38,49,48, 2,35,60,37,23,47,26,34,87)
        ( 4,41,65,44,86,54,31,40,89,43,28,53,30,80,88,19,27,85,29,79,39,18,70,
         84,71,16,78,17,69,83,10,57,77,59,68,67, 9,56,76,58,42,66,45,55,90) ],
  [ ( 3, 5, 7, 4, 6)( 8,10,12,14,16, 9,11,13,15), 
      ( 1,11,61,25,63,48,15,51,60,24, 5,47,14,50,87, 8,36,46,13,49,33, 7,35,
         82,52,23,32, 6,34,81, 3,22,74,38,75,20, 2,21,73,37,12,62,26,64,72)
        ( 4,27,77,44,79,67,31,70,76,43,16,66,30,69,90,19,57,65,29,68,54,18,56,
         89,71,42,53,17,55,88,10,41,85,59,86,39, 9,40,84,58,28,78,45,80,83) ],
  [ (1,2), ( 1, 4)( 2,43)( 3,10)( 5,16)( 6,29)( 7,58)( 8,19)( 9,24)(11,68)
        (12,28)(13,17)(14,44)(15,71)(18,37)(20,39)(21,55)(22,79)(23,42)(25,30)
        (26,59)(27,49)(31,52)(32,83)(33,54)(34,40)(35,69)(36,86)(38,45)(41,63)
        (46,76)(47,88)(48,67)(50,56)(51,80)(53,72)(57,75)(60,65)(61,84)(62,90)
        (64,70)(66,81)(73,77)(74,89)(78,87)(82,85) ], 
  [ ( 1, 2)( 8,11,14)( 9,12,15)(10,13,16), 
      ( 1,19, 3, 4, 8,10)( 2,71, 7,43,15,58)( 5,42,12,16,23,28)
        ( 6,59,14,29,26,44)( 9,52,18,24,31,37)(11,86,22,68,36,79)
        (13,45,25,17,38,30)(20,67,33,39,48,54)(21,80,35,55,51,69)
        (27,75,41,49,57,63)(32,90,47,83,62,88)(34,70,50,40,64,56)
        (46,89,61,76,74,84)(53,87,66,72,78,81)(60,85,73,65,82,77) ], 
  [ ( 1, 2)( 8,14,11)( 9,15,12)(10,16,13), 
      ( 1,10, 8, 4, 3,19)( 2,58,15,43, 7,71)( 5,28,23,16,12,42)
        ( 6,44,26,29,14,59)( 9,37,31,24,18,52)(11,79,36,68,22,86)
        (13,30,38,17,25,45)(20,54,48,39,33,67)(21,69,51,55,35,80)
        (27,63,57,49,41,75)(32,88,62,83,47,90)(34,56,64,40,50,70)
        (46,84,74,76,61,89)(53,81,78,72,66,87)(60,77,82,65,73,85) ], 
  [ (1,2)(3,6,4,7,5), ( 1,43)( 2,29)( 3,58)( 4,24)( 5,68)( 6,17)( 7,44)( 8,71)
        ( 9,13)(10,37)(11,55)(12,79)(14,30)(15,59)(16,49)(18,25)(19,52)(20,83)
        (21,40)(22,69)(23,86)(26,45)(27,34)(28,63)(31,38)(32,76)(33,88)(35,56)
        (36,80)(39,72)(41,50)(42,75)(46,65)(47,84)(48,90)(51,70)(53,60)(54,81)
        (57,64)(61,77)(62,89)(66,73)(67,87)(74,85)(78,82) ], 
  [ ( 1, 2)( 3, 6, 4, 7, 5)( 8,11,14)( 9,12,15)(10,13,16), 
      ( 1,71, 3,43, 8,58)( 2,59, 7,29,15,44)( 4,52,10,24,19,37)
        ( 5,86,12,68,23,79)( 6,45,14,17,26,30)( 9,38,18,13,31,25)
        (11,80,22,55,36,69)(16,75,28,49,42,63)(20,90,33,83,48,88)
        (21,70,35,40,51,56)(27,64,41,34,57,50)(32,89,47,76,62,84)
        (39,87,54,72,67,81)(46,85,61,65,74,77)(53,82,66,60,78,73) ], 
  [ ( 1, 2)( 3, 6, 4, 7, 5)( 8,14,11)( 9,15,12)(10,16,13), 
      ( 1,58, 8,43, 3,71)( 2,44,15,29, 7,59)( 4,37,19,24,10,52)
        ( 5,79,23,68,12,86)( 6,30,26,17,14,45)( 9,25,31,13,18,38)
        (11,69,36,55,22,80)(16,63,42,49,28,75)(20,88,48,83,33,90)
        (21,56,51,40,35,70)(27,50,57,34,41,64)(32,84,62,76,47,89)
        (39,81,67,72,54,87)(46,77,74,65,61,85)(53,73,78,60,66,82) ], 
  [ (1,2)(3,4,5,6,7), ( 1,29)( 2,17)( 3,44)( 4,13)( 5,55)( 6, 9)( 7,30)( 8,59)
        (10,25)(11,40)(12,69)(14,18)(15,45)(16,34)(19,38)(20,76)(21,27)(22,56)
        (23,80)(24,43)(26,31)(28,50)(32,65)(33,84)(35,41)(36,70)(37,58)(39,60)
        (42,64)(46,53)(47,77)(48,89)(49,68)(51,57)(52,71)(54,73)(61,66)(62,85)
        (63,79)(67,82)(72,83)(74,78)(75,86)(81,88)(87,90) ], 
  [ ( 1, 2)( 3, 4, 5, 6, 7)( 8,11,14)( 9,12,15)(10,13,16), 
      ( 1,59, 3,29, 8,44)( 2,45, 7,17,15,30)( 4,38,10,13,19,25)
        ( 5,80,12,55,23,69)( 6,31,14, 9,26,18)(11,70,22,40,36,56)
        (16,64,28,34,42,50)(20,89,33,76,48,84)(21,57,35,27,51,41)
        (24,71,37,43,52,58)(32,85,47,65,62,77)(39,82,54,60,67,73)
        (46,78,61,53,74,66)(49,86,63,68,75,79)(72,90,81,83,87,88) ], 
  [ ( 1, 2)( 3, 4, 5, 6, 7)( 8,14,11)( 9,15,12)(10,16,13), 
      ( 1,44, 8,29, 3,59)( 2,30,15,17, 7,45)( 4,25,19,13,10,38)
        ( 5,69,23,55,12,80)( 6,18,26, 9,14,31)(11,56,36,40,22,70)
        (16,50,42,34,28,64)(20,84,48,76,33,89)(21,41,51,27,35,57)
        (24,58,52,43,37,71)(32,77,62,65,47,85)(39,73,67,60,54,82)
        (46,66,74,53,61,78)(49,79,75,68,63,86)(72,88,87,83,81,90) ], 
  [ (1,2)(3,7,6,5,4), ( 1,17)( 2, 9)( 3,30)( 4, 6)( 5,40)( 7,18)( 8,45)(10,14)
        (11,27)(12,56)(13,43)(15,31)(16,21)(19,26)(20,65)(22,41)(23,70)(24,29)
        (25,58)(28,35)(32,53)(33,77)(34,68)(36,57)(37,44)(38,71)(39,46)(42,51)
        (47,66)(48,85)(49,55)(50,79)(52,59)(54,61)(60,83)(62,78)(63,69)(64,86)
        (67,74)(72,76)(73,88)(75,80)(81,84)(82,90)(87,89) ], 
  [ ( 1, 2)( 3, 7, 6, 5, 4)( 8,11,14)( 9,12,15)(10,13,16), 
      ( 1,45, 3,17, 8,30)( 2,31, 7, 9,15,18)( 4,26,10, 6,19,14)
        ( 5,70,12,40,23,56)(11,57,22,27,36,41)(13,71,25,43,38,58)
        (16,51,28,21,42,35)(20,85,33,65,48,77)(24,59,37,29,52,44)
        (32,78,47,53,62,66)(34,86,50,68,64,79)(39,74,54,46,67,61)
        (49,80,63,55,75,69)(60,90,73,83,82,88)(72,89,81,76,87,84) ], 
  [ ( 1, 2)( 3, 7, 6, 5, 4)( 8,14,11)( 9,15,12)(10,16,13), 
      ( 1,30, 8,17, 3,45)( 2,18,15, 9, 7,31)( 4,14,19, 6,10,26)
        ( 5,56,23,40,12,70)(11,41,36,27,22,57)(13,58,38,43,25,71)
        (16,35,42,21,28,51)(20,77,48,65,33,85)(24,44,52,29,37,59)
        (32,66,62,53,47,78)(34,79,64,68,50,86)(39,61,67,46,54,74)
        (49,69,75,55,63,80)(60,88,82,83,73,90)(72,84,87,76,81,89) ], 
  [ (1,2)(3,5,7,4,6), ( 1, 9)( 2, 4)( 3,18)( 5,27)( 6,43)( 7,10)( 8,31)(11,16)
        (12,41)(13,29)(14,58)(15,19)(17,24)(20,53)(21,68)(22,28)(23,57)(25,44)
        (26,71)(30,37)(32,39)(33,66)(34,55)(35,79)(36,42)(38,59)(40,49)(45,52)
        (46,83)(47,54)(48,78)(50,69)(51,86)(56,63)(60,76)(61,88)(62,67)(64,80)
        (65,72)(70,75)(73,84)(74,90)(77,81)(82,89)(85,87) ], 
  [ ( 1, 2)( 3, 5, 7, 4, 6)( 8,11,14)( 9,12,15)(10,13,16), 
      ( 1,31, 3, 9, 8,18)( 2,19, 7, 4,15,10)( 5,57,12,27,23,41)
        ( 6,71,14,43,26,58)(11,42,22,16,36,28)(13,59,25,29,38,44)
        (17,52,30,24,45,37)(20,78,33,53,48,66)(21,86,35,68,51,79)
        (32,67,47,39,62,54)(34,80,50,55,64,69)(40,75,56,49,70,63)
        (46,90,61,83,74,88)(60,89,73,76,82,84)(65,87,77,72,85,81) ], 
  [ ( 1, 2)( 3, 5, 7, 4, 6)( 8,14,11)( 9,15,12)(10,16,13), 
      ( 1,18, 8, 9, 3,31)( 2,10,15, 4, 7,19)( 5,41,23,27,12,57)
        ( 6,58,26,43,14,71)(11,28,36,16,22,42)(13,44,38,29,25,59)
        (17,37,45,24,30,52)(20,66,48,53,33,78)(21,79,51,68,35,86)
        (32,54,62,39,47,67)(34,69,64,55,50,80)(40,63,70,49,56,75)
        (46,88,74,83,61,90)(60,84,82,76,73,89)(65,81,85,72,77,87) ], 
  [ ( 1, 2)( 8,15,13,11, 9,16,14,12,10), 
      ( 1,67, 5,19,33,42, 3,39,12, 4,48,16, 8,54,23,10,20,28)( 2,90,11,71,47,
         86, 7,83,22,43,62,68,15,88,36,58,32,79)( 6,89,21,59,61,80,14,76,35,
         29,74,55,26,84,51,44,46,69)( 9,87,27,52,66,75,18,72,41,24,78,49,31,
         81,57,37,53,63)(13,85,34,45,73,70,25,65,50,17,82,40,38,77,64,30,60,56
         ) ], 
  [ ( 1, 2)( 8, 9,10,11,12,13,14,15,16), 
      ( 1,54,12,19,20,16, 3,67,23, 4,33,28, 8,39, 5,10,48,42)( 2,88,22,71,32,
         68, 7,90,36,43,47,79,15,83,11,58,62,86)( 6,84,35,59,46,55,14,89,51,
         29,61,69,26,76,21,44,74,80)( 9,81,41,52,53,49,18,87,57,24,66,63,31,
         72,27,37,78,75)(13,77,50,45,60,40,25,85,64,17,73,56,38,65,34,30,82,70
         ) ], 
  [ ( 1, 2)( 8,12,16,11,15,10,14, 9,13), 
      ( 1,39,23,19,48,28, 3,54, 5, 4,20,42, 8,67,12,10,33,16)( 2,83,36,71,62,
         79, 7,88,11,43,32,86,15,90,22,58,47,68)( 6,76,51,59,74,69,14,84,21,
         29,46,80,26,89,35,44,61,55)( 9,72,57,52,78,63,18,81,27,24,53,75,31,
         87,41,37,66,49)(13,65,64,45,82,56,25,77,34,17,60,70,38,85,50,30,73,40
         ) ], 
  [ ( 1, 2)( 3, 6, 4, 7, 5)( 8,15,13,11, 9,16,14,12,10), 
      ( 1,90, 5,71,33,86, 3,83,12,43,48,68, 8,88,23,58,20,79)( 2,89,11,59,47,
         80, 7,76,22,29,62,55,15,84,36,44,32,69)( 4,87,16,52,54,75,10,72,28,
         24,67,49,19,81,42,37,39,63)( 6,85,21,45,61,70,14,65,35,17,74,40,26,
         77,51,30,46,56)( 9,82,27,38,66,64,18,60,41,13,78,34,31,73,57,25,53,50
         ) ], 
  [ ( 1, 2)( 3, 6, 4, 7, 5)( 8, 9,10,11,12,13,14,15,16), 
      ( 1,88,12,71,20,68, 3,90,23,43,33,79, 8,83, 5,58,48,86)( 2,84,22,59,32,
         55, 7,89,36,29,47,69,15,76,11,44,62,80)( 4,81,28,52,39,49,10,87,42,
         24,54,63,19,72,16,37,67,75)( 6,77,35,45,46,40,14,85,51,17,61,56,26,
         65,21,30,74,70)( 9,73,41,38,53,34,18,82,57,13,66,50,31,60,27,25,78,64
         ) ], 
  [ ( 1, 2)( 3, 6, 4, 7, 5)( 8,12,16,11,15,10,14, 9,13), 
      ( 1,83,23,71,48,79, 3,88, 5,43,20,86, 8,90,12,58,33,68)( 2,76,36,59,62,
         69, 7,84,11,29,32,80,15,89,22,44,47,55)( 4,72,42,52,67,63,10,81,16,
         24,39,75,19,87,28,37,54,49)( 6,65,51,45,74,56,14,77,21,17,46,70,26,
         85,35,30,61,40)( 9,60,57,38,78,50,18,73,27,13,53,64,31,82,41,25,66,34
         ) ], 
  [ ( 1, 2)( 3, 4, 5, 6, 7)( 8,15,13,11, 9,16,14,12,10), 
      ( 1,89, 5,59,33,80, 3,76,12,29,48,55, 8,84,23,44,20,69)( 2,85,11,45,47,
         70, 7,65,22,17,62,40,15,77,36,30,32,56)( 4,82,16,38,54,64,10,60,28,
         13,67,34,19,73,42,25,39,50)( 6,78,21,31,61,57,14,53,35, 9,74,27,26,
         66,51,18,46,41)(24,90,49,71,81,86,37,83,63,43,87,68,52,88,75,58,72,79
         ) ], 
  [ ( 1, 2)( 3, 4, 5, 6, 7)( 8, 9,10,11,12,13,14,15,16), 
      ( 1,84,12,59,20,55, 3,89,23,29,33,69, 8,76, 5,44,48,80)( 2,77,22,45,32,
         40, 7,85,36,17,47,56,15,65,11,30,62,70)( 4,73,28,38,39,34,10,82,42,
         13,54,50,19,60,16,25,67,64)( 6,66,35,31,46,27,14,78,51, 9,61,41,26,
         53,21,18,74,57)(24,88,63,71,72,68,37,90,75,43,81,79,52,83,49,58,87,86
         ) ], 
  [ ( 1, 2)( 3, 4, 5, 6, 7)( 8,12,16,11,15,10,14, 9,13), 
      ( 1,76,23,59,48,69, 3,84, 5,29,20,80, 8,89,12,44,33,55)( 2,65,36,45,62,
         56, 7,77,11,17,32,70,15,85,22,30,47,40)( 4,60,42,38,67,50,10,73,16,
         13,39,64,19,82,28,25,54,34)( 6,53,51,31,74,41,14,66,21, 9,46,57,26,
         78,35,18,61,27)(24,83,75,71,87,79,37,88,49,43,72,86,52,90,63,58,81,68
         ) ], 
  [ ( 1, 2)( 3, 7, 6, 5, 4)( 8,15,13,11, 9,16,14,12,10), 
      ( 1,85, 5,45,33,70, 3,65,12,17,48,40, 8,77,23,30,20,56)( 2,78,11,31,47,
         57, 7,53,22, 9,62,27,15,66,36,18,32,41)( 4,74,16,26,54,51,10,46,28,
          6,67,21,19,61,42,14,39,35)(13,90,34,71,73,86,25,83,50,43,82,68,38,
         88,64,58,60,79)(24,89,49,59,81,80,37,76,63,29,87,55,52,84,75,44,72,69
         ) ], 
  [ ( 1, 2)( 3, 7, 6, 5, 4)( 8, 9,10,11,12,13,14,15,16), 
      ( 1,77,12,45,20,40, 3,85,23,17,33,56, 8,65, 5,30,48,70)( 2,66,22,31,32,
         27, 7,78,36, 9,47,41,15,53,11,18,62,57)( 4,61,28,26,39,21,10,74,42,
          6,54,35,19,46,16,14,67,51)(13,88,50,71,60,68,25,90,64,43,73,79,38,
         83,34,58,82,86)(24,84,63,59,72,55,37,89,75,29,81,69,52,76,49,44,87,80
         ) ], 
  [ ( 1, 2)( 3, 7, 6, 5, 4)( 8,12,16,11,15,10,14, 9,13), 
      ( 1,65,23,45,48,56, 3,77, 5,17,20,70, 8,85,12,30,33,40)( 2,53,36,31,62,
         41, 7,66,11, 9,32,57,15,78,22,18,47,27)( 4,46,42,26,67,35,10,61,16,
          6,39,51,19,74,28,14,54,21)(13,83,64,71,82,79,25,88,34,43,60,86,38,
         90,50,58,73,68)(24,76,75,59,87,69,37,84,49,29,72,80,52,89,63,44,81,55
         ) ], 
  [ ( 1, 2)( 3, 5, 7, 4, 6)( 8,15,13,11, 9,16,14,12,10), 
      ( 1,78, 5,31,33,57, 3,53,12, 9,48,27, 8,66,23,18,20,41)( 2,67,11,19,47,
         42, 7,39,22, 4,62,16,15,54,36,10,32,28)( 6,90,21,71,61,86,14,83,35,
         43,74,68,26,88,51,58,46,79)(13,89,34,59,73,80,25,76,50,29,82,55,38,
         84,64,44,60,69)(17,87,40,52,77,75,30,72,56,24,85,49,45,81,70,37,65,63
         ) ], 
  [ ( 1, 2)( 3, 5, 7, 4, 6)( 8, 9,10,11,12,13,14,15,16), 
      ( 1,66,12,31,20,27, 3,78,23, 9,33,41, 8,53, 5,18,48,57)( 2,54,22,19,32,
         16, 7,67,36, 4,47,28,15,39,11,10,62,42)( 6,88,35,71,46,68,14,90,51,
         43,61,79,26,83,21,58,74,86)(13,84,50,59,60,55,25,89,64,29,73,69,38,
         76,34,44,82,80)(17,81,56,52,65,49,30,87,70,24,77,63,45,72,40,37,85,75
         ) ], 
  [ ( 1, 2)( 3, 5, 7, 4, 6)( 8,12,16,11,15,10,14, 9,13), 
      ( 1,53,23,31,48,41, 3,66, 5, 9,20,57, 8,78,12,18,33,27)( 2,39,36,19,62,
         28, 7,54,11, 4,32,42,15,67,22,10,47,16)( 6,83,51,71,74,79,14,88,21,
         43,46,86,26,90,35,58,61,68)(13,76,64,59,82,69,25,84,34,29,60,80,38,
         89,50,44,73,55)(17,72,70,52,85,63,30,81,40,24,65,75,45,87,56,37,77,49
         ) ], 
  [ ( 1, 2)( 8,13, 9,14,10,15,11,16,12), 
      ( 1,42,48,10, 5,39, 8,28,33, 4,23,67, 3,16,20,19,12,54)( 2,86,62,58,11,
         83,15,79,47,43,36,90, 7,68,32,71,22,88)( 6,80,74,44,21,76,26,69,61,
         29,51,89,14,55,46,59,35,84)( 9,75,78,37,27,72,31,63,66,24,57,87,18,
         49,53,52,41,81)(13,70,82,30,34,65,38,56,73,17,64,85,25,40,60,45,50,77
         ) ], 
  [ ( 1, 2)( 8,16,15,14,13,12,11,10, 9), 
      ( 1,28,20,10,23,54, 8,16,48, 4,12,39, 3,42,33,19, 5,67)( 2,79,32,58,36,
         88,15,68,62,43,22,83, 7,86,47,71,11,90)( 6,69,46,44,51,84,26,55,74,
         29,35,76,14,80,61,59,21,89)( 9,63,53,37,57,81,31,49,78,24,41,72,18,
         75,66,52,27,87)(13,56,60,30,64,77,38,40,82,17,50,65,25,70,73,45,34,85
         ) ], 
  [ ( 1, 2)( 8,10,12,14,16, 9,11,13,15), 
      ( 1,16,33,10,12,67, 8,42,20, 4, 5,54, 3,28,48,19,23,39)( 2,68,47,58,22,
         90,15,86,32,43,11,88, 7,79,62,71,36,83)( 6,55,61,44,35,89,26,80,46,
         29,21,84,14,69,74,59,51,76)( 9,49,66,37,41,87,31,75,53,24,27,81,18,
         63,78,52,57,72)(13,40,73,30,50,85,38,70,60,17,34,77,25,56,82,45,64,65
         ) ], 
  [ ( 1, 2)( 3, 6, 4, 7, 5)( 8,13, 9,14,10,15,11,16,12), 
      ( 1,86,48,58, 5,83, 8,79,33,43,23,90, 3,68,20,71,12,88)( 2,80,62,44,11,
         76,15,69,47,29,36,89, 7,55,32,59,22,84)( 4,75,67,37,16,72,19,63,54,
         24,42,87,10,49,39,52,28,81)( 6,70,74,30,21,65,26,56,61,17,51,85,14,
         40,46,45,35,77)( 9,64,78,25,27,60,31,50,66,13,57,82,18,34,53,38,41,73
         ) ], 
  [ ( 1, 2)( 3, 6, 4, 7, 5)( 8,16,15,14,13,12,11,10, 9), 
      ( 1,79,20,58,23,88, 8,68,48,43,12,83, 3,86,33,71, 5,90)( 2,69,32,44,36,
         84,15,55,62,29,22,76, 7,80,47,59,11,89)( 4,63,39,37,42,81,19,49,67,
         24,28,72,10,75,54,52,16,87)( 6,56,46,30,51,77,26,40,74,17,35,65,14,
         70,61,45,21,85)( 9,50,53,25,57,73,31,34,78,13,41,60,18,64,66,38,27,82
         ) ], 
  [ ( 1, 2)( 3, 6, 4, 7, 5)( 8,10,12,14,16, 9,11,13,15), 
      ( 1,68,33,58,12,90, 8,86,20,43, 5,88, 3,79,48,71,23,83)( 2,55,47,44,22,
         89,15,80,32,29,11,84, 7,69,62,59,36,76)( 4,49,54,37,28,87,19,75,39,
         24,16,81,10,63,67,52,42,72)( 6,40,61,30,35,85,26,70,46,17,21,77,14,
         56,74,45,51,65)( 9,34,66,25,41,82,31,64,53,13,27,73,18,50,78,38,57,60
         ) ], 
  [ ( 1, 2)( 3, 4, 5, 6, 7)( 8,13, 9,14,10,15,11,16,12), 
      ( 1,80,48,44, 5,76, 8,69,33,29,23,89, 3,55,20,59,12,84)( 2,70,62,30,11,
         65,15,56,47,17,36,85, 7,40,32,45,22,77)( 4,64,67,25,16,60,19,50,54,
         13,42,82,10,34,39,38,28,73)( 6,57,74,18,21,53,26,41,61, 9,51,78,14,
         27,46,31,35,66)(24,86,87,58,49,83,52,79,81,43,75,90,37,68,72,71,63,88
         ) ], 
  [ ( 1, 2)( 3, 4, 5, 6, 7)( 8,16,15,14,13,12,11,10, 9), 
      ( 1,69,20,44,23,84, 8,55,48,29,12,76, 3,80,33,59, 5,89)( 2,56,32,30,36,
         77,15,40,62,17,22,65, 7,70,47,45,11,85)( 4,50,39,25,42,73,19,34,67,
         13,28,60,10,64,54,38,16,82)( 6,41,46,18,51,66,26,27,74, 9,35,53,14,
         57,61,31,21,78)(24,79,72,58,75,88,52,68,87,43,63,83,37,86,81,71,49,90
         ) ], 
  [ ( 1, 2)( 3, 4, 5, 6, 7)( 8,10,12,14,16, 9,11,13,15), 
      ( 1,55,33,44,12,89, 8,80,20,29, 5,84, 3,69,48,59,23,76)( 2,40,47,30,22,
         85,15,70,32,17,11,77, 7,56,62,45,36,65)( 4,34,54,25,28,82,19,64,39,
         13,16,73,10,50,67,38,42,60)( 6,27,61,18,35,78,26,57,46, 9,21,66,14,
         41,74,31,51,53)(24,68,81,58,63,90,52,86,72,43,49,88,37,79,87,71,75,83
         ) ], 
  [ ( 1, 2)( 3, 7, 6, 5, 4)( 8,13, 9,14,10,15,11,16,12), 
      ( 1,70,48,30, 5,65, 8,56,33,17,23,85, 3,40,20,45,12,77)( 2,57,62,18,11,
         53,15,41,47, 9,36,78, 7,27,32,31,22,66)( 4,51,67,14,16,46,19,35,54,
          6,42,74,10,21,39,26,28,61)(13,86,82,58,34,83,38,79,73,43,64,90,25,
         68,60,71,50,88)(24,80,87,44,49,76,52,69,81,29,75,89,37,55,72,59,63,84
         ) ], 
  [ ( 1, 2)( 3, 7, 6, 5, 4)( 8,16,15,14,13,12,11,10, 9), 
      ( 1,56,20,30,23,77, 8,40,48,17,12,65, 3,70,33,45, 5,85)( 2,41,32,18,36,
         66,15,27,62, 9,22,53, 7,57,47,31,11,78)( 4,35,39,14,42,61,19,21,67,
          6,28,46,10,51,54,26,16,74)(13,79,60,58,64,88,38,68,82,43,50,83,25,
         86,73,71,34,90)(24,69,72,44,75,84,52,55,87,29,63,76,37,80,81,59,49,89
         ) ], 
  [ ( 1, 2)( 3, 7, 6, 5, 4)( 8,10,12,14,16, 9,11,13,15), 
      ( 1,40,33,30,12,85, 8,70,20,17, 5,77, 3,56,48,45,23,65)( 2,27,47,18,22,
         78,15,57,32, 9,11,66, 7,41,62,31,36,53)( 4,21,54,14,28,74,19,51,39,
          6,16,61,10,35,67,26,42,46)(13,68,73,58,50,90,38,86,60,43,34,88,25,
         79,82,71,64,83)(24,55,81,44,63,89,52,80,72,29,49,84,37,69,87,59,75,76
         ) ], 
  [ ( 1, 2)( 3, 5, 7, 4, 6)( 8,13, 9,14,10,15,11,16,12), 
      ( 1,57,48,18, 5,53, 8,41,33, 9,23,78, 3,27,20,31,12,66)( 2,42,62,10,11,
         39,15,28,47, 4,36,67, 7,16,32,19,22,54)( 6,86,74,58,21,83,26,79,61,
         43,51,90,14,68,46,71,35,88)(13,80,82,44,34,76,38,69,73,29,64,89,25,
         55,60,59,50,84)(17,75,85,37,40,72,45,63,77,24,70,87,30,49,65,52,56,81
         ) ], 
  [ ( 1, 2)( 3, 5, 7, 4, 6)( 8,16,15,14,13,12,11,10, 9), 
      ( 1,41,20,18,23,66, 8,27,48, 9,12,53, 3,57,33,31, 5,78)( 2,28,32,10,36,
         54,15,16,62, 4,22,39, 7,42,47,19,11,67)( 6,79,46,58,51,88,26,68,74,
         43,35,83,14,86,61,71,21,90)(13,69,60,44,64,84,38,55,82,29,50,76,25,
         80,73,59,34,89)(17,63,65,37,70,81,45,49,85,24,56,72,30,75,77,52,40,87
         ) ], 
  [ ( 1, 2)( 3, 5, 7, 4, 6)( 8,10,12,14,16, 9,11,13,15), 
      ( 1,27,33,18,12,78, 8,57,20, 9, 5,66, 3,41,48,31,23,53)( 2,16,47,10,22,
         67,15,42,32, 4,11,54, 7,28,62,19,36,39)( 6,68,61,58,35,90,26,86,46,
         43,21,88,14,79,74,71,51,83)(13,55,73,44,50,89,38,80,60,29,34,84,25,
         69,82,59,64,76)(17,49,77,37,56,87,45,75,65,24,40,81,30,63,85,52,70,72
         ) ] ]
);

BRACES[90].brace[2] := rec ( size := 90, perms :=
[ [ (), () ], 
  [ ( 8,11,14)( 9,12,15)(10,13,16), ( 8,11,14)( 9,12,15)(10,13,16) ], 
  [ ( 8,14,11)( 9,15,12)(10,16,13), ( 8,14,11)( 9,15,12)(10,16,13) ], 
  [ (3,6,4,7,5), (3,5,7,4,6) ], 
  [ ( 3, 6, 4, 7, 5)( 8,11,14)( 9,12,15)(10,13,16), 
      ( 3, 5, 7, 4, 6)( 8,11,14)( 9,12,15)(10,13,16) ], 
  [ ( 3, 6, 4, 7, 5)( 8,14,11)( 9,15,12)(10,16,13), 
      ( 3, 5, 7, 4, 6)( 8,14,11)( 9,15,12)(10,16,13) ], 
  [ (3,4,5,6,7), (3,7,6,5,4) ], 
  [ ( 3, 4, 5, 6, 7)( 8,11,14)( 9,12,15)(10,13,16), 
      ( 3, 7, 6, 5, 4)( 8,11,14)( 9,12,15)(10,13,16) ], 
  [ ( 3, 4, 5, 6, 7)( 8,14,11)( 9,15,12)(10,16,13), 
      ( 3, 7, 6, 5, 4)( 8,14,11)( 9,15,12)(10,16,13) ], 
  [ (3,7,6,5,4), (3,4,5,6,7) ], 
  [ ( 3, 7, 6, 5, 4)( 8,11,14)( 9,12,15)(10,13,16), 
      ( 3, 4, 5, 6, 7)( 8,11,14)( 9,12,15)(10,13,16) ], 
  [ ( 3, 7, 6, 5, 4)( 8,14,11)( 9,15,12)(10,16,13), 
      ( 3, 4, 5, 6, 7)( 8,14,11)( 9,15,12)(10,16,13) ], 
  [ (3,5,7,4,6), (3,6,4,7,5) ], 
  [ ( 3, 5, 7, 4, 6)( 8,11,14)( 9,12,15)(10,13,16), 
      ( 3, 6, 4, 7, 5)( 8,11,14)( 9,12,15)(10,13,16) ], 
  [ ( 3, 5, 7, 4, 6)( 8,14,11)( 9,15,12)(10,16,13), 
      ( 3, 6, 4, 7, 5)( 8,14,11)( 9,15,12)(10,16,13) ], 
  [ ( 8,15,13,11, 9,16,14,12,10), ( 8,15,13,11, 9,16,14,12,10) ], 
  [ ( 8, 9,10,11,12,13,14,15,16), ( 8, 9,10,11,12,13,14,15,16) ], 
  [ ( 8,12,16,11,15,10,14, 9,13), ( 8,12,16,11,15,10,14, 9,13) ], 
  [ ( 3, 6, 4, 7, 5)( 8,15,13,11, 9,16,14,12,10), 
      ( 3, 5, 7, 4, 6)( 8,15,13,11, 9,16,14,12,10) ], 
  [ ( 3, 6, 4, 7, 5)( 8, 9,10,11,12,13,14,15,16), 
      ( 3, 5, 7, 4, 6)( 8, 9,10,11,12,13,14,15,16) ], 
  [ ( 3, 6, 4, 7, 5)( 8,12,16,11,15,10,14, 9,13), 
      ( 3, 5, 7, 4, 6)( 8,12,16,11,15,10,14, 9,13) ], 
  [ ( 3, 4, 5, 6, 7)( 8,15,13,11, 9,16,14,12,10), 
      ( 3, 7, 6, 5, 4)( 8,15,13,11, 9,16,14,12,10) ], 
  [ ( 3, 4, 5, 6, 7)( 8, 9,10,11,12,13,14,15,16), 
      ( 3, 7, 6, 5, 4)( 8, 9,10,11,12,13,14,15,16) ], 
  [ ( 3, 4, 5, 6, 7)( 8,12,16,11,15,10,14, 9,13), 
      ( 3, 7, 6, 5, 4)( 8,12,16,11,15,10,14, 9,13) ], 
  [ ( 3, 7, 6, 5, 4)( 8,15,13,11, 9,16,14,12,10), 
      ( 3, 4, 5, 6, 7)( 8,15,13,11, 9,16,14,12,10) ], 
  [ ( 3, 7, 6, 5, 4)( 8, 9,10,11,12,13,14,15,16), 
      ( 3, 4, 5, 6, 7)( 8, 9,10,11,12,13,14,15,16) ], 
  [ ( 3, 7, 6, 5, 4)( 8,12,16,11,15,10,14, 9,13), 
      ( 3, 4, 5, 6, 7)( 8,12,16,11,15,10,14, 9,13) ], 
  [ ( 3, 5, 7, 4, 6)( 8,15,13,11, 9,16,14,12,10), 
      ( 3, 6, 4, 7, 5)( 8,15,13,11, 9,16,14,12,10) ], 
  [ ( 3, 5, 7, 4, 6)( 8, 9,10,11,12,13,14,15,16), 
      ( 3, 6, 4, 7, 5)( 8, 9,10,11,12,13,14,15,16) ], 
  [ ( 3, 5, 7, 4, 6)( 8,12,16,11,15,10,14, 9,13), 
      ( 3, 6, 4, 7, 5)( 8,12,16,11,15,10,14, 9,13) ], 
  [ ( 8,13, 9,14,10,15,11,16,12), ( 8,16,15,14,13,12,11,10, 9) ], 
  [ ( 8,16,15,14,13,12,11,10, 9), ( 8,10,12,14,16, 9,11,13,15) ], 
  [ ( 8,10,12,14,16, 9,11,13,15), ( 8,13, 9,14,10,15,11,16,12) ], 
  [ ( 3, 6, 4, 7, 5)( 8,13, 9,14,10,15,11,16,12), 
      ( 3, 5, 7, 4, 6)( 8,16,15,14,13,12,11,10, 9) ], 
  [ ( 3, 6, 4, 7, 5)( 8,16,15,14,13,12,11,10, 9), 
      ( 3, 5, 7, 4, 6)( 8,10,12,14,16, 9,11,13,15) ], 
  [ ( 3, 6, 4, 7, 5)( 8,10,12,14,16, 9,11,13,15), 
      ( 3, 5, 7, 4, 6)( 8,13, 9,14,10,15,11,16,12) ], 
  [ ( 3, 4, 5, 6, 7)( 8,13, 9,14,10,15,11,16,12), 
      ( 3, 7, 6, 5, 4)( 8,16,15,14,13,12,11,10, 9) ], 
  [ ( 3, 4, 5, 6, 7)( 8,16,15,14,13,12,11,10, 9), 
      ( 3, 7, 6, 5, 4)( 8,10,12,14,16, 9,11,13,15) ], 
  [ ( 3, 4, 5, 6, 7)( 8,10,12,14,16, 9,11,13,15), 
      ( 3, 7, 6, 5, 4)( 8,13, 9,14,10,15,11,16,12) ], 
  [ ( 3, 7, 6, 5, 4)( 8,13, 9,14,10,15,11,16,12), 
      ( 3, 4, 5, 6, 7)( 8,16,15,14,13,12,11,10, 9) ], 
  [ ( 3, 7, 6, 5, 4)( 8,16,15,14,13,12,11,10, 9), 
      ( 3, 4, 5, 6, 7)( 8,10,12,14,16, 9,11,13,15) ], 
  [ ( 3, 7, 6, 5, 4)( 8,10,12,14,16, 9,11,13,15), 
      ( 3, 4, 5, 6, 7)( 8,13, 9,14,10,15,11,16,12) ], 
  [ ( 3, 5, 7, 4, 6)( 8,13, 9,14,10,15,11,16,12), 
      ( 3, 6, 4, 7, 5)( 8,16,15,14,13,12,11,10, 9) ], 
  [ ( 3, 5, 7, 4, 6)( 8,16,15,14,13,12,11,10, 9), 
      ( 3, 6, 4, 7, 5)( 8,10,12,14,16, 9,11,13,15) ], 
  [ ( 3, 5, 7, 4, 6)( 8,10,12,14,16, 9,11,13,15), 
      ( 3, 6, 4, 7, 5)( 8,13, 9,14,10,15,11,16,12) ], [ (1,2), (1,2) ], 
  [ ( 1, 2)( 8,11,14)( 9,12,15)(10,13,16), 
      ( 1, 2)( 8,11,14)( 9,12,15)(10,13,16) ], 
  [ ( 1, 2)( 8,14,11)( 9,15,12)(10,16,13), 
      ( 1, 2)( 8,14,11)( 9,15,12)(10,16,13) ], 
  [ (1,2)(3,6,4,7,5), (1,2)(3,5,7,4,6) ], 
  [ ( 1, 2)( 3, 6, 4, 7, 5)( 8,11,14)( 9,12,15)(10,13,16), 
      ( 1, 2)( 3, 5, 7, 4, 6)( 8,11,14)( 9,12,15)(10,13,16) ], 
  [ ( 1, 2)( 3, 6, 4, 7, 5)( 8,14,11)( 9,15,12)(10,16,13), 
      ( 1, 2)( 3, 5, 7, 4, 6)( 8,14,11)( 9,15,12)(10,16,13) ], 
  [ (1,2)(3,4,5,6,7), (1,2)(3,7,6,5,4) ], 
  [ ( 1, 2)( 3, 4, 5, 6, 7)( 8,11,14)( 9,12,15)(10,13,16), 
      ( 1, 2)( 3, 7, 6, 5, 4)( 8,11,14)( 9,12,15)(10,13,16) ], 
  [ ( 1, 2)( 3, 4, 5, 6, 7)( 8,14,11)( 9,15,12)(10,16,13), 
      ( 1, 2)( 3, 7, 6, 5, 4)( 8,14,11)( 9,15,12)(10,16,13) ], 
  [ (1,2)(3,7,6,5,4), (1,2)(3,4,5,6,7) ], 
  [ ( 1, 2)( 3, 7, 6, 5, 4)( 8,11,14)( 9,12,15)(10,13,16), 
      ( 1, 2)( 3, 4, 5, 6, 7)( 8,11,14)( 9,12,15)(10,13,16) ], 
  [ ( 1, 2)( 3, 7, 6, 5, 4)( 8,14,11)( 9,15,12)(10,16,13), 
      ( 1, 2)( 3, 4, 5, 6, 7)( 8,14,11)( 9,15,12)(10,16,13) ], 
  [ (1,2)(3,5,7,4,6), (1,2)(3,6,4,7,5) ], 
  [ ( 1, 2)( 3, 5, 7, 4, 6)( 8,11,14)( 9,12,15)(10,13,16), 
      ( 1, 2)( 3, 6, 4, 7, 5)( 8,11,14)( 9,12,15)(10,13,16) ], 
  [ ( 1, 2)( 3, 5, 7, 4, 6)( 8,14,11)( 9,15,12)(10,16,13), 
      ( 1, 2)( 3, 6, 4, 7, 5)( 8,14,11)( 9,15,12)(10,16,13) ], 
  [ ( 1, 2)( 8,15,13,11, 9,16,14,12,10), ( 1, 2)( 8,15,13,11, 9,16,14,12,10) ]
    , 
  [ ( 1, 2)( 8, 9,10,11,12,13,14,15,16), ( 1, 2)( 8, 9,10,11,12,13,14,15,16) ]
    , 
  [ ( 1, 2)( 8,12,16,11,15,10,14, 9,13), ( 1, 2)( 8,12,16,11,15,10,14, 9,13) ]
    , 
  [ ( 1, 2)( 3, 6, 4, 7, 5)( 8,15,13,11, 9,16,14,12,10), 
      ( 1, 2)( 3, 5, 7, 4, 6)( 8,15,13,11, 9,16,14,12,10) ], 
  [ ( 1, 2)( 3, 6, 4, 7, 5)( 8, 9,10,11,12,13,14,15,16), 
      ( 1, 2)( 3, 5, 7, 4, 6)( 8, 9,10,11,12,13,14,15,16) ], 
  [ ( 1, 2)( 3, 6, 4, 7, 5)( 8,12,16,11,15,10,14, 9,13), 
      ( 1, 2)( 3, 5, 7, 4, 6)( 8,12,16,11,15,10,14, 9,13) ], 
  [ ( 1, 2)( 3, 4, 5, 6, 7)( 8,15,13,11, 9,16,14,12,10), 
      ( 1, 2)( 3, 7, 6, 5, 4)( 8,15,13,11, 9,16,14,12,10) ], 
  [ ( 1, 2)( 3, 4, 5, 6, 7)( 8, 9,10,11,12,13,14,15,16), 
      ( 1, 2)( 3, 7, 6, 5, 4)( 8, 9,10,11,12,13,14,15,16) ], 
  [ ( 1, 2)( 3, 4, 5, 6, 7)( 8,12,16,11,15,10,14, 9,13), 
      ( 1, 2)( 3, 7, 6, 5, 4)( 8,12,16,11,15,10,14, 9,13) ], 
  [ ( 1, 2)( 3, 7, 6, 5, 4)( 8,15,13,11, 9,16,14,12,10), 
