BRACES[74] := rec( total := -1, implemented := 2, size := 74, brace := [] );BRACES[74].brace[1] := rec ( size := 74, perms := [ [  (),  (),  
], [  (1, 38)(2, 39)(3, 40)(4, 41)(5, 42)(6, 43)(7, 44)(8, 45)(9, 46)(10, 47)(11, 48)(12, 49)(13, 50)(14, 51)(15, 52)(16, 53)(17, 54)(18, 
55)(19, 56)(20, 57)(21, 58)(22, 59)(23, 60)(24, 61)(25, 62)(26, 63)(27, 64)(28, 65)(29, 66)(30, 67)(31, 68)(32, 69)(33, 70)(34, 71)(35, 
72)(36, 73)(37, 74),  (1, 38)(2, 39)(3, 40)(4, 41)(5, 42)(6, 43)(7, 44)(8, 45)(9, 46)(10, 47)(11, 48)(12, 49)(13, 50)(14, 51)(15, 52)(16, 
53)(17, 54)(18, 55)(19, 56)(20, 57)(21, 58)(22, 59)(23, 60)(24, 61)(25, 62)(26, 63)(27, 64)(28, 65)(29, 66)(30, 67)(31, 68)(32, 69)(33, 
70)(34, 71)(35, 72)(36, 73)(37, 74),  ], [  (1, 24, 10, 33, 19, 5, 28, 14, 37, 23, 9, 32, 18, 4, 27, 13, 36, 22, 8, 31, 17, 3, 26, 12, 35, 21,
7, 30, 16, 2, 25, 11, 34, 20, 6, 29, 15)(38, 61, 47, 70, 56, 42, 65, 51, 74, 60, 46, 69, 55, 41, 64, 50, 73, 59, 45, 68, 54, 40, 63, 49, 72, 
58, 44, 67, 53, 39, 62, 48, 71, 57, 43, 66, 52),  (1, 15, 29, 6, 20, 34, 11, 25, 2, 16, 30, 7, 21, 35, 12, 26, 3, 17, 31, 8, 22, 36, 13, 27, 
4, 18, 32, 9, 23, 37, 14, 28, 5, 19, 33, 10, 24)(38, 52, 66, 43, 57, 71, 48, 62, 39, 53, 67, 44, 58, 72, 49, 63, 40, 54, 68, 45, 59, 73, 50, 
64, 41, 55, 69, 46, 60, 74, 51, 65, 42, 56, 70, 47, 61),  ], [  (1, 15, 29, 6, 20, 34, 11, 25, 2, 16, 30, 7, 21, 35, 12, 26, 3, 17, 31, 8, 22,
36, 13, 27, 4, 18, 32, 9, 23, 37, 14, 28, 5, 19, 33, 10, 24)(38, 52, 66, 43, 57, 71, 48, 62, 39, 53, 67, 44, 58, 72, 49, 63, 40, 54, 68, 45, 
59, 73, 50, 64, 41, 55, 69, 46, 60, 74, 51, 65, 42, 56, 70, 47, 61),  (1, 24, 10, 33, 19, 5, 28, 14, 37, 23, 9, 32, 18, 4, 27, 13, 36, 22, 8, 
31, 17, 3, 26, 12, 35, 21, 7, 30, 16, 2, 25, 11, 34, 20, 6, 29, 15)(38, 61, 47, 70, 56, 42, 65, 51, 74, 60, 46, 69, 55, 41, 64, 50, 73, 59, 
45, 68, 54, 40, 63, 49, 72, 58, 44, 67, 53, 39, 62, 48, 71, 57, 43, 66, 52),  ], [  (1, 61, 10, 70, 19, 42, 28, 51, 37, 60, 9, 69, 18, 41, 27,
50, 36, 59, 8, 68, 17, 40, 26, 49, 35, 58, 7, 67, 16, 39, 25, 48, 34, 57, 6, 66, 15, 38, 24, 47, 33, 56, 5, 65, 14, 74, 23, 46, 32, 55, 4, 64,
13, 73, 22, 45, 31, 54, 3, 63, 12, 72, 21, 44, 30, 53, 2, 62, 11, 71, 20, 43, 29, 52),  (1, 52, 29, 43, 20, 71, 11, 62, 2, 53, 30, 44, 21, 72,
12, 63, 3, 54, 31, 45, 22, 73, 13, 64, 4, 55, 32, 46, 23, 74, 14, 65, 5, 56, 33, 47, 24, 38, 15, 66, 6, 57, 34, 48, 25, 39, 16, 67, 7, 58, 35,
49, 26, 40, 17, 68, 8, 59, 36, 50, 27, 41, 18, 69, 9, 60, 37, 51, 28, 42, 19, 70, 10, 61),  ], [  (1, 52, 29, 43, 20, 71, 11, 62, 2, 53, 30, 
44, 21, 72, 12, 63, 3, 54, 31, 45, 22, 73, 13, 64, 4, 55, 32, 46, 23, 74, 14, 65, 5, 56, 33, 47, 24, 38, 15, 66, 6, 57, 34, 48, 25, 39, 16, 
67, 7, 58, 35, 49, 26, 40, 17, 68, 8, 59, 36, 50, 27, 41, 18, 69, 9, 60, 37, 51, 28, 42, 19, 70, 10, 61),  (1, 61, 10, 70, 19, 42, 28, 51, 37,
60, 9, 69, 18, 41, 27, 50, 36, 59, 8, 68, 17, 40, 26, 49, 35, 58, 7, 67, 16, 39, 25, 48, 34, 57, 6, 66, 15, 38, 24, 47, 33, 56, 5, 65, 14, 74,
23, 46, 32, 55, 4, 64, 13, 73, 22, 45, 31, 54, 3, 63, 12, 72, 21, 44, 30, 53, 2, 62, 11, 71, 20, 43, 29, 52),  ], [  (1, 10, 19, 28, 37, 9, 
18, 27, 36, 8, 17, 26, 35, 7, 16, 25, 34, 6, 15, 24, 33, 5, 14, 23, 32, 4, 13, 22, 31, 3, 12, 21, 30, 2, 11, 20, 29)(38, 47, 56, 65, 74, 46, 
55, 64, 73, 45, 54, 63, 72, 44, 53, 62, 71, 43, 52, 61, 70, 42, 51, 60, 69, 41, 50, 59, 68, 40, 49, 58, 67, 39, 48, 57, 66),  (1, 29, 20, 11, 
2, 30, 21, 12, 3, 31, 22, 13, 4, 32, 23, 14, 5, 33, 24, 15, 6, 34, 25, 16, 7, 35, 26, 17, 8, 36, 27, 18, 9, 37, 28, 19, 10)(38, 66, 57, 48, 
39, 67, 58, 49, 40, 68, 59, 50, 41, 69, 60, 51, 42, 70, 61, 52, 43, 71, 62, 53, 44, 72, 63, 54, 45, 73, 64, 55, 46, 74, 65, 56, 47),  ], [  
(1, 29, 20, 11, 2, 30, 21, 12, 3, 31, 22, 13, 4, 32, 23, 14, 5, 33, 24, 15, 6, 34, 25, 16, 7, 35, 26, 17, 8, 36, 27, 18, 9, 37, 28, 19, 
10)(38, 66, 57, 48, 39, 67, 58, 49, 40, 68, 59, 50, 41, 69, 60, 51, 42, 70, 61, 52, 43, 71, 62, 53, 44, 72, 63, 54, 45, 73, 64, 55, 46, 74, 
65, 56, 47),  (1, 10, 19, 28, 37, 9, 18, 27, 36, 8, 17, 26, 35, 7, 16, 25, 34, 6, 15, 24, 33, 5, 14, 23, 32, 4, 13, 22, 31, 3, 12, 21, 30, 2, 
11, 20, 29)(38, 47, 56, 65, 74, 46, 55, 64, 73, 45, 54, 63, 72, 44, 53, 62, 71, 43, 52, 61, 70, 42, 51, 60, 69, 41, 50, 59, 68, 40, 49, 58, 
67, 39, 48, 57, 66),  ], [  (1, 47, 19, 65, 37, 46, 18, 64, 36, 45, 17, 63, 35, 44, 16, 62, 34, 43, 15, 61, 33, 42, 14, 60, 32, 41, 13, 59, 
31, 40, 12, 58, 30, 39, 11, 57, 29, 38, 10, 56, 28, 74, 9, 55, 27, 73, 8, 54, 26, 72, 7, 53, 25, 71, 6, 52, 24, 70, 5, 51, 23, 69, 4, 50, 22, 
68, 3, 49, 21, 67, 2, 48, 20, 66),  (1, 66, 20, 48, 2, 67, 21, 49, 3, 68, 22, 50, 4, 69, 23, 51, 5, 70, 24, 52, 6, 71, 25, 53, 7, 72, 26, 54, 
8, 73, 27, 55, 9, 74, 28, 56, 10, 38, 29, 57, 11, 39, 30, 58, 12, 40, 31, 59, 13, 41, 32, 60, 14, 42, 33, 61, 15, 43, 34, 62, 16, 44, 35, 63, 
17, 45, 36, 64, 18, 46, 37, 65, 19, 47),  ], [  (1, 66, 20, 48, 2, 67, 21, 49, 3, 68, 22, 50, 4, 69, 23, 51, 5, 70, 24, 52, 6, 71, 25, 53, 7, 
72, 26, 54, 8, 73, 27, 55, 9, 74, 28, 56, 10, 38, 29, 57, 11, 39, 30, 58, 12, 40, 31, 59, 13, 41, 32, 60, 14, 42, 33, 61, 15, 43, 34, 62, 16, 
44, 35, 63, 17, 45, 36, 64, 18, 46, 37, 65, 19, 47),  (1, 47, 19, 65, 37, 46, 18, 64, 36, 45, 17, 63, 35, 44, 16, 62, 34, 43, 15, 61, 33, 42, 
14, 60, 32, 41, 13, 59, 31, 40, 12, 58, 30, 39, 11, 57, 29, 38, 10, 56, 28, 74, 9, 55, 27, 73, 8, 54, 26, 72, 7, 53, 25, 71, 6, 52, 24, 70, 5,
51, 23, 69, 4, 50, 22, 68, 3, 49, 21, 67, 2, 48, 20, 66),  ], [  (1, 33, 28, 23, 18, 13, 8, 3, 35, 30, 25, 20, 15, 10, 5, 37, 32, 27, 22, 17, 
12, 7, 2, 34, 29, 24, 19, 14, 9, 4, 36, 31, 26, 21, 16, 11, 6)(38, 70, 65, 60, 55, 50, 45, 40, 72, 67, 62, 57, 52, 47, 42, 74, 69, 64, 59, 54,
49, 44, 39, 71, 66, 61, 56, 51, 46, 41, 73, 68, 63, 58, 53, 48, 43),  (1, 6, 11, 16, 21, 26, 31, 36, 4, 9, 14, 19, 24, 29, 34, 2, 7, 12, 17, 
22, 27, 32, 37, 5, 10, 15, 20, 25, 30, 35, 3, 8, 13, 18, 23, 28, 33)(38, 43, 48, 53, 58, 63, 68, 73, 41, 46, 51, 56, 61, 66, 71, 39, 44, 49, 
54, 59, 64, 69, 74, 42, 47, 52, 57, 62, 67, 72, 40, 45, 50, 55, 60, 65, 70),  ], [  (1, 6, 11, 16, 21, 26, 31, 36, 4, 9, 14, 19, 24, 29, 34, 
2, 7, 12, 17, 22, 27, 32, 37, 5, 10, 15, 20, 25, 30, 35, 3, 8, 13, 18, 23, 28, 33)(38, 43, 48, 53, 58, 63, 68, 73, 41, 46, 51, 56, 61, 66, 71,
39, 44, 49, 54, 59, 64, 69, 74, 42, 47, 52, 57, 62, 67, 72, 40, 45, 50, 55, 60, 65, 70),  (1, 33, 28, 23, 18, 13, 8, 3, 35, 30, 25, 20, 15, 
10, 5, 37, 32, 27, 22, 17, 12, 7, 2, 34, 29, 24, 19, 14, 9, 4, 36, 31, 26, 21, 16, 11, 6)(38, 70, 65, 60, 55, 50, 45, 40, 72, 67, 62, 57, 52, 
47, 42, 74, 69, 64, 59, 54, 49, 44, 39, 71, 66, 61, 56, 51, 46, 41, 73, 68, 63, 58, 53, 48, 43),  ], [  (1, 70, 28, 60, 18, 50, 8, 40, 35, 67,
25, 57, 15, 47, 5, 74, 32, 64, 22, 54, 12, 44, 2, 71, 29, 61, 19, 51, 9, 41, 36, 68, 26, 58, 16, 48, 6, 38, 33, 65, 23, 55, 13, 45, 3, 72, 30,
62, 20, 52, 10, 42, 37, 69, 27, 59, 17, 49, 7, 39, 34, 66, 24, 56, 14, 46, 4, 73, 31, 63, 21, 53, 11, 43),  (1, 43, 11, 53, 21, 63, 31, 73, 4,
46, 14, 56, 24, 66, 34, 39, 7, 49, 17, 59, 27, 69, 37, 42, 10, 52, 20, 62, 30, 72, 3, 45, 13, 55, 23, 65, 33, 38, 6, 48, 16, 58, 26, 68, 36, 
41, 9, 51, 19, 61, 29, 71, 2, 44, 12, 54, 22, 64, 32, 74, 5, 47, 15, 57, 25, 67, 35, 40, 8, 50, 18, 60, 28, 70),  ], [  (1, 43, 11, 53, 21, 
63, 31, 73, 4, 46, 14, 56, 24, 66, 34, 39, 7, 49, 17, 59, 27, 69, 37, 42, 10, 52, 20, 62, 30, 72, 3, 45, 13, 55, 23, 65, 33, 38, 6, 48, 16, 
58, 26, 68, 36, 41, 9, 51, 19, 61, 29, 71, 2, 44, 12, 54, 22, 64, 32, 74, 5, 47, 15, 57, 25, 67, 35, 40, 8, 50, 18, 60, 28, 70),  (1, 70, 28, 
60, 18, 50, 8, 40, 35, 67, 25, 57, 15, 47, 5, 74, 32, 64, 22, 54, 12, 44, 2, 71, 29, 61, 19, 51, 9, 41, 36, 68, 26, 58, 16, 48, 6, 38, 33, 65,
23, 55, 13, 45, 3, 72, 30, 62, 20, 52, 10, 42, 37, 69, 27, 59, 17, 49, 7, 39, 34, 66, 24, 56, 14, 46, 4, 73, 31, 63, 21, 53, 11, 43),  ], [  
(1, 19, 37, 18, 36, 17, 35, 16, 34, 15, 33, 14, 32, 13, 31, 12, 30, 11, 29, 10, 28, 9, 27, 8, 26, 7, 25, 6, 24, 5, 23, 4, 22, 3, 21, 2, 
20)(38, 56, 74, 55, 73, 54, 72, 53, 71, 52, 70, 51, 69, 50, 68, 49, 67, 48, 66, 47, 65, 46, 64, 45, 63, 44, 62, 43, 61, 42, 60, 41, 59, 40, 
58, 39, 57),  (1, 20, 2, 21, 3, 22, 4, 23, 5, 24, 6, 25, 7, 26, 8, 27, 9, 28, 10, 29, 11, 30, 12, 31, 13, 32, 14, 33, 15, 34, 16, 35, 17, 36, 
18, 37, 19)(38, 57, 39, 58, 40, 59, 41, 60, 42, 61, 43, 62, 44, 63, 45, 64, 46, 65, 47, 66, 48, 67, 49, 68, 50, 69, 51, 70, 52, 71, 53, 72, 
54, 73, 55, 74, 56),  ], [  (1, 20, 2, 21, 3, 22, 4, 23, 5, 24, 6, 25, 7, 26, 8, 27, 9, 28, 10, 29, 11, 30, 12, 31, 13, 32, 14, 33, 15, 34, 
16, 35, 17, 36, 18, 37, 19)(38, 57, 39, 58, 40, 59, 41, 60, 42, 61, 43, 62, 44, 63, 45, 64, 46, 65, 47, 66, 48, 67, 49, 68, 50, 69, 51, 70, 
52, 71, 53, 72, 54, 73, 55, 74, 56),  (1, 19, 37, 18, 36, 17, 35, 16, 34, 15, 33, 14, 32, 13, 31, 12, 30, 11, 29, 10, 28, 9, 27, 8, 26, 7, 25,
6, 24, 5, 23, 4, 22, 3, 21, 2, 20)(38, 56, 74, 55, 73, 54, 72, 53, 71, 52, 70, 51, 69, 50, 68, 49, 67, 48, 66, 47, 65, 46, 64, 45, 63, 44, 62,
43, 61, 42, 60, 41, 59, 40, 58, 39, 57),  ], [  (1, 56, 37, 55, 36, 54, 35, 53, 34, 52, 33, 51, 32, 50, 31, 49, 30, 48, 29, 47, 28, 46, 27, 
45, 26, 44, 25, 43, 24, 42, 23, 41, 22, 40, 21, 39, 20, 38, 19, 74, 18, 73, 17, 72, 16, 71, 15, 70, 14, 69, 13, 68, 12, 67, 11, 66, 10, 65, 9,
64, 8, 63, 7, 62, 6, 61, 5, 60, 4, 59, 3, 58, 2, 57),  (1, 57, 2, 58, 3, 59, 4, 60, 5, 61, 6, 62, 7, 63, 8, 64, 9, 65, 10, 66, 11, 67, 12, 68,
13, 69, 14, 70, 15, 71, 16, 72, 17, 73, 18, 74, 19, 38, 20, 39, 21, 40, 22, 41, 23, 42, 24, 43, 25, 44, 26, 45, 27, 46, 28, 47, 29, 48, 30, 
49, 31, 50, 32, 51, 33, 52, 34, 53, 35, 54, 36, 55, 37, 56),  ], [  (1, 57, 2, 58, 3, 59, 4, 60, 5, 61, 6, 62, 7, 63, 8, 64, 9, 65, 10, 66, 
11, 67, 12, 68, 13, 69, 14, 70, 15, 71, 16, 72, 17, 73, 18, 74, 19, 38, 20, 39, 21, 40, 22, 41, 23, 42, 24, 43, 25, 44, 26, 45, 27, 46, 28, 
47, 29, 48, 30, 49, 31, 50, 32, 51, 33, 52, 34, 53, 35, 54, 36, 55, 37, 56),  (1, 56, 37, 55, 36, 54, 35, 53, 34, 52, 33, 51, 32, 50, 31, 49, 
30, 48, 29, 47, 28, 46, 27, 45, 26, 44, 25, 43, 24, 42, 23, 41, 22, 40, 21, 39, 20, 38, 19, 74, 18, 73, 17, 72, 16, 71, 15, 70, 14, 69, 13, 
68, 12, 67, 11, 66, 10, 65, 9, 64, 8, 63, 7, 62, 6, 61, 5, 60, 4, 59, 3, 58, 2, 57),  ], [  (1, 5, 9, 13, 17, 21, 25, 29, 33, 37, 4, 8, 12, 
16, 20, 24, 28, 32, 36, 3, 7, 11, 15, 19, 23, 27, 31, 35, 2, 6, 10, 14, 18, 22, 26, 30, 34)(38, 42, 46, 50, 54, 58, 62, 66, 70, 74, 41, 45, 
49, 53, 57, 61, 65, 69, 73, 40, 44, 48, 52, 56, 60, 64, 68, 72, 39, 43, 47, 51, 55, 59, 63, 67, 71),  (1, 34, 30, 26, 22, 18, 14, 10, 6, 2, 
35, 31, 27, 23, 19, 15, 11, 7, 3, 36, 32, 28, 24, 20, 16, 12, 8, 4, 37, 33, 29, 25, 21, 17, 13, 9, 5)(38, 71, 67, 63, 59, 55, 51, 47, 43, 39, 
72, 68, 64, 60, 56, 52, 48, 44, 40, 73, 69, 65, 61, 57, 53, 49, 45, 41, 74, 70, 66, 62, 58, 54, 50, 46, 42),  ], [  (1, 34, 30, 26, 22, 18, 
14, 10, 6, 2, 35, 31, 27, 23, 19, 15, 11, 7, 3, 36, 32, 28, 24, 20, 16, 12, 8, 4, 37, 33, 29, 25, 21, 17, 13, 9, 5)(38, 71, 67, 63, 59, 55, 
51, 47, 43, 39, 72, 68, 64, 60, 56, 52, 48, 44, 40, 73, 69, 65, 61, 57, 53, 49, 45, 41, 74, 70, 66, 62, 58, 54, 50, 46, 42),  (1, 5, 9, 13, 
17, 21, 25, 29, 33, 37, 4, 8, 12, 16, 20, 24, 28, 32, 36, 3, 7, 11, 15, 19, 23, 27, 31, 35, 2, 6, 10, 14, 18, 22, 26, 30, 34)(38, 42, 46, 50, 
54, 58, 62, 66, 70, 74, 41, 45, 49, 53, 57, 61, 65, 69, 73, 40, 44, 48, 52, 56, 60, 64, 68, 72, 39, 43, 47, 51, 55, 59, 63, 67, 71),  ], [  
(1, 42, 9, 50, 17, 58, 25, 66, 33, 74, 4, 45, 12, 53, 20, 61, 28, 69, 36, 40, 7, 48, 15, 56, 23, 64, 31, 72, 2, 43, 10, 51, 18, 59, 26, 67, 
34, 38, 5, 46, 13, 54, 21, 62, 29, 70, 37, 41, 8, 49, 16, 57, 24, 65, 32, 73, 3, 44, 11, 52, 19, 60, 27, 68, 35, 39, 6, 47, 14, 55, 22, 63, 
30, 71),  (1, 71, 30, 63, 22, 55, 14, 47, 6, 39, 35, 68, 27, 60, 19, 52, 11, 44, 3, 73, 32, 65, 24, 57, 16, 49, 8, 41, 37, 70, 29, 62, 21, 54,
13, 46, 5, 38, 34, 67, 26, 59, 18, 51, 10, 43, 2, 72, 31, 64, 23, 56, 15, 48, 7, 40, 36, 69, 28, 61, 20, 53, 12, 45, 4, 74, 33, 66, 25, 58, 
17, 50, 9, 42),  ], [  (1, 71, 30, 63, 22, 55, 14, 47, 6, 39, 35, 68, 27, 60, 19, 52, 11, 44, 3, 73, 32, 65, 24, 57, 16, 49, 8, 41, 37, 70, 
29, 62, 21, 54, 13, 46, 5, 38, 34, 67, 26, 59, 18, 51, 10, 43, 2, 72, 31, 64, 23, 56, 15, 48, 7, 40, 36, 69, 28, 61, 20, 53, 12, 45, 4, 74, 
33, 66, 25, 58, 17, 50, 9, 42),  (1, 42, 9, 50, 17, 58, 25, 66, 33, 74, 4, 45, 12, 53, 20, 61, 28, 69, 36, 40, 7, 48, 15, 56, 23, 64, 31, 72, 
2, 43, 10, 51, 18, 59, 26, 67, 34, 38, 5, 46, 13, 54, 21, 62, 29, 70, 37, 41, 8, 49, 16, 57, 24, 65, 32, 73, 3, 44, 11, 52, 19, 60, 27, 68, 
35, 39, 6, 47, 14, 55, 22, 63, 30, 71),  ], [  (1, 28, 18, 8, 35, 25, 15, 5, 32, 22, 12, 2, 29, 19, 9, 36, 26, 16, 6, 33, 23, 13, 3, 30, 20, 
10, 37, 27, 17, 7, 34, 24, 14, 4, 31, 21, 11)(38, 65, 55, 45, 72, 62, 52, 42, 69, 59, 49, 39, 66, 56, 46, 73, 63, 53, 43, 70, 60, 50, 40, 67, 
57, 47, 74, 64, 54, 44, 71, 61, 51, 41, 68, 58, 48),  (1, 11, 21, 31, 4, 14, 24, 34, 7, 17, 27, 37, 10, 20, 30, 3, 13, 23, 33, 6, 16, 26, 36, 
9, 19, 29, 2, 12, 22, 32, 5, 15, 25, 35, 8, 18, 28)(38, 48, 58, 68, 41, 51, 61, 71, 44, 54, 64, 74, 47, 57, 67, 40, 50, 60, 70, 43, 53, 63, 
73, 46, 56, 66, 39, 49, 59, 69, 42, 52, 62, 72, 45, 55, 65),  ], [  (1, 11, 21, 31, 4, 14, 24, 34, 7, 17, 27, 37, 10, 20, 30, 3, 13, 23, 33, 
6, 16, 26, 36, 9, 19, 29, 2, 12, 22, 32, 5, 15, 25, 35, 8, 18, 28)(38, 48, 58, 68, 41, 51, 61, 71, 44, 54, 64, 74, 47, 57, 67, 40, 50, 60, 70,
43, 53, 63, 73, 46, 56, 66, 39, 49, 59, 69, 42, 52, 62, 72, 45, 55, 65),  (1, 28, 18, 8, 35, 25, 15, 5, 32, 22, 12, 2, 29, 19, 9, 36, 26, 16, 
6, 33, 23, 13, 3, 30, 20, 10, 37, 27, 17, 7, 34, 24, 14, 4, 31, 21, 11)(38, 65, 55, 45, 72, 62, 52, 42, 69, 59, 49, 39, 66, 56, 46, 73, 63, 
53, 43, 70, 60, 50, 40, 67, 57, 47, 74, 64, 54, 44, 71, 61, 51, 41, 68, 58, 48),  ], [  (1, 65, 18, 45, 35, 62, 15, 42, 32, 59, 12, 39, 29, 
56, 9, 73, 26, 53, 6, 70, 23, 50, 3, 67, 20, 47, 37, 64, 17, 44, 34, 61, 14, 41, 31, 58, 11, 38, 28, 55, 8, 72, 25, 52, 5, 69, 22, 49, 2, 66, 
19, 46, 36, 63, 16, 43, 33, 60, 13, 40, 30, 57, 10, 74, 27, 54, 7, 71, 24, 51, 4, 68, 21, 48),  (1, 48, 21, 68, 4, 51, 24, 71, 7, 54, 27, 74, 
10, 57, 30, 40, 13, 60, 33, 43, 16, 63, 36, 46, 19, 66, 2, 49, 22, 69, 5, 52, 25, 72, 8, 55, 28, 38, 11, 58, 31, 41, 14, 61, 34, 44, 17, 64, 
37, 47, 20, 67, 3, 50, 23, 70, 6, 53, 26, 73, 9, 56, 29, 39, 12, 59, 32, 42, 15, 62, 35, 45, 18, 65),  ], [  (1, 48, 21, 68, 4, 51, 24, 71, 7,
54, 27, 74, 10, 57, 30, 40, 13, 60, 33, 43, 16, 63, 36, 46, 19, 66, 2, 49, 22, 69, 5, 52, 25, 72, 8, 55, 28, 38, 11, 58, 31, 41, 14, 61, 34, 
44, 17, 64, 37, 47, 20, 67, 3, 50, 23, 70, 6, 53, 26, 73, 9, 56, 29, 39, 12, 59, 32, 42, 15, 62, 35, 45, 18, 65),  (1, 65, 18, 45, 35, 62, 15,
42, 32, 59, 12, 39, 29, 56, 9, 73, 26, 53, 6, 70, 23, 50, 3, 67, 20, 47, 37, 64, 17, 44, 34, 61, 14, 41, 31, 58, 11, 38, 28, 55, 8, 72, 25, 
52, 5, 69, 22, 49, 2, 66, 19, 46, 36, 63, 16, 43, 33, 60, 13, 40, 30, 57, 10, 74, 27, 54, 7, 71, 24, 51, 4, 68, 21, 48),  ], [  (1, 14, 27, 3,
16, 29, 5, 18, 31, 7, 20, 33, 9, 22, 35, 11, 24, 37, 13, 26, 2, 15, 28, 4, 17, 30, 6, 19, 32, 8, 21, 34, 10, 23, 36, 12, 25)(38, 51, 64, 40, 
53, 66, 42, 55, 68, 44, 57, 70, 46, 59, 72, 48, 61, 74, 50, 63, 39, 52, 65, 41, 54, 67, 43, 56, 69, 45, 58, 71, 47, 60, 73, 49, 62),  (1, 25, 
12, 36, 23, 10, 34, 21, 8, 32, 19, 6, 30, 17, 4, 28, 15, 2, 26, 13, 37, 24, 11, 35, 22, 9, 33, 20, 7, 31, 18, 5, 29, 16, 3, 27, 14)(38, 62, 
49, 73, 60, 47, 71, 58, 45, 69, 56, 43, 67, 54, 41, 65, 52, 39, 63, 50, 74, 61, 48, 72, 59, 46, 70, 57, 44, 68, 55, 42, 66, 53, 40, 64, 51),  
], [  (1, 25, 12, 36, 23, 10, 34, 21, 8, 32, 19, 6, 30, 17, 4, 28, 15, 2, 26, 13, 37, 24, 11, 35, 22, 9, 33, 20, 7, 31, 18, 5, 29, 16, 3, 27, 
14)(38, 62, 49, 73, 60, 47, 71, 58, 45, 69, 56, 43, 67, 54, 41, 65, 52, 39, 63, 50, 74, 61, 48, 72, 59, 46, 70, 57, 44, 68, 55, 42, 66, 53, 
40, 64, 51),  (1, 14, 27, 3, 16, 29, 5, 18, 31, 7, 20, 33, 9, 22, 35, 11, 24, 37, 13, 26, 2, 15, 28, 4, 17, 30, 6, 19, 32, 8, 21, 34, 10, 23, 
36, 12, 25)(38, 51, 64, 40, 53, 66, 42, 55, 68, 44, 57, 70, 46, 59, 72, 48, 61, 74, 50, 63, 39, 52, 65, 41, 54, 67, 43, 56, 69, 45, 58, 71, 
47, 60, 73, 49, 62),  ], [  (1, 60, 8, 67, 15, 74, 22, 44, 29, 51, 36, 58, 6, 65, 13, 72, 20, 42, 27, 49, 34, 56, 4, 63, 11, 70, 18, 40, 25, 
47, 32, 54, 2, 61, 9, 68, 16, 38, 23, 45, 30, 52, 37, 59, 7, 66, 14, 73, 21, 43, 28, 50, 35, 57, 5, 64, 12, 71, 19, 41, 26, 48, 33, 55, 3, 62,
10, 69, 17, 39, 24, 46, 31, 53),  (1, 53, 31, 46, 24, 39, 17, 69, 10, 62, 3, 55, 33, 48, 26, 41, 19, 71, 12, 64, 5, 57, 35, 50, 28, 43, 21, 
73, 14, 66, 7, 59, 37, 52, 30, 45, 23, 38, 16, 68, 9, 61, 2, 54, 32, 47, 25, 40, 18, 70, 11, 63, 4, 56, 34, 49, 27, 42, 20, 72, 13, 65, 6, 58,
36, 51, 29, 44, 22, 74, 15, 67, 8, 60),  ], [  (1, 23, 8, 30, 15, 37, 22, 7, 29, 14, 36, 21, 6, 28, 13, 35, 20, 5, 27, 12, 34, 19, 4, 26, 11, 
33, 18, 3, 25, 10, 32, 17, 2, 24, 9, 31, 16)(38, 60, 45, 67, 52, 74, 59, 44, 66, 51, 73, 58, 43, 65, 50, 72, 57, 42, 64, 49, 71, 56, 41, 63, 
48, 70, 55, 40, 62, 47, 69, 54, 39, 61, 46, 68, 53),  (1, 16, 31, 9, 24, 2, 17, 32, 10, 25, 3, 18, 33, 11, 26, 4, 19, 34, 12, 27, 5, 20, 35, 
13, 28, 6, 21, 36, 14, 29, 7, 22, 37, 15, 30, 8, 23)(38, 53, 68, 46, 61, 39, 54, 69, 47, 62, 40, 55, 70, 48, 63, 41, 56, 71, 49, 64, 42, 57, 
72, 50, 65, 43, 58, 73, 51, 66, 44, 59, 74, 52, 67, 45, 60),  ], [  (1, 46, 17, 62, 33, 41, 12, 57, 28, 73, 7, 52, 23, 68, 2, 47, 18, 63, 34, 
42, 13, 58, 29, 74, 8, 53, 24, 69, 3, 48, 19, 64, 35, 43, 14, 59, 30, 38, 9, 54, 25, 70, 4, 49, 20, 65, 36, 44, 15, 60, 31, 39, 10, 55, 26, 
71, 5, 50, 21, 66, 37, 45, 16, 61, 32, 40, 11, 56, 27, 72, 6, 51, 22, 67),  (1, 67, 22, 51, 6, 72, 27, 56, 11, 40, 32, 61, 16, 45, 37, 66, 21,
50, 5, 71, 26, 55, 10, 39, 31, 60, 15, 44, 36, 65, 20, 49, 4, 70, 25, 54, 9, 38, 30, 59, 14, 43, 35, 64, 19, 48, 3, 69, 24, 53, 8, 74, 29, 58,
13, 42, 34, 63, 18, 47, 2, 68, 23, 52, 7, 73, 28, 57, 12, 41, 33, 62, 17, 46),  ], [  (1, 74, 36, 72, 34, 70, 32, 68, 30, 66, 28, 64, 26, 62, 
24, 60, 22, 58, 20, 56, 18, 54, 16, 52, 14, 50, 12, 48, 10, 46, 8, 44, 6, 42, 4, 40, 2, 38, 37, 73, 35, 71, 33, 69, 31, 67, 29, 65, 27, 63, 
25, 61, 23, 59, 21, 57, 19, 55, 17, 53, 15, 51, 13, 49, 11, 47, 9, 45, 7, 43, 5, 41, 3, 39),  (1, 39, 3, 41, 5, 43, 7, 45, 9, 47, 11, 49, 13, 
51, 15, 53, 17, 55, 19, 57, 21, 59, 23, 61, 25, 63, 27, 65, 29, 67, 31, 69, 33, 71, 35, 73, 37, 38, 2, 40, 4, 42, 6, 44, 8, 46, 10, 48, 12, 
50, 14, 52, 16, 54, 18, 56, 20, 58, 22, 60, 24, 62, 26, 64, 28, 66, 30, 68, 32, 70, 34, 72, 36, 74),  ], [  (1, 9, 17, 25, 33, 4, 12, 20, 28, 
36, 7, 15, 23, 31, 2, 10, 18, 26, 34, 5, 13, 21, 29, 37, 8, 16, 24, 32, 3, 11, 19, 27, 35, 6, 14, 22, 30)(38, 46, 54, 62, 70, 41, 49, 57, 65, 
73, 44, 52, 60, 68, 39, 47, 55, 63, 71, 42, 50, 58, 66, 74, 45, 53, 61, 69, 40, 48, 56, 64, 72, 43, 51, 59, 67),  (1, 30, 22, 14, 6, 35, 27, 
19, 11, 3, 32, 24, 16, 8, 37, 29, 21, 13, 5, 34, 26, 18, 10, 2, 31, 23, 15, 7, 36, 28, 20, 12, 4, 33, 25, 17, 9)(38, 67, 59, 51, 43, 72, 64, 
56, 48, 40, 69, 61, 53, 45, 74, 66, 58, 50, 42, 71, 63, 55, 47, 39, 68, 60, 52, 44, 73, 65, 57, 49, 41, 70, 62, 54, 46),  ], [  (1, 37, 36, 
35, 34, 33, 32, 31, 30, 29, 28, 27, 26, 25, 24, 23, 22, 21, 20, 19, 18, 17, 16, 15, 14, 13, 12, 11, 10, 9, 8, 7, 6, 5, 4, 3, 2)(38, 74, 73, 
72, 71, 70, 69, 68, 67, 66, 65, 64, 63, 62, 61, 60, 59, 58, 57, 56, 55, 54, 53, 52, 51, 50, 49, 48, 47, 46, 45, 44, 43, 42, 41, 40, 39),  (1, 
2, 3, 4, 5, 6, 7, 8, 9, 10, 11, 12, 13, 14, 15, 16, 17, 18, 19, 20, 21, 22, 23, 24, 25, 26, 27, 28, 29, 30, 31, 32, 33, 34, 35, 36, 37)(38, 
39, 40, 41, 42, 43, 44, 45, 46, 47, 48, 49, 50, 51, 52, 53, 54, 55, 56, 57, 58, 59, 60, 61, 62, 63, 64, 65, 66, 67, 68, 69, 70, 71, 72, 73, 
74),  ], [  (1, 69, 26, 57, 14, 45, 2, 70, 27, 58, 15, 46, 3, 71, 28, 59, 16, 47, 4, 72, 29, 60, 17, 48, 5, 73, 30, 61, 18, 49, 6, 74, 31, 62,
19, 50, 7, 38, 32, 63, 20, 51, 8, 39, 33, 64, 21, 52, 9, 40, 34, 65, 22, 53, 10, 41, 35, 66, 23, 54, 11, 42, 36, 67, 24, 55, 12, 43, 37, 68, 
25, 56, 13, 44),  (1, 44, 13, 56, 25, 68, 37, 43, 12, 55, 24, 67, 36, 42, 11, 54, 23, 66, 35, 41, 10, 53, 22, 65, 34, 40, 9, 52, 21, 64, 33, 
39, 8, 51, 20, 63, 32, 38, 7, 50, 19, 62, 31, 74, 6, 49, 18, 61, 30, 73, 5, 48, 17, 60, 29, 72, 4, 47, 16, 59, 28, 71, 3, 46, 15, 58, 27, 70, 
2, 45, 14, 57, 26, 69),  ], [  (1, 51, 27, 40, 16, 66, 5, 55, 31, 44, 20, 70, 9, 59, 35, 48, 24, 74, 13, 63, 2, 52, 28, 41, 17, 67, 6, 56, 32,
45, 21, 71, 10, 60, 36, 49, 25, 38, 14, 64, 3, 53, 29, 42, 18, 68, 7, 57, 33, 46, 22, 72, 11, 61, 37, 50, 26, 39, 15, 65, 4, 54, 30, 43, 19, 
69, 8, 58, 34, 47, 23, 73, 12, 62),  (1, 62, 12, 73, 23, 47, 34, 58, 8, 69, 19, 43, 30, 54, 4, 65, 15, 39, 26, 50, 37, 61, 11, 72, 22, 46, 33,
57, 7, 68, 18, 42, 29, 53, 3, 64, 14, 38, 25, 49, 36, 60, 10, 71, 21, 45, 32, 56, 6, 67, 17, 41, 28, 52, 2, 63, 13, 74, 24, 48, 35, 59, 9, 70,
20, 44, 31, 55, 5, 66, 16, 40, 27, 51),  ], [  (1, 32, 26, 20, 14, 8, 2, 33, 27, 21, 15, 9, 3, 34, 28, 22, 16, 10, 4, 35, 29, 23, 17, 11, 5, 
36, 30, 24, 18, 12, 6, 37, 31, 25, 19, 13, 7)(38, 69, 63, 57, 51, 45, 39, 70, 64, 58, 52, 46, 40, 71, 65, 59, 53, 47, 41, 72, 66, 60, 54, 48, 
42, 73, 67, 61, 55, 49, 43, 74, 68, 62, 56, 50, 44),  (1, 7, 13, 19, 25, 31, 37, 6, 12, 18, 24, 30, 36, 5, 11, 17, 23, 29, 35, 4, 10, 16, 22, 
28, 34, 3, 9, 15, 21, 27, 33, 2, 8, 14, 20, 26, 32)(38, 44, 50, 56, 62, 68, 74, 43, 49, 55, 61, 67, 73, 42, 48, 54, 60, 66, 72, 41, 47, 53, 
59, 65, 71, 40, 46, 52, 58, 64, 70, 39, 45, 51, 57, 63, 69),  ], [  (1, 55, 35, 52, 32, 49, 29, 46, 26, 43, 23, 40, 20, 74, 17, 71, 14, 68, 
11, 65, 8, 62, 5, 59, 2, 56, 36, 53, 33, 50, 30, 47, 27, 44, 24, 41, 21, 38, 18, 72, 15, 69, 12, 66, 9, 63, 6, 60, 3, 57, 37, 54, 34, 51, 31, 
48, 28, 45, 25, 42, 22, 39, 19, 73, 16, 70, 13, 67, 10, 64, 7, 61, 4, 58),  (1, 58, 4, 61, 7, 64, 10, 67, 13, 70, 16, 73, 19, 39, 22, 42, 25, 
45, 28, 48, 31, 51, 34, 54, 37, 57, 3, 60, 6, 63, 9, 66, 12, 69, 15, 72, 18, 38, 21, 41, 24, 44, 27, 47, 30, 50, 33, 53, 36, 56, 2, 59, 5, 62,
8, 65, 11, 68, 14, 71, 17, 74, 20, 40, 23, 43, 26, 46, 29, 49, 32, 52, 35, 55),  ], [  (1, 18, 35, 15, 32, 12, 29, 9, 26, 6, 23, 3, 20, 37, 
17, 34, 14, 31, 11, 28, 8, 25, 5, 22, 2, 19, 36, 16, 33, 13, 30, 10, 27, 7, 24, 4, 21)(38, 55, 72, 52, 69, 49, 66, 46, 63, 43, 60, 40, 57, 74,
54, 71, 51, 68, 48, 65, 45, 62, 42, 59, 39, 56, 73, 53, 70, 50, 67, 47, 64, 44, 61, 41, 58),  (1, 21, 4, 24, 7, 27, 10, 30, 13, 33, 16, 36, 
19, 2, 22, 5, 25, 8, 28, 11, 31, 14, 34, 17, 37, 20, 3, 23, 6, 26, 9, 29, 12, 32, 15, 35, 18)(38, 58, 41, 61, 44, 64, 47, 67, 50, 70, 53, 73, 
56, 39, 59, 42, 62, 45, 65, 48, 68, 51, 71, 54, 74, 57, 40, 60, 43, 63, 46, 66, 49, 69, 52, 72, 55),  ], [  (1, 41, 7, 47, 13, 53, 19, 59, 25,
65, 31, 71, 37, 40, 6, 46, 12, 52, 18, 58, 24, 64, 30, 70, 36, 39, 5, 45, 11, 51, 17, 57, 23, 63, 29, 69, 35, 38, 4, 44, 10, 50, 16, 56, 22, 
62, 28, 68, 34, 74, 3, 43, 9, 49, 15, 55, 21, 61, 27, 67, 33, 73, 2, 42, 8, 48, 14, 54, 20, 60, 26, 66, 32, 72),  (1, 72, 32, 66, 26, 60, 20, 
54, 14, 48, 8, 42, 2, 73, 33, 67, 27, 61, 21, 55, 15, 49, 9, 43, 3, 74, 34, 68, 28, 62, 22, 56, 16, 50, 10, 44, 4, 38, 35, 69, 29, 63, 23, 57,
17, 51, 11, 45, 5, 39, 36, 70, 30, 64, 24, 58, 18, 52, 12, 46, 6, 40, 37, 71, 31, 65, 25, 59, 19, 53, 13, 47, 7, 41),  ], [  (1, 4, 7, 10, 13,
16, 19, 22, 25, 28, 31, 34, 37, 3, 6, 9, 12, 15, 18, 21, 24, 27, 30, 33, 36, 2, 5, 8, 11, 14, 17, 20, 23, 26, 29, 32, 35)(38, 41, 44, 47, 50, 
53, 56, 59, 62, 65, 68, 71, 74, 40, 43, 46, 49, 52, 55, 58, 61, 64, 67, 70, 73, 39, 42, 45, 48, 51, 54, 57, 60, 63, 66, 69, 72),  (1, 35, 32, 
29, 26, 23, 20, 17, 14, 11, 8, 5, 2, 36, 33, 30, 27, 24, 21, 18, 15, 12, 9, 6, 3, 37, 34, 31, 28, 25, 22, 19, 16, 13, 10, 7, 4)(38, 72, 69, 
66, 63, 60, 57, 54, 51, 48, 45, 42, 39, 73, 70, 67, 64, 61, 58, 55, 52, 49, 46, 43, 40, 74, 71, 68, 65, 62, 59, 56, 53, 50, 47, 44, 41),  ], [
(1, 64, 16, 42, 31, 57, 9, 72, 24, 50, 2, 65, 17, 43, 32, 58, 10, 73, 25, 51, 3, 66, 18, 44, 33, 59, 11, 74, 26, 52, 4, 67, 19, 45, 34, 60, 
12, 38, 27, 53, 5, 68, 20, 46, 35, 61, 13, 39, 28, 54, 6, 69, 21, 47, 36, 62, 14, 40, 29, 55, 7, 70, 22, 48, 37, 63, 15, 41, 30, 56, 8, 71, 
23, 49),  (1, 49, 23, 71, 8, 56, 30, 41, 15, 63, 37, 48, 22, 70, 7, 55, 29, 40, 14, 62, 36, 47, 21, 69, 6, 54, 28, 39, 13, 61, 35, 46, 20, 68,
5, 53, 27, 38, 12, 60, 34, 45, 19, 67, 4, 52, 26, 74, 11, 59, 33, 44, 18, 66, 3, 51, 25, 73, 10, 58, 32, 43, 17, 65, 2, 50, 24, 72, 9, 57, 31,
42, 16, 64),  ], [  (1, 27, 16, 5, 31, 20, 9, 35, 24, 13, 2, 28, 17, 6, 32, 21, 10, 36, 25, 14, 3, 29, 18, 7, 33, 22, 11, 37, 26, 15, 4, 30, 
19, 8, 34, 23, 12)(38, 64, 53, 42, 68, 57, 46, 72, 61, 50, 39, 65, 54, 43, 69, 58, 47, 73, 62, 51, 40, 66, 55, 44, 70, 59, 48, 74, 63, 52, 41,
67, 56, 45, 71, 60, 49),  (1, 12, 23, 34, 8, 19, 30, 4, 15, 26, 37, 11, 22, 33, 7, 18, 29, 3, 14, 25, 36, 10, 21, 32, 6, 17, 28, 2, 13, 24, 
35, 9, 20, 31, 5, 16, 27)(38, 49, 60, 71, 45, 56, 67, 41, 52, 63, 74, 48, 59, 70, 44, 55, 66, 40, 51, 62, 73, 47, 58, 69, 43, 54, 65, 39, 50, 
61, 72, 46, 57, 68, 42, 53, 64),  ], [  (1, 50, 25, 74, 12, 61, 36, 48, 23, 72, 10, 59, 34, 46, 21, 70, 8, 57, 32, 44, 19, 68, 6, 55, 30, 42, 
17, 66, 4, 53, 28, 40, 15, 64, 2, 51, 26, 38, 13, 62, 37, 49, 24, 73, 11, 60, 35, 47, 22, 71, 9, 58, 33, 45, 20, 69, 7, 56, 31, 43, 18, 67, 5,
54, 29, 41, 16, 65, 3, 52, 27, 39, 14, 63),  (1, 63, 14, 39, 27, 52, 3, 65, 16, 41, 29, 54, 5, 67, 18, 43, 31, 56, 7, 69, 20, 45, 33, 58, 9, 
71, 22, 47, 35, 60, 11, 73, 24, 49, 37, 62, 13, 38, 26, 51, 2, 64, 15, 40, 28, 53, 4, 66, 17, 42, 30, 55, 6, 68, 19, 44, 32, 57, 8, 70, 21, 
46, 34, 59, 10, 72, 23, 48, 36, 61, 12, 74, 25, 50),  ], [  (1, 13, 25, 37, 12, 24, 36, 11, 23, 35, 10, 22, 34, 9, 21, 33, 8, 20, 32, 7, 19, 
31, 6, 18, 30, 5, 17, 29, 4, 16, 28, 3, 15, 27, 2, 14, 26)(38, 50, 62, 74, 49, 61, 73, 48, 60, 72, 47, 59, 71, 46, 58, 70, 45, 57, 69, 44, 56,
68, 43, 55, 67, 42, 54, 66, 41, 53, 65, 40, 52, 64, 39, 51, 63),  (1, 26, 14, 2, 27, 15, 3, 28, 16, 4, 29, 17, 5, 30, 18, 6, 31, 19, 7, 32, 
20, 8, 33, 21, 9, 34, 22, 10, 35, 23, 11, 36, 24, 12, 37, 25, 13)(38, 63, 51, 39, 64, 52, 40, 65, 53, 41, 66, 54, 42, 67, 55, 43, 68, 56, 44, 
69, 57, 45, 70, 58, 46, 71, 59, 47, 72, 60, 48, 73, 61, 49, 74, 62, 50),  ], [  (1, 73, 34, 69, 30, 65, 26, 61, 22, 57, 18, 53, 14, 49, 10, 
45, 6, 41, 2, 74, 35, 70, 31, 66, 27, 62, 23, 58, 19, 54, 15, 50, 11, 46, 7, 42, 3, 38, 36, 71, 32, 67, 28, 63, 24, 59, 20, 55, 16, 51, 12, 
47, 8, 43, 4, 39, 37, 72, 33, 68, 29, 64, 25, 60, 21, 56, 17, 52, 13, 48, 9, 44, 5, 40),  (1, 40, 5, 44, 9, 48, 13, 52, 17, 56, 21, 60, 25, 
64, 29, 68, 33, 72, 37, 39, 4, 43, 8, 47, 12, 51, 16, 55, 20, 59, 24, 63, 28, 67, 32, 71, 36, 38, 3, 42, 7, 46, 11, 50, 15, 54, 19, 58, 23, 
62, 27, 66, 31, 70, 35, 74, 2, 41, 6, 45, 10, 49, 14, 53, 18, 57, 22, 61, 26, 65, 30, 69, 34, 73),  ], [  (1, 62, 12, 73, 23, 47, 34, 58, 8, 
69, 19, 43, 30, 54, 4, 65, 15, 39, 26, 50, 37, 61, 11, 72, 22, 46, 33, 57, 7, 68, 18, 42, 29, 53, 3, 64, 14, 38, 25, 49, 36, 60, 10, 71, 21, 
45, 32, 56, 6, 67, 17, 41, 28, 52, 2, 63, 13, 74, 24, 48, 35, 59, 9, 70, 20, 44, 31, 55, 5, 66, 16, 40, 27, 51),  (1, 51, 27, 40, 16, 66, 5, 
55, 31, 44, 20, 70, 9, 59, 35, 48, 24, 74, 13, 63, 2, 52, 28, 41, 17, 67, 6, 56, 32, 45, 21, 71, 10, 60, 36, 49, 25, 38, 14, 64, 3, 53, 29, 
42, 18, 68, 7, 57, 33, 46, 22, 72, 11, 61, 37, 50, 26, 39, 15, 65, 4, 54, 30, 43, 19, 69, 8, 58, 34, 47, 23, 73, 12, 62),  ], [  (1, 8, 15, 
22, 29, 36, 6, 13, 20, 27, 34, 4, 11, 18, 25, 32, 2, 9, 16, 23, 30, 37, 7, 14, 21, 28, 35, 5, 12, 19, 26, 33, 3, 10, 17, 24, 31)(38, 45, 52, 
59, 66, 73, 43, 50, 57, 64, 71, 41, 48, 55, 62, 69, 39, 46, 53, 60, 67, 74, 44, 51, 58, 65, 72, 42, 49, 56, 63, 70, 40, 47, 54, 61, 68),  (1, 
31, 24, 17, 10, 3, 33, 26, 19, 12, 5, 35, 28, 21, 14, 7, 37, 30, 23, 16, 9, 2, 32, 25, 18, 11, 4, 34, 27, 20, 13, 6, 36, 29, 22, 15, 8)(38, 
68, 61, 54, 47, 40, 70, 63, 56, 49, 42, 72, 65, 58, 51, 44, 74, 67, 60, 53, 46, 39, 69, 62, 55, 48, 41, 71, 64, 57, 50, 43, 73, 66, 59, 52, 
45),  ], [  (1, 45, 15, 59, 29, 73, 6, 50, 20, 64, 34, 41, 11, 55, 25, 69, 2, 46, 16, 60, 30, 74, 7, 51, 21, 65, 35, 42, 12, 56, 26, 70, 3, 
47, 17, 61, 31, 38, 8, 52, 22, 66, 36, 43, 13, 57, 27, 71, 4, 48, 18, 62, 32, 39, 9, 53, 23, 67, 37, 44, 14, 58, 28, 72, 5, 49, 19, 63, 33, 
40, 10, 54, 24, 68),  (1, 68, 24, 54, 10, 40, 33, 63, 19, 49, 5, 72, 28, 58, 14, 44, 37, 67, 23, 53, 9, 39, 32, 62, 18, 48, 4, 71, 27, 57, 13,
43, 36, 66, 22, 52, 8, 38, 31, 61, 17, 47, 3, 70, 26, 56, 12, 42, 35, 65, 21, 51, 7, 74, 30, 60, 16, 46, 2, 69, 25, 55, 11, 41, 34, 64, 20, 
50, 6, 73, 29, 59, 15, 45),  ], [  (1, 31, 24, 17, 10, 3, 33, 26, 19, 12, 5, 35, 28, 21, 14, 7, 37, 30, 23, 16, 9, 2, 32, 25, 18, 11, 4, 34, 
27, 20, 13, 6, 36, 29, 22, 15, 8)(38, 68, 61, 54, 47, 40, 70, 63, 56, 49, 42, 72, 65, 58, 51, 44, 74, 67, 60, 53, 46, 39, 69, 62, 55, 48, 41, 
71, 64, 57, 50, 43, 73, 66, 59, 52, 45),  (1, 8, 15, 22, 29, 36, 6, 13, 20, 27, 34, 4, 11, 18, 25, 32, 2, 9, 16, 23, 30, 37, 7, 14, 21, 28, 
35, 5, 12, 19, 26, 33, 3, 10, 17, 24, 31)(38, 45, 52, 59, 66, 73, 43, 50, 57, 64, 71, 41, 48, 55, 62, 69, 39, 46, 53, 60, 67, 74, 44, 51, 58, 
65, 72, 42, 49, 56, 63, 70, 40, 47, 54, 61, 68),  ], [  (1, 22, 6, 27, 11, 32, 16, 37, 21, 5, 26, 10, 31, 15, 36, 20, 4, 25, 9, 30, 14, 35, 
19, 3, 24, 8, 29, 13, 34, 18, 2, 23, 7, 28, 12, 33, 17)(38, 59, 43, 64, 48, 69, 53, 74, 58, 42, 63, 47, 68, 52, 73, 57, 41, 62, 46, 67, 51, 
72, 56, 40, 61, 45, 66, 50, 71, 55, 39, 60, 44, 65, 49, 70, 54),  (1, 17, 33, 12, 28, 7, 23, 2, 18, 34, 13, 29, 8, 24, 3, 19, 35, 14, 30, 9, 
25, 4, 20, 36, 15, 31, 10, 26, 5, 21, 37, 16, 32, 11, 27, 6, 22)(38, 54, 70, 49, 65, 44, 60, 39, 55, 71, 50, 66, 45, 61, 40, 56, 72, 51, 67, 
46, 62, 41, 57, 73, 52, 68, 47, 63, 42, 58, 74, 53, 69, 48, 64, 43, 59),  ], [  (1, 68, 24, 54, 10, 40, 33, 63, 19, 49, 5, 72, 28, 58, 14, 44,
37, 67, 23, 53, 9, 39, 32, 62, 18, 48, 4, 71, 27, 57, 13, 43, 36, 66, 22, 52, 8, 38, 31, 61, 17, 47, 3, 70, 26, 56, 12, 42, 35, 65, 21, 51, 7,
74, 30, 60, 16, 46, 2, 69, 25, 55, 11, 41, 34, 64, 20, 50, 6, 73, 29, 59, 15, 45),  (1, 45, 15, 59, 29, 73, 6, 50, 20, 64, 34, 41, 11, 55, 25,
69, 2, 46, 16, 60, 30, 74, 7, 51, 21, 65, 35, 42, 12, 56, 26, 70, 3, 47, 17, 61, 31, 38, 8, 52, 22, 66, 36, 43, 13, 57, 27, 71, 4, 48, 18, 62,
32, 39, 9, 53, 23, 67, 37, 44, 14, 58, 28, 72, 5, 49, 19, 63, 33, 40, 10, 54, 24, 68),  ], [  (1, 59, 6, 64, 11, 69, 16, 74, 21, 42, 26, 47, 
31, 52, 36, 57, 4, 62, 9, 67, 14, 72, 19, 40, 24, 45, 29, 50, 34, 55, 2, 60, 7, 65, 12, 70, 17, 38, 22, 43, 27, 48, 32, 53, 37, 58, 5, 63, 10,
68, 15, 73, 20, 41, 25, 46, 30, 51, 35, 56, 3, 61, 8, 66, 13, 71, 18, 39, 23, 44, 28, 49, 33, 54),  (1, 54, 33, 49, 28, 44, 23, 39, 18, 71, 
13, 66, 8, 61, 3, 56, 35, 51, 30, 46, 25, 41, 20, 73, 15, 68, 10, 63, 5, 58, 37, 53, 32, 48, 27, 43, 22, 38, 17, 70, 12, 65, 7, 60, 2, 55, 34,
50, 29, 45, 24, 40, 19, 72, 14, 67, 9, 62, 4, 57, 36, 52, 31, 47, 26, 42, 21, 74, 16, 69, 11, 64, 6, 59),  ], [  (1, 17, 33, 12, 28, 7, 23, 2,
18, 34, 13, 29, 8, 24, 3, 19, 35, 14, 30, 9, 25, 4, 20, 36, 15, 31, 10, 26, 5, 21, 37, 16, 32, 11, 27, 6, 22)(38, 54, 70, 49, 65, 44, 60, 39, 
55, 71, 50, 66, 45, 61, 40, 56, 72, 51, 67, 46, 62, 41, 57, 73, 52, 68, 47, 63, 42, 58, 74, 53, 69, 48, 64, 43, 59),  (1, 22, 6, 27, 11, 32, 
16, 37, 21, 5, 26, 10, 31, 15, 36, 20, 4, 25, 9, 30, 14, 35, 19, 3, 24, 8, 29, 13, 34, 18, 2, 23, 7, 28, 12, 33, 17)(38, 59, 43, 64, 48, 69, 
53, 74, 58, 42, 63, 47, 68, 52, 73, 57, 41, 62, 46, 67, 51, 72, 56, 40, 61, 45, 66, 50, 71, 55, 39, 60, 44, 65, 49, 70, 54),  ], [  (1, 36, 
34, 32, 30, 28, 26, 24, 22, 20, 18, 16, 14, 12, 10, 8, 6, 4, 2, 37, 35, 33, 31, 29, 27, 25, 23, 21, 19, 17, 15, 13, 11, 9, 7, 5, 3)(38, 73, 
71, 69, 67, 65, 63, 61, 59, 57, 55, 53, 51, 49, 47, 45, 43, 41, 39, 74, 72, 70, 68, 66, 64, 62, 60, 58, 56, 54, 52, 50, 48, 46, 44, 42, 40),  
(1, 3, 5, 7, 9, 11, 13, 15, 17, 19, 21, 23, 25, 27, 29, 31, 33, 35, 37, 2, 4, 6, 8, 10, 12, 14, 16, 18, 20, 22, 24, 26, 28, 30, 32, 34, 
36)(38, 40, 42, 44, 46, 48, 50, 52, 54, 56, 58, 60, 62, 64, 66, 68, 70, 72, 74, 39, 41, 43, 45, 47, 49, 51, 53, 55, 57, 59, 61, 63, 65, 67, 
69, 71, 73),  ], [  (1, 54, 33, 49, 28, 44, 23, 39, 18, 71, 13, 66, 8, 61, 3, 56, 35, 51, 30, 46, 25, 41, 20, 73, 15, 68, 10, 63, 5, 58, 37, 
53, 32, 48, 27, 43, 22, 38, 17, 70, 12, 65, 7, 60, 2, 55, 34, 50, 29, 45, 24, 40, 19, 72, 14, 67, 9, 62, 4, 57, 36, 52, 31, 47, 26, 42, 21, 
74, 16, 69, 11, 64, 6, 59),  (1, 59, 6, 64, 11, 69, 16, 74, 21, 42, 26, 47, 31, 52, 36, 57, 4, 62, 9, 67, 14, 72, 19, 40, 24, 45, 29, 50, 34, 
55, 2, 60, 7, 65, 12, 70, 17, 38, 22, 43, 27, 48, 32, 53, 37, 58, 5, 63, 10, 68, 15, 73, 20, 41, 25, 46, 30, 51, 35, 56, 3, 61, 8, 66, 13, 71,
18, 39, 23, 44, 28, 49, 33, 54),  ], [  (1, 3, 5, 7, 9, 11, 13, 15, 17, 19, 21, 23, 25, 27, 29, 31, 33, 35, 37, 2, 4, 6, 8, 10, 12, 14, 16, 
18, 20, 22, 24, 26, 28, 30, 32, 34, 36)(38, 40, 42, 44, 46, 48, 50, 52, 54, 56, 58, 60, 62, 64, 66, 68, 70, 72, 74, 39, 41, 43, 45, 47, 49, 
51, 53, 55, 57, 59, 61, 63, 65, 67, 69, 71, 73),  (1, 36, 34, 32, 30, 28, 26, 24, 22, 20, 18, 16, 14, 12, 10, 8, 6, 4, 2, 37, 35, 33, 31, 29, 
27, 25, 23, 21, 19, 17, 15, 13, 11, 9, 7, 5, 3)(38, 73, 71, 69, 67, 65, 63, 61, 59, 57, 55, 53, 51, 49, 47, 45, 43, 41, 39, 74, 72, 70, 68, 
66, 64, 62, 60, 58, 56, 54, 52, 50, 48, 46, 44, 42, 40),  ], [  (1, 40, 5, 44, 9, 48, 13, 52, 17, 56, 21, 60, 25, 64, 29, 68, 33, 72, 37, 39, 
4, 43, 8, 47, 12, 51, 16, 55, 20, 59, 24, 63, 28, 67, 32, 71, 36, 38, 3, 42, 7, 46, 11, 50, 15, 54, 19, 58, 23, 62, 27, 66, 31, 70, 35, 74, 2,
41, 6, 45, 10, 49, 14, 53, 18, 57, 22, 61, 26, 65, 30, 69, 34, 73),  (1, 73, 34, 69, 30, 65, 26, 61, 22, 57, 18, 53, 14, 49, 10, 45, 6, 41, 2,
74, 35, 70, 31, 66, 27, 62, 23, 58, 19, 54, 15, 50, 11, 46, 7, 42, 3, 38, 36, 71, 32, 67, 28, 63, 24, 59, 20, 55, 16, 51, 12, 47, 8, 43, 4, 
39, 37, 72, 33, 68, 29, 64, 25, 60, 21, 56, 17, 52, 13, 48, 9, 44, 5, 40),  ], [  (1, 26, 14, 2, 27, 15, 3, 28, 16, 4, 29, 17, 5, 30, 18, 6, 
31, 19, 7, 32, 20, 8, 33, 21, 9, 34, 22, 10, 35, 23, 11, 36, 24, 12, 37, 25, 13)(38, 63, 51, 39, 64, 52, 40, 65, 53, 41, 66, 54, 42, 67, 55, 
43, 68, 56, 44, 69, 57, 45, 70, 58, 46, 71, 59, 47, 72, 60, 48, 73, 61, 49, 74, 62, 50),  (1, 13, 25, 37, 12, 24, 36, 11, 23, 35, 10, 22, 34, 
9, 21, 33, 8, 20, 32, 7, 19, 31, 6, 18, 30, 5, 17, 29, 4, 16, 28, 3, 15, 27, 2, 14, 26)(38, 50, 62, 74, 49, 61, 73, 48, 60, 72, 47, 59, 71, 
46, 58, 70, 45, 57, 69, 44, 56, 68, 43, 55, 67, 42, 54, 66, 41, 53, 65, 40, 52, 64, 39, 51, 63),  ], [  (1, 63, 14, 39, 27, 52, 3, 65, 16, 41,
29, 54, 5, 67, 18, 43, 31, 56, 7, 69, 20, 45, 33, 58, 9, 71, 22, 47, 35, 60, 11, 73, 24, 49, 37, 62, 13, 38, 26, 51, 2, 64, 15, 40, 28, 53, 4,
66, 17, 42, 30, 55, 6, 68, 19, 44, 32, 57, 8, 70, 21, 46, 34, 59, 10, 72, 23, 48, 36, 61, 12, 74, 25, 50),  (1, 50, 25, 74, 12, 61, 36, 48, 
23, 72, 10, 59, 34, 46, 21, 70, 8, 57, 32, 44, 19, 68, 6, 55, 30, 42, 17, 66, 4, 53, 28, 40, 15, 64, 2, 51, 26, 38, 13, 62, 37, 49, 24, 73, 
11, 60, 35, 47, 22, 71, 9, 58, 33, 45, 20, 69, 7, 56, 31, 43, 18, 67, 5, 54, 29, 41, 16, 65, 3, 52, 27, 39, 14, 63),  ], [  (1, 12, 23, 34, 8,
19, 30, 4, 15, 26, 37, 11, 22, 33, 7, 18, 29, 3, 14, 25, 36, 10, 21, 32, 6, 17, 28, 2, 13, 24, 35, 9, 20, 31, 5, 16, 27)(38, 49, 60, 71, 45, 
56, 67, 41, 52, 63, 74, 48, 59, 70, 44, 55, 66, 40, 51, 62, 73, 47, 58, 69, 43, 54, 65, 39, 50, 61, 72, 46, 57, 68, 42, 53, 64),  (1, 27, 16, 
5, 31, 20, 9, 35, 24, 13, 2, 28, 17, 6, 32, 21, 10, 36, 25, 14, 3, 29, 18, 7, 33, 22, 11, 37, 26, 15, 4, 30, 19, 8, 34, 23, 12)(38, 64, 53, 
42, 68, 57, 46, 72, 61, 50, 39, 65, 54, 43, 69, 58, 47, 73, 62, 51, 40, 66, 55, 44, 70, 59, 48, 74, 63, 52, 41, 67, 56, 45, 71, 60, 49),  ], [
(1, 49, 23, 71, 8, 56, 30, 41, 15, 63, 37, 48, 22, 70, 7, 55, 29, 40, 14, 62, 36, 47, 21, 69, 6, 54, 28, 39, 13, 61, 35, 46, 20, 68, 5, 53, 
27, 38, 12, 60, 34, 45, 19, 67, 4, 52, 26, 74, 11, 59, 33, 44, 18, 66, 3, 51, 25, 73, 10, 58, 32, 43, 17, 65, 2, 50, 24, 72, 9, 57, 31, 42, 
16, 64),  (1, 64, 16, 42, 31, 57, 9, 72, 24, 50, 2, 65, 17, 43, 32, 58, 10, 73, 25, 51, 3, 66, 18, 44, 33, 59, 11, 74, 26, 52, 4, 67, 19, 45, 
34, 60, 12, 38, 27, 53, 5, 68, 20, 46, 35, 61, 13, 39, 28, 54, 6, 69, 21, 47, 36, 62, 14, 40, 29, 55, 7, 70, 22, 48, 37, 63, 15, 41, 30, 56, 
8, 71, 23, 49),  ], [  (1, 35, 32, 29, 26, 23, 20, 17, 14, 11, 8, 5, 2, 36, 33, 30, 27, 24, 21, 18, 15, 12, 9, 6, 3, 37, 34, 31, 28, 25, 22, 
19, 16, 13, 10, 7, 4)(38, 72, 69, 66, 63, 60, 57, 54, 51, 48, 45, 42, 39, 73, 70, 67, 64, 61, 58, 55, 52, 49, 46, 43, 40, 74, 71, 68, 65, 62, 
59, 56, 53, 50, 47, 44, 41),  (1, 4, 7, 10, 13, 16, 19, 22, 25, 28, 31, 34, 37, 3, 6, 9, 12, 15, 18, 21, 24, 27, 30, 33, 36, 2, 5, 8, 11, 14, 
17, 20, 23, 26, 29, 32, 35)(38, 41, 44, 47, 50, 53, 56, 59, 62, 65, 68, 71, 74, 40, 43, 46, 49, 52, 55, 58, 61, 64, 67, 70, 73, 39, 42, 45, 
48, 51, 54, 57, 60, 63, 66, 69, 72),  ], [  (1, 72, 32, 66, 26, 60, 20, 54, 14, 48, 8, 42, 2, 73, 33, 67, 27, 61, 21, 55, 15, 49, 9, 43, 3, 
74, 34, 68, 28, 62, 22, 56, 16, 50, 10, 44, 4, 38, 35, 69, 29, 63, 23, 57, 17, 51, 11, 45, 5, 39, 36, 70, 30, 64, 24, 58, 18, 52, 12, 46, 6, 
40, 37, 71, 31, 65, 25, 59, 19, 53, 13, 47, 7, 41),  (1, 41, 7, 47, 13, 53, 19, 59, 25, 65, 31, 71, 37, 40, 6, 46, 12, 52, 18, 58, 24, 64, 30,
70, 36, 39, 5, 45, 11, 51, 17, 57, 23, 63, 29, 69, 35, 38, 4, 44, 10, 50, 16, 56, 22, 62, 28, 68, 34, 74, 3, 43, 9, 49, 15, 55, 21, 61, 27, 
67, 33, 73, 2, 42, 8, 48, 14, 54, 20, 60, 26, 66, 32, 72),  ], [  (1, 21, 4, 24, 7, 27, 10, 30, 13, 33, 16, 36, 19, 2, 22, 5, 25, 8, 28, 11, 
31, 14, 34, 17, 37, 20, 3, 23, 6, 26, 9, 29, 12, 32, 15, 35, 18)(38, 58, 41, 61, 44, 64, 47, 67, 50, 70, 53, 73, 56, 39, 59, 42, 62, 45, 65, 
48, 68, 51, 71, 54, 74, 57, 40, 60, 43, 63, 46, 66, 49, 69, 52, 72, 55),  (1, 18, 35, 15, 32, 12, 29, 9, 26, 6, 23, 3, 20, 37, 17, 34, 14, 31,
11, 28, 8, 25, 5, 22, 2, 19, 36, 16, 33, 13, 30, 10, 27, 7, 24, 4, 21)(38, 55, 72, 52, 69, 49, 66, 46, 63, 43, 60, 40, 57, 74, 54, 71, 51, 68,
48, 65, 45, 62, 42, 59, 39, 56, 73, 53, 70, 50, 67, 47, 64, 44, 61, 41, 58),  ], [  (1, 39, 3, 41, 5, 43, 7, 45, 9, 47, 11, 49, 13, 51, 15, 
53, 17, 55, 19, 57, 21, 59, 23, 61, 25, 63, 27, 65, 29, 67, 31, 69, 33, 71, 35, 73, 37, 38, 2, 40, 4, 42, 6, 44, 8, 46, 10, 48, 12, 50, 14, 
52, 16, 54, 18, 56, 20, 58, 22, 60, 24, 62, 26, 64, 28, 66, 30, 68, 32, 70, 34, 72, 36, 74),  (1, 74, 36, 72, 34, 70, 32, 68, 30, 66, 28, 64, 
26, 62, 24, 60, 22, 58, 20, 56, 18, 54, 16, 52, 14, 50, 12, 48, 10, 46, 8, 44, 6, 42, 4, 40, 2, 38, 37, 73, 35, 71, 33, 69, 31, 67, 29, 65, 
27, 63, 25, 61, 23, 59, 21, 57, 19, 55, 17, 53, 15, 51, 13, 49, 11, 47, 9, 45, 7, 43, 5, 41, 3, 39),  ], [  (1, 67, 22, 51, 6, 72, 27, 56, 11,
40, 32, 61, 16, 45, 37, 66, 21, 50, 5, 71, 26, 55, 10, 39, 31, 60, 15, 44, 36, 65, 20, 49, 4, 70, 25, 54, 9, 38, 30, 59, 14, 43, 35, 64, 19, 
48, 3, 69, 24, 53, 8, 74, 29, 58, 13, 42, 34, 63, 18, 47, 2, 68, 23, 52, 7, 73, 28, 57, 12, 41, 33, 62, 17, 46),  (1, 46, 17, 62, 33, 41, 12, 
57, 28, 73, 7, 52, 23, 68, 2, 47, 18, 63, 34, 42, 13, 58, 29, 74, 8, 53, 24, 69, 3, 48, 19, 64, 35, 43, 14, 59, 30, 38, 9, 54, 25, 70, 4, 49, 
20, 65, 36, 44, 15, 60, 31, 39, 10, 55, 26, 71, 5, 50, 21, 66, 37, 45, 16, 61, 32, 40, 11, 56, 27, 72, 6, 51, 22, 67),  ], [  (1, 30, 22, 14, 
6, 35, 27, 19, 11, 3, 32, 24, 16, 8, 37, 29, 21, 13, 5, 34, 26, 18, 10, 2, 31, 23, 15, 7, 36, 28, 20, 12, 4, 33, 25, 17, 9)(38, 67, 59, 51, 
43, 72, 64, 56, 48, 40, 69, 61, 53, 45, 74, 66, 58, 50, 42, 71, 63, 55, 47, 39, 68, 60, 52, 44, 73, 65, 57, 49, 41, 70, 62, 54, 46),  (1, 9, 
17, 25, 33, 4, 12, 20, 28, 36, 7, 15, 23, 31, 2, 10, 18, 26, 34, 5, 13, 21, 29, 37, 8, 16, 24, 32, 3, 11, 19, 27, 35, 6, 14, 22, 30)(38, 46, 
54, 62, 70, 41, 49, 57, 65, 73, 44, 52, 60, 68, 39, 47, 55, 63, 71, 42, 50, 58, 66, 74, 45, 53, 61, 69, 40, 48, 56, 64, 72, 43, 51, 59, 67),  
], [  (1, 53, 31, 46, 24, 39, 17, 69, 10, 62, 3, 55, 33, 48, 26, 41, 19, 71, 12, 64, 5, 57, 35, 50, 28, 43, 21, 73, 14, 66, 7, 59, 37, 52, 30,
45, 23, 38, 16, 68, 9, 61, 2, 54, 32, 47, 25, 40, 18, 70, 11, 63, 4, 56, 34, 49, 27, 42, 20, 72, 13, 65, 6, 58, 36, 51, 29, 44, 22, 74, 15, 
