BRACES[24] := rec( total := -1, implemented := 96, size := 24, brace := [] );BRACES[24].brace[1] := rec ( size := 24, perms := [ [  (),  (),  
], [  (1, 15, 4, 13, 2, 16, 3, 14)(5, 19, 8, 17, 6, 20, 7, 18)(9, 23, 12, 21, 10, 24, 11, 22),  (1, 13, 4, 16, 2, 14, 3, 15)(5, 17, 8, 20, 6, 
18, 7, 19)(9, 21, 12, 24, 10, 22, 11, 23),  ], [  (1, 4, 2, 3)(5, 8, 6, 7)(9, 12, 10, 11)(13, 16, 14, 15)(17, 20, 18, 19)(21, 24, 22, 23),  
(1, 3, 2, 4)(5, 7, 6, 8)(9, 11, 10, 12)(13, 15, 14, 16)(17, 19, 18, 20)(21, 23, 22, 24),  ], [  (1, 2)(3, 4)(5, 6)(7, 8)(9, 10)(11, 12)(13, 
14)(15, 16)(17, 18)(19, 20)(21, 22)(23, 24),  (1, 2)(3, 4)(5, 6)(7, 8)(9, 10)(11, 12)(13, 14)(15, 16)(17, 18)(19, 20)(21, 22)(23, 24),  ], [  
(1, 9, 5)(2, 10, 6)(3, 11, 7)(4, 12, 8)(13, 21, 17)(14, 22, 18)(15, 23, 19)(16, 24, 20),  (1, 5, 9)(2, 6, 10)(3, 7, 11)(4, 8, 12)(13, 17, 
21)(14, 18, 22)(15, 19, 23)(16, 20, 24),  ], [  (1, 13, 3, 15, 2, 14, 4, 16)(5, 17, 7, 19, 6, 18, 8, 20)(9, 21, 11, 23, 10, 22, 12, 24),  (1, 
15, 3, 14, 2, 16, 4, 13)(5, 19, 7, 18, 6, 20, 8, 17)(9, 23, 11, 22, 10, 24, 12, 21),  ], [  (1, 3, 2, 4)(5, 7, 6, 8)(9, 11, 10, 12)(13, 15, 
14, 16)(17, 19, 18, 20)(21, 23, 22, 24),  (1, 4, 2, 3)(5, 8, 6, 7)(9, 12, 10, 11)(13, 16, 14, 15)(17, 20, 18, 19)(21, 24, 22, 23),  ], [  (1, 
5, 9)(2, 6, 10)(3, 7, 11)(4, 8, 12)(13, 17, 21)(14, 18, 22)(15, 19, 23)(16, 20, 24),  (1, 9, 5)(2, 10, 6)(3, 11, 7)(4, 12, 8)(13, 21, 17)(14, 
22, 18)(15, 23, 19)(16, 24, 20),  ], [  (1, 16, 4, 14, 2, 15, 3, 13)(5, 20, 8, 18, 6, 19, 7, 17)(9, 24, 12, 22, 10, 23, 11, 21),  (1, 14, 4, 
15, 2, 13, 3, 16)(5, 18, 8, 19, 6, 17, 7, 20)(9, 22, 12, 23, 10, 21, 11, 24),  ], [  (1, 23, 8, 13, 10, 20, 3, 22, 5, 15, 12, 17, 2, 24, 7, 
14, 9, 19, 4, 21, 6, 16, 11, 18),  (1, 17, 12, 16, 6, 22, 3, 19, 9, 13, 8, 24, 2, 18, 11, 15, 5, 21, 4, 20, 10, 14, 7, 23),  ], [  (1, 14, 3, 
16, 2, 13, 4, 15)(5, 18, 7, 20, 6, 17, 8, 19)(9, 22, 11, 24, 10, 21, 12, 23),  (1, 16, 3, 13, 2, 15, 4, 14)(5, 20, 7, 17, 6, 19, 8, 18)(9, 24,
11, 21, 10, 23, 12, 22),  ], [  (1, 19, 12, 13, 6, 24, 3, 18, 9, 15, 8, 21, 2, 20, 11, 14, 5, 23, 4, 17, 10, 16, 7, 22),  (1, 21, 8, 16, 10, 
18, 3, 23, 5, 13, 12, 20, 2, 22, 7, 15, 9, 17, 4, 24, 6, 14, 11, 19),  ], [  (1, 12, 6, 3, 9, 8, 2, 11, 5, 4, 10, 7)(13, 24, 18, 15, 21, 20, 
14, 23, 17, 16, 22, 19),  (1, 7, 10, 4, 5, 11, 2, 8, 9, 3, 6, 12)(13, 19, 22, 16, 17, 23, 14, 20, 21, 15, 18, 24),  ], [  (1, 8, 10, 3, 5, 12,
2, 7, 9, 4, 6, 11)(13, 20, 22, 15, 17, 24, 14, 19, 21, 16, 18, 23),  (1, 11, 6, 4, 9, 7, 2, 12, 5, 3, 10, 8)(13, 23, 18, 16, 21, 19, 14, 24, 
17, 15, 22, 20),  ], [  (1, 10, 5, 2, 9, 6)(3, 12, 7, 4, 11, 8)(13, 22, 17, 14, 21, 18)(15, 24, 19, 16, 23, 20),  (1, 6, 9, 2, 5, 10)(3, 8, 
11, 4, 7, 12)(13, 18, 21, 14, 17, 22)(15, 20, 23, 16, 19, 24),  ], [  (1, 6, 9, 2, 5, 10)(3, 8, 11, 4, 7, 12)(13, 18, 21, 14, 17, 22)(15, 20, 
23, 16, 19, 24),  (1, 10, 5, 2, 9, 6)(3, 12, 7, 4, 11, 8)(13, 22, 17, 14, 21, 18)(15, 24, 19, 16, 23, 20),  ], [  (1, 21, 7, 15, 10, 18, 4, 
24, 5, 13, 11, 19, 2, 22, 8, 16, 9, 17, 3, 23, 6, 14, 12, 20),  (1, 19, 11, 14, 6, 24, 4, 17, 9, 15, 7, 22, 2, 20, 12, 13, 5, 23, 3, 18, 10, 
16, 8, 21),  ], [  (1, 11, 6, 4, 9, 7, 2, 12, 5, 3, 10, 8)(13, 23, 18, 16, 21, 19, 14, 24, 17, 15, 22, 20),  (1, 8, 10, 3, 5, 12, 2, 7, 9, 4, 
6, 11)(13, 20, 22, 15, 17, 24, 14, 19, 21, 16, 18, 23),  ], [  (1, 17, 11, 15, 6, 22, 4, 20, 9, 13, 7, 23, 2, 18, 12, 16, 5, 21, 3, 19, 10, 
14, 8, 24),  (1, 23, 7, 14, 10, 20, 4, 21, 5, 15, 11, 18, 2, 24, 8, 13, 9, 19, 3, 22, 6, 16, 12, 17),  ], [  (1, 7, 10, 4, 5, 11, 2, 8, 9, 3, 
6, 12)(13, 19, 22, 16, 17, 23, 14, 20, 21, 15, 18, 24),  (1, 12, 6, 3, 9, 8, 2, 11, 5, 4, 10, 7)(13, 24, 18, 15, 21, 20, 14, 23, 17, 16, 22, 
19),  ], [  (1, 24, 8, 14, 10, 19, 3, 21, 5, 16, 12, 18, 2, 23, 7, 13, 9, 20, 4, 22, 6, 15, 11, 17),  (1, 18, 12, 15, 6, 21, 3, 20, 9, 14, 8, 
23, 2, 17, 11, 16, 5, 22, 4, 19, 10, 13, 7, 24),  ], [  (1, 20, 12, 14, 6, 23, 3, 17, 9, 16, 8, 22, 2, 19, 11, 13, 5, 24, 4, 18, 10, 15, 7, 
21),  (1, 22, 8, 15, 10, 17, 3, 24, 5, 14, 12, 19, 2, 21, 7, 16, 9, 18, 4, 23, 6, 13, 11, 20),  ], [  (1, 22, 7, 16, 10, 17, 4, 23, 5, 14, 11,
20, 2, 21, 8, 15, 9, 18, 3, 24, 6, 13, 12, 19),  (1, 20, 11, 13, 6, 23, 4, 18, 9, 16, 7, 21, 2, 19, 12, 14, 5, 24, 3, 17, 10, 15, 8, 22),  ], 
[  (1, 18, 11, 16, 6, 21, 4, 19, 9, 14, 7, 24, 2, 17, 12, 15, 5, 22, 3, 20, 10, 13, 8, 23),  (1, 24, 7, 13, 10, 19, 4, 22, 5, 16, 11, 17, 2, 
23, 8, 14, 9, 20, 3, 21, 6, 15, 12, 18),  ], ]
);

BRACES[24].brace[2] := rec ( size := 24, perms := [ [  (),  (),  ], [  (1, 15, 4, 13, 2, 16, 3, 14)(5, 19, 8, 17, 6, 20, 7, 18)(9, 23, 12, 21,
10, 24, 11, 22),  (1, 13, 4, 16, 2, 14, 3, 15)(5, 21, 8, 24, 6, 22, 7, 23)(9, 17, 12, 20, 10, 18, 11, 19),  ], [  (1, 4, 2, 3)(5, 8, 6, 7)(9, 
12, 10, 11)(13, 16, 14, 15)(17, 20, 18, 19)(21, 24, 22, 23),  (1, 3, 2, 4)(5, 7, 6, 8)(9, 11, 10, 12)(13, 15, 14, 16)(17, 19, 18, 20)(21, 23, 
22, 24),  ], [  (1, 2)(3, 4)(5, 6)(7, 8)(9, 10)(11, 12)(13, 14)(15, 16)(17, 18)(19, 20)(21, 22)(23, 24),  (1, 2)(3, 4)(5, 6)(7, 8)(9, 10)(11, 
12)(13, 14)(15, 16)(17, 18)(19, 20)(21, 22)(23, 24),  ], [  (1, 9, 5)(2, 10, 6)(3, 11, 7)(4, 12, 8)(13, 21, 17)(14, 22, 18)(15, 23, 19)(16, 
24, 20),  (1, 5, 9)(2, 6, 10)(3, 7, 11)(4, 8, 12)(13, 17, 21)(14, 18, 22)(15, 19, 23)(16, 20, 24),  ], [  (1, 13, 3, 15, 2, 14, 4, 16)(5, 17, 
7, 19, 6, 18, 8, 20)(9, 21, 11, 23, 10, 22, 12, 24),  (1, 15, 3, 14, 2, 16, 4, 13)(5, 23, 7, 22, 6, 24, 8, 21)(9, 19, 11, 18, 10, 20, 12, 17),
], [  (1, 3, 2, 4)(5, 7, 6, 8)(9, 11, 10, 12)(13, 15, 14, 16)(17, 19, 18, 20)(21, 23, 22, 24),  (1, 4, 2, 3)(5, 8, 6, 7)(9, 12, 10, 11)(13, 
16, 14, 15)(17, 20, 18, 19)(21, 24, 22, 23),  ], [  (1, 5, 9)(2, 6, 10)(3, 7, 11)(4, 8, 12)(13, 17, 21)(14, 18, 22)(15, 19, 23)(16, 20, 24),  
(1, 9, 5)(2, 10, 6)(3, 11, 7)(4, 12, 8)(13, 21, 17)(14, 22, 18)(15, 23, 19)(16, 24, 20),  ], [  (1, 16, 4, 14, 2, 15, 3, 13)(5, 20, 8, 18, 6, 
19, 7, 17)(9, 24, 12, 22, 10, 23, 11, 21),  (1, 14, 4, 15, 2, 13, 3, 16)(5, 22, 8, 23, 6, 21, 7, 24)(9, 18, 12, 19, 10, 17, 11, 20),  ], [  
(1, 19, 12, 13, 6, 24, 3, 18, 9, 15, 8, 21, 2, 20, 11, 14, 5, 23, 4, 17, 10, 16, 7, 22),  (1, 17, 4, 20, 2, 18, 3, 19)(5, 13, 8, 16, 6, 14, 7,
15)(9, 21, 12, 24, 10, 22, 11, 23),  ], [  (1, 14, 3, 16, 2, 13, 4, 15)(5, 18, 7, 20, 6, 17, 8, 19)(9, 22, 11, 24, 10, 21, 12, 23),  (1, 16, 
3, 13, 2, 15, 4, 14)(5, 24, 7, 21, 6, 23, 8, 22)(9, 20, 11, 17, 10, 19, 12, 18),  ], [  (1, 23, 8, 13, 10, 20, 3, 22, 5, 15, 12, 17, 2, 24, 7,
14, 9, 19, 4, 21, 6, 16, 11, 18),  (1, 21, 4, 24, 2, 22, 3, 23)(5, 17, 8, 20, 6, 18, 7, 19)(9, 13, 12, 16, 10, 14, 11, 15),  ], [  (1, 12, 6, 
3, 9, 8, 2, 11, 5, 4, 10, 7)(13, 24, 18, 15, 21, 20, 14, 23, 17, 16, 22, 19),  (1, 7, 10, 4, 5, 11, 2, 8, 9, 3, 6, 12)(13, 19, 22, 16, 17, 23,
14, 20, 21, 15, 18, 24),  ], [  (1, 8, 10, 3, 5, 12, 2, 7, 9, 4, 6, 11)(13, 20, 22, 15, 17, 24, 14, 19, 21, 16, 18, 23),  (1, 11, 6, 4, 9, 7, 
2, 12, 5, 3, 10, 8)(13, 23, 18, 16, 21, 19, 14, 24, 17, 15, 22, 20),  ], [  (1, 10, 5, 2, 9, 6)(3, 12, 7, 4, 11, 8)(13, 22, 17, 14, 21, 
18)(15, 24, 19, 16, 23, 20),  (1, 6, 9, 2, 5, 10)(3, 8, 11, 4, 7, 12)(13, 18, 21, 14, 17, 22)(15, 20, 23, 16, 19, 24),  ], [  (1, 6, 9, 2, 5, 
10)(3, 8, 11, 4, 7, 12)(13, 18, 21, 14, 17, 22)(15, 20, 23, 16, 19, 24),  (1, 10, 5, 2, 9, 6)(3, 12, 7, 4, 11, 8)(13, 22, 17, 14, 21, 18)(15, 
24, 19, 16, 23, 20),  ], [  (1, 21, 7, 15, 10, 18, 4, 24, 5, 13, 11, 19, 2, 22, 8, 16, 9, 17, 3, 23, 6, 14, 12, 20),  (1, 23, 3, 22, 2, 24, 4,
21)(5, 19, 7, 18, 6, 20, 8, 17)(9, 15, 11, 14, 10, 16, 12, 13),  ], [  (1, 11, 6, 4, 9, 7, 2, 12, 5, 3, 10, 8)(13, 23, 18, 16, 21, 19, 14, 24,
17, 15, 22, 20),  (1, 8, 10, 3, 5, 12, 2, 7, 9, 4, 6, 11)(13, 20, 22, 15, 17, 24, 14, 19, 21, 16, 18, 23),  ], [  (1, 17, 11, 15, 6, 22, 4, 
20, 9, 13, 7, 23, 2, 18, 12, 16, 5, 21, 3, 19, 10, 14, 8, 24),  (1, 19, 3, 18, 2, 20, 4, 17)(5, 15, 7, 14, 6, 16, 8, 13)(9, 23, 11, 22, 10, 
24, 12, 21),  ], [  (1, 7, 10, 4, 5, 11, 2, 8, 9, 3, 6, 12)(13, 19, 22, 16, 17, 23, 14, 20, 21, 15, 18, 24),  (1, 12, 6, 3, 9, 8, 2, 11, 5, 4,
10, 7)(13, 24, 18, 15, 21, 20, 14, 23, 17, 16, 22, 19),  ], [  (1, 20, 12, 14, 6, 23, 3, 17, 9, 16, 8, 22, 2, 19, 11, 13, 5, 24, 4, 18, 10, 
15, 7, 21),  (1, 18, 4, 19, 2, 17, 3, 20)(5, 14, 8, 15, 6, 13, 7, 16)(9, 22, 12, 23, 10, 21, 11, 24),  ], [  (1, 24, 8, 14, 10, 19, 3, 21, 5, 
16, 12, 18, 2, 23, 7, 13, 9, 20, 4, 22, 6, 15, 11, 17),  (1, 22, 4, 23, 2, 21, 3, 24)(5, 18, 8, 19, 6, 17, 7, 20)(9, 14, 12, 15, 10, 13, 11, 
16),  ], [  (1, 18, 11, 16, 6, 21, 4, 19, 9, 14, 7, 24, 2, 17, 12, 15, 5, 22, 3, 20, 10, 13, 8, 23),  (1, 20, 3, 17, 2, 19, 4, 18)(5, 16, 7, 
13, 6, 15, 8, 14)(9, 24, 11, 21, 10, 23, 12, 22),  ], [  (1, 22, 7, 16, 10, 17, 4, 23, 5, 14, 11, 20, 2, 21, 8, 15, 9, 18, 3, 24, 6, 13, 12, 
19),  (1, 24, 3, 21, 2, 23, 4, 22)(5, 20, 7, 17, 6, 19, 8, 18)(9, 16, 11, 13, 10, 15, 12, 14),  ], ]
);

BRACES[24].brace[3] := rec ( size := 24, perms := [ [  (),  (),  ], [  (1, 13, 3, 15, 2, 14, 4, 16)(5, 17, 7, 19, 6, 18, 8, 20)(9, 21, 11, 23,
10, 22, 12, 24),  (1, 13)(2, 14)(3, 16)(4, 15)(5, 17)(6, 18)(7, 20)(8, 19)(9, 21)(10, 22)(11, 24)(12, 23),  ], [  (1, 4, 2, 3)(5, 8, 6, 7)(9, 
12, 10, 11)(13, 16, 14, 15)(17, 20, 18, 19)(21, 24, 22, 23),  (1, 3, 2, 4)(5, 7, 6, 8)(9, 11, 10, 12)(13, 15, 14, 16)(17, 19, 18, 20)(21, 23, 
22, 24),  ], [  (1, 2)(3, 4)(5, 6)(7, 8)(9, 10)(11, 12)(13, 14)(15, 16)(17, 18)(19, 20)(21, 22)(23, 24),  (1, 2)(3, 4)(5, 6)(7, 8)(9, 10)(11, 
12)(13, 14)(15, 16)(17, 18)(19, 20)(21, 22)(23, 24),  ], [  (1, 9, 5)(2, 10, 6)(3, 11, 7)(4, 12, 8)(13, 21, 17)(14, 22, 18)(15, 23, 19)(16, 
24, 20),  (1, 5, 9)(2, 6, 10)(3, 7, 11)(4, 8, 12)(13, 17, 21)(14, 18, 22)(15, 19, 23)(16, 20, 24),  ], [  (1, 3, 2, 4)(5, 7, 6, 8)(9, 11, 10, 
12)(13, 15, 14, 16)(17, 19, 18, 20)(21, 23, 22, 24),  (1, 4, 2, 3)(5, 8, 6, 7)(9, 12, 10, 11)(13, 16, 14, 15)(17, 20, 18, 19)(21, 24, 22, 23),
], [  (1, 5, 9)(2, 6, 10)(3, 7, 11)(4, 8, 12)(13, 17, 21)(14, 18, 22)(15, 19, 23)(16, 20, 24),  (1, 9, 5)(2, 10, 6)(3, 11, 7)(4, 12, 8)(13, 
21, 17)(14, 22, 18)(15, 23, 19)(16, 24, 20),  ], [  (1, 15, 4, 13, 2, 16, 3, 14)(5, 19, 8, 17, 6, 20, 7, 18)(9, 23, 12, 21, 10, 24, 11, 22),  
(1, 15)(2, 16)(3, 13)(4, 14)(5, 19)(6, 20)(7, 17)(8, 18)(9, 23)(10, 24)(11, 21)(12, 22),  ], [  (1, 14, 3, 16, 2, 13, 4, 15)(5, 18, 7, 20, 6, 
17, 8, 19)(9, 22, 11, 24, 10, 21, 12, 23),  (1, 14)(2, 13)(3, 15)(4, 16)(5, 18)(6, 17)(7, 19)(8, 20)(9, 22)(10, 21)(11, 23)(12, 24),  ], [  
(1, 21, 7, 15, 10, 18, 4, 24, 5, 13, 11, 19, 2, 22, 8, 16, 9, 17, 3, 23, 6, 14, 12, 20),  (1, 17, 9, 13, 5, 21)(2, 18, 10, 14, 6, 22)(3, 20, 
11, 16, 7, 24)(4, 19, 12, 15, 8, 23),  ], [  (1, 16, 4, 14, 2, 15, 3, 13)(5, 20, 8, 18, 6, 19, 7, 17)(9, 24, 12, 22, 10, 23, 11, 21),  (1, 
16)(2, 15)(3, 14)(4, 13)(5, 20)(6, 19)(7, 18)(8, 17)(9, 24)(10, 23)(11, 22)(12, 21),  ], [  (1, 17, 11, 15, 6, 22, 4, 20, 9, 13, 7, 23, 2, 18,
12, 16, 5, 21, 3, 19, 10, 14, 8, 24),  (1, 21, 5, 13, 9, 17)(2, 22, 6, 14, 10, 18)(3, 24, 7, 16, 11, 20)(4, 23, 8, 15, 12, 19),  ], [  (1, 12,
6, 3, 9, 8, 2, 11, 5, 4, 10, 7)(13, 24, 18, 15, 21, 20, 14, 23, 17, 16, 22, 19),  (1, 7, 10, 4, 5, 11, 2, 8, 9, 3, 6, 12)(13, 19, 22, 16, 17, 
23, 14, 20, 21, 15, 18, 24),  ], [  (1, 8, 10, 3, 5, 12, 2, 7, 9, 4, 6, 11)(13, 20, 22, 15, 17, 24, 14, 19, 21, 16, 18, 23),  (1, 11, 6, 4, 9,
7, 2, 12, 5, 3, 10, 8)(13, 23, 18, 16, 21, 19, 14, 24, 17, 15, 22, 20),  ], [  (1, 10, 5, 2, 9, 6)(3, 12, 7, 4, 11, 8)(13, 22, 17, 14, 21, 
18)(15, 24, 19, 16, 23, 20),  (1, 6, 9, 2, 5, 10)(3, 8, 11, 4, 7, 12)(13, 18, 21, 14, 17, 22)(15, 20, 23, 16, 19, 24),  ], [  (1, 6, 9, 2, 5, 
10)(3, 8, 11, 4, 7, 12)(13, 18, 21, 14, 17, 22)(15, 20, 23, 16, 19, 24),  (1, 10, 5, 2, 9, 6)(3, 12, 7, 4, 11, 8)(13, 22, 17, 14, 21, 18)(15, 
24, 19, 16, 23, 20),  ], [  (1, 11, 6, 4, 9, 7, 2, 12, 5, 3, 10, 8)(13, 23, 18, 16, 21, 19, 14, 24, 17, 15, 22, 20),  (1, 8, 10, 3, 5, 12, 2, 
7, 9, 4, 6, 11)(13, 20, 22, 15, 17, 24, 14, 19, 21, 16, 18, 23),  ], [  (1, 7, 10, 4, 5, 11, 2, 8, 9, 3, 6, 12)(13, 19, 22, 16, 17, 23, 14, 
20, 21, 15, 18, 24),  (1, 12, 6, 3, 9, 8, 2, 11, 5, 4, 10, 7)(13, 24, 18, 15, 21, 20, 14, 23, 17, 16, 22, 19),  ], [  (1, 23, 8, 13, 10, 20, 
3, 22, 5, 15, 12, 17, 2, 24, 7, 14, 9, 19, 4, 21, 6, 16, 11, 18),  (1, 19, 9, 15, 5, 23)(2, 20, 10, 16, 6, 24)(3, 17, 11, 13, 7, 21)(4, 18, 
12, 14, 8, 22),  ], [  (1, 19, 12, 13, 6, 24, 3, 18, 9, 15, 8, 21, 2, 20, 11, 14, 5, 23, 4, 17, 10, 16, 7, 22),  (1, 23, 5, 15, 9, 19)(2, 24, 
6, 16, 10, 20)(3, 21, 7, 13, 11, 17)(4, 22, 8, 14, 12, 18),  ], [  (1, 22, 7, 16, 10, 17, 4, 23, 5, 14, 11, 20, 2, 21, 8, 15, 9, 18, 3, 24, 6,
13, 12, 19),  (1, 18, 9, 14, 5, 22)(2, 17, 10, 13, 6, 21)(3, 19, 11, 15, 7, 23)(4, 20, 12, 16, 8, 24),  ], [  (1, 18, 11, 16, 6, 21, 4, 19, 9,
14, 7, 24, 2, 17, 12, 15, 5, 22, 3, 20, 10, 13, 8, 23),  (1, 22, 5, 14, 9, 18)(2, 21, 6, 13, 10, 17)(3, 23, 7, 15, 11, 19)(4, 24, 8, 16, 12, 
20),  ], [  (1, 24, 8, 14, 10, 19, 3, 21, 5, 16, 12, 18, 2, 23, 7, 13, 9, 20, 4, 22, 6, 15, 11, 17),  (1, 20, 9, 16, 5, 24)(2, 19, 10, 15, 6, 
23)(3, 18, 11, 14, 7, 22)(4, 17, 12, 13, 8, 21),  ], [  (1, 20, 12, 14, 6, 23, 3, 17, 9, 16, 8, 22, 2, 19, 11, 13, 5, 24, 4, 18, 10, 15, 7, 
21),  (1, 24, 5, 16, 9, 20)(2, 23, 6, 15, 10, 19)(3, 22, 7, 14, 11, 18)(4, 21, 8, 13, 12, 17),  ], ]
);

BRACES[24].brace[4] := rec ( size := 24, perms := [ [  (),  (),  ], [  (1, 13, 3, 15, 2, 14, 4, 16)(5, 17, 7, 19, 6, 18, 8, 20)(9, 21, 11, 23,
10, 22, 12, 24),  (1, 13)(2, 14)(3, 16)(4, 15)(5, 21)(6, 22)(7, 24)(8, 23)(9, 17)(10, 18)(11, 20)(12, 19),  ], [  (1, 4, 2, 3)(5, 8, 6, 7)(9, 
12, 10, 11)(13, 16, 14, 15)(17, 20, 18, 19)(21, 24, 22, 23),  (1, 3, 2, 4)(5, 7, 6, 8)(9, 11, 10, 12)(13, 15, 14, 16)(17, 19, 18, 20)(21, 23, 
22, 24),  ], [  (1, 2)(3, 4)(5, 6)(7, 8)(9, 10)(11, 12)(13, 14)(15, 16)(17, 18)(19, 20)(21, 22)(23, 24),  (1, 2)(3, 4)(5, 6)(7, 8)(9, 10)(11, 
12)(13, 14)(15, 16)(17, 18)(19, 20)(21, 22)(23, 24),  ], [  (1, 9, 5)(2, 10, 6)(3, 11, 7)(4, 12, 8)(13, 21, 17)(14, 22, 18)(15, 23, 19)(16, 
24, 20),  (1, 5, 9)(2, 6, 10)(3, 7, 11)(4, 8, 12)(13, 17, 21)(14, 18, 22)(15, 19, 23)(16, 20, 24),  ], [  (1, 3, 2, 4)(5, 7, 6, 8)(9, 11, 10, 
12)(13, 15, 14, 16)(17, 19, 18, 20)(21, 23, 22, 24),  (1, 4, 2, 3)(5, 8, 6, 7)(9, 12, 10, 11)(13, 16, 14, 15)(17, 20, 18, 19)(21, 24, 22, 23),
], [  (1, 5, 9)(2, 6, 10)(3, 7, 11)(4, 8, 12)(13, 17, 21)(14, 18, 22)(15, 19, 23)(16, 20, 24),  (1, 9, 5)(2, 10, 6)(3, 11, 7)(4, 12, 8)(13, 
21, 17)(14, 22, 18)(15, 23, 19)(16, 24, 20),  ], [  (1, 15, 4, 13, 2, 16, 3, 14)(5, 19, 8, 17, 6, 20, 7, 18)(9, 23, 12, 21, 10, 24, 11, 22),  
(1, 15)(2, 16)(3, 13)(4, 14)(5, 23)(6, 24)(7, 21)(8, 22)(9, 19)(10, 20)(11, 17)(12, 18),  ], [  (1, 14, 3, 16, 2, 13, 4, 15)(5, 18, 7, 20, 6, 
17, 8, 19)(9, 22, 11, 24, 10, 21, 12, 23),  (1, 14)(2, 13)(3, 15)(4, 16)(5, 22)(6, 21)(7, 23)(8, 24)(9, 18)(10, 17)(11, 19)(12, 20),  ], [  
(1, 17, 11, 15, 6, 22, 4, 20, 9, 13, 7, 23, 2, 18, 12, 16, 5, 21, 3, 19, 10, 14, 8, 24),  (1, 17)(2, 18)(3, 20)(4, 19)(5, 13)(6, 14)(7, 16)(8,
15)(9, 21)(10, 22)(11, 24)(12, 23),  ], [  (1, 16, 4, 14, 2, 15, 3, 13)(5, 20, 8, 18, 6, 19, 7, 17)(9, 24, 12, 22, 10, 23, 11, 21),  (1, 
16)(2, 15)(3, 14)(4, 13)(5, 24)(6, 23)(7, 22)(8, 21)(9, 20)(10, 19)(11, 18)(12, 17),  ], [  (1, 21, 7, 15, 10, 18, 4, 24, 5, 13, 11, 19, 2, 
22, 8, 16, 9, 17, 3, 23, 6, 14, 12, 20),  (1, 21)(2, 22)(3, 24)(4, 23)(5, 17)(6, 18)(7, 20)(8, 19)(9, 13)(10, 14)(11, 16)(12, 15),  ], [  (1, 
12, 6, 3, 9, 8, 2, 11, 5, 4, 10, 7)(13, 24, 18, 15, 21, 20, 14, 23, 17, 16, 22, 19),  (1, 7, 10, 4, 5, 11, 2, 8, 9, 3, 6, 12)(13, 19, 22, 16, 
17, 23, 14, 20, 21, 15, 18, 24),  ], [  (1, 8, 10, 3, 5, 12, 2, 7, 9, 4, 6, 11)(13, 20, 22, 15, 17, 24, 14, 19, 21, 16, 18, 23),  (1, 11, 6, 
4, 9, 7, 2, 12, 5, 3, 10, 8)(13, 23, 18, 16, 21, 19, 14, 24, 17, 15, 22, 20),  ], [  (1, 10, 5, 2, 9, 6)(3, 12, 7, 4, 11, 8)(13, 22, 17, 14, 
21, 18)(15, 24, 19, 16, 23, 20),  (1, 6, 9, 2, 5, 10)(3, 8, 11, 4, 7, 12)(13, 18, 21, 14, 17, 22)(15, 20, 23, 16, 19, 24),  ], [  (1, 6, 9, 2,
5, 10)(3, 8, 11, 4, 7, 12)(13, 18, 21, 14, 17, 22)(15, 20, 23, 16, 19, 24),  (1, 10, 5, 2, 9, 6)(3, 12, 7, 4, 11, 8)(13, 22, 17, 14, 21, 
18)(15, 24, 19, 16, 23, 20),  ], [  (1, 11, 6, 4, 9, 7, 2, 12, 5, 3, 10, 8)(13, 23, 18, 16, 21, 19, 14, 24, 17, 15, 22, 20),  (1, 8, 10, 3, 5,
12, 2, 7, 9, 4, 6, 11)(13, 20, 22, 15, 17, 24, 14, 19, 21, 16, 18, 23),  ], [  (1, 7, 10, 4, 5, 11, 2, 8, 9, 3, 6, 12)(13, 19, 22, 16, 17, 23,
14, 20, 21, 15, 18, 24),  (1, 12, 6, 3, 9, 8, 2, 11, 5, 4, 10, 7)(13, 24, 18, 15, 21, 20, 14, 23, 17, 16, 22, 19),  ], [  (1, 19, 12, 13, 6, 
24, 3, 18, 9, 15, 8, 21, 2, 20, 11, 14, 5, 23, 4, 17, 10, 16, 7, 22),  (1, 19)(2, 20)(3, 17)(4, 18)(5, 15)(6, 16)(7, 13)(8, 14)(9, 23)(10, 
24)(11, 21)(12, 22),  ], [  (1, 23, 8, 13, 10, 20, 3, 22, 5, 15, 12, 17, 2, 24, 7, 14, 9, 19, 4, 21, 6, 16, 11, 18),  (1, 23)(2, 24)(3, 21)(4,
22)(5, 19)(6, 20)(7, 17)(8, 18)(9, 15)(10, 16)(11, 13)(12, 14),  ], [  (1, 18, 11, 16, 6, 21, 4, 19, 9, 14, 7, 24, 2, 17, 12, 15, 5, 22, 3, 
20, 10, 13, 8, 23),  (1, 18)(2, 17)(3, 19)(4, 20)(5, 14)(6, 13)(7, 15)(8, 16)(9, 22)(10, 21)(11, 23)(12, 24),  ], [  (1, 22, 7, 16, 10, 17, 4,
23, 5, 14, 11, 20, 2, 21, 8, 15, 9, 18, 3, 24, 6, 13, 12, 19),  (1, 22)(2, 21)(3, 23)(4, 24)(5, 18)(6, 17)(7, 19)(8, 20)(9, 14)(10, 13)(11, 
15)(12, 16),  ], [  (1, 20, 12, 14, 6, 23, 3, 17, 9, 16, 8, 22, 2, 19, 11, 13, 5, 24, 4, 18, 10, 15, 7, 21),  (1, 20)(2, 19)(3, 18)(4, 17)(5, 
16)(6, 15)(7, 14)(8, 13)(9, 24)(10, 23)(11, 22)(12, 21),  ], [  (1, 24, 8, 14, 10, 19, 3, 21, 5, 16, 12, 18, 2, 23, 7, 13, 9, 20, 4, 22, 6, 
15, 11, 17),  (1, 24)(2, 23)(3, 22)(4, 21)(5, 20)(6, 19)(7, 18)(8, 17)(9, 16)(10, 15)(11, 14)(12, 13),  ], ]
);

BRACES[24].brace[5] := rec ( size := 24, perms := [ [  (),  (),  ], [  (1, 16, 4, 14, 2, 15, 3, 13)(5, 20, 8, 18, 6, 19, 7, 17)(9, 24, 12, 22,
10, 23, 11, 21),  (1, 13, 3, 15, 2, 14, 4, 16)(5, 21, 7, 23, 6, 22, 8, 24)(9, 17, 11, 19, 10, 18, 12, 20),  ], [  (1, 4, 2, 3)(5, 8, 6, 7)(9, 
12, 10, 11)(13, 16, 14, 15)(17, 20, 18, 19)(21, 24, 22, 23),  (1, 3, 2, 4)(5, 7, 6, 8)(9, 11, 10, 12)(13, 15, 14, 16)(17, 19, 18, 20)(21, 23, 
22, 24),  ], [  (1, 2)(3, 4)(5, 6)(7, 8)(9, 10)(11, 12)(13, 14)(15, 16)(17, 18)(19, 20)(21, 22)(23, 24),  (1, 2)(3, 4)(5, 6)(7, 8)(9, 10)(11, 
12)(13, 14)(15, 16)(17, 18)(19, 20)(21, 22)(23, 24),  ], [  (1, 9, 5)(2, 10, 6)(3, 11, 7)(4, 12, 8)(13, 21, 17)(14, 22, 18)(15, 23, 19)(16, 
24, 20),  (1, 5, 9)(2, 6, 10)(3, 7, 11)(4, 8, 12)(13, 17, 21)(14, 18, 22)(15, 19, 23)(16, 20, 24),  ], [  (1, 13, 3, 15, 2, 14, 4, 16)(5, 17, 
7, 19, 6, 18, 8, 20)(9, 21, 11, 23, 10, 22, 12, 24),  (1, 16, 4, 14, 2, 15, 3, 13)(5, 24, 8, 22, 6, 23, 7, 21)(9, 20, 12, 18, 10, 19, 11, 17),
], [  (1, 3, 2, 4)(5, 7, 6, 8)(9, 11, 10, 12)(13, 15, 14, 16)(17, 19, 18, 20)(21, 23, 22, 24),  (1, 4, 2, 3)(5, 8, 6, 7)(9, 12, 10, 11)(13, 
16, 14, 15)(17, 20, 18, 19)(21, 24, 22, 23),  ], [  (1, 5, 9)(2, 6, 10)(3, 7, 11)(4, 8, 12)(13, 17, 21)(14, 18, 22)(15, 19, 23)(16, 20, 24),  
(1, 9, 5)(2, 10, 6)(3, 11, 7)(4, 12, 8)(13, 21, 17)(14, 22, 18)(15, 23, 19)(16, 24, 20),  ], [  (1, 14, 3, 16, 2, 13, 4, 15)(5, 18, 7, 20, 6, 
17, 8, 19)(9, 22, 11, 24, 10, 21, 12, 23),  (1, 15, 4, 13, 2, 16, 3, 14)(5, 23, 8, 21, 6, 24, 7, 22)(9, 19, 12, 17, 10, 20, 11, 18),  ], [  
(1, 15, 4, 13, 2, 16, 3, 14)(5, 19, 8, 17, 6, 20, 7, 18)(9, 23, 12, 21, 10, 24, 11, 22),  (1, 14, 3, 16, 2, 13, 4, 15)(5, 22, 7, 24, 6, 21, 8,
23)(9, 18, 11, 20, 10, 17, 12, 19),  ], [  (1, 20, 12, 14, 6, 23, 3, 17, 9, 16, 8, 22, 2, 19, 11, 13, 5, 24, 4, 18, 10, 15, 7, 21),  (1, 17, 
3, 19, 2, 18, 4, 20)(5, 13, 7, 15, 6, 14, 8, 16)(9, 21, 11, 23, 10, 22, 12, 24),  ], [  (1, 24, 8, 14, 10, 19, 3, 21, 5, 16, 12, 18, 2, 23, 7,
13, 9, 20, 4, 22, 6, 15, 11, 17),  (1, 21, 3, 23, 2, 22, 4, 24)(5, 17, 7, 19, 6, 18, 8, 20)(9, 13, 11, 15, 10, 14, 12, 16),  ], [  (1, 12, 6, 
3, 9, 8, 2, 11, 5, 4, 10, 7)(13, 24, 18, 15, 21, 20, 14, 23, 17, 16, 22, 19),  (1, 7, 10, 4, 5, 11, 2, 8, 9, 3, 6, 12)(13, 19, 22, 16, 17, 23,
14, 20, 21, 15, 18, 24),  ], [  (1, 8, 10, 3, 5, 12, 2, 7, 9, 4, 6, 11)(13, 20, 22, 15, 17, 24, 14, 19, 21, 16, 18, 23),  (1, 11, 6, 4, 9, 7, 
2, 12, 5, 3, 10, 8)(13, 23, 18, 16, 21, 19, 14, 24, 17, 15, 22, 20),  ], [  (1, 10, 5, 2, 9, 6)(3, 12, 7, 4, 11, 8)(13, 22, 17, 14, 21, 
18)(15, 24, 19, 16, 23, 20),  (1, 6, 9, 2, 5, 10)(3, 8, 11, 4, 7, 12)(13, 18, 21, 14, 17, 22)(15, 20, 23, 16, 19, 24),  ], [  (1, 6, 9, 2, 5, 
10)(3, 8, 11, 4, 7, 12)(13, 18, 21, 14, 17, 22)(15, 20, 23, 16, 19, 24),  (1, 10, 5, 2, 9, 6)(3, 12, 7, 4, 11, 8)(13, 22, 17, 14, 21, 18)(15, 
24, 19, 16, 23, 20),  ], [  (1, 21, 7, 15, 10, 18, 4, 24, 5, 13, 11, 19, 2, 22, 8, 16, 9, 17, 3, 23, 6, 14, 12, 20),  (1, 24, 4, 22, 2, 23, 3,
21)(5, 20, 8, 18, 6, 19, 7, 17)(9, 16, 12, 14, 10, 15, 11, 13),  ], [  (1, 11, 6, 4, 9, 7, 2, 12, 5, 3, 10, 8)(13, 23, 18, 16, 21, 19, 14, 24,
17, 15, 22, 20),  (1, 8, 10, 3, 5, 12, 2, 7, 9, 4, 6, 11)(13, 20, 22, 15, 17, 24, 14, 19, 21, 16, 18, 23),  ], [  (1, 17, 11, 15, 6, 22, 4, 
20, 9, 13, 7, 23, 2, 18, 12, 16, 5, 21, 3, 19, 10, 14, 8, 24),  (1, 20, 4, 18, 2, 19, 3, 17)(5, 16, 8, 14, 6, 15, 7, 13)(9, 24, 12, 22, 10, 
23, 11, 21),  ], [  (1, 7, 10, 4, 5, 11, 2, 8, 9, 3, 6, 12)(13, 19, 22, 16, 17, 23, 14, 20, 21, 15, 18, 24),  (1, 12, 6, 3, 9, 8, 2, 11, 5, 4,
10, 7)(13, 24, 18, 15, 21, 20, 14, 23, 17, 16, 22, 19),  ], [  (1, 18, 11, 16, 6, 21, 4, 19, 9, 14, 7, 24, 2, 17, 12, 15, 5, 22, 3, 20, 10, 
13, 8, 23),  (1, 19, 4, 17, 2, 20, 3, 18)(5, 15, 8, 13, 6, 16, 7, 14)(9, 23, 12, 21, 10, 24, 11, 22),  ], [  (1, 22, 7, 16, 10, 17, 4, 23, 5, 
14, 11, 20, 2, 21, 8, 15, 9, 18, 3, 24, 6, 13, 12, 19),  (1, 23, 4, 21, 2, 24, 3, 22)(5, 19, 8, 17, 6, 20, 7, 18)(9, 15, 12, 13, 10, 16, 11, 
14),  ], [  (1, 19, 12, 13, 6, 24, 3, 18, 9, 15, 8, 21, 2, 20, 11, 14, 5, 23, 4, 17, 10, 16, 7, 22),  (1, 18, 3, 20, 2, 17, 4, 19)(5, 14, 7, 
16, 6, 13, 8, 15)(9, 22, 11, 24, 10, 21, 12, 23),  ], [  (1, 23, 8, 13, 10, 20, 3, 22, 5, 15, 12, 17, 2, 24, 7, 14, 9, 19, 4, 21, 6, 16, 11, 
18),  (1, 22, 3, 24, 2, 21, 4, 23)(5, 18, 7, 20, 6, 17, 8, 19)(9, 14, 11, 16, 10, 13, 12, 15),  ], ]
);

BRACES[24].brace[6] := rec ( size := 24, perms := [ [  (),  (),  ], [  (1, 14, 3, 16, 2, 13, 4, 15)(5, 18, 7, 20, 6, 17, 8, 19)(9, 22, 11, 24,
10, 21, 12, 23),  (1, 13, 2, 14)(3, 16, 4, 15)(5, 21, 6, 22)(7, 24, 8, 23)(9, 17, 10, 18)(11, 20, 12, 19),  ], [  (1, 4, 2, 3)(5, 8, 6, 7)(9, 
12, 10, 11)(13, 16, 14, 15)(17, 20, 18, 19)(21, 24, 22, 23),  (1, 3, 2, 4)(5, 7, 6, 8)(9, 11, 10, 12)(13, 15, 14, 16)(17, 19, 18, 20)(21, 23, 
22, 24),  ], [  (1, 2)(3, 4)(5, 6)(7, 8)(9, 10)(11, 12)(13, 14)(15, 16)(17, 18)(19, 20)(21, 22)(23, 24),  (1, 2)(3, 4)(5, 6)(7, 8)(9, 10)(11, 
12)(13, 14)(15, 16)(17, 18)(19, 20)(21, 22)(23, 24),  ], [  (1, 9, 5)(2, 10, 6)(3, 11, 7)(4, 12, 8)(13, 21, 17)(14, 22, 18)(15, 23, 19)(16, 
24, 20),  (1, 5, 9)(2, 6, 10)(3, 7, 11)(4, 8, 12)(13, 17, 21)(14, 18, 22)(15, 19, 23)(16, 20, 24),  ], [  (1, 13, 3, 15, 2, 14, 4, 16)(5, 17, 
7, 19, 6, 18, 8, 20)(9, 21, 11, 23, 10, 22, 12, 24),  (1, 14, 2, 13)(3, 15, 4, 16)(5, 22, 6, 21)(7, 23, 8, 24)(9, 18, 10, 17)(11, 19, 12, 20),
], [  (1, 3, 2, 4)(5, 7, 6, 8)(9, 11, 10, 12)(13, 15, 14, 16)(17, 19, 18, 20)(21, 23, 22, 24),  (1, 4, 2, 3)(5, 8, 6, 7)(9, 12, 10, 11)(13, 
16, 14, 15)(17, 20, 18, 19)(21, 24, 22, 23),  ], [  (1, 5, 9)(2, 6, 10)(3, 7, 11)(4, 8, 12)(13, 17, 21)(14, 18, 22)(15, 19, 23)(16, 20, 24),  
(1, 9, 5)(2, 10, 6)(3, 11, 7)(4, 12, 8)(13, 21, 17)(14, 22, 18)(15, 23, 19)(16, 24, 20),  ], [  (1, 16, 4, 14, 2, 15, 3, 13)(5, 20, 8, 18, 6, 
19, 7, 17)(9, 24, 12, 22, 10, 23, 11, 21),  (1, 15, 2, 16)(3, 13, 4, 14)(5, 23, 6, 24)(7, 21, 8, 22)(9, 19, 10, 20)(11, 17, 12, 18),  ], [  
(1, 18, 11, 16, 6, 21, 4, 19, 9, 14, 7, 24, 2, 17, 12, 15, 5, 22, 3, 20, 10, 13, 8, 23),  (1, 17, 2, 18)(3, 20, 4, 19)(5, 13, 6, 14)(7, 16, 8,
15)(9, 21, 10, 22)(11, 24, 12, 23),  ], [  (1, 15, 4, 13, 2, 16, 3, 14)(5, 19, 8, 17, 6, 20, 7, 18)(9, 23, 12, 21, 10, 24, 11, 22),  (1, 16, 
2, 15)(3, 14, 4, 13)(5, 24, 6, 23)(7, 22, 8, 21)(9, 20, 10, 19)(11, 18, 12, 17),  ], [  (1, 22, 7, 16, 10, 17, 4, 23, 5, 14, 11, 20, 2, 21, 8,
15, 9, 18, 3, 24, 6, 13, 12, 19),  (1, 21, 2, 22)(3, 24, 4, 23)(5, 17, 6, 18)(7, 20, 8, 19)(9, 13, 10, 14)(11, 16, 12, 15),  ], [  (1, 12, 6, 
3, 9, 8, 2, 11, 5, 4, 10, 7)(13, 24, 18, 15, 21, 20, 14, 23, 17, 16, 22, 19),  (1, 7, 10, 4, 5, 11, 2, 8, 9, 3, 6, 12)(13, 19, 22, 16, 17, 23,
14, 20, 21, 15, 18, 24),  ], [  (1, 8, 10, 3, 5, 12, 2, 7, 9, 4, 6, 11)(13, 20, 22, 15, 17, 24, 14, 19, 21, 16, 18, 23),  (1, 11, 6, 4, 9, 7, 
2, 12, 5, 3, 10, 8)(13, 23, 18, 16, 21, 19, 14, 24, 17, 15, 22, 20),  ], [  (1, 10, 5, 2, 9, 6)(3, 12, 7, 4, 11, 8)(13, 22, 17, 14, 21, 
18)(15, 24, 19, 16, 23, 20),  (1, 6, 9, 2, 5, 10)(3, 8, 11, 4, 7, 12)(13, 18, 21, 14, 17, 22)(15, 20, 23, 16, 19, 24),  ], [  (1, 6, 9, 2, 5, 
10)(3, 8, 11, 4, 7, 12)(13, 18, 21, 14, 17, 22)(15, 20, 23, 16, 19, 24),  (1, 10, 5, 2, 9, 6)(3, 12, 7, 4, 11, 8)(13, 22, 17, 14, 21, 18)(15, 
24, 19, 16, 23, 20),  ], [  (1, 21, 7, 15, 10, 18, 4, 24, 5, 13, 11, 19, 2, 22, 8, 16, 9, 17, 3, 23, 6, 14, 12, 20),  (1, 22, 2, 21)(3, 23, 4,
24)(5, 18, 6, 17)(7, 19, 8, 20)(9, 14, 10, 13)(11, 15, 12, 16),  ], [  (1, 11, 6, 4, 9, 7, 2, 12, 5, 3, 10, 8)(13, 23, 18, 16, 21, 19, 14, 24,
17, 15, 22, 20),  (1, 8, 10, 3, 5, 12, 2, 7, 9, 4, 6, 11)(13, 20, 22, 15, 17, 24, 14, 19, 21, 16, 18, 23),  ], [  (1, 17, 11, 15, 6, 22, 4, 
20, 9, 13, 7, 23, 2, 18, 12, 16, 5, 21, 3, 19, 10, 14, 8, 24),  (1, 18, 2, 17)(3, 19, 4, 20)(5, 14, 6, 13)(7, 15, 8, 16)(9, 22, 10, 21)(11, 
23, 12, 24),  ], [  (1, 7, 10, 4, 5, 11, 2, 8, 9, 3, 6, 12)(13, 19, 22, 16, 17, 23, 14, 20, 21, 15, 18, 24),  (1, 12, 6, 3, 9, 8, 2, 11, 5, 4,
10, 7)(13, 24, 18, 15, 21, 20, 14, 23, 17, 16, 22, 19),  ], [  (1, 20, 12, 14, 6, 23, 3, 17, 9, 16, 8, 22, 2, 19, 11, 13, 5, 24, 4, 18, 10, 
15, 7, 21),  (1, 19, 2, 20)(3, 17, 4, 18)(5, 15, 6, 16)(7, 13, 8, 14)(9, 23, 10, 24)(11, 21, 12, 22),  ], [  (1, 24, 8, 14, 10, 19, 3, 21, 5, 
16, 12, 18, 2, 23, 7, 13, 9, 20, 4, 22, 6, 15, 11, 17),  (1, 23, 2, 24)(3, 21, 4, 22)(5, 19, 6, 20)(7, 17, 8, 18)(9, 15, 10, 16)(11, 13, 12, 
14),  ], [  (1, 19, 12, 13, 6, 24, 3, 18, 9, 15, 8, 21, 2, 20, 11, 14, 5, 23, 4, 17, 10, 16, 7, 22),  (1, 20, 2, 19)(3, 18, 4, 17)(5, 16, 6, 
15)(7, 14, 8, 13)(9, 24, 10, 23)(11, 22, 12, 21),  ], [  (1, 23, 8, 13, 10, 20, 3, 22, 5, 15, 12, 17, 2, 24, 7, 14, 9, 19, 4, 21, 6, 16, 11, 
18),  (1, 24, 2, 23)(3, 22, 4, 21)(5, 20, 6, 19)(7, 18, 8, 17)(9, 16, 10, 15)(11, 14, 12, 13),  ], ]
);

BRACES[24].brace[7] := rec ( size := 24, perms := [ [  (),  (),  ], [  (1, 14, 3, 16, 2, 13, 4, 15)(5, 18, 7, 20, 6, 17, 8, 19)(9, 22, 11, 24,
10, 21, 12, 23),  (1, 13, 2, 14)(3, 16, 4, 15)(5, 17, 6, 18)(7, 20, 8, 19)(9, 21, 10, 22)(11, 24, 12, 23),  ], [  (1, 4, 2, 3)(5, 8, 6, 7)(9, 
12, 10, 11)(13, 16, 14, 15)(17, 20, 18, 19)(21, 24, 22, 23),  (1, 3, 2, 4)(5, 7, 6, 8)(9, 11, 10, 12)(13, 15, 14, 16)(17, 19, 18, 20)(21, 23, 
22, 24),  ], [  (1, 2)(3, 4)(5, 6)(7, 8)(9, 10)(11, 12)(13, 14)(15, 16)(17, 18)(19, 20)(21, 22)(23, 24),  (1, 2)(3, 4)(5, 6)(7, 8)(9, 10)(11, 
12)(13, 14)(15, 16)(17, 18)(19, 20)(21, 22)(23, 24),  ], [  (1, 9, 5)(2, 10, 6)(3, 11, 7)(4, 12, 8)(13, 21, 17)(14, 22, 18)(15, 23, 19)(16, 
24, 20),  (1, 5, 9)(2, 6, 10)(3, 7, 11)(4, 8, 12)(13, 17, 21)(14, 18, 22)(15, 19, 23)(16, 20, 24),  ], [  (1, 13, 3, 15, 2, 14, 4, 16)(5, 17, 
7, 19, 6, 18, 8, 20)(9, 21, 11, 23, 10, 22, 12, 24),  (1, 14, 2, 13)(3, 15, 4, 16)(5, 18, 6, 17)(7, 19, 8, 20)(9, 22, 10, 21)(11, 23, 12, 24),
], [  (1, 3, 2, 4)(5, 7, 6, 8)(9, 11, 10, 12)(13, 15, 14, 16)(17, 19, 18, 20)(21, 23, 22, 24),  (1, 4, 2, 3)(5, 8, 6, 7)(9, 12, 10, 11)(13, 
16, 14, 15)(17, 20, 18, 19)(21, 24, 22, 23),  ], [  (1, 5, 9)(2, 6, 10)(3, 7, 11)(4, 8, 12)(13, 17, 21)(14, 18, 22)(15, 19, 23)(16, 20, 24),  
(1, 9, 5)(2, 10, 6)(3, 11, 7)(4, 12, 8)(13, 21, 17)(14, 22, 18)(15, 23, 19)(16, 24, 20),  ], [  (1, 16, 4, 14, 2, 15, 3, 13)(5, 20, 8, 18, 6, 
19, 7, 17)(9, 24, 12, 22, 10, 23, 11, 21),  (1, 15, 2, 16)(3, 13, 4, 14)(5, 19, 6, 20)(7, 17, 8, 18)(9, 23, 10, 24)(11, 21, 12, 22),  ], [  
(1, 22, 7, 16, 10, 17, 4, 23, 5, 14, 11, 20, 2, 21, 8, 15, 9, 18, 3, 24, 6, 13, 12, 19),  (1, 17, 10, 14, 5, 21, 2, 18, 9, 13, 6, 22)(3, 20, 
12, 15, 7, 24, 4, 19, 11, 16, 8, 23),  ], [  (1, 15, 4, 13, 2, 16, 3, 14)(5, 19, 8, 17, 6, 20, 7, 18)(9, 23, 12, 21, 10, 24, 11, 22),  (1, 16,
2, 15)(3, 14, 4, 13)(5, 20, 6, 19)(7, 18, 8, 17)(9, 24, 10, 23)(11, 22, 12, 21),  ], [  (1, 18, 11, 16, 6, 21, 4, 19, 9, 14, 7, 24, 2, 17, 12,
15, 5, 22, 3, 20, 10, 13, 8, 23),  (1, 21, 6, 14, 9, 17, 2, 22, 5, 13, 10, 18)(3, 24, 8, 15, 11, 20, 4, 23, 7, 16, 12, 19),  ], [  (1, 12, 6, 
3, 9, 8, 2, 11, 5, 4, 10, 7)(13, 24, 18, 15, 21, 20, 14, 23, 17, 16, 22, 19),  (1, 7, 10, 4, 5, 11, 2, 8, 9, 3, 6, 12)(13, 19, 22, 16, 17, 23,
14, 20, 21, 15, 18, 24),  ], [  (1, 8, 10, 3, 5, 12, 2, 7, 9, 4, 6, 11)(13, 20, 22, 15, 17, 24, 14, 19, 21, 16, 18, 23),  (1, 11, 6, 4, 9, 7, 
2, 12, 5, 3, 10, 8)(13, 23, 18, 16, 21, 19, 14, 24, 17, 15, 22, 20),  ], [  (1, 10, 5, 2, 9, 6)(3, 12, 7, 4, 11, 8)(13, 22, 17, 14, 21, 
18)(15, 24, 19, 16, 23, 20),  (1, 6, 9, 2, 5, 10)(3, 8, 11, 4, 7, 12)(13, 18, 21, 14, 17, 22)(15, 20, 23, 16, 19, 24),  ], [  (1, 6, 9, 2, 5, 
10)(3, 8, 11, 4, 7, 12)(13, 18, 21, 14, 17, 22)(15, 20, 23, 16, 19, 24),  (1, 10, 5, 2, 9, 6)(3, 12, 7, 4, 11, 8)(13, 22, 17, 14, 21, 18)(15, 
24, 19, 16, 23, 20),  ], [  (1, 21, 7, 15, 10, 18, 4, 24, 5, 13, 11, 19, 2, 22, 8, 16, 9, 17, 3, 23, 6, 14, 12, 20),  (1, 18, 10, 13, 5, 22, 
2, 17, 9, 14, 6, 21)(3, 19, 12, 16, 7, 23, 4, 20, 11, 15, 8, 24),  ], [  (1, 11, 6, 4, 9, 7, 2, 12, 5, 3, 10, 8)(13, 23, 18, 16, 21, 19, 14, 
24, 17, 15, 22, 20),  (1, 8, 10, 3, 5, 12, 2, 7, 9, 4, 6, 11)(13, 20, 22, 15, 17, 24, 14, 19, 21, 16, 18, 23),  ], [  (1, 17, 11, 15, 6, 22, 
4, 20, 9, 13, 7, 23, 2, 18, 12, 16, 5, 21, 3, 19, 10, 14, 8, 24),  (1, 22, 6, 13, 9, 18, 2, 21, 5, 14, 10, 17)(3, 23, 8, 16, 11, 19, 4, 24, 7,
15, 12, 20),  ], [  (1, 7, 10, 4, 5, 11, 2, 8, 9, 3, 6, 12)(13, 19, 22, 16, 17, 23, 14, 20, 21, 15, 18, 24),  (1, 12, 6, 3, 9, 8, 2, 11, 5, 4,
10, 7)(13, 24, 18, 15, 21, 20, 14, 23, 17, 16, 22, 19),  ], [  (1, 24, 8, 14, 10, 19, 3, 21, 5, 16, 12, 18, 2, 23, 7, 13, 9, 20, 4, 22, 6, 15,
11, 17),  (1, 19, 10, 16, 5, 23, 2, 20, 9, 15, 6, 24)(3, 17, 12, 14, 7, 21, 4, 18, 11, 13, 8, 22),  ], [  (1, 20, 12, 14, 6, 23, 3, 17, 9, 16,
8, 22, 2, 19, 11, 13, 5, 24, 4, 18, 10, 15, 7, 21),  (1, 23, 6, 16, 9, 19, 2, 24, 5, 15, 10, 20)(3, 21, 8, 14, 11, 17, 4, 22, 7, 13, 12, 18), 
], [  (1, 23, 8, 13, 10, 20, 3, 22, 5, 15, 12, 17, 2, 24, 7, 14, 9, 19, 4, 21, 6, 16, 11, 18),  (1, 20, 10, 15, 5, 24, 2, 19, 9, 16, 6, 23)(3,
18, 12, 13, 7, 22, 4, 17, 11, 14, 8, 21),  ], [  (1, 19, 12, 13, 6, 24, 3, 18, 9, 15, 8, 21, 2, 20, 11, 14, 5, 23, 4, 17, 10, 16, 7, 22),  (1,
24, 6, 15, 9, 20, 2, 23, 5, 16, 10, 19)(3, 22, 8, 13, 11, 18, 4, 21, 7, 14, 12, 17),  ], ]
);

BRACES[24].brace[8] := rec ( size := 24, perms := [ [  (),  (),  ], [  (1, 16, 4, 14, 2, 15, 3, 13)(5, 20, 8, 18, 6, 19, 7, 17)(9, 24, 12, 22,
10, 23, 11, 21),  (1, 13, 3, 15, 2, 14, 4, 16)(5, 17, 7, 19, 6, 18, 8, 20)(9, 21, 11, 23, 10, 22, 12, 24),  ], [  (1, 4, 2, 3)(5, 8, 6, 7)(9, 
12, 10, 11)(13, 16, 14, 15)(17, 20, 18, 19)(21, 24, 22, 23),  (1, 3, 2, 4)(5, 7, 6, 8)(9, 11, 10, 12)(13, 15, 14, 16)(17, 19, 18, 20)(21, 23, 
22, 24),  ], [  (1, 2)(3, 4)(5, 6)(7, 8)(9, 10)(11, 12)(13, 14)(15, 16)(17, 18)(19, 20)(21, 22)(23, 24),  (1, 2)(3, 4)(5, 6)(7, 8)(9, 10)(11, 
12)(13, 14)(15, 16)(17, 18)(19, 20)(21, 22)(23, 24),  ], [  (1, 9, 5)(2, 10, 6)(3, 11, 7)(4, 12, 8)(13, 21, 17)(14, 22, 18)(15, 23, 19)(16, 
24, 20),  (1, 5, 9)(2, 6, 10)(3, 7, 11)(4, 8, 12)(13, 17, 21)(14, 18, 22)(15, 19, 23)(16, 20, 24),  ], [  (1, 13, 3, 15, 2, 14, 4, 16)(5, 17, 
7, 19, 6, 18, 8, 20)(9, 21, 11, 23, 10, 22, 12, 24),  (1, 16, 4, 14, 2, 15, 3, 13)(5, 20, 8, 18, 6, 19, 7, 17)(9, 24, 12, 22, 10, 23, 11, 21),
], [  (1, 3, 2, 4)(5, 7, 6, 8)(9, 11, 10, 12)(13, 15, 14, 16)(17, 19, 18, 20)(21, 23, 22, 24),  (1, 4, 2, 3)(5, 8, 6, 7)(9, 12, 10, 11)(13, 
16, 14, 15)(17, 20, 18, 19)(21, 24, 22, 23),  ], [  (1, 5, 9)(2, 6, 10)(3, 7, 11)(4, 8, 12)(13, 17, 21)(14, 18, 22)(15, 19, 23)(16, 20, 24),  
(1, 9, 5)(2, 10, 6)(3, 11, 7)(4, 12, 8)(13, 21, 17)(14, 22, 18)(15, 23, 19)(16, 24, 20),  ], [  (1, 14, 3, 16, 2, 13, 4, 15)(5, 18, 7, 20, 6, 
17, 8, 19)(9, 22, 11, 24, 10, 21, 12, 23),  (1, 15, 4, 13, 2, 16, 3, 14)(5, 19, 8, 17, 6, 20, 7, 18)(9, 23, 12, 21, 10, 24, 11, 22),  ], [  
(1, 15, 4, 13, 2, 16, 3, 14)(5, 19, 8, 17, 6, 20, 7, 18)(9, 23, 12, 21, 10, 24, 11, 22),  (1, 14, 3, 16, 2, 13, 4, 15)(5, 18, 7, 20, 6, 17, 8,
19)(9, 22, 11, 24, 10, 21, 12, 23),  ], [  (1, 24, 8, 14, 10, 19, 3, 21, 5, 16, 12, 18, 2, 23, 7, 13, 9, 20, 4, 22, 6, 15, 11, 17),  (1, 17, 
11, 15, 6, 22, 4, 20, 9, 13, 7, 23, 2, 18, 12, 16, 5, 21, 3, 19, 10, 14, 8, 24),  ], [  (1, 20, 12, 14, 6, 23, 3, 17, 9, 16, 8, 22, 2, 19, 11,
13, 5, 24, 4, 18, 10, 15, 7, 21),  (1, 21, 7, 15, 10, 18, 4, 24, 5, 13, 11, 19, 2, 22, 8, 16, 9, 17, 3, 23, 6, 14, 12, 20),  ], [  (1, 12, 6, 
3, 9, 8, 2, 11, 5, 4, 10, 7)(13, 24, 18, 15, 21, 20, 14, 23, 17, 16, 22, 19),  (1, 7, 10, 4, 5, 11, 2, 8, 9, 3, 6, 12)(13, 19, 22, 16, 17, 23,
14, 20, 21, 15, 18, 24),  ], [  (1, 8, 10, 3, 5, 12, 2, 7, 9, 4, 6, 11)(13, 20, 22, 15, 17, 24, 14, 19, 21, 16, 18, 23),  (1, 11, 6, 4, 9, 7, 
2, 12, 5, 3, 10, 8)(13, 23, 18, 16, 21, 19, 14, 24, 17, 15, 22, 20),  ], [  (1, 10, 5, 2, 9, 6)(3, 12, 7, 4, 11, 8)(13, 22, 17, 14, 21, 
18)(15, 24, 19, 16, 23, 20),  (1, 6, 9, 2, 5, 10)(3, 8, 11, 4, 7, 12)(13, 18, 21, 14, 17, 22)(15, 20, 23, 16, 19, 24),  ], [  (1, 6, 9, 2, 5, 
10)(3, 8, 11, 4, 7, 12)(13, 18, 21, 14, 17, 22)(15, 20, 23, 16, 19, 24),  (1, 10, 5, 2, 9, 6)(3, 12, 7, 4, 11, 8)(13, 22, 17, 14, 21, 18)(15, 
24, 19, 16, 23, 20),  ], [  (1, 21, 7, 15, 10, 18, 4, 24, 5, 13, 11, 19, 2, 22, 8, 16, 9, 17, 3, 23, 6, 14, 12, 20),  (1, 20, 12, 14, 6, 23, 
3, 17, 9, 16, 8, 22, 2, 19, 11, 13, 5, 24, 4, 18, 10, 15, 7, 21),  ], [  (1, 11, 6, 4, 9, 7, 2, 12, 5, 3, 10, 8)(13, 23, 18, 16, 21, 19, 14, 
24, 17, 15, 22, 20),  (1, 8, 10, 3, 5, 12, 2, 7, 9, 4, 6, 11)(13, 20, 22, 15, 17, 24, 14, 19, 21, 16, 18, 23),  ], [  (1, 17, 11, 15, 6, 22, 
4, 20, 9, 13, 7, 23, 2, 18, 12, 16, 5, 21, 3, 19, 10, 14, 8, 24),  (1, 24, 8, 14, 10, 19, 3, 21, 5, 16, 12, 18, 2, 23, 7, 13, 9, 20, 4, 22, 6,
15, 11, 17),  ], [  (1, 7, 10, 4, 5, 11, 2, 8, 9, 3, 6, 12)(13, 19, 22, 16, 17, 23, 14, 20, 21, 15, 18, 24),  (1, 12, 6, 3, 9, 8, 2, 11, 5, 4,
10, 7)(13, 24, 18, 15, 21, 20, 14, 23, 17, 16, 22, 19),  ], [  (1, 22, 7, 16, 10, 17, 4, 23, 5, 14, 11, 20, 2, 21, 8, 15, 9, 18, 3, 24, 6, 13,
12, 19),  (1, 19, 12, 13, 6, 24, 3, 18, 9, 15, 8, 21, 2, 20, 11, 14, 5, 23, 4, 17, 10, 16, 7, 22),  ], [  (1, 18, 11, 16, 6, 21, 4, 19, 9, 14,
7, 24, 2, 17, 12, 15, 5, 22, 3, 20, 10, 13, 8, 23),  (1, 23, 8, 13, 10, 20, 3, 22, 5, 15, 12, 17, 2, 24, 7, 14, 9, 19, 4, 21, 6, 16, 11, 18), 
], [  (1, 23, 8, 13, 10, 20, 3, 22, 5, 15, 12, 17, 2, 24, 7, 14, 9, 19, 4, 21, 6, 16, 11, 18),  (1, 18, 11, 16, 6, 21, 4, 19, 9, 14, 7, 24, 2,
17, 12, 15, 5, 22, 3, 20, 10, 13, 8, 23),  ], [  (1, 19, 12, 13, 6, 24, 3, 18, 9, 15, 8, 21, 2, 20, 11, 14, 5, 23, 4, 17, 10, 16, 7, 22),  (1,
22, 7, 16, 10, 17, 4, 23, 5, 14, 11, 20, 2, 21, 8, 15, 9, 18, 3, 24, 6, 13, 12, 19),  ], ]
);

BRACES[24].brace[9] := rec ( size := 24, perms := [ [  (),  (),  ], [  (1, 13, 3, 15, 2, 14, 4, 16)(5, 17, 7, 19, 6, 18, 8, 20)(9, 21, 11, 23,
10, 22, 12, 24),  (1, 13)(2, 14)(3, 16)(4, 15)(5, 17)(6, 18)(7, 20)(8, 19)(9, 21)(10, 22)(11, 24)(12, 23),  ], [  (1, 4, 2, 3)(5, 8, 6, 7)(9, 
12, 10, 11)(13, 16, 14, 15)(17, 20, 18, 19)(21, 24, 22, 23),  (1, 3, 2, 4)(5, 11, 6, 12)(7, 10, 8, 9)(13, 15, 14, 16)(17, 23, 18, 24)(19, 22, 
20, 21),  ], [  (1, 2)(3, 4)(5, 6)(7, 8)(9, 10)(11, 12)(13, 14)(15, 16)(17, 18)(19, 20)(21, 22)(23, 24),  (1, 2)(3, 4)(5, 6)(7, 8)(9, 10)(11, 
12)(13, 14)(15, 16)(17, 18)(19, 20)(21, 22)(23, 24),  ], [  (1, 9, 5)(2, 10, 6)(3, 11, 7)(4, 12, 8)(13, 21, 17)(14, 22, 18)(15, 23, 19)(16, 
24, 20),  (1, 5, 9)(2, 6, 10)(3, 7, 11)(4, 8, 12)(13, 17, 21)(14, 18, 22)(15, 19, 23)(16, 20, 24),  ], [  (1, 3, 2, 4)(5, 7, 6, 8)(9, 11, 10, 
12)(13, 15, 14, 16)(17, 19, 18, 20)(21, 23, 22, 24),  (1, 4, 2, 3)(5, 12, 6, 11)(7, 9, 8, 10)(13, 16, 14, 15)(17, 24, 18, 23)(19, 21, 20, 22),
], [  (1, 5, 9)(2, 6, 10)(3, 7, 11)(4, 8, 12)(13, 17, 21)(14, 18, 22)(15, 19, 23)(16, 20, 24),  (1, 9, 5)(2, 10, 6)(3, 11, 7)(4, 12, 8)(13, 
21, 17)(14, 22, 18)(15, 23, 19)(16, 24, 20),  ], [  (1, 15, 4, 13, 2, 16, 3, 14)(5, 19, 8, 17, 6, 20, 7, 18)(9, 23, 12, 21, 10, 24, 11, 22),  
(1, 15)(2, 16)(3, 13)(4, 14)(5, 23)(6, 24)(7, 21)(8, 22)(9, 19)(10, 20)(11, 17)(12, 18),  ], [  (1, 14, 3, 16, 2, 13, 4, 15)(5, 18, 7, 20, 6, 
17, 8, 19)(9, 22, 11, 24, 10, 21, 12, 23),  (1, 14)(2, 13)(3, 15)(4, 16)(5, 18)(6, 17)(7, 19)(8, 20)(9, 22)(10, 21)(11, 23)(12, 24),  ], [  
(1, 21, 7, 15, 10, 18, 4, 24, 5, 13, 11, 19, 2, 22, 8, 16, 9, 17, 3, 23, 6, 14, 12, 20),  (1, 17, 9, 13, 5, 21)(2, 18, 10, 14, 6, 22)(3, 20, 
11, 16, 7, 24)(4, 19, 12, 15, 8, 23),  ], [  (1, 16, 4, 14, 2, 15, 3, 13)(5, 20, 8, 18, 6, 19, 7, 17)(9, 24, 12, 22, 10, 23, 11, 21),  (1, 
16)(2, 15)(3, 14)(4, 13)(5, 24)(6, 23)(7, 22)(8, 21)(9, 20)(10, 19)(11, 18)(12, 17),  ], [  (1, 17, 11, 15, 6, 22, 4, 20, 9, 13, 7, 23, 2, 18,
12, 16, 5, 21, 3, 19, 10, 14, 8, 24),  (1, 21, 5, 13, 9, 17)(2, 22, 6, 14, 10, 18)(3, 24, 7, 16, 11, 20)(4, 23, 8, 15, 12, 19),  ], [  (1, 8, 
10, 3, 5, 12, 2, 7, 9, 4, 6, 11)(13, 20, 22, 15, 17, 24, 14, 19, 21, 16, 18, 23),  (1, 7, 2, 8)(3, 6, 4, 5)(9, 11, 10, 12)(13, 19, 14, 20)(15,
18, 16, 17)(21, 23, 22, 24),  ], [  (1, 12, 6, 3, 9, 8, 2, 11, 5, 4, 10, 7)(13, 24, 18, 15, 21, 20, 14, 23, 17, 16, 22, 19),  (1, 11, 2, 
12)(3, 10, 4, 9)(5, 7, 6, 8)(13, 23, 14, 24)(15, 22, 16, 21)(17, 19, 18, 20),  ], [  (1, 10, 5, 2, 9, 6)(3, 12, 7, 4, 11, 8)(13, 22, 17, 14, 
21, 18)(15, 24, 19, 16, 23, 20),  (1, 6, 9, 2, 5, 10)(3, 8, 11, 4, 7, 12)(13, 18, 21, 14, 17, 22)(15, 20, 23, 16, 19, 24),  ], [  (1, 6, 9, 2,
5, 10)(3, 8, 11, 4, 7, 12)(13, 18, 21, 14, 17, 22)(15, 20, 23, 16, 19, 24),  (1, 10, 5, 2, 9, 6)(3, 12, 7, 4, 11, 8)(13, 22, 17, 14, 21, 
18)(15, 24, 19, 16, 23, 20),  ], [  (1, 11, 6, 4, 9, 7, 2, 12, 5, 3, 10, 8)(13, 23, 18, 16, 21, 19, 14, 24, 17, 15, 22, 20),  (1, 12, 2, 
11)(3, 9, 4, 10)(5, 8, 6, 7)(13, 24, 14, 23)(15, 21, 16, 22)(17, 20, 18, 19),  ], [  (1, 7, 10, 4, 5, 11, 2, 8, 9, 3, 6, 12)(13, 19, 22, 16, 
17, 23, 14, 20, 21, 15, 18, 24),  (1, 8, 2, 7)(3, 5, 4, 6)(9, 12, 10, 11)(13, 20, 14, 19)(15, 17, 16, 18)(21, 24, 22, 23),  ], [  (1, 19, 12, 
13, 6, 24, 3, 18, 9, 15, 8, 21, 2, 20, 11, 14, 5, 23, 4, 17, 10, 16, 7, 22),  (1, 19)(2, 20)(3, 17)(4, 18)(5, 15)(6, 16)(7, 13)(8, 14)(9, 
23)(10, 24)(11, 21)(12, 22),  ], [  (1, 23, 8, 13, 10, 20, 3, 22, 5, 15, 12, 17, 2, 24, 7, 14, 9, 19, 4, 21, 6, 16, 11, 18),  (1, 23)(2, 
24)(3, 21)(4, 22)(5, 19)(6, 20)(7, 17)(8, 18)(9, 15)(10, 16)(11, 13)(12, 14),  ], [  (1, 22, 7, 16, 10, 17, 4, 23, 5, 14, 11, 20, 2, 21, 8, 
15, 9, 18, 3, 24, 6, 13, 12, 19),  (1, 18, 9, 14, 5, 22)(2, 17, 10, 13, 6, 21)(3, 19, 11, 15, 7, 23)(4, 20, 12, 16, 8, 24),  ], [  (1, 18, 11,
16, 6, 21, 4, 19, 9, 14, 7, 24, 2, 17, 12, 15, 5, 22, 3, 20, 10, 13, 8, 23),  (1, 22, 5, 14, 9, 18)(2, 21, 6, 13, 10, 17)(3, 23, 7, 15, 11, 
19)(4, 24, 8, 16, 12, 20),  ], [  (1, 24, 8, 14, 10, 19, 3, 21, 5, 16, 12, 18, 2, 23, 7, 13, 9, 20, 4, 22, 6, 15, 11, 17),  (1, 24)(2, 23)(3, 
22)(4, 21)(5, 20)(6, 19)(7, 18)(8, 17)(9, 16)(10, 15)(11, 14)(12, 13),  ], [  (1, 20, 12, 14, 6, 23, 3, 17, 9, 16, 8, 22, 2, 19, 11, 13, 5, 
24, 4, 18, 10, 15, 7, 21),  (1, 20)(2, 19)(3, 18)(4, 17)(5, 16)(6, 15)(7, 14)(8, 13)(9, 24)(10, 23)(11, 22)(12, 21),  ], ]
);

BRACES[24].brace[10] := rec ( size := 24, perms := [ [  (),  (),  ], [  (1, 4, 2, 3)(5, 8, 6, 7)(9, 12, 10, 11)(13, 16, 14, 15)(17, 20, 18, 
19)(21, 24, 22, 23),  (1, 3, 2, 4)(5, 7, 6, 8)(9, 11, 10, 12)(13, 16, 14, 15)(17, 20, 18, 19)(21, 24, 22, 23),  ], [  (1, 14, 3, 16, 2, 13, 4,
15)(5, 18, 7, 20, 6, 17, 8, 19)(9, 22, 11, 24, 10, 21, 12, 23),  (1, 13, 2, 14)(3, 16, 4, 15)(5, 21, 6, 22)(7, 24, 8, 23)(9, 17, 10, 18)(11, 
