BRACES[33] := rec( total := -1, implemented := 1, size := 33, brace := [] );BRACES[33].brace[1] := rec ( size := 33, perms := [ [  (),  (),  
], [  (1, 12, 23)(2, 13, 24)(3, 14, 25)(4, 15, 26)(5, 16, 27)(6, 17, 28)(7, 18, 29)(8, 19, 30)(9, 20, 31)(10, 21, 32)(11, 22, 33),  (1, 23, 
12)(2, 24, 13)(3, 25, 14)(4, 26, 15)(5, 27, 16)(6, 28, 17)(7, 29, 18)(8, 30, 19)(9, 31, 20)(10, 32, 21)(11, 33, 22),  ], [  (1, 7, 2, 8, 3, 9,
4, 10, 5, 11, 6)(12, 18, 13, 19, 14, 20, 15, 21, 16, 22, 17)(23, 29, 24, 30, 25, 31, 26, 32, 27, 33, 28),  (1, 6, 11, 5, 10, 4, 9, 3, 8, 2, 
7)(12, 17, 22, 16, 21, 15, 20, 14, 19, 13, 18)(23, 28, 33, 27, 32, 26, 31, 25, 30, 24, 29),  ], [  (1, 23, 12)(2, 24, 13)(3, 25, 14)(4, 26, 
15)(5, 27, 16)(6, 28, 17)(7, 29, 18)(8, 30, 19)(9, 31, 20)(10, 32, 21)(11, 33, 22),  (1, 12, 23)(2, 13, 24)(3, 14, 25)(4, 15, 26)(5, 16, 
27)(6, 17, 28)(7, 18, 29)(8, 19, 30)(9, 20, 31)(10, 21, 32)(11, 22, 33),  ], [  (1, 6, 11, 5, 10, 4, 9, 3, 8, 2, 7)(12, 17, 22, 16, 21, 15, 
20, 14, 19, 13, 18)(23, 28, 33, 27, 32, 26, 31, 25, 30, 24, 29),  (1, 7, 2, 8, 3, 9, 4, 10, 5, 11, 6)(12, 18, 13, 19, 14, 20, 15, 21, 16, 22, 
17)(23, 29, 24, 30, 25, 31, 26, 32, 27, 33, 28),  ], [  (1, 18, 24, 8, 14, 31, 4, 21, 27, 11, 17, 23, 7, 13, 30, 3, 20, 26, 10, 16, 33, 6, 12,
29, 2, 19, 25, 9, 15, 32, 5, 22, 28),  (1, 28, 22, 5, 32, 15, 9, 25, 19, 2, 29, 12, 6, 33, 16, 10, 26, 20, 3, 30, 13, 7, 23, 17, 11, 27, 21, 
4, 31, 14, 8, 24, 18),  ], [  (1, 17, 33, 5, 21, 26, 9, 14, 30, 2, 18, 23, 6, 22, 27, 10, 15, 31, 3, 19, 24, 7, 12, 28, 11, 16, 32, 4, 20, 25,
8, 13, 29),  (1, 29, 13, 8, 25, 20, 4, 32, 16, 11, 28, 12, 7, 24, 19, 3, 31, 15, 10, 27, 22, 6, 23, 18, 2, 30, 14, 9, 26, 21, 5, 33, 17),  ], 
[  (1, 2, 3, 4, 5, 6, 7, 8, 9, 10, 11)(12, 13, 14, 15, 16, 17, 18, 19, 20, 21, 22)(23, 24, 25, 26, 27, 28, 29, 30, 31, 32, 33),  (1, 11, 10, 
9, 8, 7, 6, 5, 4, 3, 2)(12, 22, 21, 20, 19, 18, 17, 16, 15, 14, 13)(23, 33, 32, 31, 30, 29, 28, 27, 26, 25, 24),  ], [  (1, 29, 13, 8, 25, 20,
4, 32, 16, 11, 28, 12, 7, 24, 19, 3, 31, 15, 10, 27, 22, 6, 23, 18, 2, 30, 14, 9, 26, 21, 5, 33, 17),  (1, 17, 33, 5, 21, 26, 9, 14, 30, 2, 
18, 23, 6, 22, 27, 10, 15, 31, 3, 19, 24, 7, 12, 28, 11, 16, 32, 4, 20, 25, 8, 13, 29),  ], [  (1, 28, 22, 5, 32, 15, 9, 25, 19, 2, 29, 12, 6,
33, 16, 10, 26, 20, 3, 30, 13, 7, 23, 17, 11, 27, 21, 4, 31, 14, 8, 24, 18),  (1, 18, 24, 8, 14, 31, 4, 21, 27, 11, 17, 23, 7, 13, 30, 3, 20, 
26, 10, 16, 33, 6, 12, 29, 2, 19, 25, 9, 15, 32, 5, 22, 28),  ], [  (1, 11, 10, 9, 8, 7, 6, 5, 4, 3, 2)(12, 22, 21, 20, 19, 18, 17, 16, 15, 
14, 13)(23, 33, 32, 31, 30, 29, 28, 27, 26, 25, 24),  (1, 2, 3, 4, 5, 6, 7, 8, 9, 10, 11)(12, 13, 14, 15, 16, 17, 18, 19, 20, 21, 22)(23, 24, 
25, 26, 27, 28, 29, 30, 31, 32, 33),  ], [  (1, 13, 25, 4, 16, 28, 7, 19, 31, 10, 22, 23, 2, 14, 26, 5, 17, 29, 8, 20, 32, 11, 12, 24, 3, 15, 
27, 6, 18, 30, 9, 21, 33),  (1, 33, 21, 9, 30, 18, 6, 27, 15, 3, 24, 12, 11, 32, 20, 8, 29, 17, 5, 26, 14, 2, 23, 22, 10, 31, 19, 7, 28, 16, 
4, 25, 13),  ], [  (1, 22, 32, 9, 19, 29, 6, 16, 26, 3, 13, 23, 11, 21, 31, 8, 18, 28, 5, 15, 25, 2, 12, 33, 10, 20, 30, 7, 17, 27, 4, 14, 
24),  (1, 24, 14, 4, 27, 17, 7, 30, 20, 10, 33, 12, 2, 25, 15, 5, 28, 18, 8, 31, 21, 11, 23, 13, 3, 26, 16, 6, 29, 19, 9, 32, 22),  ], [  (1, 
8, 4, 11, 7, 3, 10, 6, 2, 9, 5)(12, 19, 15, 22, 18, 14, 21, 17, 13, 20, 16)(23, 30, 26, 33, 29, 25, 32, 28, 24, 31, 27),  (1, 5, 9, 2, 6, 10, 
3, 7, 11, 4, 8)(12, 16, 20, 13, 17, 21, 14, 18, 22, 15, 19)(23, 27, 31, 24, 28, 32, 25, 29, 33, 26, 30),  ], [  (1, 24, 14, 4, 27, 17, 7, 30, 
20, 10, 33, 12, 2, 25, 15, 5, 28, 18, 8, 31, 21, 11, 23, 13, 3, 26, 16, 6, 29, 19, 9, 32, 22),  (1, 22, 32, 9, 19, 29, 6, 16, 26, 3, 13, 23, 
11, 21, 31, 8, 18, 28, 5, 15, 25, 2, 12, 33, 10, 20, 30, 7, 17, 27, 4, 14, 24),  ], [  (1, 33, 21, 9, 30, 18, 6, 27, 15, 3, 24, 12, 11, 32, 
20, 8, 29, 17, 5, 26, 14, 2, 23, 22, 10, 31, 19, 7, 28, 16, 4, 25, 13),  (1, 13, 25, 4, 16, 28, 7, 19, 31, 10, 22, 23, 2, 14, 26, 5, 17, 29, 
8, 20, 32, 11, 12, 24, 3, 15, 27, 6, 18, 30, 9, 21, 33),  ], [  (1, 5, 9, 2, 6, 10, 3, 7, 11, 4, 8)(12, 16, 20, 13, 17, 21, 14, 18, 22, 15, 
19)(23, 27, 31, 24, 28, 32, 25, 29, 33, 26, 30),  (1, 8, 4, 11, 7, 3, 10, 6, 2, 9, 5)(12, 19, 15, 22, 18, 14, 21, 17, 13, 20, 16)(23, 30, 26, 
33, 29, 25, 32, 28, 24, 31, 27),  ], [  (1, 19, 26, 11, 18, 25, 10, 17, 24, 9, 16, 23, 8, 15, 33, 7, 14, 32, 6, 13, 31, 5, 12, 30, 4, 22, 29, 
3, 21, 28, 2, 20, 27),  (1, 27, 20, 2, 28, 21, 3, 29, 22, 4, 30, 12, 5, 31, 13, 6, 32, 14, 7, 33, 15, 8, 23, 16, 9, 24, 17, 10, 25, 18, 11, 
26, 19),  ], [  (1, 16, 31, 2, 17, 32, 3, 18, 33, 4, 19, 23, 5, 20, 24, 6, 21, 25, 7, 22, 26, 8, 12, 27, 9, 13, 28, 10, 14, 29, 11, 15, 30),  
(1, 30, 15, 11, 29, 14, 10, 28, 13, 9, 27, 12, 8, 26, 22, 7, 25, 21, 6, 24, 20, 5, 23, 19, 4, 33, 18, 3, 32, 17, 2, 31, 16),  ], [  (1, 3, 5, 
7, 9, 11, 2, 4, 6, 8, 10)(12, 14, 16, 18, 20, 22, 13, 15, 17, 19, 21)(23, 25, 27, 29, 31, 33, 24, 26, 28, 30, 32),  (1, 10, 8, 6, 4, 2, 11, 9,
7, 5, 3)(12, 21, 19, 17, 15, 13, 22, 20, 18, 16, 14)(23, 32, 30, 28, 26, 24, 33, 31, 29, 27, 25),  ], [  (1, 30, 15, 11, 29, 14, 10, 28, 13, 
9, 27, 12, 8, 26, 22, 7, 25, 21, 6, 24, 20, 5, 23, 19, 4, 33, 18, 3, 32, 17, 2, 31, 16),  (1, 16, 31, 2, 17, 32, 3, 18, 33, 4, 19, 23, 5, 20, 
24, 6, 21, 25, 7, 22, 26, 8, 12, 27, 9, 13, 28, 10, 14, 29, 11, 15, 30),  ], [  (1, 27, 20, 2, 28, 21, 3, 29, 22, 4, 30, 12, 5, 31, 13, 6, 32,
14, 7, 33, 15, 8, 23, 16, 9, 24, 17, 10, 25, 18, 11, 26, 19),  (1, 19, 26, 11, 18, 25, 10, 17, 24, 9, 16, 23, 8, 15, 33, 7, 14, 32, 6, 13, 31,
5, 12, 30, 4, 22, 29, 3, 21, 28, 2, 20, 27),  ], [  (1, 10, 8, 6, 4, 2, 11, 9, 7, 5, 3)(12, 21, 19, 17, 15, 13, 22, 20, 18, 16, 14)(23, 32, 
30, 28, 26, 24, 33, 31, 29, 27, 25),  (1, 3, 5, 7, 9, 11, 2, 4, 6, 8, 10)(12, 14, 16, 18, 20, 22, 13, 15, 17, 19, 21)(23, 25, 27, 29, 31, 33, 
24, 26, 28, 30, 32),  ], [  (1, 14, 27, 7, 20, 33, 2, 15, 28, 8, 21, 23, 3, 16, 29, 9, 22, 24, 4, 17, 30, 10, 12, 25, 5, 18, 31, 11, 13, 26, 
6, 19, 32),  (1, 32, 19, 6, 26, 13, 11, 31, 18, 5, 25, 12, 10, 30, 17, 4, 24, 22, 9, 29, 16, 3, 23, 21, 8, 28, 15, 2, 33, 20, 7, 27, 14),  ], 
[  (1, 21, 30, 6, 15, 24, 11, 20, 29, 5, 14, 23, 10, 19, 28, 4, 13, 33, 9, 18, 27, 3, 12, 32, 8, 17, 26, 2, 22, 31, 7, 16, 25),  (1, 25, 16, 
7, 31, 22, 2, 26, 17, 8, 32, 12, 3, 27, 18, 9, 33, 13, 4, 28, 19, 10, 23, 14, 5, 29, 20, 11, 24, 15, 6, 30, 21),  ], [  (1, 9, 6, 3, 11, 8, 5,
2, 10, 7, 4)(12, 20, 17, 14, 22, 19, 16, 13, 21, 18, 15)(23, 31, 28, 25, 33, 30, 27, 24, 32, 29, 26),  (1, 4, 7, 10, 2, 5, 8, 11, 3, 6, 9)(12,
15, 18, 21, 13, 16, 19, 22, 14, 17, 20)(23, 26, 29, 32, 24, 27, 30, 33, 25, 28, 31),  ], [  (1, 25, 16, 7, 31, 22, 2, 26, 17, 8, 32, 12, 3, 
27, 18, 9, 33, 13, 4, 28, 19, 10, 23, 14, 5, 29, 20, 11, 24, 15, 6, 30, 21),  (1, 21, 30, 6, 15, 24, 11, 20, 29, 5, 14, 23, 10, 19, 28, 4, 13,
33, 9, 18, 27, 3, 12, 32, 8, 17, 26, 2, 22, 31, 7, 16, 25),  ], [  (1, 32, 19, 6, 26, 13, 11, 31, 18, 5, 25, 12, 10, 30, 17, 4, 24, 22, 9, 29,
16, 3, 23, 21, 8, 28, 15, 2, 33, 20, 7, 27, 14),  (1, 14, 27, 7, 20, 33, 2, 15, 28, 8, 21, 23, 3, 16, 29, 9, 22, 24, 4, 17, 30, 10, 12, 25, 5,
18, 31, 11, 13, 26, 6, 19, 32),  ], [  (1, 4, 7, 10, 2, 5, 8, 11, 3, 6, 9)(12, 15, 18, 21, 13, 16, 19, 22, 14, 17, 20)(23, 26, 29, 32, 24, 27,
30, 33, 25, 28, 31),  (1, 9, 6, 3, 11, 8, 5, 2, 10, 7, 4)(12, 20, 17, 14, 22, 19, 16, 13, 21, 18, 15)(23, 31, 28, 25, 33, 30, 27, 24, 32, 29, 
26),  ], [  (1, 20, 28, 3, 22, 30, 5, 13, 32, 7, 15, 23, 9, 17, 25, 11, 19, 27, 2, 21, 29, 4, 12, 31, 6, 14, 33, 8, 16, 24, 10, 18, 26),  (1, 
26, 18, 10, 24, 16, 8, 33, 14, 6, 31, 12, 4, 29, 21, 2, 27, 19, 11, 25, 17, 9, 23, 15, 7, 32, 13, 5, 30, 22, 3, 28, 20),  ], [  (1, 15, 29, 
10, 13, 27, 8, 22, 25, 6, 20, 23, 4, 18, 32, 2, 16, 30, 11, 14, 28, 9, 12, 26, 7, 21, 24, 5, 19, 33, 3, 17, 31),  (1, 31, 17, 3, 33, 19, 5, 
24, 21, 7, 26, 12, 9, 28, 14, 11, 30, 16, 2, 32, 18, 4, 23, 20, 6, 25, 22, 8, 27, 13, 10, 29, 15),  ], [  (1, 31, 17, 3, 33, 19, 5, 24, 21, 7,
26, 12, 9, 28, 14, 11, 30, 16, 2, 32, 18, 4, 23, 20, 6, 25, 22, 8, 27, 13, 10, 29, 15),  (1, 15, 29, 10, 13, 27, 8, 22, 25, 6, 20, 23, 4, 18, 
32, 2, 16, 30, 11, 14, 28, 9, 12, 26, 7, 21, 24, 5, 19, 33, 3, 17, 31),  ], [  (1, 26, 18, 10, 24, 16, 8, 33, 14, 6, 31, 12, 4, 29, 21, 2, 27,
19, 11, 25, 17, 9, 23, 15, 7, 32, 13, 5, 30, 22, 3, 28, 20),  (1, 20, 28, 3, 22, 30, 5, 13, 32, 7, 15, 23, 9, 17, 25, 11, 19, 27, 2, 21, 29, 
4, 12, 31, 6, 14, 33, 8, 16, 24, 10, 18, 26),  ], ]
);


