BRACES[54] := [ rec(
      gadd := [ ( 1,40,25,32,17,48, 9,37,22,29,14,53, 6,45,19,34,11,50, 3,42,27,31,16,47, 8,39,24,28,13,52, 5,44,21,36,10,49, 2,41,26,33,18,46, 7,38,23,30,15,54, 4,43,20,35,12,51) ],
      gmul := [ ( 1,27,18, 9,24,15, 6,21,12, 3,26,17, 8,23,14, 5,20,11, 2,25,16, 7,22,13, 4,19,10)(28,54,45,36,51,42,33,48,39,30,53,44,35,50,41,32,47,38,29,52,43,34,49,40,31,46,37), 
          ( 1,46)( 2,48)( 3,47)( 4,54)( 5,53)( 6,52)( 7,51)( 8,50)( 9,49)(10,37)(11,39)(12,38)(13,45)(14,44)(15,43)(16,42)(17,41)(18,40)(19,28)(20,30)(21,29)(22,36)(23,35)(24,34)(25,33)(26,32)(27,31) ],
      p := ( 2,28,40,17,26, 5, 3,27,46,14,30,45,20, 6,10,31,39,15,18,19,25,11,29,38,35,52,42,21, 8)( 4, 9,37,53,44,22, 7)(12,54,50,43,23)(13,36,51,41,16,24)(32,34,33)(47,49,48),
      q := ( 2,28,40,20, 7, 9,37,53,44,15,19,12,54,50,43,14,30,45,17,11,29,38,35,52,42,16,13,36,51,41,21, 5)( 3,10,31,39,22, 6,27,46,23,25,26, 8)(32,34,33)(47,49,48) ), rec(
      gadd := [ ( 1,40,25,32,17,48, 9,37,22,29,14,53, 6,45,19,34,11,50, 3,42,27,31,16,47, 8,39,24,28,13,52, 5,44,21,36,10,49, 2,41,26,33,18,46, 7,38,23,30,15,54, 4,43,20,35,12,51) ],
      gmul := [ ( 1,40,25,32,17,48, 9,37,22,29,14,53, 6,45,19,34,11,50, 3,42,27,31,16,47, 8,39,24,28,13,52, 5,44,21,36,10,49, 2,41,26,33,18,46, 7,38,23,30,15,54, 4,43,20,35,12,51) ],
      p := ( 2,28,51,50,48,44,22, 7, 4, 9,54,41,16,24,13,31,52,49,43,23,12,37,38,32,33,35,39,15,18,19,25,11,30,46,14,29,53,47,42,21, 8)( 3,27,45,20, 6,10,36,40,17,26, 5),
      q := ( 2,28,40,20, 7, 9,37,53,44,15,19,12,54,50,43,14,30,45,17,11,29,38,35,52,42,16,13,36,51,41,21, 5)( 3,10,31,39,22, 6,27,46,23,25,26, 8)(32,34,33)(47,49,48) ), rec(
      gadd := [ ( 1,40,25,32,17,48, 9,37,22,29,14,53, 6,45,19,34,11,50, 3,42,27,31,16,47, 8,39,24,28,13,52, 5,44,21,36,10,49, 2,41,26,33,18,46, 7,38,23,30,15,54, 4,43,20,35,12,51) ],
      gmul := [ ( 1,40,27,32,17,47, 9,37,24,29,14,52, 6,45,21,34,11,49, 3,42,26,31,16,46, 8,39,23,28,13,54, 5,44,20,36,10,51, 2,41,25,33,18,48, 7,38,22,30,15,53, 4,43,19,35,12,50) ],
      p := ( 2,28,50,47,42,20, 6,10,36,40,17,25,11,30,48,44,24,13,31,54,41,16,23,12,37,38,32,33,35,39,15,18,21, 8)( 3,26, 5)( 4, 9,53,46,14,29,52,51,49,43,22, 7)(19,27,45),
      q := ( 2,28,40,19,12,53,44,15,21, 5)( 3,10,31,39,24,23,27,48,46,22, 6,26, 8)( 7, 9,37,52,42,16,13,36,50,43,14,30,45,17,11,29,38,35,54,49,47,51,41,20)(32,34,33) ), rec(
      gadd := [ ( 1,40,25,32,17,48, 9,37,22,29,14,53, 6,45,19,34,11,50, 3,42,27,31,16,47, 8,39,24,28,13,52, 5,44,21,36,10,49, 2,41,26,33,18,46, 7,38,23,30,15,54, 4,43,20,35,12,51) ],
      gmul := [ ( 1,40,22,32,16,54, 9,38,21,29,14,50, 6,44,25,34,12,46, 3,42,24,31,18,53, 8,37,20,28,13,49, 5,43,27,36,11,48, 2,41,23,33,17,52, 7,39,19,30,15,51, 4,45,26,35,10,47) ],
      p := ( 2,28,48,45,27,43,20, 6,10,36,42,25,11,30,53,54,40,18,26, 5, 3,22, 7, 4, 9,49,44,19,23,12,37,38,32,33,35,39,14,29,51,47,41,17,24,15,16,21, 8)(13,31,50,52,46),
      q := ( 2,28,42,17,11,29,38,35,50,44,14,30,43,13,36,48,54,47,46,20, 7, 9,37,51,40,27,53,45,18,16,15,26, 8, 3,10,31,39,19,12,49,52,41,25,24,21, 5)( 6,22)(32,34,33) ), rec(
      gadd := [ ( 1,32, 9,28, 5,36)( 2,33, 7,29, 6,34)( 3,31, 8,30, 4,35)(10,41,18,37,14,45)(11,42,16,38,15,43)(12,40,17,39,13,44)(19,50,27,46,23,54)(20,51,25,47,24,52)(21,49,26,48,22,53), 
          ( 1,51,18,30,23,44, 2,49,16,28,24,45, 3,50,17,29,22,43)( 4,54,12,33,26,38, 5,52,10,31,27,39, 6,53,11,32,25,37)( 7,48,15,36,20,41, 8,46,13,34,21,42, 9,47,14,35,19,40) ],
      gmul := [ ( 1,31)( 2,33)( 3,32)( 4,28)( 5,30)( 6,29)( 7,34)( 8,36)( 9,35)(10,51)(11,50)(12,49)(13,48)(14,47)(15,46)(16,54)(17,53)(18,52)(19,42)(20,41)(21,40)(22,39)(23,38)(24,37)(25,45)(26,44)(27,43), 
          ( 1,39)( 2,38)( 3,37)( 4,45)( 5,44)( 6,43)( 7,42)( 8,41)( 9,40)(10,30)(11,29)(12,28)(13,36)(14,35)(15,34)(16,33)(17,32)(18,31)(19,47)(20,46)(21,48)(22,53)(23,52)(24,54)(25,50)(26,49)(27,51), 
          ( 1,45)( 2,44)( 3,43)( 4,42)( 5,41)( 6,40)( 7,39)( 8,38)( 9,37)(10,36)(11,35)(12,34)(13,33)(14,32)(15,31)(16,30)(17,29)(18,28)(19,53)(20,52)(21,54)(22,50)(23,49)(24,51)(25,47)(26,46)(27,48) ],
      p := ( 2,28,40,15,12,48,52,45,17,20, 9,37,47,49,41,26, 5, 3,21,16,27,46,14,30,43,23, 6,10,31,39,18,24,13,34,33,51,44,22, 8)( 4, 7)(11,29,38,36,54,53,50,42,25),
      q := ( 2,28,40,25,20, 5)( 3,10,31,39,22, 6,21,24,27,46,26, 9,37,47,49,41,14,30,43,17,11,29,38,36,54,53,50,42,15,19,12,48,52,45,23, 8)(13,34,33,51,44,18,16) ), rec(
      gadd := [ ( 1,36, 5,28, 9,32)( 2,34, 6,29, 7,33)( 3,35, 4,30, 8,31)(10,45,14,37,18,41)(11,43,15,38,16,42)(12,44,13,39,17,40)(19,54,23,46,27,50)(20,52,24,47,25,51)(21,53,22,48,26,49), 
          ( 1,47,10,30,19,39, 2,48,11,28,20,37, 3,46,12,29,21,38)( 4,50,13,33,22,42, 5,51,14,31,23,40, 6,49,15,32,24,41)( 7,53,16,36,25,45, 8,54,17,34,26,43, 9,52,18,35,27,44) ],
      gmul := [ ( 1,18,23, 2,16,24, 3,17,22)( 4,12,26, 5,10,27, 6,11,25)( 7,15,20, 8,13,21, 9,14,19)(28,45,50,29,43,51,30,44,49)(31,39,53,32,37,54,33,38,52)(34,42,47,35,40,48,36,41,46), 
          ( 1,47,10,30,19,39, 2,48,11,28,20,37, 3,46,12,29,21,38)( 4,50,13,33,22,42, 5,51,14,31,23,40, 6,49,15,32,24,41)( 7,53,16,36,25,45, 8,54,17,34,26,43, 9,52,18,35,27,44) ],
      p := ( 2,28,54,41,26, 5, 3,21,16,27,39,18,24,13,31,46,14,29,47,45,17,20, 9,48,42,25,11,30,51,50,52,49,53,44,22, 8)( 4, 7)( 6,10,34,35,33,43,23)(12,37,38,32,36,40,15),
      q := ( 2,28,40,25,20, 5)( 3,10,31,39,22, 6,21,24,27,46,26, 9,37,47,49,41,14,30,43,17,11,29,38,36,54,53,50,42,15,19,12,48,52,45,23, 8)(13,34,33,51,44,18,16) ), rec(
      gadd := [ ( 1,15,26, 2,13,27, 3,14,25)( 4,18,20, 5,16,21, 6,17,19)( 7,12,23, 8,10,24, 9,11,22)(28,42,53,29,40,54,30,41,52)(31,45,47,32,43,48,33,44,46)(34,39,50,35,37,51,36,38,49), 
          ( 1,51,18,30,23,44, 2,49,16,28,24,45, 3,50,17,29,22,43)( 4,54,12,33,26,38, 5,52,10,31,27,39, 6,53,11,32,25,37)( 7,48,15,36,20,41, 8,46,13,34,21,42, 9,47,14,35,19,40) ],
      gmul := [ ( 1, 4, 7)( 2, 5, 8)( 3, 6, 9)(10,14,18)(11,15,16)(12,13,17)(19,24,26)(20,22,27)(21,23,25)(28,31,34)(29,32,35)(30,33,36)(37,41,45)(38,42,43)(39,40,44)(46,51,53)(47,49,54)(48,50,52), 
          ( 1,53,13,30,25,42, 2,54,14,28,26,40, 3,52,15,29,27,41)( 4,48,18,33,20,44, 5,46,16,31,21,45, 6,47,17,32,19,43)( 7,49,11,36,24,37, 8,50,12,34,22,38, 9,51,10,35,23,39) ],
      p := ( 2,28,23, 8)( 3,21, 9,48,27,11,30, 5)( 4, 7)( 6,10,34,49,24)(12,37,36,52,54,40,33,47,16,26,15)(13,31,39,35,46,32,53,51,43,38,45,41,44,50)(14,29)(17,20,25)(18,22),
      q := ( 2,28,17,11,29,26,25,23, 6,21, 5)( 3,10,31,46,36,42,52,40,35,39,33,38,49,16,14,30, 9,37,32,41,50,27,20,15,19,12,48,13,34,45,53,43,47,24, 8) ), rec(
      gadd := [ ( 1,20,10, 3,19,12, 2,21,11)( 4,23,13, 6,22,15, 5,24,14)( 7,26,16, 9,25,18, 8,27,17)(28,47,37,30,46,39,29,48,38)(31,50,40,33,49,42,32,51,41)(34,53,43,36,52,45,35,54,44), 
          ( 1,43,22,29,17,50, 3,45,24,28,16,49, 2,44,23,30,18,51)( 4,37,25,32,11,53, 6,39,27,31,10,52, 5,38,26,33,12,54)( 7,40,19,35,14,47, 9,42,21,34,13,46, 8,41,20,36,15,48) ],
      gmul := [ ( 1,35, 6,28, 8,33)( 2,36, 4,29, 9,31)( 3,34, 5,30, 7,32)(10,44,15,37,17,42)(11,45,13,38,18,40)(12,43,14,39,16,41)(19,53,24,46,26,51)(20,54,22,47,27,49)(21,52,23,48,25,50), 
          ( 1,50,18,30,22,44, 2,51,16,28,23,45, 3,49,17,29,24,43)( 4,53,12,33,25,38, 5,54,10,31,26,39, 6,52,11,32,27,37)( 7,47,15,36,19,41, 8,48,13,34,20,42, 9,46,14,35,21,40) ],
      p := ( 2,28,54,40,14,29,47,44,22, 8)( 3,21,18,24,15,11,30,51,50,52,49,53,43,23, 6,12,39,17,20, 9,48,41,26, 5)( 4, 7)(10,34,35,33,45,16,27,38,32,36,42,25)(13,31,46),
      q := ( 2,28,42,14,30,45,23, 8, 3,12,48,52,44,17,10,31,38,36,54,53,50,41,13,34,33,51,43,16,15,19,11,29,37,47,49,40,25,20, 5)( 6,21,24,27,46,26, 9,39,22) ), rec(
      gadd := [ ( 1,12,20, 2,10,21, 3,11,19)( 4,15,23, 5,13,24, 6,14,22)( 7,18,26, 8,16,27, 9,17,25)(28,39,47,29,37,48,30,38,46)(31,42,50,32,40,51,33,41,49)(34,45,53,35,43,54,36,44,52), 
          ( 1,33, 8,28, 6,35)( 2,31, 9,29, 4,36)( 3,32, 7,30, 5,34)(10,42,17,37,15,44)(11,40,18,38,13,45)(12,41,16,39,14,43)(19,51,26,46,24,53)(20,49,27,47,22,54)(21,50,25,48,23,52) ],
      gmul := [ ( 1,44,23,29,18,51, 3,43,22,28,17,50, 2,45,24,30,16,49)( 4,37,27,32,11,52, 6,39,26,31,10,54, 5,38,25,33,12,53)( 7,42,19,35,13,47, 9,41,21,34,15,46, 8,40,20,36,14,48), 
          ( 1,53,15,30,25,41, 2,54,13,28,26,42, 3,52,14,29,27,40)( 4,48,17,33,20,43, 5,46,18,31,21,44, 6,47,16,32,19,45)( 7,49,10,36,24,39, 8,50,11,34,22,37, 9,51,12,35,23,38) ],
      p := ( 2,28,19,27,14,29,17,25,11,30, 5, 3,26,18,21, 9,53,47,10,34,48,23, 8)( 4, 7)( 6,13,31,42,45,44,46,32,49,20,24)(12,40,33,52,50,16,22)(35,54,43,41,38,39)(36,51,37),
      q := ( 2,28,11,29,22,21, 5)( 3,13,34,39,33,41,46,36,45,49,10,31,54,50,23, 6,26,24, 8)( 9,40,35,42,51,47,20,18,12,53,37,32,44,38,48,16,17,14,30)(15,27,25,19)(43,52) ), rec(
      gadd := [ ( 1,33, 8,28, 6,35)( 2,31, 9,29, 4,36)( 3,32, 7,30, 5,34)(10,42,17,37,15,44)(11,40,18,38,13,45)(12,41,16,39,14,43)(19,51,26,46,24,53)(20,49,27,47,22,54)(21,50,25,48,23,52), 
          ( 1,54,15,30,26,41, 2,52,13,28,27,42, 3,53,14,29,25,40)( 4,48,18,33,20,44, 5,46,16,31,21,45, 6,47,17,32,19,43)( 7,51,12,36,23,38, 8,49,10,34,24,39, 9,50,11,35,22,37) ],
      gmul := [ ( 1,23,18, 3,22,17, 2,24,16)( 4,27,11, 6,26,10, 5,25,12)( 7,19,13, 9,21,15, 8,20,14)(28,50,45,30,49,44,29,51,43)(31,54,38,33,53,37,32,52,39)(34,46,40,36,48,42,35,47,41), 
          ( 1,54,13,30,26,42, 2,52,14,28,27,40, 3,53,15,29,25,41)( 4,46,18,33,21,44, 5,47,16,31,19,45, 6,48,17,32,20,43)( 7,50,11,36,22,37, 8,51,12,34,23,38, 9,49,10,35,24,39) ],
      p := ( 2,28,53,45,18,22, 8)( 3,21,17,20, 9,48,41,25,11,30,49,52,50,54,40,14,29,47,43,24,15,12,37,38,32,36,42,27,39,16,26, 5)( 4, 7)( 6,10,34,35,33,44,23)(13,31,46),
      q := ( 2,28,42,14,30,44,16,15,19,12,48,54,52,43,18,17,11,29,38,36,53,51,45,24,26, 9,37,47,50,41,13,34,33,49,40,27,46,25,20, 5)( 3,10,31,39,23, 8)( 6,21,22) ), rec(
      gadd := [ ( 1,27,15, 3,26,14, 2,25,13)( 4,21,18, 6,20,17, 5,19,16)( 7,24,12, 9,23,11, 8,22,10)(28,54,42,30,53,41,29,52,40)(31,48,45,33,47,44,32,46,43)(34,51,39,36,50,38,35,49,37), 
          ( 1,47,10,30,19,39, 2,48,11,28,20,37, 3,46,12,29,21,38)( 4,50,13,33,22,42, 5,51,14,31,23,40, 6,49,15,32,24,41)( 7,53,16,36,25,45, 8,54,17,34,26,43, 9,52,18,35,27,44) ],
      gmul := [ ( 1, 6, 8)( 2, 4, 9)( 3, 5, 7)(10,14,18)(11,15,16)(12,13,17)(19,22,25)(20,23,26)(21,24,27)(28,33,35)(29,31,36)(30,32,34)(37,41,45)(38,42,43)(39,40,44)(46,49,52)(47,50,53)(48,51,54), 
          ( 1,38,21,29,12,46, 3,37,20,28,11,48, 2,39,19,30,10,47)( 4,41,24,32,15,49, 6,40,23,31,14,51, 5,42,22,33,13,50)( 7,44,27,35,18,52, 9,43,26,34,17,54, 8,45,25,36,16,53) ],
      p := ( 2,28,22,17,20,26,13,31,39,35,46,32,54,41,43,38,44,49,23, 8)( 3,21, 9,48,25,16,27,11,30, 5)( 4, 7)( 6,10,34,51,45,42,40,33,47,18,24)(12,37,36,53,50,14,29,15),
      q := ( 2,28,16,15,19,12,48,14,30, 9,37,32,42,53,45,54,52,41,49,18,17,11,29,27,20,13,34,44,43,47,23, 6,21, 5)( 3,10,31,46,36,40,35,39,33,38,51,50,25,22,24, 8) ), rec(
      gadd := [ ( 1,24,18, 3,23,17, 2,22,16)( 4,27,12, 6,26,11, 5,25,10)( 7,21,15, 9,20,14, 8,19,13)(28,51,45,30,50,44,29,49,43)(31,54,39,33,53,38,32,52,37)(34,48,42,36,47,41,35,46,40), 
          ( 1,35, 6,28, 8,33)( 2,36, 4,29, 9,31)( 3,34, 5,30, 7,32)(10,44,15,37,17,42)(11,45,13,38,18,40)(12,43,14,39,16,41)(19,53,24,46,26,51)(20,54,22,47,27,49)(21,52,23,48,25,50) ],
      gmul := [ ( 1,14,26, 2,15,27, 3,13,25)( 4,16,21, 5,17,19, 6,18,20)( 7,12,22, 8,10,23, 9,11,24)(28,41,53,29,42,54,30,40,52)(31,43,48,32,44,46,33,45,47)(34,39,49,35,37,50,36,38,51), 
          ( 1,32, 8,28, 5,35)( 2,33, 9,29, 6,36)( 3,31, 7,30, 4,34)(10,41,17,37,14,44)(11,42,18,38,15,45)(12,40,16,39,13,43)(19,50,26,46,23,53)(20,51,27,47,24,54)(21,49,25,48,22,52) ],
      p := ( 2,28,35,33,51,42,16, 8)( 3, 9,36,40,25, 5)( 4,21,24,13,37,32,47,44,23, 6)( 7,10,48,52,50,43,15,26,11,30,34,46,14,29,45,22,19,12,31,39,17,18)(27,53,49,54,41),
      q := ( 2,28,32,38,47,49,42,23, 7,21,18, 6, 9,31,46,25, 8, 3, 4,10,37,35,34,39,22,12,36,53,44,16, 5)(11,29,51,54,52,43,27,40,14,30,33,45,17,24,26,20)(13,48,41,15) ), rec(
      gadd := [ ( 1,33, 8,28, 6,35)( 2,31, 9,29, 4,36)( 3,32, 7,30, 5,34)(10,42,17,37,15,44)(11,40,18,38,13,45)(12,41,16,39,14,43)(19,51,26,46,24,53)(20,49,27,47,22,54)(21,50,25,48,23,52), 
          ( 1,50,16,30,22,45, 2,51,17,28,23,43, 3,49,18,29,24,44)( 4,53,10,33,25,39, 5,54,11,31,26,37, 6,52,12,32,27,38)( 7,47,13,36,19,42, 8,48,14,34,20,40, 9,46,15,35,21,41) ],
      gmul := [ ( 1, 8, 4)( 2, 9, 5)( 3, 7, 6)(10,16,14)(11,17,15)(12,18,13)(19,27,24)(20,25,22)(21,26,23)(28,35,31)(29,36,32)(30,34,33)(37,43,41)(38,44,42)(39,45,40)(46,54,51)(47,52,49)(48,53,50), 
          ( 1,38,21,29,12,46, 3,37,20,28,11,48, 2,39,19,30,10,47)( 4,42,23,32,13,51, 6,41,22,31,15,50, 5,40,24,33,14,49)( 7,43,25,35,17,53, 9,45,27,34,16,52, 8,44,26,36,18,54) ],
      p := ( 2,28,31,44,20,23, 9,32,50,38,43,14,29,37,35,36,42,11,30,33,48,54,40,27,52,47,39,12,34,49,53,46,13,45,19,17,10,51,41,26,16, 4,24,15,25, 8)( 3, 5)( 6, 7,18),
      q := ( 2,28,35,33,37,31,49,41,14,30,36,52,38,50,47,46,27,42,20,16, 8, 3, 7,24,25, 4,18, 9,34,44,11,29,48,40,13,51,53,39,19,22,17,21,10,45,12,32,43,26,23, 6, 5) ), rec(
      gadd := [ ( 1,38,21,29,12,46, 3,37,20,28,11,48, 2,39,19,30,10,47)( 4,41,24,32,15,49, 6,40,23,31,14,51, 5,42,22,33,13,50)( 7,44,27,35,18,52, 9,43,26,34,17,54, 8,45,25,36,16,53), 
          ( 1,40,25,29,14,53, 3,42,27,28,13,52, 2,41,26,30,15,54)( 4,43,19,32,17,47, 6,45,21,31,16,46, 5,44,20,33,18,48)( 7,37,22,35,11,50, 9,39,24,34,10,49, 8,38,23,36,12,51) ],
      gmul := [ ( 1,43,24,29,17,49, 3,45,23,28,16,51, 2,44,22,30,18,50)( 4,37,27,32,11,52, 6,39,26,31,10,54, 5,38,25,33,12,53)( 7,40,21,35,14,46, 9,42,20,34,13,48, 8,41,19,36,15,47), 
          ( 1,46,12,30,21,38, 2,47,10,28,19,39, 3,48,11,29,20,37)( 4,50,14,33,22,40, 5,51,15,31,23,41, 6,49,13,32,24,42)( 7,54,16,36,26,45, 8,52,17,34,27,43, 9,53,18,35,25,44) ],
      p := ( 2,28,35,33,54,37,32,50,42,15,20,23, 6, 4,24,12,31,44,26,16, 8)( 3, 9,36,39,13,45,25, 5)( 7,18)(10,51,38,43,11,30,34,49,48,46)(14,29,41,21,27,47,40,19,17)(52,53),
      q := ( 2,28,32,43,21,14,30,33,41,11,29,54,46,19,22,17,27,39,25, 8, 3, 4,18, 6, 9,31,49,38,50,53,40,10,45,13,51,48,37,35,34,44,15,12,36,47,52,42,26,23, 7,24,20,16, 5) ), rec(
      gadd := [ ( 1,51,18,30,23,44, 2,49,16,28,24,45, 3,50,17,29,22,43)( 4,54,12,33,26,38, 5,52,10,31,27,39, 6,53,11,32,25,37)( 7,48,15,36,20,41, 8,46,13,34,21,42, 9,47,14,35,19,40), 
          ( 1,53,13,30,25,42, 2,54,14,28,26,40, 3,52,15,29,27,41)( 4,47,16,33,19,45, 5,48,17,31,20,43, 6,46,18,32,21,44)( 7,50,10,36,22,39, 8,51,11,34,23,37, 9,49,12,35,24,38) ],
      gmul := [ ( 1,10,22, 2,11,23, 3,12,24)( 4,13,25, 5,14,26, 6,15,27)( 7,16,19, 8,17,20, 9,18,21)(28,37,49,29,38,50,30,39,51)(31,40,52,32,41,53,33,42,54)(34,43,46,35,44,47,36,45,48), 
          ( 1,40,19,29,14,47, 3,42,21,28,13,46, 2,41,20,30,15,48)( 4,43,22,32,17,50, 6,45,24,31,16,49, 5,44,23,33,18,51)( 7,37,25,35,11,53, 9,39,27,34,10,52, 8,38,26,36,12,54) ],
      p := ( 2,28,48,42,19,22, 8)( 3,24,13,31,49,47,45,17,23, 6,10,34,35,33,43,26, 5)( 4, 7)( 9,51,53,44,25,11,30,54,41,20)(12,37,38,32,36,40,15)(14,29,50,46)(16,21)(18,27,39),
      q := ( 2,28,40,19,12,51,44,18,16,13,34,33,54,47,52,45,26, 9,37,50,42,15,22, 6,24,21,27,49,41,14,30,43,17,11,29,38,36,48,46,20, 5)( 3,10,31,39,25,23, 8) ), rec(
      gadd := [ ( 1,26,13, 3,25,15, 2,27,14)( 4,20,16, 6,19,18, 5,21,17)( 7,23,10, 9,22,12, 8,24,11)(28,53,40,30,52,42,29,54,41)(31,47,43,33,46,45,32,48,44)(34,50,37,36,49,39,35,51,38), 
          ( 1,48,12,30,20,38, 2,46,10,28,21,39, 3,47,11,29,19,37)( 4,51,15,33,23,41, 5,49,13,31,24,42, 6,50,14,32,22,40)( 7,54,18,36,26,44, 8,52,16,34,27,45, 9,53,17,35,25,43) ],
      gmul := [ ( 1,32, 9,28, 5,36)( 2,33, 7,29, 6,34)( 3,31, 8,30, 4,35)(10,40,16,37,13,43)(11,41,17,38,14,44)(12,42,18,39,15,45)(19,51,26,46,24,53)(20,49,27,47,22,54)(21,50,25,48,23,52), 
          ( 1,39,23,29,10,51, 3,38,22,28,12,50, 2,37,24,30,11,49)( 4,42,26,32,13,54, 6,41,25,31,15,53, 5,40,27,33,14,52)( 7,45,20,35,16,48, 9,44,19,34,18,47, 8,43,21,36,17,46) ],
      p := ( 2,28,25,16,21, 9,51,45,42,40,33,50,14,29,15,12,37,36,47,18,27,11,30, 5, 3,24, 6,10,34,54,41,43,38,44,52,46,32,48,19,22,17,23, 8)( 4, 7)(13,31,39,35,49,26),
      q := ( 2,28,16,15,22,27,23, 6,24, 8, 3,10,31,49,18,17,11,29,21, 5)( 9,37,32,42,47,26,20,13,34,44,43,50,19,12,51,53,45,48,14,30)(33,38,54,46,36,40,35,39)(41,52) ), rec(
      gadd := [ ( 1,13,25, 2,14,26, 3,15,27)( 4,16,19, 5,17,20, 6,18,21)( 7,10,22, 8,11,23, 9,12,24)(28,40,52,29,41,53,30,42,54)(31,43,46,32,44,47,33,45,48)(34,37,49,35,38,50,36,39,51), 
          ( 1,31, 7,28, 4,34)( 2,32, 8,29, 5,35)( 3,33, 9,30, 6,36)(10,40,16,37,13,43)(11,41,17,38,14,44)(12,42,18,39,15,45)(19,49,25,46,22,52)(20,50,26,47,23,53)(21,51,27,48,24,54) ],
      gmul := [ ( 1,32, 9,28, 5,36)( 2,33, 7,29, 6,34)( 3,31, 8,30, 4,35)(10,42,17,37,15,44)(11,40,18,38,13,45)(12,41,16,39,14,43)(19,49,25,46,22,52)(20,50,26,47,23,53)(21,51,27,48,24,54), 
          ( 1,45,25,29,16,53, 3,44,27,28,18,52, 2,43,26,30,17,54)( 4,39,19,32,10,47, 6,38,21,31,12,46, 5,37,20,33,11,48)( 7,42,22,35,13,50, 9,41,24,34,15,49, 8,40,23,36,14,51) ],
      p := ( 2,28,26,13,31,39,35,49,25,16,21, 9,51,42,40,33,50,17,23, 8)( 3,24, 6,10,34,54,44,53,52,47,15,12,37,36,46,32,48,20,19,22,18,27,11,30, 5)( 4, 7)(14,29)(38,45,41,43),
      q := ( 2,28,16,14,30, 9,37,32,41,53,44,43,50,25,26,19,12,51,47,20,13,34,45,48,15,22,27,23, 6,24, 8, 3,10,31,49,17,11,29,21, 5)(33,38,54,52,42,46,36,40,35,39) ), rec(
      gadd := [ ( 1,43,22,29,17,50, 3,45,24,28,16,49, 2,44,23,30,18,51)( 4,37,25,32,11,53, 6,39,27,31,10,52, 5,38,26,33,12,54)( 7,40,19,35,14,47, 9,42,21,34,13,46, 8,41,20,36,15,48), 
          ( 1,46,11,30,21,37, 2,47,12,28,19,38, 3,48,10,29,20,39)( 4,49,14,33,24,40, 5,50,15,31,22,41, 6,51,13,32,23,42)( 7,52,17,36,27,43, 8,53,18,34,25,44, 9,54,16,35,26,45) ],
      gmul := [ ( 1, 7, 4)( 2, 8, 5)( 3, 9, 6)(10,16,13)(11,17,14)(12,18,15)(19,25,22)(20,26,23)(21,27,24)(28,34,31)(29,35,32)(30,36,33)(37,43,40)(38,44,41)(39,45,42)(46,52,49)(47,53,50)(48,54,51), 
          ( 1,42,21,28,15,48)( 2,40,19,29,13,46)( 3,41,20,30,14,47)( 4,44,22,31,17,49)( 5,45,23,32,18,50)( 6,43,24,33,16,51)( 7,37,26,34,10,53)( 8,38,27,35,11,54)( 9,39,25,36,12,52) ],
      p := ( 2,28,27,11,30, 5, 3,24, 6,10,34,49,14,29,13,31,47,18,22, 8)( 4, 7)( 9,51,45,40,33,52,46,32,50,26,15,20)(12,37,43,38,35,48,19,21,16,23)(17,25)(41,44,54,53),
      q := ( 2,28,17,16,11,29,20, 5)( 3,10,31,40,35,42,48,14,30, 9,37,52,41,54,45,47,26,21,25,27,23,22, 6,24, 8)(12,51,53,46,36,32,38,33,43,50,18)(13,34,39,49,19,15) ), rec(
      gadd := [ ( 1,17,24, 2,18,22, 3,16,23)( 4,11,27, 5,12,25, 6,10,26)( 7,14,21, 8,15,19, 9,13,20)(28,44,51,29,45,49,30,43,50)(31,38,54,32,39,52,33,37,53)(34,41,48,35,42,46,36,40,47), 
          ( 1,31, 7,28, 4,34)( 2,32, 8,29, 5,35)( 3,33, 9,30, 6,36)(10,40,16,37,13,43)(11,41,17,38,14,44)(12,42,18,39,15,45)(19,49,25,46,22,52)(20,50,26,47,23,53)(21,51,27,48,24,54) ],
      gmul := [ ( 1,14,21)( 2,15,19)( 3,13,20)( 4,16,22)( 5,17,23)( 6,18,24)( 7,12,26)( 8,10,27)( 9,11,25)(28,41,48)(29,42,46)(30,40,47)(31,43,49)(32,44,50)(33,45,51)(34,39,53)(35,37,54)(36,38,52), 
          ( 1,20,15)( 2,21,13)( 3,19,14)( 4,24,17)( 5,22,18)( 6,23,16)( 7,25,10)( 8,26,11)( 9,27,12)(28,47,42)(29,48,40)(30,46,41)(31,51,44)(32,49,45)(33,50,43)(34,52,37)(35,53,38)(36,54,39), 
          ( 1,50,11,28,23,38)( 2,51,12,29,24,39)( 3,49,10,30,22,37)( 4,54,13,31,27,40)( 5,52,14,32,25,41)( 6,53,15,33,26,42)( 7,46,18,34,19,45)( 8,47,16,35,20,43)( 9,48,17,36,21,44) ],
      p := ( 2,28,50,53,41,27,47,46,13,31,36,42,26, 5, 3,24,15,20,17,25,11,30,49,54,40,21, 8)( 4, 7)( 6,10,34,39,19, 9,51,43,16,23)(12,37,38,32,44,18,22)(14,29,52,45)(33,35),
      q := ( 2,28,38,36,47,40,14,30,39,13,34,49,45,21, 6,24,20,25,23, 8, 3,10,31,32,52,54,46,19, 5)( 9,37,50,43,26)(11,29,44,27,42,16)(12,51,53,48,41,18) ), rec(
      gadd := [ ( 1,39,20,29,10,48, 3,38,19,28,12,47, 2,37,21,30,11,46)( 4,42,23,32,13,51, 6,41,22,31,15,50, 5,40,24,33,14,49)( 7,45,26,35,16,54, 9,44,25,34,18,53, 8,43,27,36,17,52), 
          ( 1,51,18,30,23,44, 2,49,16,28,24,45, 3,50,17,29,22,43)( 4,54,12,33,26,38, 5,52,10,31,27,39, 6,53,11,32,25,37)( 7,48,15,36,20,41, 8,46,13,34,21,42, 9,47,14,35,19,40) ],
      gmul := [ ( 1,34, 4,28, 7,31)( 2,35, 5,29, 8,32)( 3,36, 6,30, 9,33)(10,45,14,37,18,41)(11,43,15,38,16,42)(12,44,13,39,17,40)(19,53,24,46,26,51)(20,54,22,47,27,49)(21,52,23,48,25,50), 
          ( 1,52,18,28,25,45)( 2,53,16,29,26,43)( 3,54,17,30,27,44)( 4,47,11,31,20,38)( 5,48,12,32,21,39)( 6,46,10,33,19,37)( 7,51,13,34,24,40)( 8,49,14,35,22,41)( 9,50,15,36,23,42) ],
      p := ( 2,28,26,15,20, 9,51,43,38,35,46,32,50,13,31,47,16,23,12,37,45,41,44,53,54,40,33,52,48,21,18,22, 8)( 3,24, 6,10,34,49,27,11,30, 5)( 4, 7)(14,29)(17,25),
      q := ( 2,28,17,18,12,51,54,48,13,34,39,49,16,11,29,20, 5)( 3,10,31,41,53,43,50,21,25,26,19,15,14,30, 9,37,52,40,35,42,46,36,32,38,33,45,47,27,23,22, 6,24, 8) ), rec(
      gadd := [ ( 1, 5, 9)( 2, 6, 7)( 3, 4, 8)(10,14,18)(11,15,16)(12,13,17)(19,23,27)(20,24,25)(21,22,26)(28,32,36)(29,33,34)(30,31,35)(37,41,45)(38,42,43)(39,40,44)(46,50,54)(47,51,52)(48,49,53), 
          ( 1,51,18,30,23,44, 2,49,16,28,24,45, 3,50,17,29,22,43)( 4,54,12,33,26,38, 5,52,10,31,27,39, 6,53,11,32,25,37)( 7,48,15,36,20,41, 8,46,13,34,21,42, 9,47,14,35,19,40) ],
      gmul := [ ( 1,44,27,30,16,53, 2,45,25,28,17,54, 3,43,26,29,18,52)( 4,39,20,33,11,46, 5,37,21,31,12,47, 6,38,19,32,10,48)( 7,40,22,36,15,51, 8,41,23,34,13,49, 9,42,24,35,14,50), 
          ( 1,51,11,29,22,39, 3,50,10,28,24,38, 2,49,12,30,23,37)( 4,53,15,32,27,40, 6,52,14,31,26,42, 5,54,13,33,25,41)( 7,46,16,35,20,44, 9,48,18,34,19,43, 8,47,17,36,21,45) ],
      p := ( 2,28,27,14,29,13,31,38,43,41,33,50,17,23, 8)( 3,24,12,37,36,48,20,21, 9,51,42,45,40,39,35,49,25, 6,10,34,53,52,47,15,11,30, 5)( 4, 7)(16,19,22)(18,26)(32,46)(44,54),
      q := ( 2,28,18,16,13,34,43,48,15,23, 6,24,22,26,27,21, 5)( 3,10,31,50,25, 8)( 9,37,32,40,49,17,11,29,19,12,51,47,20,14,30)(33,38,53,44,45,46,36,41,35,39)(42,54,52) ), rec(
      gadd := [ ( 1,44,24,29,18,49, 3,43,23,28,17,51, 2,45,22,30,16,50)( 4,38,27,32,12,52, 6,37,26,31,11,54, 5,39,25,33,10,53)( 7,41,21,35,15,46, 9,40,20,34,14,48, 8,42,19,36,13,47), 
          ( 1,48,12,30,20,38, 2,46,10,28,21,39, 3,47,11,29,19,37)( 4,51,15,33,23,41, 5,49,13,31,24,42, 6,50,14,32,22,40)( 7,54,18,36,26,44, 8,52,16,34,27,45, 9,53,17,35,25,43) ],
      gmul := [ ( 1,33, 8,28, 6,35)( 2,31, 9,29, 4,36)( 3,32, 7,30, 5,34)(10,41,18,37,14,45)(11,42,16,38,15,43)(12,40,17,39,13,44)(19,49,25,46,22,52)(20,50,26,47,23,53)(21,51,27,48,24,54), 
          ( 1,39,24,30,11,50, 2,37,22,28,12,51, 3,38,23,29,10,49)( 4,40,26,33,15,52, 5,41,27,31,13,53, 6,42,25,32,14,54)( 7,44,19,36,16,48, 8,45,20,34,17,46, 9,43,21,35,18,47) ],
      p := ( 2,28,25, 6,10,34,53,54,40,39,35,49,27,14,29,15,11,30, 5, 3,24,12,37,36,47,16,19,22,17,23, 8)( 4, 7)( 9,51,43,41,33,50,13,31,38,44,52,48,21)(18,26)(32,46)(42,45),
      q := ( 2,28,18,17,11,29,19,12,51,54,48,13,34,44,45,46,36,41,35,39,33,38,53,43,47,27,20,14,30, 9,37,32,42,52,40,49,16,15,23, 6,24,22,26,25, 8, 3,10,31,50,21, 5) ), rec(
      gadd := [ ( 1,18,23, 2,16,24, 3,17,22)( 4,12,26, 5,10,27, 6,11,25)( 7,15,20, 8,13,21, 9,14,19)(28,45,50,29,43,51,30,44,49)(31,39,53,32,37,54,33,38,52)(34,42,47,35,40,48,36,41,46), 
          ( 1,42,26,29,13,54, 3,41,25,28,15,53, 2,40,27,30,14,52)( 4,45,20,32,16,48, 6,44,19,31,18,47, 5,43,21,33,17,46)( 7,39,23,35,10,51, 9,38,22,34,12,50, 8,37,24,36,11,49) ],
      gmul := [ ( 1,15,20, 3,14,19, 2,13,21)( 4,16,22, 6,18,24, 5,17,23)( 7,11,27, 9,10,26, 8,12,25)(28,42,47,30,41,46,29,40,48)(31,43,49,33,45,51,32,44,50)(34,38,54,36,37,53,35,39,52), 
          ( 1,32, 9,28, 5,36)( 2,33, 7,29, 6,34)( 3,31, 8,30, 4,35)(10,42,17,37,15,44)(11,40,18,38,13,45)(12,41,16,39,14,43)(19,49,25,46,22,52)(20,50,26,47,23,53)(21,51,27,48,24,54) ],
      p := ( 2,28,46,13,31,49,48,42,20, 9,51,52,54,40,15,11,30,53,44,27,38,32,36,33,45,17,23,12,37,41,21,18,26, 5, 3,24, 6,10,34,35,39,16,19,22, 8)( 4, 7)(14,29,50,47,43,25),
      q := ( 2,28,41,15,23,22, 6,24, 8, 3,10,31,39,25,19,12,51,43,16,14,30,45,27,50,40,21,26, 9,37,46,20, 5)(11,29,38,36,35,49,42,13,34,33,53,54,47,52,44,17) ), rec(
      gadd := [ ( 1,35, 6,28, 8,33)( 2,36, 4,29, 9,31)( 3,34, 5,30, 7,32)(10,44,15,37,17,42)(11,45,13,38,18,40)(12,43,14,39,16,41)(19,53,24,46,26,51)(20,54,22,47,27,49)(21,52,23,48,25,50), 
          ( 1,42,26,29,13,54, 3,41,25,28,15,53, 2,40,27,30,14,52)( 4,45,20,32,16,48, 6,44,19,31,18,47, 5,43,21,33,17,46)( 7,39,23,35,10,51, 9,38,22,34,12,50, 8,37,24,36,11,49) ],
      gmul := [ ( 1,15,25, 2,13,26, 3,14,27)( 4,17,20, 5,18,21, 6,16,19)( 7,10,24, 8,11,22, 9,12,23)(28,42,52,29,40,53,30,41,54)(31,44,47,32,45,48,33,43,46)(34,37,51,35,38,49,36,39,50), 
          ( 1,49,18,30,24,44, 2,50,16,28,22,45, 3,51,17,29,23,43)( 4,53,11,33,25,37, 5,54,12,31,26,38, 6,52,10,32,27,39)( 7,48,13,36,20,42, 8,46,14,34,21,40, 9,47,15,35,19,41) ],
      p := ( 2,28,24, 6,10,34,49,23, 8)( 3,21, 9,48,25,17,20,27,11,30, 5)( 4, 7)(12,37,36,54,45,40,33,47,14,29,13,31,39,35,46,32,53,50,18,22,16,26,15)(38,43)(41,44,51),
      q := ( 2,28,17,11,29,26,27,20,15,19,12,48,14,30, 9,37,32,40,35,39,33,38,49,18,16,13,34,43,47,25,24, 8, 3,10,31,46,36,42,54,50,23, 6,21, 5)(41,51,52)(45,53) ), rec(
      gadd := [ ( 1,26,13, 3,25,15, 2,27,14)( 4,20,16, 6,19,18, 5,21,17)( 7,23,10, 9,22,12, 8,24,11)(28,53,40,30,52,42,29,54,41)(31,47,43,33,46,45,32,48,44)(34,50,37,36,49,39,35,51,38), 
          ( 1,47,10,30,19,39, 2,48,11,28,20,37, 3,46,12,29,21,38)( 4,50,13,33,22,42, 5,51,14,31,23,40, 6,49,15,32,24,41)( 7,53,16,36,25,45, 8,54,17,34,26,43, 9,52,18,35,27,44) ],
      gmul := [ ( 1, 7, 4)( 2, 8, 5)( 3, 9, 6)(10,16,13)(11,17,14)(12,18,15)(19,25,22)(20,26,23)(21,27,24)(28,34,31)(29,35,32)(30,36,33)(37,43,40)(38,44,41)(39,45,42)(46,52,49)(47,53,50)(48,54,51), 
          ( 1,51,15,36,26,38, 2,49,13,34,27,39, 3,50,14,35,25,37)( 4,48,18,33,20,44, 5,46,16,31,21,45, 6,47,17,32,19,43)( 7,54,12,30,23,41, 8,52,10,28,24,42, 9,53,11,29,22,40) ],
      p := ( 2,28, 5, 3,21, 9,51,38,35,36,40,47,23, 8)( 4, 7)( 6,10,31,50,52,14,29,45,26,13,34,32,49,17,27,11,30,54,41,46,25,37,44,15,48,22,16,12,43,18,20,19,24)(39,42),
      q := ( 2,28, 9,37,47,17,13,34,33,32,39,52,26,27,20,12,48,18,11,29,46,15,43,22,24, 8, 3,10,31,38,36,54,53,41,45,14,30,40,44,25,51,50,42,49,23, 6,21, 5)(16,19) ), rec(
      gadd := [ ( 1,23,16, 3,22,18, 2,24,17)( 4,26,10, 6,25,12, 5,27,11)( 7,20,13, 9,19,15, 8,21,14)(28,50,43,30,49,45,29,51,44)(31,53,37,33,52,39,32,54,38)(34,47,40,36,46,42,35,48,41), 
          ( 1,39,20,29,10,48, 3,38,19,28,12,47, 2,37,21,30,11,46)( 4,42,23,32,13,51, 6,41,22,31,15,50, 5,40,24,33,14,49)( 7,45,26,35,16,54, 9,44,25,34,18,53, 8,43,27,36,17,52) ],
      gmul := [ ( 1,36, 4,30, 7,33)( 2,35, 5,29, 8,32)( 3,34, 6,28, 9,31)(10,53,13,47,16,50)(11,52,14,46,17,49)(12,54,15,48,18,51)(19,44,22,38,25,41)(20,43,23,37,26,40)(21,45,24,39,27,42), 
          ( 1,46)( 2,48)( 3,47)( 4,49)( 5,51)( 6,50)( 7,52)( 8,54)( 9,53)(10,37)(11,39)(12,38)(13,40)(14,42)(15,41)(16,43)(17,45)(18,44)(19,28)(20,30)(21,29)(22,31)(23,33)(24,32)(25,34)(26,36)(27,35) ],
      p := ( 2,28,43,23, 6,10,34,36,51,41,26, 5, 3,21,16,27,46,14,30,40,15,12,48,49,44,22, 8)( 4, 7)( 9,37,47,52,42,25,11,29,38,33,54,50,45,17,20)(13,31,39,18,24)(32,35),
      q := ( 2,28,40,25,20, 5)( 3,10,31,39,22, 6,21,24,27,46,26, 9,37,47,49,41,14,30,43,17,11,29,38,36,54,53,50,42,15,19,12,48,52,45,23, 8)(13,34,33,51,44,18,16) ), rec(
      gadd := [ ( 1,35, 6,28, 8,33)( 2,36, 4,29, 9,31)( 3,34, 5,30, 7,32)(10,44,15,37,17,42)(11,45,13,38,18,40)(12,43,14,39,16,41)(19,53,24,46,26,51)(20,54,22,47,27,49)(21,52,23,48,25,50), 
          ( 1,47,10,30,19,39, 2,48,11,28,20,37, 3,46,12,29,21,38)( 4,50,13,33,22,42, 5,51,14,31,23,40, 6,49,15,32,24,41)( 7,53,16,36,25,45, 8,54,17,34,26,43, 9,52,18,35,27,44) ],
      gmul := [ ( 1,22,16, 3,24,18, 2,23,17)( 4,25,10, 6,27,12, 5,26,11)( 7,19,13, 9,21,15, 8,20,14)(28,49,43,30,51,45,29,50,44)(31,52,37,33,54,39,32,53,38)(34,46,40,36,48,42,35,47,41), 
          ( 1,40,26,29,14,54, 3,42,25,28,13,53, 2,41,27,30,15,52)( 4,45,21,32,16,46, 6,44,20,31,18,48, 5,43,19,33,17,47)( 7,38,22,35,12,50, 9,37,24,34,11,49, 8,39,23,36,10,51) ],
      p := ( 2,28,10,51,46,43,35,52,38,48,11,30,16, 4,24, 9,32,31,53,54,41,47,19,25,20,17,12,34,33,39,49,27, 8)( 3, 5)( 6, 7,18)(13,45,42,40,36,44,37,50,14,29,15,26)(21,23,22),
      q := ( 2,28,20,22,12,32,35,40,33,48,19,13,51,38,39,44,47,11,29,26,25,10,45,53,41,37,43,31,42,52,46,50,27, 4,18, 9,34,36,49,14,30,23,17,21,16, 8, 3, 7,24, 6, 5) ), rec(
      gadd := [ ( 1,12,20, 2,10,21, 3,11,19)( 4,15,23, 5,13,24, 6,14,22)( 7,18,26, 8,16,27, 9,17,25)(28,39,47,29,37,48,30,38,46)(31,42,50,32,40,51,33,41,49)(34,45,53,35,43,54,36,44,52), 
          ( 1,43,22,29,17,50, 3,45,24,28,16,49, 2,44,23,30,18,51)( 4,37,25,32,11,53, 6,39,27,31,10,52, 5,38,26,33,12,54)( 7,40,19,35,14,47, 9,42,21,34,13,46, 8,41,20,36,15,48) ],
      gmul := [ ( 1,33, 9,28, 6,36)( 2,31, 7,29, 4,34)( 3,32, 8,30, 5,35)(10,40,17,37,13,44)(11,41,18,38,14,45)(12,42,16,39,15,43)(19,50,25,46,23,52)(20,51,26,47,24,53)(21,49,27,48,22,54), 
          ( 1,46,11,30,21,37, 2,47,12,28,19,38, 3,48,10,29,20,39)( 4,49,14,33,24,40, 5,50,15,31,22,41, 6,51,13,32,23,42)( 7,52,17,36,27,43, 8,53,18,34,25,44, 9,54,16,35,26,45) ],
      p := ( 2,28,14,29,16, 4,21,20,12,34,33,42,45,43,35,49,17,15,24, 9,32,31,51,53,44,41,52,50,13,37,47,26,18, 6, 7,10,48,23,19,22,27, 8)( 3, 5)(11,30)(36,39,46,38,54,40),
      q := ( 2,28,25,14,30,20,19,18, 9,34,36,46,47,13,48,17,27, 4,10,37,38,42,49,23,12,32,35,45,51,40,33,54,53,50,26,22,15,16, 8, 3, 7,21,11,29,24, 6, 5)(31,43)(44,52) ), rec(
      gadd := [ ( 1,37,19,29,11,47, 3,39,21,28,10,46, 2,38,20,30,12,48)( 4,40,22,32,14,50, 6,42,24,31,13,49, 5,41,23,33,15,51)( 7,43,25,35,17,53, 9,45,27,34,16,52, 8,44,26,36,18,54), 
          ( 1,41,27,29,15,52, 3,40,26,28,14,54, 2,42,25,30,13,53)( 4,44,21,32,18,46, 6,43,20,31,17,48, 5,45,19,33,16,47)( 7,38,24,35,12,49, 9,37,23,34,11,51, 8,39,22,36,10,50) ],
      gmul := [ ( 1, 5, 8)( 2, 6, 9)( 3, 4, 7)(10,14,17)(11,15,18)(12,13,16)(19,23,26)(20,24,27)(21,22,25)(28,32,35)(29,33,36)(30,31,34)(37,41,44)(38,42,45)(39,40,43)(46,50,53)(47,51,54)(48,49,52), 
          ( 1,52,14,30,27,40, 2,53,15,28,25,41, 3,54,13,29,26,42)( 4,48,18,33,20,44, 5,46,16,31,21,45, 6,47,17,32,19,43)( 7,50,10,36,22,39, 8,51,11,34,23,37, 9,49,12,35,24,38) ],
      p := ( 2,28,14,29,12,31,48,15,21,23,22,27, 5, 3, 9,36,44,41,53,46,43,32,35,47,25,26,10,51,52,42,37,50,11,30,16, 8)( 4,24, 6)( 7,18)(13,45,39,49,19,20,17)(33,40)(38,54),
      q := ( 2,28,26,20,22,13,51,42,47,15,12,36,49,11,29,21,16, 5)( 3, 4,18, 6, 9,31,39,44,53,38,40,34,33,54,46,50,19,10,45,48,25,14,30,23,17,27, 8)( 7,24)(35,37,43) ), rec(
      gadd := [ ( 1,16,22, 2,17,23, 3,18,24)( 4,10,25, 5,11,26, 6,12,27)( 7,13,19, 8,14,20, 9,15,21)(28,43,49,29,44,50,30,45,51)(31,37,52,32,38,53,33,39,54)(34,40,46,35,41,47,36,42,48), 
          ( 1,32, 9,28, 5,36)( 2,33, 7,29, 6,34)( 3,31, 8,30, 4,35)(10,41,18,37,14,45)(11,42,16,38,15,43)(12,40,17,39,13,44)(19,50,27,46,23,54)(20,51,25,47,24,52)(21,49,26,48,22,53) ],
      gmul := [ ( 1,24,16, 3,23,18, 2,22,17)( 4,27,10, 6,26,12, 5,25,11)( 7,21,13, 9,20,15, 8,19,14)(28,51,43,30,50,45,29,49,44)(31,54,37,33,53,39,32,52,38)(34,48,40,36,47,42,35,46,41), 
          ( 1,54, 5,47, 9,49)( 2,53, 6,46, 7,51)( 3,52, 4,48, 8,50)(10,44,13,38,16,41)(11,43,14,37,17,40)(12,45,15,39,18,42)(19,34,24,29,26,33)(20,36,22,28,27,32)(21,35,23,30,25,31) ],
      p := ( 2,34,13,28,42,38, 5, 3,21,19,51,18,20,24,17,27, 6,31,43,29,32,16,12,53,39,14,36,22,26,33,40,41,45,50,30,49,48,37,15,54,46,47,52,25, 8, 4, 7,10,44,23, 9)(11,35),
      q := ( 2,31,42,38, 9, 3,10,40,45,52,14,33,44,18,11,32,22,13,28,43,29,35,20,17,15,49,48,37,27, 8, 7,21,12,51,23, 5)( 6,34,26,36,16,19,53,39,25)(30,54,46,47,50) ), rec(
      gadd := [ ( 1,36, 5,28, 9,32)( 2,34, 6,29, 7,33)( 3,35, 4,30, 8,31)(10,45,14,37,18,41)(11,43,15,38,16,42)(12,44,13,39,17,40)(19,54,23,46,27,50)(20,52,24,47,25,51)(21,53,22,48,26,49), 
          ( 1,50,16,30,22,45, 2,51,17,28,23,43, 3,49,18,29,24,44)( 4,53,10,33,25,39, 5,54,11,31,26,37, 6,52,12,32,27,38)( 7,47,13,36,19,42, 8,48,14,34,20,40, 9,46,15,35,21,41) ],
      gmul := [ ( 1,35, 4,29, 7,32)( 2,34, 5,28, 8,31)( 3,36, 6,30, 9,33)(10,52,13,46,16,49)(11,54,14,48,17,51)(12,53,15,47,18,50)(19,43,22,37,25,40)(20,45,23,39,26,42)(21,44,24,38,27,41), 
          ( 1,43)( 2,45)( 3,44)( 4,37)( 5,39)( 6,38)( 7,40)( 8,42)( 9,41)(10,31)(11,33)(12,32)(13,34)(14,36)(15,35)(16,28)(17,30)(18,29)(19,48)(20,47)(21,46)(22,51)(23,50)(24,49)(25,54)(26,53)(27,52) ],
      p := ( 2,28, 5, 3,24, 6,10,34,54,53,44,15,51,38,33,35,36,32,42,39,49,17,21, 9,40,45,20,22,16,12,48,25,37,47,26,13,31,43,18,23, 8)( 4, 7)(11,29,46,19,27)(14,30,41,50,52),
      q := ( 2,28, 9,37,50,52,20,12,51,41,47,17,13,34,54,53,44,19,16,22,27,23, 6,24, 8, 3,10,31,43,25,40,45,14,30,38,36,35,33,32,39,46,15,48,18,11,29,49,26,21, 5) ), rec(
      gadd := [ ( 1,31, 7,28, 4,34)( 2,32, 8,29, 5,35)( 3,33, 9,30, 6,36)(10,40,16,37,13,43)(11,41,17,38,14,44)(12,42,18,39,15,45)(19,49,25,46,22,52)(20,50,26,47,23,53)(21,51,27,48,24,54), 
          ( 1,47,10,30,19,39, 2,48,11,28,20,37, 3,46,12,29,21,38)( 4,50,13,33,22,42, 5,51,14,31,23,40, 6,49,15,32,24,41)( 7,53,16,36,25,45, 8,54,17,34,26,43, 9,52,18,35,27,44) ],
      gmul := [ ( 1,21,13, 3,20,15, 2,19,14)( 4,24,16, 6,23,18, 5,22,17)( 7,27,10, 9,26,12, 8,25,11)(28,48,40,30,47,42,29,46,41)(31,51,43,33,50,45,32,49,44)(34,54,37,36,53,39,35,52,38), 
          ( 1,38, 8,43, 6,42)( 2,37, 9,45, 4,41)( 3,39, 7,44, 5,40)(10,36,18,31,14,29)(11,35,16,33,15,28)(12,34,17,32,13,30)(19,51,25,48,22,54)(20,50,26,47,23,53)(21,49,27,46,24,52) ],
      p := ( 2,34,10,41,42,44,20,21,25, 8, 4, 7,16,18,26,33,37,12,50,30,46,53,45,47,49,54,52,22,23, 9)( 3,27, 6,31,40,38, 5)(11,35,17,24,14,36,19,48,43,29,32,13,28,39)(15,51),
      q := ( 2,31,39,22,10,37,24,21,18,17,12,48,43,29,35,26,36,13,28,40,42,44,15,46,53,45,49,54,52,11,32,19,50,30,51,20,14,33,41,38, 9, 3,16,25, 6,34,23, 5)( 7,27, 8) ), rec(
      gadd := [ ( 1,48,12,30,20,38, 2,46,10,28,21,39, 3,47,11,29,19,37)( 4,51,15,33,23,41, 5,49,13,31,24,42, 6,50,14,32,22,40)( 7,54,18,36,26,44, 8,52,16,34,27,45, 9,53,17,35,25,43), 
          ( 1,50,16,30,22,45, 2,51,17,28,23,43, 3,49,18,29,24,44)( 4,53,10,33,25,39, 5,54,11,31,26,37, 6,52,12,32,27,38)( 7,47,13,36,19,42, 8,48,14,34,20,40, 9,46,15,35,21,41) ],
      gmul := [ ( 1,11,22, 2,12,23, 3,10,24)( 4,14,25, 5,15,26, 6,13,27)( 7,17,19, 8,18,20, 9,16,21)(28,38,49,29,39,50,30,37,51)(31,41,52,32,42,53,33,40,54)(34,44,46,35,45,47,36,43,48), 
          ( 1,48, 8,53, 6,49)( 2,47, 9,52, 4,51)( 3,46, 7,54, 5,50)(10,41,16,38,13,44)(11,40,17,37,14,43)(12,42,18,39,15,45)(19,34,27,32,23,30)(20,36,25,31,24,29)(21,35,26,33,22,28) ],
      p := ( 2,31,37,11,28,42,41,39,14,33,40,44,29,35,17,24,15,48,53,52,19,51,12,32,13,47,23, 9)( 3,27, 6,34,10,38, 5)( 4, 7,16,18,26,36,20,21,25, 8)(30,49,50,46)(45,54),
      q := ( 2,34,22,10,40,44,29,32,20,15,49,46,30,48,53,52,14,36,13,51,23, 5)( 3,16,25, 6,31,42,39,19,47,12,35,26,33,38, 9)( 7,27, 8)(11,28,37,24,21,18,17)(45,54) ), rec(
      gadd := [ ( 1,24,18, 3,23,17, 2,22,16)( 4,27,12, 6,26,11, 5,25,10)( 7,21,15, 9,20,14, 8,19,13)(28,51,45,30,50,44,29,49,43)(31,54,39,33,53,38,32,52,37)(34,48,42,36,47,41,35,46,40), 
          ( 1,42,26,29,13,54, 3,41,25,28,15,53, 2,40,27,30,14,52)( 4,45,20,32,16,48, 6,44,19,31,18,47, 5,43,21,33,17,46)( 7,39,23,35,10,51, 9,38,22,34,12,50, 8,37,24,36,11,49) ],
      gmul := [ ( 1,10,23)( 2,11,24)( 3,12,22)( 4,15,27)( 5,13,25)( 6,14,26)( 7,17,19)( 8,18,20)( 9,16,21)(28,37,50)(29,38,51)(30,39,49)(31,42,54)(32,40,52)(33,41,53)(34,44,46)(35,45,47)(36,43,48), 
          ( 1,42, 5,43, 9,38)( 2,41, 6,45, 7,37)( 3,40, 4,44, 8,39)(10,29,14,33,18,34)(11,28,15,32,16,36)(12,30,13,31,17,35)(19,54,23,46,27,50)(20,53,24,48,25,49)(21,52,22,47,26,51) ],
      p := ( 2,28,14,30,27,16,20,21, 9,40,52,26,39,35,41,36,45,54,44,19,22,18,25, 6,12,46,50,33,13,31,15,51,17,23, 8)( 3,24,11,29,10,34,38,37,42,47,48,43,32, 5)( 4, 7),
      q := ( 2,28,21, 5)( 3,12,51,26,40,52,17,10,31,20,14,30,16,15,46,48,43,35,37,38,41,33,19,11,29,23, 6,24,22,25, 8)( 9,39,32)(13,34,42,49,47,50,36,45,54,44) ), rec(
      gadd := [ ( 1,35, 6,28, 8,33)( 2,36, 4,29, 9,31)( 3,34, 5,30, 7,32)(10,44,15,37,17,42)(11,45,13,38,18,40)(12,43,14,39,16,41)(19,53,24,46,26,51)(20,54,22,47,27,49)(21,52,23,48,25,50), 
          ( 1,41,27,29,15,52, 3,40,26,28,14,54, 2,42,25,30,13,53)( 4,44,21,32,18,46, 6,43,20,31,17,48, 5,45,19,33,16,47)( 7,38,24,35,12,49, 9,37,23,34,11,51, 8,39,22,36,10,50) ],
      gmul := [ ( 1,31, 7,28, 4,34)( 2,33, 8,30, 5,36)( 3,32, 9,29, 6,35)(10,49,17,48,15,53)(11,51,18,47,13,52)(12,50,16,46,14,54)(19,41,27,39,23,43)(20,40,25,38,24,45)(21,42,26,37,22,44), 
          ( 1,36, 4,30, 7,33)( 2,35, 5,29, 8,32)( 3,34, 6,28, 9,31)(10,52,15,47,17,51)(11,54,13,46,18,50)(12,53,14,48,16,49)(19,45,23,38,27,40)(20,44,24,37,25,42)(21,43,22,39,26,41), 
          ( 1,41, 4,43, 7,39)( 2,40, 5,45, 8,38)( 3,42, 6,44, 9,37)(10,30,15,33,17,36)(11,29,13,32,18,35)(12,28,14,31,16,34)(19,54,23,46,27,50)(20,53,24,48,25,49)(21,52,22,47,26,51) ],
      p := ( 2,34,44,23, 8, 4, 7,13,28,32, 5, 3,20,21, 9)( 6,31,14,36,29,38,30,18,51,17,19,24,33,43,50,37,46,22,11,35,48,12,47,10,45,49,42,26)(15,52,41,27,40,54,16,25)(39,53),
      q := ( 2,31,19,11,32, 9, 3,13,28,35,49,37,50,42,17,14,33,43,46,10,45,48,23, 6,34,44,12,51,26, 8, 7,20,15,52,39,53,41,16,18,47,22,24,36,29,40,54,27,38,30,25,21, 5) ), rec(
      gadd := [ ( 1, 5, 9)( 2, 6, 7)( 3, 4, 8)(10,14,18)(11,15,16)(12,13,17)(19,23,27)(20,24,25)(21,22,26)(28,32,36)(29,33,34)(30,31,35)(37,41,45)(38,42,43)(39,40,44)(46,50,54)(47,51,52)(48,49,53), 
          ( 1,38,21,29,12,46, 3,37,20,28,11,48, 2,39,19,30,10,47)( 4,41,24,32,15,49, 6,40,23,31,14,51, 5,42,22,33,13,50)( 7,44,27,35,18,52, 9,43,26,34,17,54, 8,45,25,36,16,53) ],
      gmul := [ ( 1,22,12)( 2,23,10)( 3,24,11)( 4,26,14)( 5,27,15)( 6,25,13)( 7,21,16)( 8,19,17)( 9,20,18)(28,49,39)(29,50,37)(30,51,38)(31,53,41)(32,54,42)(33,52,40)(34,48,43)(35,46,44)(36,47,45), 
          ( 1,40, 6,43, 8,37)( 2,42, 4,45, 9,39)( 3,41, 5,44, 7,38)(10,28,13,33,16,35)(11,30,14,32,17,34)(12,29,15,31,18,36)(19,54,23,46,27,50)(20,53,24,48,25,49)(21,52,22,47,26,51) ],
      p := ( 2,31,17,23,18,47,54,41,29,35,14,33,11,28,39,43,30,42,48,49,53,38,37,45,27, 6,34,26,12,32,15,52,13,50,16,20,22, 9)( 3,24, 8, 4, 7,10,44,51,21,19,25,36, 5),
      q := ( 2,34,17,11,28,42,51,13,47,54,38,40,37,45,16,14,36, 9, 3,10,44,48,46,49,53,41,29,32,19,18,50,27, 8, 7,24, 6,31,26,22, 5)(12,35,20)(15,52,21)(23,25,33)(30,39,43) ), rec(
      gadd := [ ( 1, 6, 8)( 2, 4, 9)( 3, 5, 7)(10,15,17)(11,13,18)(12,14,16)(19,24,26)(20,22,27)(21,23,25)(28,33,35)(29,31,36)(30,32,34)(37,42,44)(38,40,45)(39,41,43)(46,51,53)(47,49,54)(48,50,52), 
          ( 1,38,21,29,12,46, 3,37,20,28,11,48, 2,39,19,30,10,47)( 4,41,24,32,15,49, 6,40,23,31,14,51, 5,42,22,33,13,50)( 7,44,27,35,18,52, 9,43,26,34,17,54, 8,45,25,36,16,53) ],
      gmul := [ ( 1,41, 6,43, 8,39)( 2,40, 4,45, 9,38)( 3,42, 5,44, 7,37)(10,30,15,32,17,34)(11,29,13,31,18,36)(12,28,14,33,16,35)(19,54,24,47,26,49)(20,53,22,46,27,51)(21,52,23,48,25,50), 
          ( 1,51, 5,52, 9,47)( 2,50, 6,54, 7,46)( 3,49, 4,53, 8,48)(10,43,14,38,18,42)(11,45,15,37,16,41)(12,44,13,39,17,40)(19,29,23,33,27,34)(20,28,24,32,25,36)(21,30,22,31,26,35) ],
      p := ( 2,28,16,12,47,49,50,33,13,31,14,30,27,38,42,36,41,53,18,23,17,19,26, 6,11,29,15,51,45,20,22, 9,40,35,39,37,44,32, 5, 3,24, 8)( 4, 7)(10,34,46,54,52,25)(43,48),
      q := ( 2,28,27,40,32, 9,38,37,44,35,41,53,25,22, 5)( 3,11,29,21,15,47,48,43,49,46,54,52,18,12,51,45,13,34,50,36,39,42,33,20,10,31,19,17,14,30,16,23,26, 8)( 6,24) ), rec(
      gadd := [ ( 1,14,27, 2,15,25, 3,13,26)( 4,17,21, 5,18,19, 6,16,20)( 7,11,24, 8,12,22, 9,10,23)(28,41,54,29,42,52,30,40,53)(31,44,48,32,45,46,33,43,47)(34,38,51,35,39,49,36,37,50), 
          ( 1,49,17,30,24,43, 2,50,18,28,22,44, 3,51,16,29,23,45)( 4,52,11,33,27,37, 5,53,12,31,25,38, 6,54,10,32,26,39)( 7,46,14,36,21,40, 8,47,15,34,19,41, 9,48,13,35,20,42) ],
