BRACES[68] := [ rec(
      gadd := [ ( 1,40,10,47,17,56,26,63,33,38, 8,45,15,54,24,61,31,36, 6,43,13,52,22,59,29,68, 4,41,11,50,20,57,27,66, 2,39, 9,48,18,55,25,64,34,37, 7,46,16,53,
             23,62,32,35, 5,44,14,51,21,60,30,67, 3,42,12,49,19,58,28,65) ],
      gmul := [ ( 1, 2)( 3, 4)( 5, 6)( 7, 8)( 9,10)(11,12)(13,14)(15,16)(17,18)(19,20)(21,22)(23,24)(25,26)(27,28)(29,30)(31,32)(33,34)(35,36)(37,38)(39,40)
            (41,42)(43,44)(45,46)(47,48)(49,50)(51,52)(53,54)(55,56)(57,58)(59,60)(61,62)(63,64)(65,66)(67,68), ( 1,53, 3,55, 5,57, 7,59, 9,61,11,63,13,65,15,67,17,35,19,37,21,39,23,41,25,43,27,45,29,47,31,
             49,33,51)( 2,54, 4,56, 6,58, 8,60,10,62,12,64,14,66,16,68,18,36,20,38,22,40,24,42,26,44,28,46,30,48,32,50,34,52) ],
      p := ( 2,35,17,22,50,10,26, 6,36,19,31,41,18,16,49,28,29,66,24,39,51, 3)( 4,11,21,56,67,48,43,27, 7,45,52,33, 8,59,13,46,54,44, 9,12,15,55,37,42,20, 5,25,32,63,47,61,38,64,57)
        (14,60,23,65)(30,40,53,62,68,58,34),
      q := ( 2,35,19, 5,11,15,49,10,12,21,50,28, 7,59,23,39,53,44,27,29,40,51,33,30,66,14,46,52, 3)( 4,25, 6,36,17,16,55,67,58)( 8,45,54,62,38,42,18,22,56,37,64,47,43, 9,26,32,41,20,31,63,57,34)
        (13,60)(24,65)(48,61,68) ), rec(
      gadd := [ ( 1,40,10,47,17,56,26,63,33,38, 8,45,15,54,24,61,31,36, 6,43,13,52,22,59,29,68, 4,41,11,50,20,57,27,66, 2,39, 9,48,18,55,25,64,34,37, 7,46,16,53,
             23,62,32,35, 5,44,14,51,21,60,30,67, 3,42,12,49,19,58,28,65) ],
      gmul := [ ( 1,24,11,34,21,10,31,20, 7,30,17, 6,27,16, 3,26,13, 2,23,12,33,22, 9,32,19, 8,29,18, 5,28,15, 4,25,14)(35,58,45,68,55,44,65,54,41,64,51,40,61,50,
             37,60,47,36,57,46,67,56,43,66,53,42,63,52,39,62,49,38,59,48), ( 1,40)( 2,39)( 3,38)( 4,37)( 5,36)( 6,35)( 7,68)( 8,67)( 9,66)(10,65)(11,64)(12,63)(13,62)(14,61)(15,60)(16,59)(17,58)(18,57)
            (19,56)(20,55)(21,54)(22,53)(23,52)(24,51)(25,50)(26,49)(27,48)(28,47)(29,46)(30,45)(31,44)(32,43)(33,42)(34,41) ],
      p := ( 2,35,17,22,56,37,64,47,43,27, 7,59,13,60,23,39,53,44, 9,12,15,49,28,29,40,51, 3)( 4,11,21,50,10,26, 6,36,19,31,63,57)( 5,25,32,41,18,16,55,67,58,34,30,66,24,65,14,46,52,33, 8,45,54,62,38,42,20)
        (48,61,68),
      q := ( 2,35,19, 5,11,15,49,10,12,21,50,28, 7,59,23,39,53,44,27,29,40,51,33,30,66,14,46,52, 3)( 4,25, 6,36,17,16,55,67,58)( 8,45,54,62,38,42,18,22,56,37,64,47,43, 9,26,32,41,20,31,63,57,34)
        (13,60)(24,65)(48,61,68) ), rec(
      gadd := [ ( 1,40,10,47,17,56,26,63,33,38, 8,45,15,54,24,61,31,36, 6,43,13,52,22,59,29,68, 4,41,11,50,20,57,27,66, 2,39, 9,48,18,55,25,64,34,37, 7,46,16,53,
             23,62,32,35, 5,44,14,51,21,60,30,67, 3,42,12,49,19,58,28,65) ],
      gmul := [ ( 1,40,10,47,17,56,26,63,33,38, 8,45,15,54,24,61,31,36, 6,43,13,52,22,59,29,68, 4,41,11,50,20,57,27,66, 2,39, 9,48,18,55,25,64,34,37, 7,46,16,53,
             23,62,32,35, 5,44,14,51,21,60,30,67, 3,42,12,49,19,58,28,65) ],
      p := ( 2,36,41,18,16,50,10,26, 6,25,32,64,58,34,30,29,39,52,61,67,47,62,23,66,24,40,54,33, 8,60,37,63,48,44,51, 3)( 4,11,21,49,28,65,14,15,56,68,57)( 5,35,17,22)
        ( 7,46, 9,12,45,53,43,27)(13,59)(19,31,42,20,55,38),
      q := ( 2,35,19, 5,36,64,47,43, 9,26,32,41,20,50,28,40,51,33,30, 7,59,23,39,53,62,13,46,27,29,66,14,21,56,37,42,18,22,31,63,57,34, 8,45,52,44,54, 3)( 4,25, 6,11,15,49,10,12,60,68,48,61,38,17,16,55,67,58)
        (24,65) ), rec(
      gadd := [ ( 1,40,10,47,17,56,26,63,33,38, 8,45,15,54,24,61,31,36, 6,43,13,52,22,59,29,68, 4,41,11,50,20,57,27,66, 2,39, 9,48,18,55,25,64,34,37, 7,46,16,53,
             23,62,32,35, 5,44,14,51,21,60,30,67, 3,42,12,49,19,58,28,65) ],
      gmul := [ ( 1,34,31,30,27,26,23,22,19,18,15,14,11,10, 7, 6, 3, 2,33,32,29,28,25,24,21,20,17,16,13,12, 9, 8, 5, 4)(35,68,65,64,61,60,57,56,53,52,49,48,45,44,
             41,40,37,36,67,66,63,62,59,58,55,54,51,50,47,46,43,42,39,38), ( 1,61, 2,62)( 3,59, 4,60)( 5,57, 6,58)( 7,55, 8,56)( 9,53,10,54)(11,51,12,52)(13,49,14,50)(15,47,16,48)(17,45,18,46)(19,43,20,44)
            (21,41,22,42)(23,39,24,40)(25,37,26,38)(27,35,28,36)(29,67,30,68)(31,65,32,66)(33,63,34,64) ],
      p := ( 2,36,41,18,16,56,38,19,31,64,48,62,23,40,52,61,67,47,44,51, 3)( 4,11,21,49,28,65,14,15,50,10,26, 6,25,32,42,20,55,68,57)( 5,35,17,22)( 7,60,37,63,58,34,30,29,39,54,33, 8,46, 9,12,45,53,43,27)
        (13,59)(24,66),
      q := ( 2,35,19, 5,36,42,18,22,31,63,57,34, 8,45,54, 3)( 4,25, 6,11,15,49,10,12,46,27,29,40,51,33,30, 7,59,23,39,53,44,52,62,13,60,38,17,16,55,67,48,61,68,58)
        ( 9,26,32,41,20,56,37,64,47,43)(14,21,50,28,66)(24,65) ), rec(
      gadd := [ ( 1,40,10,47,17,56,26,63,33,38, 8,45,15,54,24,61,31,36, 6,43,13,52,22,59,29,68, 4,41,11,50,20,57,27,66, 2,39, 9,48,18,55,25,64,34,37, 7,46,16,53,
             23,62,32,35, 5,44,14,51,21,60,30,67, 3,42,12,49,19,58,28,65) ],
      gmul := [ ( 1,10)( 2, 9)( 3, 8)( 4, 7)( 5, 6)(11,34)(12,33)(13,32)(14,31)(15,30)(16,29)(17,28)(18,27)(19,26)(20,25)(21,24)(22,23)(35,44)(36,43)(37,42)
            (38,41)(39,40)(45,68)(46,67)(47,66)(48,65)(49,64)(50,63)(51,62)(52,61)(53,60)(54,59)(55,58)(56,57), ( 1,56)( 2,55)( 3,54)( 4,53)( 5,52)( 6,51)( 7,50)( 8,49)( 9,48)(10,47)(11,46)(12,45)(13,44)
            (14,43)(15,42)(16,41)(17,40)(18,39)(19,38)(20,37)(21,36)(22,35)(23,68)(24,67)(25,66)(26,65)(27,64)(28,63)(29,62)(30,61)(31,60)(32,59)(33,58)(34,57) ],
      p := ( 2,35,17,16,49,10,12,15,55,37,64,57,34, 8,59,13,60,23,65,24,39,51, 3)( 4,11,21,50,28,29,40,53,44, 9,26,32,63,47,61,68,48,43,27, 7,45,54,62,38,42,18,22,56,67,58)
        ( 5,25, 6,36,19,31,41,20)(14,46,52,33,30,66),
      q := ( 2,35,19, 5,11,15,49,10,12,21,50,28, 7,59,23,39,53,44,27,29,40,51,33,30,66,14,46,52, 3)( 4,25, 6,36,17,16,55,67,58)( 8,45,54,62,38,42,18,22,56,37,64,47,43, 9,26,32,41,20,31,63,57,34)
        (13,60)(24,65)(48,61,68) ), rec(
      gadd := [ ( 1,40,10,47,17,56,26,63,33,38, 8,45,15,54,24,61,31,36, 6,43,13,52,22,59,29,68, 4,41,11,50,20,57,27,66, 2,39, 9,48,18,55,25,64,34,37, 7,46,16,53,
             23,62,32,35, 5,44,14,51,21,60,30,67, 3,42,12,49,19,58,28,65) ],
      gmul := [ ( 1, 5, 9,13,17,21,25,29,33, 3, 7,11,15,19,23,27,31)( 2, 6,10,14,18,22,26,30,34, 4, 8,12,16,20,24,28,32)(35,39,43,47,51,55,59,63,67,37,41,45,49,53,57,61,65)
            (36,40,44,48,52,56,60,64,68,38,42,46,50,54,58,62,66), ( 1,47,28,50)( 2,48,27,49)( 3,55,26,42)( 4,56,25,41)( 5,63,24,68)( 6,64,23,67)( 7,37,22,60)( 8,38,21,59)( 9,45,20,52)(10,46,19,51)
            (11,53,18,44)(12,54,17,43)(13,61,16,36)(14,62,15,35)(29,57,34,40)(30,58,33,39)(31,65,32,66) ],
      p := ( 2,36,54,62,34,47,19,30,31,55,61,10,12,21,29,56,67, 4,11,46,23, 7,64, 9,26,22, 8,42, 5,35,57,38,65,28,52,13,45,24,48,32,51,14,41,49,18,15,63,33,39,53,68, 3)
        ( 6,25,16,60,43,20,58,37,66,27,40,50,17,59,44),
      q := ( 2,35,56,62,34,50,19,30, 5,36,65,28,39,40,47,17,64,27,53,43,20,49,18,21, 7,59,37,51,14,60,68,33,52,23,29,57,61,10,12,15,46,13,42,31,48,32,66, 9,26,
         22, 8,45,24,55,38,54,67, 4,25,16,41,58,44, 6,11,63, 3) ), rec(
      gadd := [ ( 1,44, 2,45, 3,46, 4,47, 5,48, 6,49, 7,50, 8,51, 9,35,10,36,11,37,12,38,13,39,14,40,15,41,16,42,17,43)(18,61,19,62,20,63,21,64,22,65,23,66,24,67,
             25,68,26,52,27,53,28,54,29,55,30,56,31,57,32,58,33,59,34,60), ( 1,54, 5,58, 9,62,13,66,17,53, 4,57, 8,61,12,65,16,52, 3,56, 7,60,11,64,15,68, 2,55, 6,59,10,63,14,67)(18,37,22,41,26,45,30,49,34,
             36,21,40,25,44,29,48,33,35,20,39,24,43,28,47,32,51,19,38,23,42,27,46,31,50) ],
      gmul := [ ( 1,22, 9,30,17,21, 8,29,16,20, 7,28,15,19, 6,27,14,18, 5,26,13,34, 4,25,12,33, 3,24,11,32, 2,23,10,31)(35,56,43,64,51,55,42,63,50,54,41,62,49,53,
             40,61,48,52,39,60,47,68,38,59,46,67,37,58,45,66,36,57,44,65), ( 1,42,15,39,12,36, 9,50, 6,47, 3,44,17,41,14,38,11,35, 8,49, 5,46, 2,43,16,40,13,37,10,51, 7,48, 4,45)(18,59,32,56,29,53,26,67,23,
             64,20,61,34,58,31,55,28,52,25,66,22,63,19,60,33,57,30,54,27,68,24,65,21,62) ],
      p := ( 2, 7,58,61,66,21, 8,24,47,20,17,46,54,60, 4,18,57,50,67,49,39,31,25,40,42,56,37, 3,52,10,63,43,22,53,15,30,59,27,34,62,32,36, 5,12, 6,13)( 9,35,28,11,29,14,64,44,16,41,45)
        (19,23)(26,68,38,65,55)(33,51),
      q := ( 2,12,13,17,41,42,65,66,32,51,20)( 3,52, 9,35,25,47,33,36,14,57,37,16,46,67,38,56,50,54,61,55,27,19,30,62,21,11,24,40,45,10,58,60,15,23,34,59,26,53, 4,18,64,43,31,28, 8,29, 5, 7,63,44)
        (22,68,49,48,39) ), rec(
      gadd := [ ( 1,44, 2,45, 3,46, 4,47, 5,48, 6,49, 7,50, 8,51, 9,35,10,36,11,37,12,38,13,39,14,40,15,41,16,42,17,43)(18,61,19,62,20,63,21,64,22,65,23,66,24,67,
             25,68,26,52,27,53,28,54,29,55,30,56,31,57,32,58,33,59,34,60), ( 1,66,12,60, 6,54,17,65,11,59, 5,53,16,64,10,58, 4,52,15,63, 9,57, 3,68,14,62, 8,56, 2,67,13,61, 7,55)(18,49,29,43,23,37,34,48,28,
             42,22,36,33,47,27,41,21,35,32,46,26,40,20,51,31,45,25,39,19,50,30,44,24,38) ],
      gmul := [ ( 1,39)( 2,38)( 3,37)( 4,36)( 5,35)( 6,51)( 7,50)( 8,49)( 9,48)(10,47)(11,46)(12,45)(13,44)(14,43)(15,42)(16,41)(17,40)(18,56)(19,55)(20,54)
            (21,53)(22,52)(23,68)(24,67)(25,66)(26,65)(27,64)(28,63)(29,62)(30,61)(31,60)(32,59)(33,58)(34,57), ( 1,61, 2,62, 3,63, 4,64, 5,65, 6,66, 7,67, 8,68, 9,52,10,53,11,54,12,55,13,56,14,57,15,58,16,
             59,17,60)(18,44,19,45,20,46,21,47,22,48,23,49,24,50,25,51,26,35,27,36,28,37,29,38,30,39,31,40,32,41,33,42,34,43) ],
      p := ( 2,18,64,32,25, 8,24,19,57,15,41, 3, 7,35,62,44,16,30,51,67,38,45,33,14,46,39,42,65,66,55,37,22,40,31,36, 5,12, 6,29,28,11,63,43,56,26,53,27,68,49, 9,13,23,47,48,20,17)
        ( 4,52,10,58,60)(21,34,59,61)(50,54),
      q := ( 2,18,57, 4,52, 9, 6,29,28, 8,24,19,64,32,25,11,58,61,21,34,62,44, 3,12,13,23,47,48,20)( 5, 7,35,59,60,15,41,16,30,51,54,50,67,38,45,33)(10,63,43,65,55,37,22,40,31,36,14,46,39,42,56,26,68,49)
        (27,53) ), rec(
      gadd := [ ( 1,23,11,33, 4,26,14,19, 7,29,17,22,10,32, 3,25,13,18, 6,28,16,21, 9,31, 2,24,12,34, 5,27,15,20, 8,30)(35,57,45,67,38,60,48,53,41,63,51,56,44,66,
             37,59,47,52,40,62,50,55,43,65,36,58,46,68,39,61,49,54,42,64), ( 1,44, 2,45, 3,46, 4,47, 5,48, 6,49, 7,50, 8,51, 9,35,10,36,11,37,12,38,13,39,14,40,15,41,16,42,17,43)(18,61,19,62,20,63,21,64,22,
             65,23,66,24,67,25,68,26,52,27,53,28,54,29,55,30,56,31,57,32,58,33,59,34,60) ],
      gmul := [ ( 1,40,28,67, 4,43,31,53, 7,46,34,56,10,49,20,59,13,35,23,62,16,38,26,65, 2,41,29,68, 5,44,32,54, 8,47,18,57,11,50,21,60,14,36,24,63,17,39,27,66,
              3,42,30,52, 6,45,33,55, 9,48,19,58,12,51,22,61,15,37,25,64) ],
      p := ( 2,35,59,60,27,53,67,21,57,15,47,37,62, 4,18,30,11,58,26,19,64,38, 5,52,33,14, 6,12,29,68,55,43,65,32,45,56,44,22,17)( 3, 7,41)( 8,46,16,40,39,48,50,20,23,36,28,34,25)
        ( 9,13,63,49)(10,24,51,54)(31,42),
      q := ( 2,52,20,30, 8,58,27,51,50,33, 5,35,45,48,54, 9, 6, 7,63,55,61,43,39,56,60,26,34,28,19,40,65,21,47,67,32,59,44,31,62,15,57, 4,18,23,68,49,10,29,36,25,11,46, 3,12,24,53,37,42,22)
        (13,41,16,64,66,38,14) ), rec(
      gadd := [ ( 1,25,15,22,12,19, 9,33, 6,30, 3,27,17,24,14,21,11,18, 8,32, 5,29, 2,26,16,23,13,20,10,34, 7,31, 4,28)(35,59,49,56,46,53,43,67,40,64,37,61,51,58,
             48,55,45,52,42,66,39,63,36,60,50,57,47,54,44,68,41,65,38,62), ( 1,62, 4,65, 7,68,10,54,13,57,16,60, 2,63, 5,66, 8,52,11,55,14,58,17,61, 3,64, 6,67, 9,53,12,56,15,59)(18,45,21,48,24,51,27,37,30,
             40,33,43,19,46,22,49,25,35,28,38,31,41,34,44,20,47,23,50,26,36,29,39,32,42) ],
      gmul := [ ( 1,14,10, 6, 2,15,11, 7, 3,16,12, 8, 4,17,13, 9, 5)(18,31,27,23,19,32,28,24,20,33,29,25,21,34,30,26,22)(35,48,44,40,36,49,45,41,37,50,46,42,38,51,47,43,39)
            (52,65,61,57,53,66,62,58,54,67,63,59,55,68,64,60,56), ( 1,67,18,50)( 2,66,19,49)( 3,65,20,48)( 4,64,21,47)( 5,63,22,46)( 6,62,23,45)( 7,61,24,44)( 8,60,25,43)( 9,59,26,42)(10,58,27,41)
            (11,57,28,40)(12,56,29,39)(13,55,30,38)(14,54,31,37)(15,53,32,36)(16,52,33,35)(17,68,34,51) ],
      p := ( 2,35,59,60,27,53,67,21,57,15,40,48,37,62, 4,18,30,11,58,26,19,64,49, 9,13,63,38, 5,52,33,14, 6,12,29,68,55,44,22,17)( 3, 7,46,16,47,50,20,23,51,54,10,24,36,28,34,25, 8,41)(31,45,56,43,65,32,42),
      q := ( 2,52,20,30, 8,58,27,36,25,11,41,16,64,66,49,10,29,51,37,45,39,56,60,26,34,28,19,47,67,32,59,43,48,54, 9, 6, 7,63,55,61,44,31,62,15,57, 4,18,23,68,38,14,13,46, 3,12,24,53,50,33, 5,35,42,22)
        (21,40,65) ), rec(
      gadd := [ ( 1,20, 5,24, 9,28,13,32,17,19, 4,23, 8,27,12,31,16,18, 3,22, 7,26,11,30,15,34, 2,21, 6,25,10,29,14,33)(35,54,39,58,43,62,47,66,51,53,38,57,42,61,
             46,65,50,52,37,56,41,60,45,64,49,68,36,55,40,59,44,63,48,67), ( 1,46, 6,51,11,39,16,44, 4,49, 9,37,14,42, 2,47, 7,35,12,40,17,45, 5,50,10,38,15,43, 3,48, 8,36,13,41)(18,63,23,68,28,56,33,61,21,
             66,26,54,31,59,19,64,24,52,29,57,34,62,22,67,27,55,32,60,20,65,25,53,30,58) ],
      gmul := [ ( 1,30)( 2,29)( 3,28)( 4,27)( 5,26)( 6,25)( 7,24)( 8,23)( 9,22)(10,21)(11,20)(12,19)(13,18)(14,34)(15,33)(16,32)(17,31)(35,64)(36,63)(37,62)
            (38,61)(39,60)(40,59)(41,58)(42,57)(43,56)(44,55)(45,54)(46,53)(47,52)(48,68)(49,67)(50,66)(51,65), ( 1,55,26,40)( 2,68,25,44)( 3,64,24,48)( 4,60,23,35)( 5,56,22,39)( 6,52,21,43)( 7,65,20,47)
            ( 8,61,19,51)( 9,57,18,38)(10,53,34,42)(11,66,33,46)(12,62,32,50)(13,58,31,37)(14,54,30,41)(15,67,29,45)(16,63,28,49)(17,59,27,36) ],
      p := ( 2,35,66,16,46,15,59,50, 5,52, 4, 7,42,17,63, 9,29,47,14,62,26,30)( 3,18, 6,12,13,58,60,67,27,48,22,28,51,21, 8,45,32,68,10,24,38,56,61,20,49,34,55,54,37,39,53,44,31,64)
        (11,41,57,43,19,25,23)(33,65),
      q := ( 2,52,15,41,49,34,40,55,44,31,38,36,56,50,14,46, 4,12, 6, 7,63,10,24,64,16,62,26,30,17,42)( 3,18,13,45,32,39,48,22,28,65,33,51,21,11,59,61,20,57,67,27,53,54,60,43,19,25,23, 8,58,37,68, 9,29,66)
        ( 5,35,47) ) ];
