BRACES[32] := [ rec(
      gadd := 
       [ ( 1,17, 5,21, 3,19, 7,23, 2,18, 6,22, 4,20, 8,24)( 9,25,13,29,11,27,
             15,31,10,26,14,30,12,28,16,32), 
          ( 1,30, 7,25, 4,31, 5,28, 2,29, 8,26, 3,32, 6,27)( 9,22,15,17,12,23,
             13,20,10,21,16,18,11,24,14,19) ],
      gmul := 
       [ ( 1,11, 2,12)( 3,10, 4, 9)( 5,15, 6,16)( 7,14, 8,13)(17,27,18,28)
            (19,26,20,25)(21,31,22,32)(23,30,24,29), 
          ( 1,25, 6,30, 3,27, 8,32, 2,26, 5,29, 4,28, 7,31)( 9,17,14,22,11,19,
             16,24,10,18,13,21,12,20,15,23) ],
      p := ( 2,24,19,10, 7,18,12,20,26,28,31,14,23, 6)( 3, 9)( 4, 8, 5)
        (11,32,27,30,29,25,15,17,16,21,13,22),
      q := ( 2,18,11,26,30,27,28,25,14,17,13,20,32,29,31,15,23, 7,24,21,16,19,
         10, 6)( 3, 9, 4, 5)(12,22) ), rec(
      gadd := 
       [ ( 1,14, 3,16, 2,13, 4,15)( 5,12, 7, 9, 6,11, 8,10)(17,30,19,32,18,29,
             20,31)(21,28,23,25,22,27,24,26), 
          ( 1,20, 6,23, 3,17, 8,22, 2,19, 5,24, 4,18, 7,21)( 9,28,14,31,11,25,
             16,30,10,27,13,32,12,26,15,29) ],
      gmul := 
       [ ( 1,24, 8,20, 4,22, 6,18, 2,23, 7,19, 3,21, 5,17)( 9,31,16,27,12,29,
             14,25,10,32,15,28,11,30,13,26), 
          ( 1,26, 5,30, 3,28, 7,32, 2,25, 6,29, 4,27, 8,31)( 9,17,13,21,11,19,
             15,23,10,18,14,22,12,20,16,24) ],
      p := ( 2,24,19,13,23,18,26,29,14,21, 6)( 3, 9)( 4, 8, 5)( 7,17,10,31,25,
         27,32,28,30,15,16,12,22)(11,20),
      q := ( 2,17,10,26,28,27,25,30,14,20,12,19,16,11,21, 7,24,22, 6)
        ( 3, 9, 4, 5)(13,18,31,32,29,15) ), rec(
      gadd := 
       [ ( 1,12, 2,11)( 3, 9, 4,10)( 5,16, 6,15)( 7,13, 8,14)(17,28,18,27)
            (19,25,20,26)(21,32,22,31)(23,29,24,30), 
          ( 1,30, 7,25, 4,31, 5,28, 2,29, 8,26, 3,32, 6,27)( 9,22,15,17,12,23,
             13,20,10,21,16,18,11,24,14,19) ],
      gmul := 
       [ ( 1,23, 7,20, 4,21, 5,18, 2,24, 8,19, 3,22, 6,17)( 9,32,15,27,12,30,
             13,25,10,31,16,28,11,29,14,26), 
          ( 1,28, 5,32, 3,25, 7,29, 2,27, 6,31, 4,26, 8,30)( 9,19,13,23,11,18,
             15,22,10,20,14,24,12,17,16,21) ],
      p := ( 2,24,19,10, 7,18,12,20,25,15,17,16,21,13,22,11,31,14,23, 6)
        ( 3, 9)( 4, 8, 5)(26,27,29)(28,32),
      q := ( 2,18,11,25,14,17,13,20,31,15,23, 7,24,21,16,19,10, 6)
        ( 3, 9, 4, 5)(12,22)(26,29,32,30,28) ), rec(
      gadd := 
       [ ( 1,12, 2,11)( 3, 9, 4,10)( 5,16, 6,15)( 7,13, 8,14)(17,28,18,27)
            (19,25,20,26)(21,32,22,31)(23,29,24,30), 
          ( 1,30, 7,25, 4,31, 5,28, 2,29, 8,26, 3,32, 6,27)( 9,22,15,17,12,23,
             13,20,10,21,16,18,11,24,14,19) ],
      gmul := 
       [ ( 1, 6, 3, 8, 2, 5, 4, 7)( 9,14,11,16,10,13,12,15)(17,22,19,24,18,21,
             20,23)(25,30,27,32,26,29,28,31), 
          ( 1,15, 4,13, 2,16, 3,14)( 5,10, 8,11, 6, 9, 7,12)(17,32,20,30,18,
             31,19,29)(21,25,24,28,22,26,23,27), 
          ( 1,23)( 2,24)( 3,21)( 4,22)( 5,19)( 6,20)( 7,17)( 8,18)( 9,32)
            (10,31)(11,30)(12,29)(13,28)(14,27)(15,26)(16,25) ],
      p := ( 2,17,10,21, 7, 5, 4, 8, 3, 9,26,27,23,28,22,30,15,16,12,18,13,24,
         25,31,32,29,14,20, 6)(11,19),
      q := ( 2,17,10,21, 6)( 3, 9,26,27,23,28,22,30,14,20, 7, 8, 4, 5)
        (11,19,12,18,16)(13,24,25,31,32,29,15) ), rec(
      gadd := 
       [ ( 1,10)( 2, 9)( 3,12)( 4,11)( 5,14)( 6,13)( 7,16)( 8,15)(17,26)
            (18,25)(19,28)(20,27)(21,30)(22,29)(23,32)(24,31), 
          ( 1,22, 7,17, 4,23, 5,20, 2,21, 8,18, 3,24, 6,19)( 9,30,15,25,12,31,
             13,28,10,29,16,26,11,32,14,27) ],
      gmul := 
       [ ( 1, 6, 3, 8, 2, 5, 4, 7)( 9,14,11,16,10,13,12,15)(17,22,19,24,18,21,
             20,23)(25,30,27,32,26,29,28,31), 
          ( 1,12, 2,11)( 3, 9, 4,10)( 5,16, 6,15)( 7,13, 8,14)(17,27,18,28)
            (19,26,20,25)(21,31,22,32)(23,30,24,29), 
          ( 1,22, 2,21)( 3,23, 4,24)( 5,18, 6,17)( 7,19, 8,20)( 9,29,10,30)
            (11,32,12,31)(13,25,14,26)(15,28,16,27) ],
      p := ( 2,17,10,26,28,27,31,32,29,14,20,11,21, 6)( 3, 9)( 4, 8, 5)
        ( 7,18,25,30,15,16,12,19,13,24,22),
      q := ( 2,18,26,27,32,30,14,19,16,11,22, 6)( 3, 9, 4, 5)( 7,17,10,25,29,
         15,13,23,24,21)(12,20) ), rec(
      gadd := 
       [ ( 1,19, 6,24, 3,18, 8,21, 2,20, 5,23, 4,17, 7,22)( 9,27,14,32,11,26,
             16,29,10,28,13,31,12,25,15,30), 
          ( 1,31, 8,27, 4,29, 6,25, 2,32, 7,28, 3,30, 5,26)( 9,23,16,19,12,21,
             14,17,10,24,15,20,11,22,13,18) ],
      gmul := 
       [ ( 1, 5, 3, 7, 2, 6, 4, 8)( 9,13,11,15,10,14,12,16)(17,21,19,23,18,22,
             20,24)(25,29,27,31,26,30,28,32), 
          ( 1,24)( 2,23)( 3,22)( 4,21)( 5,20)( 6,19)( 7,18)( 8,17)( 9,32)
            (10,31)(11,30)(12,29)(13,28)(14,27)(15,26)(16,25), 
          ( 1,32)( 2,31)( 3,30)( 4,29)( 5,28)( 6,27)( 7,26)( 8,25)( 9,24)
            (10,23)(11,22)(12,21)(13,20)(14,19)(15,18)(16,17) ],
      p := ( 2,17,10,21, 7, 5, 4, 8, 3, 9,25,32,30,15,16,12,18,13,24,26,28,22,
         29,14,20, 6)(11,19)(23,27),
      q := ( 2,17,10,21, 6)( 3, 9,25,32,30,14,20, 7, 8, 4, 5)(11,19,12,18,16)
        (13,24,26,28,22,29,15)(23,27) ), rec(
      gadd := 
       [ ( 1,23, 8,19, 4,21, 6,17, 2,24, 7,20, 3,22, 5,18)( 9,31,16,27,12,29,
             14,25,10,32,15,28,11,30,13,26), 
          ( 1,25, 5,29, 3,27, 7,31, 2,26, 6,30, 4,28, 8,32)( 9,17,13,21,11,19,
             15,23,10,18,14,22,12,20,16,24) ],
      gmul := 
       [ ( 1, 8, 4, 6, 2, 7, 3, 5)( 9,16,12,14,10,15,11,13)(17,24,20,22,18,23,
             19,21)(25,32,28,30,26,31,27,29), 
          ( 1,11, 2,12)( 3,10, 4, 9)( 5,15, 6,16)( 7,14, 8,13)(17,27,18,28)
            (19,26,20,25)(21,31,22,32)(23,30,24,29), 
          ( 1,22, 2,21)( 3,23, 4,24)( 5,18, 6,17)( 7,19, 8,20)( 9,30,10,29)
            (11,31,12,32)(13,26,14,25)(15,27,16,28) ],
      p := ( 2,17,10,25,29,14,20,11,21, 6)( 3, 9)( 4, 8, 5)( 7,18,26,27,32,30,
         15,16,12,19,13,24,22),
      q := ( 2,18,25,30,14,19,16,11,22, 6)( 3, 9, 4, 5)( 7,17,10,26,28,27,31,
         32,29,15,13,23,24,21)(12,20) ), rec(
      gadd := 
       [ ( 1,10)( 2, 9)( 3,12)( 4,11)( 5,14)( 6,13)( 7,16)( 8,15)(17,26)
            (18,25)(19,28)(20,27)(21,30)(22,29)(23,32)(24,31), 
          ( 1,25, 5,29, 3,27, 7,31, 2,26, 6,30, 4,28, 8,32)( 9,17,13,21,11,19,
             15,23,10,18,14,22,12,20,16,24) ],
      gmul := 
       [ ( 1,21, 7,18, 4,24, 5,19, 2,22, 8,17, 3,23, 6,20)( 9,29,15,26,12,32,
             13,27,10,30,16,25,11,31,14,28), 
          ( 1,29, 7,26, 4,32, 5,27, 2,30, 8,25, 3,31, 6,28)( 9,21,15,18,12,24,
             13,19,10,22,16,17,11,23,14,20) ],
      p := ( 2,24,19,13,23,18,25,28,29,14,21, 6)( 3, 9)( 4, 8, 5)
        ( 7,17,10,32,27,31,26,30,15,16,12,22)(11,20),
      q := ( 2,17,10,25,29,15,13,18,32,30,14,20,12,19,16,11,21, 7,24,22, 6)
        ( 3, 9, 4, 5)(26,27) ), rec(
      gadd := 
       [ ( 1,12, 2,11)( 3, 9, 4,10)( 5,16, 6,15)( 7,13, 8,14)(17,28,18,27)
            (19,25,20,26)(21,32,22,31)(23,29,24,30), 
          ( 1,30, 7,25, 4,31, 5,28, 2,29, 8,26, 3,32, 6,27)( 9,22,15,17,12,23,
             13,20,10,21,16,18,11,24,14,19) ],
      gmul := 
       [ ( 1,19, 5,23, 3,18, 7,22, 2,20, 6,24, 4,17, 8,21)( 9,27,13,31,11,26,
             15,30,10,28,14,32,12,25,16,29), 
          ( 1,30)( 2,29)( 3,31)( 4,32)( 5,26)( 6,25)( 7,27)( 8,28)( 9,22)
            (10,21)(11,23)(12,24)(13,18)(14,17)(15,19)(16,20) ],
      p := ( 2, 9, 3,24,19,22,21,17, 7,18,20,23, 6)( 4, 8, 5)(10,26,30,27,28,
         25,14,32,29,31,15,16,12,11,13),
      q := ( 2, 9, 4, 5, 3,18,22,19,20,17, 6)( 7,24,21,23)(10,26,30,27,28,25,
         14,32,29,31,15,16,12,11,13) ), rec(
      gadd := 
       [ ( 1,15, 4,13, 2,16, 3,14)( 5,10, 8,11, 6, 9, 7,12)(17,31,20,29,18,32,
             19,30)(21,26,24,27,22,25,23,28), 
          ( 1,26, 5,30, 3,28, 7,32, 2,25, 6,29, 4,27, 8,31)( 9,18,13,22,11,20,
             15,24,10,17,14,21,12,19,16,23) ],
      gmul := 
       [ ( 1,17,11,28, 2,18,12,27)( 3,20,10,26, 4,19, 9,25)( 5,23,15,29, 6,24,
             16,30)( 7,21,14,32, 8,22,13,31), 
          ( 1,32,11,22, 2,31,12,21)( 3,30,10,23, 4,29, 9,24)( 5,27,15,17, 6,
             28,16,18)( 7,25,14,20, 8,26,13,19) ],
      p := ( 2,27,22,29,31,14,28,23, 6)( 3, 9)( 4, 8, 5)( 7,17,20,13,26,18,16,
         25,24)(10,12,32,15,30,21,11,19),
      q := ( 2,17,25,30,32,14,18,13,19,10,11,26,28,29,22,23, 7,27,31,15,24, 6)
        ( 3, 9, 4, 5)(12,21)(16,20) ), rec(
      gadd := 
       [ ( 1,14, 3,16, 2,13, 4,15)( 5,12, 7, 9, 6,11, 8,10)(17,30,19,32,18,29,
             20,31)(21,28,23,25,22,27,24,26), 
          ( 1,25, 5,29, 3,27, 7,31, 2,26, 6,30, 4,28, 8,32)( 9,17,13,21,11,19,
             15,23,10,18,14,22,12,20,16,24) ],
      gmul := 
       [ ( 1,16, 4,14, 2,15, 3,13)( 5, 9, 8,12, 6,10, 7,11)(17,31,20,29,18,32,
             19,30)(21,26,24,27,22,25,23,28), 
          ( 1,19,12,25, 2,20,11,26)( 3,17, 9,28, 4,18,10,27)( 5,22,16,31, 6,
             21,15,32)( 7,23,13,29, 8,24,14,30) ],
      p := ( 2,27,15,30,21,19, 7,17,16,25,18, 6)( 3, 8, 5, 4, 9)
        (10,11,32,24,13,26,22,12,20,23)(14,28,29,31),
      q := ( 2,17,13,19, 6)( 3, 5)( 4, 9)( 7,27,14,18)(10,12,25,28,24,16,20,
         30,31,15,23)(11,22)(21,26,32,29) ), rec(
      gadd := 
       [ ( 1,14, 3,16, 2,13, 4,15)( 5,12, 7, 9, 6,11, 8,10)(17,30,19,32,18,29,
             20,31)(21,28,23,25,22,27,24,26), 
          ( 1,25, 5,29, 3,27, 7,31, 2,26, 6,30, 4,28, 8,32)( 9,17,13,21,11,19,
             15,23,10,18,14,22,12,20,16,24) ],
      gmul := 
       [ ( 1, 4, 2, 3)( 5, 8, 6, 7)( 9,12,10,11)(13,16,14,15)(17,20,18,19)
            (21,24,22,23)(25,28,26,27)(29,32,30,31), 
          ( 1, 8, 4, 6, 2, 7, 3, 5)( 9,16,12,14,10,15,11,13)(17,24,20,22,18,
             23,19,21)(25,32,28,30,26,31,27,29), 
          ( 1,32,12,22, 2,31,11,21)( 3,30, 9,23, 4,29,10,24)( 5,27,16,17, 6,
             28,15,18)( 7,25,13,20, 8,26,14,19) ],
      p := ( 2,27,22,29,31,15,30,21,13,26,18,16,25,24, 7,17,19,12,32,14,28,23,
         6)( 3, 9)( 4, 8, 5)(10,11,20),
      q := ( 2,17,26,28,29,22,23, 7,27,31,14,18,13,19,11,25,30,32,15,24, 6)
        ( 3, 9, 4, 5)(10,12,21,16,20) ), rec(
      gadd := 
       [ ( 1,10)( 2, 9)( 3,12)( 4,11)( 5,14)( 6,13)( 7,16)( 8,15)(17,26)
            (18,25)(19,28)(20,27)(21,30)(22,29)(23,32)(24,31), 
          ( 1,26, 5,30, 3,28, 7,32, 2,25, 6,29, 4,27, 8,31)( 9,18,13,22,11,20,
             15,24,10,17,14,21,12,19,16,23) ],
      gmul := 
       [ ( 1, 7, 4, 5, 2, 8, 3, 6)( 9,15,12,13,10,16,11,14)(17,24,20,22,18,23,
             19,21)(25,32,28,30,26,31,27,29), 
          ( 1,25, 9,17)( 2,26,10,18)( 3,28,11,20)( 4,27,12,19)( 5,32,13,24)
            ( 6,31,14,23)( 7,30,15,22)( 8,29,16,21) ],
      p := ( 2,25,18, 7,17, 6)( 3, 8, 5, 4, 9)(10,29,30,22,13,32,15,31,14,28,
         24,20,12,26,21)(11,27,19,23),
      q := ( 2,17, 7,25,26,30,29,21,10,22,16,13,23,12,18, 6)( 3, 5)( 4, 9)
        (11,19,32,14,20)(15,24,28,31) ), rec(
      gadd := 
       [ ( 1,12, 2,11)( 3, 9, 4,10)( 5,16, 6,15)( 7,13, 8,14)(17,28,18,27)
            (19,25,20,26)(21,32,22,31)(23,29,24,30), 
          ( 1,19, 6,24, 3,18, 8,21, 2,20, 5,23, 4,17, 7,22)( 9,27,14,32,11,26,
             16,29,10,28,13,31,12,25,15,30) ],
      gmul := 
       [ ( 1,13, 3,15, 2,14, 4,16)( 5,11, 7,10, 6,12, 8, 9)(17,29,19,31,18,30,
             20,32)(21,27,23,26,22,28,24,25), 
          ( 1,22, 9,30)( 2,21,10,29)( 3,23,11,31)( 4,24,12,32)( 5,18,13,26)
            ( 6,17,14,25)( 7,19,15,27)( 8,20,16,28) ],
      p := ( 2,25,21, 7,17,10,29,14,28,30,15,16,12,26,19,11,27,31,22,24,18,13,
         32,23,20, 6)( 3, 9)( 4, 8, 5),
      q := ( 2,17,10,21, 6)( 3, 9, 4, 5)( 7,25,29,15,13,24,26,27,23,28,22,32,
         31,30,14,20)(11,19,12,18,16) ), rec(
      gadd := 
       [ ( 1,12, 2,11)( 3, 9, 4,10)( 5,16, 6,15)( 7,13, 8,14)(17,28,18,27)
            (19,25,20,26)(21,32,22,31)(23,29,24,30), 
          ( 1,22, 7,17, 4,23, 5,20, 2,21, 8,18, 3,24, 6,19)( 9,30,15,25,12,31,
             13,28,10,29,16,26,11,32,14,27) ],
      gmul := 
       [ ( 1,23, 9,32)( 2,24,10,31)( 3,21,11,30)( 4,22,12,29)( 5,19,13,28)
            ( 6,20,14,27)( 7,17,15,26)( 8,18,16,25), 
          ( 1,26,10,18)( 2,25, 9,17)( 3,27,12,19)( 4,28,11,20)( 5,31,14,23)
            ( 6,32,13,24)( 7,29,16,21)( 8,30,15,22) ],
      p := ( 2,25,14,27,20,12,29,21, 6)( 3, 8, 5, 4,16,32,11,10)
        ( 7,17,23, 9,13,22)(15,26)(18,28)(19,31),
      q := ( 2,17,32,12,22, 6)( 3, 5)( 4,13,29,30,21, 7,25,15,18,20,11,10)
        ( 9,16,23)(14,19,24,31,27,28,26) ), rec(
      gadd := 
       [ ( 1,20, 6,23, 3,17, 8,22, 2,19, 5,24, 4,18, 7,21)( 9,28,14,31,11,25,
             16,30,10,27,13,32,12,26,15,29), 
          ( 1,25, 5,29, 3,27, 7,31, 2,26, 6,30, 4,28, 8,32)( 9,17,13,21,11,19,
             15,23,10,18,14,22,12,20,16,24) ],
      gmul := 
       [ ( 1,27,10,19)( 2,28, 9,20)( 3,25,12,17)( 4,26,11,18)( 5,29,14,21)
            ( 6,30,13,22)( 7,32,16,24)( 8,31,15,23), 
          ( 1,30,10,22)( 2,29, 9,21)( 3,31,12,23)( 4,32,11,24)( 5,26,14,18)
            ( 6,25,13,17)( 7,27,16,19)( 8,28,15,20) ],
      p := ( 2,25,21, 6)( 3, 9)( 4, 8, 5)( 7,17,16,28,14,26,19,13,27,15,32,30,
         23,24,20,11,18,12,29,22),
      q := ( 2,17,13,19,16,20,12,21, 7,25,29,30,31,23,32,22, 6)( 3, 9, 4, 5)
        (11,26,27,14,18)(15,24,28) ), rec(
      gadd := 
       [ ( 1,16, 4,14, 2,15, 3,13)( 5, 9, 8,12, 6,10, 7,11)(17,32,20,30,18,31,
             19,29)(21,25,24,28,22,26,23,27), 
          ( 1,24, 8,20, 4,22, 6,18, 2,23, 7,19, 3,21, 5,17)( 9,32,16,28,12,30,
             14,26,10,31,15,27,11,29,13,25) ],
      gmul := 
       [ ( 1,12, 2,11)( 3, 9, 4,10)( 5,16, 6,15)( 7,13, 8,14)(17,28,18,27)
            (19,25,20,26)(21,32,22,31)(23,29,24,30), 
          ( 1,17,13,29, 3,19,15,31, 2,18,14,30, 4,20,16,32)( 5,21,11,27, 7,23,
             10,26, 6,22,12,28, 8,24, 9,25) ],
      p := ( 2,32,27,14,31,26,19,13,30,23,20,11,24,18,10,16,29,22, 7,17,12,28,
         15,25,21, 6)( 3, 9)( 4, 8, 5),
      q := ( 2,17,11,25,28,14,18,10,13,19,16,20,12,21, 7,32,22, 6)
        ( 3, 9, 4, 5)(15,24,31,23,29,27)(26,30) ), rec(
      gadd := 
       [ ( 1,11, 2,12)( 3,10, 4, 9)( 5,15, 6,16)( 7,14, 8,13)(17,27,18,28)
            (19,26,20,25)(21,31,22,32)(23,30,24,29), 
          ( 1,18, 5,22, 3,20, 7,24, 2,17, 6,21, 4,19, 8,23)( 9,26,13,30,11,28,
             15,32,10,25,14,29,12,27,16,31) ],
      gmul := 
       [ ( 1,18,14,30, 3,20,16,32, 2,17,13,29, 4,19,15,31)( 5,22,12,28, 7,24,
              9,25, 6,21,11,27, 8,23,10,26), 
          ( 1,24,16,27, 4,22,14,25, 2,23,15,28, 3,21,13,26)( 5,17, 9,31, 8,20,
             12,29, 6,18,10,32, 7,19,11,30) ],
      p := ( 2,32,22,12,23,10,15,25,11,28,26,20, 7,17,27,18,16,29,14,31,19, 6)
        ( 3, 8, 5, 4, 9)(13,30,21,24),
      q := ( 2,17,21,26,29,15,23,10,14,18,13,19, 7,32,28,24,16,20, 6)( 3, 5)
        ( 4, 9)(11,22)(12,25)(27,31,30) ), rec(
      gadd := 
       [ ( 1, 9)( 2,10)( 3,11)( 4,12)( 5,13)( 6,14)( 7,15)( 8,16)(17,25)
            (18,26)(19,27)(20,28)(21,29)(22,30)(23,31)(24,32), 
          ( 1,23, 8,19, 4,21, 6,17, 2,24, 7,20, 3,22, 5,18)( 9,31,16,27,12,29,
             14,25,10,32,15,28,11,30,13,26) ],
      gmul := 
       [ ( 1,13, 3,15, 2,14, 4,16)( 5,11, 7,10, 6,12, 8, 9)(17,29,19,31,18,30,
             20,32)(21,27,23,26,22,28,24,25), 
          ( 1,32, 7,27, 4,30, 5,25, 2,31, 8,28, 3,29, 6,26)( 9,23,15,20,12,21,
             13,18,10,24,16,19,11,22,14,17) ],
      p := ( 2,24,18,10,31,28,27,15,32,14,21,11,20,13,23, 7,17,12,22, 6)
        ( 3, 9)( 4, 8, 5)(19,25,26),
      q := ( 2,17,11,21,12,19,31,30,28,29,27,14,20,16,13,18,10,25,32,15,26,22,
         7,24,23, 6)( 3, 9, 4, 5) ), rec(
      gadd := 
       [ ( 1, 9)( 2,10)( 3,11)( 4,12)( 5,13)( 6,14)( 7,15)( 8,16)(17,25)
            (18,26)(19,27)(20,28)(21,29)(22,30)(23,31)(24,32), 
          ( 1,29, 7,26, 4,32, 5,27, 2,30, 8,25, 3,31, 6,28)( 9,21,15,18,12,24,
             13,19,10,22,16,17,11,23,14,20) ],
      gmul := 
       [ ( 1,13, 3,15, 2,14, 4,16)( 5,11, 7,10, 6,12, 8, 9)(17,30,19,32,18,29,
             20,31)(21,28,23,25,22,27,24,26), 
          ( 1,24, 5,18, 3,21, 7,20, 2,23, 6,17, 4,22, 8,19)( 9,31,13,25,11,30,
             15,27,10,32,14,26,12,29,16,28) ],
      p := ( 2,21,10, 6)( 3, 8, 5, 4, 9)( 7,17,16,23,13,24,11,18)
        (12,30,32,28,31,15,20)(14,22,25,26,19,29,27),
      q := ( 2,17,13,19,26,24,12,25,29,31,14,18, 6)( 3, 5)( 4, 9)( 7,21,10)
        (11,22,30,28,27,15,23,16,20) ), rec(
      gadd := 
       [ ( 1, 9)( 2,10)( 3,11)( 4,12)( 5,13)( 6,14)( 7,15)( 8,16)(17,25)
            (18,26)(19,27)(20,28)(21,29)(22,30)(23,31)(24,32), 
          ( 1,28, 6,31, 3,25, 8,30, 2,27, 5,32, 4,26, 7,29)( 9,20,14,23,11,17,
             16,22,10,19,13,24,12,18,15,21) ],
      gmul := 
       [ ( 1,15, 4,13, 2,16, 3,14)( 5,10, 8,11, 6, 9, 7,12)(17,31,20,29,18,32,
             19,30)(21,26,24,27,22,25,23,28), 
          ( 1,27, 8,30, 4,25, 6,31, 2,28, 7,29, 3,26, 5,32)( 9,20,16,21,12,18,
             14,24,10,19,15,22,11,17,13,23) ],
      p := ( 2,21, 9,13,25,29,31,28,10, 3, 8, 5, 4,16,20, 7,17,27,11, 6)
        (12,18,23,15,22,14,24,32,26,19),
      q := ( 2,17,32,30,26,24,27,12,22,15,18,20, 6)( 3, 5)( 4,13,29,28,10)
        ( 7,21, 9,16,23,14,19,11) ), rec(
      gadd := 
       [ ( 1,21, 7,18, 4,24, 5,19, 2,22, 8,17, 3,23, 6,20)( 9,29,15,26,12,32,
             13,27,10,30,16,25,11,31,14,28), 
          ( 1,30, 7,25, 4,31, 5,28, 2,29, 8,26, 3,32, 6,27)( 9,22,15,17,12,23,
             13,20,10,21,16,18,11,24,14,19) ],
      gmul := 
       [ ( 1,11, 2,12)( 3,10, 4, 9)( 5,15, 6,16)( 7,14, 8,13)(17,27,18,28)
            (19,26,20,25)(21,31,22,32)(23,30,24,29), 
          ( 1,25, 2,26)( 3,28, 4,27)( 5,32, 6,31)( 7,30, 8,29)( 9,18,10,17)
            (11,19,12,20)(13,23,14,24)(15,21,16,22), 
          ( 1,32)( 2,31)( 3,30)( 4,29)( 5,28)( 6,27)( 7,26)( 8,25)( 9,23)
            (10,24)(11,21)(12,22)(13,19)(14,20)(15,17)(16,18) ],
      p := ( 2,17, 6)( 3, 8)( 4, 9,21,10,26,28,27,31,15,23,11,19,25,30,14,20,
         12,18, 7, 5)(13,24,22)(29,32),
      q := ( 2,17, 7, 8, 4, 9,22,16,13,23,12,18, 6)( 3, 5)(10,25,30,15,24,21)
        (11,19,26,27,31,14,20)(29,32) ), rec(
      gadd := 
       [ ( 1,16, 4,14, 2,15, 3,13)( 5, 9, 8,12, 6,10, 7,11)(17,32,20,30,18,31,
             19,29)(21,25,24,28,22,26,23,27), 
          ( 1,30, 7,25, 4,31, 5,28, 2,29, 8,26, 3,32, 6,27)( 9,22,15,17,12,23,
             13,20,10,21,16,18,11,24,14,19) ],
      gmul := 
       [ ( 1,24, 2,23)( 3,22, 4,21)( 5,20, 6,19)( 7,18, 8,17)( 9,31,10,32)
            (11,29,12,30)(13,27,14,28)(15,25,16,26), 
          ( 1,25)( 2,26)( 3,28)( 4,27)( 5,32)( 6,31)( 7,30)( 8,29)( 9,18)
            (10,17)(11,19)(12,20)(13,23)(14,24)(15,21)(16,22), 
          ( 1,29, 2,30)( 3,32, 4,31)( 5,25, 6,26)( 7,28, 8,27)( 9,22,10,21)
            (11,23,12,24)(13,18,14,17)(15,19,16,20) ],
      p := ( 2,17,23,14,24,15,31,25,22,32,10,21, 9, 3, 8,13,18,12,19, 6)
        ( 4,16,20, 7, 5)(11,30,27,29,26),
      q := ( 2,17,24,14,23,15,32,10,22,31,25,21, 9, 4,13,18,11,29,26,12,19, 7,
         8,16,20, 6)( 3, 5)(27,30) ), rec(
      gadd := 
       [ ( 1,12, 2,11)( 3, 9, 4,10)( 5,16, 6,15)( 7,13, 8,14)(17,28,18,27)
            (19,25,20,26)(21,32,22,31)(23,29,24,30), 
          ( 1,18, 5,22, 3,20, 7,24, 2,17, 6,21, 4,19, 8,23)( 9,26,13,30,11,28,
             15,32,10,25,14,29,12,27,16,31) ],
      gmul := 
       [ ( 1,17,14,29, 3,19,16,31, 2,18,13,30, 4,20,15,32)( 5,21,12,27, 7,23,
              9,26, 6,22,11,28, 8,24,10,25), 
          ( 1,27,13,24, 3,26,15,21, 2,28,14,23, 4,25,16,22)( 5,31,11,17, 7,30,
             10,19, 6,32,12,18, 8,29, 9,20) ],
      p := ( 2,32,27,18,12,28,14,31,22,11,23, 6)( 3, 9)( 4, 8, 5)
        ( 7,17,16,29,21,13,30,19,10,15,25,24)(20,26),
      q := ( 2,17,13,19,10,14,18,11,26,29,28,15,24, 6)( 3, 9, 4, 5)
        ( 7,32,22,12,21,16,20,23)(27,31) ), rec(
      gadd := 
       [ ( 1,24, 8,20, 4,22, 6,18, 2,23, 7,19, 3,21, 5,17)( 9,32,16,28,12,30,
             14,26,10,31,15,27,11,29,13,25), 
          ( 1,32, 8,28, 4,30, 6,26, 2,31, 7,27, 3,29, 5,25)( 9,24,16,20,12,22,
             14,18,10,23,15,19,11,21,13,17) ],
      gmul := 
       [ ( 1,23,13,25, 3,22,15,27, 2,24,14,26, 4,21,16,28)( 5,17,11,30, 7,19,
             10,32, 6,18,12,29, 8,20, 9,31), 
          ( 1,30,14,20, 3,32,16,17, 2,29,13,19, 4,31,15,18)( 5,27,12,23, 7,26,
             9,22, 6,28,11,24, 8,25,10,21) ],
      p := ( 2,29,22,10,14,30,19, 7,17,16,31,27,18, 6)( 3, 8, 5, 4, 9)
        (11,26,20,23,25)(12,21)(13,32,24)(15,28),
      q := ( 2,17,13,19, 6)( 3, 5)( 4, 9)( 7,29,26,31,24,16,20,28,14,18)
        (10,15,23,21,11,22)(12,25)(27,30,32) ), rec(
      gadd := 
       [ ( 1,13, 3,15, 2,14, 4,16)( 5,11, 7,10, 6,12, 8, 9)(17,29,19,31,18,30,
             20,32)(21,27,23,26,22,28,24,25), 
          ( 1,29, 7,26, 4,32, 5,27, 2,30, 8,25, 3,31, 6,28)( 9,21,15,18,12,24,
             13,19,10,22,16,17,11,23,14,20) ],
      gmul := 
       [ ( 1,23)( 2,24)( 3,21)( 4,22)( 5,19)( 6,20)( 7,17)( 8,18)( 9,32)
            (10,31)(11,30)(12,29)(13,28)(14,27)(15,26)(16,25), 
          ( 1,27, 2,28)( 3,25, 4,26)( 5,29, 6,30)( 7,32, 8,31)( 9,20,10,19)
            (11,18,12,17)(13,22,14,21)(15,23,16,24), 
          ( 1,32, 2,31)( 3,30, 4,29)( 5,28, 6,27)( 7,26, 8,25)( 9,23,10,24)
            (11,21,12,22)(13,19,14,20)(15,17,16,18) ],
      p := ( 2,17,12,18,10,21, 6)( 3, 9,26,27,23,30,32,15,25,31,14,20,11,19,
         13,24,28,22, 7, 5, 4, 8),
      q := ( 2,17,11,19,16,13,24,27,23,29,30,31,15,26,28,22, 6)
        ( 3, 9,25,32,14,20,12,18,10,21, 7, 8, 4, 5) ), rec(
      gadd := 
       [ ( 1,22, 7,17, 4,23, 5,20, 2,21, 8,18, 3,24, 6,19)( 9,30,15,25,12,31,
             13,28,10,29,16,26,11,32,14,27), 
          ( 1,29, 7,26, 4,32, 5,27, 2,30, 8,25, 3,31, 6,28)( 9,21,15,18,12,24,
             13,19,10,22,16,17,11,23,14,20) ],
      gmul := 
       [ ( 1, 9)( 2,10)( 3,11)( 4,12)( 5,13)( 6,14)( 7,15)( 8,16)(17,25)
            (18,26)(19,27)(20,28)(21,29)(22,30)(23,31)(24,32), 
          ( 1,17, 7,24, 4,20, 5,22, 2,18, 8,23, 3,19, 6,21)( 9,25,15,32,12,28,
             13,30,10,26,16,31,11,27,14,29) ],
      p := ( 2,21,25,14,22,13,24,19,12,29,28,30,31,15,20,10, 6)
        ( 3, 8, 5, 4, 9)( 7,17,16,23,11,18)(27,32),
      q := ( 2,17,13,19,11,22,16,20,10, 7,21,29,31,14,18, 6)( 3, 5)( 4, 9)
        (12,25,15,23)(26,30,28) ), rec(
      gadd := 
       [ ( 1,22, 7,17, 4,23, 5,20, 2,21, 8,18, 3,24, 6,19)( 9,30,15,25,12,31,
             13,28,10,29,16,26,11,32,14,27), 
          ( 1,29, 7,26, 4,32, 5,27, 2,30, 8,25, 3,31, 6,28)( 9,21,15,18,12,24,
             13,19,10,22,16,17,11,23,14,20) ],
      gmul := 
       [ ( 1,24, 5,18, 3,21, 7,20, 2,23, 6,17, 4,22, 8,19)( 9,32,13,26,11,29,
             15,28,10,31,14,25,12,30,16,27), 
          ( 1,26, 8,32, 4,27, 6,30, 2,25, 7,31, 3,28, 5,29)( 9,18,16,24,12,19,
             14,22,10,17,15,23,11,20,13,21) ],
      p := ( 2,21, 9,13,26,31,29,11, 6)( 3, 8, 5, 4,16,20, 7,17,28,19,12,18,
         23,14,24,15,22,25,32,10)(27,30),
      q := ( 2,17,32,10, 4,13,29,12,22,30,31,26,27,25,28,24,14,19,11, 7,21, 9,
         16,23,15,18,20, 6)( 3, 5) ), rec(
      gadd := 
       [ ( 1,19, 6,24, 3,18, 8,21, 2,20, 5,23, 4,17, 7,22)( 9,27,14,32,11,26,
             16,29,10,28,13,31,12,25,15,30), 
          ( 1,29, 7,26, 4,32, 5,27, 2,30, 8,25, 3,31, 6,28)( 9,21,15,18,12,24,
             13,19,10,22,16,17,11,23,14,20) ],
      gmul := 
       [ ( 1, 8, 4, 6, 2, 7, 3, 5)( 9,16,12,14,10,15,11,13)(17,23,20,21,18,24,
             19,22)(25,31,28,29,26,32,27,30), 
          ( 1,23, 2,24)( 3,21, 4,22)( 5,19, 6,20)( 7,17, 8,18)( 9,31,10,32)
            (11,29,12,30)(13,27,14,28)(15,25,16,26), 
          ( 1,27)( 2,28)( 3,25)( 4,26)( 5,29)( 6,30)( 7,32)( 8,31)( 9,19)
            (10,20)(11,17)(12,18)(13,21)(14,22)(15,24)(16,23) ],
      p := ( 2,17, 6)( 3, 8)( 4, 9,21,13,24,29,31,15,23,22,11,19,12,18, 7, 5)
        (10,25,27,32,30,14,20),
      q := ( 2,17, 7, 8, 4, 9,22,12,18, 6)( 3, 5)(10,25,27,31,14,20)(11,19)
        (13,23,21,16)(15,24,30)(29,32) ), rec(
      gadd := 
       [ ( 1,15, 4,13, 2,16, 3,14)( 5,10, 8,11, 6, 9, 7,12)(17,31,20,29,18,32,
             19,30)(21,26,24,27,22,25,23,28), 
          ( 1,20, 6,23, 3,17, 8,22, 2,19, 5,24, 4,18, 7,21)( 9,28,14,31,11,25,
             16,30,10,27,13,32,12,26,15,29) ],
      gmul := 
       [ ( 1, 5, 3, 7, 2, 6, 4, 8)( 9,13,11,15,10,14,12,16)(17,22,19,24,18,21,
             20,23)(25,30,27,32,26,29,28,31), 
          ( 1,23, 2,24)( 3,21, 4,22)( 5,19, 6,20)( 7,17, 8,18)( 9,31,10,32)
            (11,29,12,30)(13,27,14,28)(15,25,16,26), 
          ( 1,32)( 2,31)( 3,30)( 4,29)( 5,28)( 6,27)( 7,26)( 8,25)( 9,24)
            (10,23)(11,22)(12,21)(13,20)(14,19)(15,18)(16,17) ],
      p := ( 2,17,23,15,32,10,21, 9, 3, 8,13,18,12,19, 6)( 4,16,20, 7, 5)
        (11,29,30,28,31,26,27,25)(14,24,22),
      q := ( 2,17,24,21, 9, 4,13,18,11,29,30,27,26,28,31,25,12,19, 7, 8,16,20,
         6)( 3, 5)(10,22,15,32)(14,23) ), rec(
      gadd := 
       [ ( 1, 9)( 2,10)( 3,11)( 4,12)( 5,13)( 6,14)( 7,15)( 8,16)(17,25)
            (18,26)(19,27)(20,28)(21,29)(22,30)(23,31)(24,32), 
          ( 1,29, 7,26, 4,32, 5,27, 2,30, 8,25, 3,31, 6,28)( 9,21,15,18,12,24,
             13,19,10,22,16,17,11,23,14,20) ],
      gmul := 
       [ ( 1, 8, 4, 6, 2, 7, 3, 5)( 9,16,12,14,10,15,11,13)(17,24,20,22,18,23,
             19,21)(25,32,28,30,26,31,27,29), 
          ( 1, 9)( 2,10)( 3,11)( 4,12)( 5,13)( 6,14)( 7,15)( 8,16)(17,26)
            (18,25)(19,28)(20,27)(21,30)(22,29)(23,32)(24,31), 
          ( 1,29, 2,30)( 3,32, 4,31)( 5,25, 6,26)( 7,28, 8,27)( 9,21,10,22)
            (11,24,12,23)(13,17,14,18)(15,20,16,19) ],
      p := ( 2,17,12,18,10,21, 6)( 3, 9,25,32,15,26,28,22, 7, 5, 4, 8)
        (11,19,13,24,27,23,29,30,31,14,20),
      q := ( 2,17,11,19,16,13,24,28,22, 6)( 3, 9,26,27,23,30,32,14,20,12,18,
         10,21, 7, 8, 4, 5)(15,25,31) ), rec(
      gadd := 
       [ ( 1, 9)( 2,10)( 3,11)( 4,12)( 5,13)( 6,14)( 7,15)( 8,16)(17,25)
            (18,26)(19,27)(20,28)(21,29)(22,30)(23,31)(24,32), 
          ( 1,29, 7,26, 4,32, 5,27, 2,30, 8,25, 3,31, 6,28)( 9,21,15,18,12,24,
             13,19,10,22,16,17,11,23,14,20) ],
      gmul := 
       [ ( 1,10)( 2, 9)( 3,12)( 4,11)( 5,14)( 6,13)( 7,16)( 8,15)(17,25)
            (18,26)(19,27)(20,28)(21,29)(22,30)(23,31)(24,32), 
          ( 1,26,16,24, 4,27,14,22, 2,25,15,23, 3,28,13,21)( 5,29, 9,18, 8,32,
             12,19, 6,30,10,17, 7,31,11,20) ],
      p := ( 2,29,23,25, 7,17,22,11,21,13,32,27,20,10,14,30,15,28,18,16,31,19,
         12,26,24, 6)( 3, 9)( 4, 8, 5),
      q := ( 2,17,25, 6)( 3, 9, 4, 5)( 7,29,27,31,32,23,22,12,21,16,20,10,15,
         24)(11,26,28,30,14,18,13,19) ), rec(
      gadd := 
       [ ( 1,11, 2,12)( 3,10, 4, 9)( 5,15, 6,16)( 7,14, 8,13)(17,27,18,28)
            (19,26,20,25)(21,31,22,32)(23,30,24,29), 
          ( 1,31, 8,27, 4,29, 6,25, 2,32, 7,28, 3,30, 5,26)( 9,23,16,19,12,21,
             14,17,10,24,15,20,11,22,13,18) ],
      gmul := 
       [ ( 1,20,15,29, 4,18,13,32, 2,19,16,30, 3,17,14,31)( 5,23,10,28, 8,21,
             11,26, 6,24, 9,27, 7,22,12,25), 
          ( 1,28,15,21, 4,26,13,24, 2,27,16,22, 3,25,14,23)( 5,31,10,20, 8,29,
             11,18, 6,32, 9,19, 7,30,12,17) ],
      p := ( 2,29,25,18, 6)( 3, 8, 5, 4,16,31,10)( 7,17,12,32,21, 9,13,30,24,
         20,23,15,19)(11,26,22,14,28,27),
      q := ( 2,17,11,22,15,32,25,30,27,12,19, 6)( 3, 5)( 4,13,18, 7,29,21, 9,
         16,20,28,24,31,10)(14,23) ), rec(
      gadd := 
       [ ( 1,23, 8,19, 4,21, 6,17, 2,24, 7,20, 3,22, 5,18)( 9,31,16,27,12,29,
             14,25,10,32,15,28,11,30,13,26), 
          ( 1,27, 6,32, 3,26, 8,29, 2,28, 5,31, 4,25, 7,30)( 9,19,14,24,11,18,
             16,21,10,20,13,23,12,17,15,22) ],
      gmul := 
       [ ( 1,15, 4,13, 2,16, 3,14)( 5,10, 8,11, 6, 9, 7,12)(17,32,20,30,18,31,
             19,29)(21,25,24,28,22,26,23,27), 
          ( 1,31, 7,28, 4,29, 5,26, 2,32, 8,27, 3,30, 6,25)( 9,23,15,20,12,21,
             13,18,10,24,16,19,11,22,14,17) ],
      p := ( 2,24,18,10,32,14,21,11,20,13,23, 7,17,12,22, 6)( 3, 9)( 4, 8, 5)
        (15,31,27)(19,26)(29,30),
      q := ( 2,17,11,21,12,19,32,15,25,31,29,28,30,27,14,20,16,13,18,10,26,22,
         7,24,23, 6)( 3, 9, 4, 5) ), rec(
      gadd := 
       [ ( 1,17, 5,21, 3,19, 7,23, 2,18, 6,22, 4,20, 8,24)( 9,25,13,29,11,27,
             15,31,10,26,14,30,12,28,16,32), 
          ( 1,28, 6,31, 3,25, 8,30, 2,27, 5,32, 4,26, 7,29)( 9,20,14,23,11,17,
             16,22,10,19,13,24,12,18,15,21) ],
      gmul := 
       [ ( 1, 5, 3, 7, 2, 6, 4, 8)( 9,13,11,15,10,14,12,16)(17,21,19,23,18,22,
             20,24)(25,29,27,31,26,30,28,32), 
          ( 1,28,16,22, 4,26,14,23, 2,27,15,21, 3,25,13,24)( 5,31, 9,19, 8,29,
             12,17, 6,32,10,20, 7,30,11,18) ],
      p := ( 2,29,19,12,26,20,10,13,32,15,28,23, 6)( 3, 9)( 4, 8, 5)
        ( 7,17,21,25,24)(11,22)(14,30,27,18,16,31),
      q := ( 2,17,26,31,15,24, 6)( 3, 9, 4, 5)( 7,29,32,14,18,13,19,11,25,28,
         27,30,23)(10,16,20)(12,21,22) ), rec(
      gadd := 
       [ ( 1,21, 7,18, 4,24, 5,19, 2,22, 8,17, 3,23, 6,20)( 9,29,15,26,12,32,
             13,27,10,30,16,25,11,31,14,28), 
          ( 1,30, 7,25, 4,31, 5,28, 2,29, 8,26, 3,32, 6,27)( 9,22,15,17,12,23,
             13,20,10,21,16,18,11,24,14,19) ],
      gmul := 
       [ ( 1,19,11,25, 2,20,12,26)( 3,17,10,28, 4,18, 9,27)( 5,22,15,31, 6,21,
             16,32)( 7,23,14,29, 8,24,13,30), 
          ( 1,22,11,31, 2,21,12,32)( 3,23,10,29, 4,24, 9,30)( 5,17,15,28, 6,
             18,16,27)( 7,20,14,26, 8,19,13,25) ],
      p := ( 2,27,18,25,15,28,19, 6)( 3, 8, 5, 4,16,30,31,29,11,12,32,10)
        ( 7,17,22, 9,13,24,14,26,20)(21,23),
      q := ( 2,17,32,10, 4,13,29,12,22, 9,16,23,31,24,15,18,20, 6)( 3, 5)
        ( 7,27,28,26,25,14,19)(21,30) ), rec(
      gadd := 
       [ ( 1,14, 3,16, 2,13, 4,15)( 5,12, 7, 9, 6,11, 8,10)(17,30,19,32,18,29,
             20,31)(21,28,23,25,22,27,24,26), 
          ( 1,17, 5,21, 3,19, 7,23, 2,18, 6,22, 4,20, 8,24)( 9,25,13,29,11,27,
             15,31,10,26,14,30,12,28,16,32) ],
      gmul := 
       [ ( 1, 7, 4, 5, 2, 8, 3, 6)( 9,15,12,13,10,16,11,14)(17,24,20,22,18,23,
             19,21)(25,32,28,30,26,31,27,29), 
          ( 1,30,15,17, 4,31,13,20, 2,29,16,18, 3,32,14,19)( 5,28,10,21, 8,26,
             11,24, 6,27, 9,22, 7,25,12,23) ],
      p := ( 2,32,10, 3, 8, 5, 4,16,29,26,24,15,25,18,12,20, 7,17,27,21,23,14,
         31,11,28,19, 6)( 9,13,30,22),
      q := ( 2,17,21,25,31,12,29,24,14,18,11,22, 9,16,20, 6)( 3, 5)
        ( 4,13,19, 7,32,10)(15,23)(28,30) ), rec(
      gadd := 
       [ ( 1,15, 4,13, 2,16, 3,14)( 5,10, 8,11, 6, 9, 7,12)(17,31,20,29,18,32,
             19,30)(21,26,24,27,22,25,23,28), 
          ( 1,30, 7,25, 4,31, 5,28, 2,29, 8,26, 3,32, 6,27)( 9,22,15,17,12,23,
             13,20,10,21,16,18,11,24,14,19) ],
      gmul := 
       [ ( 1,15)( 2,16)( 3,13)( 4,14)( 5,11)( 6,12)( 7, 9)( 8,10)(17,27)
            (18,28)(19,25)(20,26)(21,29)(22,30)(23,32)(24,31), 
          ( 1,26, 2,25)( 3,27, 4,28)( 5,31, 6,32)( 7,29, 8,30)( 9,17,10,18)
            (11,20,12,19)(13,24,14,23)(15,22,16,21) ],
      p := ( 2,24,18,10,31,28,15,25,26,19,32,14,21,12,22, 6)( 3, 9)( 4, 8, 5)
        ( 7,17,11,20,16,13,23)(27,30,29),
      q := ( 2,17,11,21,12,19,31,27,29,28,15,26,22, 7,24,23, 6)( 3, 9, 4, 5)
        (10,32,14,20,16,13,18) ), rec(
      gadd := 
       [ ( 1,14, 3,16, 2,13, 4,15)( 5,12, 7, 9, 6,11, 8,10)(17,30,19,32,18,29,
             20,31)(21,28,23,25,22,27,24,26), 
          ( 1,27, 6,32, 3,26, 8,29, 2,28, 5,31, 4,25, 7,30)( 9,19,14,24,11,18,
             16,21,10,20,13,23,12,17,15,22) ],
      gmul := 
       [ ( 1, 9)( 2,10)( 3,12)( 4,11)( 5,16)( 6,15)( 7,14)( 8,13)(17,32)
            (18,31)(19,30)(20,29)(21,28)(22,27)(23,26)(24,25), 
          ( 1,30)( 2,29)( 3,31)( 4,32)( 5,26)( 6,25)( 7,27)( 8,28)( 9,21)
            (10,22)(11,24)(12,23)(13,17)(14,18)(15,20)(16,19) ],
      p := ( 2,24,19,11,31,14,23, 6)( 3, 9)( 4, 8, 5)( 7,18,13,22,12,20,10)
        (15,17,25)(16,21)(27,30,29)(28,32),
      q := ( 2,18,13,20,10, 6)( 3, 9, 4, 5)( 7,24,21,16,19,11,31,14,17,25,15,
         23)(12,22)(27,30,29)(28,32) ), rec(
      gadd := 
       [ ( 1,14, 3,16, 2,13, 4,15)( 5,12, 7, 9, 6,11, 8,10)(17,30,19,32,18,29,
             20,31)(21,28,23,25,22,27,24,26), 
          ( 1,30, 7,25, 4,31, 5,28, 2,29, 8,26, 3,32, 6,27)( 9,22,15,17,12,23,
             13,20,10,21,16,18,11,24,14,19) ],
      gmul := 
       [ (), ( 1,10)( 2, 9)( 3,11)( 4,12)( 5,15)( 6,16)( 7,13)( 8,14)(17,32)
            (18,31)(19,30)(20,29)(21,28)(22,27)(23,26)(24,25), 
          ( 1,21, 7,18, 4,24, 5,19, 2,22, 8,17, 3,23, 6,20)( 9,30,15,25,12,31,
             13,28,10,29,16,26,11,32,14,27) ],
      p := ( 2,24,19,16,13,23,18,10,31,15,26,32,14,21, 6)( 3, 9)( 4, 8, 5)
        ( 7,17,11,20,12,22)(25,30)(28,29),
      q := ( 2,17,11,21, 7,24,22, 6)( 3, 9, 4, 5)(10,31,15,26,32,14,20,12,19,
         16,13,18)(25,30)(28,29) ), rec(
      gadd := 
       [ ( 1,21, 7,18, 4,24, 5,19, 2,22, 8,17, 3,23, 6,20)( 9,29,15,26,12,32,
             13,27,10,30,16,25,11,31,14,28), 
          ( 1,29, 7,26, 4,32, 5,27, 2,30, 8,25, 3,31, 6,28)( 9,21,15,18,12,24,
             13,19,10,22,16,17,11,23,14,20) ],
      gmul := 
       [ ( 1, 9)( 2,10)( 3,12)( 4,11)( 5,16)( 6,15)( 7,14)( 8,13)(17,31)
            (18,32)(19,29)(20,30)(21,27)(22,28)(23,25)(24,26), 
          ( 1,22, 8,18, 4,23, 6,19, 2,21, 7,17, 3,24, 5,20)( 9,29,16,25,12,32,
             14,28,10,30,15,26,11,31,13,27) ],
      p := ( 2,24, 6)( 3, 9)( 4, 8, 5)( 7,18,13,22,16,21,32,28,30,29,27,15,17,
         26,25,19,11,31,14,23,12,20,10),
      q := ( 2,18,13,20,10, 6)( 3, 9, 4, 5)( 7,24)(11,32,27,15,23,12,22,16,19)
        (14,17,25,21,31)(28,29) ), rec(
      gadd := 
       [ ( 1,17, 5,21, 3,19, 7,23, 2,18, 6,22, 4,20, 8,24)( 9,25,13,29,11,27,
             15,31,10,26,14,30,12,28,16,32), 
          ( 1,28, 6,31, 3,25, 8,30, 2,27, 5,32, 4,26, 7,29)( 9,20,14,23,11,17,
             16,22,10,19,13,24,12,18,15,21) ],
      gmul := 
       [ ( 1,15, 3,14, 2,16, 4,13)( 5,10, 7,12, 6, 9, 8,11)(17,31,19,30,18,32,
             20,29)(21,26,23,28,22,25,24,27), 
          ( 1,20)( 2,19)( 3,18)( 4,17)( 5,22)( 6,21)( 7,23)( 8,24)( 9,28)
            (10,27)(11,26)(12,25)(13,30)(14,29)(15,31)(16,32), 
          ( 1,25, 2,26)( 3,28, 4,27)( 5,32, 6,31)( 7,30, 8,29)( 9,18,10,17)
            (11,19,12,20)(13,23,14,24)(15,21,16,22) ],
      p := ( 2,10,26,28,27,31,29,23,16,19,24,13,14,12,11,15,21, 6)
        ( 3,17,18,25,30,22, 7, 9)( 4, 8, 5),
      q := ( 2, 9, 4, 5, 3,17,18,26,27,32,31,30,22, 6)( 7,10,25,29,23,14,12,
         11,13,16,19,24,15,21) ), rec(
      gadd := 
       [ ( 1,18, 5,22, 3,20, 7,24, 2,17, 6,21, 4,19, 8,23)( 9,26,13,30,11,28,
             15,32,10,25,14,29,12,27,16,31), 
          ( 1,25, 5,29, 3,27, 7,31, 2,26, 6,30, 4,28, 8,32)( 9,17,13,21,11,19,
             15,23,10,18,14,22,12,20,16,24) ],
      gmul := 
       [ ( 1, 5, 3, 7, 2, 6, 4, 8)( 9,13,11,15,10,14,12,16)(17,21,19,23,18,22,
             20,24)(25,29,27,31,26,30,28,32), 
          ( 1,24)( 2,23)( 3,22)( 4,21)( 5,20)( 6,19)( 7,18)( 8,17)( 9,32)
            (10,31)(11,30)(12,29)(13,28)(14,27)(15,26)(16,25), 
          ( 1,32)( 2,31)( 3,30)( 4,29)( 5,28)( 6,27)( 7,26)( 8,25)( 9,23)
            (10,24)(11,21)(12,22)(13,19)(14,20)(15,17)(16,18) ],
      p := ( 2,10,25,29,30,31,23,16,21, 6)( 3,17,19,24,13,14,12,11,15,26,27,
         32,22, 7, 9)( 4, 8, 5),
      q := ( 2, 9, 4, 5, 3,17,19,24,15,26,27,32,22, 6)( 7,10,25,29,30,31,23,
         14,12,11,13,16,21) ), rec(
      gadd := 
       [ ( 1,12, 2,11)( 3, 9, 4,10)( 5,16, 6,15)( 7,13, 8,14)(17,28,18,27)
            (19,25,20,26)(21,32,22,31)(23,29,24,30), 
          ( 1,20, 6,23, 3,17, 8,22, 2,19, 5,24, 4,18, 7,21)( 9,28,14,31,11,25,
             16,30,10,27,13,32,12,26,15,29) ],
      gmul := 
       [ ( 1,10, 2, 9)( 3,12, 4,11)( 5,14, 6,13)( 7,16, 8,15)(17,26,18,25)
            (19,28,20,27)(21,30,22,29)(23,32,24,31), 
          ( 1,13, 4,16, 2,14, 3,15)( 5,11, 8, 9, 6,12, 7,10)(17,29,20,32,18,
             30,19,31)(21,27,24,25,22,28,23,26), 
          ( 1,24, 2,23)( 3,22, 4,21)( 5,20, 6,19)( 7,18, 8,17)( 9,32,10,31)
            (11,30,12,29)(13,28,14,27)(15,26,16,25) ],
      p := ( 2,10, 3,17,21, 6)( 4, 8,18,19,24,23,16,12,15,14,25,13,11,26,22,
          7, 9, 5)(27,30)(29,31,32),
      q := ( 2, 9, 8,17,22, 6)( 3,18,20,19,23,14,25,15,16,12,13,11,26,21, 7,
         10, 4, 5)(27,30)(29,31,32) ), rec(
      gadd := 
       [ ( 1,23, 8,19, 4,21, 6,17, 2,24, 7,20, 3,22, 5,18)( 9,31,16,27,12,29,
             14,25,10,32,15,28,11,30,13,26), 
          ( 1,30, 7,25, 4,31, 5,28, 2,29, 8,26, 3,32, 6,27)( 9,22,15,17,12,23,
             13,20,10,21,16,18,11,24,14,19) ],
      gmul := 
       [ ( 1,24, 2,23)( 3,22, 4,21)( 5,20, 6,19)( 7,18, 8,17)( 9,32,10,31)
            (11,30,12,29)(13,28,14,27)(15,26,16,25), 
          ( 1,26, 2,25)( 3,27, 4,28)( 5,31, 6,32)( 7,29, 8,30)( 9,17,10,18)
            (11,20,12,19)(13,24,14,23)(15,22,16,21), 
          ( 1,31, 2,32)( 3,29, 4,30)( 5,27, 6,28)( 7,25, 8,26)( 9,24,10,23)
            (11,22,12,21)(13,20,14,19)(15,18,16,17) ],
      p := ( 2,10, 3,17,21, 6)( 4, 8,18,19,24,23,16,12,15,14,26,22, 7, 9, 5)
        (11,25,13)(27,29,32,30,28),
      q := ( 2, 9, 8,17,22, 6)( 3,18,20,19,23,14,25,15,16,12,13,11,26,21, 7,
         10, 4, 5)(27,30)(29,31,32) ), rec(
      gadd := 
       [ ( 1,15, 4,13, 2,16, 3,14)( 5,10, 8,11, 6, 9, 7,12)(17,31,20,29,18,32,
             19,30)(21,26,24,27,22,25,23,28), 
          ( 1,24, 8,20, 4,22, 6,18, 2,23, 7,19, 3,21, 5,17)( 9,32,16,28,12,30,
             14,26,10,31,15,27,11,29,13,25) ],
      gmul := 
       [ ( 1,11, 2,12)( 3, 9, 4,10)( 5,13, 6,14)( 7,16, 8,15)(17,29,18,30)
            (19,32,20,31)(21,25,22,26)(23,28,24,27), 
          ( 1,23)( 2,24)( 3,21)( 4,22)( 5,19)( 6,20)( 7,17)( 8,18)( 9,31)
            (10,32)(11,29)(12,30)(13,27)(14,28)(15,25)(16,26) ],
      p := ( 2,31,22,24, 6)( 3,17,14,32,16,30,11,10, 7,25,28,12,27,23,20,18,
         21, 9)( 4, 8, 5)(13,29,15,26),
      q := ( 2,25,30,12,29,16,28,11, 9, 4, 5, 3,17,13,27,23,20,18,21,10, 6)
        ( 7,31,22,24)(14,26)(15,32) ), rec(
      gadd := 
       [ ( 1,21, 7,18, 4,24, 5,19, 2,22, 8,17, 3,23, 6,20)( 9,29,15,26,12,32,
             13,27,10,30,16,25,11,31,14,28), 
          ( 1,29, 7,26, 4,32, 5,27, 2,30, 8,25, 3,31, 6,28)( 9,21,15,18,12,24,
             13,19,10,22,16,17,11,23,14,20) ],
      gmul := 
       [ ( 1,19)( 2,20)( 3,17)( 4,18)( 5,21)( 6,22)( 7,24)( 8,23)( 9,27)
            (10,28)(11,25)(12,26)(13,29)(14,30)(15,32)(16,31), 
          ( 1,30, 7,25, 4,31, 5,28, 2,29, 8,26, 3,32, 6,27)( 9,21,15,18,12,24,
             13,19,10,22,16,17,11,23,14,20) ],
      p := ( 2,31,15,14,30,12,29,16,21,20,24,25,13,32,22, 6)( 3,17,19,10, 9)
        ( 4, 8, 5)( 7,26,28,23)(11,27),
      q := ( 2,26,29,15,13,25,14,27,12,28,23, 6)( 3,17,19, 9, 4, 5)
        ( 7,31,16,21,20,24,32,22)(11,30) ), rec(
      gadd := 
       [ ( 1,16, 4,14, 2,15, 3,13)( 5, 9, 8,12, 6,10, 7,11)(17,32,20,30,18,31,
             19,29)(21,25,24,28,22,26,23,27), 
          ( 1,31, 8,27, 4,29, 6,25, 2,32, 7,28, 3,30, 5,26)( 9,23,16,19,12,21,
             14,17,10,24,15,20,11,22,13,18) ],
      gmul := 
       [ ( 1,15, 2,16)( 3,13, 4,14)( 5,11, 6,12)( 7, 9, 8,10)(17,28,18,27)
            (19,26,20,25)(21,30,22,29)(23,31,24,32), 
          ( 1,20, 2,19)( 3,18, 4,17)( 5,22, 6,21)( 7,23, 8,24)( 9,28,10,27)
            (11,26,12,25)(13,30,14,29)(15,31,16,32) ],
      p := ( 2,31,11, 7,25,23,20,21,19,13,27,14,29,12,10, 3,17,26,28,22,24, 6)
        ( 4, 8,18,30,15,32,16, 9, 5),
      q := ( 2,25,24, 7,31,12, 9, 8,17,32,15,26,30,16,10, 4, 5, 3,18,28,21,20,
         22,23,19,14,27,13,29,11, 6) ), rec(
      gadd := 
       [ ( 1,23, 8,19, 4,21, 6,17, 2,24, 7,20, 3,22, 5,18)( 9,31,16,27,12,29,
             14,25,10,32,15,28,11,30,13,26), 
          ( 1,32, 8,28, 4,30, 6,26, 2,31, 7,27, 3,29, 5,25)( 9,24,16,20,12,22,
             14,18,10,23,15,19,11,21,13,17) ],
      gmul := 
       [ ( 1,21, 2,22)( 3,24, 4,23)( 5,17, 6,18)( 7,20, 8,19)( 9,29,10,30)
            (11,32,12,31)(13,25,14,26)(15,28,16,27), 
          ( 1,27, 6,32, 3,26, 8,29, 2,28, 5,31, 4,25, 7,30)( 9,20,14,23,11,17,
             16,22,10,19,13,24,12,18,15,21) ],
