## size 63
BRACES[63] := rec( total := -1, implemented := 11, size := 63, brace := [] );
BRACES[63].brace[1] := rec ( size := 63, perms :=
[ [ (), () ], 
  [ ( 8,11,14)( 9,12,15)(10,13,16), ( 1, 7, 3)( 2,12, 6)( 4,16, 9)( 5,19,11)
        ( 8,24,15)(10,27,18)(13,30,21)(14,33,23)(17,36,26)(20,39,29)(22,42,32)
        (25,44,35)(28,47,38)(31,50,41)(34,51,43)(37,54,46)(40,56,49)(45,59,53)
        (48,60,55)(52,62,58)(57,63,61) ], 
  [ ( 8,14,11)( 9,15,12)(10,16,13), ( 1, 3, 7)( 2, 6,12)( 4, 9,16)( 5,11,19)
        ( 8,15,24)(10,18,27)(13,21,30)(14,23,33)(17,26,36)(20,29,39)(22,32,42)
        (25,35,44)(28,38,47)(31,41,50)(34,43,51)(37,46,54)(40,49,56)(45,53,59)
        (48,55,60)(52,58,62)(57,61,63) ], 
  [ (1,4,7,3,6,2,5), ( 1,34,25,17,10, 5, 2)( 3,43,35,26,18,11, 6)
        ( 4,48,40,31,22,14, 8)( 7,51,44,36,27,19,12)( 9,55,49,41,32,23,15)
        (13,57,52,45,37,28,20)(16,60,56,50,42,33,24)(21,61,58,53,46,38,29)
        (30,63,62,59,54,47,39) ], 
  [ ( 1, 4, 7, 3, 6, 2, 5)( 8,11,14)( 9,12,15)(10,13,16), 
      ( 1,51,35,17,27,11, 2, 7,43,25,36,18, 5,12, 3,34,44,26,10,19, 6)
        ( 4,60,49,31,42,23, 8,16,55,40,50,32,14,24, 9,48,56,41,22,33,15)
        (13,63,58,45,54,38,20,30,61,52,59,46,28,39,21,57,62,53,37,47,29) ], 
  [ ( 1, 4, 7, 3, 6, 2, 5)( 8,14,11)( 9,15,12)(10,16,13), 
      ( 1,43,44,17,18,19, 2, 3,51,25,26,27, 5, 6, 7,34,35,36,10,11,12)
        ( 4,55,56,31,32,33, 8, 9,60,40,41,42,14,15,16,48,49,50,22,23,24)
        (13,61,62,45,46,47,20,21,63,52,53,54,28,29,30,57,58,59,37,38,39) ], 
  [ (1,7,6,5,4,3,2), ( 1,25,10, 2,34,17, 5)( 3,35,18, 6,43,26,11)
        ( 4,40,22, 8,48,31,14)( 7,44,27,12,51,36,19)( 9,49,32,15,55,41,23)
        (13,52,37,20,57,45,28)(16,56,42,24,60,50,33)(21,58,46,29,61,53,38)
        (30,62,54,39,63,59,47) ], 
  [ ( 1, 7, 6, 5, 4, 3, 2)( 8,11,14)( 9,12,15)(10,13,16), 
      ( 1,44,18, 2,51,26, 5, 7,35,10,12,43,17,19, 3,25,27, 6,34,36,11)
        ( 4,56,32, 8,60,41,14,16,49,22,24,55,31,33, 9,40,42,15,48,50,23)
        (13,62,46,20,63,53,28,30,58,37,39,61,45,47,21,52,54,29,57,59,38) ], 
  [ ( 1, 7, 6, 5, 4, 3, 2)( 8,14,11)( 9,15,12)(10,16,13), 
      ( 1,35,27, 2,43,36, 5, 3,44,10, 6,51,17,11, 7,25,18,12,34,26,19)
        ( 4,49,42, 8,55,50,14, 9,56,22,15,60,31,23,16,40,32,24,48,41,33)
        (13,58,54,20,61,59,28,21,62,37,29,63,45,38,30,52,46,39,57,53,47) ], 
  [ (1,3,5,7,2,4,6), ( 1,17, 2,25, 5,34,10)( 3,26, 6,35,11,43,18)
        ( 4,31, 8,40,14,48,22)( 7,36,12,44,19,51,27)( 9,41,15,49,23,55,32)
        (13,45,20,52,28,57,37)(16,50,24,56,33,60,42)(21,53,29,58,38,61,46)
        (30,59,39,62,47,63,54) ], 
  [ ( 1, 3, 5, 7, 2, 4, 6)( 8,11,14)( 9,12,15)(10,13,16), 
      ( 1,36, 6,25,19,43,10, 7,26, 2,44,11,34,27, 3,17,12,35, 5,51,18)
        ( 4,50,15,40,33,55,22,16,41, 8,56,23,48,42, 9,31,24,49,14,60,32)
        (13,59,29,52,47,61,37,30,53,20,62,38,57,54,21,45,39,58,28,63,46) ], 
  [ ( 1, 3, 5, 7, 2, 4, 6)( 8,14,11)( 9,15,12)(10,16,13), 
      ( 1,26,12,25,11,51,10, 3,36, 2,35,19,34,18, 7,17, 6,44, 5,43,27)
        ( 4,41,24,40,23,60,22, 9,50, 8,49,33,48,32,16,31,15,56,14,55,42)
        (13,53,39,52,38,63,37,21,59,20,58,47,57,46,30,45,29,62,28,61,54) ], 
  [ (1,6,4,2,7,5,3), ( 1,10,34, 5,25, 2,17)( 3,18,43,11,35, 6,26)
        ( 4,22,48,14,40, 8,31)( 7,27,51,19,44,12,36)( 9,32,55,23,49,15,41)
        (13,37,57,28,52,20,45)(16,42,60,33,56,24,50)(21,46,61,38,58,29,53)
        (30,54,63,47,62,39,59) ], 
  [ ( 1, 6, 4, 2, 7, 5, 3)( 8,11,14)( 9,12,15)(10,13,16), 
      ( 1,27,43, 5,44, 6,17, 7,18,34,19,35, 2,36, 3,10,51,11,25,12,26)
        ( 4,42,55,14,56,15,31,16,32,48,33,49, 8,50, 9,22,60,23,40,24,41)
        (13,54,61,28,62,29,45,30,46,57,47,58,20,59,21,37,63,38,52,39,53) ], 
  [ ( 1, 6, 4, 2, 7, 5, 3)( 8,14,11)( 9,15,12)(10,16,13), 
      ( 1,18,51, 5,35,12,17, 3,27,34,11,44, 2,26, 7,10,43,19,25, 6,36)
        ( 4,32,60,14,49,24,31, 9,42,48,23,56, 8,41,16,22,55,33,40,15,50)
        (13,46,63,28,58,39,45,21,54,57,38,62,20,53,30,37,61,47,52,29,59) ], 
  [ (1,2,3,4,5,6,7), ( 1, 5,17,34, 2,10,25)( 3,11,26,43, 6,18,35)
        ( 4,14,31,48, 8,22,40)( 7,19,36,51,12,27,44)( 9,23,41,55,15,32,49)
        (13,28,45,57,20,37,52)(16,33,50,60,24,42,56)(21,38,53,61,29,46,58)
        (30,47,59,63,39,54,62) ], 
  [ ( 1, 2, 3, 4, 5, 6, 7)( 8,11,14)( 9,12,15)(10,13,16), 
      ( 1,19,26,34,12,18,25, 7,11,17,51, 6,10,44, 3, 5,36,43, 2,27,35)
        ( 4,33,41,48,24,32,40,16,23,31,60,15,22,56, 9,14,50,55, 8,42,49)
        (13,47,53,57,39,46,52,30,38,45,63,29,37,62,21,28,59,61,20,54,58) ], 
  [ ( 1, 2, 3, 4, 5, 6, 7)( 8,14,11)( 9,15,12)(10,16,13), 
      ( 1,11,36,34, 6,27,25, 3,19,17,43,12,10,35, 7, 5,26,51, 2,18,44)
        ( 4,23,50,48,15,42,40, 9,33,31,55,24,22,49,16,14,41,60, 8,32,56)
        (13,38,59,57,29,54,52,21,47,45,61,39,37,58,30,28,53,63,20,46,62) ], 
  [ (1,5,2,6,3,7,4), ( 1, 2, 5,10,17,25,34)( 3, 6,11,18,26,35,43)
        ( 4, 8,14,22,31,40,48)( 7,12,19,27,36,44,51)( 9,15,23,32,41,49,55)
        (13,20,28,37,45,52,57)(16,24,33,42,50,56,60)(21,29,38,46,53,58,61)
        (30,39,47,54,59,62,63) ], 
  [ ( 1, 5, 2, 6, 3, 7, 4)( 8,11,14)( 9,12,15)(10,13,16), 
      ( 1,12,11,10,36,35,34, 7, 6, 5,27,26,25,51, 3, 2,19,18,17,44,43)
        ( 4,24,23,22,50,49,48,16,15,14,42,41,40,60, 9, 8,33,32,31,56,55)
        (13,39,38,37,59,58,57,30,29,28,54,53,52,63,21,20,47,46,45,62,61) ], 
  [ ( 1, 5, 2, 6, 3, 7, 4)( 8,14,11)( 9,15,12)(10,16,13), 
      ( 1, 6,19,10,26,44,34, 3,12, 5,18,36,25,43, 7, 2,11,27,17,35,51)
        ( 4,15,33,22,41,56,48, 9,24,14,32,50,40,55,16, 8,23,42,31,49,60)
        (13,29,47,37,53,62,57,21,39,28,46,59,52,61,30,20,38,54,45,58,63) ], 
  [ ( 8, 9,10,11,12,13,14,15,16), 
      ( 1,30,16, 7,21, 9, 3,13, 4)( 2,59,33,12,53,23, 6,45,14)( 5,39,50,19,29,
         41,11,20,31)( 8,17,47,24,36,38,15,26,28)(10,62,60,27,58,55,18,52,48)
        (22,25,63,42,44,61,32,35,57)(34,54,56,51,46,49,43,37,40) ], 
  [ ( 8,12,16,11,15,10,14, 9,13), 
      ( 1,21, 4, 7,13,16, 3,30, 9)( 2,53,14,12,45,33, 6,59,23)( 5,29,31,19,20,
         50,11,39,41)( 8,36,28,24,26,47,15,17,38)(10,58,48,27,52,60,18,62,55)
        (22,44,57,42,35,63,32,25,61)(34,46,40,51,37,56,43,54,49) ], 
  [ ( 8,15,13,11, 9,16,14,12,10), 
      ( 1,13, 9, 7,30, 4, 3,21,16)( 2,45,23,12,59,14, 6,53,33)( 5,20,41,19,39,
         31,11,29,50)( 8,26,38,24,17,28,15,36,47)(10,52,55,27,62,48,18,58,60)
        (22,35,61,42,25,57,32,44,63)(34,37,49,51,54,40,43,46,56) ], 
  [ ( 1, 4, 7, 3, 6, 2, 5)( 8, 9,10,11,12,13,14,15,16), 
      ( 1,63,33, 7,61,23, 3,57,14)( 2,54,50,12,46,41, 6,37,31)( 4,34,47,16,51,
         38, 9,43,28)( 5,30,60,19,21,55,11,13,48)( 8,10,59,24,27,53,15,18,45)
        (17,39,42,36,29,32,26,20,22)(25,62,56,44,58,49,35,52,40) ], 
  [ ( 1, 4, 7, 3, 6, 2, 5)( 8,12,16,11,15,10,14, 9,13), 
      ( 1,61,14, 7,57,33, 3,63,23)( 2,46,31,12,37,50, 6,54,41)( 4,51,28,16,43,
         47, 9,34,38)( 5,21,48,19,13,60,11,30,55)( 8,27,45,24,18,59,15,10,53)
        (17,29,22,36,20,42,26,39,32)(25,58,40,44,52,56,35,62,49) ], 
  [ ( 1, 4, 7, 3, 6, 2, 5)( 8,15,13,11, 9,16,14,12,10), 
      ( 1,57,23, 7,63,14, 3,61,33)( 2,37,41,12,54,31, 6,46,50)( 4,43,38,16,34,
         28, 9,51,47)( 5,13,55,19,30,48,11,21,60)( 8,18,53,24,10,45,15,27,59)
        (17,20,32,36,39,22,26,29,42)(25,52,49,44,62,40,35,58,56) ], 
  [ ( 1, 7, 6, 5, 4, 3, 2)( 8, 9,10,11,12,13,14,15,16), 
      ( 1,62,50, 7,58,41, 3,52,31)( 2,47,60,12,38,55, 6,28,48)( 4,25,59,16,44,
         53, 9,35,45)( 5,63,24,19,61,15,11,57, 8)(10,54,42,27,46,32,18,37,22)
        (13,40,17,30,56,36,21,49,26)(14,34,39,33,51,29,23,43,20) ], 
  [ ( 1, 7, 6, 5, 4, 3, 2)( 8,12,16,11,15,10,14, 9,13), 
      ( 1,58,31, 7,52,50, 3,62,41)( 2,38,48,12,28,60, 6,47,55)( 4,44,45,16,35,
         59, 9,25,53)( 5,61, 8,19,57,24,11,63,15)(10,46,22,27,37,42,18,54,32)
        (13,56,26,30,49,17,21,40,36)(14,51,20,33,43,39,23,34,29) ], 
  [ ( 1, 7, 6, 5, 4, 3, 2)( 8,15,13,11, 9,16,14,12,10), 
      ( 1,52,41, 7,62,31, 3,58,50)( 2,28,55,12,47,48, 6,38,60)( 4,35,53,16,25,
         45, 9,44,59)( 5,57,15,19,63, 8,11,61,24)(10,37,32,27,54,22,18,46,42)
        (13,49,36,30,40,26,21,56,17)(14,43,29,33,34,20,23,51,39) ], 
  [ ( 1, 3, 5, 7, 2, 4, 6)( 8, 9,10,11,12,13,14,15,16), 
      ( 1,59,60, 7,53,55, 3,45,48)( 2,39,24,12,29,15, 6,20, 8)( 4,17,63,16,36,
         61, 9,26,57)( 5,62,42,19,58,32,11,52,22)(10,47,56,27,38,49,18,28,40)
        (13,31,34,30,50,51,21,41,43)(14,25,54,33,44,46,23,35,37) ], 
  [ ( 1, 3, 5, 7, 2, 4, 6)( 8,12,16,11,15,10,14, 9,13), 
      ( 1,53,48, 7,45,60, 3,59,55)( 2,29, 8,12,20,24, 6,39,15)( 4,36,57,16,26,
         63, 9,17,61)( 5,58,22,19,52,42,11,62,32)(10,38,40,27,28,56,18,47,49)
        (13,50,43,30,41,34,21,31,51)(14,44,37,33,35,54,23,25,46) ], 
  [ ( 1, 3, 5, 7, 2, 4, 6)( 8,15,13,11, 9,16,14,12,10), 
      ( 1,45,55, 7,59,48, 3,53,60)( 2,20,15,12,39, 8, 6,29,24)( 4,26,61,16,17,
         57, 9,36,63)( 5,52,32,19,62,22,11,58,42)(10,28,49,27,47,40,18,38,56)
        (13,41,51,30,31,43,21,50,34)(14,35,46,33,25,37,23,44,54) ], 
  [ ( 1, 6, 4, 2, 7, 5, 3)( 8, 9,10,11,12,13,14,15,16), 
      ( 1,54,24, 7,46,15, 3,37, 8)( 2,30,42,12,21,32, 6,13,22)( 4,10,39,16,27,
         29, 9,18,20)( 5,59,56,19,53,49,11,45,40)(14,17,62,33,36,58,23,26,52)
        (25,47,50,44,38,41,35,28,31)(34,63,60,51,61,55,43,57,48) ], 
  [ ( 1, 6, 4, 2, 7, 5, 3)( 8,12,16,11,15,10,14, 9,13), 
      ( 1,46, 8, 7,37,24, 3,54,15)( 2,21,22,12,13,42, 6,30,32)( 4,27,20,16,18,
         39, 9,10,29)( 5,53,40,19,45,56,11,59,49)(14,36,52,33,26,62,23,17,58)
        (25,38,31,44,28,50,35,47,41)(34,61,48,51,57,60,43,63,55) ], 
  [ ( 1, 6, 4, 2, 7, 5, 3)( 8,15,13,11, 9,16,14,12,10), 
      ( 1,37,15, 7,54, 8, 3,46,24)( 2,13,32,12,30,22, 6,21,42)( 4,18,29,16,10,
         20, 9,27,39)( 5,45,49,19,59,40,11,53,56)(14,26,58,33,17,52,23,36,62)
        (25,28,41,44,47,31,35,38,50)(34,57,55,51,63,48,43,61,60) ], 
  [ ( 1, 2, 3, 4, 5, 6, 7)( 8, 9,10,11,12,13,14,15,16), 
      ( 1,47,42, 7,38,32, 3,28,22)( 2,63,56,12,61,49, 6,57,40)( 4, 5,54,16,19,
         46, 9,11,37)( 8,34,62,24,51,58,15,43,52)(10,30,33,27,21,23,18,13,14)
        (17,59,50,36,53,41,26,45,31)(20,48,25,39,60,44,29,55,35) ], 
  [ ( 1, 2, 3, 4, 5, 6, 7)( 8,12,16,11,15,10,14, 9,13), 
      ( 1,38,22, 7,28,42, 3,47,32)( 2,61,40,12,57,56, 6,63,49)( 4,19,37,16,11,
         54, 9, 5,46)( 8,51,52,24,43,62,15,34,58)(10,21,14,27,13,33,18,30,23)
        (17,53,31,36,45,50,26,59,41)(20,60,35,39,55,25,29,48,44) ], 
  [ ( 1, 2, 3, 4, 5, 6, 7)( 8,15,13,11, 9,16,14,12,10), 
      ( 1,28,32, 7,47,22, 3,38,42)( 2,57,49,12,63,40, 6,61,56)( 4,11,46,16, 5,
         37, 9,19,54)( 8,43,58,24,34,52,15,51,62)(10,13,23,27,30,14,18,21,33)
        (17,45,41,36,59,31,26,53,50)(20,55,44,39,48,35,29,60,25) ], 
  [ ( 1, 5, 2, 6, 3, 7, 4)( 8, 9,10,11,12,13,14,15,16), 
      ( 1,39,56, 7,29,49, 3,20,40)( 2,62,16,12,58, 9, 6,52, 4)( 5,47,33,19,38,
         23,11,28,14)( 8,25,30,24,44,21,15,35,13)(10,63,50,27,61,41,18,57,31)
        (17,54,60,36,46,55,26,37,48)(22,34,59,42,51,53,32,43,45) ], 
  [ ( 1, 5, 2, 6, 3, 7, 4)( 8,12,16,11,15,10,14, 9,13), 
      ( 1,29,40, 7,20,56, 3,39,49)( 2,58, 4,12,52,16, 6,62, 9)( 5,38,14,19,28,
         33,11,47,23)( 8,44,13,24,35,30,15,25,21)(10,61,31,27,57,50,18,63,41)
        (17,46,48,36,37,60,26,54,55)(22,51,45,42,43,59,32,34,53) ], 
  [ ( 1, 5, 2, 6, 3, 7, 4)( 8,15,13,11, 9,16,14,12,10), 
      ( 1,20,49, 7,39,40, 3,29,56)( 2,52, 9,12,62, 4, 6,58,16)( 5,28,23,19,47,
         14,11,38,33)( 8,35,21,24,25,13,15,44,30)(10,57,41,27,63,31,18,61,50)
        (17,37,55,36,54,48,26,46,60)(22,43,53,42,34,45,32,51,59) ], 
  [ ( 8,10,12,14,16, 9,11,13,15), 
      ( 1,16,21, 3, 4,30, 7, 9,13)( 2,33,53, 6,14,59,12,23,45)( 5,50,29,11,31,
         39,19,41,20)( 8,47,36,15,28,17,24,38,26)(10,60,58,18,48,62,27,55,52)
        (22,63,44,32,57,25,42,61,35)(34,56,46,43,40,54,51,49,37) ], 
  [ ( 8,13, 9,14,10,15,11,16,12), 
      ( 1, 9,30, 3,16,13, 7, 4,21)( 2,23,59, 6,33,45,12,14,53)( 5,41,39,11,50,
         20,19,31,29)( 8,38,17,15,47,26,24,28,36)(10,55,62,18,60,52,27,48,58)
        (22,61,25,32,63,35,42,57,44)(34,49,54,43,56,37,51,40,46) ], 
  [ ( 8,16,15,14,13,12,11,10, 9), 
      ( 1, 4,13, 3, 9,21, 7,16,30)( 2,14,45, 6,23,53,12,33,59)( 5,31,20,11,41,
         29,19,50,39)( 8,28,26,15,38,36,24,47,17)(10,48,52,18,55,58,27,60,62)
        (22,57,35,32,61,44,42,63,25)(34,40,37,43,49,46,51,56,54) ], 
  [ ( 1, 4, 7, 3, 6, 2, 5)( 8,10,12,14,16, 9,11,13,15), 
      ( 1,60,53, 3,48,59, 7,55,45)( 2,24,29, 6, 8,39,12,15,20)( 4,63,36, 9,57,
         17,16,61,26)( 5,42,58,11,22,62,19,32,52)(10,56,38,18,40,47,27,49,28)
        (13,34,50,21,43,31,30,51,41)(14,54,44,23,37,25,33,46,35) ], 
  [ ( 1, 4, 7, 3, 6, 2, 5)( 8,13, 9,14,10,15,11,16,12), 
      ( 1,55,59, 3,60,45, 7,48,53)( 2,15,39, 6,24,20,12, 8,29)( 4,61,17, 9,63,
         26,16,57,36)( 5,32,62,11,42,52,19,22,58)(10,49,47,18,56,28,27,40,38)
        (13,51,31,21,34,41,30,43,50)(14,46,25,23,54,35,33,37,44) ], 
  [ ( 1, 4, 7, 3, 6, 2, 5)( 8,16,15,14,13,12,11,10, 9), 
      ( 1,48,45, 3,55,53, 7,60,59)( 2, 8,20, 6,15,29,12,24,39)( 4,57,26, 9,61,
         36,16,63,17)( 5,22,52,11,32,58,19,42,62)(10,40,28,18,49,38,27,56,47)
        (13,43,41,21,51,50,30,34,31)(14,37,35,23,46,44,33,54,25) ], 
  [ ( 1, 7, 6, 5, 4, 3, 2)( 8,10,12,14,16, 9,11,13,15), 
      ( 1,56,29, 3,40,39, 7,49,20)( 2,16,58, 6, 4,62,12, 9,52)( 5,33,38,11,14,
         47,19,23,28)( 8,30,44,15,13,25,24,21,35)(10,50,61,18,31,63,27,41,57)
        (17,60,46,26,48,54,36,55,37)(22,59,51,32,45,34,42,53,43) ], 
  [ ( 1, 7, 6, 5, 4, 3, 2)( 8,13, 9,14,10,15,11,16,12), 
      ( 1,49,39, 3,56,20, 7,40,29)( 2, 9,62, 6,16,52,12, 4,58)( 5,23,47,11,33,
         28,19,14,38)( 8,21,25,15,30,35,24,13,44)(10,41,63,18,50,57,27,31,61)
        (17,55,54,26,60,37,36,48,46)(22,53,34,32,59,43,42,45,51) ], 
  [ ( 1, 7, 6, 5, 4, 3, 2)( 8,16,15,14,13,12,11,10, 9), 
      ( 1,40,20, 3,49,29, 7,56,39)( 2, 4,52, 6, 9,58,12,16,62)( 5,14,28,11,23,
         38,19,33,47)( 8,13,35,15,21,44,24,30,25)(10,31,57,18,41,61,27,50,63)
        (17,48,37,26,55,46,36,60,54)(22,45,43,32,53,51,42,59,34) ], 
  [ ( 1, 3, 5, 7, 2, 4, 6)( 8,10,12,14,16, 9,11,13,15), 
      ( 1,50,58, 3,31,62, 7,41,52)( 2,60,38, 6,48,47,12,55,28)( 4,59,44, 9,45,
         25,16,53,35)( 5,24,61,11, 8,63,19,15,57)(10,42,46,18,22,54,27,32,37)
        (13,17,56,21,26,40,30,36,49)(14,39,51,23,20,34,33,29,43) ], 
  [ ( 1, 3, 5, 7, 2, 4, 6)( 8,13, 9,14,10,15,11,16,12), 
      ( 1,41,62, 3,50,52, 7,31,58)( 2,55,47, 6,60,28,12,48,38)( 4,53,25, 9,59,
         35,16,45,44)( 5,15,63,11,24,57,19, 8,61)(10,32,54,18,42,37,27,22,46)
        (13,36,40,21,17,49,30,26,56)(14,29,34,23,39,43,33,20,51) ], 
  [ ( 1, 3, 5, 7, 2, 4, 6)( 8,16,15,14,13,12,11,10, 9), 
      ( 1,31,52, 3,41,58, 7,50,62)( 2,48,28, 6,55,38,12,60,47)( 4,45,35, 9,53,
         44,16,59,25)( 5, 8,57,11,15,61,19,24,63)(10,22,37,18,32,46,27,42,54)
        (13,26,49,21,36,56,30,17,40)(14,20,43,23,29,51,33,39,34) ], 
  [ ( 1, 6, 4, 2, 7, 5, 3)( 8,10,12,14,16, 9,11,13,15), 
      ( 1,42,38, 3,22,47, 7,32,28)( 2,56,61, 6,40,63,12,49,57)( 4,54,19, 9,37,
         5,16,46,11)( 8,62,51,15,52,34,24,58,43)(10,33,21,18,14,30,27,23,13)
        (17,50,53,26,31,59,36,41,45)(20,25,60,29,35,48,39,44,55) ], 
  [ ( 1, 6, 4, 2, 7, 5, 3)( 8,13, 9,14,10,15,11,16,12), 
      ( 1,32,47, 3,42,28, 7,22,38)( 2,49,63, 6,56,57,12,40,61)( 4,46, 5, 9,54,
         11,16,37,19)( 8,58,34,15,62,43,24,52,51)(10,23,30,18,33,13,27,14,21)
        (17,41,59,26,50,45,36,31,53)(20,44,48,29,25,55,39,35,60) ], 
  [ ( 1, 6, 4, 2, 7, 5, 3)( 8,16,15,14,13,12,11,10, 9), 
      ( 1,22,28, 3,32,38, 7,42,47)( 2,40,57, 6,49,61,12,56,63)( 4,37,11, 9,46,
         19,16,54, 5)( 8,52,43,15,58,51,24,62,34)(10,14,13,18,23,21,27,33,30)
        (17,31,45,26,41,53,36,50,59)(20,35,55,29,44,60,39,25,48) ], 
  [ ( 1, 2, 3, 4, 5, 6, 7)( 8,10,12,14,16, 9,11,13,15), 
      ( 1,33,61, 3,14,63, 7,23,57)( 2,50,46, 6,31,54,12,41,37)( 4,47,51, 9,28,
         34,16,38,43)( 5,60,21,11,48,30,19,55,13)( 8,59,27,15,45,10,24,53,18)
        (17,42,29,26,22,39,36,32,20)(25,56,58,35,40,62,44,49,52) ], 
  [ ( 1, 2, 3, 4, 5, 6, 7)( 8,13, 9,14,10,15,11,16,12), 
      ( 1,23,63, 3,33,57, 7,14,61)( 2,41,54, 6,50,37,12,31,46)( 4,38,34, 9,47,
         43,16,28,51)( 5,55,30,11,60,13,19,48,21)( 8,53,10,15,59,18,24,45,27)
        (17,32,39,26,42,20,36,22,29)(25,49,62,35,56,52,44,40,58) ], 
  [ ( 1, 2, 3, 4, 5, 6, 7)( 8,16,15,14,13,12,11,10, 9), 
      ( 1,14,57, 3,23,61, 7,33,63)( 2,31,37, 6,41,46,12,50,54)( 4,28,43, 9,38,
         51,16,47,34)( 5,48,13,11,55,21,19,60,30)( 8,45,18,15,53,27,24,59,10)
        (17,22,20,26,32,29,36,42,39)(25,40,52,35,49,58,44,56,62) ], 
  [ ( 1, 5, 2, 6, 3, 7, 4)( 8,10,12,14,16, 9,11,13,15), 
      ( 1,24,46, 3, 8,54, 7,15,37)( 2,42,21, 6,22,30,12,32,13)( 4,39,27, 9,20,
         10,16,29,18)( 5,56,53,11,40,59,19,49,45)(14,62,36,23,52,17,33,58,26)
        (25,50,38,35,31,47,44,41,28)(34,60,61,43,48,63,51,55,57) ], 
  [ ( 1, 5, 2, 6, 3, 7, 4)( 8,13, 9,14,10,15,11,16,12), 
      ( 1,15,54, 3,24,37, 7, 8,46)( 2,32,30, 6,42,13,12,22,21)( 4,29,10, 9,39,
         18,16,20,27)( 5,49,59,11,56,45,19,40,53)(14,58,17,23,62,26,33,52,36)
        (25,41,47,35,50,28,44,31,38)(34,55,63,43,60,57,51,48,61) ], 
  [ ( 1, 5, 2, 6, 3, 7, 4)( 8,16,15,14,13,12,11,10, 9), 
      ( 1, 8,37, 3,15,46, 7,24,54)( 2,22,13, 6,32,21,12,42,30)( 4,20,18, 9,29,
         27,16,39,10)( 5,40,45,11,49,53,19,56,59)(14,52,26,23,58,36,33,62,17)
        (25,31,28,35,41,38,44,50,47)(34,48,57,43,55,61,51,60,63) ] ]
);

BRACES[63].brace[2] := rec ( size := 63, perms :=
[ [ (), () ], 
  [ ( 8,11,14)( 9,12,15)(10,13,16), ( 8,14,11)( 9,15,12)(10,16,13) ], 
  [ ( 8,14,11)( 9,15,12)(10,16,13), ( 8,11,14)( 9,12,15)(10,13,16) ], 
  [ (1,4,7,3,6,2,5), (1,5,2,6,3,7,4) ], 
  [ ( 1, 4, 7, 3, 6, 2, 5)( 8,11,14)( 9,12,15)(10,13,16), 
      ( 1, 5, 2, 6, 3, 7, 4)( 8,14,11)( 9,15,12)(10,16,13) ], 
  [ ( 1, 4, 7, 3, 6, 2, 5)( 8,14,11)( 9,15,12)(10,16,13), 
      ( 1, 5, 2, 6, 3, 7, 4)( 8,11,14)( 9,12,15)(10,13,16) ], 
  [ (1,7,6,5,4,3,2), (1,2,3,4,5,6,7) ], 
  [ ( 1, 7, 6, 5, 4, 3, 2)( 8,11,14)( 9,12,15)(10,13,16), 
      ( 1, 2, 3, 4, 5, 6, 7)( 8,14,11)( 9,15,12)(10,16,13) ], 
  [ ( 1, 7, 6, 5, 4, 3, 2)( 8,14,11)( 9,15,12)(10,16,13), 
      ( 1, 2, 3, 4, 5, 6, 7)( 8,11,14)( 9,12,15)(10,13,16) ], 
  [ (1,3,5,7,2,4,6), (1,6,4,2,7,5,3) ], 
  [ ( 1, 3, 5, 7, 2, 4, 6)( 8,11,14)( 9,12,15)(10,13,16), 
      ( 1, 6, 4, 2, 7, 5, 3)( 8,14,11)( 9,15,12)(10,16,13) ], 
  [ ( 1, 3, 5, 7, 2, 4, 6)( 8,14,11)( 9,15,12)(10,16,13), 
      ( 1, 6, 4, 2, 7, 5, 3)( 8,11,14)( 9,12,15)(10,13,16) ], 
  [ (1,6,4,2,7,5,3), (1,3,5,7,2,4,6) ], 
  [ ( 1, 6, 4, 2, 7, 5, 3)( 8,11,14)( 9,12,15)(10,13,16), 
      ( 1, 3, 5, 7, 2, 4, 6)( 8,14,11)( 9,15,12)(10,16,13) ], 
  [ ( 1, 6, 4, 2, 7, 5, 3)( 8,14,11)( 9,15,12)(10,16,13), 
      ( 1, 3, 5, 7, 2, 4, 6)( 8,11,14)( 9,12,15)(10,13,16) ], 
  [ (1,2,3,4,5,6,7), (1,7,6,5,4,3,2) ], 
  [ ( 1, 2, 3, 4, 5, 6, 7)( 8,11,14)( 9,12,15)(10,13,16), 
      ( 1, 7, 6, 5, 4, 3, 2)( 8,14,11)( 9,15,12)(10,16,13) ], 
  [ ( 1, 2, 3, 4, 5, 6, 7)( 8,14,11)( 9,15,12)(10,16,13), 
      ( 1, 7, 6, 5, 4, 3, 2)( 8,11,14)( 9,12,15)(10,13,16) ], 
  [ (1,5,2,6,3,7,4), (1,4,7,3,6,2,5) ], 
  [ ( 1, 5, 2, 6, 3, 7, 4)( 8,11,14)( 9,12,15)(10,13,16), 
      ( 1, 4, 7, 3, 6, 2, 5)( 8,14,11)( 9,15,12)(10,16,13) ], 
  [ ( 1, 5, 2, 6, 3, 7, 4)( 8,14,11)( 9,15,12)(10,16,13), 
      ( 1, 4, 7, 3, 6, 2, 5)( 8,11,14)( 9,12,15)(10,13,16) ], 
  [ ( 8, 9,10,11,12,13,14,15,16), ( 8,13, 9,14,10,15,11,16,12) ], 
  [ ( 8,12,16,11,15,10,14, 9,13), ( 8,10,12,14,16, 9,11,13,15) ], 
  [ ( 8,15,13,11, 9,16,14,12,10), ( 8,16,15,14,13,12,11,10, 9) ], 
  [ ( 1, 4, 7, 3, 6, 2, 5)( 8, 9,10,11,12,13,14,15,16), 
      ( 1, 5, 2, 6, 3, 7, 4)( 8,13, 9,14,10,15,11,16,12) ], 
  [ ( 1, 4, 7, 3, 6, 2, 5)( 8,12,16,11,15,10,14, 9,13), 
      ( 1, 5, 2, 6, 3, 7, 4)( 8,10,12,14,16, 9,11,13,15) ], 
  [ ( 1, 4, 7, 3, 6, 2, 5)( 8,15,13,11, 9,16,14,12,10), 
      ( 1, 5, 2, 6, 3, 7, 4)( 8,16,15,14,13,12,11,10, 9) ], 
  [ ( 1, 7, 6, 5, 4, 3, 2)( 8, 9,10,11,12,13,14,15,16), 
      ( 1, 2, 3, 4, 5, 6, 7)( 8,13, 9,14,10,15,11,16,12) ], 
  [ ( 1, 7, 6, 5, 4, 3, 2)( 8,12,16,11,15,10,14, 9,13), 
      ( 1, 2, 3, 4, 5, 6, 7)( 8,10,12,14,16, 9,11,13,15) ], 
  [ ( 1, 7, 6, 5, 4, 3, 2)( 8,15,13,11, 9,16,14,12,10), 
      ( 1, 2, 3, 4, 5, 6, 7)( 8,16,15,14,13,12,11,10, 9) ], 
  [ ( 1, 3, 5, 7, 2, 4, 6)( 8, 9,10,11,12,13,14,15,16), 
      ( 1, 6, 4, 2, 7, 5, 3)( 8,13, 9,14,10,15,11,16,12) ], 
  [ ( 1, 3, 5, 7, 2, 4, 6)( 8,12,16,11,15,10,14, 9,13), 
      ( 1, 6, 4, 2, 7, 5, 3)( 8,10,12,14,16, 9,11,13,15) ], 
  [ ( 1, 3, 5, 7, 2, 4, 6)( 8,15,13,11, 9,16,14,12,10), 
      ( 1, 6, 4, 2, 7, 5, 3)( 8,16,15,14,13,12,11,10, 9) ], 
  [ ( 1, 6, 4, 2, 7, 5, 3)( 8, 9,10,11,12,13,14,15,16), 
      ( 1, 3, 5, 7, 2, 4, 6)( 8,13, 9,14,10,15,11,16,12) ], 
  [ ( 1, 6, 4, 2, 7, 5, 3)( 8,12,16,11,15,10,14, 9,13), 
      ( 1, 3, 5, 7, 2, 4, 6)( 8,10,12,14,16, 9,11,13,15) ], 
  [ ( 1, 6, 4, 2, 7, 5, 3)( 8,15,13,11, 9,16,14,12,10), 
      ( 1, 3, 5, 7, 2, 4, 6)( 8,16,15,14,13,12,11,10, 9) ], 
  [ ( 1, 2, 3, 4, 5, 6, 7)( 8, 9,10,11,12,13,14,15,16), 
      ( 1, 7, 6, 5, 4, 3, 2)( 8,13, 9,14,10,15,11,16,12) ], 
  [ ( 1, 2, 3, 4, 5, 6, 7)( 8,12,16,11,15,10,14, 9,13), 
      ( 1, 7, 6, 5, 4, 3, 2)( 8,10,12,14,16, 9,11,13,15) ], 
  [ ( 1, 2, 3, 4, 5, 6, 7)( 8,15,13,11, 9,16,14,12,10), 
      ( 1, 7, 6, 5, 4, 3, 2)( 8,16,15,14,13,12,11,10, 9) ], 
  [ ( 1, 5, 2, 6, 3, 7, 4)( 8, 9,10,11,12,13,14,15,16), 
      ( 1, 4, 7, 3, 6, 2, 5)( 8,13, 9,14,10,15,11,16,12) ], 
  [ ( 1, 5, 2, 6, 3, 7, 4)( 8,12,16,11,15,10,14, 9,13), 
      ( 1, 4, 7, 3, 6, 2, 5)( 8,10,12,14,16, 9,11,13,15) ], 
  [ ( 1, 5, 2, 6, 3, 7, 4)( 8,15,13,11, 9,16,14,12,10), 
      ( 1, 4, 7, 3, 6, 2, 5)( 8,16,15,14,13,12,11,10, 9) ], 
  [ ( 8,10,12,14,16, 9,11,13,15), ( 8,15,13,11, 9,16,14,12,10) ], 
  [ ( 8,13, 9,14,10,15,11,16,12), ( 8,12,16,11,15,10,14, 9,13) ], 
  [ ( 8,16,15,14,13,12,11,10, 9), ( 8, 9,10,11,12,13,14,15,16) ], 
  [ ( 1, 4, 7, 3, 6, 2, 5)( 8,10,12,14,16, 9,11,13,15), 
      ( 1, 5, 2, 6, 3, 7, 4)( 8,15,13,11, 9,16,14,12,10) ], 
  [ ( 1, 4, 7, 3, 6, 2, 5)( 8,13, 9,14,10,15,11,16,12), 
      ( 1, 5, 2, 6, 3, 7, 4)( 8,12,16,11,15,10,14, 9,13) ], 
  [ ( 1, 4, 7, 3, 6, 2, 5)( 8,16,15,14,13,12,11,10, 9), 
      ( 1, 5, 2, 6, 3, 7, 4)( 8, 9,10,11,12,13,14,15,16) ], 
  [ ( 1, 7, 6, 5, 4, 3, 2)( 8,10,12,14,16, 9,11,13,15), 
      ( 1, 2, 3, 4, 5, 6, 7)( 8,15,13,11, 9,16,14,12,10) ], 
  [ ( 1, 7, 6, 5, 4, 3, 2)( 8,13, 9,14,10,15,11,16,12), 
      ( 1, 2, 3, 4, 5, 6, 7)( 8,12,16,11,15,10,14, 9,13) ], 
  [ ( 1, 7, 6, 5, 4, 3, 2)( 8,16,15,14,13,12,11,10, 9), 
      ( 1, 2, 3, 4, 5, 6, 7)( 8, 9,10,11,12,13,14,15,16) ], 
  [ ( 1, 3, 5, 7, 2, 4, 6)( 8,10,12,14,16, 9,11,13,15), 
      ( 1, 6, 4, 2, 7, 5, 3)( 8,15,13,11, 9,16,14,12,10) ], 
  [ ( 1, 3, 5, 7, 2, 4, 6)( 8,13, 9,14,10,15,11,16,12), 
      ( 1, 6, 4, 2, 7, 5, 3)( 8,12,16,11,15,10,14, 9,13) ], 
  [ ( 1, 3, 5, 7, 2, 4, 6)( 8,16,15,14,13,12,11,10, 9), 
      ( 1, 6, 4, 2, 7, 5, 3)( 8, 9,10,11,12,13,14,15,16) ], 
  [ ( 1, 6, 4, 2, 7, 5, 3)( 8,10,12,14,16, 9,11,13,15), 
      ( 1, 3, 5, 7, 2, 4, 6)( 8,15,13,11, 9,16,14,12,10) ], 
  [ ( 1, 6, 4, 2, 7, 5, 3)( 8,13, 9,14,10,15,11,16,12), 
      ( 1, 3, 5, 7, 2, 4, 6)( 8,12,16,11,15,10,14, 9,13) ], 
  [ ( 1, 6, 4, 2, 7, 5, 3)( 8,16,15,14,13,12,11,10, 9), 
      ( 1, 3, 5, 7, 2, 4, 6)( 8, 9,10,11,12,13,14,15,16) ], 
  [ ( 1, 2, 3, 4, 5, 6, 7)( 8,10,12,14,16, 9,11,13,15), 
      ( 1, 7, 6, 5, 4, 3, 2)( 8,15,13,11, 9,16,14,12,10) ], 
  [ ( 1, 2, 3, 4, 5, 6, 7)( 8,13, 9,14,10,15,11,16,12), 
      ( 1, 7, 6, 5, 4, 3, 2)( 8,12,16,11,15,10,14, 9,13) ], 
  [ ( 1, 2, 3, 4, 5, 6, 7)( 8,16,15,14,13,12,11,10, 9), 
      ( 1, 7, 6, 5, 4, 3, 2)( 8, 9,10,11,12,13,14,15,16) ], 
  [ ( 1, 5, 2, 6, 3, 7, 4)( 8,10,12,14,16, 9,11,13,15), 
      ( 1, 4, 7, 3, 6, 2, 5)( 8,15,13,11, 9,16,14,12,10) ], 
  [ ( 1, 5, 2, 6, 3, 7, 4)( 8,13, 9,14,10,15,11,16,12), 
      ( 1, 4, 7, 3, 6, 2, 5)( 8,12,16,11,15,10,14, 9,13) ], 
  [ ( 1, 5, 2, 6, 3, 7, 4)( 8,16,15,14,13,12,11,10, 9), 
      ( 1, 4, 7, 3, 6, 2, 5)( 8, 9,10,11,12,13,14,15,16) ] ]
);

BRACES[63].brace[3] := rec ( size := 63, perms :=
[ [ (), () ], 
  [ ( 8,11,14)( 9,12,15)(10,13,16), ( 8,14,11)( 9,15,12)(10,16,13) ], 
  [ ( 8,14,11)( 9,15,12)(10,16,13), ( 8,11,14)( 9,12,15)(10,13,16) ], 
  [ (1,4,7,3,6,2,5), (1,5,2,6,3,7,4) ], 
  [ ( 1, 4, 7, 3, 6, 2, 5)( 8,11,14)( 9,12,15)(10,13,16), 
      ( 1, 5, 2, 6, 3, 7, 4)( 8,14,11)( 9,15,12)(10,16,13) ], 
  [ ( 1, 4, 7, 3, 6, 2, 5)( 8,14,11)( 9,15,12)(10,16,13), 
      ( 1, 5, 2, 6, 3, 7, 4)( 8,11,14)( 9,12,15)(10,13,16) ], 
  [ (1,7,6,5,4,3,2), (1,2,3,4,5,6,7) ], 
  [ ( 1, 7, 6, 5, 4, 3, 2)( 8,11,14)( 9,12,15)(10,13,16), 
      ( 1, 2, 3, 4, 5, 6, 7)( 8,14,11)( 9,15,12)(10,16,13) ], 
  [ ( 1, 7, 6, 5, 4, 3, 2)( 8,14,11)( 9,15,12)(10,16,13), 
      ( 1, 2, 3, 4, 5, 6, 7)( 8,11,14)( 9,12,15)(10,13,16) ], 
  [ (1,3,5,7,2,4,6), (1,6,4,2,7,5,3) ], 
  [ ( 1, 3, 5, 7, 2, 4, 6)( 8,11,14)( 9,12,15)(10,13,16), 
      ( 1, 6, 4, 2, 7, 5, 3)( 8,14,11)( 9,15,12)(10,16,13) ], 
  [ ( 1, 3, 5, 7, 2, 4, 6)( 8,14,11)( 9,15,12)(10,16,13), 
      ( 1, 6, 4, 2, 7, 5, 3)( 8,11,14)( 9,12,15)(10,13,16) ], 
  [ (1,6,4,2,7,5,3), (1,3,5,7,2,4,6) ], 
  [ ( 1, 6, 4, 2, 7, 5, 3)( 8,11,14)( 9,12,15)(10,13,16), 
      ( 1, 3, 5, 7, 2, 4, 6)( 8,14,11)( 9,15,12)(10,16,13) ], 
  [ ( 1, 6, 4, 2, 7, 5, 3)( 8,14,11)( 9,15,12)(10,16,13), 
      ( 1, 3, 5, 7, 2, 4, 6)( 8,11,14)( 9,12,15)(10,13,16) ], 
  [ (1,2,3,4,5,6,7), (1,7,6,5,4,3,2) ], 
  [ ( 1, 2, 3, 4, 5, 6, 7)( 8,11,14)( 9,12,15)(10,13,16), 
      ( 1, 7, 6, 5, 4, 3, 2)( 8,14,11)( 9,15,12)(10,16,13) ], 
  [ ( 1, 2, 3, 4, 5, 6, 7)( 8,14,11)( 9,15,12)(10,16,13), 
      ( 1, 7, 6, 5, 4, 3, 2)( 8,11,14)( 9,12,15)(10,13,16) ], 
  [ (1,5,2,6,3,7,4), (1,4,7,3,6,2,5) ], 
  [ ( 1, 5, 2, 6, 3, 7, 4)( 8,11,14)( 9,12,15)(10,13,16), 
      ( 1, 4, 7, 3, 6, 2, 5)( 8,14,11)( 9,15,12)(10,16,13) ], 
  [ ( 1, 5, 2, 6, 3, 7, 4)( 8,14,11)( 9,15,12)(10,16,13), 
      ( 1, 4, 7, 3, 6, 2, 5)( 8,11,14)( 9,12,15)(10,13,16) ], 
  [ ( 8, 9,10,11,12,13,14,15,16), ( 8,16,15,14,13,12,11,10, 9) ], 
  [ ( 8,12,16,11,15,10,14, 9,13), ( 8,13, 9,14,10,15,11,16,12) ], 
  [ ( 8,15,13,11, 9,16,14,12,10), ( 8,10,12,14,16, 9,11,13,15) ], 
  [ ( 1, 4, 7, 3, 6, 2, 5)( 8, 9,10,11,12,13,14,15,16), 
      ( 1, 5, 2, 6, 3, 7, 4)( 8,16,15,14,13,12,11,10, 9) ], 
  [ ( 1, 4, 7, 3, 6, 2, 5)( 8,12,16,11,15,10,14, 9,13), 
      ( 1, 5, 2, 6, 3, 7, 4)( 8,13, 9,14,10,15,11,16,12) ], 
  [ ( 1, 4, 7, 3, 6, 2, 5)( 8,15,13,11, 9,16,14,12,10), 
      ( 1, 5, 2, 6, 3, 7, 4)( 8,10,12,14,16, 9,11,13,15) ], 
  [ ( 1, 7, 6, 5, 4, 3, 2)( 8, 9,10,11,12,13,14,15,16), 
      ( 1, 2, 3, 4, 5, 6, 7)( 8,16,15,14,13,12,11,10, 9) ], 
  [ ( 1, 7, 6, 5, 4, 3, 2)( 8,12,16,11,15,10,14, 9,13), 
      ( 1, 2, 3, 4, 5, 6, 7)( 8,13, 9,14,10,15,11,16,12) ], 
  [ ( 1, 7, 6, 5, 4, 3, 2)( 8,15,13,11, 9,16,14,12,10), 
      ( 1, 2, 3, 4, 5, 6, 7)( 8,10,12,14,16, 9,11,13,15) ], 
  [ ( 1, 3, 5, 7, 2, 4, 6)( 8, 9,10,11,12,13,14,15,16), 
      ( 1, 6, 4, 2, 7, 5, 3)( 8,16,15,14,13,12,11,10, 9) ], 
  [ ( 1, 3, 5, 7, 2, 4, 6)( 8,12,16,11,15,10,14, 9,13), 
      ( 1, 6, 4, 2, 7, 5, 3)( 8,13, 9,14,10,15,11,16,12) ], 
  [ ( 1, 3, 5, 7, 2, 4, 6)( 8,15,13,11, 9,16,14,12,10), 
      ( 1, 6, 4, 2, 7, 5, 3)( 8,10,12,14,16, 9,11,13,15) ], 
  [ ( 1, 6, 4, 2, 7, 5, 3)( 8, 9,10,11,12,13,14,15,16), 
      ( 1, 3, 5, 7, 2, 4, 6)( 8,16,15,14,13,12,11,10, 9) ], 
  [ ( 1, 6, 4, 2, 7, 5, 3)( 8,12,16,11,15,10,14, 9,13), 
      ( 1, 3, 5, 7, 2, 4, 6)( 8,13, 9,14,10,15,11,16,12) ], 
  [ ( 1, 6, 4, 2, 7, 5, 3)( 8,15,13,11, 9,16,14,12,10), 
      ( 1, 3, 5, 7, 2, 4, 6)( 8,10,12,14,16, 9,11,13,15) ], 
  [ ( 1, 2, 3, 4, 5, 6, 7)( 8, 9,10,11,12,13,14,15,16), 
      ( 1, 7, 6, 5, 4, 3, 2)( 8,16,15,14,13,12,11,10, 9) ], 
  [ ( 1, 2, 3, 4, 5, 6, 7)( 8,12,16,11,15,10,14, 9,13), 
      ( 1, 7, 6, 5, 4, 3, 2)( 8,13, 9,14,10,15,11,16,12) ], 
  [ ( 1, 2, 3, 4, 5, 6, 7)( 8,15,13,11, 9,16,14,12,10), 
      ( 1, 7, 6, 5, 4, 3, 2)( 8,10,12,14,16, 9,11,13,15) ], 
  [ ( 1, 5, 2, 6, 3, 7, 4)( 8, 9,10,11,12,13,14,15,16), 
      ( 1, 4, 7, 3, 6, 2, 5)( 8,16,15,14,13,12,11,10, 9) ], 
  [ ( 1, 5, 2, 6, 3, 7, 4)( 8,12,16,11,15,10,14, 9,13), 
      ( 1, 4, 7, 3, 6, 2, 5)( 8,13, 9,14,10,15,11,16,12) ], 
  [ ( 1, 5, 2, 6, 3, 7, 4)( 8,15,13,11, 9,16,14,12,10), 
      ( 1, 4, 7, 3, 6, 2, 5)( 8,10,12,14,16, 9,11,13,15) ], 
  [ ( 8,10,12,14,16, 9,11,13,15), ( 8,15,13,11, 9,16,14,12,10) ], 
  [ ( 8,13, 9,14,10,15,11,16,12), ( 8,12,16,11,15,10,14, 9,13) ], 
  [ ( 8,16,15,14,13,12,11,10, 9), ( 8, 9,10,11,12,13,14,15,16) ], 
  [ ( 1, 4, 7, 3, 6, 2, 5)( 8,10,12,14,16, 9,11,13,15), 
      ( 1, 5, 2, 6, 3, 7, 4)( 8,15,13,11, 9,16,14,12,10) ], 
  [ ( 1, 4, 7, 3, 6, 2, 5)( 8,13, 9,14,10,15,11,16,12), 
      ( 1, 5, 2, 6, 3, 7, 4)( 8,12,16,11,15,10,14, 9,13) ], 
  [ ( 1, 4, 7, 3, 6, 2, 5)( 8,16,15,14,13,12,11,10, 9), 
      ( 1, 5, 2, 6, 3, 7, 4)( 8, 9,10,11,12,13,14,15,16) ], 
  [ ( 1, 7, 6, 5, 4, 3, 2)( 8,10,12,14,16, 9,11,13,15), 
      ( 1, 2, 3, 4, 5, 6, 7)( 8,15,13,11, 9,16,14,12,10) ], 
  [ ( 1, 7, 6, 5, 4, 3, 2)( 8,13, 9,14,10,15,11,16,12), 
      ( 1, 2, 3, 4, 5, 6, 7)( 8,12,16,11,15,10,14, 9,13) ], 
  [ ( 1, 7, 6, 5, 4, 3, 2)( 8,16,15,14,13,12,11,10, 9), 
      ( 1, 2, 3, 4, 5, 6, 7)( 8, 9,10,11,12,13,14,15,16) ], 
  [ ( 1, 3, 5, 7, 2, 4, 6)( 8,10,12,14,16, 9,11,13,15), 
      ( 1, 6, 4, 2, 7, 5, 3)( 8,15,13,11, 9,16,14,12,10) ], 
  [ ( 1, 3, 5, 7, 2, 4, 6)( 8,13, 9,14,10,15,11,16,12), 
      ( 1, 6, 4, 2, 7, 5, 3)( 8,12,16,11,15,10,14, 9,13) ], 
  [ ( 1, 3, 5, 7, 2, 4, 6)( 8,16,15,14,13,12,11,10, 9), 
      ( 1, 6, 4, 2, 7, 5, 3)( 8, 9,10,11,12,13,14,15,16) ], 
  [ ( 1, 6, 4, 2, 7, 5, 3)( 8,10,12,14,16, 9,11,13,15), 
      ( 1, 3, 5, 7, 2, 4, 6)( 8,15,13,11, 9,16,14,12,10) ], 
  [ ( 1, 6, 4, 2, 7, 5, 3)( 8,13, 9,14,10,15,11,16,12), 
      ( 1, 3, 5, 7, 2, 4, 6)( 8,12,16,11,15,10,14, 9,13) ], 
  [ ( 1, 6, 4, 2, 7, 5, 3)( 8,16,15,14,13,12,11,10, 9), 
      ( 1, 3, 5, 7, 2, 4, 6)( 8, 9,10,11,12,13,14,15,16) ], 
  [ ( 1, 2, 3, 4, 5, 6, 7)( 8,10,12,14,16, 9,11,13,15), 
      ( 1, 7, 6, 5, 4, 3, 2)( 8,15,13,11, 9,16,14,12,10) ], 
  [ ( 1, 2, 3, 4, 5, 6, 7)( 8,13, 9,14,10,15,11,16,12), 
      ( 1, 7, 6, 5, 4, 3, 2)( 8,12,16,11,15,10,14, 9,13) ], 
  [ ( 1, 2, 3, 4, 5, 6, 7)( 8,16,15,14,13,12,11,10, 9), 
      ( 1, 7, 6, 5, 4, 3, 2)( 8, 9,10,11,12,13,14,15,16) ], 
  [ ( 1, 5, 2, 6, 3, 7, 4)( 8,10,12,14,16, 9,11,13,15), 
      ( 1, 4, 7, 3, 6, 2, 5)( 8,15,13,11, 9,16,14,12,10) ], 
  [ ( 1, 5, 2, 6, 3, 7, 4)( 8,13, 9,14,10,15,11,16,12), 
      ( 1, 4, 7, 3, 6, 2, 5)( 8,12,16,11,15,10,14, 9,13) ], 
  [ ( 1, 5, 2, 6, 3, 7, 4)( 8,16,15,14,13,12,11,10, 9), 
      ( 1, 4, 7, 3, 6, 2, 5)( 8, 9,10,11,12,13,14,15,16) ] ]
);

BRACES[63].brace[4] := rec ( size := 63, perms :=
[ [ (), () ], 
  [ ( 8,11,14)( 9,12,15)(10,13,16), ( 1, 6, 3)( 2, 9, 5)( 4,13, 8)( 7,19,12)
        (10,24,16)(11,27,18)(14,30,21)(15,33,23)(17,35,26)(20,38,29)(22,41,32)
        (25,42,34)(28,45,37)(31,48,40)(36,51,44)(39,54,47)(43,57,50)(46,59,53)
        (49,61,56)(52,62,58)(55,63,60) ], 
  [ ( 8,14,11)( 9,15,12)(10,16,13), ( 1, 3, 6)( 2, 5, 9)( 4, 8,13)( 7,12,19)
        (10,16,24)(11,18,27)(14,21,30)(15,23,33)(17,26,35)(20,29,38)(22,32,41)
        (25,34,42)(28,37,45)(31,40,48)(36,44,51)(39,47,54)(43,50,57)(46,53,59)
        (49,56,61)(52,58,62)(55,60,63) ], 
  [ (1,4,7,3,6,2,5), ( 1,25,17,11, 7, 4, 2)( 3,34,26,18,12, 8, 5)
        ( 6,42,35,27,19,13, 9)(10,52,46,39,31,22,15)(14,55,49,43,36,28,20)
        (16,58,53,47,40,32,23)(21,60,56,50,44,37,29)(24,62,59,54,48,41,33)
        (30,63,61,57,51,45,38) ], 
  [ ( 1, 4, 7, 3, 6, 2, 5)( 8,11,14)( 9,12,15)(10,13,16), 
      ( 1,42,26,11,19, 8, 2, 6,34,17,27,12, 4, 9, 3,25,35,18, 7,13, 5)
        (10,62,53,39,48,32,15,24,58,46,54,40,22,33,16,52,59,47,31,41,23)
        (14,63,56,43,51,37,20,30,60,49,57,44,28,38,21,55,61,50,36,45,29) ], 
  [ ( 1, 4, 7, 3, 6, 2, 5)( 8,14,11)( 9,15,12)(10,16,13), 
      ( 1,34,35,11,12,13, 2, 3,42,17,18,19, 4, 5, 6,25,26,27, 7, 8, 9)
        (10,58,59,39,40,41,15,16,62,46,47,48,22,23,24,52,53,54,31,32,33)
        (14,60,61,43,44,45,20,21,63,49,50,51,28,29,30,55,56,57,36,37,38) ], 
  [ (1,7,6,5,4,3,2), ( 1,17, 7, 2,25,11, 4)( 3,26,12, 5,34,18, 8)
        ( 6,35,19, 9,42,27,13)(10,46,31,15,52,39,22)(14,49,36,20,55,43,28)
        (16,53,40,23,58,47,32)(21,56,44,29,60,50,37)(24,59,48,33,62,54,41)
        (30,61,51,38,63,57,45) ], 
  [ ( 1, 7, 6, 5, 4, 3, 2)( 8,11,14)( 9,12,15)(10,13,16), 
      ( 1,35,12, 2,42,18, 4, 6,26, 7, 9,34,11,13, 3,17,19, 5,25,27, 8)
        (10,59,40,15,62,47,22,24,53,31,33,58,39,41,16,46,48,23,52,54,32)
        (14,61,44,20,63,50,28,30,56,36,38,60,43,45,21,49,51,29,55,57,37) ], 
  [ ( 1, 7, 6, 5, 4, 3, 2)( 8,14,11)( 9,15,12)(10,16,13), 
      ( 1,26,19, 2,34,27, 4, 3,35, 7, 5,42,11, 8, 6,17,12, 9,25,18,13)
        (10,53,48,15,58,54,22,16,59,31,23,62,39,32,24,46,40,33,52,47,41)
        (14,56,51,20,60,57,28,21,61,36,29,63,43,37,30,49,44,38,55,50,45) ], 
  [ (1,3,5,7,2,4,6), ( 1,11, 2,17, 4,25, 7)( 3,18, 5,26, 8,34,12)
        ( 6,27, 9,35,13,42,19)(10,39,15,46,22,52,31)(14,43,20,49,28,55,36)
        (16,47,23,53,32,58,40)(21,50,29,56,37,60,44)(24,54,33,59,41,62,48)
        (30,57,38,61,45,63,51) ], 
  [ ( 1, 3, 5, 7, 2, 4, 6)( 8,11,14)( 9,12,15)(10,13,16), 
      ( 1,27, 5,17,13,34, 7, 6,18, 2,35, 8,25,19, 3,11, 9,26, 4,42,12)
        (10,54,23,46,41,58,31,24,47,15,59,32,52,48,16,39,33,53,22,62,40)
        (14,57,29,49,45,60,36,30,50,20,61,37,55,51,21,43,38,56,28,63,44) ], 
  [ ( 1, 3, 5, 7, 2, 4, 6)( 8,14,11)( 9,15,12)(10,16,13), 
      ( 1,18, 9,17, 8,42, 7, 3,27, 2,26,13,25,12, 6,11, 5,35, 4,34,19)
        (10,47,33,46,32,62,31,16,54,15,53,41,52,40,24,39,23,59,22,58,48)
        (14,50,38,49,37,63,36,21,57,20,56,45,55,44,30,43,29,61,28,60,51) ], 
  [ (1,6,4,2,7,5,3), ( 1, 7,25, 4,17, 2,11)( 3,12,34, 8,26, 5,18)
        ( 6,19,42,13,35, 9,27)(10,31,52,22,46,15,39)(14,36,55,28,49,20,43)
        (16,40,58,32,53,23,47)(21,44,60,37,56,29,50)(24,48,62,41,59,33,54)
        (30,51,63,45,61,38,57) ], 
  [ ( 1, 6, 4, 2, 7, 5, 3)( 8,11,14)( 9,12,15)(10,13,16), 
      ( 1,19,34, 4,35, 5,11, 6,12,25,13,26, 2,27, 3, 7,42, 8,17, 9,18)
        (10,48,58,22,59,23,39,24,40,52,41,53,15,54,16,31,62,32,46,33,47)
        (14,51,60,28,61,29,43,30,44,55,45,56,20,57,21,36,63,37,49,38,50) ], 
  [ ( 1, 6, 4, 2, 7, 5, 3)( 8,14,11)( 9,15,12)(10,16,13), 
      ( 1,12,42, 4,26, 9,11, 3,19,25, 8,35, 2,18, 6, 7,34,13,17, 5,27)
        (10,40,62,22,53,33,39,16,48,52,32,59,15,47,24,31,58,41,46,23,54)
        (14,44,63,28,56,38,43,21,51,55,37,61,20,50,30,36,60,45,49,29,57) ], 
  [ (1,2,3,4,5,6,7), ( 1, 4,11,25, 2, 7,17)( 3, 8,18,34, 5,12,26)
        ( 6,13,27,42, 9,19,35)(10,22,39,52,15,31,46)(14,28,43,55,20,36,49)
        (16,32,47,58,23,40,53)(21,37,50,60,29,44,56)(24,41,54,62,33,48,59)
        (30,45,57,63,38,51,61) ], 
  [ ( 1, 2, 3, 4, 5, 6, 7)( 8,11,14)( 9,12,15)(10,13,16), 
      ( 1,13,18,25, 9,12,17, 6, 8,11,42, 5, 7,35, 3, 4,27,34, 2,19,26)
        (10,41,47,52,33,40,46,24,32,39,62,23,31,59,16,22,54,58,15,48,53)
        (14,45,50,55,38,44,49,30,37,43,63,29,36,61,21,28,57,60,20,51,56) ], 
  [ ( 1, 2, 3, 4, 5, 6, 7)( 8,14,11)( 9,15,12)(10,16,13), 
      ( 1, 8,27,25, 5,19,17, 3,13,11,34, 9, 7,26, 6, 4,18,42, 2,12,35)
        (10,32,54,52,23,48,46,16,41,39,58,33,31,53,24,22,47,62,15,40,59)
        (14,37,57,55,29,51,49,21,45,43,60,38,36,56,30,28,50,63,20,44,61) ], 
  [ (1,5,2,6,3,7,4), ( 1, 2, 4, 7,11,17,25)( 3, 5, 8,12,18,26,34)
        ( 6, 9,13,19,27,35,42)(10,15,22,31,39,46,52)(14,20,28,36,43,49,55)
        (16,23,32,40,47,53,58)(21,29,37,44,50,56,60)(24,33,41,48,54,59,62)
        (30,38,45,51,57,61,63) ], 
  [ ( 1, 5, 2, 6, 3, 7, 4)( 8,11,14)( 9,12,15)(10,13,16), 
      ( 1, 9, 8, 7,27,26,25, 6, 5, 4,19,18,17,42, 3, 2,13,12,11,35,34)
        (10,33,32,31,54,53,52,24,23,22,48,47,46,62,16,15,41,40,39,59,58)
        (14,38,37,36,57,56,55,30,29,28,51,50,49,63,21,20,45,44,43,61,60) ], 
  [ ( 1, 5, 2, 6, 3, 7, 4)( 8,14,11)( 9,15,12)(10,16,13), 
      ( 1, 5,13, 7,18,35,25, 3, 9, 4,12,27,17,34, 6, 2, 8,19,11,26,42)
        (10,23,41,31,47,59,52,16,33,22,40,54,46,58,24,15,32,48,39,53,62)
        (14,29,45,36,50,61,55,21,38,28,44,57,49,60,30,20,37,51,43,56,63) ], 
  [ ( 8, 9,10,11,12,13,14,15,16), 
      ( 1,30,16, 6,21,10, 3,14,24)( 2,57,32, 9,50,22, 5,43,41)( 4,38,47,13,29,
         39, 8,20,54)( 7,61,58,19,56,52,12,49,62)(11,45,23,27,37,15,18,28,33)
        (17,63,40,35,60,31,26,55,48)(25,51,53,42,44,46,34,36,59) ], 
  [ ( 8,12,16,11,15,10,14, 9,13), 
      ( 1,21,24, 6,14,16, 3,30,10)( 2,50,41, 9,43,32, 5,57,22)( 4,29,54,13,20,
         47, 8,38,39)( 7,56,62,19,49,58,12,61,52)(11,37,33,27,28,23,18,45,15)
        (17,60,48,35,55,40,26,63,31)(25,44,59,42,36,53,34,51,46) ], 
  [ ( 8,15,13,11, 9,16,14,12,10), 
      ( 1,14,10, 6,30,24, 3,21,16)( 2,43,22, 9,57,41, 5,50,32)( 4,20,39,13,38,
         54, 8,29,47)( 7,49,52,19,61,62,12,56,58)(11,28,15,27,45,33,18,37,23)
        (17,55,31,35,63,48,26,60,40)(25,36,46,42,51,59,34,44,53) ], 
  [ ( 1, 4, 7, 3, 6, 2, 5)( 8, 9,10,11,12,13,14,15,16), 
      ( 1,63,32, 6,60,22, 3,55,41)( 2,51,47, 9,44,39, 5,36,54)( 4,30,58,13,21,
         52, 8,14,62)( 7,57,23,19,50,15,12,43,33)(10,34,28,24,25,45,16,42,37)
        (11,38,40,27,29,31,18,20,48)(17,61,53,35,56,46,26,49,59) ], 
  [ ( 1, 4, 7, 3, 6, 2, 5)( 8,12,16,11,15,10,14, 9,13), 
      ( 1,60,41, 6,55,32, 3,63,22)( 2,44,54, 9,36,47, 5,51,39)( 4,21,62,13,14,
         58, 8,30,52)( 7,50,33,19,43,23,12,57,15)(10,25,37,24,42,28,16,34,45)
        (11,29,48,27,20,40,18,38,31)(17,56,59,35,49,53,26,61,46) ], 
  [ ( 1, 4, 7, 3, 6, 2, 5)( 8,15,13,11, 9,16,14,12,10), 
      ( 1,55,22, 6,63,41, 3,60,32)( 2,36,39, 9,51,54, 5,44,47)( 4,14,52,13,30,
         62, 8,21,58)( 7,43,15,19,57,33,12,50,23)(10,42,45,24,34,37,16,25,28)
        (11,20,31,27,38,48,18,29,40)(17,49,46,35,61,59,26,56,53) ], 
  [ ( 1, 7, 6, 5, 4, 3, 2)( 8, 9,10,11,12,13,14,15,16), 
      ( 1,61,47, 6,56,39, 3,49,54)( 2,45,58, 9,37,52, 5,28,62)( 4,63,23,13,60,
         15, 8,55,33)( 7,51,40,19,44,31,12,36,48)(10,26,43,24,17,57,16,35,50)
        (11,30,53,27,21,46,18,14,59)(20,41,25,38,32,42,29,22,34) ], 
  [ ( 1, 7, 6, 5, 4, 3, 2)( 8,12,16,11,15,10,14, 9,13), 
      ( 1,56,54, 6,49,47, 3,61,39)( 2,37,62, 9,28,58, 5,45,52)( 4,60,33,13,55,
         23, 8,63,15)( 7,44,48,19,36,40,12,51,31)(10,17,50,24,35,43,16,26,57)
        (11,21,59,27,14,53,18,30,46)(20,32,34,38,22,25,29,41,42) ], 
  [ ( 1, 7, 6, 5, 4, 3, 2)( 8,15,13,11, 9,16,14,12,10), 
      ( 1,49,39, 6,61,54, 3,56,47)( 2,28,52, 9,45,62, 5,37,58)( 4,55,15,13,63,
         33, 8,60,23)( 7,36,31,19,51,48,12,44,40)(10,35,57,24,26,50,16,17,43)
        (11,14,46,27,30,59,18,21,53)(20,22,42,38,41,34,29,32,25) ], 
  [ ( 1, 3, 5, 7, 2, 4, 6)( 8, 9,10,11,12,13,14,15,16), 
      ( 1,57,58, 6,50,52, 3,43,62)( 2,38,23, 9,29,15, 5,20,33)( 4,61,40,13,56,
         31, 8,49,48)( 7,45,53,19,37,46,12,28,59)(10,18,55,24,11,63,16,27,60)
        (14,54,25,30,47,42,21,39,34)(17,51,32,35,44,22,26,36,41) ], 
  [ ( 1, 3, 5, 7, 2, 4, 6)( 8,12,16,11,15,10,14, 9,13), 
      ( 1,50,62, 6,43,58, 3,57,52)( 2,29,33, 9,20,23, 5,38,15)( 4,56,48,13,49,
         40, 8,61,31)( 7,37,59,19,28,53,12,45,46)(10,11,60,24,27,55,16,18,63)
        (14,47,34,30,39,25,21,54,42)(17,44,41,35,36,32,26,51,22) ], 
  [ ( 1, 3, 5, 7, 2, 4, 6)( 8,15,13,11, 9,16,14,12,10), 
      ( 1,43,52, 6,57,62, 3,50,58)( 2,20,15, 9,38,33, 5,29,23)( 4,49,31,13,61,
         48, 8,56,40)( 7,28,46,19,45,59,12,37,53)(10,27,63,24,18,60,16,11,55)
        (14,39,42,30,54,34,21,47,25)(17,36,22,35,51,41,26,44,32) ], 
  [ ( 1, 6, 4, 2, 7, 5, 3)( 8, 9,10,11,12,13,14,15,16), 
      ( 1,51,23, 6,44,15, 3,36,33)( 2,30,40, 9,21,31, 5,14,48)( 4,57,53,13,50,
         46, 8,43,59)( 7,38,16,19,29,10,12,20,24)(11,61,32,27,56,22,18,49,41)
        (17,45,47,35,37,39,26,28,54)(25,63,58,42,60,52,34,55,62) ], 
  [ ( 1, 6, 4, 2, 7, 5, 3)( 8,12,16,11,15,10,14, 9,13), 
      ( 1,44,33, 6,36,23, 3,51,15)( 2,21,48, 9,14,40, 5,30,31)( 4,50,59,13,43,
         53, 8,57,46)( 7,29,24,19,20,16,12,38,10)(11,56,41,27,49,32,18,61,22)
        (17,37,54,35,28,47,26,45,39)(25,60,62,42,55,58,34,63,52) ], 
  [ ( 1, 6, 4, 2, 7, 5, 3)( 8,15,13,11, 9,16,14,12,10), 
      ( 1,36,15, 6,51,33, 3,44,23)( 2,14,31, 9,30,48, 5,21,40)( 4,43,46,13,57,
