BRACES[148] := [ rec(
      gadd := [ (  1, 81, 14, 94, 25,105, 38,118, 49,129, 62,142, 73, 79, 12, 92, 23,103, 36,116, 47,127, 60,140, 71,
              77, 10, 90, 21,101, 34,114, 45,125, 58,138, 69, 75,  8, 88, 19, 99, 32,112, 43,123, 56,136, 67,147,  6,
              86, 17, 97, 30,110, 41,121, 54,134, 65,145,  4, 84, 15, 95, 28,108, 39,119, 52,132, 63,143,  2, 82, 13,
              93, 26,106, 37,117, 50,130, 61,141, 74, 80, 11, 91, 24,104, 35,115, 48,128, 59,139, 72, 78,  9, 89, 22,
             102, 33,113, 46,126, 57,137, 70, 76,  7, 87, 20,100, 31,111, 44,124, 55,135, 68,148,  5, 85, 18, 98, 29,
             109, 42,122, 53,133, 66,146,  3, 83, 16, 96, 27,107, 40,120, 51,131, 64,144) ],
      gmul := [ (  1, 97, 45,141, 15,111, 59, 81, 29,125, 73, 95, 43,139, 13,109, 57, 79, 27,123, 71, 93, 41,137, 11,
             107, 55, 77, 25,121, 69, 91, 39,135,  9,105, 53, 75, 23,119, 67, 89, 37,133,  7,103, 51,147, 21,117, 65,
              87, 35,131,  5,101, 49,145, 19,115, 63, 85, 33,129,  3, 99, 47,143, 17,113, 61, 83, 31,127)
            (  2, 98, 46,142, 16,112, 60, 82, 30,126, 74, 96, 44,140, 14,110, 58, 80, 28,124, 72, 94, 42,138, 12,108,
              56, 78, 26,122, 70, 92, 40,136, 10,106, 54, 76, 24,120, 68, 90, 38,134,  8,104, 52,148, 22,118, 66, 88,
              36,132,  6,102, 50,146, 20,116, 64, 86, 34,130,  4,100, 48,144, 18,114, 62, 84, 32,128), 
          (  1,140, 55,120, 35,100, 15, 80, 69,134, 49,114, 29, 94,  9,148, 63,128, 43,108, 23, 88,  3,142, 57,122,
              37,102, 17, 82, 71,136, 51,116, 31, 96, 11, 76, 65,130, 45,110, 25, 90,  5,144, 59,124, 39,104, 19, 84,
              73,138, 53,118, 33, 98, 13, 78, 67,132, 47,112, 27, 92,  7,146, 61,126, 41,106, 21, 86)(  2,139, 56,119,
             36, 99, 16, 79, 70,133, 50,113, 30, 93, 10,147, 64,127, 44,107, 24, 87,  4,141, 58,121, 38,101, 18, 81,
              72,135, 52,115, 32, 95, 12, 75, 66,129, 46,109, 26, 89,  6,143, 60,123, 40,103, 20, 83, 74,137, 54,117,
              34, 97, 14, 77, 68,131, 48,111, 28, 91,  8,145, 62,125, 42,105, 22, 85) ],
      p := (  2, 75,113, 97,137,121, 77, 39, 99, 53, 90, 74, 40,125,141,111, 23,119,  3)(  4, 65, 80, 94, 81, 29,120,
          88,148, 17, 56,145,101,127, 68,124, 78, 30,106, 44, 61,144, 28, 41, 26, 32,115, 13,140, 38,116, 98, 64,134,
         122)(  5, 11, 55, 79,103, 43, 15,129, 91,146, 92,147, 27, 35, 25, 46,126, 82, 20, 31,109,107, 33, 36, 51)
        (  6, 76,104,128, 57)(  7,139, 47, 89,  9, 66, 60)(  8, 85, 19, 45,100, 73, 49, 16, 95)( 10, 12, 21,130, 18,
          22, 96, 63,143, 37,110, 34, 42, 52, 71,123, 67,133,131,132, 58, 72,114, 24,105,117, 87, 83, 93,138,112,108,
         118, 14, 86)( 48,135,142,102, 54,136)( 50, 62, 70)( 59, 69),
      q := (  2, 75,111, 53,136, 30,120,138,114, 54, 90,  4, 11, 21, 96, 13, 86, 68,102, 24,119, 73, 27, 41, 52,  5,
          65,146,134,104, 98, 14,140, 40, 99, 23,105,107, 43, 61, 82, 58,  6, 76,122, 74, 38,110, 44, 15, 95, 70, 28,
          35, 51, 71,101, 97, 87,141,113,127, 10, 66, 18, 56, 79,121,147, 49, 62,  8,139, 29,106, 34, 36, 25, 32,109,
         117,137,103, 33, 42, 26, 46,100,  3)(  7, 85, 57, 72,112,118, 64, 92, 77, 37,116,128, 19, 31,115, 63, 81, 47,
         135, 84,142,124,148, 59)(  9, 12, 55,145,123)( 16,129,133, 93, 88, 78, 48, 89, 67, 91, 80,132, 20, 45,126,
         144, 50)( 17, 22,130, 60, 69)( 39,125, 83,131, 94,143) ), rec(
      gadd := [ (  1, 81, 14, 94, 25,105, 38,118, 49,129, 62,142, 73, 79, 12, 92, 23,103, 36,116, 47,127, 60,140, 71,
              77, 10, 90, 21,101, 34,114, 45,125, 58,138, 69, 75,  8, 88, 19, 99, 32,112, 43,123, 56,136, 67,147,  6,
              86, 17, 97, 30,110, 41,121, 54,134, 65,145,  4, 84, 15, 95, 28,108, 39,119, 52,132, 63,143,  2, 82, 13,
              93, 26,106, 37,117, 50,130, 61,141, 74, 80, 11, 91, 24,104, 35,115, 48,128, 59,139, 72, 78,  9, 89, 22,
             102, 33,113, 46,126, 57,137, 70, 76,  7, 87, 20,100, 31,111, 44,124, 55,135, 68,148,  5, 85, 18, 98, 29,
             109, 42,122, 53,133, 66,146,  3, 83, 16, 96, 27,107, 40,120, 51,131, 64,144) ],
      gmul := [ (  1, 58, 39, 22,  3, 60, 41, 24,  5, 62, 43, 26,  7, 64, 45, 28,  9, 66, 47, 30, 11, 68, 49, 32, 13,
              70, 51, 34, 15, 72, 53, 36, 17, 74, 55, 38, 19,  2, 57, 40, 21,  4, 59, 42, 23,  6, 61, 44, 25,  8, 63,
              46, 27, 10, 65, 48, 29, 12, 67, 50, 31, 14, 69, 52, 33, 16, 71, 54, 35, 18, 73, 56, 37, 20)
            ( 75,132,113, 96, 77,134,115, 98, 79,136,117,100, 81,138,119,102, 83,140,121,104, 85,142,123,106, 87,144,
             125,108, 89,146,127,110, 91,148,129,112, 93, 76,131,114, 95, 78,133,116, 97, 80,135,118, 99, 82,137,120,
             101, 84,139,122,103, 86,141,124,105, 88,143,126,107, 90,145,128,109, 92,147,130,111, 94), 
          (  1,106)(  2,105)(  3,104)(  4,103)(  5,102)(  6,101)(  7,100)(  8, 99)(  9, 98)( 10, 97)( 11, 96)( 12, 95)
            ( 13, 94)( 14, 93)( 15, 92)( 16, 91)( 17, 90)( 18, 89)( 19, 88)( 20, 87)( 21, 86)( 22, 85)( 23, 84)
            ( 24, 83)( 25, 82)( 26, 81)( 27, 80)( 28, 79)( 29, 78)( 30, 77)( 31, 76)( 32, 75)( 33,148)( 34,147)
            ( 35,146)( 36,145)( 37,144)( 38,143)( 39,142)( 40,141)( 41,140)( 42,139)( 43,138)( 44,137)( 45,136)
            ( 46,135)( 47,134)( 48,133)( 49,132)( 50,131)( 51,130)( 52,129)( 53,128)( 54,127)( 55,126)( 56,125)
            ( 57,124)( 58,123)( 59,122)( 60,121)( 61,120)( 62,119)( 63,118)( 64,117)( 65,116)( 66,115)( 67,114)
            ( 68,113)( 69,112)( 70,111)( 71,110)( 72,109)( 73,108)( 74,107) ],
      p := (  2, 75,111, 57,  6, 76,122, 87, 10, 12, 21, 96, 28, 41, 26, 32,109,103, 37,116, 74, 40, 99, 27, 35, 25,
          46,100, 38,110, 94,134, 33, 36, 51,  5, 11, 55,145,138, 23,105,113, 93, 18, 22,130, 43, 15, 95, 17, 56, 79,
         121, 73, 49, 16,129, 54, 90,  8,139,128,107, 47,135,118, 77, 39,125, 64, 81, 29,106,104, 48, 89,143, 13, 86,
          80,132,117, 67, 91, 78, 30,120, 88,141, 24,119,  4, 65, 92,144,148, 14,140,137, 34, 42, 52, 71,101,123, 63,
          70, 50, 62, 82, 20, 31,115, 84,142, 83,131,108, 58, 72,112, 68,102,114,  9, 66, 60,  7, 85, 19, 45,126, 53,
         136,127, 98,124, 97,133, 44, 61,146,  3)( 59, 69),
      q := (  2, 75,111, 19, 31,115, 84,142, 83,131,108, 20, 45,126, 23,105,113, 93, 60, 69, 17, 22,130, 33, 42, 26,
          46,100, 40, 99, 49, 62, 82, 58,  6, 76,122, 87, 68,102,114, 67, 91, 78, 48, 89,143, 63,  8,139,128,107, 29,
         106,104, 30,120, 88,141, 54, 90, 70, 28, 35, 51, 71,101,123, 13, 86, 80,132,117,  9, 12, 55,145,138, 53,136,
         127, 98,124, 97,133, 34, 36, 25, 32,109,103, 39,125, 14,140,137, 44, 15, 95, 59,  7, 85, 57, 72,112, 10, 66,
          18, 56, 79,121,  3)(  4, 11, 21, 96, 50, 16,129, 24,119, 74, 38,110, 94,134, 43, 61,146, 73, 27, 41, 52,  5,
         65, 92,144,148, 64, 81, 47,135,118, 77, 37,116) ), rec(
      gadd := [ (  1, 81, 14, 94, 25,105, 38,118, 49,129, 62,142, 73, 79, 12, 92, 23,103, 36,116, 47,127, 60,140, 71,
              77, 10, 90, 21,101, 34,114, 45,125, 58,138, 69, 75,  8, 88, 19, 99, 32,112, 43,123, 56,136, 67,147,  6,
              86, 17, 97, 30,110, 41,121, 54,134, 65,145,  4, 84, 15, 95, 28,108, 39,119, 52,132, 63,143,  2, 82, 13,
              93, 26,106, 37,117, 50,130, 61,141, 74, 80, 11, 91, 24,104, 35,115, 48,128, 59,139, 72, 78,  9, 89, 22,
             102, 33,113, 46,126, 57,137, 70, 76,  7, 87, 20,100, 31,111, 44,124, 55,135, 68,148,  5, 85, 18, 98, 29,
             109, 42,122, 53,133, 66,146,  3, 83, 16, 96, 27,107, 40,120, 51,131, 64,144) ],
      gmul := [ (  1, 81, 14, 94, 25,105, 38,118, 49,129, 62,142, 73, 79, 12, 92, 23,103, 36,116, 47,127, 60,140, 71,
              77, 10, 90, 21,101, 34,114, 45,125, 58,138, 69, 75,  8, 88, 19, 99, 32,112, 43,123, 56,136, 67,147,  6,
              86, 17, 97, 30,110, 41,121, 54,134, 65,145,  4, 84, 15, 95, 28,108, 39,119, 52,132, 63,143,  2, 82, 13,
              93, 26,106, 37,117, 50,130, 61,141, 74, 80, 11, 91, 24,104, 35,115, 48,128, 59,139, 72, 78,  9, 89, 22,
             102, 33,113, 46,126, 57,137, 70, 76,  7, 87, 20,100, 31,111, 44,124, 55,135, 68,148,  5, 85, 18, 98, 29,
             109, 42,122, 53,133, 66,146,  3, 83, 16, 96, 27,107, 40,120, 51,131, 64,144) ],
      p := (  2, 76,113, 97, 64, 70, 59, 69,124, 78, 39,100, 54, 71, 50, 62,  7,140, 37,115, 14, 21, 95, 82, 29,105,
         117, 87, 10, 12,139, 48,136, 47, 90,  9, 66,134,132,131, 18, 22, 31,110, 33, 36,109,107, 34, 42, 52, 89,148,
          17, 56,146, 91, 74, 49, 16, 96,  8, 86, 19, 45,125,141,112,108,118, 13, 85, 84, 93,138,111, 24,106, 43, 15,
         130, 92,147, 28,119,  4, 65,143, 38, 51,  5, 75, 40,126, 67, 60, 79, 30, 41, 26, 32,116, 98,137,122,  3)
        (  6, 11, 55, 80,103, 44, 99, 63,144, 27, 35, 25, 46, 61,145,102, 53,135,121, 77,104,128,142,101,127, 58, 72,
         123, 68,133, 57)( 20,129, 81, 94, 73,114, 23,120, 88, 83),
      q := (  2, 75, 38, 25, 32,109,118, 63, 81,131, 60,146,134, 93, 87, 68, 92, 78, 37,110, 43, 61, 80,122, 73,111,
          54,  5, 76,112,117,138,114, 53, 90, 67, 18, 56, 79, 48, 89, 77,121,148, 59,  7, 85,141,113,128, 83, 58,  6,
          65, 82, 47,135,104, 97, 14, 55,145,123, 10, 66, 91,  4, 11, 21,130,133, 19, 31,115, 64,  8,139, 30, 35, 51,
          71, 28,106, 33, 42, 26, 46, 15, 95,143, 40, 99, 13,140, 39,125, 84,132, 94,  3)(  9, 12, 86, 57, 72,102, 23,
         105,108,107, 44,126)( 16,129,144, 49, 62, 69,101, 98, 88,142,124,147, 50)( 17, 22, 45,100, 24,119, 74, 27,
          41, 52,136, 29,120,137,103, 34, 36,116,127, 20, 96, 70) ), rec(
      gadd := [ (  1, 81, 14, 94, 25,105, 38,118, 49,129, 62,142, 73, 79, 12, 92, 23,103, 36,116, 47,127, 60,140, 71,
              77, 10, 90, 21,101, 34,114, 45,125, 58,138, 69, 75,  8, 88, 19, 99, 32,112, 43,123, 56,136, 67,147,  6,
              86, 17, 97, 30,110, 41,121, 54,134, 65,145,  4, 84, 15, 95, 28,108, 39,119, 52,132, 63,143,  2, 82, 13,
              93, 26,106, 37,117, 50,130, 61,141, 74, 80, 11, 91, 24,104, 35,115, 48,128, 59,139, 72, 78,  9, 89, 22,
             102, 33,113, 46,126, 57,137, 70, 76,  7, 87, 20,100, 31,111, 44,124, 55,135, 68,148,  5, 85, 18, 98, 29,
             109, 42,122, 53,133, 66,146,  3, 83, 16, 96, 27,107, 40,120, 51,131, 64,144) ],
      gmul := [ (  1, 31, 61, 17, 47,  3, 33, 63, 19, 49,  5, 35, 65, 21, 51,  7, 37, 67, 23, 53,  9, 39, 69, 25, 55,
              11, 41, 71, 27, 57, 13, 43, 73, 29, 59, 15, 45)(  2, 32, 62, 18, 48,  4, 34, 64, 20, 50,  6, 36, 66, 22,
             52,  8, 38, 68, 24, 54, 10, 40, 70, 26, 56, 12, 42, 72, 28, 58, 14, 44, 74, 30, 60, 16, 46)
            ( 75,105,135, 91,121, 77,107,137, 93,123, 79,109,139, 95,125, 81,111,141, 97,127, 83,113,143, 99,129, 85,
             115,145,101,131, 87,117,147,103,133, 89,119)( 76,106,136, 92,122, 78,108,138, 94,124, 80,110,140, 96,126,
             82,112,142, 98,128, 84,114,144,100,130, 86,116,146,102,132, 88,118,148,104,134, 90,120), 
          (  1, 77,  2, 78)(  3, 75,  4, 76)(  5,147,  6,148)(  7,145,  8,146)(  9,143, 10,144)( 11,141, 12,142)
            ( 13,139, 14,140)( 15,137, 16,138)( 17,135, 18,136)( 19,133, 20,134)( 21,131, 22,132)( 23,129, 24,130)
            ( 25,127, 26,128)( 27,125, 28,126)( 29,123, 30,124)( 31,121, 32,122)( 33,119, 34,120)( 35,117, 36,118)
            ( 37,115, 38,116)( 39,113, 40,114)( 41,111, 42,112)( 43,109, 44,110)( 45,107, 46,108)( 47,105, 48,106)
            ( 49,103, 50,104)( 51,101, 52,102)( 53, 99, 54,100)( 55, 97, 56, 98)( 57, 95, 58, 96)( 59, 93, 60, 94)
            ( 61, 91, 62, 92)( 63, 89, 64, 90)( 65, 87, 66, 88)( 67, 85, 68, 86)( 69, 83, 70, 84)( 71, 81, 72, 82)
            ( 73, 79, 74, 80) ],
      p := (  2, 76, 40,100,  8,140, 58, 72, 39,126, 37,115, 98, 53,135, 14, 21, 95, 88, 10, 12,139,137,  3)
        (  4, 65, 60, 79,122, 97,144, 84, 20,129, 13, 85,  9, 66, 49, 16,130,103,133,138, 93, 63, 59, 69, 82,121,113,
         118, 54, 71, 70, 50, 62,  7, 86,131,127, 24,120, 23,106, 17, 56, 80, 30, 41, 26, 32,110,123,117,143)
        (  5, 75,112, 28,119,114, 27, 35, 25, 46, 61,145, 67, 91, 78,111,107, 44, 99, 87,142, 57,  6, 11, 55,146, 83,
         132, 48, 90,141,148, 68,102, 43, 15, 96, 64, 92, 74,101,134, 47,136, 94, 77, 29,105,108,124, 38, 51)
        ( 18, 22, 31,116, 34, 42, 52, 89, 73, 81, 19, 45,125,128,104)( 33, 36,109),
      q := (  2, 75,111,108,123,118, 24,119,113,117,144, 83,131,128,103,134, 29,106, 59,  7, 85, 67, 92,  4, 11, 21,
          96, 14, 55,145,  9, 12,140, 20,130,104, 60, 80, 48, 89,  3)(  5, 76, 38, 25, 32,109, 43, 61,146, 84, 58,  6,
         65, 18, 56, 79,121,114, 49, 62, 69, 81, 57, 72, 37,116, 44,100, 70, 28,120, 53,136, 93, 13, 86,132, 30, 35,
          51, 71,  8,139,138, 94, 78,112, 50, 16,129, 63, 17, 22, 45,126, 39,125,127, 54)( 10, 66, 27, 41, 52, 90,142,
         19, 31,115, 97,143, 74,102, 33, 42, 26, 46, 15, 95, 87,141,147,148)( 23,105,107, 34, 36,110,124, 40, 99, 88,
          68,101,133,137, 73, 82,122, 98)( 47,135, 64, 91, 77) ), rec(
      gadd := [ (  1, 81, 14, 94, 25,105, 38,118, 49,129, 62,142, 73, 79, 12, 92, 23,103, 36,116, 47,127, 60,140, 71,
              77, 10, 90, 21,101, 34,114, 45,125, 58,138, 69, 75,  8, 88, 19, 99, 32,112, 43,123, 56,136, 67,147,  6,
              86, 17, 97, 30,110, 41,121, 54,134, 65,145,  4, 84, 15, 95, 28,108, 39,119, 52,132, 63,143,  2, 82, 13,
              93, 26,106, 37,117, 50,130, 61,141, 74, 80, 11, 91, 24,104, 35,115, 48,128, 59,139, 72, 78,  9, 89, 22,
             102, 33,113, 46,126, 57,137, 70, 76,  7, 87, 20,100, 31,111, 44,124, 55,135, 68,148,  5, 85, 18, 98, 29,
             109, 42,122, 53,133, 66,146,  3, 83, 16, 96, 27,107, 40,120, 51,131, 64,144) ],
      gmul := [ (  1, 96)(  2, 95)(  3, 94)(  4, 93)(  5, 92)(  6, 91)(  7, 90)(  8, 89)(  9, 88)( 10, 87)( 11, 86)
            ( 12, 85)( 13, 84)( 14, 83)( 15, 82)( 16, 81)( 17, 80)( 18, 79)( 19, 78)( 20, 77)( 21, 76)( 22, 75)
            ( 23,148)( 24,147)( 25,146)( 26,145)( 27,144)( 28,143)( 29,142)( 30,141)( 31,140)( 32,139)( 33,138)
            ( 34,137)( 35,136)( 36,135)( 37,134)( 38,133)( 39,132)( 40,131)( 41,130)( 42,129)( 43,128)( 44,127)
            ( 45,126)( 46,125)( 47,124)( 48,123)( 49,122)( 50,121)( 51,120)( 52,119)( 53,118)( 54,117)( 55,116)
            ( 56,115)( 57,114)( 58,113)( 59,112)( 60,111)( 61,110)( 62,109)( 63,108)( 64,107)( 65,106)( 66,105)
            ( 67,104)( 68,103)( 69,102)( 70,101)( 71,100)( 72, 99)( 73, 98)( 74, 97), 
          (  1,113,  3,115,  5,117,  7,119,  9,121, 11,123, 13,125, 15,127, 17,129, 19,131, 21,133, 23,135, 25,137,
              27,139, 29,141, 31,143, 33,145, 35,147, 37, 75, 39, 77, 41, 79, 43, 81, 45, 83, 47, 85, 49, 87, 51, 89,
              53, 91, 55, 93, 57, 95, 59, 97, 61, 99, 63,101, 65,103, 67,105, 69,107, 71,109, 73,111)(  2,114,  4,116,
             6,118,  8,120, 10,122, 12,124, 14,126, 16,128, 18,130, 20,132, 22,134, 24,136, 26,138, 28,140, 30,142,
              32,144, 34,146, 36,148, 38, 76, 40, 78, 42, 80, 44, 82, 46, 84, 48, 86, 50, 88, 52, 90, 54, 92, 56, 94,
              58, 96, 60, 98, 62,100, 64,102, 66,104, 68,106, 70,108, 72,110, 74,112) ],
      p := (  2, 75, 84,134,147, 98, 80, 60,  7,139, 78, 27, 35, 25, 32,115, 48,135,133,102,118,122, 38,110, 43, 15,
         129, 68,114,103, 33, 42, 26, 46,100, 44, 61, 30,120,113, 29,106,107,143, 53,136,  4, 65, 40,125,132,142, 14,
         140, 92,144, 88, 70, 37,116, 19, 45,126,112, 24,105,146,127, 83,148,117, 39, 99, 23,119, 93, 13, 86, 17, 22,
         130, 28, 41, 52, 71, 10, 66,121, 58,  6, 76,124, 49, 62,104, 34, 36, 51,  5, 11, 55, 79, 74,111, 59, 69, 57,
          72, 50, 16, 95, 87, 64, 20, 31,109,  8, 85,  3)(  9, 12, 21, 96, 81,141,137, 18, 56,145, 82,101, 97,128,123)
        ( 47, 89, 77, 67, 94, 54, 90, 91,138, 63)( 73,131),
      q := (  2, 75, 84,134, 77,  9, 12, 55,145, 82,123, 67, 94, 54, 90,133,102,118,122, 38,110, 33, 42, 26, 46,100,
          44, 15, 95,137, 18, 56, 79, 74,113, 47,135, 91,138, 13, 86, 59,  7, 85, 73, 93, 63, 29,106,117, 37,116, 57,
          72, 50, 16,129, 68,114,121, 58,  6, 76,124, 27, 41, 52,  5, 65, 40, 99, 53,136,  4, 11, 21, 96,143, 23,105,
         146, 97,128,101,127,141, 87, 64, 20, 45,126,112, 24,119,131,  3)(  8,139, 78, 49, 62,104, 34, 36, 25, 32,109)
        ( 10, 66,103, 43, 61, 30,120,111, 17, 22,130, 28, 35, 51, 71)( 14,140, 92,144, 88, 70, 39,125,132,142)
        ( 19, 31,115, 48, 89,147, 98, 80, 60, 69)( 81, 83,148,107) ), rec(
      gadd := [ (  1, 81, 14, 94, 25,105, 38,118, 49,129, 62,142, 73, 79, 12, 92, 23,103, 36,116, 47,127, 60,140, 71,
              77, 10, 90, 21,101, 34,114, 45,125, 58,138, 69, 75,  8, 88, 19, 99, 32,112, 43,123, 56,136, 67,147,  6,
              86, 17, 97, 30,110, 41,121, 54,134, 65,145,  4, 84, 15, 95, 28,108, 39,119, 52,132, 63,143,  2, 82, 13,
              93, 26,106, 37,117, 50,130, 61,141, 74, 80, 11, 91, 24,104, 35,115, 48,128, 59,139, 72, 78,  9, 89, 22,
             102, 33,113, 46,126, 57,137, 70, 76,  7, 87, 20,100, 31,111, 44,124, 55,135, 68,148,  5, 85, 18, 98, 29,
             109, 42,122, 53,133, 66,146,  3, 83, 16, 96, 27,107, 40,120, 51,131, 64,144) ],
      gmul := [ (  1, 30)(  2, 29)(  3, 28)(  4, 27)(  5, 26)(  6, 25)(  7, 24)(  8, 23)(  9, 22)( 10, 21)( 11, 20)
            ( 12, 19)( 13, 18)( 14, 17)( 15, 16)( 31, 74)( 32, 73)( 33, 72)( 34, 71)( 35, 70)( 36, 69)( 37, 68)
            ( 38, 67)( 39, 66)( 40, 65)( 41, 64)( 42, 63)( 43, 62)( 44, 61)( 45, 60)( 46, 59)( 47, 58)( 48, 57)
            ( 49, 56)( 50, 55)( 51, 54)( 52, 53)( 75,104)( 76,103)( 77,102)( 78,101)( 79,100)( 80, 99)( 81, 98)
            ( 82, 97)( 83, 96)( 84, 95)( 85, 94)( 86, 93)( 87, 92)( 88, 91)( 89, 90)(105,148)(106,147)(107,146)
            (108,145)(109,144)(110,143)(111,142)(112,141)(113,140)(114,139)(115,138)(116,137)(117,136)(118,135)
            (119,134)(120,133)(121,132)(122,131)(123,130)(124,129)(125,128)(126,127), 
          (  1, 97,  8,134)(  2, 98,  7,133)(  3,109,  6,122)(  4,110,  5,121)(  9,145, 74, 86)( 10,146, 73, 85)
            ( 11, 83, 72,148)( 12, 84, 71,147)( 13, 95, 70,136)( 14, 96, 69,135)( 15,107, 68,124)( 16,108, 67,123)
            ( 17,119, 66,112)( 18,120, 65,111)( 19,131, 64,100)( 20,132, 63, 99)( 21,143, 62, 88)( 22,144, 61, 87)
            ( 23, 81, 60, 76)( 24, 82, 59, 75)( 25, 93, 58,138)( 26, 94, 57,137)( 27,105, 56,126)( 28,106, 55,125)
            ( 29,117, 54,114)( 30,118, 53,113)( 31,129, 52,102)( 32,130, 51,101)( 33,141, 50, 90)( 34,142, 49, 89)
            ( 35, 79, 48, 78)( 36, 80, 47, 77)( 37, 91, 46,140)( 38, 92, 45,139)( 39,103, 44,128)( 40,104, 43,127)
            ( 41,115, 42,116) ],
      p := (  2, 76, 82, 41, 95, 40, 96, 20,122, 27,126, 59,112,124, 17, 85, 58, 46,108, 97, 19, 62,144,  3)
        (  4, 65,119, 28, 80,106, 83,  8, 90, 57, 32, 79, 81,105,133, 88, 33,125, 60, 94, 69,111,142, 14, 89, 37,100,
          43, 72,132, 53, 25, 22, 16, 86, 38, 99, 44, 52,  5, 75,131, 54, 30, 45, 48, 51,  6, 11,140, 77,110,127, 50,
          26, 56,118, 68, 93, 70,117, 18, 21, 61,116, 91,  7,136, 87, 34,103, 84, 42, 31,129,  9, 12, 55, 29,130, 49,
          71,107,101, 98, 39,145, 74,113,123, 67,115, 92, 36,146, 73,114,141)( 10, 66,143, 13,139, 78,109,128)
        ( 15,135,147, 64, 35,121, 23)( 24,104,134,148, 63,120)(137,138),
      q := (  2, 75,116, 98, 37, 79,112, 83,  8,139,137,147, 64, 41,122, 49,  5, 76,113,142, 14, 86, 38,146,  3)
        (  4, 11,135,138, 78,132, 23, 61,131, 54, 30, 31,104, 97, 57, 32,100, 33, 80,117, 18, 55, 47, 29,121, 53, 51,
           6, 65,118, 68,110, 92, 36, 99, 44, 52, 71,120, 24,129, 67, 94,  7, 85, 58, 46,105,128, 10, 66,114,102,141)
        (  9, 12, 21, 15,140, 88, 43, 72,109,133, 77, 93, 70,106,124, 59, 81,108,134, 87, 34, 96, 20, 95, 40,103,101,
          91, 69,144, 73,143, 63,107, 84, 42, 45, 48, 25, 22, 16, 89, 39,126, 17,136,148, 13, 90, 19, 62,111,123)
        ( 26, 56,119, 28,125, 60,115,127, 50)( 27,145, 74, 82, 35,130) ), rec(
      gadd := [ (  1, 58,  4, 61,  7, 64, 10, 67, 13, 70, 16, 73, 19, 39, 22, 42, 25, 45, 28, 48, 31, 51, 34, 54, 37,
              57,  3, 60,  6, 63,  9, 66, 12, 69, 15, 72, 18, 38, 21, 41, 24, 44, 27, 47, 30, 50, 33, 53, 36, 56,  2,
              59,  5, 62,  8, 65, 11, 68, 14, 71, 17, 74, 20, 40, 23, 43, 26, 46, 29, 49, 32, 52, 35, 55)
            ( 75,132, 78,135, 81,138, 84,141, 87,144, 90,147, 93,113, 96,116, 99,119,102,122,105,125,108,128,111,131,
              77,134, 80,137, 83,140, 86,143, 89,146, 92,112, 95,115, 98,118,101,121,104,124,107,127,110,130, 76,133,
              79,136, 82,139, 85,142, 88,145, 91,148, 94,114, 97,117,100,120,103,123,106,126,109,129), 
          (  1, 89, 29, 80, 20,108, 11, 99,  2, 90, 30, 81, 21,109, 12,100,  3, 91, 31, 82, 22,110, 13,101,  4, 92,
              32, 83, 23,111, 14,102,  5, 93, 33, 84, 24, 75, 15,103,  6, 94, 34, 85, 25, 76, 16,104,  7, 95, 35, 86,
              26, 77, 17,105,  8, 96, 36, 87, 27, 78, 18,106,  9, 97, 37, 88, 28, 79, 19,107, 10, 98)( 38,126, 66,117,
             57,145, 48,136, 39,127, 67,118, 58,146, 49,137, 40,128, 68,119, 59,147, 50,138, 41,129, 69,120, 60,148,
              51,139, 42,130, 70,121, 61,112, 52,140, 43,131, 71,122, 62,113, 53,141, 44,132, 72,123, 63,114, 54,142,
              45,133, 73,124, 64,115, 55,143, 46,134, 74,125, 65,116, 56,144, 47,135) ],
      gmul := [ (  1, 46, 17, 62, 33, 41, 12, 57, 28, 73,  7, 52, 23, 68,  2, 47, 18, 63, 34, 42, 13, 58, 29, 74,  8,
              53, 24, 69,  3, 48, 19, 64, 35, 43, 14, 59, 30, 38,  9, 54, 25, 70,  4, 49, 20, 65, 36, 44, 15, 60, 31,
              39, 10, 55, 26, 71,  5, 50, 21, 66, 37, 45, 16, 61, 32, 40, 11, 56, 27, 72,  6, 51, 22, 67)
            ( 75,120, 91,136,107,115, 86,131,102,147, 81,126, 97,142, 76,121, 92,137,108,116, 87,132,103,148, 82,127,
              98,143, 77,122, 93,138,109,117, 88,133,104,112, 83,128, 99,144, 78,123, 94,139,110,118, 89,134,105,113,
              84,129,100,145, 79,124, 95,140,111,119, 90,135,106,114, 85,130,101,146, 80,125, 96,141), 
          (  1,114,  5,118,  9,122, 13,126, 17,130, 21,134, 25,138, 29,142, 33,146, 37,113,  4,117,  8,121, 12,125,
              16,129, 20,133, 24,137, 28,141, 32,145, 36,112,  3,116,  7,120, 11,124, 15,128, 19,132, 23,136, 27,140,
              31,144, 35,148,  2,115,  6,119, 10,123, 14,127, 18,131, 22,135, 26,139, 30,143, 34,147)( 38, 77, 42, 81,
             46, 85, 50, 89, 54, 93, 58, 97, 62,101, 66,105, 70,109, 74, 76, 41, 80, 45, 84, 49, 88, 53, 92, 57, 96,
              61,100, 65,104, 69,108, 73, 75, 40, 79, 44, 83, 48, 87, 52, 91, 56, 95, 60, 99, 64,103, 68,107, 72,111,
              39, 78, 43, 82, 47, 86, 51, 90, 55, 94, 59, 98, 63,102, 67,106, 71,110) ],
      p := (  2,  7,118, 59, 70, 55, 43, 45,  6, 13, 19, 63, 61, 98, 66,110,127, 96, 17,106,121,146, 58,144,101,107,
          47, 74, 73, 79,123, 29, 31, 62,104, 10,143, 83,116, 28, 14,124, 34,125,139, 77, 18,137,120, 78, 49, 82, 42,
         119, 90, 54,117,133,114, 41, 88,  5, 32, 93,103, 64,135,108,  4, 38,142, 52, 33, 94, 60, 27, 57, 76, 30,136,
          15, 50,113,115, 35, 51, 39, 68,141,126, 65, 92, 11, 69, 24, 87,122, 72, 86, 48,105, 16, 81, 85, 91,128,  3,
         112, 84, 36,  8, 44)(  9, 75,147, 95,134, 40, 99,140, 21, 25,100, 23, 56,111, 53, 12, 26,131,102,138, 46,148,
         89, 97,109, 22,130, 71,129,145,132),
      q := (  2, 32, 94, 53, 27, 56, 76,  9, 75,114, 72,101, 80,107, 66, 77, 21, 14,137,141,135, 79,138, 67, 46,113,
         146, 55, 70, 58,117,128, 36, 31, 51, 74, 40, 88, 34,136, 24,100, 16,106,140, 18,124,  5,  7,143,104, 29,  8,
          69, 15, 63, 52,  6, 26,130, 42,142, 61, 89, 90, 59, 43, 68,120,109, 17, 81,102,123, 10,118, 54,144, 86, 65,
          95,127, 91,133,147, 92, 28, 25, 87,139,110,134, 73,108, 35, 62, 83,145,129,116, 11, 44, 37)(  3,112,103, 49,
         105, 23, 57,111, 60, 12, 13, 20, 19, 50,148, 98, 47, 39, 45, 33, 93, 84)(  4, 38,119, 97, 78, 64,126, 48, 82,
         71,132, 30,125,122, 41, 99,121,115)( 22,131, 85, 96) ), rec(
      gadd := [ (  1,107, 28, 97, 18, 87,  8, 77, 35,104, 25, 94, 15, 84,  5,111, 32,101, 22, 91, 12, 81,  2,108, 29,
              98, 19, 88,  9, 78, 36,105, 26, 95, 16, 85,  6, 75, 33,102, 23, 92, 13, 82,  3,109, 30, 99, 20, 89, 10,
              79, 37,106, 27, 96, 17, 86,  7, 76, 34,103, 24, 93, 14, 83,  4,110, 31,100, 21, 90, 11, 80)
            ( 38,144, 65,134, 55,124, 45,114, 72,141, 62,131, 52,121, 42,148, 69,138, 59,128, 49,118, 39,145, 66,135,
              56,125, 46,115, 73,142, 63,132, 53,122, 43,112, 70,139, 60,129, 50,119, 40,146, 67,136, 57,126, 47,116,
              74,143, 64,133, 54,123, 44,113, 71,140, 61,130, 51,120, 41,147, 68,137, 58,127, 48,117), 
          (  1,130, 37,129, 36,128, 35,127, 34,126, 33,125, 32,124, 31,123, 30,122, 29,121, 28,120, 27,119, 26,118,
              25,117, 24,116, 23,115, 22,114, 21,113, 20,112, 19,148, 18,147, 17,146, 16,145, 15,144, 14,143, 13,142,
              12,141, 11,140, 10,139,  9,138,  8,137,  7,136,  6,135,  5,134,  4,133,  3,132,  2,131)( 38, 93, 74, 92,
             73, 91, 72, 90, 71, 89, 70, 88, 69, 87, 68, 86, 67, 85, 66, 84, 65, 83, 64, 82, 63, 81, 62, 80, 61, 79,
              60, 78, 59, 77, 58, 76, 57, 75, 56,111, 55,110, 54,109, 53,108, 52,107, 51,106, 50,105, 49,104, 48,103,
              47,102, 46,101, 45,100, 44, 99, 43, 98, 42, 97, 41, 96, 40, 95, 39, 94) ],
      gmul := [ (  1, 67)(  2, 66)(  3, 65)(  4, 64)(  5, 63)(  6, 62)(  7, 61)(  8, 60)(  9, 59)( 10, 58)( 11, 57)
            ( 12, 56)( 13, 55)( 14, 54)( 15, 53)( 16, 52)( 17, 51)( 18, 50)( 19, 49)( 20, 48)( 21, 47)( 22, 46)
            ( 23, 45)( 24, 44)( 25, 43)( 26, 42)( 27, 41)( 28, 40)( 29, 39)( 30, 38)( 31, 74)( 32, 73)( 33, 72)
            ( 34, 71)( 35, 70)( 36, 69)( 37, 68)( 75,141)( 76,140)( 77,139)( 78,138)( 79,137)( 80,136)( 81,135)
            ( 82,134)( 83,133)( 84,132)( 85,131)( 86,130)( 87,129)( 88,128)( 89,127)( 90,126)( 91,125)( 92,124)
            ( 93,123)( 94,122)( 95,121)( 96,120)( 97,119)( 98,118)( 99,117)(100,116)(101,115)(102,114)(103,113)
            (104,112)(105,148)(106,147)(107,146)(108,145)(109,144)(110,143)(111,142), 
          (  1,139, 18,119, 35,136, 15,116, 32,133, 12,113, 29,130,  9,147, 26,127,  6,144, 23,124,  3,141, 20,121,
              37,138, 17,118, 34,135, 14,115, 31,132, 11,112, 28,129,  8,146, 25,126,  5,143, 22,123,  2,140, 19,120,
              36,137, 16,117, 33,134, 13,114, 30,131, 10,148, 27,128,  7,145, 24,125,  4,142, 21,122)( 38,102, 55, 82,
             72, 99, 52, 79, 69, 96, 49, 76, 66, 93, 46,110, 63, 90, 43,107, 60, 87, 40,104, 57, 84, 74,101, 54, 81,
              71, 98, 51, 78, 68, 95, 48, 75, 65, 92, 45,109, 62, 89, 42,106, 59, 86, 39,103, 56, 83, 73,100, 53, 80,
              70, 97, 50, 77, 67, 94, 47,111, 64, 91, 44,108, 61, 88, 41,105, 58, 85) ],
      p := (  2, 38, 88, 59,144, 60, 27,131, 84, 65, 18,124, 23, 87,102, 61, 64,123, 54, 76, 40, 68, 52, 33, 31, 93,
          96, 21, 57, 12, 26,130, 29, 51,113,110, 73,135, 78, 36,  8, 44)(  3,  7, 75, 83,108)(  4,112, 34,136, 72,
          46, 82,  5, 32, 62,101, 92, 49,  6, 69,129,134, 35,125,133,140, 66,107,120, 22,100, 15, 81,147,127, 16, 50,
         148, 91, 17, 19,137,146, 97, 86, 11,143,103,126, 90, 80, 71, 89,122,128, 47,105, 98, 55,111,114, 42,142, 10,
         118, 48, 74, 30, 94,138)(  9, 13, 63, 58,117, 79, 77,141,115,145,121, 85,116, 28, 14,106, 67, 95, 53, 70, 24,
         56, 43,119,139,109,104)( 37, 45, 39, 99,132, 41),
      q := (  2, 38, 88, 59,117, 79, 77,120, 17, 20, 19,124, 16, 50,113,110, 73,126, 90, 80, 71, 89,139,109,104, 30,
          94,123, 54, 76, 40, 68, 52,  6, 69,132, 41)(  3, 32, 62,101, 92, 49, 33,  8, 44, 37, 45, 39, 99,129,127, 23,
         87,102, 61, 64,138, 35,136, 72, 46, 82, 34,125,128, 47,105, 98, 55,111,147,134,  4,112,  5,  7, 75, 83,108,
          36, 31, 93, 96, 18,137,115,116, 11,118, 48, 74,  9, 26,131, 84, 65, 21, 57, 27,130, 10,143,103,135, 78)
        ( 12, 13, 63, 58,144, 60)( 14,106, 67, 95, 53, 70, 15, 81,114, 42,119,122,133,121, 85,145,140, 66,107,141,146,
         97, 86, 28, 25)( 22,100, 24, 56, 43,142, 29, 51,148, 91) ), rec(
      gadd := [ (  1, 81, 13, 93, 25,105, 37, 80, 12, 92, 24,104, 36, 79, 11, 91, 23,103, 35, 78, 10, 90, 22,102, 34,
              77,  9, 89, 21,101, 33, 76,  8, 88, 20,100, 32, 75,  7, 87, 19, 99, 31,111,  6, 86, 18, 98, 30,110,  5,
              85, 17, 97, 29,109,  4, 84, 16, 96, 28,108,  3, 83, 15, 95, 27,107,  2, 82, 14, 94, 26,106)
            ( 38,118, 50,130, 62,142, 74,117, 49,129, 61,141, 73,116, 48,128, 60,140, 72,115, 47,127, 59,139, 71,114,
              46,126, 58,138, 70,113, 45,125, 57,137, 69,112, 44,124, 56,136, 68,148, 43,123, 55,135, 67,147, 42,122,
              54,134, 66,146, 41,121, 53,133, 65,145, 40,120, 52,132, 64,144, 39,119, 51,131, 63,143), 
          (  1,133,  6,138, 11,143, 16,148, 21,116, 26,121, 31,126, 36,131,  4,136,  9,141, 14,146, 19,114, 24,119,
              29,124, 34,129,  2,134,  7,139, 12,144, 17,112, 22,117, 27,122, 32,127, 37,132,  5,137, 10,142, 15,147,
              20,115, 25,120, 30,125, 35,130,  3,135,  8,140, 13,145, 18,113, 23,118, 28,123, 33,128)( 38, 96, 43,101,
             48,106, 53,111, 58, 79, 63, 84, 68, 89, 73, 94, 41, 99, 46,104, 51,109, 56, 77, 61, 82, 66, 87, 71, 92,
              39, 97, 44,102, 49,107, 54, 75, 59, 80, 64, 85, 69, 90, 74, 95, 42,100, 47,105, 52,110, 57, 78, 62, 83,
              67, 88, 72, 93, 40, 98, 45,103, 50,108, 55, 76, 60, 81, 65, 86, 70, 91) ],
      gmul := [ (  1, 81, 50,130, 25,105, 74,117, 12, 92, 61,141, 36, 79, 48,128, 23,103, 72,115, 10, 90, 59,139, 34,
              77, 46,126, 21,101, 70,113,  8, 88, 57,137, 32, 75, 44,124, 19, 99, 68,148,  6, 86, 55,135, 30,110, 42,
             122, 17, 97, 66,146,  4, 84, 53,133, 28,108, 40,120, 15, 95, 64,144,  2, 82, 51,131, 26,106, 38,118, 13,
              93, 62,142, 37, 80, 49,129, 24,104, 73,116, 11, 91, 60,140, 35, 78, 47,127, 22,102, 71,114,  9, 89, 58,
             138, 33, 76, 45,125, 20,100, 69,112,  7, 87, 56,136, 31,111, 43,123, 18, 98, 67,147,  5, 85, 54,134, 29,
             109, 41,121, 16, 96, 65,145,  3, 83, 52,132, 27,107, 39,119, 14, 94, 63,143) ],
      p := (  2, 75,129,108, 47,111, 90,122,133, 77, 86,116, 41, 37,125,102,140,120, 28, 57, 12, 69,104, 64, 98,134,
           9, 13,143, 52, 39,105, 10, 44, 45,119,109,121, 59,117,115,127, 65, 30, 14, 26, 56,107, 16,100, 35,136,114,
          53,113, 22, 20, 63, 24, 94,128,139, 46)(  3,  7, 81, 49,  6, 32, 88, 17, 19,124,146, 95, 97, 60, 70, 92, 23,
         93, 54, 33, 31, 99,103,101, 66, 61,144,126, 34, 62, 27,130)(  4, 38,  8,106, 84, 11,118, 96, 29,131, 71, 36,
          51,148,132,145,138, 15, 87, 85, 42, 68, 18, 50, 74, 55, 80,147, 58, 43,142, 21,137, 83, 79, 73,141, 89, 48,
          76,110)(  5,112, 78)( 40, 82,123, 72, 67,135),
      q := (  2,112,146,129,116, 72, 46, 37, 99,121, 54,  6,  7,143, 61, 80, 77,138, 24,130, 36, 62, 12, 44, 68, 21,
          87,139, 67, 89, 65,  9, 26, 57, 27, 94, 96, 10, 69,120, 11,106,140,104, 49, 33,  8,118,128, 85, 71,  3, 32,
         136,110, 35, 88, 22, 19,100,  4, 38, 31,125,122, 91,133,147, 55,144, 98, 90,102, 84, 28, 56,117,109,103,123,
          41)(  5, 75, 95,127, 48,148, 92, 16,124, 78, 34, 51, 76,114, 60, 43, 82,101, 47,113, 17, 20, 50, 39,119,115,
         97, 53,111,134, 30, 25, 14, 13, 81, 64,126)( 15,137,141,135, 73, 83,145, 86,108, 66, 52, 74, 58, 70,132, 79,
          40,142, 18, 63)( 23,131, 42, 45,105, 29, 93, 59,107) ), rec(
      gadd := [ (  1, 50, 25, 74, 12, 61, 36, 48, 23, 72, 10, 59, 34, 46, 21, 70,  8, 57, 32, 44, 19, 68,  6, 55, 30,
              42, 17, 66,  4, 53, 28, 40, 15, 64,  2, 51, 26, 38, 13, 62, 37, 49, 24, 73, 11, 60, 35, 47, 22, 71,  9,
              58, 33, 45, 20, 69,  7, 56, 31, 43, 18, 67,  5, 54, 29, 41, 16, 65,  3, 52, 27, 39, 14, 63)
            ( 75,124, 99,148, 86,135,110,122, 97,146, 84,133,108,120, 95,144, 82,131,106,118, 93,142, 80,129,104,116,
              91,140, 78,127,102,114, 89,138, 76,125,100,112, 87,136,111,123, 98,147, 85,134,109,121, 96,145, 83,132,
             107,119, 94,143, 81,130,105,117, 92,141, 79,128,103,115, 90,139, 77,126,101,113, 88,137), 
          (  1,138, 16,116, 31,131,  9,146, 24,124,  2,139, 17,117, 32,132, 10,147, 25,125,  3,140, 18,118, 33,133,
              11,148, 26,126,  4,141, 19,119, 34,134, 12,112, 27,127,  5,142, 20,120, 35,135, 13,113, 28,128,  6,143,
              21,121, 36,136, 14,114, 29,129,  7,144, 22,122, 37,137, 15,115, 30,130,  8,145, 23,123)( 38,101, 53, 79,
             68, 94, 46,109, 61, 87, 39,102, 54, 80, 69, 95, 47,110, 62, 88, 40,103, 55, 81, 70, 96, 48,111, 63, 89,
              41,104, 56, 82, 71, 97, 49, 75, 64, 90, 42,105, 57, 83, 72, 98, 50, 76, 65, 91, 43,106, 58, 84, 73, 99,
              51, 77, 66, 92, 44,107, 59, 85, 74,100, 52, 78, 67, 93, 45,108, 60, 86) ],
      gmul := [ (  1, 33, 28, 23, 18, 13,  8,  3, 35, 30, 25, 20, 15, 10,  5, 37, 32, 27, 22, 17, 12,  7,  2, 34, 29,
              24, 19, 14,  9,  4, 36, 31, 26, 21, 16, 11,  6)( 38, 70, 65, 60, 55, 50, 45, 40, 72, 67, 62, 57, 52, 47,
             42, 74, 69, 64, 59, 54, 49, 44, 39, 71, 66, 61, 56, 51, 46, 41, 73, 68, 63, 58, 53, 48, 43)
            ( 75,107,102, 97, 92, 87, 82, 77,109,104, 99, 94, 89, 84, 79,111,106,101, 96, 91, 86, 81, 76,108,103, 98,
              93, 88, 83, 78,110,105,100, 95, 90, 85, 80)(112,144,139,134,129,124,119,114,146,141,136,131,126,121,116,
             148,143,138,133,128,123,118,113,145,140,135,130,125,120,115,147,142,137,132,127,122,117), 
          (  1,121, 38, 84)(  2,120, 39, 83)(  3,119, 40, 82)(  4,118, 41, 81)(  5,117, 42, 80)(  6,116, 43, 79)
            (  7,115, 44, 78)(  8,114, 45, 77)(  9,113, 46, 76)( 10,112, 47, 75)( 11,148, 48,111)( 12,147, 49,110)
            ( 13,146, 50,109)( 14,145, 51,108)( 15,144, 52,107)( 16,143, 53,106)( 17,142, 54,105)( 18,141, 55,104)
            ( 19,140, 56,103)( 20,139, 57,102)( 21,138, 58,101)( 22,137, 59,100)( 23,136, 60, 99)( 24,135, 61, 98)
            ( 25,134, 62, 97)( 26,133, 63, 96)( 27,132, 64, 95)( 28,131, 65, 94)( 29,130, 66, 93)( 30,129, 67, 92)
            ( 31,128, 68, 91)( 32,127, 69, 90)( 33,126, 70, 89)( 34,125, 71, 88)( 35,124, 72, 87)( 36,123, 73, 86)
            ( 37,122, 74, 85) ],
      p := (  2, 75,120,  9, 13,143,134, 47, 76, 73, 24, 93, 60, 70, 95, 96, 64,138, 71,126, 41, 37,125,110, 66,101,
          29,131,116,  4, 38,  8, 81, 36, 51,148, 59,117,104, 21,137, 97,123,147,128,  3,  7,106, 58, 43,142, 53,113,
          78, 83,145, 91,133, 79,114, 52, 39, 82, 77, 30, 14, 26, 56, 80, 42, 68, 61,144, 28, 57, 12, 69, 18, 50, 74,
          89, 11,118, 72, 67,132, 16, 87,139,122, 46)(  5,112, 15,100,129,103,127,146, 65, 55,107,135,140, 22, 20, 63,
         49,  6, 32, 99, 90,102, 92, 86,108, 35,136, 34, 62, 27,130, 40,105, 84, 48,111,121,109, 98, 23, 94, 17, 19,
         124, 10, 44, 45,119,115,141, 85)( 31, 88, 54, 33),
      q := (  2,112, 24,130, 73, 15,137,134, 66,138, 42, 45, 82,114, 61,107, 98, 16,124, 29, 94, 22, 19, 87,102,129,
         140, 17, 20, 50, 39,119, 78,120, 30, 25, 14, 13,106, 55,144, 11, 81,  3, 32,136,  5, 75, 83,108,  4, 38, 31,
         125,147, 91, 96, 49, 33,  8,118, 41)(  6,  7,143, 97, 86,145,128, 36, 62, 12, 44, 68, 52, 74,126, 72, 46, 37,
         88, 59, 80, 71, 89, 28, 56,117,141,122, 67, 95,133,116, 35, 99,127,109,135,103, 90,139, 85, 34, 51,111, 84,
          65, 58, 70,132, 23,131, 79, 77,  9, 26, 57, 27, 93, 53, 76, 40,142, 60, 43,105,121,146, 48,148, 54)
        ( 10, 69, 21,100, 92,123,110, 47,113,115,104, 18, 63, 64,101) ), rec(
      gadd := [ (  1, 45, 15, 59, 29, 73,  6, 50, 20, 64, 34, 41, 11, 55, 25, 69,  2, 46, 16, 60, 30, 74,  7, 51, 21,
              65, 35, 42, 12, 56, 26, 70,  3, 47, 17, 61, 31, 38,  8, 52, 22, 66, 36, 43, 13, 57, 27, 71,  4, 48, 18,
              62, 32, 39,  9, 53, 23, 67, 37, 44, 14, 58, 28, 72,  5, 49, 19, 63, 33, 40, 10, 54, 24, 68)
            ( 75,119, 89,133,103,147, 80,124, 94,138,108,115, 85,129, 99,143, 76,120, 90,134,104,148, 81,125, 95,139,
             109,116, 86,130,100,144, 77,121, 91,135,105,112, 82,126, 96,140,110,117, 87,131,101,145, 78,122, 92,136,
             106,113, 83,127, 97,141,111,118, 88,132,102,146, 79,123, 93,137,107,114, 84,128, 98,142), 
          (  1, 96,  6,101, 11,106, 16,111, 21, 79, 26, 84, 31, 89, 36, 94,  4, 99,  9,104, 14,109, 19, 77, 24, 82,
              29, 87, 34, 92,  2, 97,  7,102, 12,107, 17, 75, 22, 80, 27, 85, 32, 90, 37, 95,  5,100, 10,105, 15,110,
              20, 78, 25, 83, 30, 88, 35, 93,  3, 98,  8,103, 13,108, 18, 76, 23, 81, 28, 86, 33, 91)( 38,133, 43,138,
             48,143, 53,148, 58,116, 63,121, 68,126, 73,131, 41,136, 46,141, 51,146, 56,114, 61,119, 66,124, 71,129,
              39,134, 44,139, 49,144, 54,112, 59,117, 64,122, 69,127, 74,132, 42,137, 47,142, 52,147, 57,115, 62,120,
              67,125, 72,130, 40,135, 45,140, 50,145, 55,113, 60,118, 65,123, 70,128) ],
      gmul := [ (  1,  2,  3,  4,  5,  6,  7,  8,  9, 10, 11, 12, 13, 14, 15, 16, 17, 18, 19, 20, 21, 22, 23, 24, 25,
              26, 27, 28, 29, 30, 31, 32, 33, 34, 35, 36, 37)( 38, 39, 40, 41, 42, 43, 44, 45, 46, 47, 48, 49, 50, 51,
             52, 53, 54, 55, 56, 57, 58, 59, 60, 61, 62, 63, 64, 65, 66, 67, 68, 69, 70, 71, 72, 73, 74)
            ( 75, 76, 77, 78, 79, 80, 81, 82, 83, 84, 85, 86, 87, 88, 89, 90, 91, 92, 93, 94, 95, 96, 97, 98, 99,100,
             101,102,103,104,105,106,107,108,109,110,111)(112,113,114,115,116,117,118,119,120,121,122,123,124,125,126,
             127,128,129,130,131,132,133,134,135,136,137,138,139,140,141,142,143,144,145,146,147,148), 
          (  1, 77, 52,124)(  2, 83, 51,118)(  3, 89, 50,112)(  4, 95, 49,143)(  5,101, 48,137)(  6,107, 47,131)
            (  7, 76, 46,125)(  8, 82, 45,119)(  9, 88, 44,113)( 10, 94, 43,144)( 11,100, 42,138)( 12,106, 41,132)
            ( 13, 75, 40,126)( 14, 81, 39,120)( 15, 87, 38,114)( 16, 93, 74,145)( 17, 99, 73,139)( 18,105, 72,133)
            ( 19,111, 71,127)( 20, 80, 70,121)( 21, 86, 69,115)( 22, 92, 68,146)( 23, 98, 67,140)( 24,104, 66,134)
            ( 25,110, 65,128)( 26, 79, 64,122)( 27, 85, 63,116)( 28, 91, 62,147)( 29, 97, 61,141)( 30,103, 60,135)
            ( 31,109, 59,129)( 32, 78, 58,123)( 33, 84, 57,117)( 34, 90, 56,148)( 35, 96, 55,142)( 36,102, 54,136)
            ( 37,108, 53,130) ],
      p := (  2, 75,141, 54, 40,100,  4,  7,111, 98, 34,114,135,128, 52,  8, 76, 99, 41,137, 97,  9, 69,116,132, 10,
          44, 43, 68,120, 66,125, 58, 56, 78,138,134, 91, 12, 13,118, 61, 86, 42, 20,110,140,133, 90, 30, 19, 74,145,
          59, 79,136,127, 65,130, 28, 82, 14,113,139, 96, 46,109,103, 89,  5,112,102, 85, 67,123, 24, 77,101, 84, 49,
          31,124, 18, 26, 50, 70,115, 95, 71,146, 22, 39,142, 60, 83, 62, 88, 35,147, 53, 33,117, 55,  3, 38,144, 17,
         143, 23)(  6, 32,119, 48)( 11, 81,131, 47, 36,105,129, 15,148, 16,106,126, 21, 37,107,122)( 25, 63, 93, 51,
          45, 73,108,121, 29, 87, 72,104, 92, 64)( 27, 80, 94),
      q := (  2,112,126, 18, 13, 76,145, 59,136, 96, 46,131, 47,  3, 38,105, 84, 49,  8,118, 61,141, 54, 40,114, 85,
          67, 83, 62,116,103,122, 28,117, 55, 36,144, 22, 39, 80,115,121, 10, 44, 43, 68,101,129, 24,124, 21)
        (  4, 32,107, 89, 34,100, 35, 87, 72,138, 91, 27,142, 60,123, 15, 81,109,132, 29,147, 53,  6,  7,143, 16,113,
          98,  5, 75, 86, 42, 19, 74, 99, 41,110, 92, 64, 14,106,102,135, 90,  9, 69, 88)( 11,148, 23, 37,119, 48, 33,
         82, 25, 63,146, 17,111,139,127, 65, 78,104,140, 97, 30, 20,137,133,128, 52, 31, 77,120, 66,108, 95, 71, 93,
          51, 45, 73,125, 58, 56,130)( 12, 26, 50, 70, 94) ) ];
