BRACES[63] := [ rec(
      gadd := [ ( 1,27,50,11,34,60,21,23,46, 7,33,56,17,40,45, 6,29,52,13,39,62, 2,25,51,12,35,58,19,24,47, 8,31,57,18,41,43, 4,30,53,14,37,63, 3,26,49,10,36,59,20,22,48, 9,32,55,16,42,44, 5,28,54,15,38,61) ]
       ,
      gmul := [ ( 1,27,50,11,34,60,21,23,46, 7,33,56,17,40,45, 6,29,52,13,39,62, 2,25,51,12,35,58,19,24,47, 8,31,57,18,41,43, 4,30,53,14,37,63, 3,26,49,10,36,59,20,22,48, 9,32,55,16,42,44, 5,28,54,15,38,61) ]
       ,
      p := ( 2,22,52,62,50,51, 9,23,55,18,44,28,36,56,49,17,12,34,21, 4,10,31, 5,45,42,41,46,27,33,63,59,38, 6, 3)( 7,13,11,24,32)( 8,43,26,40,61,39,16,54,60,30,20,15,19,57,58,29,25,35,53,47,37,48),
      q := ( 2,45,46,61,49, 9,44,60,58,59,50,37,40,27,55, 8,24,56,39, 7,10,57,30, 6)( 4,13,15)( 5,22,36,32,16,34)(11,43,62,38,20)(12,54,28,52,26,48,18,23,33,25,53,41,42,47,51,17,14)(19,31,21)(29,63) ), rec(
      gadd := [ ( 1,27,50,11,34,60,21,23,46, 7,33,56,17,40,45, 6,29,52,13,39,62, 2,25,51,12,35,58,19,24,47, 8,31,57,18,41,43, 4,30,53,14,37,63, 3,26,49,10,36,59,20,22,48, 9,32,55,16,42,44, 5,28,54,15,38,61) ]
       ,
      gmul := [ ( 1,27,49,11,34,59,21,23,48, 7,33,55,17,40,44, 6,29,54,13,39,61, 2,25,50,12,35,60,19,24,46, 8,31,56,18,41,45, 4,30,52,14,37,62, 3,26,51,10,36,58,20,22,47, 9,32,57,16,42,43, 5,28,53,15,38,63) ]
       ,
      p := ( 2,24,31, 5,45,41,46,26,42,40,61,38, 6, 3)( 4,10,33,63,59,37,48, 8,43,25,34,21)( 7,13,11,23,55,18,44,30,20,15,19,57,58,28,35,53,47,39,16,54,60,29,27,32)( 9,22,52,62,50,51)(12,36,56,49,17),
      q := ( 2,45,46,61,49, 9,44,60,58,59,50,39, 7,10,57,29,63,28,52,25,53,40,26,48,18,22,35,34, 5,24,56,38,20,11,43,62,37,42,47,51,17,14,12,54,30, 6)( 4,13,15)( 8,23,32,16,36,31,21,19,33,27,55) ), rec(
      gadd := [ ( 1,27,50,11,34,60,21,23,46, 7,33,56,17,40,45, 6,29,52,13,39,62, 2,25,51,12,35,58,19,24,47, 8,31,57,18,41,43, 4,30,53,14,37,63, 3,26,49,10,36,59,20,22,48, 9,32,55,16,42,44, 5,28,54,15,38,61) ]
       ,
      gmul := [ ( 1,15, 5,16, 9,20,10, 3,14, 4,18, 8,19,12, 2,13, 6,17, 7,21,11)(22,36,26,37,30,41,31,24,35,25,39,29,40,33,23,34,27,38,28,42,32)(43,57,47,58,51,62,52,45,56,46,60,50,61,54,44,55,48,59,49,63,53)
            , ( 1,52,28, 3,54,30, 2,53,29)( 4,58,40, 6,60,42, 5,59,41)( 7,43,31, 9,45,33, 8,44,32)(10,49,22,12,51,24,11,50,23)(13,55,34,15,57,36,14,56,35)(16,61,25,18,63,27,17,62,26)
            (19,46,37,21,48,39,20,47,38) ],
      p := ( 2,24,57,17,54,56,59, 8,43,32,38,52,26,61, 9,22,15,33,29,28,37,20,44,42,27,46,51,47,53,35, 7,13,11,23,36,31,16,19,63,40,55, 6, 3)( 4,10,39,34,49,41, 5,45,21,48,60,18,12,30,58,50,62,25),
      q := ( 2,45, 5,24,39,62,59,18,14,12,54,37, 6)( 4,13,15,48,27,32,55,20,22,11,43,46,42,60, 8,23,63,50,34,41,21,33,52,58,40,38,29,53,61,17,30,26,35,16)( 7,10,57, 9,44,51,31)(19,36,47,28,56,25) ), rec(
      gadd := [ ( 1,27,50,11,34,60,21,23,46, 7,33,56,17,40,45, 6,29,52,13,39,62, 2,25,51,12,35,58,19,24,47, 8,31,57,18,41,43, 4,30,53,14,37,63, 3,26,49,10,36,59,20,22,48, 9,32,55,16,42,44, 5,28,54,15,38,61) ]
       ,
      gmul := [ ( 1,35,59, 2,36,60, 3,34,58)( 4,41,50, 5,42,51, 6,40,49)( 7,26,62, 8,27,63, 9,25,61)(10,32,53,11,33,54,12,31,52)(13,38,44,14,39,45,15,37,43)(16,23,56,17,24,57,18,22,55)
            (19,29,47,20,30,48,21,28,46), ( 1,55,40, 3,57,42, 2,56,41)( 4,46,25, 6,48,27, 5,47,26)( 7,58,31, 9,60,33, 8,59,32)(10,49,37,12,51,39,11,50,38)(13,61,22,15,63,24,14,62,23)
            (16,52,28,18,54,30,17,53,29)(19,43,34,21,45,36,20,44,35) ],
      p := ( 2,24,57, 8,43, 7,13,11,23,36,31,39,34,46,48,16,19,60,47,53,35,30,61,28,40,55, 6, 3)( 4,10,42,32,41, 5,45,21,51,50,59,37,20,44,63,18,12,27,49,38,52,29,25)( 9,22,15,33,26,58,62)(17,54,56),
      q := ( 2,45, 5,24,42,49,46,39,59,47,25,19,36,50,34,38,26,35,63, 8,23,60,37, 6)( 4,13,15,51,31,48, 7,10,57,18,14,12,54,40,41,21,33,52,61,62,17,27,32,55,20,22,11,43,16)( 9,44,30,29,53,58,28,56) ), rec(
      gadd := [ ( 1,27,50,11,34,60,21,23,46, 7,33,56,17,40,45, 6,29,52,13,39,62, 2,25,51,12,35,58,19,24,47, 8,31,57,18,41,43, 4,30,53,14,37,63, 3,26,49,10,36,59,20,22,48, 9,32,55,16,42,44, 5,28,54,15,38,61) ]
       ,
      gmul := [ ( 1, 9,14,19, 6,11,16, 3, 8,13,21, 5,10,18, 2, 7,15,20, 4,12,17)(22,30,35,40,27,32,37,24,29,34,42,26,31,39,23,28,36,41,25,33,38)(43,51,56,61,48,53,58,45,50,55,63,47,52,60,44,49,57,62,46,54,59)
            , ( 1,39,56, 2,37,57, 3,38,55)( 4,30,62, 5,28,63, 6,29,61)( 7,42,47, 8,40,48, 9,41,46)(10,33,53,11,31,54,12,32,52)(13,24,59,14,22,60,15,23,58)(16,36,44,17,34,45,18,35,43)
            (19,27,50,20,25,51,21,26,49) ],
      p := ( 2,22,15,31,16,19,63,41, 5,45,21,48,60,18,12,28,38,52,27,46,51,47,53,36,32,39,35, 7,13,11,24,57,17,54,56,59, 8,43,33,30,58,50,62,26,61, 9,23,34,49,42,25, 4,10,37,20,44,40,55, 6, 3),
      q := ( 2,45, 5,22,11,43,46,40,39,62,59,18,14,12,54,38,30,27,33,52,58,41,21,31, 7,10,57, 9,44,51,32,55,20,23,63,50,35,16, 4,13,15,48,25,19,34,42,60, 8,24,37, 6)(17,28,56,26,36,47,29,53,61) ), rec(
      gadd := [ ( 1,52,40, 7,51,39, 6,50,38, 5,56,37, 4,55,36, 3,54,42, 2,53,41)( 8,59,26,14,58,25,13,57,24,12,63,23,11,62,22,10,61,28, 9,60,27)(15,45,33,21,44,32,20,43,31,19,49,30,18,48,29,17,47,35,16,46,34)
            , ( 1,62,32, 2,63,33, 3,57,34, 4,58,35, 5,59,29, 6,60,30, 7,61,31)( 8,48,39, 9,49,40,10,43,41,11,44,42,12,45,36,13,46,37,14,47,38)(15,55,25,16,56,26,17,50,27,18,51,28,19,52,22,20,53,23,21,54,24) ]
       ,
      gmul := [ ( 1, 9,17, 4,12,20, 7, 8,16, 3,11,19, 6,14,15, 2,10,18, 5,13,21)(22,30,38,25,33,41,28,29,37,24,32,40,27,35,36,23,31,39,26,34,42)(43,51,59,46,54,62,49,50,58,45,53,61,48,56,57,44,52,60,47,55,63)
            , ( 1,31,61, 7,30,60, 6,29,59, 5,35,58, 4,34,57, 3,33,63, 2,32,62)( 8,38,47,14,37,46,13,36,45,12,42,44,11,41,43,10,40,49, 9,39,48)(15,24,54,21,23,53,20,22,52,19,28,51,18,27,50,17,26,56,16,25,55) ]
       ,
      p := ( 3,57,25,31,14,63,19,35,49,61,26,52,48,13, 8)( 4,36, 5, 7,50,27, 9,58,46,45,24,38,55,20,56,11,30,16,42,32,62,47,17,43,53,33,28,23,59,18, 6,29,44,10,37,34,41,39,21,15,22)(12,51,40,60),
      q := ( 2, 7,36, 4,50,45,48,17,22, 5)( 3,29,28,49,32,31,16,51,53,60,18)( 6,57,47,13,15,43,40,33,44,20,37,59,12,42,61,46,27,21, 8)( 9,35,23,34,52,24,55,10,56,19,58,26,41,54,39)(11,63)(14,30)(25,62) ), 
  rec(
      gadd := [ ( 1, 9,17, 4,12,20, 7, 8,16, 3,11,19, 6,14,15, 2,10,18, 5,13,21)(22,30,38,25,33,41,28,29,37,24,32,40,27,35,36,23,31,39,26,34,42)(43,51,59,46,54,62,49,50,58,45,53,61,48,56,57,44,52,60,47,55,63)
            , ( 1,60,35, 3,62,30, 5,57,32, 7,59,34, 2,61,29, 4,63,31, 6,58,33)( 8,46,42,10,48,37,12,43,39,14,45,41, 9,47,36,11,49,38,13,44,40)(15,53,28,17,55,23,19,50,25,21,52,27,16,54,22,18,56,24,20,51,26) ]
       ,
      gmul := [ ( 1,13,18, 2,14,19, 3, 8,20, 4, 9,21, 5,10,15, 6,11,16, 7,12,17)(22,34,39,23,35,40,24,29,41,25,30,42,26,31,36,27,32,37,28,33,38)(43,55,60,44,56,61,45,50,62,46,51,63,47,52,57,48,53,58,49,54,59)
            , ( 1,37,59, 4,40,62, 7,36,58, 3,39,61, 6,42,57, 2,38,60, 5,41,63)( 8,23,45,11,26,48,14,22,44,10,25,47,13,28,43, 9,24,46,12,27,49)(15,30,52,18,33,55,21,29,51,17,32,54,20,35,50,16,31,53,19,34,56) ]
       ,
      p := ( 2,36,62,47,60,46,11,29,10,42,31,17,14,58,26,41,24,30,59,33,51,48,18,63,54,55,19,50,52,12, 3)( 4, 8,37,56,25,28)( 5,57,32,44,40,39,20, 6, 7,15,16,43,27,35,13, 9,22,38)(34,49,45)(53,61),
      q := ( 2,57,47,40,61,26,59,46,19,22,62,32,35,17,16,29,20, 3, 7, 8,63,25,51,31,13,21, 9,50,27,44,60,33,28, 5,36,38, 4,15,14,42,48,12, 6)(10,58,53,39)(11,43,52,18,37,23,56,54,24,49,34,30,41,55) ), rec(
      gadd := [ ( 1,16,10, 4,19,13, 7,15, 9, 3,18,12, 6,21, 8, 2,17,11, 5,20,14)(22,37,31,25,40,34,28,36,30,24,39,33,27,42,29,23,38,32,26,41,35)(43,58,52,46,61,55,49,57,51,45,60,54,48,63,50,44,59,53,47,62,56)
            , ( 1,63,34, 5,60,31, 2,57,35, 6,61,32, 3,58,29, 7,62,33, 4,59,30)( 8,49,41,12,46,38, 9,43,42,13,47,39,10,44,36,14,48,40,11,45,37)(15,56,27,19,53,24,16,50,28,20,54,25,17,51,22,21,55,26,18,52,23) ]
       ,
      gmul := [ ( 1, 9,20)( 2,13,15)( 3,10,17)( 4,14,19)( 5,11,21)( 6, 8,16)( 7,12,18)(22,30,41)(23,34,36)(24,31,38)(25,35,40)(26,32,42)(27,29,37)(28,33,39)
            (43,51,62)(44,55,57)(45,52,59)(46,56,61)(47,53,63)(48,50,58)(49,54,60), ( 1,61,30, 6,59,35, 4,57,33, 2,62,31, 7,60,29, 5,58,34, 3,63,32)( 8,47,37,13,45,42,11,43,40, 9,48,38,14,46,36,12,44,41,10,
             49,39)(15,54,23,20,52,28,18,50,26,16,55,24,21,53,22,19,51,27,17,56,25) ],
      p := ( 2,36,44,14,58,18,63,45,28, 5,50,21,15,51,34,41,16,30,11,43,27,12,37,38,59,32, 4,57,60,13, 3)( 6, 7,29,47,17,22,42,24)( 8,40,23,56,25,35, 9)(10,39,31,53,19,52,26,54,61,48,20,55,33,46,62),
      q := ( 2,50,12,55,60,19,42,49,24, 3, 7,57,33,23,40,46,31,38,34,54,32, 5,36,27,21, 8,56,45,47,14,35,20,37,53,13, 6)( 4,29,28)( 9,15,39,62,18,30,16,63,25,58,10,51,59,61,26,41,11,22,52,48)(17,43,44) ), 
  rec(
      gadd := [ ( 1,15, 8)( 2,16, 9)( 3,17,10)( 4,18,11)( 5,19,12)( 6,20,13)( 7,21,14)(22,36,29)(23,37,30)(24,38,31)(25,39,32)(26,40,33)(27,41,34)(28,42,35)
            (43,57,50)(44,58,51)(45,59,52)(46,60,53)(47,61,54)(48,62,55)(49,63,56), ( 1,53,42, 3,55,37, 5,50,39, 7,52,41, 2,54,36, 4,56,38, 6,51,40)( 8,60,28,10,62,23,12,57,25,14,59,27, 9,61,22,11,63,24,13,
             58,26)(15,46,35,17,48,30,19,43,32,21,45,34,16,47,29,18,49,31,20,44,33) ],
      gmul := [ ( 1,10,19, 7, 9,18, 6, 8,17, 5,14,16, 4,13,15, 3,12,21, 2,11,20)(22,31,40,28,30,39,27,29,38,26,35,37,25,34,36,24,33,42,23,32,41)(43,52,61,49,51,60,48,50,59,47,56,58,46,55,57,45,54,63,44,53,62)
            , ( 1,57,36)( 2,59,40)( 3,61,37)( 4,63,41)( 5,58,38)( 6,60,42)( 7,62,39)( 8,43,22)( 9,45,26)(10,47,23)(11,49,27)(12,44,24)(13,46,28)(14,48,25)
            (15,50,29)(16,52,33)(17,54,30)(18,56,34)(19,51,31)(20,53,35)(21,55,32) ],
      p := ( 2,36,30,25,21,50,56,46,13, 3)( 4, 8,40,44,28, 5,57,11,29,33,32)( 6, 7,15,58,53,54,12,37,38,10,39,17,43,48,55,19,59,18,14, 9,22,42,45,49,35,23,63,31,60,27,26,61,34,41,51,20,62,24)(47,52),
      q := ( 2,57,19,42,35,55,11,43,30,51,10,58,24, 3, 7, 8,63,46,17,29,49,45,33,44,52,34,61,47,28, 4,15,39,13, 6)( 5,36,48,23,40,32)( 9,50,26,41,25)(12,62,53,27,56,31,38,20,37,60,54,18,16,14,21,22,59) ), 
  rec(
      gadd := [ ( 1,34,60, 2,35,61, 3,29,62, 4,30,63, 5,31,57, 6,32,58, 7,33,59)( 8,41,46, 9,42,47,10,36,48,11,37,49,12,38,43,13,39,44,14,40,45)(15,27,53,16,28,54,17,22,55,18,23,56,19,24,50,20,25,51,21,26,52)
            , ( 1,50,36)( 2,51,37)( 3,52,38)( 4,53,39)( 5,54,40)( 6,55,41)( 7,56,42)( 8,57,22)( 9,58,23)(10,59,24)(11,60,25)(12,61,26)(13,62,27)(14,63,28)
            (15,43,29)(16,44,30)(17,45,31)(18,46,32)(19,47,33)(20,48,34)(21,49,35) ],
      gmul := [ ( 1,10,21)( 2,12,18)( 3,14,15)( 4, 9,19)( 5,11,16)( 6,13,20)( 7, 8,17)(22,31,42)(23,33,39)(24,35,36)(25,30,40)(26,32,37)(27,34,41)(28,29,38)
            (43,52,63)(44,54,60)(45,56,57)(46,51,61)(47,53,58)(48,55,62)(49,50,59), ( 1,52,26, 7,51,25, 6,50,24, 5,56,23, 4,55,22, 3,54,28, 2,53,27)( 8,59,33,14,58,32,13,57,31,12,63,30,11,62,29,10,61,35, 9,
             60,34)(15,45,40,21,44,39,20,43,38,19,49,37,18,48,36,17,47,42,16,46,41) ],
      p := ( 2,15,16, 3,22,56,61,38,34,37,31,46,58,60,41,27,39,42,20,57,54,32,11,18,51,55,25, 6,50,63,45,52,33, 4)( 5, 8,36,30,47,59,53,26,40,35,24,14,28,12,23,21,13,29)( 9,19,10,43,44,17)(48,62),
      q := ( 2, 8,57,25, 3,50,40,47,42,12,56,41,52,48,37,49,31,30,35,55,54,45,27,58,38,44,11, 9,14,51,24,19,21,16, 6,22,23,10,29, 4, 7)( 5,15,13,43,34,62,33)(17,18,28,20,36,46,39,59,26,63,32)(60,61) ), rec(
      gadd := [ ( 1,29,57)( 2,30,58)( 3,31,59)( 4,32,60)( 5,33,61)( 6,34,62)( 7,35,63)( 8,36,43)( 9,37,44)(10,38,45)(11,39,46)(12,40,47)(13,41,48)(14,42,49)
            (15,22,50)(16,23,51)(17,24,52)(18,25,53)(19,26,54)(20,27,55)(21,28,56), ( 1,45,26, 7,44,25, 6,43,24, 5,49,23, 4,48,22, 3,47,28, 2,46,27)( 8,52,33,14,51,32,13,50,31,12,56,30,11,55,29,10,54,35, 9,
             53,34)(15,59,40,21,58,39,20,57,38,19,63,37,18,62,36,17,61,42,16,60,41) ],
      gmul := [ ( 1,16,11)( 2,18, 8)( 3,20,12)( 4,15, 9)( 5,17,13)( 6,19,10)( 7,21,14)(22,37,32)(23,39,29)(24,41,33)(25,36,30)(26,38,34)(27,40,31)(28,42,35)
            (43,58,53)(44,60,50)(45,62,54)(46,57,51)(47,59,55)(48,61,52)(49,63,56), ( 1,43,29)( 2,45,33)( 3,47,30)( 4,49,34)( 5,44,31)( 6,46,35)( 7,48,32)( 8,50,36)( 9,52,40)(10,54,37)(11,56,41)(12,51,38)
            (13,53,42)(14,55,39)(15,57,22)(16,59,26)(17,61,23)(18,63,27)(19,58,24)(20,60,28)(21,62,25) ],
      p := ( 2, 8,29, 5,15, 9,12,23,14,28,19,17,16, 3,22,56,47,45,52,40,42,13,36,37,38,41,27,32,18,51,55,25, 6,50,49,63,59,53,26,33, 4)(10,57,54,39,35,24,21,20,43,58,46,44)(30,61,31,60,34),
      q := ( 2,15,20,29, 4, 7)( 3,50,33, 5, 8,43,41,52,62,40,61,46,32,10,36,60,47,35,55,54,59,26,49,38,58,31,37,63,39,45,27,44,18,28,13,57,25)( 6,22,23,17,11,16)( 9,21)(12,56,34,48,30,42,19,14,51,24) ) ];
