BRACES[56] := [ rec(
      gadd := [ ( 1,40,20,54, 6,43,23,29, 9,48,28,34,14,51, 3,37,17,56, 8,42,22,31,11,45,25,36,16,50, 2,39,19,53, 5,44,24,30,10,47,27,33,13,52, 4,38,18,55, 7,41,21,32,12,46,26,35,15,49) ],
      gmul := [ ( 1,40,19,53, 6,43,24,30, 9,48,27,33,14,51, 4,38,17,56, 7,41,22,31,12,46,25,36,15,49, 2,39,20,54, 5,44,23,29,10,47,28,34,13,52, 3,37,18,55, 8,42,21,32,11,45,26,35,16,50) ],
      p := ( 2,31,14,12,39,44,55,34,41,35,15,22,17,13,24,40,48,26,50, 7, 3, 4)( 5,21,11,30,20,37,19,23,52,27,38,25,43,46,28,47, 6,29,16,10,51,53,36,45, 8, 9,32,18,49,33)(54,56),
      q := ( 2,29,19,12,49,55,56,36,43,44,33,25,45,27,52, 8,21,24,50,28,41,53,54,34,47,26,40,42,48, 6,31,18,39,46, 7, 4)( 5, 9,30,15,10,37,16,22,13,11,32,14,23,38)(20,51,35) ), rec(
      gadd := [ ( 1,40,20,54, 6,43,23,29, 9,48,28,34,14,51, 3,37,17,56, 8,42,22,31,11,45,25,36,16,50, 2,39,19,53, 5,44,24,30,10,47,27,33,13,52, 4,38,18,55, 7,41,21,32,12,46,26,35,15,49) ],
      gmul := [ ( 1,40, 3,37, 2,39, 4,38)( 5,36, 7,33, 6,35, 8,34)( 9,32,11,29,10,31,12,30)(13,56,15,53,14,55,16,54)(17,52,19,49,18,51,20,50)(21,48,23,45,22,47,24,46)(25,44,27,41,26,43,28,42), 
          ( 1,42, 4,43, 2,41, 3,44)( 5,38, 8,39, 6,37, 7,40)( 9,34,12,35,10,33,11,36)(13,30,16,31,14,29,15,32)(17,54,20,55,18,53,19,56)(21,50,24,51,22,49,23,52)(25,46,28,47,26,45,27,48) ],
      p := ( 2,31,14,12,51,53,56,34,41,55,54,36,45, 8, 9,32,18,49,33, 5,21,11,30,20,37,19,23,40,44,35,15,22,17,13,24,52,27,50, 7, 3, 4)( 6,29,16,10,39,48,26,38,25,47)(28,43,42,46),
      q := ( 2,29,19,12,49,35,20,39,46, 7, 4)( 5, 9,30,15,10,37,16,22,13,11,32,14,23,38)( 6,31,18,51,55,56,36,47,26,40,42,48)( 8,21,24,50,28,41,53,54,34,43,44,33,25,45,27,52) ), rec(
      gadd := [ ( 1,40,20,54, 6,43,23,29, 9,48,28,34,14,51, 3,37,17,56, 8,42,22,31,11,45,25,36,16,50, 2,39,19,53, 5,44,24,30,10,47,27,33,13,52, 4,38,18,55, 7,41,21,32,12,46,26,35,15,49) ],
      gmul := [ ( 1,39,17,55, 5,43,21,31, 9,47,25,35,13,51)( 2,40,18,56, 6,44,22,32,10,48,26,36,14,52)( 3,37,19,53, 7,41,23,29,11,45,27,33,15,49)( 4,38,20,54, 8,42,24,30,12,46,28,34,16,50), 
          ( 1,54,21,46,13,38, 5,30,25,50,17,42, 9,34)( 2,53,22,45,14,37, 6,29,26,49,18,41,10,33)( 3,55,23,47,15,39, 7,31,27,51,19,43,11,35)( 4,56,24,48,16,40, 8,32,28,52,20,44,12,36) ],
      p := ( 2,29,16,10,49, 7, 9,30,20,17,13,24,38,47, 6, 3, 4)( 5,21,51,35,19,11,32,18,23,50,27,40,46,28,45, 8,31,14,12,37,43,48,26,52,55,36,25,41,33)(15,22,39,42,44,53,34),
      q := ( 2,29,19,24,50, 8,31,18,12,49,28,41,53,54,34,20,13,11,32,14,23,38,43,44,33,25,45,27,52,35,16,22,51,55,56,36, 5, 9,30,15,10,37,47,26,40,42,48, 6, 4)( 7,21,39,46) ), rec(
      gadd := [ ( 1,40,20,54, 6,43,23,29, 9,48,28,34,14,51, 3,37,17,56, 8,42,22,31,11,45,25,36,16,50, 2,39,19,53, 5,44,24,30,10,47,27,33,13,52, 4,38,18,55, 7,41,21,32,12,46,26,35,15,49) ],
      gmul := [ ( 1,15,26,12,21, 7,18, 4,13,27,10,24, 5,19, 2,16,25,11,22, 8,17, 3,14,28, 9,23, 6,20)(29,43,54,40,49,35,46,32,41,55,38,52,33,47,30,44,53,39,50,36,45,31,42,56,37,51,34,48), 
          ( 1,33)( 2,34)( 3,36)( 4,35)( 5,29)( 6,30)( 7,32)( 8,31)( 9,53)(10,54)(11,56)(12,55)(13,49)(14,50)(15,52)(16,51)(17,45)(18,46)(19,48)(20,47)(21,41)(22,42)(23,44)(24,43)(25,37)(26,38)(27,40)(28,39) ]
       ,
      p := ( 2,29,16,10,37,47, 6, 3, 4)( 5,21,39,46,28,41,53,54,34,15,22,51,55,56,36,25,45, 8,31,14,12,49, 7, 9,30,20,17,13,24,50,27,52,35,19,11,32,18,23,38,43,44,33)(26,40,42,48),
      q := ( 2,29,19,24,50, 8,31,18,12,49,28,41,53,54,34,20,13,11,32,14,23,38,43,44,33,25,45,27,52,35,16,22,51,55,56,36, 5, 9,30,15,10,37,47,26,40,42,48, 6, 4)( 7,21,39,46) ), rec(
      gadd := [ ( 1,40,20,54, 6,43,23,29, 9,48,28,34,14,51, 3,37,17,56, 8,42,22,31,11,45,25,36,16,50, 2,39,19,53, 5,44,24,30,10,47,27,33,13,52, 4,38,18,55, 7,41,21,32,12,46,26,35,15,49) ],
      gmul := [ ( 1,24,14, 7,25,20,10, 3,21,16, 6,27,17,12, 2,23,13, 8,26,19, 9, 4,22,15, 5,28,18,11)(29,52,42,35,53,48,38,31,49,44,34,55,45,40,30,51,41,36,54,47,37,32,50,43,33,56,46,39), 
          ( 1,32, 4,30, 2,31, 3,29)( 5,56, 8,54, 6,55, 7,53)( 9,52,12,50,10,51,11,49)(13,48,16,46,14,47,15,45)(17,44,20,42,18,43,19,41)(21,40,24,38,22,39,23,37)(25,36,28,34,26,35,27,33) ],
      p := ( 2,32,18,49,33, 5,21,11,40,42,43,56,35,15,22,17,13,24,50, 7, 3, 4)( 6,29,16,10,31,14,12,52,27,48,26,51,53,54,34,41,47)( 8, 9,30,20,37,19,23,38,25,39,46,28,44,36,45),
      q := ( 2,29,19,12,49,36,48, 6,32,14,23,39,47,26,50,28,41,46, 7, 4)( 5, 9,31,18,52, 8,21,24,51,56,34,44,33,25,38)(10,30,15)(11,37,16,22,13)(20,40,43,53,55,54,35)(27,45) ), rec(
      gadd := [ ( 1,40,20,54, 6,43,23,29, 9,48,28,34,14,51, 3,37,17,56, 8,42,22,31,11,45,25,36,16,50, 2,39,19,53, 5,44,24,30,10,47,27,33,13,52, 4,38,18,55, 7,41,21,32,12,46,26,35,15,49) ],
      gmul := [ ( 1,23,14, 8,25,19,10, 4,21,15, 6,28,17,11, 2,24,13, 7,26,20, 9, 3,22,16, 5,27,18,12)(29,51,42,36,53,47,38,32,49,43,34,56,45,39,30,52,41,35,54,48,37,31,50,44,33,55,46,40), 
          ( 1,45, 2,46)( 3,48, 4,47)( 5,41, 6,42)( 7,44, 8,43)( 9,37,10,38)(11,40,12,39)(13,33,14,34)(15,36,16,35)(17,29,18,30)(19,32,20,31)(21,53,22,54)(23,56,24,55)(25,49,26,50)(27,52,28,51) ],
      p := ( 2,30,20,37,19,23,40,44,34,41,54,36,45, 8, 9,32,18,49,33, 5,21,11,31,14,12,50, 7, 3, 4)( 6,29,16,10,38,25,46,28,42,47)(13,24,52,27,51,53,56,35,15,22,17)(26,39,48),
      q := ( 2,29,19,12,49,34,42,48, 6,30,15,10,37,16,22,13,11,32,14,23,39,47,26,40,43,44,33,25,45,27,52, 8,21,24,51,54,35,20,38, 5, 9,31,18,50,28,41,53,55,56,36,46, 7, 4) ), rec(
      gadd := [ ( 1,40,20,54, 6,43,23,29, 9,48,28,34,14,51, 3,37,17,56, 8,42,22,31,11,45,25,36,16,50, 2,39,19,53, 5,44,24,30,10,47,27,33,13,52, 4,38,18,55, 7,41,21,32,12,46,26,35,15,49) ],
      gmul := [ ( 1,35,10,44,17,51,26,32, 5,39,14,48,21,55, 2,36, 9,43,18,52,25,31, 6,40,13,47,22,56)( 3,33,12,42,19,49,28,30, 7,37,16,46,23,53, 4,34,11,41,20,50,27,29, 8,38,15,45,24,54), 
          ( 1,45, 6,50, 9,53,14,30,17,33,22,38,25,41, 2,46, 5,49,10,54,13,29,18,34,21,37,26,42)( 3,48, 8,51,11,56,16,31,19,36,24,39,27,44, 4,47, 7,52,12,55,15,32,20,35,23,40,28,43) ],
      p := ( 2,30,20,37,19,23,52,27,39,44,54,56,55,35,15,22,17,13,24,40,48,26,51,53,36,45, 8, 9,32,18,49,33, 5,21,11,31,14,12,38,25,42,43,47, 6,29,16,10,50, 7, 3, 4)(28,46)(34,41),
      q := ( 2,29,19,12,49,54,35,20,50,28,41,53,55,56,36,42,48, 6,30,15,10,37,16,22,13,11,32,14,23,39,47,26,40,43,44,33,25,45,27,52, 8,21,24,51,34,46, 7, 4)( 5, 9,31,18,38) ), rec(
      gadd := [ ( 1,40,20,54, 6,43,23,29, 9,48,28,34,14,51, 3,37,17,56, 8,42,22,31,11,45,25,36,16,50, 2,39,19,53, 5,44,24,30,10,47,27,33,13,52, 4,38,18,55, 7,41,21,32,12,46,26,35,15,49) ],
      gmul := [ ( 1,40,20,54, 6,43,23,29, 9,48,28,34,14,51, 3,37,17,56, 8,42,22,31,11,45,25,36,16,50, 2,39,19,53, 5,44,24,30,10,47,27,33,13,52, 4,38,18,55, 7,41,21,32,12,46,26,35,15,49) ],
      p := ( 2,32,18,49,33, 5,21,11,52,27,44,56,55,35,15,22,17,13,24,38,25,51,53,34,41,43,36,45, 8, 9,30,20,37,19,23,50, 7, 3, 4)( 6,29,16,10,31,14,12,40,46,28,48,26,39,42,47),
      q := ( 2,29,19,12,49,56,34,48, 6,32,14,23,39,47,26,50,28,41,46, 7, 4)( 5, 9,31,18,40,43,53,55,54,35,20,52, 8,21,24,51,36,44,33,25,38)(10,30,15)(11,37,16,22,13)(27,45) ), rec(
      gadd := [ ( 1,40,20,54, 6,43,23,29, 9,48,28,34,14,51, 3,37,17,56, 8,42,22,31,11,45,25,36,16,50, 2,39,19,53, 5,44,24,30,10,47,27,33,13,52, 4,38,18,55, 7,41,21,32,12,46,26,35,15,49) ],
      gmul := [ ( 1,24, 2,23)( 3,21, 4,22)( 5,20, 6,19)( 7,17, 8,18)( 9,16,10,15)(11,13,12,14)(25,28,26,27)(29,52,30,51)(31,49,32,50)(33,48,34,47)(35,45,36,46)(37,44,38,43)(39,41,40,42)(53,56,54,55), 
          ( 1,44)( 2,43)( 3,42)( 4,41)( 5,40)( 6,39)( 7,38)( 8,37)( 9,36)(10,35)(11,34)(12,33)(13,32)(14,31)(15,30)(16,29)(17,56)(18,55)(19,54)(20,53)(21,52)(22,51)(23,50)(24,49)(25,48)(26,47)(27,46)(28,45) ]
       ,
      p := ( 2,29,20,17,13,12,37,47, 6, 3, 4)( 5,21,39,42,44,53,34,15,22,51,55,36,25,41,33)( 7, 9,30,16,10,49)( 8,31,14,24,38,43,48,26,52,35,19,11,32,18,23,50,27,40,46)(28,45),
      q := ( 2,29,19,12,49, 8,31,18,24,50,28,41,53,54,34,16,22,51,55,36, 5, 9,30,15,10,37,47,26,52,35,20,13,11,32,14,23,38,43,48, 6, 4)( 7,21,39,46)(25,45,27,40,42,44,33) ), rec(
      gadd := [ ( 1,40,20,54, 6,43,23,29, 9,48,28,34,14,51, 3,37,17,56, 8,42,22,31,11,45,25,36,16,50, 2,39,19,53, 5,44,24,30,10,47,27,33,13,52, 4,38,18,55, 7,41,21,32,12,46,26,35,15,49) ],
      gmul := [ ( 1,31)( 2,32)( 3,29)( 4,30)( 5,55)( 6,56)( 7,53)( 8,54)( 9,51)(10,52)(11,49)(12,50)(13,47)(14,48)(15,45)(16,46)(17,43)(18,44)(19,41)(20,42)
            (21,39)(22,40)(23,37)(24,38)(25,35)(26,36)(27,33)(28,34), ( 1,33, 2,34)( 3,36, 4,35)( 5,29, 6,30)( 7,32, 8,31)( 9,53,10,54)(11,56,12,55)(13,49,14,50)(15,52,16,51)(17,45,18,46)(19,48,20,47)
            (21,41,22,42)(23,44,24,43)(25,37,26,38)(27,40,28,39) ],
      p := ( 2, 4)( 3,30,42,43,47, 6)( 5,21,37,45,54,36,19,49, 7,29,46,34,15,22,17,13,38,25,16,10,24,52,53,56,55,35,41, 8, 9,32,18,23,40,44,28,20,11,31,14,50,33)(26,51,27,39,48),
      q := ( 2, 3,29,45,53,56,55,35,42,43,47,26,51, 8,21,38, 5, 9,32,14,49,28,15,10,11,31,18,12,23,40,44, 7,30,41,27,39,48, 6, 4)(13,37,46,33,25,19,50,34,20,24,52,54,36,16,22) ), rec(
      gadd := [ ( 1,40,20,54, 6,43,23,29, 9,48,28,34,14,51, 3,37,17,56, 8,42,22,31,11,45,25,36,16,50, 2,39,19,53, 5,44,24,30,10,47,27,33,13,52, 4,38,18,55, 7,41,21,32,12,46,26,35,15,49) ],
      gmul := [ ( 1,40,17,56, 5,44,21,32, 9,48,25,36,13,52)( 2,39,18,55, 6,43,22,31,10,47,26,35,14,51)( 3,38,19,54, 7,42,23,30,11,46,27,34,15,50)( 4,37,20,53, 8,41,24,29,12,45,28,33,16,49), 
          ( 1,54, 2,53)( 3,55, 4,56)( 5,50, 6,49)( 7,51, 8,52)( 9,46,10,45)(11,47,12,48)(13,42,14,41)(15,43,16,44)(17,38,18,37)(19,39,20,40)(21,34,22,33)(23,35,24,36)(25,30,26,29)(27,31,28,32) ],
      p := ( 2,31,14,50,53,36,25,43,19,37,20,17,13,38,16,10,51,28,47, 6,29,46,34,41,35,45,54,56,27,11, 3,30,42,15,22,24,40,48,26,23,52, 8, 4)( 5,21,12,39,44,55, 7, 9,32,18,49,33),
      q := ( 2,31,18,50,54,36, 5, 9,32,14,49,34,42,16,22,23,40,44,35,46,33,25,47,26,24,52, 7,21,11, 4)( 3,29,45,53,56,28,43,20,13,37,19,38,15,10,39,48, 6,30,41,55, 8)(12,51,27) ), rec(
      gadd := [ ( 1,40,20,54, 6,43,23,29, 9,48,28,34,14,51, 3,37,17,56, 8,42,22,31,11,45,25,36,16,50, 2,39,19,53, 5,44,24,30,10,47,27,33,13,52, 4,38,18,55, 7,41,21,32,12,46,26,35,15,49) ],
      gmul := [ ( 1,47, 5,51, 9,55,13,31,17,35,21,39,25,43)( 2,48, 6,52,10,56,14,32,18,36,22,40,26,44)( 3,45, 7,49,11,53,15,29,19,33,23,37,27,41)( 4,46, 8,50,12,54,16,30,20,34,24,38,28,42), 
          ( 1,53,22,46,13,37, 6,30,25,49,18,42, 9,33, 2,54,21,45,14,38, 5,29,26,50,17,41,10,34)( 3,56,24,47,15,40, 8,31,27,52,20,43,11,36, 4,55,23,48,16,39, 7,32,28,51,19,44,12,35) ],
      p := ( 2, 4)( 3,30,46,54,56,55,35,41, 8, 9,32,18,23,52,53,36,19,49, 7,29,42,43,47, 6)( 5,21,37,45,34,15,22,17,13,50,33)(10,24,40,48,26,51,27,39,44,28,20,11,31,14,38,25,16),
      q := ( 2, 3,29,45,53,56,35,46,33,25,19,38, 5, 9,32,14,49,28,15,10,11,31,18,12,23,40,44, 7,30,41,27,51, 8,21,50,54,36,16,22,13,37,42,47,26,39,48, 6, 4)(20,24,52,34) ), rec(
      gadd := [ ( 1,40,20,54, 6,43,23,29, 9,48,28,34,14,51, 3,37,17,56, 8,42,22,31,11,45,25,36,16,50, 2,39,19,53, 5,44,24,30,10,47,27,33,13,52, 4,38,18,55, 7,41,21,32,12,46,26,35,15,49) ],
      gmul := [ ( 1,36)( 2,35)( 3,34)( 4,33)( 5,32)( 6,31)( 7,30)( 8,29)( 9,56)(10,55)(11,54)(12,53)(13,52)(14,51)(15,50)(16,49)(17,48)(18,47)(19,46)(20,45)
            (21,44)(22,43)(23,42)(24,41)(25,40)(26,39)(27,38)(28,37), ( 1,37,18,54, 5,41,22,30, 9,45,26,34,13,49, 2,38,17,53, 6,42,21,29,10,46,25,33,14,50)( 3,40,20,55, 7,44,24,31,11,48,28,35,15,52, 4,39,19,
             56, 8,43,23,32,12,47,27,36,16,51) ],
      p := ( 2, 4)( 3,30,46,54,36,19,49, 7,29,42,47, 6)( 5,21,37,45,34,15,22,17,13,50,33)( 8, 9,32,18,23,40,44)(10,12,24,52,53,56,35,41,28,16)(11,31,14,38,25,20)(26,39,48)(27,51),
      q := ( 2, 3,29,45,53,56,35,46,33,25,19,38, 5, 9,32,14,49, 8,21,50,54,36,20,12,23,40,44, 7,30,41,27,51,28,15,10,11,31,18,24,52,34,16,22,13,37,42,47,26,39,48, 6, 4) ), rec(
      gadd := [ ( 1,40,20,54, 6,43,23,29, 9,48,28,34,14,51, 3,37,17,56, 8,42,22,31,11,45,25,36,16,50, 2,39,19,53, 5,44,24,30,10,47,27,33,13,52, 4,38,18,55, 7,41,21,32,12,46,26,35,15,49) ],
      gmul := [ ( 1,16, 2,15)( 3,13, 4,14)( 5,12, 6,11)( 7, 9, 8,10)(17,28,18,27)(19,25,20,26)(21,24,22,23)(29,44,30,43)(31,41,32,42)(33,40,34,39)(35,37,36,38)(45,56,46,55)(47,53,48,54)(49,52,50,51), 
          ( 1,39, 2,40)( 3,37, 4,38)( 5,35, 6,36)( 7,33, 8,34)( 9,31,10,32)(11,29,12,30)(13,55,14,56)(15,53,16,54)(17,51,18,52)(19,49,20,50)(21,47,22,48)(23,45,24,46)(25,43,26,44)(27,41,28,42) ],
      p := ( 2, 4)( 3,30,46,54,35,41,28,16,10,12,24,51,27,52,53,55,56,36,19,49, 7,29,42,48,26,40,43,44, 8, 9,31,14,38,25,20,11,32,18,23,39,47, 6)( 5,21,37,45,34,15,22,17,13,50,33),
      q := ( 2, 3,29,45,53,56,35,46,33,25,19,38, 5, 9,32,14,49, 8,21,50,54,36,20,12,23,40,44, 7,30,41,27,51,28,15,10,11,31,18,24,52,34,16,22,13,37,42,47,26,39,48, 6, 4) ), rec(
      gadd := [ ( 1,31, 6,36, 9,39,14,30, 3,33, 8,38,11,41, 2,32, 5,35,10,40,13,29, 4,34, 7,37,12,42)(15,45,20,50,23,53,28,44,17,47,22,52,25,55,16,46,19,49,24,54,27,43,18,48,21,51,26,56), 
          ( 1,52, 4,53, 5,56, 8,43, 9,46,12,47,13,50, 2,51, 3,54, 6,55, 7,44,10,45,11,48,14,49)(15,38,18,39,19,42,22,29,23,32,26,33,27,36,16,37,17,40,20,41,21,30,24,31,25,34,28,35) ],
      gmul := [ ( 1,16)( 2,15)( 3,18)( 4,17)( 5,20)( 6,19)( 7,22)( 8,21)( 9,24)(10,23)(11,26)(12,25)(13,28)(14,27)(29,43)(30,44)(31,45)(32,46)(33,47)(34,48)
            (35,49)(36,50)(37,51)(38,52)(39,53)(40,54)(41,55)(42,56), ( 1,35,14,34,11,31,10,30, 7,41, 6,40, 3,37, 2,36,13,33,12,32, 9,29, 8,42, 5,39, 4,38)(15,50,28,47,25,46,24,43,21,56,20,53,17,52,16,49,27,
             48,26,45,23,44,22,55,19,54,18,51) ],
      p := ( 2,30,19,31,12,27,25,28,56,50,35,33, 9,42,20, 5,13,44,54,22,45,48, 8,43,23,40,36, 7, 3,15,14,17,11,16, 4)( 6,29,46,21,55,52,49,37,53,24,34,39,38,47,10,32)(18,41,26),
      q := ( 2,29,55,49,36, 9,31, 6,30,25,18,32,12,17, 5, 3,15, 4)( 7,13,43,21,46,23,33)( 8,44,47)(10,41,20,11,16,14,27,19,42,26,28,45,53,22,56,51,50,38,54,24,39,35,40,37,48) ), rec(
      gadd := [ ( 1,41,12,38, 7,33, 4,30,13,39,10,36, 5,31, 2,42,11,37, 8,34, 3,29,14,40, 9,35, 6,32)(15,55,26,52,21,47,18,44,27,53,24,50,19,45,16,56,25,51,22,48,17,43,28,54,23,49,20,46), 
          ( 1,51, 4,54, 5,55, 8,44, 9,45,12,48,13,49, 2,52, 3,53, 6,56, 7,43,10,46,11,47,14,50)(15,37,18,40,19,41,22,30,23,31,26,34,27,35,16,38,17,39,20,42,21,29,24,32,25,33,28,36) ],
      gmul := [ ( 1,15)( 2,16)( 3,17)( 4,18)( 5,19)( 6,20)( 7,21)( 8,22)( 9,23)(10,24)(11,25)(12,26)(13,27)(14,28)(29,44)(30,43)(31,46)(32,45)(33,48)(34,47)
            (35,50)(36,49)(37,52)(38,51)(39,54)(40,53)(41,56)(42,55), ( 1,39, 7,31,13,37, 5,29,11,35, 3,41, 9,33)( 2,40, 8,32,14,38, 6,30,12,36, 4,42,10,34)(15,54,21,46,27,52,19,44,25,50,17,56,23,48)
            (16,53,22,45,28,51,20,43,26,49,18,55,24,47), ( 1,40, 7,32,13,38, 5,30,11,36, 3,42, 9,34)( 2,39, 8,31,14,37, 6,29,12,35, 4,41,10,33)(15,53,21,45,27,51,19,43,25,49,17,55,23,47)
            (16,54,22,46,28,52,20,44,26,50,18,56,24,48) ],
      p := ( 2,30, 6, 3,15, 4)( 5,13,17)( 7,43,23,40,36,47,54,22,31, 9,42,20,45,10,32)( 8,29,12,27,25,28,19,55,52,35,53,24,34,46)(11,16)(18,44,21,41,26)(33,56,50,49,51,37,39,38),
      q := ( 2,30,12,17,11,16, 5, 3,15,14, 4)( 6,13,27,19,45, 8,29)( 7,43,21,31)( 9,32)(10,42,26,28,25,18,44,23,34,56,52,37,33,46)(20,55,50,51,35,47,48,54,24,40,38,39,36,53,22,41) ), rec(
      gadd := [ ( 1,30, 2,29)( 3,32, 4,31)( 5,34, 6,33)( 7,36, 8,35)( 9,38,10,37)(11,40,12,39)(13,42,14,41)(15,44,16,43)(17,46,18,45)(19,48,20,47)(21,50,22,49)(23,52,24,51)(25,54,26,53)(27,56,28,55), 
          ( 1,49,14,48,11,45,10,44, 7,55, 6,54, 3,51, 2,50,13,47,12,46, 9,43, 8,56, 5,53, 4,52)(15,35,28,34,25,31,24,30,21,41,20,40,17,37,16,36,27,33,26,32,23,29,22,42,19,39,18,38) ],
      gmul := [ ( 1,29, 2,30)( 3,41, 4,42)( 5,39, 6,40)( 7,37, 8,38)( 9,35,10,36)(11,33,12,34)(13,31,14,32)(15,44,16,43)(17,56,18,55)(19,54,20,53)(21,52,22,51)(23,50,24,49)(25,48,26,47)(27,46,28,45), 
          ( 1,47, 2,48)( 3,45, 4,46)( 5,43, 6,44)( 7,55, 8,56)( 9,53,10,54)(11,51,12,52)(13,49,14,50)(15,34,16,33)(17,32,18,31)(19,30,20,29)(21,42,22,41)(23,40,24,39)(25,38,26,37)(27,36,28,35) ],
      p := ( 2,30,19,31,12,27,25,28,56,50,35,33, 9,32, 6,29,46,21,45,48, 8,43,23,34,39,36, 7, 3,15,14,17,11,16, 4)( 5,13,44,54,22,55,52,51,49,37,47,10,42,20)(18,41,26)(24,40,38,53),
      q := ( 2,29,45,47, 8,44,53,22,56,49,38,54,24,39,35,34,40,37,48,10,41,20,11,16,14,27,19,32,12,17, 5, 3,15, 4)( 6,30,25,18,42,26,28,55,51,50,36, 9,31)( 7,13,43,21,46,23,33) ), rec(
      gadd := [ ( 1,23, 3,25, 5,27, 7,15, 9,17,11,19,13,21)( 2,24, 4,26, 6,28, 8,16,10,18,12,20,14,22)(29,51,31,53,33,55,35,43,37,45,39,47,41,49)(30,52,32,54,34,56,36,44,38,46,40,48,42,50), 
          ( 1,53, 8,46,13,51, 6,44,11,49, 4,56, 9,47, 2,54, 7,45,14,52, 5,43,12,50, 3,55,10,48)(15,39,22,32,27,37,20,30,25,35,18,42,23,33,16,40,21,31,28,38,19,29,26,36,17,41,24,34) ],
      gmul := [ ( 1,16)( 2,15)( 3,18)( 4,17)( 5,20)( 6,19)( 7,22)( 8,21)( 9,24)(10,23)(11,26)(12,25)(13,28)(14,27)(29,43)(30,44)(31,45)(32,46)(33,47)(34,48)
            (35,49)(36,50)(37,51)(38,52)(39,53)(40,54)(41,55)(42,56), ( 1,23, 3,25, 5,27, 7,15, 9,17,11,19,13,21)( 2,24, 4,26, 6,28, 8,16,10,18,12,20,14,22)(29,52,31,54,33,56,35,44,37,46,39,48,41,50)
            (30,51,32,53,34,55,36,43,38,45,40,47,42,49), ( 1,56)( 2,55)( 3,54)( 4,53)( 5,52)( 6,51)( 7,50)( 8,49)( 9,48)(10,47)(11,46)(12,45)(13,44)(14,43)
            (15,41)(16,42)(17,39)(18,40)(19,37)(20,38)(21,35)(22,36)(23,33)(24,34)(25,31)(26,32)(27,29)(28,30) ],
      p := ( 2,30, 6, 3,15, 4)( 5,13,17)( 7,43,23,34,56,52,37,33,46, 8,29,12,27,25,28,19,45,10,42,20,55,50,51,35,47,48,54,22,41,26,18,44,21,31, 9,32)(11,16)(24,40,38,39,36,53),
      q := ( 2,30,12,17,11,16, 5, 3,15,14, 4)( 6,13,27,19,45, 8,29)( 7,43,21,31)( 9,32)(10,42,26,28,25,18,44,23,34,56,52,37,33,46)(20,55,50,51,35,47,48,54,24,40,38,39,36,53,22,41) ), rec(
      gadd := [ ( 1,29, 2,30)( 3,31, 4,32)( 5,33, 6,34)( 7,35, 8,36)( 9,37,10,38)(11,39,12,40)(13,41,14,42)(15,43,16,44)(17,45,18,46)(19,47,20,48)(21,49,22,50)(23,51,24,52)(25,53,26,54)(27,55,28,56), 
          ( 1,45, 6,50, 9,53,14,44, 3,47, 8,52,11,55, 2,46, 5,49,10,54,13,43, 4,48, 7,51,12,56)(15,31,20,36,23,39,28,30,17,33,22,38,25,41,16,32,19,35,24,40,27,29,18,34,21,37,26,42) ],
      gmul := [ ( 1,25, 7,17,13,23, 5,15,11,21, 3,27, 9,19)( 2,26, 8,18,14,24, 6,16,12,22, 4,28,10,20)(29,53,35,45,41,51,33,43,39,49,31,55,37,47)(30,54,36,46,42,52,34,44,40,50,32,56,38,48), 
          ( 1,49, 2,50)( 3,47, 4,48)( 5,45, 6,46)( 7,43, 8,44)( 9,55,10,56)(11,53,12,54)(13,51,14,52)(15,35,16,36)(17,33,18,34)(19,31,20,32)(21,29,22,30)(23,41,24,42)(25,39,26,40)(27,37,28,38) ],
      p := ( 2,30,19,31,12,27,25,28,55,51,50,35,33, 9,32, 6,29,45,47,10,42,20, 5,13,43,23,34,39,36, 7, 3,15,14,17,11,16, 4)( 8,44,53,24,40,38,54,22,56,49,37,48)(18,41,26)(21,46),
      q := ( 2,29,46,23,33, 7,13,44,54,24,39,35,34,40,37,47, 8,43,21,45,48,10,41,20,11,16,14,27,19,32,12,17, 5, 3,15, 4)( 6,30,25,18,42,26,28,56,50,36, 9,31)(22,55,52,51,49,38,53) ), rec(
      gadd := [ ( 1,21,13,19,11,17, 9,15, 7,27, 5,25, 3,23)( 2,22,14,20,12,18,10,16, 8,28, 6,26, 4,24)(29,49,41,47,39,45,37,43,35,55,33,53,31,51)(30,50,42,48,40,46,38,44,36,56,34,54,32,52), 
          ( 1,49,14,48,11,45,10,44, 7,55, 6,54, 3,51, 2,50,13,47,12,46, 9,43, 8,56, 5,53, 4,52)(15,35,28,34,25,31,24,30,21,41,20,40,17,37,16,36,27,33,26,32,23,29,22,42,19,39,18,38) ],
      gmul := [ ( 1,16)( 2,15)( 3,18)( 4,17)( 5,20)( 6,19)( 7,22)( 8,21)( 9,24)(10,23)(11,26)(12,25)(13,28)(14,27)(29,44)(30,43)(31,46)(32,45)(33,48)(34,47)
            (35,50)(36,49)(37,52)(38,51)(39,54)(40,53)(41,56)(42,55), ( 1,21,13,19,11,17, 9,15, 7,27, 5,25, 3,23)( 2,22,14,20,12,18,10,16, 8,28, 6,26, 4,24)(29,49,41,47,39,45,37,43,35,55,33,53,31,51)
            (30,50,42,48,40,46,38,44,36,56,34,54,32,52), ( 1,42)( 2,41)( 3,40)( 4,39)( 5,38)( 6,37)( 7,36)( 8,35)( 9,34)(10,33)(11,32)(12,31)(13,30)(14,29)
            (15,56)(16,55)(17,54)(18,53)(19,52)(20,51)(21,50)(22,49)(23,48)(24,47)(25,46)(26,45)(27,44)(28,43) ],
      p := ( 2,30, 6, 3,15, 4)( 5,13,17)( 7,44,21,31, 9,32)( 8,29,12,27,25,28,19,46)(10,42,20,56,51,35,48,53,24,40,38,39,36,54,22,41,26,18,43,23,34,55,49,50,52,37,33,45)(11,16),
      q := ( 2,30,12,17,11,16, 5, 3,15,14, 4)( 6,13,27,19,46,10,42,26,28,25,18,43,21,31, 7,44,23,34,55,49,50,52,37,33,45, 8,29)( 9,32)(20,56,51,35,48,53,22,41)(24,40,38,39,36,54) ), rec(
      gadd := [ ( 1,35,14,34,11,31,10,30, 7,41, 6,40, 3,37, 2,36,13,33,12,32, 9,29, 8,42, 5,39, 4,38)(15,49,28,48,25,45,24,44,21,55,20,54,17,51,16,50,27,47,26,46,23,43,22,56,19,53,18,52), 
          ( 1,46, 6,49, 9,54,14,43, 3,48, 8,51,11,56, 2,45, 5,50,10,53,13,44, 4,47, 7,52,12,55)(15,32,20,35,23,40,28,29,17,34,22,37,25,42,16,31,19,36,24,39,27,30,18,33,21,38,26,41) ],
      gmul := [ ( 1,34,10,41, 3,36,12,29, 5,38,14,31, 7,40, 2,33, 9,42, 4,35,11,30, 6,37,13,32, 8,39)(15,48,24,55,17,50,26,43,19,52,28,45,21,54,16,47,23,56,18,49,25,44,20,51,27,46,22,53), 
          ( 1,51, 4,54, 5,55, 8,44, 9,45,12,48,13,49, 2,52, 3,53, 6,56, 7,43,10,46,11,47,14,50)(15,37,18,40,19,41,22,30,23,31,26,34,27,35,16,38,17,39,20,42,21,29,24,32,25,33,28,36) ],
      p := ( 2,30,19,31,12,27,25,28,55,51,52,50,35,33, 9,42,20, 5,13,43,23,40,36, 7, 3,15,14,17,11,16, 4)( 6,29,45,47,10,32)( 8,44,53,24,34,39,38,48)(18,41,26)(21,56,49,37,54,22,46),
      q := ( 2,29,56,52,51,49,36, 9,31, 6,30,25,18,32,12,17, 5, 3,15, 4)( 7,13,44,48,10,41,20,11,16,14,27,19,42,26,28,46,23,33)( 8,43,21,45,54,24,39,35,40,37,47)(22,55,50,38,53) ), rec(
      gadd := [ ( 1,36,14,33,11,32,10,29, 7,42, 6,39, 3,38, 2,35,13,34,12,31, 9,30, 8,41, 5,40, 4,37)(15,50,28,47,25,46,24,43,21,56,20,53,17,52,16,49,27,48,26,45,23,44,22,55,19,54,18,51), 
          ( 1,43, 2,44)( 3,45, 4,46)( 5,47, 6,48)( 7,49, 8,50)( 9,51,10,52)(11,53,12,54)(13,55,14,56)(15,29,16,30)(17,31,18,32)(19,33,20,34)(21,35,22,36)(23,37,24,38)(25,39,26,40)(27,41,28,42) ],
      gmul := [ ( 1, 2)( 3, 4)( 5, 6)( 7, 8)( 9,10)(11,12)(13,14)(15,16)(17,18)(19,20)(21,22)(23,24)(25,26)(27,28)(29,30)(31,32)(33,34)(35,36)(37,38)(39,40)
            (41,42)(43,44)(45,46)(47,48)(49,50)(51,52)(53,54)(55,56), ( 1,24, 3,26, 5,28, 7,16, 9,18,11,20,13,22)( 2,23, 4,25, 6,27, 8,15,10,17,12,19,14,21)(29,52,31,54,33,56,35,44,37,46,39,48,41,50)
            (30,51,32,53,34,55,36,43,38,45,40,47,42,49), ( 1,34, 9,42, 3,36,11,30, 5,38,13,32, 7,40)( 2,33,10,41, 4,35,12,29, 6,37,14,31, 8,39)(15,48,23,56,17,50,25,44,19,52,27,46,21,54)
            (16,47,24,55,18,49,26,43,20,51,28,45,22,53) ],
      p := ( 2,30, 6, 3,15, 4)( 5,13,17)( 7,44,21,41,26,18,43,23,40,36,48,47,53,24,34,45,10,32)( 8,29,12,27,25,28,19,56,49,52,35,54,22,31, 9,42,20,46)(11,16)(33,55,51,37,39,38),
      q := ( 2,30,12,17,11,16, 5, 3,15,14, 4)( 6,13,27,19,46,10,42,26,28,25,18,43,21,31, 7,44,23,34,55,49,50,52,37,33,45, 8,29)( 9,32)(20,56,51,35,48,53,22,41)(24,40,38,39,36,54) ), rec(
      gadd := [ ( 1,41,12,38, 7,33, 4,30,13,39,10,36, 5,31, 2,42,11,37, 8,34, 3,29,14,40, 9,35, 6,32)(15,55,26,52,21,47,18,44,27,53,24,50,19,45,16,56,25,51,22,48,17,43,28,54,23,49,20,46), 
          ( 1,54, 8,45,13,52, 6,43,11,50, 4,55, 9,48, 2,53, 7,46,14,51, 5,44,12,49, 3,56,10,47)(15,40,22,31,27,38,20,29,25,36,18,41,23,34,16,39,21,32,28,37,19,30,26,35,17,42,24,33) ],
      gmul := [ ( 1,40, 2,39)( 3,38, 4,37)( 5,36, 6,35)( 7,34, 8,33)( 9,32,10,31)(11,30,12,29)(13,42,14,41)(15,54,16,53)(17,52,18,51)(19,50,20,49)(21,48,22,47)(23,46,24,45)(25,44,26,43)(27,56,28,55), 
          ( 1,45)( 2,46)( 3,43)( 4,44)( 5,55)( 6,56)( 7,53)( 8,54)( 9,51)(10,52)(11,49)(12,50)(13,47)(14,48)(15,32)(16,31)(17,30)(18,29)(19,42)(20,41)(21,40)(22,39)(23,38)(24,37)(25,36)(26,35)(27,34)(28,33) ]
       ,
      p := ( 2,16, 4)( 3,30,40,53,49,23,45,36,19,41,24,55,52,35,39,47,10,28,20,17,11,44,22, 5,13,32, 6,15,14,42,54,51,21,31,12,18,27,46,38, 7,29,34,25,26,56,50,37,33, 9,43,48, 8),
      q := ( 2,15, 4)( 3,29,33, 7,30,39,47, 8,13,31, 6,16,14,41,21,32,12,27,46,37,34,20,28,25,19,42,54,51,24,55,52,36,26,56,50,38, 9,43,48,10,17, 5)(11,44,23,45,35,40,53,49,22) ), rec(
      gadd := [ ( 1,38, 4,39, 5,42, 8,29, 9,32,12,33,13,36, 2,37, 3,40, 6,41, 7,30,10,31,11,34,14,35)(15,52,18,53,19,56,22,43,23,46,26,47,27,50,16,51,17,54,20,55,21,44,24,45,25,48,28,49), 
          ( 1,51, 4,54, 5,55, 8,44, 9,45,12,48,13,49, 2,52, 3,53, 6,56, 7,43,10,46,11,47,14,50)(15,37,18,40,19,41,22,30,23,31,26,34,27,35,16,38,17,39,20,42,21,29,24,32,25,33,28,36) ],
      gmul := [ ( 1, 7,13, 5,11, 3, 9)( 2, 8,14, 6,12, 4,10)(15,21,27,19,25,17,23)(16,22,28,20,26,18,24)(29,35,41,33,39,31,37)(30,36,42,34,40,32,38)(43,49,55,47,53,45,51)(44,50,56,48,54,46,52), 
          ( 1,15)( 2,16)( 3,17)( 4,18)( 5,19)( 6,20)( 7,21)( 8,22)( 9,23)(10,24)(11,25)(12,26)(13,27)(14,28)(29,43)(30,44)(31,45)(32,46)(33,47)(34,48)(35,49)(36,50)(37,51)(38,52)(39,53)(40,54)(41,55)(42,56), 
          ( 1,31,16,46)( 2,32,15,45)( 3,29,18,44)( 4,30,17,43)( 5,41,20,56)( 6,42,19,55)( 7,39,22,54)( 8,40,21,53)( 9,37,24,52)(10,38,23,51)(11,35,26,50)(12,36,25,49)(13,33,28,48)(14,34,27,47) ],
      p := ( 2,44,52,22,18,41,47,10,43,50,35,33, 9,30,19,31,12,56,51,24,42,53,36, 7, 3,15,14,17,11,46,21,28,54,38,20, 5,13,27,48, 8,16, 4)( 6,29,25,45,23,32)(26,55,49,37)(34,39),
      q := ( 2,29,19,46,23,45,21,18,56,38,26,42,40,53,49,52,24,55,36, 9,43,35,48,10,30,25,32,12,41,34,54,51,22,28,39,47, 8,16,14,27,33, 7,13,17, 5, 3,15, 4)( 6,44,37,20,11,31) ), rec(
      gadd := [ ( 1,26, 7,18,13,24, 5,16,11,22, 3,28, 9,20)( 2,25, 8,17,14,23, 6,15,12,21, 4,27,10,19)(29,54,35,46,41,52,33,44,39,50,31,56,37,48)(30,53,36,45,42,51,34,43,40,49,32,55,38,47), 
          ( 1,55,12,52, 7,47, 4,44,13,53,10,50, 5,45, 2,56,11,51, 8,48, 3,43,14,54, 9,49, 6,46)(15,41,26,38,21,33,18,30,27,39,24,36,19,31,16,42,25,37,22,34,17,29,28,40,23,35,20,32) ],
      gmul := [ (), ( 1,21,13,19,11,17, 9,15, 7,27, 5,25, 3,23)( 2,22,14,20,12,18,10,16, 8,28, 6,26, 4,24)(29,50,41,48,39,46,37,44,35,56,33,54,31,52)(30,49,42,47,40,45,38,43,36,55,34,53,32,51), 
          ( 1,49)( 2,50)( 3,47)( 4,48)( 5,45)( 6,46)( 7,43)( 8,44)( 9,55)(10,56)(11,53)(12,54)(13,51)(14,52)(15,35)(16,36)(17,33)(18,34)(19,31)(20,32)(21,29)(22,30)(23,41)(24,42)(25,39)(26,40)(27,37)(28,38) ]
       ,
      p := ( 2,30,19,31,12,16, 4)( 3,15,14,17,11,43,26,55,24,40,38,54,51,50,35,33, 9,32, 6,29,25,45,23,34,39,36, 7)( 5,13,27,28,18,41,47,10,42,53,49,37,48, 8,44,20)(21,46)(22,56),
      q := ( 2,29,19,32,12,16,14,27,18,42,53,49,38,54,51,50,36, 9,31, 6,30,25,45,21,46,23,33, 7,13,17, 5, 3,15, 4)( 8,44,26,55,22,56,24,39,35,34,40,37,48,10,41,47)(11,43,20) ), rec(
      gadd := [ ( 1,21,13,19,11,17, 9,15, 7,27, 5,25, 3,23)( 2,22,14,20,12,18,10,16, 8,28, 6,26, 4,24)(29,49,41,47,39,45,37,43,35,55,33,53,31,51)(30,50,42,48,40,46,38,44,36,56,34,54,32,52), 
          ( 1,55,12,52, 7,47, 4,44,13,53,10,50, 5,45, 2,56,11,51, 8,48, 3,43,14,54, 9,49, 6,46)(15,41,26,38,21,33,18,30,27,39,24,36,19,31,16,42,25,37,22,34,17,29,28,40,23,35,20,32) ],
      gmul := [ ( 1,19, 9,27, 3,21,11,15, 5,23,13,17, 7,25)( 2,20,10,28, 4,22,12,16, 6,24,14,18, 8,26)(29,47,37,55,31,49,39,43,33,51,41,45,35,53)(30,48,38,56,32,50,40,44,34,52,42,46,36,54), 
          ( 1,54, 7,46,13,52, 5,44,11,50, 3,56, 9,48)( 2,53, 8,45,14,51, 6,43,12,49, 4,55,10,47)(15,39,21,31,27,37,19,29,25,35,17,41,23,33)(16,40,22,32,28,38,20,30,26,36,18,42,24,34) ],
      p := ( 2,30,19,31,12,16, 4)( 3,15,14,17,11,44,20, 5,13,27,28,18,41,54,50,35,33, 9,42,48, 8,43,26,46,21,55,24,34,39,38,47,10,32, 6,29,25,56,22,45,23,40,36, 7)(37,53,52,49),
      q := ( 2,29,19,42,54,52,51,49,36, 9,31, 6,30,25,46,23,33, 7,13,17, 5, 3,15, 4)( 8,43,20,11,44,26,56,24,39,35,40,37,47)(10,41,48)(12,16,14,27,18,32)(21,45)(22,55)(38,53,50) ), rec(
      gadd := [ ( 1,28,11,24, 7,20, 3,16,13,26, 9,22, 5,18)( 2,27,12,23, 8,19, 4,15,14,25,10,21, 6,17)(29,56,39,52,35,48,31,44,41,54,37,50,33,46)(30,55,40,51,36,47,32,43,42,53,38,49,34,45), 
          ( 1,34,10,41, 3,36,12,29, 5,38,14,31, 7,40, 2,33, 9,42, 4,35,11,30, 6,37,13,32, 8,39)(15,48,24,55,17,50,26,43,19,52,28,45,21,54,16,47,23,56,18,49,25,44,20,51,27,46,22,53) ],
      gmul := [ ( 1,40,22,46,13,38,20,44,11,36,18,56, 9,34,16,54, 7,32,28,52, 5,30,26,50, 3,42,24,48)( 2,39,21,45,14,37,19,43,12,35,17,55,10,33,15,53, 8,31,27,51, 6,29,25,49, 4,41,23,47), 
          ( 1,51,18,39, 5,55,22,29, 9,45,26,33,13,49,16,37, 3,53,20,41, 7,43,24,31,11,47,28,35)( 2,52,17,40, 6,56,21,30,10,46,25,34,14,50,15,38, 4,54,19,42, 8,44,23,32,12,48,27,36) ],
      p := ( 2,43,51,24,32, 6,29,25,56,50,35,33, 9,30,19,31,12,45,23,42,48, 8,16, 4)( 3,15,14,17,11,55,52,22,18,41,54,36, 7)( 5,13,27,53,38,20)(10,44,49,37,26,46,21,28,47)(34,39,40),
      q := ( 2,29,19,55,36, 9,44,37,20,11,31, 6,43,35,53,50,51,22,28,39,48,10,30,25,32,12,41,34,47, 8,16,14,27,33, 7,13,17, 5, 3,15, 4)(18,45,21)(23,46)(24,56,38,26,42,40,54,52) ), rec(
      gadd := [ ( 1,22,13,20,11,18, 9,16, 7,28, 5,26, 3,24)( 2,21,14,19,12,17,10,15, 8,27, 6,25, 4,23)(29,50,41,48,39,46,37,44,35,56,33,54,31,52)(30,49,42,47,40,45,38,43,36,55,34,53,32,51), 
          ( 1,48,10,55, 3,50,12,43, 5,52,14,45, 7,54, 2,47, 9,56, 4,49,11,44, 6,51,13,46, 8,53)(15,34,24,41,17,36,26,29,19,38,28,31,21,40,16,33,23,42,18,35,25,30,20,37,27,32,22,39) ],
      gmul := [ ( 1,40, 8,31,13,38, 6,29,11,36, 4,41, 9,34, 2,39, 7,32,14,37, 5,30,12,35, 3,42,10,33)(15,54,22,45,27,52,20,43,25,50,18,55,23,48,16,53,21,46,28,51,19,44,26,49,17,56,24,47), 
          ( 1,52, 3,54, 5,56, 7,44, 9,46,11,48,13,50)( 2,51, 4,53, 6,55, 8,43,10,45,12,47,14,49)(15,38,17,40,19,42,21,30,23,32,25,34,27,36)(16,37,18,39,20,41,22,29,24,31,26,33,28,35) ],
      p := ( 2,30,19,31,12,16, 4)( 3,15,14,17,11,43,26,45,23,40,36, 7)( 5,13,27,28,18,41,53,51,52,50,35,33, 9,42,47,10,32, 6,29,25,55,24,34,39,38,48, 8,44,20)(21,56,22,46)(37,54,49),
      q := ( 2,29,19,42,53,49,36, 9,31, 6,30,25,45,21,46,23,33, 7,13,17, 5, 3,15, 4)( 8,44,26,55,22,56,24,39,35,40,37,48,10,41,47)(11,43,20)(12,16,14,27,18,32)(38,54,51,50) ), rec(
      gadd := [ ( 1,34,10,41, 3,36,12,29, 5,38,14,31, 7,40, 2,33, 9,42, 4,35,11,30, 6,37,13,32, 8,39)(15,48,24,55,17,50,26,43,19,52,28,45,21,54,16,47,23,56,18,49,25,44,20,51,27,46,22,53), 
          ( 1,49,14,48,11,45,10,44, 7,55, 6,54, 3,51, 2,50,13,47,12,46, 9,43, 8,56, 5,53, 4,52)(15,35,28,34,25,31,24,30,21,41,20,40,17,37,16,36,27,33,26,32,23,29,22,42,19,39,18,38) ],
      gmul := [ ( 1,29, 2,30)( 3,41, 4,42)( 5,39, 6,40)( 7,37, 8,38)( 9,35,10,36)(11,33,12,34)(13,31,14,32)(15,44,16,43)(17,56,18,55)(19,54,20,53)(21,52,22,51)(23,50,24,49)(25,48,26,47)(27,46,28,45), 
          ( 1,46)( 2,45)( 3,44)( 4,43)( 5,56)( 6,55)( 7,54)( 8,53)( 9,52)(10,51)(11,50)(12,49)(13,48)(14,47)(15,31)(16,32)(17,29)(18,30)(19,41)(20,42)(21,39)(22,40)(23,37)(24,38)(25,35)(26,36)(27,33)(28,34) ]
       ,
      p := ( 2,30,19,31,12,16, 4)( 3,15,14,17,11,44,20, 5,13,27,28,18,41,48, 8,43,26,56,22,55,24,40,38,53,50,35,33, 9,32, 6,29,25,46,21,45,23,34,39,36, 7)(10,42,54,52,51,49,37,47),
      q := ( 2,29,19,32,12,16,14,27,18,42,54,52,51,49,38,53,50,36, 9,31, 6,30,25,46,23,33, 7,13,17, 5, 3,15, 4)( 8,43,20,11,44,26,56,24,39,35,34,40,37,47)(10,41,48)(21,45)(22,55) ), rec(
      gadd := [ ( 1,18, 5,22, 9,26,13,16, 3,20, 7,24,11,28)( 2,17, 6,21,10,25,14,15, 4,19, 8,23,12,27)(29,46,33,50,37,54,41,44,31,48,35,52,39,56)(30,45,34,49,38,53,42,43,32,47,36,51,40,55), 
          ( 1,32, 6,35, 9,40,14,29, 3,34, 8,37,11,42, 2,31, 5,36,10,39,13,30, 4,33, 7,38,12,41)(15,46,20,49,23,54,28,43,17,48,22,51,25,56,16,45,19,50,24,53,27,44,18,47,21,52,26,55) ],
      gmul := [ ( 1,14,11,10, 7, 6, 3, 2,13,12, 9, 8, 5, 4)(15,28,25,24,21,20,17,16,27,26,23,22,19,18)(29,42,39,38,35,34,31,30,41,40,37,36,33,32)(43,56,53,52,49,48,45,44,55,54,51,50,47,46), 
          ( 1,30,16,44)( 2,29,15,43)( 3,42,18,56)( 4,41,17,55)( 5,40,20,54)( 6,39,19,53)( 7,38,22,52)( 8,37,21,51)( 9,36,24,50)(10,35,23,49)(11,34,26,48)(12,33,25,47)(13,32,28,46)(14,31,27,45) ],
      p := ( 2,43,49,37,26,56,52,22,18,41,48, 8,16, 4)( 3,15,14,17,11,45,23,32, 6,29,25,46,21,28,53,36, 7)( 5,13,27,47,10,44,51,24,42,54,38,20)( 9,30,19,31,12,55,50,35,33)(34,39),
      q := ( 2,29,19,45,21,18,55,36, 9,44,37,20,11,31, 6,43,35,47, 8,16,14,27,33, 7,13,17, 5, 3,15, 4)(10,30,25,32,12,41,34,53,50,49,51,22,28,39,48)(23,46)(24,56,38,26,42,40,54,52) ), rec(
      gadd := [ ( 1,33,10,42, 3,35,12,30, 5,37,14,32, 7,39, 2,34, 9,41, 4,36,11,29, 6,38,13,31, 8,40)(15,47,24,56,17,49,26,44,19,51,28,46,21,53,16,48,23,55,18,50,25,43,20,52,27,45,22,54), 
          ( 1,53, 8,46,13,51, 6,44,11,49, 4,56, 9,47, 2,54, 7,45,14,52, 5,43,12,50, 3,55,10,48)(15,39,22,32,27,37,20,30,25,35,18,42,23,33,16,40,21,31,28,38,19,29,26,36,17,41,24,34) ],
      gmul := [ ( 1,34,10,41, 3,36,12,29, 5,38,14,31, 7,40, 2,33, 9,42, 4,35,11,30, 6,37,13,32, 8,39)(15,47,24,56,17,49,26,44,19,51,28,46,21,53,16,48,23,55,18,50,25,43,20,52,27,45,22,54), 
          ( 1,53)( 2,54)( 3,51)( 4,52)( 5,49)( 6,50)( 7,47)( 8,48)( 9,45)(10,46)(11,43)(12,44)(13,55)(14,56)(15,40)(16,39)(17,38)(18,37)(19,36)(20,35)(21,34)(22,33)(23,32)(24,31)(25,30)(26,29)(27,42)(28,41) ]
       ,
      p := ( 2,30,25,46,23,40,36, 7, 3,15,14,27,18,41,48, 8,43,20, 5,13,17,11,44,26,56,24,34,39,38,53,50,35,33, 9,42,54,52,51,49,37,47,10,32, 6,29,19,31,12,16, 4)(21,45)(22,55),
      q := ( 2,29,19,42,54,52,51,49,36, 9,31, 6,30,25,46,23,33, 7,13,17, 5, 3,15, 4)( 8,43,20,11,44,26,56,24,39,35,40,37,47)(10,41,48)(12,16,14,27,18,32)(21,45)(22,55)(38,53,50) ), rec(
      gadd := [ ( 1,16)( 2,15)( 3,18)( 4,17)( 5,20)( 6,19)( 7,22)( 8,21)( 9,24)(10,23)(11,26)(12,25)(13,28)(14,27)(29,44)(30,43)(31,46)(32,45)(33,48)(34,47)
            (35,50)(36,49)(37,52)(38,51)(39,54)(40,53)(41,56)(42,55), ( 1,45, 6,50, 9,53,14,44, 3,47, 8,52,11,55, 2,46, 5,49,10,54,13,43, 4,48, 7,51,12,56)(15,31,20,36,23,39,28,30,17,33,22,38,25,41,16,32,19,
             35,24,40,27,29,18,34,21,37,26,42) ],
      gmul := [ ( 1,27)( 2,28)( 3,25)( 4,26)( 5,23)( 6,24)( 7,21)( 8,22)( 9,19)(10,20)(11,17)(12,18)(13,15)(14,16)(29,55)(30,56)(31,53)(32,54)(33,51)(34,52)
            (35,49)(36,50)(37,47)(38,48)(39,45)(40,46)(41,43)(42,44), ( 1,47, 2,48)( 3,45, 4,46)( 5,43, 6,44)( 7,55, 8,56)( 9,53,10,54)(11,51,12,52)(13,49,14,50)(15,34,16,33)(17,32,18,31)(19,30,20,29)
            (21,42,22,41)(23,40,24,39)(25,38,26,37)(27,36,28,35) ],
      p := ( 2,30,25,46,23,40,36,53,50,51,37,39,38,33, 9,42,54,52,35,47,10,32, 6, 3,15,14,27,18, 5,13,17,11,44,26,56,24,34, 7,43,20,55,22,31,12,16, 4)( 8,29,19,45,21,41,48),
      q := ( 2,30,25,45,21,31, 6,13,17, 5, 3,15, 4)( 7,44,26,55,22,41,47, 8,29,19,46,23,34, 9,32,12,16,14,27,18,11,43,20,56,24,40,38,39,36,54,51,35,48,10,42,53,49,50,52,37,33) ), rec(
      gadd := [ ( 1,16)( 2,15)( 3,18)( 4,17)( 5,20)( 6,19)( 7,22)( 8,21)( 9,24)(10,23)(11,26)(12,25)(13,28)(14,27)(29,44)(30,43)(31,46)(32,45)(33,48)(34,47)
            (35,50)(36,49)(37,52)(38,51)(39,54)(40,53)(41,56)(42,55), ( 1,40, 8,31,13,38, 6,29,11,36, 4,41, 9,34, 2,39, 7,32,14,37, 5,30,12,35, 3,42,10,33)(15,54,22,45,27,52,20,43,25,50,18,55,23,48,16,53,21,
             46,28,51,19,44,26,49,17,56,24,47) ],
      gmul := [ ( 1,25)( 2,26)( 3,23)( 4,24)( 5,21)( 6,22)( 7,19)( 8,20)( 9,17)(10,18)(11,15)(12,16)(13,27)(14,28)(29,54)(30,53)(31,52)(32,51)(33,50)(34,49)
            (35,48)(36,47)(37,46)(38,45)(39,44)(40,43)(41,56)(42,55), ( 1,31, 6,36, 9,39,14,30, 3,33, 8,38,11,41, 2,32, 5,35,10,40,13,29, 4,34, 7,37,12,42)(15,46,20,49,23,54,28,43,17,48,22,51,25,56,16,45,19,
             50,24,53,27,44,18,47,21,52,26,55) ],
      p := ( 2,30,25,18,41,20, 5,13,44,48, 8,43,21,45,54,24,34,39,38,53,22,55,50,35,33, 9,42,26,28,46,23,40,36, 7, 3,15,14,27,19,31,12,17,11,16, 4)( 6,29,56,52,51,49,37,47,10,32),
      q := ( 2,29,55,49,36, 9,31, 6,30,25,18,32,12,17, 5, 3,15, 4)( 7,13,43,21,46,23,33)( 8,44,47)(10,41,20,11,16,14,27,19,42,26,28,45,53,22,56,51,50,38,54,24,39,35,40,37,48) ), rec(
      gadd := [ ( 1,19, 9,27, 3,21,11,15, 5,23,13,17, 7,25)( 2,20,10,28, 4,22,12,16, 6,24,14,18, 8,26)(29,47,37,55,31,49,39,43,33,51,41,45,35,53)(30,48,38,56,32,50,40,44,34,52,42,46,36,54), 
          ( 1,35,14,34,11,31,10,30, 7,41, 6,40, 3,37, 2,36,13,33,12,32, 9,29, 8,42, 5,39, 4,38)(15,49,28,48,25,45,24,44,21,55,20,54,17,51,16,50,27,47,26,46,23,43,22,56,19,53,18,52) ],
      gmul := [ ( 1, 6, 9,14, 3, 8,11, 2, 5,10,13, 4, 7,12)(15,20,23,28,17,22,25,16,19,24,27,18,21,26)(29,34,37,42,31,36,39,30,33,38,41,32,35,40)(43,48,51,56,45,50,53,44,47,52,55,46,49,54), 
          ( 1,38, 3,40, 5,42, 7,30, 9,32,11,34,13,36)( 2,37, 4,39, 6,41, 8,29,10,31,12,33,14,35)(15,51,17,53,19,55,21,43,23,45,25,47,27,49)(16,52,18,54,20,56,22,44,24,46,26,48,28,50), 
          ( 1,47)( 2,48)( 3,45)( 4,46)( 5,43)( 6,44)( 7,55)( 8,56)( 9,53)(10,54)(11,51)(12,52)(13,49)(14,50)(15,34)(16,33)(17,32)(18,31)(19,30)(20,29)(21,42)(22,41)(23,40)(24,39)(25,38)(26,37)(27,36)(28,35) ]
       ,
      p := ( 2,30, 6, 3,15, 4)( 5,13,27,19,45,10,32, 7,43,21,41,20,55,50,51,37,39,38,33,46, 8,29,12,17)( 9,42,26,28,25,18,44,23,40,36,53,22,31)(11,16)(24,34,56,52,35,47,48,54),
      q := ( 2,30,12,17,11,16, 5, 3,15,14, 4)( 6,13,27,19,45, 8,29)( 7,43,21,31)( 9,32)(10,42,26,28,25,18,44,23,34,56,52,37,33,46)(20,55,50,51,35,47,48,54,24,40,38,39,36,53,22,41) ), rec(
      gadd := [ ( 1,36,14,33,11,32,10,29, 7,42, 6,39, 3,38, 2,35,13,34,12,31, 9,30, 8,41, 5,40, 4,37)(15,50,28,47,25,46,24,43,21,56,20,53,17,52,16,49,27,48,26,45,23,44,22,55,19,54,18,51), 
          ( 1,52, 4,53, 5,56, 8,43, 9,46,12,47,13,50, 2,51, 3,54, 6,55, 7,44,10,45,11,48,14,49)(15,38,18,39,19,42,22,29,23,32,26,33,27,36,16,37,17,40,20,41,21,30,24,31,25,34,28,35) ],
      gmul := [ ( 1,25, 7,17,13,23, 5,15,11,21, 3,27, 9,19)( 2,26, 8,18,14,24, 6,16,12,22, 4,28,10,20)(29,53,35,45,41,51,33,43,39,49,31,55,37,47)(30,54,36,46,42,52,34,44,40,50,32,56,38,48), 
          ( 1,29,16,44)( 2,30,15,43)( 3,31,18,46)( 4,32,17,45)( 5,33,20,48)( 6,34,19,47)( 7,35,22,50)( 8,36,21,49)( 9,37,24,52)(10,38,23,51)(11,39,26,54)(12,40,25,53)(13,41,28,56)(14,42,27,55) ],
      p := ( 2,44,50,35,33, 9,30,19,31,12,46,21,28,48, 8,16, 4)( 3,15,14,17,11,56,49,37,26,45,23,42,47,10,43,52,22,18,41,53,38,20, 5,13,27,54,36, 7)( 6,29,25,55,51,24,32)(34,39,40),
      q := ( 2,29,19,56,38,26,42,40,53,49,50,52,24,55,36, 9,43,35,54,51,22,28,39,47, 8,16,14,27,33, 7,13,17, 5, 3,15, 4)( 6,44,37,20,11,31)(10,30,25,32,12,41,34,48)(18,46,23,45,21) ), rec(
      gadd := [ ( 1,25, 7,17,13,23, 5,15,11,21, 3,27, 9,19)( 2,26, 8,18,14,24, 6,16,12,22, 4,28,10,20)(29,53,35,45,41,51,33,43,39,49,31,55,37,47)(30,54,36,46,42,52,34,44,40,50,32,56,38,48), 
          ( 1,51, 4,54, 5,55, 8,44, 9,45,12,48,13,49, 2,52, 3,53, 6,56, 7,43,10,46,11,47,14,50)(15,37,18,40,19,41,22,30,23,31,26,34,27,35,16,38,17,39,20,42,21,29,24,32,25,33,28,36) ],
      gmul := [ ( 1,40, 2,39)( 3,38, 4,37)( 5,36, 6,35)( 7,34, 8,33)( 9,32,10,31)(11,30,12,29)(13,42,14,41)(15,54,16,53)(17,52,18,51)(19,50,20,49)(21,48,22,47)(23,46,24,45)(25,44,26,43)(27,56,28,55), 
          ( 1,43, 2,44)( 3,55, 4,56)( 5,53, 6,54)( 7,51, 8,52)( 9,49,10,50)(11,47,12,48)(13,45,14,46)(15,30,16,29)(17,42,18,41)(19,40,20,39)(21,38,22,37)(23,36,24,35)(25,34,26,33)(27,32,28,31) ],
      p := ( 2,16, 4)( 3,30,40,54,52,35,39,48, 8)( 5,13,32, 6,15,14,42,53,50,37,33, 9,44,22)( 7,29,34,25,26,55,51,21,31,12,18,27,45,36,19,41,24,56,49,23,46,38)(10,28,20,17,11,43,47),
      q := ( 2,15, 4)( 3,29,33, 7,30,39,47, 8,13,31, 6,16,14,41,21,32,12,27,46,37,34,20,28,25,19,42,54,51,24,55,52,36,26,56,50,38, 9,43,48,10,17, 5)(11,44,23,45,35,40,53,49,22) ), rec(
      gadd := [ ( 1,25, 7,17,13,23, 5,15,11,21, 3,27, 9,19)( 2,26, 8,18,14,24, 6,16,12,22, 4,28,10,20)(29,53,35,45,41,51,33,43,39,49,31,55,37,47)(30,54,36,46,42,52,34,44,40,50,32,56,38,48), 
          ( 1,33,10,42, 3,35,12,30, 5,37,14,32, 7,39, 2,34, 9,41, 4,36,11,29, 6,38,13,31, 8,40)(15,47,24,56,17,49,26,44,19,51,28,46,21,53,16,48,23,55,18,50,25,43,20,52,27,45,22,54) ],
      gmul := [ ( 1,31)( 2,32)( 3,29)( 4,30)( 5,41)( 6,42)( 7,39)( 8,40)( 9,37)(10,38)(11,35)(12,36)(13,33)(14,34)(15,45)(16,46)(17,43)(18,44)(19,55)(20,56)
            (21,53)(22,54)(23,51)(24,52)(25,49)(26,50)(27,47)(28,48), ( 1,51, 2,52)( 3,49, 4,50)( 5,47, 6,48)( 7,45, 8,46)( 9,43,10,44)(11,55,12,56)(13,53,14,54)(15,38,16,37)(17,36,18,35)(19,34,20,33)
