## size 44
BRACES[44] := rec( total := -1, implemented := 9, size := 44, brace := [] );
BRACES[44].brace[1] := rec ( size := 44, perms :=
[ [ (), () ], [ (1,3)(2,4), ( 1, 7)( 2,42)( 3,13)( 4,40)( 5,44)( 6,37)( 8,43)( 9,34)(10,32)(11,41)(12,30)(14,28)(15,39)(16,26)(17,38)(18,24)(19,36)
        (20,22)(21,35)(23,33)(25,31)(27,29) ], [ ( 5,13,10, 7,15,12, 9, 6,14,11, 8), ( 1,32,28,24,20,16,12, 9, 6, 4, 2)( 3,38,35,31,27,23,19,15,11, 8, 5)
        ( 7,42,40,37,34,30,26,22,18,14,10)(13,44,43,41,39,36,33,29,25,21,17) ], 
  [ ( 1, 3)( 2, 4)( 5,13,10, 7,15,12, 9, 6,14,11, 8), ( 1,42)( 2,40)( 3,44)( 4,37)( 5,43)( 6,34)( 7,32)( 8,41)( 9,30)(10,28)(11,39)(12,26)(13,38)
        (14,24)(15,36)(16,22)(17,35)(18,20)(19,33)(21,31)(23,29)(25,27) ], 
  [ ( 5,10,15, 9,14, 8,13, 7,12, 6,11), ( 1,28,20,12, 6, 2,32,24,16, 9, 4)( 3,35,27,19,11, 5,38,31,23,15, 8)( 7,40,34,26,18,10,42,37,30,22,14)
        (13,43,39,33,25,17,44,41,36,29,21) ], [ ( 1, 3)( 2, 4)( 5,10,15, 9,14, 8,13, 7,12, 6,11), ( 1,40)( 2,37)( 3,43)( 4,34)( 5,41)( 6,30)( 7,28)( 8,39)
        ( 9,26)(10,24)(11,36)(12,22)(13,35)(14,20)(15,33)(16,18)(17,31)(19,29)(21,27)(23,25)(32,42)(38,44) ], 
  [ ( 5, 7, 9,11,13,15, 6, 8,10,12,14), ( 1,24,12, 4,32,20, 9, 2,28,16, 6)( 3,31,19, 8,38,27,15, 5,35,23,11)( 7,37,26,14,42,34,22,10,40,30,18)
        (13,41,33,21,44,39,29,17,43,36,25) ], [ ( 1, 3)( 2, 4)( 5, 7, 9,11,13,15, 6, 8,10,12,14), ( 1,37)( 2,34)( 3,41)( 4,30)( 5,39)( 6,26)( 7,24)( 8,36)
        ( 9,22)(10,20)(11,33)(12,18)(13,31)(14,16)(15,29)(17,27)(19,25)(21,23)(28,42)(32,40)(35,44)(38,43) ], 
  [ ( 5,15,14,13,12,11,10, 9, 8, 7, 6), ( 1,20, 6,32,16, 4,28,12, 2,24, 9)( 3,27,11,38,23, 8,35,19, 5,31,15)( 7,34,18,42,30,14,40,26,10,37,22)
        (13,39,25,44,36,21,43,33,17,41,29) ], [ ( 1, 3)( 2, 4)( 5,15,14,13,12,11,10, 9, 8, 7, 6), ( 1,34)( 2,30)( 3,39)( 4,26)( 5,36)( 6,22)( 7,20)( 8,33)
        ( 9,18)(10,16)(11,29)(12,14)(13,27)(15,25)(17,23)(19,21)(24,42)(28,40)(31,44)(32,37)(35,43)(38,41) ], 
  [ ( 5,12, 8,15,11, 7,14,10, 6,13, 9), ( 1,16, 2,20, 4,24, 6,28, 9,32,12)( 3,23, 5,27, 8,31,11,35,15,38,19)( 7,30,10,34,14,37,18,40,22,42,26)
        (13,36,17,39,21,41,25,43,29,44,33) ], [ ( 1, 3)( 2, 4)( 5,12, 8,15,11, 7,14,10, 6,13, 9), ( 1,30)( 2,26)( 3,36)( 4,22)( 5,33)( 6,18)( 7,16)( 8,29)
        ( 9,14)(10,12)(11,25)(13,23)(15,21)(17,19)(20,42)(24,40)(27,44)(28,37)(31,43)(32,34)(35,41)(38,39) ], 
  [ ( 5, 9,13, 6,10,14, 7,11,15, 8,12), ( 1,12,32, 9,28, 6,24, 4,20, 2,16)( 3,19,38,15,35,11,31, 8,27, 5,23)( 7,26,42,22,40,18,37,14,34,10,30)
        (13,33,44,29,43,25,41,21,39,17,36) ], [ ( 1, 3)( 2, 4)( 5, 9,13, 6,10,14, 7,11,15, 8,12), ( 1,26)( 2,22)( 3,33)( 4,18)( 5,29)( 6,14)( 7,12)( 8,25)
        ( 9,10)(11,21)(13,19)(15,17)(16,42)(20,40)(23,44)(24,37)(27,43)(28,34)(30,32)(31,41)(35,39)(36,38) ], 
  [ ( 5, 6, 7, 8, 9,10,11,12,13,14,15), ( 1, 9,24, 2,12,28, 4,16,32, 6,20)( 3,15,31, 5,19,35, 8,23,38,11,27)( 7,22,37,10,26,40,14,30,42,18,34)
        (13,29,41,17,33,43,21,36,44,25,39) ], [ ( 1, 3)( 2, 4)( 5, 6, 7, 8, 9,10,11,12,13,14,15), ( 1,22)( 2,18)( 3,29)( 4,14)( 5,25)( 6,10)( 7, 9)( 8,21)
        (11,17)(12,42)(13,15)(16,40)(19,44)(20,37)(23,43)(24,34)(26,32)(27,41)(28,30)(31,39)(33,38)(35,36) ], 
  [ ( 5,14,12,10, 8, 6,15,13,11, 9, 7), ( 1, 6,16,28, 2, 9,20,32, 4,12,24)( 3,11,23,35, 5,15,27,38, 8,19,31)( 7,18,30,40,10,22,34,42,14,26,37)
        (13,25,36,43,17,29,39,44,21,33,41) ], [ ( 1, 3)( 2, 4)( 5,14,12,10, 8, 6,15,13,11, 9, 7), ( 1,18)( 2,14)( 3,25)( 4,10)( 5,21)( 6, 7)( 8,17)( 9,42)
        (11,13)(12,40)(15,44)(16,37)(19,43)(20,34)(22,32)(23,41)(24,30)(26,28)(27,39)(29,38)(31,36)(33,35) ], 
  [ ( 5,11, 6,12, 7,13, 8,14, 9,15,10), ( 1, 4, 9,16,24,32, 2, 6,12,20,28)( 3, 8,15,23,31,38, 5,11,19,27,35)( 7,14,22,30,37,42,10,18,26,34,40)
        (13,21,29,36,41,44,17,25,33,39,43) ], [ ( 1, 3)( 2, 4)( 5,11, 6,12, 7,13, 8,14, 9,15,10), ( 1,14)( 2,10)( 3,21)( 4, 7)( 5,17)( 6,42)( 8,13)( 9,40)
        (11,44)(12,37)(15,43)(16,34)(18,32)(19,41)(20,30)(22,28)(23,39)(24,26)(25,38)(27,36)(29,35)(31,33) ], 
  [ ( 5, 8,11,14, 6, 9,12,15, 7,10,13), ( 1, 2, 4, 6, 9,12,16,20,24,28,32)( 3, 5, 8,11,15,19,23,27,31,35,38)( 7,10,14,18,22,26,30,34,37,40,42)
        (13,17,21,25,29,33,36,39,41,43,44) ], [ ( 1, 3)( 2, 4)( 5, 8,11,14, 6, 9,12,15, 7,10,13), ( 1,10)( 2, 7)( 3,17)( 4,42)( 5,13)( 6,40)( 8,44)( 9,37)
        (11,43)(12,34)(14,32)(15,41)(16,30)(18,28)(19,39)(20,26)(21,38)(22,24)(23,36)(25,35)(27,33)(29,31) ], 
  [ (1,2,3,4), ( 1,13)( 2,44)( 3, 7)( 4,43)( 5,42)( 6,41)( 8,40)( 9,39)(10,38)(11,37)(12,36)(14,35)(15,34)(16,33)(17,32)(18,31)(19,30)(20,29)
        (21,28)(22,27)(23,26)(24,25) ], [ (1,4,3,2), ( 1, 3)( 2, 5)( 4, 8)( 6,11)( 7,13)( 9,15)(10,17)(12,19)(14,21)(16,23)(18,25)(20,27)(22,29)(24,31)(26,33)
        (28,35)(30,36)(32,38)(34,39)(37,41)(40,43)(42,44) ], 
  [ ( 1, 2, 3, 4)( 5,13,10, 7,15,12, 9, 6,14,11, 8), ( 1,44)( 2,43)( 3,42)( 4,41)( 5,40)( 6,39)( 7,38)( 8,37)( 9,36)(10,35)(11,34)(12,33)(13,32)
        (14,31)(15,30)(16,29)(17,28)(18,27)(19,26)(20,25)(21,24)(22,23) ], 
  [ ( 1, 4, 3, 2)( 5,13,10, 7,15,12, 9, 6,14,11, 8), ( 1,38,28,31,20,23,12,15, 6, 8, 2, 3,32,35,24,27,16,19, 9,11, 4, 5)( 7,44,40,41,34,36,26,29,18,21,
         10,13,42,43,37,39,30,33,22,25,14,17) ], [ ( 1, 2, 3, 4)( 5,10,15, 9,14, 8,13, 7,12, 6,11), ( 1,43)( 2,41)( 3,40)( 4,39)( 5,37)( 6,36)( 7,35)( 8,34)( 9,33)
        (10,31)(11,30)(12,29)(13,28)(14,27)(15,26)(16,25)(17,24)(18,23)(19,22)(20,21)(32,44)(38,42) ], 
  [ ( 1, 4, 3, 2)( 5,10,15, 9,14, 8,13, 7,12, 6,11), ( 1,35,20,19, 6, 5,32,31,16,15, 4, 3,28,27,12,11, 2,38,24,23, 9, 8)( 7,43,34,33,18,17,42,41,30,
         29,14,13,40,39,26,25,10,44,37,36,22,21) ], [ ( 1, 2, 3, 4)( 5, 7, 9,11,13,15, 6, 8,10,12,14), ( 1,41)( 2,39)( 3,37)( 4,36)( 5,34)( 6,33)( 7,31)( 8,30)
        ( 9,29)(10,27)(11,26)(12,25)(13,24)(14,23)(15,22)(16,21)(17,20)(18,19)(28,44)(32,43)(35,42)(38,40) ], 
  [ ( 1, 4, 3, 2)( 5, 7, 9,11,13,15, 6, 8,10,12,14), ( 1,31,12, 8,32,27, 9, 5,28,23, 6, 3,24,19, 4,38,20,15, 2,35,16,11)( 7,41,26,21,42,39,22,17,
         40,36,18,13,37,33,14,44,34,29,10,43,30,25) ], [ ( 1, 2, 3, 4)( 5,15,14,13,12,11,10, 9, 8, 7, 6), ( 1,39)( 2,36)( 3,34)( 4,33)( 5,30)( 6,29)( 7,27)( 8,26)
        ( 9,25)(10,23)(11,22)(12,21)(13,20)(14,19)(15,18)(16,17)(24,44)(28,43)(31,42)(32,41)(35,40)(37,38) ], 
  [ ( 1, 4, 3, 2)( 5,15,14,13,12,11,10, 9, 8, 7, 6), ( 1,27, 6,38,16, 8,28,19, 2,31, 9, 3,20,11,32,23, 4,35,12, 5,24,15)( 7,39,18,44,30,21,40,33,
         10,41,22,13,34,25,42,36,14,43,26,17,37,29) ], [ ( 1, 2, 3, 4)( 5,12, 8,15,11, 7,14,10, 6,13, 9), ( 1,36)( 2,33)( 3,30)( 4,29)( 5,26)( 6,25)( 7,23)( 8,22)
        ( 9,21)(10,19)(11,18)(12,17)(13,16)(14,15)(20,44)(24,43)(27,42)(28,41)(31,40)(32,39)(34,38)(35,37) ], 
  [ ( 1, 4, 3, 2)( 5,12, 8,15,11, 7,14,10, 6,13, 9), ( 1,23, 2,27, 4,31, 6,35, 9,38,12, 3,16, 5,20, 8,24,11,28,15,32,19)( 7,36,10,39,14,41,18,43,
         22,44,26,13,30,17,34,21,37,25,40,29,42,33) ], [ ( 1, 2, 3, 4)( 5, 9,13, 6,10,14, 7,11,15, 8,12), ( 1,33)( 2,29)( 3,26)( 4,25)( 5,22)( 6,21)( 7,19)( 8,18)
        ( 9,17)(10,15)(11,14)(12,13)(16,44)(20,43)(23,42)(24,41)(27,40)(28,39)(30,38)(31,37)(32,36)(34,35) ], 
  [ ( 1, 4, 3, 2)( 5, 9,13, 6,10,14, 7,11,15, 8,12), ( 1,19,32,15,28,11,24, 8,20, 5,16, 3,12,38, 9,35, 6,31, 4,27, 2,23)( 7,33,42,29,40,25,37,21,
         34,17,30,13,26,44,22,43,18,41,14,39,10,36) ], [ ( 1, 2, 3, 4)( 5, 6, 7, 8, 9,10,11,12,13,14,15), ( 1,29)( 2,25)( 3,22)( 4,21)( 5,18)( 6,17)( 7,15)( 8,14)
        ( 9,13)(10,11)(12,44)(16,43)(19,42)(20,41)(23,40)(24,39)(26,38)(27,37)(28,36)(30,35)(31,34)(32,33) ], 
  [ ( 1, 4, 3, 2)( 5, 6, 7, 8, 9,10,11,12,13,14,15), ( 1,15,24, 5,12,35, 4,23,32,11,20, 3, 9,31, 2,19,28, 8,16,38, 6,27)( 7,29,37,17,26,43,14,36,
         42,25,34,13,22,41,10,33,40,21,30,44,18,39) ], [ ( 1, 2, 3, 4)( 5,14,12,10, 8, 6,15,13,11, 9, 7), ( 1,25)( 2,21)( 3,18)( 4,17)( 5,14)( 6,13)( 7,11)( 8,10)
        ( 9,44)(12,43)(15,42)(16,41)(19,40)(20,39)(22,38)(23,37)(24,36)(26,35)(27,34)(28,33)(29,32)(30,31) ], 
  [ ( 1, 4, 3, 2)( 5,14,12,10, 8, 6,15,13,11, 9, 7), ( 1,11,16,35, 2,15,20,38, 4,19,24, 3, 6,23,28, 5, 9,27,32, 8,12,31)( 7,25,30,43,10,29,34,44,
         14,33,37,13,18,36,40,17,22,39,42,21,26,41) ], [ ( 1, 2, 3, 4)( 5,11, 6,12, 7,13, 8,14, 9,15,10), ( 1,21)( 2,17)( 3,14)( 4,13)( 5,10)( 6,44)( 7, 8)( 9,43)
        (11,42)(12,41)(15,40)(16,39)(18,38)(19,37)(20,36)(22,35)(23,34)(24,33)(25,32)(26,31)(27,30)(28,29) ], 
  [ ( 1, 4, 3, 2)( 5,11, 6,12, 7,13, 8,14, 9,15,10), ( 1, 8, 9,23,24,38, 2,11,12,27,28, 3, 4,15,16,31,32, 5, 6,19,20,35)( 7,21,22,36,37,44,10,25,
         26,39,40,13,14,29,30,41,42,17,18,33,34,43) ], [ ( 1, 2, 3, 4)( 5, 8,11,14, 6, 9,12,15, 7,10,13), ( 1,17)( 2,13)( 3,10)( 4,44)( 5, 7)( 6,43)( 8,42)( 9,41)
        (11,40)(12,39)(14,38)(15,37)(16,36)(18,35)(19,34)(20,33)(21,32)(22,31)(23,30)(24,29)(25,28)(26,27) ], 
  [ ( 1, 4, 3, 2)( 5, 8,11,14, 6, 9,12,15, 7,10,13), ( 1, 5, 4,11, 9,19,16,27,24,35,32, 3, 2, 8, 6,15,12,23,20,31,28,38)( 7,17,14,25,22,33,30,39,
         37,43,42,13,10,21,18,29,26,36,34,41,40,44) ] ]
);

BRACES[44].brace[2] := rec ( size := 44, perms :=
[ [ (), () ], [ (1,3)(2,4), (1,2) ], [ ( 5,13,10, 7,15,12, 9, 6,14,11, 8), ( 5,11, 6,12, 7,13, 8,14, 9,15,10) ], 
  [ ( 1, 3)( 2, 4)( 5,13,10, 7,15,12, 9, 6,14,11, 8), ( 1, 2)( 5,11, 6,12, 7,13, 8,14, 9,15,10) ], 
  [ ( 5,10,15, 9,14, 8,13, 7,12, 6,11), ( 5, 6, 7, 8, 9,10,11,12,13,14,15) ], 
  [ ( 1, 3)( 2, 4)( 5,10,15, 9,14, 8,13, 7,12, 6,11), ( 1, 2)( 5, 6, 7, 8, 9,10,11,12,13,14,15) ], 
  [ ( 5, 7, 9,11,13,15, 6, 8,10,12,14), ( 5,12, 8,15,11, 7,14,10, 6,13, 9) ], 
  [ ( 1, 3)( 2, 4)( 5, 7, 9,11,13,15, 6, 8,10,12,14), ( 1, 2)( 5,12, 8,15,11, 7,14,10, 6,13, 9) ], 
  [ ( 5,15,14,13,12,11,10, 9, 8, 7, 6), ( 5, 7, 9,11,13,15, 6, 8,10,12,14) ], 
  [ ( 1, 3)( 2, 4)( 5,15,14,13,12,11,10, 9, 8, 7, 6), ( 1, 2)( 5, 7, 9,11,13,15, 6, 8,10,12,14) ], 
  [ ( 5,12, 8,15,11, 7,14,10, 6,13, 9), ( 5,13,10, 7,15,12, 9, 6,14,11, 8) ], 
  [ ( 1, 3)( 2, 4)( 5,12, 8,15,11, 7,14,10, 6,13, 9), ( 1, 2)( 5,13,10, 7,15,12, 9, 6,14,11, 8) ], 
  [ ( 5, 9,13, 6,10,14, 7,11,15, 8,12), ( 5, 8,11,14, 6, 9,12,15, 7,10,13) ], 
  [ ( 1, 3)( 2, 4)( 5, 9,13, 6,10,14, 7,11,15, 8,12), ( 1, 2)( 5, 8,11,14, 6, 9,12,15, 7,10,13) ], 
  [ ( 5, 6, 7, 8, 9,10,11,12,13,14,15), ( 5,14,12,10, 8, 6,15,13,11, 9, 7) ], 
  [ ( 1, 3)( 2, 4)( 5, 6, 7, 8, 9,10,11,12,13,14,15), ( 1, 2)( 5,14,12,10, 8, 6,15,13,11, 9, 7) ], 
  [ ( 5,14,12,10, 8, 6,15,13,11, 9, 7), ( 5, 9,13, 6,10,14, 7,11,15, 8,12) ], 
  [ ( 1, 3)( 2, 4)( 5,14,12,10, 8, 6,15,13,11, 9, 7), ( 1, 2)( 5, 9,13, 6,10,14, 7,11,15, 8,12) ], 
  [ ( 5,11, 6,12, 7,13, 8,14, 9,15,10), ( 5,15,14,13,12,11,10, 9, 8, 7, 6) ], 
  [ ( 1, 3)( 2, 4)( 5,11, 6,12, 7,13, 8,14, 9,15,10), ( 1, 2)( 5,15,14,13,12,11,10, 9, 8, 7, 6) ], 
  [ ( 5, 8,11,14, 6, 9,12,15, 7,10,13), ( 5,10,15, 9,14, 8,13, 7,12, 6,11) ], 
  [ ( 1, 3)( 2, 4)( 5, 8,11,14, 6, 9,12,15, 7,10,13), ( 1, 2)( 5,10,15, 9,14, 8,13, 7,12, 6,11) ], [ (1,2,3,4), (3,4) ], [ (1,4,3,2), (1,2)(3,4) ], 
  [ ( 1, 2, 3, 4)( 5,13,10, 7,15,12, 9, 6,14,11, 8), ( 3, 4)( 5,11, 6,12, 7,13, 8,14, 9,15,10) ], 
  [ ( 1, 4, 3, 2)( 5,13,10, 7,15,12, 9, 6,14,11, 8), ( 1, 2)( 3, 4)( 5,11, 6,12, 7,13, 8,14, 9,15,10) ], 
  [ ( 1, 2, 3, 4)( 5,10,15, 9,14, 8,13, 7,12, 6,11), ( 3, 4)( 5, 6, 7, 8, 9,10,11,12,13,14,15) ], 
  [ ( 1, 4, 3, 2)( 5,10,15, 9,14, 8,13, 7,12, 6,11), ( 1, 2)( 3, 4)( 5, 6, 7, 8, 9,10,11,12,13,14,15) ], 
  [ ( 1, 2, 3, 4)( 5, 7, 9,11,13,15, 6, 8,10,12,14), ( 3, 4)( 5,12, 8,15,11, 7,14,10, 6,13, 9) ], 
  [ ( 1, 4, 3, 2)( 5, 7, 9,11,13,15, 6, 8,10,12,14), ( 1, 2)( 3, 4)( 5,12, 8,15,11, 7,14,10, 6,13, 9) ], 
  [ ( 1, 2, 3, 4)( 5,15,14,13,12,11,10, 9, 8, 7, 6), ( 3, 4)( 5, 7, 9,11,13,15, 6, 8,10,12,14) ], 
  [ ( 1, 4, 3, 2)( 5,15,14,13,12,11,10, 9, 8, 7, 6), ( 1, 2)( 3, 4)( 5, 7, 9,11,13,15, 6, 8,10,12,14) ], 
  [ ( 1, 2, 3, 4)( 5,12, 8,15,11, 7,14,10, 6,13, 9), ( 3, 4)( 5,13,10, 7,15,12, 9, 6,14,11, 8) ], 
  [ ( 1, 4, 3, 2)( 5,12, 8,15,11, 7,14,10, 6,13, 9), ( 1, 2)( 3, 4)( 5,13,10, 7,15,12, 9, 6,14,11, 8) ], 
  [ ( 1, 2, 3, 4)( 5, 9,13, 6,10,14, 7,11,15, 8,12), ( 3, 4)( 5, 8,11,14, 6, 9,12,15, 7,10,13) ], 
  [ ( 1, 4, 3, 2)( 5, 9,13, 6,10,14, 7,11,15, 8,12), ( 1, 2)( 3, 4)( 5, 8,11,14, 6, 9,12,15, 7,10,13) ], 
  [ ( 1, 2, 3, 4)( 5, 6, 7, 8, 9,10,11,12,13,14,15), ( 3, 4)( 5,14,12,10, 8, 6,15,13,11, 9, 7) ], 
  [ ( 1, 4, 3, 2)( 5, 6, 7, 8, 9,10,11,12,13,14,15), ( 1, 2)( 3, 4)( 5,14,12,10, 8, 6,15,13,11, 9, 7) ], 
  [ ( 1, 2, 3, 4)( 5,14,12,10, 8, 6,15,13,11, 9, 7), ( 3, 4)( 5, 9,13, 6,10,14, 7,11,15, 8,12) ], 
  [ ( 1, 4, 3, 2)( 5,14,12,10, 8, 6,15,13,11, 9, 7), ( 1, 2)( 3, 4)( 5, 9,13, 6,10,14, 7,11,15, 8,12) ], 
  [ ( 1, 2, 3, 4)( 5,11, 6,12, 7,13, 8,14, 9,15,10), ( 3, 4)( 5,15,14,13,12,11,10, 9, 8, 7, 6) ], 
  [ ( 1, 4, 3, 2)( 5,11, 6,12, 7,13, 8,14, 9,15,10), ( 1, 2)( 3, 4)( 5,15,14,13,12,11,10, 9, 8, 7, 6) ], 
  [ ( 1, 2, 3, 4)( 5, 8,11,14, 6, 9,12,15, 7,10,13), ( 3, 4)( 5,10,15, 9,14, 8,13, 7,12, 6,11) ], 
  [ ( 1, 4, 3, 2)( 5, 8,11,14, 6, 9,12,15, 7,10,13), ( 1, 2)( 3, 4)( 5,10,15, 9,14, 8,13, 7,12, 6,11) ] ]
);

BRACES[44].brace[3] := rec ( size := 44, perms :=
[ [ (), () ], [ (1,3)(2,4), ( 1, 3)( 2, 5)( 4, 7)( 6, 9)( 8,12)(10,14)(11,16)(13,18)(15,20)(17,22)(19,24)(21,26)(23,28)(25,30)(27,32)(29,34)(31,35)
        (33,37)(36,39)(38,41)(40,43)(42,44) ], [ ( 5,13,10, 7,15,12, 9, 6,14,11, 8), ( 1,31,27,23,19,15,11, 8, 6, 4, 2)( 3,35,32,28,24,20,16,12, 9, 7, 5)
        (10,42,40,38,36,33,29,25,21,17,13)(14,44,43,41,39,37,34,30,26,22,18) ], 
  [ ( 1, 3)( 2, 4)( 5,13,10, 7,15,12, 9, 6,14,11, 8), ( 1,35,27,28,19,20,11,12, 6, 7, 2, 3,31,32,23,24,15,16, 8, 9, 4, 5)(10,44,40,41,36,37,29,30,21,
         22,13,14,42,43,38,39,33,34,25,26,17,18) ], [ ( 5,10,15, 9,14, 8,13, 7,12, 6,11), ( 1,27,19,11, 6, 2,31,23,15, 8, 4)( 3,32,24,16, 9, 5,35,28,20,12, 7)
        (10,40,36,29,21,13,42,38,33,25,17)(14,43,39,34,26,18,44,41,37,30,22) ], 
  [ ( 1, 3)( 2, 4)( 5,10,15, 9,14, 8,13, 7,12, 6,11), ( 1,32,19,16, 6, 5,31,28,15,12, 4, 3,27,24,11, 9, 2,35,23,20, 8, 7)(10,43,36,34,21,18,42,41,33,
         30,17,14,40,39,29,26,13,44,38,37,25,22) ], [ ( 5, 7, 9,11,13,15, 6, 8,10,12,14), ( 1,23,11, 4,31,19, 8, 2,27,15, 6)( 3,28,16, 7,35,24,12, 5,32,20, 9)
        (10,38,29,17,42,36,25,13,40,33,21)(14,41,34,22,44,39,30,18,43,37,26) ], 
  [ ( 1, 3)( 2, 4)( 5, 7, 9,11,13,15, 6, 8,10,12,14), ( 1,28,11, 7,31,24, 8, 5,27,20, 6, 3,23,16, 4,35,19,12, 2,32,15, 9)(10,41,29,22,42,39,25,18,40,
         37,21,14,38,34,17,44,36,30,13,43,33,26) ], [ ( 5,15,14,13,12,11,10, 9, 8, 7, 6), ( 1,19, 6,31,15, 4,27,11, 2,23, 8)( 3,24, 9,35,20, 7,32,16, 5,28,12)
        (10,36,21,42,33,17,40,29,13,38,25)(14,39,26,44,37,22,43,34,18,41,30) ], 
  [ ( 1, 3)( 2, 4)( 5,15,14,13,12,11,10, 9, 8, 7, 6), ( 1,24, 6,35,15, 7,27,16, 2,28, 8, 3,19, 9,31,20, 4,32,11, 5,23,12)(10,39,21,44,33,22,40,34,13,
         41,25,14,36,26,42,37,17,43,29,18,38,30) ], [ ( 5,12, 8,15,11, 7,14,10, 6,13, 9), ( 1,15, 2,19, 4,23, 6,27, 8,31,11)( 3,20, 5,24, 7,28, 9,32,12,35,16)
        (10,33,13,36,17,38,21,40,25,42,29)(14,37,18,39,22,41,26,43,30,44,34) ], 
  [ ( 1, 3)( 2, 4)( 5,12, 8,15,11, 7,14,10, 6,13, 9), ( 1,20, 2,24, 4,28, 6,32, 8,35,11, 3,15, 5,19, 7,23, 9,27,12,31,16)(10,37,13,39,17,41,21,43,25,
         44,29,14,33,18,36,22,38,26,40,30,42,34) ], [ ( 5, 9,13, 6,10,14, 7,11,15, 8,12), ( 1,11,31, 8,27, 6,23, 4,19, 2,15)( 3,16,35,12,32, 9,28, 7,24, 5,20)
        (10,29,42,25,40,21,38,17,36,13,33)(14,34,44,30,43,26,41,22,39,18,37) ], 
  [ ( 1, 3)( 2, 4)( 5, 9,13, 6,10,14, 7,11,15, 8,12), ( 1,16,31,12,27, 9,23, 7,19, 5,15, 3,11,35, 8,32, 6,28, 4,24, 2,20)(10,34,42,30,40,26,38,22,36,
         18,33,14,29,44,25,43,21,41,17,39,13,37) ], [ ( 5, 6, 7, 8, 9,10,11,12,13,14,15), ( 1, 8,23, 2,11,27, 4,15,31, 6,19)( 3,12,28, 5,16,32, 7,20,35, 9,24)
        (10,25,38,13,29,40,17,33,42,21,36)(14,30,41,18,34,43,22,37,44,26,39) ], 
  [ ( 1, 3)( 2, 4)( 5, 6, 7, 8, 9,10,11,12,13,14,15), ( 1,12,23, 5,11,32, 4,20,31, 9,19, 3, 8,28, 2,16,27, 7,15,35, 6,24)(10,30,38,18,29,43,17,37,42,
         26,36,14,25,41,13,34,40,22,33,44,21,39) ], [ ( 5,14,12,10, 8, 6,15,13,11, 9, 7), ( 1, 6,15,27, 2, 8,19,31, 4,11,23)( 3, 9,20,32, 5,12,24,35, 7,16,28)
        (10,21,33,40,13,25,36,42,17,29,38)(14,26,37,43,18,30,39,44,22,34,41) ], 
  [ ( 1, 3)( 2, 4)( 5,14,12,10, 8, 6,15,13,11, 9, 7), ( 1, 9,15,32, 2,12,19,35, 4,16,23, 3, 6,20,27, 5, 8,24,31, 7,11,28)(10,26,33,43,13,30,36,44,17,
         34,38,14,21,37,40,18,25,39,42,22,29,41) ], [ ( 5,11, 6,12, 7,13, 8,14, 9,15,10), ( 1, 4, 8,15,23,31, 2, 6,11,19,27)( 3, 7,12,20,28,35, 5, 9,16,24,32)
        (10,17,25,33,38,42,13,21,29,36,40)(14,22,30,37,41,44,18,26,34,39,43) ], 
  [ ( 1, 3)( 2, 4)( 5,11, 6,12, 7,13, 8,14, 9,15,10), ( 1, 7, 8,20,23,35, 2, 9,11,24,27, 3, 4,12,15,28,31, 5, 6,16,19,32)(10,22,25,37,38,44,13,26,29,
         39,40,14,17,30,33,41,42,18,21,34,36,43) ], [ ( 5, 8,11,14, 6, 9,12,15, 7,10,13), ( 1, 2, 4, 6, 8,11,15,19,23,27,31)( 3, 5, 7, 9,12,16,20,24,28,32,35)
        (10,13,17,21,25,29,33,36,38,40,42)(14,18,22,26,30,34,37,39,41,43,44) ], 
  [ ( 1, 3)( 2, 4)( 5, 8,11,14, 6, 9,12,15, 7,10,13), ( 1, 5, 4, 9, 8,16,15,24,23,32,31, 3, 2, 7, 6,12,11,20,19,28,27,35)(10,18,17,26,25,34,33,39,38,
         43,42,14,13,22,21,30,29,37,36,41,40,44) ], [ (1,2,3,4), ( 1,14)( 2,44)( 3,10)( 4,43)( 5,42)( 6,41)( 7,40)( 8,39)( 9,38)(11,37)(12,36)(13,35)(15,34)(16,33)
        (17,32)(18,31)(19,30)(20,29)(21,28)(22,27)(23,26)(24,25) ], 
  [ (1,4,3,2), ( 1,10)( 2,42)( 3,14)( 4,40)( 5,44)( 6,38)( 7,43)( 8,36)( 9,41)(11,33)(12,39)(13,31)(15,29)(16,37)(17,27)(18,35)(19,25)
        (20,34)(21,23)(22,32)(24,30)(26,28) ], [ ( 1, 2, 3, 4)( 5,13,10, 7,15,12, 9, 6,14,11, 8), ( 1,44)( 2,43)( 3,42)( 4,41)( 5,40)( 6,39)( 7,38)( 8,37)( 9,36)
        (10,35)(11,34)(12,33)(13,32)(14,31)(15,30)(16,29)(17,28)(18,27)(19,26)(20,25)(21,24)(22,23) ], 
  [ ( 1, 4, 3, 2)( 5,13,10, 7,15,12, 9, 6,14,11, 8), ( 1,42)( 2,40)( 3,44)( 4,38)( 5,43)( 6,36)( 7,41)( 8,33)( 9,39)(10,31)(11,29)(12,37)(13,27)
        (14,35)(15,25)(16,34)(17,23)(18,32)(19,21)(20,30)(22,28)(24,26) ], 
  [ ( 1, 2, 3, 4)( 5,10,15, 9,14, 8,13, 7,12, 6,11), ( 1,43)( 2,41)( 3,40)( 4,39)( 5,38)( 6,37)( 7,36)( 8,34)( 9,33)(10,32)(11,30)(12,29)(13,28)
        (14,27)(15,26)(16,25)(17,24)(18,23)(19,22)(20,21)(31,44)(35,42) ], 
  [ ( 1, 4, 3, 2)( 5,10,15, 9,14, 8,13, 7,12, 6,11), ( 1,40)( 2,38)( 3,43)( 4,36)( 5,41)( 6,33)( 7,39)( 8,29)( 9,37)(10,27)(11,25)(12,34)(13,23)
        (14,32)(15,21)(16,30)(17,19)(18,28)(20,26)(22,24)(31,42)(35,44) ], 
  [ ( 1, 2, 3, 4)( 5, 7, 9,11,13,15, 6, 8,10,12,14), ( 1,41)( 2,39)( 3,38)( 4,37)( 5,36)( 6,34)( 7,33)( 8,30)( 9,29)(10,28)(11,26)(12,25)(13,24)
        (14,23)(15,22)(16,21)(17,20)(18,19)(27,44)(31,43)(32,42)(35,40) ], 
  [ ( 1, 4, 3, 2)( 5, 7, 9,11,13,15, 6, 8,10,12,14), ( 1,38)( 2,36)( 3,41)( 4,33)( 5,39)( 6,29)( 7,37)( 8,25)( 9,34)(10,23)(11,21)(12,30)(13,19)
        (14,28)(15,17)(16,26)(18,24)(20,22)(27,42)(31,40)(32,44)(35,43) ], 
  [ ( 1, 2, 3, 4)( 5,15,14,13,12,11,10, 9, 8, 7, 6), ( 1,39)( 2,37)( 3,36)( 4,34)( 5,33)( 6,30)( 7,29)( 8,26)( 9,25)(10,24)(11,22)(12,21)(13,20)
        (14,19)(15,18)(16,17)(23,44)(27,43)(28,42)(31,41)(32,40)(35,38) ], 
  [ ( 1, 4, 3, 2)( 5,15,14,13,12,11,10, 9, 8, 7, 6), ( 1,36)( 2,33)( 3,39)( 4,29)( 5,37)( 6,25)( 7,34)( 8,21)( 9,30)(10,19)(11,17)(12,26)(13,15)
        (14,24)(16,22)(18,20)(23,42)(27,40)(28,44)(31,38)(32,43)(35,41) ], 
  [ ( 1, 2, 3, 4)( 5,12, 8,15,11, 7,14,10, 6,13, 9), ( 1,37)( 2,34)( 3,33)( 4,30)( 5,29)( 6,26)( 7,25)( 8,22)( 9,21)(10,20)(11,18)(12,17)(13,16)
        (14,15)(19,44)(23,43)(24,42)(27,41)(28,40)(31,39)(32,38)(35,36) ], 
  [ ( 1, 4, 3, 2)( 5,12, 8,15,11, 7,14,10, 6,13, 9), ( 1,33)( 2,29)( 3,37)( 4,25)( 5,34)( 6,21)( 7,30)( 8,17)( 9,26)(10,15)(11,13)(12,22)(14,20)
        (16,18)(19,42)(23,40)(24,44)(27,38)(28,43)(31,36)(32,41)(35,39) ], 
  [ ( 1, 2, 3, 4)( 5, 9,13, 6,10,14, 7,11,15, 8,12), ( 1,34)( 2,30)( 3,29)( 4,26)( 5,25)( 6,22)( 7,21)( 8,18)( 9,17)(10,16)(11,14)(12,13)(15,44)
        (19,43)(20,42)(23,41)(24,40)(27,39)(28,38)(31,37)(32,36)(33,35) ], 
  [ ( 1, 4, 3, 2)( 5, 9,13, 6,10,14, 7,11,15, 8,12), ( 1,29)( 2,25)( 3,34)( 4,21)( 5,30)( 6,17)( 7,26)( 8,13)( 9,22)(10,11)(12,18)(14,16)(15,42)
        (19,40)(20,44)(23,38)(24,43)(27,36)(28,41)(31,33)(32,39)(35,37) ], 
  [ ( 1, 2, 3, 4)( 5, 6, 7, 8, 9,10,11,12,13,14,15), ( 1,30)( 2,26)( 3,25)( 4,22)( 5,21)( 6,18)( 7,17)( 8,14)( 9,13)(10,12)(11,44)(15,43)(16,42)
        (19,41)(20,40)(23,39)(24,38)(27,37)(28,36)(29,35)(31,34)(32,33) ], 
  [ ( 1, 4, 3, 2)( 5, 6, 7, 8, 9,10,11,12,13,14,15), ( 1,25)( 2,21)( 3,30)( 4,17)( 5,26)( 6,13)( 7,22)( 8,10)( 9,18)(11,42)(12,14)(15,40)(16,44)
        (19,38)(20,43)(23,36)(24,41)(27,33)(28,39)(29,31)(32,37)(34,35) ], 
  [ ( 1, 2, 3, 4)( 5,14,12,10, 8, 6,15,13,11, 9, 7), ( 1,26)( 2,22)( 3,21)( 4,18)( 5,17)( 6,14)( 7,13)( 8,44)( 9,10)(11,43)(12,42)(15,41)(16,40)
        (19,39)(20,38)(23,37)(24,36)(25,35)(27,34)(28,33)(29,32)(30,31) ], 
  [ ( 1, 4, 3, 2)( 5,14,12,10, 8, 6,15,13,11, 9, 7), ( 1,21)( 2,17)( 3,26)( 4,13)( 5,22)( 6,10)( 7,18)( 8,42)( 9,14)(11,40)(12,44)(15,38)(16,43)
        (19,36)(20,41)(23,33)(24,39)(25,31)(27,29)(28,37)(30,35)(32,34) ], 
  [ ( 1, 2, 3, 4)( 5,11, 6,12, 7,13, 8,14, 9,15,10), ( 1,22)( 2,18)( 3,17)( 4,14)( 5,13)( 6,44)( 7,10)( 8,43)( 9,42)(11,41)(12,40)(15,39)(16,38)
        (19,37)(20,36)(21,35)(23,34)(24,33)(25,32)(26,31)(27,30)(28,29) ], 
  [ ( 1, 4, 3, 2)( 5,11, 6,12, 7,13, 8,14, 9,15,10), ( 1,17)( 2,13)( 3,22)( 4,10)( 5,18)( 6,42)( 7,14)( 8,40)( 9,44)(11,38)(12,43)(15,36)(16,41)
        (19,33)(20,39)(21,31)(23,29)(24,37)(25,27)(26,35)(28,34)(30,32) ], 
  [ ( 1, 2, 3, 4)( 5, 8,11,14, 6, 9,12,15, 7,10,13), ( 1,18)( 2,14)( 3,13)( 4,44)( 5,10)( 6,43)( 7,42)( 8,41)( 9,40)(11,39)(12,38)(15,37)(16,36)
        (17,35)(19,34)(20,33)(21,32)(22,31)(23,30)(24,29)(25,28)(26,27) ], 
  [ ( 1, 4, 3, 2)( 5, 8,11,14, 6, 9,12,15, 7,10,13), ( 1,13)( 2,10)( 3,18)( 4,42)( 5,14)( 6,40)( 7,44)( 8,38)( 9,43)(11,36)(12,41)(15,33)(16,39)
        (17,31)(19,29)(20,37)(21,27)(22,35)(23,25)(24,34)(26,32)(28,30) ] ]
);

BRACES[44].brace[4] := rec ( size := 44, perms :=
[ [ (), () ], [ (1,3)(2,4), (1,3)(2,4) ], [ ( 5,13,10, 7,15,12, 9, 6,14,11, 8), ( 5, 8,11,14, 6, 9,12,15, 7,10,13) ], 
  [ ( 1, 3)( 2, 4)( 5,13,10, 7,15,12, 9, 6,14,11, 8), ( 1, 3)( 2, 4)( 5, 8,11,14, 6, 9,12,15, 7,10,13) ], 
  [ ( 5,10,15, 9,14, 8,13, 7,12, 6,11), ( 5,11, 6,12, 7,13, 8,14, 9,15,10) ], 
  [ ( 1, 3)( 2, 4)( 5,10,15, 9,14, 8,13, 7,12, 6,11), ( 1, 3)( 2, 4)( 5,11, 6,12, 7,13, 8,14, 9,15,10) ], 
  [ ( 5, 7, 9,11,13,15, 6, 8,10,12,14), ( 5,14,12,10, 8, 6,15,13,11, 9, 7) ], 
  [ ( 1, 3)( 2, 4)( 5, 7, 9,11,13,15, 6, 8,10,12,14), ( 1, 3)( 2, 4)( 5,14,12,10, 8, 6,15,13,11, 9, 7) ], 
  [ ( 5,15,14,13,12,11,10, 9, 8, 7, 6), ( 5, 6, 7, 8, 9,10,11,12,13,14,15) ], 
  [ ( 1, 3)( 2, 4)( 5,15,14,13,12,11,10, 9, 8, 7, 6), ( 1, 3)( 2, 4)( 5, 6, 7, 8, 9,10,11,12,13,14,15) ], 
  [ ( 5,12, 8,15,11, 7,14,10, 6,13, 9), ( 5, 9,13, 6,10,14, 7,11,15, 8,12) ], 
  [ ( 1, 3)( 2, 4)( 5,12, 8,15,11, 7,14,10, 6,13, 9), ( 1, 3)( 2, 4)( 5, 9,13, 6,10,14, 7,11,15, 8,12) ], 
  [ ( 5, 9,13, 6,10,14, 7,11,15, 8,12), ( 5,12, 8,15,11, 7,14,10, 6,13, 9) ], 
  [ ( 1, 3)( 2, 4)( 5, 9,13, 6,10,14, 7,11,15, 8,12), ( 1, 3)( 2, 4)( 5,12, 8,15,11, 7,14,10, 6,13, 9) ], 
  [ ( 5, 6, 7, 8, 9,10,11,12,13,14,15), ( 5,15,14,13,12,11,10, 9, 8, 7, 6) ], 
  [ ( 1, 3)( 2, 4)( 5, 6, 7, 8, 9,10,11,12,13,14,15), ( 1, 3)( 2, 4)( 5,15,14,13,12,11,10, 9, 8, 7, 6) ], 
  [ ( 5,14,12,10, 8, 6,15,13,11, 9, 7), ( 5, 7, 9,11,13,15, 6, 8,10,12,14) ], 
  [ ( 1, 3)( 2, 4)( 5,14,12,10, 8, 6,15,13,11, 9, 7), ( 1, 3)( 2, 4)( 5, 7, 9,11,13,15, 6, 8,10,12,14) ], 
  [ ( 5,11, 6,12, 7,13, 8,14, 9,15,10), ( 5,10,15, 9,14, 8,13, 7,12, 6,11) ], 
  [ ( 1, 3)( 2, 4)( 5,11, 6,12, 7,13, 8,14, 9,15,10), ( 1, 3)( 2, 4)( 5,10,15, 9,14, 8,13, 7,12, 6,11) ], 
  [ ( 5, 8,11,14, 6, 9,12,15, 7,10,13), ( 5,13,10, 7,15,12, 9, 6,14,11, 8) ], 
  [ ( 1, 3)( 2, 4)( 5, 8,11,14, 6, 9,12,15, 7,10,13), ( 1, 3)( 2, 4)( 5,13,10, 7,15,12, 9, 6,14,11, 8) ], [ (1,2,3,4), (1,4,3,2) ], [ (1,4,3,2), (1,2,3,4) ], 
  [ ( 1, 2, 3, 4)( 5,13,10, 7,15,12, 9, 6,14,11, 8), ( 1, 4, 3, 2)( 5, 8,11,14, 6, 9,12,15, 7,10,13) ], 
  [ ( 1, 4, 3, 2)( 5,13,10, 7,15,12, 9, 6,14,11, 8), ( 1, 2, 3, 4)( 5, 8,11,14, 6, 9,12,15, 7,10,13) ], 
  [ ( 1, 2, 3, 4)( 5,10,15, 9,14, 8,13, 7,12, 6,11), ( 1, 4, 3, 2)( 5,11, 6,12, 7,13, 8,14, 9,15,10) ], 
  [ ( 1, 4, 3, 2)( 5,10,15, 9,14, 8,13, 7,12, 6,11), ( 1, 2, 3, 4)( 5,11, 6,12, 7,13, 8,14, 9,15,10) ], 
  [ ( 1, 2, 3, 4)( 5, 7, 9,11,13,15, 6, 8,10,12,14), ( 1, 4, 3, 2)( 5,14,12,10, 8, 6,15,13,11, 9, 7) ], 
  [ ( 1, 4, 3, 2)( 5, 7, 9,11,13,15, 6, 8,10,12,14), ( 1, 2, 3, 4)( 5,14,12,10, 8, 6,15,13,11, 9, 7) ], 
  [ ( 1, 2, 3, 4)( 5,15,14,13,12,11,10, 9, 8, 7, 6), ( 1, 4, 3, 2)( 5, 6, 7, 8, 9,10,11,12,13,14,15) ], 
  [ ( 1, 4, 3, 2)( 5,15,14,13,12,11,10, 9, 8, 7, 6), ( 1, 2, 3, 4)( 5, 6, 7, 8, 9,10,11,12,13,14,15) ], 
  [ ( 1, 2, 3, 4)( 5,12, 8,15,11, 7,14,10, 6,13, 9), ( 1, 4, 3, 2)( 5, 9,13, 6,10,14, 7,11,15, 8,12) ], 
  [ ( 1, 4, 3, 2)( 5,12, 8,15,11, 7,14,10, 6,13, 9), ( 1, 2, 3, 4)( 5, 9,13, 6,10,14, 7,11,15, 8,12) ], 
  [ ( 1, 2, 3, 4)( 5, 9,13, 6,10,14, 7,11,15, 8,12), ( 1, 4, 3, 2)( 5,12, 8,15,11, 7,14,10, 6,13, 9) ], 
  [ ( 1, 4, 3, 2)( 5, 9,13, 6,10,14, 7,11,15, 8,12), ( 1, 2, 3, 4)( 5,12, 8,15,11, 7,14,10, 6,13, 9) ], 
  [ ( 1, 2, 3, 4)( 5, 6, 7, 8, 9,10,11,12,13,14,15), ( 1, 4, 3, 2)( 5,15,14,13,12,11,10, 9, 8, 7, 6) ], 
  [ ( 1, 4, 3, 2)( 5, 6, 7, 8, 9,10,11,12,13,14,15), ( 1, 2, 3, 4)( 5,15,14,13,12,11,10, 9, 8, 7, 6) ], 
  [ ( 1, 2, 3, 4)( 5,14,12,10, 8, 6,15,13,11, 9, 7), ( 1, 4, 3, 2)( 5, 7, 9,11,13,15, 6, 8,10,12,14) ], 
  [ ( 1, 4, 3, 2)( 5,14,12,10, 8, 6,15,13,11, 9, 7), ( 1, 2, 3, 4)( 5, 7, 9,11,13,15, 6, 8,10,12,14) ], 
  [ ( 1, 2, 3, 4)( 5,11, 6,12, 7,13, 8,14, 9,15,10), ( 1, 4, 3, 2)( 5,10,15, 9,14, 8,13, 7,12, 6,11) ], 
  [ ( 1, 4, 3, 2)( 5,11, 6,12, 7,13, 8,14, 9,15,10), ( 1, 2, 3, 4)( 5,10,15, 9,14, 8,13, 7,12, 6,11) ], 
  [ ( 1, 2, 3, 4)( 5, 8,11,14, 6, 9,12,15, 7,10,13), ( 1, 4, 3, 2)( 5,13,10, 7,15,12, 9, 6,14,11, 8) ], 
  [ ( 1, 4, 3, 2)( 5, 8,11,14, 6, 9,12,15, 7,10,13), ( 1, 2, 3, 4)( 5,13,10, 7,15,12, 9, 6,14,11, 8) ] ]
);

BRACES[44].brace[5] := rec ( size := 44, perms :=
[ [ (), () ], [ (1,3)(2,4), ( 1, 3)( 2, 5)( 4, 7)( 6,10)( 8,12)( 9,14)(11,16)(13,18)(15,20)(17,22)(19,24)(21,26)(23,28)(25,30)(27,32)(29,34)(31,36)
        (33,37)(35,39)(38,41)(40,43)(42,44) ], [ ( 5,13,10, 7,15,12, 9, 6,14,11, 8), ( 1,33,29,25,21,17,13, 9, 6, 4, 2)( 3,37,34,30,26,22,18,14,10, 7, 5)
        ( 8,42,40,38,35,31,27,23,19,15,11)(12,44,43,41,39,36,32,28,24,20,16) ], 
  [ ( 1, 3)( 2, 4)( 5,13,10, 7,15,12, 9, 6,14,11, 8), ( 1,37,29,30,21,22,13,14, 6, 7, 2, 3,33,34,25,26,17,18, 9,10, 4, 5)( 8,44,40,41,35,36,27,28,19,
         20,11,12,42,43,38,39,31,32,23,24,15,16) ], [ ( 5,10,15, 9,14, 8,13, 7,12, 6,11), ( 1,29,21,13, 6, 2,33,25,17, 9, 4)( 3,34,26,18,10, 5,37,30,22,14, 7)
        ( 8,40,35,27,19,11,42,38,31,23,15)(12,43,39,32,24,16,44,41,36,28,20) ], 
  [ ( 1, 3)( 2, 4)( 5,10,15, 9,14, 8,13, 7,12, 6,11), ( 1,34,21,18, 6, 5,33,30,17,14, 4, 3,29,26,13,10, 2,37,25,22, 9, 7)( 8,43,35,32,19,16,42,41,31,
         28,15,12,40,39,27,24,11,44,38,36,23,20) ], [ ( 5, 7, 9,11,13,15, 6, 8,10,12,14), ( 1,25,13, 4,33,21, 9, 2,29,17, 6)( 3,30,18, 7,37,26,14, 5,34,22,10)
        ( 8,38,27,15,42,35,23,11,40,31,19)(12,41,32,20,44,39,28,16,43,36,24) ], 
  [ ( 1, 3)( 2, 4)( 5, 7, 9,11,13,15, 6, 8,10,12,14), ( 1,30,13, 7,33,26, 9, 5,29,22, 6, 3,25,18, 4,37,21,14, 2,34,17,10)( 8,41,27,20,42,39,23,16,40,
         36,19,12,38,32,15,44,35,28,11,43,31,24) ], [ ( 5,15,14,13,12,11,10, 9, 8, 7, 6), ( 1,21, 6,33,17, 4,29,13, 2,25, 9)( 3,26,10,37,22, 7,34,18, 5,30,14)
        ( 8,35,19,42,31,15,40,27,11,38,23)(12,39,24,44,36,20,43,32,16,41,28) ], 
  [ ( 1, 3)( 2, 4)( 5,15,14,13,12,11,10, 9, 8, 7, 6), ( 1,26, 6,37,17, 7,29,18, 2,30, 9, 3,21,10,33,22, 4,34,13, 5,25,14)( 8,39,19,44,31,20,40,32,11,
         41,23,12,35,24,42,36,15,43,27,16,38,28) ], [ ( 5,12, 8,15,11, 7,14,10, 6,13, 9), ( 1,17, 2,21, 4,25, 6,29, 9,33,13)( 3,22, 5,26, 7,30,10,34,14,37,18)
        ( 8,31,11,35,15,38,19,40,23,42,27)(12,36,16,39,20,41,24,43,28,44,32) ], 
  [ ( 1, 3)( 2, 4)( 5,12, 8,15,11, 7,14,10, 6,13, 9), ( 1,22, 2,26, 4,30, 6,34, 9,37,13, 3,17, 5,21, 7,25,10,29,14,33,18)( 8,36,11,39,15,41,19,43,23,
         44,27,12,31,16,35,20,38,24,40,28,42,32) ], [ ( 5, 9,13, 6,10,14, 7,11,15, 8,12), ( 1,13,33, 9,29, 6,25, 4,21, 2,17)( 3,18,37,14,34,10,30, 7,26, 5,22)
        ( 8,27,42,23,40,19,38,15,35,11,31)(12,32,44,28,43,24,41,20,39,16,36) ], 
  [ ( 1, 3)( 2, 4)( 5, 9,13, 6,10,14, 7,11,15, 8,12), ( 1,18,33,14,29,10,25, 7,21, 5,17, 3,13,37, 9,34, 6,30, 4,26, 2,22)( 8,32,42,28,40,24,38,20,35,
         16,31,12,27,44,23,43,19,41,15,39,11,36) ], [ ( 5, 6, 7, 8, 9,10,11,12,13,14,15), ( 1, 9,25, 2,13,29, 4,17,33, 6,21)( 3,14,30, 5,18,34, 7,22,37,10,26)
        ( 8,23,38,11,27,40,15,31,42,19,35)(12,28,41,16,32,43,20,36,44,24,39) ], 
  [ ( 1, 3)( 2, 4)( 5, 6, 7, 8, 9,10,11,12,13,14,15), ( 1,14,25, 5,13,34, 4,22,33,10,21, 3, 9,30, 2,18,29, 7,17,37, 6,26)( 8,28,38,16,27,43,15,36,42,
         24,35,12,23,41,11,32,40,20,31,44,19,39) ], [ ( 5,14,12,10, 8, 6,15,13,11, 9, 7), ( 1, 6,17,29, 2, 9,21,33, 4,13,25)( 3,10,22,34, 5,14,26,37, 7,18,30)
        ( 8,19,31,40,11,23,35,42,15,27,38)(12,24,36,43,16,28,39,44,20,32,41) ], 
  [ ( 1, 3)( 2, 4)( 5,14,12,10, 8, 6,15,13,11, 9, 7), ( 1,10,17,34, 2,14,21,37, 4,18,25, 3, 6,22,29, 5, 9,26,33, 7,13,30)( 8,24,31,43,11,28,35,44,15,
         32,38,12,19,36,40,16,23,39,42,20,27,41) ], [ ( 5,11, 6,12, 7,13, 8,14, 9,15,10), ( 1, 4, 9,17,25,33, 2, 6,13,21,29)( 3, 7,14,22,30,37, 5,10,18,26,34)
        ( 8,15,23,31,38,42,11,19,27,35,40)(12,20,28,36,41,44,16,24,32,39,43) ], 
  [ ( 1, 3)( 2, 4)( 5,11, 6,12, 7,13, 8,14, 9,15,10), ( 1, 7, 9,22,25,37, 2,10,13,26,29, 3, 4,14,17,30,33, 5, 6,18,21,34)( 8,20,23,36,38,44,11,24,27,
         39,40,12,15,28,31,41,42,16,19,32,35,43) ], [ ( 5, 8,11,14, 6, 9,12,15, 7,10,13), ( 1, 2, 4, 6, 9,13,17,21,25,29,33)( 3, 5, 7,10,14,18,22,26,30,34,37)
        ( 8,11,15,19,23,27,31,35,38,40,42)(12,16,20,24,28,32,36,39,41,43,44) ], 
  [ ( 1, 3)( 2, 4)( 5, 8,11,14, 6, 9,12,15, 7,10,13), ( 1, 5, 4,10, 9,18,17,26,25,34,33, 3, 2, 7, 6,14,13,22,21,30,29,37)( 8,16,15,24,23,32,31,39,38,
         43,42,12,11,20,19,28,27,36,35,41,40,44) ], [ (1,2,3,4), ( 1,12, 3, 8)( 2,44, 5,42)( 4,43, 7,40)( 6,41,10,38)( 9,39,14,35)(11,33,16,37)(13,36,18,31)
        (15,29,20,34)(17,32,22,27)(19,25,24,30)(21,28,26,23) ], 
  [ (1,4,3,2), ( 1, 8, 3,12)( 2,42, 5,44)( 4,40, 7,43)( 6,38,10,41)( 9,35,14,39)(11,37,16,33)(13,31,18,36)(15,34,20,29)(17,27,22,32)(19,30,24,25)(21,23,26,28) ], 
  [ ( 1, 2, 3, 4)( 5,13,10, 7,15,12, 9, 6,14,11, 8), ( 1,44, 3,42)( 2,43, 5,40)( 4,41, 7,38)( 6,39,10,35)( 8,33,12,37)( 9,36,14,31)(11,29,16,34)(13,32,18,27)
        (15,25,20,30)(17,28,22,23)(19,21,24,26) ], [ ( 1, 4, 3, 2)( 5,13,10, 7,15,12, 9, 6,14,11, 8), ( 1,42, 3,44)( 2,40, 5,43)( 4,38, 7,41)( 6,35,10,39)
        ( 8,37,12,33)( 9,31,14,36)(11,34,16,29)(13,27,18,32)(15,30,20,25)(17,23,22,28)(19,26,24,21) ], 
  [ ( 1, 2, 3, 4)( 5,10,15, 9,14, 8,13, 7,12, 6,11), ( 1,43, 3,40)( 2,41, 5,38)( 4,39, 7,35)( 6,36,10,31)( 8,29,12,34)( 9,32,14,27)(11,25,16,30)
        (13,28,18,23)(15,21,20,26)(17,24,22,19)(33,44,37,42) ], 
  [ ( 1, 4, 3, 2)( 5,10,15, 9,14, 8,13, 7,12, 6,11), ( 1,40, 3,43)( 2,38, 5,41)( 4,35, 7,39)( 6,31,10,36)( 8,34,12,29)( 9,27,14,32)(11,30,16,25)(13,23,18,28)
        (15,26,20,21)(17,19,22,24)(33,42,37,44) ], [ ( 1, 2, 3, 4)( 5, 7, 9,11,13,15, 6, 8,10,12,14), ( 1,41, 3,38)( 2,39, 5,35)( 4,36, 7,31)( 6,32,10,27)
        ( 8,25,12,30)( 9,28,14,23)(11,21,16,26)(13,24,18,19)(15,17,20,22)(29,44,34,42)(33,43,37,40) ], 
  [ ( 1, 4, 3, 2)( 5, 7, 9,11,13,15, 6, 8,10,12,14), ( 1,38, 3,41)( 2,35, 5,39)( 4,31, 7,36)( 6,27,10,32)( 8,30,12,25)( 9,23,14,28)(11,26,16,21)
        (13,19,18,24)(15,22,20,17)(29,42,34,44)(33,40,37,43) ], 
  [ ( 1, 2, 3, 4)( 5,15,14,13,12,11,10, 9, 8, 7, 6), ( 1,39, 3,35)( 2,36, 5,31)( 4,32, 7,27)( 6,28,10,23)( 8,21,12,26)( 9,24,14,19)(11,17,16,22)(13,20,18,15)
        (25,44,30,42)(29,43,34,40)(33,41,37,38) ], [ ( 1, 4, 3, 2)( 5,15,14,13,12,11,10, 9, 8, 7, 6), ( 1,35, 3,39)( 2,31, 5,36)( 4,27, 7,32)( 6,23,10,28)
        ( 8,26,12,21)( 9,19,14,24)(11,22,16,17)(13,15,18,20)(25,42,30,44)(29,40,34,43)(33,38,37,41) ], 
  [ ( 1, 2, 3, 4)( 5,12, 8,15,11, 7,14,10, 6,13, 9), ( 1,36, 3,31)( 2,32, 5,27)( 4,28, 7,23)( 6,24,10,19)( 8,17,12,22)( 9,20,14,15)(11,13,16,18)
        (21,44,26,42)(25,43,30,40)(29,41,34,38)(33,39,37,35) ], 
  [ ( 1, 4, 3, 2)( 5,12, 8,15,11, 7,14,10, 6,13, 9), ( 1,31, 3,36)( 2,27, 5,32)( 4,23, 7,28)( 6,19,10,24)( 8,22,12,17)( 9,15,14,20)(11,18,16,13)(21,42,26,44)
        (25,40,30,43)(29,38,34,41)(33,35,37,39) ], [ ( 1, 2, 3, 4)( 5, 9,13, 6,10,14, 7,11,15, 8,12), ( 1,32, 3,27)( 2,28, 5,23)( 4,24, 7,19)( 6,20,10,15)
        ( 8,13,12,18)( 9,16,14,11)(17,44,22,42)(21,43,26,40)(25,41,30,38)(29,39,34,35)(31,33,36,37) ], 
  [ ( 1, 4, 3, 2)( 5, 9,13, 6,10,14, 7,11,15, 8,12), ( 1,27, 3,32)( 2,23, 5,28)( 4,19, 7,24)( 6,15,10,20)( 8,18,12,13)( 9,11,14,16)(17,42,22,44)
        (21,40,26,43)(25,38,30,41)(29,35,34,39)(31,37,36,33) ], 
  [ ( 1, 2, 3, 4)( 5, 6, 7, 8, 9,10,11,12,13,14,15), ( 1,28, 3,23)( 2,24, 5,19)( 4,20, 7,15)( 6,16,10,11)( 8, 9,12,14)(13,44,18,42)(17,43,22,40)(21,41,26,38)
        (25,39,30,35)(27,33,32,37)(29,36,34,31) ], [ ( 1, 4, 3, 2)( 5, 6, 7, 8, 9,10,11,12,13,14,15), ( 1,23, 3,28)( 2,19, 5,24)( 4,15, 7,20)( 6,11,10,16)
        ( 8,14,12, 9)(13,42,18,44)(17,40,22,43)(21,38,26,41)(25,35,30,39)(27,37,32,33)(29,31,34,36) ], 
  [ ( 1, 2, 3, 4)( 5,14,12,10, 8, 6,15,13,11, 9, 7), ( 1,24, 3,19)( 2,20, 5,15)( 4,16, 7,11)( 6,12,10, 8)( 9,44,14,42)(13,43,18,40)(17,41,22,38)
        (21,39,26,35)(23,33,28,37)(25,36,30,31)(27,29,32,34) ], 
  [ ( 1, 4, 3, 2)( 5,14,12,10, 8, 6,15,13,11, 9, 7), ( 1,19, 3,24)( 2,15, 5,20)( 4,11, 7,16)( 6, 8,10,12)( 9,42,14,44)(13,40,18,43)(17,38,22,41)(21,35,26,39)
        (23,37,28,33)(25,31,30,36)(27,34,32,29) ], [ ( 1, 2, 3, 4)( 5,11, 6,12, 7,13, 8,14, 9,15,10), ( 1,20, 3,15)( 2,16, 5,11)( 4,12, 7, 8)( 6,44,10,42)
        ( 9,43,14,40)(13,41,18,38)(17,39,22,35)(19,33,24,37)(21,36,26,31)(23,29,28,34)(25,32,30,27) ], 
  [ ( 1, 4, 3, 2)( 5,11, 6,12, 7,13, 8,14, 9,15,10), ( 1,15, 3,20)( 2,11, 5,16)( 4, 8, 7,12)( 6,42,10,44)( 9,40,14,43)(13,38,18,41)(17,35,22,39)
        (19,37,24,33)(21,31,26,36)(23,34,28,29)(25,27,30,32) ], 
  [ ( 1, 2, 3, 4)( 5, 8,11,14, 6, 9,12,15, 7,10,13), ( 1,16, 3,11)( 2,12, 5, 8)( 4,44, 7,42)( 6,43,10,40)( 9,41,14,38)(13,39,18,35)(15,33,20,37)(17,36,22,31)
        (19,29,24,34)(21,32,26,27)(23,25,28,30) ], [ ( 1, 4, 3, 2)( 5, 8,11,14, 6, 9,12,15, 7,10,13), ( 1,11, 3,16)( 2, 8, 5,12)( 4,42, 7,44)( 6,40,10,43)
        ( 9,38,14,41)(13,35,18,39)(15,37,20,33)(17,31,22,36)(19,34,24,29)(21,27,26,32)(23,30,28,25) ] ]
);

BRACES[44].brace[6] := rec ( size := 44, perms :=
[ [ (), () ], [ ( 5,11, 6,12, 7,13, 8,14, 9,15,10), ( 1,32,28,24,20,16,12, 9, 7, 5, 3)( 2,35,31,27,23,19,15,11, 8, 6, 4)(10,43,41,39,37,34,30,26,22,18,14)
        (13,44,42,40,38,36,33,29,25,21,17) ], [ ( 5, 6, 7, 8, 9,10,11,12,13,14,15), ( 1,28,20,12, 7, 3,32,24,16, 9, 5)( 2,31,23,15, 8, 4,35,27,19,11, 6)
        (10,41,37,30,22,14,43,39,34,26,18)(13,42,38,33,25,17,44,40,36,29,21) ], 
  [ ( 5,12, 8,15,11, 7,14,10, 6,13, 9), ( 1,24,12, 5,32,20, 9, 3,28,16, 7)( 2,27,15, 6,35,23,11, 4,31,19, 8)(10,39,30,18,43,37,26,14,41,34,22)
        (13,40,33,21,44,38,29,17,42,36,25) ], [ ( 5, 7, 9,11,13,15, 6, 8,10,12,14), ( 1,20, 7,32,16, 5,28,12, 3,24, 9)( 2,23, 8,35,19, 6,31,15, 4,27,11)
        (10,37,22,43,34,18,41,30,14,39,26)(13,38,25,44,36,21,42,33,17,40,29) ], 
  [ ( 5,13,10, 7,15,12, 9, 6,14,11, 8), ( 1,16, 3,20, 5,24, 7,28, 9,32,12)( 2,19, 4,23, 6,27, 8,31,11,35,15)(10,34,14,37,18,39,22,41,26,43,30)
        (13,36,17,38,21,40,25,42,29,44,33) ], [ ( 5, 8,11,14, 6, 9,12,15, 7,10,13), ( 1,12,32, 9,28, 7,24, 5,20, 3,16)( 2,15,35,11,31, 8,27, 6,23, 4,19)
        (10,30,43,26,41,22,39,18,37,14,34)(13,33,44,29,42,25,40,21,38,17,36) ], 
  [ ( 5,14,12,10, 8, 6,15,13,11, 9, 7), ( 1, 9,24, 3,12,28, 5,16,32, 7,20)( 2,11,27, 4,15,31, 6,19,35, 8,23)(10,26,39,14,30,41,18,34,43,22,37)
        (13,29,40,17,33,42,21,36,44,25,38) ], [ ( 5, 9,13, 6,10,14, 7,11,15, 8,12), ( 1, 7,16,28, 3, 9,20,32, 5,12,24)( 2, 8,19,31, 4,11,23,35, 6,15,27)
        (10,22,34,41,14,26,37,43,18,30,39)(13,25,36,42,17,29,38,44,21,33,40) ], 
  [ ( 5,15,14,13,12,11,10, 9, 8, 7, 6), ( 1, 5, 9,16,24,32, 3, 7,12,20,28)( 2, 6,11,19,27,35, 4, 8,15,23,31)(10,18,26,34,39,43,14,22,30,37,41)
        (13,21,29,36,40,44,17,25,33,38,42) ], [ ( 5,10,15, 9,14, 8,13, 7,12, 6,11), ( 1, 3, 5, 7, 9,12,16,20,24,28,32)( 2, 4, 6, 8,11,15,19,23,27,31,35)
        (10,14,18,22,26,30,34,37,39,41,43)(13,17,21,25,29,33,36,38,40,42,44) ], 
  [ (1,2), ( 1,10, 2,13)( 3,43, 4,44)( 5,41, 6,42)( 7,39, 8,40)( 9,37,11,38)(12,34,15,36)(14,35,17,32)(16,30,19,33)(18,31,21,28)(20,26,23,29)(22,27,25,24) ], 
  [ ( 1, 2)( 5,11, 6,12, 7,13, 8,14, 9,15,10), ( 1,43, 2,44)( 3,41, 4,42)( 5,39, 6,40)( 7,37, 8,38)( 9,34,11,36)(10,35,13,32)(12,30,15,33)(14,31,17,28)(16,26,19,29)
        (18,27,21,24)(20,22,23,25) ], [ ( 1, 2)( 5, 6, 7, 8, 9,10,11,12,13,14,15), ( 1,41, 2,42)( 3,39, 4,40)( 5,37, 6,38)( 7,34, 8,36)( 9,30,11,33)(10,31,13,28)
        (12,26,15,29)(14,27,17,24)(16,22,19,25)(18,23,21,20)(32,43,35,44) ], 
  [ ( 1, 2)( 5,12, 8,15,11, 7,14,10, 6,13, 9), ( 1,39, 2,40)( 3,37, 4,38)( 5,34, 6,36)( 7,30, 8,33)( 9,26,11,29)(10,27,13,24)(12,22,15,25)(14,23,17,20)
        (16,18,19,21)(28,43,31,44)(32,41,35,42) ], [ ( 1, 2)( 5, 7, 9,11,13,15, 6, 8,10,12,14), ( 1,37, 2,38)( 3,34, 4,36)( 5,30, 6,33)( 7,26, 8,29)( 9,22,11,25)
        (10,23,13,20)(12,18,15,21)(14,19,17,16)(24,43,27,44)(28,41,31,42)(32,39,35,40) ], 
  [ ( 1, 2)( 5,13,10, 7,15,12, 9, 6,14,11, 8), ( 1,34, 2,36)( 3,30, 4,33)( 5,26, 6,29)( 7,22, 8,25)( 9,18,11,21)(10,19,13,16)(12,14,15,17)(20,43,23,44)
        (24,41,27,42)(28,39,31,40)(32,37,35,38) ], [ ( 1, 2)( 5, 8,11,14, 6, 9,12,15, 7,10,13), ( 1,30, 2,33)( 3,26, 4,29)( 5,22, 6,25)( 7,18, 8,21)( 9,14,11,17)
        (10,15,13,12)(16,43,19,44)(20,41,23,42)(24,39,27,40)(28,37,31,38)(32,34,35,36) ], 
  [ ( 1, 2)( 5,14,12,10, 8, 6,15,13,11, 9, 7), ( 1,26, 2,29)( 3,22, 4,25)( 5,18, 6,21)( 7,14, 8,17)( 9,10,11,13)(12,43,15,44)(16,41,19,42)(20,39,23,40)
        (24,37,27,38)(28,34,31,36)(30,35,33,32) ], [ ( 1, 2)( 5, 9,13, 6,10,14, 7,11,15, 8,12), ( 1,22, 2,25)( 3,18, 4,21)( 5,14, 6,17)( 7,10, 8,13)( 9,43,11,44)
        (12,41,15,42)(16,39,19,40)(20,37,23,38)(24,34,27,36)(26,35,29,32)(28,30,31,33) ], 
  [ ( 1, 2)( 5,15,14,13,12,11,10, 9, 8, 7, 6), ( 1,18, 2,21)( 3,14, 4,17)( 5,10, 6,13)( 7,43, 8,44)( 9,41,11,42)(12,39,15,40)(16,37,19,38)(20,34,23,36)
        (22,35,25,32)(24,30,27,33)(26,31,29,28) ], [ ( 1, 2)( 5,10,15, 9,14, 8,13, 7,12, 6,11), ( 1,14, 2,17)( 3,10, 4,13)( 5,43, 6,44)( 7,41, 8,42)( 9,39,11,40)
        (12,37,15,38)(16,34,19,36)(18,35,21,32)(20,30,23,33)(22,31,25,28)(24,26,27,29) ], 
  [ (3,4), ( 1, 2)( 3, 4)( 5, 6)( 7, 8)( 9,11)(10,13)(12,15)(14,17)(16,19)(18,21)(20,23)(22,25)(24,27)(26,29)(28,31)(30,33)(32,35)(34,36)
        (37,38)(39,40)(41,42)(43,44) ], [ ( 3, 4)( 5,11, 6,12, 7,13, 8,14, 9,15,10), ( 1,35,28,27,20,19,12,11, 7, 6, 3, 2,32,31,24,23,16,15, 9, 8, 5, 4)
        (10,44,41,40,37,36,30,29,22,21,14,13,43,42,39,38,34,33,26,25,18,17) ], 
  [ ( 3, 4)( 5, 6, 7, 8, 9,10,11,12,13,14,15), ( 1,31,20,15, 7, 4,32,27,16,11, 5, 2,28,23,12, 8, 3,35,24,19, 9, 6)(10,42,37,33,22,17,43,40,34,29,18,13,
         41,38,30,25,14,44,39,36,26,21) ], [ ( 3, 4)( 5,12, 8,15,11, 7,14,10, 6,13, 9), ( 1,27,12, 6,32,23, 9, 4,28,19, 7, 2,24,15, 5,35,20,11, 3,31,16, 8)
        (10,40,30,21,43,38,26,17,41,36,22,13,39,33,18,44,37,29,14,42,34,25) ], 
  [ ( 3, 4)( 5, 7, 9,11,13,15, 6, 8,10,12,14), ( 1,23, 7,35,16, 6,28,15, 3,27, 9, 2,20, 8,32,19, 5,31,12, 4,24,11)(10,38,22,44,34,21,41,33,14,40,26,13,
         37,25,43,36,18,42,30,17,39,29) ], [ ( 3, 4)( 5,13,10, 7,15,12, 9, 6,14,11, 8), ( 1,19, 3,23, 5,27, 7,31, 9,35,12, 2,16, 4,20, 6,24, 8,28,11,32,15)
        (10,36,14,38,18,40,22,42,26,44,30,13,34,17,37,21,39,25,41,29,43,33) ], 
