BRACES[55] := rec( total := -1, implemented := 2, size := 55, brace := [] );BRACES[55].brace[1] := rec ( size := 55, perms := [ [  (),  (),  
], [  (1, 12, 23, 34, 45)(2, 13, 24, 35, 46)(3, 14, 25, 36, 47)(4, 15, 26, 37, 48)(5, 16, 27, 38, 49)(6, 17, 28, 39, 50)(7, 18, 29, 40, 51)(8,
19, 30, 41, 52)(9, 20, 31, 42, 53)(10, 21, 32, 43, 54)(11, 22, 33, 44, 55),  (1, 45, 34, 23, 12)(2, 46, 35, 24, 13)(3, 47, 36, 25, 14)(4, 48, 
37, 26, 15)(5, 49, 38, 27, 16)(6, 50, 39, 28, 17)(7, 51, 40, 29, 18)(8, 52, 41, 30, 19)(9, 53, 42, 31, 20)(10, 54, 43, 32, 21)(11, 55, 44, 33,
22),  ], [  (1, 11, 10, 9, 8, 7, 6, 5, 4, 3, 2)(12, 22, 21, 20, 19, 18, 17, 16, 15, 14, 13)(23, 33, 32, 31, 30, 29, 28, 27, 26, 25, 24)(34, 
44, 43, 42, 41, 40, 39, 38, 37, 36, 35)(45, 55, 54, 53, 52, 51, 50, 49, 48, 47, 46),  (1, 2, 3, 4, 5, 6, 7, 8, 9, 10, 11)(12, 13, 14, 15, 16, 
17, 18, 19, 20, 21, 22)(23, 24, 25, 26, 27, 28, 29, 30, 31, 32, 33)(34, 35, 36, 37, 38, 39, 40, 41, 42, 43, 44)(45, 46, 47, 48, 49, 50, 51, 
52, 53, 54, 55),  ], [  (1, 45, 34, 23, 12)(2, 46, 35, 24, 13)(3, 47, 36, 25, 14)(4, 48, 37, 26, 15)(5, 49, 38, 27, 16)(6, 50, 39, 28, 17)(7, 
51, 40, 29, 18)(8, 52, 41, 30, 19)(9, 53, 42, 31, 20)(10, 54, 43, 32, 21)(11, 55, 44, 33, 22),  (1, 12, 23, 34, 45)(2, 13, 24, 35, 46)(3, 14, 
25, 36, 47)(4, 15, 26, 37, 48)(5, 16, 27, 38, 49)(6, 17, 28, 39, 50)(7, 18, 29, 40, 51)(8, 19, 30, 41, 52)(9, 20, 31, 42, 53)(10, 21, 32, 43, 
54)(11, 22, 33, 44, 55),  ], [  (1, 2, 3, 4, 5, 6, 7, 8, 9, 10, 11)(12, 13, 14, 15, 16, 17, 18, 19, 20, 21, 22)(23, 24, 25, 26, 27, 28, 29, 
30, 31, 32, 33)(34, 35, 36, 37, 38, 39, 40, 41, 42, 43, 44)(45, 46, 47, 48, 49, 50, 51, 52, 53, 54, 55),  (1, 11, 10, 9, 8, 7, 6, 5, 4, 3, 
2)(12, 22, 21, 20, 19, 18, 17, 16, 15, 14, 13)(23, 33, 32, 31, 30, 29, 28, 27, 26, 25, 24)(34, 44, 43, 42, 41, 40, 39, 38, 37, 36, 35)(45, 55,
54, 53, 52, 51, 50, 49, 48, 47, 46),  ], [  (1, 23, 45, 12, 34)(2, 24, 46, 13, 35)(3, 25, 47, 14, 36)(4, 26, 48, 15, 37)(5, 27, 49, 16, 38)(6,
28, 50, 17, 39)(7, 29, 51, 18, 40)(8, 30, 52, 19, 41)(9, 31, 53, 20, 42)(10, 32, 54, 21, 43)(11, 33, 55, 22, 44),  (1, 34, 12, 45, 23)(2, 35, 
13, 46, 24)(3, 36, 14, 47, 25)(4, 37, 15, 48, 26)(5, 38, 16, 49, 27)(6, 39, 17, 50, 28)(7, 40, 18, 51, 29)(8, 41, 19, 52, 30)(9, 42, 20, 53, 
31)(10, 43, 21, 54, 32)(11, 44, 22, 55, 33),  ], [  (1, 22, 32, 42, 52, 7, 17, 27, 37, 47, 2, 12, 33, 43, 53, 8, 18, 28, 38, 48, 3, 13, 23, 
44, 54, 9, 19, 29, 39, 49, 4, 14, 24, 34, 55, 10, 20, 30, 40, 50, 5, 15, 25, 35, 45, 11, 21, 31, 41, 51, 6, 16, 26, 36, 46),  (1, 46, 36, 26, 
16, 6, 51, 41, 31, 21, 11, 45, 35, 25, 15, 5, 50, 40, 30, 20, 10, 55, 34, 24, 14, 4, 49, 39, 29, 19, 9, 54, 44, 23, 13, 3, 48, 38, 28, 18, 8, 
53, 43, 33, 12, 2, 47, 37, 27, 17, 7, 52, 42, 32, 22),  ], [  (1, 13, 25, 37, 49, 6, 18, 30, 42, 54, 11, 12, 24, 36, 48, 5, 17, 29, 41, 53, 
10, 22, 23, 35, 47, 4, 16, 28, 40, 52, 9, 21, 33, 34, 46, 3, 15, 27, 39, 51, 8, 20, 32, 44, 45, 2, 14, 26, 38, 50, 7, 19, 31, 43, 55),  (1, 
55, 43, 31, 19, 7, 50, 38, 26, 14, 2, 45, 44, 32, 20, 8, 51, 39, 27, 15, 3, 46, 34, 33, 21, 9, 52, 40, 28, 16, 4, 47, 35, 23, 22, 10, 53, 41, 
29, 17, 5, 48, 36, 24, 12, 11, 54, 42, 30, 18, 6, 49, 37, 25, 13),  ], [  (1, 10, 8, 6, 4, 2, 11, 9, 7, 5, 3)(12, 21, 19, 17, 15, 13, 22, 20, 
18, 16, 14)(23, 32, 30, 28, 26, 24, 33, 31, 29, 27, 25)(34, 43, 41, 39, 37, 35, 44, 42, 40, 38, 36)(45, 54, 52, 50, 48, 46, 55, 53, 51, 49, 
47),  (1, 3, 5, 7, 9, 11, 2, 4, 6, 8, 10)(12, 14, 16, 18, 20, 22, 13, 15, 17, 19, 21)(23, 25, 27, 29, 31, 33, 24, 26, 28, 30, 32)(34, 36, 38, 
40, 42, 44, 35, 37, 39, 41, 43)(45, 47, 49, 51, 53, 55, 46, 48, 50, 52, 54),  ], [  (1, 55, 43, 31, 19, 7, 50, 38, 26, 14, 2, 45, 44, 32, 20, 
8, 51, 39, 27, 15, 3, 46, 34, 33, 21, 9, 52, 40, 28, 16, 4, 47, 35, 23, 22, 10, 53, 41, 29, 17, 5, 48, 36, 24, 12, 11, 54, 42, 30, 18, 6, 49, 
37, 25, 13),  (1, 13, 25, 37, 49, 6, 18, 30, 42, 54, 11, 12, 24, 36, 48, 5, 17, 29, 41, 53, 10, 22, 23, 35, 47, 4, 16, 28, 40, 52, 9, 21, 33, 
34, 46, 3, 15, 27, 39, 51, 8, 20, 32, 44, 45, 2, 14, 26, 38, 50, 7, 19, 31, 43, 55),  ], [  (1, 34, 12, 45, 23)(2, 35, 13, 46, 24)(3, 36, 14, 
47, 25)(4, 37, 15, 48, 26)(5, 38, 16, 49, 27)(6, 39, 17, 50, 28)(7, 40, 18, 51, 29)(8, 41, 19, 52, 30)(9, 42, 20, 53, 31)(10, 43, 21, 54, 
32)(11, 44, 22, 55, 33),  (1, 23, 45, 12, 34)(2, 24, 46, 13, 35)(3, 25, 47, 14, 36)(4, 26, 48, 15, 37)(5, 27, 49, 16, 38)(6, 28, 50, 17, 
39)(7, 29, 51, 18, 40)(8, 30, 52, 19, 41)(9, 31, 53, 20, 42)(10, 32, 54, 21, 43)(11, 33, 55, 22, 44),  ], [  (1, 46, 36, 26, 16, 6, 51, 41, 
31, 21, 11, 45, 35, 25, 15, 5, 50, 40, 30, 20, 10, 55, 34, 24, 14, 4, 49, 39, 29, 19, 9, 54, 44, 23, 13, 3, 48, 38, 28, 18, 8, 53, 43, 33, 12,
2, 47, 37, 27, 17, 7, 52, 42, 32, 22),  (1, 22, 32, 42, 52, 7, 17, 27, 37, 47, 2, 12, 33, 43, 53, 8, 18, 28, 38, 48, 3, 13, 23, 44, 54, 9, 19,
29, 39, 49, 4, 14, 24, 34, 55, 10, 20, 30, 40, 50, 5, 15, 25, 35, 45, 11, 21, 31, 41, 51, 6, 16, 26, 36, 46),  ], [  (1, 3, 5, 7, 9, 11, 2, 4,
6, 8, 10)(12, 14, 16, 18, 20, 22, 13, 15, 17, 19, 21)(23, 25, 27, 29, 31, 33, 24, 26, 28, 30, 32)(34, 36, 38, 40, 42, 44, 35, 37, 39, 41, 
43)(45, 47, 49, 51, 53, 55, 46, 48, 50, 52, 54),  (1, 10, 8, 6, 4, 2, 11, 9, 7, 5, 3)(12, 21, 19, 17, 15, 13, 22, 20, 18, 16, 14)(23, 32, 30, 
28, 26, 24, 33, 31, 29, 27, 25)(34, 43, 41, 39, 37, 35, 44, 42, 40, 38, 36)(45, 54, 52, 50, 48, 46, 55, 53, 51, 49, 47),  ], [  (1, 33, 54, 
20, 41, 7, 28, 49, 15, 36, 2, 23, 55, 21, 42, 8, 29, 50, 16, 37, 3, 24, 45, 22, 43, 9, 30, 51, 17, 38, 4, 25, 46, 12, 44, 10, 31, 52, 18, 39, 
5, 26, 47, 13, 34, 11, 32, 53, 19, 40, 6, 27, 48, 14, 35),  (1, 35, 14, 48, 27, 6, 40, 19, 53, 32, 11, 34, 13, 47, 26, 5, 39, 18, 52, 31, 10, 
44, 12, 46, 25, 4, 38, 17, 51, 30, 9, 43, 22, 45, 24, 3, 37, 16, 50, 29, 8, 42, 21, 55, 23, 2, 36, 15, 49, 28, 7, 41, 20, 54, 33),  ], [  (1, 
24, 47, 15, 38, 6, 29, 52, 20, 43, 11, 23, 46, 14, 37, 5, 28, 51, 19, 42, 10, 33, 45, 13, 36, 4, 27, 50, 18, 41, 9, 32, 55, 12, 35, 3, 26, 49,
17, 40, 8, 31, 54, 22, 34, 2, 25, 48, 16, 39, 7, 30, 53, 21, 44),  (1, 44, 21, 53, 30, 7, 39, 16, 48, 25, 2, 34, 22, 54, 31, 8, 40, 17, 49, 
26, 3, 35, 12, 55, 32, 9, 41, 18, 50, 27, 4, 36, 13, 45, 33, 10, 42, 19, 51, 28, 5, 37, 14, 46, 23, 11, 43, 20, 52, 29, 6, 38, 15, 47, 24),  
], [  (1, 21, 30, 39, 48, 2, 22, 31, 40, 49, 3, 12, 32, 41, 50, 4, 13, 33, 42, 51, 5, 14, 23, 43, 52, 6, 15, 24, 44, 53, 7, 16, 25, 34, 54, 8,
17, 26, 35, 55, 9, 18, 27, 36, 45, 10, 19, 28, 37, 46, 11, 20, 29, 38, 47),  (1, 47, 38, 29, 20, 11, 46, 37, 28, 19, 10, 45, 36, 27, 18, 9, 
55, 35, 26, 17, 8, 54, 34, 25, 16, 7, 53, 44, 24, 15, 6, 52, 43, 23, 14, 5, 51, 42, 33, 13, 4, 50, 41, 32, 12, 3, 49, 40, 31, 22, 2, 48, 39, 
30, 21),  ], [  (1, 14, 27, 40, 53, 11, 13, 26, 39, 52, 10, 12, 25, 38, 51, 9, 22, 24, 37, 50, 8, 21, 23, 36, 49, 7, 20, 33, 35, 48, 6, 19, 
32, 34, 47, 5, 18, 31, 44, 46, 4, 17, 30, 43, 45, 3, 16, 29, 42, 55, 2, 15, 28, 41, 54),  (1, 54, 41, 28, 15, 2, 55, 42, 29, 16, 3, 45, 43, 
30, 17, 4, 46, 44, 31, 18, 5, 47, 34, 32, 19, 6, 48, 35, 33, 20, 7, 49, 36, 23, 21, 8, 50, 37, 24, 22, 9, 51, 38, 25, 12, 10, 52, 39, 26, 13, 
11, 53, 40, 27, 14),  ], [  (1, 9, 6, 3, 11, 8, 5, 2, 10, 7, 4)(12, 20, 17, 14, 22, 19, 16, 13, 21, 18, 15)(23, 31, 28, 25, 33, 30, 27, 24, 
32, 29, 26)(34, 42, 39, 36, 44, 41, 38, 35, 43, 40, 37)(45, 53, 50, 47, 55, 52, 49, 46, 54, 51, 48),  (1, 4, 7, 10, 2, 5, 8, 11, 3, 6, 9)(12, 
15, 18, 21, 13, 16, 19, 22, 14, 17, 20)(23, 26, 29, 32, 24, 27, 30, 33, 25, 28, 31)(34, 37, 40, 43, 35, 38, 41, 44, 36, 39, 42)(45, 48, 51, 
54, 46, 49, 52, 55, 47, 50, 53),  ], [  (1, 54, 41, 28, 15, 2, 55, 42, 29, 16, 3, 45, 43, 30, 17, 4, 46, 44, 31, 18, 5, 47, 34, 32, 19, 6, 48,
35, 33, 20, 7, 49, 36, 23, 21, 8, 50, 37, 24, 22, 9, 51, 38, 25, 12, 10, 52, 39, 26, 13, 11, 53, 40, 27, 14),  (1, 14, 27, 40, 53, 11, 13, 26,
39, 52, 10, 12, 25, 38, 51, 9, 22, 24, 37, 50, 8, 21, 23, 36, 49, 7, 20, 33, 35, 48, 6, 19, 32, 34, 47, 5, 18, 31, 44, 46, 4, 17, 30, 43, 45, 
3, 16, 29, 42, 55, 2, 15, 28, 41, 54),  ], [  (1, 44, 21, 53, 30, 7, 39, 16, 48, 25, 2, 34, 22, 54, 31, 8, 40, 17, 49, 26, 3, 35, 12, 55, 32, 
9, 41, 18, 50, 27, 4, 36, 13, 45, 33, 10, 42, 19, 51, 28, 5, 37, 14, 46, 23, 11, 43, 20, 52, 29, 6, 38, 15, 47, 24),  (1, 24, 47, 15, 38, 6, 
29, 52, 20, 43, 11, 23, 46, 14, 37, 5, 28, 51, 19, 42, 10, 33, 45, 13, 36, 4, 27, 50, 18, 41, 9, 32, 55, 12, 35, 3, 26, 49, 17, 40, 8, 31, 54,
22, 34, 2, 25, 48, 16, 39, 7, 30, 53, 21, 44),  ], [  (1, 35, 14, 48, 27, 6, 40, 19, 53, 32, 11, 34, 13, 47, 26, 5, 39, 18, 52, 31, 10, 44, 
12, 46, 25, 4, 38, 17, 51, 30, 9, 43, 22, 45, 24, 3, 37, 16, 50, 29, 8, 42, 21, 55, 23, 2, 36, 15, 49, 28, 7, 41, 20, 54, 33),  (1, 33, 54, 
20, 41, 7, 28, 49, 15, 36, 2, 23, 55, 21, 42, 8, 29, 50, 16, 37, 3, 24, 45, 22, 43, 9, 30, 51, 17, 38, 4, 25, 46, 12, 44, 10, 31, 52, 18, 39, 
5, 26, 47, 13, 34, 11, 32, 53, 19, 40, 6, 27, 48, 14, 35),  ], [  (1, 47, 38, 29, 20, 11, 46, 37, 28, 19, 10, 45, 36, 27, 18, 9, 55, 35, 26, 
17, 8, 54, 34, 25, 16, 7, 53, 44, 24, 15, 6, 52, 43, 23, 14, 5, 51, 42, 33, 13, 4, 50, 41, 32, 12, 3, 49, 40, 31, 22, 2, 48, 39, 30, 21),  (1,
21, 30, 39, 48, 2, 22, 31, 40, 49, 3, 12, 32, 41, 50, 4, 13, 33, 42, 51, 5, 14, 23, 43, 52, 6, 15, 24, 44, 53, 7, 16, 25, 34, 54, 8, 17, 26, 
35, 55, 9, 18, 27, 36, 45, 10, 19, 28, 37, 46, 11, 20, 29, 38, 47),  ], [  (1, 4, 7, 10, 2, 5, 8, 11, 3, 6, 9)(12, 15, 18, 21, 13, 16, 19, 22,
14, 17, 20)(23, 26, 29, 32, 24, 27, 30, 33, 25, 28, 31)(34, 37, 40, 43, 35, 38, 41, 44, 36, 39, 42)(45, 48, 51, 54, 46, 49, 52, 55, 47, 50, 
53),  (1, 9, 6, 3, 11, 8, 5, 2, 10, 7, 4)(12, 20, 17, 14, 22, 19, 16, 13, 21, 18, 15)(23, 31, 28, 25, 33, 30, 27, 24, 32, 29, 26)(34, 42, 39, 
36, 44, 41, 38, 35, 43, 40, 37)(45, 53, 50, 47, 55, 52, 49, 46, 54, 51, 48),  ], [  (1, 32, 52, 17, 37, 2, 33, 53, 18, 38, 3, 23, 54, 19, 39, 
4, 24, 55, 20, 40, 5, 25, 45, 21, 41, 6, 26, 46, 22, 42, 7, 27, 47, 12, 43, 8, 28, 48, 13, 44, 9, 29, 49, 14, 34, 10, 30, 50, 15, 35, 11, 31, 
51, 16, 36),  (1, 36, 16, 51, 31, 11, 35, 15, 50, 30, 10, 34, 14, 49, 29, 9, 44, 13, 48, 28, 8, 43, 12, 47, 27, 7, 42, 22, 46, 26, 6, 41, 21, 
45, 25, 5, 40, 20, 55, 24, 4, 39, 19, 54, 23, 3, 38, 18, 53, 33, 2, 37, 17, 52, 32),  ], [  (1, 25, 49, 18, 42, 11, 24, 48, 17, 41, 10, 23, 
47, 16, 40, 9, 33, 46, 15, 39, 8, 32, 45, 14, 38, 7, 31, 55, 13, 37, 6, 30, 54, 12, 36, 5, 29, 53, 22, 35, 4, 28, 52, 21, 34, 3, 27, 51, 20, 
44, 2, 26, 50, 19, 43),  (1, 43, 19, 50, 26, 2, 44, 20, 51, 27, 3, 34, 21, 52, 28, 4, 35, 22, 53, 29, 5, 36, 12, 54, 30, 6, 37, 13, 55, 31, 7,
38, 14, 45, 32, 8, 39, 15, 46, 33, 9, 40, 16, 47, 23, 10, 41, 17, 48, 24, 11, 42, 18, 49, 25),  ], [  (1, 20, 28, 36, 55, 8, 16, 24, 43, 51, 
4, 12, 31, 39, 47, 11, 19, 27, 35, 54, 7, 15, 23, 42, 50, 3, 22, 30, 38, 46, 10, 18, 26, 34, 53, 6, 14, 33, 41, 49, 2, 21, 29, 37, 45, 9, 17, 
25, 44, 52, 5, 13, 32, 40, 48),  (1, 48, 40, 32, 13, 5, 52, 44, 25, 17, 9, 45, 37, 29, 21, 2, 49, 41, 33, 14, 6, 53, 34, 26, 18, 10, 46, 38, 
30, 22, 3, 50, 42, 23, 15, 7, 54, 35, 27, 19, 11, 47, 39, 31, 12, 4, 51, 43, 24, 16, 8, 55, 36, 28, 20),  ], [  (1, 15, 29, 43, 46, 5, 19, 33,
36, 50, 9, 12, 26, 40, 54, 2, 16, 30, 44, 47, 6, 20, 23, 37, 51, 10, 13, 27, 41, 55, 3, 17, 31, 34, 48, 7, 21, 24, 38, 52, 11, 14, 28, 42, 45,
4, 18, 32, 35, 49, 8, 22, 25, 39, 53),  (1, 53, 39, 25, 22, 8, 49, 35, 32, 18, 4, 45, 42, 28, 14, 11, 52, 38, 24, 21, 7, 48, 34, 31, 17, 3, 
55, 41, 27, 13, 10, 51, 37, 23, 20, 6, 47, 44, 30, 16, 2, 54, 40, 26, 12, 9, 50, 36, 33, 19, 5, 46, 43, 29, 15),  ], [  (1, 8, 4, 11, 7, 3, 
10, 6, 2, 9, 5)(12, 19, 15, 22, 18, 14, 21, 17, 13, 20, 16)(23, 30, 26, 33, 29, 25, 32, 28, 24, 31, 27)(34, 41, 37, 44, 40, 36, 43, 39, 35, 
42, 38)(45, 52, 48, 55, 51, 47, 54, 50, 46, 53, 49),  (1, 5, 9, 2, 6, 10, 3, 7, 11, 4, 8)(12, 16, 20, 13, 17, 21, 14, 18, 22, 15, 19)(23, 27, 
31, 24, 28, 32, 25, 29, 33, 26, 30)(34, 38, 42, 35, 39, 43, 36, 40, 44, 37, 41)(45, 49, 53, 46, 50, 54, 47, 51, 55, 48, 52),  ], [  (1, 53, 
39, 25, 22, 8, 49, 35, 32, 18, 4, 45, 42, 28, 14, 11, 52, 38, 24, 21, 7, 48, 34, 31, 17, 3, 55, 41, 27, 13, 10, 51, 37, 23, 20, 6, 47, 44, 30,
16, 2, 54, 40, 26, 12, 9, 50, 36, 33, 19, 5, 46, 43, 29, 15),  (1, 15, 29, 43, 46, 5, 19, 33, 36, 50, 9, 12, 26, 40, 54, 2, 16, 30, 44, 47, 6,
20, 23, 37, 51, 10, 13, 27, 41, 55, 3, 17, 31, 34, 48, 7, 21, 24, 38, 52, 11, 14, 28, 42, 45, 4, 18, 32, 35, 49, 8, 22, 25, 39, 53),  ], [  
(1, 43, 19, 50, 26, 2, 44, 20, 51, 27, 3, 34, 21, 52, 28, 4, 35, 22, 53, 29, 5, 36, 12, 54, 30, 6, 37, 13, 55, 31, 7, 38, 14, 45, 32, 8, 39, 
15, 46, 33, 9, 40, 16, 47, 23, 10, 41, 17, 48, 24, 11, 42, 18, 49, 25),  (1, 25, 49, 18, 42, 11, 24, 48, 17, 41, 10, 23, 47, 16, 40, 9, 33, 
46, 15, 39, 8, 32, 45, 14, 38, 7, 31, 55, 13, 37, 6, 30, 54, 12, 36, 5, 29, 53, 22, 35, 4, 28, 52, 21, 34, 3, 27, 51, 20, 44, 2, 26, 50, 19, 
43),  ], [  (1, 36, 16, 51, 31, 11, 35, 15, 50, 30, 10, 34, 14, 49, 29, 9, 44, 13, 48, 28, 8, 43, 12, 47, 27, 7, 42, 22, 46, 26, 6, 41, 21, 
45, 25, 5, 40, 20, 55, 24, 4, 39, 19, 54, 23, 3, 38, 18, 53, 33, 2, 37, 17, 52, 32),  (1, 32, 52, 17, 37, 2, 33, 53, 18, 38, 3, 23, 54, 19, 
39, 4, 24, 55, 20, 40, 5, 25, 45, 21, 41, 6, 26, 46, 22, 42, 7, 27, 47, 12, 43, 8, 28, 48, 13, 44, 9, 29, 49, 14, 34, 10, 30, 50, 15, 35, 11, 
31, 51, 16, 36),  ], [  (1, 48, 40, 32, 13, 5, 52, 44, 25, 17, 9, 45, 37, 29, 21, 2, 49, 41, 33, 14, 6, 53, 34, 26, 18, 10, 46, 38, 30, 22, 3,
50, 42, 23, 15, 7, 54, 35, 27, 19, 11, 47, 39, 31, 12, 4, 51, 43, 24, 16, 8, 55, 36, 28, 20),  (1, 20, 28, 36, 55, 8, 16, 24, 43, 51, 4, 12, 
31, 39, 47, 11, 19, 27, 35, 54, 7, 15, 23, 42, 50, 3, 22, 30, 38, 46, 10, 18, 26, 34, 53, 6, 14, 33, 41, 49, 2, 21, 29, 37, 45, 9, 17, 25, 44,
52, 5, 13, 32, 40, 48),  ], [  (1, 5, 9, 2, 6, 10, 3, 7, 11, 4, 8)(12, 16, 20, 13, 17, 21, 14, 18, 22, 15, 19)(23, 27, 31, 24, 28, 32, 25, 29,
33, 26, 30)(34, 38, 42, 35, 39, 43, 36, 40, 44, 37, 41)(45, 49, 53, 46, 50, 54, 47, 51, 55, 48, 52),  (1, 8, 4, 11, 7, 3, 10, 6, 2, 9, 5)(12, 
19, 15, 22, 18, 14, 21, 17, 13, 20, 16)(23, 30, 26, 33, 29, 25, 32, 28, 24, 31, 27)(34, 41, 37, 44, 40, 36, 43, 39, 35, 42, 38)(45, 52, 48, 
55, 51, 47, 54, 50, 46, 53, 49),  ], [  (1, 31, 50, 14, 44, 8, 27, 46, 21, 40, 4, 23, 53, 17, 36, 11, 30, 49, 13, 43, 7, 26, 45, 20, 39, 3, 
33, 52, 16, 35, 10, 29, 48, 12, 42, 6, 25, 55, 19, 38, 2, 32, 51, 15, 34, 9, 28, 47, 22, 41, 5, 24, 54, 18, 37),  (1, 37, 18, 54, 24, 5, 41, 
22, 47, 28, 9, 34, 15, 51, 32, 2, 38, 19, 55, 25, 6, 42, 12, 48, 29, 10, 35, 16, 52, 33, 3, 39, 20, 45, 26, 7, 43, 13, 49, 30, 11, 36, 17, 53,
23, 4, 40, 21, 46, 27, 8, 44, 14, 50, 31),  ], [  (1, 26, 51, 21, 35, 5, 30, 55, 14, 39, 9, 23, 48, 18, 43, 2, 27, 52, 22, 36, 6, 31, 45, 15, 
40, 10, 24, 49, 19, 44, 3, 28, 53, 12, 37, 7, 32, 46, 16, 41, 11, 25, 50, 20, 34, 4, 29, 54, 13, 38, 8, 33, 47, 17, 42),  (1, 42, 17, 47, 33, 
8, 38, 13, 54, 29, 4, 34, 20, 50, 25, 11, 41, 16, 46, 32, 7, 37, 12, 53, 28, 3, 44, 19, 49, 24, 10, 40, 15, 45, 31, 6, 36, 22, 52, 27, 2, 43, 
18, 48, 23, 9, 39, 14, 55, 30, 5, 35, 21, 51, 26),  ], [  (1, 19, 26, 44, 51, 3, 21, 28, 35, 53, 5, 12, 30, 37, 55, 7, 14, 32, 39, 46, 9, 16, 
23, 41, 48, 11, 18, 25, 43, 50, 2, 20, 27, 34, 52, 4, 22, 29, 36, 54, 6, 13, 31, 38, 45, 8, 15, 33, 40, 47, 10, 17, 24, 42, 49),  (1, 49, 42, 
24, 17, 10, 47, 40, 33, 15, 8, 45, 38, 31, 13, 6, 54, 36, 29, 22, 4, 52, 34, 27, 20, 2, 50, 43, 25, 18, 11, 48, 41, 23, 16, 9, 46, 39, 32, 14,
7, 55, 37, 30, 12, 5, 53, 35, 28, 21, 3, 51, 44, 26, 19),  ], [  (1, 16, 31, 35, 50, 10, 14, 29, 44, 48, 8, 12, 27, 42, 46, 6, 21, 25, 40, 55,
4, 19, 23, 38, 53, 2, 17, 32, 36, 51, 11, 15, 30, 34, 49, 9, 13, 28, 43, 47, 7, 22, 26, 41, 45, 5, 20, 24, 39, 54, 3, 18, 33, 37, 52),  (1, 
52, 37, 33, 18, 3, 54, 39, 24, 20, 5, 45, 41, 26, 22, 7, 47, 43, 28, 13, 9, 49, 34, 30, 15, 11, 51, 36, 32, 17, 2, 53, 38, 23, 19, 4, 55, 40, 
25, 21, 6, 46, 42, 27, 12, 8, 48, 44, 29, 14, 10, 50, 35, 31, 16),  ], [  (1, 7, 2, 8, 3, 9, 4, 10, 5, 11, 6)(12, 18, 13, 19, 14, 20, 15, 21, 
16, 22, 17)(23, 29, 24, 30, 25, 31, 26, 32, 27, 33, 28)(34, 40, 35, 41, 36, 42, 37, 43, 38, 44, 39)(45, 51, 46, 52, 47, 53, 48, 54, 49, 55, 
50),  (1, 6, 11, 5, 10, 4, 9, 3, 8, 2, 7)(12, 17, 22, 16, 21, 15, 20, 14, 19, 13, 18)(23, 28, 33, 27, 32, 26, 31, 25, 30, 24, 29)(34, 39, 44, 
38, 43, 37, 42, 36, 41, 35, 40)(45, 50, 55, 49, 54, 48, 53, 47, 52, 46, 51),  ], [  (1, 52, 37, 33, 18, 3, 54, 39, 24, 20, 5, 45, 41, 26, 22, 
7, 47, 43, 28, 13, 9, 49, 34, 30, 15, 11, 51, 36, 32, 17, 2, 53, 38, 23, 19, 4, 55, 40, 25, 21, 6, 46, 42, 27, 12, 8, 48, 44, 29, 14, 10, 50, 
35, 31, 16),  (1, 16, 31, 35, 50, 10, 14, 29, 44, 48, 8, 12, 27, 42, 46, 6, 21, 25, 40, 55, 4, 19, 23, 38, 53, 2, 17, 32, 36, 51, 11, 15, 30, 
34, 49, 9, 13, 28, 43, 47, 7, 22, 26, 41, 45, 5, 20, 24, 39, 54, 3, 18, 33, 37, 52),  ], [  (1, 42, 17, 47, 33, 8, 38, 13, 54, 29, 4, 34, 20, 
50, 25, 11, 41, 16, 46, 32, 7, 37, 12, 53, 28, 3, 44, 19, 49, 24, 10, 40, 15, 45, 31, 6, 36, 22, 52, 27, 2, 43, 18, 48, 23, 9, 39, 14, 55, 30,
5, 35, 21, 51, 26),  (1, 26, 51, 21, 35, 5, 30, 55, 14, 39, 9, 23, 48, 18, 43, 2, 27, 52, 22, 36, 6, 31, 45, 15, 40, 10, 24, 49, 19, 44, 3, 
28, 53, 12, 37, 7, 32, 46, 16, 41, 11, 25, 50, 20, 34, 4, 29, 54, 13, 38, 8, 33, 47, 17, 42),  ], [  (1, 37, 18, 54, 24, 5, 41, 22, 47, 28, 9,
34, 15, 51, 32, 2, 38, 19, 55, 25, 6, 42, 12, 48, 29, 10, 35, 16, 52, 33, 3, 39, 20, 45, 26, 7, 43, 13, 49, 30, 11, 36, 17, 53, 23, 4, 40, 21,
46, 27, 8, 44, 14, 50, 31),  (1, 31, 50, 14, 44, 8, 27, 46, 21, 40, 4, 23, 53, 17, 36, 11, 30, 49, 13, 43, 7, 26, 45, 20, 39, 3, 33, 52, 16, 
35, 10, 29, 48, 12, 42, 6, 25, 55, 19, 38, 2, 32, 51, 15, 34, 9, 28, 47, 22, 41, 5, 24, 54, 18, 37),  ], [  (1, 49, 42, 24, 17, 10, 47, 40, 
33, 15, 8, 45, 38, 31, 13, 6, 54, 36, 29, 22, 4, 52, 34, 27, 20, 2, 50, 43, 25, 18, 11, 48, 41, 23, 16, 9, 46, 39, 32, 14, 7, 55, 37, 30, 12, 
5, 53, 35, 28, 21, 3, 51, 44, 26, 19),  (1, 19, 26, 44, 51, 3, 21, 28, 35, 53, 5, 12, 30, 37, 55, 7, 14, 32, 39, 46, 9, 16, 23, 41, 48, 11, 
18, 25, 43, 50, 2, 20, 27, 34, 52, 4, 22, 29, 36, 54, 6, 13, 31, 38, 45, 8, 15, 33, 40, 47, 10, 17, 24, 42, 49),  ], [  (1, 6, 11, 5, 10, 4, 
9, 3, 8, 2, 7)(12, 17, 22, 16, 21, 15, 20, 14, 19, 13, 18)(23, 28, 33, 27, 32, 26, 31, 25, 30, 24, 29)(34, 39, 44, 38, 43, 37, 42, 36, 41, 35,
40)(45, 50, 55, 49, 54, 48, 53, 47, 52, 46, 51),  (1, 7, 2, 8, 3, 9, 4, 10, 5, 11, 6)(12, 18, 13, 19, 14, 20, 15, 21, 16, 22, 17)(23, 29, 24, 
30, 25, 31, 26, 32, 27, 33, 28)(34, 40, 35, 41, 36, 42, 37, 43, 38, 44, 39)(45, 51, 46, 52, 47, 53, 48, 54, 49, 55, 50),  ], [  (1, 30, 48, 
22, 40, 3, 32, 50, 13, 42, 5, 23, 52, 15, 44, 7, 25, 54, 17, 35, 9, 27, 45, 19, 37, 11, 29, 47, 21, 39, 2, 31, 49, 12, 41, 4, 33, 51, 14, 43, 
6, 24, 53, 16, 34, 8, 26, 55, 18, 36, 10, 28, 46, 20, 38),  (1, 38, 20, 46, 28, 10, 36, 18, 55, 26, 8, 34, 16, 53, 24, 6, 43, 14, 51, 33, 4, 
41, 12, 49, 31, 2, 39, 21, 47, 29, 11, 37, 19, 45, 27, 9, 35, 17, 54, 25, 7, 44, 15, 52, 23, 5, 42, 13, 50, 32, 3, 40, 22, 48, 30),  ], [  (1,
27, 53, 13, 39, 10, 25, 51, 22, 37, 8, 23, 49, 20, 35, 6, 32, 47, 18, 44, 4, 30, 45, 16, 42, 2, 28, 54, 14, 40, 11, 26, 52, 12, 38, 9, 24, 50,
21, 36, 7, 33, 48, 19, 34, 5, 31, 46, 17, 43, 3, 29, 55, 15, 41),  (1, 41, 15, 55, 29, 3, 43, 17, 46, 31, 5, 34, 19, 48, 33, 7, 36, 21, 50, 
24, 9, 38, 12, 52, 26, 11, 40, 14, 54, 28, 2, 42, 16, 45, 30, 4, 44, 18, 47, 32, 6, 35, 20, 49, 23, 8, 37, 22, 51, 25, 10, 39, 13, 53, 27),  
], [  (1, 18, 24, 41, 47, 9, 15, 32, 38, 55, 6, 12, 29, 35, 52, 3, 20, 26, 43, 49, 11, 17, 23, 40, 46, 8, 14, 31, 37, 54, 5, 22, 28, 34, 51, 
2, 19, 25, 42, 48, 10, 16, 33, 39, 45, 7, 13, 30, 36, 53, 4, 21, 27, 44, 50),  (1, 50, 44, 27, 21, 4, 53, 36, 30, 13, 7, 45, 39, 33, 16, 10, 
48, 42, 25, 19, 2, 51, 34, 28, 22, 5, 54, 37, 31, 14, 8, 46, 40, 23, 17, 11, 49, 43, 26, 20, 3, 52, 35, 29, 12, 6, 55, 38, 32, 15, 9, 47, 41, 
24, 18),  ], [  (1, 17, 33, 38, 54, 4, 20, 25, 41, 46, 7, 12, 28, 44, 49, 10, 15, 31, 36, 52, 2, 18, 23, 39, 55, 5, 21, 26, 42, 47, 8, 13, 29,
34, 50, 11, 16, 32, 37, 53, 3, 19, 24, 40, 45, 6, 22, 27, 43, 48, 9, 14, 30, 35, 51),  (1, 51, 35, 30, 14, 9, 48, 43, 27, 22, 6, 45, 40, 24, 
19, 3, 53, 37, 32, 16, 11, 50, 34, 29, 13, 8, 47, 42, 26, 21, 5, 55, 39, 23, 18, 2, 52, 36, 31, 15, 10, 49, 44, 28, 12, 7, 46, 41, 25, 20, 4, 
54, 38, 33, 17),  ], [  (1, 51, 35, 30, 14, 9, 48, 43, 27, 22, 6, 45, 40, 24, 19, 3, 53, 37, 32, 16, 11, 50, 34, 29, 13, 8, 47, 42, 26, 21, 5,
55, 39, 23, 18, 2, 52, 36, 31, 15, 10, 49, 44, 28, 12, 7, 46, 41, 25, 20, 4, 54, 38, 33, 17),  (1, 17, 33, 38, 54, 4, 20, 25, 41, 46, 7, 12, 
28, 44, 49, 10, 15, 31, 36, 52, 2, 18, 23, 39, 55, 5, 21, 26, 42, 47, 8, 13, 29, 34, 50, 11, 16, 32, 37, 53, 3, 19, 24, 40, 45, 6, 22, 27, 43,
48, 9, 14, 30, 35, 51),  ], [  (1, 41, 15, 55, 29, 3, 43, 17, 46, 31, 5, 34, 19, 48, 33, 7, 36, 21, 50, 24, 9, 38, 12, 52, 26, 11, 40, 14, 54,
28, 2, 42, 16, 45, 30, 4, 44, 18, 47, 32, 6, 35, 20, 49, 23, 8, 37, 22, 51, 25, 10, 39, 13, 53, 27),  (1, 27, 53, 13, 39, 10, 25, 51, 22, 37, 
8, 23, 49, 20, 35, 6, 32, 47, 18, 44, 4, 30, 45, 16, 42, 2, 28, 54, 14, 40, 11, 26, 52, 12, 38, 9, 24, 50, 21, 36, 7, 33, 48, 19, 34, 5, 31, 
46, 17, 43, 3, 29, 55, 15, 41),  ], [  (1, 38, 20, 46, 28, 10, 36, 18, 55, 26, 8, 34, 16, 53, 24, 6, 43, 14, 51, 33, 4, 41, 12, 49, 31, 2, 39,
21, 47, 29, 11, 37, 19, 45, 27, 9, 35, 17, 54, 25, 7, 44, 15, 52, 23, 5, 42, 13, 50, 32, 3, 40, 22, 48, 30),  (1, 30, 48, 22, 40, 3, 32, 50, 
13, 42, 5, 23, 52, 15, 44, 7, 25, 54, 17, 35, 9, 27, 45, 19, 37, 11, 29, 47, 21, 39, 2, 31, 49, 12, 41, 4, 33, 51, 14, 43, 6, 24, 53, 16, 34, 
8, 26, 55, 18, 36, 10, 28, 46, 20, 38),  ], [  (1, 50, 44, 27, 21, 4, 53, 36, 30, 13, 7, 45, 39, 33, 16, 10, 48, 42, 25, 19, 2, 51, 34, 28, 
22, 5, 54, 37, 31, 14, 8, 46, 40, 23, 17, 11, 49, 43, 26, 20, 3, 52, 35, 29, 12, 6, 55, 38, 32, 15, 9, 47, 41, 24, 18),  (1, 18, 24, 41, 47, 
9, 15, 32, 38, 55, 6, 12, 29, 35, 52, 3, 20, 26, 43, 49, 11, 17, 23, 40, 46, 8, 14, 31, 37, 54, 5, 22, 28, 34, 51, 2, 19, 25, 42, 48, 10, 16, 
33, 39, 45, 7, 13, 30, 36, 53, 4, 21, 27, 44, 50),  ], [  (1, 29, 46, 19, 36, 9, 26, 54, 16, 44, 6, 23, 51, 13, 41, 3, 31, 48, 21, 38, 11, 28,
45, 18, 35, 8, 25, 53, 15, 43, 5, 33, 50, 12, 40, 2, 30, 47, 20, 37, 10, 27, 55, 17, 34, 7, 24, 52, 14, 42, 4, 32, 49, 22, 39),  (1, 39, 22, 
49, 32, 4, 42, 14, 52, 24, 7, 34, 17, 55, 27, 10, 37, 20, 47, 30, 2, 40, 12, 50, 33, 5, 43, 15, 53, 25, 8, 35, 18, 45, 28, 11, 38, 21, 48, 31,
3, 41, 13, 51, 23, 6, 44, 16, 54, 26, 9, 36, 19, 46, 29),  ], [  (1, 28, 55, 16, 43, 4, 31, 47, 19, 35, 7, 23, 50, 22, 38, 10, 26, 53, 14, 41,
2, 29, 45, 17, 44, 5, 32, 48, 20, 36, 8, 24, 51, 12, 39, 11, 27, 54, 15, 42, 3, 30, 46, 18, 34, 6, 33, 49, 21, 37, 9, 25, 52, 13, 40),  (1, 
40, 13, 52, 25, 9, 37, 21, 49, 33, 6, 34, 18, 46, 30, 3, 42, 15, 54, 27, 11, 39, 12, 51, 24, 8, 36, 20, 48, 32, 5, 44, 17, 45, 29, 2, 41, 14, 
53, 26, 10, 38, 22, 50, 23, 7, 35, 19, 47, 31, 4, 43, 16, 55, 28),  ], [  (1, 40, 13, 52, 25, 9, 37, 21, 49, 33, 6, 34, 18, 46, 30, 3, 42, 15,
54, 27, 11, 39, 12, 51, 24, 8, 36, 20, 48, 32, 5, 44, 17, 45, 29, 2, 41, 14, 53, 26, 10, 38, 22, 50, 23, 7, 35, 19, 47, 31, 4, 43, 16, 55, 
28),  (1, 28, 55, 16, 43, 4, 31, 47, 19, 35, 7, 23, 50, 22, 38, 10, 26, 53, 14, 41, 2, 29, 45, 17, 44, 5, 32, 48, 20, 36, 8, 24, 51, 12, 39, 
11, 27, 54, 15, 42, 3, 30, 46, 18, 34, 6, 33, 49, 21, 37, 9, 25, 52, 13, 40),  ], [  (1, 39, 22, 49, 32, 4, 42, 14, 52, 24, 7, 34, 17, 55, 27,
10, 37, 20, 47, 30, 2, 40, 12, 50, 33, 5, 43, 15, 53, 25, 8, 35, 18, 45, 28, 11, 38, 21, 48, 31, 3, 41, 13, 51, 23, 6, 44, 16, 54, 26, 9, 36, 
19, 46, 29),  (1, 29, 46, 19, 36, 9, 26, 54, 16, 44, 6, 23, 51, 13, 41, 3, 31, 48, 21, 38, 11, 28, 45, 18, 35, 8, 25, 53, 15, 43, 5, 33, 50, 
12, 40, 2, 30, 47, 20, 37, 10, 27, 55, 17, 34, 7, 24, 52, 14, 42, 4, 32, 49, 22, 39),  ], ]
);

BRACES[55].brace[2] := rec ( size := 55, perms := [ [  (),  (),  ], [  (1, 12, 23, 34, 45)(2, 13, 24, 35, 46)(3, 14, 25, 36, 47)(4, 15, 26, 
37, 48)(5, 16, 27, 38, 49)(6, 17, 28, 39, 50)(7, 18, 29, 40, 51)(8, 19, 30, 41, 52)(9, 20, 31, 42, 53)(10, 21, 32, 43, 54)(11, 22, 33, 44, 
55),  (1, 45, 34, 23, 12)(2, 50, 37, 27, 21)(3, 55, 40, 31, 19)(4, 49, 43, 24, 17)(5, 54, 35, 28, 15)(6, 48, 38, 32, 13)(7, 53, 41, 25, 22)(8,
47, 44, 29, 20)(9, 52, 36, 33, 18)(10, 46, 39, 26, 16)(11, 51, 42, 30, 14),  ], [  (1, 11, 10, 9, 8, 7, 6, 5, 4, 3, 2)(12, 22, 21, 20, 19, 18,
17, 16, 15, 14, 13)(23, 33, 32, 31, 30, 29, 28, 27, 26, 25, 24)(34, 44, 43, 42, 41, 40, 39, 38, 37, 36, 35)(45, 55, 54, 53, 52, 51, 50, 49, 
48, 47, 46),  (1, 2, 3, 4, 5, 6, 7, 8, 9, 10, 11)(12, 13, 14, 15, 16, 17, 18, 19, 20, 21, 22)(23, 24, 25, 26, 27, 28, 29, 30, 31, 32, 33)(34, 
35, 36, 37, 38, 39, 40, 41, 42, 43, 44)(45, 46, 47, 48, 49, 50, 51, 52, 53, 54, 55),  ], [  (1, 45, 34, 23, 12)(2, 46, 35, 24, 13)(3, 47, 36, 
25, 14)(4, 48, 37, 26, 15)(5, 49, 38, 27, 16)(6, 50, 39, 28, 17)(7, 51, 40, 29, 18)(8, 52, 41, 30, 19)(9, 53, 42, 31, 20)(10, 54, 43, 32, 
21)(11, 55, 44, 33, 22),  (1, 12, 23, 34, 45)(2, 21, 27, 37, 50)(3, 19, 31, 40, 55)(4, 17, 24, 43, 49)(5, 15, 28, 35, 54)(6, 13, 32, 38, 
48)(7, 22, 25, 41, 53)(8, 20, 29, 44, 47)(9, 18, 33, 36, 52)(10, 16, 26, 39, 46)(11, 14, 30, 42, 51),  ], [  (1, 2, 3, 4, 5, 6, 7, 8, 9, 10, 
11)(12, 13, 14, 15, 16, 17, 18, 19, 20, 21, 22)(23, 24, 25, 26, 27, 28, 29, 30, 31, 32, 33)(34, 35, 36, 37, 38, 39, 40, 41, 42, 43, 44)(45, 
46, 47, 48, 49, 50, 51, 52, 53, 54, 55),  (1, 11, 10, 9, 8, 7, 6, 5, 4, 3, 2)(12, 22, 21, 20, 19, 18, 17, 16, 15, 14, 13)(23, 33, 32, 31, 30, 
29, 28, 27, 26, 25, 24)(34, 44, 43, 42, 41, 40, 39, 38, 37, 36, 35)(45, 55, 54, 53, 52, 51, 50, 49, 48, 47, 46),  ], [  (1, 23, 45, 12, 34)(2,
24, 46, 13, 35)(3, 25, 47, 14, 36)(4, 26, 48, 15, 37)(5, 27, 49, 16, 38)(6, 28, 50, 17, 39)(7, 29, 51, 18, 40)(8, 30, 52, 19, 41)(9, 31, 53, 
20, 42)(10, 32, 54, 21, 43)(11, 33, 55, 22, 44),  (1, 34, 12, 45, 23)(2, 37, 21, 50, 27)(3, 40, 19, 55, 31)(4, 43, 17, 49, 24)(5, 35, 15, 54, 
28)(6, 38, 13, 48, 32)(7, 41, 22, 53, 25)(8, 44, 20, 47, 29)(9, 36, 18, 52, 33)(10, 39, 16, 46, 26)(11, 42, 14, 51, 30),  ], [  (1, 14, 27, 
40, 53, 11, 13, 26, 39, 52, 10, 12, 25, 38, 51, 9, 22, 24, 37, 50, 8, 21, 23, 36, 49, 7, 20, 33, 35, 48, 6, 19, 32, 34, 47, 5, 18, 31, 44, 46,
4, 17, 30, 43, 45, 3, 16, 29, 42, 55, 2, 15, 28, 41, 54),  (1, 46, 40, 32, 14)(2, 51, 43, 25, 12)(3, 45, 35, 29, 21)(4, 50, 38, 33, 19)(5, 55,
41, 26, 17)(6, 49, 44, 30, 15)(7, 54, 36, 23, 13)(8, 48, 39, 27, 22)(9, 53, 42, 31, 20)(10, 47, 34, 24, 18)(11, 52, 37, 28, 16),  ], [  (1, 
21, 30, 39, 48, 2, 22, 31, 40, 49, 3, 12, 32, 41, 50, 4, 13, 33, 42, 51, 5, 14, 23, 43, 52, 6, 15, 24, 44, 53, 7, 16, 25, 34, 54, 8, 17, 26, 
35, 55, 9, 18, 27, 36, 45, 10, 19, 28, 37, 46, 11, 20, 29, 38, 47),  (1, 55, 39, 25, 21)(2, 49, 42, 29, 19)(3, 54, 34, 33, 17)(4, 48, 37, 26, 
15)(5, 53, 40, 30, 13)(6, 47, 43, 23, 22)(7, 52, 35, 27, 20)(8, 46, 38, 31, 18)(9, 51, 41, 24, 16)(10, 45, 44, 28, 14)(11, 50, 36, 32, 12),  
], [  (1, 22, 32, 42, 52, 7, 17, 27, 37, 47, 2, 12, 33, 43, 53, 8, 18, 28, 38, 48, 3, 13, 23, 44, 54, 9, 19, 29, 39, 49, 4, 14, 24, 34, 55, 
10, 20, 30, 40, 50, 5, 15, 25, 35, 45, 11, 21, 31, 41, 51, 6, 16, 26, 36, 46),  (1, 50, 42, 24, 22)(2, 55, 34, 28, 20)(3, 49, 37, 32, 18)(4, 
54, 40, 25, 16)(5, 48, 43, 29, 14)(6, 53, 35, 33, 12)(7, 47, 38, 26, 21)(8, 52, 41, 30, 19)(9, 46, 44, 23, 17)(10, 51, 36, 27, 15)(11, 45, 39,
31, 13),  ], [  (1, 10, 8, 6, 4, 2, 11, 9, 7, 5, 3)(12, 21, 19, 17, 15, 13, 22, 20, 18, 16, 14)(23, 32, 30, 28, 26, 24, 33, 31, 29, 27, 
25)(34, 43, 41, 39, 37, 35, 44, 42, 40, 38, 36)(45, 54, 52, 50, 48, 46, 55, 53, 51, 49, 47),  (1, 3, 5, 7, 9, 11, 2, 4, 6, 8, 10)(12, 14, 16, 
18, 20, 22, 13, 15, 17, 19, 21)(23, 25, 27, 29, 31, 33, 24, 26, 28, 30, 32)(34, 36, 38, 40, 42, 44, 35, 37, 39, 41, 43)(45, 47, 49, 51, 53, 
55, 46, 48, 50, 52, 54),  ], [  (1, 55, 43, 31, 19, 7, 50, 38, 26, 14, 2, 45, 44, 32, 20, 8, 51, 39, 27, 15, 3, 46, 34, 33, 21, 9, 52, 40, 28,
16, 4, 47, 35, 23, 22, 10, 53, 41, 29, 17, 5, 48, 36, 24, 12, 11, 54, 42, 30, 18, 6, 49, 37, 25, 13),  (1, 21, 25, 39, 55)(2, 19, 29, 42, 
49)(3, 17, 33, 34, 54)(4, 15, 26, 37, 48)(5, 13, 30, 40, 53)(6, 22, 23, 43, 47)(7, 20, 27, 35, 52)(8, 18, 31, 38, 46)(9, 16, 24, 41, 51)(10, 
14, 28, 44, 45)(11, 12, 32, 36, 50),  ], [  (1, 51, 35, 30, 14, 9, 48, 43, 27, 22, 6, 45, 40, 24, 19, 3, 53, 37, 32, 16, 11, 50, 34, 29, 13, 
8, 47, 42, 26, 21, 5, 55, 39, 23, 18, 2, 52, 36, 31, 15, 10, 49, 44, 28, 12, 7, 46, 41, 25, 20, 4, 54, 38, 33, 17),  (1, 13, 33, 37, 51)(2, 
22, 26, 40, 45)(3, 20, 30, 43, 50)(4, 18, 23, 35, 55)(5, 16, 27, 38, 49)(6, 14, 31, 41, 54)(7, 12, 24, 44, 48)(8, 21, 28, 36, 53)(9, 19, 32, 
39, 47)(10, 17, 25, 42, 52)(11, 15, 29, 34, 46),  ], [  (1, 34, 12, 45, 23)(2, 35, 13, 46, 24)(3, 36, 14, 47, 25)(4, 37, 15, 48, 26)(5, 38, 
16, 49, 27)(6, 39, 17, 50, 28)(7, 40, 18, 51, 29)(8, 41, 19, 52, 30)(9, 42, 20, 53, 31)(10, 43, 21, 54, 32)(11, 44, 22, 55, 33),  (1, 23, 45, 
12, 34)(2, 27, 50, 21, 37)(3, 31, 55, 19, 40)(4, 24, 49, 17, 43)(5, 28, 54, 15, 35)(6, 32, 48, 13, 38)(7, 25, 53, 22, 41)(8, 29, 47, 20, 
44)(9, 33, 52, 18, 36)(10, 26, 46, 16, 39)(11, 30, 51, 14, 42),  ], [  (1, 50, 44, 27, 21, 4, 53, 36, 30, 13, 7, 45, 39, 33, 16, 10, 48, 42, 
25, 19, 2, 51, 34, 28, 22, 5, 54, 37, 31, 14, 8, 46, 40, 23, 17, 11, 49, 43, 26, 20, 3, 52, 35, 29, 12, 6, 55, 38, 32, 15, 9, 47, 41, 24, 18),
(1, 22, 24, 42, 50)(2, 20, 28, 34, 55)(3, 18, 32, 37, 49)(4, 16, 25, 40, 54)(5, 14, 29, 43, 48)(6, 12, 33, 35, 53)(7, 21, 26, 38, 47)(8, 19, 
30, 41, 52)(9, 17, 23, 44, 46)(10, 15, 27, 36, 51)(11, 13, 31, 39, 45),  ], [  (1, 13, 25, 37, 49, 6, 18, 30, 42, 54, 11, 12, 24, 36, 48, 5, 
17, 29, 41, 53, 10, 22, 23, 35, 47, 4, 16, 28, 40, 52, 9, 21, 33, 34, 46, 3, 15, 27, 39, 51, 8, 20, 32, 44, 45, 2, 14, 26, 38, 50, 7, 19, 31, 
43, 55),  (1, 51, 37, 33, 13)(2, 45, 40, 26, 22)(3, 50, 43, 30, 20)(4, 55, 35, 23, 18)(5, 49, 38, 27, 16)(6, 54, 41, 31, 14)(7, 48, 44, 24, 
12)(8, 53, 36, 28, 21)(9, 47, 39, 32, 19)(10, 52, 42, 25, 17)(11, 46, 34, 29, 15),  ], [  (1, 46, 36, 26, 16, 6, 51, 41, 31, 21, 11, 45, 35, 
25, 15, 5, 50, 40, 30, 20, 10, 55, 34, 24, 14, 4, 49, 39, 29, 19, 9, 54, 44, 23, 13, 3, 48, 38, 28, 18, 8, 53, 43, 33, 12, 2, 47, 37, 27, 17, 
7, 52, 42, 32, 22),  (1, 14, 32, 40, 46)(2, 12, 25, 43, 51)(3, 21, 29, 35, 45)(4, 19, 33, 38, 50)(5, 17, 26, 41, 55)(6, 15, 30, 44, 49)(7, 13,
23, 36, 54)(8, 22, 27, 39, 48)(9, 20, 31, 42, 53)(10, 18, 24, 34, 47)(11, 16, 28, 37, 52),  ], [  (1, 3, 5, 7, 9, 11, 2, 4, 6, 8, 10)(12, 14, 
16, 18, 20, 22, 13, 15, 17, 19, 21)(23, 25, 27, 29, 31, 33, 24, 26, 28, 30, 32)(34, 36, 38, 40, 42, 44, 35, 37, 39, 41, 43)(45, 47, 49, 51, 
53, 55, 46, 48, 50, 52, 54),  (1, 10, 8, 6, 4, 2, 11, 9, 7, 5, 3)(12, 21, 19, 17, 15, 13, 22, 20, 18, 16, 14)(23, 32, 30, 28, 26, 24, 33, 31, 
29, 27, 25)(34, 43, 41, 39, 37, 35, 44, 42, 40, 38, 36)(45, 54, 52, 50, 48, 46, 55, 53, 51, 49, 47),  ], [  (1, 30, 48, 22, 40, 3, 32, 50, 13,
42, 5, 23, 52, 15, 44, 7, 25, 54, 17, 35, 9, 27, 45, 19, 37, 11, 29, 47, 21, 39, 2, 31, 49, 12, 41, 4, 33, 51, 14, 43, 6, 24, 53, 16, 34, 8, 
26, 55, 18, 36, 10, 28, 46, 20, 38),  (1, 35, 16, 47, 30)(2, 38, 14, 52, 23)(3, 41, 12, 46, 27)(4, 44, 21, 51, 31)(5, 36, 19, 45, 24)(6, 39, 
17, 50, 28)(7, 42, 15, 55, 32)(8, 34, 13, 49, 25)(9, 37, 22, 54, 29)(10, 40, 20, 48, 33)(11, 43, 18, 53, 26),  ], [  (1, 27, 53, 13, 39, 10, 
25, 51, 22, 37, 8, 23, 49, 20, 35, 6, 32, 47, 18, 44, 4, 30, 45, 16, 42, 2, 28, 54, 14, 40, 11, 26, 52, 12, 38, 9, 24, 50, 21, 36, 7, 33, 48, 
19, 34, 5, 31, 46, 17, 43, 3, 29, 55, 15, 41),  (1, 44, 19, 54, 27)(2, 36, 17, 48, 31)(3, 39, 15, 53, 24)(4, 42, 13, 47, 28)(5, 34, 22, 52, 
32)(6, 37, 20, 46, 25)(7, 40, 18, 51, 29)(8, 43, 16, 45, 33)(9, 35, 14, 50, 26)(10, 38, 12, 55, 30)(11, 41, 21, 49, 23),  ], [  (1, 25, 49, 
18, 42, 11, 24, 48, 17, 41, 10, 23, 47, 16, 40, 9, 33, 46, 15, 39, 8, 32, 45, 14, 38, 7, 31, 55, 13, 37, 6, 30, 54, 12, 36, 5, 29, 53, 22, 35,
4, 28, 52, 21, 34, 3, 27, 51, 20, 44, 2, 26, 50, 19, 43),  (1, 39, 21, 55, 25)(2, 42, 19, 49, 29)(3, 34, 17, 54, 33)(4, 37, 15, 48, 26)(5, 40,
13, 53, 30)(6, 43, 22, 47, 23)(7, 35, 20, 52, 27)(8, 38, 18, 46, 31)(9, 41, 16, 51, 24)(10, 44, 14, 45, 28)(11, 36, 12, 50, 32),  ], [  (1, 
16, 31, 35, 50, 10, 14, 29, 44, 48, 8, 12, 27, 42, 46, 6, 21, 25, 40, 55, 4, 19, 23, 38, 53, 2, 17, 32, 36, 51, 11, 15, 30, 34, 49, 9, 13, 28,
43, 47, 7, 22, 26, 41, 45, 5, 20, 24, 39, 54, 3, 18, 33, 37, 52),  (1, 47, 35, 30, 16)(2, 52, 38, 23, 14)(3, 46, 41, 27, 12)(4, 51, 44, 31, 
21)(5, 45, 36, 24, 19)(6, 50, 39, 28, 17)(7, 55, 42, 32, 15)(8, 49, 34, 25, 13)(9, 54, 37, 29, 22)(10, 48, 40, 33, 20)(11, 53, 43, 26, 18),  
], [  (1, 32, 52, 17, 37, 2, 33, 53, 18, 38, 3, 23, 54, 19, 39, 4, 24, 55, 20, 40, 5, 25, 45, 21, 41, 6, 26, 46, 22, 42, 7, 27, 47, 12, 43, 8,
28, 48, 13, 44, 9, 29, 49, 14, 34, 10, 30, 50, 15, 35, 11, 31, 51, 16, 36),  (1, 40, 14, 46, 32)(2, 43, 12, 51, 25)(3, 35, 21, 45, 29)(4, 38, 
19, 50, 33)(5, 41, 17, 55, 26)(6, 44, 15, 49, 30)(7, 36, 13, 54, 23)(8, 39, 22, 48, 27)(9, 42, 20, 53, 31)(10, 34, 18, 47, 24)(11, 37, 16, 52,
28),  ], [  (1, 19, 26, 44, 51, 3, 21, 28, 35, 53, 5, 12, 30, 37, 55, 7, 14, 32, 39, 46, 9, 16, 23, 41, 48, 11, 18, 25, 43, 50, 2, 20, 27, 34,
52, 4, 22, 29, 36, 54, 6, 13, 31, 38, 45, 8, 15, 33, 40, 47, 10, 17, 24, 42, 49),  (1, 54, 44, 27, 19)(2, 48, 36, 31, 17)(3, 53, 39, 24, 
15)(4, 47, 42, 28, 13)(5, 52, 34, 32, 22)(6, 46, 37, 25, 20)(7, 51, 40, 29, 18)(8, 45, 43, 33, 16)(9, 50, 35, 26, 14)(10, 55, 38, 30, 12)(11, 
49, 41, 23, 21),  ], [  (1, 33, 54, 20, 41, 7, 28, 49, 15, 36, 2, 23, 55, 21, 42, 8, 29, 50, 16, 37, 3, 24, 45, 22, 43, 9, 30, 51, 17, 38, 4, 
25, 46, 12, 44, 10, 31, 52, 18, 39, 5, 26, 47, 13, 34, 11, 32, 53, 19, 40, 6, 27, 48, 14, 35),  (1, 37, 13, 51, 33)(2, 40, 22, 45, 26)(3, 43, 
20, 50, 30)(4, 35, 18, 55, 23)(5, 38, 16, 49, 27)(6, 41, 14, 54, 31)(7, 44, 12, 48, 24)(8, 36, 21, 53, 28)(9, 39, 19, 47, 32)(10, 42, 17, 52, 
25)(11, 34, 15, 46, 29),  ], [  (1, 20, 28, 36, 55, 8, 16, 24, 43, 51, 4, 12, 31, 39, 47, 11, 19, 27, 35, 54, 7, 15, 23, 42, 50, 3, 22, 30, 
38, 46, 10, 18, 26, 34, 53, 6, 14, 33, 41, 49, 2, 21, 29, 37, 45, 9, 17, 25, 44, 52, 5, 13, 32, 40, 48),  (1, 49, 36, 26, 20)(2, 54, 39, 30, 
18)(3, 48, 42, 23, 16)(4, 53, 34, 27, 14)(5, 47, 37, 31, 12)(6, 52, 40, 24, 21)(7, 46, 43, 28, 19)(8, 51, 35, 32, 17)(9, 45, 38, 25, 15)(10, 
50, 41, 29, 13)(11, 55, 44, 33, 22),  ], [  (1, 9, 6, 3, 11, 8, 5, 2, 10, 7, 4)(12, 20, 17, 14, 22, 19, 16, 13, 21, 18, 15)(23, 31, 28, 25, 
33, 30, 27, 24, 32, 29, 26)(34, 42, 39, 36, 44, 41, 38, 35, 43, 40, 37)(45, 53, 50, 47, 55, 52, 49, 46, 54, 51, 48),  (1, 4, 7, 10, 2, 5, 8, 
11, 3, 6, 9)(12, 15, 18, 21, 13, 16, 19, 22, 14, 17, 20)(23, 26, 29, 32, 24, 27, 30, 33, 25, 28, 31)(34, 37, 40, 43, 35, 38, 41, 44, 36, 39, 
42)(45, 48, 51, 54, 46, 49, 52, 55, 47, 50, 53),  ], [  (1, 54, 41, 28, 15, 2, 55, 42, 29, 16, 3, 45, 43, 30, 17, 4, 46, 44, 31, 18, 5, 47, 
34, 32, 19, 6, 48, 35, 33, 20, 7, 49, 36, 23, 21, 8, 50, 37, 24, 22, 9, 51, 38, 25, 12, 10, 52, 39, 26, 13, 11, 53, 40, 27, 14),  (1, 19, 27, 
44, 54)(2, 17, 31, 36, 48)(3, 15, 24, 39, 53)(4, 13, 28, 42, 47)(5, 22, 32, 34, 52)(6, 20, 25, 37, 46)(7, 18, 29, 40, 51)(8, 16, 33, 43, 
45)(9, 14, 26, 35, 50)(10, 12, 30, 38, 55)(11, 21, 23, 41, 49),  ], [  (1, 44, 21, 53, 30, 7, 39, 16, 48, 25, 2, 34, 22, 54, 31, 8, 40, 17, 
49, 26, 3, 35, 12, 55, 32, 9, 41, 18, 50, 27, 4, 36, 13, 45, 33, 10, 42, 19, 51, 28, 5, 37, 14, 46, 23, 11, 43, 20, 52, 29, 6, 38, 15, 47, 
24),  (1, 27, 54, 19, 44)(2, 31, 48, 17, 36)(3, 24, 53, 15, 39)(4, 28, 47, 13, 42)(5, 32, 52, 22, 34)(6, 25, 46, 20, 37)(7, 29, 51, 18, 40)(8,
33, 45, 16, 43)(9, 26, 50, 14, 35)(10, 30, 55, 12, 38)(11, 23, 49, 21, 41),  ], [  (1, 49, 42, 24, 17, 10, 47, 40, 33, 15, 8, 45, 38, 31, 13, 
6, 54, 36, 29, 22, 4, 52, 34, 27, 20, 2, 50, 43, 25, 18, 11, 48, 41, 23, 16, 9, 46, 39, 32, 14, 7, 55, 37, 30, 12, 5, 53, 35, 28, 21, 3, 51, 
44, 26, 19),  (1, 20, 26, 36, 49)(2, 18, 30, 39, 54)(3, 16, 23, 42, 48)(4, 14, 27, 34, 53)(5, 12, 31, 37, 47)(6, 21, 24, 40, 52)(7, 19, 28, 
43, 46)(8, 17, 32, 35, 51)(9, 15, 25, 38, 45)(10, 13, 29, 41, 50)(11, 22, 33, 44, 55),  ], [  (1, 7, 2, 8, 3, 9, 4, 10, 5, 11, 6)(12, 18, 13, 
19, 14, 20, 15, 21, 16, 22, 17)(23, 29, 24, 30, 25, 31, 26, 32, 27, 33, 28)(34, 40, 35, 41, 36, 42, 37, 43, 38, 44, 39)(45, 51, 46, 52, 47, 
53, 48, 54, 49, 55, 50),  (1, 6, 11, 5, 10, 4, 9, 3, 8, 2, 7)(12, 17, 22, 16, 21, 15, 20, 14, 19, 13, 18)(23, 28, 33, 27, 32, 26, 31, 25, 30, 
24, 29)(34, 39, 44, 38, 43, 37, 42, 36, 41, 35, 40)(45, 50, 55, 49, 54, 48, 53, 47, 52, 46, 51),  ], [  (1, 40, 13, 52, 25, 9, 37, 21, 49, 33,
6, 34, 18, 46, 30, 3, 42, 15, 54, 27, 11, 39, 12, 51, 24, 8, 36, 20, 48, 32, 5, 44, 17, 45, 29, 2, 41, 14, 53, 26, 10, 38, 22, 50, 23, 7, 35, 
19, 47, 31, 4, 43, 16, 55, 28),  (1, 32, 46, 14, 40)(2, 25, 51, 12, 43)(3, 29, 45, 21, 35)(4, 33, 50, 19, 38)(5, 26, 55, 17, 41)(6, 30, 49, 
15, 44)(7, 23, 54, 13, 36)(8, 27, 48, 22, 39)(9, 31, 53, 20, 42)(10, 24, 47, 18, 34)(11, 28, 52, 16, 37),  ], [  (1, 42, 17, 47, 33, 8, 38, 
13, 54, 29, 4, 34, 20, 50, 25, 11, 41, 16, 46, 32, 7, 37, 12, 53, 28, 3, 44, 19, 49, 24, 10, 40, 15, 45, 31, 6, 36, 22, 52, 27, 2, 43, 18, 48,
23, 9, 39, 14, 55, 30, 5, 35, 21, 51, 26),  (1, 24, 50, 22, 42)(2, 28, 55, 20, 34)(3, 32, 49, 18, 37)(4, 25, 54, 16, 40)(5, 29, 48, 14, 43)(6,
33, 53, 12, 35)(7, 26, 47, 21, 38)(8, 30, 52, 19, 41)(9, 23, 46, 17, 44)(10, 27, 51, 15, 36)(11, 31, 45, 13, 39),  ], [  (1, 37, 18, 54, 24, 
5, 41, 22, 47, 28, 9, 34, 15, 51, 32, 2, 38, 19, 55, 25, 6, 42, 12, 48, 29, 10, 35, 16, 52, 33, 3, 39, 20, 45, 26, 7, 43, 13, 49, 30, 11, 36, 
17, 53, 23, 4, 40, 21, 46, 27, 8, 44, 14, 50, 31),  (1, 33, 51, 13, 37)(2, 26, 45, 22, 40)(3, 30, 50, 20, 43)(4, 23, 55, 18, 35)(5, 27, 49, 
16, 38)(6, 31, 54, 14, 41)(7, 24, 48, 12, 44)(8, 28, 53, 21, 36)(9, 32, 47, 19, 39)(10, 25, 52, 17, 42)(11, 29, 46, 15, 34),  ], [  (1, 6, 11,
5, 10, 4, 9, 3, 8, 2, 7)(12, 17, 22, 16, 21, 15, 20, 14, 19, 13, 18)(23, 28, 33, 27, 32, 26, 31, 25, 30, 24, 29)(34, 39, 44, 38, 43, 37, 42, 
36, 41, 35, 40)(45, 50, 55, 49, 54, 48, 53, 47, 52, 46, 51),  (1, 7, 2, 8, 3, 9, 4, 10, 5, 11, 6)(12, 18, 13, 19, 14, 20, 15, 21, 16, 22, 
17)(23, 29, 24, 30, 25, 31, 26, 32, 27, 33, 28)(34, 40, 35, 41, 36, 42, 37, 43, 38, 44, 39)(45, 51, 46, 52, 47, 53, 48, 54, 49, 55, 50),  ], [
(1, 39, 22, 49, 32, 4, 42, 14, 52, 24, 7, 34, 17, 55, 27, 10, 37, 20, 47, 30, 2, 40, 12, 50, 33, 5, 43, 15, 53, 25, 8, 35, 18, 45, 28, 11, 38,
21, 48, 31, 3, 41, 13, 51, 23, 6, 44, 16, 54, 26, 9, 36, 19, 46, 29),  (1, 25, 55, 21, 39)(2, 29, 49, 19, 42)(3, 33, 54, 17, 34)(4, 26, 48, 
15, 37)(5, 30, 53, 13, 40)(6, 23, 47, 22, 43)(7, 27, 52, 20, 35)(8, 31, 46, 18, 38)(9, 24, 51, 16, 41)(10, 28, 45, 14, 44)(11, 32, 50, 12, 
36),  ], [  (1, 24, 47, 15, 38, 6, 29, 52, 20, 43, 11, 23, 46, 14, 37, 5, 28, 51, 19, 42, 10, 33, 45, 13, 36, 4, 27, 50, 18, 41, 9, 32, 55, 
12, 35, 3, 26, 49, 17, 40, 8, 31, 54, 22, 34, 2, 25, 48, 16, 39, 7, 30, 53, 21, 44),  (1, 42, 22, 50, 24)(2, 34, 20, 55, 28)(3, 37, 18, 49, 
32)(4, 40, 16, 54, 25)(5, 43, 14, 48, 29)(6, 35, 12, 53, 33)(7, 38, 21, 47, 26)(8, 41, 19, 52, 30)(9, 44, 17, 46, 23)(10, 36, 15, 51, 27)(11, 
39, 13, 45, 31),  ], [  (1, 15, 29, 43, 46, 5, 19, 33, 36, 50, 9, 12, 26, 40, 54, 2, 16, 30, 44, 47, 6, 20, 23, 37, 51, 10, 13, 27, 41, 55, 3,
17, 31, 34, 48, 7, 21, 24, 38, 52, 11, 14, 28, 42, 45, 4, 18, 32, 35, 49, 8, 22, 25, 39, 53),  (1, 52, 43, 31, 15)(2, 46, 35, 24, 13)(3, 51, 
38, 28, 22)(4, 45, 41, 32, 20)(5, 50, 44, 25, 18)(6, 55, 36, 29, 16)(7, 49, 39, 33, 14)(8, 54, 42, 26, 12)(9, 48, 34, 30, 21)(10, 53, 37, 23, 
19)(11, 47, 40, 27, 17),  ], [  (1, 52, 37, 33, 18, 3, 54, 39, 24, 20, 5, 45, 41, 26, 22, 7, 47, 43, 28, 13, 9, 49, 34, 30, 15, 11, 51, 36, 
32, 17, 2, 53, 38, 23, 19, 4, 55, 40, 25, 21, 6, 46, 42, 27, 12, 8, 48, 44, 29, 14, 10, 50, 35, 31, 16),  (1, 15, 31, 43, 52)(2, 13, 24, 35, 
46)(3, 22, 28, 38, 51)(4, 20, 32, 41, 45)(5, 18, 25, 44, 50)(6, 16, 29, 36, 55)(7, 14, 33, 39, 49)(8, 12, 26, 42, 54)(9, 21, 30, 34, 48)(10, 
