## size 76
BRACES[76] := rec( total := -1, implemented := 9, size := 76, brace := [] );
BRACES[76].brace[1] := rec ( size := 76, perms :=
[ [ (), () ], 
  [ (1,3)(2,4), ( 1, 7)( 2,74)( 3,13)( 4,72)( 5,76)( 6,69)( 8,75)( 9,66)
        (10,64)(11,73)(12,62)(14,60)(15,71)(16,58)(17,70)(18,56)(19,68)(20,54)
        (21,67)(22,52)(23,65)(24,50)(25,63)(26,48)(27,61)(28,46)(29,59)(30,44)
        (31,57)(32,42)(33,55)(34,40)(35,53)(36,38)(37,51)(39,49)(41,47)
        (43,45) ], 
  [ ( 5,19,14, 9,23,18,13, 8,22,17,12, 7,21,16,11, 6,20,15,10), 
      ( 1,64,60,56,52,48,44,40,36,32,28,24,20,16,12, 9, 6, 4, 2)
        ( 3,70,67,63,59,55,51,47,43,39,35,31,27,23,19,15,11, 8, 5)
        ( 7,74,72,69,66,62,58,54,50,46,42,38,34,30,26,22,18,14,10)
        (13,76,75,73,71,68,65,61,57,53,49,45,41,37,33,29,25,21,17) ], 
  [ ( 1, 3)( 2, 4)( 5,19,14, 9,23,18,13, 8,22,17,12, 7,21,16,11, 6,20,15,10), 
      ( 1,74)( 2,72)( 3,76)( 4,69)( 5,75)( 6,66)( 7,64)( 8,73)( 9,62)(10,60)
        (11,71)(12,58)(13,70)(14,56)(15,68)(16,54)(17,67)(18,52)(19,65)(20,50)
        (21,63)(22,48)(23,61)(24,46)(25,59)(26,44)(27,57)(28,42)(29,55)(30,40)
        (31,53)(32,38)(33,51)(34,36)(35,49)(37,47)(39,45)(41,43) ], 
  [ ( 5,14,23,13,22,12,21,11,20,10,19, 9,18, 8,17, 7,16, 6,15), 
      ( 1,60,52,44,36,28,20,12, 6, 2,64,56,48,40,32,24,16, 9, 4)
        ( 3,67,59,51,43,35,27,19,11, 5,70,63,55,47,39,31,23,15, 8)
        ( 7,72,66,58,50,42,34,26,18,10,74,69,62,54,46,38,30,22,14)
        (13,75,71,65,57,49,41,33,25,17,76,73,68,61,53,45,37,29,21) ], 
  [ ( 1, 3)( 2, 4)( 5,14,23,13,22,12,21,11,20,10,19, 9,18, 8,17, 7,16, 6,15), 
      ( 1,72)( 2,69)( 3,75)( 4,66)( 5,73)( 6,62)( 7,60)( 8,71)( 9,58)(10,56)
        (11,68)(12,54)(13,67)(14,52)(15,65)(16,50)(17,63)(18,48)(19,61)(20,46)
        (21,59)(22,44)(23,57)(24,42)(25,55)(26,40)(27,53)(28,38)(29,51)(30,36)
        (31,49)(32,34)(33,47)(35,45)(37,43)(39,41)(64,74)(70,76) ], 
  [ ( 5, 9,13,17,21, 6,10,14,18,22, 7,11,15,19,23, 8,12,16,20), 
      ( 1,56,44,32,20, 9, 2,60,48,36,24,12, 4,64,52,40,28,16, 6)
        ( 3,63,51,39,27,15, 5,67,55,43,31,19, 8,70,59,47,35,23,11)
        ( 7,69,58,46,34,22,10,72,62,50,38,26,14,74,66,54,42,30,18)
        (13,73,65,53,41,29,17,75,68,57,45,33,21,76,71,61,49,37,25) ], 
  [ ( 1, 3)( 2, 4)( 5, 9,13,17,21, 6,10,14,18,22, 7,11,15,19,23, 8,12,16,20), 
      ( 1,69)( 2,66)( 3,73)( 4,62)( 5,71)( 6,58)( 7,56)( 8,68)( 9,54)(10,52)
        (11,65)(12,50)(13,63)(14,48)(15,61)(16,46)(17,59)(18,44)(19,57)(20,42)
        (21,55)(22,40)(23,53)(24,38)(25,51)(26,36)(27,49)(28,34)(29,47)(30,32)
        (31,45)(33,43)(35,41)(37,39)(60,74)(64,72)(67,76)(70,75) ], 
  [ ( 5,23,22,21,20,19,18,17,16,15,14,13,12,11,10, 9, 8, 7, 6), 
      ( 1,52,36,20, 6,64,48,32,16, 4,60,44,28,12, 2,56,40,24, 9)
        ( 3,59,43,27,11,70,55,39,23, 8,67,51,35,19, 5,63,47,31,15)
        ( 7,66,50,34,18,74,62,46,30,14,72,58,42,26,10,69,54,38,22)
        (13,71,57,41,25,76,68,53,37,21,75,65,49,33,17,73,61,45,29) ], 
  [ ( 1, 3)( 2, 4)( 5,23,22,21,20,19,18,17,16,15,14,13,12,11,10, 9, 8, 7, 6), 
      ( 1,66)( 2,62)( 3,71)( 4,58)( 5,68)( 6,54)( 7,52)( 8,65)( 9,50)(10,48)
        (11,61)(12,46)(13,59)(14,44)(15,57)(16,42)(17,55)(18,40)(19,53)(20,38)
        (21,51)(22,36)(23,49)(24,34)(25,47)(26,32)(27,45)(28,30)(29,43)(31,41)
        (33,39)(35,37)(56,74)(60,72)(63,76)(64,69)(67,75)(70,73) ], 
  [ ( 5,18,12, 6,19,13, 7,20,14, 8,21,15, 9,22,16,10,23,17,11), 
      ( 1,48,28, 9,64,44,24, 6,60,40,20, 4,56,36,16, 2,52,32,12)
        ( 3,55,35,15,70,51,31,11,67,47,27, 8,63,43,23, 5,59,39,19)
        ( 7,62,42,22,74,58,38,18,72,54,34,14,69,50,30,10,66,46,26)
        (13,68,49,29,76,65,45,25,75,61,41,21,73,57,37,17,71,53,33) ], 
  [ ( 1, 3)( 2, 4)( 5,18,12, 6,19,13, 7,20,14, 8,21,15, 9,22,16,10,23,17,11), 
      ( 1,62)( 2,58)( 3,68)( 4,54)( 5,65)( 6,50)( 7,48)( 8,61)( 9,46)(10,44)
        (11,57)(12,42)(13,55)(14,40)(15,53)(16,38)(17,51)(18,36)(19,49)(20,34)
        (21,47)(22,32)(23,45)(24,30)(25,43)(26,28)(27,41)(29,39)(31,37)(33,35)
        (52,74)(56,72)(59,76)(60,69)(63,75)(64,66)(67,73)(70,71) ], 
  [ ( 5,13,21,10,18, 7,15,23,12,20, 9,17, 6,14,22,11,19, 8,16), 
      ( 1,44,20, 2,48,24, 4,52,28, 6,56,32, 9,60,36,12,64,40,16)
        ( 3,51,27, 5,55,31, 8,59,35,11,63,39,15,67,43,19,70,47,23)
        ( 7,58,34,10,62,38,14,66,42,18,69,46,22,72,50,26,74,54,30)
        (13,65,41,17,68,45,21,71,49,25,73,53,29,75,57,33,76,61,37) ], 
  [ ( 1, 3)( 2, 4)( 5,13,21,10,18, 7,15,23,12,20, 9,17, 6,14,22,11,19, 8,16), 
      ( 1,58)( 2,54)( 3,65)( 4,50)( 5,61)( 6,46)( 7,44)( 8,57)( 9,42)(10,40)
        (11,53)(12,38)(13,51)(14,36)(15,49)(16,34)(17,47)(18,32)(19,45)(20,30)
        (21,43)(22,28)(23,41)(24,26)(25,39)(27,37)(29,35)(31,33)(48,74)(52,72)
        (55,76)(56,69)(59,75)(60,66)(62,64)(63,73)(67,71)(68,70) ], 
  [ ( 5, 8,11,14,17,20,23, 7,10,13,16,19,22, 6, 9,12,15,18,21), 
      ( 1,40,12,60,32, 6,52,24, 2,44,16,64,36, 9,56,28, 4,48,20)
        ( 3,47,19,67,39,11,59,31, 5,51,23,70,43,15,63,35, 8,55,27)
        ( 7,54,26,72,46,18,66,38,10,58,30,74,50,22,69,42,14,62,34)
        (13,61,33,75,53,25,71,45,17,65,37,76,57,29,73,49,21,68,41) ], 
  [ ( 1, 3)( 2, 4)( 5, 8,11,14,17,20,23, 7,10,13,16,19,22, 6, 9,12,15,18,21), 
      ( 1,54)( 2,50)( 3,61)( 4,46)( 5,57)( 6,42)( 7,40)( 8,53)( 9,38)(10,36)
        (11,49)(12,34)(13,47)(14,32)(15,45)(16,30)(17,43)(18,28)(19,41)(20,26)
        (21,39)(22,24)(23,37)(25,35)(27,33)(29,31)(44,74)(48,72)(51,76)(52,69)
        (55,75)(56,66)(58,64)(59,73)(60,62)(63,71)(65,70)(67,68) ], 
  [ ( 5,22,20,18,16,14,12,10, 8, 6,23,21,19,17,15,13,11, 9, 7), 
      ( 1,36, 6,48,16,60,28, 2,40, 9,52,20,64,32, 4,44,12,56,24)
        ( 3,43,11,55,23,67,35, 5,47,15,59,27,70,39, 8,51,19,63,31)
        ( 7,50,18,62,30,72,42,10,54,22,66,34,74,46,14,58,26,69,38)
        (13,57,25,68,37,75,49,17,61,29,71,41,76,53,21,65,33,73,45) ], 
  [ ( 1, 3)( 2, 4)( 5,22,20,18,16,14,12,10, 8, 6,23,21,19,17,15,13,11, 9, 7), 
      ( 1,50)( 2,46)( 3,57)( 4,42)( 5,53)( 6,38)( 7,36)( 8,49)( 9,34)(10,32)
        (11,45)(12,30)(13,43)(14,28)(15,41)(16,26)(17,39)(18,24)(19,37)(20,22)
        (21,35)(23,33)(25,31)(27,29)(40,74)(44,72)(47,76)(48,69)(51,75)(52,66)
        (54,64)(55,73)(56,62)(58,60)(59,71)(61,70)(63,68)(65,67) ], 
  [ ( 5,17,10,22,15, 8,20,13, 6,18,11,23,16, 9,21,14, 7,19,12), 
      ( 1,32, 2,36, 4,40, 6,44, 9,48,12,52,16,56,20,60,24,64,28)
        ( 3,39, 5,43, 8,47,11,51,15,55,19,59,23,63,27,67,31,70,35)
        ( 7,46,10,50,14,54,18,58,22,62,26,66,30,69,34,72,38,74,42)
        (13,53,17,57,21,61,25,65,29,68,33,71,37,73,41,75,45,76,49) ], 
  [ ( 1, 3)( 2, 4)( 5,17,10,22,15, 8,20,13, 6,18,11,23,16, 9,21,14, 7,19,12), 
      ( 1,46)( 2,42)( 3,53)( 4,38)( 5,49)( 6,34)( 7,32)( 8,45)( 9,30)(10,28)
        (11,41)(12,26)(13,39)(14,24)(15,37)(16,22)(17,35)(18,20)(19,33)(21,31)
        (23,29)(25,27)(36,74)(40,72)(43,76)(44,69)(47,75)(48,66)(50,64)(51,73)
        (52,62)(54,60)(55,71)(56,58)(57,70)(59,68)(61,67)(63,65) ], 
  [ ( 5,12,19, 7,14,21, 9,16,23,11,18, 6,13,20, 8,15,22,10,17), 
      ( 1,28,64,24,60,20,56,16,52,12,48, 9,44, 6,40, 4,36, 2,32)
        ( 3,35,70,31,67,27,63,23,59,19,55,15,51,11,47, 8,43, 5,39)
        ( 7,42,74,38,72,34,69,30,66,26,62,22,58,18,54,14,50,10,46)
        (13,49,76,45,75,41,73,37,71,33,68,29,65,25,61,21,57,17,53) ], 
  [ ( 1, 3)( 2, 4)( 5,12,19, 7,14,21, 9,16,23,11,18, 6,13,20, 8,15,22,10,17), 
      ( 1,42)( 2,38)( 3,49)( 4,34)( 5,45)( 6,30)( 7,28)( 8,41)( 9,26)(10,24)
        (11,37)(12,22)(13,35)(14,20)(15,33)(16,18)(17,31)(19,29)(21,27)(23,25)
        (32,74)(36,72)(39,76)(40,69)(43,75)(44,66)(46,64)(47,73)(48,62)(50,60)
        (51,71)(52,58)(53,70)(54,56)(55,68)(57,67)(59,65)(61,63) ], 
  [ ( 5, 7, 9,11,13,15,17,19,21,23, 6, 8,10,12,14,16,18,20,22), 
      ( 1,24,56,12,44, 4,32,64,20,52, 9,40, 2,28,60,16,48, 6,36)
        ( 3,31,63,19,51, 8,39,70,27,59,15,47, 5,35,67,23,55,11,43)
        ( 7,38,69,26,58,14,46,74,34,66,22,54,10,42,72,30,62,18,50)
        (13,45,73,33,65,21,53,76,41,71,29,61,17,49,75,37,68,25,57) ], 
  [ ( 1, 3)( 2, 4)( 5, 7, 9,11,13,15,17,19,21,23, 6, 8,10,12,14,16,18,20,22), 
      ( 1,38)( 2,34)( 3,45)( 4,30)( 5,41)( 6,26)( 7,24)( 8,37)( 9,22)(10,20)
        (11,33)(12,18)(13,31)(14,16)(15,29)(17,27)(19,25)(21,23)(28,74)(32,72)
        (35,76)(36,69)(39,75)(40,66)(42,64)(43,73)(44,62)(46,60)(47,71)(48,58)
        (49,70)(50,56)(51,68)(52,54)(53,67)(55,65)(57,63)(59,61) ], 
  [ ( 5,21,18,15,12, 9, 6,22,19,16,13,10, 7,23,20,17,14,11, 8), 
      ( 1,20,48, 4,28,56, 9,36,64,16,44, 2,24,52, 6,32,60,12,40)
        ( 3,27,55, 8,35,63,15,43,70,23,51, 5,31,59,11,39,67,19,47)
        ( 7,34,62,14,42,69,22,50,74,30,58,10,38,66,18,46,72,26,54)
        (13,41,68,21,49,73,29,57,76,37,65,17,45,71,25,53,75,33,61) ], 
  [ ( 1, 3)( 2, 4)( 5,21,18,15,12, 9, 6,22,19,16,13,10, 7,23,20,17,14,11, 8), 
      ( 1,34)( 2,30)( 3,41)( 4,26)( 5,37)( 6,22)( 7,20)( 8,33)( 9,18)(10,16)
        (11,29)(12,14)(13,27)(15,25)(17,23)(19,21)(24,74)(28,72)(31,76)(32,69)
        (35,75)(36,66)(38,64)(39,73)(40,62)(42,60)(43,71)(44,58)(45,70)(46,56)
        (47,68)(48,54)(49,67)(50,52)(51,65)(53,63)(55,61)(57,59) ], 
  [ ( 5,16, 8,19,11,22,14, 6,17, 9,20,12,23,15, 7,18,10,21,13), 
      ( 1,16,40,64,12,36,60, 9,32,56, 6,28,52, 4,24,48, 2,20,44)
        ( 3,23,47,70,19,43,67,15,39,63,11,35,59, 8,31,55, 5,27,51)
        ( 7,30,54,74,26,50,72,22,46,69,18,42,66,14,38,62,10,34,58)
        (13,37,61,76,33,57,75,29,53,73,25,49,71,21,45,68,17,41,65) ], 
  [ ( 1, 3)( 2, 4)( 5,16, 8,19,11,22,14, 6,17, 9,20,12,23,15, 7,18,10,21,13), 
      ( 1,30)( 2,26)( 3,37)( 4,22)( 5,33)( 6,18)( 7,16)( 8,29)( 9,14)(10,12)
        (11,25)(13,23)(15,21)(17,19)(20,74)(24,72)(27,76)(28,69)(31,75)(32,66)
        (34,64)(35,73)(36,62)(38,60)(39,71)(40,58)(41,70)(42,56)(43,68)(44,54)
        (45,67)(46,52)(47,65)(48,50)(49,63)(51,61)(53,59)(55,57) ], 
  [ ( 5,11,17,23,10,16,22, 9,15,21, 8,14,20, 7,13,19, 6,12,18), 
      ( 1,12,32,52, 2,16,36,56, 4,20,40,60, 6,24,44,64, 9,28,48)
        ( 3,19,39,59, 5,23,43,63, 8,27,47,67,11,31,51,70,15,35,55)
        ( 7,26,46,66,10,30,50,69,14,34,54,72,18,38,58,74,22,42,62)
        (13,33,53,71,17,37,57,73,21,41,61,75,25,45,65,76,29,49,68) ], 
  [ ( 1, 3)( 2, 4)( 5,11,17,23,10,16,22, 9,15,21, 8,14,20, 7,13,19, 6,12,18), 
      ( 1,26)( 2,22)( 3,33)( 4,18)( 5,29)( 6,14)( 7,12)( 8,25)( 9,10)(11,21)
        (13,19)(15,17)(16,74)(20,72)(23,76)(24,69)(27,75)(28,66)(30,64)(31,73)
        (32,62)(34,60)(35,71)(36,58)(37,70)(38,56)(39,68)(40,54)(41,67)(42,52)
        (43,65)(44,50)(45,63)(46,48)(47,61)(49,59)(51,57)(53,55) ], 
  [ ( 5, 6, 7, 8, 9,10,11,12,13,14,15,16,17,18,19,20,21,22,23), 
      ( 1, 9,24,40,56, 2,12,28,44,60, 4,16,32,48,64, 6,20,36,52)
        ( 3,15,31,47,63, 5,19,35,51,67, 8,23,39,55,70,11,27,43,59)
        ( 7,22,38,54,69,10,26,42,58,72,14,30,46,62,74,18,34,50,66)
        (13,29,45,61,73,17,33,49,65,75,21,37,53,68,76,25,41,57,71) ], 
  [ ( 1, 3)( 2, 4)( 5, 6, 7, 8, 9,10,11,12,13,14,15,16,17,18,19,20,21,22,23), 
      ( 1,22)( 2,18)( 3,29)( 4,14)( 5,25)( 6,10)( 7, 9)( 8,21)(11,17)(12,74)
        (13,15)(16,72)(19,76)(20,69)(23,75)(24,66)(26,64)(27,73)(28,62)(30,60)
        (31,71)(32,58)(33,70)(34,56)(35,68)(36,54)(37,67)(38,52)(39,65)(40,50)
        (41,63)(42,48)(43,61)(44,46)(45,59)(47,57)(49,55)(51,53) ], 
  [ ( 5,20,16,12, 8,23,19,15,11, 7,22,18,14,10, 6,21,17,13, 9), 
      ( 1, 6,16,28,40,52,64, 4,12,24,36,48,60, 2, 9,20,32,44,56)
        ( 3,11,23,35,47,59,70, 8,19,31,43,55,67, 5,15,27,39,51,63)
        ( 7,18,30,42,54,66,74,14,26,38,50,62,72,10,22,34,46,58,69)
        (13,25,37,49,61,71,76,21,33,45,57,68,75,17,29,41,53,65,73) ], 
  [ ( 1, 3)( 2, 4)( 5,20,16,12, 8,23,19,15,11, 7,22,18,14,10, 6,21,17,13, 9), 
      ( 1,18)( 2,14)( 3,25)( 4,10)( 5,21)( 6, 7)( 8,17)( 9,74)(11,13)(12,72)
        (15,76)(16,69)(19,75)(20,66)(22,64)(23,73)(24,62)(26,60)(27,71)(28,58)
        (29,70)(30,56)(31,68)(32,54)(33,67)(34,52)(35,65)(36,50)(37,63)(38,48)
        (39,61)(40,46)(41,59)(42,44)(43,57)(45,55)(47,53)(49,51) ], 
  [ ( 5,15, 6,16, 7,17, 8,18, 9,19,10,20,11,21,12,22,13,23,14), 
      ( 1, 4, 9,16,24,32,40,48,56,64, 2, 6,12,20,28,36,44,52,60)
        ( 3, 8,15,23,31,39,47,55,63,70, 5,11,19,27,35,43,51,59,67)
        ( 7,14,22,30,38,46,54,62,69,74,10,18,26,34,42,50,58,66,72)
        (13,21,29,37,45,53,61,68,73,76,17,25,33,41,49,57,65,71,75) ], 
  [ ( 1, 3)( 2, 4)( 5,15, 6,16, 7,17, 8,18, 9,19,10,20,11,21,12,22,13,23,14), 
      ( 1,14)( 2,10)( 3,21)( 4, 7)( 5,17)( 6,74)( 8,13)( 9,72)(11,76)(12,69)
        (15,75)(16,66)(18,64)(19,73)(20,62)(22,60)(23,71)(24,58)(25,70)(26,56)
        (27,68)(28,54)(29,67)(30,52)(31,65)(32,50)(33,63)(34,48)(35,61)(36,46)
        (37,59)(38,44)(39,57)(40,42)(41,55)(43,53)(45,51)(47,49) ], 
  [ ( 5,10,15,20, 6,11,16,21, 7,12,17,22, 8,13,18,23, 9,14,19), 
      ( 1, 2, 4, 6, 9,12,16,20,24,28,32,36,40,44,48,52,56,60,64)
        ( 3, 5, 8,11,15,19,23,27,31,35,39,43,47,51,55,59,63,67,70)
        ( 7,10,14,18,22,26,30,34,38,42,46,50,54,58,62,66,69,72,74)
        (13,17,21,25,29,33,37,41,45,49,53,57,61,65,68,71,73,75,76) ], 
  [ ( 1, 3)( 2, 4)( 5,10,15,20, 6,11,16,21, 7,12,17,22, 8,13,18,23, 9,14,19), 
      ( 1,10)( 2, 7)( 3,17)( 4,74)( 5,13)( 6,72)( 8,76)( 9,69)(11,75)(12,66)
        (14,64)(15,73)(16,62)(18,60)(19,71)(20,58)(21,70)(22,56)(23,68)(24,54)
        (25,67)(26,52)(27,65)(28,50)(29,63)(30,48)(31,61)(32,46)(33,59)(34,44)
        (35,57)(36,42)(37,55)(38,40)(39,53)(41,51)(43,49)(45,47) ], 
  [ (1,2,3,4), ( 1,13)( 2,76)( 3, 7)( 4,75)( 5,74)( 6,73)( 8,72)( 9,71)(10,70)
        (11,69)(12,68)(14,67)(15,66)(16,65)(17,64)(18,63)(19,62)(20,61)(21,60)
        (22,59)(23,58)(24,57)(25,56)(26,55)(27,54)(28,53)(29,52)(30,51)(31,50)
        (32,49)(33,48)(34,47)(35,46)(36,45)(37,44)(38,43)(39,42)(40,41) ], 
  [ (1,4,3,2), ( 1, 3)( 2, 5)( 4, 8)( 6,11)( 7,13)( 9,15)(10,17)(12,19)(14,21)
        (16,23)(18,25)(20,27)(22,29)(24,31)(26,33)(28,35)(30,37)(32,39)(34,41)
        (36,43)(38,45)(40,47)(42,49)(44,51)(46,53)(48,55)(50,57)(52,59)(54,61)
        (56,63)(58,65)(60,67)(62,68)(64,70)(66,71)(69,73)(72,75)(74,76) ], 
  [ ( 1, 2, 3, 4)( 5,19,14, 9,23,18,13, 8,22,17,12, 7,21,16,11, 6,20,15,10), 
      ( 1,76)( 2,75)( 3,74)( 4,73)( 5,72)( 6,71)( 7,70)( 8,69)( 9,68)(10,67)
        (11,66)(12,65)(13,64)(14,63)(15,62)(16,61)(17,60)(18,59)(19,58)(20,57)
        (21,56)(22,55)(23,54)(24,53)(25,52)(26,51)(27,50)(28,49)(29,48)(30,47)
        (31,46)(32,45)(33,44)(34,43)(35,42)(36,41)(37,40)(38,39) ], 
  [ ( 1, 4, 3, 2)( 5,19,14, 9,23,18,13, 8,22,17,12, 7,21,16,11, 6,20,15,10), 
      ( 1,70,60,63,52,55,44,47,36,39,28,31,20,23,12,15, 6, 8, 2, 3,64,67,56,
         59,48,51,40,43,32,35,24,27,16,19, 9,11, 4, 5)( 7,76,72,73,66,68,58,
         61,50,53,42,45,34,37,26,29,18,21,10,13,74,75,69,71,62,65,54,57,46,49,
         38,41,30,33,22,25,14,17) ], 
  [ ( 1, 2, 3, 4)( 5,14,23,13,22,12,21,11,20,10,19, 9,18, 8,17, 7,16, 6,15), 
      ( 1,75)( 2,73)( 3,72)( 4,71)( 5,69)( 6,68)( 7,67)( 8,66)( 9,65)(10,63)
        (11,62)(12,61)(13,60)(14,59)(15,58)(16,57)(17,56)(18,55)(19,54)(20,53)
        (21,52)(22,51)(23,50)(24,49)(25,48)(26,47)(27,46)(28,45)(29,44)(30,43)
        (31,42)(32,41)(33,40)(34,39)(35,38)(36,37)(64,76)(70,74) ], 
  [ ( 1, 4, 3, 2)( 5,14,23,13,22,12,21,11,20,10,19, 9,18, 8,17, 7,16, 6,15), 
      ( 1,67,52,51,36,35,20,19, 6, 5,64,63,48,47,32,31,16,15, 4, 3,60,59,44,
         43,28,27,12,11, 2,70,56,55,40,39,24,23, 9, 8)( 7,75,66,65,50,49,34,
         33,18,17,74,73,62,61,46,45,30,29,14,13,72,71,58,57,42,41,26,25,10,76,
         69,68,54,53,38,37,22,21) ], 
  [ ( 1, 2, 3, 4)( 5, 9,13,17,21, 6,10,14,18,22, 7,11,15,19,23, 8,12,16,20), 
      ( 1,73)( 2,71)( 3,69)( 4,68)( 5,66)( 6,65)( 7,63)( 8,62)( 9,61)(10,59)
        (11,58)(12,57)(13,56)(14,55)(15,54)(16,53)(17,52)(18,51)(19,50)(20,49)
        (21,48)(22,47)(23,46)(24,45)(25,44)(26,43)(27,42)(28,41)(29,40)(30,39)
        (31,38)(32,37)(33,36)(34,35)(60,76)(64,75)(67,74)(70,72) ], 
  [ ( 1, 4, 3, 2)( 5, 9,13,17,21, 6,10,14,18,22, 7,11,15,19,23, 8,12,16,20), 
      ( 1,63,44,39,20,15, 2,67,48,43,24,19, 4,70,52,47,28,23, 6, 3,56,51,32,
         27, 9, 5,60,55,36,31,12, 8,64,59,40,35,16,11)( 7,73,58,53,34,29,10,
         75,62,57,38,33,14,76,66,61,42,37,18,13,69,65,46,41,22,17,72,68,50,45,
         26,21,74,71,54,49,30,25) ], 
  [ ( 1, 2, 3, 4)( 5,23,22,21,20,19,18,17,16,15,14,13,12,11,10, 9, 8, 7, 6), 
      ( 1,71)( 2,68)( 3,66)( 4,65)( 5,62)( 6,61)( 7,59)( 8,58)( 9,57)(10,55)
        (11,54)(12,53)(13,52)(14,51)(15,50)(16,49)(17,48)(18,47)(19,46)(20,45)
        (21,44)(22,43)(23,42)(24,41)(25,40)(26,39)(27,38)(28,37)(29,36)(30,35)
        (31,34)(32,33)(56,76)(60,75)(63,74)(64,73)(67,72)(69,70) ], 
  [ ( 1, 4, 3, 2)( 5,23,22,21,20,19,18,17,16,15,14,13,12,11,10, 9, 8, 7, 6), 
      ( 1,59,36,27, 6,70,48,39,16, 8,60,51,28,19, 2,63,40,31, 9, 3,52,43,20,
         11,64,55,32,23, 4,67,44,35,12, 5,56,47,24,15)( 7,71,50,41,18,76,62,
         53,30,21,72,65,42,33,10,73,54,45,22,13,66,57,34,25,74,68,46,37,14,75,
         58,49,26,17,69,61,38,29) ], 
  [ ( 1, 2, 3, 4)( 5,18,12, 6,19,13, 7,20,14, 8,21,15, 9,22,16,10,23,17,11), 
      ( 1,68)( 2,65)( 3,62)( 4,61)( 5,58)( 6,57)( 7,55)( 8,54)( 9,53)(10,51)
        (11,50)(12,49)(13,48)(14,47)(15,46)(16,45)(17,44)(18,43)(19,42)(20,41)
        (21,40)(22,39)(23,38)(24,37)(25,36)(26,35)(27,34)(28,33)(29,32)(30,31)
        (52,76)(56,75)(59,74)(60,73)(63,72)(64,71)(66,70)(67,69) ], 
  [ ( 1, 4, 3, 2)( 5,18,12, 6,19,13, 7,20,14, 8,21,15, 9,22,16,10,23,17,11), 
      ( 1,55,28,15,64,51,24,11,60,47,20, 8,56,43,16, 5,52,39,12, 3,48,35, 9,
         70,44,31, 6,67,40,27, 4,63,36,23, 2,59,32,19)( 7,68,42,29,74,65,38,
         25,72,61,34,21,69,57,30,17,66,53,26,13,62,49,22,76,58,45,18,75,54,41,
         14,73,50,37,10,71,46,33) ], 
  [ ( 1, 2, 3, 4)( 5,13,21,10,18, 7,15,23,12,20, 9,17, 6,14,22,11,19, 8,16), 
      ( 1,65)( 2,61)( 3,58)( 4,57)( 5,54)( 6,53)( 7,51)( 8,50)( 9,49)(10,47)
        (11,46)(12,45)(13,44)(14,43)(15,42)(16,41)(17,40)(18,39)(19,38)(20,37)
        (21,36)(22,35)(23,34)(24,33)(25,32)(26,31)(27,30)(28,29)(48,76)(52,75)
        (55,74)(56,73)(59,72)(60,71)(62,70)(63,69)(64,68)(66,67) ], 
  [ ( 1, 4, 3, 2)( 5,13,21,10,18, 7,15,23,12,20, 9,17, 6,14,22,11,19, 8,16), 
      ( 1,51,20, 5,48,31, 4,59,28,11,56,39, 9,67,36,19,64,47,16, 3,44,27, 2,
         55,24, 8,52,35, 6,63,32,15,60,43,12,70,40,23)( 7,65,34,17,62,45,14,
         71,42,25,69,53,22,75,50,33,74,61,30,13,58,41,10,68,38,21,66,49,18,73,
         46,29,72,57,26,76,54,37) ], 
  [ ( 1, 2, 3, 4)( 5, 8,11,14,17,20,23, 7,10,13,16,19,22, 6, 9,12,15,18,21), 
      ( 1,61)( 2,57)( 3,54)( 4,53)( 5,50)( 6,49)( 7,47)( 8,46)( 9,45)(10,43)
        (11,42)(12,41)(13,40)(14,39)(15,38)(16,37)(17,36)(18,35)(19,34)(20,33)
        (21,32)(22,31)(23,30)(24,29)(25,28)(26,27)(44,76)(48,75)(51,74)(52,73)
        (55,72)(56,71)(58,70)(59,69)(60,68)(62,67)(63,66)(64,65) ], 
  [ ( 1, 4, 3, 2)( 5, 8,11,14,17,20,23, 7,10,13,16,19,22, 6, 9,12,15,18,21), 
      ( 1,47,12,67,32,11,52,31, 2,51,16,70,36,15,56,35, 4,55,20, 3,40,19,60,
         39, 6,59,24, 5,44,23,64,43, 9,63,28, 8,48,27)( 7,61,26,75,46,25,66,
         45,10,65,30,76,50,29,69,49,14,68,34,13,54,33,72,53,18,71,38,17,58,37,
         74,57,22,73,42,21,62,41) ], 
  [ ( 1, 2, 3, 4)( 5,22,20,18,16,14,12,10, 8, 6,23,21,19,17,15,13,11, 9, 7), 
      ( 1,57)( 2,53)( 3,50)( 4,49)( 5,46)( 6,45)( 7,43)( 8,42)( 9,41)(10,39)
        (11,38)(12,37)(13,36)(14,35)(15,34)(16,33)(17,32)(18,31)(19,30)(20,29)
        (21,28)(22,27)(23,26)(24,25)(40,76)(44,75)(47,74)(48,73)(51,72)(52,71)
        (54,70)(55,69)(56,68)(58,67)(59,66)(60,65)(61,64)(62,63) ], 
  [ ( 1, 4, 3, 2)( 5,22,20,18,16,14,12,10, 8, 6,23,21,19,17,15,13,11, 9, 7), 
      ( 1,43, 6,55,16,67,28, 5,40,15,52,27,64,39, 4,51,12,63,24, 3,36,11,48,
         23,60,35, 2,47, 9,59,20,70,32, 8,44,19,56,31)( 7,57,18,68,30,75,42,
         17,54,29,66,41,74,53,14,65,26,73,38,13,50,25,62,37,72,49,10,61,22,71,
         34,76,46,21,58,33,69,45) ], 
  [ ( 1, 2, 3, 4)( 5,17,10,22,15, 8,20,13, 6,18,11,23,16, 9,21,14, 7,19,12), 
      ( 1,53)( 2,49)( 3,46)( 4,45)( 5,42)( 6,41)( 7,39)( 8,38)( 9,37)(10,35)
        (11,34)(12,33)(13,32)(14,31)(15,30)(16,29)(17,28)(18,27)(19,26)(20,25)
        (21,24)(22,23)(36,76)(40,75)(43,74)(44,73)(47,72)(48,71)(50,70)(51,69)
        (52,68)(54,67)(55,66)(56,65)(57,64)(58,63)(59,62)(60,61) ], 
  [ ( 1, 4, 3, 2)( 5,17,10,22,15, 8,20,13, 6,18,11,23,16, 9,21,14, 7,19,12), 
      ( 1,39, 2,43, 4,47, 6,51, 9,55,12,59,16,63,20,67,24,70,28, 3,32, 5,36,
          8,40,11,44,15,48,19,52,23,56,27,60,31,64,35)( 7,53,10,57,14,61,18,
         65,22,68,26,71,30,73,34,75,38,76,42,13,46,17,50,21,54,25,58,29,62,33,
         66,37,69,41,72,45,74,49) ], 
  [ ( 1, 2, 3, 4)( 5,12,19, 7,14,21, 9,16,23,11,18, 6,13,20, 8,15,22,10,17), 
      ( 1,49)( 2,45)( 3,42)( 4,41)( 5,38)( 6,37)( 7,35)( 8,34)( 9,33)(10,31)
        (11,30)(12,29)(13,28)(14,27)(15,26)(16,25)(17,24)(18,23)(19,22)(20,21)
        (32,76)(36,75)(39,74)(40,73)(43,72)(44,71)(46,70)(47,69)(48,68)(50,67)
        (51,66)(52,65)(53,64)(54,63)(55,62)(56,61)(57,60)(58,59) ], 
  [ ( 1, 4, 3, 2)( 5,12,19, 7,14,21, 9,16,23,11,18, 6,13,20, 8,15,22,10,17), 
      ( 1,35,64,31,60,27,56,23,52,19,48,15,44,11,40, 8,36, 5,32, 3,28,70,24,
         67,20,63,16,59,12,55, 9,51, 6,47, 4,43, 2,39)( 7,49,74,45,72,41,69,
         37,66,33,62,29,58,25,54,21,50,17,46,13,42,76,38,75,34,73,30,71,26,68,
         22,65,18,61,14,57,10,53) ], 
  [ ( 1, 2, 3, 4)( 5, 7, 9,11,13,15,17,19,21,23, 6, 8,10,12,14,16,18,20,22), 
      ( 1,45)( 2,41)( 3,38)( 4,37)( 5,34)( 6,33)( 7,31)( 8,30)( 9,29)(10,27)
        (11,26)(12,25)(13,24)(14,23)(15,22)(16,21)(17,20)(18,19)(28,76)(32,75)
        (35,74)(36,73)(39,72)(40,71)(42,70)(43,69)(44,68)(46,67)(47,66)(48,65)
        (49,64)(50,63)(51,62)(52,61)(53,60)(54,59)(55,58)(56,57) ], 
  [ ( 1, 4, 3, 2)( 5, 7, 9,11,13,15,17,19,21,23, 6, 8,10,12,14,16,18,20,22), 
      ( 1,31,56,19,44, 8,32,70,20,59, 9,47, 2,35,60,23,48,11,36, 3,24,63,12,
         51, 4,39,64,27,52,15,40, 5,28,67,16,55, 6,43)( 7,45,69,33,58,21,46,
         76,34,71,22,61,10,49,72,37,62,25,50,13,38,73,26,65,14,53,74,41,66,29,
         54,17,42,75,30,68,18,57) ], 
  [ ( 1, 2, 3, 4)( 5,21,18,15,12, 9, 6,22,19,16,13,10, 7,23,20,17,14,11, 8), 
      ( 1,41)( 2,37)( 3,34)( 4,33)( 5,30)( 6,29)( 7,27)( 8,26)( 9,25)(10,23)
        (11,22)(12,21)(13,20)(14,19)(15,18)(16,17)(24,76)(28,75)(31,74)(32,73)
        (35,72)(36,71)(38,70)(39,69)(40,68)(42,67)(43,66)(44,65)(45,64)(46,63)
        (47,62)(48,61)(49,60)(50,59)(51,58)(52,57)(53,56)(54,55) ], 
  [ ( 1, 4, 3, 2)( 5,21,18,15,12, 9, 6,22,19,16,13,10, 7,23,20,17,14,11, 8), 
      ( 1,27,48, 8,28,63, 9,43,64,23,44, 5,24,59, 6,39,60,19,40, 3,20,55, 4,
         35,56,15,36,70,16,51, 2,31,52,11,32,67,12,47)( 7,41,62,21,42,73,22,
         57,74,37,58,17,38,71,18,53,72,33,54,13,34,68,14,49,69,29,50,76,30,65,
         10,45,66,25,46,75,26,61) ], 
  [ ( 1, 2, 3, 4)( 5,16, 8,19,11,22,14, 6,17, 9,20,12,23,15, 7,18,10,21,13), 
      ( 1,37)( 2,33)( 3,30)( 4,29)( 5,26)( 6,25)( 7,23)( 8,22)( 9,21)(10,19)
        (11,18)(12,17)(13,16)(14,15)(20,76)(24,75)(27,74)(28,73)(31,72)(32,71)
        (34,70)(35,69)(36,68)(38,67)(39,66)(40,65)(41,64)(42,63)(43,62)(44,61)
        (45,60)(46,59)(47,58)(48,57)(49,56)(50,55)(51,54)(52,53) ], 
  [ ( 1, 4, 3, 2)( 5,16, 8,19,11,22,14, 6,17, 9,20,12,23,15, 7,18,10,21,13), 
      ( 1,23,40,70,12,43,60,15,32,63, 6,35,52, 8,24,55, 2,27,44, 3,16,47,64,
         19,36,67, 9,39,56,11,28,59, 4,31,48, 5,20,51)( 7,37,54,76,26,57,72,
         29,46,73,18,49,66,21,38,68,10,41,58,13,30,61,74,33,50,75,22,53,69,25,
         42,71,14,45,62,17,34,65) ], 
  [ ( 1, 2, 3, 4)( 5,11,17,23,10,16,22, 9,15,21, 8,14,20, 7,13,19, 6,12,18), 
      ( 1,33)( 2,29)( 3,26)( 4,25)( 5,22)( 6,21)( 7,19)( 8,18)( 9,17)(10,15)
        (11,14)(12,13)(16,76)(20,75)(23,74)(24,73)(27,72)(28,71)(30,70)(31,69)
        (32,68)(34,67)(35,66)(36,65)(37,64)(38,63)(39,62)(40,61)(41,60)(42,59)
        (43,58)(44,57)(45,56)(46,55)(47,54)(48,53)(49,52)(50,51) ], 
  [ ( 1, 4, 3, 2)( 5,11,17,23,10,16,22, 9,15,21, 8,14,20, 7,13,19, 6,12,18), 
      ( 1,19,32,59, 2,23,36,63, 4,27,40,67, 6,31,44,70, 9,35,48, 3,12,39,52,
          5,16,43,56, 8,20,47,60,11,24,51,64,15,28,55)( 7,33,46,71,10,37,50,
         73,14,41,54,75,18,45,58,76,22,49,62,13,26,53,66,17,30,57,69,21,34,61,
         72,25,38,65,74,29,42,68) ], 
  [ ( 1, 2, 3, 4)( 5, 6, 7, 8, 9,10,11,12,13,14,15,16,17,18,19,20,21,22,23), 
      ( 1,29)( 2,25)( 3,22)( 4,21)( 5,18)( 6,17)( 7,15)( 8,14)( 9,13)(10,11)
        (12,76)(16,75)(19,74)(20,73)(23,72)(24,71)(26,70)(27,69)(28,68)(30,67)
        (31,66)(32,65)(33,64)(34,63)(35,62)(36,61)(37,60)(38,59)(39,58)(40,57)
        (41,56)(42,55)(43,54)(44,53)(45,52)(46,51)(47,50)(48,49) ], 
  [ ( 1, 4, 3, 2)( 5, 6, 7, 8, 9,10,11,12,13,14,15,16,17,18,19,20,21,22,23), 
      ( 1,15,24,47,56, 5,12,35,44,67, 4,23,32,55,64,11,20,43,52, 3, 9,31,40,
         63, 2,19,28,51,60, 8,16,39,48,70, 6,27,36,59)( 7,29,38,61,69,17,26,
         49,58,75,14,37,46,68,74,25,34,57,66,13,22,45,54,73,10,33,42,65,72,21,
         30,53,62,76,18,41,50,71) ], 
  [ ( 1, 2, 3, 4)( 5,20,16,12, 8,23,19,15,11, 7,22,18,14,10, 6,21,17,13, 9), 
      ( 1,25)( 2,21)( 3,18)( 4,17)( 5,14)( 6,13)( 7,11)( 8,10)( 9,76)(12,75)
        (15,74)(16,73)(19,72)(20,71)(22,70)(23,69)(24,68)(26,67)(27,66)(28,65)
        (29,64)(30,63)(31,62)(32,61)(33,60)(34,59)(35,58)(36,57)(37,56)(38,55)
        (39,54)(40,53)(41,52)(42,51)(43,50)(44,49)(45,48)(46,47) ], 
  [ ( 1, 4, 3, 2)( 5,20,16,12, 8,23,19,15,11, 7,22,18,14,10, 6,21,17,13, 9), 
      ( 1,11,16,35,40,59,64, 8,12,31,36,55,60, 5, 9,27,32,51,56, 3, 6,23,28,
         47,52,70, 4,19,24,43,48,67, 2,15,20,39,44,63)( 7,25,30,49,54,71,74,
         21,26,45,50,68,72,17,22,41,46,65,69,13,18,37,42,61,66,76,14,33,38,57,
         62,75,10,29,34,53,58,73) ], 
  [ ( 1, 2, 3, 4)( 5,15, 6,16, 7,17, 8,18, 9,19,10,20,11,21,12,22,13,23,14), 
      ( 1,21)( 2,17)( 3,14)( 4,13)( 5,10)( 6,76)( 7, 8)( 9,75)(11,74)(12,73)
        (15,72)(16,71)(18,70)(19,69)(20,68)(22,67)(23,66)(24,65)(25,64)(26,63)
        (27,62)(28,61)(29,60)(30,59)(31,58)(32,57)(33,56)(34,55)(35,54)(36,53)
        (37,52)(38,51)(39,50)(40,49)(41,48)(42,47)(43,46)(44,45) ], 
  [ ( 1, 4, 3, 2)( 5,15, 6,16, 7,17, 8,18, 9,19,10,20,11,21,12,22,13,23,14), 
      ( 1, 8, 9,23,24,39,40,55,56,70, 2,11,12,27,28,43,44,59,60, 3, 4,15,16,
         31,32,47,48,63,64, 5, 6,19,20,35,36,51,52,67)( 7,21,22,37,38,53,54,
         68,69,76,10,25,26,41,42,57,58,71,72,13,14,29,30,45,46,61,62,73,74,17,
         18,33,34,49,50,65,66,75) ], 
  [ ( 1, 2, 3, 4)( 5,10,15,20, 6,11,16,21, 7,12,17,22, 8,13,18,23, 9,14,19), 
      ( 1,17)( 2,13)( 3,10)( 4,76)( 5, 7)( 6,75)( 8,74)( 9,73)(11,72)(12,71)
        (14,70)(15,69)(16,68)(18,67)(19,66)(20,65)(21,64)(22,63)(23,62)(24,61)
        (25,60)(26,59)(27,58)(28,57)(29,56)(30,55)(31,54)(32,53)(33,52)(34,51)
        (35,50)(36,49)(37,48)(38,47)(39,46)(40,45)(41,44)(42,43) ], 
  [ ( 1, 4, 3, 2)( 5,10,15,20, 6,11,16,21, 7,12,17,22, 8,13,18,23, 9,14,19), 
      ( 1, 5, 4,11, 9,19,16,27,24,35,32,43,40,51,48,59,56,67,64, 3, 2, 8, 6,
         15,12,23,20,31,28,39,36,47,44,55,52,63,60,70)( 7,17,14,25,22,33,30,
         41,38,49,46,57,54,65,62,71,69,75,74,13,10,21,18,29,26,37,34,45,42,53,
         50,61,58,68,66,73,72,76) ] ]
);

BRACES[76].brace[2] := rec ( size := 76, perms :=
[ [ (), () ], [ (1,3)(2,4), (1,2) ], 
  [ ( 5,19,14, 9,23,18,13, 8,22,17,12, 7,21,16,11, 6,20,15,10), 
      ( 5,15, 6,16, 7,17, 8,18, 9,19,10,20,11,21,12,22,13,23,14) ], 
  [ ( 1, 3)( 2, 4)( 5,19,14, 9,23,18,13, 8,22,17,12, 7,21,16,11, 6,20,15,10), 
      ( 1, 2)( 5,15, 6,16, 7,17, 8,18, 9,19,10,20,11,21,12,22,13,23,14) ], 
  [ ( 5,14,23,13,22,12,21,11,20,10,19, 9,18, 8,17, 7,16, 6,15), 
      ( 5, 6, 7, 8, 9,10,11,12,13,14,15,16,17,18,19,20,21,22,23) ], 
  [ ( 1, 3)( 2, 4)( 5,14,23,13,22,12,21,11,20,10,19, 9,18, 8,17, 7,16, 6,15), 
      ( 1, 2)( 5, 6, 7, 8, 9,10,11,12,13,14,15,16,17,18,19,20,21,22,23) ], 
  [ ( 5, 9,13,17,21, 6,10,14,18,22, 7,11,15,19,23, 8,12,16,20), 
      ( 5,16, 8,19,11,22,14, 6,17, 9,20,12,23,15, 7,18,10,21,13) ], 
  [ ( 1, 3)( 2, 4)( 5, 9,13,17,21, 6,10,14,18,22, 7,11,15,19,23, 8,12,16,20), 
      ( 1, 2)( 5,16, 8,19,11,22,14, 6,17, 9,20,12,23,15, 7,18,10,21,13) ], 
  [ ( 5,23,22,21,20,19,18,17,16,15,14,13,12,11,10, 9, 8, 7, 6), 
      ( 5, 7, 9,11,13,15,17,19,21,23, 6, 8,10,12,14,16,18,20,22) ], 
  [ ( 1, 3)( 2, 4)( 5,23,22,21,20,19,18,17,16,15,14,13,12,11,10, 9, 8, 7, 6), 
      ( 1, 2)( 5, 7, 9,11,13,15,17,19,21,23, 6, 8,10,12,14,16,18,20,22) ], 
  [ ( 5,18,12, 6,19,13, 7,20,14, 8,21,15, 9,22,16,10,23,17,11), 
      ( 5,17,10,22,15, 8,20,13, 6,18,11,23,16, 9,21,14, 7,19,12) ], 
  [ ( 1, 3)( 2, 4)( 5,18,12, 6,19,13, 7,20,14, 8,21,15, 9,22,16,10,23,17,11), 
      ( 1, 2)( 5,17,10,22,15, 8,20,13, 6,18,11,23,16, 9,21,14, 7,19,12) ], 
  [ ( 5,13,21,10,18, 7,15,23,12,20, 9,17, 6,14,22,11,19, 8,16), 
      ( 5, 8,11,14,17,20,23, 7,10,13,16,19,22, 6, 9,12,15,18,21) ], 
  [ ( 1, 3)( 2, 4)( 5,13,21,10,18, 7,15,23,12,20, 9,17, 6,14,22,11,19, 8,16), 
      ( 1, 2)( 5, 8,11,14,17,20,23, 7,10,13,16,19,22, 6, 9,12,15,18,21) ], 
  [ ( 5, 8,11,14,17,20,23, 7,10,13,16,19,22, 6, 9,12,15,18,21), 
      ( 5,18,12, 6,19,13, 7,20,14, 8,21,15, 9,22,16,10,23,17,11) ], 
  [ ( 1, 3)( 2, 4)( 5, 8,11,14,17,20,23, 7,10,13,16,19,22, 6, 9,12,15,18,21), 
      ( 1, 2)( 5,18,12, 6,19,13, 7,20,14, 8,21,15, 9,22,16,10,23,17,11) ], 
  [ ( 5,22,20,18,16,14,12,10, 8, 6,23,21,19,17,15,13,11, 9, 7), 
      ( 5, 9,13,17,21, 6,10,14,18,22, 7,11,15,19,23, 8,12,16,20) ], 
  [ ( 1, 3)( 2, 4)( 5,22,20,18,16,14,12,10, 8, 6,23,21,19,17,15,13,11, 9, 7), 
      ( 1, 2)( 5, 9,13,17,21, 6,10,14,18,22, 7,11,15,19,23, 8,12,16,20) ], 
  [ ( 5,17,10,22,15, 8,20,13, 6,18,11,23,16, 9,21,14, 7,19,12), 
      ( 5,19,14, 9,23,18,13, 8,22,17,12, 7,21,16,11, 6,20,15,10) ], 
  [ ( 1, 3)( 2, 4)( 5,17,10,22,15, 8,20,13, 6,18,11,23,16, 9,21,14, 7,19,12), 
      ( 1, 2)( 5,19,14, 9,23,18,13, 8,22,17,12, 7,21,16,11, 6,20,15,10) ], 
  [ ( 5,12,19, 7,14,21, 9,16,23,11,18, 6,13,20, 8,15,22,10,17), 
      ( 5,10,15,20, 6,11,16,21, 7,12,17,22, 8,13,18,23, 9,14,19) ], 
  [ ( 1, 3)( 2, 4)( 5,12,19, 7,14,21, 9,16,23,11,18, 6,13,20, 8,15,22,10,17), 
      ( 1, 2)( 5,10,15,20, 6,11,16,21, 7,12,17,22, 8,13,18,23, 9,14,19) ], 
  [ ( 5, 7, 9,11,13,15,17,19,21,23, 6, 8,10,12,14,16,18,20,22), 
      ( 5,20,16,12, 8,23,19,15,11, 7,22,18,14,10, 6,21,17,13, 9) ], 
  [ ( 1, 3)( 2, 4)( 5, 7, 9,11,13,15,17,19,21,23, 6, 8,10,12,14,16,18,20,22), 
      ( 1, 2)( 5,20,16,12, 8,23,19,15,11, 7,22,18,14,10, 6,21,17,13, 9) ], 
  [ ( 5,21,18,15,12, 9, 6,22,19,16,13,10, 7,23,20,17,14,11, 8), 
      ( 5,11,17,23,10,16,22, 9,15,21, 8,14,20, 7,13,19, 6,12,18) ], 
  [ ( 1, 3)( 2, 4)( 5,21,18,15,12, 9, 6,22,19,16,13,10, 7,23,20,17,14,11, 8), 
      ( 1, 2)( 5,11,17,23,10,16,22, 9,15,21, 8,14,20, 7,13,19, 6,12,18) ], 
  [ ( 5,16, 8,19,11,22,14, 6,17, 9,20,12,23,15, 7,18,10,21,13), 
      ( 5,21,18,15,12, 9, 6,22,19,16,13,10, 7,23,20,17,14,11, 8) ], 
  [ ( 1, 3)( 2, 4)( 5,16, 8,19,11,22,14, 6,17, 9,20,12,23,15, 7,18,10,21,13), 
      ( 1, 2)( 5,21,18,15,12, 9, 6,22,19,16,13,10, 7,23,20,17,14,11, 8) ], 
  [ ( 5,11,17,23,10,16,22, 9,15,21, 8,14,20, 7,13,19, 6,12,18), 
      ( 5,12,19, 7,14,21, 9,16,23,11,18, 6,13,20, 8,15,22,10,17) ], 
  [ ( 1, 3)( 2, 4)( 5,11,17,23,10,16,22, 9,15,21, 8,14,20, 7,13,19, 6,12,18), 
      ( 1, 2)( 5,12,19, 7,14,21, 9,16,23,11,18, 6,13,20, 8,15,22,10,17) ], 
  [ ( 5, 6, 7, 8, 9,10,11,12,13,14,15,16,17,18,19,20,21,22,23), 
      ( 5,22,20,18,16,14,12,10, 8, 6,23,21,19,17,15,13,11, 9, 7) ], 
  [ ( 1, 3)( 2, 4)( 5, 6, 7, 8, 9,10,11,12,13,14,15,16,17,18,19,20,21,22,23), 
      ( 1, 2)( 5,22,20,18,16,14,12,10, 8, 6,23,21,19,17,15,13,11, 9, 7) ], 
  [ ( 5,20,16,12, 8,23,19,15,11, 7,22,18,14,10, 6,21,17,13, 9), 
      ( 5,13,21,10,18, 7,15,23,12,20, 9,17, 6,14,22,11,19, 8,16) ], 
  [ ( 1, 3)( 2, 4)( 5,20,16,12, 8,23,19,15,11, 7,22,18,14,10, 6,21,17,13, 9), 
      ( 1, 2)( 5,13,21,10,18, 7,15,23,12,20, 9,17, 6,14,22,11,19, 8,16) ], 
  [ ( 5,15, 6,16, 7,17, 8,18, 9,19,10,20,11,21,12,22,13,23,14), 
      ( 5,23,22,21,20,19,18,17,16,15,14,13,12,11,10, 9, 8, 7, 6) ], 
  [ ( 1, 3)( 2, 4)( 5,15, 6,16, 7,17, 8,18, 9,19,10,20,11,21,12,22,13,23,14), 
      ( 1, 2)( 5,23,22,21,20,19,18,17,16,15,14,13,12,11,10, 9, 8, 7, 6) ], 
  [ ( 5,10,15,20, 6,11,16,21, 7,12,17,22, 8,13,18,23, 9,14,19), 
      ( 5,14,23,13,22,12,21,11,20,10,19, 9,18, 8,17, 7,16, 6,15) ], 
  [ ( 1, 3)( 2, 4)( 5,10,15,20, 6,11,16,21, 7,12,17,22, 8,13,18,23, 9,14,19), 
      ( 1, 2)( 5,14,23,13,22,12,21,11,20,10,19, 9,18, 8,17, 7,16, 6,15) ], 
  [ (1,2,3,4), (3,4) ], [ (1,4,3,2), (1,2)(3,4) ], 
  [ ( 1, 2, 3, 4)( 5,19,14, 9,23,18,13, 8,22,17,12, 7,21,16,11, 6,20,15,10), 
      ( 3, 4)( 5,15, 6,16, 7,17, 8,18, 9,19,10,20,11,21,12,22,13,23,14) ], 
  [ ( 1, 4, 3, 2)( 5,19,14, 9,23,18,13, 8,22,17,12, 7,21,16,11, 6,20,15,10), 
      ( 1, 2)( 3, 4)( 5,15, 6,16, 7,17, 8,18, 9,19,10,20,11,21,12,22,13,23,14
         ) ], 
  [ ( 1, 2, 3, 4)( 5,14,23,13,22,12,21,11,20,10,19, 9,18, 8,17, 7,16, 6,15), 
      ( 3, 4)( 5, 6, 7, 8, 9,10,11,12,13,14,15,16,17,18,19,20,21,22,23) ], 
  [ ( 1, 4, 3, 2)( 5,14,23,13,22,12,21,11,20,10,19, 9,18, 8,17, 7,16, 6,15), 
      ( 1, 2)( 3, 4)( 5, 6, 7, 8, 9,10,11,12,13,14,15,16,17,18,19,20,21,22,23
         ) ], 
  [ ( 1, 2, 3, 4)( 5, 9,13,17,21, 6,10,14,18,22, 7,11,15,19,23, 8,12,16,20), 
      ( 3, 4)( 5,16, 8,19,11,22,14, 6,17, 9,20,12,23,15, 7,18,10,21,13) ], 
  [ ( 1, 4, 3, 2)( 5, 9,13,17,21, 6,10,14,18,22, 7,11,15,19,23, 8,12,16,20), 
      ( 1, 2)( 3, 4)( 5,16, 8,19,11,22,14, 6,17, 9,20,12,23,15, 7,18,10,21,13
         ) ], 
  [ ( 1, 2, 3, 4)( 5,23,22,21,20,19,18,17,16,15,14,13,12,11,10, 9, 8, 7, 6), 
      ( 3, 4)( 5, 7, 9,11,13,15,17,19,21,23, 6, 8,10,12,14,16,18,20,22) ], 
  [ ( 1, 4, 3, 2)( 5,23,22,21,20,19,18,17,16,15,14,13,12,11,10, 9, 8, 7, 6), 
      ( 1, 2)( 3, 4)( 5, 7, 9,11,13,15,17,19,21,23, 6, 8,10,12,14,16,18,20,22
         ) ], 
  [ ( 1, 2, 3, 4)( 5,18,12, 6,19,13, 7,20,14, 8,21,15, 9,22,16,10,23,17,11), 
      ( 3, 4)( 5,17,10,22,15, 8,20,13, 6,18,11,23,16, 9,21,14, 7,19,12) ], 
  [ ( 1, 4, 3, 2)( 5,18,12, 6,19,13, 7,20,14, 8,21,15, 9,22,16,10,23,17,11), 
      ( 1, 2)( 3, 4)( 5,17,10,22,15, 8,20,13, 6,18,11,23,16, 9,21,14, 7,19,12
         ) ], 
  [ ( 1, 2, 3, 4)( 5,13,21,10,18, 7,15,23,12,20, 9,17, 6,14,22,11,19, 8,16), 
      ( 3, 4)( 5, 8,11,14,17,20,23, 7,10,13,16,19,22, 6, 9,12,15,18,21) ], 
  [ ( 1, 4, 3, 2)( 5,13,21,10,18, 7,15,23,12,20, 9,17, 6,14,22,11,19, 8,16), 
      ( 1, 2)( 3, 4)( 5, 8,11,14,17,20,23, 7,10,13,16,19,22, 6, 9,12,15,18,21
         ) ], 
  [ ( 1, 2, 3, 4)( 5, 8,11,14,17,20,23, 7,10,13,16,19,22, 6, 9,12,15,18,21), 
      ( 3, 4)( 5,18,12, 6,19,13, 7,20,14, 8,21,15, 9,22,16,10,23,17,11) ], 
  [ ( 1, 4, 3, 2)( 5, 8,11,14,17,20,23, 7,10,13,16,19,22, 6, 9,12,15,18,21), 
      ( 1, 2)( 3, 4)( 5,18,12, 6,19,13, 7,20,14, 8,21,15, 9,22,16,10,23,17,11
         ) ], 
  [ ( 1, 2, 3, 4)( 5,22,20,18,16,14,12,10, 8, 6,23,21,19,17,15,13,11, 9, 7), 
      ( 3, 4)( 5, 9,13,17,21, 6,10,14,18,22, 7,11,15,19,23, 8,12,16,20) ], 
  [ ( 1, 4, 3, 2)( 5,22,20,18,16,14,12,10, 8, 6,23,21,19,17,15,13,11, 9, 7), 
      ( 1, 2)( 3, 4)( 5, 9,13,17,21, 6,10,14,18,22, 7,11,15,19,23, 8,12,16,20
         ) ], 
  [ ( 1, 2, 3, 4)( 5,17,10,22,15, 8,20,13, 6,18,11,23,16, 9,21,14, 7,19,12), 
      ( 3, 4)( 5,19,14, 9,23,18,13, 8,22,17,12, 7,21,16,11, 6,20,15,10) ], 
  [ ( 1, 4, 3, 2)( 5,17,10,22,15, 8,20,13, 6,18,11,23,16, 9,21,14, 7,19,12), 
      ( 1, 2)( 3, 4)( 5,19,14, 9,23,18,13, 8,22,17,12, 7,21,16,11, 6,20,15,10
         ) ], 
  [ ( 1, 2, 3, 4)( 5,12,19, 7,14,21, 9,16,23,11,18, 6,13,20, 8,15,22,10,17), 
      ( 3, 4)( 5,10,15,20, 6,11,16,21, 7,12,17,22, 8,13,18,23, 9,14,19) ], 
  [ ( 1, 4, 3, 2)( 5,12,19, 7,14,21, 9,16,23,11,18, 6,13,20, 8,15,22,10,17), 
      ( 1, 2)( 3, 4)( 5,10,15,20, 6,11,16,21, 7,12,17,22, 8,13,18,23, 9,14,19
         ) ], 
  [ ( 1, 2, 3, 4)( 5, 7, 9,11,13,15,17,19,21,23, 6, 8,10,12,14,16,18,20,22), 
      ( 3, 4)( 5,20,16,12, 8,23,19,15,11, 7,22,18,14,10, 6,21,17,13, 9) ], 
  [ ( 1, 4, 3, 2)( 5, 7, 9,11,13,15,17,19,21,23, 6, 8,10,12,14,16,18,20,22), 
      ( 1, 2)( 3, 4)( 5,20,16,12, 8,23,19,15,11, 7,22,18,14,10, 6,21,17,13, 9
         ) ], 
  [ ( 1, 2, 3, 4)( 5,21,18,15,12, 9, 6,22,19,16,13,10, 7,23,20,17,14,11, 8), 
      ( 3, 4)( 5,11,17,23,10,16,22, 9,15,21, 8,14,20, 7,13,19, 6,12,18) ], 
  [ ( 1, 4, 3, 2)( 5,21,18,15,12, 9, 6,22,19,16,13,10, 7,23,20,17,14,11, 8), 
      ( 1, 2)( 3, 4)( 5,11,17,23,10,16,22, 9,15,21, 8,14,20, 7,13,19, 6,12,18
         ) ], 
  [ ( 1, 2, 3, 4)( 5,16, 8,19,11,22,14, 6,17, 9,20,12,23,15, 7,18,10,21,13), 
      ( 3, 4)( 5,21,18,15,12, 9, 6,22,19,16,13,10, 7,23,20,17,14,11, 8) ], 
  [ ( 1, 4, 3, 2)( 5,16, 8,19,11,22,14, 6,17, 9,20,12,23,15, 7,18,10,21,13), 
      ( 1, 2)( 3, 4)( 5,21,18,15,12, 9, 6,22,19,16,13,10, 7,23,20,17,14,11, 8
         ) ], 
  [ ( 1, 2, 3, 4)( 5,11,17,23,10,16,22, 9,15,21, 8,14,20, 7,13,19, 6,12,18), 
      ( 3, 4)( 5,12,19, 7,14,21, 9,16,23,11,18, 6,13,20, 8,15,22,10,17) ], 
  [ ( 1, 4, 3, 2)( 5,11,17,23,10,16,22, 9,15,21, 8,14,20, 7,13,19, 6,12,18), 
      ( 1, 2)( 3, 4)( 5,12,19, 7,14,21, 9,16,23,11,18, 6,13,20, 8,15,22,10,17
         ) ], 
  [ ( 1, 2, 3, 4)( 5, 6, 7, 8, 9,10,11,12,13,14,15,16,17,18,19,20,21,22,23), 
      ( 3, 4)( 5,22,20,18,16,14,12,10, 8, 6,23,21,19,17,15,13,11, 9, 7) ], 
  [ ( 1, 4, 3, 2)( 5, 6, 7, 8, 9,10,11,12,13,14,15,16,17,18,19,20,21,22,23), 
      ( 1, 2)( 3, 4)( 5,22,20,18,16,14,12,10, 8, 6,23,21,19,17,15,13,11, 9, 7
         ) ], 
  [ ( 1, 2, 3, 4)( 5,20,16,12, 8,23,19,15,11, 7,22,18,14,10, 6,21,17,13, 9), 
      ( 3, 4)( 5,13,21,10,18, 7,15,23,12,20, 9,17, 6,14,22,11,19, 8,16) ], 
  [ ( 1, 4, 3, 2)( 5,20,16,12, 8,23,19,15,11, 7,22,18,14,10, 6,21,17,13, 9), 
      ( 1, 2)( 3, 4)( 5,13,21,10,18, 7,15,23,12,20, 9,17, 6,14,22,11,19, 8,16
         ) ], 
  [ ( 1, 2, 3, 4)( 5,15, 6,16, 7,17, 8,18, 9,19,10,20,11,21,12,22,13,23,14), 
      ( 3, 4)( 5,23,22,21,20,19,18,17,16,15,14,13,12,11,10, 9, 8, 7, 6) ], 
  [ ( 1, 4, 3, 2)( 5,15, 6,16, 7,17, 8,18, 9,19,10,20,11,21,12,22,13,23,14), 
      ( 1, 2)( 3, 4)( 5,23,22,21,20,19,18,17,16,15,14,13,12,11,10, 9, 8, 7, 6
         ) ], 
  [ ( 1, 2, 3, 4)( 5,10,15,20, 6,11,16,21, 7,12,17,22, 8,13,18,23, 9,14,19), 
      ( 3, 4)( 5,14,23,13,22,12,21,11,20,10,19, 9,18, 8,17, 7,16, 6,15) ], 
  [ ( 1, 4, 3, 2)( 5,10,15,20, 6,11,16,21, 7,12,17,22, 8,13,18,23, 9,14,19), 
      ( 1, 2)( 3, 4)( 5,14,23,13,22,12,21,11,20,10,19, 9,18, 8,17, 7,16, 6,15
         ) ] ]
);

BRACES[76].brace[3] := rec ( size := 76, perms :=
[ [ (), () ], [ (1,3)(2,4), (1,3)(2,4) ], 
  [ ( 5,19,14, 9,23,18,13, 8,22,17,12, 7,21,16,11, 6,20,15,10), 
      ( 5,10,15,20, 6,11,16,21, 7,12,17,22, 8,13,18,23, 9,14,19) ], 
  [ ( 1, 3)( 2, 4)( 5,19,14, 9,23,18,13, 8,22,17,12, 7,21,16,11, 6,20,15,10), 
      ( 1, 3)( 2, 4)( 5,10,15,20, 6,11,16,21, 7,12,17,22, 8,13,18,23, 9,14,19
         ) ], 
  [ ( 5,14,23,13,22,12,21,11,20,10,19, 9,18, 8,17, 7,16, 6,15), 
      ( 5,15, 6,16, 7,17, 8,18, 9,19,10,20,11,21,12,22,13,23,14) ], 
  [ ( 1, 3)( 2, 4)( 5,14,23,13,22,12,21,11,20,10,19, 9,18, 8,17, 7,16, 6,15), 
      ( 1, 3)( 2, 4)( 5,15, 6,16, 7,17, 8,18, 9,19,10,20,11,21,12,22,13,23,14
         ) ], 
  [ ( 5, 9,13,17,21, 6,10,14,18,22, 7,11,15,19,23, 8,12,16,20), 
      ( 5,20,16,12, 8,23,19,15,11, 7,22,18,14,10, 6,21,17,13, 9) ], 
  [ ( 1, 3)( 2, 4)( 5, 9,13,17,21, 6,10,14,18,22, 7,11,15,19,23, 8,12,16,20), 
      ( 1, 3)( 2, 4)( 5,20,16,12, 8,23,19,15,11, 7,22,18,14,10, 6,21,17,13, 9
         ) ], 
  [ ( 5,23,22,21,20,19,18,17,16,15,14,13,12,11,10, 9, 8, 7, 6), 
      ( 5, 6, 7, 8, 9,10,11,12,13,14,15,16,17,18,19,20,21,22,23) ], 
  [ ( 1, 3)( 2, 4)( 5,23,22,21,20,19,18,17,16,15,14,13,12,11,10, 9, 8, 7, 6), 
      ( 1, 3)( 2, 4)( 5, 6, 7, 8, 9,10,11,12,13,14,15,16,17,18,19,20,21,22,23
         ) ], 
  [ ( 5,18,12, 6,19,13, 7,20,14, 8,21,15, 9,22,16,10,23,17,11), 
      ( 5,11,17,23,10,16,22, 9,15,21, 8,14,20, 7,13,19, 6,12,18) ], 
  [ ( 1, 3)( 2, 4)( 5,18,12, 6,19,13, 7,20,14, 8,21,15, 9,22,16,10,23,17,11), 
      ( 1, 3)( 2, 4)( 5,11,17,23,10,16,22, 9,15,21, 8,14,20, 7,13,19, 6,12,18
