gap> MakeList([84]);
## size 84
BRACES[84] := rec( total := -1, implemented := 34, size := 84, brace := [] );
BRACES[84].brace[1] := rec ( size := 84, perms :=
[ [ (), () ], 
  [ (4,6)(5,7), ( 1, 8)( 2,14)( 3,69)( 4,22)( 5,23)( 6,76)( 7,59)( 9,32)
        (10,80)(11,81)(12,68)(13,48)(15,42)(16,43)(17,83)(18,74)(19,75)(20,58)
        (21,36)(24,53)(25,31)(26,84)(27,79)(28,66)(29,67)(30,47)(33,62)(34,63)
        (35,41)(37,82)(38,73)(39,56)(40,57)(44,71)(45,51)(46,52)(49,78)(50,65)
        (54,77)(55,61)(60,72)(64,70) ], 
  [ ( 8,12, 9,13,10,14,11), ( 1,42,31,21,13, 7, 3)( 2,53,41,30,20,12, 6)
        ( 4,62,51,39,28,18,10)( 5,63,52,40,29,19,11)( 8,69,59,48,36,25,15)
        ( 9,71,61,50,38,27,17)(14,76,68,58,47,35,24)(16,77,70,60,49,37,26)
        (22,80,74,66,56,45,33)(23,81,75,67,57,46,34)(32,83,79,73,65,55,44)
        (43,84,82,78,72,64,54) ], 
  [ ( 4, 6)( 5, 7)( 8,12, 9,13,10,14,11), ( 1,69)( 2,76)( 3,59)( 4,80)( 5,81)
        ( 6,68)( 7,48)( 8,42)( 9,83)(10,74)(11,75)(12,58)(13,36)(14,53)(15,31)
        (16,84)(17,79)(18,66)(19,67)(20,47)(21,25)(22,62)(23,63)(24,41)(26,82)
        (27,73)(28,56)(29,57)(30,35)(32,71)(33,51)(34,52)(37,78)(38,65)(39,45)
        (40,46)(43,77)(44,61)(49,72)(50,55)(54,70)(60,64) ], 
  [ ( 8, 9,10,11,12,13,14), ( 1,31,13, 3,42,21, 7)( 2,41,20, 6,53,30,12)
        ( 4,51,28,10,62,39,18)( 5,52,29,11,63,40,19)( 8,59,36,15,69,48,25)
        ( 9,61,38,17,71,50,27)(14,68,47,24,76,58,35)(16,70,49,26,77,60,37)
        (22,74,56,33,80,66,45)(23,75,57,34,81,67,46)(32,79,65,44,83,73,55)
        (43,82,72,54,84,78,64) ], 
  [ ( 4, 6)( 5, 7)( 8, 9,10,11,12,13,14), ( 1,59)( 2,68)( 3,48)( 4,74)( 5,75)
        ( 6,58)( 7,36)( 8,31)( 9,79)(10,66)(11,67)(12,47)(13,25)(14,41)(15,21)
        (16,82)(17,73)(18,56)(19,57)(20,35)(22,51)(23,52)(24,30)(26,78)(27,65)
        (28,45)(29,46)(32,61)(33,39)(34,40)(37,72)(38,55)(42,69)(43,70)(44,50)
        (49,64)(53,76)(54,60)(62,80)(63,81)(71,83)(77,84) ], 
  [ ( 8,13,11, 9,14,12,10), ( 1,21, 3,31, 7,42,13)( 2,30, 6,41,12,53,20)
        ( 4,39,10,51,18,62,28)( 5,40,11,52,19,63,29)( 8,48,15,59,25,69,36)
        ( 9,50,17,61,27,71,38)(14,58,24,68,35,76,47)(16,60,26,70,37,77,49)
        (22,66,33,74,45,80,56)(23,67,34,75,46,81,57)(32,73,44,79,55,83,65)
        (43,78,54,82,64,84,72) ], 
  [ ( 4, 6)( 5, 7)( 8,13,11, 9,14,12,10), ( 1,48)( 2,58)( 3,36)( 4,66)( 5,67)
        ( 6,47)( 7,25)( 8,21)( 9,73)(10,56)(11,57)(12,35)(13,15)(14,30)(16,78)
        (17,65)(18,45)(19,46)(20,24)(22,39)(23,40)(26,72)(27,55)(28,33)(29,34)
        (31,69)(32,50)(37,64)(38,44)(41,76)(42,59)(43,60)(49,54)(51,80)(52,81)
        (53,68)(61,83)(62,74)(63,75)(70,84)(71,79)(77,82) ], 
  [ ( 8,10,12,14, 9,11,13), ( 1,13,42, 7,31, 3,21)( 2,20,53,12,41, 6,30)
        ( 4,28,62,18,51,10,39)( 5,29,63,19,52,11,40)( 8,36,69,25,59,15,48)
        ( 9,38,71,27,61,17,50)(14,47,76,35,68,24,58)(16,49,77,37,70,26,60)
        (22,56,80,45,74,33,66)(23,57,81,46,75,34,67)(32,65,83,55,79,44,73)
        (43,72,84,64,82,54,78) ], 
  [ ( 4, 6)( 5, 7)( 8,10,12,14, 9,11,13), ( 1,36)( 2,47)( 3,25)( 4,56)( 5,57)
        ( 6,35)( 7,15)( 8,13)( 9,65)(10,45)(11,46)(12,24)(14,20)(16,72)(17,55)
        (18,33)(19,34)(21,69)(22,28)(23,29)(26,64)(27,44)(30,76)(31,59)(32,38)
        (37,54)(39,80)(40,81)(41,68)(42,48)(43,49)(50,83)(51,74)(52,75)(53,58)
        (60,84)(61,79)(62,66)(63,67)(70,82)(71,73)(77,78) ], 
  [ ( 8,14,13,12,11,10, 9), ( 1, 7,21,42, 3,13,31)( 2,12,30,53, 6,20,41)
        ( 4,18,39,62,10,28,51)( 5,19,40,63,11,29,52)( 8,25,48,69,15,36,59)
        ( 9,27,50,71,17,38,61)(14,35,58,76,24,47,68)(16,37,60,77,26,49,70)
        (22,45,66,80,33,56,74)(23,46,67,81,34,57,75)(32,55,73,83,44,65,79)
        (43,64,78,84,54,72,82) ], 
  [ ( 4, 6)( 5, 7)( 8,14,13,12,11,10, 9), ( 1,25)( 2,35)( 3,15)( 4,45)( 5,46)
        ( 6,24)( 7, 8)( 9,55)(10,33)(11,34)(12,14)(13,69)(16,64)(17,44)(18,22)
        (19,23)(20,76)(21,59)(26,54)(27,32)(28,80)(29,81)(30,68)(31,48)(36,42)
        (37,43)(38,83)(39,74)(40,75)(41,58)(47,53)(49,84)(50,79)(51,66)(52,67)
        (56,62)(57,63)(60,82)(61,73)(65,71)(70,78)(72,77) ], 
  [ ( 8,11,14,10,13, 9,12), ( 1, 3, 7,13,21,31,42)( 2, 6,12,20,30,41,53)
        ( 4,10,18,28,39,51,62)( 5,11,19,29,40,52,63)( 8,15,25,36,48,59,69)
        ( 9,17,27,38,50,61,71)(14,24,35,47,58,68,76)(16,26,37,49,60,70,77)
        (22,33,45,56,66,74,80)(23,34,46,57,67,75,81)(32,44,55,65,73,79,83)
        (43,54,64,72,78,82,84) ], 
  [ ( 4, 6)( 5, 7)( 8,11,14,10,13, 9,12), ( 1,15)( 2,24)( 3, 8)( 4,33)( 5,34)
        ( 6,14)( 7,69)( 9,44)(10,22)(11,23)(12,76)(13,59)(16,54)(17,32)(18,80)
        (19,81)(20,68)(21,48)(25,42)(26,43)(27,83)(28,74)(29,75)(30,58)(31,36)
        (35,53)(37,84)(38,79)(39,66)(40,67)(41,47)(45,62)(46,63)(49,82)(50,73)
        (51,56)(52,57)(55,71)(60,78)(61,65)(64,77)(70,72) ], 
  [ (1,2,3), ( 1, 5, 2)( 3,11, 6)( 4,16, 9)( 7,19,12)( 8,23,14)(10,26,17)
        (13,29,20)(15,34,24)(18,37,27)(21,40,30)(22,43,32)(25,46,35)(28,49,38)
        (31,52,41)(33,54,44)(36,57,47)(39,60,50)(42,63,53)(45,64,55)(48,67,58)
        (51,70,61)(56,72,65)(59,75,68)(62,77,71)(66,78,73)(69,81,76)(74,82,79)
        (80,84,83) ], 
  [ (1,2,3)(4,6)(5,7), ( 1,23, 2, 8, 5,14)( 3,81, 6,69,11,76)( 4,43, 9,22,16,
         32)( 7,75,12,59,19,68)(10,84,17,80,26,83)(13,67,20,48,29,58)
        (15,63,24,42,34,53)(18,82,27,74,37,79)(21,57,30,36,40,47)
        (25,52,35,31,46,41)(28,78,38,66,49,73)(33,77,44,62,54,71)
        (39,72,50,56,60,65)(45,70,55,51,64,61) ], 
  [ ( 1, 2, 3)( 8,12, 9,13,10,14,11), 
      ( 1,63,41,21,29,12, 3, 5,53,31,40,20, 7,11, 2,42,52,30,13,19, 6)
        ( 4,77,61,39,49,27,10,16,71,51,60,38,18,26, 9,62,70,50,28,37,17)
        ( 8,81,68,48,57,35,15,23,76,59,67,47,25,34,14,69,75,58,36,46,24)
        (22,84,79,66,72,55,33,43,83,74,78,65,45,54,32,80,82,73,56,64,44) ], 
  [ ( 1, 2, 3)( 4, 6)( 5, 7)( 8,12, 9,13,10,14,11), 
      ( 1,81, 2,69, 5,76)( 3,75, 6,59,11,68)( 4,84, 9,80,16,83)
        ( 7,67,12,48,19,58)( 8,63,14,42,23,53)(10,82,17,74,26,79)
        (13,57,20,36,29,47)(15,52,24,31,34,41)(18,78,27,66,37,73)
        (21,46,30,25,40,35)(22,77,32,62,43,71)(28,72,38,56,49,65)
        (33,70,44,51,54,61)(39,64,50,45,60,55) ], 
  [ ( 1, 2, 3)( 8, 9,10,11,12,13,14), 
      ( 1,52,20, 3,63,30, 7, 5,41,13,11,53,21,19, 2,31,29, 6,42,40,12)
        ( 4,70,38,10,77,50,18,16,61,28,26,71,39,37, 9,51,49,17,62,60,27)
        ( 8,75,47,15,81,58,25,23,68,36,34,76,48,46,14,59,57,24,69,67,35)
        (22,82,65,33,84,73,45,43,79,56,54,83,66,64,32,74,72,44,80,78,55) ], 
  [ ( 1, 2, 3)( 4, 6)( 5, 7)( 8, 9,10,11,12,13,14), 
      ( 1,75, 2,59, 5,68)( 3,67, 6,48,11,58)( 4,82, 9,74,16,79)
        ( 7,57,12,36,19,47)( 8,52,14,31,23,41)(10,78,17,66,26,73)
        (13,46,20,25,29,35)(15,40,24,21,34,30)(18,72,27,56,37,65)
        (22,70,32,51,43,61)(28,64,38,45,49,55)(33,60,44,39,54,50)
        (42,81,53,69,63,76)(62,84,71,80,77,83) ], 
  [ ( 1, 2, 3)( 8,13,11, 9,14,12,10), 
      ( 1,40, 6,31,19,53,13, 5,30, 3,52,12,42,29, 2,21,11,41, 7,63,20)
        ( 4,60,17,51,37,71,28,16,50,10,70,27,62,49, 9,39,26,61,18,77,38)
        ( 8,67,24,59,46,76,36,23,58,15,75,35,69,57,14,48,34,68,25,81,47)
        (22,78,44,74,64,83,56,43,73,33,82,55,80,72,32,66,54,79,45,84,65) ], 
  [ ( 1, 2, 3)( 4, 6)( 5, 7)( 8,13,11, 9,14,12,10), 
      ( 1,67, 2,48, 5,58)( 3,57, 6,36,11,47)( 4,78, 9,66,16,73)
        ( 7,46,12,25,19,35)( 8,40,14,21,23,30)(10,72,17,56,26,65)
        (13,34,20,15,29,24)(18,64,27,45,37,55)(22,60,32,39,43,50)
        (28,54,38,33,49,44)(31,81,41,69,52,76)(42,75,53,59,63,68)
        (51,84,61,80,70,83)(62,82,71,74,77,79) ], 
  [ ( 1, 2, 3)( 8,10,12,14, 9,11,13), 
      ( 1,29,53, 7,52, 6,21, 5,20,42,19,41, 3,40, 2,13,63,12,31,11,30)
        ( 4,49,71,18,70,17,39,16,38,62,37,61,10,60, 9,28,77,27,51,26,50)
        ( 8,57,76,25,75,24,48,23,47,69,46,68,15,67,14,36,81,35,59,34,58)
        (22,72,83,45,82,44,66,43,65,80,64,79,33,78,32,56,84,55,74,54,73) ], 
  [ ( 1, 2, 3)( 4, 6)( 5, 7)( 8,10,12,14, 9,11,13), 
      ( 1,57, 2,36, 5,47)( 3,46, 6,25,11,35)( 4,72, 9,56,16,65)
        ( 7,34,12,15,19,24)( 8,29,14,13,23,20)(10,64,17,45,26,55)
        (18,54,27,33,37,44)(21,81,30,69,40,76)(22,49,32,28,43,38)
        (31,75,41,59,52,68)(39,84,50,80,60,83)(42,67,53,48,63,58)
        (51,82,61,74,70,79)(62,78,71,66,77,73) ], 
  [ ( 1, 2, 3)( 8,14,13,12,11,10, 9), 
      ( 1,19,30,42,11,20,31, 5,12,21,63, 6,13,52, 2, 7,40,53, 3,29,41)
        ( 4,37,50,62,26,38,51,16,27,39,77,17,28,70, 9,18,60,71,10,49,61)
        ( 8,46,58,69,34,47,59,23,35,48,81,24,36,75,14,25,67,76,15,57,68)
        (22,64,73,80,54,65,74,43,55,66,84,44,56,82,32,45,78,83,33,72,79) ], 
  [ ( 1, 2, 3)( 4, 6)( 5, 7)( 8,14,13,12,11,10, 9), 
      ( 1,46, 2,25, 5,35)( 3,34, 6,15,11,24)( 4,64, 9,45,16,55)
        ( 7,23,12, 8,19,14)(10,54,17,33,26,44)(13,81,20,69,29,76)
        (18,43,27,22,37,32)(21,75,30,59,40,68)(28,84,38,80,49,83)
        (31,67,41,48,52,58)(36,63,47,42,57,53)(39,82,50,74,60,79)
        (51,78,61,66,70,73)(56,77,65,62,72,71) ], 
  [ ( 1, 2, 3)( 8,11,14,10,13, 9,12), 
      ( 1,11,12,13,40,41,42, 5, 6, 7,29,30,31,63, 2, 3,19,20,21,52,53)
        ( 4,26,27,28,60,61,62,16,17,18,49,50,51,77, 9,10,37,38,39,70,71)
        ( 8,34,35,36,67,68,69,23,24,25,57,58,59,81,14,15,46,47,48,75,76)
        (22,54,55,56,78,79,80,43,44,45,72,73,74,84,32,33,64,65,66,82,83) ], 
  [ ( 1, 2, 3)( 4, 6)( 5, 7)( 8,11,14,10,13, 9,12), 
      ( 1,34, 2,15, 5,24)( 3,23, 6, 8,11,14)( 4,54, 9,33,16,44)
        ( 7,81,12,69,19,76)(10,43,17,22,26,32)(13,75,20,59,29,68)
        (18,84,27,80,37,83)(21,67,30,48,40,58)(25,63,35,42,46,53)
        (28,82,38,74,49,79)(31,57,41,36,52,47)(39,78,50,66,60,73)
        (45,77,55,62,64,71)(51,72,61,56,70,65) ], 
  [ (1,3,2), ( 1, 2, 5)( 3, 6,11)( 4, 9,16)( 7,12,19)( 8,14,23)(10,17,26)
        (13,20,29)(15,24,34)(18,27,37)(21,30,40)(22,32,43)(25,35,46)(28,38,49)
        (31,41,52)(33,44,54)(36,47,57)(39,50,60)(42,53,63)(45,55,64)(48,58,67)
        (51,61,70)(56,65,72)(59,68,75)(62,71,77)(66,73,78)(69,76,81)(74,79,82)
        (80,83,84) ], 
  [ (1,3,2)(4,6)(5,7), ( 1,14, 5, 8, 2,23)( 3,76,11,69, 6,81)( 4,32,16,22, 9,
         43)( 7,68,19,59,12,75)(10,83,26,80,17,84)(13,58,29,48,20,67)
        (15,53,34,42,24,63)(18,79,37,74,27,82)(21,47,40,36,30,57)
        (25,41,46,31,35,52)(28,73,49,66,38,78)(33,71,54,62,44,77)
        (39,65,60,56,50,72)(45,61,64,51,55,70) ], 
  [ ( 1, 3, 2)( 8,12, 9,13,10,14,11), 
      ( 1,53,52,21,20,19, 3, 2,63,31,30,29, 7, 6, 5,42,41,40,13,12,11)
        ( 4,71,70,39,38,37,10, 9,77,51,50,49,18,17,16,62,61,60,28,27,26)
        ( 8,76,75,48,47,46,15,14,81,59,58,57,25,24,23,69,68,67,36,35,34)
        (22,83,82,66,65,64,33,32,84,74,73,72,45,44,43,80,79,78,56,55,54) ], 
  [ ( 1, 3, 2)( 4, 6)( 5, 7)( 8,12, 9,13,10,14,11), 
      ( 1,76, 5,69, 2,81)( 3,68,11,59, 6,75)( 4,83,16,80, 9,84)
        ( 7,58,19,48,12,67)( 8,53,23,42,14,63)(10,79,26,74,17,82)
        (13,47,29,36,20,57)(15,41,34,31,24,52)(18,73,37,66,27,78)
        (21,35,40,25,30,46)(22,71,43,62,32,77)(28,65,49,56,38,72)
        (33,61,54,51,44,70)(39,55,60,45,50,64) ], 
  [ ( 1, 3, 2)( 8, 9,10,11,12,13,14), 
      ( 1,41,29, 3,53,40, 7, 2,52,13, 6,63,21,12, 5,31,20,11,42,30,19)
        ( 4,61,49,10,71,60,18, 9,70,28,17,77,39,27,16,51,38,26,62,50,37)
        ( 8,68,57,15,76,67,25,14,75,36,24,81,48,35,23,59,47,34,69,58,46)
        (22,79,72,33,83,78,45,32,82,56,44,84,66,55,43,74,65,54,80,73,64) ], 
  [ ( 1, 3, 2)( 4, 6)( 5, 7)( 8, 9,10,11,12,13,14), 
      ( 1,68, 5,59, 2,75)( 3,58,11,48, 6,67)( 4,79,16,74, 9,82)
        ( 7,47,19,36,12,57)( 8,41,23,31,14,52)(10,73,26,66,17,78)
        (13,35,29,25,20,46)(15,30,34,21,24,40)(18,65,37,56,27,72)
        (22,61,43,51,32,70)(28,55,49,45,38,64)(33,50,54,39,44,60)
        (42,76,63,69,53,81)(62,83,77,80,71,84) ], 
  [ ( 1, 3, 2)( 8,13,11, 9,14,12,10), 
      ( 1,30,11,31,12,63,13, 2,40, 3,41,19,42,20, 5,21, 6,52, 7,53,29)
        ( 4,50,26,51,27,77,28, 9,60,10,61,37,62,38,16,39,17,70,18,71,49)
        ( 8,58,34,59,35,81,36,14,67,15,68,46,69,47,23,48,24,75,25,76,57)
        (22,73,54,74,55,84,56,32,78,33,79,64,80,65,43,66,44,82,45,83,72) ], 
  [ ( 1, 3, 2)( 4, 6)( 5, 7)( 8,13,11, 9,14,12,10), 
      ( 1,58, 5,48, 2,67)( 3,47,11,36, 6,57)( 4,73,16,66, 9,78)
        ( 7,35,19,25,12,46)( 8,30,23,21,14,40)(10,65,26,56,17,72)
        (13,24,29,15,20,34)(18,55,37,45,27,64)(22,50,43,39,32,60)
        (28,44,49,33,38,54)(31,76,52,69,41,81)(42,68,63,59,53,75)
        (51,83,70,80,61,84)(62,79,77,74,71,82) ], 
  [ ( 1, 3, 2)( 8,10,12,14, 9,11,13), 
      ( 1,20,63, 7,41,11,21, 2,29,42,12,52, 3,30, 5,13,53,19,31, 6,40)
        ( 4,38,77,18,61,26,39, 9,49,62,27,70,10,50,16,28,71,37,51,17,60)
        ( 8,47,81,25,68,34,48,14,57,69,35,75,15,58,23,36,76,46,59,24,67)
        (22,65,84,45,79,54,66,32,72,80,55,82,33,73,43,56,83,64,74,44,78) ], 
  [ ( 1, 3, 2)( 4, 6)( 5, 7)( 8,10,12,14, 9,11,13), 
      ( 1,47, 5,36, 2,57)( 3,35,11,25, 6,46)( 4,65,16,56, 9,72)
        ( 7,24,19,15,12,34)( 8,20,23,13,14,29)(10,55,26,45,17,64)
        (18,44,37,33,27,54)(21,76,40,69,30,81)(22,38,43,28,32,49)
        (31,68,52,59,41,75)(39,83,60,80,50,84)(42,58,63,48,53,67)
        (51,79,70,74,61,82)(62,73,77,66,71,78) ], 
  [ ( 1, 3, 2)( 8,14,13,12,11,10, 9), 
      ( 1,12,40,42, 6,29,31, 2,19,21,53,11,13,41, 5, 7,30,63, 3,20,52)
        ( 4,27,60,62,17,49,51, 9,37,39,71,26,28,61,16,18,50,77,10,38,70)
        ( 8,35,67,69,24,57,59,14,46,48,76,34,36,68,23,25,58,81,15,47,75)
        (22,55,78,80,44,72,74,32,64,66,83,54,56,79,43,45,73,84,33,65,82) ], 
  [ ( 1, 3, 2)( 4, 6)( 5, 7)( 8,14,13,12,11,10, 9), 
      ( 1,35, 5,25, 2,46)( 3,24,11,15, 6,34)( 4,55,16,45, 9,64)
        ( 7,14,19, 8,12,23)(10,44,26,33,17,54)(13,76,29,69,20,81)
        (18,32,37,22,27,43)(21,68,40,59,30,75)(28,83,49,80,38,84)
        (31,58,52,48,41,67)(36,53,57,42,47,63)(39,79,60,74,50,82)
        (51,73,70,66,61,78)(56,71,72,62,65,77) ], 
  [ ( 1, 3, 2)( 8,11,14,10,13, 9,12), 
      ( 1, 6,19,13,30,52,42, 2,11, 7,20,40,31,53, 5, 3,12,29,21,41,63)
        ( 4,17,37,28,50,70,62, 9,26,18,38,60,51,71,16,10,27,49,39,61,77)
        ( 8,24,46,36,58,75,69,14,34,25,47,67,59,76,23,15,35,57,48,68,81)
        (22,44,64,56,73,82,80,32,54,45,65,78,74,83,43,33,55,72,66,79,84) ], 
  [ ( 1, 3, 2)( 4, 6)( 5, 7)( 8,11,14,10,13, 9,12), 
      ( 1,24, 5,15, 2,34)( 3,14,11, 8, 6,23)( 4,44,16,33, 9,54)
        ( 7,76,19,69,12,81)(10,32,26,22,17,43)(13,68,29,59,20,75)
        (18,83,37,80,27,84)(21,58,40,48,30,67)(25,53,46,42,35,63)
        (28,79,49,74,38,82)(31,47,52,36,41,57)(39,73,60,66,50,78)
        (45,71,64,62,55,77)(51,65,70,56,61,72) ], 
  [ (4,5,6,7), ( 1,22)( 2,32)( 3,80)( 4, 8)( 5,43)( 6,83)( 7,74)( 9,14)(10,69)
        (11,84)(12,79)(13,66)(15,62)(16,23)(17,76)(18,59)(19,82)(20,73)(21,56)
        (24,71)(25,51)(26,81)(27,68)(28,48)(29,78)(30,65)(31,45)(33,42)(34,77)
        (35,61)(36,39)(37,75)(38,58)(40,72)(41,55)(44,53)(46,70)(47,50)(49,67)
        (52,64)(54,63)(57,60) ], 
  [ (4,7,6,5), ( 1, 4)( 2, 9)( 3,10)( 5,16)( 6,17)( 7,18)( 8,22)(11,26)(12,27)
        (13,28)(14,32)(15,33)(19,37)(20,38)(21,39)(23,43)(24,44)(25,45)(29,49)
        (30,50)(31,51)(34,54)(35,55)(36,56)(40,60)(41,61)(42,62)(46,64)(47,65)
        (48,66)(52,70)(53,71)(57,72)(58,73)(59,74)(63,77)(67,78)(68,79)(69,80)
        (75,82)(76,83)(81,84) ], 
  [ ( 4, 5, 6, 7)( 8,12, 9,13,10,14,11), ( 1,80)( 2,83)( 3,74)( 4,69)( 5,84)
        ( 6,79)( 7,66)( 8,62)( 9,76)(10,59)(11,82)(12,73)(13,56)(14,71)(15,51)
        (16,81)(17,68)(18,48)(19,78)(20,65)(21,45)(22,42)(23,77)(24,61)(25,39)
        (26,75)(27,58)(28,36)(29,72)(30,55)(31,33)(32,53)(34,70)(35,50)(37,67)
        (38,47)(40,64)(41,44)(43,63)(46,60)(49,57)(52,54) ], 
  [ ( 4, 7, 6, 5)( 8,12, 9,13,10,14,11), 
      ( 1,62,31,39,13,18, 3, 4,42,51,21,28, 7,10)( 2,71,41,50,20,27, 6, 9,53,
         61,30,38,12,17)( 5,77,52,60,29,37,11,16,63,70,40,49,19,26)
        ( 8,80,59,66,36,45,15,22,69,74,48,56,25,33)(14,83,68,73,47,55,24,32,
         76,79,58,65,35,44)(23,84,75,78,57,64,34,43,81,82,67,72,46,54) ], 
  [ ( 4, 5, 6, 7)( 8, 9,10,11,12,13,14), ( 1,74)( 2,79)( 3,66)( 4,59)( 5,82)
        ( 6,73)( 7,56)( 8,51)( 9,68)(10,48)(11,78)(12,65)(13,45)(14,61)(15,39)
        (16,75)(17,58)(18,36)(19,72)(20,55)(21,33)(22,31)(23,70)(24,50)(25,28)
        (26,67)(27,47)(29,64)(30,44)(32,41)(34,60)(35,38)(37,57)(40,54)(42,80)
        (43,52)(46,49)(53,83)(62,69)(63,84)(71,76)(77,81) ], 
  [ ( 4, 7, 6, 5)( 8, 9,10,11,12,13,14), 
      ( 1,51,13,10,42,39, 7, 4,31,28, 3,62,21,18)( 2,61,20,17,53,50,12, 9,41,
         38, 6,71,30,27)( 5,70,29,26,63,60,19,16,52,49,11,77,40,37)
        ( 8,74,36,33,69,66,25,22,59,56,15,80,48,45)(14,79,47,44,76,73,35,32,
         68,65,24,83,58,55)(23,82,57,54,81,78,46,43,75,72,34,84,67,64) ], 
  [ ( 4, 5, 6, 7)( 8,13,11, 9,14,12,10), ( 1,66)( 2,73)( 3,56)( 4,48)( 5,78)
        ( 6,65)( 7,45)( 8,39)( 9,58)(10,36)(11,72)(12,55)(13,33)(14,50)(15,28)
        (16,67)(17,47)(18,25)(19,64)(20,44)(21,22)(23,60)(24,38)(26,57)(27,35)
        (29,54)(30,32)(31,80)(34,49)(37,46)(40,43)(41,83)(42,74)(51,69)(52,84)
        (53,79)(59,62)(61,76)(63,82)(68,71)(70,81)(75,77) ], 
  [ ( 4, 7, 6, 5)( 8,13,11, 9,14,12,10), 
      ( 1,39, 3,51, 7,62,13, 4,21,10,31,18,42,28)( 2,50, 6,61,12,71,20, 9,30,
         17,41,27,53,38)( 5,60,11,70,19,77,29,16,40,26,52,37,63,49)
        ( 8,66,15,74,25,80,36,22,48,33,59,45,69,56)(14,73,24,79,35,83,47,32,
         58,44,68,55,76,65)(23,78,34,82,46,84,57,43,67,54,75,64,81,72) ], 
  [ ( 4, 5, 6, 7)( 8,10,12,14, 9,11,13), ( 1,56)( 2,65)( 3,45)( 4,36)( 5,72)
        ( 6,55)( 7,33)( 8,28)( 9,47)(10,25)(11,64)(12,44)(13,22)(14,38)(15,18)
        (16,57)(17,35)(19,54)(20,32)(21,80)(23,49)(24,27)(26,46)(29,43)(30,83)
        (31,74)(34,37)(39,69)(40,84)(41,79)(42,66)(48,62)(50,76)(51,59)(52,82)
        (53,73)(58,71)(60,81)(61,68)(63,78)(67,77)(70,75) ], 
  [ ( 4, 7, 6, 5)( 8,10,12,14, 9,11,13), 
      ( 1,28,42,18,31,10,21, 4,13,62, 7,51, 3,39)( 2,38,53,27,41,17,30, 9,20,
         71,12,61, 6,50)( 5,49,63,37,52,26,40,16,29,77,19,70,11,60)
        ( 8,56,69,45,59,33,48,22,36,80,25,74,15,66)(14,65,76,55,68,44,58,32,
         47,83,35,79,24,73)(23,72,81,64,75,54,67,43,57,84,46,82,34,78) ], 
  [ ( 4, 5, 6, 7)( 8,14,13,12,11,10, 9), ( 1,45)( 2,55)( 3,33)( 4,25)( 5,64)
        ( 6,44)( 7,22)( 8,18)( 9,35)(10,15)(11,54)(12,32)(13,80)(14,27)(16,46)
        (17,24)(19,43)(20,83)(21,74)(23,37)(26,34)(28,69)(29,84)(30,79)(31,66)
        (36,62)(38,76)(39,59)(40,82)(41,73)(42,56)(47,71)(48,51)(49,81)(50,68)
        (52,78)(53,65)(57,77)(58,61)(60,75)(63,72)(67,70) ], 
  [ ( 4, 7, 6, 5)( 8,14,13,12,11,10, 9), 
      ( 1,18,21,62, 3,28,31, 4, 7,39,42,10,13,51)( 2,27,30,71, 6,38,41, 9,12,
         50,53,17,20,61)( 5,37,40,77,11,49,52,16,19,60,63,26,29,70)
        ( 8,45,48,80,15,56,59,22,25,66,69,33,36,74)(14,55,58,83,24,65,68,32,
         35,73,76,44,47,79)(23,64,67,84,34,72,75,43,46,78,81,54,57,82) ], 
  [ ( 4, 5, 6, 7)( 8,11,14,10,13, 9,12), ( 1,33)( 2,44)( 3,22)( 4,15)( 5,54)
        ( 6,32)( 7,80)( 8,10)( 9,24)(11,43)(12,83)(13,74)(14,17)(16,34)(18,69)
        (19,84)(20,79)(21,66)(23,26)(25,62)(27,76)(28,59)(29,82)(30,73)(31,56)
        (35,71)(36,51)(37,81)(38,68)(39,48)(40,78)(41,65)(42,45)(46,77)(47,61)
        (49,75)(50,58)(52,72)(53,55)(57,70)(60,67)(63,64) ], 
  [ ( 4, 7, 6, 5)( 8,11,14,10,13, 9,12), 
      ( 1,10, 7,28,21,51,42, 4, 3,18,13,39,31,62)( 2,17,12,38,30,61,53, 9, 6,
         27,20,50,41,71)( 5,26,19,49,40,70,63,16,11,37,29,60,52,77)
        ( 8,33,25,56,48,74,69,22,15,45,36,66,59,80)(14,44,35,65,58,79,76,32,
         24,55,47,73,68,83)(23,54,46,72,67,82,81,43,34,64,57,78,75,84) ], 
  [ (1,2,3)(4,5,6,7), ( 1,43, 2,22, 5,32)( 3,84, 6,80,11,83)( 4,23, 9, 8,16,14
         )( 7,82,12,74,19,79)(10,81,17,69,26,76)(13,78,20,66,29,73)
        (15,77,24,62,34,71)(18,75,27,59,37,68)(21,72,30,56,40,65)
        (25,70,35,51,46,61)(28,67,38,48,49,58)(31,64,41,45,52,55)
        (33,63,44,42,54,53)(36,60,47,39,57,50) ], 
  [ (1,2,3)(4,7,6,5), ( 1,16, 2, 4, 5, 9)( 3,26, 6,10,11,17)( 7,37,12,18,19,27
         )( 8,43,14,22,23,32)(13,49,20,28,29,38)(15,54,24,33,34,44)
        (21,60,30,39,40,50)(25,64,35,45,46,55)(31,70,41,51,52,61)
        (36,72,47,56,57,65)(42,77,53,62,63,71)(48,78,58,66,67,73)
        (59,82,68,74,75,79)(69,84,76,80,81,83) ], 
  [ ( 1, 2, 3)( 4, 5, 6, 7)( 8,12, 9,13,10,14,11), 
      ( 1,84, 2,80, 5,83)( 3,82, 6,74,11,79)( 4,81, 9,69,16,76)
        ( 7,78,12,66,19,73)( 8,77,14,62,23,71)(10,75,17,59,26,68)
        (13,72,20,56,29,65)(15,70,24,51,34,61)(18,67,27,48,37,58)
        (21,64,30,45,40,55)(22,63,32,42,43,53)(25,60,35,39,46,50)
        (28,57,38,36,49,47)(31,54,41,33,52,44) ], 
  [ ( 1, 2, 3)( 4, 7, 6, 5)( 8,12, 9,13,10,14,11), 
      ( 1,77,41,39,29,27, 3,16,53,51,40,38, 7,26, 2,62,52,50,13,37, 6, 4,63,
         61,21,49,12,10, 5,71,31,60,20,18,11, 9,42,70,30,28,19,17)
        ( 8,84,68,66,57,55,15,43,76,74,67,65,25,54,14,80,75,73,36,64,24,22,81,
         79,48,72,35,33,23,83,59,78,47,45,34,32,69,82,58,56,46,44) ], 
  [ ( 1, 2, 3)( 4, 5, 6, 7)( 8, 9,10,11,12,13,14), 
      ( 1,82, 2,74, 5,79)( 3,78, 6,66,11,73)( 4,75, 9,59,16,68)
        ( 7,72,12,56,19,65)( 8,70,14,51,23,61)(10,67,17,48,26,58)
        (13,64,20,45,29,55)(15,60,24,39,34,50)(18,57,27,36,37,47)
        (21,54,30,33,40,44)(22,52,32,31,43,41)(25,49,35,28,46,38)
        (42,84,53,80,63,83)(62,81,71,69,77,76) ], 
  [ ( 1, 2, 3)( 4, 7, 6, 5)( 8, 9,10,11,12,13,14), 
      ( 1,70,20,10,63,50, 7,16,41,28,11,71,21,37, 2,51,29,17,42,60,12, 4,52,
         38, 3,77,30,18, 5,61,13,26,53,39,19, 9,31,49, 6,62,40,27)
        ( 8,82,47,33,81,73,25,43,68,56,34,83,48,64,14,74,57,44,69,78,35,22,75,
         65,15,84,58,45,23,79,36,54,76,66,46,32,59,72,24,80,67,55) ], 
  [ ( 1, 2, 3)( 4, 5, 6, 7)( 8,13,11, 9,14,12,10), 
      ( 1,78, 2,66, 5,73)( 3,72, 6,56,11,65)( 4,67, 9,48,16,58)
        ( 7,64,12,45,19,55)( 8,60,14,39,23,50)(10,57,17,36,26,47)
        (13,54,20,33,29,44)(15,49,24,28,34,38)(18,46,27,25,37,35)
        (21,43,30,22,40,32)(31,84,41,80,52,83)(42,82,53,74,63,79)
        (51,81,61,69,70,76)(59,77,68,62,75,71) ], 
  [ ( 1, 2, 3)( 4, 7, 6, 5)( 8,13,11, 9,14,12,10), 
      ( 1,60, 6,51,19,71,13,16,30,10,52,27,42,49, 2,39,11,61, 7,77,20, 4,40,
         17,31,37,53,28, 5,50, 3,70,12,62,29, 9,21,26,41,18,63,38)
        ( 8,78,24,74,46,83,36,43,58,33,75,55,69,72,14,66,34,79,25,84,47,22,67,
         44,59,64,76,56,23,73,15,82,35,80,57,32,48,54,68,45,81,65) ], 
  [ ( 1, 2, 3)( 4, 5, 6, 7)( 8,10,12,14, 9,11,13), 
      ( 1,72, 2,56, 5,65)( 3,64, 6,45,11,55)( 4,57, 9,36,16,47)
        ( 7,54,12,33,19,44)( 8,49,14,28,23,38)(10,46,17,25,26,35)
        (13,43,20,22,29,32)(15,37,24,18,34,27)(21,84,30,80,40,83)
        (31,82,41,74,52,79)(39,81,50,69,60,76)(42,78,53,66,63,73)
        (48,77,58,62,67,71)(51,75,61,59,70,68) ], 
  [ ( 1, 2, 3)( 4, 7, 6, 5)( 8,10,12,14, 9,11,13), 
      ( 1,49,53,18,52,17,21,16,20,62,19,61, 3,60, 2,28,63,27,31,26,30, 4,29,
         71, 7,70, 6,39, 5,38,42,37,41,10,40, 9,13,77,12,51,11,50)
        ( 8,72,76,45,75,44,48,43,47,80,46,79,15,78,14,56,81,55,59,54,58,22,57,
         83,25,82,24,66,23,65,69,64,68,33,67,32,36,84,35,74,34,73) ], 
  [ ( 1, 2, 3)( 4, 5, 6, 7)( 8,14,13,12,11,10, 9), 
      ( 1,64, 2,45, 5,55)( 3,54, 6,33,11,44)( 4,46, 9,25,16,35)
        ( 7,43,12,22,19,32)( 8,37,14,18,23,27)(10,34,17,15,26,24)
        (13,84,20,80,29,83)(21,82,30,74,40,79)(28,81,38,69,49,76)
        (31,78,41,66,52,73)(36,77,47,62,57,71)(39,75,50,59,60,68)
        (42,72,53,56,63,65)(48,70,58,51,67,61) ], 
  [ ( 1, 2, 3)( 4, 7, 6, 5)( 8,14,13,12,11,10, 9), 
      ( 1,37,30,62,11,38,31,16,12,39,63,17,13,70, 2,18,40,71, 3,49,41, 4,19,
         50,42,26,20,51, 5,27,21,77, 6,28,52, 9, 7,60,53,10,29,61)
        ( 8,64,58,80,34,65,59,43,35,66,81,44,36,82,14,45,67,83,15,72,68,22,46,
         73,69,54,47,74,23,55,48,84,24,56,75,32,25,78,76,33,57,79) ], 
  [ ( 1, 2, 3)( 4, 5, 6, 7)( 8,11,14,10,13, 9,12), 
      ( 1,54, 2,33, 5,44)( 3,43, 6,22,11,32)( 4,34, 9,15,16,24)
        ( 7,84,12,80,19,83)( 8,26,14,10,23,17)(13,82,20,74,29,79)
        (18,81,27,69,37,76)(21,78,30,66,40,73)(25,77,35,62,46,71)
        (28,75,38,59,49,68)(31,72,41,56,52,65)(36,70,47,51,57,61)
        (39,67,50,48,60,58)(42,64,53,45,63,55) ], 
  [ ( 1, 2, 3)( 4, 7, 6, 5)( 8,11,14,10,13, 9,12), 
      ( 1,26,12,28,40,61,42,16, 6,18,29,50,31,77, 2,10,19,38,21,70,53, 4,11,
         27,13,60,41,62, 5,17, 7,49,30,51,63, 9, 3,37,20,39,52,71)
        ( 8,54,35,56,67,79,69,43,24,45,57,73,59,84,14,33,46,65,48,82,76,22,34,
         55,36,78,68,80,23,44,25,72,58,74,81,32,15,64,47,66,75,83) ], 
  [ (1,3,2)(4,5,6,7), ( 1,32, 5,22, 2,43)( 3,83,11,80, 6,84)( 4,14,16, 8, 9,23
         )( 7,79,19,74,12,82)(10,76,26,69,17,81)(13,73,29,66,20,78)
        (15,71,34,62,24,77)(18,68,37,59,27,75)(21,65,40,56,30,72)
        (25,61,46,51,35,70)(28,58,49,48,38,67)(31,55,52,45,41,64)
        (33,53,54,42,44,63)(36,50,57,39,47,60) ], 
  [ (1,3,2)(4,7,6,5), ( 1, 9, 5, 4, 2,16)( 3,17,11,10, 6,26)( 7,27,19,18,12,37
         )( 8,32,23,22,14,43)(13,38,29,28,20,49)(15,44,34,33,24,54)
        (21,50,40,39,30,60)(25,55,46,45,35,64)(31,61,52,51,41,70)
        (36,65,57,56,47,72)(42,71,63,62,53,77)(48,73,67,66,58,78)
        (59,79,75,74,68,82)(69,83,81,80,76,84) ], 
  [ ( 1, 3, 2)( 4, 5, 6, 7)( 8,12, 9,13,10,14,11), 
      ( 1,83, 5,80, 2,84)( 3,79,11,74, 6,82)( 4,76,16,69, 9,81)
        ( 7,73,19,66,12,78)( 8,71,23,62,14,77)(10,68,26,59,17,75)
        (13,65,29,56,20,72)(15,61,34,51,24,70)(18,58,37,48,27,67)
        (21,55,40,45,30,64)(22,53,43,42,32,63)(25,50,46,39,35,60)
        (28,47,49,36,38,57)(31,44,52,33,41,54) ], 
  [ ( 1, 3, 2)( 4, 7, 6, 5)( 8,12, 9,13,10,14,11), 
      ( 1,71,52,39,20,37, 3, 9,63,51,30,49, 7,17, 5,62,41,60,13,27,11, 4,53,
         70,21,38,19,10, 2,77,31,50,29,18, 6,16,42,61,40,28,12,26)
        ( 8,83,75,66,47,64,15,32,81,74,58,72,25,44,23,80,68,78,36,55,34,22,76,
         82,48,65,46,33,14,84,59,73,57,45,24,43,69,79,67,56,35,54) ], 
  [ ( 1, 3, 2)( 4, 5, 6, 7)( 8, 9,10,11,12,13,14), 
      ( 1,79, 5,74, 2,82)( 3,73,11,66, 6,78)( 4,68,16,59, 9,75)
        ( 7,65,19,56,12,72)( 8,61,23,51,14,70)(10,58,26,48,17,67)
        (13,55,29,45,20,64)(15,50,34,39,24,60)(18,47,37,36,27,57)
        (21,44,40,33,30,54)(22,41,43,31,32,52)(25,38,46,28,35,49)
        (42,83,63,80,53,84)(62,76,77,69,71,81) ], 
  [ ( 1, 3, 2)( 4, 7, 6, 5)( 8, 9,10,11,12,13,14), 
      ( 1,61,29,10,53,60, 7, 9,52,28, 6,77,21,27, 5,51,20,26,42,50,19, 4,41,
         49, 3,71,40,18, 2,70,13,17,63,39,12,16,31,38,11,62,30,37)
        ( 8,79,57,33,76,78,25,32,75,56,24,84,48,55,23,74,47,54,69,73,46,22,68,
         72,15,83,67,45,14,82,36,44,81,66,35,43,59,65,34,80,58,64) ], 
  [ ( 1, 3, 2)( 4, 5, 6, 7)( 8,13,11, 9,14,12,10), 
      ( 1,73, 5,66, 2,78)( 3,65,11,56, 6,72)( 4,58,16,48, 9,67)
        ( 7,55,19,45,12,64)( 8,50,23,39,14,60)(10,47,26,36,17,57)
        (13,44,29,33,20,54)(15,38,34,28,24,49)(18,35,37,25,27,46)
        (21,32,40,22,30,43)(31,83,52,80,41,84)(42,79,63,74,53,82)
        (51,76,70,69,61,81)(59,71,75,62,68,77) ], 
  [ ( 1, 3, 2)( 4, 7, 6, 5)( 8,13,11, 9,14,12,10), 
      ( 1,50,11,51,12,77,13, 9,40,10,41,37,42,38, 5,39, 6,70, 7,71,29, 4,30,
         26,31,27,63,28, 2,60, 3,61,19,62,20,16,21,17,52,18,53,49)
        ( 8,73,34,74,35,84,36,32,67,33,68,64,69,65,23,66,24,82,25,83,57,22,58,
         54,59,55,81,56,14,78,15,79,46,80,47,43,48,44,75,45,76,72) ], 
  [ ( 1, 3, 2)( 4, 5, 6, 7)( 8,10,12,14, 9,11,13), 
      ( 1,65, 5,56, 2,72)( 3,55,11,45, 6,64)( 4,47,16,36, 9,57)
        ( 7,44,19,33,12,54)( 8,38,23,28,14,49)(10,35,26,25,17,46)
        (13,32,29,22,20,43)(15,27,34,18,24,37)(21,83,40,80,30,84)
        (31,79,52,74,41,82)(39,76,60,69,50,81)(42,73,63,66,53,78)
        (48,71,67,62,58,77)(51,68,70,59,61,75) ], 
  [ ( 1, 3, 2)( 4, 7, 6, 5)( 8,10,12,14, 9,11,13), 
      ( 1,38,63,18,41,26,21, 9,29,62,12,70, 3,50, 5,28,53,37,31,17,40, 4,20,
         77, 7,61,11,39, 2,49,42,27,52,10,30,16,13,71,19,51, 6,60)
        ( 8,65,81,45,68,54,48,32,57,80,35,82,15,73,23,56,76,64,59,44,67,22,47,
         84,25,79,34,66,14,72,69,55,75,33,58,43,36,83,46,74,24,78) ], 
  [ ( 1, 3, 2)( 4, 5, 6, 7)( 8,14,13,12,11,10, 9), 
      ( 1,55, 5,45, 2,64)( 3,44,11,33, 6,54)( 4,35,16,25, 9,46)
        ( 7,32,19,22,12,43)( 8,27,23,18,14,37)(10,24,26,15,17,34)
        (13,83,29,80,20,84)(21,79,40,74,30,82)(28,76,49,69,38,81)
        (31,73,52,66,41,78)(36,71,57,62,47,77)(39,68,60,59,50,75)
        (42,65,63,56,53,72)(48,61,67,51,58,70) ], 
  [ ( 1, 3, 2)( 4, 7, 6, 5)( 8,14,13,12,11,10, 9), 
      ( 1,27,40,62, 6,49,31, 9,19,39,53,26,13,61, 5,18,30,77, 3,38,52, 4,12,
         60,42,17,29,51, 2,37,21,71,11,28,41,16, 7,50,63,10,20,70)
        ( 8,55,67,80,24,72,59,32,46,66,76,54,36,79,23,45,58,84,15,65,75,22,35,
         78,69,44,57,74,14,64,48,83,34,56,68,43,25,73,81,33,47,82) ], 
  [ ( 1, 3, 2)( 4, 5, 6, 7)( 8,11,14,10,13, 9,12), 
      ( 1,44, 5,33, 2,54)( 3,32,11,22, 6,43)( 4,24,16,15, 9,34)
        ( 7,83,19,80,12,84)( 8,17,23,10,14,26)(13,79,29,74,20,82)
        (18,76,37,69,27,81)(21,73,40,66,30,78)(25,71,46,62,35,77)
        (28,68,49,59,38,75)(31,65,52,56,41,72)(36,61,57,51,47,70)
        (39,58,60,48,50,67)(42,55,63,45,53,64) ], 
  [ ( 1, 3, 2)( 4, 7, 6, 5)( 8,11,14,10,13, 9,12), 
      ( 1,17,19,28,30,70,42, 9,11,18,20,60,31,71, 5,10,12,49,21,61,63, 4, 6,
         37,13,50,52,62, 2,26, 7,38,40,51,53,16, 3,27,29,39,41,77)
        ( 8,44,46,56,58,82,69,32,34,45,47,78,59,83,23,33,35,72,48,79,81,22,24,
         64,36,73,75,80,14,54,25,65,67,74,76,43,15,55,57,66,68,84) ] ]
);

BRACES[84].brace[2] := rec ( size := 84, perms :=
[ [ (), () ], 
  [ (4,6)(5,7), ( 1, 3)( 2, 7)( 4, 9)( 5,11)( 6,13)( 8,17)(10,19)(12,21)
        (14,23)(15,25)(16,27)(18,29)(20,31)(22,34)(24,36)(26,38)(28,40)(30,42)
        (32,44)(33,46)(35,48)(37,50)(39,52)(41,53)(43,55)(45,57)(47,59)(49,61)
        (51,63)(54,65)(56,67)(58,69)(60,70)(62,71)(64,73)(66,75)(68,77)(72,79)
        (74,80)(76,81)(78,83)(82,84) ], 
  [ ( 8,12, 9,13,10,14,11), ( 1,41,30,20,12, 6, 2)( 3,53,42,31,21,13, 7)
        ( 4,60,49,37,26,16, 8)( 5,62,51,39,28,18,10)( 9,70,61,50,38,27,17)
        (11,71,63,52,40,29,19)(14,74,66,56,45,33,22)(15,76,68,58,47,35,24)
        (23,80,75,67,57,46,34)(25,81,77,69,59,48,36)(32,82,78,72,64,54,43)
        (44,84,83,79,73,65,55) ], 
  [ ( 4, 6)( 5, 7)( 8,12, 9,13,10,14,11), 
      ( 1,53,30,31,12,13, 2, 3,41,42,20,21, 6, 7)( 4,70,49,50,26,27, 8, 9,60,
         61,37,38,16,17)( 5,71,51,52,28,29,10,11,62,63,39,40,18,19)
        (14,80,66,67,45,46,22,23,74,75,56,57,33,34)(15,81,68,69,47,48,24,25,
         76,77,58,59,35,36)(32,84,78,79,64,65,43,44,82,83,72,73,54,55) ], 
  [ ( 8, 9,10,11,12,13,14), ( 1,30,12, 2,41,20, 6)( 3,42,21, 7,53,31,13)
        ( 4,49,26, 8,60,37,16)( 5,51,28,10,62,39,18)( 9,61,38,17,70,50,27)
        (11,63,40,19,71,52,29)(14,66,45,22,74,56,33)(15,68,47,24,76,58,35)
        (23,75,57,34,80,67,46)(25,77,59,36,81,69,48)(32,78,64,43,82,72,54)
        (44,83,73,55,84,79,65) ], 
  [ ( 4, 6)( 5, 7)( 8, 9,10,11,12,13,14), 
      ( 1,42,12, 7,41,31, 6, 3,30,21, 2,53,20,13)( 4,61,26,17,60,50,16, 9,49,
         38, 8,70,37,27)( 5,63,28,19,62,52,18,11,51,40,10,71,39,29)
        (14,75,45,34,74,67,33,23,66,57,22,80,56,46)(15,77,47,36,76,69,35,25,
         68,59,24,81,58,48)(32,83,64,55,82,79,54,44,78,73,43,84,72,65) ], 
  [ ( 8,13,11, 9,14,12,10), ( 1,20, 2,30, 6,41,12)( 3,31, 7,42,13,53,21)
        ( 4,37, 8,49,16,60,26)( 5,39,10,51,18,62,28)( 9,50,17,61,27,70,38)
        (11,52,19,63,29,71,40)(14,56,22,66,33,74,45)(15,58,24,68,35,76,47)
        (23,67,34,75,46,80,57)(25,69,36,77,48,81,59)(32,72,43,78,54,82,64)
        (44,79,55,83,65,84,73) ], 
  [ ( 4, 6)( 5, 7)( 8,13,11, 9,14,12,10), 
      ( 1,31, 2,42, 6,53,12, 3,20, 7,30,13,41,21)( 4,50, 8,61,16,70,26, 9,37,
         17,49,27,60,38)( 5,52,10,63,18,71,28,11,39,19,51,29,62,40)
        (14,67,22,75,33,80,45,23,56,34,66,46,74,57)(15,69,24,77,35,81,47,25,
         58,36,68,48,76,59)(32,79,43,83,54,84,64,44,72,55,78,65,82,73) ], 
  [ ( 8,10,12,14, 9,11,13), ( 1,12,41, 6,30, 2,20)( 3,21,53,13,42, 7,31)
        ( 4,26,60,16,49, 8,37)( 5,28,62,18,51,10,39)( 9,38,70,27,61,17,50)
        (11,40,71,29,63,19,52)(14,45,74,33,66,22,56)(15,47,76,35,68,24,58)
        (23,57,80,46,75,34,67)(25,59,81,48,77,36,69)(32,64,82,54,78,43,72)
        (44,73,84,65,83,55,79) ], 
  [ ( 4, 6)( 5, 7)( 8,10,12,14, 9,11,13), 
      ( 1,21,41,13,30, 7,20, 3,12,53, 6,42, 2,31)( 4,38,60,27,49,17,37, 9,26,
         70,16,61, 8,50)( 5,40,62,29,51,19,39,11,28,71,18,63,10,52)
        (14,57,74,46,66,34,56,23,45,80,33,75,22,67)(15,59,76,48,68,36,58,25,
         47,81,35,77,24,69)(32,73,82,65,78,55,72,44,64,84,54,83,43,79) ], 
  [ ( 8,14,13,12,11,10, 9), ( 1, 6,20,41, 2,12,30)( 3,13,31,53, 7,21,42)
        ( 4,16,37,60, 8,26,49)( 5,18,39,62,10,28,51)( 9,27,50,70,17,38,61)
        (11,29,52,71,19,40,63)(14,33,56,74,22,45,66)(15,35,58,76,24,47,68)
        (23,46,67,80,34,57,75)(25,48,69,81,36,59,77)(32,54,72,82,43,64,78)
        (44,65,79,84,55,73,83) ], 
  [ ( 4, 6)( 5, 7)( 8,14,13,12,11,10, 9), 
      ( 1,13,20,53, 2,21,30, 3, 6,31,41, 7,12,42)( 4,27,37,70, 8,38,49, 9,16,
         50,60,17,26,61)( 5,29,39,71,10,40,51,11,18,52,62,19,28,63)
        (14,46,56,80,22,57,66,23,33,67,74,34,45,75)(15,48,58,81,24,59,68,25,
         35,69,76,36,47,77)(32,65,72,84,43,73,78,44,54,79,82,55,64,83) ], 
  [ ( 8,11,14,10,13, 9,12), ( 1, 2, 6,12,20,30,41)( 3, 7,13,21,31,42,53)
        ( 4, 8,16,26,37,49,60)( 5,10,18,28,39,51,62)( 9,17,27,38,50,61,70)
        (11,19,29,40,52,63,71)(14,22,33,45,56,66,74)(15,24,35,47,58,68,76)
        (23,34,46,57,67,75,80)(25,36,48,59,69,77,81)(32,43,54,64,72,78,82)
        (44,55,65,73,79,83,84) ], 
  [ ( 4, 6)( 5, 7)( 8,11,14,10,13, 9,12), 
      ( 1, 7, 6,21,20,42,41, 3, 2,13,12,31,30,53)( 4,17,16,38,37,61,60, 9, 8,
         27,26,50,49,70)( 5,19,18,40,39,63,62,11,10,29,28,52,51,71)
        (14,34,33,57,56,75,74,23,22,46,45,67,66,80)(15,36,35,59,58,77,76,25,
         24,48,47,69,68,81)(32,55,54,73,72,83,82,44,43,65,64,79,78,84) ], 
  [ (1,2,3), ( 1,14, 4)( 2,56,16)( 3,23, 9)( 5,32,15)( 6,22,37)( 7,67,27)
        ( 8,20,33)(10,72,35)(11,44,25)(12,66,60)(13,34,50)(17,31,46)(18,43,58)
        (19,79,48)(21,75,70)(24,39,54)(26,30,74)(28,78,76)(29,55,69)(36,52,65)
        (38,42,80)(40,83,81)(41,45,49)(47,51,82)(53,57,61)(59,63,84)(62,64,68)
        (71,73,77) ], 
  [ (1,2,3)(4,6)(5,7), ( 1,23, 4, 3,14, 9)( 2,67,16, 7,56,27)( 5,44,15,11,32,
         25)( 6,34,37,13,22,50)( 8,31,33,17,20,46)(10,79,35,19,72,48)
        (12,75,60,21,66,70)(18,55,58,29,43,69)(24,52,54,36,39,65)
        (26,42,74,38,30,80)(28,83,76,40,78,81)(41,57,49,53,45,61)
        (47,63,82,59,51,84)(62,73,68,71,64,77) ], 
  [ ( 1, 2, 3)( 8,12, 9,13,10,14,11), ( 1,74,16)( 2,45,37)( 3,80,27)( 4,41,33)
        ( 5,82,35)( 6,14,60)( 7,57,50)( 8,12,56)( 9,53,46)(10,64,58)(11,84,48)
        (13,23,70)(15,62,54)(17,21,67)(18,32,76)(19,73,69)(20,22,26)(24,28,72)
        (25,71,65)(29,44,81)(30,66,49)(31,34,38)(36,40,79)(39,43,47)(42,75,61)
        (51,78,68)(52,55,59)(63,83,77) ], 
  [ ( 1, 2, 3)( 4, 6)( 5, 7)( 8,12, 9,13,10,14,11), 
      ( 1,80,16, 3,74,27)( 2,57,37, 7,45,50)( 4,53,33, 9,41,46)
        ( 5,84,35,11,82,48)( 6,23,60,13,14,70)( 8,21,56,17,12,67)
        (10,73,58,19,64,69)(15,71,54,25,62,65)(18,44,76,29,32,81)
        (20,34,26,31,22,38)(24,40,72,36,28,79)(30,75,49,42,66,61)
        (39,55,47,52,43,59)(51,83,68,63,78,77) ], 
  [ ( 1, 2, 3)( 8, 9,10,11,12,13,14), ( 1,66,37)( 2,33,60)( 3,75,50)( 4,30,56)
        ( 5,78,58)( 6,74, 8)( 7,46,70)( 9,42,67)(10,54,76)(11,83,69)(12,45,26)
        (13,80,17)(14,49,20)(15,51,72)(16,41,22)(18,82,24)(19,65,81)(21,57,38)
        (23,61,31)(25,63,79)(27,53,34)(28,64,47)(29,84,36)(32,68,39)(35,62,43)
        (40,73,59)(44,77,52)(48,71,55) ], 
  [ ( 1, 2, 3)( 4, 6)( 5, 7)( 8, 9,10,11,12,13,14), 
      ( 1,75,37, 3,66,50)( 2,46,60, 7,33,70)( 4,42,56, 9,30,67)
        ( 5,83,58,11,78,69)( 6,80, 8,13,74,17)(10,65,76,19,54,81)
        (12,57,26,21,45,38)(14,61,20,23,49,31)(15,63,72,25,51,79)
        (16,53,22,27,41,34)(18,84,24,29,82,36)(28,73,47,40,64,59)
        (32,77,39,44,68,52)(35,71,43,48,62,55) ], 
  [ ( 1, 2, 3)( 8,13,11, 9,14,12,10), ( 1,56,60)( 2,22, 8)( 3,67,70)( 4,20,74)
        ( 5,72,76)( 6,66,26)( 7,34,17)( 9,31,80)(10,43,24)(11,79,81)(12,33,49)
        (13,75,38)(14,37,41)(15,39,82)(16,30,45)(18,78,47)(19,55,36)(21,46,61)
        (23,50,53)(25,52,84)(27,42,57)(28,54,68)(29,83,59)(32,58,62)(35,51,64)
        (40,65,77)(44,69,71)(48,63,73) ], 
  [ ( 1, 2, 3)( 4, 6)( 5, 7)( 8,13,11, 9,14,12,10), 
      ( 1,67,60, 3,56,70)( 2,34, 8, 7,22,17)( 4,31,74, 9,20,80)
        ( 5,79,76,11,72,81)( 6,75,26,13,66,38)(10,55,24,19,43,36)
        (12,46,49,21,33,61)(14,50,41,23,37,53)(15,52,82,25,39,84)
        (16,42,45,27,30,57)(18,83,47,29,78,59)(28,65,68,40,54,77)
        (32,69,62,44,58,71)(35,63,64,48,51,73) ], 
  [ ( 1, 2, 3)( 8,10,12,14, 9,11,13), ( 1,45, 8)( 2,14,26)( 3,57,17)( 4,12,22)
        ( 5,64,24)( 6,56,49)( 7,23,38)( 9,21,34)(10,32,47)(11,73,36)(13,67,61)
        (15,28,43)(16,20,66)(18,72,68)(19,44,59)(25,40,55)(27,31,75)(29,79,77)
        (30,33,37)(35,39,78)(41,74,60)(42,46,50)(48,52,83)(51,54,58)(53,80,70)
        (62,82,76)(63,65,69)(71,84,81) ], 
  [ ( 1, 2, 3)( 4, 6)( 5, 7)( 8,10,12,14, 9,11,13), 
      ( 1,57, 8, 3,45,17)( 2,23,26, 7,14,38)( 4,21,22, 9,12,34)
        ( 5,73,24,11,64,36)( 6,67,49,13,56,61)(10,44,47,19,32,59)
        (15,40,43,25,28,55)(16,31,66,27,20,75)(18,79,68,29,72,77)
        (30,46,37,42,33,50)(35,52,78,48,39,83)(41,80,60,53,74,70)
        (51,65,58,63,54,69)(62,84,76,71,82,81) ], 
  [ ( 1, 2, 3)( 8,14,13,12,11,10, 9), ( 1,33,26)( 2,74,49)( 3,46,38)( 4, 6,45)
        ( 5,54,47)( 7,80,61)( 8,41,66)( 9,13,57)(10,82,68)(11,65,59)(12,14,16)
        (15,18,64)(17,53,75)(19,84,77)(20,56,37)(21,23,27)(22,60,30)(24,62,78)
        (25,29,73)(28,32,35)(31,67,50)(34,70,42)(36,71,83)(39,72,58)(40,44,48)
        (43,76,51)(52,79,69)(55,81,63) ], 
  [ ( 1, 2, 3)( 4, 6)( 5, 7)( 8,14,13,12,11,10, 9), 
      ( 1,46,26, 3,33,38)( 2,80,49, 7,74,61)( 4,13,45, 9, 6,57)
        ( 5,65,47,11,54,59)( 8,53,66,17,41,75)(10,84,68,19,82,77)
        (12,23,16,21,14,27)(15,29,64,25,18,73)(20,67,37,31,56,50)
        (22,70,30,34,60,42)(24,71,78,36,62,83)(28,44,35,40,32,48)
        (39,79,58,52,72,69)(43,81,51,55,76,63) ], 
  [ ( 1, 2, 3)( 8,11,14,10,13, 9,12), ( 1,22,49)( 2,66, 4)( 3,34,61)( 5,43,68)
        ( 6,33,16)( 7,75, 9)( 8,30,14)(10,78,15)(11,55,77)(12,74,37)(13,46,27)
        (17,42,23)(18,54,35)(19,83,25)(20,45,60)(21,80,50)(24,51,32)(26,41,56)
        (28,82,58)(29,65,48)(31,57,70)(36,63,44)(38,53,67)(39,64,76)(40,84,69)
        (47,62,72)(52,73,81)(59,71,79) ], 
  [ ( 1, 2, 3)( 4, 6)( 5, 7)( 8,11,14,10,13, 9,12), 
      ( 1,34,49, 3,22,61)( 2,75, 4, 7,66, 9)( 5,55,68,11,43,77)
        ( 6,46,16,13,33,27)( 8,42,14,17,30,23)(10,83,15,19,78,25)
        (12,80,37,21,74,50)(18,65,35,29,54,48)(20,57,60,31,45,70)
        (24,63,32,36,51,44)(26,53,56,38,41,67)(28,84,58,40,82,69)
        (39,73,76,52,64,81)(47,71,72,59,62,79) ], 
  [ (1,3,2), ( 1, 4,14)( 2,16,56)( 3, 9,23)( 5,15,32)( 6,37,22)( 7,27,67)
        ( 8,33,20)(10,35,72)(11,25,44)(12,60,66)(13,50,34)(17,46,31)(18,58,43)
        (19,48,79)(21,70,75)(24,54,39)(26,74,30)(28,76,78)(29,69,55)(36,65,52)
        (38,80,42)(40,81,83)(41,49,45)(47,82,51)(53,61,57)(59,84,63)(62,68,64)
        (71,77,73) ], 
  [ (1,3,2)(4,6)(5,7), ( 1, 9,14, 3, 4,23)( 2,27,56, 7,16,67)( 5,25,32,11,15,
         44)( 6,50,22,13,37,34)( 8,46,20,17,33,31)(10,48,72,19,35,79)
        (12,70,66,21,60,75)(18,69,43,29,58,55)(24,65,39,36,54,52)
        (26,80,30,38,74,42)(28,81,78,40,76,83)(41,61,45,53,49,57)
        (47,84,51,59,82,63)(62,77,64,71,68,73) ], 
  [ ( 1, 3, 2)( 8,12, 9,13,10,14,11), ( 1,60,56)( 2, 8,22)( 3,70,67)( 4,74,20)
        ( 5,76,72)( 6,26,66)( 7,17,34)( 9,80,31)(10,24,43)(11,81,79)(12,49,33)
        (13,38,75)(14,41,37)(15,82,39)(16,45,30)(18,47,78)(19,36,55)(21,61,46)
        (23,53,50)(25,84,52)(27,57,42)(28,68,54)(29,59,83)(32,62,58)(35,64,51)
        (40,77,65)(44,71,69)(48,73,63) ], 
  [ ( 1, 3, 2)( 4, 6)( 5, 7)( 8,12, 9,13,10,14,11), 
      ( 1,70,56, 3,60,67)( 2,17,22, 7, 8,34)( 4,80,20, 9,74,31)
