## size 100
BRACES[100] := rec( total := -1, implemented := 51, size := 
100, brace := [] );
BRACES[100].brace[1] := rec ( size := 100, perms :=
[ [ (), () ], 
  [ ( 5,25,20,15,10)( 6,26,21,16,11)( 7,27,22,17,12)( 8,28,23,18,13)
        ( 9,29,24,19,14), ( 5,20,10,25,15)( 6,21,11,26,16)( 7,22,12,27,17)
        ( 8,23,13,28,18)( 9,24,14,29,19) ], 
  [ ( 5,20,10,25,15)( 6,21,11,26,16)( 7,22,12,27,17)( 8,23,13,28,18)
        ( 9,24,14,29,19), ( 5,10,15,20,25)( 6,11,16,21,26)( 7,12,17,22,27)
        ( 8,13,18,23,28)( 9,14,19,24,29) ], 
  [ ( 5,15,25,10,20)( 6,16,26,11,21)( 7,17,27,12,22)( 8,18,28,13,23)
        ( 9,19,29,14,24), ( 5,25,20,15,10)( 6,26,21,16,11)( 7,27,22,17,12)
        ( 8,28,23,18,13)( 9,29,24,19,14) ], 
  [ ( 5,10,15,20,25)( 6,11,16,21,26)( 7,12,17,22,27)( 8,13,18,23,28)
        ( 9,14,19,24,29), ( 5,15,25,10,20)( 6,16,26,11,21)( 7,17,27,12,22)
        ( 8,18,28,13,23)( 9,19,29,14,24) ], [ (1,3)(2,4), (1,2) ], 
  [ ( 1, 3)( 2, 4)( 5,25,20,15,10)( 6,26,21,16,11)( 7,27,22,17,12)
        ( 8,28,23,18,13)( 9,29,24,19,14), 
      ( 1, 2)( 5,20,10,25,15)( 6,21,11,26,16)( 7,22,12,27,17)( 8,23,13,28,18)
        ( 9,24,14,29,19) ], 
  [ ( 1, 3)( 2, 4)( 5,20,10,25,15)( 6,21,11,26,16)( 7,22,12,27,17)
        ( 8,23,13,28,18)( 9,24,14,29,19), 
      ( 1, 2)( 5,10,15,20,25)( 6,11,16,21,26)( 7,12,17,22,27)( 8,13,18,23,28)
        ( 9,14,19,24,29) ], 
  [ ( 1, 3)( 2, 4)( 5,15,25,10,20)( 6,16,26,11,21)( 7,17,27,12,22)
        ( 8,18,28,13,23)( 9,19,29,14,24), 
      ( 1, 2)( 5,25,20,15,10)( 6,26,21,16,11)( 7,27,22,17,12)( 8,28,23,18,13)
        ( 9,29,24,19,14) ], 
  [ ( 1, 3)( 2, 4)( 5,10,15,20,25)( 6,11,16,21,26)( 7,12,17,22,27)
        ( 8,13,18,23,28)( 9,14,19,24,29), 
      ( 1, 2)( 5,15,25,10,20)( 6,16,26,11,21)( 7,17,27,12,22)( 8,18,28,13,23)
        ( 9,19,29,14,24) ], 
  [ ( 5,29,28,27,26,25,24,23,22,21,20,19,18,17,16,15,14,13,12,11,10, 9, 8, 7,
          6), ( 5, 8,11,14,17,20,23,26,29, 7,10,13,16,19,22,25,28, 6, 9,12,15,
         18,21,24,27) ], 
  [ ( 5,24,18,12, 6,25,19,13, 7,26,20,14, 8,27,21,15, 9,28,22,16,10,29,23,17,
         11), ( 5,23,16, 9,27,20,13, 6,24,17,10,28,21,14, 7,25,18,11,29,22,15,
         8,26,19,12) ], 
  [ ( 5,19, 8,22,11,25,14,28,17, 6,20, 9,23,12,26,15,29,18, 7,21,10,24,13,27,
         16), ( 5,13,21,29,12,20,28,11,19,27,10,18,26, 9,17,25, 8,16,24, 7,15,
         23, 6,14,22) ], 
  [ ( 5,14,23, 7,16,25, 9,18,27,11,20,29,13,22, 6,15,24, 8,17,26,10,19,28,12,
         21), ( 5,28,26,24,22,20,18,16,14,12,10, 8, 6,29,27,25,23,21,19,17,15,
         13,11, 9, 7) ], 
  [ ( 5, 9,13,17,21,25,29, 8,12,16,20,24,28, 7,11,15,19,23,27, 6,10,14,18,22,
         26), ( 5,18, 6,19, 7,20, 8,21, 9,22,10,23,11,24,12,25,13,26,14,27,15,
         28,16,29,17) ], 
  [ ( 1, 3)( 2, 4)( 5,29,28,27,26,25,24,23,22,21,20,19,18,17,16,15,14,13,12,
         11,10, 9, 8, 7, 6), 
      ( 1, 2)( 5, 8,11,14,17,20,23,26,29, 7,10,13,16,19,22,25,28, 6, 9,12,15,
         18,21,24,27) ], 
  [ ( 1, 3)( 2, 4)( 5,24,18,12, 6,25,19,13, 7,26,20,14, 8,27,21,15, 9,28,22,
         16,10,29,23,17,11), 
      ( 1, 2)( 5,23,16, 9,27,20,13, 6,24,17,10,28,21,14, 7,25,18,11,29,22,15,
          8,26,19,12) ], 
  [ ( 1, 3)( 2, 4)( 5,19, 8,22,11,25,14,28,17, 6,20, 9,23,12,26,15,29,18, 7,
         21,10,24,13,27,16), 
      ( 1, 2)( 5,13,21,29,12,20,28,11,19,27,10,18,26, 9,17,25, 8,16,24, 7,15,
         23, 6,14,22) ], 
  [ ( 1, 3)( 2, 4)( 5,14,23, 7,16,25, 9,18,27,11,20,29,13,22, 6,15,24, 8,17,
         26,10,19,28,12,21), 
      ( 1, 2)( 5,28,26,24,22,20,18,16,14,12,10, 8, 6,29,27,25,23,21,19,17,15,
         13,11, 9, 7) ], 
  [ ( 1, 3)( 2, 4)( 5, 9,13,17,21,25,29, 8,12,16,20,24,28, 7,11,15,19,23,27,
          6,10,14,18,22,26), 
      ( 1, 2)( 5,18, 6,19, 7,20, 8,21, 9,22,10,23,11,24,12,25,13,26,14,27,15,
         28,16,29,17) ], 
  [ ( 5,28,26,24,22,20,18,16,14,12,10, 8, 6,29,27,25,23,21,19,17,15,13,11, 9,
          7), ( 5,11,17,23,29,10,16,22,28, 9,15,21,27, 8,14,20,26, 7,13,19,25,
         6,12,18,24) ], 
  [ ( 5,23,16, 9,27,20,13, 6,24,17,10,28,21,14, 7,25,18,11,29,22,15, 8,26,19,
         12), ( 5,26,22,18,14,10, 6,27,23,19,15,11, 7,28,24,20,16,12, 8,29,25,
         21,17,13, 9) ], 
  [ ( 5,18, 6,19, 7,20, 8,21, 9,22,10,23,11,24,12,25,13,26,14,27,15,28,16,29,
         17), ( 5,16,27,13,24,10,21, 7,18,29,15,26,12,23, 9,20, 6,17,28,14,25,
         11,22, 8,19) ], 
  [ ( 5,13,21,29,12,20,28,11,19,27,10,18,26, 9,17,25, 8,16,24, 7,15,23, 6,14,
         22), ( 5, 6, 7, 8, 9,10,11,12,13,14,15,16,17,18,19,20,21,22,23,24,25,
         26,27,28,29) ], 
  [ ( 5, 8,11,14,17,20,23,26,29, 7,10,13,16,19,22,25,28, 6, 9,12,15,18,21,24,
         27), ( 5,21,12,28,19,10,26,17, 8,24,15, 6,22,13,29,20,11,27,18, 9,25,
         16, 7,23,14) ], 
  [ ( 1, 3)( 2, 4)( 5,28,26,24,22,20,18,16,14,12,10, 8, 6,29,27,25,23,21,19,
         17,15,13,11, 9, 7), 
      ( 1, 2)( 5,11,17,23,29,10,16,22,28, 9,15,21,27, 8,14,20,26, 7,13,19,25,
          6,12,18,24) ], 
  [ ( 1, 3)( 2, 4)( 5,23,16, 9,27,20,13, 6,24,17,10,28,21,14, 7,25,18,11,29,
         22,15, 8,26,19,12), 
      ( 1, 2)( 5,26,22,18,14,10, 6,27,23,19,15,11, 7,28,24,20,16,12, 8,29,25,
         21,17,13, 9) ], 
  [ ( 1, 3)( 2, 4)( 5,18, 6,19, 7,20, 8,21, 9,22,10,23,11,24,12,25,13,26,14,
         27,15,28,16,29,17), 
      ( 1, 2)( 5,16,27,13,24,10,21, 7,18,29,15,26,12,23, 9,20, 6,17,28,14,25,
         11,22, 8,19) ], 
  [ ( 1, 3)( 2, 4)( 5,13,21,29,12,20,28,11,19,27,10,18,26, 9,17,25, 8,16,24,
          7,15,23, 6,14,22), 
      ( 1, 2)( 5, 6, 7, 8, 9,10,11,12,13,14,15,16,17,18,19,20,21,22,23,24,25,
         26,27,28,29) ], 
  [ ( 1, 3)( 2, 4)( 5, 8,11,14,17,20,23,26,29, 7,10,13,16,19,22,25,28, 6, 9,
         12,15,18,21,24,27), 
      ( 1, 2)( 5,21,12,28,19,10,26,17, 8,24,15, 6,22,13,29,20,11,27,18, 9,25,
         16, 7,23,14) ], 
  [ ( 5,27,24,21,18,15,12, 9, 6,28,25,22,19,16,13,10, 7,29,26,23,20,17,14,11,
          8), ( 5,14,23, 7,16,25, 9,18,27,11,20,29,13,22, 6,15,24, 8,17,26,10,
         19,28,12,21) ], 
  [ ( 5,22,14, 6,23,15, 7,24,16, 8,25,17, 9,26,18,10,27,19,11,28,20,12,29,21,
         13), ( 5,29,28,27,26,25,24,23,22,21,20,19,18,17,16,15,14,13,12,11,10,
         9, 8, 7, 6) ], 
  [ ( 5,17,29,16,28,15,27,14,26,13,25,12,24,11,23,10,22, 9,21, 8,20, 7,19, 6,
         18), ( 5,19, 8,22,11,25,14,28,17, 6,20, 9,23,12,26,15,29,18, 7,21,10,
         24,13,27,16) ], 
  [ ( 5,12,19,26, 8,15,22,29,11,18,25, 7,14,21,28,10,17,24, 6,13,20,27, 9,16,
         23), ( 5, 9,13,17,21,25,29, 8,12,16,20,24,28, 7,11,15,19,23,27, 6,10,
         14,18,22,26) ], 
  [ ( 5, 7, 9,11,13,15,17,19,21,23,25,27,29, 6, 8,10,12,14,16,18,20,22,24,26,
         28), ( 5,24,18,12, 6,25,19,13, 7,26,20,14, 8,27,21,15, 9,28,22,16,10,
         29,23,17,11) ], 
  [ ( 1, 3)( 2, 4)( 5,27,24,21,18,15,12, 9, 6,28,25,22,19,16,13,10, 7,29,26,
         23,20,17,14,11, 8), 
      ( 1, 2)( 5,14,23, 7,16,25, 9,18,27,11,20,29,13,22, 6,15,24, 8,17,26,10,
         19,28,12,21) ], 
  [ ( 1, 3)( 2, 4)( 5,22,14, 6,23,15, 7,24,16, 8,25,17, 9,26,18,10,27,19,11,
         28,20,12,29,21,13), 
      ( 1, 2)( 5,29,28,27,26,25,24,23,22,21,20,19,18,17,16,15,14,13,12,11,10,
          9, 8, 7, 6) ], 
  [ ( 1, 3)( 2, 4)( 5,17,29,16,28,15,27,14,26,13,25,12,24,11,23,10,22, 9,21,
          8,20, 7,19, 6,18), 
      ( 1, 2)( 5,19, 8,22,11,25,14,28,17, 6,20, 9,23,12,26,15,29,18, 7,21,10,
         24,13,27,16) ], 
  [ ( 1, 3)( 2, 4)( 5,12,19,26, 8,15,22,29,11,18,25, 7,14,21,28,10,17,24, 6,
         13,20,27, 9,16,23), 
      ( 1, 2)( 5, 9,13,17,21,25,29, 8,12,16,20,24,28, 7,11,15,19,23,27, 6,10,
         14,18,22,26) ], 
  [ ( 1, 3)( 2, 4)( 5, 7, 9,11,13,15,17,19,21,23,25,27,29, 6, 8,10,12,14,16,
         18,20,22,24,26,28), 
      ( 1, 2)( 5,24,18,12, 6,25,19,13, 7,26,20,14, 8,27,21,15, 9,28,22,16,10,
         29,23,17,11) ], 
  [ ( 5,26,22,18,14,10, 6,27,23,19,15,11, 7,28,24,20,16,12, 8,29,25,21,17,13,
          9), ( 5,17,29,16,28,15,27,14,26,13,25,12,24,11,23,10,22, 9,21, 8,20,
         7,19, 6,18) ], 
  [ ( 5,21,12,28,19,10,26,17, 8,24,15, 6,22,13,29,20,11,27,18, 9,25,16, 7,23,
         14), ( 5, 7, 9,11,13,15,17,19,21,23,25,27,29, 6, 8,10,12,14,16,18,20,
         22,24,26,28) ], 
  [ ( 5,16,27,13,24,10,21, 7,18,29,15,26,12,23, 9,20, 6,17,28,14,25,11,22, 8,
         19), ( 5,22,14, 6,23,15, 7,24,16, 8,25,17, 9,26,18,10,27,19,11,28,20,
         12,29,21,13) ], 
  [ ( 5,11,17,23,29,10,16,22,28, 9,15,21,27, 8,14,20,26, 7,13,19,25, 6,12,18,
         24), ( 5,12,19,26, 8,15,22,29,11,18,25, 7,14,21,28,10,17,24, 6,13,20,
         27, 9,16,23) ], 
  [ ( 5, 6, 7, 8, 9,10,11,12,13,14,15,16,17,18,19,20,21,22,23,24,25,26,27,28,
         29), ( 5,27,24,21,18,15,12, 9, 6,28,25,22,19,16,13,10, 7,29,26,23,20,
         17,14,11, 8) ], 
  [ ( 1, 3)( 2, 4)( 5,26,22,18,14,10, 6,27,23,19,15,11, 7,28,24,20,16,12, 8,
         29,25,21,17,13, 9), 
      ( 1, 2)( 5,17,29,16,28,15,27,14,26,13,25,12,24,11,23,10,22, 9,21, 8,20,
          7,19, 6,18) ], 
  [ ( 1, 3)( 2, 4)( 5,21,12,28,19,10,26,17, 8,24,15, 6,22,13,29,20,11,27,18,
          9,25,16, 7,23,14), 
      ( 1, 2)( 5, 7, 9,11,13,15,17,19,21,23,25,27,29, 6, 8,10,12,14,16,18,20,
         22,24,26,28) ], 
  [ ( 1, 3)( 2, 4)( 5,16,27,13,24,10,21, 7,18,29,15,26,12,23, 9,20, 6,17,28,
         14,25,11,22, 8,19), 
      ( 1, 2)( 5,22,14, 6,23,15, 7,24,16, 8,25,17, 9,26,18,10,27,19,11,28,20,
         12,29,21,13) ], 
  [ ( 1, 3)( 2, 4)( 5,11,17,23,29,10,16,22,28, 9,15,21,27, 8,14,20,26, 7,13,
         19,25, 6,12,18,24), 
      ( 1, 2)( 5,12,19,26, 8,15,22,29,11,18,25, 7,14,21,28,10,17,24, 6,13,20,
         27, 9,16,23) ], 
  [ ( 1, 3)( 2, 4)( 5, 6, 7, 8, 9,10,11,12,13,14,15,16,17,18,19,20,21,22,23,
         24,25,26,27,28,29), 
      ( 1, 2)( 5,27,24,21,18,15,12, 9, 6,28,25,22,19,16,13,10, 7,29,26,23,20,
         17,14,11, 8) ], [ (1,2,3,4), (1,2)(3,4) ], 
  [ ( 1, 2, 3, 4)( 5,25,20,15,10)( 6,26,21,16,11)( 7,27,22,17,12)
        ( 8,28,23,18,13)( 9,29,24,19,14), 
      ( 1, 2)( 3, 4)( 5,20,10,25,15)( 6,21,11,26,16)( 7,22,12,27,17)
        ( 8,23,13,28,18)( 9,24,14,29,19) ], 
  [ ( 1, 2, 3, 4)( 5,20,10,25,15)( 6,21,11,26,16)( 7,22,12,27,17)
        ( 8,23,13,28,18)( 9,24,14,29,19), 
      ( 1, 2)( 3, 4)( 5,10,15,20,25)( 6,11,16,21,26)( 7,12,17,22,27)
        ( 8,13,18,23,28)( 9,14,19,24,29) ], 
  [ ( 1, 2, 3, 4)( 5,15,25,10,20)( 6,16,26,11,21)( 7,17,27,12,22)
        ( 8,18,28,13,23)( 9,19,29,14,24), 
      ( 1, 2)( 3, 4)( 5,25,20,15,10)( 6,26,21,16,11)( 7,27,22,17,12)
        ( 8,28,23,18,13)( 9,29,24,19,14) ], 
  [ ( 1, 2, 3, 4)( 5,10,15,20,25)( 6,11,16,21,26)( 7,12,17,22,27)
        ( 8,13,18,23,28)( 9,14,19,24,29), 
      ( 1, 2)( 3, 4)( 5,15,25,10,20)( 6,16,26,11,21)( 7,17,27,12,22)
        ( 8,18,28,13,23)( 9,19,29,14,24) ], [ (1,4,3,2), (3,4) ], 
  [ ( 1, 4, 3, 2)( 5,25,20,15,10)( 6,26,21,16,11)( 7,27,22,17,12)
        ( 8,28,23,18,13)( 9,29,24,19,14), 
      ( 3, 4)( 5,20,10,25,15)( 6,21,11,26,16)( 7,22,12,27,17)( 8,23,13,28,18)
        ( 9,24,14,29,19) ], 
  [ ( 1, 4, 3, 2)( 5,20,10,25,15)( 6,21,11,26,16)( 7,22,12,27,17)
        ( 8,23,13,28,18)( 9,24,14,29,19), 
      ( 3, 4)( 5,10,15,20,25)( 6,11,16,21,26)( 7,12,17,22,27)( 8,13,18,23,28)
        ( 9,14,19,24,29) ], 
  [ ( 1, 4, 3, 2)( 5,15,25,10,20)( 6,16,26,11,21)( 7,17,27,12,22)
        ( 8,18,28,13,23)( 9,19,29,14,24), 
      ( 3, 4)( 5,25,20,15,10)( 6,26,21,16,11)( 7,27,22,17,12)( 8,28,23,18,13)
        ( 9,29,24,19,14) ], 
  [ ( 1, 4, 3, 2)( 5,10,15,20,25)( 6,11,16,21,26)( 7,12,17,22,27)
        ( 8,13,18,23,28)( 9,14,19,24,29), 
      ( 3, 4)( 5,15,25,10,20)( 6,16,26,11,21)( 7,17,27,12,22)( 8,18,28,13,23)
        ( 9,19,29,14,24) ], 
  [ ( 1, 2, 3, 4)( 5,29,28,27,26,25,24,23,22,21,20,19,18,17,16,15,14,13,12,11,
         10, 9, 8, 7, 6), ( 1, 2)( 3, 4)( 5, 8,11,14,17,20,23,26,29, 7,10,13,
         16,19,22,25,28, 6, 9,12,15,18,21,24,27) ], 
  [ ( 1, 2, 3, 4)( 5,24,18,12, 6,25,19,13, 7,26,20,14, 8,27,21,15, 9,28,22,16,
         10,29,23,17,11), ( 1, 2)( 3, 4)( 5,23,16, 9,27,20,13, 6,24,17,10,28,
         21,14, 7,25,18,11,29,22,15, 8,26,19,12) ], 
  [ ( 1, 2, 3, 4)( 5,19, 8,22,11,25,14,28,17, 6,20, 9,23,12,26,15,29,18, 7,21,
         10,24,13,27,16), ( 1, 2)( 3, 4)( 5,13,21,29,12,20,28,11,19,27,10,18,
         26, 9,17,25, 8,16,24, 7,15,23, 6,14,22) ], 
  [ ( 1, 2, 3, 4)( 5,14,23, 7,16,25, 9,18,27,11,20,29,13,22, 6,15,24, 8,17,26,
         10,19,28,12,21), ( 1, 2)( 3, 4)( 5,28,26,24,22,20,18,16,14,12,10, 8,
          6,29,27,25,23,21,19,17,15,13,11, 9, 7) ], 
  [ ( 1, 2, 3, 4)( 5, 9,13,17,21,25,29, 8,12,16,20,24,28, 7,11,15,19,23,27, 6,
         10,14,18,22,26), ( 1, 2)( 3, 4)( 5,18, 6,19, 7,20, 8,21, 9,22,10,23,
         11,24,12,25,13,26,14,27,15,28,16,29,17) ], 
  [ ( 1, 4, 3, 2)( 5,29,28,27,26,25,24,23,22,21,20,19,18,17,16,15,14,13,12,11,
         10, 9, 8, 7, 6), ( 3, 4)( 5, 8,11,14,17,20,23,26,29, 7,10,13,16,19,
         22,25,28, 6, 9,12,15,18,21,24,27) ], 
  [ ( 1, 4, 3, 2)( 5,24,18,12, 6,25,19,13, 7,26,20,14, 8,27,21,15, 9,28,22,16,
         10,29,23,17,11), ( 3, 4)( 5,23,16, 9,27,20,13, 6,24,17,10,28,21,14,
          7,25,18,11,29,22,15, 8,26,19,12) ], 
  [ ( 1, 4, 3, 2)( 5,19, 8,22,11,25,14,28,17, 6,20, 9,23,12,26,15,29,18, 7,21,
         10,24,13,27,16), ( 3, 4)( 5,13,21,29,12,20,28,11,19,27,10,18,26, 9,
         17,25, 8,16,24, 7,15,23, 6,14,22) ], 
  [ ( 1, 4, 3, 2)( 5,14,23, 7,16,25, 9,18,27,11,20,29,13,22, 6,15,24, 8,17,26,
         10,19,28,12,21), ( 3, 4)( 5,28,26,24,22,20,18,16,14,12,10, 8, 6,29,
         27,25,23,21,19,17,15,13,11, 9, 7) ], 
  [ ( 1, 4, 3, 2)( 5, 9,13,17,21,25,29, 8,12,16,20,24,28, 7,11,15,19,23,27, 6,
         10,14,18,22,26), ( 3, 4)( 5,18, 6,19, 7,20, 8,21, 9,22,10,23,11,24,
         12,25,13,26,14,27,15,28,16,29,17) ], 
  [ ( 1, 2, 3, 4)( 5,28,26,24,22,20,18,16,14,12,10, 8, 6,29,27,25,23,21,19,17,
         15,13,11, 9, 7), ( 1, 2)( 3, 4)( 5,11,17,23,29,10,16,22,28, 9,15,21,
         27, 8,14,20,26, 7,13,19,25, 6,12,18,24) ], 
  [ ( 1, 2, 3, 4)( 5,23,16, 9,27,20,13, 6,24,17,10,28,21,14, 7,25,18,11,29,22,
         15, 8,26,19,12), ( 1, 2)( 3, 4)( 5,26,22,18,14,10, 6,27,23,19,15,11,
          7,28,24,20,16,12, 8,29,25,21,17,13, 9) ], 
  [ ( 1, 2, 3, 4)( 5,18, 6,19, 7,20, 8,21, 9,22,10,23,11,24,12,25,13,26,14,27,
         15,28,16,29,17), ( 1, 2)( 3, 4)( 5,16,27,13,24,10,21, 7,18,29,15,26,
         12,23, 9,20, 6,17,28,14,25,11,22, 8,19) ], 
  [ ( 1, 2, 3, 4)( 5,13,21,29,12,20,28,11,19,27,10,18,26, 9,17,25, 8,16,24, 7,
         15,23, 6,14,22), ( 1, 2)( 3, 4)( 5, 6, 7, 8, 9,10,11,12,13,14,15,16,
         17,18,19,20,21,22,23,24,25,26,27,28,29) ], 
  [ ( 1, 2, 3, 4)( 5, 8,11,14,17,20,23,26,29, 7,10,13,16,19,22,25,28, 6, 9,12,
         15,18,21,24,27), ( 1, 2)( 3, 4)( 5,21,12,28,19,10,26,17, 8,24,15, 6,
         22,13,29,20,11,27,18, 9,25,16, 7,23,14) ], 
  [ ( 1, 4, 3, 2)( 5,28,26,24,22,20,18,16,14,12,10, 8, 6,29,27,25,23,21,19,17,
         15,13,11, 9, 7), ( 3, 4)( 5,11,17,23,29,10,16,22,28, 9,15,21,27, 8,
         14,20,26, 7,13,19,25, 6,12,18,24) ], 
  [ ( 1, 4, 3, 2)( 5,23,16, 9,27,20,13, 6,24,17,10,28,21,14, 7,25,18,11,29,22,
         15, 8,26,19,12), ( 3, 4)( 5,26,22,18,14,10, 6,27,23,19,15,11, 7,28,
         24,20,16,12, 8,29,25,21,17,13, 9) ], 
  [ ( 1, 4, 3, 2)( 5,18, 6,19, 7,20, 8,21, 9,22,10,23,11,24,12,25,13,26,14,27,
         15,28,16,29,17), ( 3, 4)( 5,16,27,13,24,10,21, 7,18,29,15,26,12,23,
          9,20, 6,17,28,14,25,11,22, 8,19) ], 
  [ ( 1, 4, 3, 2)( 5,13,21,29,12,20,28,11,19,27,10,18,26, 9,17,25, 8,16,24, 7,
         15,23, 6,14,22), ( 3, 4)( 5, 6, 7, 8, 9,10,11,12,13,14,15,16,17,18,
         19,20,21,22,23,24,25,26,27,28,29) ], 
  [ ( 1, 4, 3, 2)( 5, 8,11,14,17,20,23,26,29, 7,10,13,16,19,22,25,28, 6, 9,12,
         15,18,21,24,27), ( 3, 4)( 5,21,12,28,19,10,26,17, 8,24,15, 6,22,13,
         29,20,11,27,18, 9,25,16, 7,23,14) ], 
  [ ( 1, 2, 3, 4)( 5,27,24,21,18,15,12, 9, 6,28,25,22,19,16,13,10, 7,29,26,23,
         20,17,14,11, 8), ( 1, 2)( 3, 4)( 5,14,23, 7,16,25, 9,18,27,11,20,29,
         13,22, 6,15,24, 8,17,26,10,19,28,12,21) ], 
  [ ( 1, 2, 3, 4)( 5,22,14, 6,23,15, 7,24,16, 8,25,17, 9,26,18,10,27,19,11,28,
         20,12,29,21,13), ( 1, 2)( 3, 4)( 5,29,28,27,26,25,24,23,22,21,20,19,
         18,17,16,15,14,13,12,11,10, 9, 8, 7, 6) ], 
  [ ( 1, 2, 3, 4)( 5,17,29,16,28,15,27,14,26,13,25,12,24,11,23,10,22, 9,21, 8,
         20, 7,19, 6,18), ( 1, 2)( 3, 4)( 5,19, 8,22,11,25,14,28,17, 6,20, 9,
         23,12,26,15,29,18, 7,21,10,24,13,27,16) ], 
  [ ( 1, 2, 3, 4)( 5,12,19,26, 8,15,22,29,11,18,25, 7,14,21,28,10,17,24, 6,13,
         20,27, 9,16,23), ( 1, 2)( 3, 4)( 5, 9,13,17,21,25,29, 8,12,16,20,24,
         28, 7,11,15,19,23,27, 6,10,14,18,22,26) ], 
  [ ( 1, 2, 3, 4)( 5, 7, 9,11,13,15,17,19,21,23,25,27,29, 6, 8,10,12,14,16,18,
         20,22,24,26,28), ( 1, 2)( 3, 4)( 5,24,18,12, 6,25,19,13, 7,26,20,14,
          8,27,21,15, 9,28,22,16,10,29,23,17,11) ], 
  [ ( 1, 4, 3, 2)( 5,27,24,21,18,15,12, 9, 6,28,25,22,19,16,13,10, 7,29,26,23,
         20,17,14,11, 8), ( 3, 4)( 5,14,23, 7,16,25, 9,18,27,11,20,29,13,22,
          6,15,24, 8,17,26,10,19,28,12,21) ], 
  [ ( 1, 4, 3, 2)( 5,22,14, 6,23,15, 7,24,16, 8,25,17, 9,26,18,10,27,19,11,28,
         20,12,29,21,13), ( 3, 4)( 5,29,28,27,26,25,24,23,22,21,20,19,18,17,
         16,15,14,13,12,11,10, 9, 8, 7, 6) ], 
  [ ( 1, 4, 3, 2)( 5,17,29,16,28,15,27,14,26,13,25,12,24,11,23,10,22, 9,21, 8,
         20, 7,19, 6,18), ( 3, 4)( 5,19, 8,22,11,25,14,28,17, 6,20, 9,23,12,
         26,15,29,18, 7,21,10,24,13,27,16) ], 
  [ ( 1, 4, 3, 2)( 5,12,19,26, 8,15,22,29,11,18,25, 7,14,21,28,10,17,24, 6,13,
         20,27, 9,16,23), ( 3, 4)( 5, 9,13,17,21,25,29, 8,12,16,20,24,28, 7,
         11,15,19,23,27, 6,10,14,18,22,26) ], 
  [ ( 1, 4, 3, 2)( 5, 7, 9,11,13,15,17,19,21,23,25,27,29, 6, 8,10,12,14,16,18,
         20,22,24,26,28), ( 3, 4)( 5,24,18,12, 6,25,19,13, 7,26,20,14, 8,27,
         21,15, 9,28,22,16,10,29,23,17,11) ], 
  [ ( 1, 2, 3, 4)( 5,26,22,18,14,10, 6,27,23,19,15,11, 7,28,24,20,16,12, 8,29,
         25,21,17,13, 9), ( 1, 2)( 3, 4)( 5,17,29,16,28,15,27,14,26,13,25,12,
         24,11,23,10,22, 9,21, 8,20, 7,19, 6,18) ], 
  [ ( 1, 2, 3, 4)( 5,21,12,28,19,10,26,17, 8,24,15, 6,22,13,29,20,11,27,18, 9,
         25,16, 7,23,14), ( 1, 2)( 3, 4)( 5, 7, 9,11,13,15,17,19,21,23,25,27,
         29, 6, 8,10,12,14,16,18,20,22,24,26,28) ], 
  [ ( 1, 2, 3, 4)( 5,16,27,13,24,10,21, 7,18,29,15,26,12,23, 9,20, 6,17,28,14,
         25,11,22, 8,19), ( 1, 2)( 3, 4)( 5,22,14, 6,23,15, 7,24,16, 8,25,17,
          9,26,18,10,27,19,11,28,20,12,29,21,13) ], 
  [ ( 1, 2, 3, 4)( 5,11,17,23,29,10,16,22,28, 9,15,21,27, 8,14,20,26, 7,13,19,
         25, 6,12,18,24), ( 1, 2)( 3, 4)( 5,12,19,26, 8,15,22,29,11,18,25, 7,
         14,21,28,10,17,24, 6,13,20,27, 9,16,23) ], 
  [ ( 1, 2, 3, 4)( 5, 6, 7, 8, 9,10,11,12,13,14,15,16,17,18,19,20,21,22,23,24,
         25,26,27,28,29), ( 1, 2)( 3, 4)( 5,27,24,21,18,15,12, 9, 6,28,25,22,
         19,16,13,10, 7,29,26,23,20,17,14,11, 8) ], 
  [ ( 1, 4, 3, 2)( 5,26,22,18,14,10, 6,27,23,19,15,11, 7,28,24,20,16,12, 8,29,
         25,21,17,13, 9), ( 3, 4)( 5,17,29,16,28,15,27,14,26,13,25,12,24,11,
         23,10,22, 9,21, 8,20, 7,19, 6,18) ], 
  [ ( 1, 4, 3, 2)( 5,21,12,28,19,10,26,17, 8,24,15, 6,22,13,29,20,11,27,18, 9,
         25,16, 7,23,14), ( 3, 4)( 5, 7, 9,11,13,15,17,19,21,23,25,27,29, 6,
          8,10,12,14,16,18,20,22,24,26,28) ], 
  [ ( 1, 4, 3, 2)( 5,16,27,13,24,10,21, 7,18,29,15,26,12,23, 9,20, 6,17,28,14,
         25,11,22, 8,19), ( 3, 4)( 5,22,14, 6,23,15, 7,24,16, 8,25,17, 9,26,
         18,10,27,19,11,28,20,12,29,21,13) ], 
  [ ( 1, 4, 3, 2)( 5,11,17,23,29,10,16,22,28, 9,15,21,27, 8,14,20,26, 7,13,19,
         25, 6,12,18,24), ( 3, 4)( 5,12,19,26, 8,15,22,29,11,18,25, 7,14,21,
         28,10,17,24, 6,13,20,27, 9,16,23) ], 
  [ ( 1, 4, 3, 2)( 5, 6, 7, 8, 9,10,11,12,13,14,15,16,17,18,19,20,21,22,23,24,
         25,26,27,28,29), ( 3, 4)( 5,27,24,21,18,15,12, 9, 6,28,25,22,19,16,
         13,10, 7,29,26,23,20,17,14,11, 8) ] ]
);

BRACES[100].brace[2] := rec ( size := 100, perms :=
[ [ (), () ], 
  [ ( 5,25,20,15,10)( 6,26,21,16,11)( 7,27,22,17,12)( 8,28,23,18,13)
        ( 9,29,24,19,14), ( 5,15,25,10,20)( 6,16,26,11,21)( 7,17,27,12,22)
        ( 8,18,28,13,23)( 9,19,29,14,24) ], 
  [ ( 5,20,10,25,15)( 6,21,11,26,16)( 7,22,12,27,17)( 8,23,13,28,18)
        ( 9,24,14,29,19), ( 5,25,20,15,10)( 6,26,21,16,11)( 7,27,22,17,12)
        ( 8,28,23,18,13)( 9,29,24,19,14) ], 
  [ ( 5,15,25,10,20)( 6,16,26,11,21)( 7,17,27,12,22)( 8,18,28,13,23)
        ( 9,19,29,14,24), ( 5,10,15,20,25)( 6,11,16,21,26)( 7,12,17,22,27)
        ( 8,13,18,23,28)( 9,14,19,24,29) ], 
  [ ( 5,10,15,20,25)( 6,11,16,21,26)( 7,12,17,22,27)( 8,13,18,23,28)
        ( 9,14,19,24,29), ( 5,20,10,25,15)( 6,21,11,26,16)( 7,22,12,27,17)
        ( 8,23,13,28,18)( 9,24,14,29,19) ], [ (1,3)(2,4), (1,2) ], 
  [ ( 1, 3)( 2, 4)( 5,25,20,15,10)( 6,26,21,16,11)( 7,27,22,17,12)
        ( 8,28,23,18,13)( 9,29,24,19,14), 
      ( 1, 2)( 5,15,25,10,20)( 6,16,26,11,21)( 7,17,27,12,22)( 8,18,28,13,23)
        ( 9,19,29,14,24) ], 
  [ ( 1, 3)( 2, 4)( 5,20,10,25,15)( 6,21,11,26,16)( 7,22,12,27,17)
        ( 8,23,13,28,18)( 9,24,14,29,19), 
      ( 1, 2)( 5,25,20,15,10)( 6,26,21,16,11)( 7,27,22,17,12)( 8,28,23,18,13)
        ( 9,29,24,19,14) ], 
  [ ( 1, 3)( 2, 4)( 5,15,25,10,20)( 6,16,26,11,21)( 7,17,27,12,22)
        ( 8,18,28,13,23)( 9,19,29,14,24), 
      ( 1, 2)( 5,10,15,20,25)( 6,11,16,21,26)( 7,12,17,22,27)( 8,13,18,23,28)
        ( 9,14,19,24,29) ], 
  [ ( 1, 3)( 2, 4)( 5,10,15,20,25)( 6,11,16,21,26)( 7,12,17,22,27)
        ( 8,13,18,23,28)( 9,14,19,24,29), 
      ( 1, 2)( 5,20,10,25,15)( 6,21,11,26,16)( 7,22,12,27,17)( 8,23,13,28,18)
        ( 9,24,14,29,19) ], 
  [ ( 5,29,28,27,26,25,24,23,22,21,20,19,18,17,16,15,14,13,12,11,10, 9, 8, 7,
          6), ( 5,12,19,26, 8,15,22,29,11,18,25, 7,14,21,28,10,17,24, 6,13,20,
         27, 9,16,23) ], 
  [ ( 5,24,18,12, 6,25,19,13, 7,26,20,14, 8,27,21,15, 9,28,22,16,10,29,23,17,
         11), ( 5,22,14, 6,23,15, 7,24,16, 8,25,17, 9,26,18,10,27,19,11,28,20,
         12,29,21,13) ], 
  [ ( 5,19, 8,22,11,25,14,28,17, 6,20, 9,23,12,26,15,29,18, 7,21,10,24,13,27,
         16), ( 5, 7, 9,11,13,15,17,19,21,23,25,27,29, 6, 8,10,12,14,16,18,20,
         22,24,26,28) ], 
  [ ( 5,14,23, 7,16,25, 9,18,27,11,20,29,13,22, 6,15,24, 8,17,26,10,19,28,12,
         21), ( 5,17,29,16,28,15,27,14,26,13,25,12,24,11,23,10,22, 9,21, 8,20,
         7,19, 6,18) ], 
  [ ( 5, 9,13,17,21,25,29, 8,12,16,20,24,28, 7,11,15,19,23,27, 6,10,14,18,22,
         26), ( 5,27,24,21,18,15,12, 9, 6,28,25,22,19,16,13,10, 7,29,26,23,20,
         17,14,11, 8) ], 
  [ ( 1, 3)( 2, 4)( 5,29,28,27,26,25,24,23,22,21,20,19,18,17,16,15,14,13,12,
         11,10, 9, 8, 7, 6), 
      ( 1, 2)( 5,12,19,26, 8,15,22,29,11,18,25, 7,14,21,28,10,17,24, 6,13,20,
         27, 9,16,23) ], 
  [ ( 1, 3)( 2, 4)( 5,24,18,12, 6,25,19,13, 7,26,20,14, 8,27,21,15, 9,28,22,
         16,10,29,23,17,11), 
      ( 1, 2)( 5,22,14, 6,23,15, 7,24,16, 8,25,17, 9,26,18,10,27,19,11,28,20,
         12,29,21,13) ], 
  [ ( 1, 3)( 2, 4)( 5,19, 8,22,11,25,14,28,17, 6,20, 9,23,12,26,15,29,18, 7,
         21,10,24,13,27,16), 
      ( 1, 2)( 5, 7, 9,11,13,15,17,19,21,23,25,27,29, 6, 8,10,12,14,16,18,20,
         22,24,26,28) ], 
  [ ( 1, 3)( 2, 4)( 5,14,23, 7,16,25, 9,18,27,11,20,29,13,22, 6,15,24, 8,17,
         26,10,19,28,12,21), 
      ( 1, 2)( 5,17,29,16,28,15,27,14,26,13,25,12,24,11,23,10,22, 9,21, 8,20,
          7,19, 6,18) ], 
  [ ( 1, 3)( 2, 4)( 5, 9,13,17,21,25,29, 8,12,16,20,24,28, 7,11,15,19,23,27,
          6,10,14,18,22,26), 
      ( 1, 2)( 5,27,24,21,18,15,12, 9, 6,28,25,22,19,16,13,10, 7,29,26,23,20,
         17,14,11, 8) ], 
  [ ( 5,28,26,24,22,20,18,16,14,12,10, 8, 6,29,27,25,23,21,19,17,15,13,11, 9,
          7), ( 5,24,18,12, 6,25,19,13, 7,26,20,14, 8,27,21,15, 9,28,22,16,10,
         29,23,17,11) ], 
  [ ( 5,23,16, 9,27,20,13, 6,24,17,10,28,21,14, 7,25,18,11,29,22,15, 8,26,19,
         12), ( 5, 9,13,17,21,25,29, 8,12,16,20,24,28, 7,11,15,19,23,27, 6,10,
         14,18,22,26) ], 
  [ ( 5,18, 6,19, 7,20, 8,21, 9,22,10,23,11,24,12,25,13,26,14,27,15,28,16,29,
         17), ( 5,19, 8,22,11,25,14,28,17, 6,20, 9,23,12,26,15,29,18, 7,21,10,
         24,13,27,16) ], 
  [ ( 5,13,21,29,12,20,28,11,19,27,10,18,26, 9,17,25, 8,16,24, 7,15,23, 6,14,
         22), ( 5,29,28,27,26,25,24,23,22,21,20,19,18,17,16,15,14,13,12,11,10,
         9, 8, 7, 6) ], 
  [ ( 5, 8,11,14,17,20,23,26,29, 7,10,13,16,19,22,25,28, 6, 9,12,15,18,21,24,
         27), ( 5,14,23, 7,16,25, 9,18,27,11,20,29,13,22, 6,15,24, 8,17,26,10,
         19,28,12,21) ], 
  [ ( 1, 3)( 2, 4)( 5,28,26,24,22,20,18,16,14,12,10, 8, 6,29,27,25,23,21,19,
         17,15,13,11, 9, 7), 
      ( 1, 2)( 5,24,18,12, 6,25,19,13, 7,26,20,14, 8,27,21,15, 9,28,22,16,10,
         29,23,17,11) ], 
  [ ( 1, 3)( 2, 4)( 5,23,16, 9,27,20,13, 6,24,17,10,28,21,14, 7,25,18,11,29,
         22,15, 8,26,19,12), 
      ( 1, 2)( 5, 9,13,17,21,25,29, 8,12,16,20,24,28, 7,11,15,19,23,27, 6,10,
         14,18,22,26) ], 
  [ ( 1, 3)( 2, 4)( 5,18, 6,19, 7,20, 8,21, 9,22,10,23,11,24,12,25,13,26,14,
         27,15,28,16,29,17), 
      ( 1, 2)( 5,19, 8,22,11,25,14,28,17, 6,20, 9,23,12,26,15,29,18, 7,21,10,
         24,13,27,16) ], 
  [ ( 1, 3)( 2, 4)( 5,13,21,29,12,20,28,11,19,27,10,18,26, 9,17,25, 8,16,24,
          7,15,23, 6,14,22), 
      ( 1, 2)( 5,29,28,27,26,25,24,23,22,21,20,19,18,17,16,15,14,13,12,11,10,
          9, 8, 7, 6) ], 
  [ ( 1, 3)( 2, 4)( 5, 8,11,14,17,20,23,26,29, 7,10,13,16,19,22,25,28, 6, 9,
         12,15,18,21,24,27), 
      ( 1, 2)( 5,14,23, 7,16,25, 9,18,27,11,20,29,13,22, 6,15,24, 8,17,26,10,
         19,28,12,21) ], 
  [ ( 5,27,24,21,18,15,12, 9, 6,28,25,22,19,16,13,10, 7,29,26,23,20,17,14,11,
          8), ( 5,16,27,13,24,10,21, 7,18,29,15,26,12,23, 9,20, 6,17,28,14,25,
         11,22, 8,19) ], 
  [ ( 5,22,14, 6,23,15, 7,24,16, 8,25,17, 9,26,18,10,27,19,11,28,20,12,29,21,
         13), ( 5,26,22,18,14,10, 6,27,23,19,15,11, 7,28,24,20,16,12, 8,29,25,
         21,17,13, 9) ], 
  [ ( 5,17,29,16,28,15,27,14,26,13,25,12,24,11,23,10,22, 9,21, 8,20, 7,19, 6,
         18), ( 5,11,17,23,29,10,16,22,28, 9,15,21,27, 8,14,20,26, 7,13,19,25,
         6,12,18,24) ], 
  [ ( 5,12,19,26, 8,15,22,29,11,18,25, 7,14,21,28,10,17,24, 6,13,20,27, 9,16,
         23), ( 5,21,12,28,19,10,26,17, 8,24,15, 6,22,13,29,20,11,27,18, 9,25,
         16, 7,23,14) ], 
  [ ( 5, 7, 9,11,13,15,17,19,21,23,25,27,29, 6, 8,10,12,14,16,18,20,22,24,26,
         28), ( 5, 6, 7, 8, 9,10,11,12,13,14,15,16,17,18,19,20,21,22,23,24,25,
         26,27,28,29) ], 
  [ ( 1, 3)( 2, 4)( 5,27,24,21,18,15,12, 9, 6,28,25,22,19,16,13,10, 7,29,26,
         23,20,17,14,11, 8), 
      ( 1, 2)( 5,16,27,13,24,10,21, 7,18,29,15,26,12,23, 9,20, 6,17,28,14,25,
         11,22, 8,19) ], 
  [ ( 1, 3)( 2, 4)( 5,22,14, 6,23,15, 7,24,16, 8,25,17, 9,26,18,10,27,19,11,
         28,20,12,29,21,13), 
      ( 1, 2)( 5,26,22,18,14,10, 6,27,23,19,15,11, 7,28,24,20,16,12, 8,29,25,
         21,17,13, 9) ], 
  [ ( 1, 3)( 2, 4)( 5,17,29,16,28,15,27,14,26,13,25,12,24,11,23,10,22, 9,21,
          8,20, 7,19, 6,18), 
      ( 1, 2)( 5,11,17,23,29,10,16,22,28, 9,15,21,27, 8,14,20,26, 7,13,19,25,
          6,12,18,24) ], 
  [ ( 1, 3)( 2, 4)( 5,12,19,26, 8,15,22,29,11,18,25, 7,14,21,28,10,17,24, 6,
         13,20,27, 9,16,23), 
      ( 1, 2)( 5,21,12,28,19,10,26,17, 8,24,15, 6,22,13,29,20,11,27,18, 9,25,
         16, 7,23,14) ], 
  [ ( 1, 3)( 2, 4)( 5, 7, 9,11,13,15,17,19,21,23,25,27,29, 6, 8,10,12,14,16,
         18,20,22,24,26,28), 
      ( 1, 2)( 5, 6, 7, 8, 9,10,11,12,13,14,15,16,17,18,19,20,21,22,23,24,25,
         26,27,28,29) ], 
  [ ( 5,26,22,18,14,10, 6,27,23,19,15,11, 7,28,24,20,16,12, 8,29,25,21,17,13,
          9), ( 5,13,21,29,12,20,28,11,19,27,10,18,26, 9,17,25, 8,16,24, 7,15,
         23, 6,14,22) ], 
  [ ( 5,21,12,28,19,10,26,17, 8,24,15, 6,22,13,29,20,11,27,18, 9,25,16, 7,23,
         14), ( 5,23,16, 9,27,20,13, 6,24,17,10,28,21,14, 7,25,18,11,29,22,15,
         8,26,19,12) ], 
  [ ( 5,16,27,13,24,10,21, 7,18,29,15,26,12,23, 9,20, 6,17,28,14,25,11,22, 8,
         19), ( 5, 8,11,14,17,20,23,26,29, 7,10,13,16,19,22,25,28, 6, 9,12,15,
         18,21,24,27) ], 
  [ ( 5,11,17,23,29,10,16,22,28, 9,15,21,27, 8,14,20,26, 7,13,19,25, 6,12,18,
         24), ( 5,18, 6,19, 7,20, 8,21, 9,22,10,23,11,24,12,25,13,26,14,27,15,
         28,16,29,17) ], 
  [ ( 5, 6, 7, 8, 9,10,11,12,13,14,15,16,17,18,19,20,21,22,23,24,25,26,27,28,
         29), ( 5,28,26,24,22,20,18,16,14,12,10, 8, 6,29,27,25,23,21,19,17,15,
         13,11, 9, 7) ], 
  [ ( 1, 3)( 2, 4)( 5,26,22,18,14,10, 6,27,23,19,15,11, 7,28,24,20,16,12, 8,
         29,25,21,17,13, 9), 
      ( 1, 2)( 5,13,21,29,12,20,28,11,19,27,10,18,26, 9,17,25, 8,16,24, 7,15,
         23, 6,14,22) ], 
  [ ( 1, 3)( 2, 4)( 5,21,12,28,19,10,26,17, 8,24,15, 6,22,13,29,20,11,27,18,
          9,25,16, 7,23,14), 
      ( 1, 2)( 5,23,16, 9,27,20,13, 6,24,17,10,28,21,14, 7,25,18,11,29,22,15,
          8,26,19,12) ], 
  [ ( 1, 3)( 2, 4)( 5,16,27,13,24,10,21, 7,18,29,15,26,12,23, 9,20, 6,17,28,
         14,25,11,22, 8,19), 
      ( 1, 2)( 5, 8,11,14,17,20,23,26,29, 7,10,13,16,19,22,25,28, 6, 9,12,15,
         18,21,24,27) ], 
  [ ( 1, 3)( 2, 4)( 5,11,17,23,29,10,16,22,28, 9,15,21,27, 8,14,20,26, 7,13,
         19,25, 6,12,18,24), 
      ( 1, 2)( 5,18, 6,19, 7,20, 8,21, 9,22,10,23,11,24,12,25,13,26,14,27,15,
         28,16,29,17) ], 
  [ ( 1, 3)( 2, 4)( 5, 6, 7, 8, 9,10,11,12,13,14,15,16,17,18,19,20,21,22,23,
         24,25,26,27,28,29), 
      ( 1, 2)( 5,28,26,24,22,20,18,16,14,12,10, 8, 6,29,27,25,23,21,19,17,15,
         13,11, 9, 7) ], [ (1,2,3,4), (1,2)(3,4) ], 
  [ ( 1, 2, 3, 4)( 5,25,20,15,10)( 6,26,21,16,11)( 7,27,22,17,12)
        ( 8,28,23,18,13)( 9,29,24,19,14), 
      ( 1, 2)( 3, 4)( 5,15,25,10,20)( 6,16,26,11,21)( 7,17,27,12,22)
        ( 8,18,28,13,23)( 9,19,29,14,24) ], 
  [ ( 1, 2, 3, 4)( 5,20,10,25,15)( 6,21,11,26,16)( 7,22,12,27,17)
        ( 8,23,13,28,18)( 9,24,14,29,19), 
      ( 1, 2)( 3, 4)( 5,25,20,15,10)( 6,26,21,16,11)( 7,27,22,17,12)
        ( 8,28,23,18,13)( 9,29,24,19,14) ], 
  [ ( 1, 2, 3, 4)( 5,15,25,10,20)( 6,16,26,11,21)( 7,17,27,12,22)
        ( 8,18,28,13,23)( 9,19,29,14,24), 
      ( 1, 2)( 3, 4)( 5,10,15,20,25)( 6,11,16,21,26)( 7,12,17,22,27)
        ( 8,13,18,23,28)( 9,14,19,24,29) ], 
  [ ( 1, 2, 3, 4)( 5,10,15,20,25)( 6,11,16,21,26)( 7,12,17,22,27)
        ( 8,13,18,23,28)( 9,14,19,24,29), 
      ( 1, 2)( 3, 4)( 5,20,10,25,15)( 6,21,11,26,16)( 7,22,12,27,17)
        ( 8,23,13,28,18)( 9,24,14,29,19) ], [ (1,4,3,2), (3,4) ], 
  [ ( 1, 4, 3, 2)( 5,25,20,15,10)( 6,26,21,16,11)( 7,27,22,17,12)
        ( 8,28,23,18,13)( 9,29,24,19,14), 
      ( 3, 4)( 5,15,25,10,20)( 6,16,26,11,21)( 7,17,27,12,22)( 8,18,28,13,23)
        ( 9,19,29,14,24) ], 
  [ ( 1, 4, 3, 2)( 5,20,10,25,15)( 6,21,11,26,16)( 7,22,12,27,17)
        ( 8,23,13,28,18)( 9,24,14,29,19), 
      ( 3, 4)( 5,25,20,15,10)( 6,26,21,16,11)( 7,27,22,17,12)( 8,28,23,18,13)
        ( 9,29,24,19,14) ], 
  [ ( 1, 4, 3, 2)( 5,15,25,10,20)( 6,16,26,11,21)( 7,17,27,12,22)
        ( 8,18,28,13,23)( 9,19,29,14,24), 
      ( 3, 4)( 5,10,15,20,25)( 6,11,16,21,26)( 7,12,17,22,27)( 8,13,18,23,28)
        ( 9,14,19,24,29) ], 
  [ ( 1, 4, 3, 2)( 5,10,15,20,25)( 6,11,16,21,26)( 7,12,17,22,27)
        ( 8,13,18,23,28)( 9,14,19,24,29), 
      ( 3, 4)( 5,20,10,25,15)( 6,21,11,26,16)( 7,22,12,27,17)( 8,23,13,28,18)
        ( 9,24,14,29,19) ], 
  [ ( 1, 2, 3, 4)( 5,29,28,27,26,25,24,23,22,21,20,19,18,17,16,15,14,13,12,11,
         10, 9, 8, 7, 6), ( 1, 2)( 3, 4)( 5,12,19,26, 8,15,22,29,11,18,25, 7,
         14,21,28,10,17,24, 6,13,20,27, 9,16,23) ], 
  [ ( 1, 2, 3, 4)( 5,24,18,12, 6,25,19,13, 7,26,20,14, 8,27,21,15, 9,28,22,16,
         10,29,23,17,11), ( 1, 2)( 3, 4)( 5,22,14, 6,23,15, 7,24,16, 8,25,17,
          9,26,18,10,27,19,11,28,20,12,29,21,13) ], 
  [ ( 1, 2, 3, 4)( 5,19, 8,22,11,25,14,28,17, 6,20, 9,23,12,26,15,29,18, 7,21,
         10,24,13,27,16), ( 1, 2)( 3, 4)( 5, 7, 9,11,13,15,17,19,21,23,25,27,
         29, 6, 8,10,12,14,16,18,20,22,24,26,28) ], 
  [ ( 1, 2, 3, 4)( 5,14,23, 7,16,25, 9,18,27,11,20,29,13,22, 6,15,24, 8,17,26,
         10,19,28,12,21), ( 1, 2)( 3, 4)( 5,17,29,16,28,15,27,14,26,13,25,12,
         24,11,23,10,22, 9,21, 8,20, 7,19, 6,18) ], 
  [ ( 1, 2, 3, 4)( 5, 9,13,17,21,25,29, 8,12,16,20,24,28, 7,11,15,19,23,27, 6,
         10,14,18,22,26), ( 1, 2)( 3, 4)( 5,27,24,21,18,15,12, 9, 6,28,25,22,
         19,16,13,10, 7,29,26,23,20,17,14,11, 8) ], 
  [ ( 1, 4, 3, 2)( 5,29,28,27,26,25,24,23,22,21,20,19,18,17,16,15,14,13,12,11,
         10, 9, 8, 7, 6), ( 3, 4)( 5,12,19,26, 8,15,22,29,11,18,25, 7,14,21,
         28,10,17,24, 6,13,20,27, 9,16,23) ], 
  [ ( 1, 4, 3, 2)( 5,24,18,12, 6,25,19,13, 7,26,20,14, 8,27,21,15, 9,28,22,16,
         10,29,23,17,11), ( 3, 4)( 5,22,14, 6,23,15, 7,24,16, 8,25,17, 9,26,
         18,10,27,19,11,28,20,12,29,21,13) ], 
  [ ( 1, 4, 3, 2)( 5,19, 8,22,11,25,14,28,17, 6,20, 9,23,12,26,15,29,18, 7,21,
         10,24,13,27,16), ( 3, 4)( 5, 7, 9,11,13,15,17,19,21,23,25,27,29, 6,
          8,10,12,14,16,18,20,22,24,26,28) ], 
  [ ( 1, 4, 3, 2)( 5,14,23, 7,16,25, 9,18,27,11,20,29,13,22, 6,15,24, 8,17,26,
         10,19,28,12,21), ( 3, 4)( 5,17,29,16,28,15,27,14,26,13,25,12,24,11,
         23,10,22, 9,21, 8,20, 7,19, 6,18) ], 
  [ ( 1, 4, 3, 2)( 5, 9,13,17,21,25,29, 8,12,16,20,24,28, 7,11,15,19,23,27, 6,
         10,14,18,22,26), ( 3, 4)( 5,27,24,21,18,15,12, 9, 6,28,25,22,19,16,
         13,10, 7,29,26,23,20,17,14,11, 8) ], 
  [ ( 1, 2, 3, 4)( 5,28,26,24,22,20,18,16,14,12,10, 8, 6,29,27,25,23,21,19,17,
         15,13,11, 9, 7), ( 1, 2)( 3, 4)( 5,24,18,12, 6,25,19,13, 7,26,20,14,
          8,27,21,15, 9,28,22,16,10,29,23,17,11) ], 
  [ ( 1, 2, 3, 4)( 5,23,16, 9,27,20,13, 6,24,17,10,28,21,14, 7,25,18,11,29,22,
         15, 8,26,19,12), ( 1, 2)( 3, 4)( 5, 9,13,17,21,25,29, 8,12,16,20,24,
         28, 7,11,15,19,23,27, 6,10,14,18,22,26) ], 
  [ ( 1, 2, 3, 4)( 5,18, 6,19, 7,20, 8,21, 9,22,10,23,11,24,12,25,13,26,14,27,
         15,28,16,29,17), ( 1, 2)( 3, 4)( 5,19, 8,22,11,25,14,28,17, 6,20, 9,
         23,12,26,15,29,18, 7,21,10,24,13,27,16) ], 
  [ ( 1, 2, 3, 4)( 5,13,21,29,12,20,28,11,19,27,10,18,26, 9,17,25, 8,16,24, 7,
         15,23, 6,14,22), ( 1, 2)( 3, 4)( 5,29,28,27,26,25,24,23,22,21,20,19,
         18,17,16,15,14,13,12,11,10, 9, 8, 7, 6) ], 
  [ ( 1, 2, 3, 4)( 5, 8,11,14,17,20,23,26,29, 7,10,13,16,19,22,25,28, 6, 9,12,
         15,18,21,24,27), ( 1, 2)( 3, 4)( 5,14,23, 7,16,25, 9,18,27,11,20,29,
         13,22, 6,15,24, 8,17,26,10,19,28,12,21) ], 
  [ ( 1, 4, 3, 2)( 5,28,26,24,22,20,18,16,14,12,10, 8, 6,29,27,25,23,21,19,17,
         15,13,11, 9, 7), ( 3, 4)( 5,24,18,12, 6,25,19,13, 7,26,20,14, 8,27,
         21,15, 9,28,22,16,10,29,23,17,11) ], 
  [ ( 1, 4, 3, 2)( 5,23,16, 9,27,20,13, 6,24,17,10,28,21,14, 7,25,18,11,29,22,
         15, 8,26,19,12), ( 3, 4)( 5, 9,13,17,21,25,29, 8,12,16,20,24,28, 7,
         11,15,19,23,27, 6,10,14,18,22,26) ], 
  [ ( 1, 4, 3, 2)( 5,18, 6,19, 7,20, 8,21, 9,22,10,23,11,24,12,25,13,26,14,27,
         15,28,16,29,17), ( 3, 4)( 5,19, 8,22,11,25,14,28,17, 6,20, 9,23,12,
         26,15,29,18, 7,21,10,24,13,27,16) ], 
  [ ( 1, 4, 3, 2)( 5,13,21,29,12,20,28,11,19,27,10,18,26, 9,17,25, 8,16,24, 7,
         15,23, 6,14,22), ( 3, 4)( 5,29,28,27,26,25,24,23,22,21,20,19,18,17,
         16,15,14,13,12,11,10, 9, 8, 7, 6) ], 
  [ ( 1, 4, 3, 2)( 5, 8,11,14,17,20,23,26,29, 7,10,13,16,19,22,25,28, 6, 9,12,
         15,18,21,24,27), ( 3, 4)( 5,14,23, 7,16,25, 9,18,27,11,20,29,13,22,
          6,15,24, 8,17,26,10,19,28,12,21) ], 
  [ ( 1, 2, 3, 4)( 5,27,24,21,18,15,12, 9, 6,28,25,22,19,16,13,10, 7,29,26,23,
         20,17,14,11, 8), ( 1, 2)( 3, 4)( 5,16,27,13,24,10,21, 7,18,29,15,26,
         12,23, 9,20, 6,17,28,14,25,11,22, 8,19) ], 
  [ ( 1, 2, 3, 4)( 5,22,14, 6,23,15, 7,24,16, 8,25,17, 9,26,18,10,27,19,11,28,
         20,12,29,21,13), ( 1, 2)( 3, 4)( 5,26,22,18,14,10, 6,27,23,19,15,11,
          7,28,24,20,16,12, 8,29,25,21,17,13, 9) ], 
  [ ( 1, 2, 3, 4)( 5,17,29,16,28,15,27,14,26,13,25,12,24,11,23,10,22, 9,21, 8,
         20, 7,19, 6,18), ( 1, 2)( 3, 4)( 5,11,17,23,29,10,16,22,28, 9,15,21,
         27, 8,14,20,26, 7,13,19,25, 6,12,18,24) ], 
  [ ( 1, 2, 3, 4)( 5,12,19,26, 8,15,22,29,11,18,25, 7,14,21,28,10,17,24, 6,13,
         20,27, 9,16,23), ( 1, 2)( 3, 4)( 5,21,12,28,19,10,26,17, 8,24,15, 6,
         22,13,29,20,11,27,18, 9,25,16, 7,23,14) ], 
  [ ( 1, 2, 3, 4)( 5, 7, 9,11,13,15,17,19,21,23,25,27,29, 6, 8,10,12,14,16,18,
         20,22,24,26,28), ( 1, 2)( 3, 4)( 5, 6, 7, 8, 9,10,11,12,13,14,15,16,
         17,18,19,20,21,22,23,24,25,26,27,28,29) ], 
  [ ( 1, 4, 3, 2)( 5,27,24,21,18,15,12, 9, 6,28,25,22,19,16,13,10, 7,29,26,23,
         20,17,14,11, 8), ( 3, 4)( 5,16,27,13,24,10,21, 7,18,29,15,26,12,23,
          9,20, 6,17,28,14,25,11,22, 8,19) ], 
  [ ( 1, 4, 3, 2)( 5,22,14, 6,23,15, 7,24,16, 8,25,17, 9,26,18,10,27,19,11,28,
         20,12,29,21,13), ( 3, 4)( 5,26,22,18,14,10, 6,27,23,19,15,11, 7,28,
         24,20,16,12, 8,29,25,21,17,13, 9) ], 
  [ ( 1, 4, 3, 2)( 5,17,29,16,28,15,27,14,26,13,25,12,24,11,23,10,22, 9,21, 8,
         20, 7,19, 6,18), ( 3, 4)( 5,11,17,23,29,10,16,22,28, 9,15,21,27, 8,
         14,20,26, 7,13,19,25, 6,12,18,24) ], 
  [ ( 1, 4, 3, 2)( 5,12,19,26, 8,15,22,29,11,18,25, 7,14,21,28,10,17,24, 6,13,
         20,27, 9,16,23), ( 3, 4)( 5,21,12,28,19,10,26,17, 8,24,15, 6,22,13,
         29,20,11,27,18, 9,25,16, 7,23,14) ], 
  [ ( 1, 4, 3, 2)( 5, 7, 9,11,13,15,17,19,21,23,25,27,29, 6, 8,10,12,14,16,18,
         20,22,24,26,28), ( 3, 4)( 5, 6, 7, 8, 9,10,11,12,13,14,15,16,17,18,
         19,20,21,22,23,24,25,26,27,28,29) ], 
  [ ( 1, 2, 3, 4)( 5,26,22,18,14,10, 6,27,23,19,15,11, 7,28,24,20,16,12, 8,29,
         25,21,17,13, 9), ( 1, 2)( 3, 4)( 5,13,21,29,12,20,28,11,19,27,10,18,
         26, 9,17,25, 8,16,24, 7,15,23, 6,14,22) ], 
  [ ( 1, 2, 3, 4)( 5,21,12,28,19,10,26,17, 8,24,15, 6,22,13,29,20,11,27,18, 9,
         25,16, 7,23,14), ( 1, 2)( 3, 4)( 5,23,16, 9,27,20,13, 6,24,17,10,28,
         21,14, 7,25,18,11,29,22,15, 8,26,19,12) ], 
  [ ( 1, 2, 3, 4)( 5,16,27,13,24,10,21, 7,18,29,15,26,12,23, 9,20, 6,17,28,14,
         25,11,22, 8,19), ( 1, 2)( 3, 4)( 5, 8,11,14,17,20,23,26,29, 7,10,13,
         16,19,22,25,28, 6, 9,12,15,18,21,24,27) ], 
  [ ( 1, 2, 3, 4)( 5,11,17,23,29,10,16,22,28, 9,15,21,27, 8,14,20,26, 7,13,19,
         25, 6,12,18,24), ( 1, 2)( 3, 4)( 5,18, 6,19, 7,20, 8,21, 9,22,10,23,
         11,24,12,25,13,26,14,27,15,28,16,29,17) ], 
  [ ( 1, 2, 3, 4)( 5, 6, 7, 8, 9,10,11,12,13,14,15,16,17,18,19,20,21,22,23,24,
         25,26,27,28,29), ( 1, 2)( 3, 4)( 5,28,26,24,22,20,18,16,14,12,10, 8,
          6,29,27,25,23,21,19,17,15,13,11, 9, 7) ], 
  [ ( 1, 4, 3, 2)( 5,26,22,18,14,10, 6,27,23,19,15,11, 7,28,24,20,16,12, 8,29,
         25,21,17,13, 9), ( 3, 4)( 5,13,21,29,12,20,28,11,19,27,10,18,26, 9,
         17,25, 8,16,24, 7,15,23, 6,14,22) ], 
  [ ( 1, 4, 3, 2)( 5,21,12,28,19,10,26,17, 8,24,15, 6,22,13,29,20,11,27,18, 9,
         25,16, 7,23,14), ( 3, 4)( 5,23,16, 9,27,20,13, 6,24,17,10,28,21,14,
          7,25,18,11,29,22,15, 8,26,19,12) ], 
  [ ( 1, 4, 3, 2)( 5,16,27,13,24,10,21, 7,18,29,15,26,12,23, 9,20, 6,17,28,14,
         25,11,22, 8,19), ( 3, 4)( 5, 8,11,14,17,20,23,26,29, 7,10,13,16,19,
         22,25,28, 6, 9,12,15,18,21,24,27) ], 
  [ ( 1, 4, 3, 2)( 5,11,17,23,29,10,16,22,28, 9,15,21,27, 8,14,20,26, 7,13,19,
         25, 6,12,18,24), ( 3, 4)( 5,18, 6,19, 7,20, 8,21, 9,22,10,23,11,24,
         12,25,13,26,14,27,15,28,16,29,17) ], 
  [ ( 1, 4, 3, 2)( 5, 6, 7, 8, 9,10,11,12,13,14,15,16,17,18,19,20,21,22,23,24,
         25,26,27,28,29), ( 3, 4)( 5,28,26,24,22,20,18,16,14,12,10, 8, 6,29,
         27,25,23,21,19,17,15,13,11, 9, 7) ] ]
);

BRACES[100].brace[3] := rec ( size := 100, perms :=
[ [ (), () ], 
  [ ( 5,25,20,15,10)( 6,26,21,16,11)( 7,27,22,17,12)( 8,28,23,18,13)
        ( 9,29,24,19,14), (  1, 22, 13,  7,  3)(  2, 32, 21, 12,  6)
        (  4, 41, 28, 17,  9)(  5, 44, 31, 20, 11)(  8, 54, 40, 27, 16)
        ( 10, 56, 43, 30, 19)( 14, 64, 50, 36, 24)( 15, 67, 53, 39, 26)
        ( 18, 68, 55, 42, 29)( 23, 76, 63, 49, 35)( 25, 78, 66, 52, 38)
        ( 33, 83, 72, 59, 46)( 34, 86, 75, 62, 48)( 37, 87, 77, 65, 51)
        ( 45, 91, 82, 71, 58)( 47, 93, 85, 74, 61)( 57, 96, 90, 81, 70)
