## size 68
BRACES[68] := rec( total := -1, implemented := 11, size := 68, brace := [] );
BRACES[68].brace[1] := rec ( size := 68, perms :=
[ [ (), () ], 
  [ (1,3)(2,4), ( 1, 4)( 2,66)( 3, 9)( 5,63)( 6,68)( 7,60)( 8,59)(10,67)
        (11,56)(12,55)(13,65)(14,64)(15,52)(16,51)(17,62)(18,61)(19,48)(20,47)
        (21,58)(22,57)(23,44)(24,43)(25,54)(26,53)(27,40)(28,39)(29,50)(30,49)
        (31,36)(32,35)(33,46)(34,45)(37,42)(38,41) ], 
  [ ( 5, 9,13,17,21, 8,12,16,20, 7,11,15,19, 6,10,14,18), 
      ( 1,60,56,52,48,44,40,36,32,28,24,20,16,12, 8, 5, 2)( 3,65,62,58,54,50,
         46,42,38,34,30,26,22,18,14,10, 6)( 4,66,63,59,55,51,47,43,39,35,31,
         27,23,19,15,11, 7)( 9,68,67,64,61,57,53,49,45,41,37,33,29,25,21,17,13
         ) ], 
  [ ( 1, 3)( 2, 4)( 5, 9,13,17,21, 8,12,16,20, 7,11,15,19, 6,10,14,18), 
      ( 1,66)( 2,63)( 3,68)( 4,60)( 5,59)( 6,67)( 7,56)( 8,55)( 9,65)(10,64)
        (11,52)(12,51)(13,62)(14,61)(15,48)(16,47)(17,58)(18,57)(19,44)(20,43)
        (21,54)(22,53)(23,40)(24,39)(25,50)(26,49)(27,36)(28,35)(29,46)(30,45)
        (31,32)(33,42)(34,41)(37,38) ], 
  [ ( 5,13,21,12,20,11,19,10,18, 9,17, 8,16, 7,15, 6,14), 
      ( 1,56,48,40,32,24,16, 8, 2,60,52,44,36,28,20,12, 5)( 3,62,54,46,38,30,
         22,14, 6,65,58,50,42,34,26,18,10)( 4,63,55,47,39,31,23,15, 7,66,59,
         51,43,35,27,19,11)( 9,67,61,53,45,37,29,21,13,68,64,57,49,41,33,25,17
         ) ], 
  [ ( 1, 3)( 2, 4)( 5,13,21,12,20,11,19,10,18, 9,17, 8,16, 7,15, 6,14), 
      ( 1,63)( 2,59)( 3,67)( 4,56)( 5,55)( 6,64)( 7,52)( 8,51)( 9,62)(10,61)
        (11,48)(12,47)(13,58)(14,57)(15,44)(16,43)(17,54)(18,53)(19,40)(20,39)
        (21,50)(22,49)(23,36)(24,35)(25,46)(26,45)(27,32)(28,31)(29,42)(30,41)
        (33,38)(34,37)(60,66)(65,68) ], 
  [ ( 5,17,12, 7,19,14, 9,21,16,11, 6,18,13, 8,20,15,10), 
      ( 1,52,40,28,16, 5,60,48,36,24,12, 2,56,44,32,20, 8)( 3,58,46,34,22,10,
         65,54,42,30,18, 6,62,50,38,26,14)( 4,59,47,35,23,11,66,55,43,31,19,
          7,63,51,39,27,15)( 9,64,53,41,29,17,68,61,49,37,25,13,67,57,45,33,21
         ) ], 
  [ ( 1, 3)( 2, 4)( 5,17,12, 7,19,14, 9,21,16,11, 6,18,13, 8,20,15,10), 
      ( 1,59)( 2,55)( 3,64)( 4,52)( 5,51)( 6,61)( 7,48)( 8,47)( 9,58)(10,57)
        (11,44)(12,43)(13,54)(14,53)(15,40)(16,39)(17,50)(18,49)(19,36)(20,35)
        (21,46)(22,45)(23,32)(24,31)(25,42)(26,41)(27,28)(29,38)(30,37)(33,34)
        (56,66)(60,63)(62,68)(65,67) ], 
  [ ( 5,21,20,19,18,17,16,15,14,13,12,11,10, 9, 8, 7, 6), 
      ( 1,48,32,16, 2,52,36,20, 5,56,40,24, 8,60,44,28,12)( 3,54,38,22, 6,58,
         42,26,10,62,46,30,14,65,50,34,18)( 4,55,39,23, 7,59,43,27,11,63,47,
         31,15,66,51,35,19)( 9,61,45,29,13,64,49,33,17,67,53,37,21,68,57,41,25
         ) ], 
  [ ( 1, 3)( 2, 4)( 5,21,20,19,18,17,16,15,14,13,12,11,10, 9, 8, 7, 6), 
      ( 1,55)( 2,51)( 3,61)( 4,48)( 5,47)( 6,57)( 7,44)( 8,43)( 9,54)(10,53)
        (11,40)(12,39)(13,50)(14,49)(15,36)(16,35)(17,46)(18,45)(19,32)(20,31)
        (21,42)(22,41)(23,28)(24,27)(25,38)(26,37)(29,34)(30,33)(52,66)(56,63)
        (58,68)(59,60)(62,67)(64,65) ], 
  [ ( 5, 8,11,14,17,20, 6, 9,12,15,18,21, 7,10,13,16,19), 
      ( 1,44,24, 5,52,32,12,60,40,20, 2,48,28, 8,56,36,16)( 3,50,30,10,58,38,
         18,65,46,26, 6,54,34,14,62,42,22)( 4,51,31,11,59,39,19,66,47,27, 7,
         55,35,15,63,43,23)( 9,57,37,17,64,45,25,68,53,33,13,61,41,21,67,49,29
         ) ], 
  [ ( 1, 3)( 2, 4)( 5, 8,11,14,17,20, 6, 9,12,15,18,21, 7,10,13,16,19), 
      ( 1,51)( 2,47)( 3,57)( 4,44)( 5,43)( 6,53)( 7,40)( 8,39)( 9,50)(10,49)
        (11,36)(12,35)(13,46)(14,45)(15,32)(16,31)(17,42)(18,41)(19,28)(20,27)
        (21,38)(22,37)(23,24)(25,34)(26,33)(29,30)(48,66)(52,63)(54,68)(55,60)
        (56,59)(58,67)(61,65)(62,64) ], 
  [ ( 5,12,19, 9,16, 6,13,20,10,17, 7,14,21,11,18, 8,15), 
      ( 1,40,16,60,36,12,56,32, 8,52,28, 5,48,24, 2,44,20)( 3,46,22,65,42,18,
         62,38,14,58,34,10,54,30, 6,50,26)( 4,47,23,66,43,19,63,39,15,59,35,
         11,55,31, 7,51,27)( 9,53,29,68,49,25,67,45,21,64,41,17,61,37,13,57,33
         ) ], 
  [ ( 1, 3)( 2, 4)( 5,12,19, 9,16, 6,13,20,10,17, 7,14,21,11,18, 8,15), 
      ( 1,47)( 2,43)( 3,53)( 4,40)( 5,39)( 6,49)( 7,36)( 8,35)( 9,46)(10,45)
        (11,32)(12,31)(13,42)(14,41)(15,28)(16,27)(17,38)(18,37)(19,24)(20,23)
        (21,34)(22,33)(25,30)(26,29)(44,66)(48,63)(50,68)(51,60)(52,59)(54,67)
        (55,56)(57,65)(58,64)(61,62) ], 
  [ ( 5,16,10,21,15, 9,20,14, 8,19,13, 7,18,12, 6,17,11), 
      ( 1,36, 8,48,20,60,32, 5,44,16,56,28, 2,40,12,52,24)( 3,42,14,54,26,65,
         38,10,50,22,62,34, 6,46,18,58,30)( 4,43,15,55,27,66,39,11,51,23,63,
         35, 7,47,19,59,31)( 9,49,21,61,33,68,45,17,57,29,67,41,13,53,25,64,37
         ) ], 
  [ ( 1, 3)( 2, 4)( 5,16,10,21,15, 9,20,14, 8,19,13, 7,18,12, 6,17,11), 
      ( 1,43)( 2,39)( 3,49)( 4,36)( 5,35)( 6,45)( 7,32)( 8,31)( 9,42)(10,41)
        (11,28)(12,27)(13,38)(14,37)(15,24)(16,23)(17,34)(18,33)(19,20)(21,30)
        (22,29)(25,26)(40,66)(44,63)(46,68)(47,60)(48,59)(50,67)(51,56)(52,55)
        (53,65)(54,64)(57,62)(58,61) ], 
  [ ( 5,20,18,16,14,12,10, 8, 6,21,19,17,15,13,11, 9, 7), 
      ( 1,32, 2,36, 5,40, 8,44,12,48,16,52,20,56,24,60,28)( 3,38, 6,42,10,46,
         14,50,18,54,22,58,26,62,30,65,34)( 4,39, 7,43,11,47,15,51,19,55,23,
         59,27,63,31,66,35)( 9,45,13,49,17,53,21,57,25,61,29,64,33,67,37,68,41
         ) ], 
  [ ( 1, 3)( 2, 4)( 5,20,18,16,14,12,10, 8, 6,21,19,17,15,13,11, 9, 7), 
      ( 1,39)( 2,35)( 3,45)( 4,32)( 5,31)( 6,41)( 7,28)( 8,27)( 9,38)(10,37)
        (11,24)(12,23)(13,34)(14,33)(15,20)(16,19)(17,30)(18,29)(21,26)(22,25)
        (36,66)(40,63)(42,68)(43,60)(44,59)(46,67)(47,56)(48,55)(49,65)(50,64)
        (51,52)(53,62)(54,61)(57,58) ], 
  [ ( 5, 7, 9,11,13,15,17,19,21, 6, 8,10,12,14,16,18,20), 
      ( 1,28,60,24,56,20,52,16,48,12,44, 8,40, 5,36, 2,32)( 3,34,65,30,62,26,
         58,22,54,18,50,14,46,10,42, 6,38)( 4,35,66,31,63,27,59,23,55,19,51,
         15,47,11,43, 7,39)( 9,41,68,37,67,33,64,29,61,25,57,21,53,17,49,13,45
         ) ], 
  [ ( 1, 3)( 2, 4)( 5, 7, 9,11,13,15,17,19,21, 6, 8,10,12,14,16,18,20), 
      ( 1,35)( 2,31)( 3,41)( 4,28)( 5,27)( 6,37)( 7,24)( 8,23)( 9,34)(10,33)
        (11,20)(12,19)(13,30)(14,29)(15,16)(17,26)(18,25)(21,22)(32,66)(36,63)
        (38,68)(39,60)(40,59)(42,67)(43,56)(44,55)(45,65)(46,64)(47,52)(48,51)
        (49,62)(50,61)(53,58)(54,57) ], 
  [ ( 5,11,17, 6,12,18, 7,13,19, 8,14,20, 9,15,21,10,16), 
      ( 1,24,52,12,40, 2,28,56,16,44, 5,32,60,20,48, 8,36)( 3,30,58,18,46, 6,
         34,62,22,50,10,38,65,26,54,14,42)( 4,31,59,19,47, 7,35,63,23,51,11,
         39,66,27,55,15,43)( 9,37,64,25,53,13,41,67,29,57,17,45,68,33,61,21,49
         ) ], 
  [ ( 1, 3)( 2, 4)( 5,11,17, 6,12,18, 7,13,19, 8,14,20, 9,15,21,10,16), 
      ( 1,31)( 2,27)( 3,37)( 4,24)( 5,23)( 6,33)( 7,20)( 8,19)( 9,30)(10,29)
        (11,16)(12,15)(13,26)(14,25)(17,22)(18,21)(28,66)(32,63)(34,68)(35,60)
        (36,59)(38,67)(39,56)(40,55)(41,65)(42,64)(43,52)(44,51)(45,62)(46,61)
        (47,48)(49,58)(50,57)(53,54) ], 
  [ ( 5,15, 8,18,11,21,14, 7,17,10,20,13, 6,16, 9,19,12), 
      ( 1,20,44, 2,24,48, 5,28,52, 8,32,56,12,36,60,16,40)( 3,26,50, 6,30,54,
         10,34,58,14,38,62,18,42,65,22,46)( 4,27,51, 7,31,55,11,35,59,15,39,
         63,19,43,66,23,47)( 9,33,57,13,37,61,17,41,64,21,45,67,25,49,68,29,53
         ) ], 
  [ ( 1, 3)( 2, 4)( 5,15, 8,18,11,21,14, 7,17,10,20,13, 6,16, 9,19,12), 
      ( 1,27)( 2,23)( 3,33)( 4,20)( 5,19)( 6,29)( 7,16)( 8,15)( 9,26)(10,25)
        (11,12)(13,22)(14,21)(17,18)(24,66)(28,63)(30,68)(31,60)(32,59)(34,67)
        (35,56)(36,55)(37,65)(38,64)(39,52)(40,51)(41,62)(42,61)(43,48)(44,47)
        (45,58)(46,57)(49,54)(50,53) ], 
  [ ( 5,19,16,13,10, 7,21,18,15,12, 9, 6,20,17,14,11, 8), 
      ( 1,16,36,56, 8,28,48, 2,20,40,60,12,32,52, 5,24,44)( 3,22,42,62,14,34,
         54, 6,26,46,65,18,38,58,10,30,50)( 4,23,43,63,15,35,55, 7,27,47,66,
         19,39,59,11,31,51)( 9,29,49,67,21,41,61,13,33,53,68,25,45,64,17,37,57
         ) ], 
  [ ( 1, 3)( 2, 4)( 5,19,16,13,10, 7,21,18,15,12, 9, 6,20,17,14,11, 8), 
      ( 1,23)( 2,19)( 3,29)( 4,16)( 5,15)( 6,25)( 7,12)( 8,11)( 9,22)(10,21)
        (13,18)(14,17)(20,66)(24,63)(26,68)(27,60)(28,59)(30,67)(31,56)(32,55)
        (33,65)(34,64)(35,52)(36,51)(37,62)(38,61)(39,48)(40,47)(41,58)(42,57)
        (43,44)(45,54)(46,53)(49,50) ], 
  [ ( 5, 6, 7, 8, 9,10,11,12,13,14,15,16,17,18,19,20,21), 
      ( 1,12,28,44,60, 8,24,40,56, 5,20,36,52, 2,16,32,48)( 3,18,34,50,65,14,
         30,46,62,10,26,42,58, 6,22,38,54)( 4,19,35,51,66,15,31,47,63,11,27,
         43,59, 7,23,39,55)( 9,25,41,57,68,21,37,53,67,17,33,49,64,13,29,45,61
         ) ], 
  [ ( 1, 3)( 2, 4)( 5, 6, 7, 8, 9,10,11,12,13,14,15,16,17,18,19,20,21), 
      ( 1,19)( 2,15)( 3,25)( 4,12)( 5,11)( 6,21)( 7, 8)( 9,18)(10,17)(13,14)
        (16,66)(20,63)(22,68)(23,60)(24,59)(26,67)(27,56)(28,55)(29,65)(30,64)
        (31,52)(32,51)(33,62)(34,61)(35,48)(36,47)(37,58)(38,57)(39,44)(40,43)
        (41,54)(42,53)(45,50)(46,49) ], 
  [ ( 5,10,15,20, 8,13,18, 6,11,16,21, 9,14,19, 7,12,17), 
      ( 1, 8,20,32,44,56, 2,12,24,36,48,60, 5,16,28,40,52)( 3,14,26,38,50,62,
          6,18,30,42,54,65,10,22,34,46,58)( 4,15,27,39,51,63, 7,19,31,43,55,
         66,11,23,35,47,59)( 9,21,33,45,57,67,13,25,37,49,61,68,17,29,41,53,64
         ) ], 
  [ ( 1, 3)( 2, 4)( 5,10,15,20, 8,13,18, 6,11,16,21, 9,14,19, 7,12,17), 
      ( 1,15)( 2,11)( 3,21)( 4, 8)( 5, 7)( 6,17)( 9,14)(10,13)(12,66)(16,63)
        (18,68)(19,60)(20,59)(22,67)(23,56)(24,55)(25,65)(26,64)(27,52)(28,51)
        (29,62)(30,61)(31,48)(32,47)(33,58)(34,57)(35,44)(36,43)(37,54)(38,53)
        (39,40)(41,50)(42,49)(45,46) ], 
  [ ( 5,14, 6,15, 7,16, 8,17, 9,18,10,19,11,20,12,21,13), 
      ( 1, 5,12,20,28,36,44,52,60, 2, 8,16,24,32,40,48,56)( 3,10,18,26,34,42,
         50,58,65, 6,14,22,30,38,46,54,62)( 4,11,19,27,35,43,51,59,66, 7,15,
         23,31,39,47,55,63)( 9,17,25,33,41,49,57,64,68,13,21,29,37,45,53,61,67
         ) ], 
  [ ( 1, 3)( 2, 4)( 5,14, 6,15, 7,16, 8,17, 9,18,10,19,11,20,12,21,13), 
      ( 1,11)( 2, 7)( 3,17)( 4, 5)( 6,13)( 8,66)( 9,10)(12,63)(14,68)(15,60)
        (16,59)(18,67)(19,56)(20,55)(21,65)(22,64)(23,52)(24,51)(25,62)(26,61)
        (27,48)(28,47)(29,58)(30,57)(31,44)(32,43)(33,54)(34,53)(35,40)(36,39)
        (37,50)(38,49)(41,46)(42,45) ], 
  [ ( 5,18,14,10, 6,19,15,11, 7,20,16,12, 8,21,17,13, 9), 
      ( 1, 2, 5, 8,12,16,20,24,28,32,36,40,44,48,52,56,60)( 3, 6,10,14,18,22,
         26,30,34,38,42,46,50,54,58,62,65)( 4, 7,11,15,19,23,27,31,35,39,43,
         47,51,55,59,63,66)( 9,13,17,21,25,29,33,37,41,45,49,53,57,61,64,67,68
         ) ], 
  [ ( 1, 3)( 2, 4)( 5,18,14,10, 6,19,15,11, 7,20,16,12, 8,21,17,13, 9), 
      ( 1, 7)( 2, 4)( 3,13)( 5,66)( 6, 9)( 8,63)(10,68)(11,60)(12,59)(14,67)
        (15,56)(16,55)(17,65)(18,64)(19,52)(20,51)(21,62)(22,61)(23,48)(24,47)
        (25,58)(26,57)(27,44)(28,43)(29,54)(30,53)(31,40)(32,39)(33,50)(34,49)
        (35,36)(37,46)(38,45)(41,42) ], 
  [ (1,4,3,2), ( 1, 9, 4, 3)( 2,25,66,54)( 5,41,63,38)( 6,12,68,55)
        ( 7,18,60,61)( 8,57,59,22)(10,28,67,39)(11,34,56,45)(13,19,65,48)
        (14,44,64,23)(15,50,52,29)(16,21,51,58)(17,35,62,32)(20,37,47,42)
        (24,53,43,26)(27,30,40,49)(31,46,36,33) ], 
  [ (1,2,3,4), ( 1, 3, 4, 9)( 2,54,66,25)( 5,38,63,41)( 6,55,68,12)
        ( 7,61,60,18)( 8,22,59,57)(10,39,67,28)(11,45,56,34)(13,48,65,19)
        (14,23,64,44)(15,29,52,50)(16,58,51,21)(17,32,62,35)(20,42,47,37)
        (24,26,43,53)(27,49,40,30)(31,33,36,46) ], 
  [ ( 1, 4, 3, 2)( 5, 9,13,17,21, 8,12,16,20, 7,11,15,19, 6,10,14,18), 
      ( 1,68,51,54)( 2,21,47,38)( 3,60,57,55)( 4,65,44,61)( 5,37,43,22)
        ( 6, 8,53,39)( 7,14,40,45)( 9,66,50,48)(10,24,49,23)(11,30,36,29)
        (12,67,35,58)(13,15,46,32)(16,17,31,42)(18,56,41,59)(19,62,28,64)
        (20,33,27,26)(25,63,34,52) ], 
  [ ( 1, 2, 3, 4)( 5, 9,13,17,21, 8,12,16,20, 7,11,15,19, 6,10,14,18), 
      ( 1,65,15,25)( 2,50,11,41)( 3,66,21,12)( 4,68, 8,18)( 5,34, 7,57)
        ( 6,51,17,28)( 9,60,14,19)(10,35,13,44)(16,54,63,37)(20,38,59,53)
        (22,55,67,24)(23,61,56,30)(26,39,64,40)(27,45,52,46)(29,48,62,31)
        (32,58,47,33)(36,42,43,49) ], 
  [ ( 1, 4, 3, 2)( 5,13,21,12,20,11,19,10,18, 9,17, 8,16, 7,15, 6,14), 
      ( 1,67,31,38)( 2,17,27,22)( 3,56,37,39)( 4,62,24,45)( 5,33,23, 6)
        ( 7,10,20,29)( 8,49,19,58)( 9,63,30,32)(11,26,16,13)(12,64,15,42)
        (14,36,25,59)(18,52,21,43)(28,61,66,46)(34,48,68,47)(35,54,60,53)
        (40,41,55,65)(44,57,51,50) ], 
  [ ( 1, 2, 3, 4)( 5,13,21,12,20,11,19,10,18, 9,17, 8,16, 7,15, 6,14), 
      ( 1,62,27,41)( 2,46,23,57)( 3,63,33,28)( 4,67,20,34)( 5,30,19,68)
        ( 6,47,29,44)( 7,53,16,50)( 8,14,15,21)( 9,56,26,35)(10,31,25,60)
        (11,37,12,65)(13,40,22,51)(17,24,18,66)(32,54,59,49)(36,38,55,64)
        (39,61,52,42)(43,45,48,58) ], 
  [ ( 1, 4, 3, 2)( 5,17,12, 7,19,14, 9,21,16,11, 6,18,13, 8,20,15,10), 
      ( 1,64,11,22)( 2,13, 7, 6)( 3,52,17,23)( 4,58, 5,29)( 8,45,66,42)
        ( 9,59,10,16)(12,61,63,26)(14,32,68,43)(15,38,60,49)(18,48,67,27)
        (19,54,56,33)(20,25,55,62)(21,39,65,36)(24,41,51,46)(28,57,47,30)
        (31,34,44,53)(35,50,40,37) ], 
  [ ( 1, 2, 3, 4)( 5,17,12, 7,19,14, 9,21,16,11, 6,18,13, 8,20,15,10), 
      ( 1,58,39,57)( 2,42,35,68)( 3,59,45,44)( 4,64,32,50)( 5,26,31,21)
        ( 6,43,41,60)( 7,49,28,65)( 8,10,27,37)( 9,52,38,51)(11,33,24,14)
        (12,62,23,53)(13,36,34,66)(15,17,20,30)(16,46,19,67)(18,63,29,40)
        (22,47,25,56)(48,54,55,61) ], 
  [ ( 1, 4, 3, 2)( 5,21,20,19,18,17,16,15,14,13,12,11,10, 9, 8, 7, 6), 
      ( 1,61,59, 6)( 2, 9,55,58)( 3,48,64, 7)( 4,54,52,13)( 5,25,51,42)
        ( 8,41,47,26)(10,12,57,43)(11,18,44,49)(14,28,53,27)(15,34,40,33)
        (16,68,39,62)(17,19,50,36)(20,21,35,46)(22,60,45,63)(23,65,32,67)
        (24,37,31,30)(29,66,38,56) ], 
  [ ( 1, 2, 3, 4)( 5,21,20,19,18,17,16,15,14,13,12,11,10, 9, 8, 7, 6), 
      ( 1,54,51,68)( 2,38,47,21)( 3,55,57,60)( 4,61,44,65)( 5,22,43,37)
        ( 6,39,53, 8)( 7,45,40,14)( 9,48,50,66)(10,23,49,24)(11,29,36,30)
        (12,58,35,67)(13,32,46,15)(16,42,31,17)(18,59,41,56)(19,64,28,62)
        (20,26,27,33)(25,52,34,63) ], 
  [ ( 1, 4, 3, 2)( 5, 8,11,14,17,20, 6, 9,12,15,18,21, 7,10,13,16,19), 
      ( 1,57,39,58)( 2,68,35,42)( 3,44,45,59)( 4,50,32,64)( 5,21,31,26)
        ( 6,60,41,43)( 7,65,28,49)( 8,37,27,10)( 9,51,38,52)(11,14,24,33)
        (12,53,23,62)(13,66,34,36)(15,30,20,17)(16,67,19,46)(18,40,29,63)
        (22,56,25,47)(48,61,55,54) ], 
  [ ( 1, 2, 3, 4)( 5, 8,11,14,17,20, 6, 9,12,15,18,21, 7,10,13,16,19), 
      ( 1,50,63,21)( 2,34,59,37)( 3,51,67, 8)( 4,57,56,14)( 5,18,55,53)
        ( 6,35,64,24)( 7,41,52,30)( 9,44,62,15)(10,19,61,40)(11,25,48,46)
        (12,54,47,17)(13,28,58,31)(16,38,43,33)(20,22,39,49)(23,45,36,26)
        (27,29,32,42)(60,65,66,68) ], 
  [ ( 1, 4, 3, 2)( 5,12,19, 9,16, 6,13,20,10,17, 7,14,21,11,18, 8,15), 
      ( 1,53,19,42)( 2,67,15,26)( 3,40,25,43)( 4,46,12,49)( 5,17,11,10)
        ( 6,56,21,27)( 7,62, 8,33)( 9,47,18,36)(13,63,14,20)(16,64,66,30)
        (22,52,68,31)(23,58,60,37)(24,29,59,65)(28,45,55,50)(32,61,51,34)
        (35,38,48,57)(39,54,44,41) ], 
  [ ( 1, 2, 3, 4)( 5,12,19, 9,16, 6,13,20,10,17, 7,14,21,11,18, 8,15), 
      ( 1,46, 7,37)( 2,30, 4,53)( 3,47,13,24)( 5,14,66,67)( 6,31, 9,40)
        ( 8,65,63,17)(10,15,68,56)(11,21,60,62)(12,50,59,33)(16,34,55,49)
        (18,51,64,20)(19,57,52,26)(22,35,61,36)(23,41,48,42)(25,44,58,27)
        (28,54,43,29)(32,38,39,45) ], 
  [ ( 1, 4, 3, 2)( 5,16,10,21,15, 9,20,14, 8,19,13, 7,18,12, 6,17,11), 
      ( 1,49,66,26)( 2,64,63,10)( 3,36,68,27)( 4,42,60,33)( 5,13,59,62)
        ( 6,52,67,11)( 7,58,56,17)( 8,29,55,46)( 9,43,65,20)(12,45,51,30)
        (14,16,61,47)(15,22,48,53)(18,32,57,31)(19,38,44,37)(21,23,54,40)
        (24,25,39,50)(28,41,35,34) ], 
  [ ( 1, 2, 3, 4)( 5,16,10,21,15, 9,20,14, 8,19,13, 7,18,12, 6,17,11), 
      ( 1,42,19,53)( 2,26,15,67)( 3,43,25,40)( 4,49,12,46)( 5,10,11,17)
        ( 6,27,21,56)( 7,33, 8,62)( 9,36,18,47)(13,20,14,63)(16,30,66,64)
        (22,31,68,52)(23,37,60,58)(24,65,59,29)(28,50,55,45)(32,34,51,61)
        (35,57,48,38)(39,41,44,54) ], 
  [ ( 1, 4, 3, 2)( 5,20,18,16,14,12,10, 8, 6,21,19,17,15,13,11, 9, 7), 
      ( 1,45,47,10)( 2,61,43,62)( 3,32,53,11)( 4,38,40,17)( 5, 9,39,46)
        ( 6,48,49,63)( 7,54,36,67)( 8,25,35,30)(12,41,31,14)(13,55,42,56)
        (15,18,28,37)(16,57,27,65)(19,34,24,21)(20,68,23,50)(22,44,33,66)
        (26,60,29,51)(52,64,59,58) ], 
  [ ( 1, 2, 3, 4)( 5,20,18,16,14,12,10, 8, 6,21,19,17,15,13,11, 9, 7), 
      ( 1,38,31,67)( 2,22,27,17)( 3,39,37,56)( 4,45,24,62)( 5, 6,23,33)
        ( 7,29,20,10)( 8,58,19,49)( 9,32,30,63)(11,13,16,26)(12,42,15,64)
        (14,59,25,36)(18,43,21,52)(28,46,66,61)(34,47,68,48)(35,53,60,54)
        (40,65,55,41)(44,50,51,57) ], 
  [ ( 1, 4, 3, 2)( 5, 7, 9,11,13,15,17,19,21, 6, 8,10,12,14,16,18,20), 
      ( 1,41,27,62)( 2,57,23,46)( 3,28,33,63)( 4,34,20,67)( 5,68,19,30)
        ( 6,44,29,47)( 7,50,16,53)( 8,21,15,14)( 9,35,26,56)(10,60,25,31)
        (11,65,12,37)(13,51,22,40)(17,66,18,24)(32,49,59,54)(36,64,55,38)
        (39,42,52,61)(43,58,48,45) ], 
  [ ( 1, 2, 3, 4)( 5, 7, 9,11,13,15,17,19,21, 6, 8,10,12,14,16,18,20), 
      ( 1,34,43,17)( 2,18,39,33)( 3,35,49, 5)( 4,41,36,10)( 6,19,45,20)
        ( 7,25,32,26)( 8,54,31,64)( 9,28,42,11)(12,38,27,13)(14,55,37,52)
        (15,61,24,58)(16,22,23,29)(21,48,30,59)(40,62,66,57)(44,46,63,68)
        (47,67,60,50)(51,53,56,65) ], 
  [ ( 1, 4, 3, 2)( 5,11,17, 6,12,18, 7,13,19, 8,14,20, 9,15,21,10,16), 
      ( 1,37, 7,46)( 2,53, 4,30)( 3,24,13,47)( 5,67,66,14)( 6,40, 9,31)
        ( 8,17,63,65)(10,56,68,15)(11,62,60,21)(12,33,59,50)(16,49,55,34)
        (18,20,64,51)(19,26,52,57)(22,36,61,35)(23,42,48,41)(25,27,58,44)
        (28,29,43,54)(32,45,39,38) ], 
  [ ( 1, 2, 3, 4)( 5,11,17, 6,12,18, 7,13,19, 8,14,20, 9,15,21,10,16), 
      ( 1,30,55,33)( 2,14,51,49)( 3,31,61,20)( 4,37,48,26)( 5,65,47,64)
        ( 6,15,57,36)( 7,21,44,42)( 8,50,43,13)( 9,24,54,27)(10,66,53,52)
        (11,68,40,58)(12,34,39,29)(16,18,35,45)(17,60,46,59)(19,41,32,22)
        (23,25,28,38)(56,62,63,67) ], 
  [ ( 1, 4, 3, 2)( 5,15, 8,18,11,21,14, 7,17,10,20,13, 6,16, 9,19,12), 
      ( 1,33,55,30)( 2,49,51,14)( 3,20,61,31)( 4,26,48,37)( 5,64,47,65)
        ( 6,36,57,15)( 7,42,44,21)( 8,13,43,50)( 9,27,54,24)(10,52,53,66)
        (11,58,40,68)(12,29,39,34)(16,45,35,18)(17,59,46,60)(19,22,32,41)
        (23,38,28,25)(56,67,63,62) ], 
  [ ( 1, 2, 3, 4)( 5,15, 8,18,11,21,14, 7,17,10,20,13, 6,16, 9,19,12), 
      ( 1,26,66,49)( 2,10,63,64)( 3,27,68,36)( 4,33,60,42)( 5,62,59,13)
        ( 6,11,67,52)( 7,17,56,58)( 8,46,55,29)( 9,20,65,43)(12,30,51,45)
        (14,47,61,16)(15,53,48,22)(18,31,57,32)(19,37,44,38)(21,40,54,23)
        (24,50,39,25)(28,34,35,41) ], 
  [ ( 1, 4, 3, 2)( 5,19,16,13,10, 7,21,18,15,12, 9, 6,20,17,14,11, 8), 
      ( 1,29,35,14)( 2,45,31,65)( 3,16,41,15)( 4,22,28,21)( 5,61,27,50)
        ( 6,32,37,66)( 7,38,24,68)( 8, 9,23,34)(10,48,33,51)(11,54,20,57)
        (12,25,19,18)(13,39,30,60)(17,55,26,44)(36,53,63,58)(40,67,59,42)
        (43,46,56,64)(47,62,52,49) ], 
  [ ( 1, 2, 3, 4)( 5,19,16,13,10, 7,21,18,15,12, 9, 6,20,17,14,11, 8), 
      ( 1,22,11,64)( 2, 6, 7,13)( 3,23,17,52)( 4,29, 5,58)( 8,42,66,45)
        ( 9,16,10,59)(12,26,63,61)(14,43,68,32)(15,49,60,38)(18,27,67,48)
        (19,33,56,54)(20,62,55,25)(21,36,65,39)(24,46,51,41)(28,30,47,57)
        (31,53,44,34)(35,37,40,50) ], 
  [ ( 1, 4, 3, 2)( 5, 6, 7, 8, 9,10,11,12,13,14,15,16,17,18,19,20,21), 
      ( 1,25,15,65)( 2,41,11,50)( 3,12,21,66)( 4,18, 8,68)( 5,57, 7,34)
        ( 6,28,17,51)( 9,19,14,60)(10,44,13,35)(16,37,63,54)(20,53,59,38)
        (22,24,67,55)(23,30,56,61)(26,40,64,39)(27,46,52,45)(29,31,62,48)
        (32,33,47,58)(36,49,43,42) ], 
  [ ( 1, 2, 3, 4)( 5, 6, 7, 8, 9,10,11,12,13,14,15,16,17,18,19,20,21), 
      ( 1,18,23,13)( 2, 3,19,29)( 4,25,16, 6)( 5,54,15,45)( 7, 9,12,22)
        ( 8,38,11,61)(10,55,21,32)(14,39,17,48)(20,58,66,41)(24,42,63,57)
        (26,59,68,28)(27,64,60,34)(30,43,67,44)(31,49,56,50)(33,52,65,35)
        (36,62,51,37)(40,46,47,53) ], 
  [ ( 1, 4, 3, 2)( 5,10,15,20, 8,13,18, 6,11,16,21, 9,14,19, 7,12,17), 
      ( 1,21,63,50)( 2,37,59,34)( 3, 8,67,51)( 4,14,56,57)( 5,53,55,18)
        ( 6,24,64,35)( 7,30,52,41)( 9,15,62,44)(10,40,61,19)(11,46,48,25)
        (12,17,47,54)(13,31,58,28)(16,33,43,38)(20,49,39,22)(23,26,36,45)
        (27,42,32,29)(60,68,66,65) ], 
  [ ( 1, 2, 3, 4)( 5,10,15,20, 8,13,18, 6,11,16,21, 9,14,19, 7,12,17), 
      ( 1,14,35,29)( 2,65,31,45)( 3,15,41,16)( 4,21,28,22)( 5,50,27,61)
        ( 6,66,37,32)( 7,68,24,38)( 8,34,23, 9)(10,51,33,48)(11,57,20,54)
        (12,18,19,25)(13,60,30,39)(17,44,26,55)(36,58,63,53)(40,42,59,67)
        (43,64,56,46)(47,49,52,62) ], 
  [ ( 1, 4, 3, 2)( 5,14, 6,15, 7,16, 8,17, 9,18,10,19,11,20,12,21,13), 
      ( 1,17,43,34)( 2,33,39,18)( 3, 5,49,35)( 4,10,36,41)( 6,20,45,19)
        ( 7,26,32,25)( 8,64,31,54)( 9,11,42,28)(12,13,27,38)(14,52,37,55)
        (15,58,24,61)(16,29,23,22)(21,59,30,48)(40,57,66,62)(44,68,63,46)
        (47,50,60,67)(51,65,56,53) ], 
  [ ( 1, 2, 3, 4)( 5,14, 6,15, 7,16, 8,17, 9,18,10,19,11,20,12,21,13), 
      ( 1,10,47,45)( 2,62,43,61)( 3,11,53,32)( 4,17,40,38)( 5,46,39, 9)
        ( 6,63,49,48)( 7,67,36,54)( 8,30,35,25)(12,14,31,41)(13,56,42,55)
        (15,37,28,18)(16,65,27,57)(19,21,24,34)(20,50,23,68)(22,66,33,44)
        (26,51,29,60)(52,58,59,64) ], 
  [ ( 1, 4, 3, 2)( 5,18,14,10, 6,19,15,11, 7,20,16,12, 8,21,17,13, 9), 
      ( 1,13,23,18)( 2,29,19, 3)( 4, 6,16,25)( 5,45,15,54)( 7,22,12, 9)
        ( 8,61,11,38)(10,32,21,55)(14,48,17,39)(20,41,66,58)(24,57,63,42)
        (26,28,68,59)(27,34,60,64)(30,44,67,43)(31,50,56,49)(33,35,65,52)
        (36,37,51,62)(40,53,47,46) ], 
  [ ( 1, 2, 3, 4)( 5,18,14,10, 6,19,15,11, 7,20,16,12, 8,21,17,13, 9), 
      ( 1, 6,59,61)( 2,58,55, 9)( 3, 7,64,48)( 4,13,52,54)( 5,42,51,25)
        ( 8,26,47,41)(10,43,57,12)(11,49,44,18)(14,27,53,28)(15,33,40,34)
        (16,62,39,68)(17,36,50,19)(20,46,35,21)(22,63,45,60)(23,67,32,65)
        (24,30,31,37)(29,56,38,66) ] ]
);

BRACES[68].brace[2] := rec ( size := 68, perms :=
[ [ (), () ], [ (1,3)(2,4), (1,3)(2,4) ], 
  [ ( 5, 9,13,17,21, 8,12,16,20, 7,11,15,19, 6,10,14,18), 
      ( 5,18,14,10, 6,19,15,11, 7,20,16,12, 8,21,17,13, 9) ], 
  [ ( 1, 3)( 2, 4)( 5, 9,13,17,21, 8,12,16,20, 7,11,15,19, 6,10,14,18), 
      ( 1, 3)( 2, 4)( 5,18,14,10, 6,19,15,11, 7,20,16,12, 8,21,17,13, 9) ], 
  [ ( 5,13,21,12,20,11,19,10,18, 9,17, 8,16, 7,15, 6,14), 
      ( 5,14, 6,15, 7,16, 8,17, 9,18,10,19,11,20,12,21,13) ], 
  [ ( 1, 3)( 2, 4)( 5,13,21,12,20,11,19,10,18, 9,17, 8,16, 7,15, 6,14), 
      ( 1, 3)( 2, 4)( 5,14, 6,15, 7,16, 8,17, 9,18,10,19,11,20,12,21,13) ], 
  [ ( 5,17,12, 7,19,14, 9,21,16,11, 6,18,13, 8,20,15,10), 
      ( 5,10,15,20, 8,13,18, 6,11,16,21, 9,14,19, 7,12,17) ], 
  [ ( 1, 3)( 2, 4)( 5,17,12, 7,19,14, 9,21,16,11, 6,18,13, 8,20,15,10), 
      ( 1, 3)( 2, 4)( 5,10,15,20, 8,13,18, 6,11,16,21, 9,14,19, 7,12,17) ], 
  [ ( 5,21,20,19,18,17,16,15,14,13,12,11,10, 9, 8, 7, 6), 
      ( 5, 6, 7, 8, 9,10,11,12,13,14,15,16,17,18,19,20,21) ], 
  [ ( 1, 3)( 2, 4)( 5,21,20,19,18,17,16,15,14,13,12,11,10, 9, 8, 7, 6), 
      ( 1, 3)( 2, 4)( 5, 6, 7, 8, 9,10,11,12,13,14,15,16,17,18,19,20,21) ], 
  [ ( 5, 8,11,14,17,20, 6, 9,12,15,18,21, 7,10,13,16,19), 
      ( 5,19,16,13,10, 7,21,18,15,12, 9, 6,20,17,14,11, 8) ], 
  [ ( 1, 3)( 2, 4)( 5, 8,11,14,17,20, 6, 9,12,15,18,21, 7,10,13,16,19), 
      ( 1, 3)( 2, 4)( 5,19,16,13,10, 7,21,18,15,12, 9, 6,20,17,14,11, 8) ], 
  [ ( 5,12,19, 9,16, 6,13,20,10,17, 7,14,21,11,18, 8,15), 
      ( 5,15, 8,18,11,21,14, 7,17,10,20,13, 6,16, 9,19,12) ], 
  [ ( 1, 3)( 2, 4)( 5,12,19, 9,16, 6,13,20,10,17, 7,14,21,11,18, 8,15), 
      ( 1, 3)( 2, 4)( 5,15, 8,18,11,21,14, 7,17,10,20,13, 6,16, 9,19,12) ], 
  [ ( 5,16,10,21,15, 9,20,14, 8,19,13, 7,18,12, 6,17,11), 
      ( 5,11,17, 6,12,18, 7,13,19, 8,14,20, 9,15,21,10,16) ], 
  [ ( 1, 3)( 2, 4)( 5,16,10,21,15, 9,20,14, 8,19,13, 7,18,12, 6,17,11), 
      ( 1, 3)( 2, 4)( 5,11,17, 6,12,18, 7,13,19, 8,14,20, 9,15,21,10,16) ], 
  [ ( 5,20,18,16,14,12,10, 8, 6,21,19,17,15,13,11, 9, 7), 
      ( 5, 7, 9,11,13,15,17,19,21, 6, 8,10,12,14,16,18,20) ], 
  [ ( 1, 3)( 2, 4)( 5,20,18,16,14,12,10, 8, 6,21,19,17,15,13,11, 9, 7), 
      ( 1, 3)( 2, 4)( 5, 7, 9,11,13,15,17,19,21, 6, 8,10,12,14,16,18,20) ], 
  [ ( 5, 7, 9,11,13,15,17,19,21, 6, 8,10,12,14,16,18,20), 
      ( 5,20,18,16,14,12,10, 8, 6,21,19,17,15,13,11, 9, 7) ], 
  [ ( 1, 3)( 2, 4)( 5, 7, 9,11,13,15,17,19,21, 6, 8,10,12,14,16,18,20), 
      ( 1, 3)( 2, 4)( 5,20,18,16,14,12,10, 8, 6,21,19,17,15,13,11, 9, 7) ], 
  [ ( 5,11,17, 6,12,18, 7,13,19, 8,14,20, 9,15,21,10,16), 
      ( 5,16,10,21,15, 9,20,14, 8,19,13, 7,18,12, 6,17,11) ], 
  [ ( 1, 3)( 2, 4)( 5,11,17, 6,12,18, 7,13,19, 8,14,20, 9,15,21,10,16), 
      ( 1, 3)( 2, 4)( 5,16,10,21,15, 9,20,14, 8,19,13, 7,18,12, 6,17,11) ], 
  [ ( 5,15, 8,18,11,21,14, 7,17,10,20,13, 6,16, 9,19,12), 
      ( 5,12,19, 9,16, 6,13,20,10,17, 7,14,21,11,18, 8,15) ], 
  [ ( 1, 3)( 2, 4)( 5,15, 8,18,11,21,14, 7,17,10,20,13, 6,16, 9,19,12), 
      ( 1, 3)( 2, 4)( 5,12,19, 9,16, 6,13,20,10,17, 7,14,21,11,18, 8,15) ], 
  [ ( 5,19,16,13,10, 7,21,18,15,12, 9, 6,20,17,14,11, 8), 
      ( 5, 8,11,14,17,20, 6, 9,12,15,18,21, 7,10,13,16,19) ], 
  [ ( 1, 3)( 2, 4)( 5,19,16,13,10, 7,21,18,15,12, 9, 6,20,17,14,11, 8), 
      ( 1, 3)( 2, 4)( 5, 8,11,14,17,20, 6, 9,12,15,18,21, 7,10,13,16,19) ], 
  [ ( 5, 6, 7, 8, 9,10,11,12,13,14,15,16,17,18,19,20,21), 
      ( 5,21,20,19,18,17,16,15,14,13,12,11,10, 9, 8, 7, 6) ], 
  [ ( 1, 3)( 2, 4)( 5, 6, 7, 8, 9,10,11,12,13,14,15,16,17,18,19,20,21), 
      ( 1, 3)( 2, 4)( 5,21,20,19,18,17,16,15,14,13,12,11,10, 9, 8, 7, 6) ], 
  [ ( 5,10,15,20, 8,13,18, 6,11,16,21, 9,14,19, 7,12,17), 
      ( 5,17,12, 7,19,14, 9,21,16,11, 6,18,13, 8,20,15,10) ], 
  [ ( 1, 3)( 2, 4)( 5,10,15,20, 8,13,18, 6,11,16,21, 9,14,19, 7,12,17), 
      ( 1, 3)( 2, 4)( 5,17,12, 7,19,14, 9,21,16,11, 6,18,13, 8,20,15,10) ], 
  [ ( 5,14, 6,15, 7,16, 8,17, 9,18,10,19,11,20,12,21,13), 
      ( 5,13,21,12,20,11,19,10,18, 9,17, 8,16, 7,15, 6,14) ], 
  [ ( 1, 3)( 2, 4)( 5,14, 6,15, 7,16, 8,17, 9,18,10,19,11,20,12,21,13), 
      ( 1, 3)( 2, 4)( 5,13,21,12,20,11,19,10,18, 9,17, 8,16, 7,15, 6,14) ], 
  [ ( 5,18,14,10, 6,19,15,11, 7,20,16,12, 8,21,17,13, 9), 
      ( 5, 9,13,17,21, 8,12,16,20, 7,11,15,19, 6,10,14,18) ], 
  [ ( 1, 3)( 2, 4)( 5,18,14,10, 6,19,15,11, 7,20,16,12, 8,21,17,13, 9), 
      ( 1, 3)( 2, 4)( 5, 9,13,17,21, 8,12,16,20, 7,11,15,19, 6,10,14,18) ], 
  [ (1,4,3,2), (1,2,3,4) ], [ (1,2,3,4), (1,4,3,2) ], 
  [ ( 1, 4, 3, 2)( 5, 9,13,17,21, 8,12,16,20, 7,11,15,19, 6,10,14,18), 
      ( 1, 2, 3, 4)( 5,18,14,10, 6,19,15,11, 7,20,16,12, 8,21,17,13, 9) ], 
  [ ( 1, 2, 3, 4)( 5, 9,13,17,21, 8,12,16,20, 7,11,15,19, 6,10,14,18), 
      ( 1, 4, 3, 2)( 5,18,14,10, 6,19,15,11, 7,20,16,12, 8,21,17,13, 9) ], 
  [ ( 1, 4, 3, 2)( 5,13,21,12,20,11,19,10,18, 9,17, 8,16, 7,15, 6,14), 
      ( 1, 2, 3, 4)( 5,14, 6,15, 7,16, 8,17, 9,18,10,19,11,20,12,21,13) ], 
  [ ( 1, 2, 3, 4)( 5,13,21,12,20,11,19,10,18, 9,17, 8,16, 7,15, 6,14), 
      ( 1, 4, 3, 2)( 5,14, 6,15, 7,16, 8,17, 9,18,10,19,11,20,12,21,13) ], 
  [ ( 1, 4, 3, 2)( 5,17,12, 7,19,14, 9,21,16,11, 6,18,13, 8,20,15,10), 
      ( 1, 2, 3, 4)( 5,10,15,20, 8,13,18, 6,11,16,21, 9,14,19, 7,12,17) ], 
  [ ( 1, 2, 3, 4)( 5,17,12, 7,19,14, 9,21,16,11, 6,18,13, 8,20,15,10), 
      ( 1, 4, 3, 2)( 5,10,15,20, 8,13,18, 6,11,16,21, 9,14,19, 7,12,17) ], 
  [ ( 1, 4, 3, 2)( 5,21,20,19,18,17,16,15,14,13,12,11,10, 9, 8, 7, 6), 
      ( 1, 2, 3, 4)( 5, 6, 7, 8, 9,10,11,12,13,14,15,16,17,18,19,20,21) ], 
  [ ( 1, 2, 3, 4)( 5,21,20,19,18,17,16,15,14,13,12,11,10, 9, 8, 7, 6), 
      ( 1, 4, 3, 2)( 5, 6, 7, 8, 9,10,11,12,13,14,15,16,17,18,19,20,21) ], 
  [ ( 1, 4, 3, 2)( 5, 8,11,14,17,20, 6, 9,12,15,18,21, 7,10,13,16,19), 
      ( 1, 2, 3, 4)( 5,19,16,13,10, 7,21,18,15,12, 9, 6,20,17,14,11, 8) ], 
  [ ( 1, 2, 3, 4)( 5, 8,11,14,17,20, 6, 9,12,15,18,21, 7,10,13,16,19), 
      ( 1, 4, 3, 2)( 5,19,16,13,10, 7,21,18,15,12, 9, 6,20,17,14,11, 8) ], 
  [ ( 1, 4, 3, 2)( 5,12,19, 9,16, 6,13,20,10,17, 7,14,21,11,18, 8,15), 
      ( 1, 2, 3, 4)( 5,15, 8,18,11,21,14, 7,17,10,20,13, 6,16, 9,19,12) ], 
  [ ( 1, 2, 3, 4)( 5,12,19, 9,16, 6,13,20,10,17, 7,14,21,11,18, 8,15), 
      ( 1, 4, 3, 2)( 5,15, 8,18,11,21,14, 7,17,10,20,13, 6,16, 9,19,12) ], 
  [ ( 1, 4, 3, 2)( 5,16,10,21,15, 9,20,14, 8,19,13, 7,18,12, 6,17,11), 
      ( 1, 2, 3, 4)( 5,11,17, 6,12,18, 7,13,19, 8,14,20, 9,15,21,10,16) ], 
  [ ( 1, 2, 3, 4)( 5,16,10,21,15, 9,20,14, 8,19,13, 7,18,12, 6,17,11), 
      ( 1, 4, 3, 2)( 5,11,17, 6,12,18, 7,13,19, 8,14,20, 9,15,21,10,16) ], 
  [ ( 1, 4, 3, 2)( 5,20,18,16,14,12,10, 8, 6,21,19,17,15,13,11, 9, 7), 
      ( 1, 2, 3, 4)( 5, 7, 9,11,13,15,17,19,21, 6, 8,10,12,14,16,18,20) ], 
  [ ( 1, 2, 3, 4)( 5,20,18,16,14,12,10, 8, 6,21,19,17,15,13,11, 9, 7), 
      ( 1, 4, 3, 2)( 5, 7, 9,11,13,15,17,19,21, 6, 8,10,12,14,16,18,20) ], 
  [ ( 1, 4, 3, 2)( 5, 7, 9,11,13,15,17,19,21, 6, 8,10,12,14,16,18,20), 
      ( 1, 2, 3, 4)( 5,20,18,16,14,12,10, 8, 6,21,19,17,15,13,11, 9, 7) ], 
  [ ( 1, 2, 3, 4)( 5, 7, 9,11,13,15,17,19,21, 6, 8,10,12,14,16,18,20), 
      ( 1, 4, 3, 2)( 5,20,18,16,14,12,10, 8, 6,21,19,17,15,13,11, 9, 7) ], 
  [ ( 1, 4, 3, 2)( 5,11,17, 6,12,18, 7,13,19, 8,14,20, 9,15,21,10,16), 
      ( 1, 2, 3, 4)( 5,16,10,21,15, 9,20,14, 8,19,13, 7,18,12, 6,17,11) ], 
  [ ( 1, 2, 3, 4)( 5,11,17, 6,12,18, 7,13,19, 8,14,20, 9,15,21,10,16), 
      ( 1, 4, 3, 2)( 5,16,10,21,15, 9,20,14, 8,19,13, 7,18,12, 6,17,11) ], 
  [ ( 1, 4, 3, 2)( 5,15, 8,18,11,21,14, 7,17,10,20,13, 6,16, 9,19,12), 
      ( 1, 2, 3, 4)( 5,12,19, 9,16, 6,13,20,10,17, 7,14,21,11,18, 8,15) ], 
  [ ( 1, 2, 3, 4)( 5,15, 8,18,11,21,14, 7,17,10,20,13, 6,16, 9,19,12), 
      ( 1, 4, 3, 2)( 5,12,19, 9,16, 6,13,20,10,17, 7,14,21,11,18, 8,15) ], 
  [ ( 1, 4, 3, 2)( 5,19,16,13,10, 7,21,18,15,12, 9, 6,20,17,14,11, 8), 
      ( 1, 2, 3, 4)( 5, 8,11,14,17,20, 6, 9,12,15,18,21, 7,10,13,16,19) ], 
  [ ( 1, 2, 3, 4)( 5,19,16,13,10, 7,21,18,15,12, 9, 6,20,17,14,11, 8), 
      ( 1, 4, 3, 2)( 5, 8,11,14,17,20, 6, 9,12,15,18,21, 7,10,13,16,19) ], 
  [ ( 1, 4, 3, 2)( 5, 6, 7, 8, 9,10,11,12,13,14,15,16,17,18,19,20,21), 
      ( 1, 2, 3, 4)( 5,21,20,19,18,17,16,15,14,13,12,11,10, 9, 8, 7, 6) ], 
  [ ( 1, 2, 3, 4)( 5, 6, 7, 8, 9,10,11,12,13,14,15,16,17,18,19,20,21), 
      ( 1, 4, 3, 2)( 5,21,20,19,18,17,16,15,14,13,12,11,10, 9, 8, 7, 6) ], 
  [ ( 1, 4, 3, 2)( 5,10,15,20, 8,13,18, 6,11,16,21, 9,14,19, 7,12,17), 
      ( 1, 2, 3, 4)( 5,17,12, 7,19,14, 9,21,16,11, 6,18,13, 8,20,15,10) ], 
  [ ( 1, 2, 3, 4)( 5,10,15,20, 8,13,18, 6,11,16,21, 9,14,19, 7,12,17), 
      ( 1, 4, 3, 2)( 5,17,12, 7,19,14, 9,21,16,11, 6,18,13, 8,20,15,10) ], 
  [ ( 1, 4, 3, 2)( 5,14, 6,15, 7,16, 8,17, 9,18,10,19,11,20,12,21,13), 
      ( 1, 2, 3, 4)( 5,13,21,12,20,11,19,10,18, 9,17, 8,16, 7,15, 6,14) ], 
  [ ( 1, 2, 3, 4)( 5,14, 6,15, 7,16, 8,17, 9,18,10,19,11,20,12,21,13), 
      ( 1, 4, 3, 2)( 5,13,21,12,20,11,19,10,18, 9,17, 8,16, 7,15, 6,14) ], 
  [ ( 1, 4, 3, 2)( 5,18,14,10, 6,19,15,11, 7,20,16,12, 8,21,17,13, 9), 
      ( 1, 2, 3, 4)( 5, 9,13,17,21, 8,12,16,20, 7,11,15,19, 6,10,14,18) ], 
  [ ( 1, 2, 3, 4)( 5,18,14,10, 6,19,15,11, 7,20,16,12, 8,21,17,13, 9), 
      ( 1, 4, 3, 2)( 5, 9,13,17,21, 8,12,16,20, 7,11,15,19, 6,10,14,18) ] ]
);

BRACES[68].brace[3] := rec ( size := 68, perms :=
[ [ (), () ], 
  [ (1,3)(2,4), ( 1, 3)( 2, 6)( 4, 8)( 5,10)( 7,12)( 9,14)(11,16)(13,18)
        (15,20)(17,22)(19,24)(21,26)(23,28)(25,30)(27,32)(29,34)(31,36)(33,38)
        (35,40)(37,42)(39,44)(41,46)(43,48)(45,50)(47,52)(49,54)(51,56)(53,58)
        (55,60)(57,62)(59,64)(61,65)(63,67)(66,68) ], 
  [ ( 5, 9,13,17,21, 8,12,16,20, 7,11,15,19, 6,10,14,18), 
      ( 1,61,57,53,49,45,41,37,33,29,25,21,17,13, 9, 5, 2)( 3,65,62,58,54,50,
         46,42,38,34,30,26,22,18,14,10, 6)( 4,66,63,59,55,51,47,43,39,35,31,
         27,23,19,15,11, 7)( 8,68,67,64,60,56,52,48,44,40,36,32,28,24,20,16,12
         ) ], 
  [ ( 1, 3)( 2, 4)( 5, 9,13,17,21, 8,12,16,20, 7,11,15,19, 6,10,14,18), 
      ( 1,65,57,58,49,50,41,42,33,34,25,26,17,18, 9,10, 2, 3,61,62,53,54,45,
         46,37,38,29,30,21,22,13,14, 5, 6)( 4,68,63,64,55,56,47,48,39,40,31,
         32,23,24,15,16, 7, 8,66,67,59,60,51,52,43,44,35,36,27,28,19,20,11,12
         ) ], 
  [ ( 5,13,21,12,20,11,19,10,18, 9,17, 8,16, 7,15, 6,14), 
      ( 1,57,49,41,33,25,17, 9, 2,61,53,45,37,29,21,13, 5)( 3,62,54,46,38,30,
         22,14, 6,65,58,50,42,34,26,18,10)( 4,63,55,47,39,31,23,15, 7,66,59,
         51,43,35,27,19,11)( 8,67,60,52,44,36,28,20,12,68,64,56,48,40,32,24,16
         ) ], 
  [ ( 1, 3)( 2, 4)( 5,13,21,12,20,11,19,10,18, 9,17, 8,16, 7,15, 6,14), 
      ( 1,62,49,46,33,30,17,14, 2,65,53,50,37,34,21,18, 5, 3,57,54,41,38,25,
         22, 9, 6,61,58,45,42,29,26,13,10)( 4,67,55,52,39,36,23,20, 7,68,59,
         56,43,40,27,24,11, 8,63,60,47,44,31,28,15,12,66,64,51,48,35,32,19,16
         ) ], 
  [ ( 5,17,12, 7,19,14, 9,21,16,11, 6,18,13, 8,20,15,10), 
      ( 1,53,41,29,17, 5,61,49,37,25,13, 2,57,45,33,21, 9)( 3,58,46,34,22,10,
         65,54,42,30,18, 6,62,50,38,26,14)( 4,59,47,35,23,11,66,55,43,31,19,
          7,63,51,39,27,15)( 8,64,52,40,28,16,68,60,48,36,24,12,67,56,44,32,20
         ) ], 
  [ ( 1, 3)( 2, 4)( 5,17,12, 7,19,14, 9,21,16,11, 6,18,13, 8,20,15,10), 
      ( 1,58,41,34,17,10,61,54,37,30,13, 6,57,50,33,26, 9, 3,53,46,29,22, 5,
         65,49,42,25,18, 2,62,45,38,21,14)( 4,64,47,40,23,16,66,60,43,36,19,
         12,63,56,39,32,15, 8,59,52,35,28,11,68,55,48,31,24, 7,67,51,44,27,20
         ) ], 
  [ ( 5,21,20,19,18,17,16,15,14,13,12,11,10, 9, 8, 7, 6), 
      ( 1,49,33,17, 2,53,37,21, 5,57,41,25, 9,61,45,29,13)( 3,54,38,22, 6,58,
         42,26,10,62,46,30,14,65,50,34,18)( 4,55,39,23, 7,59,43,27,11,63,47,
         31,15,66,51,35,19)( 8,60,44,28,12,64,48,32,16,67,52,36,20,68,56,40,24
         ) ], 
  [ ( 1, 3)( 2, 4)( 5,21,20,19,18,17,16,15,14,13,12,11,10, 9, 8, 7, 6), 
      ( 1,54,33,22, 2,58,37,26, 5,62,41,30, 9,65,45,34,13, 3,49,38,17, 6,53,
         42,21,10,57,46,25,14,61,50,29,18)( 4,60,39,28, 7,64,43,32,11,67,47,
         36,15,68,51,40,19, 8,55,44,23,12,59,48,27,16,63,52,31,20,66,56,35,24
         ) ], 
  [ ( 5, 8,11,14,17,20, 6, 9,12,15,18,21, 7,10,13,16,19), 
      ( 1,45,25, 5,53,33,13,61,41,21, 2,49,29, 9,57,37,17)( 3,50,30,10,58,38,
         18,65,46,26, 6,54,34,14,62,42,22)( 4,51,31,11,59,39,19,66,47,27, 7,
         55,35,15,63,43,23)( 8,56,36,16,64,44,24,68,52,32,12,60,40,20,67,48,28
         ) ], 
  [ ( 1, 3)( 2, 4)( 5, 8,11,14,17,20, 6, 9,12,15,18,21, 7,10,13,16,19), 
      ( 1,50,25,10,53,38,13,65,41,26, 2,54,29,14,57,42,17, 3,45,30, 5,58,33,
         18,61,46,21, 6,49,34, 9,62,37,22)( 4,56,31,16,59,44,19,68,47,32, 7,
         60,35,20,63,48,23, 8,51,36,11,64,39,24,66,52,27,12,55,40,15,67,43,28
         ) ], 
  [ ( 5,12,19, 9,16, 6,13,20,10,17, 7,14,21,11,18, 8,15), 
      ( 1,41,17,61,37,13,57,33, 9,53,29, 5,49,25, 2,45,21)( 3,46,22,65,42,18,
         62,38,14,58,34,10,54,30, 6,50,26)( 4,47,23,66,43,19,63,39,15,59,35,
         11,55,31, 7,51,27)( 8,52,28,68,48,24,67,44,20,64,40,16,60,36,12,56,32
         ) ], 
  [ ( 1, 3)( 2, 4)( 5,12,19, 9,16, 6,13,20,10,17, 7,14,21,11,18, 8,15), 
      ( 1,46,17,65,37,18,57,38, 9,58,29,10,49,30, 2,50,21, 3,41,22,61,42,13,
         62,33,14,53,34, 5,54,25, 6,45,26)( 4,52,23,68,43,24,63,44,15,64,35,
         16,55,36, 7,56,27, 8,47,28,66,48,19,67,39,20,59,40,11,60,31,12,51,32
         ) ], 
  [ ( 5,16,10,21,15, 9,20,14, 8,19,13, 7,18,12, 6,17,11), 
      ( 1,37, 9,49,21,61,33, 5,45,17,57,29, 2,41,13,53,25)( 3,42,14,54,26,65,
         38,10,50,22,62,34, 6,46,18,58,30)( 4,43,15,55,27,66,39,11,51,23,63,
         35, 7,47,19,59,31)( 8,48,20,60,32,68,44,16,56,28,67,40,12,52,24,64,36
         ) ], 
  [ ( 1, 3)( 2, 4)( 5,16,10,21,15, 9,20,14, 8,19,13, 7,18,12, 6,17,11), 
      ( 1,42, 9,54,21,65,33,10,45,22,57,34, 2,46,13,58,25, 3,37,14,49,26,61,
         38, 5,50,17,62,29, 6,41,18,53,30)( 4,48,15,60,27,68,39,16,51,28,63,
         40, 7,52,19,64,31, 8,43,20,55,32,66,44,11,56,23,67,35,12,47,24,59,36
         ) ], 
  [ ( 5,20,18,16,14,12,10, 8, 6,21,19,17,15,13,11, 9, 7), 
      ( 1,33, 2,37, 5,41, 9,45,13,49,17,53,21,57,25,61,29)( 3,38, 6,42,10,46,
         14,50,18,54,22,58,26,62,30,65,34)( 4,39, 7,43,11,47,15,51,19,55,23,
         59,27,63,31,66,35)( 8,44,12,48,16,52,20,56,24,60,28,64,32,67,36,68,40
         ) ], 
  [ ( 1, 3)( 2, 4)( 5,20,18,16,14,12,10, 8, 6,21,19,17,15,13,11, 9, 7), 
      ( 1,38, 2,42, 5,46, 9,50,13,54,17,58,21,62,25,65,29, 3,33, 6,37,10,41,
         14,45,18,49,22,53,26,57,30,61,34)( 4,44, 7,48,11,52,15,56,19,60,23,
         64,27,67,31,68,35, 8,39,12,43,16,47,20,51,24,55,28,59,32,63,36,66,40
         ) ], 
  [ ( 5, 7, 9,11,13,15,17,19,21, 6, 8,10,12,14,16,18,20), 
      ( 1,29,61,25,57,21,53,17,49,13,45, 9,41, 5,37, 2,33)( 3,34,65,30,62,26,
         58,22,54,18,50,14,46,10,42, 6,38)( 4,35,66,31,63,27,59,23,55,19,51,
         15,47,11,43, 7,39)( 8,40,68,36,67,32,64,28,60,24,56,20,52,16,48,12,44
         ) ], 
  [ ( 1, 3)( 2, 4)( 5, 7, 9,11,13,15,17,19,21, 6, 8,10,12,14,16,18,20), 
      ( 1,34,61,30,57,26,53,22,49,18,45,14,41,10,37, 6,33, 3,29,65,25,62,21,
         58,17,54,13,50, 9,46, 5,42, 2,38)( 4,40,66,36,63,32,59,28,55,24,51,
         20,47,16,43,12,39, 8,35,68,31,67,27,64,23,60,19,56,15,52,11,48, 7,44
         ) ], 
  [ ( 5,11,17, 6,12,18, 7,13,19, 8,14,20, 9,15,21,10,16), 
      ( 1,25,53,13,41, 2,29,57,17,45, 5,33,61,21,49, 9,37)( 3,30,58,18,46, 6,
         34,62,22,50,10,38,65,26,54,14,42)( 4,31,59,19,47, 7,35,63,23,51,11,
         39,66,27,55,15,43)( 8,36,64,24,52,12,40,67,28,56,16,44,68,32,60,20,48
         ) ], 
  [ ( 1, 3)( 2, 4)( 5,11,17, 6,12,18, 7,13,19, 8,14,20, 9,15,21,10,16), 
      ( 1,30,53,18,41, 6,29,62,17,50, 5,38,61,26,49,14,37, 3,25,58,13,46, 2,
         34,57,22,45,10,33,65,21,54, 9,42)( 4,36,59,24,47,12,35,67,23,56,11,
         44,66,32,55,20,43, 8,31,64,19,52, 7,40,63,28,51,16,39,68,27,60,15,48
         ) ], 
  [ ( 5,15, 8,18,11,21,14, 7,17,10,20,13, 6,16, 9,19,12), 
      ( 1,21,45, 2,25,49, 5,29,53, 9,33,57,13,37,61,17,41)( 3,26,50, 6,30,54,
         10,34,58,14,38,62,18,42,65,22,46)( 4,27,51, 7,31,55,11,35,59,15,39,
         63,19,43,66,23,47)( 8,32,56,12,36,60,16,40,64,20,44,67,24,48,68,28,52
         ) ], 
  [ ( 1, 3)( 2, 4)( 5,15, 8,18,11,21,14, 7,17,10,20,13, 6,16, 9,19,12), 
      ( 1,26,45, 6,25,54, 5,34,53,14,33,62,13,42,61,22,41, 3,21,50, 2,30,49,
         10,29,58, 9,38,57,18,37,65,17,46)( 4,32,51,12,31,60,11,40,59,20,39,
         67,19,48,66,28,47, 8,27,56, 7,36,55,16,35,64,15,44,63,24,43,68,23,52
         ) ], 
  [ ( 5,19,16,13,10, 7,21,18,15,12, 9, 6,20,17,14,11, 8), 
      ( 1,17,37,57, 9,29,49, 2,21,41,61,13,33,53, 5,25,45)( 3,22,42,62,14,34,
         54, 6,26,46,65,18,38,58,10,30,50)( 4,23,43,63,15,35,55, 7,27,47,66,
         19,39,59,11,31,51)( 8,28,48,67,20,40,60,12,32,52,68,24,44,64,16,36,56
         ) ], 
  [ ( 1, 3)( 2, 4)( 5,19,16,13,10, 7,21,18,15,12, 9, 6,20,17,14,11, 8), 
      ( 1,22,37,62, 9,34,49, 6,21,46,61,18,33,58, 5,30,45, 3,17,42,57,14,29,
         54, 2,26,41,65,13,38,53,10,25,50)( 4,28,43,67,15,40,55,12,27,52,66,
         24,39,64,11,36,51, 8,23,48,63,20,35,60, 7,32,47,68,19,44,59,16,31,56
         ) ], 
  [ ( 5, 6, 7, 8, 9,10,11,12,13,14,15,16,17,18,19,20,21), 
      ( 1,13,29,45,61, 9,25,41,57, 5,21,37,53, 2,17,33,49)( 3,18,34,50,65,14,
         30,46,62,10,26,42,58, 6,22,38,54)( 4,19,35,51,66,15,31,47,63,11,27,
         43,59, 7,23,39,55)( 8,24,40,56,68,20,36,52,67,16,32,48,64,12,28,44,60
         ) ], 
  [ ( 1, 3)( 2, 4)( 5, 6, 7, 8, 9,10,11,12,13,14,15,16,17,18,19,20,21), 
      ( 1,18,29,50,61,14,25,46,57,10,21,42,53, 6,17,38,49, 3,13,34,45,65, 9,
         30,41,62, 5,26,37,58, 2,22,33,54)( 4,24,35,56,66,20,31,52,63,16,27,
         48,59,12,23,44,55, 8,19,40,51,68,15,36,47,67,11,32,43,64, 7,28,39,60
         ) ], 
  [ ( 5,10,15,20, 8,13,18, 6,11,16,21, 9,14,19, 7,12,17), 
      ( 1, 9,21,33,45,57, 2,13,25,37,49,61, 5,17,29,41,53)( 3,14,26,38,50,62,
