BRACES[78] := rec( total := -1, implemented := 6, size := 78, brace := [] );BRACES[78].brace[1] := rec ( size := 78, perms := [ [  (),  (),  
], [  (1, 40)(2, 41)(3, 42)(4, 43)(5, 44)(6, 45)(7, 46)(8, 47)(9, 48)(10, 49)(11, 50)(12, 51)(13, 52)(14, 53)(15, 54)(16, 55)(17, 56)(18, 
57)(19, 58)(20, 59)(21, 60)(22, 61)(23, 62)(24, 63)(25, 64)(26, 65)(27, 66)(28, 67)(29, 68)(30, 69)(31, 70)(32, 71)(33, 72)(34, 73)(35, 
74)(36, 75)(37, 76)(38, 77)(39, 78),  (1, 40)(2, 41)(3, 42)(4, 43)(5, 44)(6, 45)(7, 46)(8, 47)(9, 48)(10, 49)(11, 50)(12, 51)(13, 52)(14, 
66)(15, 67)(16, 68)(17, 69)(18, 70)(19, 71)(20, 72)(21, 73)(22, 74)(23, 75)(24, 76)(25, 77)(26, 78)(27, 53)(28, 54)(29, 55)(30, 56)(31, 
57)(32, 58)(33, 59)(34, 60)(35, 61)(36, 62)(37, 63)(38, 64)(39, 65),  ], [  (1, 14, 27)(2, 15, 28)(3, 16, 29)(4, 17, 30)(5, 18, 31)(6, 19, 
32)(7, 20, 33)(8, 21, 34)(9, 22, 35)(10, 23, 36)(11, 24, 37)(12, 25, 38)(13, 26, 39)(40, 53, 66)(41, 54, 67)(42, 55, 68)(43, 56, 69)(44, 57, 
70)(45, 58, 71)(46, 59, 72)(47, 60, 73)(48, 61, 74)(49, 62, 75)(50, 63, 76)(51, 64, 77)(52, 65, 78),  (1, 27, 14)(2, 28, 15)(3, 29, 16)(4, 30,
17)(5, 31, 18)(6, 32, 19)(7, 33, 20)(8, 34, 21)(9, 35, 22)(10, 36, 23)(11, 37, 24)(12, 38, 25)(13, 39, 26)(40, 66, 53)(41, 67, 54)(42, 68, 
55)(43, 69, 56)(44, 70, 57)(45, 71, 58)(46, 72, 59)(47, 73, 60)(48, 74, 61)(49, 75, 62)(50, 76, 63)(51, 77, 64)(52, 78, 65),  ], [  (1, 7, 13,
6, 12, 5, 11, 4, 10, 3, 9, 2, 8)(14, 20, 26, 19, 25, 18, 24, 17, 23, 16, 22, 15, 21)(27, 33, 39, 32, 38, 31, 37, 30, 36, 29, 35, 28, 34)(40, 
46, 52, 45, 51, 44, 50, 43, 49, 42, 48, 41, 47)(53, 59, 65, 58, 64, 57, 63, 56, 62, 55, 61, 54, 60)(66, 72, 78, 71, 77, 70, 76, 69, 75, 68, 
74, 67, 73),  (1, 8, 2, 9, 3, 10, 4, 11, 5, 12, 6, 13, 7)(14, 21, 15, 22, 16, 23, 17, 24, 18, 25, 19, 26, 20)(27, 34, 28, 35, 29, 36, 30, 37, 
31, 38, 32, 39, 33)(40, 47, 41, 48, 42, 49, 43, 50, 44, 51, 45, 52, 46)(53, 60, 54, 61, 55, 62, 56, 63, 57, 64, 58, 65, 59)(66, 73, 67, 74, 
68, 75, 69, 76, 70, 77, 71, 78, 72),  ], [  (1, 27, 14)(2, 28, 15)(3, 29, 16)(4, 30, 17)(5, 31, 18)(6, 32, 19)(7, 33, 20)(8, 34, 21)(9, 35, 
22)(10, 36, 23)(11, 37, 24)(12, 38, 25)(13, 39, 26)(40, 66, 53)(41, 67, 54)(42, 68, 55)(43, 69, 56)(44, 70, 57)(45, 71, 58)(46, 72, 59)(47, 
73, 60)(48, 74, 61)(49, 75, 62)(50, 76, 63)(51, 77, 64)(52, 78, 65),  (1, 14, 27)(2, 15, 28)(3, 16, 29)(4, 17, 30)(5, 18, 31)(6, 19, 32)(7, 
20, 33)(8, 21, 34)(9, 22, 35)(10, 23, 36)(11, 24, 37)(12, 25, 38)(13, 26, 39)(40, 53, 66)(41, 54, 67)(42, 55, 68)(43, 56, 69)(44, 57, 70)(45, 
58, 71)(46, 59, 72)(47, 60, 73)(48, 61, 74)(49, 62, 75)(50, 63, 76)(51, 64, 77)(52, 65, 78),  ], [  (1, 8, 2, 9, 3, 10, 4, 11, 5, 12, 6, 13, 
7)(14, 21, 15, 22, 16, 23, 17, 24, 18, 25, 19, 26, 20)(27, 34, 28, 35, 29, 36, 30, 37, 31, 38, 32, 39, 33)(40, 47, 41, 48, 42, 49, 43, 50, 44,
51, 45, 52, 46)(53, 60, 54, 61, 55, 62, 56, 63, 57, 64, 58, 65, 59)(66, 73, 67, 74, 68, 75, 69, 76, 70, 77, 71, 78, 72),  (1, 7, 13, 6, 12, 5,
11, 4, 10, 3, 9, 2, 8)(14, 20, 26, 19, 25, 18, 24, 17, 23, 16, 22, 15, 21)(27, 33, 39, 32, 38, 31, 37, 30, 36, 29, 35, 28, 34)(40, 46, 52, 45,
51, 44, 50, 43, 49, 42, 48, 41, 47)(53, 59, 65, 58, 64, 57, 63, 56, 62, 55, 61, 54, 60)(66, 72, 78, 71, 77, 70, 76, 69, 75, 68, 74, 67, 73),  
], [  (1, 66, 14, 40, 27, 53)(2, 67, 15, 41, 28, 54)(3, 68, 16, 42, 29, 55)(4, 69, 17, 43, 30, 56)(5, 70, 18, 44, 31, 57)(6, 71, 19, 45, 32, 
58)(7, 72, 20, 46, 33, 59)(8, 73, 21, 47, 34, 60)(9, 74, 22, 48, 35, 61)(10, 75, 23, 49, 36, 62)(11, 76, 24, 50, 37, 63)(12, 77, 25, 51, 38, 
64)(13, 78, 26, 52, 39, 65),  (1, 66)(2, 67)(3, 68)(4, 69)(5, 70)(6, 71)(7, 72)(8, 73)(9, 74)(10, 75)(11, 76)(12, 77)(13, 78)(14, 53)(15, 
54)(16, 55)(17, 56)(18, 57)(19, 58)(20, 59)(21, 60)(22, 61)(23, 62)(24, 63)(25, 64)(26, 65)(27, 40)(28, 41)(29, 42)(30, 43)(31, 44)(32, 
45)(33, 46)(34, 47)(35, 48)(36, 49)(37, 50)(38, 51)(39, 52),  ], [  (1, 46, 13, 45, 12, 44, 11, 43, 10, 42, 9, 41, 8, 40, 7, 52, 6, 51, 5, 50,
4, 49, 3, 48, 2, 47)(14, 59, 26, 58, 25, 57, 24, 56, 23, 55, 22, 54, 21, 53, 20, 65, 19, 64, 18, 63, 17, 62, 16, 61, 15, 60)(27, 72, 39, 71, 
38, 70, 37, 69, 36, 68, 35, 67, 34, 66, 33, 78, 32, 77, 31, 76, 30, 75, 29, 74, 28, 73),  (1, 47, 2, 48, 3, 49, 4, 50, 5, 51, 6, 52, 7, 40, 8,
41, 9, 42, 10, 43, 11, 44, 12, 45, 13, 46)(14, 73, 15, 74, 16, 75, 17, 76, 18, 77, 19, 78, 20, 66, 21, 67, 22, 68, 23, 69, 24, 70, 25, 71, 26,
72)(27, 60, 28, 61, 29, 62, 30, 63, 31, 64, 32, 65, 33, 53, 34, 54, 35, 55, 36, 56, 37, 57, 38, 58, 39, 59),  ], [  (1, 53, 27, 40, 14, 66)(2,
54, 28, 41, 15, 67)(3, 55, 29, 42, 16, 68)(4, 56, 30, 43, 17, 69)(5, 57, 31, 44, 18, 70)(6, 58, 32, 45, 19, 71)(7, 59, 33, 46, 20, 72)(8, 60, 
34, 47, 21, 73)(9, 61, 35, 48, 22, 74)(10, 62, 36, 49, 23, 75)(11, 63, 37, 50, 24, 76)(12, 64, 38, 51, 25, 77)(13, 65, 39, 52, 26, 78),  (1, 
53)(2, 54)(3, 55)(4, 56)(5, 57)(6, 58)(7, 59)(8, 60)(9, 61)(10, 62)(11, 63)(12, 64)(13, 65)(14, 40)(15, 41)(16, 42)(17, 43)(18, 44)(19, 
45)(20, 46)(21, 47)(22, 48)(23, 49)(24, 50)(25, 51)(26, 52)(27, 66)(28, 67)(29, 68)(30, 69)(31, 70)(32, 71)(33, 72)(34, 73)(35, 74)(36, 
75)(37, 76)(38, 77)(39, 78),  ], [  (1, 47, 2, 48, 3, 49, 4, 50, 5, 51, 6, 52, 7, 40, 8, 41, 9, 42, 10, 43, 11, 44, 12, 45, 13, 46)(14, 60, 
15, 61, 16, 62, 17, 63, 18, 64, 19, 65, 20, 53, 21, 54, 22, 55, 23, 56, 24, 57, 25, 58, 26, 59)(27, 73, 28, 74, 29, 75, 30, 76, 31, 77, 32, 
78, 33, 66, 34, 67, 35, 68, 36, 69, 37, 70, 38, 71, 39, 72),  (1, 46, 13, 45, 12, 44, 11, 43, 10, 42, 9, 41, 8, 40, 7, 52, 6, 51, 5, 50, 4, 
49, 3, 48, 2, 47)(14, 72, 26, 71, 25, 70, 24, 69, 23, 68, 22, 67, 21, 66, 20, 78, 19, 77, 18, 76, 17, 75, 16, 74, 15, 73)(27, 59, 39, 58, 38, 
57, 37, 56, 36, 55, 35, 54, 34, 53, 33, 65, 32, 64, 31, 63, 30, 62, 29, 61, 28, 60),  ], [  (1, 20, 39, 6, 25, 31, 11, 17, 36, 3, 22, 28, 8, 
14, 33, 13, 19, 38, 5, 24, 30, 10, 16, 35, 2, 21, 27, 7, 26, 32, 12, 18, 37, 4, 23, 29, 9, 15, 34)(40, 59, 78, 45, 64, 70, 50, 56, 75, 42, 61,
67, 47, 53, 72, 52, 58, 77, 44, 63, 69, 49, 55, 74, 41, 60, 66, 46, 65, 71, 51, 57, 76, 43, 62, 68, 48, 54, 73),  (1, 34, 15, 9, 29, 23, 4, 
37, 18, 12, 32, 26, 7, 27, 21, 2, 35, 16, 10, 30, 24, 5, 38, 19, 13, 33, 14, 8, 28, 22, 3, 36, 17, 11, 31, 25, 6, 39, 20)(40, 73, 54, 48, 68, 
62, 43, 76, 57, 51, 71, 65, 46, 66, 60, 41, 74, 55, 49, 69, 63, 44, 77, 58, 52, 72, 53, 47, 67, 61, 42, 75, 56, 50, 70, 64, 45, 78, 59),  ], [
(1, 21, 28, 9, 16, 36, 4, 24, 31, 12, 19, 39, 7, 14, 34, 2, 22, 29, 10, 17, 37, 5, 25, 32, 13, 20, 27, 8, 15, 35, 3, 23, 30, 11, 18, 38, 6, 
26, 33)(40, 60, 67, 48, 55, 75, 43, 63, 70, 51, 58, 78, 46, 53, 73, 41, 61, 68, 49, 56, 76, 44, 64, 71, 52, 59, 66, 47, 54, 74, 42, 62, 69, 
50, 57, 77, 45, 65, 72),  (1, 33, 26, 6, 38, 18, 11, 30, 23, 3, 35, 15, 8, 27, 20, 13, 32, 25, 5, 37, 17, 10, 29, 22, 2, 34, 14, 7, 39, 19, 
12, 31, 24, 4, 36, 16, 9, 28, 21)(40, 72, 65, 45, 77, 57, 50, 69, 62, 42, 74, 54, 47, 66, 59, 52, 71, 64, 44, 76, 56, 49, 68, 61, 41, 73, 53, 
46, 78, 58, 51, 70, 63, 43, 75, 55, 48, 67, 60),  ], [  (1, 13, 12, 11, 10, 9, 8, 7, 6, 5, 4, 3, 2)(14, 26, 25, 24, 23, 22, 21, 20, 19, 18, 
17, 16, 15)(27, 39, 38, 37, 36, 35, 34, 33, 32, 31, 30, 29, 28)(40, 52, 51, 50, 49, 48, 47, 46, 45, 44, 43, 42, 41)(53, 65, 64, 63, 62, 61, 
60, 59, 58, 57, 56, 55, 54)(66, 78, 77, 76, 75, 74, 73, 72, 71, 70, 69, 68, 67),  (1, 2, 3, 4, 5, 6, 7, 8, 9, 10, 11, 12, 13)(14, 15, 16, 17, 
18, 19, 20, 21, 22, 23, 24, 25, 26)(27, 28, 29, 30, 31, 32, 33, 34, 35, 36, 37, 38, 39)(40, 41, 42, 43, 44, 45, 46, 47, 48, 49, 50, 51, 
52)(53, 54, 55, 56, 57, 58, 59, 60, 61, 62, 63, 64, 65)(66, 67, 68, 69, 70, 71, 72, 73, 74, 75, 76, 77, 78),  ], [  (1, 33, 26, 6, 38, 18, 11,
30, 23, 3, 35, 15, 8, 27, 20, 13, 32, 25, 5, 37, 17, 10, 29, 22, 2, 34, 14, 7, 39, 19, 12, 31, 24, 4, 36, 16, 9, 28, 21)(40, 72, 65, 45, 77, 
57, 50, 69, 62, 42, 74, 54, 47, 66, 59, 52, 71, 64, 44, 76, 56, 49, 68, 61, 41, 73, 53, 46, 78, 58, 51, 70, 63, 43, 75, 55, 48, 67, 60),  (1, 
21, 28, 9, 16, 36, 4, 24, 31, 12, 19, 39, 7, 14, 34, 2, 22, 29, 10, 17, 37, 5, 25, 32, 13, 20, 27, 8, 15, 35, 3, 23, 30, 11, 18, 38, 6, 26, 
33)(40, 60, 67, 48, 55, 75, 43, 63, 70, 51, 58, 78, 46, 53, 73, 41, 61, 68, 49, 56, 76, 44, 64, 71, 52, 59, 66, 47, 54, 74, 42, 62, 69, 50, 
57, 77, 45, 65, 72),  ], [  (1, 34, 15, 9, 29, 23, 4, 37, 18, 12, 32, 26, 7, 27, 21, 2, 35, 16, 10, 30, 24, 5, 38, 19, 13, 33, 14, 8, 28, 22, 
3, 36, 17, 11, 31, 25, 6, 39, 20)(40, 73, 54, 48, 68, 62, 43, 76, 57, 51, 71, 65, 46, 66, 60, 41, 74, 55, 49, 69, 63, 44, 77, 58, 52, 72, 53, 
47, 67, 61, 42, 75, 56, 50, 70, 64, 45, 78, 59),  (1, 20, 39, 6, 25, 31, 11, 17, 36, 3, 22, 28, 8, 14, 33, 13, 19, 38, 5, 24, 30, 10, 16, 35, 
2, 21, 27, 7, 26, 32, 12, 18, 37, 4, 23, 29, 9, 15, 34)(40, 59, 78, 45, 64, 70, 50, 56, 75, 42, 61, 67, 47, 53, 72, 52, 58, 77, 44, 63, 69, 
49, 55, 74, 41, 60, 66, 46, 65, 71, 51, 57, 76, 43, 62, 68, 48, 54, 73),  ], [  (1, 2, 3, 4, 5, 6, 7, 8, 9, 10, 11, 12, 13)(14, 15, 16, 17, 
18, 19, 20, 21, 22, 23, 24, 25, 26)(27, 28, 29, 30, 31, 32, 33, 34, 35, 36, 37, 38, 39)(40, 41, 42, 43, 44, 45, 46, 47, 48, 49, 50, 51, 
52)(53, 54, 55, 56, 57, 58, 59, 60, 61, 62, 63, 64, 65)(66, 67, 68, 69, 70, 71, 72, 73, 74, 75, 76, 77, 78),  (1, 13, 12, 11, 10, 9, 8, 7, 6, 
5, 4, 3, 2)(14, 26, 25, 24, 23, 22, 21, 20, 19, 18, 17, 16, 15)(27, 39, 38, 37, 36, 35, 34, 33, 32, 31, 30, 29, 28)(40, 52, 51, 50, 49, 48, 
47, 46, 45, 44, 43, 42, 41)(53, 65, 64, 63, 62, 61, 60, 59, 58, 57, 56, 55, 54)(66, 78, 77, 76, 75, 74, 73, 72, 71, 70, 69, 68, 67),  ], [  
(1, 72, 26, 45, 38, 57, 11, 69, 23, 42, 35, 54, 8, 66, 20, 52, 32, 64, 5, 76, 17, 49, 29, 61, 2, 73, 14, 46, 39, 58, 12, 70, 24, 43, 36, 55, 
9, 67, 21, 40, 33, 65, 6, 77, 18, 50, 30, 62, 3, 74, 15, 47, 27, 59, 13, 71, 25, 44, 37, 56, 10, 68, 22, 41, 34, 53, 7, 78, 19, 51, 31, 63, 4,
75, 16, 48, 28, 60),  (1, 73, 2, 74, 3, 75, 4, 76, 5, 77, 6, 78, 7, 66, 8, 67, 9, 68, 10, 69, 11, 70, 12, 71, 13, 72)(14, 60, 15, 61, 16, 62, 
17, 63, 18, 64, 19, 65, 20, 53, 21, 54, 22, 55, 23, 56, 24, 57, 25, 58, 26, 59)(27, 47, 28, 48, 29, 49, 30, 50, 31, 51, 32, 52, 33, 40, 34, 
41, 35, 42, 36, 43, 37, 44, 38, 45, 39, 46),  ], [  (1, 73, 15, 48, 29, 62, 4, 76, 18, 51, 32, 65, 7, 66, 21, 41, 35, 55, 10, 69, 24, 44, 38, 
58, 13, 72, 14, 47, 28, 61, 3, 75, 17, 50, 31, 64, 6, 78, 20, 40, 34, 54, 9, 68, 23, 43, 37, 57, 12, 71, 26, 46, 27, 60, 2, 74, 16, 49, 30, 
63, 5, 77, 19, 52, 33, 53, 8, 67, 22, 42, 36, 56, 11, 70, 25, 45, 39, 59),  (1, 72, 13, 71, 12, 70, 11, 69, 10, 68, 9, 67, 8, 66, 7, 78, 6, 
77, 5, 76, 4, 75, 3, 74, 2, 73)(14, 59, 26, 58, 25, 57, 24, 56, 23, 55, 22, 54, 21, 53, 20, 65, 19, 64, 18, 63, 17, 62, 16, 61, 15, 60)(27, 
46, 39, 45, 38, 44, 37, 43, 36, 42, 35, 41, 34, 40, 33, 52, 32, 51, 31, 50, 30, 49, 29, 48, 28, 47),  ], [  (1, 52, 12, 50, 10, 48, 8, 46, 6, 
44, 4, 42, 2, 40, 13, 51, 11, 49, 9, 47, 7, 45, 5, 43, 3, 41)(14, 65, 25, 63, 23, 61, 21, 59, 19, 57, 17, 55, 15, 53, 26, 64, 24, 62, 22, 60, 
20, 58, 18, 56, 16, 54)(27, 78, 38, 76, 36, 74, 34, 72, 32, 70, 30, 68, 28, 66, 39, 77, 37, 75, 35, 73, 33, 71, 31, 69, 29, 67),  (1, 41, 3, 
43, 5, 45, 7, 47, 9, 49, 11, 51, 13, 40, 2, 42, 4, 44, 6, 46, 8, 48, 10, 50, 12, 52)(14, 67, 16, 69, 18, 71, 20, 73, 22, 75, 24, 77, 26, 66, 
15, 68, 17, 70, 19, 72, 21, 74, 23, 76, 25, 78)(27, 54, 29, 56, 31, 58, 33, 60, 35, 62, 37, 64, 39, 53, 28, 55, 30, 57, 32, 59, 34, 61, 36, 
63, 38, 65),  ], [  (1, 59, 39, 45, 25, 70, 11, 56, 36, 42, 22, 67, 8, 53, 33, 52, 19, 77, 5, 63, 30, 49, 16, 74, 2, 60, 27, 46, 26, 71, 12, 
57, 37, 43, 23, 68, 9, 54, 34, 40, 20, 78, 6, 64, 31, 50, 17, 75, 3, 61, 28, 47, 14, 72, 13, 58, 38, 44, 24, 69, 10, 55, 35, 41, 21, 66, 7, 
65, 32, 51, 18, 76, 4, 62, 29, 48, 15, 73),  (1, 60, 2, 61, 3, 62, 4, 63, 5, 64, 6, 65, 7, 53, 8, 54, 9, 55, 10, 56, 11, 57, 12, 58, 13, 
59)(14, 47, 15, 48, 16, 49, 17, 50, 18, 51, 19, 52, 20, 40, 21, 41, 22, 42, 23, 43, 24, 44, 25, 45, 26, 46)(27, 73, 28, 74, 29, 75, 30, 76, 
31, 77, 32, 78, 33, 66, 34, 67, 35, 68, 36, 69, 37, 70, 38, 71, 39, 72),  ], [  (1, 60, 28, 48, 16, 75, 4, 63, 31, 51, 19, 78, 7, 53, 34, 41, 
22, 68, 10, 56, 37, 44, 25, 71, 13, 59, 27, 47, 15, 74, 3, 62, 30, 50, 18, 77, 6, 65, 33, 40, 21, 67, 9, 55, 36, 43, 24, 70, 12, 58, 39, 46, 
14, 73, 2, 61, 29, 49, 17, 76, 5, 64, 32, 52, 20, 66, 8, 54, 35, 42, 23, 69, 11, 57, 38, 45, 26, 72),  (1, 59, 13, 58, 12, 57, 11, 56, 10, 55,
9, 54, 8, 53, 7, 65, 6, 64, 5, 63, 4, 62, 3, 61, 2, 60)(14, 46, 26, 45, 25, 44, 24, 43, 23, 42, 22, 41, 21, 40, 20, 52, 19, 51, 18, 50, 17, 
49, 16, 48, 15, 47)(27, 72, 39, 71, 38, 70, 37, 69, 36, 68, 35, 67, 34, 66, 33, 78, 32, 77, 31, 76, 30, 75, 29, 74, 28, 73),  ], [  (1, 41, 3,
43, 5, 45, 7, 47, 9, 49, 11, 51, 13, 40, 2, 42, 4, 44, 6, 46, 8, 48, 10, 50, 12, 52)(14, 54, 16, 56, 18, 58, 20, 60, 22, 62, 24, 64, 26, 53, 
15, 55, 17, 57, 19, 59, 21, 61, 23, 63, 25, 65)(27, 67, 29, 69, 31, 71, 33, 73, 35, 75, 37, 77, 39, 66, 28, 68, 30, 70, 32, 72, 34, 74, 36, 
76, 38, 78),  (1, 52, 12, 50, 10, 48, 8, 46, 6, 44, 4, 42, 2, 40, 13, 51, 11, 49, 9, 47, 7, 45, 5, 43, 3, 41)(14, 78, 25, 76, 23, 74, 21, 72, 
19, 70, 17, 68, 15, 66, 26, 77, 24, 75, 22, 73, 20, 71, 18, 69, 16, 67)(27, 65, 38, 63, 36, 61, 34, 59, 32, 57, 30, 55, 28, 53, 39, 64, 37, 
62, 35, 60, 33, 58, 31, 56, 29, 54),  ], [  (1, 26, 38, 11, 23, 35, 8, 20, 32, 5, 17, 29, 2, 14, 39, 12, 24, 36, 9, 21, 33, 6, 18, 30, 3, 15, 
27, 13, 25, 37, 10, 22, 34, 7, 19, 31, 4, 16, 28)(40, 65, 77, 50, 62, 74, 47, 59, 71, 44, 56, 68, 41, 53, 78, 51, 63, 75, 48, 60, 72, 45, 57, 
69, 42, 54, 66, 52, 64, 76, 49, 61, 73, 46, 58, 70, 43, 55, 67),  (1, 28, 16, 4, 31, 19, 7, 34, 22, 10, 37, 25, 13, 27, 15, 3, 30, 18, 6, 33, 
21, 9, 36, 24, 12, 39, 14, 2, 29, 17, 5, 32, 20, 8, 35, 23, 11, 38, 26)(40, 67, 55, 43, 70, 58, 46, 73, 61, 49, 76, 64, 52, 66, 54, 42, 69, 
57, 45, 72, 60, 48, 75, 63, 51, 78, 53, 41, 68, 56, 44, 71, 59, 47, 74, 62, 50, 77, 65),  ], [  (1, 15, 29, 4, 18, 32, 7, 21, 35, 10, 24, 38, 
13, 14, 28, 3, 17, 31, 6, 20, 34, 9, 23, 37, 12, 26, 27, 2, 16, 30, 5, 19, 33, 8, 22, 36, 11, 25, 39)(40, 54, 68, 43, 57, 71, 46, 60, 74, 49, 
63, 77, 52, 53, 67, 42, 56, 70, 45, 59, 73, 48, 62, 76, 51, 65, 66, 41, 55, 69, 44, 58, 72, 47, 61, 75, 50, 64, 78),  (1, 39, 25, 11, 36, 22, 
8, 33, 19, 5, 30, 16, 2, 27, 26, 12, 37, 23, 9, 34, 20, 6, 31, 17, 3, 28, 14, 13, 38, 24, 10, 35, 21, 7, 32, 18, 4, 29, 15)(40, 78, 64, 50, 
75, 61, 47, 72, 58, 44, 69, 55, 41, 66, 65, 51, 76, 62, 48, 73, 59, 45, 70, 56, 42, 67, 53, 52, 77, 63, 49, 74, 60, 46, 71, 57, 43, 68, 54),  
], [  (1, 6, 11, 3, 8, 13, 5, 10, 2, 7, 12, 4, 9)(14, 19, 24, 16, 21, 26, 18, 23, 15, 20, 25, 17, 22)(27, 32, 37, 29, 34, 39, 31, 36, 28, 33, 
38, 30, 35)(40, 45, 50, 42, 47, 52, 44, 49, 41, 46, 51, 43, 48)(53, 58, 63, 55, 60, 65, 57, 62, 54, 59, 64, 56, 61)(66, 71, 76, 68, 73, 78, 
70, 75, 67, 72, 77, 69, 74),  (1, 9, 4, 12, 7, 2, 10, 5, 13, 8, 3, 11, 6)(14, 22, 17, 25, 20, 15, 23, 18, 26, 21, 16, 24, 19)(27, 35, 30, 38, 
33, 28, 36, 31, 39, 34, 29, 37, 32)(40, 48, 43, 51, 46, 41, 49, 44, 52, 47, 42, 50, 45)(53, 61, 56, 64, 59, 54, 62, 57, 65, 60, 55, 63, 
58)(66, 74, 69, 77, 72, 67, 75, 70, 78, 73, 68, 76, 71),  ], [  (1, 39, 25, 11, 36, 22, 8, 33, 19, 5, 30, 16, 2, 27, 26, 12, 37, 23, 9, 34, 
20, 6, 31, 17, 3, 28, 14, 13, 38, 24, 10, 35, 21, 7, 32, 18, 4, 29, 15)(40, 78, 64, 50, 75, 61, 47, 72, 58, 44, 69, 55, 41, 66, 65, 51, 76, 
62, 48, 73, 59, 45, 70, 56, 42, 67, 53, 52, 77, 63, 49, 74, 60, 46, 71, 57, 43, 68, 54),  (1, 15, 29, 4, 18, 32, 7, 21, 35, 10, 24, 38, 13, 
14, 28, 3, 17, 31, 6, 20, 34, 9, 23, 37, 12, 26, 27, 2, 16, 30, 5, 19, 33, 8, 22, 36, 11, 25, 39)(40, 54, 68, 43, 57, 71, 46, 60, 74, 49, 63, 
77, 52, 53, 67, 42, 56, 70, 45, 59, 73, 48, 62, 76, 51, 65, 66, 41, 55, 69, 44, 58, 72, 47, 61, 75, 50, 64, 78),  ], [  (1, 28, 16, 4, 31, 19,
7, 34, 22, 10, 37, 25, 13, 27, 15, 3, 30, 18, 6, 33, 21, 9, 36, 24, 12, 39, 14, 2, 29, 17, 5, 32, 20, 8, 35, 23, 11, 38, 26)(40, 67, 55, 43, 
70, 58, 46, 73, 61, 49, 76, 64, 52, 66, 54, 42, 69, 57, 45, 72, 60, 48, 75, 63, 51, 78, 53, 41, 68, 56, 44, 71, 59, 47, 74, 62, 50, 77, 65),  
(1, 26, 38, 11, 23, 35, 8, 20, 32, 5, 17, 29, 2, 14, 39, 12, 24, 36, 9, 21, 33, 6, 18, 30, 3, 15, 27, 13, 25, 37, 10, 22, 34, 7, 19, 31, 4, 
16, 28)(40, 65, 77, 50, 62, 74, 47, 59, 71, 44, 56, 68, 41, 53, 78, 51, 63, 75, 48, 60, 72, 45, 57, 69, 42, 54, 66, 52, 64, 76, 49, 61, 73, 
46, 58, 70, 43, 55, 67),  ], [  (1, 9, 4, 12, 7, 2, 10, 5, 13, 8, 3, 11, 6)(14, 22, 17, 25, 20, 15, 23, 18, 26, 21, 16, 24, 19)(27, 35, 30, 
38, 33, 28, 36, 31, 39, 34, 29, 37, 32)(40, 48, 43, 51, 46, 41, 49, 44, 52, 47, 42, 50, 45)(53, 61, 56, 64, 59, 54, 62, 57, 65, 60, 55, 63, 
58)(66, 74, 69, 77, 72, 67, 75, 70, 78, 73, 68, 76, 71),  (1, 6, 11, 3, 8, 13, 5, 10, 2, 7, 12, 4, 9)(14, 19, 24, 16, 21, 26, 18, 23, 15, 20, 
25, 17, 22)(27, 32, 37, 29, 34, 39, 31, 36, 28, 33, 38, 30, 35)(40, 45, 50, 42, 47, 52, 44, 49, 41, 46, 51, 43, 48)(53, 58, 63, 55, 60, 65, 
57, 62, 54, 59, 64, 56, 61)(66, 71, 76, 68, 73, 78, 70, 75, 67, 72, 77, 69, 74),  ], [  (1, 78, 25, 50, 36, 61, 8, 72, 19, 44, 30, 55, 2, 66, 
26, 51, 37, 62, 9, 73, 20, 45, 31, 56, 3, 67, 14, 52, 38, 63, 10, 74, 21, 46, 32, 57, 4, 68, 15, 40, 39, 64, 11, 75, 22, 47, 33, 58, 5, 69, 
16, 41, 27, 65, 12, 76, 23, 48, 34, 59, 6, 70, 17, 42, 28, 53, 13, 77, 24, 49, 35, 60, 7, 71, 18, 43, 29, 54),  (1, 67, 3, 69, 5, 71, 7, 73, 
9, 75, 11, 77, 13, 66, 2, 68, 4, 70, 6, 72, 8, 74, 10, 76, 12, 78)(14, 54, 16, 56, 18, 58, 20, 60, 22, 62, 24, 64, 26, 53, 15, 55, 17, 57, 19,
59, 21, 61, 23, 63, 25, 65)(27, 41, 29, 43, 31, 45, 33, 47, 35, 49, 37, 51, 39, 40, 28, 42, 30, 44, 32, 46, 34, 48, 36, 50, 38, 52),  ], [  
(1, 67, 16, 43, 31, 58, 7, 73, 22, 49, 37, 64, 13, 66, 15, 42, 30, 57, 6, 72, 21, 48, 36, 63, 12, 78, 14, 41, 29, 56, 5, 71, 20, 47, 35, 62, 
11, 77, 26, 40, 28, 55, 4, 70, 19, 46, 34, 61, 10, 76, 25, 52, 27, 54, 3, 69, 18, 45, 33, 60, 9, 75, 24, 51, 39, 53, 2, 68, 17, 44, 32, 59, 8,
74, 23, 50, 38, 65),  (1, 78, 12, 76, 10, 74, 8, 72, 6, 70, 4, 68, 2, 66, 13, 77, 11, 75, 9, 73, 7, 71, 5, 69, 3, 67)(14, 65, 25, 63, 23, 61, 
21, 59, 19, 57, 17, 55, 15, 53, 26, 64, 24, 62, 22, 60, 20, 58, 18, 56, 16, 54)(27, 52, 38, 50, 36, 48, 34, 46, 32, 44, 30, 42, 28, 40, 39, 
51, 37, 49, 35, 47, 33, 45, 31, 43, 29, 41),  ], [  (1, 45, 11, 42, 8, 52, 5, 49, 2, 46, 12, 43, 9, 40, 6, 50, 3, 47, 13, 44, 10, 41, 7, 51, 
4, 48)(14, 58, 24, 55, 21, 65, 18, 62, 15, 59, 25, 56, 22, 53, 19, 63, 16, 60, 26, 57, 23, 54, 20, 64, 17, 61)(27, 71, 37, 68, 34, 78, 31, 75,
28, 72, 38, 69, 35, 66, 32, 76, 29, 73, 39, 70, 36, 67, 33, 77, 30, 74),  (1, 48, 4, 51, 7, 41, 10, 44, 13, 47, 3, 50, 6, 40, 9, 43, 12, 46, 
2, 49, 5, 52, 8, 42, 11, 45)(14, 74, 17, 77, 20, 67, 23, 70, 26, 73, 16, 76, 19, 66, 22, 69, 25, 72, 15, 75, 18, 78, 21, 68, 24, 71)(27, 61, 
30, 64, 33, 54, 36, 57, 39, 60, 29, 63, 32, 53, 35, 56, 38, 59, 28, 62, 31, 65, 34, 55, 37, 58),  ], [  (1, 65, 38, 50, 23, 74, 8, 59, 32, 44,
17, 68, 2, 53, 39, 51, 24, 75, 9, 60, 33, 45, 18, 69, 3, 54, 27, 52, 25, 76, 10, 61, 34, 46, 19, 70, 4, 55, 28, 40, 26, 77, 11, 62, 35, 47, 
20, 71, 5, 56, 29, 41, 14, 78, 12, 63, 36, 48, 21, 72, 6, 57, 30, 42, 15, 66, 13, 64, 37, 49, 22, 73, 7, 58, 31, 43, 16, 67),  (1, 54, 3, 56, 
5, 58, 7, 60, 9, 62, 11, 64, 13, 53, 2, 55, 4, 57, 6, 59, 8, 61, 10, 63, 12, 65)(14, 41, 16, 43, 18, 45, 20, 47, 22, 49, 24, 51, 26, 40, 15, 
42, 17, 44, 19, 46, 21, 48, 23, 50, 25, 52)(27, 67, 29, 69, 31, 71, 33, 73, 35, 75, 37, 77, 39, 66, 28, 68, 30, 70, 32, 72, 34, 74, 36, 76, 
38, 78),  ], [  (1, 54, 29, 43, 18, 71, 7, 60, 35, 49, 24, 77, 13, 53, 28, 42, 17, 70, 6, 59, 34, 48, 23, 76, 12, 65, 27, 41, 16, 69, 5, 58, 
33, 47, 22, 75, 11, 64, 39, 40, 15, 68, 4, 57, 32, 46, 21, 74, 10, 63, 38, 52, 14, 67, 3, 56, 31, 45, 20, 73, 9, 62, 37, 51, 26, 66, 2, 55, 
30, 44, 19, 72, 8, 61, 36, 50, 25, 78),  (1, 65, 12, 63, 10, 61, 8, 59, 6, 57, 4, 55, 2, 53, 13, 64, 11, 62, 9, 60, 7, 58, 5, 56, 3, 54)(14, 
52, 25, 50, 23, 48, 21, 46, 19, 44, 17, 42, 15, 40, 26, 51, 24, 49, 22, 47, 20, 45, 18, 43, 16, 41)(27, 78, 38, 76, 36, 74, 34, 72, 32, 70, 
30, 68, 28, 66, 39, 77, 37, 75, 35, 73, 33, 71, 31, 69, 29, 67),  ], [  (1, 48, 4, 51, 7, 41, 10, 44, 13, 47, 3, 50, 6, 40, 9, 43, 12, 46, 2, 
49, 5, 52, 8, 42, 11, 45)(14, 61, 17, 64, 20, 54, 23, 57, 26, 60, 16, 63, 19, 53, 22, 56, 25, 59, 15, 62, 18, 65, 21, 55, 24, 58)(27, 74, 30, 
77, 33, 67, 36, 70, 39, 73, 29, 76, 32, 66, 35, 69, 38, 72, 28, 75, 31, 78, 34, 68, 37, 71),  (1, 45, 11, 42, 8, 52, 5, 49, 2, 46, 12, 43, 9, 
40, 6, 50, 3, 47, 13, 44, 10, 41, 7, 51, 4, 48)(14, 71, 24, 68, 21, 78, 18, 75, 15, 72, 25, 69, 22, 66, 19, 76, 16, 73, 26, 70, 23, 67, 20, 
77, 17, 74)(27, 58, 37, 55, 34, 65, 31, 62, 28, 59, 38, 56, 35, 53, 32, 63, 29, 60, 39, 57, 36, 54, 33, 64, 30, 61),  ], [  (1, 19, 37, 3, 21,
39, 5, 23, 28, 7, 25, 30, 9, 14, 32, 11, 16, 34, 13, 18, 36, 2, 20, 38, 4, 22, 27, 6, 24, 29, 8, 26, 31, 10, 15, 33, 12, 17, 35)(40, 58, 76, 
42, 60, 78, 44, 62, 67, 46, 64, 69, 48, 53, 71, 50, 55, 73, 52, 57, 75, 41, 59, 77, 43, 61, 66, 45, 63, 68, 47, 65, 70, 49, 54, 72, 51, 56, 
74),  (1, 35, 17, 12, 33, 15, 10, 31, 26, 8, 29, 24, 6, 27, 22, 4, 38, 20, 2, 36, 18, 13, 34, 16, 11, 32, 14, 9, 30, 25, 7, 28, 23, 5, 39, 21,
3, 37, 19)(40, 74, 56, 51, 72, 54, 49, 70, 65, 47, 68, 63, 45, 66, 61, 43, 77, 59, 41, 75, 57, 52, 73, 55, 50, 71, 53, 48, 69, 64, 46, 67, 62,
44, 78, 60, 42, 76, 58),  ], [  (1, 22, 30, 12, 20, 28, 10, 18, 39, 8, 16, 37, 6, 14, 35, 4, 25, 33, 2, 23, 31, 13, 21, 29, 11, 19, 27, 9, 17,
38, 7, 15, 36, 5, 26, 34, 3, 24, 32)(40, 61, 69, 51, 59, 67, 49, 57, 78, 47, 55, 76, 45, 53, 74, 43, 64, 72, 41, 62, 70, 52, 60, 68, 50, 58, 
66, 48, 56, 77, 46, 54, 75, 44, 65, 73, 42, 63, 71),  (1, 32, 24, 3, 34, 26, 5, 36, 15, 7, 38, 17, 9, 27, 19, 11, 29, 21, 13, 31, 23, 2, 33, 
25, 4, 35, 14, 6, 37, 16, 8, 39, 18, 10, 28, 20, 12, 30, 22)(40, 71, 63, 42, 73, 65, 44, 75, 54, 46, 77, 56, 48, 66, 58, 50, 68, 60, 52, 70, 
62, 41, 72, 64, 43, 74, 53, 45, 76, 55, 47, 78, 57, 49, 67, 59, 51, 69, 61),  ], [  (1, 12, 10, 8, 6, 4, 2, 13, 11, 9, 7, 5, 3)(14, 25, 23, 
21, 19, 17, 15, 26, 24, 22, 20, 18, 16)(27, 38, 36, 34, 32, 30, 28, 39, 37, 35, 33, 31, 29)(40, 51, 49, 47, 45, 43, 41, 52, 50, 48, 46, 44, 
42)(53, 64, 62, 60, 58, 56, 54, 65, 63, 61, 59, 57, 55)(66, 77, 75, 73, 71, 69, 67, 78, 76, 74, 72, 70, 68),  (1, 3, 5, 7, 9, 11, 13, 2, 4, 6,
8, 10, 12)(14, 16, 18, 20, 22, 24, 26, 15, 17, 19, 21, 23, 25)(27, 29, 31, 33, 35, 37, 39, 28, 30, 32, 34, 36, 38)(40, 42, 44, 46, 48, 50, 52,
41, 43, 45, 47, 49, 51)(53, 55, 57, 59, 61, 63, 65, 54, 56, 58, 60, 62, 64)(66, 68, 70, 72, 74, 76, 78, 67, 69, 71, 73, 75, 77),  ], [  (1, 
32, 24, 3, 34, 26, 5, 36, 15, 7, 38, 17, 9, 27, 19, 11, 29, 21, 13, 31, 23, 2, 33, 25, 4, 35, 14, 6, 37, 16, 8, 39, 18, 10, 28, 20, 12, 30, 
22)(40, 71, 63, 42, 73, 65, 44, 75, 54, 46, 77, 56, 48, 66, 58, 50, 68, 60, 52, 70, 62, 41, 72, 64, 43, 74, 53, 45, 76, 55, 47, 78, 57, 49, 
67, 59, 51, 69, 61),  (1, 22, 30, 12, 20, 28, 10, 18, 39, 8, 16, 37, 6, 14, 35, 4, 25, 33, 2, 23, 31, 13, 21, 29, 11, 19, 27, 9, 17, 38, 7, 
15, 36, 5, 26, 34, 3, 24, 32)(40, 61, 69, 51, 59, 67, 49, 57, 78, 47, 55, 76, 45, 53, 74, 43, 64, 72, 41, 62, 70, 52, 60, 68, 50, 58, 66, 48, 
56, 77, 46, 54, 75, 44, 65, 73, 42, 63, 71),  ], [  (1, 35, 17, 12, 33, 15, 10, 31, 26, 8, 29, 24, 6, 27, 22, 4, 38, 20, 2, 36, 18, 13, 34, 
16, 11, 32, 14, 9, 30, 25, 7, 28, 23, 5, 39, 21, 3, 37, 19)(40, 74, 56, 51, 72, 54, 49, 70, 65, 47, 68, 63, 45, 66, 61, 43, 77, 59, 41, 75, 
57, 52, 73, 55, 50, 71, 53, 48, 69, 64, 46, 67, 62, 44, 78, 60, 42, 76, 58),  (1, 19, 37, 3, 21, 39, 5, 23, 28, 7, 25, 30, 9, 14, 32, 11, 16, 
34, 13, 18, 36, 2, 20, 38, 4, 22, 27, 6, 24, 29, 8, 26, 31, 10, 15, 33, 12, 17, 35)(40, 58, 76, 42, 60, 78, 44, 62, 67, 46, 64, 69, 48, 53, 
71, 50, 55, 73, 52, 57, 75, 41, 59, 77, 43, 61, 66, 45, 63, 68, 47, 65, 70, 49, 54, 72, 51, 56, 74),  ], [  (1, 3, 5, 7, 9, 11, 13, 2, 4, 6, 
8, 10, 12)(14, 16, 18, 20, 22, 24, 26, 15, 17, 19, 21, 23, 25)(27, 29, 31, 33, 35, 37, 39, 28, 30, 32, 34, 36, 38)(40, 42, 44, 46, 48, 50, 52,
41, 43, 45, 47, 49, 51)(53, 55, 57, 59, 61, 63, 65, 54, 56, 58, 60, 62, 64)(66, 68, 70, 72, 74, 76, 78, 67, 69, 71, 73, 75, 77),  (1, 12, 10, 
8, 6, 4, 2, 13, 11, 9, 7, 5, 3)(14, 25, 23, 21, 19, 17, 15, 26, 24, 22, 20, 18, 16)(27, 38, 36, 34, 32, 30, 28, 39, 37, 35, 33, 31, 29)(40, 
51, 49, 47, 45, 43, 41, 52, 50, 48, 46, 44, 42)(53, 64, 62, 60, 58, 56, 54, 65, 63, 61, 59, 57, 55)(66, 77, 75, 73, 71, 69, 67, 78, 76, 74, 
72, 70, 68),  ], [  (1, 71, 24, 42, 34, 65, 5, 75, 15, 46, 38, 56, 9, 66, 19, 50, 29, 60, 13, 70, 23, 41, 33, 64, 4, 74, 14, 45, 37, 55, 8, 
78, 18, 49, 28, 59, 12, 69, 22, 40, 32, 63, 3, 73, 26, 44, 36, 54, 7, 77, 17, 48, 27, 58, 11, 68, 21, 52, 31, 62, 2, 72, 25, 43, 35, 53, 6, 
76, 16, 47, 39, 57, 10, 67, 20, 51, 30, 61),  (1, 74, 4, 77, 7, 67, 10, 70, 13, 73, 3, 76, 6, 66, 9, 69, 12, 72, 2, 75, 5, 78, 8, 68, 11, 
71)(14, 61, 17, 64, 20, 54, 23, 57, 26, 60, 16, 63, 19, 53, 22, 56, 25, 59, 15, 62, 18, 65, 21, 55, 24, 58)(27, 48, 30, 51, 33, 41, 36, 44, 
39, 47, 29, 50, 32, 40, 35, 43, 38, 46, 28, 49, 31, 52, 34, 42, 37, 45),  ], [  (1, 74, 17, 51, 33, 54, 10, 70, 26, 47, 29, 63, 6, 66, 22, 43,
38, 59, 2, 75, 18, 52, 34, 55, 11, 71, 14, 48, 30, 64, 7, 67, 23, 44, 39, 60, 3, 76, 19, 40, 35, 56, 12, 72, 15, 49, 31, 65, 8, 68, 24, 45, 
27, 61, 4, 77, 20, 41, 36, 57, 13, 73, 16, 50, 32, 53, 9, 69, 25, 46, 28, 62, 5, 78, 21, 42, 37, 58),  (1, 71, 11, 68, 8, 78, 5, 75, 2, 72, 
12, 69, 9, 66, 6, 76, 3, 73, 13, 70, 10, 67, 7, 77, 4, 74)(14, 58, 24, 55, 21, 65, 18, 62, 15, 59, 25, 56, 22, 53, 19, 63, 16, 60, 26, 57, 23,
54, 20, 64, 17, 61)(27, 45, 37, 42, 34, 52, 31, 49, 28, 46, 38, 43, 35, 40, 32, 50, 29, 47, 39, 44, 36, 41, 33, 51, 30, 48),  ], [  (1, 51, 
10, 47, 6, 43, 2, 52, 11, 48, 7, 44, 3, 40, 12, 49, 8, 45, 4, 41, 13, 50, 9, 46, 5, 42)(14, 64, 23, 60, 19, 56, 15, 65, 24, 61, 20, 57, 16, 
53, 25, 62, 21, 58, 17, 54, 26, 63, 22, 59, 18, 55)(27, 77, 36, 73, 32, 69, 28, 78, 37, 74, 33, 70, 29, 66, 38, 75, 34, 71, 30, 67, 39, 76, 
35, 72, 31, 68),  (1, 42, 5, 46, 9, 50, 13, 41, 4, 45, 8, 49, 12, 40, 3, 44, 7, 48, 11, 52, 2, 43, 6, 47, 10, 51)(14, 68, 18, 72, 22, 76, 26, 
67, 17, 71, 21, 75, 25, 66, 16, 70, 20, 74, 24, 78, 15, 69, 19, 73, 23, 77)(27, 55, 31, 59, 35, 63, 39, 54, 30, 58, 34, 62, 38, 53, 29, 57, 
33, 61, 37, 65, 28, 56, 32, 60, 36, 64),  ], [  (1, 58, 37, 42, 21, 78, 5, 62, 28, 46, 25, 69, 9, 53, 32, 50, 16, 73, 13, 57, 36, 41, 20, 77, 
4, 61, 27, 45, 24, 68, 8, 65, 31, 49, 15, 72, 12, 56, 35, 40, 19, 76, 3, 60, 39, 44, 23, 67, 7, 64, 30, 48, 14, 71, 11, 55, 34, 52, 18, 75, 2,
59, 38, 43, 22, 66, 6, 63, 29, 47, 26, 70, 10, 54, 33, 51, 17, 74),  (1, 61, 4, 64, 7, 54, 10, 57, 13, 60, 3, 63, 6, 53, 9, 56, 12, 59, 2, 62,
5, 65, 8, 55, 11, 58)(14, 48, 17, 51, 20, 41, 23, 44, 26, 47, 16, 50, 19, 40, 22, 43, 25, 46, 15, 49, 18, 52, 21, 42, 24, 45)(27, 74, 30, 77, 
33, 67, 36, 70, 39, 73, 29, 76, 32, 66, 35, 69, 38, 72, 28, 75, 31, 78, 34, 68, 37, 71),  ], [  (1, 61, 30, 51, 20, 67, 10, 57, 39, 47, 16, 
76, 6, 53, 35, 43, 25, 72, 2, 62, 31, 52, 21, 68, 11, 58, 27, 48, 17, 77, 7, 54, 36, 44, 26, 73, 3, 63, 32, 40, 22, 69, 12, 59, 28, 49, 18, 
78, 8, 55, 37, 45, 14, 74, 4, 64, 33, 41, 23, 70, 13, 60, 29, 50, 19, 66, 9, 56, 38, 46, 15, 75, 5, 65, 34, 42, 24, 71),  (1, 58, 11, 55, 8, 
65, 5, 62, 2, 59, 12, 56, 9, 53, 6, 63, 3, 60, 13, 57, 10, 54, 7, 64, 4, 61)(14, 45, 24, 42, 21, 52, 18, 49, 15, 46, 25, 43, 22, 40, 19, 50, 
16, 47, 26, 44, 23, 41, 20, 51, 17, 48)(27, 71, 37, 68, 34, 78, 31, 75, 28, 72, 38, 69, 35, 66, 32, 76, 29, 73, 39, 70, 36, 67, 33, 77, 30, 
74),  ], [  (1, 42, 5, 46, 9, 50, 13, 41, 4, 45, 8, 49, 12, 40, 3, 44, 7, 48, 11, 52, 2, 43, 6, 47, 10, 51)(14, 55, 18, 59, 22, 63, 26, 54, 
17, 58, 21, 62, 25, 53, 16, 57, 20, 61, 24, 65, 15, 56, 19, 60, 23, 64)(27, 68, 31, 72, 35, 76, 39, 67, 30, 71, 34, 75, 38, 66, 29, 70, 33, 
74, 37, 78, 28, 69, 32, 73, 36, 77),  (1, 51, 10, 47, 6, 43, 2, 52, 11, 48, 7, 44, 3, 40, 12, 49, 8, 45, 4, 41, 13, 50, 9, 46, 5, 42)(14, 77, 
23, 73, 19, 69, 15, 78, 24, 74, 20, 70, 16, 66, 25, 75, 21, 71, 17, 67, 26, 76, 22, 72, 18, 68)(27, 64, 36, 60, 32, 56, 28, 65, 37, 61, 33, 
57, 29, 53, 38, 62, 34, 58, 30, 54, 39, 63, 35, 59, 31, 55),  ], [  (1, 25, 36, 8, 19, 30, 2, 26, 37, 9, 20, 31, 3, 14, 38, 10, 21, 32, 4, 15,
39, 11, 22, 33, 5, 16, 27, 12, 23, 34, 6, 17, 28, 13, 24, 35, 7, 18, 29)(40, 64, 75, 47, 58, 69, 41, 65, 76, 48, 59, 70, 42, 53, 77, 49, 60, 
71, 43, 54, 78, 50, 61, 72, 44, 55, 66, 51, 62, 73, 45, 56, 67, 52, 63, 74, 46, 57, 68),  (1, 29, 18, 7, 35, 24, 13, 28, 17, 6, 34, 23, 12, 
27, 16, 5, 33, 22, 11, 39, 15, 4, 32, 21, 10, 38, 14, 3, 31, 20, 9, 37, 26, 2, 30, 19, 8, 36, 25)(40, 68, 57, 46, 74, 63, 52, 67, 56, 45, 73, 
62, 51, 66, 55, 44, 72, 61, 50, 78, 54, 43, 71, 60, 49, 77, 53, 42, 70, 59, 48, 76, 65, 41, 69, 58, 47, 75, 64),  ], [  (1, 16, 31, 7, 22, 37,
13, 15, 30, 6, 21, 36, 12, 14, 29, 5, 20, 35, 11, 26, 28, 4, 19, 34, 10, 25, 27, 3, 18, 33, 9, 24, 39, 2, 17, 32, 8, 23, 38)(40, 55, 70, 46, 
61, 76, 52, 54, 69, 45, 60, 75, 51, 53, 68, 44, 59, 74, 50, 65, 67, 43, 58, 73, 49, 64, 66, 42, 57, 72, 48, 63, 78, 41, 56, 71, 47, 62, 77),  
(1, 38, 23, 8, 32, 17, 2, 39, 24, 9, 33, 18, 3, 27, 25, 10, 34, 19, 4, 28, 26, 11, 35, 20, 5, 29, 14, 12, 36, 21, 6, 30, 15, 13, 37, 22, 7, 
31, 16)(40, 77, 62, 47, 71, 56, 41, 78, 63, 48, 72, 57, 42, 66, 64, 49, 73, 58, 43, 67, 65, 50, 74, 59, 44, 68, 53, 51, 75, 60, 45, 69, 54, 
52, 76, 61, 46, 70, 55),  ], [  (1, 5, 9, 13, 4, 8, 12, 3, 7, 11, 2, 6, 10)(14, 18, 22, 26, 17, 21, 25, 16, 20, 24, 15, 19, 23)(27, 31, 35, 
39, 30, 34, 38, 29, 33, 37, 28, 32, 36)(40, 44, 48, 52, 43, 47, 51, 42, 46, 50, 41, 45, 49)(53, 57, 61, 65, 56, 60, 64, 55, 59, 63, 54, 58, 
62)(66, 70, 74, 78, 69, 73, 77, 68, 72, 76, 67, 71, 75),  (1, 10, 6, 2, 11, 7, 3, 12, 8, 4, 13, 9, 5)(14, 23, 19, 15, 24, 20, 16, 25, 21, 17, 
26, 22, 18)(27, 36, 32, 28, 37, 33, 29, 38, 34, 30, 39, 35, 31)(40, 49, 45, 41, 50, 46, 42, 51, 47, 43, 52, 48, 44)(53, 62, 58, 54, 63, 59, 
55, 64, 60, 56, 65, 61, 57)(66, 75, 71, 67, 76, 72, 68, 77, 73, 69, 78, 74, 70),  ], [  (1, 38, 23, 8, 32, 17, 2, 39, 24, 9, 33, 18, 3, 27, 
25, 10, 34, 19, 4, 28, 26, 11, 35, 20, 5, 29, 14, 12, 36, 21, 6, 30, 15, 13, 37, 22, 7, 31, 16)(40, 77, 62, 47, 71, 56, 41, 78, 63, 48, 72, 
57, 42, 66, 64, 49, 73, 58, 43, 67, 65, 50, 74, 59, 44, 68, 53, 51, 75, 60, 45, 69, 54, 52, 76, 61, 46, 70, 55),  (1, 16, 31, 7, 22, 37, 13, 
15, 30, 6, 21, 36, 12, 14, 29, 5, 20, 35, 11, 26, 28, 4, 19, 34, 10, 25, 27, 3, 18, 33, 9, 24, 39, 2, 17, 32, 8, 23, 38)(40, 55, 70, 46, 61, 
76, 52, 54, 69, 45, 60, 75, 51, 53, 68, 44, 59, 74, 50, 65, 67, 43, 58, 73, 49, 64, 66, 42, 57, 72, 48, 63, 78, 41, 56, 71, 47, 62, 77),  ], [
(1, 29, 18, 7, 35, 24, 13, 28, 17, 6, 34, 23, 12, 27, 16, 5, 33, 22, 11, 39, 15, 4, 32, 21, 10, 38, 14, 3, 31, 20, 9, 37, 26, 2, 30, 19, 8, 
36, 25)(40, 68, 57, 46, 74, 63, 52, 67, 56, 45, 73, 62, 51, 66, 55, 44, 72, 61, 50, 78, 54, 43, 71, 60, 49, 77, 53, 42, 70, 59, 48, 76, 65, 
41, 69, 58, 47, 75, 64),  (1, 25, 36, 8, 19, 30, 2, 26, 37, 9, 20, 31, 3, 14, 38, 10, 21, 32, 4, 15, 39, 11, 22, 33, 5, 16, 27, 12, 23, 34, 6,
17, 28, 13, 24, 35, 7, 18, 29)(40, 64, 75, 47, 58, 69, 41, 65, 76, 48, 59, 70, 42, 53, 77, 49, 60, 71, 43, 54, 78, 50, 61, 72, 44, 55, 66, 51,
62, 73, 45, 56, 67, 52, 63, 74, 46, 57, 68),  ], [  (1, 10, 6, 2, 11, 7, 3, 12, 8, 4, 13, 9, 5)(14, 23, 19, 15, 24, 20, 16, 25, 21, 17, 26, 
22, 18)(27, 36, 32, 28, 37, 33, 29, 38, 34, 30, 39, 35, 31)(40, 49, 45, 41, 50, 46, 42, 51, 47, 43, 52, 48, 44)(53, 62, 58, 54, 63, 59, 55, 
64, 60, 56, 65, 61, 57)(66, 75, 71, 67, 76, 72, 68, 77, 73, 69, 78, 74, 70),  (1, 5, 9, 13, 4, 8, 12, 3, 7, 11, 2, 6, 10)(14, 18, 22, 26, 17, 
21, 25, 16, 20, 24, 15, 19, 23)(27, 31, 35, 39, 30, 34, 38, 29, 33, 37, 28, 32, 36)(40, 44, 48, 52, 43, 47, 51, 42, 46, 50, 41, 45, 49)(53, 
57, 61, 65, 56, 60, 64, 55, 59, 63, 54, 58, 62)(66, 70, 74, 78, 69, 73, 77, 68, 72, 76, 67, 71, 75),  ], [  (1, 77, 23, 47, 32, 56, 2, 78, 24,
48, 33, 57, 3, 66, 25, 49, 34, 58, 4, 67, 26, 50, 35, 59, 5, 68, 14, 51, 36, 60, 6, 69, 15, 52, 37, 61, 7, 70, 16, 40, 38, 62, 8, 71, 17, 41, 
39, 63, 9, 72, 18, 42, 27, 64, 10, 73, 19, 43, 28, 65, 11, 74, 20, 44, 29, 53, 12, 75, 21, 45, 30, 54, 13, 76, 22, 46, 31, 55),  (1, 68, 5, 
72, 9, 76, 13, 67, 4, 71, 8, 75, 12, 66, 3, 70, 7, 74, 11, 78, 2, 69, 6, 73, 10, 77)(14, 55, 18, 59, 22, 63, 26, 54, 17, 58, 21, 62, 25, 53, 
16, 57, 20, 61, 24, 65, 15, 56, 19, 60, 23, 64)(27, 42, 31, 46, 35, 50, 39, 41, 30, 45, 34, 49, 38, 40, 29, 44, 33, 48, 37, 52, 28, 43, 32, 
47, 36, 51),  ], [  (1, 68, 18, 46, 35, 63, 13, 67, 17, 45, 34, 62, 12, 66, 16, 44, 33, 61, 11, 78, 15, 43, 32, 60, 10, 77, 14, 42, 31, 59, 9,
76, 26, 41, 30, 58, 8, 75, 25, 40, 29, 57, 7, 74, 24, 52, 28, 56, 6, 73, 23, 51, 27, 55, 5, 72, 22, 50, 39, 54, 4, 71, 21, 49, 38, 53, 3, 70, 
20, 48, 37, 65, 2, 69, 19, 47, 36, 64),  (1, 77, 10, 73, 6, 69, 2, 78, 11, 74, 7, 70, 3, 66, 12, 75, 8, 71, 4, 67, 13, 76, 9, 72, 5, 68)(14, 
64, 23, 60, 19, 56, 15, 65, 24, 61, 20, 57, 16, 53, 25, 62, 21, 58, 17, 54, 26, 63, 22, 59, 18, 55)(27, 51, 36, 47, 32, 43, 28, 52, 37, 48, 
33, 44, 29, 40, 38, 49, 34, 45, 30, 41, 39, 50, 35, 46, 31, 42),  ], [  (1, 44, 9, 52, 4, 47, 12, 42, 7, 50, 2, 45, 10, 40, 5, 48, 13, 43, 8, 
51, 3, 46, 11, 41, 6, 49)(14, 57, 22, 65, 17, 60, 25, 55, 20, 63, 15, 58, 23, 53, 18, 61, 26, 56, 21, 64, 16, 59, 24, 54, 19, 62)(27, 70, 35, 
78, 30, 73, 38, 68, 33, 76, 28, 71, 36, 66, 31, 74, 39, 69, 34, 77, 29, 72, 37, 67, 32, 75),  (1, 49, 6, 41, 11, 46, 3, 51, 8, 43, 13, 48, 5, 
40, 10, 45, 2, 50, 7, 42, 12, 47, 4, 52, 9, 44)(14, 75, 19, 67, 24, 72, 16, 77, 21, 69, 26, 74, 18, 66, 23, 71, 15, 76, 20, 68, 25, 73, 17, 
78, 22, 70)(27, 62, 32, 54, 37, 59, 29, 64, 34, 56, 39, 61, 31, 53, 36, 58, 28, 63, 33, 55, 38, 60, 30, 65, 35, 57),  ], [  (1, 64, 36, 47, 
19, 69, 2, 65, 37, 48, 20, 70, 3, 53, 38, 49, 21, 71, 4, 54, 39, 50, 22, 72, 5, 55, 27, 51, 23, 73, 6, 56, 28, 52, 24, 74, 7, 57, 29, 40, 25, 
75, 8, 58, 30, 41, 26, 76, 9, 59, 31, 42, 14, 77, 10, 60, 32, 43, 15, 78, 11, 61, 33, 44, 16, 66, 12, 62, 34, 45, 17, 67, 13, 63, 35, 46, 18, 
68),  (1, 55, 5, 59, 9, 63, 13, 54, 4, 58, 8, 62, 12, 53, 3, 57, 7, 61, 11, 65, 2, 56, 6, 60, 10, 64)(14, 42, 18, 46, 22, 50, 26, 41, 17, 45, 
21, 49, 25, 40, 16, 44, 20, 48, 24, 52, 15, 43, 19, 47, 23, 51)(27, 68, 31, 72, 35, 76, 39, 67, 30, 71, 34, 75, 38, 66, 29, 70, 33, 74, 37, 
78, 28, 69, 32, 73, 36, 77),  ], [  (1, 55, 31, 46, 22, 76, 13, 54, 30, 45, 21, 75, 12, 53, 29, 44, 20, 74, 11, 65, 28, 43, 19, 73, 10, 64, 
27, 42, 18, 72, 9, 63, 39, 41, 17, 71, 8, 62, 38, 40, 16, 70, 7, 61, 37, 52, 15, 69, 6, 60, 36, 51, 14, 68, 5, 59, 35, 50, 26, 67, 4, 58, 34, 
49, 25, 66, 3, 57, 33, 48, 24, 78, 2, 56, 32, 47, 23, 77),  (1, 64, 10, 60, 6, 56, 2, 65, 11, 61, 7, 57, 3, 53, 12, 62, 8, 58, 4, 54, 13, 63, 
9, 59, 5, 55)(14, 51, 23, 47, 19, 43, 15, 52, 24, 48, 20, 44, 16, 40, 25, 49, 21, 45, 17, 41, 26, 50, 22, 46, 18, 42)(27, 77, 36, 73, 32, 69, 
28, 78, 37, 74, 33, 70, 29, 66, 38, 75, 34, 71, 30, 67, 39, 76, 35, 72, 31, 68),  ], [  (1, 49, 6, 41, 11, 46, 3, 51, 8, 43, 13, 48, 5, 40, 
10, 45, 2, 50, 7, 42, 12, 47, 4, 52, 9, 44)(14, 62, 19, 54, 24, 59, 16, 64, 21, 56, 26, 61, 18, 53, 23, 58, 15, 63, 20, 55, 25, 60, 17, 65, 
22, 57)(27, 75, 32, 67, 37, 72, 29, 77, 34, 69, 39, 74, 31, 66, 36, 71, 28, 76, 33, 68, 38, 73, 30, 78, 35, 70),  (1, 44, 9, 52, 4, 47, 12, 
42, 7, 50, 2, 45, 10, 40, 5, 48, 13, 43, 8, 51, 3, 46, 11, 41, 6, 49)(14, 70, 22, 78, 17, 73, 25, 68, 20, 76, 15, 71, 23, 66, 18, 74, 26, 69, 
21, 77, 16, 72, 24, 67, 19, 75)(27, 57, 35, 65, 30, 60, 38, 55, 33, 63, 28, 58, 36, 53, 31, 61, 39, 56, 34, 64, 29, 59, 37, 54, 32, 62),  ], [
(1, 18, 35, 13, 17, 34, 12, 16, 33, 11, 15, 32, 10, 14, 31, 9, 26, 30, 8, 25, 29, 7, 24, 28, 6, 23, 27, 5, 22, 39, 4, 21, 38, 3, 20, 37, 2, 
19, 36)(40, 57, 74, 52, 56, 73, 51, 55, 72, 50, 54, 71, 49, 53, 70, 48, 65, 69, 47, 64, 68, 46, 63, 67, 45, 62, 66, 44, 61, 78, 43, 60, 77, 
42, 59, 76, 41, 58, 75),  (1, 36, 19, 2, 37, 20, 3, 38, 21, 4, 39, 22, 5, 27, 23, 6, 28, 24, 7, 29, 25, 8, 30, 26, 9, 31, 14, 10, 32, 15, 11, 
33, 16, 12, 34, 17, 13, 35, 18)(40, 75, 58, 41, 76, 59, 42, 77, 60, 43, 78, 61, 44, 66, 62, 45, 67, 63, 46, 68, 64, 47, 69, 65, 48, 70, 53, 
49, 71, 54, 50, 72, 55, 51, 73, 56, 52, 74, 57),  ], [  (1, 23, 32, 2, 24, 33, 3, 25, 34, 4, 26, 35, 5, 14, 36, 6, 15, 37, 7, 16, 38, 8, 17, 
39, 9, 18, 27, 10, 19, 28, 11, 20, 29, 12, 21, 30, 13, 22, 31)(40, 62, 71, 41, 63, 72, 42, 64, 73, 43, 65, 74, 44, 53, 75, 45, 54, 76, 46, 55,
77, 47, 56, 78, 48, 57, 66, 49, 58, 67, 50, 59, 68, 51, 60, 69, 52, 61, 70),  (1, 31, 22, 13, 30, 21, 12, 29, 20, 11, 28, 19, 10, 27, 18, 9, 
39, 17, 8, 38, 16, 7, 37, 15, 6, 36, 14, 5, 35, 26, 4, 34, 25, 3, 33, 24, 2, 32, 23)(40, 70, 61, 52, 69, 60, 51, 68, 59, 50, 67, 58, 49, 66, 
57, 48, 78, 56, 47, 77, 55, 46, 76, 54, 45, 75, 53, 44, 74, 65, 43, 73, 64, 42, 72, 63, 41, 71, 62),  ], [  (1, 11, 8, 5, 2, 12, 9, 6, 3, 13, 
10, 7, 4)(14, 24, 21, 18, 15, 25, 22, 19, 16, 26, 23, 20, 17)(27, 37, 34, 31, 28, 38, 35, 32, 29, 39, 36, 33, 30)(40, 50, 47, 44, 41, 51, 48, 
45, 42, 52, 49, 46, 43)(53, 63, 60, 57, 54, 64, 61, 58, 55, 65, 62, 59, 56)(66, 76, 73, 70, 67, 77, 74, 71, 68, 78, 75, 72, 69),  (1, 4, 7, 
10, 13, 3, 6, 9, 12, 2, 5, 8, 11)(14, 17, 20, 23, 26, 16, 19, 22, 25, 15, 18, 21, 24)(27, 30, 33, 36, 39, 29, 32, 35, 38, 28, 31, 34, 37)(40, 
43, 46, 49, 52, 42, 45, 48, 51, 41, 44, 47, 50)(53, 56, 59, 62, 65, 55, 58, 61, 64, 54, 57, 60, 63)(66, 69, 72, 75, 78, 68, 71, 74, 77, 67, 
70, 73, 76),  ], [  (1, 31, 22, 13, 30, 21, 12, 29, 20, 11, 28, 19, 10, 27, 18, 9, 39, 17, 8, 38, 16, 7, 37, 15, 6, 36, 14, 5, 35, 26, 4, 34, 
25, 3, 33, 24, 2, 32, 23)(40, 70, 61, 52, 69, 60, 51, 68, 59, 50, 67, 58, 49, 66, 57, 48, 78, 56, 47, 77, 55, 46, 76, 54, 45, 75, 53, 44, 74, 
65, 43, 73, 64, 42, 72, 63, 41, 71, 62),  (1, 23, 32, 2, 24, 33, 3, 25, 34, 4, 26, 35, 5, 14, 36, 6, 15, 37, 7, 16, 38, 8, 17, 39, 9, 18, 27, 
10, 19, 28, 11, 20, 29, 12, 21, 30, 13, 22, 31)(40, 62, 71, 41, 63, 72, 42, 64, 73, 43, 65, 74, 44, 53, 75, 45, 54, 76, 46, 55, 77, 47, 56, 
78, 48, 57, 66, 49, 58, 67, 50, 59, 68, 51, 60, 69, 52, 61, 70),  ], [  (1, 36, 19, 2, 37, 20, 3, 38, 21, 4, 39, 22, 5, 27, 23, 6, 28, 24, 7, 
29, 25, 8, 30, 26, 9, 31, 14, 10, 32, 15, 11, 33, 16, 12, 34, 17, 13, 35, 18)(40, 75, 58, 41, 76, 59, 42, 77, 60, 43, 78, 61, 44, 66, 62, 45, 
67, 63, 46, 68, 64, 47, 69, 65, 48, 70, 53, 49, 71, 54, 50, 72, 55, 51, 73, 56, 52, 74, 57),  (1, 18, 35, 13, 17, 34, 12, 16, 33, 11, 15, 32, 
10, 14, 31, 9, 26, 30, 8, 25, 29, 7, 24, 28, 6, 23, 27, 5, 22, 39, 4, 21, 38, 3, 20, 37, 2, 19, 36)(40, 57, 74, 52, 56, 73, 51, 55, 72, 50, 
54, 71, 49, 53, 70, 48, 65, 69, 47, 64, 68, 46, 63, 67, 45, 62, 66, 44, 61, 78, 43, 60, 77, 42, 59, 76, 41, 58, 75),  ], [  (1, 4, 7, 10, 13, 
3, 6, 9, 12, 2, 5, 8, 11)(14, 17, 20, 23, 26, 16, 19, 22, 25, 15, 18, 21, 24)(27, 30, 33, 36, 39, 29, 32, 35, 38, 28, 31, 34, 37)(40, 43, 46, 
49, 52, 42, 45, 48, 51, 41, 44, 47, 50)(53, 56, 59, 62, 65, 55, 58, 61, 64, 54, 57, 60, 63)(66, 69, 72, 75, 78, 68, 71, 74, 77, 67, 70, 73, 
76),  (1, 11, 8, 5, 2, 12, 9, 6, 3, 13, 10, 7, 4)(14, 24, 21, 18, 15, 25, 22, 19, 16, 26, 23, 20, 17)(27, 37, 34, 31, 28, 38, 35, 32, 29, 39, 
36, 33, 30)(40, 50, 47, 44, 41, 51, 48, 45, 42, 52, 49, 46, 43)(53, 63, 60, 57, 54, 64, 61, 58, 55, 65, 62, 59, 56)(66, 76, 73, 70, 67, 77, 
74, 71, 68, 78, 75, 72, 69),  ], [  (1, 70, 22, 52, 30, 60, 12, 68, 20, 50, 28, 58, 10, 66, 18, 48, 39, 56, 8, 77, 16, 46, 37, 54, 6, 75, 14, 
44, 35, 65, 4, 73, 25, 42, 33, 63, 2, 71, 23, 40, 31, 61, 13, 69, 21, 51, 29, 59, 11, 67, 19, 49, 27, 57, 9, 78, 17, 47, 38, 55, 7, 76, 15, 
45, 36, 53, 5, 74, 26, 43, 34, 64, 3, 72, 24, 41, 32, 62),  (1, 75, 6, 67, 11, 72, 3, 77, 8, 69, 13, 74, 5, 66, 10, 71, 2, 76, 7, 68, 12, 73, 
4, 78, 9, 70)(14, 62, 19, 54, 24, 59, 16, 64, 21, 56, 26, 61, 18, 53, 23, 58, 15, 63, 20, 55, 25, 60, 17, 65, 22, 57)(27, 49, 32, 41, 37, 46, 
29, 51, 34, 43, 39, 48, 31, 40, 36, 45, 28, 50, 33, 42, 38, 47, 30, 52, 35, 44),  ], [  (1, 75, 19, 41, 37, 59, 3, 77, 21, 43, 39, 61, 5, 66, 
