BRACES[84] := rec( total := -1, implemented := 34, size := 84, brace := [] );BRACES[84].brace[1] := rec ( size := 84, perms := [ [  (),  (),  
], [  (1, 43, 2, 44)(3, 45, 4, 46)(5, 47, 6, 48)(7, 49, 8, 50)(9, 51, 10, 52)(11, 53, 12, 54)(13, 55, 14, 56)(15, 57, 16, 58)(17, 59, 18, 
60)(19, 61, 20, 62)(21, 63, 22, 64)(23, 65, 24, 66)(25, 67, 26, 68)(27, 69, 28, 70)(29, 71, 30, 72)(31, 73, 32, 74)(33, 75, 34, 76)(35, 77, 
36, 78)(37, 79, 38, 80)(39, 81, 40, 82)(41, 83, 42, 84),  (1, 43)(2, 44)(3, 45)(4, 46)(5, 47)(6, 48)(7, 49)(8, 50)(9, 51)(10, 52)(11, 53)(12, 
54)(13, 55)(14, 56)(15, 57)(16, 58)(17, 59)(18, 60)(19, 61)(20, 62)(21, 63)(22, 64)(23, 65)(24, 66)(25, 67)(26, 68)(27, 69)(28, 70)(29, 
71)(30, 72)(31, 73)(32, 74)(33, 75)(34, 76)(35, 77)(36, 78)(37, 79)(38, 80)(39, 81)(40, 82)(41, 83)(42, 84),  ], [  (1, 2)(3, 4)(5, 6)(7, 
8)(9, 10)(11, 12)(13, 14)(15, 16)(17, 18)(19, 20)(21, 22)(23, 24)(25, 26)(27, 28)(29, 30)(31, 32)(33, 34)(35, 36)(37, 38)(39, 40)(41, 42)(43, 
44)(45, 46)(47, 48)(49, 50)(51, 52)(53, 54)(55, 56)(57, 58)(59, 60)(61, 62)(63, 64)(65, 66)(67, 68)(69, 70)(71, 72)(73, 74)(75, 76)(77, 
78)(79, 80)(81, 82)(83, 84),  (1, 2)(3, 4)(5, 6)(7, 8)(9, 10)(11, 12)(13, 14)(15, 16)(17, 18)(19, 20)(21, 22)(23, 24)(25, 26)(27, 28)(29, 
30)(31, 32)(33, 34)(35, 36)(37, 38)(39, 40)(41, 42)(43, 44)(45, 46)(47, 48)(49, 50)(51, 52)(53, 54)(55, 56)(57, 58)(59, 60)(61, 62)(63, 
64)(65, 66)(67, 68)(69, 70)(71, 72)(73, 74)(75, 76)(77, 78)(79, 80)(81, 82)(83, 84),  ], [  (1, 29, 15)(2, 30, 16)(3, 31, 17)(4, 32, 18)(5, 
33, 19)(6, 34, 20)(7, 35, 21)(8, 36, 22)(9, 37, 23)(10, 38, 24)(11, 39, 25)(12, 40, 26)(13, 41, 27)(14, 42, 28)(43, 71, 57)(44, 72, 58)(45, 
73, 59)(46, 74, 60)(47, 75, 61)(48, 76, 62)(49, 77, 63)(50, 78, 64)(51, 79, 65)(52, 80, 66)(53, 81, 67)(54, 82, 68)(55, 83, 69)(56, 84, 70),  
(1, 15, 29)(2, 16, 30)(3, 17, 31)(4, 18, 32)(5, 19, 33)(6, 20, 34)(7, 21, 35)(8, 22, 36)(9, 23, 37)(10, 24, 38)(11, 25, 39)(12, 26, 40)(13, 
27, 41)(14, 28, 42)(43, 57, 71)(44, 58, 72)(45, 59, 73)(46, 60, 74)(47, 61, 75)(48, 62, 76)(49, 63, 77)(50, 64, 78)(51, 65, 79)(52, 66, 
80)(53, 67, 81)(54, 68, 82)(55, 69, 83)(56, 70, 84),  ], [  (1, 5, 9, 13, 3, 7, 11)(2, 6, 10, 14, 4, 8, 12)(15, 19, 23, 27, 17, 21, 25)(16, 
20, 24, 28, 18, 22, 26)(29, 33, 37, 41, 31, 35, 39)(30, 34, 38, 42, 32, 36, 40)(43, 47, 51, 55, 45, 49, 53)(44, 48, 52, 56, 46, 50, 54)(57, 
61, 65, 69, 59, 63, 67)(58, 62, 66, 70, 60, 64, 68)(71, 75, 79, 83, 73, 77, 81)(72, 76, 80, 84, 74, 78, 82),  (1, 11, 7, 3, 13, 9, 5)(2, 12, 
8, 4, 14, 10, 6)(15, 25, 21, 17, 27, 23, 19)(16, 26, 22, 18, 28, 24, 20)(29, 39, 35, 31, 41, 37, 33)(30, 40, 36, 32, 42, 38, 34)(43, 53, 49, 
45, 55, 51, 47)(44, 54, 50, 46, 56, 52, 48)(57, 67, 63, 59, 69, 65, 61)(58, 68, 64, 60, 70, 66, 62)(71, 81, 77, 73, 83, 79, 75)(72, 82, 78, 
74, 84, 80, 76),  ], [  (1, 15, 29)(2, 16, 30)(3, 17, 31)(4, 18, 32)(5, 19, 33)(6, 20, 34)(7, 21, 35)(8, 22, 36)(9, 23, 37)(10, 24, 38)(11, 
25, 39)(12, 26, 40)(13, 27, 41)(14, 28, 42)(43, 57, 71)(44, 58, 72)(45, 59, 73)(46, 60, 74)(47, 61, 75)(48, 62, 76)(49, 63, 77)(50, 64, 
78)(51, 65, 79)(52, 66, 80)(53, 67, 81)(54, 68, 82)(55, 69, 83)(56, 70, 84),  (1, 29, 15)(2, 30, 16)(3, 31, 17)(4, 32, 18)(5, 33, 19)(6, 34, 
20)(7, 35, 21)(8, 36, 22)(9, 37, 23)(10, 38, 24)(11, 39, 25)(12, 40, 26)(13, 41, 27)(14, 42, 28)(43, 71, 57)(44, 72, 58)(45, 73, 59)(46, 74, 
60)(47, 75, 61)(48, 76, 62)(49, 77, 63)(50, 78, 64)(51, 79, 65)(52, 80, 66)(53, 81, 67)(54, 82, 68)(55, 83, 69)(56, 84, 70),  ], [  (1, 11, 7,
3, 13, 9, 5)(2, 12, 8, 4, 14, 10, 6)(15, 25, 21, 17, 27, 23, 19)(16, 26, 22, 18, 28, 24, 20)(29, 39, 35, 31, 41, 37, 33)(30, 40, 36, 32, 42, 
38, 34)(43, 53, 49, 45, 55, 51, 47)(44, 54, 50, 46, 56, 52, 48)(57, 67, 63, 59, 69, 65, 61)(58, 68, 64, 60, 70, 66, 62)(71, 81, 77, 73, 83, 
79, 75)(72, 82, 78, 74, 84, 80, 76),  (1, 5, 9, 13, 3, 7, 11)(2, 6, 10, 14, 4, 8, 12)(15, 19, 23, 27, 17, 21, 25)(16, 20, 24, 28, 18, 22, 
26)(29, 33, 37, 41, 31, 35, 39)(30, 34, 38, 42, 32, 36, 40)(43, 47, 51, 55, 45, 49, 53)(44, 48, 52, 56, 46, 50, 54)(57, 61, 65, 69, 59, 63, 
67)(58, 62, 66, 70, 60, 64, 68)(71, 75, 79, 83, 73, 77, 81)(72, 76, 80, 84, 74, 78, 82),  ], [  (1, 44, 2, 43)(3, 46, 4, 45)(5, 48, 6, 47)(7, 
50, 8, 49)(9, 52, 10, 51)(11, 54, 12, 53)(13, 56, 14, 55)(15, 58, 16, 57)(17, 60, 18, 59)(19, 62, 20, 61)(21, 64, 22, 63)(23, 66, 24, 65)(25, 
68, 26, 67)(27, 70, 28, 69)(29, 72, 30, 71)(31, 74, 32, 73)(33, 76, 34, 75)(35, 78, 36, 77)(37, 80, 38, 79)(39, 82, 40, 81)(41, 84, 42, 83),  
(1, 44)(2, 43)(3, 46)(4, 45)(5, 48)(6, 47)(7, 50)(8, 49)(9, 52)(10, 51)(11, 54)(12, 53)(13, 56)(14, 55)(15, 58)(16, 57)(17, 60)(18, 59)(19, 
62)(20, 61)(21, 64)(22, 63)(23, 66)(24, 65)(25, 68)(26, 67)(27, 70)(28, 69)(29, 72)(30, 71)(31, 74)(32, 73)(33, 76)(34, 75)(35, 78)(36, 
77)(37, 80)(38, 79)(39, 82)(40, 81)(41, 84)(42, 83),  ], [  (1, 71, 16, 44, 29, 57, 2, 72, 15, 43, 30, 58)(3, 73, 18, 46, 31, 59, 4, 74, 17, 
45, 32, 60)(5, 75, 20, 48, 33, 61, 6, 76, 19, 47, 34, 62)(7, 77, 22, 50, 35, 63, 8, 78, 21, 49, 36, 64)(9, 79, 24, 52, 37, 65, 10, 80, 23, 51,
38, 66)(11, 81, 26, 54, 39, 67, 12, 82, 25, 53, 40, 68)(13, 83, 28, 56, 41, 69, 14, 84, 27, 55, 42, 70),  (1, 57, 29, 43, 15, 71)(2, 58, 30, 
44, 16, 72)(3, 59, 31, 45, 17, 73)(4, 60, 32, 46, 18, 74)(5, 61, 33, 47, 19, 75)(6, 62, 34, 48, 20, 76)(7, 63, 35, 49, 21, 77)(8, 64, 36, 50, 
22, 78)(9, 65, 37, 51, 23, 79)(10, 66, 38, 52, 24, 80)(11, 67, 39, 53, 25, 81)(12, 68, 40, 54, 26, 82)(13, 69, 41, 55, 27, 83)(14, 70, 42, 56,
28, 84),  ], [  (1, 47, 10, 56, 3, 49, 12, 44, 5, 51, 14, 46, 7, 53, 2, 48, 9, 55, 4, 50, 11, 43, 6, 52, 13, 45, 8, 54)(15, 61, 24, 70, 17, 
63, 26, 58, 19, 65, 28, 60, 21, 67, 16, 62, 23, 69, 18, 64, 25, 57, 20, 66, 27, 59, 22, 68)(29, 75, 38, 84, 31, 77, 40, 72, 33, 79, 42, 74, 
35, 81, 30, 76, 37, 83, 32, 78, 39, 71, 34, 80, 41, 73, 36, 82),  (1, 53, 7, 45, 13, 51, 5, 43, 11, 49, 3, 55, 9, 47)(2, 54, 8, 46, 14, 52, 6,
44, 12, 50, 4, 56, 10, 48)(15, 67, 21, 59, 27, 65, 19, 57, 25, 63, 17, 69, 23, 61)(16, 68, 22, 60, 28, 66, 20, 58, 26, 64, 18, 70, 24, 62)(29,
81, 35, 73, 41, 79, 33, 71, 39, 77, 31, 83, 37, 75)(30, 82, 36, 74, 42, 80, 34, 72, 40, 78, 32, 84, 38, 76),  ], [  (1, 57, 30, 44, 15, 71, 2,
58, 29, 43, 16, 72)(3, 59, 32, 46, 17, 73, 4, 60, 31, 45, 18, 74)(5, 61, 34, 48, 19, 75, 6, 62, 33, 47, 20, 76)(7, 63, 36, 50, 21, 77, 8, 64, 
35, 49, 22, 78)(9, 65, 38, 52, 23, 79, 10, 66, 37, 51, 24, 80)(11, 67, 40, 54, 25, 81, 12, 68, 39, 53, 26, 82)(13, 69, 42, 56, 27, 83, 14, 70,
41, 55, 28, 84),  (1, 71, 15, 43, 29, 57)(2, 72, 16, 44, 30, 58)(3, 73, 17, 45, 31, 59)(4, 74, 18, 46, 32, 60)(5, 75, 19, 47, 33, 61)(6, 76, 
20, 48, 34, 62)(7, 77, 21, 49, 35, 63)(8, 78, 22, 50, 36, 64)(9, 79, 23, 51, 37, 65)(10, 80, 24, 52, 38, 66)(11, 81, 25, 53, 39, 67)(12, 82, 
26, 54, 40, 68)(13, 83, 27, 55, 41, 69)(14, 84, 28, 56, 42, 70),  ], [  (1, 53, 8, 46, 13, 51, 6, 44, 11, 49, 4, 56, 9, 47, 2, 54, 7, 45, 14, 
52, 5, 43, 12, 50, 3, 55, 10, 48)(15, 67, 22, 60, 27, 65, 20, 58, 25, 63, 18, 70, 23, 61, 16, 68, 21, 59, 28, 66, 19, 57, 26, 64, 17, 69, 24, 
62)(29, 81, 36, 74, 41, 79, 34, 72, 39, 77, 32, 84, 37, 75, 30, 82, 35, 73, 42, 80, 33, 71, 40, 78, 31, 83, 38, 76),  (1, 47, 9, 55, 3, 49, 
11, 43, 5, 51, 13, 45, 7, 53)(2, 48, 10, 56, 4, 50, 12, 44, 6, 52, 14, 46, 8, 54)(15, 61, 23, 69, 17, 63, 25, 57, 19, 65, 27, 59, 21, 67)(16, 
62, 24, 70, 18, 64, 26, 58, 20, 66, 28, 60, 22, 68)(29, 75, 37, 83, 31, 77, 39, 71, 33, 79, 41, 73, 35, 81)(30, 76, 38, 84, 32, 78, 40, 72, 
34, 80, 42, 74, 36, 82),  ], [  (1, 30, 15, 2, 29, 16)(3, 32, 17, 4, 31, 18)(5, 34, 19, 6, 33, 20)(7, 36, 21, 8, 35, 22)(9, 38, 23, 10, 37, 
24)(11, 40, 25, 12, 39, 26)(13, 42, 27, 14, 41, 28)(43, 72, 57, 44, 71, 58)(45, 74, 59, 46, 73, 60)(47, 76, 61, 48, 75, 62)(49, 78, 63, 50, 
77, 64)(51, 80, 65, 52, 79, 66)(53, 82, 67, 54, 81, 68)(55, 84, 69, 56, 83, 70),  (1, 16, 29, 2, 15, 30)(3, 18, 31, 4, 17, 32)(5, 20, 33, 6, 
19, 34)(7, 22, 35, 8, 21, 36)(9, 24, 37, 10, 23, 38)(11, 26, 39, 12, 25, 40)(13, 28, 41, 14, 27, 42)(43, 58, 71, 44, 57, 72)(45, 60, 73, 46, 
59, 74)(47, 62, 75, 48, 61, 76)(49, 64, 77, 50, 63, 78)(51, 66, 79, 52, 65, 80)(53, 68, 81, 54, 67, 82)(55, 70, 83, 56, 69, 84),  ], [  (1, 6,
9, 14, 3, 8, 11, 2, 5, 10, 13, 4, 7, 12)(15, 20, 23, 28, 17, 22, 25, 16, 19, 24, 27, 18, 21, 26)(29, 34, 37, 42, 31, 36, 39, 30, 33, 38, 41, 
32, 35, 40)(43, 48, 51, 56, 45, 50, 53, 44, 47, 52, 55, 46, 49, 54)(57, 62, 65, 70, 59, 64, 67, 58, 61, 66, 69, 60, 63, 68)(71, 76, 79, 84, 
73, 78, 81, 72, 75, 80, 83, 74, 77, 82),  (1, 12, 7, 4, 13, 10, 5, 2, 11, 8, 3, 14, 9, 6)(15, 26, 21, 18, 27, 24, 19, 16, 25, 22, 17, 28, 23, 
20)(29, 40, 35, 32, 41, 38, 33, 30, 39, 36, 31, 42, 37, 34)(43, 54, 49, 46, 55, 52, 47, 44, 53, 50, 45, 56, 51, 48)(57, 68, 63, 60, 69, 66, 
61, 58, 67, 64, 59, 70, 65, 62)(71, 82, 77, 74, 83, 80, 75, 72, 81, 78, 73, 84, 79, 76),  ], [  (1, 16, 29, 2, 15, 30)(3, 18, 31, 4, 17, 
32)(5, 20, 33, 6, 19, 34)(7, 22, 35, 8, 21, 36)(9, 24, 37, 10, 23, 38)(11, 26, 39, 12, 25, 40)(13, 28, 41, 14, 27, 42)(43, 58, 71, 44, 57, 
72)(45, 60, 73, 46, 59, 74)(47, 62, 75, 48, 61, 76)(49, 64, 77, 50, 63, 78)(51, 66, 79, 52, 65, 80)(53, 68, 81, 54, 67, 82)(55, 70, 83, 56, 
69, 84),  (1, 30, 15, 2, 29, 16)(3, 32, 17, 4, 31, 18)(5, 34, 19, 6, 33, 20)(7, 36, 21, 8, 35, 22)(9, 38, 23, 10, 37, 24)(11, 40, 25, 12, 39, 
26)(13, 42, 27, 14, 41, 28)(43, 72, 57, 44, 71, 58)(45, 74, 59, 46, 73, 60)(47, 76, 61, 48, 75, 62)(49, 78, 63, 50, 77, 64)(51, 80, 65, 52, 
79, 66)(53, 82, 67, 54, 81, 68)(55, 84, 69, 56, 83, 70),  ], [  (1, 12, 7, 4, 13, 10, 5, 2, 11, 8, 3, 14, 9, 6)(15, 26, 21, 18, 27, 24, 19, 
16, 25, 22, 17, 28, 23, 20)(29, 40, 35, 32, 41, 38, 33, 30, 39, 36, 31, 42, 37, 34)(43, 54, 49, 46, 55, 52, 47, 44, 53, 50, 45, 56, 51, 
48)(57, 68, 63, 60, 69, 66, 61, 58, 67, 64, 59, 70, 65, 62)(71, 82, 77, 74, 83, 80, 75, 72, 81, 78, 73, 84, 79, 76),  (1, 6, 9, 14, 3, 8, 11, 
2, 5, 10, 13, 4, 7, 12)(15, 20, 23, 28, 17, 22, 25, 16, 19, 24, 27, 18, 21, 26)(29, 34, 37, 42, 31, 36, 39, 30, 33, 38, 41, 32, 35, 40)(43, 
48, 51, 56, 45, 50, 53, 44, 47, 52, 55, 46, 49, 54)(57, 62, 65, 70, 59, 64, 67, 58, 61, 66, 69, 60, 63, 68)(71, 76, 79, 84, 73, 78, 81, 72, 
75, 80, 83, 74, 77, 82),  ], [  (1, 33, 23, 13, 31, 21, 11, 29, 19, 9, 41, 17, 7, 39, 15, 5, 37, 27, 3, 35, 25)(2, 34, 24, 14, 32, 22, 12, 30,
20, 10, 42, 18, 8, 40, 16, 6, 38, 28, 4, 36, 26)(43, 75, 65, 55, 73, 63, 53, 71, 61, 51, 83, 59, 49, 81, 57, 47, 79, 69, 45, 77, 67)(44, 76, 
66, 56, 74, 64, 54, 72, 62, 52, 84, 60, 50, 82, 58, 48, 80, 70, 46, 78, 68),  (1, 25, 35, 3, 27, 37, 5, 15, 39, 7, 17, 41, 9, 19, 29, 11, 21, 
31, 13, 23, 33)(2, 26, 36, 4, 28, 38, 6, 16, 40, 8, 18, 42, 10, 20, 30, 12, 22, 32, 14, 24, 34)(43, 67, 77, 45, 69, 79, 47, 57, 81, 49, 59, 
83, 51, 61, 71, 53, 63, 73, 55, 65, 75)(44, 68, 78, 46, 70, 80, 48, 58, 82, 50, 60, 84, 52, 62, 72, 54, 64, 74, 56, 66, 76),  ], [  (1, 39, 
21, 3, 41, 23, 5, 29, 25, 7, 31, 27, 9, 33, 15, 11, 35, 17, 13, 37, 19)(2, 40, 22, 4, 42, 24, 6, 30, 26, 8, 32, 28, 10, 34, 16, 12, 36, 18, 
14, 38, 20)(43, 81, 63, 45, 83, 65, 47, 71, 67, 49, 73, 69, 51, 75, 57, 53, 77, 59, 55, 79, 61)(44, 82, 64, 46, 84, 66, 48, 72, 68, 50, 74, 
70, 52, 76, 58, 54, 78, 60, 56, 80, 62),  (1, 19, 37, 13, 17, 35, 11, 15, 33, 9, 27, 31, 7, 25, 29, 5, 23, 41, 3, 21, 39)(2, 20, 38, 14, 18, 
36, 12, 16, 34, 10, 28, 32, 8, 26, 30, 6, 24, 42, 4, 22, 40)(43, 61, 79, 55, 59, 77, 53, 57, 75, 51, 69, 73, 49, 67, 71, 47, 65, 83, 45, 63, 
81)(44, 62, 80, 56, 60, 78, 54, 58, 76, 52, 70, 74, 50, 68, 72, 48, 66, 84, 46, 64, 82),  ], [  (1, 9, 3, 11, 5, 13, 7)(2, 10, 4, 12, 6, 14, 
8)(15, 23, 17, 25, 19, 27, 21)(16, 24, 18, 26, 20, 28, 22)(29, 37, 31, 39, 33, 41, 35)(30, 38, 32, 40, 34, 42, 36)(43, 51, 45, 53, 47, 55, 
49)(44, 52, 46, 54, 48, 56, 50)(57, 65, 59, 67, 61, 69, 63)(58, 66, 60, 68, 62, 70, 64)(71, 79, 73, 81, 75, 83, 77)(72, 80, 74, 82, 76, 84, 
78),  (1, 7, 13, 5, 11, 3, 9)(2, 8, 14, 6, 12, 4, 10)(15, 21, 27, 19, 25, 17, 23)(16, 22, 28, 20, 26, 18, 24)(29, 35, 41, 33, 39, 31, 37)(30, 
36, 42, 34, 40, 32, 38)(43, 49, 55, 47, 53, 45, 51)(44, 50, 56, 48, 54, 46, 52)(57, 63, 69, 61, 67, 59, 65)(58, 64, 70, 62, 68, 60, 66)(71, 
77, 83, 75, 81, 73, 79)(72, 78, 84, 76, 82, 74, 80),  ], [  (1, 19, 37, 13, 17, 35, 11, 15, 33, 9, 27, 31, 7, 25, 29, 5, 23, 41, 3, 21, 39)(2,
20, 38, 14, 18, 36, 12, 16, 34, 10, 28, 32, 8, 26, 30, 6, 24, 42, 4, 22, 40)(43, 61, 79, 55, 59, 77, 53, 57, 75, 51, 69, 73, 49, 67, 71, 47, 
65, 83, 45, 63, 81)(44, 62, 80, 56, 60, 78, 54, 58, 76, 52, 70, 74, 50, 68, 72, 48, 66, 84, 46, 64, 82),  (1, 39, 21, 3, 41, 23, 5, 29, 25, 7,
31, 27, 9, 33, 15, 11, 35, 17, 13, 37, 19)(2, 40, 22, 4, 42, 24, 6, 30, 26, 8, 32, 28, 10, 34, 16, 12, 36, 18, 14, 38, 20)(43, 81, 63, 45, 83,
65, 47, 71, 67, 49, 73, 69, 51, 75, 57, 53, 77, 59, 55, 79, 61)(44, 82, 64, 46, 84, 66, 48, 72, 68, 50, 74, 70, 52, 76, 58, 54, 78, 60, 56, 
80, 62),  ], [  (1, 25, 35, 3, 27, 37, 5, 15, 39, 7, 17, 41, 9, 19, 29, 11, 21, 31, 13, 23, 33)(2, 26, 36, 4, 28, 38, 6, 16, 40, 8, 18, 42, 
10, 20, 30, 12, 22, 32, 14, 24, 34)(43, 67, 77, 45, 69, 79, 47, 57, 81, 49, 59, 83, 51, 61, 71, 53, 63, 73, 55, 65, 75)(44, 68, 78, 46, 70, 
80, 48, 58, 82, 50, 60, 84, 52, 62, 72, 54, 64, 74, 56, 66, 76),  (1, 33, 23, 13, 31, 21, 11, 29, 19, 9, 41, 17, 7, 39, 15, 5, 37, 27, 3, 35, 
25)(2, 34, 24, 14, 32, 22, 12, 30, 20, 10, 42, 18, 8, 40, 16, 6, 38, 28, 4, 36, 26)(43, 75, 65, 55, 73, 63, 53, 71, 61, 51, 83, 59, 49, 81, 
57, 47, 79, 69, 45, 77, 67)(44, 76, 66, 56, 74, 64, 54, 72, 62, 52, 84, 60, 50, 82, 58, 48, 80, 70, 46, 78, 68),  ], [  (1, 7, 13, 5, 11, 3, 
9)(2, 8, 14, 6, 12, 4, 10)(15, 21, 27, 19, 25, 17, 23)(16, 22, 28, 20, 26, 18, 24)(29, 35, 41, 33, 39, 31, 37)(30, 36, 42, 34, 40, 32, 38)(43,
49, 55, 47, 53, 45, 51)(44, 50, 56, 48, 54, 46, 52)(57, 63, 69, 61, 67, 59, 65)(58, 64, 70, 62, 68, 60, 66)(71, 77, 83, 75, 81, 73, 79)(72, 
78, 84, 76, 82, 74, 80),  (1, 9, 3, 11, 5, 13, 7)(2, 10, 4, 12, 6, 14, 8)(15, 23, 17, 25, 19, 27, 21)(16, 24, 18, 26, 20, 28, 22)(29, 37, 31, 
39, 33, 41, 35)(30, 38, 32, 40, 34, 42, 36)(43, 51, 45, 53, 47, 55, 49)(44, 52, 46, 54, 48, 56, 50)(57, 65, 59, 67, 61, 69, 63)(58, 66, 60, 
68, 62, 70, 64)(71, 79, 73, 81, 75, 83, 77)(72, 80, 74, 82, 76, 84, 78),  ], [  (1, 72, 16, 43, 29, 58, 2, 71, 15, 44, 30, 57)(3, 74, 18, 45, 
31, 60, 4, 73, 17, 46, 32, 59)(5, 76, 20, 47, 33, 62, 6, 75, 19, 48, 34, 61)(7, 78, 22, 49, 35, 64, 8, 77, 21, 50, 36, 63)(9, 80, 24, 51, 37, 
66, 10, 79, 23, 52, 38, 65)(11, 82, 26, 53, 39, 68, 12, 81, 25, 54, 40, 67)(13, 84, 28, 55, 41, 70, 14, 83, 27, 56, 42, 69),  (1, 58, 29, 44, 
15, 72)(2, 57, 30, 43, 16, 71)(3, 60, 31, 46, 17, 74)(4, 59, 32, 45, 18, 73)(5, 62, 33, 48, 19, 76)(6, 61, 34, 47, 20, 75)(7, 64, 35, 50, 21, 
78)(8, 63, 36, 49, 22, 77)(9, 66, 37, 52, 23, 80)(10, 65, 38, 51, 24, 79)(11, 68, 39, 54, 25, 82)(12, 67, 40, 53, 26, 81)(13, 70, 41, 56, 27, 
84)(14, 69, 42, 55, 28, 83),  ], [  (1, 48, 10, 55, 3, 50, 12, 43, 5, 52, 14, 45, 7, 54, 2, 47, 9, 56, 4, 49, 11, 44, 6, 51, 13, 46, 8, 
53)(15, 62, 24, 69, 17, 64, 26, 57, 19, 66, 28, 59, 21, 68, 16, 61, 23, 70, 18, 63, 25, 58, 20, 65, 27, 60, 22, 67)(29, 76, 38, 83, 31, 78, 
40, 71, 33, 80, 42, 73, 35, 82, 30, 75, 37, 84, 32, 77, 39, 72, 34, 79, 41, 74, 36, 81),  (1, 54, 7, 46, 13, 52, 5, 44, 11, 50, 3, 56, 9, 
48)(2, 53, 8, 45, 14, 51, 6, 43, 12, 49, 4, 55, 10, 47)(15, 68, 21, 60, 27, 66, 19, 58, 25, 64, 17, 70, 23, 62)(16, 67, 22, 59, 28, 65, 20, 
57, 26, 63, 18, 69, 24, 61)(29, 82, 35, 74, 41, 80, 33, 72, 39, 78, 31, 84, 37, 76)(30, 81, 36, 73, 42, 79, 34, 71, 40, 77, 32, 83, 38, 75),  
], [  (1, 58, 30, 43, 15, 72, 2, 57, 29, 44, 16, 71)(3, 60, 32, 45, 17, 74, 4, 59, 31, 46, 18, 73)(5, 62, 34, 47, 19, 76, 6, 61, 33, 48, 20, 
75)(7, 64, 36, 49, 21, 78, 8, 63, 35, 50, 22, 77)(9, 66, 38, 51, 23, 80, 10, 65, 37, 52, 24, 79)(11, 68, 40, 53, 25, 82, 12, 67, 39, 54, 26, 
81)(13, 70, 42, 55, 27, 84, 14, 69, 41, 56, 28, 83),  (1, 72, 15, 44, 29, 58)(2, 71, 16, 43, 30, 57)(3, 74, 17, 46, 31, 60)(4, 73, 18, 45, 32,
59)(5, 76, 19, 48, 33, 62)(6, 75, 20, 47, 34, 61)(7, 78, 21, 50, 35, 64)(8, 77, 22, 49, 36, 63)(9, 80, 23, 52, 37, 66)(10, 79, 24, 51, 38, 
65)(11, 82, 25, 54, 39, 68)(12, 81, 26, 53, 40, 67)(13, 84, 27, 56, 41, 70)(14, 83, 28, 55, 42, 69),  ], [  (1, 54, 8, 45, 13, 52, 6, 43, 11, 
50, 4, 55, 9, 48, 2, 53, 7, 46, 14, 51, 5, 44, 12, 49, 3, 56, 10, 47)(15, 68, 22, 59, 27, 66, 20, 57, 25, 64, 18, 69, 23, 62, 16, 67, 21, 60, 
28, 65, 19, 58, 26, 63, 17, 70, 24, 61)(29, 82, 36, 73, 41, 80, 34, 71, 39, 78, 32, 83, 37, 76, 30, 81, 35, 74, 42, 79, 33, 72, 40, 77, 31, 
84, 38, 75),  (1, 48, 9, 56, 3, 50, 11, 44, 5, 52, 13, 46, 7, 54)(2, 47, 10, 55, 4, 49, 12, 43, 6, 51, 14, 45, 8, 53)(15, 62, 23, 70, 17, 64, 
25, 58, 19, 66, 27, 60, 21, 68)(16, 61, 24, 69, 18, 63, 26, 57, 20, 65, 28, 59, 22, 67)(29, 76, 37, 84, 31, 78, 39, 72, 33, 80, 41, 74, 35, 
82)(30, 75, 38, 83, 32, 77, 40, 71, 34, 79, 42, 73, 36, 81),  ], [  (1, 75, 24, 56, 31, 63, 12, 72, 19, 51, 42, 60, 7, 81, 16, 48, 37, 69, 4, 
78, 25, 43, 34, 66, 13, 73, 22, 54, 29, 61, 10, 84, 17, 49, 40, 58, 5, 79, 28, 46, 35, 67, 2, 76, 23, 55, 32, 64, 11, 71, 20, 52, 41, 59, 8, 
82, 15, 47, 38, 70, 3, 77, 26, 44, 33, 65, 14, 74, 21, 53, 30, 62, 9, 83, 18, 50, 39, 57, 6, 80, 27, 45, 36, 68),  (1, 67, 35, 45, 27, 79, 5, 
57, 39, 49, 17, 83, 9, 61, 29, 53, 21, 73, 13, 65, 33, 43, 25, 77, 3, 69, 37, 47, 15, 81, 7, 59, 41, 51, 19, 71, 11, 63, 31, 55, 23, 75)(2, 
68, 36, 46, 28, 80, 6, 58, 40, 50, 18, 84, 10, 62, 30, 54, 22, 74, 14, 66, 34, 44, 26, 78, 4, 70, 38, 48, 16, 82, 8, 60, 42, 52, 20, 72, 12, 
64, 32, 56, 24, 76),  ], [  (1, 81, 22, 46, 41, 65, 6, 72, 25, 49, 32, 70, 9, 75, 16, 54, 35, 59, 14, 80, 19, 43, 40, 64, 3, 83, 24, 48, 29, 
67, 8, 74, 27, 51, 34, 58, 11, 77, 18, 56, 37, 61, 2, 82, 21, 45, 42, 66, 5, 71, 26, 50, 31, 69, 10, 76, 15, 53, 36, 60, 13, 79, 20, 44, 39, 
63, 4, 84, 23, 47, 30, 68, 7, 73, 28, 52, 33, 57, 12, 78, 17, 55, 38, 62),  (1, 61, 37, 55, 17, 77, 11, 57, 33, 51, 27, 73, 7, 67, 29, 47, 23,
83, 3, 63, 39, 43, 19, 79, 13, 59, 35, 53, 15, 75, 9, 69, 31, 49, 25, 71, 5, 65, 41, 45, 21, 81)(2, 62, 38, 56, 18, 78, 12, 58, 34, 52, 28, 
74, 8, 68, 30, 48, 24, 84, 4, 64, 40, 44, 20, 80, 14, 60, 36, 54, 16, 76, 10, 70, 32, 50, 26, 72, 6, 66, 42, 46, 22, 82),  ], [  (1, 51, 4, 
54, 5, 55, 8, 44, 9, 45, 12, 48, 13, 49, 2, 52, 3, 53, 6, 56, 7, 43, 10, 46, 11, 47, 14, 50)(15, 65, 18, 68, 19, 69, 22, 58, 23, 59, 26, 62, 
27, 63, 16, 66, 17, 67, 20, 70, 21, 57, 24, 60, 25, 61, 28, 64)(29, 79, 32, 82, 33, 83, 36, 72, 37, 73, 40, 76, 41, 77, 30, 80, 31, 81, 34, 
84, 35, 71, 38, 74, 39, 75, 42, 78),  (1, 49, 13, 47, 11, 45, 9, 43, 7, 55, 5, 53, 3, 51)(2, 50, 14, 48, 12, 46, 10, 44, 8, 56, 6, 54, 4, 
52)(15, 63, 27, 61, 25, 59, 23, 57, 21, 69, 19, 67, 17, 65)(16, 64, 28, 62, 26, 60, 24, 58, 22, 70, 20, 68, 18, 66)(29, 77, 41, 75, 39, 73, 
37, 71, 35, 83, 33, 81, 31, 79)(30, 78, 42, 76, 40, 74, 38, 72, 36, 84, 34, 82, 32, 80),  ], [  (1, 61, 38, 56, 17, 77, 12, 58, 33, 51, 28, 
74, 7, 67, 30, 48, 23, 83, 4, 64, 39, 43, 20, 80, 13, 59, 36, 54, 15, 75, 10, 70, 31, 49, 26, 72, 5, 65, 42, 46, 21, 81, 2, 62, 37, 55, 18, 
78, 11, 57, 34, 52, 27, 73, 8, 68, 29, 47, 24, 84, 3, 63, 40, 44, 19, 79, 14, 60, 35, 53, 16, 76, 9, 69, 32, 50, 25, 71, 6, 66, 41, 45, 22, 
82),  (1, 81, 21, 45, 41, 65, 5, 71, 25, 49, 31, 69, 9, 75, 15, 53, 35, 59, 13, 79, 19, 43, 39, 63, 3, 83, 23, 47, 29, 67, 7, 73, 27, 51, 33, 
57, 11, 77, 17, 55, 37, 61)(2, 82, 22, 46, 42, 66, 6, 72, 26, 50, 32, 70, 10, 76, 16, 54, 36, 60, 14, 80, 20, 44, 40, 64, 4, 84, 24, 48, 30, 
68, 8, 74, 28, 52, 34, 58, 12, 78, 18, 56, 38, 62),  ], [  (1, 67, 36, 46, 27, 79, 6, 58, 39, 49, 18, 84, 9, 61, 30, 54, 21, 73, 14, 66, 33, 
43, 26, 78, 3, 69, 38, 48, 15, 81, 8, 60, 41, 51, 20, 72, 11, 63, 32, 56, 23, 75, 2, 68, 35, 45, 28, 80, 5, 57, 40, 50, 17, 83, 10, 62, 29, 
53, 22, 74, 13, 65, 34, 44, 25, 77, 4, 70, 37, 47, 16, 82, 7, 59, 42, 52, 19, 71, 12, 64, 31, 55, 24, 76),  (1, 75, 23, 55, 31, 63, 11, 71, 
19, 51, 41, 59, 7, 81, 15, 47, 37, 69, 3, 77, 25, 43, 33, 65, 13, 73, 21, 53, 29, 61, 9, 83, 17, 49, 39, 57, 5, 79, 27, 45, 35, 67)(2, 76, 24,
56, 32, 64, 12, 72, 20, 52, 42, 60, 8, 82, 16, 48, 38, 70, 4, 78, 26, 44, 34, 66, 14, 74, 22, 54, 30, 62, 10, 84, 18, 50, 40, 58, 6, 80, 28, 
46, 36, 68),  ], [  (1, 49, 14, 48, 11, 45, 10, 44, 7, 55, 6, 54, 3, 51, 2, 50, 13, 47, 12, 46, 9, 43, 8, 56, 5, 53, 4, 52)(15, 63, 28, 62, 
25, 59, 24, 58, 21, 69, 20, 68, 17, 65, 16, 64, 27, 61, 26, 60, 23, 57, 22, 70, 19, 67, 18, 66)(29, 77, 42, 76, 39, 73, 38, 72, 35, 83, 34, 
82, 31, 79, 30, 78, 41, 75, 40, 74, 37, 71, 36, 84, 33, 81, 32, 80),  (1, 51, 3, 53, 5, 55, 7, 43, 9, 45, 11, 47, 13, 49)(2, 52, 4, 54, 6, 56,
8, 44, 10, 46, 12, 48, 14, 50)(15, 65, 17, 67, 19, 69, 21, 57, 23, 59, 25, 61, 27, 63)(16, 66, 18, 68, 20, 70, 22, 58, 24, 60, 26, 62, 28, 
64)(29, 79, 31, 81, 33, 83, 35, 71, 37, 73, 39, 75, 41, 77)(30, 80, 32, 82, 34, 84, 36, 72, 38, 74, 40, 76, 42, 78),  ], [  (1, 34, 23, 14, 
31, 22, 11, 30, 19, 10, 41, 18, 7, 40, 15, 6, 37, 28, 3, 36, 25, 2, 33, 24, 13, 32, 21, 12, 29, 20, 9, 42, 17, 8, 39, 16, 5, 38, 27, 4, 35, 
26)(43, 76, 65, 56, 73, 64, 53, 72, 61, 52, 83, 60, 49, 82, 57, 48, 79, 70, 45, 78, 67, 44, 75, 66, 55, 74, 63, 54, 71, 62, 51, 84, 59, 50, 
81, 58, 47, 80, 69, 46, 77, 68),  (1, 26, 35, 4, 27, 38, 5, 16, 39, 8, 17, 42, 9, 20, 29, 12, 21, 32, 13, 24, 33, 2, 25, 36, 3, 28, 37, 6, 15,
40, 7, 18, 41, 10, 19, 30, 11, 22, 31, 14, 23, 34)(43, 68, 77, 46, 69, 80, 47, 58, 81, 50, 59, 84, 51, 62, 71, 54, 63, 74, 55, 66, 75, 44, 67,
78, 45, 70, 79, 48, 57, 82, 49, 60, 83, 52, 61, 72, 53, 64, 73, 56, 65, 76),  ], [  (1, 40, 21, 4, 41, 24, 5, 30, 25, 8, 31, 28, 9, 34, 15, 
12, 35, 18, 13, 38, 19, 2, 39, 22, 3, 42, 23, 6, 29, 26, 7, 32, 27, 10, 33, 16, 11, 36, 17, 14, 37, 20)(43, 82, 63, 46, 83, 66, 47, 72, 67, 
50, 73, 70, 51, 76, 57, 54, 77, 60, 55, 80, 61, 44, 81, 64, 45, 84, 65, 48, 71, 68, 49, 74, 69, 52, 75, 58, 53, 78, 59, 56, 79, 62),  (1, 20, 
37, 14, 17, 36, 11, 16, 33, 10, 27, 32, 7, 26, 29, 6, 23, 42, 3, 22, 39, 2, 19, 38, 13, 18, 35, 12, 15, 34, 9, 28, 31, 8, 25, 30, 5, 24, 41, 
4, 21, 40)(43, 62, 79, 56, 59, 78, 53, 58, 75, 52, 69, 74, 49, 68, 71, 48, 65, 84, 45, 64, 81, 44, 61, 80, 55, 60, 77, 54, 57, 76, 51, 70, 73,
50, 67, 72, 47, 66, 83, 46, 63, 82),  ], [  (1, 10, 3, 12, 5, 14, 7, 2, 9, 4, 11, 6, 13, 8)(15, 24, 17, 26, 19, 28, 21, 16, 23, 18, 25, 20, 
27, 22)(29, 38, 31, 40, 33, 42, 35, 30, 37, 32, 39, 34, 41, 36)(43, 52, 45, 54, 47, 56, 49, 44, 51, 46, 53, 48, 55, 50)(57, 66, 59, 68, 61, 
70, 63, 58, 65, 60, 67, 62, 69, 64)(71, 80, 73, 82, 75, 84, 77, 72, 79, 74, 81, 76, 83, 78),  (1, 8, 13, 6, 11, 4, 9, 2, 7, 14, 5, 12, 3, 
10)(15, 22, 27, 20, 25, 18, 23, 16, 21, 28, 19, 26, 17, 24)(29, 36, 41, 34, 39, 32, 37, 30, 35, 42, 33, 40, 31, 38)(43, 50, 55, 48, 53, 46, 
51, 44, 49, 56, 47, 54, 45, 52)(57, 64, 69, 62, 67, 60, 65, 58, 63, 70, 61, 68, 59, 66)(71, 78, 83, 76, 81, 74, 79, 72, 77, 84, 75, 82, 73, 
80),  ], [  (1, 20, 37, 14, 17, 36, 11, 16, 33, 10, 27, 32, 7, 26, 29, 6, 23, 42, 3, 22, 39, 2, 19, 38, 13, 18, 35, 12, 15, 34, 9, 28, 31, 8, 
25, 30, 5, 24, 41, 4, 21, 40)(43, 62, 79, 56, 59, 78, 53, 58, 75, 52, 69, 74, 49, 68, 71, 48, 65, 84, 45, 64, 81, 44, 61, 80, 55, 60, 77, 54, 
57, 76, 51, 70, 73, 50, 67, 72, 47, 66, 83, 46, 63, 82),  (1, 40, 21, 4, 41, 24, 5, 30, 25, 8, 31, 28, 9, 34, 15, 12, 35, 18, 13, 38, 19, 2, 
39, 22, 3, 42, 23, 6, 29, 26, 7, 32, 27, 10, 33, 16, 11, 36, 17, 14, 37, 20)(43, 82, 63, 46, 83, 66, 47, 72, 67, 50, 73, 70, 51, 76, 57, 54, 
77, 60, 55, 80, 61, 44, 81, 64, 45, 84, 65, 48, 71, 68, 49, 74, 69, 52, 75, 58, 53, 78, 59, 56, 79, 62),  ], [  (1, 26, 35, 4, 27, 38, 5, 16, 
39, 8, 17, 42, 9, 20, 29, 12, 21, 32, 13, 24, 33, 2, 25, 36, 3, 28, 37, 6, 15, 40, 7, 18, 41, 10, 19, 30, 11, 22, 31, 14, 23, 34)(43, 68, 77, 
46, 69, 80, 47, 58, 81, 50, 59, 84, 51, 62, 71, 54, 63, 74, 55, 66, 75, 44, 67, 78, 45, 70, 79, 48, 57, 82, 49, 60, 83, 52, 61, 72, 53, 64, 
73, 56, 65, 76),  (1, 34, 23, 14, 31, 22, 11, 30, 19, 10, 41, 18, 7, 40, 15, 6, 37, 28, 3, 36, 25, 2, 33, 24, 13, 32, 21, 12, 29, 20, 9, 42, 
17, 8, 39, 16, 5, 38, 27, 4, 35, 26)(43, 76, 65, 56, 73, 64, 53, 72, 61, 52, 83, 60, 49, 82, 57, 48, 79, 70, 45, 78, 67, 44, 75, 66, 55, 74, 
63, 54, 71, 62, 51, 84, 59, 50, 81, 58, 47, 80, 69, 46, 77, 68),  ], [  (1, 8, 13, 6, 11, 4, 9, 2, 7, 14, 5, 12, 3, 10)(15, 22, 27, 20, 25, 
18, 23, 16, 21, 28, 19, 26, 17, 24)(29, 36, 41, 34, 39, 32, 37, 30, 35, 42, 33, 40, 31, 38)(43, 50, 55, 48, 53, 46, 51, 44, 49, 56, 47, 54, 
45, 52)(57, 64, 69, 62, 67, 60, 65, 58, 63, 70, 61, 68, 59, 66)(71, 78, 83, 76, 81, 74, 79, 72, 77, 84, 75, 82, 73, 80),  (1, 10, 3, 12, 5, 
14, 7, 2, 9, 4, 11, 6, 13, 8)(15, 24, 17, 26, 19, 28, 21, 16, 23, 18, 25, 20, 27, 22)(29, 38, 31, 40, 33, 42, 35, 30, 37, 32, 39, 34, 41, 
36)(43, 52, 45, 54, 47, 56, 49, 44, 51, 46, 53, 48, 55, 50)(57, 66, 59, 68, 61, 70, 63, 58, 65, 60, 67, 62, 69, 64)(71, 80, 73, 82, 75, 84, 
77, 72, 79, 74, 81, 76, 83, 78),  ], [  (1, 37, 17, 11, 33, 27, 7, 29, 23, 3, 39, 19, 13, 35, 15, 9, 31, 25, 5, 41, 21)(2, 38, 18, 12, 34, 28,
8, 30, 24, 4, 40, 20, 14, 36, 16, 10, 32, 26, 6, 42, 22)(43, 79, 59, 53, 75, 69, 49, 71, 65, 45, 81, 61, 55, 77, 57, 51, 73, 67, 47, 83, 
63)(44, 80, 60, 54, 76, 70, 50, 72, 66, 46, 82, 62, 56, 78, 58, 52, 74, 68, 48, 84, 64),  (1, 21, 41, 5, 25, 31, 9, 15, 35, 13, 19, 39, 3, 23,
29, 7, 27, 33, 11, 17, 37)(2, 22, 42, 6, 26, 32, 10, 16, 36, 14, 20, 40, 4, 24, 30, 8, 28, 34, 12, 18, 38)(43, 63, 83, 47, 67, 73, 51, 57, 77,
55, 61, 81, 45, 65, 71, 49, 69, 75, 53, 59, 79)(44, 64, 84, 48, 68, 74, 52, 58, 78, 56, 62, 82, 46, 66, 72, 50, 70, 76, 54, 60, 80),  ], [  
(1, 35, 27, 5, 39, 17, 9, 29, 21, 13, 33, 25, 3, 37, 15, 7, 41, 19, 11, 31, 23)(2, 36, 28, 6, 40, 18, 10, 30, 22, 14, 34, 26, 4, 38, 16, 8, 
42, 20, 12, 32, 24)(43, 77, 69, 47, 81, 59, 51, 71, 63, 55, 75, 67, 45, 79, 57, 49, 83, 61, 53, 73, 65)(44, 78, 70, 48, 82, 60, 52, 72, 64, 
56, 76, 68, 46, 80, 58, 50, 84, 62, 54, 74, 66),  (1, 23, 31, 11, 19, 41, 7, 15, 37, 3, 25, 33, 13, 21, 29, 9, 17, 39, 5, 27, 35)(2, 24, 32, 
12, 20, 42, 8, 16, 38, 4, 26, 34, 14, 22, 30, 10, 18, 40, 6, 28, 36)(43, 65, 73, 53, 61, 83, 49, 57, 79, 45, 67, 75, 55, 63, 71, 51, 59, 81, 
47, 69, 77)(44, 66, 74, 54, 62, 84, 50, 58, 80, 46, 68, 76, 56, 64, 72, 52, 60, 82, 48, 70, 78),  ], [  (1, 13, 11, 9, 7, 5, 3)(2, 14, 12, 10,
8, 6, 4)(15, 27, 25, 23, 21, 19, 17)(16, 28, 26, 24, 22, 20, 18)(29, 41, 39, 37, 35, 33, 31)(30, 42, 40, 38, 36, 34, 32)(43, 55, 53, 51, 49, 
47, 45)(44, 56, 54, 52, 50, 48, 46)(57, 69, 67, 65, 63, 61, 59)(58, 70, 68, 66, 64, 62, 60)(71, 83, 81, 79, 77, 75, 73)(72, 84, 82, 80, 78, 
76, 74),  (1, 3, 5, 7, 9, 11, 13)(2, 4, 6, 8, 10, 12, 14)(15, 17, 19, 21, 23, 25, 27)(16, 18, 20, 22, 24, 26, 28)(29, 31, 33, 35, 37, 39, 
41)(30, 32, 34, 36, 38, 40, 42)(43, 45, 47, 49, 51, 53, 55)(44, 46, 48, 50, 52, 54, 56)(57, 59, 61, 63, 65, 67, 69)(58, 60, 62, 64, 66, 68, 
70)(71, 73, 75, 77, 79, 81, 83)(72, 74, 76, 78, 80, 82, 84),  ], [  (1, 23, 31, 11, 19, 41, 7, 15, 37, 3, 25, 33, 13, 21, 29, 9, 17, 39, 5, 
27, 35)(2, 24, 32, 12, 20, 42, 8, 16, 38, 4, 26, 34, 14, 22, 30, 10, 18, 40, 6, 28, 36)(43, 65, 73, 53, 61, 83, 49, 57, 79, 45, 67, 75, 55, 
63, 71, 51, 59, 81, 47, 69, 77)(44, 66, 74, 54, 62, 84, 50, 58, 80, 46, 68, 76, 56, 64, 72, 52, 60, 82, 48, 70, 78),  (1, 35, 27, 5, 39, 17, 
9, 29, 21, 13, 33, 25, 3, 37, 15, 7, 41, 19, 11, 31, 23)(2, 36, 28, 6, 40, 18, 10, 30, 22, 14, 34, 26, 4, 38, 16, 8, 42, 20, 12, 32, 24)(43, 
77, 69, 47, 81, 59, 51, 71, 63, 55, 75, 67, 45, 79, 57, 49, 83, 61, 53, 73, 65)(44, 78, 70, 48, 82, 60, 52, 72, 64, 56, 76, 68, 46, 80, 58, 
50, 84, 62, 54, 74, 66),  ], [  (1, 21, 41, 5, 25, 31, 9, 15, 35, 13, 19, 39, 3, 23, 29, 7, 27, 33, 11, 17, 37)(2, 22, 42, 6, 26, 32, 10, 16, 
36, 14, 20, 40, 4, 24, 30, 8, 28, 34, 12, 18, 38)(43, 63, 83, 47, 67, 73, 51, 57, 77, 55, 61, 81, 45, 65, 71, 49, 69, 75, 53, 59, 79)(44, 64, 
84, 48, 68, 74, 52, 58, 78, 56, 62, 82, 46, 66, 72, 50, 70, 76, 54, 60, 80),  (1, 37, 17, 11, 33, 27, 7, 29, 23, 3, 39, 19, 13, 35, 15, 9, 31,
25, 5, 41, 21)(2, 38, 18, 12, 34, 28, 8, 30, 24, 4, 40, 20, 14, 36, 16, 10, 32, 26, 6, 42, 22)(43, 79, 59, 53, 75, 69, 49, 71, 65, 45, 81, 61,
55, 77, 57, 51, 73, 67, 47, 83, 63)(44, 80, 60, 54, 76, 70, 50, 72, 66, 46, 82, 62, 56, 78, 58, 52, 74, 68, 48, 84, 64),  ], [  (1, 3, 5, 7, 
9, 11, 13)(2, 4, 6, 8, 10, 12, 14)(15, 17, 19, 21, 23, 25, 27)(16, 18, 20, 22, 24, 26, 28)(29, 31, 33, 35, 37, 39, 41)(30, 32, 34, 36, 38, 40,
42)(43, 45, 47, 49, 51, 53, 55)(44, 46, 48, 50, 52, 54, 56)(57, 59, 61, 63, 65, 67, 69)(58, 60, 62, 64, 66, 68, 70)(71, 73, 75, 77, 79, 81, 
83)(72, 74, 76, 78, 80, 82, 84),  (1, 13, 11, 9, 7, 5, 3)(2, 14, 12, 10, 8, 6, 4)(15, 27, 25, 23, 21, 19, 17)(16, 28, 26, 24, 22, 20, 18)(29, 
41, 39, 37, 35, 33, 31)(30, 42, 40, 38, 36, 34, 32)(43, 55, 53, 51, 49, 47, 45)(44, 56, 54, 52, 50, 48, 46)(57, 69, 67, 65, 63, 61, 59)(58, 
70, 68, 66, 64, 62, 60)(71, 83, 81, 79, 77, 75, 73)(72, 84, 82, 80, 78, 76, 74),  ], [  (1, 76, 24, 55, 31, 64, 12, 71, 19, 52, 42, 59, 7, 82,
16, 47, 37, 70, 4, 77, 25, 44, 34, 65, 13, 74, 22, 53, 29, 62, 10, 83, 17, 50, 40, 57, 5, 80, 28, 45, 35, 68, 2, 75, 23, 56, 32, 63, 11, 72, 
20, 51, 41, 60, 8, 81, 15, 48, 38, 69, 3, 78, 26, 43, 33, 66, 14, 73, 21, 54, 30, 61, 9, 84, 18, 49, 39, 58, 6, 79, 27, 46, 36, 67),  (1, 68, 
35, 46, 27, 80, 5, 58, 39, 50, 17, 84, 9, 62, 29, 54, 21, 74, 13, 66, 33, 44, 25, 78, 3, 70, 37, 48, 15, 82, 7, 60, 41, 52, 19, 72, 11, 64, 
31, 56, 23, 76)(2, 67, 36, 45, 28, 79, 6, 57, 40, 49, 18, 83, 10, 61, 30, 53, 22, 73, 14, 65, 34, 43, 26, 77, 4, 69, 38, 47, 16, 81, 8, 59, 
42, 51, 20, 71, 12, 63, 32, 55, 24, 75),  ], [  (1, 82, 22, 45, 41, 66, 6, 71, 25, 50, 32, 69, 9, 76, 16, 53, 35, 60, 14, 79, 19, 44, 40, 63, 
3, 84, 24, 47, 29, 68, 8, 73, 27, 52, 34, 57, 11, 78, 18, 55, 37, 62, 2, 81, 21, 46, 42, 65, 5, 72, 26, 49, 31, 70, 10, 75, 15, 54, 36, 59, 
13, 80, 20, 43, 39, 64, 4, 83, 23, 48, 30, 67, 7, 74, 28, 51, 33, 58, 12, 77, 17, 56, 38, 61),  (1, 62, 37, 56, 17, 78, 11, 58, 33, 52, 27, 
74, 7, 68, 29, 48, 23, 84, 3, 64, 39, 44, 19, 80, 13, 60, 35, 54, 15, 76, 9, 70, 31, 50, 25, 72, 5, 66, 41, 46, 21, 82)(2, 61, 38, 55, 18, 77,
12, 57, 34, 51, 28, 73, 8, 67, 30, 47, 24, 83, 4, 63, 40, 43, 20, 79, 14, 59, 36, 53, 16, 75, 10, 69, 32, 49, 26, 71, 6, 65, 42, 45, 22, 81), 
], [  (1, 52, 4, 53, 5, 56, 8, 43, 9, 46, 12, 47, 13, 50, 2, 51, 3, 54, 6, 55, 7, 44, 10, 45, 11, 48, 14, 49)(15, 66, 18, 67, 19, 70, 22, 57, 
23, 60, 26, 61, 27, 64, 16, 65, 17, 68, 20, 69, 21, 58, 24, 59, 25, 62, 28, 63)(29, 80, 32, 81, 33, 84, 36, 71, 37, 74, 40, 75, 41, 78, 30, 
79, 31, 82, 34, 83, 35, 72, 38, 73, 39, 76, 42, 77),  (1, 50, 13, 48, 11, 46, 9, 44, 7, 56, 5, 54, 3, 52)(2, 49, 14, 47, 12, 45, 10, 43, 8, 
55, 6, 53, 4, 51)(15, 64, 27, 62, 25, 60, 23, 58, 21, 70, 19, 68, 17, 66)(16, 63, 28, 61, 26, 59, 24, 57, 22, 69, 20, 67, 18, 65)(29, 78, 41, 
76, 39, 74, 37, 72, 35, 84, 33, 82, 31, 80)(30, 77, 42, 75, 40, 73, 38, 71, 36, 83, 34, 81, 32, 79),  ], [  (1, 62, 38, 55, 17, 78, 12, 57, 
33, 52, 28, 73, 7, 68, 30, 47, 23, 84, 4, 63, 39, 44, 20, 79, 13, 60, 36, 53, 15, 76, 10, 69, 31, 50, 26, 71, 5, 66, 42, 45, 21, 82, 2, 61, 
37, 56, 18, 77, 11, 58, 34, 51, 27, 74, 8, 67, 29, 48, 24, 83, 3, 64, 40, 43, 19, 80, 14, 59, 35, 54, 16, 75, 9, 70, 32, 49, 25, 72, 6, 65, 
41, 46, 22, 81),  (1, 82, 21, 46, 41, 66, 5, 72, 25, 50, 31, 70, 9, 76, 15, 54, 35, 60, 13, 80, 19, 44, 39, 64, 3, 84, 23, 48, 29, 68, 7, 74, 
27, 52, 33, 58, 11, 78, 17, 56, 37, 62)(2, 81, 22, 45, 42, 65, 6, 71, 26, 49, 32, 69, 10, 75, 16, 53, 36, 59, 14, 79, 20, 43, 40, 63, 4, 83, 
24, 47, 30, 67, 8, 73, 28, 51, 34, 57, 12, 77, 18, 55, 38, 61),  ], [  (1, 68, 36, 45, 27, 80, 6, 57, 39, 50, 18, 83, 9, 62, 30, 53, 21, 74, 
14, 65, 33, 44, 26, 77, 3, 70, 38, 47, 15, 82, 8, 59, 41, 52, 20, 71, 11, 64, 32, 55, 23, 76, 2, 67, 35, 46, 28, 79, 5, 58, 40, 49, 17, 84, 
10, 61, 29, 54, 22, 73, 13, 66, 34, 43, 25, 78, 4, 69, 37, 48, 16, 81, 7, 60, 42, 51, 19, 72, 12, 63, 31, 56, 24, 75),  (1, 76, 23, 56, 31, 
64, 11, 72, 19, 52, 41, 60, 7, 82, 15, 48, 37, 70, 3, 78, 25, 44, 33, 66, 13, 74, 21, 54, 29, 62, 9, 84, 17, 50, 39, 58, 5, 80, 27, 46, 35, 
68)(2, 75, 24, 55, 32, 63, 12, 71, 20, 51, 42, 59, 8, 81, 16, 47, 38, 69, 4, 77, 26, 43, 34, 65, 14, 73, 22, 53, 30, 61, 10, 83, 18, 49, 40, 
57, 6, 79, 28, 45, 36, 67),  ], [  (1, 50, 14, 47, 11, 46, 10, 43, 7, 56, 6, 53, 3, 52, 2, 49, 13, 48, 12, 45, 9, 44, 8, 55, 5, 54, 4, 51)(15,
64, 28, 61, 25, 60, 24, 57, 21, 70, 20, 67, 17, 66, 16, 63, 27, 62, 26, 59, 23, 58, 22, 69, 19, 68, 18, 65)(29, 78, 42, 75, 39, 74, 38, 71, 
35, 84, 34, 81, 31, 80, 30, 77, 41, 76, 40, 73, 37, 72, 36, 83, 33, 82, 32, 79),  (1, 52, 3, 54, 5, 56, 7, 44, 9, 46, 11, 48, 13, 50)(2, 51, 
4, 53, 6, 55, 8, 43, 10, 45, 12, 47, 14, 49)(15, 66, 17, 68, 19, 70, 21, 58, 23, 60, 25, 62, 27, 64)(16, 65, 18, 67, 20, 69, 22, 57, 24, 59, 
26, 61, 28, 63)(29, 80, 31, 82, 33, 84, 35, 72, 37, 74, 39, 76, 41, 78)(30, 79, 32, 81, 34, 83, 36, 71, 38, 73, 40, 75, 42, 77),  ], [  (1, 
79, 18, 54, 33, 69, 8, 72, 23, 45, 40, 62, 13, 77, 16, 52, 31, 67, 6, 84, 21, 43, 38, 60, 11, 75, 28, 50, 29, 65, 4, 82, 19, 55, 36, 58, 9, 
73, 26, 48, 41, 63, 2, 80, 17, 53, 34, 70, 7, 71, 24, 46, 39, 61, 14, 78, 15, 51, 32, 68, 5, 83, 22, 44, 37, 59, 12, 76, 27, 49, 30, 66, 3, 
81, 20, 56, 35, 57, 10, 74, 25, 47, 42, 64),  (1, 63, 41, 47, 25, 73, 9, 57, 35, 55, 19, 81, 3, 65, 29, 49, 27, 75, 11, 59, 37, 43, 21, 83, 5,
67, 31, 51, 15, 77, 13, 61, 39, 45, 23, 71, 7, 69, 33, 53, 17, 79)(2, 64, 42, 48, 26, 74, 10, 58, 36, 56, 20, 82, 4, 66, 30, 50, 28, 76, 12, 
60, 38, 44, 22, 84, 6, 68, 32, 52, 16, 78, 14, 62, 40, 46, 24, 72, 8, 70, 34, 54, 18, 80),  ], [  (1, 77, 28, 48, 39, 59, 10, 72, 21, 55, 34, 
68, 3, 79, 16, 50, 41, 61, 12, 74, 23, 43, 36, 70, 5, 81, 18, 52, 29, 63, 14, 76, 25, 45, 38, 58, 7, 83, 20, 54, 31, 65, 2, 78, 27, 47, 40, 
60, 9, 71, 22, 56, 33, 67, 4, 80, 15, 49, 42, 62, 11, 73, 24, 44, 35, 69, 6, 82, 17, 51, 30, 64, 13, 75, 26, 46, 37, 57, 8, 84, 19, 53, 32, 
66),  (1, 65, 31, 53, 19, 83, 7, 57, 37, 45, 25, 75, 13, 63, 29, 51, 17, 81, 5, 69, 35, 43, 23, 73, 11, 61, 41, 49, 15, 79, 3, 67, 33, 55, 21,
71, 9, 59, 39, 47, 27, 77)(2, 66, 32, 54, 20, 84, 8, 58, 38, 46, 26, 76, 14, 64, 30, 52, 18, 82, 6, 70, 36, 44, 24, 74, 12, 62, 42, 50, 16, 
80, 4, 68, 34, 56, 22, 72, 10, 60, 40, 48, 28, 78),  ], [  (1, 55, 12, 52, 7, 47, 4, 44, 13, 53, 10, 50, 5, 45, 2, 56, 11, 51, 8, 48, 3, 43, 
14, 54, 9, 49, 6, 46)(15, 69, 26, 66, 21, 61, 18, 58, 27, 67, 24, 64, 19, 59, 16, 70, 25, 65, 22, 62, 17, 57, 28, 68, 23, 63, 20, 60)(29, 83, 
40, 80, 35, 75, 32, 72, 41, 81, 38, 78, 33, 73, 30, 84, 39, 79, 36, 76, 31, 71, 42, 82, 37, 77, 34, 74),  (1, 45, 5, 49, 9, 53, 13, 43, 3, 47,
7, 51, 11, 55)(2, 46, 6, 50, 10, 54, 14, 44, 4, 48, 8, 52, 12, 56)(15, 59, 19, 63, 23, 67, 27, 57, 17, 61, 21, 65, 25, 69)(16, 60, 20, 64, 24,
68, 28, 58, 18, 62, 22, 66, 26, 70)(29, 73, 33, 77, 37, 81, 41, 71, 31, 75, 35, 79, 39, 83)(30, 74, 34, 78, 38, 82, 42, 72, 32, 76, 36, 80, 
40, 84),  ], [  (1, 65, 32, 54, 19, 83, 8, 58, 37, 45, 26, 76, 13, 63, 30, 52, 17, 81, 6, 70, 35, 43, 24, 74, 11, 61, 42, 50, 15, 79, 4, 68, 
33, 55, 22, 72, 9, 59, 40, 48, 27, 77, 2, 66, 31, 53, 20, 84, 7, 57, 38, 46, 25, 75, 14, 64, 29, 51, 18, 82, 5, 69, 36, 44, 23, 73, 12, 62, 
41, 49, 16, 80, 3, 67, 34, 56, 21, 71, 10, 60, 39, 47, 28, 78),  (1, 77, 27, 47, 39, 59, 9, 71, 21, 55, 33, 67, 3, 79, 15, 49, 41, 61, 11, 73,
23, 43, 35, 69, 5, 81, 17, 51, 29, 63, 13, 75, 25, 45, 37, 57, 7, 83, 19, 53, 31, 65)(2, 78, 28, 48, 40, 60, 10, 72, 22, 56, 34, 68, 4, 80, 
16, 50, 42, 62, 12, 74, 24, 44, 36, 70, 6, 82, 18, 52, 30, 64, 14, 76, 26, 46, 38, 58, 8, 84, 20, 54, 32, 66),  ], [  (1, 63, 42, 48, 25, 73, 
10, 58, 35, 55, 20, 82, 3, 65, 30, 50, 27, 75, 12, 60, 37, 43, 22, 84, 5, 67, 32, 52, 15, 77, 14, 62, 39, 45, 24, 72, 7, 69, 34, 54, 17, 79, 
2, 64, 41, 47, 26, 74, 9, 57, 36, 56, 19, 81, 4, 66, 29, 49, 28, 76, 11, 59, 38, 44, 21, 83, 6, 68, 31, 51, 16, 78, 13, 61, 40, 46, 23, 71, 8,
70, 33, 53, 18, 80),  (1, 79, 17, 53, 33, 69, 7, 71, 23, 45, 39, 61, 13, 77, 15, 51, 31, 67, 5, 83, 21, 43, 37, 59, 11, 75, 27, 49, 29, 65, 3,
81, 19, 55, 35, 57, 9, 73, 25, 47, 41, 63)(2, 80, 18, 54, 34, 70, 8, 72, 24, 46, 40, 62, 14, 78, 16, 52, 32, 68, 6, 84, 22, 44, 38, 60, 12, 
76, 28, 50, 30, 66, 4, 82, 20, 56, 36, 58, 10, 74, 26, 48, 42, 64),  ], [  (1, 45, 6, 50, 9, 53, 14, 44, 3, 47, 8, 52, 11, 55, 2, 46, 5, 49, 
10, 54, 13, 43, 4, 48, 7, 51, 12, 56)(15, 59, 20, 64, 23, 67, 28, 58, 17, 61, 22, 66, 25, 69, 16, 60, 19, 63, 24, 68, 27, 57, 18, 62, 21, 65, 
26, 70)(29, 73, 34, 78, 37, 81, 42, 72, 31, 75, 36, 80, 39, 83, 30, 74, 33, 77, 38, 82, 41, 71, 32, 76, 35, 79, 40, 84),  (1, 55, 11, 51, 7, 
47, 3, 43, 13, 53, 9, 49, 5, 45)(2, 56, 12, 52, 8, 48, 4, 44, 14, 54, 10, 50, 6, 46)(15, 69, 25, 65, 21, 61, 17, 57, 27, 67, 23, 63, 19, 
59)(16, 70, 26, 66, 22, 62, 18, 58, 28, 68, 24, 64, 20, 60)(29, 83, 39, 79, 35, 75, 31, 71, 41, 81, 37, 77, 33, 73)(30, 84, 40, 80, 36, 76, 
32, 72, 42, 82, 38, 78, 34, 74),  ], [  (1, 38, 17, 12, 33, 28, 7, 30, 23, 4, 39, 20, 13, 36, 15, 10, 31, 26, 5, 42, 21, 2, 37, 18, 11, 34, 
27, 8, 29, 24, 3, 40, 19, 14, 35, 16, 9, 32, 25, 6, 41, 22)(43, 80, 59, 54, 75, 70, 49, 72, 65, 46, 81, 62, 55, 78, 57, 52, 73, 68, 47, 84, 
63, 44, 79, 60, 53, 76, 69, 50, 71, 66, 45, 82, 61, 56, 77, 58, 51, 74, 67, 48, 83, 64),  (1, 22, 41, 6, 25, 32, 9, 16, 35, 14, 19, 40, 3, 24,
29, 8, 27, 34, 11, 18, 37, 2, 21, 42, 5, 26, 31, 10, 15, 36, 13, 20, 39, 4, 23, 30, 7, 28, 33, 12, 17, 38)(43, 64, 83, 48, 67, 74, 51, 58, 77,
56, 61, 82, 45, 66, 71, 50, 69, 76, 53, 60, 79, 44, 63, 84, 47, 68, 73, 52, 57, 78, 55, 62, 81, 46, 65, 72, 49, 70, 75, 54, 59, 80),  ], [  
(1, 36, 27, 6, 39, 18, 9, 30, 21, 14, 33, 26, 3, 38, 15, 8, 41, 20, 11, 32, 23, 2, 35, 28, 5, 40, 17, 10, 29, 22, 13, 34, 25, 4, 37, 16, 7, 
42, 19, 12, 31, 24)(43, 78, 69, 48, 81, 60, 51, 72, 63, 56, 75, 68, 45, 80, 57, 50, 83, 62, 53, 74, 65, 44, 77, 70, 47, 82, 59, 52, 71, 64, 
55, 76, 67, 46, 79, 58, 49, 84, 61, 54, 73, 66),  (1, 24, 31, 12, 19, 42, 7, 16, 37, 4, 25, 34, 13, 22, 29, 10, 17, 40, 5, 28, 35, 2, 23, 32, 
11, 20, 41, 8, 15, 38, 3, 26, 33, 14, 21, 30, 9, 18, 39, 6, 27, 36)(43, 66, 73, 54, 61, 84, 49, 58, 79, 46, 67, 76, 55, 64, 71, 52, 59, 82, 
47, 70, 77, 44, 65, 74, 53, 62, 83, 50, 57, 80, 45, 68, 75, 56, 63, 72, 51, 60, 81, 48, 69, 78),  ], [  (1, 14, 11, 10, 7, 6, 3, 2, 13, 12, 9,
8, 5, 4)(15, 28, 25, 24, 21, 20, 17, 16, 27, 26, 23, 22, 19, 18)(29, 42, 39, 38, 35, 34, 31, 30, 41, 40, 37, 36, 33, 32)(43, 56, 53, 52, 49, 
48, 45, 44, 55, 54, 51, 50, 47, 46)(57, 70, 67, 66, 63, 62, 59, 58, 69, 68, 65, 64, 61, 60)(71, 84, 81, 80, 77, 76, 73, 72, 83, 82, 79, 78, 
75, 74),  (1, 4, 5, 8, 9, 12, 13, 2, 3, 6, 7, 10, 11, 14)(15, 18, 19, 22, 23, 26, 27, 16, 17, 20, 21, 24, 25, 28)(29, 32, 33, 36, 37, 40, 41, 
30, 31, 34, 35, 38, 39, 42)(43, 46, 47, 50, 51, 54, 55, 44, 45, 48, 49, 52, 53, 56)(57, 60, 61, 64, 65, 68, 69, 58, 59, 62, 63, 66, 67, 
70)(71, 74, 75, 78, 79, 82, 83, 72, 73, 76, 77, 80, 81, 84),  ], [  (1, 24, 31, 12, 19, 42, 7, 16, 37, 4, 25, 34, 13, 22, 29, 10, 17, 40, 5, 
28, 35, 2, 23, 32, 11, 20, 41, 8, 15, 38, 3, 26, 33, 14, 21, 30, 9, 18, 39, 6, 27, 36)(43, 66, 73, 54, 61, 84, 49, 58, 79, 46, 67, 76, 55, 64,
71, 52, 59, 82, 47, 70, 77, 44, 65, 74, 53, 62, 83, 50, 57, 80, 45, 68, 75, 56, 63, 72, 51, 60, 81, 48, 69, 78),  (1, 36, 27, 6, 39, 18, 9, 
30, 21, 14, 33, 26, 3, 38, 15, 8, 41, 20, 11, 32, 23, 2, 35, 28, 5, 40, 17, 10, 29, 22, 13, 34, 25, 4, 37, 16, 7, 42, 19, 12, 31, 24)(43, 78, 
69, 48, 81, 60, 51, 72, 63, 56, 75, 68, 45, 80, 57, 50, 83, 62, 53, 74, 65, 44, 77, 70, 47, 82, 59, 52, 71, 64, 55, 76, 67, 46, 79, 58, 49, 
84, 61, 54, 73, 66),  ], [  (1, 22, 41, 6, 25, 32, 9, 16, 35, 14, 19, 40, 3, 24, 29, 8, 27, 34, 11, 18, 37, 2, 21, 42, 5, 26, 31, 10, 15, 36, 
13, 20, 39, 4, 23, 30, 7, 28, 33, 12, 17, 38)(43, 64, 83, 48, 67, 74, 51, 58, 77, 56, 61, 82, 45, 66, 71, 50, 69, 76, 53, 60, 79, 44, 63, 84, 
