BRACES[92] := [ rec(
      gadd := [ ( 1,53,14,66,25,77,38,90, 3,55,16,68,27,79,40,92, 5,57,18,70,29,81,42,48, 7,59,20,72,31,83,44,50, 9,61,22,74,33,85,46,52,11,63,24,76,35,87, 2,54,
             13,65,26,78,37,89, 4,56,15,67,28,80,39,91, 6,58,17,69,30,82,41,47, 8,60,19,71,32,84,43,49,10,62,21,73,34,86,45,51,12,64,23,75,36,88) ],
      gmul := [ ( 1,32,15,46,29,14,43,28,11,42,25,10,39,24, 7,38,21, 6,35,20, 3,34,17, 2,31,16,45,30,13,44,27,12,41,26, 9,40,23, 8,37,22, 5,36,19, 4,33,18)
            (47,78,61,92,75,60,89,74,57,88,71,56,85,70,53,84,67,52,81,66,49,80,63,48,77,62,91,76,59,90,73,58,87,72,55,86,69,54,83,68,51,82,65,50,79,64), 
          ( 1,61,29,89,11,71,39,53,21,81, 3,63,31,91,13,73,41,55,23,83, 5,65,33,47,15,75,43,57,25,85, 7,67,35,49,17,77,45,59,27,87, 9,69,37,51,19,79)
            ( 2,62,30,90,12,72,40,54,22,82, 4,64,32,92,14,74,42,56,24,84, 6,66,34,48,16,76,44,58,26,86, 8,68,36,50,18,78,46,60,28,88,10,70,38,52,20,80) ],
      p := ( 2,47,83,21,60,45,78,86,80,79,61,90,28,23,65, 4, 7,53,84,27,25,20,29,66,46,64,91,68,39,77,56,51,43,37,72,85,62,52, 5,41,32,69,50,12,35,31,71,55,89,22,82,34,24,75,15,59, 3)
        ( 6,48,57,44,11,13,54,58)( 8,87,67, 9)(10,42,18,36,17,14,88,73)(16,81)(26,30,76,33)(38,70,92,74,40,63,49),
      q := ( 2,47,57, 6,48,83,27,23,75,33,24,65,46,78,56,89,28,25,30,66, 4,41,18,14,54,84,21,82,16,59,45,64,49,12,13,88,67,39,63,91,74,10, 8,53,58,44,37,70,50,38,72,55,51, 5, 7,87,73,40,77,86,62,90,22,60, 3)
        ( 9,42,32,71,85,80,61,52,43,11,35,17,36,31,69,92,68)(15,81,34,26,20,19,29,76) ), rec(
      gadd := [ ( 1,53,14,66,25,77,38,90, 3,55,16,68,27,79,40,92, 5,57,18,70,29,81,42,48, 7,59,20,72,31,83,44,50, 9,61,22,74,33,85,46,52,11,63,24,76,35,87, 2,54,
             13,65,26,78,37,89, 4,56,15,67,28,80,39,91, 6,58,17,69,30,82,41,47, 8,60,19,71,32,84,43,49,10,62,21,73,34,86,45,51,12,64,23,75,36,88) ],
      gmul := [ ( 1,74)( 2,73)( 3,72)( 4,71)( 5,70)( 6,69)( 7,68)( 8,67)( 9,66)(10,65)(11,64)(12,63)(13,62)(14,61)(15,60)(16,59)(17,58)(18,57)(19,56)(20,55)
            (21,54)(22,53)(23,52)(24,51)(25,50)(26,49)(27,48)(28,47)(29,92)(30,91)(31,90)(32,89)(33,88)(34,87)(35,86)(36,85)(37,84)(38,83)(39,82)(40,81)(41,80)(42,79)(43,78)(44,77)(45,76)(46,75), 
          ( 1,81)( 2,82)( 3,79)( 4,80)( 5,77)( 6,78)( 7,75)( 8,76)( 9,73)(10,74)(11,71)(12,72)(13,69)(14,70)(15,67)(16,68)(17,65)(18,66)(19,63)(20,64)
            (21,61)(22,62)(23,59)(24,60)(25,57)(26,58)(27,55)(28,56)(29,53)(30,54)(31,51)(32,52)(33,49)(34,50)(35,47)(36,48)(37,91)(38,92)(39,89)(40,90)(41,87)(42,88)(43,85)(44,86)(45,83)(46,84) ],
      p := ( 2,47,57,44,11,13,88,67, 9, 8,53,58, 6,48,83,21,82,34,24,65, 4, 7,87,73,10,42,18,36,17,14,54,84,27,25,20,29,76,33,26,30,66,46,78,56,89,22,60,45,64,
         49,38,72,55,51,43,37,70,50,12,35,31,69,92,68,39,63,91,74,40,77,86,62,90,28,23,75,15,81,16,59, 3)( 5,41,32,71,85,80,61,52),
      q := ( 2,47,57, 6,48,83,27,23,75,33,24,65,46,78,56,89,28,25,30,66, 4,41,18,14,54,84,21,82,16,59,45,64,49,12,13,88,67,39,63,91,74,10, 8,53,58,44,37,70,50,38,72,55,51, 5, 7,87,73,40,77,86,62,90,22,60, 3)
        ( 9,42,32,71,85,80,61,52,43,11,35,17,36,31,69,92,68)(15,81,34,26,20,19,29,76) ), rec(
      gadd := [ ( 1,53,14,66,25,77,38,90, 3,55,16,68,27,79,40,92, 5,57,18,70,29,81,42,48, 7,59,20,72,31,83,44,50, 9,61,22,74,33,85,46,52,11,63,24,76,35,87, 2,54,
             13,65,26,78,37,89, 4,56,15,67,28,80,39,91, 6,58,17,69,30,82,41,47, 8,60,19,71,32,84,43,49,10,62,21,73,34,86,45,51,12,64,23,75,36,88) ],
      gmul := [ ( 1,28, 7,34,13,40,19,46,25, 6,31,12,37,18,43,24, 3,30, 9,36,15,42,21, 2,27, 8,33,14,39,20,45,26, 5,32,11,38,17,44,23, 4,29,10,35,16,41,22)
            (47,74,53,80,59,86,65,92,71,52,77,58,83,64,89,70,49,76,55,82,61,88,67,48,73,54,79,60,85,66,91,72,51,78,57,84,63,90,69,50,75,56,81,62,87,68), 
          ( 1,92, 2,91)( 3,90, 4,89)( 5,88, 6,87)( 7,86, 8,85)( 9,84,10,83)(11,82,12,81)(13,80,14,79)(15,78,16,77)(17,76,18,75)(19,74,20,73)(21,72,22,71)
            (23,70,24,69)(25,68,26,67)(27,66,28,65)(29,64,30,63)(31,62,32,61)(33,60,34,59)(35,58,36,57)(37,56,38,55)(39,54,40,53)(41,52,42,51)(43,50,44,49)(45,48,46,47) ],
      p := ( 2,48,84,61,51,43,37,69,91,67, 9, 8,54, 5,47,58, 6,41,32,72,56,90,28,65, 4, 7,88,68,49,38,17,14,35,31,70,39,64,50,12,53,57,44,77,85,79,80,62,45,63,92,73,10,42,18,36,71,86,27,25,20,59, 3)
        (11,13,87,74,40,78,33,26,30,23,76,55,52,83,21,81,16,60,89,22,29,75,15,82,34,24,66,46),
      q := ( 2,47,57, 6, 7,87,73,40,77,86,21,82,16,59,45,64,49,12,54,43,11,35,17,36,72,55,51, 5,48,83,27,23,75,33,24,65,46,37,70, 9,42,32,71,85,80,61,52,84,62, 3)
        ( 4,41,18,14,13,88,67,39,63,91,68,50,38,31,69,92,74,10, 8,53,58,44,78,15,81,34,26,20,60,90,22,19,29,76,56,89,28,66)(25,30) ), rec(
      gadd := [ ( 1,53,14,66,25,77,38,90, 3,55,16,68,27,79,40,92, 5,57,18,70,29,81,42,48, 7,59,20,72,31,83,44,50, 9,61,22,74,33,85,46,52,11,63,24,76,35,87, 2,54,
             13,65,26,78,37,89, 4,56,15,67,28,80,39,91, 6,58,17,69,30,82,41,47, 8,60,19,71,32,84,43,49,10,62,21,73,34,86,45,51,12,64,23,75,36,88) ],
      gmul := [ ( 1,53,14,66,25,77,38,90, 3,55,16,68,27,79,40,92, 5,57,18,70,29,81,42,48, 7,59,20,72,31,83,44,50, 9,61,22,74,33,85,46,52,11,63,24,76,35,87, 2,54,
             13,65,26,78,37,89, 4,56,15,67,28,80,39,91, 6,58,17,69,30,82,41,47, 8,60,19,71,32,84,43,49,10,62,21,73,34,86,45,51,12,64,23,75,36,88) ],
      p := ( 2,48,58, 6,41,32,70,39,78,33,26,30,23,66,46,11,13,87,68,49,38,17,14,35,31,72,86,27,25,20,59, 3)( 4, 7,54, 5,47,84,61,51,43,37,69,91,67, 9, 8,88,74,
         40,64,92,73,10,42,18,36,71,56,52,83,21,81,16,82,34,24,76,55,90,28,65)(12,53,57,44,77,85,79,62,45,63,50)(15,60,89,22,29,75),
      q := ( 2,47,57, 6, 7,87,73,40,77,56,89,28,76,86,21,60,52,58,44,64,49,12,88,67,39,63,91,74,10, 8,53,84,80,61,90,22,19,29,66, 4,41,18,14,13,54,43,11,35,17,36,70, 9,42,32,71,85,62, 3)
        ( 5,48,83,27,23,75,33,24,65,46,37,72,55,51)(15,81,34,26,20,82,16,59,45,78)(25,30)(31,69,50,38)(68,92) ), rec(
      gadd := [ ( 1,53,14,66,25,77,38,90, 3,55,16,68,27,79,40,92, 5,57,18,70,29,81,42,48, 7,59,20,72,31,83,44,50, 9,61,22,74,33,85,46,52,11,63,24,76,35,87, 2,54,
             13,65,26,78,37,89, 4,56,15,67,28,80,39,91, 6,58,17,69,30,82,41,47, 8,60,19,71,32,84,43,49,10,62,21,73,34,86,45,51,12,64,23,75,36,88) ],
      gmul := [ ( 1,36)( 2,35)( 3,34)( 4,33)( 5,32)( 6,31)( 7,30)( 8,29)( 9,28)(10,27)(11,26)(12,25)(13,24)(14,23)(15,22)(16,21)(17,20)(18,19)(37,46)(38,45)
            (39,44)(40,43)(41,42)(47,82)(48,81)(49,80)(50,79)(51,78)(52,77)(53,76)(54,75)(55,74)(56,73)(57,72)(58,71)(59,70)(60,69)(61,68)(62,67)(63,66)(64,65)(83,92)(84,91)(85,90)(86,89)(87,88), 
          ( 1,89,39,81,31,73,23,65,15,57, 7,49,45,87,37,79,29,71,21,63,13,55, 5,47,43,85,35,77,27,69,19,61,11,53, 3,91,41,83,33,75,25,67,17,59, 9,51)
            ( 2,90,40,82,32,74,24,66,16,58, 8,50,46,88,38,80,30,72,22,64,14,56, 6,48,44,86,36,78,28,70,20,62,12,54, 4,92,42,84,34,76,26,68,18,60,10,52) ],
      p := ( 2,47,83,21,82,16,81,34,26,20,29,76,33,24,75,15,59, 3)( 4, 7,53,58,44,11,13,88,73,40,63,49,12,35,31,71,55,89,28,23,65,46,78,56,51,43,37,70,50,38,72,85,80,79,61,52, 5,41,18,14,54,84,27,25,30,66)
        ( 6,48,57)( 8,87,67, 9,42,32,69,92,68,39,77,86,62,90,22,60,45,64,91,74,10)(17,36),
      q := ( 2,47,57, 6,48,83,27,23,75,33,24,65,46,78,56,89,28,25,30,66, 4,41,18,14,54,84,21,82,16,59,45,64,49,12,13,88,67,39,63,91,74,10, 8,53,58,44,37,70,50,38,72,55,51, 5, 7,87,73,40,77,86,62,90,22,60, 3)
        ( 9,42,32,71,85,80,61,52,43,11,35,17,36,31,69,92,68)(15,81,34,26,20,19,29,76) ), rec(
      gadd := [ ( 1,63,10,49,19,58, 5,67,14,53,23,62, 9,48,18,57, 4,66,13,52,22,61, 8,47,17,56, 3,65,12,51,21,60, 7,69,16,55, 2,64,11,50,20,59, 6,68,15,54)
            (24,86,33,72,42,81,28,90,37,76,46,85,32,71,41,80,27,89,36,75,45,84,31,70,40,79,26,88,35,74,44,83,30,92,39,78,25,87,34,73,43,82,29,91,38,77), 
          ( 1,87,12,75,23,86,11,74,22,85,10,73,21,84, 9,72,20,83, 8,71,19,82, 7,70,18,81, 6,92,17,80, 5,91,16,79, 4,90,15,78, 3,89,14,77, 2,88,13,76)
            (24,64,35,52,46,63,34,51,45,62,33,50,44,61,32,49,43,60,31,48,42,59,30,47,41,58,29,69,40,57,28,68,39,56,27,67,38,55,26,66,37,54,25,65,36,53) ],
      gmul := [ ( 1,31,15,45, 6,36,20,27,11,41, 2,32,16,46, 7,37,21,28,12,42, 3,33,17,24, 8,38,22,29,13,43, 4,34,18,25, 9,39,23,30,14,44, 5,35,19,26,10,40)
            (47,77,61,91,52,82,66,73,57,87,48,78,62,92,53,83,67,74,58,88,49,79,63,70,54,84,68,75,59,89,50,80,64,71,55,85,69,76,60,90,51,81,65,72,56,86), 
          ( 1,59, 2,60, 3,61, 4,62, 5,63, 6,64, 7,65, 8,66, 9,67,10,68,11,69,12,47,13,48,14,49,15,50,16,51,17,52,18,53,19,54,20,55,21,56,22,57,23,58)
            (24,82,25,83,26,84,27,85,28,86,29,87,30,88,31,89,32,90,33,91,34,92,35,70,36,71,37,72,38,73,39,74,40,75,41,76,42,77,43,78,44,79,45,80,46,81) ],
      p := ( 2, 7,76,10,87,38,77,21)( 3,70,78,84, 4,47,60,22,88,33,29, 8,53)( 5,18,81,39,54,89,73,45,20, 6,13,19,58,74,85,90,50,80,32,42,86,67,68,16,30,71,55,
         66,91,44,11,64,43,63,49,40,25,35,69,15,59,51,57,34,92,27,52)( 9,24,36,17,41,46,83,56,37,14,82,79,61)(23,65,28)(26,75,62,72)(31,48),
      q := ( 2,18,82,84,21,23,52,20,19,59,66,72,45, 5, 7,87,33,42,77, 4,47,57,37,11,53,22,75,55,51,60, 3,70,85,73,26,88,38,86,50,83,61,16,41,25,36, 8,64,28)( 6,12,13)
        ( 9,24,35,48,40,46,80,39,63,68)(10,76,15,58,89,90,67,49,31,69)(14,81,32,29,17,30,92,44)(27,65,43,54,74,78,79,56,34,71,62,91) ), rec(
      gadd := [ ( 1,46,22,44,20,42,18,40,16,38,14,36,12,34,10,32, 8,30, 6,28, 4,26, 2,24,23,45,21,43,19,41,17,39,15,37,13,35,11,33, 9,31, 7,29, 5,27, 3,25)
            (47,92,68,90,66,88,64,86,62,84,60,82,58,80,56,78,54,76,52,74,50,72,48,70,69,91,67,89,65,87,63,85,61,83,59,81,57,79,55,77,53,75,51,73,49,71), 
          ( 1,90,18,84,12,78, 6,72,23,89,17,83,11,77, 5,71,22,88,16,82,10,76, 4,70,21,87,15,81, 9,75, 3,92,20,86,14,80, 8,74, 2,91,19,85,13,79, 7,73)
            (24,67,41,61,35,55,29,49,46,66,40,60,34,54,28,48,45,65,39,59,33,53,27,47,44,64,38,58,32,52,26,69,43,63,37,57,31,51,25,68,42,62,36,56,30,50) ],
      gmul := [ ( 1,53,36,88, 2,54,37,89, 3,55,38,90, 4,56,39,91, 5,57,40,92, 6,58,41,70, 7,59,42,71, 8,60,43,72, 9,61,44,73,10,62,45,74,11,63,46,75,12,64,24,76,
             13,65,25,77,14,66,26,78,15,67,27,79,16,68,28,80,17,69,29,81,18,47,30,82,19,48,31,83,20,49,32,84,21,50,33,85,22,51,34,86,23,52,35,87) ],
      p := ( 2,47,60,28,29,75,78,10,30,23,65, 9,13,87,67,72,62,22, 6,18,36,46,11,76,39,54, 5,70,16,58,43,77,85,79,61,74,32,69,91,27,88,50,37,92,73,15,59,89,44,
         40,63,49,20,35,71,55,66,26,42,31,48,57, 3, 7,53,80,56,51,83,84,33, 8,64,68,45,86, 4,24,52,34,25)(12,41,14)(17,19,82,38)(21,81),
      q := ( 2,70, 9,12,30)( 3,18,35,69,49, 5,47,80,84,38, 8,76,32,71,85,61,66,45,54,20,36,25,23,75,62)( 4,24,88,90,50,34,46,14,13,53,60,43,63,91,44,31,92,67,
         68,26,29,65,16,82,33,17, 6, 7,87,73,10,41,11,64,72,78,15,81)(19,58,28,42,40,77,55,74,39,86,21,59,51,57,22)(27,52,37,48,83,56,89) ), rec(
      gadd := [ ( 1,26, 5,30, 9,34,13,38,17,42,21,46, 2,27, 6,31,10,35,14,39,18,43,22,24, 3,28, 7,32,11,36,15,40,19,44,23,25, 4,29, 8,33,12,37,16,41,20,45)
            (47,72,51,76,55,80,59,84,63,88,67,92,48,73,52,77,56,81,60,85,64,89,68,70,49,74,53,78,57,82,61,86,65,90,69,71,50,75,54,79,58,83,62,87,66,91), 
          ( 1,51, 9,59,17,67, 2,52,10,60,18,68, 3,53,11,61,19,69, 4,54,12,62,20,47, 5,55,13,63,21,48, 6,56,14,64,22,49, 7,57,15,65,23,50, 8,58,16,66)
            (24,74,32,82,40,90,25,75,33,83,41,91,26,76,34,84,42,92,27,77,35,85,43,70,28,78,36,86,44,71,29,79,37,87,45,72,30,80,38,88,46,73,31,81,39,89) ],
      gmul := [ ( 1,64,24,87)( 2,63,25,86)( 3,62,26,85)( 4,61,27,84)( 5,60,28,83)( 6,59,29,82)( 7,58,30,81)( 8,57,31,80)( 9,56,32,79)(10,55,33,78)(11,54,34,77)
            (12,53,35,76)(13,52,36,75)(14,51,37,74)(15,50,38,73)(16,49,39,72)(17,48,40,71)(18,47,41,70)(19,69,42,92)(20,68,43,91)(21,67,44,90)(22,66,45,89)(23,65,46,88), 
          ( 1,78,24,55)( 2,77,25,54)( 3,76,26,53)( 4,75,27,52)( 5,74,28,51)( 6,73,29,50)( 7,72,30,49)( 8,71,31,48)( 9,70,32,47)(10,92,33,69)(11,91,34,68)
            (12,90,35,67)(13,89,36,66)(14,88,37,65)(15,87,38,64)(16,86,39,63)(17,85,40,62)(18,84,41,61)(19,83,42,60)(20,82,43,59)(21,81,44,58)(22,80,45,57)(23,79,46,56) ],
      p := ( 2,47,57, 3, 7,64,49,20,35,71,62,22, 6,18,36,46,11,76,39,63,68,45,86, 4,24,65, 9,13,87,50,37,92,73,15,58,43,77,85,79,56,66,26,42,31,69,91,27,88,67,
         72,55,51,83,84,33, 8,53,80,61,74,32,48,60,28,29,75,78,10,30,23,52,34,25)( 5,70,16,59,89,44,40,54)(12,41,14)(17,19,82,38)(21,81),
      q := ( 2,70, 9,12,30)( 3,18,35,48,83,61,51,60,43,54,20,36,25,23,75,55,74,39,86,21,58,28,42,40,77,62)( 4,24,88,90,67,49, 5,47,80,84,38, 8,76,32,71,85,56,
         89,27,65,16,82,33,17, 6, 7,87,73,10,41,11,53,57,22,19,59,66,45,63,91,44,31,92,50,34,46,14,13,64,72,78,15,81)(26,29,52,37,69,68) ), rec(
      gadd := [ ( 1,25, 3,27, 5,29, 7,31, 9,33,11,35,13,37,15,39,17,41,19,43,21,45,23,24, 2,26, 4,28, 6,30, 8,32,10,34,12,36,14,38,16,40,18,42,20,44,22,46)
            (47,71,49,73,51,75,53,77,55,79,57,81,59,83,61,85,63,87,65,89,67,91,69,70,48,72,50,74,52,76,54,78,56,80,58,82,60,84,62,86,64,88,66,90,68,92), 
          ( 1,53,13,65, 2,54,14,66, 3,55,15,67, 4,56,16,68, 5,57,17,69, 6,58,18,47, 7,59,19,48, 8,60,20,49, 9,61,21,50,10,62,22,51,11,63,23,52,12,64)
            (24,76,36,88,25,77,37,89,26,78,38,90,27,79,39,91,28,80,40,92,29,81,41,70,30,82,42,71,31,83,43,72,32,84,44,73,33,85,45,74,34,86,46,75,35,87) ],
      gmul := [ ( 1,25)( 2,24)( 3,46)( 4,45)( 5,44)( 6,43)( 7,42)( 8,41)( 9,40)(10,39)(11,38)(12,37)(13,36)(14,35)(15,34)(16,33)(17,32)(18,31)(19,30)(20,29)
            (21,28)(22,27)(23,26)(47,71)(48,70)(49,92)(50,91)(51,90)(52,89)(53,88)(54,87)(55,86)(56,85)(57,84)(58,83)(59,82)(60,81)(61,80)(62,79)(63,78)(64,77)(65,76)(66,75)(67,74)(68,73)(69,72), 
          ( 1,83, 4,86, 7,89,10,92,13,72,16,75,19,78,22,81, 2,84, 5,87, 8,90,11,70,14,73,17,76,20,79,23,82, 3,85, 6,88, 9,91,12,71,15,74,18,77,21,80)
            (24,60,27,63,30,66,33,69,36,49,39,52,42,55,45,58,25,61,28,64,31,67,34,47,37,50,40,53,43,56,46,59,26,62,29,65,32,68,35,48,38,51,41,54,44,57) ],
      p := ( 2,47,31,42,77,56,66,72,55,37,63,43,86,33, 8,53,51,80,61,68,16,59,74,78,39,25)( 3, 7,24,65, 9,13,58,89,90,73,15,30,29,69,62,28,23,36,17,19,81,21,52, 5,18,82,84, 4,70,45,57)
        ( 6,64,49,20)(10,76)(11,87,38,46,40,54,34,71,26,88,67,91,27,75,85,50,83,79,32,48,60,22,35,92,44)(14,41),
      q := ( 2,47,31,42,86,33,17, 6,64,49, 5, 7,24,65,16,59,89,73,10,87,38,46,40,54,34,92,44,14,41,11,76,15,30,29,69,62,28)( 3,18,81, 4,70,45,57,22,35,71,26,75,
         78,39,25,23,36, 8,53,51,83,84,21,52,20,19,82,79,32,48,60)( 9,12,13,58,74,85,50,80,61,68)(27,88,67,72,55,37,63,43,77,56,66,91) ) ];
