BRACES[93] := rec( total := -1, implemented := 2, size := 93, brace := [] );BRACES[93].brace[1] := rec ( size := 93, perms := [ [  (),  (),  
], [  (1, 32, 63)(2, 33, 64)(3, 34, 65)(4, 35, 66)(5, 36, 67)(6, 37, 68)(7, 38, 69)(8, 39, 70)(9, 40, 71)(10, 41, 72)(11, 42, 73)(12, 43, 
74)(13, 44, 75)(14, 45, 76)(15, 46, 77)(16, 47, 78)(17, 48, 79)(18, 49, 80)(19, 50, 81)(20, 51, 82)(21, 52, 83)(22, 53, 84)(23, 54, 85)(24, 
55, 86)(25, 56, 87)(26, 57, 88)(27, 58, 89)(28, 59, 90)(29, 60, 91)(30, 61, 92)(31, 62, 93),  (1, 63, 32)(2, 64, 33)(3, 65, 34)(4, 66, 35)(5, 
67, 36)(6, 68, 37)(7, 69, 38)(8, 70, 39)(9, 71, 40)(10, 72, 41)(11, 73, 42)(12, 74, 43)(13, 75, 44)(14, 76, 45)(15, 77, 46)(16, 78, 47)(17, 
79, 48)(18, 80, 49)(19, 81, 50)(20, 82, 51)(21, 83, 52)(22, 84, 53)(23, 85, 54)(24, 86, 55)(25, 87, 56)(26, 88, 57)(27, 89, 58)(28, 90, 
59)(29, 91, 60)(30, 92, 61)(31, 93, 62),  ], [  (1, 7, 13, 19, 25, 31, 6, 12, 18, 24, 30, 5, 11, 17, 23, 29, 4, 10, 16, 22, 28, 3, 9, 15, 21, 
27, 2, 8, 14, 20, 26)(32, 38, 44, 50, 56, 62, 37, 43, 49, 55, 61, 36, 42, 48, 54, 60, 35, 41, 47, 53, 59, 34, 40, 46, 52, 58, 33, 39, 45, 51, 
57)(63, 69, 75, 81, 87, 93, 68, 74, 80, 86, 92, 67, 73, 79, 85, 91, 66, 72, 78, 84, 90, 65, 71, 77, 83, 89, 64, 70, 76, 82, 88),  (1, 26, 20, 
14, 8, 2, 27, 21, 15, 9, 3, 28, 22, 16, 10, 4, 29, 23, 17, 11, 5, 30, 24, 18, 12, 6, 31, 25, 19, 13, 7)(32, 57, 51, 45, 39, 33, 58, 52, 46, 
40, 34, 59, 53, 47, 41, 35, 60, 54, 48, 42, 36, 61, 55, 49, 43, 37, 62, 56, 50, 44, 38)(63, 88, 82, 76, 70, 64, 89, 83, 77, 71, 65, 90, 84, 
78, 72, 66, 91, 85, 79, 73, 67, 92, 86, 80, 74, 68, 93, 87, 81, 75, 69),  ], [  (1, 63, 32)(2, 64, 33)(3, 65, 34)(4, 66, 35)(5, 67, 36)(6, 68,
37)(7, 69, 38)(8, 70, 39)(9, 71, 40)(10, 72, 41)(11, 73, 42)(12, 74, 43)(13, 75, 44)(14, 76, 45)(15, 77, 46)(16, 78, 47)(17, 79, 48)(18, 80, 
49)(19, 81, 50)(20, 82, 51)(21, 83, 52)(22, 84, 53)(23, 85, 54)(24, 86, 55)(25, 87, 56)(26, 88, 57)(27, 89, 58)(28, 90, 59)(29, 91, 60)(30, 
92, 61)(31, 93, 62),  (1, 32, 63)(2, 33, 64)(3, 34, 65)(4, 35, 66)(5, 36, 67)(6, 37, 68)(7, 38, 69)(8, 39, 70)(9, 40, 71)(10, 41, 72)(11, 42, 
73)(12, 43, 74)(13, 44, 75)(14, 45, 76)(15, 46, 77)(16, 47, 78)(17, 48, 79)(18, 49, 80)(19, 50, 81)(20, 51, 82)(21, 52, 83)(22, 53, 84)(23, 
54, 85)(24, 55, 86)(25, 56, 87)(26, 57, 88)(27, 58, 89)(28, 59, 90)(29, 60, 91)(30, 61, 92)(31, 62, 93),  ], [  (1, 26, 20, 14, 8, 2, 27, 21, 
15, 9, 3, 28, 22, 16, 10, 4, 29, 23, 17, 11, 5, 30, 24, 18, 12, 6, 31, 25, 19, 13, 7)(32, 57, 51, 45, 39, 33, 58, 52, 46, 40, 34, 59, 53, 47, 
41, 35, 60, 54, 48, 42, 36, 61, 55, 49, 43, 37, 62, 56, 50, 44, 38)(63, 88, 82, 76, 70, 64, 89, 83, 77, 71, 65, 90, 84, 78, 72, 66, 91, 85, 
79, 73, 67, 92, 86, 80, 74, 68, 93, 87, 81, 75, 69),  (1, 7, 13, 19, 25, 31, 6, 12, 18, 24, 30, 5, 11, 17, 23, 29, 4, 10, 16, 22, 28, 3, 9, 
15, 21, 27, 2, 8, 14, 20, 26)(32, 38, 44, 50, 56, 62, 37, 43, 49, 55, 61, 36, 42, 48, 54, 60, 35, 41, 47, 53, 59, 34, 40, 46, 52, 58, 33, 39, 
45, 51, 57)(63, 69, 75, 81, 87, 93, 68, 74, 80, 86, 92, 67, 73, 79, 85, 91, 66, 72, 78, 84, 90, 65, 71, 77, 83, 89, 64, 70, 76, 82, 88),  ], [
(1, 38, 75, 19, 56, 93, 6, 43, 80, 24, 61, 67, 11, 48, 85, 29, 35, 72, 16, 53, 90, 3, 40, 77, 21, 58, 64, 8, 45, 82, 26, 32, 69, 13, 50, 87, 
31, 37, 74, 18, 55, 92, 5, 42, 79, 23, 60, 66, 10, 47, 84, 28, 34, 71, 15, 52, 89, 2, 39, 76, 20, 57, 63, 7, 44, 81, 25, 62, 68, 12, 49, 86, 
30, 36, 73, 17, 54, 91, 4, 41, 78, 22, 59, 65, 9, 46, 83, 27, 33, 70, 14, 51, 88),  (1, 88, 51, 14, 70, 33, 27, 83, 46, 9, 65, 59, 22, 78, 41,
4, 91, 54, 17, 73, 36, 30, 86, 49, 12, 68, 62, 25, 81, 44, 7, 63, 57, 20, 76, 39, 2, 89, 52, 15, 71, 34, 28, 84, 47, 10, 66, 60, 23, 79, 42, 
5, 92, 55, 18, 74, 37, 31, 87, 50, 13, 69, 32, 26, 82, 45, 8, 64, 58, 21, 77, 40, 3, 90, 53, 16, 72, 35, 29, 85, 48, 11, 67, 61, 24, 80, 43, 
6, 93, 56, 19, 75, 38),  ], [  (1, 57, 82, 14, 39, 64, 27, 52, 77, 9, 34, 90, 22, 47, 72, 4, 60, 85, 17, 42, 67, 30, 55, 80, 12, 37, 93, 25, 
50, 75, 7, 32, 88, 20, 45, 70, 2, 58, 83, 15, 40, 65, 28, 53, 78, 10, 35, 91, 23, 48, 73, 5, 61, 86, 18, 43, 68, 31, 56, 81, 13, 38, 63, 26, 
51, 76, 8, 33, 89, 21, 46, 71, 3, 59, 84, 16, 41, 66, 29, 54, 79, 11, 36, 92, 24, 49, 74, 6, 62, 87, 19, 44, 69),  (1, 69, 44, 19, 87, 62, 6, 
74, 49, 24, 92, 36, 11, 79, 54, 29, 66, 41, 16, 84, 59, 3, 71, 46, 21, 89, 33, 8, 76, 51, 26, 63, 38, 13, 81, 56, 31, 68, 43, 18, 86, 61, 5, 
73, 48, 23, 91, 35, 10, 78, 53, 28, 65, 40, 15, 83, 58, 2, 70, 45, 20, 88, 32, 7, 75, 50, 25, 93, 37, 12, 80, 55, 30, 67, 42, 17, 85, 60, 4, 
72, 47, 22, 90, 34, 9, 77, 52, 27, 64, 39, 14, 82, 57),  ], [  (1, 13, 25, 6, 18, 30, 11, 23, 4, 16, 28, 9, 21, 2, 14, 26, 7, 19, 31, 12, 24, 
5, 17, 29, 10, 22, 3, 15, 27, 8, 20)(32, 44, 56, 37, 49, 61, 42, 54, 35, 47, 59, 40, 52, 33, 45, 57, 38, 50, 62, 43, 55, 36, 48, 60, 41, 53, 
34, 46, 58, 39, 51)(63, 75, 87, 68, 80, 92, 73, 85, 66, 78, 90, 71, 83, 64, 76, 88, 69, 81, 93, 74, 86, 67, 79, 91, 72, 84, 65, 77, 89, 70, 
82),  (1, 20, 8, 27, 15, 3, 22, 10, 29, 17, 5, 24, 12, 31, 19, 7, 26, 14, 2, 21, 9, 28, 16, 4, 23, 11, 30, 18, 6, 25, 13)(32, 51, 39, 58, 46, 
34, 53, 41, 60, 48, 36, 55, 43, 62, 50, 38, 57, 45, 33, 52, 40, 59, 47, 35, 54, 42, 61, 49, 37, 56, 44)(63, 82, 70, 89, 77, 65, 84, 72, 91, 
79, 67, 86, 74, 93, 81, 69, 88, 76, 64, 83, 71, 90, 78, 66, 85, 73, 92, 80, 68, 87, 75),  ], [  (1, 69, 44, 19, 87, 62, 6, 74, 49, 24, 92, 36,
11, 79, 54, 29, 66, 41, 16, 84, 59, 3, 71, 46, 21, 89, 33, 8, 76, 51, 26, 63, 38, 13, 81, 56, 31, 68, 43, 18, 86, 61, 5, 73, 48, 23, 91, 35, 
10, 78, 53, 28, 65, 40, 15, 83, 58, 2, 70, 45, 20, 88, 32, 7, 75, 50, 25, 93, 37, 12, 80, 55, 30, 67, 42, 17, 85, 60, 4, 72, 47, 22, 90, 34, 
9, 77, 52, 27, 64, 39, 14, 82, 57),  (1, 57, 82, 14, 39, 64, 27, 52, 77, 9, 34, 90, 22, 47, 72, 4, 60, 85, 17, 42, 67, 30, 55, 80, 12, 37, 93,
25, 50, 75, 7, 32, 88, 20, 45, 70, 2, 58, 83, 15, 40, 65, 28, 53, 78, 10, 35, 91, 23, 48, 73, 5, 61, 86, 18, 43, 68, 31, 56, 81, 13, 38, 63, 
26, 51, 76, 8, 33, 89, 21, 46, 71, 3, 59, 84, 16, 41, 66, 29, 54, 79, 11, 36, 92, 24, 49, 74, 6, 62, 87, 19, 44, 69),  ], [  (1, 88, 51, 14, 
70, 33, 27, 83, 46, 9, 65, 59, 22, 78, 41, 4, 91, 54, 17, 73, 36, 30, 86, 49, 12, 68, 62, 25, 81, 44, 7, 63, 57, 20, 76, 39, 2, 89, 52, 15, 
71, 34, 28, 84, 47, 10, 66, 60, 23, 79, 42, 5, 92, 55, 18, 74, 37, 31, 87, 50, 13, 69, 32, 26, 82, 45, 8, 64, 58, 21, 77, 40, 3, 90, 53, 16, 
72, 35, 29, 85, 48, 11, 67, 61, 24, 80, 43, 6, 93, 56, 19, 75, 38),  (1, 38, 75, 19, 56, 93, 6, 43, 80, 24, 61, 67, 11, 48, 85, 29, 35, 72, 
16, 53, 90, 3, 40, 77, 21, 58, 64, 8, 45, 82, 26, 32, 69, 13, 50, 87, 31, 37, 74, 18, 55, 92, 5, 42, 79, 23, 60, 66, 10, 47, 84, 28, 34, 71, 
15, 52, 89, 2, 39, 76, 20, 57, 63, 7, 44, 81, 25, 62, 68, 12, 49, 86, 30, 36, 73, 17, 54, 91, 4, 41, 78, 22, 59, 65, 9, 46, 83, 27, 33, 70, 
14, 51, 88),  ], [  (1, 20, 8, 27, 15, 3, 22, 10, 29, 17, 5, 24, 12, 31, 19, 7, 26, 14, 2, 21, 9, 28, 16, 4, 23, 11, 30, 18, 6, 25, 13)(32, 
51, 39, 58, 46, 34, 53, 41, 60, 48, 36, 55, 43, 62, 50, 38, 57, 45, 33, 52, 40, 59, 47, 35, 54, 42, 61, 49, 37, 56, 44)(63, 82, 70, 89, 77, 
65, 84, 72, 91, 79, 67, 86, 74, 93, 81, 69, 88, 76, 64, 83, 71, 90, 78, 66, 85, 73, 92, 80, 68, 87, 75),  (1, 13, 25, 6, 18, 30, 11, 23, 4, 
16, 28, 9, 21, 2, 14, 26, 7, 19, 31, 12, 24, 5, 17, 29, 10, 22, 3, 15, 27, 8, 20)(32, 44, 56, 37, 49, 61, 42, 54, 35, 47, 59, 40, 52, 33, 45, 
57, 38, 50, 62, 43, 55, 36, 48, 60, 41, 53, 34, 46, 58, 39, 51)(63, 75, 87, 68, 80, 92, 73, 85, 66, 78, 90, 71, 83, 64, 76, 88, 69, 81, 93, 
74, 86, 67, 79, 91, 72, 84, 65, 77, 89, 70, 82),  ], [  (1, 44, 87, 6, 49, 92, 11, 54, 66, 16, 59, 71, 21, 33, 76, 26, 38, 81, 31, 43, 86, 5, 
48, 91, 10, 53, 65, 15, 58, 70, 20, 32, 75, 25, 37, 80, 30, 42, 85, 4, 47, 90, 9, 52, 64, 14, 57, 69, 19, 62, 74, 24, 36, 79, 29, 41, 84, 3, 
46, 89, 8, 51, 63, 13, 56, 68, 18, 61, 73, 23, 35, 78, 28, 40, 83, 2, 45, 88, 7, 50, 93, 12, 55, 67, 17, 60, 72, 22, 34, 77, 27, 39, 82),  (1,
82, 39, 27, 77, 34, 22, 72, 60, 17, 67, 55, 12, 93, 50, 7, 88, 45, 2, 83, 40, 28, 78, 35, 23, 73, 61, 18, 68, 56, 13, 63, 51, 8, 89, 46, 3, 
84, 41, 29, 79, 36, 24, 74, 62, 19, 69, 57, 14, 64, 52, 9, 90, 47, 4, 85, 42, 30, 80, 37, 25, 75, 32, 20, 70, 58, 15, 65, 53, 10, 91, 48, 5, 
86, 43, 31, 81, 38, 26, 76, 33, 21, 71, 59, 16, 66, 54, 11, 92, 49, 6, 87, 44),  ], [  (1, 51, 70, 27, 46, 65, 22, 41, 91, 17, 36, 86, 12, 62,
81, 7, 57, 76, 2, 52, 71, 28, 47, 66, 23, 42, 92, 18, 37, 87, 13, 32, 82, 8, 58, 77, 3, 53, 72, 29, 48, 67, 24, 43, 93, 19, 38, 88, 14, 33, 
83, 9, 59, 78, 4, 54, 73, 30, 49, 68, 25, 44, 63, 20, 39, 89, 15, 34, 84, 10, 60, 79, 5, 55, 74, 31, 50, 69, 26, 45, 64, 21, 40, 90, 16, 35, 
85, 11, 61, 80, 6, 56, 75),  (1, 75, 56, 6, 80, 61, 11, 85, 35, 16, 90, 40, 21, 64, 45, 26, 69, 50, 31, 74, 55, 5, 79, 60, 10, 84, 34, 15, 89,
39, 20, 63, 44, 25, 68, 49, 30, 73, 54, 4, 78, 59, 9, 83, 33, 14, 88, 38, 19, 93, 43, 24, 67, 48, 29, 72, 53, 3, 77, 58, 8, 82, 32, 13, 87, 
37, 18, 92, 42, 23, 66, 47, 28, 71, 52, 2, 76, 57, 7, 81, 62, 12, 86, 36, 17, 91, 41, 22, 65, 46, 27, 70, 51),  ], [  (1, 19, 6, 24, 11, 29, 
16, 3, 21, 8, 26, 13, 31, 18, 5, 23, 10, 28, 15, 2, 20, 7, 25, 12, 30, 17, 4, 22, 9, 27, 14)(32, 50, 37, 55, 42, 60, 47, 34, 52, 39, 57, 44, 
62, 49, 36, 54, 41, 59, 46, 33, 51, 38, 56, 43, 61, 48, 35, 53, 40, 58, 45)(63, 81, 68, 86, 73, 91, 78, 65, 83, 70, 88, 75, 93, 80, 67, 85, 
72, 90, 77, 64, 82, 69, 87, 74, 92, 79, 66, 84, 71, 89, 76),  (1, 14, 27, 9, 22, 4, 17, 30, 12, 25, 7, 20, 2, 15, 28, 10, 23, 5, 18, 31, 13, 
26, 8, 21, 3, 16, 29, 11, 24, 6, 19)(32, 45, 58, 40, 53, 35, 48, 61, 43, 56, 38, 51, 33, 46, 59, 41, 54, 36, 49, 62, 44, 57, 39, 52, 34, 47, 
60, 42, 55, 37, 50)(63, 76, 89, 71, 84, 66, 79, 92, 74, 87, 69, 82, 64, 77, 90, 72, 85, 67, 80, 93, 75, 88, 70, 83, 65, 78, 91, 73, 86, 68, 
81),  ], [  (1, 75, 56, 6, 80, 61, 11, 85, 35, 16, 90, 40, 21, 64, 45, 26, 69, 50, 31, 74, 55, 5, 79, 60, 10, 84, 34, 15, 89, 39, 20, 63, 44, 
25, 68, 49, 30, 73, 54, 4, 78, 59, 9, 83, 33, 14, 88, 38, 19, 93, 43, 24, 67, 48, 29, 72, 53, 3, 77, 58, 8, 82, 32, 13, 87, 37, 18, 92, 42, 
23, 66, 47, 28, 71, 52, 2, 76, 57, 7, 81, 62, 12, 86, 36, 17, 91, 41, 22, 65, 46, 27, 70, 51),  (1, 51, 70, 27, 46, 65, 22, 41, 91, 17, 36, 
86, 12, 62, 81, 7, 57, 76, 2, 52, 71, 28, 47, 66, 23, 42, 92, 18, 37, 87, 13, 32, 82, 8, 58, 77, 3, 53, 72, 29, 48, 67, 24, 43, 93, 19, 38, 
88, 14, 33, 83, 9, 59, 78, 4, 54, 73, 30, 49, 68, 25, 44, 63, 20, 39, 89, 15, 34, 84, 10, 60, 79, 5, 55, 74, 31, 50, 69, 26, 45, 64, 21, 40, 
90, 16, 35, 85, 11, 61, 80, 6, 56, 75),  ], [  (1, 82, 39, 27, 77, 34, 22, 72, 60, 17, 67, 55, 12, 93, 50, 7, 88, 45, 2, 83, 40, 28, 78, 35, 
23, 73, 61, 18, 68, 56, 13, 63, 51, 8, 89, 46, 3, 84, 41, 29, 79, 36, 24, 74, 62, 19, 69, 57, 14, 64, 52, 9, 90, 47, 4, 85, 42, 30, 80, 37, 
25, 75, 32, 20, 70, 58, 15, 65, 53, 10, 91, 48, 5, 86, 43, 31, 81, 38, 26, 76, 33, 21, 71, 59, 16, 66, 54, 11, 92, 49, 6, 87, 44),  (1, 44, 
87, 6, 49, 92, 11, 54, 66, 16, 59, 71, 21, 33, 76, 26, 38, 81, 31, 43, 86, 5, 48, 91, 10, 53, 65, 15, 58, 70, 20, 32, 75, 25, 37, 80, 30, 42, 
85, 4, 47, 90, 9, 52, 64, 14, 57, 69, 19, 62, 74, 24, 36, 79, 29, 41, 84, 3, 46, 89, 8, 51, 63, 13, 56, 68, 18, 61, 73, 23, 35, 78, 28, 40, 
83, 2, 45, 88, 7, 50, 93, 12, 55, 67, 17, 60, 72, 22, 34, 77, 27, 39, 82),  ], [  (1, 14, 27, 9, 22, 4, 17, 30, 12, 25, 7, 20, 2, 15, 28, 10, 
23, 5, 18, 31, 13, 26, 8, 21, 3, 16, 29, 11, 24, 6, 19)(32, 45, 58, 40, 53, 35, 48, 61, 43, 56, 38, 51, 33, 46, 59, 41, 54, 36, 49, 62, 44, 
57, 39, 52, 34, 47, 60, 42, 55, 37, 50)(63, 76, 89, 71, 84, 66, 79, 92, 74, 87, 69, 82, 64, 77, 90, 72, 85, 67, 80, 93, 75, 88, 70, 83, 65, 
78, 91, 73, 86, 68, 81),  (1, 19, 6, 24, 11, 29, 16, 3, 21, 8, 26, 13, 31, 18, 5, 23, 10, 28, 15, 2, 20, 7, 25, 12, 30, 17, 4, 22, 9, 27, 
14)(32, 50, 37, 55, 42, 60, 47, 34, 52, 39, 57, 44, 62, 49, 36, 54, 41, 59, 46, 33, 51, 38, 56, 43, 61, 48, 35, 53, 40, 58, 45)(63, 81, 68, 
86, 73, 91, 78, 65, 83, 70, 88, 75, 93, 80, 67, 85, 72, 90, 77, 64, 82, 69, 87, 74, 92, 79, 66, 84, 71, 89, 76),  ], [  (1, 50, 68, 24, 42, 
91, 16, 34, 83, 8, 57, 75, 31, 49, 67, 23, 41, 90, 15, 33, 82, 7, 56, 74, 30, 48, 66, 22, 40, 89, 14, 32, 81, 6, 55, 73, 29, 47, 65, 21, 39, 
88, 13, 62, 80, 5, 54, 72, 28, 46, 64, 20, 38, 87, 12, 61, 79, 4, 53, 71, 27, 45, 63, 19, 37, 86, 11, 60, 78, 3, 52, 70, 26, 44, 93, 18, 36, 
85, 10, 59, 77, 2, 51, 69, 25, 43, 92, 17, 35, 84, 9, 58, 76),  (1, 76, 58, 9, 84, 35, 17, 92, 43, 25, 69, 51, 2, 77, 59, 10, 85, 36, 18, 93, 
44, 26, 70, 52, 3, 78, 60, 11, 86, 37, 19, 63, 45, 27, 71, 53, 4, 79, 61, 12, 87, 38, 20, 64, 46, 28, 72, 54, 5, 80, 62, 13, 88, 39, 21, 65, 
47, 29, 73, 55, 6, 81, 32, 14, 89, 40, 22, 66, 48, 30, 74, 56, 7, 82, 33, 15, 90, 41, 23, 67, 49, 31, 75, 57, 8, 83, 34, 16, 91, 42, 24, 68, 
50),  ], [  (1, 45, 89, 9, 53, 66, 17, 61, 74, 25, 38, 82, 2, 46, 90, 10, 54, 67, 18, 62, 75, 26, 39, 83, 3, 47, 91, 11, 55, 68, 19, 32, 76, 
27, 40, 84, 4, 48, 92, 12, 56, 69, 20, 33, 77, 28, 41, 85, 5, 49, 93, 13, 57, 70, 21, 34, 78, 29, 42, 86, 6, 50, 63, 14, 58, 71, 22, 35, 79, 
30, 43, 87, 7, 51, 64, 15, 59, 72, 23, 36, 80, 31, 44, 88, 8, 52, 65, 16, 60, 73, 24, 37, 81),  (1, 81, 37, 24, 73, 60, 16, 65, 52, 8, 88, 44,
31, 80, 36, 23, 72, 59, 15, 64, 51, 7, 87, 43, 30, 79, 35, 22, 71, 58, 14, 63, 50, 6, 86, 42, 29, 78, 34, 21, 70, 57, 13, 93, 49, 5, 85, 41, 
28, 77, 33, 20, 69, 56, 12, 92, 48, 4, 84, 40, 27, 76, 32, 19, 68, 55, 11, 91, 47, 3, 83, 39, 26, 75, 62, 18, 67, 54, 10, 90, 46, 2, 82, 38, 
25, 74, 61, 17, 66, 53, 9, 89, 45),  ], [  (1, 25, 18, 11, 4, 28, 21, 14, 7, 31, 24, 17, 10, 3, 27, 20, 13, 6, 30, 23, 16, 9, 2, 26, 19, 12, 
5, 29, 22, 15, 8)(32, 56, 49, 42, 35, 59, 52, 45, 38, 62, 55, 48, 41, 34, 58, 51, 44, 37, 61, 54, 47, 40, 33, 57, 50, 43, 36, 60, 53, 46, 
39)(63, 87, 80, 73, 66, 90, 83, 76, 69, 93, 86, 79, 72, 65, 89, 82, 75, 68, 92, 85, 78, 71, 64, 88, 81, 74, 67, 91, 84, 77, 70),  (1, 8, 15, 
22, 29, 5, 12, 19, 26, 2, 9, 16, 23, 30, 6, 13, 20, 27, 3, 10, 17, 24, 31, 7, 14, 21, 28, 4, 11, 18, 25)(32, 39, 46, 53, 60, 36, 43, 50, 57, 
33, 40, 47, 54, 61, 37, 44, 51, 58, 34, 41, 48, 55, 62, 38, 45, 52, 59, 35, 42, 49, 56)(63, 70, 77, 84, 91, 67, 74, 81, 88, 64, 71, 78, 85, 
92, 68, 75, 82, 89, 65, 72, 79, 86, 93, 69, 76, 83, 90, 66, 73, 80, 87),  ], [  (1, 81, 37, 24, 73, 60, 16, 65, 52, 8, 88, 44, 31, 80, 36, 23,
72, 59, 15, 64, 51, 7, 87, 43, 30, 79, 35, 22, 71, 58, 14, 63, 50, 6, 86, 42, 29, 78, 34, 21, 70, 57, 13, 93, 49, 5, 85, 41, 28, 77, 33, 20, 
69, 56, 12, 92, 48, 4, 84, 40, 27, 76, 32, 19, 68, 55, 11, 91, 47, 3, 83, 39, 26, 75, 62, 18, 67, 54, 10, 90, 46, 2, 82, 38, 25, 74, 61, 17, 
66, 53, 9, 89, 45),  (1, 45, 89, 9, 53, 66, 17, 61, 74, 25, 38, 82, 2, 46, 90, 10, 54, 67, 18, 62, 75, 26, 39, 83, 3, 47, 91, 11, 55, 68, 19, 
32, 76, 27, 40, 84, 4, 48, 92, 12, 56, 69, 20, 33, 77, 28, 41, 85, 5, 49, 93, 13, 57, 70, 21, 34, 78, 29, 42, 86, 6, 50, 63, 14, 58, 71, 22, 
35, 79, 30, 43, 87, 7, 51, 64, 15, 59, 72, 23, 36, 80, 31, 44, 88, 8, 52, 65, 16, 60, 73, 24, 37, 81),  ], [  (1, 76, 58, 9, 84, 35, 17, 92, 
43, 25, 69, 51, 2, 77, 59, 10, 85, 36, 18, 93, 44, 26, 70, 52, 3, 78, 60, 11, 86, 37, 19, 63, 45, 27, 71, 53, 4, 79, 61, 12, 87, 38, 20, 64, 
46, 28, 72, 54, 5, 80, 62, 13, 88, 39, 21, 65, 47, 29, 73, 55, 6, 81, 32, 14, 89, 40, 22, 66, 48, 30, 74, 56, 7, 82, 33, 15, 90, 41, 23, 67, 
49, 31, 75, 57, 8, 83, 34, 16, 91, 42, 24, 68, 50),  (1, 50, 68, 24, 42, 91, 16, 34, 83, 8, 57, 75, 31, 49, 67, 23, 41, 90, 15, 33, 82, 7, 56,
74, 30, 48, 66, 22, 40, 89, 14, 32, 81, 6, 55, 73, 29, 47, 65, 21, 39, 88, 13, 62, 80, 5, 54, 72, 28, 46, 64, 20, 38, 87, 12, 61, 79, 4, 53, 
71, 27, 45, 63, 19, 37, 86, 11, 60, 78, 3, 52, 70, 26, 44, 93, 18, 36, 85, 10, 59, 77, 2, 51, 69, 25, 43, 92, 17, 35, 84, 9, 58, 76),  ], [  
(1, 8, 15, 22, 29, 5, 12, 19, 26, 2, 9, 16, 23, 30, 6, 13, 20, 27, 3, 10, 17, 24, 31, 7, 14, 21, 28, 4, 11, 18, 25)(32, 39, 46, 53, 60, 36, 
43, 50, 57, 33, 40, 47, 54, 61, 37, 44, 51, 58, 34, 41, 48, 55, 62, 38, 45, 52, 59, 35, 42, 49, 56)(63, 70, 77, 84, 91, 67, 74, 81, 88, 64, 
71, 78, 85, 92, 68, 75, 82, 89, 65, 72, 79, 86, 93, 69, 76, 83, 90, 66, 73, 80, 87),  (1, 25, 18, 11, 4, 28, 21, 14, 7, 31, 24, 17, 10, 3, 27,
20, 13, 6, 30, 23, 16, 9, 2, 26, 19, 12, 5, 29, 22, 15, 8)(32, 56, 49, 42, 35, 59, 52, 45, 38, 62, 55, 48, 41, 34, 58, 51, 44, 37, 61, 54, 47,
40, 33, 57, 50, 43, 36, 60, 53, 46, 39)(63, 87, 80, 73, 66, 90, 83, 76, 69, 93, 86, 79, 72, 65, 89, 82, 75, 68, 92, 85, 78, 71, 64, 88, 81, 
74, 67, 91, 84, 77, 70),  ], [  (1, 56, 80, 11, 35, 90, 21, 45, 69, 31, 55, 79, 10, 34, 89, 20, 44, 68, 30, 54, 78, 9, 33, 88, 19, 43, 67, 29,
53, 77, 8, 32, 87, 18, 42, 66, 28, 52, 76, 7, 62, 86, 17, 41, 65, 27, 51, 75, 6, 61, 85, 16, 40, 64, 26, 50, 74, 5, 60, 84, 15, 39, 63, 25, 
49, 73, 4, 59, 83, 14, 38, 93, 24, 48, 72, 3, 58, 82, 13, 37, 92, 23, 47, 71, 2, 57, 81, 12, 36, 91, 22, 46, 70),  (1, 70, 46, 22, 91, 36, 12,
81, 57, 2, 71, 47, 23, 92, 37, 13, 82, 58, 3, 72, 48, 24, 93, 38, 14, 83, 59, 4, 73, 49, 25, 63, 39, 15, 84, 60, 5, 74, 50, 26, 64, 40, 16, 
85, 61, 6, 75, 51, 27, 65, 41, 17, 86, 62, 7, 76, 52, 28, 66, 42, 18, 87, 32, 8, 77, 53, 29, 67, 43, 19, 88, 33, 9, 78, 54, 30, 68, 44, 20, 
89, 34, 10, 79, 55, 31, 69, 45, 21, 90, 35, 11, 80, 56),  ], [  (1, 39, 77, 22, 60, 67, 12, 50, 88, 2, 40, 78, 23, 61, 68, 13, 51, 89, 3, 41, 
79, 24, 62, 69, 14, 52, 90, 4, 42, 80, 25, 32, 70, 15, 53, 91, 5, 43, 81, 26, 33, 71, 16, 54, 92, 6, 44, 82, 27, 34, 72, 17, 55, 93, 7, 45, 
83, 28, 35, 73, 18, 56, 63, 8, 46, 84, 29, 36, 74, 19, 57, 64, 9, 47, 85, 30, 37, 75, 20, 58, 65, 10, 48, 86, 31, 38, 76, 21, 59, 66, 11, 49, 
87),  (1, 87, 49, 11, 66, 59, 21, 76, 38, 31, 86, 48, 10, 65, 58, 20, 75, 37, 30, 85, 47, 9, 64, 57, 19, 74, 36, 29, 84, 46, 8, 63, 56, 18, 
73, 35, 28, 83, 45, 7, 93, 55, 17, 72, 34, 27, 82, 44, 6, 92, 54, 16, 71, 33, 26, 81, 43, 5, 91, 53, 15, 70, 32, 25, 80, 42, 4, 90, 52, 14, 
69, 62, 24, 79, 41, 3, 89, 51, 13, 68, 61, 23, 78, 40, 2, 88, 50, 12, 67, 60, 22, 77, 39),  ], [  (1, 31, 30, 29, 28, 27, 26, 25, 24, 23, 22, 
21, 20, 19, 18, 17, 16, 15, 14, 13, 12, 11, 10, 9, 8, 7, 6, 5, 4, 3, 2)(32, 62, 61, 60, 59, 58, 57, 56, 55, 54, 53, 52, 51, 50, 49, 48, 47, 
46, 45, 44, 43, 42, 41, 40, 39, 38, 37, 36, 35, 34, 33)(63, 93, 92, 91, 90, 89, 88, 87, 86, 85, 84, 83, 82, 81, 80, 79, 78, 77, 76, 75, 74, 
73, 72, 71, 70, 69, 68, 67, 66, 65, 64),  (1, 2, 3, 4, 5, 6, 7, 8, 9, 10, 11, 12, 13, 14, 15, 16, 17, 18, 19, 20, 21, 22, 23, 24, 25, 26, 27, 
28, 29, 30, 31)(32, 33, 34, 35, 36, 37, 38, 39, 40, 41, 42, 43, 44, 45, 46, 47, 48, 49, 50, 51, 52, 53, 54, 55, 56, 57, 58, 59, 60, 61, 
62)(63, 64, 65, 66, 67, 68, 69, 70, 71, 72, 73, 74, 75, 76, 77, 78, 79, 80, 81, 82, 83, 84, 85, 86, 87, 88, 89, 90, 91, 92, 93),  ], [  (1, 
87, 49, 11, 66, 59, 21, 76, 38, 31, 86, 48, 10, 65, 58, 20, 75, 37, 30, 85, 47, 9, 64, 57, 19, 74, 36, 29, 84, 46, 8, 63, 56, 18, 73, 35, 28, 
83, 45, 7, 93, 55, 17, 72, 34, 27, 82, 44, 6, 92, 54, 16, 71, 33, 26, 81, 43, 5, 91, 53, 15, 70, 32, 25, 80, 42, 4, 90, 52, 14, 69, 62, 24, 
79, 41, 3, 89, 51, 13, 68, 61, 23, 78, 40, 2, 88, 50, 12, 67, 60, 22, 77, 39),  (1, 39, 77, 22, 60, 67, 12, 50, 88, 2, 40, 78, 23, 61, 68, 13,
51, 89, 3, 41, 79, 24, 62, 69, 14, 52, 90, 4, 42, 80, 25, 32, 70, 15, 53, 91, 5, 43, 81, 26, 33, 71, 16, 54, 92, 6, 44, 82, 27, 34, 72, 17, 
55, 93, 7, 45, 83, 28, 35, 73, 18, 56, 63, 8, 46, 84, 29, 36, 74, 19, 57, 64, 9, 47, 85, 30, 37, 75, 20, 58, 65, 10, 48, 86, 31, 38, 76, 21, 
59, 66, 11, 49, 87),  ], [  (1, 70, 46, 22, 91, 36, 12, 81, 57, 2, 71, 47, 23, 92, 37, 13, 82, 58, 3, 72, 48, 24, 93, 38, 14, 83, 59, 4, 73, 
49, 25, 63, 39, 15, 84, 60, 5, 74, 50, 26, 64, 40, 16, 85, 61, 6, 75, 51, 27, 65, 41, 17, 86, 62, 7, 76, 52, 28, 66, 42, 18, 87, 32, 8, 77, 
53, 29, 67, 43, 19, 88, 33, 9, 78, 54, 30, 68, 44, 20, 89, 34, 10, 79, 55, 31, 69, 45, 21, 90, 35, 11, 80, 56),  (1, 56, 80, 11, 35, 90, 21, 
45, 69, 31, 55, 79, 10, 34, 89, 20, 44, 68, 30, 54, 78, 9, 33, 88, 19, 43, 67, 29, 53, 77, 8, 32, 87, 18, 42, 66, 28, 52, 76, 7, 62, 86, 17, 
41, 65, 27, 51, 75, 6, 61, 85, 16, 40, 64, 26, 50, 74, 5, 60, 84, 15, 39, 63, 25, 49, 73, 4, 59, 83, 14, 38, 93, 24, 48, 72, 3, 58, 82, 13, 
37, 92, 23, 47, 71, 2, 57, 81, 12, 36, 91, 22, 46, 70),  ], [  (1, 2, 3, 4, 5, 6, 7, 8, 9, 10, 11, 12, 13, 14, 15, 16, 17, 18, 19, 20, 21, 22,
23, 24, 25, 26, 27, 28, 29, 30, 31)(32, 33, 34, 35, 36, 37, 38, 39, 40, 41, 42, 43, 44, 45, 46, 47, 48, 49, 50, 51, 52, 53, 54, 55, 56, 57, 
58, 59, 60, 61, 62)(63, 64, 65, 66, 67, 68, 69, 70, 71, 72, 73, 74, 75, 76, 77, 78, 79, 80, 81, 82, 83, 84, 85, 86, 87, 88, 89, 90, 91, 92, 
93),  (1, 31, 30, 29, 28, 27, 26, 25, 24, 23, 22, 21, 20, 19, 18, 17, 16, 15, 14, 13, 12, 11, 10, 9, 8, 7, 6, 5, 4, 3, 2)(32, 62, 61, 60, 59, 
58, 57, 56, 55, 54, 53, 52, 51, 50, 49, 48, 47, 46, 45, 44, 43, 42, 41, 40, 39, 38, 37, 36, 35, 34, 33)(63, 93, 92, 91, 90, 89, 88, 87, 86, 
85, 84, 83, 82, 81, 80, 79, 78, 77, 76, 75, 74, 73, 72, 71, 70, 69, 68, 67, 66, 65, 64),  ], [  (1, 62, 92, 29, 59, 89, 26, 56, 86, 23, 53, 
83, 20, 50, 80, 17, 47, 77, 14, 44, 74, 11, 41, 71, 8, 38, 68, 5, 35, 65, 2, 32, 93, 30, 60, 90, 27, 57, 87, 24, 54, 84, 21, 51, 81, 18, 48, 
78, 15, 45, 75, 12, 42, 72, 9, 39, 69, 6, 36, 66, 3, 33, 63, 31, 61, 91, 28, 58, 88, 25, 55, 85, 22, 52, 82, 19, 49, 79, 16, 46, 76, 13, 43, 
73, 10, 40, 70, 7, 37, 67, 4, 34, 64),  (1, 64, 34, 4, 67, 37, 7, 70, 40, 10, 73, 43, 13, 76, 46, 16, 79, 49, 19, 82, 52, 22, 85, 55, 25, 88, 
58, 28, 91, 61, 31, 63, 33, 3, 66, 36, 6, 69, 39, 9, 72, 42, 12, 75, 45, 15, 78, 48, 18, 81, 51, 21, 84, 54, 24, 87, 57, 27, 90, 60, 30, 93, 
32, 2, 65, 35, 5, 68, 38, 8, 71, 41, 11, 74, 44, 14, 77, 47, 17, 80, 50, 20, 83, 53, 23, 86, 56, 26, 89, 59, 29, 92, 62),  ], [  (1, 33, 65, 
4, 36, 68, 7, 39, 71, 10, 42, 74, 13, 45, 77, 16, 48, 80, 19, 51, 83, 22, 54, 86, 25, 57, 89, 28, 60, 92, 31, 32, 64, 3, 35, 67, 6, 38, 70, 9,
41, 73, 12, 44, 76, 15, 47, 79, 18, 50, 82, 21, 53, 85, 24, 56, 88, 27, 59, 91, 30, 62, 63, 2, 34, 66, 5, 37, 69, 8, 40, 72, 11, 43, 75, 14, 
46, 78, 17, 49, 81, 20, 52, 84, 23, 55, 87, 26, 58, 90, 29, 61, 93),  (1, 93, 61, 29, 90, 58, 26, 87, 55, 23, 84, 52, 20, 81, 49, 17, 78, 46, 
14, 75, 43, 11, 72, 40, 8, 69, 37, 5, 66, 34, 2, 63, 62, 30, 91, 59, 27, 88, 56, 24, 85, 53, 21, 82, 50, 18, 79, 47, 15, 76, 44, 12, 73, 41, 
9, 70, 38, 6, 67, 35, 3, 64, 32, 31, 92, 60, 28, 89, 57, 25, 86, 54, 22, 83, 51, 19, 80, 48, 16, 77, 45, 13, 74, 42, 10, 71, 39, 7, 68, 36, 4,
65, 33),  ], [  (1, 6, 11, 16, 21, 26, 31, 5, 10, 15, 20, 25, 30, 4, 9, 14, 19, 24, 29, 3, 8, 13, 18, 23, 28, 2, 7, 12, 17, 22, 27)(32, 37, 
42, 47, 52, 57, 62, 36, 41, 46, 51, 56, 61, 35, 40, 45, 50, 55, 60, 34, 39, 44, 49, 54, 59, 33, 38, 43, 48, 53, 58)(63, 68, 73, 78, 83, 88, 
93, 67, 72, 77, 82, 87, 92, 66, 71, 76, 81, 86, 91, 65, 70, 75, 80, 85, 90, 64, 69, 74, 79, 84, 89),  (1, 27, 22, 17, 12, 7, 2, 28, 23, 18, 
13, 8, 3, 29, 24, 19, 14, 9, 4, 30, 25, 20, 15, 10, 5, 31, 26, 21, 16, 11, 6)(32, 58, 53, 48, 43, 38, 33, 59, 54, 49, 44, 39, 34, 60, 55, 50, 
45, 40, 35, 61, 56, 51, 46, 41, 36, 62, 57, 52, 47, 42, 37)(63, 89, 84, 79, 74, 69, 64, 90, 85, 80, 75, 70, 65, 91, 86, 81, 76, 71, 66, 92, 
87, 82, 77, 72, 67, 93, 88, 83, 78, 73, 68),  ], [  (1, 93, 61, 29, 90, 58, 26, 87, 55, 23, 84, 52, 20, 81, 49, 17, 78, 46, 14, 75, 43, 11, 
72, 40, 8, 69, 37, 5, 66, 34, 2, 63, 62, 30, 91, 59, 27, 88, 56, 24, 85, 53, 21, 82, 50, 18, 79, 47, 15, 76, 44, 12, 73, 41, 9, 70, 38, 6, 67,
35, 3, 64, 32, 31, 92, 60, 28, 89, 57, 25, 86, 54, 22, 83, 51, 19, 80, 48, 16, 77, 45, 13, 74, 42, 10, 71, 39, 7, 68, 36, 4, 65, 33),  (1, 33,
65, 4, 36, 68, 7, 39, 71, 10, 42, 74, 13, 45, 77, 16, 48, 80, 19, 51, 83, 22, 54, 86, 25, 57, 89, 28, 60, 92, 31, 32, 64, 3, 35, 67, 6, 38, 
70, 9, 41, 73, 12, 44, 76, 15, 47, 79, 18, 50, 82, 21, 53, 85, 24, 56, 88, 27, 59, 91, 30, 62, 63, 2, 34, 66, 5, 37, 69, 8, 40, 72, 11, 43, 
75, 14, 46, 78, 17, 49, 81, 20, 52, 84, 23, 55, 87, 26, 58, 90, 29, 61, 93),  ], [  (1, 64, 34, 4, 67, 37, 7, 70, 40, 10, 73, 43, 13, 76, 46, 
16, 79, 49, 19, 82, 52, 22, 85, 55, 25, 88, 58, 28, 91, 61, 31, 63, 33, 3, 66, 36, 6, 69, 39, 9, 72, 42, 12, 75, 45, 15, 78, 48, 18, 81, 51, 
21, 84, 54, 24, 87, 57, 27, 90, 60, 30, 93, 32, 2, 65, 35, 5, 68, 38, 8, 71, 41, 11, 74, 44, 14, 77, 47, 17, 80, 50, 20, 83, 53, 23, 86, 56, 
26, 89, 59, 29, 92, 62),  (1, 62, 92, 29, 59, 89, 26, 56, 86, 23, 53, 83, 20, 50, 80, 17, 47, 77, 14, 44, 74, 11, 41, 71, 8, 38, 68, 5, 35, 
65, 2, 32, 93, 30, 60, 90, 27, 57, 87, 24, 54, 84, 21, 51, 81, 18, 48, 78, 15, 45, 75, 12, 42, 72, 9, 39, 69, 6, 36, 66, 3, 33, 63, 31, 61, 
91, 28, 58, 88, 25, 55, 85, 22, 52, 82, 19, 49, 79, 16, 46, 76, 13, 43, 73, 10, 40, 70, 7, 37, 67, 4, 34, 64),  ], [  (1, 27, 22, 17, 12, 7, 
2, 28, 23, 18, 13, 8, 3, 29, 24, 19, 14, 9, 4, 30, 25, 20, 15, 10, 5, 31, 26, 21, 16, 11, 6)(32, 58, 53, 48, 43, 38, 33, 59, 54, 49, 44, 39, 
34, 60, 55, 50, 45, 40, 35, 61, 56, 51, 46, 41, 36, 62, 57, 52, 47, 42, 37)(63, 89, 84, 79, 74, 69, 64, 90, 85, 80, 75, 70, 65, 91, 86, 81, 
76, 71, 66, 92, 87, 82, 77, 72, 67, 93, 88, 83, 78, 73, 68),  (1, 6, 11, 16, 21, 26, 31, 5, 10, 15, 20, 25, 30, 4, 9, 14, 19, 24, 29, 3, 8, 
13, 18, 23, 28, 2, 7, 12, 17, 22, 27)(32, 37, 42, 47, 52, 57, 62, 36, 41, 46, 51, 56, 61, 35, 40, 45, 50, 55, 60, 34, 39, 44, 49, 54, 59, 33, 
38, 43, 48, 53, 58)(63, 68, 73, 78, 83, 88, 93, 67, 72, 77, 82, 87, 92, 66, 71, 76, 81, 86, 91, 65, 70, 75, 80, 85, 90, 64, 69, 74, 79, 84, 
89),  ], [  (1, 37, 73, 16, 52, 88, 31, 36, 72, 15, 51, 87, 30, 35, 71, 14, 50, 86, 29, 34, 70, 13, 49, 85, 28, 33, 69, 12, 48, 84, 27, 32, 
68, 11, 47, 83, 26, 62, 67, 10, 46, 82, 25, 61, 66, 9, 45, 81, 24, 60, 65, 8, 44, 80, 23, 59, 64, 7, 43, 79, 22, 58, 63, 6, 42, 78, 21, 57, 
93, 5, 41, 77, 20, 56, 92, 4, 40, 76, 19, 55, 91, 3, 39, 75, 18, 54, 90, 2, 38, 74, 17, 53, 89),  (1, 89, 53, 17, 74, 38, 2, 90, 54, 18, 75, 
39, 3, 91, 55, 19, 76, 40, 4, 92, 56, 20, 77, 41, 5, 93, 57, 21, 78, 42, 6, 63, 58, 22, 79, 43, 7, 64, 59, 23, 80, 44, 8, 65, 60, 24, 81, 45, 
9, 66, 61, 25, 82, 46, 10, 67, 62, 26, 83, 47, 11, 68, 32, 27, 84, 48, 12, 69, 33, 28, 85, 49, 13, 70, 34, 29, 86, 50, 14, 71, 35, 30, 87, 51,
15, 72, 36, 31, 88, 52, 16, 73, 37),  ], [  (1, 58, 84, 17, 43, 69, 2, 59, 85, 18, 44, 70, 3, 60, 86, 19, 45, 71, 4, 61, 87, 20, 46, 72, 5, 
62, 88, 21, 47, 73, 6, 32, 89, 22, 48, 74, 7, 33, 90, 23, 49, 75, 8, 34, 91, 24, 50, 76, 9, 35, 92, 25, 51, 77, 10, 36, 93, 26, 52, 78, 11, 
37, 63, 27, 53, 79, 12, 38, 64, 28, 54, 80, 13, 39, 65, 29, 55, 81, 14, 40, 66, 30, 56, 82, 15, 41, 67, 31, 57, 83, 16, 42, 68),  (1, 68, 42, 
16, 83, 57, 31, 67, 41, 15, 82, 56, 30, 66, 40, 14, 81, 55, 29, 65, 39, 13, 80, 54, 28, 64, 38, 12, 79, 53, 27, 63, 37, 11, 78, 52, 26, 93, 
36, 10, 77, 51, 25, 92, 35, 9, 76, 50, 24, 91, 34, 8, 75, 49, 23, 90, 33, 7, 74, 48, 22, 89, 32, 6, 73, 47, 21, 88, 62, 5, 72, 46, 20, 87, 61,
4, 71, 45, 19, 86, 60, 3, 70, 44, 18, 85, 59, 2, 69, 43, 17, 84, 58),  ], [  (1, 12, 23, 3, 14, 25, 5, 16, 27, 7, 18, 29, 9, 20, 31, 11, 22, 
2, 13, 24, 4, 15, 26, 6, 17, 28, 8, 19, 30, 10, 21)(32, 43, 54, 34, 45, 56, 36, 47, 58, 38, 49, 60, 40, 51, 62, 42, 53, 33, 44, 55, 35, 46, 
57, 37, 48, 59, 39, 50, 61, 41, 52)(63, 74, 85, 65, 76, 87, 67, 78, 89, 69, 80, 91, 71, 82, 93, 73, 84, 64, 75, 86, 66, 77, 88, 68, 79, 90, 
70, 81, 92, 72, 83),  (1, 21, 10, 30, 19, 8, 28, 17, 6, 26, 15, 4, 24, 13, 2, 22, 11, 31, 20, 9, 29, 18, 7, 27, 16, 5, 25, 14, 3, 23, 12)(32, 
52, 41, 61, 50, 39, 59, 48, 37, 57, 46, 35, 55, 44, 33, 53, 42, 62, 51, 40, 60, 49, 38, 58, 47, 36, 56, 45, 34, 54, 43)(63, 83, 72, 92, 81, 
70, 90, 79, 68, 88, 77, 66, 86, 75, 64, 84, 73, 93, 82, 71, 91, 80, 69, 89, 78, 67, 87, 76, 65, 85, 74),  ], [  (1, 68, 42, 16, 83, 57, 31, 
67, 41, 15, 82, 56, 30, 66, 40, 14, 81, 55, 29, 65, 39, 13, 80, 54, 28, 64, 38, 12, 79, 53, 27, 63, 37, 11, 78, 52, 26, 93, 36, 10, 77, 51, 
25, 92, 35, 9, 76, 50, 24, 91, 34, 8, 75, 49, 23, 90, 33, 7, 74, 48, 22, 89, 32, 6, 73, 47, 21, 88, 62, 5, 72, 46, 20, 87, 61, 4, 71, 45, 19, 
86, 60, 3, 70, 44, 18, 85, 59, 2, 69, 43, 17, 84, 58),  (1, 58, 84, 17, 43, 69, 2, 59, 85, 18, 44, 70, 3, 60, 86, 19, 45, 71, 4, 61, 87, 20, 
46, 72, 5, 62, 88, 21, 47, 73, 6, 32, 89, 22, 48, 74, 7, 33, 90, 23, 49, 75, 8, 34, 91, 24, 50, 76, 9, 35, 92, 25, 51, 77, 10, 36, 93, 26, 52,
78, 11, 37, 63, 27, 53, 79, 12, 38, 64, 28, 54, 80, 13, 39, 65, 29, 55, 81, 14, 40, 66, 30, 56, 82, 15, 41, 67, 31, 57, 83, 16, 42, 68),  ], [
(1, 89, 53, 17, 74, 38, 2, 90, 54, 18, 75, 39, 3, 91, 55, 19, 76, 40, 4, 92, 56, 20, 77, 41, 5, 93, 57, 21, 78, 42, 6, 63, 58, 22, 79, 43, 7, 
64, 59, 23, 80, 44, 8, 65, 60, 24, 81, 45, 9, 66, 61, 25, 82, 46, 10, 67, 62, 26, 83, 47, 11, 68, 32, 27, 84, 48, 12, 69, 33, 28, 85, 49, 13, 
70, 34, 29, 86, 50, 14, 71, 35, 30, 87, 51, 15, 72, 36, 31, 88, 52, 16, 73, 37),  (1, 37, 73, 16, 52, 88, 31, 36, 72, 15, 51, 87, 30, 35, 71, 
14, 50, 86, 29, 34, 70, 13, 49, 85, 28, 33, 69, 12, 48, 84, 27, 32, 68, 11, 47, 83, 26, 62, 67, 10, 46, 82, 25, 61, 66, 9, 45, 81, 24, 60, 65,
8, 44, 80, 23, 59, 64, 7, 43, 79, 22, 58, 63, 6, 42, 78, 21, 57, 93, 5, 41, 77, 20, 56, 92, 4, 40, 76, 19, 55, 91, 3, 39, 75, 18, 54, 90, 2, 
38, 74, 17, 53, 89),  ], [  (1, 21, 10, 30, 19, 8, 28, 17, 6, 26, 15, 4, 24, 13, 2, 22, 11, 31, 20, 9, 29, 18, 7, 27, 16, 5, 25, 14, 3, 23, 
12)(32, 52, 41, 61, 50, 39, 59, 48, 37, 57, 46, 35, 55, 44, 33, 53, 42, 62, 51, 40, 60, 49, 38, 58, 47, 36, 56, 45, 34, 54, 43)(63, 83, 72, 
92, 81, 70, 90, 79, 68, 88, 77, 66, 86, 75, 64, 84, 73, 93, 82, 71, 91, 80, 69, 89, 78, 67, 87, 76, 65, 85, 74),  (1, 12, 23, 3, 14, 25, 5, 
16, 27, 7, 18, 29, 9, 20, 31, 11, 22, 2, 13, 24, 4, 15, 26, 6, 17, 28, 8, 19, 30, 10, 21)(32, 43, 54, 34, 45, 56, 36, 47, 58, 38, 49, 60, 40, 
51, 62, 42, 53, 33, 44, 55, 35, 46, 57, 37, 48, 59, 39, 50, 61, 41, 52)(63, 74, 85, 65, 76, 87, 67, 78, 89, 69, 80, 91, 71, 82, 93, 73, 84, 
64, 75, 86, 66, 77, 88, 68, 79, 90, 70, 81, 92, 72, 83),  ], [  (1, 49, 66, 21, 38, 86, 10, 58, 75, 30, 47, 64, 19, 36, 84, 8, 56, 73, 28, 45,
93, 17, 34, 82, 6, 54, 71, 26, 43, 91, 15, 32, 80, 4, 52, 69, 24, 41, 89, 13, 61, 78, 2, 50, 67, 22, 39, 87, 11, 59, 76, 31, 48, 65, 20, 37, 
85, 9, 57, 74, 29, 46, 63, 18, 35, 83, 7, 55, 72, 27, 44, 92, 16, 33, 81, 5, 53, 70, 25, 42, 90, 14, 62, 79, 3, 51, 68, 23, 40, 88, 12, 60, 
77),  (1, 77, 60, 12, 88, 40, 23, 68, 51, 3, 79, 62, 14, 90, 42, 25, 70, 53, 5, 81, 33, 16, 92, 44, 27, 72, 55, 7, 83, 35, 18, 63, 46, 29, 74,
57, 9, 85, 37, 20, 65, 48, 31, 76, 59, 11, 87, 39, 22, 67, 50, 2, 78, 61, 13, 89, 41, 24, 69, 52, 4, 80, 32, 15, 91, 43, 26, 71, 54, 6, 82, 
34, 17, 93, 45, 28, 73, 56, 8, 84, 36, 19, 64, 47, 30, 75, 58, 10, 86, 38, 21, 66, 49),  ], [  (1, 80, 35, 21, 69, 55, 10, 89, 44, 30, 78, 33,
19, 67, 53, 8, 87, 42, 28, 76, 62, 17, 65, 51, 6, 85, 40, 26, 74, 60, 15, 63, 49, 4, 83, 38, 24, 72, 58, 13, 92, 47, 2, 81, 36, 22, 70, 56, 
11, 90, 45, 31, 79, 34, 20, 68, 54, 9, 88, 43, 29, 77, 32, 18, 66, 52, 7, 86, 41, 27, 75, 61, 16, 64, 50, 5, 84, 39, 25, 73, 59, 14, 93, 48, 
3, 82, 37, 23, 71, 57, 12, 91, 46),  (1, 46, 91, 12, 57, 71, 23, 37, 82, 3, 48, 93, 14, 59, 73, 25, 39, 84, 5, 50, 64, 16, 61, 75, 27, 41, 86,
7, 52, 66, 18, 32, 77, 29, 43, 88, 9, 54, 68, 20, 34, 79, 31, 45, 90, 11, 56, 70, 22, 36, 81, 2, 47, 92, 13, 58, 72, 24, 38, 83, 4, 49, 63, 
15, 60, 74, 26, 40, 85, 6, 51, 65, 17, 62, 76, 28, 42, 87, 8, 53, 67, 19, 33, 78, 30, 44, 89, 10, 55, 69, 21, 35, 80),  ], [  (1, 55, 78, 8, 
62, 85, 15, 38, 92, 22, 45, 68, 29, 52, 75, 5, 59, 82, 12, 35, 89, 19, 42, 65, 26, 49, 72, 2, 56, 79, 9, 32, 86, 16, 39, 93, 23, 46, 69, 30, 
53, 76, 6, 60, 83, 13, 36, 90, 20, 43, 66, 27, 50, 73, 3, 57, 80, 10, 33, 87, 17, 40, 63, 24, 47, 70, 31, 54, 77, 7, 61, 84, 14, 37, 91, 21, 
44, 67, 28, 51, 74, 4, 58, 81, 11, 34, 88, 18, 41, 64, 25, 48, 71),  (1, 71, 48, 25, 64, 41, 18, 88, 34, 11, 81, 58, 4, 74, 51, 28, 67, 44, 
21, 91, 37, 14, 84, 61, 7, 77, 54, 31, 70, 47, 24, 63, 40, 17, 87, 33, 10, 80, 57, 3, 73, 50, 27, 66, 43, 20, 90, 36, 13, 83, 60, 6, 76, 53, 
30, 69, 46, 23, 93, 39, 16, 86, 32, 9, 79, 56, 2, 72, 49, 26, 65, 42, 19, 89, 35, 12, 82, 59, 5, 75, 52, 29, 68, 45, 22, 92, 38, 15, 85, 62, 
8, 78, 55),  ], [  (1, 18, 4, 21, 7, 24, 10, 27, 13, 30, 16, 2, 19, 5, 22, 8, 25, 11, 28, 14, 31, 17, 3, 20, 6, 23, 9, 26, 12, 29, 15)(32, 49,
35, 52, 38, 55, 41, 58, 44, 61, 47, 33, 50, 36, 53, 39, 56, 42, 59, 45, 62, 48, 34, 51, 37, 54, 40, 57, 43, 60, 46)(63, 80, 66, 83, 69, 86, 
72, 89, 75, 92, 78, 64, 81, 67, 84, 70, 87, 73, 90, 76, 93, 79, 65, 82, 68, 85, 71, 88, 74, 91, 77),  (1, 15, 29, 12, 26, 9, 23, 6, 20, 3, 17,
31, 14, 28, 11, 25, 8, 22, 5, 19, 2, 16, 30, 13, 27, 10, 24, 7, 21, 4, 18)(32, 46, 60, 43, 57, 40, 54, 37, 51, 34, 48, 62, 45, 59, 42, 56, 39,
53, 36, 50, 33, 47, 61, 44, 58, 41, 55, 38, 52, 35, 49)(63, 77, 91, 74, 88, 71, 85, 68, 82, 65, 79, 93, 76, 90, 73, 87, 70, 84, 67, 81, 64, 
78, 92, 75, 89, 72, 86, 69, 83, 66, 80),  ], [  (1, 43, 85, 3, 45, 87, 5, 47, 89, 7, 49, 91, 9, 51, 93, 11, 53, 64, 13, 55, 66, 15, 57, 68, 
17, 59, 70, 19, 61, 72, 21, 32, 74, 23, 34, 76, 25, 36, 78, 27, 38, 80, 29, 40, 82, 31, 42, 84, 2, 44, 86, 4, 46, 88, 6, 48, 90, 8, 50, 92, 
10, 52, 63, 12, 54, 65, 14, 56, 67, 16, 58, 69, 18, 60, 71, 20, 62, 73, 22, 33, 75, 24, 35, 77, 26, 37, 79, 28, 39, 81, 30, 41, 83),  (1, 83, 
41, 30, 81, 39, 28, 79, 37, 26, 77, 35, 24, 75, 33, 22, 73, 62, 20, 71, 60, 18, 69, 58, 16, 67, 56, 14, 65, 54, 12, 63, 52, 10, 92, 50, 8, 90,
48, 6, 88, 46, 4, 86, 44, 2, 84, 42, 31, 82, 40, 29, 80, 38, 27, 78, 36, 25, 76, 34, 23, 74, 32, 21, 72, 61, 19, 70, 59, 17, 68, 57, 15, 66, 
55, 13, 64, 53, 11, 93, 51, 9, 91, 49, 7, 89, 47, 5, 87, 45, 3, 85, 43),  ], [  (1, 86, 47, 8, 93, 54, 15, 69, 61, 22, 76, 37, 29, 83, 44, 5, 
90, 51, 12, 66, 58, 19, 73, 34, 26, 80, 41, 2, 87, 48, 9, 63, 55, 16, 70, 62, 23, 77, 38, 30, 84, 45, 6, 91, 52, 13, 67, 59, 20, 74, 35, 27, 
81, 42, 3, 88, 49, 10, 64, 56, 17, 71, 32, 24, 78, 39, 31, 85, 46, 7, 92, 53, 14, 68, 60, 21, 75, 36, 28, 82, 43, 4, 89, 50, 11, 65, 57, 18, 
72, 33, 25, 79, 40),  (1, 40, 79, 25, 33, 72, 18, 57, 65, 11, 50, 89, 4, 43, 82, 28, 36, 75, 21, 60, 68, 14, 53, 92, 7, 46, 85, 31, 39, 78, 
24, 32, 71, 17, 56, 64, 10, 49, 88, 3, 42, 81, 27, 35, 74, 20, 59, 67, 13, 52, 91, 6, 45, 84, 30, 38, 77, 23, 62, 70, 16, 55, 63, 9, 48, 87, 
2, 41, 80, 26, 34, 73, 19, 58, 66, 12, 51, 90, 5, 44, 83, 29, 37, 76, 22, 61, 69, 15, 54, 93, 8, 47, 86),  ], [  (1, 74, 54, 3, 76, 56, 5, 78,
58, 7, 80, 60, 9, 82, 62, 11, 84, 33, 13, 86, 35, 15, 88, 37, 17, 90, 39, 19, 92, 41, 21, 63, 43, 23, 65, 45, 25, 67, 47, 27, 69, 49, 29, 71, 
51, 31, 73, 53, 2, 75, 55, 4, 77, 57, 6, 79, 59, 8, 81, 61, 10, 83, 32, 12, 85, 34, 14, 87, 36, 16, 89, 38, 18, 91, 40, 20, 93, 42, 22, 64, 
44, 24, 66, 46, 26, 68, 48, 28, 70, 50, 30, 72, 52),  (1, 52, 72, 30, 50, 70, 28, 48, 68, 26, 46, 66, 24, 44, 64, 22, 42, 93, 20, 40, 91, 18, 
38, 89, 16, 36, 87, 14, 34, 85, 12, 32, 83, 10, 61, 81, 8, 59, 79, 6, 57, 77, 4, 55, 75, 2, 53, 73, 31, 51, 71, 29, 49, 69, 27, 47, 67, 25, 
45, 65, 23, 43, 63, 21, 41, 92, 19, 39, 90, 17, 37, 88, 15, 35, 86, 13, 33, 84, 11, 62, 82, 9, 60, 80, 7, 58, 78, 5, 56, 76, 3, 54, 74),  ], [
(1, 61, 90, 26, 55, 84, 20, 49, 78, 14, 43, 72, 8, 37, 66, 2, 62, 91, 27, 56, 85, 21, 50, 79, 15, 44, 73, 9, 38, 67, 3, 32, 92, 28, 57, 86, 
22, 51, 80, 16, 45, 74, 10, 39, 68, 4, 33, 93, 29, 58, 87, 23, 52, 81, 17, 46, 75, 11, 40, 69, 5, 34, 63, 30, 59, 88, 24, 53, 82, 18, 47, 76, 
12, 41, 70, 6, 35, 64, 31, 60, 89, 25, 54, 83, 19, 48, 77, 13, 42, 71, 7, 36, 65),  (1, 65, 36, 7, 71, 42, 13, 77, 48, 19, 83, 54, 25, 89, 60,
31, 64, 35, 6, 70, 41, 12, 76, 47, 18, 82, 53, 24, 88, 59, 30, 63, 34, 5, 69, 40, 11, 75, 46, 17, 81, 52, 23, 87, 58, 29, 93, 33, 4, 68, 39, 
10, 74, 45, 16, 80, 51, 22, 86, 57, 28, 92, 32, 3, 67, 38, 9, 73, 44, 15, 79, 50, 21, 85, 56, 27, 91, 62, 2, 66, 37, 8, 72, 43, 14, 78, 49, 
20, 84, 55, 26, 90, 61),  ], [  (1, 24, 16, 8, 31, 23, 15, 7, 30, 22, 14, 6, 29, 21, 13, 5, 28, 20, 12, 4, 27, 19, 11, 3, 26, 18, 10, 2, 25, 
17, 9)(32, 55, 47, 39, 62, 54, 46, 38, 61, 53, 45, 37, 60, 52, 44, 36, 59, 51, 43, 35, 58, 50, 42, 34, 57, 49, 41, 33, 56, 48, 40)(63, 86, 78,
70, 93, 85, 77, 69, 92, 84, 76, 68, 91, 83, 75, 67, 90, 82, 74, 66, 89, 81, 73, 65, 88, 80, 72, 64, 87, 79, 71),  (1, 9, 17, 25, 2, 10, 18, 
26, 3, 11, 19, 27, 4, 12, 20, 28, 5, 13, 21, 29, 6, 14, 22, 30, 7, 15, 23, 31, 8, 16, 24)(32, 40, 48, 56, 33, 41, 49, 57, 34, 42, 50, 58, 35, 
43, 51, 59, 36, 44, 52, 60, 37, 45, 53, 61, 38, 46, 54, 62, 39, 47, 55)(63, 71, 79, 87, 64, 72, 80, 88, 65, 73, 81, 89, 66, 74, 82, 90, 67, 
75, 83, 91, 68, 76, 84, 92, 69, 77, 85, 93, 70, 78, 86),  ], [  (1, 92, 59, 26, 86, 53, 20, 80, 47, 14, 74, 41, 8, 68, 35, 2, 93, 60, 27, 87, 
54, 21, 81, 48, 15, 75, 42, 9, 69, 36, 3, 63, 61, 28, 88, 55, 22, 82, 49, 16, 76, 43, 10, 70, 37, 4, 64, 62, 29, 89, 56, 23, 83, 50, 17, 77, 
44, 11, 71, 38, 5, 65, 32, 30, 90, 57, 24, 84, 51, 18, 78, 45, 12, 72, 39, 6, 66, 33, 31, 91, 58, 25, 85, 52, 19, 79, 46, 13, 73, 40, 7, 67, 
34),  (1, 34, 67, 7, 40, 73, 13, 46, 79, 19, 52, 85, 25, 58, 91, 31, 33, 66, 6, 39, 72, 12, 45, 78, 18, 51, 84, 24, 57, 90, 30, 32, 65, 5, 38,
71, 11, 44, 77, 17, 50, 83, 23, 56, 89, 29, 62, 64, 4, 37, 70, 10, 43, 76, 16, 49, 82, 22, 55, 88, 28, 61, 63, 3, 36, 69, 9, 42, 75, 15, 48, 
81, 21, 54, 87, 27, 60, 93, 2, 35, 68, 8, 41, 74, 14, 47, 80, 20, 53, 86, 26, 59, 92),  ], [  (1, 36, 71, 13, 48, 83, 25, 60, 64, 6, 41, 76, 
18, 53, 88, 30, 34, 69, 11, 46, 81, 23, 58, 93, 4, 39, 74, 16, 51, 86, 28, 32, 67, 9, 44, 79, 21, 56, 91, 2, 37, 72, 14, 49, 84, 26, 61, 65, 
7, 42, 77, 19, 54, 89, 31, 35, 70, 12, 47, 82, 24, 59, 63, 5, 40, 75, 17, 52, 87, 29, 33, 68, 10, 45, 80, 22, 57, 92, 3, 38, 73, 15, 50, 85, 
27, 62, 66, 8, 43, 78, 20, 55, 90),  (1, 90, 55, 20, 78, 43, 8, 66, 62, 27, 85, 50, 15, 73, 38, 3, 92, 57, 22, 80, 45, 10, 68, 33, 29, 87, 52,
17, 75, 40, 5, 63, 59, 24, 82, 47, 12, 70, 35, 31, 89, 54, 19, 77, 42, 7, 65, 61, 26, 84, 49, 14, 72, 37, 2, 91, 56, 21, 79, 44, 9, 67, 32, 
28, 86, 51, 16, 74, 39, 4, 93, 58, 23, 81, 46, 11, 69, 34, 30, 88, 53, 18, 76, 41, 6, 64, 60, 25, 83, 48, 13, 71, 36),  ], [  (1, 30, 28, 26, 
24, 22, 20, 18, 16, 14, 12, 10, 8, 6, 4, 2, 31, 29, 27, 25, 23, 21, 19, 17, 15, 13, 11, 9, 7, 5, 3)(32, 61, 59, 57, 55, 53, 51, 49, 47, 45, 
43, 41, 39, 37, 35, 33, 62, 60, 58, 56, 54, 52, 50, 48, 46, 44, 42, 40, 38, 36, 34)(63, 92, 90, 88, 86, 84, 82, 80, 78, 76, 74, 72, 70, 68, 
66, 64, 93, 91, 89, 87, 85, 83, 81, 79, 77, 75, 73, 71, 69, 67, 65),  (1, 3, 5, 7, 9, 11, 13, 15, 17, 19, 21, 23, 25, 27, 29, 31, 2, 4, 6, 8, 
10, 12, 14, 16, 18, 20, 22, 24, 26, 28, 30)(32, 34, 36, 38, 40, 42, 44, 46, 48, 50, 52, 54, 56, 58, 60, 62, 33, 35, 37, 39, 41, 43, 45, 47, 
49, 51, 53, 55, 57, 59, 61)(63, 65, 67, 69, 71, 73, 75, 77, 79, 81, 83, 85, 87, 89, 91, 93, 64, 66, 68, 70, 72, 74, 76, 78, 80, 82, 84, 86, 
88, 90, 92),  ], [  (1, 67, 40, 13, 79, 52, 25, 91, 33, 6, 72, 45, 18, 84, 57, 30, 65, 38, 11, 77, 50, 23, 89, 62, 4, 70, 43, 16, 82, 55, 28, 
63, 36, 9, 75, 48, 21, 87, 60, 2, 68, 41, 14, 80, 53, 26, 92, 34, 7, 73, 46, 19, 85, 58, 31, 66, 39, 12, 78, 51, 24, 90, 32, 5, 71, 44, 17, 
83, 56, 29, 64, 37, 10, 76, 49, 22, 88, 61, 3, 69, 42, 15, 81, 54, 27, 93, 35, 8, 74, 47, 20, 86, 59),  (1, 59, 86, 20, 47, 74, 8, 35, 93, 27,
54, 81, 15, 42, 69, 3, 61, 88, 22, 49, 76, 10, 37, 64, 29, 56, 83, 17, 44, 71, 5, 32, 90, 24, 51, 78, 12, 39, 66, 31, 58, 85, 19, 46, 73, 7, 
34, 92, 26, 53, 80, 14, 41, 68, 2, 60, 87, 21, 48, 75, 9, 36, 63, 28, 55, 82, 16, 43, 70, 4, 62, 89, 23, 50, 77, 11, 38, 65, 30, 57, 84, 18, 
45, 72, 6, 33, 91, 25, 52, 79, 13, 40, 67),  ], [  (1, 42, 83, 31, 41, 82, 30, 40, 81, 29, 39, 80, 28, 38, 79, 27, 37, 78, 26, 36, 77, 25, 35,
76, 24, 34, 75, 23, 33, 74, 22, 32, 73, 21, 62, 72, 20, 61, 71, 19, 60, 70, 18, 59, 69, 17, 58, 68, 16, 57, 67, 15, 56, 66, 14, 55, 65, 13, 
54, 64, 12, 53, 63, 11, 52, 93, 10, 51, 92, 9, 50, 91, 8, 49, 90, 7, 48, 89, 6, 47, 88, 5, 46, 87, 4, 45, 86, 3, 44, 85, 2, 43, 84),  (1, 84, 
