BRACES[52] := [ rec(
      gadd := [ ( 1,40,26,37,23,36,22,33,19,32,18,29,15,28,14,51,11,50,10,47, 7,46, 6,43, 3,42, 2,39,25,38,24,35,21,34,20,31,17,30,16,27,13,52,12,49, 9,48, 8,45, 5,44, 4,41) ],
      gmul := [ ( 1,29, 5,33, 9,37,13,41,17,45,21,49,25,27, 3,31, 7,35,11,39,15,43,19,47,23,51)( 2,30, 6,34,10,38,14,42,18,46,22,50,26,28, 4,32, 8,36,12,40,16,44,20,48,24,52), 
          ( 1,52,23,48,19,44,15,40,11,36, 7,32, 3,28,25,50,21,46,17,42,13,38, 9,34, 5,30)( 2,51,24,47,20,43,16,39,12,35, 8,31, 4,27,26,49,22,45,18,41,14,37,10,33, 6,29) ],
      p := ( 2,27, 9, 4, 3)( 5,25, 8,51,40,43,13,30,48,41,12,23,33,10,26,22,50,16,49,14,52,42,18,24,47,39,37,36,17, 6,28,19, 7,29,34,20,21,32,45,38,46,44,15,31,35,11),
      q := ( 2,27,19,21,50,14,30,34,10, 4,25,22,32,35,17,24,33,20, 7,51,42,12, 5, 3)( 6,28, 9,26, 8,29,48,39,43,15,49,16,31,45,44,13,52,40,37,46,38,36,11,23,47,41,18) ), rec(
      gadd := [ ( 1,40,26,37,23,36,22,33,19,32,18,29,15,28,14,51,11,50,10,47, 7,46, 6,43, 3,42, 2,39,25,38,24,35,21,34,20,31,17,30,16,27,13,52,12,49, 9,48, 8,45, 5,44, 4,41) ],
      gmul := [ ( 1,28)( 2,27)( 3,52)( 4,51)( 5,50)( 6,49)( 7,48)( 8,47)( 9,46)(10,45)(11,44)(12,43)(13,42)(14,41)(15,40)(16,39)(17,38)(18,37)(19,36)(20,35)(21,34)(22,33)(23,32)(24,31)(25,30)(26,29), 
          ( 1,31)( 2,32)( 3,29)( 4,30)( 5,27)( 6,28)( 7,51)( 8,52)( 9,49)(10,50)(11,47)(12,48)(13,45)(14,46)(15,43)(16,44)(17,41)(18,42)(19,39)(20,40)(21,37)(22,38)(23,35)(24,36)(25,33)(26,34) ],
      p := ( 2,27, 9, 4, 3)( 5,25, 8,29,48,39,43,13,52,40,37,46,38,36,17, 6,28,19, 7,51,42,18,24,33,10,26,22,32,35,11)(12,23,47,41)(14,30,34,20,21,50,16,31,45,44,15,49),
      q := ( 2,27,19,21,50,14,30,34,10, 4,25,22,32,35,17,24,33,20, 7,51,42,12, 5, 3)( 6,28, 9,26, 8,29,48,39,43,15,49,16,31,45,44,13,52,40,37,46,38,36,11,23,47,41,18) ), rec(
      gadd := [ ( 1,40,26,37,23,36,22,33,19,32,18,29,15,28,14,51,11,50,10,47, 7,46, 6,43, 3,42, 2,39,25,38,24,35,21,34,20,31,17,30,16,27,13,52,12,49, 9,48, 8,45, 5,44, 4,41) ],
      gmul := [ ( 1,40,26,37,23,36,22,33,19,32,18,29,15,28,14,51,11,50,10,47, 7,46, 6,43, 3,42, 2,39,25,38,24,35,21,34,20,31,17,30,16,27,13,52,12,49, 9,48, 8,45, 5,44, 4,41) ],
      p := ( 2,28,33,10,26,22,21,49,14,23,34,20,31,36,35,11, 5,27, 9, 4, 3)( 6,25, 8,52,41,12,29,47,40,44,37,45,43,13,51,39,38,17)( 7,30,19)(15,32,46)(16,50)(18,24,48,42),
      q := ( 2,27,19,21,32,35,17,24,33,20,50,14, 5,28,48,39,43,15,49,16,31,45,38,11,23,47,41,18, 6, 3)( 4,25,22, 7,51,42,12,52,40,37,36,46,13,30, 9,26, 8,29,34,10) ), rec(
      gadd := [ ( 1,40,26,37,23,36,22,33,19,32,18,29,15,28,14,51,11,50,10,47, 7,46, 6,43, 3,42, 2,39,25,38,24,35,21,34,20,31,17,30,16,27,13,52,12,49, 9,48, 8,45, 5,44, 4,41) ],
      gmul := [ ( 1,26,23,22,19,18,15,14,11,10, 7, 6, 3, 2,25,24,21,20,17,16,13,12, 9, 8, 5, 4)(27,52,49,48,45,44,41,40,37,36,33,32,29,28,51,50,47,46,43,42,39,38,35,34,31,30), 
          ( 1,49, 2,50)( 3,47, 4,48)( 5,45, 6,46)( 7,43, 8,44)( 9,41,10,42)(11,39,12,40)(13,37,14,38)(15,35,16,36)(17,33,18,34)(19,31,20,32)(21,29,22,30)(23,27,24,28)(25,51,26,52) ],
      p := ( 2,28,33,10,26,22,21,49,14,23,48,40,38,17, 6,25, 8,30,19, 7,52,41,12,29,47,42,18,24,34,20,31,46,15,50,16,32,36,35,11, 5,27, 9, 4, 3)(13,51,39,44,37,45,43),
      q := ( 2,27,19,21,50,14, 5,28,34,10, 4,25,22, 7,51,40,37,46,13,52,42,12,30, 9,26, 8,29,48,39,43,15,49,16,31,45,44,38,11,23,47,41,18, 6, 3)(17,24,33,20,32,35) ), rec(
      gadd := [ ( 1,40,26,37,23,36,22,33,19,32,18,29,15,28,14,51,11,50,10,47, 7,46, 6,43, 3,42, 2,39,25,38,24,35,21,34,20,31,17,30,16,27,13,52,12,49, 9,48, 8,45, 5,44, 4,41) ],
      gmul := [ ( 1,12)( 2,11)( 3,10)( 4, 9)( 5, 8)( 6, 7)(13,26)(14,25)(15,24)(16,23)(17,22)(18,21)(19,20)(27,38)(28,37)(29,36)(30,35)(31,34)(32,33)(39,52)(40,51)(41,50)(42,49)(43,48)(44,47)(45,46), 
          ( 1,51,23,47,19,43,15,39,11,35, 7,31, 3,27,25,49,21,45,17,41,13,37, 9,33, 5,29)( 2,52,24,48,20,44,16,40,12,36, 8,32, 4,28,26,50,22,46,18,42,14,38,10,34, 6,30) ],
      p := ( 2,27, 9,26, 8,51,42,12,23,33,20,21,50,14,30,34,10, 4, 3)( 5,25,22,32,45,44,15,31,35,11)( 6,28,19, 7,29,48,41,18)(13,52,40,43)(16,49)(17,24,47,39,37,46,38,36),
      q := ( 2,27,19,21,50,14,30,34,10, 4,25,22,32,35,17,24,33,20, 7,51,42,12, 5, 3)( 6,28, 9,26, 8,29,48,39,43,15,49,16,31,45,44,13,52,40,37,46,38,36,11,23,47,41,18) ), rec(
      gadd := [ ( 1,40,26,37,23,36,22,33,19,32,18,29,15,28,14,51,11,50,10,47, 7,46, 6,43, 3,42, 2,39,25,38,24,35,21,34,20,31,17,30,16,27,13,52,12,49, 9,48, 8,45, 5,44, 4,41) ],
      gmul := [ ( 1,37,14,30)( 2,38,13,29)( 3,27,12,40)( 4,28,11,39)( 5,43,10,50)( 6,44, 9,49)( 7,33, 8,34)(15,45,26,48)(16,46,25,47)(17,35,24,32)(18,36,23,31)(19,51,22,42)(20,52,21,41), 
          ( 1,45, 8,42)( 2,46, 7,41)( 3,35, 6,52)( 4,36, 5,51)( 9,31,26,30)(10,32,25,29)(11,47,24,40)(12,48,23,39)(13,37,22,50)(14,38,21,49)(15,27,20,34)(16,28,19,33)(17,43,18,44) ],
      p := ( 2,28,46,13,29,32,45,22,18,23,17,51,15,37,42,21,11,30, 7,38,41,49,20,48,16,52, 8,44,14,43,10, 4, 3)( 5,27,40,50,19,12)( 6,25,24,34,33,39,35,47, 9,26),
      q := ( 2,27,35,32,42, 7,51,13,44,14,52, 8,29,47,19,12,23,11,37,45,22,18, 5,28,39,40,33,46,15,30,21,17,38,36,41,48,16,43,10, 4,25,24,31,34,50, 9,26, 6, 3)(20,49) ), rec(
      gadd := [ ( 1,16, 5,20, 9,24,13,15, 4,19, 8,23,12,14, 3,18, 7,22,11,26, 2,17, 6,21,10,25)(27,42,31,46,35,50,39,41,30,45,34,49,38,40,29,44,33,48,37,52,28,43,32,47,36,51), 
          ( 1,36, 6,28,11,33, 3,38, 8,30,13,35, 5,27,10,32, 2,37, 7,29,12,34, 4,39, 9,31)(14,49,19,41,24,46,16,51,21,43,26,48,18,40,23,45,15,50,20,42,25,47,17,52,22,44) ],
      gmul := [ ( 1,25,10,21, 6,17, 2,26,11,22, 7,18, 3,14,12,23, 8,19, 4,15,13,24, 9,20, 5,16)(27,51,36,47,32,43,28,52,37,48,33,44,29,40,38,49,34,45,30,41,39,50,35,46,31,42), 
          ( 1,29, 5,33, 9,37,13,28, 4,32, 8,36,12,27, 3,31, 7,35,11,39, 2,30, 6,34,10,38)(14,42,18,46,22,50,26,41,17,45,21,49,25,40,16,44,20,48,24,52,15,43,19,47,23,51) ],
      p := ( 2, 7,46,24,39,18,41,29, 5, 8,20, 9,27,22,45,50,17,34,42,49,43,23,19,15,26,48,36,10,47,31,25,28, 3,40,38,44, 4,14,52,30,51,37,11,21,12)( 6,13)(16,33,35),
      q := ( 2, 8,21, 3,40,29,10,46,17,33,32,35,25,39,23,22,48,31,16,34,51,30,42,44,11,20, 6)( 4,14,41,38,49,50,24,28,12,13, 9,27,19,26,45,43,18,52,37)( 5, 7,47,36) ), rec(
      gadd := [ ( 1,22, 4,25, 7,15,10,18,13,21, 3,24, 6,14, 9,17,12,20, 2,23, 5,26, 8,16,11,19)(27,48,30,51,33,41,36,44,39,47,29,50,32,40,35,43,38,46,28,49,31,52,34,42,37,45), 
          ( 1,29, 5,33, 9,37,13,28, 4,32, 8,36,12,27, 3,31, 7,35,11,39, 2,30, 6,34,10,38)(14,42,18,46,22,50,26,41,17,45,21,49,25,40,16,44,20,48,24,52,15,43,19,47,23,51) ],
      gmul := [ ( 1,32)( 2,31)( 3,30)( 4,29)( 5,28)( 6,27)( 7,39)( 8,38)( 9,37)(10,36)(11,35)(12,34)(13,33)(14,45)(15,44)(16,43)(17,42)(18,41)(19,40)(20,52)(21,51)(22,50)(23,49)(24,48)(25,47)(26,46), 
          ( 1,47, 2,48, 3,49, 4,50, 5,51, 6,52, 7,40, 8,41, 9,42,10,43,11,44,12,45,13,46)(14,34,15,35,16,36,17,37,18,38,19,39,20,27,21,28,22,29,23,30,24,31,25,32,26,33) ],
      p := ( 2,14,34,51,30,35,42,44, 4,40,18,52,37,23,39,38,29,16,26,45,17, 6,21,22,28, 3, 7,27,48,24,19,41,11,47,31,32,25,12)( 5, 8,20, 9,13,15,33)(10,46,36)(43,49,50),
      q := ( 2,14,34,42,49,43,44,11,46,36, 5, 7,27,45,17, 9)( 3, 8,20, 6,21,22,28,12,13,15,33,10,47,31,32,25)( 4,40,18,41)(16,26,48,24,19,52,37,23,39,38,29)(30,35,51) ), rec(
      gadd := [ ( 1,26,12,24,10,22, 8,20, 6,18, 4,16, 2,14,13,25,11,23, 9,21, 7,19, 5,17, 3,15)(27,52,38,50,36,48,34,46,32,44,30,42,28,40,39,51,37,49,35,47,33,45,31,43,29,41), 
          ( 1,40)( 2,41)( 3,42)( 4,43)( 5,44)( 6,45)( 7,46)( 8,47)( 9,48)(10,49)(11,50)(12,51)(13,52)(14,27)(15,28)(16,29)(17,30)(18,31)(19,32)(20,33)(21,34)(22,35)(23,36)(24,37)(25,38)(26,39) ],
      gmul := [ ( 1,31,22,52, 4,34,25,42, 7,37,15,45,10,27,18,48,13,30,21,51, 3,33,24,41, 6,36,14,44, 9,39,17,47,12,29,20,50, 2,32,23,40, 5,35,26,43, 8,38,16,46,11,28,19,49) ],
      p := ( 2,27,45,49,24,35,51,17, 6, 8,34,25,12,21,41,11,46, 4,14)( 3, 7,33, 5,40,36,16,28,22, 9,13,47,37,42,18,26,19,52,43,44,23,32,29,48,30)(10,20,15,39,31,38),
      q := ( 2,40,44,18,15,41, 4,14,13,33,10,21,39,49,17, 9)( 3, 8,46,11,34,16,52,37,38, 5,27,35,29,32,51,24,45,31,42,23,48,50,30,12,20,26,22, 6, 7,47,43,36,25)(19,28) ), rec(
      gadd := [ ( 1,17, 7,23,13,16, 6,22,12,15, 5,21,11,14, 4,20,10,26, 3,19, 9,25, 2,18, 8,24)(27,43,33,49,39,42,32,48,38,41,31,47,37,40,30,46,36,52,29,45,35,51,28,44,34,50), 
          ( 1,38,10,34, 6,30, 2,39,11,35, 7,31, 3,27,12,36, 8,32, 4,28,13,37, 9,33, 5,29)(14,51,23,47,19,43,15,52,24,48,20,44,16,40,25,49,21,45,17,41,26,50,22,46,18,42) ],
      gmul := [ ( 1,23, 6,15,11,20, 3,25, 8,17,13,22, 5,14,10,19, 2,24, 7,16,12,21, 4,26, 9,18)(27,49,32,41,37,46,29,51,34,43,39,48,31,40,36,45,28,50,33,42,38,47,30,52,35,44), 
          ( 1,31,14,44)( 2,30,15,43)( 3,29,16,42)( 4,28,17,41)( 5,27,18,40)( 6,39,19,52)( 7,38,20,51)( 8,37,21,50)( 9,36,22,49)(10,35,23,48)(11,34,24,47)(12,33,25,46)(13,32,26,45) ],
      p := ( 2,27,45,49,24,32,38,10,20,15,28,22, 9,13,47,30, 3, 7,34,25,12,21,41,11,46, 4,14)( 5,40,31,29,48,37,42,18,26,19,52,43,44,23,35,51,17, 6, 8,33)(16,39,36),
      q := ( 2,40,44,18,15,41, 4,14,13,34,16,52,30,12,20,26,22, 6, 7,47,43,31,42,23,48,50,37,29,35,38, 5,27,32,51,24,45,36,25, 3, 8,46,11,33,10,21,28,19,39,49,17, 9) ), rec(
      gadd := [ ( 1,19,11,16, 8,26, 5,23, 2,20,12,17, 9,14, 6,24, 3,21,13,18,10,15, 7,25, 4,22)(27,45,37,42,34,52,31,49,28,46,38,43,35,40,32,50,29,47,39,44,36,41,33,51,30,48), 
          ( 1,33,13,32,12,31,11,30,10,29, 9,28, 8,27, 7,39, 6,38, 5,37, 4,36, 3,35, 2,34)(14,46,26,45,25,44,24,43,23,42,22,41,21,40,20,52,19,51,18,50,17,49,16,48,15,47) ],
      gmul := [ ( 1,27,14,40)( 2,35,26,45)( 3,30,25,50)( 4,38,24,42)( 5,33,23,47)( 6,28,22,52)( 7,36,21,44)( 8,31,20,49)( 9,39,19,41)(10,34,18,46)(11,29,17,51)(12,37,16,43)(13,32,15,48), 
          ( 1,41,20,32)( 2,46,19,27)( 3,51,18,35)( 4,43,17,30)( 5,48,16,38)( 6,40,15,33)( 7,45,14,28)( 8,50,26,36)( 9,42,25,31)(10,47,24,39)(11,52,23,34)(12,44,22,29)(13,49,21,37) ],
      p := ( 2,27,29,39,43,17,47, 4, 7,36,30, 6, 8,31,52,22,18)( 3,14,44,16,34,48,25,15,49,24,35,45,19,23, 5,40,28,37,38,51,12,13,46)( 9,21,10,20,32,50,11,33,42),
      q := ( 2,40,48,25,15,33,37,50, 4, 8,46,12)( 3,14,34,28,42, 6, 7,47,11,49,24,52,22,18,13,31,35,39,29,45,19,23,10,20,41,32,38,30, 9,21, 5,27,43,17,36,51)(16,44) ) ];
