BRACES[58] := rec( total := -1, implemented := 2, size := 58, brace := [] );BRACES[58].brace[1] := rec ( size := 58, perms := [ [  (),  (),  
], [  (1, 30)(2, 31)(3, 32)(4, 33)(5, 34)(6, 35)(7, 36)(8, 37)(9, 38)(10, 39)(11, 40)(12, 41)(13, 42)(14, 43)(15, 44)(16, 45)(17, 46)(18, 
47)(19, 48)(20, 49)(21, 50)(22, 51)(23, 52)(24, 53)(25, 54)(26, 55)(27, 56)(28, 57)(29, 58),  (1, 30)(2, 31)(3, 32)(4, 33)(5, 34)(6, 35)(7, 
36)(8, 37)(9, 38)(10, 39)(11, 40)(12, 41)(13, 42)(14, 43)(15, 44)(16, 45)(17, 46)(18, 47)(19, 48)(20, 49)(21, 50)(22, 51)(23, 52)(24, 53)(25, 
54)(26, 55)(27, 56)(28, 57)(29, 58),  ], [  (1, 21, 12, 3, 23, 14, 5, 25, 16, 7, 27, 18, 9, 29, 20, 11, 2, 22, 13, 4, 24, 15, 6, 26, 17, 8, 
28, 19, 10)(30, 50, 41, 32, 52, 43, 34, 54, 45, 36, 56, 47, 38, 58, 49, 40, 31, 51, 42, 33, 53, 44, 35, 55, 46, 37, 57, 48, 39),  (1, 10, 19, 
28, 8, 17, 26, 6, 15, 24, 4, 13, 22, 2, 11, 20, 29, 9, 18, 27, 7, 16, 25, 5, 14, 23, 3, 12, 21)(30, 39, 48, 57, 37, 46, 55, 35, 44, 53, 33, 
42, 51, 31, 40, 49, 58, 38, 47, 56, 36, 45, 54, 34, 43, 52, 32, 41, 50),  ], [  (1, 10, 19, 28, 8, 17, 26, 6, 15, 24, 4, 13, 22, 2, 11, 20, 
29, 9, 18, 27, 7, 16, 25, 5, 14, 23, 3, 12, 21)(30, 39, 48, 57, 37, 46, 55, 35, 44, 53, 33, 42, 51, 31, 40, 49, 58, 38, 47, 56, 36, 45, 54, 
34, 43, 52, 32, 41, 50),  (1, 21, 12, 3, 23, 14, 5, 25, 16, 7, 27, 18, 9, 29, 20, 11, 2, 22, 13, 4, 24, 15, 6, 26, 17, 8, 28, 19, 10)(30, 50, 
41, 32, 52, 43, 34, 54, 45, 36, 56, 47, 38, 58, 49, 40, 31, 51, 42, 33, 53, 44, 35, 55, 46, 37, 57, 48, 39),  ], [  (1, 50, 12, 32, 23, 43, 5,
54, 16, 36, 27, 47, 9, 58, 20, 40, 2, 51, 13, 33, 24, 44, 6, 55, 17, 37, 28, 48, 10, 30, 21, 41, 3, 52, 14, 34, 25, 45, 7, 56, 18, 38, 29, 49,
11, 31, 22, 42, 4, 53, 15, 35, 26, 46, 8, 57, 19, 39),  (1, 39, 19, 57, 8, 46, 26, 35, 15, 53, 4, 42, 22, 31, 11, 49, 29, 38, 18, 56, 7, 45, 
25, 34, 14, 52, 3, 41, 21, 30, 10, 48, 28, 37, 17, 55, 6, 44, 24, 33, 13, 51, 2, 40, 20, 58, 9, 47, 27, 36, 16, 54, 5, 43, 23, 32, 12, 50),  
], [  (1, 39, 19, 57, 8, 46, 26, 35, 15, 53, 4, 42, 22, 31, 11, 49, 29, 38, 18, 56, 7, 45, 25, 34, 14, 52, 3, 41, 21, 30, 10, 48, 28, 37, 17, 
55, 6, 44, 24, 33, 13, 51, 2, 40, 20, 58, 9, 47, 27, 36, 16, 54, 5, 43, 23, 32, 12, 50),  (1, 50, 12, 32, 23, 43, 5, 54, 16, 36, 27, 47, 9, 
58, 20, 40, 2, 51, 13, 33, 24, 44, 6, 55, 17, 37, 28, 48, 10, 30, 21, 41, 3, 52, 14, 34, 25, 45, 7, 56, 18, 38, 29, 49, 11, 31, 22, 42, 4, 53,
15, 35, 26, 46, 8, 57, 19, 39),  ], [  (1, 12, 23, 5, 16, 27, 9, 20, 2, 13, 24, 6, 17, 28, 10, 21, 3, 14, 25, 7, 18, 29, 11, 22, 4, 15, 26, 8,
19)(30, 41, 52, 34, 45, 56, 38, 49, 31, 42, 53, 35, 46, 57, 39, 50, 32, 43, 54, 36, 47, 58, 40, 51, 33, 44, 55, 37, 48),  (1, 19, 8, 26, 15, 
4, 22, 11, 29, 18, 7, 25, 14, 3, 21, 10, 28, 17, 6, 24, 13, 2, 20, 9, 27, 16, 5, 23, 12)(30, 48, 37, 55, 44, 33, 51, 40, 58, 47, 36, 54, 43, 
32, 50, 39, 57, 46, 35, 53, 42, 31, 49, 38, 56, 45, 34, 52, 41),  ], [  (1, 19, 8, 26, 15, 4, 22, 11, 29, 18, 7, 25, 14, 3, 21, 10, 28, 17, 6,
24, 13, 2, 20, 9, 27, 16, 5, 23, 12)(30, 48, 37, 55, 44, 33, 51, 40, 58, 47, 36, 54, 43, 32, 50, 39, 57, 46, 35, 53, 42, 31, 49, 38, 56, 45, 
34, 52, 41),  (1, 12, 23, 5, 16, 27, 9, 20, 2, 13, 24, 6, 17, 28, 10, 21, 3, 14, 25, 7, 18, 29, 11, 22, 4, 15, 26, 8, 19)(30, 41, 52, 34, 45, 
56, 38, 49, 31, 42, 53, 35, 46, 57, 39, 50, 32, 43, 54, 36, 47, 58, 40, 51, 33, 44, 55, 37, 48),  ], [  (1, 41, 23, 34, 16, 56, 9, 49, 2, 42, 
24, 35, 17, 57, 10, 50, 3, 43, 25, 36, 18, 58, 11, 51, 4, 44, 26, 37, 19, 30, 12, 52, 5, 45, 27, 38, 20, 31, 13, 53, 6, 46, 28, 39, 21, 32, 
14, 54, 7, 47, 29, 40, 22, 33, 15, 55, 8, 48),  (1, 48, 8, 55, 15, 33, 22, 40, 29, 47, 7, 54, 14, 32, 21, 39, 28, 46, 6, 53, 13, 31, 20, 38, 
27, 45, 5, 52, 12, 30, 19, 37, 26, 44, 4, 51, 11, 58, 18, 36, 25, 43, 3, 50, 10, 57, 17, 35, 24, 42, 2, 49, 9, 56, 16, 34, 23, 41),  ], [  (1,
48, 8, 55, 15, 33, 22, 40, 29, 47, 7, 54, 14, 32, 21, 39, 28, 46, 6, 53, 13, 31, 20, 38, 27, 45, 5, 52, 12, 30, 19, 37, 26, 44, 4, 51, 11, 58,
18, 36, 25, 43, 3, 50, 10, 57, 17, 35, 24, 42, 2, 49, 9, 56, 16, 34, 23, 41),  (1, 41, 23, 34, 16, 56, 9, 49, 2, 42, 24, 35, 17, 57, 10, 50, 
3, 43, 25, 36, 18, 58, 11, 51, 4, 44, 26, 37, 19, 30, 12, 52, 5, 45, 27, 38, 20, 31, 13, 53, 6, 46, 28, 39, 21, 32, 14, 54, 7, 47, 29, 40, 22,
33, 15, 55, 8, 48),  ], [  (1, 3, 5, 7, 9, 11, 13, 15, 17, 19, 21, 23, 25, 27, 29, 2, 4, 6, 8, 10, 12, 14, 16, 18, 20, 22, 24, 26, 28)(30, 32,
34, 36, 38, 40, 42, 44, 46, 48, 50, 52, 54, 56, 58, 31, 33, 35, 37, 39, 41, 43, 45, 47, 49, 51, 53, 55, 57),  (1, 28, 26, 24, 22, 20, 18, 16, 
14, 12, 10, 8, 6, 4, 2, 29, 27, 25, 23, 21, 19, 17, 15, 13, 11, 9, 7, 5, 3)(30, 57, 55, 53, 51, 49, 47, 45, 43, 41, 39, 37, 35, 33, 31, 58, 
56, 54, 52, 50, 48, 46, 44, 42, 40, 38, 36, 34, 32),  ], [  (1, 28, 26, 24, 22, 20, 18, 16, 14, 12, 10, 8, 6, 4, 2, 29, 27, 25, 23, 21, 19, 
17, 15, 13, 11, 9, 7, 5, 3)(30, 57, 55, 53, 51, 49, 47, 45, 43, 41, 39, 37, 35, 33, 31, 58, 56, 54, 52, 50, 48, 46, 44, 42, 40, 38, 36, 34, 
32),  (1, 3, 5, 7, 9, 11, 13, 15, 17, 19, 21, 23, 25, 27, 29, 2, 4, 6, 8, 10, 12, 14, 16, 18, 20, 22, 24, 26, 28)(30, 32, 34, 36, 38, 40, 42, 
44, 46, 48, 50, 52, 54, 56, 58, 31, 33, 35, 37, 39, 41, 43, 45, 47, 49, 51, 53, 55, 57),  ], [  (1, 32, 5, 36, 9, 40, 13, 44, 17, 48, 21, 52, 
25, 56, 29, 31, 4, 35, 8, 39, 12, 43, 16, 47, 20, 51, 24, 55, 28, 30, 3, 34, 7, 38, 11, 42, 15, 46, 19, 50, 23, 54, 27, 58, 2, 33, 6, 37, 10, 
41, 14, 45, 18, 49, 22, 53, 26, 57),  (1, 57, 26, 53, 22, 49, 18, 45, 14, 41, 10, 37, 6, 33, 2, 58, 27, 54, 23, 50, 19, 46, 15, 42, 11, 38, 7,
34, 3, 30, 28, 55, 24, 51, 20, 47, 16, 43, 12, 39, 8, 35, 4, 31, 29, 56, 25, 52, 21, 48, 17, 44, 13, 40, 9, 36, 5, 32),  ], [  (1, 57, 26, 53,
22, 49, 18, 45, 14, 41, 10, 37, 6, 33, 2, 58, 27, 54, 23, 50, 19, 46, 15, 42, 11, 38, 7, 34, 3, 30, 28, 55, 24, 51, 20, 47, 16, 43, 12, 39, 8,
35, 4, 31, 29, 56, 25, 52, 21, 48, 17, 44, 13, 40, 9, 36, 5, 32),  (1, 32, 5, 36, 9, 40, 13, 44, 17, 48, 21, 52, 25, 56, 29, 31, 4, 35, 8, 39,
12, 43, 16, 47, 20, 51, 24, 55, 28, 30, 3, 34, 7, 38, 11, 42, 15, 46, 19, 50, 23, 54, 27, 58, 2, 33, 6, 37, 10, 41, 14, 45, 18, 49, 22, 53, 
26, 57),  ], [  (1, 23, 16, 9, 2, 24, 17, 10, 3, 25, 18, 11, 4, 26, 19, 12, 5, 27, 20, 13, 6, 28, 21, 14, 7, 29, 22, 15, 8)(30, 52, 45, 38, 
31, 53, 46, 39, 32, 54, 47, 40, 33, 55, 48, 41, 34, 56, 49, 42, 35, 57, 50, 43, 36, 58, 51, 44, 37),  (1, 8, 15, 22, 29, 7, 14, 21, 28, 6, 13,
20, 27, 5, 12, 19, 26, 4, 11, 18, 25, 3, 10, 17, 24, 2, 9, 16, 23)(30, 37, 44, 51, 58, 36, 43, 50, 57, 35, 42, 49, 56, 34, 41, 48, 55, 33, 40,
47, 54, 32, 39, 46, 53, 31, 38, 45, 52),  ], [  (1, 8, 15, 22, 29, 7, 14, 21, 28, 6, 13, 20, 27, 5, 12, 19, 26, 4, 11, 18, 25, 3, 10, 17, 24, 
2, 9, 16, 23)(30, 37, 44, 51, 58, 36, 43, 50, 57, 35, 42, 49, 56, 34, 41, 48, 55, 33, 40, 47, 54, 32, 39, 46, 53, 31, 38, 45, 52),  (1, 23, 
16, 9, 2, 24, 17, 10, 3, 25, 18, 11, 4, 26, 19, 12, 5, 27, 20, 13, 6, 28, 21, 14, 7, 29, 22, 15, 8)(30, 52, 45, 38, 31, 53, 46, 39, 32, 54, 
47, 40, 33, 55, 48, 41, 34, 56, 49, 42, 35, 57, 50, 43, 36, 58, 51, 44, 37),  ], [  (1, 52, 16, 38, 2, 53, 17, 39, 3, 54, 18, 40, 4, 55, 19, 
41, 5, 56, 20, 42, 6, 57, 21, 43, 7, 58, 22, 44, 8, 30, 23, 45, 9, 31, 24, 46, 10, 32, 25, 47, 11, 33, 26, 48, 12, 34, 27, 49, 13, 35, 28, 50,
14, 36, 29, 51, 15, 37),  (1, 37, 15, 51, 29, 36, 14, 50, 28, 35, 13, 49, 27, 34, 12, 48, 26, 33, 11, 47, 25, 32, 10, 46, 24, 31, 9, 45, 23, 
30, 8, 44, 22, 58, 7, 43, 21, 57, 6, 42, 20, 56, 5, 41, 19, 55, 4, 40, 18, 54, 3, 39, 17, 53, 2, 38, 16, 52),  ], [  (1, 37, 15, 51, 29, 36, 
14, 50, 28, 35, 13, 49, 27, 34, 12, 48, 26, 33, 11, 47, 25, 32, 10, 46, 24, 31, 9, 45, 23, 30, 8, 44, 22, 58, 7, 43, 21, 57, 6, 42, 20, 56, 5,
41, 19, 55, 4, 40, 18, 54, 3, 39, 17, 53, 2, 38, 16, 52),  (1, 52, 16, 38, 2, 53, 17, 39, 3, 54, 18, 40, 4, 55, 19, 41, 5, 56, 20, 42, 6, 57, 
21, 43, 7, 58, 22, 44, 8, 30, 23, 45, 9, 31, 24, 46, 10, 32, 25, 47, 11, 33, 26, 48, 12, 34, 27, 49, 13, 35, 28, 50, 14, 36, 29, 51, 15, 37), 
], [  (1, 14, 27, 11, 24, 8, 21, 5, 18, 2, 15, 28, 12, 25, 9, 22, 6, 19, 3, 16, 29, 13, 26, 10, 23, 7, 20, 4, 17)(30, 43, 56, 40, 53, 37, 50, 
34, 47, 31, 44, 57, 41, 54, 38, 51, 35, 48, 32, 45, 58, 42, 55, 39, 52, 36, 49, 33, 46),  (1, 17, 4, 20, 7, 23, 10, 26, 13, 29, 16, 3, 19, 6, 
22, 9, 25, 12, 28, 15, 2, 18, 5, 21, 8, 24, 11, 27, 14)(30, 46, 33, 49, 36, 52, 39, 55, 42, 58, 45, 32, 48, 35, 51, 38, 54, 41, 57, 44, 31, 
47, 34, 50, 37, 53, 40, 56, 43),  ], [  (1, 17, 4, 20, 7, 23, 10, 26, 13, 29, 16, 3, 19, 6, 22, 9, 25, 12, 28, 15, 2, 18, 5, 21, 8, 24, 11, 
27, 14)(30, 46, 33, 49, 36, 52, 39, 55, 42, 58, 45, 32, 48, 35, 51, 38, 54, 41, 57, 44, 31, 47, 34, 50, 37, 53, 40, 56, 43),  (1, 14, 27, 11, 
24, 8, 21, 5, 18, 2, 15, 28, 12, 25, 9, 22, 6, 19, 3, 16, 29, 13, 26, 10, 23, 7, 20, 4, 17)(30, 43, 56, 40, 53, 37, 50, 34, 47, 31, 44, 57, 
41, 54, 38, 51, 35, 48, 32, 45, 58, 42, 55, 39, 52, 36, 49, 33, 46),  ], [  (1, 43, 27, 40, 24, 37, 21, 34, 18, 31, 15, 57, 12, 54, 9, 51, 6, 
48, 3, 45, 29, 42, 26, 39, 23, 36, 20, 33, 17, 30, 14, 56, 11, 53, 8, 50, 5, 47, 2, 44, 28, 41, 25, 38, 22, 35, 19, 32, 16, 58, 13, 55, 10, 
52, 7, 49, 4, 46),  (1, 46, 4, 49, 7, 52, 10, 55, 13, 58, 16, 32, 19, 35, 22, 38, 25, 41, 28, 44, 2, 47, 5, 50, 8, 53, 11, 56, 14, 30, 17, 33,
20, 36, 23, 39, 26, 42, 29, 45, 3, 48, 6, 51, 9, 54, 12, 57, 15, 31, 18, 34, 21, 37, 24, 40, 27, 43),  ], [  (1, 46, 4, 49, 7, 52, 10, 55, 13,
58, 16, 32, 19, 35, 22, 38, 25, 41, 28, 44, 2, 47, 5, 50, 8, 53, 11, 56, 14, 30, 17, 33, 20, 36, 23, 39, 26, 42, 29, 45, 3, 48, 6, 51, 9, 54, 
12, 57, 15, 31, 18, 34, 21, 37, 24, 40, 27, 43),  (1, 43, 27, 40, 24, 37, 21, 34, 18, 31, 15, 57, 12, 54, 9, 51, 6, 48, 3, 45, 29, 42, 26, 39,
23, 36, 20, 33, 17, 30, 14, 56, 11, 53, 8, 50, 5, 47, 2, 44, 28, 41, 25, 38, 22, 35, 19, 32, 16, 58, 13, 55, 10, 52, 7, 49, 4, 46),  ], [  (1,
5, 9, 13, 17, 21, 25, 29, 4, 8, 12, 16, 20, 24, 28, 3, 7, 11, 15, 19, 23, 27, 2, 6, 10, 14, 18, 22, 26)(30, 34, 38, 42, 46, 50, 54, 58, 33, 
37, 41, 45, 49, 53, 57, 32, 36, 40, 44, 48, 52, 56, 31, 35, 39, 43, 47, 51, 55),  (1, 26, 22, 18, 14, 10, 6, 2, 27, 23, 19, 15, 11, 7, 3, 28, 
24, 20, 16, 12, 8, 4, 29, 25, 21, 17, 13, 9, 5)(30, 55, 51, 47, 43, 39, 35, 31, 56, 52, 48, 44, 40, 36, 32, 57, 53, 49, 45, 41, 37, 33, 58, 
54, 50, 46, 42, 38, 34),  ], [  (1, 26, 22, 18, 14, 10, 6, 2, 27, 23, 19, 15, 11, 7, 3, 28, 24, 20, 16, 12, 8, 4, 29, 25, 21, 17, 13, 9, 
5)(30, 55, 51, 47, 43, 39, 35, 31, 56, 52, 48, 44, 40, 36, 32, 57, 53, 49, 45, 41, 37, 33, 58, 54, 50, 46, 42, 38, 34),  (1, 5, 9, 13, 17, 21,
25, 29, 4, 8, 12, 16, 20, 24, 28, 3, 7, 11, 15, 19, 23, 27, 2, 6, 10, 14, 18, 22, 26)(30, 34, 38, 42, 46, 50, 54, 58, 33, 37, 41, 45, 49, 53, 
57, 32, 36, 40, 44, 48, 52, 56, 31, 35, 39, 43, 47, 51, 55),  ], [  (1, 7, 13, 19, 25, 2, 8, 14, 20, 26, 3, 9, 15, 21, 27, 4, 10, 16, 22, 28, 
5, 11, 17, 23, 29, 6, 12, 18, 24)(30, 36, 42, 48, 54, 31, 37, 43, 49, 55, 32, 38, 44, 50, 56, 33, 39, 45, 51, 57, 34, 40, 46, 52, 58, 35, 41, 
47, 53),  (1, 24, 18, 12, 6, 29, 23, 17, 11, 5, 28, 22, 16, 10, 4, 27, 21, 15, 9, 3, 26, 20, 14, 8, 2, 25, 19, 13, 7)(30, 53, 47, 41, 35, 58, 
52, 46, 40, 34, 57, 51, 45, 39, 33, 56, 50, 44, 38, 32, 55, 49, 43, 37, 31, 54, 48, 42, 36),  ], [  (1, 36, 13, 48, 25, 31, 8, 43, 20, 55, 3, 
38, 15, 50, 27, 33, 10, 45, 22, 57, 5, 40, 17, 52, 29, 35, 12, 47, 24, 30, 7, 42, 19, 54, 2, 37, 14, 49, 26, 32, 9, 44, 21, 56, 4, 39, 16, 51,
28, 34, 11, 46, 23, 58, 6, 41, 18, 53),  (1, 53, 18, 41, 6, 58, 23, 46, 11, 34, 28, 51, 16, 39, 4, 56, 21, 44, 9, 32, 26, 49, 14, 37, 2, 54, 
19, 42, 7, 30, 24, 47, 12, 35, 29, 52, 17, 40, 5, 57, 22, 45, 10, 33, 27, 50, 15, 38, 3, 55, 20, 43, 8, 31, 25, 48, 13, 36),  ], [  (1, 27, 
24, 21, 18, 15, 12, 9, 6, 3, 29, 26, 23, 20, 17, 14, 11, 8, 5, 2, 28, 25, 22, 19, 16, 13, 10, 7, 4)(30, 56, 53, 50, 47, 44, 41, 38, 35, 32, 
58, 55, 52, 49, 46, 43, 40, 37, 34, 31, 57, 54, 51, 48, 45, 42, 39, 36, 33),  (1, 4, 7, 10, 13, 16, 19, 22, 25, 28, 2, 5, 8, 11, 14, 17, 20, 
23, 26, 29, 3, 6, 9, 12, 15, 18, 21, 24, 27)(30, 33, 36, 39, 42, 45, 48, 51, 54, 57, 31, 34, 37, 40, 43, 46, 49, 52, 55, 58, 32, 35, 38, 41, 
44, 47, 50, 53, 56),  ], [  (1, 16, 2, 17, 3, 18, 4, 19, 5, 20, 6, 21, 7, 22, 8, 23, 9, 24, 10, 25, 11, 26, 12, 27, 13, 28, 14, 29, 15)(30, 
45, 31, 46, 32, 47, 33, 48, 34, 49, 35, 50, 36, 51, 37, 52, 38, 53, 39, 54, 40, 55, 41, 56, 42, 57, 43, 58, 44),  (1, 15, 29, 14, 28, 13, 27, 
12, 26, 11, 25, 10, 24, 9, 23, 8, 22, 7, 21, 6, 20, 5, 19, 4, 18, 3, 17, 2, 16)(30, 44, 58, 43, 57, 42, 56, 41, 55, 40, 54, 39, 53, 38, 52, 
37, 51, 36, 50, 35, 49, 34, 48, 33, 47, 32, 46, 31, 45),  ], [  (1, 56, 24, 50, 18, 44, 12, 38, 6, 32, 29, 55, 23, 49, 17, 43, 11, 37, 5, 31, 
28, 54, 22, 48, 16, 42, 10, 36, 4, 30, 27, 53, 21, 47, 15, 41, 9, 35, 3, 58, 26, 52, 20, 46, 14, 40, 8, 34, 2, 57, 25, 51, 19, 45, 13, 39, 7, 
33),  (1, 33, 7, 39, 13, 45, 19, 51, 25, 57, 2, 34, 8, 40, 14, 46, 20, 52, 26, 58, 3, 35, 9, 41, 15, 47, 21, 53, 27, 30, 4, 36, 10, 42, 16, 
48, 22, 54, 28, 31, 5, 37, 11, 43, 17, 49, 23, 55, 29, 32, 6, 38, 12, 44, 18, 50, 24, 56),  ], [  (1, 45, 2, 46, 3, 47, 4, 48, 5, 49, 6, 50, 
7, 51, 8, 52, 9, 53, 10, 54, 11, 55, 12, 56, 13, 57, 14, 58, 15, 30, 16, 31, 17, 32, 18, 33, 19, 34, 20, 35, 21, 36, 22, 37, 23, 38, 24, 39, 
25, 40, 26, 41, 27, 42, 28, 43, 29, 44),  (1, 44, 29, 43, 28, 42, 27, 41, 26, 40, 25, 39, 24, 38, 23, 37, 22, 36, 21, 35, 20, 34, 19, 33, 18, 
32, 17, 31, 16, 30, 15, 58, 14, 57, 13, 56, 12, 55, 11, 54, 10, 53, 9, 52, 8, 51, 7, 50, 6, 49, 5, 48, 4, 47, 3, 46, 2, 45),  ], [  (1, 18, 6,
23, 11, 28, 16, 4, 21, 9, 26, 14, 2, 19, 7, 24, 12, 29, 17, 5, 22, 10, 27, 15, 3, 20, 8, 25, 13)(30, 47, 35, 52, 40, 57, 45, 33, 50, 38, 55, 
43, 31, 48, 36, 53, 41, 58, 46, 34, 51, 39, 56, 44, 32, 49, 37, 54, 42),  (1, 13, 25, 8, 20, 3, 15, 27, 10, 22, 5, 17, 29, 12, 24, 7, 19, 2, 
14, 26, 9, 21, 4, 16, 28, 11, 23, 6, 18)(30, 42, 54, 37, 49, 32, 44, 56, 39, 51, 34, 46, 58, 41, 53, 36, 48, 31, 43, 55, 38, 50, 33, 45, 57, 
40, 52, 35, 47),  ], [  (1, 25, 20, 15, 10, 5, 29, 24, 19, 14, 9, 4, 28, 23, 18, 13, 8, 3, 27, 22, 17, 12, 7, 2, 26, 21, 16, 11, 6)(30, 54, 
49, 44, 39, 34, 58, 53, 48, 43, 38, 33, 57, 52, 47, 42, 37, 32, 56, 51, 46, 41, 36, 31, 55, 50, 45, 40, 35),  (1, 6, 11, 16, 21, 26, 2, 7, 12,
17, 22, 27, 3, 8, 13, 18, 23, 28, 4, 9, 14, 19, 24, 29, 5, 10, 15, 20, 25)(30, 35, 40, 45, 50, 55, 31, 36, 41, 46, 51, 56, 32, 37, 42, 47, 52,
57, 33, 38, 43, 48, 53, 58, 34, 39, 44, 49, 54),  ], [  (1, 47, 6, 52, 11, 57, 16, 33, 21, 38, 26, 43, 2, 48, 7, 53, 12, 58, 17, 34, 22, 39, 
27, 44, 3, 49, 8, 54, 13, 30, 18, 35, 23, 40, 28, 45, 4, 50, 9, 55, 14, 31, 19, 36, 24, 41, 29, 46, 5, 51, 10, 56, 15, 32, 20, 37, 25, 42),  
(1, 42, 25, 37, 20, 32, 15, 56, 10, 51, 5, 46, 29, 41, 24, 36, 19, 31, 14, 55, 9, 50, 4, 45, 28, 40, 23, 35, 18, 30, 13, 54, 8, 49, 3, 44, 27,
39, 22, 34, 17, 58, 12, 53, 7, 48, 2, 43, 26, 38, 21, 33, 16, 57, 11, 52, 6, 47),  ], [  (1, 54, 20, 44, 10, 34, 29, 53, 19, 43, 9, 33, 28, 
52, 18, 42, 8, 32, 27, 51, 17, 41, 7, 31, 26, 50, 16, 40, 6, 30, 25, 49, 15, 39, 5, 58, 24, 48, 14, 38, 4, 57, 23, 47, 13, 37, 3, 56, 22, 46, 
12, 36, 2, 55, 21, 45, 11, 35),  (1, 35, 11, 45, 21, 55, 2, 36, 12, 46, 22, 56, 3, 37, 13, 47, 23, 57, 4, 38, 14, 48, 24, 58, 5, 39, 15, 49, 
25, 30, 6, 40, 16, 50, 26, 31, 7, 41, 17, 51, 27, 32, 8, 42, 18, 52, 28, 33, 9, 43, 19, 53, 29, 34, 10, 44, 20, 54),  ], [  (1, 9, 17, 25, 4, 
12, 20, 28, 7, 15, 23, 2, 10, 18, 26, 5, 13, 21, 29, 8, 16, 24, 3, 11, 19, 27, 6, 14, 22)(30, 38, 46, 54, 33, 41, 49, 57, 36, 44, 52, 31, 39, 
47, 55, 34, 42, 50, 58, 37, 45, 53, 32, 40, 48, 56, 35, 43, 51),  (1, 22, 14, 6, 27, 19, 11, 3, 24, 16, 8, 29, 21, 13, 5, 26, 18, 10, 2, 23, 
15, 7, 28, 20, 12, 4, 25, 17, 9)(30, 51, 43, 35, 56, 48, 40, 32, 53, 45, 37, 58, 50, 42, 34, 55, 47, 39, 31, 52, 44, 36, 57, 49, 41, 33, 54, 
46, 38),  ], [  (1, 38, 17, 54, 4, 41, 20, 57, 7, 44, 23, 31, 10, 47, 26, 34, 13, 50, 29, 37, 16, 53, 3, 40, 19, 56, 6, 43, 22, 30, 9, 46, 25,
33, 12, 49, 28, 36, 15, 52, 2, 39, 18, 55, 5, 42, 21, 58, 8, 45, 24, 32, 11, 48, 27, 35, 14, 51),  (1, 51, 14, 35, 27, 48, 11, 32, 24, 45, 8, 
58, 21, 42, 5, 55, 18, 39, 2, 52, 15, 36, 28, 49, 12, 33, 25, 46, 9, 30, 22, 43, 6, 56, 19, 40, 3, 53, 16, 37, 29, 50, 13, 34, 26, 47, 10, 31,
23, 44, 7, 57, 20, 41, 4, 54, 17, 38),  ], [  (1, 34, 9, 42, 17, 50, 25, 58, 4, 37, 12, 45, 20, 53, 28, 32, 7, 40, 15, 48, 23, 56, 2, 35, 10, 
43, 18, 51, 26, 30, 5, 38, 13, 46, 21, 54, 29, 33, 8, 41, 16, 49, 24, 57, 3, 36, 11, 44, 19, 52, 27, 31, 6, 39, 14, 47, 22, 55),  (1, 55, 22, 
47, 14, 39, 6, 31, 27, 52, 19, 44, 11, 36, 3, 57, 24, 49, 16, 41, 8, 33, 29, 54, 21, 46, 13, 38, 5, 30, 26, 51, 18, 43, 10, 35, 2, 56, 23, 48,
15, 40, 7, 32, 28, 53, 20, 45, 12, 37, 4, 58, 25, 50, 17, 42, 9, 34),  ], [  (1, 29, 28, 27, 26, 25, 24, 23, 22, 21, 20, 19, 18, 17, 16, 15, 
14, 13, 12, 11, 10, 9, 8, 7, 6, 5, 4, 3, 2)(30, 58, 57, 56, 55, 54, 53, 52, 51, 50, 49, 48, 47, 46, 45, 44, 43, 42, 41, 40, 39, 38, 37, 36, 
35, 34, 33, 32, 31),  (1, 2, 3, 4, 5, 6, 7, 8, 9, 10, 11, 12, 13, 14, 15, 16, 17, 18, 19, 20, 21, 22, 23, 24, 25, 26, 27, 28, 29)(30, 31, 32, 
33, 34, 35, 36, 37, 38, 39, 40, 41, 42, 43, 44, 45, 46, 47, 48, 49, 50, 51, 52, 53, 54, 55, 56, 57, 58),  ], [  (1, 58, 28, 56, 26, 54, 24, 
52, 22, 50, 20, 48, 18, 46, 16, 44, 14, 42, 12, 40, 10, 38, 8, 36, 6, 34, 4, 32, 2, 30, 29, 57, 27, 55, 25, 53, 23, 51, 21, 49, 19, 47, 17, 
45, 15, 43, 13, 41, 11, 39, 9, 37, 7, 35, 5, 33, 3, 31),  (1, 31, 3, 33, 5, 35, 7, 37, 9, 39, 11, 41, 13, 43, 15, 45, 17, 47, 19, 49, 21, 51, 
23, 53, 25, 55, 27, 57, 29, 30, 2, 32, 4, 34, 6, 36, 8, 38, 10, 40, 12, 42, 14, 44, 16, 46, 18, 48, 20, 50, 22, 52, 24, 54, 26, 56, 28, 58),  
], [  (1, 20, 10, 29, 19, 9, 28, 18, 8, 27, 17, 7, 26, 16, 6, 25, 15, 5, 24, 14, 4, 23, 13, 3, 22, 12, 2, 21, 11)(30, 49, 39, 58, 48, 38, 57, 
47, 37, 56, 46, 36, 55, 45, 35, 54, 44, 34, 53, 43, 33, 52, 42, 32, 51, 41, 31, 50, 40),  (1, 11, 21, 2, 12, 22, 3, 13, 23, 4, 14, 24, 5, 15, 
25, 6, 16, 26, 7, 17, 27, 8, 18, 28, 9, 19, 29, 10, 20)(30, 40, 50, 31, 41, 51, 32, 42, 52, 33, 43, 53, 34, 44, 54, 35, 45, 55, 36, 46, 56, 
37, 47, 57, 38, 48, 58, 39, 49),  ], [  (1, 49, 10, 58, 19, 38, 28, 47, 8, 56, 17, 36, 26, 45, 6, 54, 15, 34, 24, 43, 4, 52, 13, 32, 22, 41, 
2, 50, 11, 30, 20, 39, 29, 48, 9, 57, 18, 37, 27, 46, 7, 55, 16, 35, 25, 44, 5, 53, 14, 33, 23, 42, 3, 51, 12, 31, 21, 40),  (1, 40, 21, 31, 
12, 51, 3, 42, 23, 33, 14, 53, 5, 44, 25, 35, 16, 55, 7, 46, 27, 37, 18, 57, 9, 48, 29, 39, 20, 30, 11, 50, 2, 41, 22, 32, 13, 52, 4, 43, 24, 
34, 15, 54, 6, 45, 26, 36, 17, 56, 8, 47, 28, 38, 19, 58, 10, 49),  ], [  (1, 11, 21, 2, 12, 22, 3, 13, 23, 4, 14, 24, 5, 15, 25, 6, 16, 26, 
7, 17, 27, 8, 18, 28, 9, 19, 29, 10, 20)(30, 40, 50, 31, 41, 51, 32, 42, 52, 33, 43, 53, 34, 44, 54, 35, 45, 55, 36, 46, 56, 37, 47, 57, 38, 
48, 58, 39, 49),  (1, 20, 10, 29, 19, 9, 28, 18, 8, 27, 17, 7, 26, 16, 6, 25, 15, 5, 24, 14, 4, 23, 13, 3, 22, 12, 2, 21, 11)(30, 49, 39, 58, 
48, 38, 57, 47, 37, 56, 46, 36, 55, 45, 35, 54, 44, 34, 53, 43, 33, 52, 42, 32, 51, 41, 31, 50, 40),  ], [  (1, 55, 22, 47, 14, 39, 6, 31, 27,
52, 19, 44, 11, 36, 3, 57, 24, 49, 16, 41, 8, 33, 29, 54, 21, 46, 13, 38, 5, 30, 26, 51, 18, 43, 10, 35, 2, 56, 23, 48, 15, 40, 7, 32, 28, 53,
20, 45, 12, 37, 4, 58, 25, 50, 17, 42, 9, 34),  (1, 34, 9, 42, 17, 50, 25, 58, 4, 37, 12, 45, 20, 53, 28, 32, 7, 40, 15, 48, 23, 56, 2, 35, 
10, 43, 18, 51, 26, 30, 5, 38, 13, 46, 21, 54, 29, 33, 8, 41, 16, 49, 24, 57, 3, 36, 11, 44, 19, 52, 27, 31, 6, 39, 14, 47, 22, 55),  ], [  
(1, 13, 25, 8, 20, 3, 15, 27, 10, 22, 5, 17, 29, 12, 24, 7, 19, 2, 14, 26, 9, 21, 4, 16, 28, 11, 23, 6, 18)(30, 42, 54, 37, 49, 32, 44, 56, 
39, 51, 34, 46, 58, 41, 53, 36, 48, 31, 43, 55, 38, 50, 33, 45, 57, 40, 52, 35, 47),  (1, 18, 6, 23, 11, 28, 16, 4, 21, 9, 26, 14, 2, 19, 7, 
24, 12, 29, 17, 5, 22, 10, 27, 15, 3, 20, 8, 25, 13)(30, 47, 35, 52, 40, 57, 45, 33, 50, 38, 55, 43, 31, 48, 36, 53, 41, 58, 46, 34, 51, 39, 
56, 44, 32, 49, 37, 54, 42),  ], [  (1, 42, 25, 37, 20, 32, 15, 56, 10, 51, 5, 46, 29, 41, 24, 36, 19, 31, 14, 55, 9, 50, 4, 45, 28, 40, 23, 
35, 18, 30, 13, 54, 8, 49, 3, 44, 27, 39, 22, 34, 17, 58, 12, 53, 7, 48, 2, 43, 26, 38, 21, 33, 16, 57, 11, 52, 6, 47),  (1, 47, 6, 52, 11, 
57, 16, 33, 21, 38, 26, 43, 2, 48, 7, 53, 12, 58, 17, 34, 22, 39, 27, 44, 3, 49, 8, 54, 13, 30, 18, 35, 23, 40, 28, 45, 4, 50, 9, 55, 14, 31, 
19, 36, 24, 41, 29, 46, 5, 51, 10, 56, 15, 32, 20, 37, 25, 42),  ], [  (1, 4, 7, 10, 13, 16, 19, 22, 25, 28, 2, 5, 8, 11, 14, 17, 20, 23, 26, 
29, 3, 6, 9, 12, 15, 18, 21, 24, 27)(30, 33, 36, 39, 42, 45, 48, 51, 54, 57, 31, 34, 37, 40, 43, 46, 49, 52, 55, 58, 32, 35, 38, 41, 44, 47, 
50, 53, 56),  (1, 27, 24, 21, 18, 15, 12, 9, 6, 3, 29, 26, 23, 20, 17, 14, 11, 8, 5, 2, 28, 25, 22, 19, 16, 13, 10, 7, 4)(30, 56, 53, 50, 47, 
44, 41, 38, 35, 32, 58, 55, 52, 49, 46, 43, 40, 37, 34, 31, 57, 54, 51, 48, 45, 42, 39, 36, 33),  ], [  (1, 22, 14, 6, 27, 19, 11, 3, 24, 16, 
8, 29, 21, 13, 5, 26, 18, 10, 2, 23, 15, 7, 28, 20, 12, 4, 25, 17, 9)(30, 51, 43, 35, 56, 48, 40, 32, 53, 45, 37, 58, 50, 42, 34, 55, 47, 39, 
31, 52, 44, 36, 57, 49, 41, 33, 54, 46, 38),  (1, 9, 17, 25, 4, 12, 20, 28, 7, 15, 23, 2, 10, 18, 26, 5, 13, 21, 29, 8, 16, 24, 3, 11, 19, 27,
6, 14, 22)(30, 38, 46, 54, 33, 41, 49, 57, 36, 44, 52, 31, 39, 47, 55, 34, 42, 50, 58, 37, 45, 53, 32, 40, 48, 56, 35, 43, 51),  ], [  (1, 33,
7, 39, 13, 45, 19, 51, 25, 57, 2, 34, 8, 40, 14, 46, 20, 52, 26, 58, 3, 35, 9, 41, 15, 47, 21, 53, 27, 30, 4, 36, 10, 42, 16, 48, 22, 54, 28, 
31, 5, 37, 11, 43, 17, 49, 23, 55, 29, 32, 6, 38, 12, 44, 18, 50, 24, 56),  (1, 56, 24, 50, 18, 44, 12, 38, 6, 32, 29, 55, 23, 49, 17, 43, 11,
37, 5, 31, 28, 54, 22, 48, 16, 42, 10, 36, 4, 30, 27, 53, 21, 47, 15, 41, 9, 35, 3, 58, 26, 52, 20, 46, 14, 40, 8, 34, 2, 57, 25, 51, 19, 45, 
13, 39, 7, 33),  ], [  (1, 51, 14, 35, 27, 48, 11, 32, 24, 45, 8, 58, 21, 42, 5, 55, 18, 39, 2, 52, 15, 36, 28, 49, 12, 33, 25, 46, 9, 30, 22,
43, 6, 56, 19, 40, 3, 53, 16, 37, 29, 50, 13, 34, 26, 47, 10, 31, 23, 44, 7, 57, 20, 41, 4, 54, 17, 38),  (1, 38, 17, 54, 4, 41, 20, 57, 7, 
44, 23, 31, 10, 47, 26, 34, 13, 50, 29, 37, 16, 53, 3, 40, 19, 56, 6, 43, 22, 30, 9, 46, 25, 33, 12, 49, 28, 36, 15, 52, 2, 39, 18, 55, 5, 42,
21, 58, 8, 45, 24, 32, 11, 48, 27, 35, 14, 51),  ], [  (1, 24, 18, 12, 6, 29, 23, 17, 11, 5, 28, 22, 16, 10, 4, 27, 21, 15, 9, 3, 26, 20, 14, 
8, 2, 25, 19, 13, 7)(30, 53, 47, 41, 35, 58, 52, 46, 40, 34, 57, 51, 45, 39, 33, 56, 50, 44, 38, 32, 55, 49, 43, 37, 31, 54, 48, 42, 36),  (1,
7, 13, 19, 25, 2, 8, 14, 20, 26, 3, 9, 15, 21, 27, 4, 10, 16, 22, 28, 5, 11, 17, 23, 29, 6, 12, 18, 24)(30, 36, 42, 48, 54, 31, 37, 43, 49, 
55, 32, 38, 44, 50, 56, 33, 39, 45, 51, 57, 34, 40, 46, 52, 58, 35, 41, 47, 53),  ], [  (1, 2, 3, 4, 5, 6, 7, 8, 9, 10, 11, 12, 13, 14, 15, 
16, 17, 18, 19, 20, 21, 22, 23, 24, 25, 26, 27, 28, 29)(30, 31, 32, 33, 34, 35, 36, 37, 38, 39, 40, 41, 42, 43, 44, 45, 46, 47, 48, 49, 50, 
51, 52, 53, 54, 55, 56, 57, 58),  (1, 29, 28, 27, 26, 25, 24, 23, 22, 21, 20, 19, 18, 17, 16, 15, 14, 13, 12, 11, 10, 9, 8, 7, 6, 5, 4, 3, 
2)(30, 58, 57, 56, 55, 54, 53, 52, 51, 50, 49, 48, 47, 46, 45, 44, 43, 42, 41, 40, 39, 38, 37, 36, 35, 34, 33, 32, 31),  ], [  (1, 53, 18, 41,
6, 58, 23, 46, 11, 34, 28, 51, 16, 39, 4, 56, 21, 44, 9, 32, 26, 49, 14, 37, 2, 54, 19, 42, 7, 30, 24, 47, 12, 35, 29, 52, 17, 40, 5, 57, 22, 
45, 10, 33, 27, 50, 15, 38, 3, 55, 20, 43, 8, 31, 25, 48, 13, 36),  (1, 36, 13, 48, 25, 31, 8, 43, 20, 55, 3, 38, 15, 50, 27, 33, 10, 45, 22, 
57, 5, 40, 17, 52, 29, 35, 12, 47, 24, 30, 7, 42, 19, 54, 2, 37, 14, 49, 26, 32, 9, 44, 21, 56, 4, 39, 16, 51, 28, 34, 11, 46, 23, 58, 6, 41, 
18, 53),  ], [  (1, 31, 3, 33, 5, 35, 7, 37, 9, 39, 11, 41, 13, 43, 15, 45, 17, 47, 19, 49, 21, 51, 23, 53, 25, 55, 27, 57, 29, 30, 2, 32, 4, 
34, 6, 36, 8, 38, 10, 40, 12, 42, 14, 44, 16, 46, 18, 48, 20, 50, 22, 52, 24, 54, 26, 56, 28, 58),  (1, 58, 28, 56, 26, 54, 24, 52, 22, 50, 
20, 48, 18, 46, 16, 44, 14, 42, 12, 40, 10, 38, 8, 36, 6, 34, 4, 32, 2, 30, 29, 57, 27, 55, 25, 53, 23, 51, 21, 49, 19, 47, 17, 45, 15, 43, 
13, 41, 11, 39, 9, 37, 7, 35, 5, 33, 3, 31),  ], [  (1, 15, 29, 14, 28, 13, 27, 12, 26, 11, 25, 10, 24, 9, 23, 8, 22, 7, 21, 6, 20, 5, 19, 4, 
18, 3, 17, 2, 16)(30, 44, 58, 43, 57, 42, 56, 41, 55, 40, 54, 39, 53, 38, 52, 37, 51, 36, 50, 35, 49, 34, 48, 33, 47, 32, 46, 31, 45),  (1, 
16, 2, 17, 3, 18, 4, 19, 5, 20, 6, 21, 7, 22, 8, 23, 9, 24, 10, 25, 11, 26, 12, 27, 13, 28, 14, 29, 15)(30, 45, 31, 46, 32, 47, 33, 48, 34, 
49, 35, 50, 36, 51, 37, 52, 38, 53, 39, 54, 40, 55, 41, 56, 42, 57, 43, 58, 44),  ], [  (1, 44, 29, 43, 28, 42, 27, 41, 26, 40, 25, 39, 24, 
38, 23, 37, 22, 36, 21, 35, 20, 34, 19, 33, 18, 32, 17, 31, 16, 30, 15, 58, 14, 57, 13, 56, 12, 55, 11, 54, 10, 53, 9, 52, 8, 51, 7, 50, 6, 
49, 5, 48, 4, 47, 3, 46, 2, 45),  (1, 45, 2, 46, 3, 47, 4, 48, 5, 49, 6, 50, 7, 51, 8, 52, 9, 53, 10, 54, 11, 55, 12, 56, 13, 57, 14, 58, 15, 
30, 16, 31, 17, 32, 18, 33, 19, 34, 20, 35, 21, 36, 22, 37, 23, 38, 24, 39, 25, 40, 26, 41, 27, 42, 28, 43, 29, 44),  ], [  (1, 40, 21, 31, 
12, 51, 3, 42, 23, 33, 14, 53, 5, 44, 25, 35, 16, 55, 7, 46, 27, 37, 18, 57, 9, 48, 29, 39, 20, 30, 11, 50, 2, 41, 22, 32, 13, 52, 4, 43, 24, 
34, 15, 54, 6, 45, 26, 36, 17, 56, 8, 47, 28, 38, 19, 58, 10, 49),  (1, 49, 10, 58, 19, 38, 28, 47, 8, 56, 17, 36, 26, 45, 6, 54, 15, 34, 24, 
43, 4, 52, 13, 32, 22, 41, 2, 50, 11, 30, 20, 39, 29, 48, 9, 57, 18, 37, 27, 46, 7, 55, 16, 35, 25, 44, 5, 53, 14, 33, 23, 42, 3, 51, 12, 31, 
21, 40),  ], [  (1, 6, 11, 16, 21, 26, 2, 7, 12, 17, 22, 27, 3, 8, 13, 18, 23, 28, 4, 9, 14, 19, 24, 29, 5, 10, 15, 20, 25)(30, 35, 40, 45, 
50, 55, 31, 36, 41, 46, 51, 56, 32, 37, 42, 47, 52, 57, 33, 38, 43, 48, 53, 58, 34, 39, 44, 49, 54),  (1, 25, 20, 15, 10, 5, 29, 24, 19, 14, 
9, 4, 28, 23, 18, 13, 8, 3, 27, 22, 17, 12, 7, 2, 26, 21, 16, 11, 6)(30, 54, 49, 44, 39, 34, 58, 53, 48, 43, 38, 33, 57, 52, 47, 42, 37, 32, 
56, 51, 46, 41, 36, 31, 55, 50, 45, 40, 35),  ], [  (1, 35, 11, 45, 21, 55, 2, 36, 12, 46, 22, 56, 3, 37, 13, 47, 23, 57, 4, 38, 14, 48, 24, 
58, 5, 39, 15, 49, 25, 30, 6, 40, 16, 50, 26, 31, 7, 41, 17, 51, 27, 32, 8, 42, 18, 52, 28, 33, 9, 43, 19, 53, 29, 34, 10, 44, 20, 54),  (1, 
54, 20, 44, 10, 34, 29, 53, 19, 43, 9, 33, 28, 52, 18, 42, 8, 32, 27, 51, 17, 41, 7, 31, 26, 50, 16, 40, 6, 30, 25, 49, 15, 39, 5, 58, 24, 48,
14, 38, 4, 57, 23, 47, 13, 37, 3, 56, 22, 46, 12, 36, 2, 55, 21, 45, 11, 35),  ], ]
);

BRACES[58].brace[2] := rec ( size := 58, perms := [ [  (),  (),  ], [  (1, 30)(2, 31)(3, 32)(4, 33)(5, 34)(6, 35)(7, 36)(8, 37)(9, 38)(10, 
39)(11, 40)(12, 41)(13, 42)(14, 43)(15, 44)(16, 45)(17, 46)(18, 47)(19, 48)(20, 49)(21, 50)(22, 51)(23, 52)(24, 53)(25, 54)(26, 55)(27, 
56)(28, 57)(29, 58),  (1, 30)(2, 58)(3, 57)(4, 56)(5, 55)(6, 54)(7, 53)(8, 52)(9, 51)(10, 50)(11, 49)(12, 48)(13, 47)(14, 46)(15, 45)(16, 
44)(17, 43)(18, 42)(19, 41)(20, 40)(21, 39)(22, 38)(23, 37)(24, 36)(25, 35)(26, 34)(27, 33)(28, 32)(29, 31),  ], [  (1, 21, 12, 3, 23, 14, 5, 
25, 16, 7, 27, 18, 9, 29, 20, 11, 2, 22, 13, 4, 24, 15, 6, 26, 17, 8, 28, 19, 10)(30, 50, 41, 32, 52, 43, 34, 54, 45, 36, 56, 47, 38, 58, 49, 
40, 31, 51, 42, 33, 53, 44, 35, 55, 46, 37, 57, 48, 39),  (1, 10, 19, 28, 8, 17, 26, 6, 15, 24, 4, 13, 22, 2, 11, 20, 29, 9, 18, 27, 7, 16, 
25, 5, 14, 23, 3, 12, 21)(30, 39, 48, 57, 37, 46, 55, 35, 44, 53, 33, 42, 51, 31, 40, 49, 58, 38, 47, 56, 36, 45, 54, 34, 43, 52, 32, 41, 50),
], [  (1, 10, 19, 28, 8, 17, 26, 6, 15, 24, 4, 13, 22, 2, 11, 20, 29, 9, 18, 27, 7, 16, 25, 5, 14, 23, 3, 12, 21)(30, 39, 48, 57, 37, 46, 55, 
35, 44, 53, 33, 42, 51, 31, 40, 49, 58, 38, 47, 56, 36, 45, 54, 34, 43, 52, 32, 41, 50),  (1, 21, 12, 3, 23, 14, 5, 25, 16, 7, 27, 18, 9, 29, 
20, 11, 2, 22, 13, 4, 24, 15, 6, 26, 17, 8, 28, 19, 10)(30, 50, 41, 32, 52, 43, 34, 54, 45, 36, 56, 47, 38, 58, 49, 40, 31, 51, 42, 33, 53, 
44, 35, 55, 46, 37, 57, 48, 39),  ], [  (1, 39, 19, 57, 8, 46, 26, 35, 15, 53, 4, 42, 22, 31, 11, 49, 29, 38, 18, 56, 7, 45, 25, 34, 14, 52, 
3, 41, 21, 30, 10, 48, 28, 37, 17, 55, 6, 44, 24, 33, 13, 51, 2, 40, 20, 58, 9, 47, 27, 36, 16, 54, 5, 43, 23, 32, 12, 50),  (1, 39)(2, 38)(3,
37)(4, 36)(5, 35)(6, 34)(7, 33)(8, 32)(9, 31)(10, 30)(11, 58)(12, 57)(13, 56)(14, 55)(15, 54)(16, 53)(17, 52)(18, 51)(19, 50)(20, 49)(21, 
48)(22, 47)(23, 46)(24, 45)(25, 44)(26, 43)(27, 42)(28, 41)(29, 40),  ], [  (1, 50, 12, 32, 23, 43, 5, 54, 16, 36, 27, 47, 9, 58, 20, 40, 2, 
51, 13, 33, 24, 44, 6, 55, 17, 37, 28, 48, 10, 30, 21, 41, 3, 52, 14, 34, 25, 45, 7, 56, 18, 38, 29, 49, 11, 31, 22, 42, 4, 53, 15, 35, 26, 
46, 8, 57, 19, 39),  (1, 50)(2, 49)(3, 48)(4, 47)(5, 46)(6, 45)(7, 44)(8, 43)(9, 42)(10, 41)(11, 40)(12, 39)(13, 38)(14, 37)(15, 36)(16, 
35)(17, 34)(18, 33)(19, 32)(20, 31)(21, 30)(22, 58)(23, 57)(24, 56)(25, 55)(26, 54)(27, 53)(28, 52)(29, 51),  ], [  (1, 12, 23, 5, 16, 27, 9, 
20, 2, 13, 24, 6, 17, 28, 10, 21, 3, 14, 25, 7, 18, 29, 11, 22, 4, 15, 26, 8, 19)(30, 41, 52, 34, 45, 56, 38, 49, 31, 42, 53, 35, 46, 57, 39, 
50, 32, 43, 54, 36, 47, 58, 40, 51, 33, 44, 55, 37, 48),  (1, 19, 8, 26, 15, 4, 22, 11, 29, 18, 7, 25, 14, 3, 21, 10, 28, 17, 6, 24, 13, 2, 
20, 9, 27, 16, 5, 23, 12)(30, 48, 37, 55, 44, 33, 51, 40, 58, 47, 36, 54, 43, 32, 50, 39, 57, 46, 35, 53, 42, 31, 49, 38, 56, 45, 34, 52, 41),
], [  (1, 19, 8, 26, 15, 4, 22, 11, 29, 18, 7, 25, 14, 3, 21, 10, 28, 17, 6, 24, 13, 2, 20, 9, 27, 16, 5, 23, 12)(30, 48, 37, 55, 44, 33, 51, 
40, 58, 47, 36, 54, 43, 32, 50, 39, 57, 46, 35, 53, 42, 31, 49, 38, 56, 45, 34, 52, 41),  (1, 12, 23, 5, 16, 27, 9, 20, 2, 13, 24, 6, 17, 28, 
10, 21, 3, 14, 25, 7, 18, 29, 11, 22, 4, 15, 26, 8, 19)(30, 41, 52, 34, 45, 56, 38, 49, 31, 42, 53, 35, 46, 57, 39, 50, 32, 43, 54, 36, 47, 
58, 40, 51, 33, 44, 55, 37, 48),  ], [  (1, 48, 8, 55, 15, 33, 22, 40, 29, 47, 7, 54, 14, 32, 21, 39, 28, 46, 6, 53, 13, 31, 20, 38, 27, 45, 
5, 52, 12, 30, 19, 37, 26, 44, 4, 51, 11, 58, 18, 36, 25, 43, 3, 50, 10, 57, 17, 35, 24, 42, 2, 49, 9, 56, 16, 34, 23, 41),  (1, 48)(2, 47)(3,
46)(4, 45)(5, 44)(6, 43)(7, 42)(8, 41)(9, 40)(10, 39)(11, 38)(12, 37)(13, 36)(14, 35)(15, 34)(16, 33)(17, 32)(18, 31)(19, 30)(20, 58)(21, 
57)(22, 56)(23, 55)(24, 54)(25, 53)(26, 52)(27, 51)(28, 50)(29, 49),  ], [  (1, 41, 23, 34, 16, 56, 9, 49, 2, 42, 24, 35, 17, 57, 10, 50, 3, 
43, 25, 36, 18, 58, 11, 51, 4, 44, 26, 37, 19, 30, 12, 52, 5, 45, 27, 38, 20, 31, 13, 53, 6, 46, 28, 39, 21, 32, 14, 54, 7, 47, 29, 40, 22, 
33, 15, 55, 8, 48),  (1, 41)(2, 40)(3, 39)(4, 38)(5, 37)(6, 36)(7, 35)(8, 34)(9, 33)(10, 32)(11, 31)(12, 30)(13, 58)(14, 57)(15, 56)(16, 
55)(17, 54)(18, 53)(19, 52)(20, 51)(21, 50)(22, 49)(23, 48)(24, 47)(25, 46)(26, 45)(27, 44)(28, 43)(29, 42),  ], [  (1, 3, 5, 7, 9, 11, 13, 
15, 17, 19, 21, 23, 25, 27, 29, 2, 4, 6, 8, 10, 12, 14, 16, 18, 20, 22, 24, 26, 28)(30, 32, 34, 36, 38, 40, 42, 44, 46, 48, 50, 52, 54, 56, 
58, 31, 33, 35, 37, 39, 41, 43, 45, 47, 49, 51, 53, 55, 57),  (1, 28, 26, 24, 22, 20, 18, 16, 14, 12, 10, 8, 6, 4, 2, 29, 27, 25, 23, 21, 19, 
17, 15, 13, 11, 9, 7, 5, 3)(30, 57, 55, 53, 51, 49, 47, 45, 43, 41, 39, 37, 35, 33, 31, 58, 56, 54, 52, 50, 48, 46, 44, 42, 40, 38, 36, 34, 
32),  ], [  (1, 28, 26, 24, 22, 20, 18, 16, 14, 12, 10, 8, 6, 4, 2, 29, 27, 25, 23, 21, 19, 17, 15, 13, 11, 9, 7, 5, 3)(30, 57, 55, 53, 51, 
49, 47, 45, 43, 41, 39, 37, 35, 33, 31, 58, 56, 54, 52, 50, 48, 46, 44, 42, 40, 38, 36, 34, 32),  (1, 3, 5, 7, 9, 11, 13, 15, 17, 19, 21, 23, 
25, 27, 29, 2, 4, 6, 8, 10, 12, 14, 16, 18, 20, 22, 24, 26, 28)(30, 32, 34, 36, 38, 40, 42, 44, 46, 48, 50, 52, 54, 56, 58, 31, 33, 35, 37, 
39, 41, 43, 45, 47, 49, 51, 53, 55, 57),  ], [  (1, 57, 26, 53, 22, 49, 18, 45, 14, 41, 10, 37, 6, 33, 2, 58, 27, 54, 23, 50, 19, 46, 15, 42, 
11, 38, 7, 34, 3, 30, 28, 55, 24, 51, 20, 47, 16, 43, 12, 39, 8, 35, 4, 31, 29, 56, 25, 52, 21, 48, 17, 44, 13, 40, 9, 36, 5, 32),  (1, 57)(2,
56)(3, 55)(4, 54)(5, 53)(6, 52)(7, 51)(8, 50)(9, 49)(10, 48)(11, 47)(12, 46)(13, 45)(14, 44)(15, 43)(16, 42)(17, 41)(18, 40)(19, 39)(20, 
38)(21, 37)(22, 36)(23, 35)(24, 34)(25, 33)(26, 32)(27, 31)(28, 30)(29, 58),  ], [  (1, 32, 5, 36, 9, 40, 13, 44, 17, 48, 21, 52, 25, 56, 29, 
31, 4, 35, 8, 39, 12, 43, 16, 47, 20, 51, 24, 55, 28, 30, 3, 34, 7, 38, 11, 42, 15, 46, 19, 50, 23, 54, 27, 58, 2, 33, 6, 37, 10, 41, 14, 45, 
18, 49, 22, 53, 26, 57),  (1, 32)(2, 31)(3, 30)(4, 58)(5, 57)(6, 56)(7, 55)(8, 54)(9, 53)(10, 52)(11, 51)(12, 50)(13, 49)(14, 48)(15, 47)(16, 
46)(17, 45)(18, 44)(19, 43)(20, 42)(21, 41)(22, 40)(23, 39)(24, 38)(25, 37)(26, 36)(27, 35)(28, 34)(29, 33),  ], [  (1, 23, 16, 9, 2, 24, 17, 
10, 3, 25, 18, 11, 4, 26, 19, 12, 5, 27, 20, 13, 6, 28, 21, 14, 7, 29, 22, 15, 8)(30, 52, 45, 38, 31, 53, 46, 39, 32, 54, 47, 40, 33, 55, 48, 
41, 34, 56, 49, 42, 35, 57, 50, 43, 36, 58, 51, 44, 37),  (1, 8, 15, 22, 29, 7, 14, 21, 28, 6, 13, 20, 27, 5, 12, 19, 26, 4, 11, 18, 25, 3, 
10, 17, 24, 2, 9, 16, 23)(30, 37, 44, 51, 58, 36, 43, 50, 57, 35, 42, 49, 56, 34, 41, 48, 55, 33, 40, 47, 54, 32, 39, 46, 53, 31, 38, 45, 52),
], [  (1, 8, 15, 22, 29, 7, 14, 21, 28, 6, 13, 20, 27, 5, 12, 19, 26, 4, 11, 18, 25, 3, 10, 17, 24, 2, 9, 16, 23)(30, 37, 44, 51, 58, 36, 43, 
50, 57, 35, 42, 49, 56, 34, 41, 48, 55, 33, 40, 47, 54, 32, 39, 46, 53, 31, 38, 45, 52),  (1, 23, 16, 9, 2, 24, 17, 10, 3, 25, 18, 11, 4, 26, 
19, 12, 5, 27, 20, 13, 6, 28, 21, 14, 7, 29, 22, 15, 8)(30, 52, 45, 38, 31, 53, 46, 39, 32, 54, 47, 40, 33, 55, 48, 41, 34, 56, 49, 42, 35, 
57, 50, 43, 36, 58, 51, 44, 37),  ], [  (1, 37, 15, 51, 29, 36, 14, 50, 28, 35, 13, 49, 27, 34, 12, 48, 26, 33, 11, 47, 25, 32, 10, 46, 24, 
31, 9, 45, 23, 30, 8, 44, 22, 58, 7, 43, 21, 57, 6, 42, 20, 56, 5, 41, 19, 55, 4, 40, 18, 54, 3, 39, 17, 53, 2, 38, 16, 52),  (1, 37)(2, 
36)(3, 35)(4, 34)(5, 33)(6, 32)(7, 31)(8, 30)(9, 58)(10, 57)(11, 56)(12, 55)(13, 54)(14, 53)(15, 52)(16, 51)(17, 50)(18, 49)(19, 48)(20, 
47)(21, 46)(22, 45)(23, 44)(24, 43)(25, 42)(26, 41)(27, 40)(28, 39)(29, 38),  ], [  (1, 52, 16, 38, 2, 53, 17, 39, 3, 54, 18, 40, 4, 55, 19, 
41, 5, 56, 20, 42, 6, 57, 21, 43, 7, 58, 22, 44, 8, 30, 23, 45, 9, 31, 24, 46, 10, 32, 25, 47, 11, 33, 26, 48, 12, 34, 27, 49, 13, 35, 28, 50,
14, 36, 29, 51, 15, 37),  (1, 52)(2, 51)(3, 50)(4, 49)(5, 48)(6, 47)(7, 46)(8, 45)(9, 44)(10, 43)(11, 42)(12, 41)(13, 40)(14, 39)(15, 38)(16, 
37)(17, 36)(18, 35)(19, 34)(20, 33)(21, 32)(22, 31)(23, 30)(24, 58)(25, 57)(26, 56)(27, 55)(28, 54)(29, 53),  ], [  (1, 14, 27, 11, 24, 8, 21,
5, 18, 2, 15, 28, 12, 25, 9, 22, 6, 19, 3, 16, 29, 13, 26, 10, 23, 7, 20, 4, 17)(30, 43, 56, 40, 53, 37, 50, 34, 47, 31, 44, 57, 41, 54, 38, 
51, 35, 48, 32, 45, 58, 42, 55, 39, 52, 36, 49, 33, 46),  (1, 17, 4, 20, 7, 23, 10, 26, 13, 29, 16, 3, 19, 6, 22, 9, 25, 12, 28, 15, 2, 18, 5,
21, 8, 24, 11, 27, 14)(30, 46, 33, 49, 36, 52, 39, 55, 42, 58, 45, 32, 48, 35, 51, 38, 54, 41, 57, 44, 31, 47, 34, 50, 37, 53, 40, 56, 43),  
], [  (1, 17, 4, 20, 7, 23, 10, 26, 13, 29, 16, 3, 19, 6, 22, 9, 25, 12, 28, 15, 2, 18, 5, 21, 8, 24, 11, 27, 14)(30, 46, 33, 49, 36, 52, 39, 
55, 42, 58, 45, 32, 48, 35, 51, 38, 54, 41, 57, 44, 31, 47, 34, 50, 37, 53, 40, 56, 43),  (1, 14, 27, 11, 24, 8, 21, 5, 18, 2, 15, 28, 12, 25,
9, 22, 6, 19, 3, 16, 29, 13, 26, 10, 23, 7, 20, 4, 17)(30, 43, 56, 40, 53, 37, 50, 34, 47, 31, 44, 57, 41, 54, 38, 51, 35, 48, 32, 45, 58, 42,
55, 39, 52, 36, 49, 33, 46),  ], [  (1, 46, 4, 49, 7, 52, 10, 55, 13, 58, 16, 32, 19, 35, 22, 38, 25, 41, 28, 44, 2, 47, 5, 50, 8, 53, 11, 56,
14, 30, 17, 33, 20, 36, 23, 39, 26, 42, 29, 45, 3, 48, 6, 51, 9, 54, 12, 57, 15, 31, 18, 34, 21, 37, 24, 40, 27, 43),  (1, 46)(2, 45)(3, 
44)(4, 43)(5, 42)(6, 41)(7, 40)(8, 39)(9, 38)(10, 37)(11, 36)(12, 35)(13, 34)(14, 33)(15, 32)(16, 31)(17, 30)(18, 58)(19, 57)(20, 56)(21, 
55)(22, 54)(23, 53)(24, 52)(25, 51)(26, 50)(27, 49)(28, 48)(29, 47),  ], [  (1, 43, 27, 40, 24, 37, 21, 34, 18, 31, 15, 57, 12, 54, 9, 51, 6, 
48, 3, 45, 29, 42, 26, 39, 23, 36, 20, 33, 17, 30, 14, 56, 11, 53, 8, 50, 5, 47, 2, 44, 28, 41, 25, 38, 22, 35, 19, 32, 16, 58, 13, 55, 10, 
52, 7, 49, 4, 46),  (1, 43)(2, 42)(3, 41)(4, 40)(5, 39)(6, 38)(7, 37)(8, 36)(9, 35)(10, 34)(11, 33)(12, 32)(13, 31)(14, 30)(15, 58)(16, 
57)(17, 56)(18, 55)(19, 54)(20, 53)(21, 52)(22, 51)(23, 50)(24, 49)(25, 48)(26, 47)(27, 46)(28, 45)(29, 44),  ], [  (1, 5, 9, 13, 17, 21, 25, 
29, 4, 8, 12, 16, 20, 24, 28, 3, 7, 11, 15, 19, 23, 27, 2, 6, 10, 14, 18, 22, 26)(30, 34, 38, 42, 46, 50, 54, 58, 33, 37, 41, 45, 49, 53, 57, 
32, 36, 40, 44, 48, 52, 56, 31, 35, 39, 43, 47, 51, 55),  (1, 26, 22, 18, 14, 10, 6, 2, 27, 23, 19, 15, 11, 7, 3, 28, 24, 20, 16, 12, 8, 4, 
29, 25, 21, 17, 13, 9, 5)(30, 55, 51, 47, 43, 39, 35, 31, 56, 52, 48, 44, 40, 36, 32, 57, 53, 49, 45, 41, 37, 33, 58, 54, 50, 46, 42, 38, 34),
], [  (1, 26, 22, 18, 14, 10, 6, 2, 27, 23, 19, 15, 11, 7, 3, 28, 24, 20, 16, 12, 8, 4, 29, 25, 21, 17, 13, 9, 5)(30, 55, 51, 47, 43, 39, 35, 
31, 56, 52, 48, 44, 40, 36, 32, 57, 53, 49, 45, 41, 37, 33, 58, 54, 50, 46, 42, 38, 34),  (1, 5, 9, 13, 17, 21, 25, 29, 4, 8, 12, 16, 20, 24, 
28, 3, 7, 11, 15, 19, 23, 27, 2, 6, 10, 14, 18, 22, 26)(30, 34, 38, 42, 46, 50, 54, 58, 33, 37, 41, 45, 49, 53, 57, 32, 36, 40, 44, 48, 52, 
56, 31, 35, 39, 43, 47, 51, 55),  ], [  (1, 45, 2, 46, 3, 47, 4, 48, 5, 49, 6, 50, 7, 51, 8, 52, 9, 53, 10, 54, 11, 55, 12, 56, 13, 57, 14, 
58, 15, 30, 16, 31, 17, 32, 18, 33, 19, 34, 20, 35, 21, 36, 22, 37, 23, 38, 24, 39, 25, 40, 26, 41, 27, 42, 28, 43, 29, 44),  (1, 45)(2, 
44)(3, 43)(4, 42)(5, 41)(6, 40)(7, 39)(8, 38)(9, 37)(10, 36)(11, 35)(12, 34)(13, 33)(14, 32)(15, 31)(16, 30)(17, 58)(18, 57)(19, 56)(20, 
55)(21, 54)(22, 53)(23, 52)(24, 51)(25, 50)(26, 49)(27, 48)(28, 47)(29, 46),  ], [  (1, 15, 29, 14, 28, 13, 27, 12, 26, 11, 25, 10, 24, 9, 23,
8, 22, 7, 21, 6, 20, 5, 19, 4, 18, 3, 17, 2, 16)(30, 44, 58, 43, 57, 42, 56, 41, 55, 40, 54, 39, 53, 38, 52, 37, 51, 36, 50, 35, 49, 34, 48, 
33, 47, 32, 46, 31, 45),  (1, 16, 2, 17, 3, 18, 4, 19, 5, 20, 6, 21, 7, 22, 8, 23, 9, 24, 10, 25, 11, 26, 12, 27, 13, 28, 14, 29, 15)(30, 45, 
31, 46, 32, 47, 33, 48, 34, 49, 35, 50, 36, 51, 37, 52, 38, 53, 39, 54, 40, 55, 41, 56, 42, 57, 43, 58, 44),  ], [  (1, 36, 13, 48, 25, 31, 8,
43, 20, 55, 3, 38, 15, 50, 27, 33, 10, 45, 22, 57, 5, 40, 17, 52, 29, 35, 12, 47, 24, 30, 7, 42, 19, 54, 2, 37, 14, 49, 26, 32, 9, 44, 21, 56,
4, 39, 16, 51, 28, 34, 11, 46, 23, 58, 6, 41, 18, 53),  (1, 36)(2, 35)(3, 34)(4, 33)(5, 32)(6, 31)(7, 30)(8, 58)(9, 57)(10, 56)(11, 55)(12, 
54)(13, 53)(14, 52)(15, 51)(16, 50)(17, 49)(18, 48)(19, 47)(20, 46)(21, 45)(22, 44)(23, 43)(24, 42)(25, 41)(26, 40)(27, 39)(28, 38)(29, 37),  
], [  (1, 54, 20, 44, 10, 34, 29, 53, 19, 43, 9, 33, 28, 52, 18, 42, 8, 32, 27, 51, 17, 41, 7, 31, 26, 50, 16, 40, 6, 30, 25, 49, 15, 39, 5, 
58, 24, 48, 14, 38, 4, 57, 23, 47, 13, 37, 3, 56, 22, 46, 12, 36, 2, 55, 21, 45, 11, 35),  (1, 54)(2, 53)(3, 52)(4, 51)(5, 50)(6, 49)(7, 
48)(8, 47)(9, 46)(10, 45)(11, 44)(12, 43)(13, 42)(14, 41)(15, 40)(16, 39)(17, 38)(18, 37)(19, 36)(20, 35)(21, 34)(22, 33)(23, 32)(24, 31)(25, 
30)(26, 58)(27, 57)(28, 56)(29, 55),  ], [  (1, 24, 18, 12, 6, 29, 23, 17, 11, 5, 28, 22, 16, 10, 4, 27, 21, 15, 9, 3, 26, 20, 14, 8, 2, 25, 
19, 13, 7)(30, 53, 47, 41, 35, 58, 52, 46, 40, 34, 57, 51, 45, 39, 33, 56, 50, 44, 38, 32, 55, 49, 43, 37, 31, 54, 48, 42, 36),  (1, 7, 13, 
19, 25, 2, 8, 14, 20, 26, 3, 9, 15, 21, 27, 4, 10, 16, 22, 28, 5, 11, 17, 23, 29, 6, 12, 18, 24)(30, 36, 42, 48, 54, 31, 37, 43, 49, 55, 32, 
38, 44, 50, 56, 33, 39, 45, 51, 57, 34, 40, 46, 52, 58, 35, 41, 47, 53),  ], [  (1, 6, 11, 16, 21, 26, 2, 7, 12, 17, 22, 27, 3, 8, 13, 18, 23,
28, 4, 9, 14, 19, 24, 29, 5, 10, 15, 20, 25)(30, 35, 40, 45, 50, 55, 31, 36, 41, 46, 51, 56, 32, 37, 42, 47, 52, 57, 33, 38, 43, 48, 53, 58, 
34, 39, 44, 49, 54),  (1, 25, 20, 15, 10, 5, 29, 24, 19, 14, 9, 4, 28, 23, 18, 13, 8, 3, 27, 22, 17, 12, 7, 2, 26, 21, 16, 11, 6)(30, 54, 49, 
44, 39, 34, 58, 53, 48, 43, 38, 33, 57, 52, 47, 42, 37, 32, 56, 51, 46, 41, 36, 31, 55, 50, 45, 40, 35),  ], [  (1, 56, 24, 50, 18, 44, 12, 
38, 6, 32, 29, 55, 23, 49, 17, 43, 11, 37, 5, 31, 28, 54, 22, 48, 16, 42, 10, 36, 4, 30, 27, 53, 21, 47, 15, 41, 9, 35, 3, 58, 26, 52, 20, 46,
