BRACES[63] := rec( total := -1, implemented := 11, size := 63, brace := [] );BRACES[63].brace[1] := rec ( size := 63, perms := [ [  (),  (),  
], [  (1, 22, 43, 2, 23, 44, 3, 24, 45)(4, 25, 46, 5, 26, 47, 6, 27, 48)(7, 28, 49, 8, 29, 50, 9, 30, 51)(10, 31, 52, 11, 32, 53, 12, 33, 
54)(13, 34, 55, 14, 35, 56, 15, 36, 57)(16, 37, 58, 17, 38, 59, 18, 39, 60)(19, 40, 61, 20, 41, 62, 21, 42, 63),  (1, 45, 24, 3, 44, 23, 2, 
43, 22)(4, 48, 27, 6, 47, 26, 5, 46, 25)(7, 51, 30, 9, 50, 29, 8, 49, 28)(10, 54, 33, 12, 53, 32, 11, 52, 31)(13, 57, 36, 15, 56, 35, 14, 55, 
34)(16, 60, 39, 18, 59, 38, 17, 58, 37)(19, 63, 42, 21, 62, 41, 20, 61, 40),  ], [  (1, 2, 3)(4, 5, 6)(7, 8, 9)(10, 11, 12)(13, 14, 15)(16, 
17, 18)(19, 20, 21)(22, 23, 24)(25, 26, 27)(28, 29, 30)(31, 32, 33)(34, 35, 36)(37, 38, 39)(40, 41, 42)(43, 44, 45)(46, 47, 48)(49, 50, 
51)(52, 53, 54)(55, 56, 57)(58, 59, 60)(61, 62, 63),  (1, 3, 2)(4, 6, 5)(7, 9, 8)(10, 12, 11)(13, 15, 14)(16, 18, 17)(19, 21, 20)(22, 24, 
23)(25, 27, 26)(28, 30, 29)(31, 33, 32)(34, 36, 35)(37, 39, 38)(40, 42, 41)(43, 45, 44)(46, 48, 47)(49, 51, 50)(52, 54, 53)(55, 57, 56)(58, 
60, 59)(61, 63, 62),  ], [  (1, 10, 19, 7, 16, 4, 13)(2, 11, 20, 8, 17, 5, 14)(3, 12, 21, 9, 18, 6, 15)(22, 31, 40, 28, 37, 25, 34)(23, 32, 
41, 29, 38, 26, 35)(24, 33, 42, 30, 39, 27, 36)(43, 52, 61, 49, 58, 46, 55)(44, 53, 62, 50, 59, 47, 56)(45, 54, 63, 51, 60, 48, 57),  (1, 13, 
4, 16, 7, 19, 10)(2, 14, 5, 17, 8, 20, 11)(3, 15, 6, 18, 9, 21, 12)(22, 34, 25, 37, 28, 40, 31)(23, 35, 26, 38, 29, 41, 32)(24, 36, 27, 39, 
30, 42, 33)(43, 55, 46, 58, 49, 61, 52)(44, 56, 47, 59, 50, 62, 53)(45, 57, 48, 60, 51, 63, 54),  ], [  (1, 45, 24, 3, 44, 23, 2, 43, 22)(4, 
48, 27, 6, 47, 26, 5, 46, 25)(7, 51, 30, 9, 50, 29, 8, 49, 28)(10, 54, 33, 12, 53, 32, 11, 52, 31)(13, 57, 36, 15, 56, 35, 14, 55, 34)(16, 60,
39, 18, 59, 38, 17, 58, 37)(19, 63, 42, 21, 62, 41, 20, 61, 40),  (1, 22, 43, 2, 23, 44, 3, 24, 45)(4, 25, 46, 5, 26, 47, 6, 27, 48)(7, 28, 
49, 8, 29, 50, 9, 30, 51)(10, 31, 52, 11, 32, 53, 12, 33, 54)(13, 34, 55, 14, 35, 56, 15, 36, 57)(16, 37, 58, 17, 38, 59, 18, 39, 60)(19, 40, 
61, 20, 41, 62, 21, 42, 63),  ], [  (1, 3, 2)(4, 6, 5)(7, 9, 8)(10, 12, 11)(13, 15, 14)(16, 18, 17)(19, 21, 20)(22, 24, 23)(25, 27, 26)(28, 
30, 29)(31, 33, 32)(34, 36, 35)(37, 39, 38)(40, 42, 41)(43, 45, 44)(46, 48, 47)(49, 51, 50)(52, 54, 53)(55, 57, 56)(58, 60, 59)(61, 63, 62),  
(1, 2, 3)(4, 5, 6)(7, 8, 9)(10, 11, 12)(13, 14, 15)(16, 17, 18)(19, 20, 21)(22, 23, 24)(25, 26, 27)(28, 29, 30)(31, 32, 33)(34, 35, 36)(37, 
38, 39)(40, 41, 42)(43, 44, 45)(46, 47, 48)(49, 50, 51)(52, 53, 54)(55, 56, 57)(58, 59, 60)(61, 62, 63),  ], [  (1, 13, 4, 16, 7, 19, 10)(2, 
14, 5, 17, 8, 20, 11)(3, 15, 6, 18, 9, 21, 12)(22, 34, 25, 37, 28, 40, 31)(23, 35, 26, 38, 29, 41, 32)(24, 36, 27, 39, 30, 42, 33)(43, 55, 46,
58, 49, 61, 52)(44, 56, 47, 59, 50, 62, 53)(45, 57, 48, 60, 51, 63, 54),  (1, 10, 19, 7, 16, 4, 13)(2, 11, 20, 8, 17, 5, 14)(3, 12, 21, 9, 18,
6, 15)(22, 31, 40, 28, 37, 25, 34)(23, 32, 41, 29, 38, 26, 35)(24, 33, 42, 30, 39, 27, 36)(43, 52, 61, 49, 58, 46, 55)(44, 53, 62, 50, 59, 47,
56)(45, 54, 63, 51, 60, 48, 57),  ], [  (1, 43, 23, 3, 45, 22, 2, 44, 24)(4, 46, 26, 6, 48, 25, 5, 47, 27)(7, 49, 29, 9, 51, 28, 8, 50, 
30)(10, 52, 32, 12, 54, 31, 11, 53, 33)(13, 55, 35, 15, 57, 34, 14, 56, 36)(16, 58, 38, 18, 60, 37, 17, 59, 39)(19, 61, 41, 21, 63, 40, 20, 
62, 42),  (1, 24, 44, 2, 22, 45, 3, 23, 43)(4, 27, 47, 5, 25, 48, 6, 26, 46)(7, 30, 50, 8, 28, 51, 9, 29, 49)(10, 33, 53, 11, 31, 54, 12, 32, 
52)(13, 36, 56, 14, 34, 57, 15, 35, 55)(16, 39, 59, 17, 37, 60, 18, 38, 58)(19, 42, 62, 20, 40, 63, 21, 41, 61),  ], [  (1, 23, 45, 2, 24, 43,
3, 22, 44)(4, 26, 48, 5, 27, 46, 6, 25, 47)(7, 29, 51, 8, 30, 49, 9, 28, 50)(10, 32, 54, 11, 33, 52, 12, 31, 53)(13, 35, 57, 14, 36, 55, 15, 
34, 56)(16, 38, 60, 17, 39, 58, 18, 37, 59)(19, 41, 63, 20, 42, 61, 21, 40, 62),  (1, 44, 22, 3, 43, 24, 2, 45, 23)(4, 47, 25, 6, 46, 27, 5, 
48, 26)(7, 50, 28, 9, 49, 30, 8, 51, 29)(10, 53, 31, 12, 52, 33, 11, 54, 32)(13, 56, 34, 15, 55, 36, 14, 57, 35)(16, 59, 37, 18, 58, 39, 17, 
60, 38)(19, 62, 40, 21, 61, 42, 20, 63, 41),  ], [  (1, 31, 61, 8, 38, 47, 15, 24, 54, 19, 28, 58, 5, 35, 44, 12, 42, 51, 16, 25, 55, 2, 32, 
62, 9, 39, 48, 13, 22, 52, 20, 29, 59, 6, 36, 45, 10, 40, 49, 17, 26, 56, 3, 33, 63, 7, 37, 46, 14, 23, 53, 21, 30, 60, 4, 34, 43, 11, 41, 50,
18, 27, 57),  (1, 57, 27, 18, 50, 41, 11, 43, 34, 4, 60, 30, 21, 53, 23, 14, 46, 37, 7, 63, 33, 3, 56, 26, 17, 49, 40, 10, 45, 36, 6, 59, 29, 
20, 52, 22, 13, 48, 39, 9, 62, 32, 2, 55, 25, 16, 51, 42, 12, 44, 35, 5, 58, 28, 19, 54, 24, 15, 47, 38, 8, 61, 31),  ], [  (1, 24, 44, 2, 22,
45, 3, 23, 43)(4, 27, 47, 5, 25, 48, 6, 26, 46)(7, 30, 50, 8, 28, 51, 9, 29, 49)(10, 33, 53, 11, 31, 54, 12, 32, 52)(13, 36, 56, 14, 34, 57, 
15, 35, 55)(16, 39, 59, 17, 37, 60, 18, 38, 58)(19, 42, 62, 20, 40, 63, 21, 41, 61),  (1, 43, 23, 3, 45, 22, 2, 44, 24)(4, 46, 26, 6, 48, 25, 
5, 47, 27)(7, 49, 29, 9, 51, 28, 8, 50, 30)(10, 52, 32, 12, 54, 31, 11, 53, 33)(13, 55, 35, 15, 57, 34, 14, 56, 36)(16, 58, 38, 18, 60, 37, 
17, 59, 39)(19, 61, 41, 21, 63, 40, 20, 62, 42),  ], [  (1, 34, 46, 17, 29, 62, 12, 24, 57, 4, 37, 49, 20, 32, 44, 15, 27, 60, 7, 40, 52, 2, 
35, 47, 18, 30, 63, 10, 22, 55, 5, 38, 50, 21, 33, 45, 13, 25, 58, 8, 41, 53, 3, 36, 48, 16, 28, 61, 11, 23, 56, 6, 39, 51, 19, 31, 43, 14, 
26, 59, 9, 42, 54),  (1, 54, 42, 9, 59, 26, 14, 43, 31, 19, 51, 39, 6, 56, 23, 11, 61, 28, 16, 48, 36, 3, 53, 41, 8, 58, 25, 13, 45, 33, 21, 
50, 38, 5, 55, 22, 10, 63, 30, 18, 47, 35, 2, 52, 40, 7, 60, 27, 15, 44, 32, 20, 49, 37, 4, 57, 24, 12, 62, 29, 17, 46, 34),  ], [  (1, 11, 
21, 7, 17, 6, 13, 2, 12, 19, 8, 18, 4, 14, 3, 10, 20, 9, 16, 5, 15)(22, 32, 42, 28, 38, 27, 34, 23, 33, 40, 29, 39, 25, 35, 24, 31, 41, 30, 
37, 26, 36)(43, 53, 63, 49, 59, 48, 55, 44, 54, 61, 50, 60, 46, 56, 45, 52, 62, 51, 58, 47, 57),  (1, 15, 5, 16, 9, 20, 10, 3, 14, 4, 18, 8, 
19, 12, 2, 13, 6, 17, 7, 21, 11)(22, 36, 26, 37, 30, 41, 31, 24, 35, 25, 39, 29, 40, 33, 23, 34, 27, 38, 28, 42, 32)(43, 57, 47, 58, 51, 62, 
52, 45, 56, 46, 60, 50, 61, 54, 44, 55, 48, 59, 49, 63, 53),  ], [  (1, 14, 6, 16, 8, 21, 10, 2, 15, 4, 17, 9, 19, 11, 3, 13, 5, 18, 7, 20, 
12)(22, 35, 27, 37, 29, 42, 31, 23, 36, 25, 38, 30, 40, 32, 24, 34, 26, 39, 28, 41, 33)(43, 56, 48, 58, 50, 63, 52, 44, 57, 46, 59, 51, 61, 
53, 45, 55, 47, 60, 49, 62, 54),  (1, 12, 20, 7, 18, 5, 13, 3, 11, 19, 9, 17, 4, 15, 2, 10, 21, 8, 16, 6, 14)(22, 33, 41, 28, 39, 26, 34, 24, 
32, 40, 30, 38, 25, 36, 23, 31, 42, 29, 37, 27, 35)(43, 54, 62, 49, 60, 47, 55, 45, 53, 61, 51, 59, 46, 57, 44, 52, 63, 50, 58, 48, 56),  ], [
(1, 19, 16, 13, 10, 7, 4)(2, 20, 17, 14, 11, 8, 5)(3, 21, 18, 15, 12, 9, 6)(22, 40, 37, 34, 31, 28, 25)(23, 41, 38, 35, 32, 29, 26)(24, 42, 
39, 36, 33, 30, 27)(43, 61, 58, 55, 52, 49, 46)(44, 62, 59, 56, 53, 50, 47)(45, 63, 60, 57, 54, 51, 48),  (1, 4, 7, 10, 13, 16, 19)(2, 5, 8, 
11, 14, 17, 20)(3, 6, 9, 12, 15, 18, 21)(22, 25, 28, 31, 34, 37, 40)(23, 26, 29, 32, 35, 38, 41)(24, 27, 30, 33, 36, 39, 42)(43, 46, 49, 52, 
55, 58, 61)(44, 47, 50, 53, 56, 59, 62)(45, 48, 51, 54, 57, 60, 63),  ], [  (1, 54, 42, 9, 59, 26, 14, 43, 31, 19, 51, 39, 6, 56, 23, 11, 61, 
28, 16, 48, 36, 3, 53, 41, 8, 58, 25, 13, 45, 33, 21, 50, 38, 5, 55, 22, 10, 63, 30, 18, 47, 35, 2, 52, 40, 7, 60, 27, 15, 44, 32, 20, 49, 37,
4, 57, 24, 12, 62, 29, 17, 46, 34),  (1, 34, 46, 17, 29, 62, 12, 24, 57, 4, 37, 49, 20, 32, 44, 15, 27, 60, 7, 40, 52, 2, 35, 47, 18, 30, 63, 
10, 22, 55, 5, 38, 50, 21, 33, 45, 13, 25, 58, 8, 41, 53, 3, 36, 48, 16, 28, 61, 11, 23, 56, 6, 39, 51, 19, 31, 43, 14, 26, 59, 9, 42, 54),  
], [  (1, 12, 20, 7, 18, 5, 13, 3, 11, 19, 9, 17, 4, 15, 2, 10, 21, 8, 16, 6, 14)(22, 33, 41, 28, 39, 26, 34, 24, 32, 40, 30, 38, 25, 36, 23, 
31, 42, 29, 37, 27, 35)(43, 54, 62, 49, 60, 47, 55, 45, 53, 61, 51, 59, 46, 57, 44, 52, 63, 50, 58, 48, 56),  (1, 14, 6, 16, 8, 21, 10, 2, 15,
4, 17, 9, 19, 11, 3, 13, 5, 18, 7, 20, 12)(22, 35, 27, 37, 29, 42, 31, 23, 36, 25, 38, 30, 40, 32, 24, 34, 26, 39, 28, 41, 33)(43, 56, 48, 58,
50, 63, 52, 44, 57, 46, 59, 51, 61, 53, 45, 55, 47, 60, 49, 62, 54),  ], [  (1, 44, 22, 3, 43, 24, 2, 45, 23)(4, 47, 25, 6, 46, 27, 5, 48, 
26)(7, 50, 28, 9, 49, 30, 8, 51, 29)(10, 53, 31, 12, 52, 33, 11, 54, 32)(13, 56, 34, 15, 55, 36, 14, 57, 35)(16, 59, 37, 18, 58, 39, 17, 60, 
38)(19, 62, 40, 21, 61, 42, 20, 63, 41),  (1, 23, 45, 2, 24, 43, 3, 22, 44)(4, 26, 48, 5, 27, 46, 6, 25, 47)(7, 29, 51, 8, 30, 49, 9, 28, 
50)(10, 32, 54, 11, 33, 52, 12, 31, 53)(13, 35, 57, 14, 36, 55, 15, 34, 56)(16, 38, 60, 17, 39, 58, 18, 37, 59)(19, 41, 63, 20, 42, 61, 21, 
40, 62),  ], [  (1, 57, 27, 18, 50, 41, 11, 43, 34, 4, 60, 30, 21, 53, 23, 14, 46, 37, 7, 63, 33, 3, 56, 26, 17, 49, 40, 10, 45, 36, 6, 59, 
29, 20, 52, 22, 13, 48, 39, 9, 62, 32, 2, 55, 25, 16, 51, 42, 12, 44, 35, 5, 58, 28, 19, 54, 24, 15, 47, 38, 8, 61, 31),  (1, 31, 61, 8, 38, 
47, 15, 24, 54, 19, 28, 58, 5, 35, 44, 12, 42, 51, 16, 25, 55, 2, 32, 62, 9, 39, 48, 13, 22, 52, 20, 29, 59, 6, 36, 45, 10, 40, 49, 17, 26, 
56, 3, 33, 63, 7, 37, 46, 14, 23, 53, 21, 30, 60, 4, 34, 43, 11, 41, 50, 18, 27, 57),  ], [  (1, 15, 5, 16, 9, 20, 10, 3, 14, 4, 18, 8, 19, 
12, 2, 13, 6, 17, 7, 21, 11)(22, 36, 26, 37, 30, 41, 31, 24, 35, 25, 39, 29, 40, 33, 23, 34, 27, 38, 28, 42, 32)(43, 57, 47, 58, 51, 62, 52, 
45, 56, 46, 60, 50, 61, 54, 44, 55, 48, 59, 49, 63, 53),  (1, 11, 21, 7, 17, 6, 13, 2, 12, 19, 8, 18, 4, 14, 3, 10, 20, 9, 16, 5, 15)(22, 32, 
42, 28, 38, 27, 34, 23, 33, 40, 29, 39, 25, 35, 24, 31, 41, 30, 37, 26, 36)(43, 53, 63, 49, 59, 48, 55, 44, 54, 61, 50, 60, 46, 56, 45, 52, 
62, 51, 58, 47, 57),  ], [  (1, 4, 7, 10, 13, 16, 19)(2, 5, 8, 11, 14, 17, 20)(3, 6, 9, 12, 15, 18, 21)(22, 25, 28, 31, 34, 37, 40)(23, 26, 
29, 32, 35, 38, 41)(24, 27, 30, 33, 36, 39, 42)(43, 46, 49, 52, 55, 58, 61)(44, 47, 50, 53, 56, 59, 62)(45, 48, 51, 54, 57, 60, 63),  (1, 19, 
16, 13, 10, 7, 4)(2, 20, 17, 14, 11, 8, 5)(3, 21, 18, 15, 12, 9, 6)(22, 40, 37, 34, 31, 28, 25)(23, 41, 38, 35, 32, 29, 26)(24, 42, 39, 36, 
33, 30, 27)(43, 61, 58, 55, 52, 49, 46)(44, 62, 59, 56, 53, 50, 47)(45, 63, 60, 57, 54, 51, 48),  ], [  (1, 52, 41, 9, 60, 25, 14, 44, 33, 19,
49, 38, 6, 57, 22, 11, 62, 30, 16, 46, 35, 3, 54, 40, 8, 59, 27, 13, 43, 32, 21, 51, 37, 5, 56, 24, 10, 61, 29, 18, 48, 34, 2, 53, 42, 7, 58, 
26, 15, 45, 31, 20, 50, 39, 4, 55, 23, 12, 63, 28, 17, 47, 36),  (1, 36, 47, 17, 28, 63, 12, 23, 55, 4, 39, 50, 20, 31, 45, 15, 26, 58, 7, 42,
53, 2, 34, 48, 18, 29, 61, 10, 24, 56, 5, 37, 51, 21, 32, 43, 13, 27, 59, 8, 40, 54, 3, 35, 46, 16, 30, 62, 11, 22, 57, 6, 38, 49, 19, 33, 44,
14, 25, 60, 9, 41, 52),  ], [  (1, 55, 26, 18, 51, 40, 11, 44, 36, 4, 58, 29, 21, 54, 22, 14, 47, 39, 7, 61, 32, 3, 57, 25, 17, 50, 42, 10, 
43, 35, 6, 60, 28, 20, 53, 24, 13, 46, 38, 9, 63, 31, 2, 56, 27, 16, 49, 41, 12, 45, 34, 5, 59, 30, 19, 52, 23, 15, 48, 37, 8, 62, 33),  (1, 
33, 62, 8, 37, 48, 15, 23, 52, 19, 30, 59, 5, 34, 45, 12, 41, 49, 16, 27, 56, 2, 31, 63, 9, 38, 46, 13, 24, 53, 20, 28, 60, 6, 35, 43, 10, 42,
50, 17, 25, 57, 3, 32, 61, 7, 39, 47, 14, 22, 54, 21, 29, 58, 4, 36, 44, 11, 40, 51, 18, 26, 55),  ], [  (1, 32, 63, 8, 39, 46, 15, 22, 53, 
19, 29, 60, 5, 36, 43, 12, 40, 50, 16, 26, 57, 2, 33, 61, 9, 37, 47, 13, 23, 54, 20, 30, 58, 6, 34, 44, 10, 41, 51, 17, 27, 55, 3, 31, 62, 7, 
38, 48, 14, 24, 52, 21, 28, 59, 4, 35, 45, 11, 42, 49, 18, 25, 56),  (1, 56, 25, 18, 49, 42, 11, 45, 35, 4, 59, 28, 21, 52, 24, 14, 48, 38, 7,
62, 31, 3, 55, 27, 17, 51, 41, 10, 44, 34, 6, 58, 30, 20, 54, 23, 13, 47, 37, 9, 61, 33, 2, 57, 26, 16, 50, 40, 12, 43, 36, 5, 60, 29, 19, 53,
22, 15, 46, 39, 8, 63, 32),  ], [  (1, 35, 48, 17, 30, 61, 12, 22, 56, 4, 38, 51, 20, 33, 43, 15, 25, 59, 7, 41, 54, 2, 36, 46, 18, 28, 62, 
10, 23, 57, 5, 39, 49, 21, 31, 44, 13, 26, 60, 8, 42, 52, 3, 34, 47, 16, 29, 63, 11, 24, 55, 6, 37, 50, 19, 32, 45, 14, 27, 58, 9, 40, 53),  
(1, 53, 40, 9, 58, 27, 14, 45, 32, 19, 50, 37, 6, 55, 24, 11, 63, 29, 16, 47, 34, 3, 52, 42, 8, 60, 26, 13, 44, 31, 21, 49, 39, 5, 57, 23, 10,
62, 28, 18, 46, 36, 2, 54, 41, 7, 59, 25, 15, 43, 33, 20, 51, 38, 4, 56, 22, 12, 61, 30, 17, 48, 35),  ], [  (1, 40, 58, 14, 32, 50, 6, 24, 
63, 16, 34, 52, 8, 26, 44, 21, 39, 57, 10, 28, 46, 2, 41, 59, 15, 33, 51, 4, 22, 61, 17, 35, 53, 9, 27, 45, 19, 37, 55, 11, 29, 47, 3, 42, 60,
13, 31, 49, 5, 23, 62, 18, 36, 54, 7, 25, 43, 20, 38, 56, 12, 30, 48),  (1, 48, 30, 12, 56, 38, 20, 43, 25, 7, 54, 36, 18, 62, 23, 5, 49, 31, 
13, 60, 42, 3, 47, 29, 11, 55, 37, 19, 45, 27, 9, 53, 35, 17, 61, 22, 4, 51, 33, 15, 59, 41, 2, 46, 28, 10, 57, 39, 21, 44, 26, 8, 52, 34, 16,
63, 24, 6, 50, 32, 14, 58, 40),  ], [  (1, 33, 62, 8, 37, 48, 15, 23, 52, 19, 30, 59, 5, 34, 45, 12, 41, 49, 16, 27, 56, 2, 31, 63, 9, 38, 46,
13, 24, 53, 20, 28, 60, 6, 35, 43, 10, 42, 50, 17, 25, 57, 3, 32, 61, 7, 39, 47, 14, 22, 54, 21, 29, 58, 4, 36, 44, 11, 40, 51, 18, 26, 55),  
(1, 55, 26, 18, 51, 40, 11, 44, 36, 4, 58, 29, 21, 54, 22, 14, 47, 39, 7, 61, 32, 3, 57, 25, 17, 50, 42, 10, 43, 35, 6, 60, 28, 20, 53, 24, 
13, 46, 38, 9, 63, 31, 2, 56, 27, 16, 49, 41, 12, 45, 34, 5, 59, 30, 19, 52, 23, 15, 48, 37, 8, 62, 33),  ], [  (1, 36, 47, 17, 28, 63, 12, 
23, 55, 4, 39, 50, 20, 31, 45, 15, 26, 58, 7, 42, 53, 2, 34, 48, 18, 29, 61, 10, 24, 56, 5, 37, 51, 21, 32, 43, 13, 27, 59, 8, 40, 54, 3, 35, 
46, 16, 30, 62, 11, 22, 57, 6, 38, 49, 19, 33, 44, 14, 25, 60, 9, 41, 52),  (1, 52, 41, 9, 60, 25, 14, 44, 33, 19, 49, 38, 6, 57, 22, 11, 62, 
30, 16, 46, 35, 3, 54, 40, 8, 59, 27, 13, 43, 32, 21, 51, 37, 5, 56, 24, 10, 61, 29, 18, 48, 34, 2, 53, 42, 7, 58, 26, 15, 45, 31, 20, 50, 39,
4, 55, 23, 12, 63, 28, 17, 47, 36),  ], [  (1, 25, 49, 11, 35, 59, 21, 24, 48, 7, 31, 55, 17, 41, 44, 6, 30, 54, 13, 37, 61, 2, 26, 50, 12, 
36, 60, 19, 22, 46, 8, 32, 56, 18, 42, 45, 4, 28, 52, 14, 38, 62, 3, 27, 51, 10, 34, 58, 20, 23, 47, 9, 33, 57, 16, 40, 43, 5, 29, 53, 15, 39,
63),  (1, 63, 39, 15, 53, 29, 5, 43, 40, 16, 57, 33, 9, 47, 23, 20, 58, 34, 10, 51, 27, 3, 62, 38, 14, 52, 28, 4, 45, 42, 18, 56, 32, 8, 46, 
22, 19, 60, 36, 12, 50, 26, 2, 61, 37, 13, 54, 30, 6, 44, 41, 17, 55, 31, 7, 48, 24, 21, 59, 35, 11, 49, 25),  ], [  (1, 20, 18, 13, 11, 9, 4,
2, 21, 16, 14, 12, 7, 5, 3, 19, 17, 15, 10, 8, 6)(22, 41, 39, 34, 32, 30, 25, 23, 42, 37, 35, 33, 28, 26, 24, 40, 38, 36, 31, 29, 27)(43, 62, 
60, 55, 53, 51, 46, 44, 63, 58, 56, 54, 49, 47, 45, 61, 59, 57, 52, 50, 48),  (1, 6, 8, 10, 15, 17, 19, 3, 5, 7, 12, 14, 16, 21, 2, 4, 9, 11, 
13, 18, 20)(22, 27, 29, 31, 36, 38, 40, 24, 26, 28, 33, 35, 37, 42, 23, 25, 30, 32, 34, 39, 41)(43, 48, 50, 52, 57, 59, 61, 45, 47, 49, 54, 
56, 58, 63, 44, 46, 51, 53, 55, 60, 62),  ], [  (1, 5, 9, 10, 14, 18, 19, 2, 6, 7, 11, 15, 16, 20, 3, 4, 8, 12, 13, 17, 21)(22, 26, 30, 31, 
35, 39, 40, 23, 27, 28, 32, 36, 37, 41, 24, 25, 29, 33, 34, 38, 42)(43, 47, 51, 52, 56, 60, 61, 44, 48, 49, 53, 57, 58, 62, 45, 46, 50, 54, 
55, 59, 63),  (1, 21, 17, 13, 12, 8, 4, 3, 20, 16, 15, 11, 7, 6, 2, 19, 18, 14, 10, 9, 5)(22, 42, 38, 34, 33, 29, 25, 24, 41, 37, 36, 32, 28, 
27, 23, 40, 39, 35, 31, 30, 26)(43, 63, 59, 55, 54, 50, 46, 45, 62, 58, 57, 53, 49, 48, 44, 61, 60, 56, 52, 51, 47),  ], [  (1, 7, 13, 19, 4, 
10, 16)(2, 8, 14, 20, 5, 11, 17)(3, 9, 15, 21, 6, 12, 18)(22, 28, 34, 40, 25, 31, 37)(23, 29, 35, 41, 26, 32, 38)(24, 30, 36, 42, 27, 33, 
39)(43, 49, 55, 61, 46, 52, 58)(44, 50, 56, 62, 47, 53, 59)(45, 51, 57, 63, 48, 54, 60),  (1, 16, 10, 4, 19, 13, 7)(2, 17, 11, 5, 20, 14, 
8)(3, 18, 12, 6, 21, 15, 9)(22, 37, 31, 25, 40, 34, 28)(23, 38, 32, 26, 41, 35, 29)(24, 39, 33, 27, 42, 36, 30)(43, 58, 52, 46, 61, 55, 
49)(44, 59, 53, 47, 62, 56, 50)(45, 60, 54, 48, 63, 57, 51),  ], [  (1, 63, 39, 15, 53, 29, 5, 43, 40, 16, 57, 33, 9, 47, 23, 20, 58, 34, 10, 
51, 27, 3, 62, 38, 14, 52, 28, 4, 45, 42, 18, 56, 32, 8, 46, 22, 19, 60, 36, 12, 50, 26, 2, 61, 37, 13, 54, 30, 6, 44, 41, 17, 55, 31, 7, 48, 
24, 21, 59, 35, 11, 49, 25),  (1, 25, 49, 11, 35, 59, 21, 24, 48, 7, 31, 55, 17, 41, 44, 6, 30, 54, 13, 37, 61, 2, 26, 50, 12, 36, 60, 19, 22,
46, 8, 32, 56, 18, 42, 45, 4, 28, 52, 14, 38, 62, 3, 27, 51, 10, 34, 58, 20, 23, 47, 9, 33, 57, 16, 40, 43, 5, 29, 53, 15, 39, 63),  ], [  (1,
21, 17, 13, 12, 8, 4, 3, 20, 16, 15, 11, 7, 6, 2, 19, 18, 14, 10, 9, 5)(22, 42, 38, 34, 33, 29, 25, 24, 41, 37, 36, 32, 28, 27, 23, 40, 39, 
35, 31, 30, 26)(43, 63, 59, 55, 54, 50, 46, 45, 62, 58, 57, 53, 49, 48, 44, 61, 60, 56, 52, 51, 47),  (1, 5, 9, 10, 14, 18, 19, 2, 6, 7, 11, 
15, 16, 20, 3, 4, 8, 12, 13, 17, 21)(22, 26, 30, 31, 35, 39, 40, 23, 27, 28, 32, 36, 37, 41, 24, 25, 29, 33, 34, 38, 42)(43, 47, 51, 52, 56, 
60, 61, 44, 48, 49, 53, 57, 58, 62, 45, 46, 50, 54, 55, 59, 63),  ], [  (1, 53, 40, 9, 58, 27, 14, 45, 32, 19, 50, 37, 6, 55, 24, 11, 63, 29, 
16, 47, 34, 3, 52, 42, 8, 60, 26, 13, 44, 31, 21, 49, 39, 5, 57, 23, 10, 62, 28, 18, 46, 36, 2, 54, 41, 7, 59, 25, 15, 43, 33, 20, 51, 38, 4, 
56, 22, 12, 61, 30, 17, 48, 35),  (1, 35, 48, 17, 30, 61, 12, 22, 56, 4, 38, 51, 20, 33, 43, 15, 25, 59, 7, 41, 54, 2, 36, 46, 18, 28, 62, 10,
23, 57, 5, 39, 49, 21, 31, 44, 13, 26, 60, 8, 42, 52, 3, 34, 47, 16, 29, 63, 11, 24, 55, 6, 37, 50, 19, 32, 45, 14, 27, 58, 9, 40, 53),  ], [ 
(1, 56, 25, 18, 49, 42, 11, 45, 35, 4, 59, 28, 21, 52, 24, 14, 48, 38, 7, 62, 31, 3, 55, 27, 17, 51, 41, 10, 44, 34, 6, 58, 30, 20, 54, 23, 
13, 47, 37, 9, 61, 33, 2, 57, 26, 16, 50, 40, 12, 43, 36, 5, 60, 29, 19, 53, 22, 15, 46, 39, 8, 63, 32),  (1, 32, 63, 8, 39, 46, 15, 22, 53, 
19, 29, 60, 5, 36, 43, 12, 40, 50, 16, 26, 57, 2, 33, 61, 9, 37, 47, 13, 23, 54, 20, 30, 58, 6, 34, 44, 10, 41, 51, 17, 27, 55, 3, 31, 62, 7, 
38, 48, 14, 24, 52, 21, 28, 59, 4, 35, 45, 11, 42, 49, 18, 25, 56),  ], [  (1, 48, 30, 12, 56, 38, 20, 43, 25, 7, 54, 36, 18, 62, 23, 5, 49, 
31, 13, 60, 42, 3, 47, 29, 11, 55, 37, 19, 45, 27, 9, 53, 35, 17, 61, 22, 4, 51, 33, 15, 59, 41, 2, 46, 28, 10, 57, 39, 21, 44, 26, 8, 52, 34,
16, 63, 24, 6, 50, 32, 14, 58, 40),  (1, 40, 58, 14, 32, 50, 6, 24, 63, 16, 34, 52, 8, 26, 44, 21, 39, 57, 10, 28, 46, 2, 41, 59, 15, 33, 51, 
4, 22, 61, 17, 35, 53, 9, 27, 45, 19, 37, 55, 11, 29, 47, 3, 42, 60, 13, 31, 49, 5, 23, 62, 18, 36, 54, 7, 25, 43, 20, 38, 56, 12, 30, 48),  
], [  (1, 6, 8, 10, 15, 17, 19, 3, 5, 7, 12, 14, 16, 21, 2, 4, 9, 11, 13, 18, 20)(22, 27, 29, 31, 36, 38, 40, 24, 26, 28, 33, 35, 37, 42, 23, 
25, 30, 32, 34, 39, 41)(43, 48, 50, 52, 57, 59, 61, 45, 47, 49, 54, 56, 58, 63, 44, 46, 51, 53, 55, 60, 62),  (1, 20, 18, 13, 11, 9, 4, 2, 21,
16, 14, 12, 7, 5, 3, 19, 17, 15, 10, 8, 6)(22, 41, 39, 34, 32, 30, 25, 23, 42, 37, 35, 33, 28, 26, 24, 40, 38, 36, 31, 29, 27)(43, 62, 60, 55,
53, 51, 46, 44, 63, 58, 56, 54, 49, 47, 45, 61, 59, 57, 52, 50, 48),  ], [  (1, 16, 10, 4, 19, 13, 7)(2, 17, 11, 5, 20, 14, 8)(3, 18, 12, 6, 
21, 15, 9)(22, 37, 31, 25, 40, 34, 28)(23, 38, 32, 26, 41, 35, 29)(24, 39, 33, 27, 42, 36, 30)(43, 58, 52, 46, 61, 55, 49)(44, 59, 53, 47, 62,
56, 50)(45, 60, 54, 48, 63, 57, 51),  (1, 7, 13, 19, 4, 10, 16)(2, 8, 14, 20, 5, 11, 17)(3, 9, 15, 21, 6, 12, 18)(22, 28, 34, 40, 25, 31, 
37)(23, 29, 35, 41, 26, 32, 38)(24, 30, 36, 42, 27, 33, 39)(43, 49, 55, 61, 46, 52, 58)(44, 50, 56, 62, 47, 53, 59)(45, 51, 57, 63, 48, 54, 
60),  ], [  (1, 61, 38, 15, 54, 28, 5, 44, 42, 16, 55, 32, 9, 48, 22, 20, 59, 36, 10, 49, 26, 3, 63, 37, 14, 53, 30, 4, 43, 41, 18, 57, 31, 8,
47, 24, 19, 58, 35, 12, 51, 25, 2, 62, 39, 13, 52, 29, 6, 45, 40, 17, 56, 33, 7, 46, 23, 21, 60, 34, 11, 50, 27),  (1, 27, 50, 11, 34, 60, 21,
23, 46, 7, 33, 56, 17, 40, 45, 6, 29, 52, 13, 39, 62, 2, 25, 51, 12, 35, 58, 19, 24, 47, 8, 31, 57, 18, 41, 43, 4, 30, 53, 14, 37, 63, 3, 26, 
49, 10, 36, 59, 20, 22, 48, 9, 32, 55, 16, 42, 44, 5, 28, 54, 15, 38, 61),  ], [  (1, 46, 29, 12, 57, 37, 20, 44, 27, 7, 52, 35, 18, 63, 22, 
5, 50, 33, 13, 58, 41, 3, 48, 28, 11, 56, 39, 19, 43, 26, 9, 54, 34, 17, 62, 24, 4, 49, 32, 15, 60, 40, 2, 47, 30, 10, 55, 38, 21, 45, 25, 8, 
53, 36, 16, 61, 23, 6, 51, 31, 14, 59, 42),  (1, 42, 59, 14, 31, 51, 6, 23, 61, 16, 36, 53, 8, 25, 45, 21, 38, 55, 10, 30, 47, 2, 40, 60, 15, 
32, 49, 4, 24, 62, 17, 34, 54, 9, 26, 43, 19, 39, 56, 11, 28, 48, 3, 41, 58, 13, 33, 50, 5, 22, 63, 18, 35, 52, 7, 27, 44, 20, 37, 57, 12, 29,
46),  ], [  (1, 41, 60, 14, 33, 49, 6, 22, 62, 16, 35, 54, 8, 27, 43, 21, 37, 56, 10, 29, 48, 2, 42, 58, 15, 31, 50, 4, 23, 63, 17, 36, 52, 9,
25, 44, 19, 38, 57, 11, 30, 46, 3, 40, 59, 13, 32, 51, 5, 24, 61, 18, 34, 53, 7, 26, 45, 20, 39, 55, 12, 28, 47),  (1, 47, 28, 12, 55, 39, 20,
45, 26, 7, 53, 34, 18, 61, 24, 5, 51, 32, 13, 59, 40, 3, 46, 30, 11, 57, 38, 19, 44, 25, 9, 52, 36, 17, 63, 23, 4, 50, 31, 15, 58, 42, 2, 48, 
29, 10, 56, 37, 21, 43, 27, 8, 54, 35, 16, 62, 22, 6, 49, 33, 14, 60, 41),  ], [  (1, 26, 51, 11, 36, 58, 21, 22, 47, 7, 32, 57, 17, 42, 43, 
6, 28, 53, 13, 38, 63, 2, 27, 49, 12, 34, 59, 19, 23, 48, 8, 33, 55, 18, 40, 44, 4, 29, 54, 14, 39, 61, 3, 25, 50, 10, 35, 60, 20, 24, 46, 9, 
31, 56, 16, 41, 45, 5, 30, 52, 15, 37, 62),  (1, 62, 37, 15, 52, 30, 5, 45, 41, 16, 56, 31, 9, 46, 24, 20, 60, 35, 10, 50, 25, 3, 61, 39, 14, 
54, 29, 4, 44, 40, 18, 55, 33, 8, 48, 23, 19, 59, 34, 12, 49, 27, 2, 63, 38, 13, 53, 28, 6, 43, 42, 17, 57, 32, 7, 47, 22, 21, 58, 36, 11, 51,
26),  ], [  (1, 28, 55, 20, 26, 53, 18, 24, 51, 13, 40, 46, 11, 38, 44, 9, 36, 63, 4, 31, 58, 2, 29, 56, 21, 27, 54, 16, 22, 49, 14, 41, 47, 
12, 39, 45, 7, 34, 61, 5, 32, 59, 3, 30, 57, 19, 25, 52, 17, 23, 50, 15, 42, 48, 10, 37, 43, 8, 35, 62, 6, 33, 60),  (1, 60, 33, 6, 62, 35, 8,
43, 37, 10, 48, 42, 15, 50, 23, 17, 52, 25, 19, 57, 30, 3, 59, 32, 5, 61, 34, 7, 45, 39, 12, 47, 41, 14, 49, 22, 16, 54, 27, 21, 56, 29, 2, 
58, 31, 4, 63, 36, 9, 44, 38, 11, 46, 40, 13, 51, 24, 18, 53, 26, 20, 55, 28),  ], [  (1, 42, 59, 14, 31, 51, 6, 23, 61, 16, 36, 53, 8, 25, 
45, 21, 38, 55, 10, 30, 47, 2, 40, 60, 15, 32, 49, 4, 24, 62, 17, 34, 54, 9, 26, 43, 19, 39, 56, 11, 28, 48, 3, 41, 58, 13, 33, 50, 5, 22, 63,
18, 35, 52, 7, 27, 44, 20, 37, 57, 12, 29, 46),  (1, 46, 29, 12, 57, 37, 20, 44, 27, 7, 52, 35, 18, 63, 22, 5, 50, 33, 13, 58, 41, 3, 48, 28, 
11, 56, 39, 19, 43, 26, 9, 54, 34, 17, 62, 24, 4, 49, 32, 15, 60, 40, 2, 47, 30, 10, 55, 38, 21, 45, 25, 8, 53, 36, 16, 61, 23, 6, 51, 31, 14,
59, 42),  ], [  (1, 27, 50, 11, 34, 60, 21, 23, 46, 7, 33, 56, 17, 40, 45, 6, 29, 52, 13, 39, 62, 2, 25, 51, 12, 35, 58, 19, 24, 47, 8, 31, 
57, 18, 41, 43, 4, 30, 53, 14, 37, 63, 3, 26, 49, 10, 36, 59, 20, 22, 48, 9, 32, 55, 16, 42, 44, 5, 28, 54, 15, 38, 61),  (1, 61, 38, 15, 54, 
28, 5, 44, 42, 16, 55, 32, 9, 48, 22, 20, 59, 36, 10, 49, 26, 3, 63, 37, 14, 53, 30, 4, 43, 41, 18, 57, 31, 8, 47, 24, 19, 58, 35, 12, 51, 25,
2, 62, 39, 13, 52, 29, 6, 45, 40, 17, 56, 33, 7, 46, 23, 21, 60, 34, 11, 50, 27),  ], [  (1, 37, 52, 5, 41, 56, 9, 24, 60, 10, 25, 61, 14, 29,
44, 18, 33, 48, 19, 34, 49, 2, 38, 53, 6, 42, 57, 7, 22, 58, 11, 26, 62, 15, 30, 45, 16, 31, 46, 20, 35, 50, 3, 39, 54, 4, 40, 55, 8, 23, 59, 
12, 27, 63, 13, 28, 43, 17, 32, 47, 21, 36, 51),  (1, 51, 36, 21, 47, 32, 17, 43, 28, 13, 63, 27, 12, 59, 23, 8, 55, 40, 4, 54, 39, 3, 50, 35,
20, 46, 31, 16, 45, 30, 15, 62, 26, 11, 58, 22, 7, 57, 42, 6, 53, 38, 2, 49, 34, 19, 48, 33, 18, 44, 29, 14, 61, 25, 10, 60, 24, 9, 56, 41, 5,
52, 37),  ], [  (1, 8, 15, 19, 5, 12, 16, 2, 9, 13, 20, 6, 10, 17, 3, 7, 14, 21, 4, 11, 18)(22, 29, 36, 40, 26, 33, 37, 23, 30, 34, 41, 27, 
31, 38, 24, 28, 35, 42, 25, 32, 39)(43, 50, 57, 61, 47, 54, 58, 44, 51, 55, 62, 48, 52, 59, 45, 49, 56, 63, 46, 53, 60),  (1, 18, 11, 4, 21, 
14, 7, 3, 17, 10, 6, 20, 13, 9, 2, 16, 12, 5, 19, 15, 8)(22, 39, 32, 25, 42, 35, 28, 24, 38, 31, 27, 41, 34, 30, 23, 37, 33, 26, 40, 36, 
29)(43, 60, 53, 46, 63, 56, 49, 45, 59, 52, 48, 62, 55, 51, 44, 58, 54, 47, 61, 57, 50),  ], [  (1, 17, 12, 4, 20, 15, 7, 2, 18, 10, 5, 21, 
13, 8, 3, 16, 11, 6, 19, 14, 9)(22, 38, 33, 25, 41, 36, 28, 23, 39, 31, 26, 42, 34, 29, 24, 37, 32, 27, 40, 35, 30)(43, 59, 54, 46, 62, 57, 
49, 44, 60, 52, 47, 63, 55, 50, 45, 58, 53, 48, 61, 56, 51),  (1, 9, 14, 19, 6, 11, 16, 3, 8, 13, 21, 5, 10, 18, 2, 7, 15, 20, 4, 12, 17)(22, 
30, 35, 40, 27, 32, 37, 24, 29, 34, 42, 26, 31, 39, 23, 28, 36, 41, 25, 33, 38)(43, 51, 56, 61, 48, 53, 58, 45, 50, 55, 63, 47, 52, 60, 44, 
49, 57, 62, 46, 54, 59),  ], [  (1, 51, 36, 21, 47, 32, 17, 43, 28, 13, 63, 27, 12, 59, 23, 8, 55, 40, 4, 54, 39, 3, 50, 35, 20, 46, 31, 16, 
45, 30, 15, 62, 26, 11, 58, 22, 7, 57, 42, 6, 53, 38, 2, 49, 34, 19, 48, 33, 18, 44, 29, 14, 61, 25, 10, 60, 24, 9, 56, 41, 5, 52, 37),  (1, 
37, 52, 5, 41, 56, 9, 24, 60, 10, 25, 61, 14, 29, 44, 18, 33, 48, 19, 34, 49, 2, 38, 53, 6, 42, 57, 7, 22, 58, 11, 26, 62, 15, 30, 45, 16, 31,
46, 20, 35, 50, 3, 39, 54, 4, 40, 55, 8, 23, 59, 12, 27, 63, 13, 28, 43, 17, 32, 47, 21, 36, 51),  ], [  (1, 9, 14, 19, 6, 11, 16, 3, 8, 13, 
21, 5, 10, 18, 2, 7, 15, 20, 4, 12, 17)(22, 30, 35, 40, 27, 32, 37, 24, 29, 34, 42, 26, 31, 39, 23, 28, 36, 41, 25, 33, 38)(43, 51, 56, 61, 
48, 53, 58, 45, 50, 55, 63, 47, 52, 60, 44, 49, 57, 62, 46, 54, 59),  (1, 17, 12, 4, 20, 15, 7, 2, 18, 10, 5, 21, 13, 8, 3, 16, 11, 6, 19, 14,
9)(22, 38, 33, 25, 41, 36, 28, 23, 39, 31, 26, 42, 34, 29, 24, 37, 32, 27, 40, 35, 30)(43, 59, 54, 46, 62, 57, 49, 44, 60, 52, 47, 63, 55, 50,
45, 58, 53, 48, 61, 56, 51),  ], [  (1, 62, 37, 15, 52, 30, 5, 45, 41, 16, 56, 31, 9, 46, 24, 20, 60, 35, 10, 50, 25, 3, 61, 39, 14, 54, 29, 
4, 44, 40, 18, 55, 33, 8, 48, 23, 19, 59, 34, 12, 49, 27, 2, 63, 38, 13, 53, 28, 6, 43, 42, 17, 57, 32, 7, 47, 22, 21, 58, 36, 11, 51, 26),  
(1, 26, 51, 11, 36, 58, 21, 22, 47, 7, 32, 57, 17, 42, 43, 6, 28, 53, 13, 38, 63, 2, 27, 49, 12, 34, 59, 19, 23, 48, 8, 33, 55, 18, 40, 44, 4,
29, 54, 14, 39, 61, 3, 25, 50, 10, 35, 60, 20, 24, 46, 9, 31, 56, 16, 41, 45, 5, 30, 52, 15, 37, 62),  ], [  (1, 47, 28, 12, 55, 39, 20, 45, 
26, 7, 53, 34, 18, 61, 24, 5, 51, 32, 13, 59, 40, 3, 46, 30, 11, 57, 38, 19, 44, 25, 9, 52, 36, 17, 63, 23, 4, 50, 31, 15, 58, 42, 2, 48, 29, 
10, 56, 37, 21, 43, 27, 8, 54, 35, 16, 62, 22, 6, 49, 33, 14, 60, 41),  (1, 41, 60, 14, 33, 49, 6, 22, 62, 16, 35, 54, 8, 27, 43, 21, 37, 56, 
10, 29, 48, 2, 42, 58, 15, 31, 50, 4, 23, 63, 17, 36, 52, 9, 25, 44, 19, 38, 57, 11, 30, 46, 3, 40, 59, 13, 32, 51, 5, 24, 61, 18, 34, 53, 7, 
26, 45, 20, 39, 55, 12, 28, 47),  ], [  (1, 60, 33, 6, 62, 35, 8, 43, 37, 10, 48, 42, 15, 50, 23, 17, 52, 25, 19, 57, 30, 3, 59, 32, 5, 61, 
34, 7, 45, 39, 12, 47, 41, 14, 49, 22, 16, 54, 27, 21, 56, 29, 2, 58, 31, 4, 63, 36, 9, 44, 38, 11, 46, 40, 13, 51, 24, 18, 53, 26, 20, 55, 
28),  (1, 28, 55, 20, 26, 53, 18, 24, 51, 13, 40, 46, 11, 38, 44, 9, 36, 63, 4, 31, 58, 2, 29, 56, 21, 27, 54, 16, 22, 49, 14, 41, 47, 12, 39,
45, 7, 34, 61, 5, 32, 59, 3, 30, 57, 19, 25, 52, 17, 23, 50, 15, 42, 48, 10, 37, 43, 8, 35, 62, 6, 33, 60),  ], [  (1, 18, 11, 4, 21, 14, 7, 
3, 17, 10, 6, 20, 13, 9, 2, 16, 12, 5, 19, 15, 8)(22, 39, 32, 25, 42, 35, 28, 24, 38, 31, 27, 41, 34, 30, 23, 37, 33, 26, 40, 36, 29)(43, 60, 
53, 46, 63, 56, 49, 45, 59, 52, 48, 62, 55, 51, 44, 58, 54, 47, 61, 57, 50),  (1, 8, 15, 19, 5, 12, 16, 2, 9, 13, 20, 6, 10, 17, 3, 7, 14, 21,
4, 11, 18)(22, 29, 36, 40, 26, 33, 37, 23, 30, 34, 41, 27, 31, 38, 24, 28, 35, 42, 25, 32, 39)(43, 50, 57, 61, 47, 54, 58, 44, 51, 55, 62, 48,
52, 59, 45, 49, 56, 63, 46, 53, 60),  ], [  (1, 49, 35, 21, 48, 31, 17, 44, 30, 13, 61, 26, 12, 60, 22, 8, 56, 42, 4, 52, 38, 3, 51, 34, 20, 
47, 33, 16, 43, 29, 15, 63, 25, 11, 59, 24, 7, 55, 41, 6, 54, 37, 2, 50, 36, 19, 46, 32, 18, 45, 28, 14, 62, 27, 10, 58, 23, 9, 57, 40, 5, 53,
39),  (1, 39, 53, 5, 40, 57, 9, 23, 58, 10, 27, 62, 14, 28, 45, 18, 32, 46, 19, 36, 50, 2, 37, 54, 6, 41, 55, 7, 24, 59, 11, 25, 63, 15, 29, 
43, 16, 33, 47, 20, 34, 51, 3, 38, 52, 4, 42, 56, 8, 22, 60, 12, 26, 61, 13, 30, 44, 17, 31, 48, 21, 35, 49),  ], [  (1, 58, 32, 6, 63, 34, 8,
44, 39, 10, 46, 41, 15, 51, 22, 17, 53, 27, 19, 55, 29, 3, 60, 31, 5, 62, 36, 7, 43, 38, 12, 48, 40, 14, 50, 24, 16, 52, 26, 21, 57, 28, 2, 
59, 33, 4, 61, 35, 9, 45, 37, 11, 47, 42, 13, 49, 23, 18, 54, 25, 20, 56, 30),  (1, 30, 56, 20, 25, 54, 18, 23, 49, 13, 42, 47, 11, 37, 45, 9,
35, 61, 4, 33, 59, 2, 28, 57, 21, 26, 52, 16, 24, 50, 14, 40, 48, 12, 38, 43, 7, 36, 62, 5, 31, 60, 3, 29, 55, 19, 27, 53, 17, 22, 51, 15, 41,
46, 10, 39, 44, 8, 34, 63, 6, 32, 58),  ], [  (1, 29, 57, 20, 27, 52, 18, 22, 50, 13, 41, 48, 11, 39, 43, 9, 34, 62, 4, 32, 60, 2, 30, 55, 21,
25, 53, 16, 23, 51, 14, 42, 46, 12, 37, 44, 7, 35, 63, 5, 33, 58, 3, 28, 56, 19, 26, 54, 17, 24, 49, 15, 40, 47, 10, 38, 45, 8, 36, 61, 6, 31,
59),  (1, 59, 31, 6, 61, 36, 8, 45, 38, 10, 47, 40, 15, 49, 24, 17, 54, 26, 19, 56, 28, 3, 58, 33, 5, 63, 35, 7, 44, 37, 12, 46, 42, 14, 51, 
23, 16, 53, 25, 21, 55, 30, 2, 60, 32, 4, 62, 34, 9, 43, 39, 11, 48, 41, 13, 50, 22, 18, 52, 27, 20, 57, 29),  ], [  (1, 38, 54, 5, 42, 55, 9,
22, 59, 10, 26, 63, 14, 30, 43, 18, 31, 47, 19, 35, 51, 2, 39, 52, 6, 40, 56, 7, 23, 60, 11, 27, 61, 15, 28, 44, 16, 32, 48, 20, 36, 49, 3, 
37, 53, 4, 41, 57, 8, 24, 58, 12, 25, 62, 13, 29, 45, 17, 33, 46, 21, 34, 50),  (1, 50, 34, 21, 46, 33, 17, 45, 29, 13, 62, 25, 12, 58, 24, 8,
57, 41, 4, 53, 37, 3, 49, 36, 20, 48, 32, 16, 44, 28, 15, 61, 27, 11, 60, 23, 7, 56, 40, 6, 52, 39, 2, 51, 35, 19, 47, 31, 18, 43, 30, 14, 63,
26, 10, 59, 22, 9, 55, 42, 5, 54, 38),  ], [  (1, 30, 56, 20, 25, 54, 18, 23, 49, 13, 42, 47, 11, 37, 45, 9, 35, 61, 4, 33, 59, 2, 28, 57, 21,
26, 52, 16, 24, 50, 14, 40, 48, 12, 38, 43, 7, 36, 62, 5, 31, 60, 3, 29, 55, 19, 27, 53, 17, 22, 51, 15, 41, 46, 10, 39, 44, 8, 34, 63, 6, 32,
58),  (1, 58, 32, 6, 63, 34, 8, 44, 39, 10, 46, 41, 15, 51, 22, 17, 53, 27, 19, 55, 29, 3, 60, 31, 5, 62, 36, 7, 43, 38, 12, 48, 40, 14, 50, 
24, 16, 52, 26, 21, 57, 28, 2, 59, 33, 4, 61, 35, 9, 45, 37, 11, 47, 42, 13, 49, 23, 18, 54, 25, 20, 56, 30),  ], [  (1, 39, 53, 5, 40, 57, 9,
23, 58, 10, 27, 62, 14, 28, 45, 18, 32, 46, 19, 36, 50, 2, 37, 54, 6, 41, 55, 7, 24, 59, 11, 25, 63, 15, 29, 43, 16, 33, 47, 20, 34, 51, 3, 
38, 52, 4, 42, 56, 8, 22, 60, 12, 26, 61, 13, 30, 44, 17, 31, 48, 21, 35, 49),  (1, 49, 35, 21, 48, 31, 17, 44, 30, 13, 61, 26, 12, 60, 22, 8,
56, 42, 4, 52, 38, 3, 51, 34, 20, 47, 33, 16, 43, 29, 15, 63, 25, 11, 59, 24, 7, 55, 41, 6, 54, 37, 2, 50, 36, 19, 46, 32, 18, 45, 28, 14, 62,
27, 10, 58, 23, 9, 57, 40, 5, 53, 39),  ], [  (1, 50, 34, 21, 46, 33, 17, 45, 29, 13, 62, 25, 12, 58, 24, 8, 57, 41, 4, 53, 37, 3, 49, 36, 20,
48, 32, 16, 44, 28, 15, 61, 27, 11, 60, 23, 7, 56, 40, 6, 52, 39, 2, 51, 35, 19, 47, 31, 18, 43, 30, 14, 63, 26, 10, 59, 22, 9, 55, 42, 5, 54,
38),  (1, 38, 54, 5, 42, 55, 9, 22, 59, 10, 26, 63, 14, 30, 43, 18, 31, 47, 19, 35, 51, 2, 39, 52, 6, 40, 56, 7, 23, 60, 11, 27, 61, 15, 28, 
44, 16, 32, 48, 20, 36, 49, 3, 37, 53, 4, 41, 57, 8, 24, 58, 12, 25, 62, 13, 29, 45, 17, 33, 46, 21, 34, 50),  ], [  (1, 59, 31, 6, 61, 36, 8,
45, 38, 10, 47, 40, 15, 49, 24, 17, 54, 26, 19, 56, 28, 3, 58, 33, 5, 63, 35, 7, 44, 37, 12, 46, 42, 14, 51, 23, 16, 53, 25, 21, 55, 30, 2, 
60, 32, 4, 62, 34, 9, 43, 39, 11, 48, 41, 13, 50, 22, 18, 52, 27, 20, 57, 29),  (1, 29, 57, 20, 27, 52, 18, 22, 50, 13, 41, 48, 11, 39, 43, 9,
34, 62, 4, 32, 60, 2, 30, 55, 21, 25, 53, 16, 23, 51, 14, 42, 46, 12, 37, 44, 7, 35, 63, 5, 33, 58, 3, 28, 56, 19, 26, 54, 17, 24, 49, 15, 40,
47, 10, 38, 45, 8, 36, 61, 6, 31, 59),  ], ]
);

BRACES[63].brace[2] := rec ( size := 63, perms := [ [  (),  (),  ], [  (1, 24, 44, 2, 22, 45, 3, 23, 43)(4, 27, 47, 5, 25, 48, 6, 26, 46)(7, 
30, 50, 8, 28, 51, 9, 29, 49)(10, 33, 53, 11, 31, 54, 12, 32, 52)(13, 36, 56, 14, 34, 57, 15, 35, 55)(16, 39, 59, 17, 37, 60, 18, 38, 58)(19, 
42, 62, 20, 40, 63, 21, 41, 61),  (1, 45, 23, 3, 44, 22, 2, 43, 24)(4, 48, 26, 6, 47, 25, 5, 46, 27)(7, 51, 29, 9, 50, 28, 8, 49, 30)(10, 54, 
32, 12, 53, 31, 11, 52, 33)(13, 57, 35, 15, 56, 34, 14, 55, 36)(16, 60, 38, 18, 59, 37, 17, 58, 39)(19, 63, 41, 21, 62, 40, 20, 61, 42),  ], [
(1, 2, 3)(4, 5, 6)(7, 8, 9)(10, 11, 12)(13, 14, 15)(16, 17, 18)(19, 20, 21)(22, 23, 24)(25, 26, 27)(28, 29, 30)(31, 32, 33)(34, 35, 36)(37, 
38, 39)(40, 41, 42)(43, 44, 45)(46, 47, 48)(49, 50, 51)(52, 53, 54)(55, 56, 57)(58, 59, 60)(61, 62, 63),  (1, 3, 2)(4, 6, 5)(7, 9, 8)(10, 12, 
11)(13, 15, 14)(16, 18, 17)(19, 21, 20)(22, 24, 23)(25, 27, 26)(28, 30, 29)(31, 33, 32)(34, 36, 35)(37, 39, 38)(40, 42, 41)(43, 45, 44)(46, 
48, 47)(49, 51, 50)(52, 54, 53)(55, 57, 56)(58, 60, 59)(61, 63, 62),  ], [  (1, 10, 19, 7, 16, 4, 13)(2, 11, 20, 8, 17, 5, 14)(3, 12, 21, 9, 
18, 6, 15)(22, 31, 40, 28, 37, 25, 34)(23, 32, 41, 29, 38, 26, 35)(24, 33, 42, 30, 39, 27, 36)(43, 52, 61, 49, 58, 46, 55)(44, 53, 62, 50, 59,
47, 56)(45, 54, 63, 51, 60, 48, 57),  (1, 13, 4, 16, 7, 19, 10)(2, 14, 5, 17, 8, 20, 11)(3, 15, 6, 18, 9, 21, 12)(22, 34, 25, 37, 28, 40, 
31)(23, 35, 26, 38, 29, 41, 32)(24, 36, 27, 39, 30, 42, 33)(43, 55, 46, 58, 49, 61, 52)(44, 56, 47, 59, 50, 62, 53)(45, 57, 48, 60, 51, 63, 
54),  ], [  (1, 45, 24, 3, 44, 23, 2, 43, 22)(4, 48, 27, 6, 47, 26, 5, 46, 25)(7, 51, 30, 9, 50, 29, 8, 49, 28)(10, 54, 33, 12, 53, 32, 11, 
52, 31)(13, 57, 36, 15, 56, 35, 14, 55, 34)(16, 60, 39, 18, 59, 38, 17, 58, 37)(19, 63, 42, 21, 62, 41, 20, 61, 40),  (1, 24, 43, 2, 22, 44, 
3, 23, 45)(4, 27, 46, 5, 25, 47, 6, 26, 48)(7, 30, 49, 8, 28, 50, 9, 29, 51)(10, 33, 52, 11, 31, 53, 12, 32, 54)(13, 36, 55, 14, 34, 56, 15, 
35, 57)(16, 39, 58, 17, 37, 59, 18, 38, 60)(19, 42, 61, 20, 40, 62, 21, 41, 63),  ], [  (1, 3, 2)(4, 6, 5)(7, 9, 8)(10, 12, 11)(13, 15, 
14)(16, 18, 17)(19, 21, 20)(22, 24, 23)(25, 27, 26)(28, 30, 29)(31, 33, 32)(34, 36, 35)(37, 39, 38)(40, 42, 41)(43, 45, 44)(46, 48, 47)(49, 
51, 50)(52, 54, 53)(55, 57, 56)(58, 60, 59)(61, 63, 62),  (1, 2, 3)(4, 5, 6)(7, 8, 9)(10, 11, 12)(13, 14, 15)(16, 17, 18)(19, 20, 21)(22, 23, 
24)(25, 26, 27)(28, 29, 30)(31, 32, 33)(34, 35, 36)(37, 38, 39)(40, 41, 42)(43, 44, 45)(46, 47, 48)(49, 50, 51)(52, 53, 54)(55, 56, 57)(58, 
59, 60)(61, 62, 63),  ], [  (1, 13, 4, 16, 7, 19, 10)(2, 14, 5, 17, 8, 20, 11)(3, 15, 6, 18, 9, 21, 12)(22, 34, 25, 37, 28, 40, 31)(23, 35, 
26, 38, 29, 41, 32)(24, 36, 27, 39, 30, 42, 33)(43, 55, 46, 58, 49, 61, 52)(44, 56, 47, 59, 50, 62, 53)(45, 57, 48, 60, 51, 63, 54),  (1, 10, 
19, 7, 16, 4, 13)(2, 11, 20, 8, 17, 5, 14)(3, 12, 21, 9, 18, 6, 15)(22, 31, 40, 28, 37, 25, 34)(23, 32, 41, 29, 38, 26, 35)(24, 33, 42, 30, 
39, 27, 36)(43, 52, 61, 49, 58, 46, 55)(44, 53, 62, 50, 59, 47, 56)(45, 54, 63, 51, 60, 48, 57),  ], [  (1, 43, 23, 3, 45, 22, 2, 44, 24)(4, 
46, 26, 6, 48, 25, 5, 47, 27)(7, 49, 29, 9, 51, 28, 8, 50, 30)(10, 52, 32, 12, 54, 31, 11, 53, 33)(13, 55, 35, 15, 57, 34, 14, 56, 36)(16, 58,
38, 18, 60, 37, 17, 59, 39)(19, 61, 41, 21, 63, 40, 20, 62, 42),  (1, 23, 44, 2, 24, 45, 3, 22, 43)(4, 26, 47, 5, 27, 48, 6, 25, 46)(7, 29, 
50, 8, 30, 51, 9, 28, 49)(10, 32, 53, 11, 33, 54, 12, 31, 52)(13, 35, 56, 14, 36, 57, 15, 34, 55)(16, 38, 59, 17, 39, 60, 18, 37, 58)(19, 41, 
62, 20, 42, 63, 21, 40, 61),  ], [  (1, 22, 43, 2, 23, 44, 3, 24, 45)(4, 25, 46, 5, 26, 47, 6, 27, 48)(7, 28, 49, 8, 29, 50, 9, 30, 51)(10, 
31, 52, 11, 32, 53, 12, 33, 54)(13, 34, 55, 14, 35, 56, 15, 36, 57)(16, 37, 58, 17, 38, 59, 18, 39, 60)(19, 40, 61, 20, 41, 62, 21, 42, 63),  
(1, 44, 24, 3, 43, 23, 2, 45, 22)(4, 47, 27, 6, 46, 26, 5, 48, 25)(7, 50, 30, 9, 49, 29, 8, 51, 28)(10, 53, 33, 12, 52, 32, 11, 54, 31)(13, 
56, 36, 15, 55, 35, 14, 57, 34)(16, 59, 39, 18, 58, 38, 17, 60, 37)(19, 62, 42, 21, 61, 41, 20, 63, 40),  ], [  (1, 33, 62, 8, 37, 48, 15, 23,
52, 19, 30, 59, 5, 34, 45, 12, 41, 49, 16, 27, 56, 2, 31, 63, 9, 38, 46, 13, 24, 53, 20, 28, 60, 6, 35, 43, 10, 42, 50, 17, 25, 57, 3, 32, 61,
7, 39, 47, 14, 22, 54, 21, 29, 58, 4, 36, 44, 11, 40, 51, 18, 26, 55),  (1, 57, 26, 18, 50, 40, 11, 43, 36, 4, 60, 29, 21, 53, 22, 14, 46, 39,
7, 63, 32, 3, 56, 25, 17, 49, 42, 10, 45, 35, 6, 59, 28, 20, 52, 24, 13, 48, 38, 9, 62, 31, 2, 55, 27, 16, 51, 41, 12, 44, 34, 5, 58, 30, 19, 
54, 23, 15, 47, 37, 8, 61, 33),  ], [  (1, 23, 45, 2, 24, 43, 3, 22, 44)(4, 26, 48, 5, 27, 46, 6, 25, 47)(7, 29, 51, 8, 30, 49, 9, 28, 50)(10,
32, 54, 11, 33, 52, 12, 31, 53)(13, 35, 57, 14, 36, 55, 15, 34, 56)(16, 38, 60, 17, 39, 58, 18, 37, 59)(19, 41, 63, 20, 42, 61, 21, 40, 62),  
(1, 43, 22, 3, 45, 24, 2, 44, 23)(4, 46, 25, 6, 48, 27, 5, 47, 26)(7, 49, 28, 9, 51, 30, 8, 50, 29)(10, 52, 31, 12, 54, 33, 11, 53, 32)(13, 
55, 34, 15, 57, 36, 14, 56, 35)(16, 58, 37, 18, 60, 39, 17, 59, 38)(19, 61, 40, 21, 63, 42, 20, 62, 41),  ], [  (1, 36, 47, 17, 28, 63, 12, 
23, 55, 4, 39, 50, 20, 31, 45, 15, 26, 58, 7, 42, 53, 2, 34, 48, 18, 29, 61, 10, 24, 56, 5, 37, 51, 21, 32, 43, 13, 27, 59, 8, 40, 54, 3, 35, 
46, 16, 30, 62, 11, 22, 57, 6, 38, 49, 19, 33, 44, 14, 25, 60, 9, 41, 52),  (1, 54, 41, 9, 59, 25, 14, 43, 33, 19, 51, 38, 6, 56, 22, 11, 61, 
30, 16, 48, 35, 3, 53, 40, 8, 58, 27, 13, 45, 32, 21, 50, 37, 5, 55, 24, 10, 63, 29, 18, 47, 34, 2, 52, 42, 7, 60, 26, 15, 44, 31, 20, 49, 39,
4, 57, 23, 12, 62, 28, 17, 46, 36),  ], [  (1, 11, 21, 7, 17, 6, 13, 2, 12, 19, 8, 18, 4, 14, 3, 10, 20, 9, 16, 5, 15)(22, 32, 42, 28, 38, 27,
34, 23, 33, 40, 29, 39, 25, 35, 24, 31, 41, 30, 37, 26, 36)(43, 53, 63, 49, 59, 48, 55, 44, 54, 61, 50, 60, 46, 56, 45, 52, 62, 51, 58, 47, 
57),  (1, 15, 5, 16, 9, 20, 10, 3, 14, 4, 18, 8, 19, 12, 2, 13, 6, 17, 7, 21, 11)(22, 36, 26, 37, 30, 41, 31, 24, 35, 25, 39, 29, 40, 33, 23, 
34, 27, 38, 28, 42, 32)(43, 57, 47, 58, 51, 62, 52, 45, 56, 46, 60, 50, 61, 54, 44, 55, 48, 59, 49, 63, 53),  ], [  (1, 14, 6, 16, 8, 21, 10, 
2, 15, 4, 17, 9, 19, 11, 3, 13, 5, 18, 7, 20, 12)(22, 35, 27, 37, 29, 42, 31, 23, 36, 25, 38, 30, 40, 32, 24, 34, 26, 39, 28, 41, 33)(43, 56, 
48, 58, 50, 63, 52, 44, 57, 46, 59, 51, 61, 53, 45, 55, 47, 60, 49, 62, 54),  (1, 12, 20, 7, 18, 5, 13, 3, 11, 19, 9, 17, 4, 15, 2, 10, 21, 8,
16, 6, 14)(22, 33, 41, 28, 39, 26, 34, 24, 32, 40, 30, 38, 25, 36, 23, 31, 42, 29, 37, 27, 35)(43, 54, 62, 49, 60, 47, 55, 45, 53, 61, 51, 59,
46, 57, 44, 52, 63, 50, 58, 48, 56),  ], [  (1, 19, 16, 13, 10, 7, 4)(2, 20, 17, 14, 11, 8, 5)(3, 21, 18, 15, 12, 9, 6)(22, 40, 37, 34, 31, 
28, 25)(23, 41, 38, 35, 32, 29, 26)(24, 42, 39, 36, 33, 30, 27)(43, 61, 58, 55, 52, 49, 46)(44, 62, 59, 56, 53, 50, 47)(45, 63, 60, 57, 54, 
51, 48),  (1, 4, 7, 10, 13, 16, 19)(2, 5, 8, 11, 14, 17, 20)(3, 6, 9, 12, 15, 18, 21)(22, 25, 28, 31, 34, 37, 40)(23, 26, 29, 32, 35, 38, 
41)(24, 27, 30, 33, 36, 39, 42)(43, 46, 49, 52, 55, 58, 61)(44, 47, 50, 53, 56, 59, 62)(45, 48, 51, 54, 57, 60, 63),  ], [  (1, 54, 42, 9, 59,
26, 14, 43, 31, 19, 51, 39, 6, 56, 23, 11, 61, 28, 16, 48, 36, 3, 53, 41, 8, 58, 25, 13, 45, 33, 21, 50, 38, 5, 55, 22, 10, 63, 30, 18, 47, 
35, 2, 52, 40, 7, 60, 27, 15, 44, 32, 20, 49, 37, 4, 57, 24, 12, 62, 29, 17, 46, 34),  (1, 36, 46, 17, 28, 62, 12, 23, 57, 4, 39, 49, 20, 31, 
44, 15, 26, 60, 7, 42, 52, 2, 34, 47, 18, 29, 63, 10, 24, 55, 5, 37, 50, 21, 32, 45, 13, 27, 58, 8, 40, 53, 3, 35, 48, 16, 30, 61, 11, 22, 56,
6, 38, 51, 19, 33, 43, 14, 25, 59, 9, 41, 54),  ], [  (1, 12, 20, 7, 18, 5, 13, 3, 11, 19, 9, 17, 4, 15, 2, 10, 21, 8, 16, 6, 14)(22, 33, 41, 
28, 39, 26, 34, 24, 32, 40, 30, 38, 25, 36, 23, 31, 42, 29, 37, 27, 35)(43, 54, 62, 49, 60, 47, 55, 45, 53, 61, 51, 59, 46, 57, 44, 52, 63, 
50, 58, 48, 56),  (1, 14, 6, 16, 8, 21, 10, 2, 15, 4, 17, 9, 19, 11, 3, 13, 5, 18, 7, 20, 12)(22, 35, 27, 37, 29, 42, 31, 23, 36, 25, 38, 30, 
40, 32, 24, 34, 26, 39, 28, 41, 33)(43, 56, 48, 58, 50, 63, 52, 44, 57, 46, 59, 51, 61, 53, 45, 55, 47, 60, 49, 62, 54),  ], [  (1, 44, 22, 3,
43, 24, 2, 45, 23)(4, 47, 25, 6, 46, 27, 5, 48, 26)(7, 50, 28, 9, 49, 30, 8, 51, 29)(10, 53, 31, 12, 52, 33, 11, 54, 32)(13, 56, 34, 15, 55, 
36, 14, 57, 35)(16, 59, 37, 18, 58, 39, 17, 60, 38)(19, 62, 40, 21, 61, 42, 20, 63, 41),  (1, 22, 45, 2, 23, 43, 3, 24, 44)(4, 25, 48, 5, 26, 
46, 6, 27, 47)(7, 28, 51, 8, 29, 49, 9, 30, 50)(10, 31, 54, 11, 32, 52, 12, 33, 53)(13, 34, 57, 14, 35, 55, 15, 36, 56)(16, 37, 60, 17, 38, 
58, 18, 39, 59)(19, 40, 63, 20, 41, 61, 21, 42, 62),  ], [  (1, 57, 27, 18, 50, 41, 11, 43, 34, 4, 60, 30, 21, 53, 23, 14, 46, 37, 7, 63, 33, 
3, 56, 26, 17, 49, 40, 10, 45, 36, 6, 59, 29, 20, 52, 22, 13, 48, 39, 9, 62, 32, 2, 55, 25, 16, 51, 42, 12, 44, 35, 5, 58, 28, 19, 54, 24, 15,
