BRACES[88]:=[rec(
gadd:=[(1,53,19,71,34,86,8,60,21,73,39,47,10,62,28,80,41,49,15,67,30,82,4,56,17,69,35,87,6,58,24,76,37,45,11,63,26,78,44,52,13,65,31,83,2,54,20,72,
33,85,7,59,22,74,40,48,9,61,27,79,42,50,16,68,29,81,3,55,18,70,36,88,5,57,23,75,38,46,12,64,25,77,43,51,14,66,32,84)],
gmul:=[(1,53,20,72,34,86,7,59,21,73,40,48,10,62,27,79,41,49,16,68,30,82,3,55,17,69,36,88,6,58,23,75,37,45,12,64,26,78,43,51,13,65,32,84,2,54,19,71,
33,85,8,60,22,74,39,47,9,61,28,80,42,50,15,67,29,81,4,56,18,70,35,87,5,57,24,76,38,46,11,63,25,77,44,52,14,66,31,83)],
p:=(2,47,42,58,86,84,39,60,67,27,62,24,64,22,33,41,87,54,21,19,31,14,20,61,28,79,10,75,66,69,23,76,83,81,53,7,3,4)(5,29,16,18,73,55,88,82,11,46,8,
17,13,32,34,57,71,72,68,65,9,48,6,45,44,51,43,78,40,80,38)(12,63,26,74,70,37,35,15,30,36,77)(25,59,50,85,56,52,49),
q:=(2,45,7,4)(5,17,33)(6,47)(8,29,35,36,59,88,56,86,54,25,77,39,78,11,48,42,80,10,61,23,62,27,76,53,44,85,82,40,58,52,87,84,12,73,81,83,55,50,51)
(9,46,43,60,69,28,57,65,37,16,30,15,18,63,22,13,19,20,75,72,70)(14,31,34,79,38,41,49,21,32)(24,74,68,71,66,67)(26,64)),rec(
gadd:=[(1,53,19,71,34,86,8,60,21,73,39,47,10,62,28,80,41,49,15,67,30,82,4,56,17,69,35,87,6,58,24,76,37,45,11,63,26,78,44,52,13,65,31,83,2,54,20,72,
33,85,7,59,22,74,40,48,9,61,27,79,42,50,16,68,29,81,3,55,18,70,36,88,5,57,23,75,38,46,12,64,25,77,43,51,14,66,32,84)],
gmul:=[(1,65,4,68,2,66,3,67)(5,61,8,64,6,62,7,63)(9,57,12,60,10,58,11,59)(13,53,16,56,14,54,15,55)(17,49,20,52,18,50,19,51)(21,45,24,48,22,46,23,47)
(25,85,28,88,26,86,27,87)(29,81,32,84,30,82,31,83)(33,77,36,80,34,78,35,79)(37,73,40,76,38,74,39,75)(41,69,44,72,42,70,43,71),(1,86,4,87,2,85,3,88)(5,82,8,83,6,81,7,84)
(9,78,12,79,10,77,11,80)(13,74,16,75,14,73,15,76)(17,70,20,71,18,69,19,72)(21,66,24,67,22,65,23,68)(25,62,28,63,26,61,27,64)(29,58,32,59,30,57,31,60)
(33,54,36,55,34,53,35,56)(37,50,40,51,38,49,39,52)(41,46,44,47,42,45,43,48)],
p:=(2,47,42,78,40,60,71,68,65,9,48,6,45,44,87,82,11,46,8,17,13,32,34,57,67,27,74,66,69,23,64,22,33,41,51,43,58,50,85,84,39,80,38,5,29,16,18,73,83,81,53,7,3,4)
(10,63,26,62,24,76,55,52,49,25,79)(12,75,70,37,35,15,30,36,77)(14,20,61,28,59,86,56,88,54,21,19,31),
q:=(2,45,7,4)(5,17,33)(6,47)(8,29,35,36,79,38,41,49,21,32,14,31,34,59,88,56,86,54,25,77,39,78,11,48,42,80,10,61,23,62,27,76,53,44,85,82,40,58,52,51)
(9,46,43,60,69,28,57,65,37,16,30,15,18,75,72,70)(12,73,81,55,50,87,84)(13,19,20,63,22)(24,74,68,67)(26,64)(66,71)),rec(
gadd:=[(1,53,19,71,34,86,8,60,21,73,39,47,10,62,28,80,41,49,15,67,30,82,4,56,17,69,35,87,6,58,24,76,37,45,11,63,26,78,44,52,13,65,31,83,2,54,20,72,
33,85,7,59,22,74,40,48,9,61,27,79,42,50,16,68,29,81,3,55,18,70,36,88,5,57,23,75,38,46,12,64,25,77,43,51,14,66,32,84)],
gmul:=[(1,73,13,85,25,53,37,65,5,77,17,45,29,57,41,69,9,81,21,49,33,61)(2,74,14,86,26,54,38,66,6,78,18,46,30,58,42,70,10,82,22,50,34,62)
(3,76,15,88,27,56,39,68,7,80,19,48,31,60,43,72,11,84,23,52,35,64)(4,75,16,87,28,55,40,67,8,79,20,47,32,59,44,71,12,83,24,51,36,63),
(1,80,21,56,41,76,17,52,37,72,13,48,33,68,9,88,29,64,5,84,25,60)(2,79,22,55,42,75,18,51,38,71,14,47,34,67,10,87,30,63,6,83,26,59)(3,78,23,54,43,
74,19,50,39,70,15,46,35,66,11,86,31,62,7,82,27,58)(4,77,24,53,44,73,20,49,40,69,16,45,36,65,12,85,32,61,8,81,28,57)],
p:=(2,45,44,49,25,57,69,71,70,67,23,74,72,66,27,64,22,63,26,76,81,11,48,6,3,4)(5,29,16,18,31,14,20,33,41,85,54,51,7,17,13,32,34,15,30,36)(8,47,42,60,65,9,46)
(10,73,53,87,56,50,43,80,38,79)(12,61,28,77)(21,75,68,37,59,52)(24,62)(39,58,88,84,83,55,86,82)(40,78),
q:=(2,45,7,29,35,16,30,15,18,20,13,19,32,14,31,34,36,41,49,21,63,22,75,72,70,71,66,24,74,68,9,46,43,60,69,67,28,57,65,37,79,38,59,88,56,86,54,87,84,55,50,8,47,6,4)
(5,17,33)(10,61,23,62,27,76,53,51,44,85,82,12,73,81,40,58,52,25,77,39,78,11,48,42,80)(26,64)),rec(
gadd:=[(1,53,19,71,34,86,8,60,21,73,39,47,10,62,28,80,41,49,15,67,30,82,4,56,17,69,35,87,6,58,24,76,37,45,11,63,26,78,44,52,13,65,31,83,2,54,20,72,
33,85,7,59,22,74,40,48,9,61,27,79,42,50,16,68,29,81,3,55,18,70,36,88,5,57,23,75,38,46,12,64,25,77,43,51,14,66,32,84)],
gmul:=[(1,24,42,19,37,16,34,11,29,8,26,3,21,44,18,39,13,36,10,31,5,28,2,23,41,20,38,15,33,12,30,7,25,4,22,43,17,40,14,35,9,32,6,27)
(45,68,86,63,81,60,78,55,73,52,70,47,65,88,62,83,57,80,54,75,49,72,46,67,85,64,82,59,77,56,74,51,69,48,66,87,61,84,58,79,53,76,50,71),
(1,47)(2,48)(3,45)(4,46)(5,87)(6,88)(7,85)(8,86)(9,83)(10,84)(11,81)(12,82)(13,79)(14,80)(15,77)(16,78)(17,75)(18,76)(19,73)
(20,74)(21,71)(22,72)(23,69)(24,70)(25,67)(26,68)(27,65)(28,66)(29,63)(30,64)(31,61)(32,62)(33,59)(34,60)(35,57)(36,58)(37,55)(38,56)(39,53)(40,54)(41,51)(42,52)(43,49)(44,50)],
p:=(2,45,44,85,82,39,78,40,58,52,21,63,26,64,22,75,72,70,71,66,27,76,53,51,7,17,13,32,34,15,30,36,5,29,16,18,31,14,20,33,41,49,25,77,12,73,81,11,48,6,3,4)
(8,47,42,80,38,59,88,56,86,54,87,84,55,50,43,60,69,67,23,62,24,74,68,37,79,10,61,28,57,65,9,46),
q:=(2,45,7,29,35,16,30,15,18,20,13,19,32,14,31,34,36,41,49,21,63,22,75,72,70,71,66,24,74,68,9,46,43,60,69,67,28,57,65,37,79,38,59,88,56,86,54,87,84,55,50,8,47,6,4)
(5,17,33)(10,61,23,62,27,76,53,51,44,85,82,12,73,81,40,58,52,25,77,39,78,11,48,42,80)(26,64)),rec(
gadd:=[(1,53,19,71,34,86,8,60,21,73,39,47,10,62,28,80,41,49,15,67,30,82,4,56,17,69,35,87,6,58,24,76,37,45,11,63,26,78,44,52,13,65,31,83,2,54,20,72,
33,85,7,59,22,74,40,48,9,61,27,79,42,50,16,68,29,81,3,55,18,70,36,88,5,57,23,75,38,46,12,64,25,77,43,51,14,66,32,84)],
gmul:=[(1,55,4,53,2,56,3,54)(5,51,8,49,6,52,7,50)(9,47,12,45,10,48,11,46)(13,87,16,85,14,88,15,86)(17,83,20,81,18,84,19,82)(21,79,24,77,22,80,23,78)
(25,75,28,73,26,76,27,74)(29,71,32,69,30,72,31,70)(33,67,36,65,34,68,35,66)(37,63,40,61,38,64,39,62)(41,59,44,57,42,60,43,58),(1,63,4,61,2,64,3,62)(5,59,8,57,6,60,7,58)
(9,55,12,53,10,56,11,54)(13,51,16,49,14,52,15,50)(17,47,20,45,18,48,19,46)(21,87,24,85,22,88,23,86)(25,83,28,81,26,84,27,82)(29,79,32,77,30,80,31,78)
(33,75,36,73,34,76,35,74)(37,71,40,69,38,72,39,70)(41,67,44,65,42,68,43,66)],
p:=(2,48,6,45,44,88,55,50,85,82,11,64,22,33,41,79,10,47,42,59,68,65,9,46,8,17,13,32,34,57,51,43,52,49,25,63,26,75,84,39,78,40,58,87,83,81,53,7,3,4)
(5,29,16,18,73,67,27,80,38)(12,76,56,86,54,21,19,31,14,20,61,28,60,72,70,37,35,15,30,36,77)(23,62,24,74,71,66,69),
q:=(2,45,7,4)(5,17,33)(6,48,42,58,86,55,51,8,29,35,36,80,10,46,43,49,21,32,14,31,34,60,69,28,57,50,88,54,25,62,27,77,39,79,38,41,78,11,61,23,63,22,13,19,20,64,26,74,70,9,47)
(12,73,66,72,71,67,24,75,81,56,87,82,40,59,65,37,16,30,15,18,76,53,44,85,83,84)),rec(
gadd:=[(1,53,19,71,34,86,8,60,21,73,39,47,10,62,28,80,41,49,15,67,30,82,4,56,17,69,35,87,6,58,24,76,37,45,11,63,26,78,44,52,13,65,31,83,2,54,20,72,
33,85,7,59,22,74,40,48,9,61,27,79,42,50,16,68,29,81,3,55,18,70,36,88,5,57,23,75,38,46,12,64,25,77,43,51,14,66,32,84)],
gmul:=[(1,82,2,81)(3,83,4,84)(5,78,6,77)(7,79,8,80)(9,74,10,73)(11,75,12,76)(13,70,14,69)(15,71,16,72)(17,66,18,65)(19,67,20,68)(21,62,22,61)
(23,63,24,64)(25,58,26,57)(27,59,28,60)(29,54,30,53)(31,55,32,56)(33,50,34,49)(35,51,36,52)(37,46,38,45)(39,47,40,48)(41,86,42,85)(43,87,44,88),(1,88,2,87)(3,86,4,85)(5,84,6,83)
(7,82,8,81)(9,80,10,79)(11,78,12,77)(13,76,14,75)(15,74,16,73)(17,72,18,71)(19,70,20,69)(21,68,22,67)(23,66,24,65)(25,64,26,63)(27,62,28,61)
(29,60,30,59)(31,58,32,57)(33,56,34,55)(35,54,36,53)(37,52,38,51)(39,50,40,49)(41,48,42,47)(43,46,44,45)],
p:=(2,46,8,17,13,32,34,57,66,69,23,64,22,33,41,50,85,84,39,80,38,5,29,16,18,73,82,11,47,42,79,10,62,24,76,54,21,19,31,14,20,61,28,58,51,43,59,87,83,81,53,7,3,4)
(6,45,44,86,56,88,55,52,49,25,78,40,60,70,37,35,15,30,36,77,12,74,67,27,75,71,68,65,9,48)(26,63),
q:=(2,45,7,4)(5,17,33)(6,46,43,60,69,28,57,65,37,16,30,15,18,74,68,66,70,9,47)(8,29,35,36,78,11,48,42,80,10,61,23,63,22,13,19,20,62,27,76,53,44,
85,83,82,40,59,88,56,87,84,12,73,81,54,25,77,39,79,38,41,49,21,32,14,31,34,58,52,50,86,55,51)(24,75,72,71,67)(26,64)),rec(
gadd:=[(1,53,19,71,34,86,8,60,21,73,39,47,10,62,28,80,41,49,15,67,30,82,4,56,17,69,35,87,6,58,24,76,37,45,11,63,26,78,44,52,13,65,31,83,2,54,20,72,
33,85,7,59,22,74,40,48,9,61,27,79,42,50,16,68,29,81,3,55,18,70,36,88,5,57,23,75,38,46,12,64,25,77,43,51,14,66,32,84)],
gmul:=[(1,27,6,32,9,35,14,40,17,43,22,4,25,7,30,12,33,15,38,20,41,23,2,28,5,31,10,36,13,39,18,44,21,3,26,8,29,11,34,16,37,19,42,24)
(45,71,50,76,53,79,58,84,61,87,66,48,69,51,74,56,77,59,82,64,85,67,46,72,49,75,54,80,57,83,62,88,65,47,70,52,73,55,78,60,81,63,86,68),
(1,61,34,50,21,81,10,70,41,57,30,46,17,77,6,66,37,53,26,86,13,73,2,62,33,49,22,82,9,69,42,58,29,45,18,78,5,65,38,54,25,85,14,74)(3,64,36,51,23,
84,12,71,43,60,32,47,19,80,8,67,39,56,28,87,15,76,4,63,35,52,24,83,11,72,44,59,31,48,20,79,7,68,40,55,27,88,16,75)],
p:=(2,46,8,17,13,32,34,57,70,37,35,15,30,36,77,12,62,24,64,22,33,41,86,84,39,60,66,69,23,76,82,11,47,42,59,51,43,79,10,74,71,72,68,65,9,48,6,45,44,50,85,56,52,49,25,58,87,55,88,83,81,53,7,3,4)
(5,29,16,18,73,54,21,19,31,14,20,61,28,78,40,80,38)(26,75,67,27,63),
q:=(2,45,7,4)(5,17,33)(6,46,43,60,69,28,57,65,37,16,30,15,18,62,27,76,53,44,85,83,54,25,77,39,79,38,41,49,21,32,14,31,34,78,11,48,42,80,10,61,23,63,22,13,19,20,74,68,70,9,47)
(8,29,35,36,58,52,86,55,51)(12,73,81,82,40,59,88,56,87,84)(24,75,72,71,67)(26,64)),rec(
gadd:=[(1,53,19,71,34,86,8,60,21,73,39,47,10,62,28,80,41,49,15,67,30,82,4,56,17,69,35,87,6,58,24,76,37,45,11,63,26,78,44,52,13,65,31,83,2,54,20,72,
33,85,7,59,22,74,40,48,9,61,27,79,42,50,16,68,29,81,3,55,18,70,36,88,5,57,23,75,38,46,12,64,25,77,43,51,14,66,32,84)],
gmul:=[(1,53,19,71,34,86,8,60,21,73,39,47,10,62,28,80,41,49,15,67,30,82,4,56,17,69,35,87,6,58,24,76,37,45,11,63,26,78,44,52,13,65,31,83,2,54,20,72,
33,85,7,59,22,74,40,48,9,61,27,79,42,50,16,68,29,81,3,55,18,70,36,88,5,57,23,75,38,46,12,64,25,77,43,51,14,66,32,84)],
p:=(2,48,6,45,44,52,49,25,75,56,50,85,54,21,19,31,14,20,61,28,80,38,5,29,16,18,73,71,70,37,35,15,30,36,77,12,64,22,33,41,59,72,66,69,23,74,67,27,60,
68,65,9,46,8,17,13,32,34,57,87,55,86,82,11,76,84,39,58,51,43,88,83,81,53,7,3,4)(10,47,42,79)(24,62)(26,63)(40,78),
q:=(2,45,7,4)(5,17,33)(6,48,42,58,86,55,51,8,29,35,36,60,69,28,57,50,52,88,54,25,62,27,77,39,79,38,41,78,11,61,23,63,22,13,19,20,76,53,44,85,83,
56,87,82,40,59,65,37,16,30,15,18,64,26,74,70,9,47)(10,46,43,49,21,32,14,31,34,80)(12,73,66,68,72,71,67,24,75,81,84)),rec(
gadd:=[(1,53,19,71,34,86,8,60,21,73,39,47,10,62,28,80,41,49,15,67,30,82,4,56,17,69,35,87,6,58,24,76,37,45,11,63,26,78,44,52,13,65,31,83,2,54,20,72,
33,85,7,59,22,74,40,48,9,61,27,79,42,50,16,68,29,81,3,55,18,70,36,88,5,57,23,75,38,46,12,64,25,77,43,51,14,66,32,84)],
gmul:=[(1,36,2,35)(3,33,4,34)(5,32,6,31)(7,29,8,30)(9,28,10,27)(11,25,12,26)(13,24,14,23)(15,21,16,22)(17,20,18,19)(37,44,38,43)(39,41,40,42)
(45,80,46,79)(47,77,48,78)(49,76,50,75)(51,73,52,74)(53,72,54,71)(55,69,56,70)(57,68,58,67)(59,65,60,66)(61,64,62,63)(81,88,82,87)(83,85,84,86),(1,54,17,70,33,86,5,58,21,74,37,46,9,62,25,78,
41,50,13,66,29,82)(2,53,18,69,34,85,6,57,22,73,38,45,10,61,26,77,42,49,14,65,30,81)(3,55,19,71,35,87,7,59,23,75,39,47,11,63,27,79,43,51,15,67,31,83)
(4,56,20,72,36,88,8,60,24,76,40,48,12,64,28,80,44,52,16,68,32,84)],
p:=(2,45,8,47,42,60,65,9,46,44,49,25,57,69,67,23,74,72,66,27,64,22,75,68,37,79,10,73,53,51,7,17,13,20,33,41,85,54,87,56,50,43,80,38,59,52,21,63,26,76,81,11,48,6,3,4)
(5,29,36)(12,61,24,62,28,77,40,78)(14,32,34,15,30,16,18,31)(39,58,88,84,55,86,82)(70,71),
q:=(2,45,7,29,35,36,41,49,21,63,22,75,68,9,46,43,80,10,61,23,62,27,64,26,76,53,51,8,47,6,4)(5,17,33)(11,48,42,60,69,67,24,74,72,70,71,66,28,57,65,37,79,38,59,52,25,77,39,78)
(12,73,81)(13,19,20)(14,31,34,16,30,15,18,32)(40,58,88,84,55,50,44,85,82)(54,87,56,86)),rec(
gadd:=[(1,53,19,71,34,86,8,60,21,73,39,47,10,62,28,80,41,49,15,67,30,82,4,56,17,69,35,87,6,58,24,76,37,45,11,63,26,78,44,52,13,65,31,83,2,54,20,72,
33,85,7,59,22,74,40,48,9,61,27,79,42,50,16,68,29,81,3,55,18,70,36,88,5,57,23,75,38,46,12,64,25,77,43,51,14,66,32,84)],
gmul:=[(1,80)(2,79)(3,78)(4,77)(5,76)(6,75)(7,74)(8,73)(9,72)(10,71)(11,70)(12,69)(13,68)(14,67)(15,66)(16,65)(17,64)(18,63)(19,62)(20,61)
(21,60)(22,59)(23,58)(24,57)(25,56)(26,55)(27,54)(28,53)(29,52)(30,51)(31,50)(32,49)(33,48)(34,47)(35,46)(36,45)(37,88)(38,87)(39,86)(40,85)(41,84)(42,83)(43,82)(44,81),
(1,82,2,81)(3,83,4,84)(5,78,6,77)(7,79,8,80)(9,74,10,73)(11,75,12,76)(13,70,14,69)(15,71,16,72)(17,66,18,65)(19,67,20,68)(21,62,22,61)
(23,63,24,64)(25,58,26,57)(27,59,28,60)(29,54,30,53)(31,55,32,56)(33,50,34,49)(35,51,36,52)(37,46,38,45)(39,47,40,48)(41,86,42,85)(43,87,44,88)],
p:=(2,4)(3,46,86,56,88,83,39,80,38,5,29,78,54,21,61,66,27,63,26,75,67,69,65,9,48,6)(7,45,50,43,79,10,32,34,15,30,58,87,55,52)(8,17,13,62,70,37,
77,82,53,49,25,16,18,31,14,74,71,68,23,64,22,33,41,44)(11,47,42,59,51,85,84,81)(12,20,19,73)(24,76,40,60)(28,36,35,57),
q:=(2,3,45,49,21,62,69,66,24,76,11,47,6,4)(5,17,33)(7,46,85,84,82,54,25,35,58,87,55,52,44,43,79,38,41)(8,29,77,81,40,60,27,63,22,13,61,65,37,78,53,50)
(9,48,42,59,51,86,56,88,83,12,31,34,36,16,30,57,23,64,26,75,67,70)(10,19,74,71,68,28,15,18,20,32,14,73,39,80)),rec(
gadd:=[(1,53,19,71,34,86,8,60,21,73,39,47,10,62,28,80,41,49,15,67,30,82,4,56,17,69,35,87,6,58,24,76,37,45,11,63,26,78,44,52,13,65,31,83,2,54,20,72,
33,85,7,59,22,74,40,48,9,61,27,79,42,50,16,68,29,81,3,55,18,70,36,88,5,57,23,75,38,46,12,64,25,77,43,51,14,66,32,84)],
gmul:=[(1,39,2,40)(3,38,4,37)(5,35,6,36)(7,34,8,33)(9,31,10,32)(11,30,12,29)(13,27,14,28)(15,26,16,25)(17,23,18,24)(19,22,20,21)(41,43,42,44)
(45,84,46,83)(47,81,48,82)(49,80,50,79)(51,77,52,78)(53,76,54,75)(55,73,56,74)(57,72,58,71)(59,69,60,70)(61,68,62,67)(63,65,64,66)(85,88,86,87),(1,49,2,50)(3,52,4,51)(5,45,6,46)
(7,48,8,47)(9,85,10,86)(11,88,12,87)(13,81,14,82)(15,84,16,83)(17,77,18,78)(19,80,20,79)(21,73,22,74)(23,76,24,75)(25,69,26,70)(27,72,28,71)
(29,65,30,66)(31,68,32,67)(33,61,34,62)(35,64,36,63)(37,57,38,58)(39,60,40,59)(41,53,42,54)(43,56,44,55)],
p:=(2,47,42,15,30,58,43,35,77,82,81,53,8,4)(3,46,86,84,12,63,26,31,14,74,27,19,61,66,69,24,64,22,32,34,57,71,72,68,37,36,5,29,78,54,44,51,49,25,59,
7,17,13,62,70,28,79,10,75,23,76,83,40,80,38,16,18,73,55,88,39,60,67,65,9,48,6,45,50,85,56,52,21,20,33,41,87,11),
q:=(2,47,6,46,85,84,11,4)(3,45,49,21,19,62,69,23,64,26,32,14,73,83,39,80,10,63,22,31,34,58,44,87,12,75,24,76,55,52,25,79,38,15,18,74,28,59,8)(5,17,33)
(7,29,77,81,54,43,36,41,51,50,86,56,88,40,60,71,68,9,48,42,16,30,57,67,66,70,27,20,13,61,65,37,35,78,53)),rec(
gadd:=[(1,53,19,71,34,86,8,60,21,73,39,47,10,62,28,80,41,49,15,67,30,82,4,56,17,69,35,87,6,58,24,76,37,45,11,63,26,78,44,52,13,65,31,83,2,54,20,72,
33,85,7,59,22,74,40,48,9,61,27,79,42,50,16,68,29,81,3,55,18,70,36,88,5,57,23,75,38,46,12,64,25,77,43,51,14,66,32,84)],
gmul:=[(1,58,26,81,5,62,30,85,9,66,34,45,13,70,38,49,17,74,42,53,21,78,2,57,25,82,6,61,29,86,10,65,33,46,14,69,37,50,18,73,41,54,22,77)
(3,59,28,84,7,63,32,88,11,67,36,48,15,71,40,52,19,75,44,56,23,79,4,60,27,83,8,64,31,87,12,68,35,47,16,72,39,51,20,76,43,55,24,80),
(1,59,25,83,5,63,29,87,9,67,33,47,13,71,37,51,17,75,41,55,21,79)(2,60,26,84,6,64,30,88,10,68,34,48,14,72,38,52,18,76,42,56,22,80)(3,57,27,81,7,
61,31,85,11,65,35,45,15,69,39,49,19,73,43,53,23,77)(4,58,28,82,8,62,32,86,12,66,36,46,16,70,40,50,20,74,44,54,24,78)],
p:=(2,4)(3,46,50,43,79,10,32,34,15,30,78,82,53,49,25,16,18,31,14,62,66,27,63,26,75,67,69,65,9,48,6)(5,29,58,87,55,88,83,39,60,24,64,22,33,41,44,8,17,13,74,71,72,68,23,76,40,80,38)
(7,45,86,84,81,11,47,42,59,51,85,56,52)(12,20,19,73)(21,61,70,37,77,54)(28,36,35,57),
q:=(2,3,45,49,21,74,67,66,24,76,11,47,6,4)(5,17,33)(7,46,85,84,54,25,35,78,53,86,56,88,55,52,44,43,59,87,83,12,31,34,36,16,30,57,23,64,26,63,22,
13,61,65,37,58,51,50,8,29,77,81,40,60,27,75,71,68,28,15,18,20,32,14,73,39,80,10,19,62,69,70,9,48,42,79,38,41)),rec(
gadd:=[(1,53,19,71,34,86,8,60,21,73,39,47,10,62,28,80,41,49,15,67,30,82,4,56,17,69,35,87,6,58,24,76,37,45,11,63,26,78,44,52,13,65,31,83,2,54,20,72,
33,85,7,59,22,74,40,48,9,61,27,79,42,50,16,68,29,81,3,55,18,70,36,88,5,57,23,75,38,46,12,64,25,77,43,51,14,66,32,84)],
gmul:=[(1,16,2,15)(3,13,4,14)(5,12,6,11)(7,9,8,10)(17,44,18,43)(19,41,20,42)(21,40,22,39)(23,37,24,38)(25,36,26,35)(27,33,28,34)(29,32,30,31)
(45,59,46,60)(47,58,48,57)(49,55,50,56)(51,54,52,53)(61,87,62,88)(63,86,64,85)(65,83,66,84)(67,82,68,81)(69,79,70,80)(71,78,72,77)(73,75,74,76),(1,78,22,53,41,74,18,49,37,70,14,45,33,66,10,85,
29,62,6,81,25,58,2,77,21,54,42,73,17,50,38,69,13,46,34,65,9,86,30,61,5,82,26,57)(3,79,24,56,43,75,20,52,39,71,16,48,35,67,12,88,31,63,8,84,27,59,
4,80,23,55,44,76,19,51,40,72,15,47,36,68,11,87,32,64,7,83,28,60)],
p:=(2,4)(3,46,50,43,59,87,83,39,80,38,5,29,58,51,85,84,81,11,47,42,79,10,20,19,73,40,60,28,16,18,31,14,62,66,27,75,71,68,23,64,22,33,41,8,17,13,74,67,69,65,9,48,6)
(7,45,86,56,88,55,52)(12,32,34,15,30,78,82,53,49,25,36,35,57,24,76)(21,61,70,37,77,54)(26,63),
q:=(2,3,45,49,21,74,67,66,28,15,18,32,14,73,39,80,10,19,62,69,70,9,48,42,79,38,41,7,46,85,84,54,25,35,78,53,86,56,88,55,52,8,29,77,81,12,31,34,16,
30,57,23,64,26,63,22,13,61,65,37,58,51,50,44,43,59,87,83,40,60,27,75,71,68,24,76,11,47,6,4)(5,17,33)),rec(
gadd:=[(1,53,19,71,34,86,8,60,21,73,39,47,10,62,28,80,41,49,15,67,30,82,4,56,17,69,35,87,6,58,24,76,37,45,11,63,26,78,44,52,13,65,31,83,2,54,20,72,
33,85,7,59,22,74,40,48,9,61,27,79,42,50,16,68,29,81,3,55,18,70,36,88,5,57,23,75,38,46,12,64,25,77,43,51,14,66,32,84)],
gmul:=[(1,12,2,11)(3,9,4,10)(5,8,6,7)(13,44,14,43)(15,41,16,42)(17,40,18,39)(19,37,20,38)(21,36,22,35)(23,33,24,34)(25,32,26,31)(27,29,28,30)
(45,56,46,55)(47,53,48,54)(49,52,50,51)(57,88,58,87)(59,85,60,86)(61,84,62,83)(63,81,64,82)(65,80,66,79)(67,77,68,78)(69,76,70,75)(71,73,72,74),(1,60,2,59)(3,58,4,57)(5,56,6,55)
(7,54,8,53)(9,52,10,51)(11,50,12,49)(13,48,14,47)(15,46,16,45)(17,88,18,87)(19,86,20,85)(21,84,22,83)(23,82,24,81)(25,80,26,79)(27,78,28,77)
(29,76,30,75)(31,74,32,73)(33,72,34,71)(35,70,36,69)(37,68,38,67)(39,66,40,65)(41,64,42,63)(43,62,44,61)],
p:=(2,4)(3,46,50,43,60,28,16,18,31,14,62,66,27,76,12,32,34,15,30,78,82,53,49,25,36,35,57,24,75,72,71,67,69,65,9,47,42,80,38,5,29,58,52,7,45,86,55,
51,85,83,39,79,10,20,19,73,40,59,88,56,87,84,81,11,48,6)(8,17,13,74,68,23,63,26,64,22,33,41)(21,61,70,37,77,54),
q:=(2,3,45,49,21,74,67,66,28,15,18,32,14,73,39,80,10,19,62,69,70,9,48,42,79,38,41,7,46,85,84,54,25,35,78,53,86,56,88,55,52,8,29,77,81,12,31,34,16,
30,57,23,64,26,63,22,13,61,65,37,58,51,50,44,43,59,87,83,40,60,27,75,71,68,24,76,11,47,6,4)(5,17,33)),rec(
gadd:=[(1,50,10,57,17,66,4,51,11,60,20,45,5,54,14,61,21,48,8,55,15,64,2,49,9,58,18,65,3,52,12,59,19,46,6,53,13,62,22,47,7,56,16,63)
(23,72,32,79,39,88,26,73,33,82,42,67,27,76,36,83,43,70,30,77,37,86,24,71,31,80,40,87,25,74,34,81,41,68,28,75,35,84,44,69,29,78,38,85),
(1,69,6,74,9,77,14,82,17,85,22,68,3,71,8,76,11,79,16,84,19,87,2,70,5,73,10,78,13,81,18,86,21,67,4,72,7,75,12,80,15,83,20,88)(23,47,28,52,31,
55,36,60,39,63,44,46,25,49,30,54,33,57,38,62,41,65,24,48,27,51,32,56,35,59,40,64,43,45,26,50,29,53,34,58,37,61,42,66)],
gmul:=[(1,44,19,40,15,36,11,32,7,28,3,24,21,42,17,38,13,34,9,30,5,26)(2,43,20,39,16,35,12,31,8,27,4,23,22,41,18,37,14,33,10,29,6,25)
(45,87,63,83,59,79,55,75,51,71,47,67,65,85,61,81,57,77,53,73,49,69)(46,88,64,84,60,80,56,76,52,72,48,68,66,86,62,82,58,78,54,74,50,70),
(1,85,16,78,7,69,22,84,13,75,6,68,19,81,12,74,3,87,18,80,9,71,2,86,15,77,8,70,21,83,14,76,5,67,20,82,11,73,4,88,17,79,10,72)(23,64,38,55,29,
48,44,61,35,54,28,45,41,60,34,51,25,66,40,57,31,50,24,63,37,56,30,47,43,62,36,53,27,46,42,59,33,52,26,65,39,58,32,49)],
p:=(2,46,29,70,75,35,49,15,22,69,81,57,40,52,9,66,59,37,85,36,7,3,23,64,10,48,8,67,53,83,79,14,25,44,86,34,63,16,4)(5,21,87,80,12,43,39,62,31,20)
(6,45,72,56,54,73,38,71,58,30,27,41,42,28,88,78,33,17,19,47,18,65,13,68,11,24,50,61,74,32)(55,60,84,77,76,82),
q:=(2,45,85,34,50,52,15,4)(3,23,49,9,47,8,68,13,67,60,73,32,20,19,66,54,84,80,14,43,29,87,77,81,56,59,31,6,46,39,51,62,37,72,57,30,41,28,69,76,75,
33,7,21,70,82,58,40,61,83,78,35,64,16,22,88,79,12,25,26,44,71,55,53,74,38,86,36,17,5)(10,65,11,24,63)(18,48)),rec(
gadd:=[(1,44,19,40,15,36,11,32,7,28,3,24,21,42,17,38,13,34,9,30,5,26)(2,43,20,39,16,35,12,31,8,27,4,23,22,41,18,37,14,33,10,29,6,25)
(45,88,63,84,59,80,55,76,51,72,47,68,65,86,61,82,57,78,53,74,49,70)(46,87,64,83,60,79,56,75,52,71,48,67,66,85,62,81,58,77,54,73,50,69),
(1,62,12,49,21,60,10,47,19,58,8,45,17,56,6,65,15,54,4,63,13,52,2,61,11,50,22,59,9,48,20,57,7,46,18,55,5,66,16,53,3,64,14,51)(23,84,34,71,43,
82,32,69,41,80,30,67,39,78,28,87,37,76,26,85,35,74,24,83,33,72,44,81,31,70,42,79,29,68,40,77,27,88,38,75,25,86,36,73)],
gmul:=[(1,44,19,40,15,36,11,32,7,28,3,24,21,42,17,38,13,34,9,30,5,26)(2,43,20,39,16,35,12,31,8,27,4,23,22,41,18,37,14,33,10,29,6,25)
(45,87,63,83,59,79,55,75,51,71,47,67,65,85,61,81,57,77,53,73,49,69)(46,88,64,84,60,80,56,76,52,72,48,68,66,86,62,82,58,78,54,74,50,70),
(1,52,13,64,3,54,15,66,5,56,17,46,7,58,19,48,9,60,21,50,11,62)(2,51,14,63,4,53,16,65,6,55,18,45,8,57,20,47,10,59,22,49,12,61)(23,73,35,85,25,
75,37,87,27,77,39,67,29,79,41,69,31,81,43,71,33,83)(24,74,36,86,26,76,38,88,28,78,40,68,30,80,42,70,32,82,44,72,34,84),(1,61,11,49,21,59,9,47,19,57,7,45,17,55,5,65,15,53,3,63,13,51)
(2,62,12,50,22,60,10,48,20,58,8,46,18,56,6,66,16,54,4,64,14,52)(23,84,33,72,43,82,31,70,41,80,29,68,39,78,27,88,37,76,25,86,35,74)(24,83,34,71,44,
81,32,69,42,79,30,67,40,77,28,87,38,75,26,85,36,73)],
p:=(2,46,8,45,18,68,75,35,85,36,71,58,30,6,3,23,64,11,24,50,72,56,54,51,83,57,40,52,73,38,49,86,34,70,53,61,16,19,87,80,76,33,88,78,12,43,39,62,10,48,9,66,74,32,7,67,81,79,82,77,14,22,47,15,4)
(5,21,65,84,55,60,31,17)(13,25,44,29,20,69,59,37,63)(27,41,42,28),
q:=(2,46,18,68,81,77,12,25,26,44,39,52,83,55,54,61,10,66,84,57,30,20,87,78,14,4)(3,23,50,86,36,85,34,88,80,82,79,76,35,71,56,60,37,49,72,58,40,62,16,5)
(6,21,47,9,48,15,22,65,74,38,63,11,24,64,13,43,29)(7,67,75,33,70,59,31)(8,45)(17,19,69,53,51,73,32)(28,41)),rec(
gadd:=[(1,43,19,39,15,35,11,31,7,27,3,23,21,41,17,37,13,33,9,29,5,25)(2,44,20,40,16,36,12,32,8,28,4,24,22,42,18,38,14,34,10,30,6,26)
(45,87,63,83,59,79,55,75,51,71,47,67,65,85,61,81,57,77,53,73,49,69)(46,88,64,84,60,80,56,76,52,72,48,68,66,86,62,82,58,78,54,74,50,70),
(1,59,8,66,13,49,20,56,3,61,10,46,15,51,22,58,5,63,12,48,17,53,2,60,7,65,14,50,19,55,4,62,9,45,16,52,21,57,6,64,11,47,18,54)(23,81,30,88,35,
71,42,78,25,83,32,68,37,73,44,80,27,85,34,70,39,75,24,82,29,87,36,72,41,77,26,84,31,67,38,74,43,79,28,86,33,69,40,76)],
gmul:=[(1,40,11,28,21,38,9,26,19,36,7,24,17,34,5,44,15,32,3,42,13,30)(2,39,12,27,22,37,10,25,20,35,8,23,18,33,6,43,16,31,4,41,14,29)
(45,83,55,71,65,81,53,69,63,79,51,67,61,77,49,87,59,75,47,85,57,73)(46,84,56,72,66,82,54,70,64,80,52,68,62,78,50,88,60,76,48,86,58,74),
(1,63,2,64)(3,61,4,62)(5,59,6,60)(7,57,8,58)(9,55,10,56)(11,53,12,54)(13,51,14,52)(15,49,16,50)(17,47,18,48)(19,45,20,46)(21,65,22,66)
(23,86,24,85)(25,84,26,83)(27,82,28,81)(29,80,30,79)(31,78,32,77)(33,76,34,75)(35,74,36,73)(37,72,38,71)(39,70,40,69)(41,68,42,67)(43,88,44,87)],
p:=(2,46,29,70,81,57,40,62,31,20,5,21,69,75,35,49,15,22,87,80,12,43,39,52,9,48,8,67,53,73,38,85,36,7,3,23,50,61,74,32,6,45,72,58,30,27,41,42,28,
88,78,33,17,19,47,18,65,13,68,11,24,64,10,66,59,37,71,56,60,84,79,14,25,44,86,34,63,16,4)(54,83,77,76,82,55),
q:=(2,45,71,55,53,74,38,86,36,17,5,3,23,49,9,47,8,68,13,67,54,84,80,14,43,29,69,76,81,58,40,61,73,32,20,19,48,18,66,60,83,78,35,50,62,37,72,57,30,
41,28,87,79,12,25,26,44,85,34,64,16,22,88,77,75,33,7,21,70,82,56,59,31,6,46,39,51,52,15,4)(10,65,11,24,63)),rec(
gadd:=[(1,48,6,51,9,56,14,59,17,64,22,45,3,50,8,53,11,58,16,61,19,66,2,47,5,52,10,55,13,60,18,63,21,46,4,49,7,54,12,57,15,62,20,65)
(23,70,28,73,31,78,36,81,39,86,44,67,25,72,30,75,33,80,38,83,41,88,24,69,27,74,32,77,35,82,40,85,43,68,26,71,29,76,34,79,37,84,42,87),
(1,77,22,76,19,73,18,72,15,69,14,68,11,87,10,86,7,83,6,82,3,79,2,78,21,75,20,74,17,71,16,70,13,67,12,88,9,85,8,84,5,81,4,80)(23,55,44,54,41,
51,40,50,37,47,36,46,33,65,32,64,29,61,28,60,25,57,24,56,43,53,42,52,39,49,38,48,35,45,34,66,31,63,30,62,27,59,26,58)],
gmul:=[(1,44,19,40,15,36,11,32,7,28,3,24,21,42,17,38,13,34,9,30,5,26)(2,43,20,39,16,35,12,31,8,27,4,23,22,41,18,37,14,33,10,29,6,25)
(45,87,63,83,59,79,55,75,51,71,47,67,65,85,61,81,57,77,53,73,49,69)(46,88,64,84,60,80,56,76,52,72,48,68,66,86,62,82,58,78,54,74,50,70),
(1,67)(2,68)(3,87)(4,88)(5,85)(6,86)(7,83)(8,84)(9,81)(10,82)(11,79)(12,80)(13,77)(14,78)(15,75)(16,76)(17,73)(18,74)(19,71)
(20,72)(21,69)(22,70)(23,46)(24,45)(25,66)(26,65)(27,64)(28,63)(29,62)(30,61)(31,60)(32,59)(33,58)(34,57)(35,56)(36,55)(37,54)(38,53)(39,52)(40,51)(41,50)(42,49)(43,48)(44,47),
(1,82)(2,81)(3,80)(4,79)(5,78)(6,77)(7,76)(8,75)(9,74)(10,73)(11,72)(12,71)(13,70)(14,69)(15,68)(16,67)(17,88)(18,87)(19,86)(20,85)
(21,84)(22,83)(23,59)(24,60)(25,57)(26,58)(27,55)(28,56)(29,53)(30,54)(31,51)(32,52)(33,49)(34,50)(35,47)(36,48)(37,45)(38,46)(39,65)(40,66)(41,63)(42,64)(43,61)(44,62)],
p:=(2,46,8,45,18,68,81,77,14,22,65,74,32,7,67,75,35,71,56,60,31,17,5,21,47,15,4)(3,23,50,86,34,88,80,82,79,76,33,70,59,37,49,72,58,30,6)(9,48)
(10,66,84,57,40,62)(11,24,64)(12,43,39,52,83,55,54,61,16,19,69,53,51,73,38,63,13,25,44,29,20,87,78)(27,41,42,28)(36,85),
q:=(2,46,18,68,81,77,12,25,26,44,39,52,83,55,54,61,10,66,84,57,30,20,87,78,14,4)(3,23,50,86,36,85,34,88,80,82,79,76,35,71,56,60,37,49,72,58,40,62,16,5)
(6,21,47,9,48,15,22,65,74,38,63,11,24,64,13,43,29)(7,67,75,33,70,59,31)(8,45)(17,19,69,53,51,73,32)(28,41)),rec(
gadd:=[(1,32,17,26,11,42,5,36,21,30,15,24,9,40,3,34,19,28,13,44,7,38)(2,31,18,25,12,41,6,35,22,29,16,23,10,39,4,33,20,27,14,43,8,37)
(45,76,61,70,55,86,49,80,65,74,59,68,53,84,47,78,63,72,57,88,51,82)(46,75,62,69,56,85,50,79,66,73,60,67,54,83,48,77,64,71,58,87,52,81),
(1,66,20,61,15,58,12,53,7,50,4,45,21,64,18,59,13,56,10,51,5,48,2,65,19,62,16,57,11,54,8,49,3,46,22,63,17,60,14,55,9,52,6,47)(23,88,42,83,37,
80,34,75,29,72,26,67,43,86,40,81,35,78,32,73,27,70,24,87,41,84,38,79,33,76,30,71,25,68,44,85,39,82,36,77,31,74,28,69)],
gmul:=[(1,40,11,28,21,38,9,26,19,36,7,24,17,34,5,44,15,32,3,42,13,30)(2,39,12,27,22,37,10,25,20,35,8,23,18,33,6,43,16,31,4,41,14,29)
(45,84,55,72,65,82,53,70,63,80,51,68,61,78,49,88,59,76,47,86,57,74)(46,83,56,71,66,81,54,69,64,79,52,67,62,77,50,87,60,75,48,85,58,73),
(1,45,2,46)(3,65,4,66)(5,63,6,64)(7,61,8,62)(9,59,10,60)(11,57,12,58)(13,55,14,56)(15,53,16,54)(17,51,18,52)(19,49,20,50)(21,47,22,48)
(23,67,24,68)(25,87,26,88)(27,85,28,86)(29,83,30,84)(31,81,32,82)(33,79,34,80)(35,77,36,78)(37,75,38,76)(39,73,40,74)(41,71,42,72)(43,69,44,70)],
p:=(2,46,29,69,76,81,57,40,62,31,20,5,21,70,82,55,54,84,80,12,43,39,52,9,48,8,68,11,24,64,10,66,59,37,72,58,30,27,41,42,28,87,79,14,25,44,85,36,7,3,23,50,61,73,38,86,34,63,16,4)
(6,45,71,56,60,83,78,33,17,19,47,18,65,13,67,53,74,32)(15,22,88,77,75,35,49),
q:=(2,45,72,57,30,41,28,88,78,35,50,62,37,71,55,53,73,32,20,19,48,18,66,60,84,79,12,25,26,44,86,36,17,5,3,23,49,9,47,8,67,54,83,77,76,82,56,59,31,6,46,39,51,52,15,4)
(7,21,69,75,33)(10,65,11,24,63)(13,68)(14,43,29,70,81,58,40,61,74,38,85,34,64,16,22,87,80)),rec(
gadd:=[(1,28,9,36,17,44,3,30,11,38,19,24,5,32,13,40,21,26,7,34,15,42)(2,27,10,35,18,43,4,29,12,37,20,23,6,31,14,39,22,25,8,33,16,41)
(45,72,53,80,61,88,47,74,55,82,63,68,49,76,57,84,65,70,51,78,59,86)(46,71,54,79,62,87,48,73,56,81,64,67,50,75,58,83,66,69,52,77,60,85),
(1,61,12,50,21,59,10,48,19,57,8,46,17,55,6,66,15,53,4,64,13,51,2,62,11,49,22,60,9,47,20,58,7,45,18,56,5,65,16,54,3,63,14,52)(23,83,34,72,43,
81,32,70,41,79,30,68,39,77,28,88,37,75,26,86,35,73,24,84,33,71,44,82,31,69,42,80,29,67,40,78,27,87,38,76,25,85,36,74)],
gmul:=[(1,16,7,22,13,6,19,12,3,18,9,2,15,8,21,14,5,20,11,4,17,10)(23,38,29,44,35,28,41,34,25,40,31,24,37,30,43,36,27,42,33,26,39,32)
(45,60,51,66,57,50,63,56,47,62,53,46,59,52,65,58,49,64,55,48,61,54)(67,82,73,88,79,72,85,78,69,84,75,68,81,74,87,80,71,86,77,70,83,76),
(1,34,21,32,19,30,17,28,15,26,13,24,11,44,9,42,7,40,5,38,3,36)(2,33,22,31,20,29,18,27,16,25,14,23,12,43,10,41,8,39,6,37,4,35)(45,78,65,76,63,
74,61,72,59,70,57,68,55,88,53,86,51,84,49,82,47,80)(46,77,66,75,64,73,62,71,60,69,58,67,56,87,54,85,52,83,50,81,48,79),(1,77)(2,78)(3,75)(4,76)(5,73)(6,74)(7,71)(8,72)(9,69)(10,70)
(11,67)(12,68)(13,87)(14,88)(15,85)(16,86)(17,83)(18,84)(19,81)(20,82)(21,79)(22,80)(23,55)(24,56)(25,53)(26,54)(27,51)(28,52)(29,49)(30,50)
(31,47)(32,48)(33,45)(34,46)(35,65)(36,66)(37,63)(38,64)(39,61)(40,62)(41,59)(42,60)(43,57)(44,58)],
p:=(2,46,8,45,18,67,76,33,69,53,51,74,32,7,68,82,80,81,78,12,43,39,52,84,57,40,62,10,66,83,55,54,61,16,19,70,59,37,49,71,56,60,31,17,5,21,47,15,4)
(3,23,50,85,36,86,34,87,77,14,22,65,73,38,63,13,25,44,29,20,88,79,75,35,72,58,30,6)(9,48)(11,24,64)(27,41,42,28),
q:=(2,46,18,67,76,35,72,58,40,62,16,5,3,23,50,85,34,87,77,12,25,26,44,39,52,84,57,30,20,88,79,75,33,69,53,51,74,38,63,11,24,64,13,43,29,6,21,47,9,
48,15,22,65,73,32,17,19,70,59,31,7,68,82,80,81,78,14,4)(8,45)(10,66,83,55,54,61)(28,41)(36,86)(37,49,71,56,60)),rec(
gadd:=[(1,52,14,63,3,54,16,65,5,56,18,45,7,58,20,47,9,60,22,49,11,62,2,51,13,64,4,53,15,66,6,55,17,46,8,57,19,48,10,59,21,50,12,61)
(23,74,36,85,25,76,38,87,27,78,40,67,29,80,42,69,31,82,44,71,33,84,24,73,35,86,26,75,37,88,28,77,39,68,30,79,41,70,32,81,43,72,34,83),
(1,70,6,73,9,78,14,81,17,86,22,67,3,72,8,75,11,80,16,83,19,88,2,69,5,74,10,77,13,82,18,85,21,68,4,71,7,76,12,79,15,84,20,87)(23,48,28,51,31,
56,36,59,39,64,44,45,25,50,30,53,33,58,38,61,41,66,24,47,27,52,32,55,35,60,40,63,43,46,26,49,29,54,34,57,37,62,42,65)],
gmul:=[(1,26,5,30,9,34,13,38,17,42,21,24,3,28,7,32,11,36,15,40,19,44)(2,25,6,29,10,33,14,37,18,41,22,23,4,27,8,31,12,35,16,39,20,43)
(45,70,49,74,53,78,57,82,61,86,65,68,47,72,51,76,55,80,59,84,63,88)(46,69,50,73,54,77,58,81,62,85,66,67,48,71,52,75,56,79,60,83,64,87),
(1,59,8,66,13,49,20,56,3,61,10,46,15,51,22,58,5,63,12,48,17,53,2,60,7,65,14,50,19,55,4,62,9,45,16,52,21,57,6,64,11,47,18,54)(23,81,30,88,35,
71,42,78,25,83,32,68,37,73,44,80,27,85,34,70,39,75,24,82,29,87,36,72,41,77,26,84,31,67,38,74,43,79,28,86,33,69,40,76)],
p:=(2,46,29,69,82,55,60,83,80,12,43,39,62,31,20,5,21,88,77,75,35,49,15,22,70,76,81,57,40,52,9,66,59,37,86,34,63,16,4)(3,23,64,10,48,8,68,11,24,50,
61,73,38,72,56,54,74,32,6,45,71,58,30,27,41,42,28,87,79,14,25,44,85,36,7)(13,67,53,84,78,33,17,19,47,18,65),
q:=(2,45,86,36,17,5,3,23,49,9,47,8,67,60,74,38,85,34,50,52,15,4)(6,46,39,51,62,37,71,55,53,73,32,20,19,66,54,83,77,82,58,40,61,84,79,12,25,26,44,72,57,30,41,28,70,81,56,59,31)
(7,21,69,75,33)(10,65,11,24,63)(13,68)(14,43,29,88,80)(16,22,87,78,35,64)(18,48)),rec(
gadd:=[(1,65,20,62,15,57,12,54,7,49,4,46,21,63,18,60,13,55,10,52,5,47,2,66,19,61,16,58,11,53,8,50,3,45,22,64,17,59,14,56,9,51,6,48)
(23,87,42,84,37,79,34,76,29,71,26,68,43,85,40,82,35,77,32,74,27,69,24,88,41,83,38,80,33,75,30,72,25,67,44,86,39,81,36,78,31,73,28,70),
(1,69,6,74,9,77,14,82,17,85,22,68,3,71,8,76,11,79,16,84,19,87,2,70,5,73,10,78,13,81,18,86,21,67,4,72,7,75,12,80,15,83,20,88)(23,47,28,52,31,
55,36,60,39,63,44,46,25,49,30,54,33,57,38,62,41,65,24,48,27,51,32,56,35,59,40,64,43,45,26,50,29,53,34,58,37,61,42,66)],
gmul:=[(1,23)(2,24)(3,25)(4,26)(5,27)(6,28)(7,29)(8,30)(9,31)(10,32)(11,33)(12,34)(13,35)(14,36)(15,37)(16,38)(17,39)(18,40)(19,41)(20,42)
(21,43)(22,44)(45,67)(46,68)(47,69)(48,70)(49,71)(50,72)(51,73)(52,74)(53,75)(54,76)(55,77)(56,78)(57,79)(58,80)(59,81)(60,82)(61,83)(62,84)(63,85)(64,86)(65,87)(66,88),
(1,57,3,59,5,61,7,63,9,65,11,45,13,47,15,49,17,51,19,53,21,55)(2,58,4,60,6,62,8,64,10,66,12,46,14,48,16,50,18,52,20,54,22,56)(23,79,25,81,27,
83,29,85,31,87,33,67,35,69,37,71,39,73,41,75,43,77)(24,80,26,82,28,84,30,86,32,88,34,68,36,70,38,72,40,74,42,76,44,78),(1,84,11,72,21,82,9,70,19,80,7,68,17,78,5,88,15,76,3,86,13,74)
(2,83,12,71,22,81,10,69,20,79,8,67,18,77,6,87,16,75,4,85,14,73)(23,62,33,50,43,60,31,48,41,58,29,46,39,56,27,66,37,54,25,64,35,52)(24,61,34,49,44,
59,32,47,42,57,30,45,40,55,28,65,38,53,26,63,36,51)],
p:=(2,46,8,45,18,67,82,78,12,43,39,62,10,48,9,66,73,38,49,85,36,72,56,54,51,84,55,60,31,17,5,21,65,83,57,40,52,74,32,7,68,76,33,87,79,81,80,75,35,
86,34,69,59,37,63,13,25,44,29,20,70,53,61,16,19,88,77,14,22,47,15,4)(3,23,64,11,24,50,71,58,30,6)(27,41,42,28),
q:=(2,46,18,67,76,35,72,58,40,62,16,5,3,23,50,85,34,87,77,12,25,26,44,39,52,84,57,30,20,88,79,75,33,69,53,51,74,38,63,11,24,64,13,43,29,6,21,47,9,
48,15,22,65,73,32,17,19,70,59,31,7,68,82,80,81,78,14,4)(8,45)(10,66,83,55,54,61)(28,41)(36,86)(37,49,71,56,60)),rec(
gadd:=[(1,41,15,33,7,25,21,39,13,31,5,23,19,37,11,29,3,43,17,35,9,27)(2,42,16,34,8,26,22,40,14,32,6,24,20,38,12,30,4,44,18,36,10,28)
(45,85,59,77,51,69,65,83,57,75,49,67,63,81,55,73,47,87,61,79,53,71)(46,86,60,78,52,70,66,84,58,76,50,68,64,82,56,74,48,88,62,80,54,72),
(1,66,20,61,15,58,12,53,7,50,4,45,21,64,18,59,13,56,10,51,5,48,2,65,19,62,16,57,11,54,8,49,3,46,22,63,17,60,14,55,9,52,6,47)(23,88,42,83,37,
80,34,75,29,72,26,67,43,86,40,81,35,78,32,73,27,70,24,87,41,84,38,79,33,76,30,71,25,68,44,85,39,82,36,77,31,74,28,69)],
gmul:=[(1,34,22,31,19,30,18,27,15,26,14,23,11,44,10,41,7,40,6,37,3,36,2,33,21,32,20,29,17,28,16,25,13,24,12,43,9,42,8,39,5,38,4,35)
(45,78,66,75,63,74,62,71,59,70,58,67,55,88,54,85,51,84,50,81,47,80,46,77,65,76,64,73,61,72,60,69,57,68,56,87,53,86,52,83,49,82,48,79),
(1,49,2,50)(3,47,4,48)(5,45,6,46)(7,65,8,66)(9,63,10,64)(11,61,12,62)(13,59,14,60)(15,57,16,58)(17,55,18,56)(19,53,20,54)(21,51,22,52)
(23,71,24,72)(25,69,26,70)(27,67,28,68)(29,87,30,88)(31,85,32,86)(33,83,34,84)(35,81,36,82)(37,79,38,80)(39,77,40,78)(41,75,42,76)(43,73,44,74)],
p:=(2,24,87,80,12,26,88,78,58,84,55,73,36,27,70,11,68,31,20,25,42,86,79,14,66,37,49,15,22,5,21,47,18,43,72,81,35,63,16,4)(3,46,62,60,32,6,23,69,53,
51,61,54,9,67,59,74,82,57,38,7,45,52,29,50,39,71,75,76,34,41,40,85,77,56,83,33,17,19,65,13,48,8)(10,44,30,64),
q:=(2,23,69,54,15,4)(3,45,51,62,59,74,82,58,84,56,83,36,42,86,79,12,43,72,81,34,28,41,29,49,9,67,60,37,50,30,63,10,25,27,70,13,47,8,21,48,18,26,88,78,57,31,6,24,87,80,14,65,11,68,38,17,5)
(7,46,61,53,52,40,85,77,55,73,33)(16,22,19,66,32,20,44,39,71,75,76,35,64)),rec(
gadd:=[(1,53,18,48,11,63,6,58,21,51,16,46,9,61,4,56,19,49,14,66,7,59,2,54,17,47,12,64,5,57,22,52,15,45,10,62,3,55,20,50,13,65,8,60)
(23,75,40,70,33,85,28,80,43,73,38,68,31,83,26,78,41,71,36,88,29,81,24,76,39,69,34,86,27,79,44,74,37,67,32,84,25,77,42,72,35,87,30,82),
(1,80,4,81,5,84,8,85,9,88,12,67,13,70,16,71,17,74,20,75,21,78,2,79,3,82,6,83,7,86,10,87,11,68,14,69,15,72,18,73,19,76,22,77)(23,58,26,59,27,
62,30,63,31,66,34,45,35,48,38,49,39,52,42,53,43,56,24,57,25,60,28,61,29,64,32,65,33,46,36,47,37,50,40,51,41,54,44,55)],
gmul:=[(1,33,21,31,19,29,17,27,15,25,13,23,11,43,9,41,7,39,5,37,3,35)(2,34,22,32,20,30,18,28,16,26,14,24,12,44,10,42,8,40,6,38,4,36)
(45,77,65,75,63,73,61,71,59,69,57,67,55,87,53,85,51,83,49,81,47,79)(46,78,66,76,64,74,62,72,60,70,58,68,56,88,54,86,52,84,50,82,48,80),
(1,64,24,85)(2,63,23,86)(3,62,26,83)(4,61,25,84)(5,60,28,81)(6,59,27,82)(7,58,30,79)(8,57,29,80)(9,56,32,77)(10,55,31,78)(11,54,34,75)
(12,53,33,76)(13,52,36,73)(14,51,35,74)(15,50,38,71)(16,49,37,72)(17,48,40,69)(18,47,39,70)(19,46,42,67)(20,45,41,68)(21,66,44,87)(22,65,43,88)],
p:=(2,68,11,70,32,6,45,39,50,61,37,42,85,56,62,31,20,5,21,44,84,34,63,16,4)(3,23,48,8,24,66,59,76,80,12,88,79,14,25,69,38,28,86,58,83,36,7)(9,46,29,41,71,54,30,27,72,60,82,55,52)
(10,67,53,40,64)(13,43,74,81,57,73,75,78,33,17,19,47,18,65)(15,22,26,87,77,35,49),
q:=(2,45,29,27,49,9,67,76,57,52,15,4)(3,23,69,32,20,19,70,38,42,64,16,22,44,61,31,6,68,13,25,48,18,88,58,62,37,28,63,10,46,39,71,75,55,73,54,40,85,
77,33,7,21,26,66,82,78,35,72,81,80,14,43,51,74,60,59,53,30,41,50,84,36,17,5)(8,24,87,56,83,34,86,79,12,65,11,47)),rec(
gadd:=[(1,28,9,36,17,44,3,30,11,38,19,24,5,32,13,40,21,26,7,34,15,42)(2,27,10,35,18,43,4,29,12,37,20,23,6,31,14,39,22,25,8,33,16,41)
(45,72,53,80,61,88,47,74,55,82,63,68,49,76,57,84,65,70,51,78,59,86)(46,71,54,79,62,87,48,73,56,81,64,67,50,75,58,83,66,69,52,77,60,85),
(1,64,16,55,7,48,22,61,13,54,6,45,19,60,12,51,3,66,18,57,9,50,2,63,15,56,8,47,21,62,14,53,5,46,20,59,11,52,4,65,17,58,10,49)(23,86,38,77,29,
70,44,83,35,76,28,67,41,82,34,73,25,88,40,79,31,72,24,85,37,78,30,69,43,84,36,75,27,68,42,81,33,74,26,87,39,80,32,71)],
gmul:=[(1,58,2,57)(3,56,4,55)(5,54,6,53)(7,52,8,51)(9,50,10,49)(11,48,12,47)(13,46,14,45)(15,66,16,65)(17,64,18,63)(19,62,20,61)(21,60,22,59)
(23,80,24,79)(25,78,26,77)(27,76,28,75)(29,74,30,73)(31,72,32,71)(33,70,34,69)(35,68,36,67)(37,88,38,87)(39,86,40,85)(41,84,42,83)(43,82,44,81),(1,82)(2,81)(3,80)(4,79)(5,78)(6,77)(7,76)
(8,75)(9,74)(10,73)(11,72)(12,71)(13,70)(14,69)(15,68)(16,67)(17,88)(18,87)(19,86)(20,85)(21,84)(22,83)(23,60)(24,59)(25,58)(26,57)(27,56)(28,55)
(29,54)(30,53)(31,52)(32,51)(33,50)(34,49)(35,48)(36,47)(37,46)(38,45)(39,66)(40,65)(41,64)(42,63)(43,62)(44,61)],
p:=(2,46,29,41,71,56,60,30,27,44,28,26,87,36,7,3,23,50,61,37,72,58,83,78,33,17,19,47,18,65,13,43,42,85,77,35,49,15,22,88,34,63,16,4)(5,21,70,82,55,54,84,80,12,24,64,10,66,59,40,62,31,20)
(6,45,39,52,9,48,8,68,11,67,53,74,81,57,73,75,38,86,79,14,25,69,76,32),
q:=(2,45,29,27,26,87,34,64,16,22,88,36,17,5,3,23,49,9,47,8,68,13,25,69,76,38,86,79,12,24,63,10,65,11,67,54,84,80,14,43,28,44,42,85,77,33,7,21,70,
82,56,59,30,41,71,55,53,74,81,58,83,78,35,50,62,37,72,57,73,75,32,20,19,48,18,66,60,40,61,31,6,46,39,51,52,15,4)),rec(
gadd:=[(1,51,14,64,3,53,16,66,5,55,18,46,7,57,20,48,9,59,22,50,11,61,2,52,13,63,4,54,15,65,6,56,17,45,8,58,19,47,10,60,21,49,12,62)
(23,73,36,86,25,75,38,88,27,77,40,68,29,79,42,70,31,81,44,72,33,83,24,74,35,85,26,76,37,87,28,78,39,67,30,80,41,69,32,82,43,71,34,84),
(1,88,20,83,15,80,12,75,7,72,4,67,21,86,18,81,13,78,10,73,5,70,2,87,19,84,16,79,11,76,8,71,3,68,22,85,17,82,14,77,9,74,6,69)(23,66,42,61,37,
58,34,53,29,50,26,45,43,64,40,59,35,56,32,51,27,48,24,65,41,62,38,57,33,54,30,49,25,46,44,63,39,60,36,55,31,52,28,47)],
gmul:=[(1,66,20,61,15,58,12,53,7,50,4,45,21,64,18,59,13,56,10,51,5,48,2,65,19,62,16,57,11,54,8,49,3,46,22,63,17,60,14,55,9,52,6,47)
(23,87,42,84,37,79,34,76,29,71,26,68,43,85,40,82,35,77,32,74,27,69,24,88,41,83,38,80,33,75,30,72,25,67,44,86,39,81,36,78,31,73,28,70),
(1,78,21,76,19,74,17,72,15,70,13,68,11,88,9,86,7,84,5,82,3,80)(2,77,22,75,20,73,18,71,16,69,14,67,12,87,10,85,8,83,6,81,4,79)(23,55,43,53,41,
51,39,49,37,47,35,45,33,65,31,63,29,61,27,59,25,57)(24,56,44,54,42,52,40,50,38,48,36,46,34,66,32,64,30,62,28,60,26,58)],
p:=(2,46,29,41,86,78,33,17,19,47,18,65,13,43,42,72,56,54,73,82,55,60,30,27,44,28,26,70,75,38,71,58,74,76,32,6,45,39,62,31,20,5,21,87,36,7,3,23,64,10,48,8,67,53,83,79,14,25,88,34,63,16,4)
(9,66,59,40,52)(11,68)(12,24,50,61,37,85,80)(15,22,69,81,57,84,77,35,49),
q:=(2,45,29,27,26,88,36,17,5,3,23,49,9,47,8,67,60,40,61,31,6,46,39,51,62,37,71,55,53,73,76,38,85,78,35,64,16,22,87,34,50,52,15,4)(7,21,69,75,32,20,19,66,54,83,77,33)
(10,65,11,68,13,25,70,81,56,59,30,41,72,57,74,82,58,84,79,12,24,63)(14,43,28,44,42,86,80)(18,48)),rec(
gadd:=[(1,31,17,25,11,41,5,35,21,29,15,23,9,39,3,33,19,27,13,43,7,37)(2,32,18,26,12,42,6,36,22,30,16,24,10,40,4,34,20,28,14,44,8,38)
(45,75,61,69,55,85,49,79,65,73,59,67,53,83,47,77,63,71,57,87,51,81)(46,76,62,70,56,86,50,80,66,74,60,68,54,84,48,78,64,72,58,88,52,82),
(1,82,8,87,13,72,20,77,3,84,10,67,15,74,22,79,5,86,12,69,17,76,2,81,7,88,14,71,19,78,4,83,9,68,16,73,21,80,6,85,11,70,18,75)(23,60,30,65,35,
50,42,55,25,62,32,45,37,52,44,57,27,64,34,47,39,54,24,59,29,66,36,49,41,56,26,61,31,46,38,51,43,58,28,63,33,48,40,53)],
gmul:=[(1,2)(3,4)(5,6)(7,8)(9,10)(11,12)(13,14)(15,16)(17,18)(19,20)(21,22)(23,24)(25,26)(27,28)(29,30)(31,32)(33,34)(35,36)(37,38)(39,40)
(41,42)(43,44)(45,46)(47,48)(49,50)(51,52)(53,54)(55,56)(57,58)(59,60)(61,62)(63,64)(65,66)(67,68)(69,70)(71,72)(73,74)(75,76)(77,78)(79,80)(81,82)(83,84)(85,86)(87,88),
(1,65,42,83,15,57,34,75,7,49,26,67,21,63,40,81,13,55,32,73,5,47,24,87,19,61,38,79,11,53,30,71,3,45,44,85,17,59,36,77,9,51,28,69)(2,66,41,84,16,
58,33,76,8,50,25,68,22,64,39,82,14,56,31,74,6,48,23,88,20,62,37,80,12,54,29,72,4,46,43,86,18,60,35,78,10,52,27,70)],
p:=(2,67,53,40,50,61,37,42,72,54,30,27,85,58,74,76,77,35,49,15,22,26,70,32,6,45,39,64,10,68,11,87,80,12,69,38,28,71,60,75,79,14,25,88,78,33,17,19,47,
18,65,13,43,83,36,7,3,23,66,59,81,57,84,34,63,16,4)(5,21,44,73,82,55,62,31,20)(8,24,48)(9,46,29,41,86,56,52),
