BRACES[56] := rec( total := -1, implemented := 91, size := 56, brace := [] );BRACES[56].brace[1] := rec ( size := 56, perms := [ [  (),  (),  
], [  (1, 31, 4, 29, 2, 32, 3, 30)(5, 35, 8, 33, 6, 36, 7, 34)(9, 39, 12, 37, 10, 40, 11, 38)(13, 43, 16, 41, 14, 44, 15, 42)(17, 47, 20, 45, 
18, 48, 19, 46)(21, 51, 24, 49, 22, 52, 23, 50)(25, 55, 28, 53, 26, 56, 27, 54),  (1, 29, 4, 32, 2, 30, 3, 31)(5, 33, 8, 36, 6, 34, 7, 35)(9, 
37, 12, 40, 10, 38, 11, 39)(13, 41, 16, 44, 14, 42, 15, 43)(17, 45, 20, 48, 18, 46, 19, 47)(21, 49, 24, 52, 22, 50, 23, 51)(25, 53, 28, 56, 
26, 54, 27, 55),  ], [  (1, 4, 2, 3)(5, 8, 6, 7)(9, 12, 10, 11)(13, 16, 14, 15)(17, 20, 18, 19)(21, 24, 22, 23)(25, 28, 26, 27)(29, 32, 30, 
31)(33, 36, 34, 35)(37, 40, 38, 39)(41, 44, 42, 43)(45, 48, 46, 47)(49, 52, 50, 51)(53, 56, 54, 55),  (1, 3, 2, 4)(5, 7, 6, 8)(9, 11, 10, 
12)(13, 15, 14, 16)(17, 19, 18, 20)(21, 23, 22, 24)(25, 27, 26, 28)(29, 31, 30, 32)(33, 35, 34, 36)(37, 39, 38, 40)(41, 43, 42, 44)(45, 47, 
46, 48)(49, 51, 50, 52)(53, 55, 54, 56),  ], [  (1, 2)(3, 4)(5, 6)(7, 8)(9, 10)(11, 12)(13, 14)(15, 16)(17, 18)(19, 20)(21, 22)(23, 24)(25, 
26)(27, 28)(29, 30)(31, 32)(33, 34)(35, 36)(37, 38)(39, 40)(41, 42)(43, 44)(45, 46)(47, 48)(49, 50)(51, 52)(53, 54)(55, 56),  (1, 2)(3, 4)(5, 
6)(7, 8)(9, 10)(11, 12)(13, 14)(15, 16)(17, 18)(19, 20)(21, 22)(23, 24)(25, 26)(27, 28)(29, 30)(31, 32)(33, 34)(35, 36)(37, 38)(39, 40)(41, 
42)(43, 44)(45, 46)(47, 48)(49, 50)(51, 52)(53, 54)(55, 56),  ], [  (1, 21, 13, 5, 25, 17, 9)(2, 22, 14, 6, 26, 18, 10)(3, 23, 15, 7, 27, 19, 
11)(4, 24, 16, 8, 28, 20, 12)(29, 49, 41, 33, 53, 45, 37)(30, 50, 42, 34, 54, 46, 38)(31, 51, 43, 35, 55, 47, 39)(32, 52, 44, 36, 56, 48, 40),
(1, 9, 17, 25, 5, 13, 21)(2, 10, 18, 26, 6, 14, 22)(3, 11, 19, 27, 7, 15, 23)(4, 12, 20, 28, 8, 16, 24)(29, 37, 45, 53, 33, 41, 49)(30, 38, 
46, 54, 34, 42, 50)(31, 39, 47, 55, 35, 43, 51)(32, 40, 48, 56, 36, 44, 52),  ], [  (1, 29, 3, 31, 2, 30, 4, 32)(5, 33, 7, 35, 6, 34, 8, 
36)(9, 37, 11, 39, 10, 38, 12, 40)(13, 41, 15, 43, 14, 42, 16, 44)(17, 45, 19, 47, 18, 46, 20, 48)(21, 49, 23, 51, 22, 50, 24, 52)(25, 53, 27,
55, 26, 54, 28, 56),  (1, 31, 3, 30, 2, 32, 4, 29)(5, 35, 7, 34, 6, 36, 8, 33)(9, 39, 11, 38, 10, 40, 12, 37)(13, 43, 15, 42, 14, 44, 16, 
41)(17, 47, 19, 46, 18, 48, 20, 45)(21, 51, 23, 50, 22, 52, 24, 49)(25, 55, 27, 54, 26, 56, 28, 53),  ], [  (1, 3, 2, 4)(5, 7, 6, 8)(9, 11, 
10, 12)(13, 15, 14, 16)(17, 19, 18, 20)(21, 23, 22, 24)(25, 27, 26, 28)(29, 31, 30, 32)(33, 35, 34, 36)(37, 39, 38, 40)(41, 43, 42, 44)(45, 
47, 46, 48)(49, 51, 50, 52)(53, 55, 54, 56),  (1, 4, 2, 3)(5, 8, 6, 7)(9, 12, 10, 11)(13, 16, 14, 15)(17, 20, 18, 19)(21, 24, 22, 23)(25, 28, 
26, 27)(29, 32, 30, 31)(33, 36, 34, 35)(37, 40, 38, 39)(41, 44, 42, 43)(45, 48, 46, 47)(49, 52, 50, 51)(53, 56, 54, 55),  ], [  (1, 9, 17, 25,
5, 13, 21)(2, 10, 18, 26, 6, 14, 22)(3, 11, 19, 27, 7, 15, 23)(4, 12, 20, 28, 8, 16, 24)(29, 37, 45, 53, 33, 41, 49)(30, 38, 46, 54, 34, 42, 
50)(31, 39, 47, 55, 35, 43, 51)(32, 40, 48, 56, 36, 44, 52),  (1, 21, 13, 5, 25, 17, 9)(2, 22, 14, 6, 26, 18, 10)(3, 23, 15, 7, 27, 19, 11)(4,
24, 16, 8, 28, 20, 12)(29, 49, 41, 33, 53, 45, 37)(30, 50, 42, 34, 54, 46, 38)(31, 51, 43, 35, 55, 47, 39)(32, 52, 44, 36, 56, 48, 40),  ], [ 
(1, 32, 4, 30, 2, 31, 3, 29)(5, 36, 8, 34, 6, 35, 7, 33)(9, 40, 12, 38, 10, 39, 11, 37)(13, 44, 16, 42, 14, 43, 15, 41)(17, 48, 20, 46, 18, 
47, 19, 45)(21, 52, 24, 50, 22, 51, 23, 49)(25, 56, 28, 54, 26, 55, 27, 53),  (1, 30, 4, 31, 2, 29, 3, 32)(5, 34, 8, 35, 6, 33, 7, 36)(9, 38, 
12, 39, 10, 37, 11, 40)(13, 42, 16, 43, 14, 41, 15, 44)(17, 46, 20, 47, 18, 45, 19, 48)(21, 50, 24, 51, 22, 49, 23, 52)(25, 54, 28, 55, 26, 
53, 27, 56),  ], [  (1, 51, 16, 33, 26, 48, 11, 30, 21, 43, 8, 53, 18, 40, 3, 50, 13, 35, 28, 45, 10, 32, 23, 42, 5, 55, 20, 37, 2, 52, 15, 
34, 25, 47, 12, 29, 22, 44, 7, 54, 17, 39, 4, 49, 14, 36, 27, 46, 9, 31, 24, 41, 6, 56, 19, 38),  (1, 37, 20, 56, 6, 42, 23, 31, 9, 45, 28, 
36, 14, 50, 3, 39, 17, 53, 8, 44, 22, 30, 11, 47, 25, 33, 16, 52, 2, 38, 19, 55, 5, 41, 24, 32, 10, 46, 27, 35, 13, 49, 4, 40, 18, 54, 7, 43, 
21, 29, 12, 48, 26, 34, 15, 51),  ], [  (1, 30, 3, 32, 2, 29, 4, 31)(5, 34, 7, 36, 6, 33, 8, 35)(9, 38, 11, 40, 10, 37, 12, 39)(13, 42, 15, 
44, 14, 41, 16, 43)(17, 46, 19, 48, 18, 45, 20, 47)(21, 50, 23, 52, 22, 49, 24, 51)(25, 54, 27, 56, 26, 53, 28, 55),  (1, 32, 3, 29, 2, 31, 4,
30)(5, 36, 7, 33, 6, 35, 8, 34)(9, 40, 11, 37, 10, 39, 12, 38)(13, 44, 15, 41, 14, 43, 16, 42)(17, 48, 19, 45, 18, 47, 20, 46)(21, 52, 23, 49,
22, 51, 24, 50)(25, 56, 27, 53, 26, 55, 28, 54),  ], [  (1, 39, 20, 53, 6, 44, 23, 30, 9, 47, 28, 33, 14, 52, 3, 38, 17, 55, 8, 41, 22, 32, 
11, 46, 25, 35, 16, 49, 2, 40, 19, 54, 5, 43, 24, 29, 10, 48, 27, 34, 13, 51, 4, 37, 18, 56, 7, 42, 21, 31, 12, 45, 26, 36, 15, 50),  (1, 49, 
16, 36, 26, 46, 11, 31, 21, 41, 8, 56, 18, 38, 3, 51, 13, 33, 28, 48, 10, 30, 23, 43, 5, 53, 20, 40, 2, 50, 15, 35, 25, 45, 12, 32, 22, 42, 7,
55, 17, 37, 4, 52, 14, 34, 27, 47, 9, 29, 24, 44, 6, 54, 19, 39),  ], [  (1, 24, 14, 7, 25, 20, 10, 3, 21, 16, 6, 27, 17, 12, 2, 23, 13, 8, 
26, 19, 9, 4, 22, 15, 5, 28, 18, 11)(29, 52, 42, 35, 53, 48, 38, 31, 49, 44, 34, 55, 45, 40, 30, 51, 41, 36, 54, 47, 37, 32, 50, 43, 33, 56, 
46, 39),  (1, 11, 18, 28, 5, 15, 22, 4, 9, 19, 26, 8, 13, 23, 2, 12, 17, 27, 6, 16, 21, 3, 10, 20, 25, 7, 14, 24)(29, 39, 46, 56, 33, 43, 50, 
32, 37, 47, 54, 36, 41, 51, 30, 40, 45, 55, 34, 44, 49, 31, 38, 48, 53, 35, 42, 52),  ], [  (1, 12, 18, 27, 5, 16, 22, 3, 9, 20, 26, 7, 13, 
24, 2, 11, 17, 28, 6, 15, 21, 4, 10, 19, 25, 8, 14, 23)(29, 40, 46, 55, 33, 44, 50, 31, 37, 48, 54, 35, 41, 52, 30, 39, 45, 56, 34, 43, 49, 
32, 38, 47, 53, 36, 42, 51),  (1, 23, 14, 8, 25, 19, 10, 4, 21, 15, 6, 28, 17, 11, 2, 24, 13, 7, 26, 20, 9, 3, 22, 16, 5, 27, 18, 12)(29, 51, 
42, 36, 53, 47, 38, 32, 49, 43, 34, 56, 45, 39, 30, 52, 41, 35, 54, 48, 37, 31, 50, 44, 33, 55, 46, 40),  ], [  (1, 22, 13, 6, 25, 18, 9, 2, 
21, 14, 5, 26, 17, 10)(3, 24, 15, 8, 27, 20, 11, 4, 23, 16, 7, 28, 19, 12)(29, 50, 41, 34, 53, 46, 37, 30, 49, 42, 33, 54, 45, 38)(31, 52, 43,
36, 55, 48, 39, 32, 51, 44, 35, 56, 47, 40),  (1, 10, 17, 26, 5, 14, 21, 2, 9, 18, 25, 6, 13, 22)(3, 12, 19, 28, 7, 16, 23, 4, 11, 20, 27, 8, 
15, 24)(29, 38, 45, 54, 33, 42, 49, 30, 37, 46, 53, 34, 41, 50)(31, 40, 47, 56, 35, 44, 51, 32, 39, 48, 55, 36, 43, 52),  ], [  (1, 10, 17, 
26, 5, 14, 21, 2, 9, 18, 25, 6, 13, 22)(3, 12, 19, 28, 7, 16, 23, 4, 11, 20, 27, 8, 15, 24)(29, 38, 45, 54, 33, 42, 49, 30, 37, 46, 53, 34, 
41, 50)(31, 40, 47, 56, 35, 44, 51, 32, 39, 48, 55, 36, 43, 52),  (1, 22, 13, 6, 25, 18, 9, 2, 21, 14, 5, 26, 17, 10)(3, 24, 15, 8, 27, 20, 
11, 4, 23, 16, 7, 28, 19, 12)(29, 50, 41, 34, 53, 46, 37, 30, 49, 42, 33, 54, 45, 38)(31, 52, 43, 36, 55, 48, 39, 32, 51, 44, 35, 56, 47, 40),
], [  (1, 13, 25, 9, 21, 5, 17)(2, 14, 26, 10, 22, 6, 18)(3, 15, 27, 11, 23, 7, 19)(4, 16, 28, 12, 24, 8, 20)(29, 41, 53, 37, 49, 33, 45)(30, 
42, 54, 38, 50, 34, 46)(31, 43, 55, 39, 51, 35, 47)(32, 44, 56, 40, 52, 36, 48),  (1, 17, 5, 21, 9, 25, 13)(2, 18, 6, 22, 10, 26, 14)(3, 19, 
7, 23, 11, 27, 15)(4, 20, 8, 24, 12, 28, 16)(29, 45, 33, 49, 37, 53, 41)(30, 46, 34, 50, 38, 54, 42)(31, 47, 35, 51, 39, 55, 43)(32, 48, 36, 
52, 40, 56, 44),  ], [  (1, 49, 15, 35, 26, 46, 12, 32, 21, 41, 7, 55, 18, 38, 4, 52, 13, 33, 27, 47, 10, 30, 24, 44, 5, 53, 19, 39, 2, 50, 
16, 36, 25, 45, 11, 31, 22, 42, 8, 56, 17, 37, 3, 51, 14, 34, 28, 48, 9, 29, 23, 43, 6, 54, 20, 40),  (1, 39, 19, 54, 6, 44, 24, 29, 9, 47, 
27, 34, 14, 52, 4, 37, 17, 55, 7, 42, 22, 32, 12, 45, 25, 35, 15, 50, 2, 40, 20, 53, 5, 43, 23, 30, 10, 48, 28, 33, 13, 51, 3, 38, 18, 56, 8, 
41, 21, 31, 11, 46, 26, 36, 16, 49),  ], [  (1, 23, 14, 8, 25, 19, 10, 4, 21, 15, 6, 28, 17, 11, 2, 24, 13, 7, 26, 20, 9, 3, 22, 16, 5, 27, 
18, 12)(29, 51, 42, 36, 53, 47, 38, 32, 49, 43, 34, 56, 45, 39, 30, 52, 41, 35, 54, 48, 37, 31, 50, 44, 33, 55, 46, 40),  (1, 12, 18, 27, 5, 
16, 22, 3, 9, 20, 26, 7, 13, 24, 2, 11, 17, 28, 6, 15, 21, 4, 10, 19, 25, 8, 14, 23)(29, 40, 46, 55, 33, 44, 50, 31, 37, 48, 54, 35, 41, 52, 
30, 39, 45, 56, 34, 43, 49, 32, 38, 47, 53, 36, 42, 51),  ], [  (1, 37, 19, 55, 6, 42, 24, 32, 9, 45, 27, 35, 14, 50, 4, 40, 17, 53, 7, 43, 
22, 30, 12, 48, 25, 33, 15, 51, 2, 38, 20, 56, 5, 41, 23, 31, 10, 46, 28, 36, 13, 49, 3, 39, 18, 54, 8, 44, 21, 29, 11, 47, 26, 34, 16, 52),  
(1, 51, 15, 34, 26, 48, 12, 29, 21, 43, 7, 54, 18, 40, 4, 49, 13, 35, 27, 46, 10, 32, 24, 41, 5, 55, 19, 38, 2, 52, 16, 33, 25, 47, 11, 30, 
22, 44, 8, 53, 17, 39, 3, 50, 14, 36, 28, 45, 9, 31, 23, 42, 6, 56, 20, 37),  ], [  (1, 11, 18, 28, 5, 15, 22, 4, 9, 19, 26, 8, 13, 23, 2, 12,
17, 27, 6, 16, 21, 3, 10, 20, 25, 7, 14, 24)(29, 39, 46, 56, 33, 43, 50, 32, 37, 47, 54, 36, 41, 51, 30, 40, 45, 55, 34, 44, 49, 31, 38, 48, 
53, 35, 42, 52),  (1, 24, 14, 7, 25, 20, 10, 3, 21, 16, 6, 27, 17, 12, 2, 23, 13, 8, 26, 19, 9, 4, 22, 15, 5, 28, 18, 11)(29, 52, 42, 35, 53, 
48, 38, 31, 49, 44, 34, 55, 45, 40, 30, 51, 41, 36, 54, 47, 37, 32, 50, 43, 33, 56, 46, 39),  ], [  (1, 17, 5, 21, 9, 25, 13)(2, 18, 6, 22, 
10, 26, 14)(3, 19, 7, 23, 11, 27, 15)(4, 20, 8, 24, 12, 28, 16)(29, 45, 33, 49, 37, 53, 41)(30, 46, 34, 50, 38, 54, 42)(31, 47, 35, 51, 39, 
55, 43)(32, 48, 36, 52, 40, 56, 44),  (1, 13, 25, 9, 21, 5, 17)(2, 14, 26, 10, 22, 6, 18)(3, 15, 27, 11, 23, 7, 19)(4, 16, 28, 12, 24, 8, 
20)(29, 41, 53, 37, 49, 33, 45)(30, 42, 54, 38, 50, 34, 46)(31, 43, 55, 39, 51, 35, 47)(32, 44, 56, 40, 52, 36, 48),  ], [  (1, 52, 16, 34, 
26, 47, 11, 29, 21, 44, 8, 54, 18, 39, 3, 49, 13, 36, 28, 46, 10, 31, 23, 41, 5, 56, 20, 38, 2, 51, 15, 33, 25, 48, 12, 30, 22, 43, 7, 53, 17,
40, 4, 50, 14, 35, 27, 45, 9, 32, 24, 42, 6, 55, 19, 37),  (1, 38, 20, 55, 6, 41, 23, 32, 9, 46, 28, 35, 14, 49, 3, 40, 17, 54, 8, 43, 22, 29,
11, 48, 25, 34, 16, 51, 2, 37, 19, 56, 5, 42, 24, 31, 10, 45, 27, 36, 13, 50, 4, 39, 18, 53, 7, 44, 21, 30, 12, 47, 26, 33, 15, 52),  ], [  
(1, 40, 20, 54, 6, 43, 23, 29, 9, 48, 28, 34, 14, 51, 3, 37, 17, 56, 8, 42, 22, 31, 11, 45, 25, 36, 16, 50, 2, 39, 19, 53, 5, 44, 24, 30, 10, 
47, 27, 33, 13, 52, 4, 38, 18, 55, 7, 41, 21, 32, 12, 46, 26, 35, 15, 49),  (1, 50, 16, 35, 26, 45, 11, 32, 21, 42, 8, 55, 18, 37, 3, 52, 13, 
34, 28, 47, 10, 29, 23, 44, 5, 54, 20, 39, 2, 49, 15, 36, 25, 46, 12, 31, 22, 41, 7, 56, 17, 38, 4, 51, 14, 33, 27, 48, 9, 30, 24, 43, 6, 53, 
19, 40),  ], [  (1, 43, 28, 37, 22, 36, 19, 30, 13, 55, 12, 49, 6, 48, 3, 42, 25, 39, 24, 33, 18, 32, 15, 54, 9, 51, 8, 45, 2, 44, 27, 38, 21,
35, 20, 29, 14, 56, 11, 50, 5, 47, 4, 41, 26, 40, 23, 34, 17, 31, 16, 53, 10, 52, 7, 46),  (1, 45, 8, 52, 10, 54, 15, 31, 17, 33, 24, 40, 26, 
42, 3, 47, 5, 49, 12, 56, 14, 30, 19, 35, 21, 37, 28, 44, 2, 46, 7, 51, 9, 53, 16, 32, 18, 34, 23, 39, 25, 41, 4, 48, 6, 50, 11, 55, 13, 29, 
20, 36, 22, 38, 27, 43),  ], [  (1, 50, 15, 36, 26, 45, 12, 31, 21, 42, 7, 56, 18, 37, 4, 51, 13, 34, 27, 48, 10, 29, 24, 43, 5, 54, 19, 40, 
2, 49, 16, 35, 25, 46, 11, 32, 22, 41, 8, 55, 17, 38, 3, 52, 14, 33, 28, 47, 9, 30, 23, 44, 6, 53, 20, 39),  (1, 40, 19, 53, 6, 43, 24, 30, 9,
48, 27, 33, 14, 51, 4, 38, 17, 56, 7, 41, 22, 31, 12, 46, 25, 36, 15, 49, 2, 39, 20, 54, 5, 44, 23, 29, 10, 47, 28, 34, 13, 52, 3, 37, 18, 55,
8, 42, 21, 32, 11, 45, 26, 35, 16, 50),  ], [  (1, 38, 19, 56, 6, 41, 24, 31, 9, 46, 27, 36, 14, 49, 4, 39, 17, 54, 7, 44, 22, 29, 12, 47, 25,
34, 15, 52, 2, 37, 20, 55, 5, 42, 23, 32, 10, 45, 28, 35, 13, 50, 3, 40, 18, 53, 8, 43, 21, 30, 11, 48, 26, 33, 16, 51),  (1, 52, 15, 33, 26, 
47, 12, 30, 21, 44, 7, 53, 18, 39, 4, 50, 13, 36, 27, 45, 10, 31, 24, 42, 5, 56, 19, 37, 2, 51, 16, 34, 25, 48, 11, 29, 22, 43, 8, 54, 17, 40,
3, 49, 14, 35, 28, 46, 9, 32, 23, 41, 6, 55, 20, 38),  ], [  (1, 47, 8, 49, 10, 56, 15, 30, 17, 35, 24, 37, 26, 44, 3, 46, 5, 51, 12, 53, 14, 
32, 19, 34, 21, 39, 28, 41, 2, 48, 7, 50, 9, 55, 16, 29, 18, 36, 23, 38, 25, 43, 4, 45, 6, 52, 11, 54, 13, 31, 20, 33, 22, 40, 27, 42),  (1, 
41, 28, 40, 22, 34, 19, 31, 13, 53, 12, 52, 6, 46, 3, 43, 25, 37, 24, 36, 18, 30, 15, 55, 9, 49, 8, 48, 2, 42, 27, 39, 21, 33, 20, 32, 14, 54,
11, 51, 5, 45, 4, 44, 26, 38, 23, 35, 17, 29, 16, 56, 10, 50, 7, 47),  ], [  (1, 16, 26, 11, 21, 8, 18, 3, 13, 28, 10, 23, 5, 20, 2, 15, 25, 
12, 22, 7, 17, 4, 14, 27, 9, 24, 6, 19)(29, 44, 54, 39, 49, 36, 46, 31, 41, 56, 38, 51, 33, 48, 30, 43, 53, 40, 50, 35, 45, 32, 42, 55, 37, 
52, 34, 47),  (1, 19, 6, 24, 9, 27, 14, 4, 17, 7, 22, 12, 25, 15, 2, 20, 5, 23, 10, 28, 13, 3, 18, 8, 21, 11, 26, 16)(29, 47, 34, 52, 37, 55, 
42, 32, 45, 35, 50, 40, 53, 43, 30, 48, 33, 51, 38, 56, 41, 31, 46, 36, 49, 39, 54, 44),  ], [  (1, 20, 6, 23, 9, 28, 14, 3, 17, 8, 22, 11, 
25, 16, 2, 19, 5, 24, 10, 27, 13, 4, 18, 7, 21, 12, 26, 15)(29, 48, 34, 51, 37, 56, 42, 31, 45, 36, 50, 39, 53, 44, 30, 47, 33, 52, 38, 55, 
41, 32, 46, 35, 49, 40, 54, 43),  (1, 15, 26, 12, 21, 7, 18, 4, 13, 27, 10, 24, 5, 19, 2, 16, 25, 11, 22, 8, 17, 3, 14, 28, 9, 23, 6, 20)(29, 
43, 54, 40, 49, 35, 46, 32, 41, 55, 38, 52, 33, 47, 30, 44, 53, 39, 50, 36, 45, 31, 42, 56, 37, 51, 34, 48),  ], [  (1, 14, 25, 10, 21, 6, 17,
2, 13, 26, 9, 22, 5, 18)(3, 16, 27, 12, 23, 8, 19, 4, 15, 28, 11, 24, 7, 20)(29, 42, 53, 38, 49, 34, 45, 30, 41, 54, 37, 50, 33, 46)(31, 44, 
55, 40, 51, 36, 47, 32, 43, 56, 39, 52, 35, 48),  (1, 18, 5, 22, 9, 26, 13, 2, 17, 6, 21, 10, 25, 14)(3, 20, 7, 24, 11, 28, 15, 4, 19, 8, 23, 
12, 27, 16)(29, 46, 33, 50, 37, 54, 41, 30, 45, 34, 49, 38, 53, 42)(31, 48, 35, 52, 39, 56, 43, 32, 47, 36, 51, 40, 55, 44),  ], [  (1, 18, 5,
22, 9, 26, 13, 2, 17, 6, 21, 10, 25, 14)(3, 20, 7, 24, 11, 28, 15, 4, 19, 8, 23, 12, 27, 16)(29, 46, 33, 50, 37, 54, 41, 30, 45, 34, 49, 38, 
53, 42)(31, 48, 35, 52, 39, 56, 43, 32, 47, 36, 51, 40, 55, 44),  (1, 14, 25, 10, 21, 6, 17, 2, 13, 26, 9, 22, 5, 18)(3, 16, 27, 12, 23, 8, 
19, 4, 15, 28, 11, 24, 7, 20)(29, 42, 53, 38, 49, 34, 45, 30, 41, 54, 37, 50, 33, 46)(31, 44, 55, 40, 51, 36, 47, 32, 43, 56, 39, 52, 35, 48),
], [  (1, 5, 9, 13, 17, 21, 25)(2, 6, 10, 14, 18, 22, 26)(3, 7, 11, 15, 19, 23, 27)(4, 8, 12, 16, 20, 24, 28)(29, 33, 37, 41, 45, 49, 53)(30, 
34, 38, 42, 46, 50, 54)(31, 35, 39, 43, 47, 51, 55)(32, 36, 40, 44, 48, 52, 56),  (1, 25, 21, 17, 13, 9, 5)(2, 26, 22, 18, 14, 10, 6)(3, 27, 
23, 19, 15, 11, 7)(4, 28, 24, 20, 16, 12, 8)(29, 53, 49, 45, 41, 37, 33)(30, 54, 50, 46, 42, 38, 34)(31, 55, 51, 47, 43, 39, 35)(32, 56, 52, 
48, 44, 40, 36),  ], [  (1, 41, 27, 39, 22, 34, 20, 32, 13, 53, 11, 51, 6, 46, 4, 44, 25, 37, 23, 35, 18, 30, 16, 56, 9, 49, 7, 47, 2, 42, 28,
40, 21, 33, 19, 31, 14, 54, 12, 52, 5, 45, 3, 43, 26, 38, 24, 36, 17, 29, 15, 55, 10, 50, 8, 48),  (1, 47, 7, 50, 10, 56, 16, 29, 17, 35, 23, 
38, 26, 44, 4, 45, 5, 51, 11, 54, 14, 32, 20, 33, 21, 39, 27, 42, 2, 48, 8, 49, 9, 55, 15, 30, 18, 36, 24, 37, 25, 43, 3, 46, 6, 52, 12, 53, 
13, 31, 19, 34, 22, 40, 28, 41),  ], [  (1, 15, 26, 12, 21, 7, 18, 4, 13, 27, 10, 24, 5, 19, 2, 16, 25, 11, 22, 8, 17, 3, 14, 28, 9, 23, 6, 
20)(29, 43, 54, 40, 49, 35, 46, 32, 41, 55, 38, 52, 33, 47, 30, 44, 53, 39, 50, 36, 45, 31, 42, 56, 37, 51, 34, 48),  (1, 20, 6, 23, 9, 28, 
14, 3, 17, 8, 22, 11, 25, 16, 2, 19, 5, 24, 10, 27, 13, 4, 18, 7, 21, 12, 26, 15)(29, 48, 34, 51, 37, 56, 42, 31, 45, 36, 50, 39, 53, 44, 30, 
47, 33, 52, 38, 55, 41, 32, 46, 35, 49, 40, 54, 43),  ], [  (1, 45, 7, 51, 10, 54, 16, 32, 17, 33, 23, 39, 26, 42, 4, 48, 5, 49, 11, 55, 14, 
30, 20, 36, 21, 37, 27, 43, 2, 46, 8, 52, 9, 53, 15, 31, 18, 34, 24, 40, 25, 41, 3, 47, 6, 50, 12, 56, 13, 29, 19, 35, 22, 38, 28, 44),  (1, 
43, 27, 38, 22, 36, 20, 29, 13, 55, 11, 50, 6, 48, 4, 41, 25, 39, 23, 34, 18, 32, 16, 53, 9, 51, 7, 46, 2, 44, 28, 37, 21, 35, 19, 30, 14, 56,
12, 49, 5, 47, 3, 42, 26, 40, 24, 33, 17, 31, 15, 54, 10, 52, 8, 45),  ], [  (1, 19, 6, 24, 9, 27, 14, 4, 17, 7, 22, 12, 25, 15, 2, 20, 5, 23,
10, 28, 13, 3, 18, 8, 21, 11, 26, 16)(29, 47, 34, 52, 37, 55, 42, 32, 45, 35, 50, 40, 53, 43, 30, 48, 33, 51, 38, 56, 41, 31, 46, 36, 49, 39, 
54, 44),  (1, 16, 26, 11, 21, 8, 18, 3, 13, 28, 10, 23, 5, 20, 2, 15, 25, 12, 22, 7, 17, 4, 14, 27, 9, 24, 6, 19)(29, 44, 54, 39, 49, 36, 46, 
31, 41, 56, 38, 51, 33, 48, 30, 43, 53, 40, 50, 35, 45, 32, 42, 55, 37, 52, 34, 47),  ], [  (1, 25, 21, 17, 13, 9, 5)(2, 26, 22, 18, 14, 10, 
6)(3, 27, 23, 19, 15, 11, 7)(4, 28, 24, 20, 16, 12, 8)(29, 53, 49, 45, 41, 37, 33)(30, 54, 50, 46, 42, 38, 34)(31, 55, 51, 47, 43, 39, 35)(32,
56, 52, 48, 44, 40, 36),  (1, 5, 9, 13, 17, 21, 25)(2, 6, 10, 14, 18, 22, 26)(3, 7, 11, 15, 19, 23, 27)(4, 8, 12, 16, 20, 24, 28)(29, 33, 37, 
41, 45, 49, 53)(30, 34, 38, 42, 46, 50, 54)(31, 35, 39, 43, 47, 51, 55)(32, 36, 40, 44, 48, 52, 56),  ], [  (1, 44, 28, 38, 22, 35, 19, 29, 
13, 56, 12, 50, 6, 47, 3, 41, 25, 40, 24, 34, 18, 31, 15, 53, 9, 52, 8, 46, 2, 43, 27, 37, 21, 36, 20, 30, 14, 55, 11, 49, 5, 48, 4, 42, 26, 
39, 23, 33, 17, 32, 16, 54, 10, 51, 7, 45),  (1, 46, 8, 51, 10, 53, 15, 32, 17, 34, 24, 39, 26, 41, 3, 48, 5, 50, 12, 55, 14, 29, 19, 36, 21, 
38, 28, 43, 2, 45, 7, 52, 9, 54, 16, 31, 18, 33, 23, 40, 25, 42, 4, 47, 6, 49, 11, 56, 13, 30, 20, 35, 22, 37, 27, 44),  ], [  (1, 48, 8, 50, 
10, 55, 15, 29, 17, 36, 24, 38, 26, 43, 3, 45, 5, 52, 12, 54, 14, 31, 19, 33, 21, 40, 28, 42, 2, 47, 7, 49, 9, 56, 16, 30, 18, 35, 23, 37, 25,
44, 4, 46, 6, 51, 11, 53, 13, 32, 20, 34, 22, 39, 27, 41),  (1, 42, 28, 39, 22, 33, 19, 32, 13, 54, 12, 51, 6, 45, 3, 44, 25, 38, 24, 35, 18, 
29, 15, 56, 9, 50, 8, 47, 2, 41, 27, 40, 21, 34, 20, 31, 14, 53, 11, 52, 5, 46, 4, 43, 26, 37, 23, 36, 17, 30, 16, 55, 10, 49, 7, 48),  ], [  
(1, 35, 12, 41, 18, 52, 27, 30, 5, 39, 16, 45, 22, 56, 3, 34, 9, 43, 20, 49, 26, 32, 7, 38, 13, 47, 24, 53, 2, 36, 11, 42, 17, 51, 28, 29, 6, 
40, 15, 46, 21, 55, 4, 33, 10, 44, 19, 50, 25, 31, 8, 37, 14, 48, 23, 54),  (1, 53, 24, 48, 14, 38, 7, 31, 25, 49, 20, 44, 10, 34, 3, 55, 21, 
45, 16, 40, 6, 30, 27, 51, 17, 41, 12, 36, 2, 54, 23, 47, 13, 37, 8, 32, 26, 50, 19, 43, 9, 33, 4, 56, 22, 46, 15, 39, 5, 29, 28, 52, 18, 42, 
11, 35),  ], [  (1, 42, 27, 40, 22, 33, 20, 31, 13, 54, 11, 52, 6, 45, 4, 43, 25, 38, 23, 36, 18, 29, 16, 55, 9, 50, 7, 48, 2, 41, 28, 39, 21,
34, 19, 32, 14, 53, 12, 51, 5, 46, 3, 44, 26, 37, 24, 35, 17, 30, 15, 56, 10, 49, 8, 47),  (1, 48, 7, 49, 10, 55, 16, 30, 17, 36, 23, 37, 26, 
43, 4, 46, 5, 52, 11, 53, 14, 31, 20, 34, 21, 40, 27, 41, 2, 47, 8, 50, 9, 56, 15, 29, 18, 35, 24, 38, 25, 44, 3, 45, 6, 51, 12, 54, 13, 32, 
19, 33, 22, 39, 28, 42),  ], [  (1, 46, 7, 52, 10, 53, 16, 31, 17, 34, 23, 40, 26, 41, 4, 47, 5, 50, 11, 56, 14, 29, 20, 35, 21, 38, 27, 44, 
2, 45, 8, 51, 9, 54, 15, 32, 18, 33, 24, 39, 25, 42, 3, 48, 6, 49, 12, 55, 13, 30, 19, 36, 22, 37, 28, 43),  (1, 44, 27, 37, 22, 35, 20, 30, 
13, 56, 11, 49, 6, 47, 4, 42, 25, 40, 23, 33, 18, 31, 16, 54, 9, 52, 7, 45, 2, 43, 28, 38, 21, 36, 19, 29, 14, 55, 12, 50, 5, 48, 3, 41, 26, 
39, 24, 34, 17, 32, 15, 53, 10, 51, 8, 46),  ], [  (1, 55, 24, 45, 14, 40, 7, 30, 25, 51, 20, 41, 10, 36, 3, 54, 21, 47, 16, 37, 6, 32, 27, 
50, 17, 43, 12, 33, 2, 56, 23, 46, 13, 39, 8, 29, 26, 52, 19, 42, 9, 35, 4, 53, 22, 48, 15, 38, 5, 31, 28, 49, 18, 44, 11, 34),  (1, 33, 12, 
44, 18, 50, 27, 31, 5, 37, 16, 48, 22, 54, 3, 35, 9, 41, 20, 52, 26, 30, 7, 39, 13, 45, 24, 56, 2, 34, 11, 43, 17, 49, 28, 32, 6, 38, 15, 47, 
21, 53, 4, 36, 10, 42, 19, 51, 25, 29, 8, 40, 14, 46, 23, 55),  ], [  (1, 8, 10, 15, 17, 24, 26, 3, 5, 12, 14, 19, 21, 28, 2, 7, 9, 16, 18, 
23, 25, 4, 6, 11, 13, 20, 22, 27)(29, 36, 38, 43, 45, 52, 54, 31, 33, 40, 42, 47, 49, 56, 30, 35, 37, 44, 46, 51, 53, 32, 34, 39, 41, 48, 50, 
55),  (1, 27, 22, 20, 13, 11, 6, 4, 25, 23, 18, 16, 9, 7, 2, 28, 21, 19, 14, 12, 5, 3, 26, 24, 17, 15, 10, 8)(29, 55, 50, 48, 41, 39, 34, 32, 
53, 51, 46, 44, 37, 35, 30, 56, 49, 47, 42, 40, 33, 31, 54, 52, 45, 43, 38, 36),  ], [  (1, 28, 22, 19, 13, 12, 6, 3, 25, 24, 18, 15, 9, 8, 2,
27, 21, 20, 14, 11, 5, 4, 26, 23, 17, 16, 10, 7)(29, 56, 50, 47, 41, 40, 34, 31, 53, 52, 46, 43, 37, 36, 30, 55, 49, 48, 42, 39, 33, 32, 54, 
51, 45, 44, 38, 35),  (1, 7, 10, 16, 17, 23, 26, 4, 5, 11, 14, 20, 21, 27, 2, 8, 9, 15, 18, 24, 25, 3, 6, 12, 13, 19, 22, 28)(29, 35, 38, 44, 
45, 51, 54, 32, 33, 39, 42, 48, 49, 55, 30, 36, 37, 43, 46, 52, 53, 31, 34, 40, 41, 47, 50, 56),  ], [  (1, 6, 9, 14, 17, 22, 25, 2, 5, 10, 
13, 18, 21, 26)(3, 8, 11, 16, 19, 24, 27, 4, 7, 12, 15, 20, 23, 28)(29, 34, 37, 42, 45, 50, 53, 30, 33, 38, 41, 46, 49, 54)(31, 36, 39, 44, 
47, 52, 55, 32, 35, 40, 43, 48, 51, 56),  (1, 26, 21, 18, 13, 10, 5, 2, 25, 22, 17, 14, 9, 6)(3, 28, 23, 20, 15, 12, 7, 4, 27, 24, 19, 16, 11,
8)(29, 54, 49, 46, 41, 38, 33, 30, 53, 50, 45, 42, 37, 34)(31, 56, 51, 48, 43, 40, 35, 32, 55, 52, 47, 44, 39, 36),  ], [  (1, 26, 21, 18, 13,
10, 5, 2, 25, 22, 17, 14, 9, 6)(3, 28, 23, 20, 15, 12, 7, 4, 27, 24, 19, 16, 11, 8)(29, 54, 49, 46, 41, 38, 33, 30, 53, 50, 45, 42, 37, 
34)(31, 56, 51, 48, 43, 40, 35, 32, 55, 52, 47, 44, 39, 36),  (1, 6, 9, 14, 17, 22, 25, 2, 5, 10, 13, 18, 21, 26)(3, 8, 11, 16, 19, 24, 27, 4,
7, 12, 15, 20, 23, 28)(29, 34, 37, 42, 45, 50, 53, 30, 33, 38, 41, 46, 49, 54)(31, 36, 39, 44, 47, 52, 55, 32, 35, 40, 43, 48, 51, 56),  ], [ 
(1, 33, 11, 43, 18, 50, 28, 32, 5, 37, 15, 47, 22, 54, 4, 36, 9, 41, 19, 51, 26, 30, 8, 40, 13, 45, 23, 55, 2, 34, 12, 44, 17, 49, 27, 31, 6, 
38, 16, 48, 21, 53, 3, 35, 10, 42, 20, 52, 25, 29, 7, 39, 14, 46, 24, 56),  (1, 55, 23, 46, 14, 40, 8, 29, 25, 51, 19, 42, 10, 36, 4, 53, 21, 
47, 15, 38, 6, 32, 28, 49, 17, 43, 11, 34, 2, 56, 24, 45, 13, 39, 7, 30, 26, 52, 20, 41, 9, 35, 3, 54, 22, 48, 16, 37, 5, 31, 27, 50, 18, 44, 
12, 33),  ], [  (1, 7, 10, 16, 17, 23, 26, 4, 5, 11, 14, 20, 21, 27, 2, 8, 9, 15, 18, 24, 25, 3, 6, 12, 13, 19, 22, 28)(29, 35, 38, 44, 45, 
51, 54, 32, 33, 39, 42, 48, 49, 55, 30, 36, 37, 43, 46, 52, 53, 31, 34, 40, 41, 47, 50, 56),  (1, 28, 22, 19, 13, 12, 6, 3, 25, 24, 18, 15, 9,
8, 2, 27, 21, 20, 14, 11, 5, 4, 26, 23, 17, 16, 10, 7)(29, 56, 50, 47, 41, 40, 34, 31, 53, 52, 46, 43, 37, 36, 30, 55, 49, 48, 42, 39, 33, 32,
54, 51, 45, 44, 38, 35),  ], [  (1, 53, 23, 47, 14, 38, 8, 32, 25, 49, 19, 43, 10, 34, 4, 56, 21, 45, 15, 39, 6, 30, 28, 52, 17, 41, 11, 35, 
2, 54, 24, 48, 13, 37, 7, 31, 26, 50, 20, 44, 9, 33, 3, 55, 22, 46, 16, 40, 5, 29, 27, 51, 18, 42, 12, 36),  (1, 35, 11, 42, 18, 52, 28, 29, 
5, 39, 15, 46, 22, 56, 4, 33, 9, 43, 19, 50, 26, 32, 8, 37, 13, 47, 23, 54, 2, 36, 12, 41, 17, 51, 27, 30, 6, 40, 16, 45, 21, 55, 3, 34, 10, 
44, 20, 49, 25, 31, 7, 38, 14, 48, 24, 53),  ], [  (1, 27, 22, 20, 13, 11, 6, 4, 25, 23, 18, 16, 9, 7, 2, 28, 21, 19, 14, 12, 5, 3, 26, 24, 
17, 15, 10, 8)(29, 55, 50, 48, 41, 39, 34, 32, 53, 51, 46, 44, 37, 35, 30, 56, 49, 47, 42, 40, 33, 31, 54, 52, 45, 43, 38, 36),  (1, 8, 10, 
15, 17, 24, 26, 3, 5, 12, 14, 19, 21, 28, 2, 7, 9, 16, 18, 23, 25, 4, 6, 11, 13, 20, 22, 27)(29, 36, 38, 43, 45, 52, 54, 31, 33, 40, 42, 47, 
49, 56, 30, 35, 37, 44, 46, 51, 53, 32, 34, 39, 41, 48, 50, 55),  ], [  (1, 36, 12, 42, 18, 51, 27, 29, 5, 40, 16, 46, 22, 55, 3, 33, 9, 44, 
20, 50, 26, 31, 7, 37, 13, 48, 24, 54, 2, 35, 11, 41, 17, 52, 28, 30, 6, 39, 15, 45, 21, 56, 4, 34, 10, 43, 19, 49, 25, 32, 8, 38, 14, 47, 23,
53),  (1, 54, 24, 47, 14, 37, 7, 32, 25, 50, 20, 43, 10, 33, 3, 56, 21, 46, 16, 39, 6, 29, 27, 52, 17, 42, 12, 35, 2, 53, 23, 48, 13, 38, 8, 
31, 26, 49, 19, 44, 9, 34, 4, 55, 22, 45, 15, 40, 5, 30, 28, 51, 18, 41, 11, 36),  ], [  (1, 56, 24, 46, 14, 39, 7, 29, 25, 52, 20, 42, 10, 
35, 3, 53, 21, 48, 16, 38, 6, 31, 27, 49, 17, 44, 12, 34, 2, 55, 23, 45, 13, 40, 8, 30, 26, 51, 19, 41, 9, 36, 4, 54, 22, 47, 15, 37, 5, 32, 
28, 50, 18, 43, 11, 33),  (1, 34, 12, 43, 18, 49, 27, 32, 5, 38, 16, 47, 22, 53, 3, 36, 9, 42, 20, 51, 26, 29, 7, 40, 13, 46, 24, 55, 2, 33, 
11, 44, 17, 50, 28, 31, 6, 37, 15, 48, 21, 54, 4, 35, 10, 41, 19, 52, 25, 30, 8, 39, 14, 45, 23, 56),  ], [  (1, 34, 11, 44, 18, 49, 28, 31, 
5, 38, 15, 48, 22, 53, 4, 35, 9, 42, 19, 52, 26, 29, 8, 39, 13, 46, 23, 56, 2, 33, 12, 43, 17, 50, 27, 32, 6, 37, 16, 47, 21, 54, 3, 36, 10, 
41, 20, 51, 25, 30, 7, 40, 14, 45, 24, 55),  (1, 56, 23, 45, 14, 39, 8, 30, 25, 52, 19, 41, 10, 35, 4, 54, 21, 48, 15, 37, 6, 31, 28, 50, 17, 
44, 11, 33, 2, 55, 24, 46, 13, 40, 7, 29, 26, 51, 20, 42, 9, 36, 3, 53, 22, 47, 16, 38, 5, 32, 27, 49, 18, 43, 12, 34),  ], [  (1, 54, 23, 48,
14, 37, 8, 31, 25, 50, 19, 44, 10, 33, 4, 55, 21, 46, 15, 40, 6, 29, 28, 51, 17, 42, 11, 36, 2, 53, 24, 47, 13, 38, 7, 32, 26, 49, 20, 43, 9, 
34, 3, 56, 22, 45, 16, 39, 5, 30, 27, 52, 18, 41, 12, 35),  (1, 36, 11, 41, 18, 51, 28, 30, 5, 40, 15, 45, 22, 55, 4, 34, 9, 44, 19, 49, 26, 
31, 8, 38, 13, 48, 23, 53, 2, 35, 12, 42, 17, 52, 27, 29, 6, 39, 16, 46, 21, 56, 3, 33, 10, 43, 20, 50, 25, 32, 7, 37, 14, 47, 24, 54),  ], ]
);

BRACES[56].brace[2] := rec ( size := 56, perms := [ [  (),  (),  ], [  (1, 31, 4, 29, 2, 32, 3, 30)(5, 35, 8, 33, 6, 36, 7, 34)(9, 39, 12, 37,
10, 40, 11, 38)(13, 43, 16, 41, 14, 44, 15, 42)(17, 47, 20, 45, 18, 48, 19, 46)(21, 51, 24, 49, 22, 52, 23, 50)(25, 55, 28, 53, 26, 56, 27, 
54),  (1, 29, 4, 32, 2, 30, 3, 31)(5, 53, 8, 56, 6, 54, 7, 55)(9, 49, 12, 52, 10, 50, 11, 51)(13, 45, 16, 48, 14, 46, 15, 47)(17, 41, 20, 44, 
18, 42, 19, 43)(21, 37, 24, 40, 22, 38, 23, 39)(25, 33, 28, 36, 26, 34, 27, 35),  ], [  (1, 4, 2, 3)(5, 8, 6, 7)(9, 12, 10, 11)(13, 16, 14, 
15)(17, 20, 18, 19)(21, 24, 22, 23)(25, 28, 26, 27)(29, 32, 30, 31)(33, 36, 34, 35)(37, 40, 38, 39)(41, 44, 42, 43)(45, 48, 46, 47)(49, 52, 
50, 51)(53, 56, 54, 55),  (1, 3, 2, 4)(5, 7, 6, 8)(9, 11, 10, 12)(13, 15, 14, 16)(17, 19, 18, 20)(21, 23, 22, 24)(25, 27, 26, 28)(29, 31, 30, 
32)(33, 35, 34, 36)(37, 39, 38, 40)(41, 43, 42, 44)(45, 47, 46, 48)(49, 51, 50, 52)(53, 55, 54, 56),  ], [  (1, 2)(3, 4)(5, 6)(7, 8)(9, 
10)(11, 12)(13, 14)(15, 16)(17, 18)(19, 20)(21, 22)(23, 24)(25, 26)(27, 28)(29, 30)(31, 32)(33, 34)(35, 36)(37, 38)(39, 40)(41, 42)(43, 
44)(45, 46)(47, 48)(49, 50)(51, 52)(53, 54)(55, 56),  (1, 2)(3, 4)(5, 6)(7, 8)(9, 10)(11, 12)(13, 14)(15, 16)(17, 18)(19, 20)(21, 22)(23, 
24)(25, 26)(27, 28)(29, 30)(31, 32)(33, 34)(35, 36)(37, 38)(39, 40)(41, 42)(43, 44)(45, 46)(47, 48)(49, 50)(51, 52)(53, 54)(55, 56),  ], [  
(1, 21, 13, 5, 25, 17, 9)(2, 22, 14, 6, 26, 18, 10)(3, 23, 15, 7, 27, 19, 11)(4, 24, 16, 8, 28, 20, 12)(29, 49, 41, 33, 53, 45, 37)(30, 50, 
42, 34, 54, 46, 38)(31, 51, 43, 35, 55, 47, 39)(32, 52, 44, 36, 56, 48, 40),  (1, 9, 17, 25, 5, 13, 21)(2, 10, 18, 26, 6, 14, 22)(3, 11, 19, 
27, 7, 15, 23)(4, 12, 20, 28, 8, 16, 24)(29, 37, 45, 53, 33, 41, 49)(30, 38, 46, 54, 34, 42, 50)(31, 39, 47, 55, 35, 43, 51)(32, 40, 48, 56, 
36, 44, 52),  ], [  (1, 29, 3, 31, 2, 30, 4, 32)(5, 33, 7, 35, 6, 34, 8, 36)(9, 37, 11, 39, 10, 38, 12, 40)(13, 41, 15, 43, 14, 42, 16, 
44)(17, 45, 19, 47, 18, 46, 20, 48)(21, 49, 23, 51, 22, 50, 24, 52)(25, 53, 27, 55, 26, 54, 28, 56),  (1, 31, 3, 30, 2, 32, 4, 29)(5, 55, 7, 
54, 6, 56, 8, 53)(9, 51, 11, 50, 10, 52, 12, 49)(13, 47, 15, 46, 14, 48, 16, 45)(17, 43, 19, 42, 18, 44, 20, 41)(21, 39, 23, 38, 22, 40, 24, 
37)(25, 35, 27, 34, 26, 36, 28, 33),  ], [  (1, 3, 2, 4)(5, 7, 6, 8)(9, 11, 10, 12)(13, 15, 14, 16)(17, 19, 18, 20)(21, 23, 22, 24)(25, 27, 
26, 28)(29, 31, 30, 32)(33, 35, 34, 36)(37, 39, 38, 40)(41, 43, 42, 44)(45, 47, 46, 48)(49, 51, 50, 52)(53, 55, 54, 56),  (1, 4, 2, 3)(5, 8, 
6, 7)(9, 12, 10, 11)(13, 16, 14, 15)(17, 20, 18, 19)(21, 24, 22, 23)(25, 28, 26, 27)(29, 32, 30, 31)(33, 36, 34, 35)(37, 40, 38, 39)(41, 44, 
42, 43)(45, 48, 46, 47)(49, 52, 50, 51)(53, 56, 54, 55),  ], [  (1, 9, 17, 25, 5, 13, 21)(2, 10, 18, 26, 6, 14, 22)(3, 11, 19, 27, 7, 15, 
23)(4, 12, 20, 28, 8, 16, 24)(29, 37, 45, 53, 33, 41, 49)(30, 38, 46, 54, 34, 42, 50)(31, 39, 47, 55, 35, 43, 51)(32, 40, 48, 56, 36, 44, 52),
(1, 21, 13, 5, 25, 17, 9)(2, 22, 14, 6, 26, 18, 10)(3, 23, 15, 7, 27, 19, 11)(4, 24, 16, 8, 28, 20, 12)(29, 49, 41, 33, 53, 45, 37)(30, 50, 
42, 34, 54, 46, 38)(31, 51, 43, 35, 55, 47, 39)(32, 52, 44, 36, 56, 48, 40),  ], [  (1, 32, 4, 30, 2, 31, 3, 29)(5, 36, 8, 34, 6, 35, 7, 
33)(9, 40, 12, 38, 10, 39, 11, 37)(13, 44, 16, 42, 14, 43, 15, 41)(17, 48, 20, 46, 18, 47, 19, 45)(21, 52, 24, 50, 22, 51, 23, 49)(25, 56, 28,
54, 26, 55, 27, 53),  (1, 30, 4, 31, 2, 29, 3, 32)(5, 54, 8, 55, 6, 53, 7, 56)(9, 50, 12, 51, 10, 49, 11, 52)(13, 46, 16, 47, 14, 45, 15, 
48)(17, 42, 20, 43, 18, 41, 19, 44)(21, 38, 24, 39, 22, 37, 23, 40)(25, 34, 28, 35, 26, 33, 27, 36),  ], [  (1, 39, 20, 53, 6, 44, 23, 30, 9, 
47, 28, 33, 14, 52, 3, 38, 17, 55, 8, 41, 22, 32, 11, 46, 25, 35, 16, 49, 2, 40, 19, 54, 5, 43, 24, 29, 10, 48, 27, 34, 13, 51, 4, 37, 18, 56,
7, 42, 21, 31, 12, 45, 26, 36, 15, 50),  (1, 37, 4, 40, 2, 38, 3, 39)(5, 33, 8, 36, 6, 34, 7, 35)(9, 29, 12, 32, 10, 30, 11, 31)(13, 53, 16, 
56, 14, 54, 15, 55)(17, 49, 20, 52, 18, 50, 19, 51)(21, 45, 24, 48, 22, 46, 23, 47)(25, 41, 28, 44, 26, 42, 27, 43),  ], [  (1, 30, 3, 32, 2, 
29, 4, 31)(5, 34, 7, 36, 6, 33, 8, 35)(9, 38, 11, 40, 10, 37, 12, 39)(13, 42, 15, 44, 14, 41, 16, 43)(17, 46, 19, 48, 18, 45, 20, 47)(21, 50, 
23, 52, 22, 49, 24, 51)(25, 54, 27, 56, 26, 53, 28, 55),  (1, 32, 3, 29, 2, 31, 4, 30)(5, 56, 7, 53, 6, 55, 8, 54)(9, 52, 11, 49, 10, 51, 12, 
50)(13, 48, 15, 45, 14, 47, 16, 46)(17, 44, 19, 41, 18, 43, 20, 42)(21, 40, 23, 37, 22, 39, 24, 38)(25, 36, 27, 33, 26, 35, 28, 34),  ], [  
(1, 51, 16, 33, 26, 48, 11, 30, 21, 43, 8, 53, 18, 40, 3, 50, 13, 35, 28, 45, 10, 32, 23, 42, 5, 55, 20, 37, 2, 52, 15, 34, 25, 47, 12, 29, 
22, 44, 7, 54, 17, 39, 4, 49, 14, 36, 27, 46, 9, 31, 24, 41, 6, 56, 19, 38),  (1, 49, 4, 52, 2, 50, 3, 51)(5, 45, 8, 48, 6, 46, 7, 47)(9, 41, 
12, 44, 10, 42, 11, 43)(13, 37, 16, 40, 14, 38, 15, 39)(17, 33, 20, 36, 18, 34, 19, 35)(21, 29, 24, 32, 22, 30, 23, 31)(25, 53, 28, 56, 26, 
54, 27, 55),  ], [  (1, 24, 14, 7, 25, 20, 10, 3, 21, 16, 6, 27, 17, 12, 2, 23, 13, 8, 26, 19, 9, 4, 22, 15, 5, 28, 18, 11)(29, 52, 42, 35, 
53, 48, 38, 31, 49, 44, 34, 55, 45, 40, 30, 51, 41, 36, 54, 47, 37, 32, 50, 43, 33, 56, 46, 39),  (1, 11, 18, 28, 5, 15, 22, 4, 9, 19, 26, 8, 
13, 23, 2, 12, 17, 27, 6, 16, 21, 3, 10, 20, 25, 7, 14, 24)(29, 39, 46, 56, 33, 43, 50, 32, 37, 47, 54, 36, 41, 51, 30, 40, 45, 55, 34, 44, 
49, 31, 38, 48, 53, 35, 42, 52),  ], [  (1, 12, 18, 27, 5, 16, 22, 3, 9, 20, 26, 7, 13, 24, 2, 11, 17, 28, 6, 15, 21, 4, 10, 19, 25, 8, 14, 
23)(29, 40, 46, 55, 33, 44, 50, 31, 37, 48, 54, 35, 41, 52, 30, 39, 45, 56, 34, 43, 49, 32, 38, 47, 53, 36, 42, 51),  (1, 23, 14, 8, 25, 19, 
10, 4, 21, 15, 6, 28, 17, 11, 2, 24, 13, 7, 26, 20, 9, 3, 22, 16, 5, 27, 18, 12)(29, 51, 42, 36, 53, 47, 38, 32, 49, 43, 34, 56, 45, 39, 30, 
52, 41, 35, 54, 48, 37, 31, 50, 44, 33, 55, 46, 40),  ], [  (1, 22, 13, 6, 25, 18, 9, 2, 21, 14, 5, 26, 17, 10)(3, 24, 15, 8, 27, 20, 11, 4, 
23, 16, 7, 28, 19, 12)(29, 50, 41, 34, 53, 46, 37, 30, 49, 42, 33, 54, 45, 38)(31, 52, 43, 36, 55, 48, 39, 32, 51, 44, 35, 56, 47, 40),  (1, 
10, 17, 26, 5, 14, 21, 2, 9, 18, 25, 6, 13, 22)(3, 12, 19, 28, 7, 16, 23, 4, 11, 20, 27, 8, 15, 24)(29, 38, 45, 54, 33, 42, 49, 30, 37, 46, 
53, 34, 41, 50)(31, 40, 47, 56, 35, 44, 51, 32, 39, 48, 55, 36, 43, 52),  ], [  (1, 10, 17, 26, 5, 14, 21, 2, 9, 18, 25, 6, 13, 22)(3, 12, 19,
28, 7, 16, 23, 4, 11, 20, 27, 8, 15, 24)(29, 38, 45, 54, 33, 42, 49, 30, 37, 46, 53, 34, 41, 50)(31, 40, 47, 56, 35, 44, 51, 32, 39, 48, 55, 
36, 43, 52),  (1, 22, 13, 6, 25, 18, 9, 2, 21, 14, 5, 26, 17, 10)(3, 24, 15, 8, 27, 20, 11, 4, 23, 16, 7, 28, 19, 12)(29, 50, 41, 34, 53, 46, 
37, 30, 49, 42, 33, 54, 45, 38)(31, 52, 43, 36, 55, 48, 39, 32, 51, 44, 35, 56, 47, 40),  ], [  (1, 13, 25, 9, 21, 5, 17)(2, 14, 26, 10, 22, 
6, 18)(3, 15, 27, 11, 23, 7, 19)(4, 16, 28, 12, 24, 8, 20)(29, 41, 53, 37, 49, 33, 45)(30, 42, 54, 38, 50, 34, 46)(31, 43, 55, 39, 51, 35, 
47)(32, 44, 56, 40, 52, 36, 48),  (1, 17, 5, 21, 9, 25, 13)(2, 18, 6, 22, 10, 26, 14)(3, 19, 7, 23, 11, 27, 15)(4, 20, 8, 24, 12, 28, 16)(29, 
45, 33, 49, 37, 53, 41)(30, 46, 34, 50, 38, 54, 42)(31, 47, 35, 51, 39, 55, 43)(32, 48, 36, 52, 40, 56, 44),  ], [  (1, 49, 15, 35, 26, 46, 
12, 32, 21, 41, 7, 55, 18, 38, 4, 52, 13, 33, 27, 47, 10, 30, 24, 44, 5, 53, 19, 39, 2, 50, 16, 36, 25, 45, 11, 31, 22, 42, 8, 56, 17, 37, 3, 
51, 14, 34, 28, 48, 9, 29, 23, 43, 6, 54, 20, 40),  (1, 51, 3, 50, 2, 52, 4, 49)(5, 47, 7, 46, 6, 48, 8, 45)(9, 43, 11, 42, 10, 44, 12, 
41)(13, 39, 15, 38, 14, 40, 16, 37)(17, 35, 19, 34, 18, 36, 20, 33)(21, 31, 23, 30, 22, 32, 24, 29)(25, 55, 27, 54, 26, 56, 28, 53),  ], [  
(1, 23, 14, 8, 25, 19, 10, 4, 21, 15, 6, 28, 17, 11, 2, 24, 13, 7, 26, 20, 9, 3, 22, 16, 5, 27, 18, 12)(29, 51, 42, 36, 53, 47, 38, 32, 49, 
43, 34, 56, 45, 39, 30, 52, 41, 35, 54, 48, 37, 31, 50, 44, 33, 55, 46, 40),  (1, 12, 18, 27, 5, 16, 22, 3, 9, 20, 26, 7, 13, 24, 2, 11, 17, 
28, 6, 15, 21, 4, 10, 19, 25, 8, 14, 23)(29, 40, 46, 55, 33, 44, 50, 31, 37, 48, 54, 35, 41, 52, 30, 39, 45, 56, 34, 43, 49, 32, 38, 47, 53, 
36, 42, 51),  ], [  (1, 37, 19, 55, 6, 42, 24, 32, 9, 45, 27, 35, 14, 50, 4, 40, 17, 53, 7, 43, 22, 30, 12, 48, 25, 33, 15, 51, 2, 38, 20, 56,
5, 41, 23, 31, 10, 46, 28, 36, 13, 49, 3, 39, 18, 54, 8, 44, 21, 29, 11, 47, 26, 34, 16, 52),  (1, 39, 3, 38, 2, 40, 4, 37)(5, 35, 7, 34, 6, 
36, 8, 33)(9, 31, 11, 30, 10, 32, 12, 29)(13, 55, 15, 54, 14, 56, 16, 53)(17, 51, 19, 50, 18, 52, 20, 49)(21, 47, 23, 46, 22, 48, 24, 45)(25, 
43, 27, 42, 26, 44, 28, 41),  ], [  (1, 11, 18, 28, 5, 15, 22, 4, 9, 19, 26, 8, 13, 23, 2, 12, 17, 27, 6, 16, 21, 3, 10, 20, 25, 7, 14, 
24)(29, 39, 46, 56, 33, 43, 50, 32, 37, 47, 54, 36, 41, 51, 30, 40, 45, 55, 34, 44, 49, 31, 38, 48, 53, 35, 42, 52),  (1, 24, 14, 7, 25, 20, 
10, 3, 21, 16, 6, 27, 17, 12, 2, 23, 13, 8, 26, 19, 9, 4, 22, 15, 5, 28, 18, 11)(29, 52, 42, 35, 53, 48, 38, 31, 49, 44, 34, 55, 45, 40, 30, 
51, 41, 36, 54, 47, 37, 32, 50, 43, 33, 56, 46, 39),  ], [  (1, 17, 5, 21, 9, 25, 13)(2, 18, 6, 22, 10, 26, 14)(3, 19, 7, 23, 11, 27, 15)(4, 
20, 8, 24, 12, 28, 16)(29, 45, 33, 49, 37, 53, 41)(30, 46, 34, 50, 38, 54, 42)(31, 47, 35, 51, 39, 55, 43)(32, 48, 36, 52, 40, 56, 44),  (1, 
13, 25, 9, 21, 5, 17)(2, 14, 26, 10, 22, 6, 18)(3, 15, 27, 11, 23, 7, 19)(4, 16, 28, 12, 24, 8, 20)(29, 41, 53, 37, 49, 33, 45)(30, 42, 54, 
38, 50, 34, 46)(31, 43, 55, 39, 51, 35, 47)(32, 44, 56, 40, 52, 36, 48),  ], [  (1, 40, 20, 54, 6, 43, 23, 29, 9, 48, 28, 34, 14, 51, 3, 37, 
17, 56, 8, 42, 22, 31, 11, 45, 25, 36, 16, 50, 2, 39, 19, 53, 5, 44, 24, 30, 10, 47, 27, 33, 13, 52, 4, 38, 18, 55, 7, 41, 21, 32, 12, 46, 26,
35, 15, 49),  (1, 38, 4, 39, 2, 37, 3, 40)(5, 34, 8, 35, 6, 33, 7, 36)(9, 30, 12, 31, 10, 29, 11, 32)(13, 54, 16, 55, 14, 53, 15, 56)(17, 50, 
20, 51, 18, 49, 19, 52)(21, 46, 24, 47, 22, 45, 23, 48)(25, 42, 28, 43, 26, 41, 27, 44),  ], [  (1, 52, 16, 34, 26, 47, 11, 29, 21, 44, 8, 54,
18, 39, 3, 49, 13, 36, 28, 46, 10, 31, 23, 41, 5, 56, 20, 38, 2, 51, 15, 33, 25, 48, 12, 30, 22, 43, 7, 53, 17, 40, 4, 50, 14, 35, 27, 45, 9, 
32, 24, 42, 6, 55, 19, 37),  (1, 50, 4, 51, 2, 49, 3, 52)(5, 46, 8, 47, 6, 45, 7, 48)(9, 42, 12, 43, 10, 41, 11, 44)(13, 38, 16, 39, 14, 37, 
15, 40)(17, 34, 20, 35, 18, 33, 19, 36)(21, 30, 24, 31, 22, 29, 23, 32)(25, 54, 28, 55, 26, 53, 27, 56),  ], [  (1, 47, 8, 49, 10, 56, 15, 30,
17, 35, 24, 37, 26, 44, 3, 46, 5, 51, 12, 53, 14, 32, 19, 34, 21, 39, 28, 41, 2, 48, 7, 50, 9, 55, 16, 29, 18, 36, 23, 38, 25, 43, 4, 45, 6, 
52, 11, 54, 13, 31, 20, 33, 22, 40, 27, 42),  (1, 45, 4, 48, 2, 46, 3, 47)(5, 41, 8, 44, 6, 42, 7, 43)(9, 37, 12, 40, 10, 38, 11, 39)(13, 33, 
16, 36, 14, 34, 15, 35)(17, 29, 20, 32, 18, 30, 19, 31)(21, 53, 24, 56, 22, 54, 23, 55)(25, 49, 28, 52, 26, 50, 27, 51),  ], [  (1, 38, 19, 
56, 6, 41, 24, 31, 9, 46, 27, 36, 14, 49, 4, 39, 17, 54, 7, 44, 22, 29, 12, 47, 25, 34, 15, 52, 2, 37, 20, 55, 5, 42, 23, 32, 10, 45, 28, 35, 
13, 50, 3, 40, 18, 53, 8, 43, 21, 30, 11, 48, 26, 33, 16, 51),  (1, 40, 3, 37, 2, 39, 4, 38)(5, 36, 7, 33, 6, 35, 8, 34)(9, 32, 11, 29, 10, 
31, 12, 30)(13, 56, 15, 53, 14, 55, 16, 54)(17, 52, 19, 49, 18, 51, 20, 50)(21, 48, 23, 45, 22, 47, 24, 46)(25, 44, 27, 41, 26, 43, 28, 42),  
], [  (1, 50, 15, 36, 26, 45, 12, 31, 21, 42, 7, 56, 18, 37, 4, 51, 13, 34, 27, 48, 10, 29, 24, 43, 5, 54, 19, 40, 2, 49, 16, 35, 25, 46, 11, 
32, 22, 41, 8, 55, 17, 38, 3, 52, 14, 33, 28, 47, 9, 30, 23, 44, 6, 53, 20, 39),  (1, 52, 3, 49, 2, 51, 4, 50)(5, 48, 7, 45, 6, 47, 8, 46)(9, 
44, 11, 41, 10, 43, 12, 42)(13, 40, 15, 37, 14, 39, 16, 38)(17, 36, 19, 33, 18, 35, 20, 34)(21, 32, 23, 29, 22, 31, 24, 30)(25, 56, 27, 53, 
26, 55, 28, 54),  ], [  (1, 43, 28, 37, 22, 36, 19, 30, 13, 55, 12, 49, 6, 48, 3, 42, 25, 39, 24, 33, 18, 32, 15, 54, 9, 51, 8, 45, 2, 44, 27,
38, 21, 35, 20, 29, 14, 56, 11, 50, 5, 47, 4, 41, 26, 40, 23, 34, 17, 31, 16, 53, 10, 52, 7, 46),  (1, 41, 4, 44, 2, 42, 3, 43)(5, 37, 8, 40, 
6, 38, 7, 39)(9, 33, 12, 36, 10, 34, 11, 35)(13, 29, 16, 32, 14, 30, 15, 31)(17, 53, 20, 56, 18, 54, 19, 55)(21, 49, 24, 52, 22, 50, 23, 
51)(25, 45, 28, 48, 26, 46, 27, 47),  ], [  (1, 16, 26, 11, 21, 8, 18, 3, 13, 28, 10, 23, 5, 20, 2, 15, 25, 12, 22, 7, 17, 4, 14, 27, 9, 24, 
6, 19)(29, 44, 54, 39, 49, 36, 46, 31, 41, 56, 38, 51, 33, 48, 30, 43, 53, 40, 50, 35, 45, 32, 42, 55, 37, 52, 34, 47),  (1, 19, 6, 24, 9, 27,
14, 4, 17, 7, 22, 12, 25, 15, 2, 20, 5, 23, 10, 28, 13, 3, 18, 8, 21, 11, 26, 16)(29, 47, 34, 52, 37, 55, 42, 32, 45, 35, 50, 40, 53, 43, 30, 
48, 33, 51, 38, 56, 41, 31, 46, 36, 49, 39, 54, 44),  ], [  (1, 20, 6, 23, 9, 28, 14, 3, 17, 8, 22, 11, 25, 16, 2, 19, 5, 24, 10, 27, 13, 4, 
18, 7, 21, 12, 26, 15)(29, 48, 34, 51, 37, 56, 42, 31, 45, 36, 50, 39, 53, 44, 30, 47, 33, 52, 38, 55, 41, 32, 46, 35, 49, 40, 54, 43),  (1, 
15, 26, 12, 21, 7, 18, 4, 13, 27, 10, 24, 5, 19, 2, 16, 25, 11, 22, 8, 17, 3, 14, 28, 9, 23, 6, 20)(29, 43, 54, 40, 49, 35, 46, 32, 41, 55, 
38, 52, 33, 47, 30, 44, 53, 39, 50, 36, 45, 31, 42, 56, 37, 51, 34, 48),  ], [  (1, 14, 25, 10, 21, 6, 17, 2, 13, 26, 9, 22, 5, 18)(3, 16, 27,
12, 23, 8, 19, 4, 15, 28, 11, 24, 7, 20)(29, 42, 53, 38, 49, 34, 45, 30, 41, 54, 37, 50, 33, 46)(31, 44, 55, 40, 51, 36, 47, 32, 43, 56, 39, 
52, 35, 48),  (1, 18, 5, 22, 9, 26, 13, 2, 17, 6, 21, 10, 25, 14)(3, 20, 7, 24, 11, 28, 15, 4, 19, 8, 23, 12, 27, 16)(29, 46, 33, 50, 37, 54, 
41, 30, 45, 34, 49, 38, 53, 42)(31, 48, 35, 52, 39, 56, 43, 32, 47, 36, 51, 40, 55, 44),  ], [  (1, 18, 5, 22, 9, 26, 13, 2, 17, 6, 21, 10, 
25, 14)(3, 20, 7, 24, 11, 28, 15, 4, 19, 8, 23, 12, 27, 16)(29, 46, 33, 50, 37, 54, 41, 30, 45, 34, 49, 38, 53, 42)(31, 48, 35, 52, 39, 56, 
43, 32, 47, 36, 51, 40, 55, 44),  (1, 14, 25, 10, 21, 6, 17, 2, 13, 26, 9, 22, 5, 18)(3, 16, 27, 12, 23, 8, 19, 4, 15, 28, 11, 24, 7, 20)(29, 
42, 53, 38, 49, 34, 45, 30, 41, 54, 37, 50, 33, 46)(31, 44, 55, 40, 51, 36, 47, 32, 43, 56, 39, 52, 35, 48),  ], [  (1, 5, 9, 13, 17, 21, 
25)(2, 6, 10, 14, 18, 22, 26)(3, 7, 11, 15, 19, 23, 27)(4, 8, 12, 16, 20, 24, 28)(29, 33, 37, 41, 45, 49, 53)(30, 34, 38, 42, 46, 50, 54)(31, 
35, 39, 43, 47, 51, 55)(32, 36, 40, 44, 48, 52, 56),  (1, 25, 21, 17, 13, 9, 5)(2, 26, 22, 18, 14, 10, 6)(3, 27, 23, 19, 15, 11, 7)(4, 28, 24,
20, 16, 12, 8)(29, 53, 49, 45, 41, 37, 33)(30, 54, 50, 46, 42, 38, 34)(31, 55, 51, 47, 43, 39, 35)(32, 56, 52, 48, 44, 40, 36),  ], [  (1, 41,
27, 39, 22, 34, 20, 32, 13, 53, 11, 51, 6, 46, 4, 44, 25, 37, 23, 35, 18, 30, 16, 56, 9, 49, 7, 47, 2, 42, 28, 40, 21, 33, 19, 31, 14, 54, 12,
52, 5, 45, 3, 43, 26, 38, 24, 36, 17, 29, 15, 55, 10, 50, 8, 48),  (1, 43, 3, 42, 2, 44, 4, 41)(5, 39, 7, 38, 6, 40, 8, 37)(9, 35, 11, 34, 10,
36, 12, 33)(13, 31, 15, 30, 14, 32, 16, 29)(17, 55, 19, 54, 18, 56, 20, 53)(21, 51, 23, 50, 22, 52, 24, 49)(25, 47, 27, 46, 26, 48, 28, 45),  
], [  (1, 15, 26, 12, 21, 7, 18, 4, 13, 27, 10, 24, 5, 19, 2, 16, 25, 11, 22, 8, 17, 3, 14, 28, 9, 23, 6, 20)(29, 43, 54, 40, 49, 35, 46, 32, 
41, 55, 38, 52, 33, 47, 30, 44, 53, 39, 50, 36, 45, 31, 42, 56, 37, 51, 34, 48),  (1, 20, 6, 23, 9, 28, 14, 3, 17, 8, 22, 11, 25, 16, 2, 19, 
5, 24, 10, 27, 13, 4, 18, 7, 21, 12, 26, 15)(29, 48, 34, 51, 37, 56, 42, 31, 45, 36, 50, 39, 53, 44, 30, 47, 33, 52, 38, 55, 41, 32, 46, 35, 
49, 40, 54, 43),  ], [  (1, 45, 7, 51, 10, 54, 16, 32, 17, 33, 23, 39, 26, 42, 4, 48, 5, 49, 11, 55, 14, 30, 20, 36, 21, 37, 27, 43, 2, 46, 8,
