## size 105
BRACES[105] := rec( total := -1, implemented := 2, size := 105, brace := [] );
BRACES[105].brace[1] := rec ( size := 105, perms :=
[ [ (), () ], [ ( 9,10,11,12,13,14,15), ( 9,15,14,13,12,11,10) ], 
  [ ( 9,11,13,15,10,12,14), ( 9,14,12,10,15,13,11) ], 
  [ ( 9,12,15,11,14,10,13), ( 9,13,10,14,11,15,12) ], 
  [ ( 9,13,10,14,11,15,12), ( 9,12,15,11,14,10,13) ], 
  [ ( 9,14,12,10,15,13,11), ( 9,11,13,15,10,12,14) ], 
  [ ( 9,15,14,13,12,11,10), ( 9,10,11,12,13,14,15) ], 
  [ (4,8,7,6,5), (4,5,6,7,8) ], 
  [ ( 4, 8, 7, 6, 5)( 9,10,11,12,13,14,15), 
      ( 4, 5, 6, 7, 8)( 9,15,14,13,12,11,10) ], 
  [ ( 4, 8, 7, 6, 5)( 9,11,13,15,10,12,14), 
      ( 4, 5, 6, 7, 8)( 9,14,12,10,15,13,11) ], 
  [ ( 4, 8, 7, 6, 5)( 9,12,15,11,14,10,13), 
      ( 4, 5, 6, 7, 8)( 9,13,10,14,11,15,12) ], 
  [ ( 4, 8, 7, 6, 5)( 9,13,10,14,11,15,12), 
      ( 4, 5, 6, 7, 8)( 9,12,15,11,14,10,13) ], 
  [ ( 4, 8, 7, 6, 5)( 9,14,12,10,15,13,11), 
      ( 4, 5, 6, 7, 8)( 9,11,13,15,10,12,14) ], 
  [ ( 4, 8, 7, 6, 5)( 9,15,14,13,12,11,10), 
      ( 4, 5, 6, 7, 8)( 9,10,11,12,13,14,15) ], [ (4,7,5,8,6), (4,6,8,5,7) ], 
  [ ( 4, 7, 5, 8, 6)( 9,10,11,12,13,14,15), 
      ( 4, 6, 8, 5, 7)( 9,15,14,13,12,11,10) ], 
  [ ( 4, 7, 5, 8, 6)( 9,11,13,15,10,12,14), 
      ( 4, 6, 8, 5, 7)( 9,14,12,10,15,13,11) ], 
  [ ( 4, 7, 5, 8, 6)( 9,12,15,11,14,10,13), 
      ( 4, 6, 8, 5, 7)( 9,13,10,14,11,15,12) ], 
  [ ( 4, 7, 5, 8, 6)( 9,13,10,14,11,15,12), 
      ( 4, 6, 8, 5, 7)( 9,12,15,11,14,10,13) ], 
  [ ( 4, 7, 5, 8, 6)( 9,14,12,10,15,13,11), 
      ( 4, 6, 8, 5, 7)( 9,11,13,15,10,12,14) ], 
  [ ( 4, 7, 5, 8, 6)( 9,15,14,13,12,11,10), 
      ( 4, 6, 8, 5, 7)( 9,10,11,12,13,14,15) ], [ (4,6,8,5,7), (4,7,5,8,6) ], 
  [ ( 4, 6, 8, 5, 7)( 9,10,11,12,13,14,15), 
      ( 4, 7, 5, 8, 6)( 9,15,14,13,12,11,10) ], 
  [ ( 4, 6, 8, 5, 7)( 9,11,13,15,10,12,14), 
      ( 4, 7, 5, 8, 6)( 9,14,12,10,15,13,11) ], 
  [ ( 4, 6, 8, 5, 7)( 9,12,15,11,14,10,13), 
      ( 4, 7, 5, 8, 6)( 9,13,10,14,11,15,12) ], 
  [ ( 4, 6, 8, 5, 7)( 9,13,10,14,11,15,12), 
      ( 4, 7, 5, 8, 6)( 9,12,15,11,14,10,13) ], 
  [ ( 4, 6, 8, 5, 7)( 9,14,12,10,15,13,11), 
      ( 4, 7, 5, 8, 6)( 9,11,13,15,10,12,14) ], 
  [ ( 4, 6, 8, 5, 7)( 9,15,14,13,12,11,10), 
      ( 4, 7, 5, 8, 6)( 9,10,11,12,13,14,15) ], [ (4,5,6,7,8), (4,8,7,6,5) ], 
  [ ( 4, 5, 6, 7, 8)( 9,10,11,12,13,14,15), 
      ( 4, 8, 7, 6, 5)( 9,15,14,13,12,11,10) ], 
  [ ( 4, 5, 6, 7, 8)( 9,11,13,15,10,12,14), 
      ( 4, 8, 7, 6, 5)( 9,14,12,10,15,13,11) ], 
  [ ( 4, 5, 6, 7, 8)( 9,12,15,11,14,10,13), 
      ( 4, 8, 7, 6, 5)( 9,13,10,14,11,15,12) ], 
  [ ( 4, 5, 6, 7, 8)( 9,13,10,14,11,15,12), 
      ( 4, 8, 7, 6, 5)( 9,12,15,11,14,10,13) ], 
  [ ( 4, 5, 6, 7, 8)( 9,14,12,10,15,13,11), 
      ( 4, 8, 7, 6, 5)( 9,11,13,15,10,12,14) ], 
  [ ( 4, 5, 6, 7, 8)( 9,15,14,13,12,11,10), 
      ( 4, 8, 7, 6, 5)( 9,10,11,12,13,14,15) ], [ (1,3,2), (1,2,3) ], 
  [ ( 1, 3, 2)( 9,10,11,12,13,14,15), ( 1, 2, 3)( 9,15,14,13,12,11,10) ], 
  [ ( 1, 3, 2)( 9,11,13,15,10,12,14), ( 1, 2, 3)( 9,14,12,10,15,13,11) ], 
  [ ( 1, 3, 2)( 9,12,15,11,14,10,13), ( 1, 2, 3)( 9,13,10,14,11,15,12) ], 
  [ ( 1, 3, 2)( 9,13,10,14,11,15,12), ( 1, 2, 3)( 9,12,15,11,14,10,13) ], 
  [ ( 1, 3, 2)( 9,14,12,10,15,13,11), ( 1, 2, 3)( 9,11,13,15,10,12,14) ], 
  [ ( 1, 3, 2)( 9,15,14,13,12,11,10), ( 1, 2, 3)( 9,10,11,12,13,14,15) ], 
  [ (1,3,2)(4,8,7,6,5), (1,2,3)(4,5,6,7,8) ], 
  [ ( 1, 3, 2)( 4, 8, 7, 6, 5)( 9,10,11,12,13,14,15), 
      ( 1, 2, 3)( 4, 5, 6, 7, 8)( 9,15,14,13,12,11,10) ], 
  [ ( 1, 3, 2)( 4, 8, 7, 6, 5)( 9,11,13,15,10,12,14), 
      ( 1, 2, 3)( 4, 5, 6, 7, 8)( 9,14,12,10,15,13,11) ], 
  [ ( 1, 3, 2)( 4, 8, 7, 6, 5)( 9,12,15,11,14,10,13), 
      ( 1, 2, 3)( 4, 5, 6, 7, 8)( 9,13,10,14,11,15,12) ], 
  [ ( 1, 3, 2)( 4, 8, 7, 6, 5)( 9,13,10,14,11,15,12), 
      ( 1, 2, 3)( 4, 5, 6, 7, 8)( 9,12,15,11,14,10,13) ], 
  [ ( 1, 3, 2)( 4, 8, 7, 6, 5)( 9,14,12,10,15,13,11), 
      ( 1, 2, 3)( 4, 5, 6, 7, 8)( 9,11,13,15,10,12,14) ], 
  [ ( 1, 3, 2)( 4, 8, 7, 6, 5)( 9,15,14,13,12,11,10), 
      ( 1, 2, 3)( 4, 5, 6, 7, 8)( 9,10,11,12,13,14,15) ], 
  [ (1,3,2)(4,7,5,8,6), (1,2,3)(4,6,8,5,7) ], 
  [ ( 1, 3, 2)( 4, 7, 5, 8, 6)( 9,10,11,12,13,14,15), 
      ( 1, 2, 3)( 4, 6, 8, 5, 7)( 9,15,14,13,12,11,10) ], 
  [ ( 1, 3, 2)( 4, 7, 5, 8, 6)( 9,11,13,15,10,12,14), 
      ( 1, 2, 3)( 4, 6, 8, 5, 7)( 9,14,12,10,15,13,11) ], 
  [ ( 1, 3, 2)( 4, 7, 5, 8, 6)( 9,12,15,11,14,10,13), 
      ( 1, 2, 3)( 4, 6, 8, 5, 7)( 9,13,10,14,11,15,12) ], 
  [ ( 1, 3, 2)( 4, 7, 5, 8, 6)( 9,13,10,14,11,15,12), 
      ( 1, 2, 3)( 4, 6, 8, 5, 7)( 9,12,15,11,14,10,13) ], 
  [ ( 1, 3, 2)( 4, 7, 5, 8, 6)( 9,14,12,10,15,13,11), 
      ( 1, 2, 3)( 4, 6, 8, 5, 7)( 9,11,13,15,10,12,14) ], 
  [ ( 1, 3, 2)( 4, 7, 5, 8, 6)( 9,15,14,13,12,11,10), 
      ( 1, 2, 3)( 4, 6, 8, 5, 7)( 9,10,11,12,13,14,15) ], 
  [ (1,3,2)(4,6,8,5,7), (1,2,3)(4,7,5,8,6) ], 
  [ ( 1, 3, 2)( 4, 6, 8, 5, 7)( 9,10,11,12,13,14,15), 
      ( 1, 2, 3)( 4, 7, 5, 8, 6)( 9,15,14,13,12,11,10) ], 
  [ ( 1, 3, 2)( 4, 6, 8, 5, 7)( 9,11,13,15,10,12,14), 
      ( 1, 2, 3)( 4, 7, 5, 8, 6)( 9,14,12,10,15,13,11) ], 
  [ ( 1, 3, 2)( 4, 6, 8, 5, 7)( 9,12,15,11,14,10,13), 
      ( 1, 2, 3)( 4, 7, 5, 8, 6)( 9,13,10,14,11,15,12) ], 
  [ ( 1, 3, 2)( 4, 6, 8, 5, 7)( 9,13,10,14,11,15,12), 
      ( 1, 2, 3)( 4, 7, 5, 8, 6)( 9,12,15,11,14,10,13) ], 
  [ ( 1, 3, 2)( 4, 6, 8, 5, 7)( 9,14,12,10,15,13,11), 
      ( 1, 2, 3)( 4, 7, 5, 8, 6)( 9,11,13,15,10,12,14) ], 
  [ ( 1, 3, 2)( 4, 6, 8, 5, 7)( 9,15,14,13,12,11,10), 
      ( 1, 2, 3)( 4, 7, 5, 8, 6)( 9,10,11,12,13,14,15) ], 
  [ (1,3,2)(4,5,6,7,8), (1,2,3)(4,8,7,6,5) ], 
  [ ( 1, 3, 2)( 4, 5, 6, 7, 8)( 9,10,11,12,13,14,15), 
      ( 1, 2, 3)( 4, 8, 7, 6, 5)( 9,15,14,13,12,11,10) ], 
  [ ( 1, 3, 2)( 4, 5, 6, 7, 8)( 9,11,13,15,10,12,14), 
      ( 1, 2, 3)( 4, 8, 7, 6, 5)( 9,14,12,10,15,13,11) ], 
  [ ( 1, 3, 2)( 4, 5, 6, 7, 8)( 9,12,15,11,14,10,13), 
      ( 1, 2, 3)( 4, 8, 7, 6, 5)( 9,13,10,14,11,15,12) ], 
  [ ( 1, 3, 2)( 4, 5, 6, 7, 8)( 9,13,10,14,11,15,12), 
      ( 1, 2, 3)( 4, 8, 7, 6, 5)( 9,12,15,11,14,10,13) ], 
  [ ( 1, 3, 2)( 4, 5, 6, 7, 8)( 9,14,12,10,15,13,11), 
      ( 1, 2, 3)( 4, 8, 7, 6, 5)( 9,11,13,15,10,12,14) ], 
  [ ( 1, 3, 2)( 4, 5, 6, 7, 8)( 9,15,14,13,12,11,10), 
      ( 1, 2, 3)( 4, 8, 7, 6, 5)( 9,10,11,12,13,14,15) ], 
  [ (1,2,3), (1,3,2) ], 
  [ ( 1, 2, 3)( 9,10,11,12,13,14,15), ( 1, 3, 2)( 9,15,14,13,12,11,10) ], 
  [ ( 1, 2, 3)( 9,11,13,15,10,12,14), ( 1, 3, 2)( 9,14,12,10,15,13,11) ], 
  [ ( 1, 2, 3)( 9,12,15,11,14,10,13), ( 1, 3, 2)( 9,13,10,14,11,15,12) ], 
  [ ( 1, 2, 3)( 9,13,10,14,11,15,12), ( 1, 3, 2)( 9,12,15,11,14,10,13) ], 
  [ ( 1, 2, 3)( 9,14,12,10,15,13,11), ( 1, 3, 2)( 9,11,13,15,10,12,14) ], 
  [ ( 1, 2, 3)( 9,15,14,13,12,11,10), ( 1, 3, 2)( 9,10,11,12,13,14,15) ], 
  [ (1,2,3)(4,8,7,6,5), (1,3,2)(4,5,6,7,8) ], 
  [ ( 1, 2, 3)( 4, 8, 7, 6, 5)( 9,10,11,12,13,14,15), 
      ( 1, 3, 2)( 4, 5, 6, 7, 8)( 9,15,14,13,12,11,10) ], 
  [ ( 1, 2, 3)( 4, 8, 7, 6, 5)( 9,11,13,15,10,12,14), 
      ( 1, 3, 2)( 4, 5, 6, 7, 8)( 9,14,12,10,15,13,11) ], 
  [ ( 1, 2, 3)( 4, 8, 7, 6, 5)( 9,12,15,11,14,10,13), 
      ( 1, 3, 2)( 4, 5, 6, 7, 8)( 9,13,10,14,11,15,12) ], 
  [ ( 1, 2, 3)( 4, 8, 7, 6, 5)( 9,13,10,14,11,15,12), 
      ( 1, 3, 2)( 4, 5, 6, 7, 8)( 9,12,15,11,14,10,13) ], 
  [ ( 1, 2, 3)( 4, 8, 7, 6, 5)( 9,14,12,10,15,13,11), 
      ( 1, 3, 2)( 4, 5, 6, 7, 8)( 9,11,13,15,10,12,14) ], 
  [ ( 1, 2, 3)( 4, 8, 7, 6, 5)( 9,15,14,13,12,11,10), 
      ( 1, 3, 2)( 4, 5, 6, 7, 8)( 9,10,11,12,13,14,15) ], 
  [ (1,2,3)(4,7,5,8,6), (1,3,2)(4,6,8,5,7) ], 
  [ ( 1, 2, 3)( 4, 7, 5, 8, 6)( 9,10,11,12,13,14,15), 
      ( 1, 3, 2)( 4, 6, 8, 5, 7)( 9,15,14,13,12,11,10) ], 
  [ ( 1, 2, 3)( 4, 7, 5, 8, 6)( 9,11,13,15,10,12,14), 
      ( 1, 3, 2)( 4, 6, 8, 5, 7)( 9,14,12,10,15,13,11) ], 
  [ ( 1, 2, 3)( 4, 7, 5, 8, 6)( 9,12,15,11,14,10,13), 
      ( 1, 3, 2)( 4, 6, 8, 5, 7)( 9,13,10,14,11,15,12) ], 
  [ ( 1, 2, 3)( 4, 7, 5, 8, 6)( 9,13,10,14,11,15,12), 
      ( 1, 3, 2)( 4, 6, 8, 5, 7)( 9,12,15,11,14,10,13) ], 
  [ ( 1, 2, 3)( 4, 7, 5, 8, 6)( 9,14,12,10,15,13,11), 
      ( 1, 3, 2)( 4, 6, 8, 5, 7)( 9,11,13,15,10,12,14) ], 
  [ ( 1, 2, 3)( 4, 7, 5, 8, 6)( 9,15,14,13,12,11,10), 
      ( 1, 3, 2)( 4, 6, 8, 5, 7)( 9,10,11,12,13,14,15) ], 
  [ (1,2,3)(4,6,8,5,7), (1,3,2)(4,7,5,8,6) ], 
  [ ( 1, 2, 3)( 4, 6, 8, 5, 7)( 9,10,11,12,13,14,15), 
      ( 1, 3, 2)( 4, 7, 5, 8, 6)( 9,15,14,13,12,11,10) ], 
  [ ( 1, 2, 3)( 4, 6, 8, 5, 7)( 9,11,13,15,10,12,14), 
      ( 1, 3, 2)( 4, 7, 5, 8, 6)( 9,14,12,10,15,13,11) ], 
  [ ( 1, 2, 3)( 4, 6, 8, 5, 7)( 9,12,15,11,14,10,13), 
      ( 1, 3, 2)( 4, 7, 5, 8, 6)( 9,13,10,14,11,15,12) ], 
  [ ( 1, 2, 3)( 4, 6, 8, 5, 7)( 9,13,10,14,11,15,12), 
      ( 1, 3, 2)( 4, 7, 5, 8, 6)( 9,12,15,11,14,10,13) ], 
  [ ( 1, 2, 3)( 4, 6, 8, 5, 7)( 9,14,12,10,15,13,11), 
      ( 1, 3, 2)( 4, 7, 5, 8, 6)( 9,11,13,15,10,12,14) ], 
  [ ( 1, 2, 3)( 4, 6, 8, 5, 7)( 9,15,14,13,12,11,10), 
      ( 1, 3, 2)( 4, 7, 5, 8, 6)( 9,10,11,12,13,14,15) ], 
  [ (1,2,3)(4,5,6,7,8), (1,3,2)(4,8,7,6,5) ], 
  [ ( 1, 2, 3)( 4, 5, 6, 7, 8)( 9,10,11,12,13,14,15), 
      ( 1, 3, 2)( 4, 8, 7, 6, 5)( 9,15,14,13,12,11,10) ], 
  [ ( 1, 2, 3)( 4, 5, 6, 7, 8)( 9,11,13,15,10,12,14), 
      ( 1, 3, 2)( 4, 8, 7, 6, 5)( 9,14,12,10,15,13,11) ], 
  [ ( 1, 2, 3)( 4, 5, 6, 7, 8)( 9,12,15,11,14,10,13), 
      ( 1, 3, 2)( 4, 8, 7, 6, 5)( 9,13,10,14,11,15,12) ], 
  [ ( 1, 2, 3)( 4, 5, 6, 7, 8)( 9,13,10,14,11,15,12), 
      ( 1, 3, 2)( 4, 8, 7, 6, 5)( 9,12,15,11,14,10,13) ], 
  [ ( 1, 2, 3)( 4, 5, 6, 7, 8)( 9,14,12,10,15,13,11), 
      ( 1, 3, 2)( 4, 8, 7, 6, 5)( 9,11,13,15,10,12,14) ], 
  [ ( 1, 2, 3)( 4, 5, 6, 7, 8)( 9,15,14,13,12,11,10), 
      ( 1, 3, 2)( 4, 8, 7, 6, 5)( 9,10,11,12,13,14,15) ] ]
);

BRACES[105].brace[2] := rec ( size := 105, perms :=
[ [ (), () ], 
  [ ( 9,10,11,12,13,14,15), (  1, 46, 33, 22, 13,  7,  3)(  2, 59, 45, 32, 21,
         12,  6)(  4, 69, 55, 41, 28, 17,  9)(  5, 72, 58, 44, 31, 20, 11)
        (  8, 81, 68, 54, 40, 27, 16)( 10, 83, 71, 57, 43, 30, 19)
        ( 14, 88, 77, 64, 50, 36, 24)( 15, 91, 80, 67, 53, 39, 26)
        ( 18, 92, 82, 70, 56, 42, 29)( 23, 96, 87, 76, 63, 49, 35)
        ( 25, 98, 90, 79, 66, 52, 38)( 34,101, 95, 86, 75, 62, 48)
        ( 37,102, 97, 89, 78, 65, 51)( 47,104,100, 94, 85, 74, 61)
        ( 60,105,103, 99, 93, 84, 73) ], 
  [ ( 9,11,13,15,10,12,14), (  1, 33, 13,  3, 46, 22,  7)(  2, 45, 21,  6, 59,
         32, 12)(  4, 55, 28,  9, 69, 41, 17)(  5, 58, 31, 11, 72, 44, 20)
        (  8, 68, 40, 16, 81, 54, 27)( 10, 71, 43, 19, 83, 57, 30)
        ( 14, 77, 50, 24, 88, 64, 36)( 15, 80, 53, 26, 91, 67, 39)
        ( 18, 82, 56, 29, 92, 70, 42)( 23, 87, 63, 35, 96, 76, 49)
        ( 25, 90, 66, 38, 98, 79, 52)( 34, 95, 75, 48,101, 86, 62)
        ( 37, 97, 78, 51,102, 89, 65)( 47,100, 85, 61,104, 94, 74)
        ( 60,103, 93, 73,105, 99, 84) ], 
  [ ( 9,12,15,11,14,10,13), (  1, 22,  3, 33,  7, 46, 13)(  2, 32,  6, 45, 12,
         59, 21)(  4, 41,  9, 55, 17, 69, 28)(  5, 44, 11, 58, 20, 72, 31)
        (  8, 54, 16, 68, 27, 81, 40)( 10, 57, 19, 71, 30, 83, 43)
        ( 14, 64, 24, 77, 36, 88, 50)( 15, 67, 26, 80, 39, 91, 53)
        ( 18, 70, 29, 82, 42, 92, 56)( 23, 76, 35, 87, 49, 96, 63)
        ( 25, 79, 38, 90, 52, 98, 66)( 34, 86, 48, 95, 62,101, 75)
        ( 37, 89, 51, 97, 65,102, 78)( 47, 94, 61,100, 74,104, 85)
        ( 60, 99, 73,103, 84,105, 93) ], 
  [ ( 9,13,10,14,11,15,12), (  1, 13, 46,  7, 33,  3, 22)(  2, 21, 59, 12, 45,
         6, 32)(  4, 28, 69, 17, 55,  9, 41)(  5, 31, 72, 20, 58, 11, 44)
        (  8, 40, 81, 27, 68, 16, 54)( 10, 43, 83, 30, 71, 19, 57)
        ( 14, 50, 88, 36, 77, 24, 64)( 15, 53, 91, 39, 80, 26, 67)
        ( 18, 56, 92, 42, 82, 29, 70)( 23, 63, 96, 49, 87, 35, 76)
        ( 25, 66, 98, 52, 90, 38, 79)( 34, 75,101, 62, 95, 48, 86)
        ( 37, 78,102, 65, 97, 51, 89)( 47, 85,104, 74,100, 61, 94)
        ( 60, 93,105, 84,103, 73, 99) ], 
  [ ( 9,14,12,10,15,13,11), (  1,  7, 22, 46,  3, 13, 33)(  2, 12, 32, 59,  6,
         21, 45)(  4, 17, 41, 69,  9, 28, 55)(  5, 20, 44, 72, 11, 31, 58)
        (  8, 27, 54, 81, 16, 40, 68)( 10, 30, 57, 83, 19, 43, 71)
        ( 14, 36, 64, 88, 24, 50, 77)( 15, 39, 67, 91, 26, 53, 80)
        ( 18, 42, 70, 92, 29, 56, 82)( 23, 49, 76, 96, 35, 63, 87)
        ( 25, 52, 79, 98, 38, 66, 90)( 34, 62, 86,101, 48, 75, 95)
        ( 37, 65, 89,102, 51, 78, 97)( 47, 74, 94,104, 61, 85,100)
        ( 60, 84, 99,105, 73, 93,103) ], 
  [ ( 9,15,14,13,12,11,10), (  1,  3,  7, 13, 22, 33, 46)(  2,  6, 12, 21, 32,
         45, 59)(  4,  9, 17, 28, 41, 55, 69)(  5, 11, 20, 31, 44, 58, 72)
        (  8, 16, 27, 40, 54, 68, 81)( 10, 19, 30, 43, 57, 71, 83)
        ( 14, 24, 36, 50, 64, 77, 88)( 15, 26, 39, 53, 67, 80, 91)
        ( 18, 29, 42, 56, 70, 82, 92)( 23, 35, 49, 63, 76, 87, 96)
        ( 25, 38, 52, 66, 79, 90, 98)( 34, 48, 62, 75, 86, 95,101)
        ( 37, 51, 65, 78, 89, 97,102)( 47, 61, 74, 85, 94,100,104)
        ( 60, 73, 84, 93, 99,103,105) ], 
  [ (4,8,7,6,5), (  1, 18, 10,  5,  2)(  3, 29, 19, 11,  6)(  4, 37, 25, 15,
           8)(  7, 42, 30, 20, 12)(  9, 51, 38, 26, 16)( 13, 56, 43, 31, 21)
        ( 14, 60, 47, 34, 23)( 17, 65, 52, 39, 27)( 22, 70, 57, 44, 32)
        ( 24, 73, 61, 48, 35)( 28, 78, 66, 53, 40)( 33, 82, 71, 58, 45)
        ( 36, 84, 74, 62, 49)( 41, 89, 79, 67, 54)( 46, 92, 83, 72, 59)
        ( 50, 93, 85, 75, 63)( 55, 97, 90, 80, 68)( 64, 99, 94, 86, 76)
        ( 69,102, 98, 91, 81)( 77,103,100, 95, 87)( 88,105,104,101, 96) ], 
  [ ( 4, 8, 7, 6, 5)( 9,10,11,12,13,14,15), 
      (  1, 92, 71, 44, 21,  7, 29, 10, 72, 45, 22, 56, 30, 11,  2, 46, 82,
          57, 31, 12,  3, 18, 83, 58, 32, 13, 42, 19,  5, 59, 33, 70, 43, 20,
           6)(  4,102, 90, 67, 40, 17, 51, 25, 91, 68, 41, 78, 52, 26,  8, 69,
         97, 79, 53, 27,  9, 37, 98, 80, 54, 28, 65, 38, 15, 81, 55, 89, 66,
          39, 16)( 14,105,100, 86, 63, 36, 73, 47,101, 87, 64, 93, 74, 48, 23,
         88,103, 94, 75, 49, 24, 60,104, 95, 76, 50, 84, 61, 34, 96, 77, 99,
          85, 62, 35) ], 
  [ ( 4, 8, 7, 6, 5)( 9,11,13,15,10,12,14), 
      (  1, 82, 43, 11, 59, 22, 42, 10, 58, 21,  3, 92, 57, 20,  2, 33, 56,
          19, 72, 32,  7, 18, 71, 31,  6, 46, 70, 30,  5, 45, 13, 29, 83, 44,
          12)(  4, 97, 66, 26, 81, 41, 65, 25, 80, 40,  9,102, 79, 39,  8, 55,
         78, 38, 91, 54, 17, 37, 90, 53, 16, 69, 89, 52, 15, 68, 28, 51, 98,
          67, 27)( 14,103, 85, 48, 96, 64, 84, 47, 95, 63, 24,105, 94, 62, 23,
         77, 93, 61,101, 76, 36, 60,100, 75, 35, 88, 99, 74, 34, 87, 50, 73,
         104, 86, 49) ], 
  [ ( 4, 8, 7, 6, 5)( 9,12,15,11,14,10,13), 
      (  1, 70, 19, 58, 12, 46, 56, 10, 44,  6, 33, 42, 83, 31,  2, 22, 29,
          71, 20, 59, 13, 18, 57, 11, 45,  7, 92, 43,  5, 32,  3, 82, 30, 72,
          21)(  4, 89, 38, 80, 27, 69, 78, 25, 67, 16, 55, 65, 98, 53,  8, 41,
         51, 90, 39, 81, 28, 37, 79, 26, 68, 17,102, 66, 15, 54,  9, 97, 52,
          91, 40)( 14, 99, 61, 95, 49, 88, 93, 47, 86, 35, 77, 84,104, 75, 23,
         64, 73,100, 62, 96, 50, 60, 94, 48, 87, 36,105, 85, 34, 76, 24,103,
          74,101, 63) ], 
  [ ( 4, 8, 7, 6, 5)( 9,13,10,14,11,15,12), 
      (  1, 56, 83, 20, 45,  3, 70, 10, 31, 59,  7, 82, 19, 44,  2, 13, 92,
          30, 58,  6, 22, 18, 43, 72, 12, 33, 29, 57,  5, 21, 46, 42, 71, 11,
          32)(  4, 78, 98, 39, 68,  9, 89, 25, 53, 81, 17, 97, 38, 67,  8, 28,
         102, 52, 80, 16, 41, 37, 66, 91, 27, 55, 51, 79, 15, 40, 69, 65, 90,
          26, 54)( 14, 93,104, 62, 87, 24, 99, 47, 75, 96, 36,103, 61, 86, 23,
         50,105, 74, 95, 35, 64, 60, 85,101, 49, 77, 73, 94, 34, 63, 88, 84,
         100, 48, 76) ], 
  [ ( 4, 8, 7, 6, 5)( 9,14,12,10,15,13,11), 
      (  1, 42, 57, 72,  6, 13, 82, 10, 20, 32, 46, 29, 43, 58,  2,  7, 70,
          83, 11, 21, 33, 18, 30, 44, 59,  3, 56, 71,  5, 12, 22, 92, 19, 31,
          45)(  4, 65, 79, 91, 16, 28, 97, 25, 39, 54, 69, 51, 66, 80,  8, 17,
         89, 98, 26, 40, 55, 37, 52, 67, 81,  9, 78, 90, 15, 27, 41,102, 38,
          53, 68)( 14, 84, 94,101, 35, 50,103, 47, 62, 76, 88, 73, 85, 95, 23,
         36, 99,104, 48, 63, 77, 60, 74, 86, 96, 24, 93,100, 34, 49, 64,105,
          61, 75, 87) ], 
  [ ( 4, 8, 7, 6, 5)( 9,15,14,13,12,11,10), 
      (  1, 29, 30, 31, 32, 33, 92, 10, 11, 12, 13, 70, 71, 72,  2,  3, 42,
          43, 44, 45, 46, 18, 19, 20, 21, 22, 82, 83,  5,  6,  7, 56, 57, 58,
          59)(  4, 51, 52, 53, 54, 55,102, 25, 26, 27, 28, 89, 90, 91,  8,  9,
         65, 66, 67, 68, 69, 37, 38, 39, 40, 41, 97, 98, 15, 16, 17, 78, 79,
          80, 81)( 14, 73, 74, 75, 76, 77,105, 47, 48, 49, 50, 99,100,101, 23,
         24, 84, 85, 86, 87, 88, 60, 61, 62, 63, 64,103,104, 34, 35, 36, 93,
          94, 95, 96) ], 
  [ (4,7,5,8,6), (  1, 10,  2, 18,  5)(  3, 19,  6, 29, 11)(  4, 25,  8, 37,
          15)(  7, 30, 12, 42, 20)(  9, 38, 16, 51, 26)( 13, 43, 21, 56, 31)
        ( 14, 47, 23, 60, 34)( 17, 52, 27, 65, 39)( 22, 57, 32, 70, 44)
        ( 24, 61, 35, 73, 48)( 28, 66, 40, 78, 53)( 33, 71, 45, 82, 58)
        ( 36, 74, 49, 84, 62)( 41, 79, 54, 89, 67)( 46, 83, 59, 92, 72)
        ( 50, 85, 63, 93, 75)( 55, 90, 68, 97, 80)( 64, 94, 76, 99, 86)
        ( 69, 98, 81,102, 91)( 77,100, 87,103, 95)( 88,104, 96,105,101) ], 
  [ ( 4, 7, 5, 8, 6)( 9,10,11,12,13,14,15), 
      (  1, 83, 45, 70, 31,  7, 19,  2, 92, 58, 22, 43, 12, 29,  5, 46, 71,
          32, 56, 20,  3, 10, 59, 82, 44, 13, 30,  6, 18, 72, 33, 57, 21, 42,
          11)(  4, 98, 68, 89, 53, 17, 38,  8,102, 80, 41, 66, 27, 51, 15, 69,
         90, 54, 78, 39,  9, 25, 81, 97, 67, 28, 52, 16, 37, 91, 55, 79, 40,
          65, 26)( 14,104, 87, 99, 75, 36, 61, 23,105, 95, 64, 85, 49, 73, 34,
         88,100, 76, 93, 62, 24, 47, 96,103, 86, 50, 74, 35, 60,101, 77, 94,
          63, 84, 48) ], 
  [ ( 4, 7, 5, 8, 6)( 9,11,13,15,10,12,14), 
      (  1, 71, 21, 29, 72, 22, 30,  2, 82, 31,  3, 83, 32, 42,  5, 33, 43,
           6, 92, 44,  7, 10, 45, 56, 11, 46, 57, 12, 18, 58, 13, 19, 59, 70,
          20)(  4, 90, 40, 51, 91, 41, 52,  8, 97, 53,  9, 98, 54, 65, 15, 55,
         66, 16,102, 67, 17, 25, 68, 78, 26, 69, 79, 27, 37, 80, 28, 38, 81,
          89, 39)( 14,100, 63, 73,101, 64, 74, 23,103, 75, 24,104, 76, 84, 34,
         77, 85, 35,105, 86, 36, 47, 87, 93, 48, 88, 94, 49, 60, 95, 50, 61,
          96, 99, 62) ], 
  [ ( 4, 7, 5, 8, 6)( 9,12,15,11,14,10,13), 
      (  1, 57,  6, 82, 20, 46, 43,  2, 70, 11, 33, 30, 59, 56,  5, 22, 19,
          45, 42, 72, 13, 10, 32, 29, 58,  7, 83, 21, 18, 44,  3, 71, 12, 92,
          31)(  4, 79, 16, 97, 39, 69, 66,  8, 89, 26, 55, 52, 81, 78, 15, 41,
         38, 68, 65, 91, 28, 25, 54, 51, 80, 17, 98, 40, 37, 67,  9, 90, 27,
         102, 53)( 14, 94, 35,103, 62, 88, 85, 23, 99, 48, 77, 74, 96, 93, 34,
         64, 61, 87, 84,101, 50, 47, 76, 73, 95, 36,104, 63, 60, 86, 24,100,
          49,105, 75) ], 
  [ ( 4, 7, 5, 8, 6)( 9,13,10,14,11,15,12), 
      (  1, 43, 59, 42, 58,  3, 57,  2, 56, 72,  7, 71,  6, 70,  5, 13, 83,
          12, 82, 11, 22, 10, 21, 92, 20, 33, 19, 32, 18, 31, 46, 30, 45, 29,
          44)(  4, 66, 81, 65, 80,  9, 79,  8, 78, 91, 17, 90, 16, 89, 15, 28,
         98, 27, 97, 26, 41, 25, 40,102, 39, 55, 38, 54, 37, 53, 69, 52, 68,
          51, 67)( 14, 85, 96, 84, 95, 24, 94, 23, 93,101, 36,100, 35, 99, 34,
         50,104, 49,103, 48, 64, 47, 63,105, 62, 77, 61, 76, 60, 75, 88, 74,
          87, 73, 86) ], 
  [ ( 4, 7, 5, 8, 6)( 9,14,12,10,15,13,11), 
      (  1, 30, 32, 92, 11, 13, 71,  2, 42, 44, 46, 19, 21, 82,  5,  7, 57,
          59, 29, 31, 33, 10, 12, 70, 72,  3, 43, 45, 18, 20, 22, 83,  6, 56,
          58)(  4, 52, 54,102, 26, 28, 90,  8, 65, 67, 69, 38, 40, 97, 15, 17,
         79, 81, 51, 53, 55, 25, 27, 89, 91,  9, 66, 68, 37, 39, 41, 98, 16,
          78, 80)( 14, 74, 76,105, 48, 50,100, 23, 84, 86, 88, 61, 63,103, 34,
         36, 94, 96, 73, 75, 77, 47, 49, 99,101, 24, 85, 87, 60, 62, 64,104,
          35, 93, 95) ], 
  [ ( 4, 7, 5, 8, 6)( 9,15,14,13,12,11,10), 
      (  1, 19, 12, 56, 44, 33, 83,  2, 29, 20, 13, 57, 45, 92,  5,  3, 30,
          21, 70, 58, 46, 10,  6, 42, 31, 22, 71, 59, 18, 11,  7, 43, 32, 82,
          72)(  4, 38, 27, 78, 67, 55, 98,  8, 51, 39, 28, 79, 68,102, 15,  9,
         52, 40, 89, 80, 69, 25, 16, 65, 53, 41, 90, 81, 37, 26, 17, 66, 54,
          97, 91)( 14, 61, 49, 93, 86, 77,104, 23, 73, 62, 50, 94, 87,105, 34,
         24, 74, 63, 99, 95, 88, 47, 35, 84, 75, 64,100, 96, 60, 48, 36, 85,
          76,103,101) ], 
  [ (4,6,8,5,7), (  1,  5, 18,  2, 10)(  3, 11, 29,  6, 19)(  4, 15, 37,  8,
          25)(  7, 20, 42, 12, 30)(  9, 26, 51, 16, 38)( 13, 31, 56, 21, 43)
        ( 14, 34, 60, 23, 47)( 17, 39, 65, 27, 52)( 22, 44, 70, 32, 57)
        ( 24, 48, 73, 35, 61)( 28, 53, 78, 40, 66)( 33, 58, 82, 45, 71)
        ( 36, 62, 84, 49, 74)( 41, 67, 89, 54, 79)( 46, 72, 92, 59, 83)
        ( 50, 75, 93, 63, 85)( 55, 80, 97, 68, 90)( 64, 86, 99, 76, 94)
        ( 69, 91,102, 81, 98)( 77, 95,103, 87,100)( 88,101,105, 96,104) ], 
  [ ( 4, 6, 8, 5, 7)( 9,10,11,12,13,14,15), 
      (  1, 72, 82, 32, 43,  7, 11, 18, 59, 71, 22, 31, 42,  6, 10, 46, 58,
          70, 21, 30,  3,  5, 92, 45, 57, 13, 20, 29,  2, 83, 33, 44, 56, 12,
          19)(  4, 91, 97, 54, 66, 17, 26, 37, 81, 90, 41, 53, 65, 16, 25, 69,
         80, 89, 40, 52,  9, 15,102, 68, 79, 28, 39, 51,  8, 98, 55, 67, 78,
          27, 38)( 14,101,103, 76, 85, 36, 48, 60, 96,100, 64, 75, 84, 35, 47,
         88, 95, 99, 63, 74, 24, 34,105, 87, 94, 50, 62, 73, 23,104, 77, 86,
          93, 49, 61) ], 
  [ ( 4, 6, 8, 5, 7)( 9,11,13,15,10,12,14), 
      (  1, 58, 56,  6, 83, 22, 20, 18, 45, 43,  3, 72, 70, 12, 10, 33, 31,
          29, 59, 57,  7,  5, 82, 21, 19, 46, 44, 42,  2, 71, 13, 11, 92, 32,
          30)(  4, 80, 78, 16, 98, 41, 39, 37, 68, 66,  9, 91, 89, 27, 25, 55,
         53, 51, 81, 79, 17, 15, 97, 40, 38, 69, 67, 65,  8, 90, 28, 26,102,
          54, 52)( 14, 95, 93, 35,104, 64, 62, 60, 87, 85, 24,101, 99, 49, 47,
         77, 75, 73, 96, 94, 36, 34,103, 63, 61, 88, 86, 84, 23,100, 50, 48,
         105, 76, 74) ], 
  [ ( 4, 6, 8, 5, 7)( 9,12,15,11,14,10,13), 
      (  1, 44, 29, 45, 30, 46, 31, 18, 32, 19, 33, 20, 92, 21, 10, 22, 11,
          82, 12, 83, 13,  5, 70,  6, 71,  7, 72, 56,  2, 57,  3, 58, 42, 59,
          43)(  4, 67, 51, 68, 52, 69, 53, 37, 54, 38, 55, 39,102, 40, 25, 41,
         26, 97, 27, 98, 28, 15, 89, 16, 90, 17, 91, 78,  8, 79,  9, 80, 65,
          81, 66)( 14, 86, 73, 87, 74, 88, 75, 60, 76, 61, 77, 62,105, 63, 47,
         64, 48,103, 49,104, 50, 34, 99, 35,100, 36,101, 93, 23, 94, 24, 95,
          84, 96, 85) ], 
  [ ( 4, 6, 8, 5, 7)( 9,13,10,14,11,15,12), 
      (  1, 31, 92, 12, 71,  3, 44, 18, 21, 83,  7, 58, 29, 32, 10, 13, 72,
          42, 45, 19, 22,  5, 56, 59, 30, 33, 11, 70,  2, 43, 46, 20, 82,  6,
          57)(  4, 53,102, 27, 90,  9, 67, 37, 40, 98, 17, 80, 51, 54, 25, 28,
         91, 65, 68, 38, 41, 15, 78, 81, 52, 55, 26, 89,  8, 66, 69, 39, 97,
          16, 79)( 14, 75,105, 49,100, 24, 86, 60, 63,104, 36, 95, 73, 76, 47,
         50,101, 84, 87, 61, 64, 34, 93, 96, 74, 77, 48, 99, 23, 85, 88, 62,
         103, 35, 94) ], 
  [ ( 4, 6, 8, 5, 7)( 9,14,12,10,15,13,11), 
      (  1, 20, 70, 59, 19, 13, 58, 18, 12, 57, 46, 11, 56, 45, 10,  7, 44,
          92,  6, 43, 33,  5, 42, 32, 83,  3, 31, 82,  2, 30, 22, 72, 29, 21,
          71)(  4, 39, 89, 81, 38, 28, 80, 37, 27, 79, 69, 26, 78, 68, 25, 17,
         67,102, 16, 66, 55, 15, 65, 54, 98,  9, 53, 97,  8, 52, 41, 91, 51,
          40, 90)( 14, 62, 99, 96, 61, 50, 95, 60, 49, 94, 88, 48, 93, 87, 47,
         36, 86,105, 35, 85, 77, 34, 84, 76,104, 24, 75,103, 23, 74, 64,101,
          73, 63,100) ], 
  [ ( 4, 6, 8, 5, 7)( 9,15,14,13,12,11,10), 
      (  1, 11, 42, 21, 57, 33, 72, 18,  6, 30, 13, 44, 82, 59, 10,  3, 20,
          56, 32, 71, 46,  5, 29, 12, 43, 22, 58, 92,  2, 19,  7, 31, 70, 45,
          83)(  4, 26, 65, 40, 79, 55, 91, 37, 16, 52, 28, 67, 97, 81, 25,  9,
         39, 78, 54, 90, 69, 15, 51, 27, 66, 41, 80,102,  8, 38, 17, 53, 89,
          68, 98)( 14, 48, 84, 63, 94, 77,101, 60, 35, 74, 50, 86,103, 96, 47,
         24, 62, 93, 76,100, 88, 34, 73, 49, 85, 64, 95,105, 23, 61, 36, 75,
          99, 87,104) ], 
  [ (4,5,6,7,8), (  1,  2,  5, 10, 18)(  3,  6, 11, 19, 29)(  4,  8, 15, 25,
          37)(  7, 12, 20, 30, 42)(  9, 16, 26, 38, 51)( 13, 21, 31, 43, 56)
        ( 14, 23, 34, 47, 60)( 17, 27, 39, 52, 65)( 22, 32, 44, 57, 70)
        ( 24, 35, 48, 61, 73)( 28, 40, 53, 66, 78)( 33, 45, 58, 71, 82)
        ( 36, 49, 62, 74, 84)( 41, 54, 67, 79, 89)( 46, 59, 72, 83, 92)
        ( 50, 63, 75, 85, 93)( 55, 68, 80, 90, 97)( 64, 76, 86, 94, 99)
        ( 69, 81, 91, 98,102)( 77, 87, 95,100,103)( 88, 96,101,104,105) ], 
  [ ( 4, 5, 6, 7, 8)( 9,10,11,12,13,14,15), 
      (  1, 59, 58, 57, 56,  7,  6,  5, 83, 82, 22, 21, 20, 19, 18, 46, 45,
          44, 43, 42,  3,  2, 72, 71, 70, 13, 12, 11, 10, 92, 33, 32, 31, 30,
          29)(  4, 81, 80, 79, 78, 17, 16, 15, 98, 97, 41, 40, 39, 38, 37, 69,
         68, 67, 66, 65,  9,  8, 91, 90, 89, 28, 27, 26, 25,102, 55, 54, 53,
          52, 51)( 14, 96, 95, 94, 93, 36, 35, 34,104,103, 64, 63, 62, 61, 60,
         88, 87, 86, 85, 84, 24, 23,101,100, 99, 50, 49, 48, 47,105, 77, 76,
          75, 74, 73) ], 
  [ ( 4, 5, 6, 7, 8)( 9,11,13,15,10,12,14), 
      (  1, 45, 31, 19, 92, 22, 12,  5, 71, 56,  3, 59, 44, 30, 18, 33, 21,
          11, 83, 70,  7,  2, 58, 43, 29, 46, 32, 20, 10, 82, 13,  6, 72, 57,
          42)(  4, 68, 53, 38,102, 41, 27, 15, 90, 78,  9, 81, 67, 52, 37, 55,
         40, 26, 98, 89, 17,  8, 80, 66, 51, 69, 54, 39, 25, 97, 28, 16, 91,
          79, 65)( 14, 87, 75, 61,105, 64, 49, 34,100, 93, 24, 96, 86, 74, 60,
         77, 63, 48,104, 99, 36, 23, 95, 85, 73, 88, 76, 62, 47,103, 50, 35,
         101, 94, 84) ], 
  [ ( 4, 5, 6, 7, 8)( 9,12,15,11,14,10,13), 
      (  1, 32, 11, 71, 42, 46, 21,  5, 57, 29, 33, 12, 72, 43, 18, 22,  6,
          58, 30, 92, 13,  2, 44, 19, 82,  7, 59, 31, 10, 70,  3, 45, 20, 83,
          56)(  4, 54, 26, 90, 65, 69, 40, 15, 79, 51, 55, 27, 91, 66, 37, 41,
         16, 80, 52,102, 28,  8, 67, 38, 97, 17, 81, 53, 25, 89,  9, 68, 39,
          98, 78)( 14, 76, 48,100, 84, 88, 63, 34, 94, 73, 77, 49,101, 85, 60,
         64, 35, 95, 74,105, 50, 23, 86, 61,103, 36, 96, 75, 47, 99, 24, 87,
          62,104, 93) ], 
  [ ( 4, 5, 6, 7, 8)( 9,13,10,14,11,15,12), 
      (  1, 21, 72, 30, 82,  3, 32,  5, 43, 92,  7, 45, 11, 57, 18, 13, 59,
          20, 71, 29, 22,  2, 31, 83, 42, 33,  6, 44, 10, 56, 46, 12, 58, 19,
          70)(  4, 40, 91, 52, 97,  9, 54, 15, 66,102, 17, 68, 26, 79, 37, 28,
         81, 39, 90, 51, 41,  8, 53, 98, 65, 55, 16, 67, 25, 78, 69, 27, 80,
          38, 89)( 14, 63,101, 74,103, 24, 76, 34, 85,105, 36, 87, 48, 94, 60,
         50, 96, 62,100, 73, 64, 23, 75,104, 84, 77, 35, 86, 47, 93, 88, 49,
          95, 61, 99) ], 
  [ ( 4, 5, 6, 7, 8)( 9,14,12,10,15,13,11), 
      (  1, 12, 44, 83, 29, 13, 45,  5, 30, 70, 46,  6, 31, 71, 18,  7, 32,
          72, 19, 56, 33,  2, 20, 57, 92,  3, 21, 58, 10, 42, 22, 59, 11, 43,
          82)(  4, 27, 67, 98, 51, 28, 68, 15, 52, 89, 69, 16, 53, 90, 37, 17,
         54, 91, 38, 78, 55,  8, 39, 79,102,  9, 40, 80, 25, 65, 41, 81, 26,
          66, 97)( 14, 49, 86,104, 73, 50, 87, 34, 74, 99, 88, 35, 75,100, 60,
         36, 76,101, 61, 93, 77, 23, 62, 94,105, 24, 63, 95, 47, 84, 64, 96,
          48, 85,103) ], 
  [ ( 4, 5, 6, 7, 8)( 9,15,14,13,12,11,10), 
      (  1,  6, 20, 43, 70, 33, 59,  5, 19, 42, 13, 32, 58, 83, 18,  3, 12,
          31, 57, 82, 46,  2, 11, 30, 56, 22, 45, 72, 10, 29,  7, 21, 44, 71,
          92)(  4, 16, 39, 66, 89, 55, 81, 15, 38, 65, 28, 54, 80, 98, 37,  9,
         27, 53, 79, 97, 69,  8, 26, 52, 78, 41, 68, 91, 25, 51, 17, 40, 67,
          90,102)( 14, 35, 62, 85, 99, 77, 96, 34, 61, 84, 50, 76, 95,104, 60,
         24, 49, 75, 94,103, 88, 23, 48, 74, 93, 64, 87,101, 47, 73, 36, 63,
          86,100,105) ], 
  [ (1,3,2), (  1, 14,  4)(  2, 23,  8)(  3, 64, 17)(  5, 34, 15)(  6, 76, 27)
        (  7, 24, 41)(  9, 22, 36)( 10, 47, 25)( 11, 86, 39)( 12, 35, 54)
        ( 13, 77, 69)( 16, 32, 49)( 18, 60, 37)( 19, 94, 52)( 20, 48, 67)
        ( 21, 87, 81)( 26, 44, 62)( 28, 33, 88)( 29, 99, 65)( 30, 61, 79)
        ( 31, 95, 91)( 38, 57, 74)( 40, 45, 96)( 42, 73, 89)( 43,100, 98)
        ( 46, 50, 55)( 51, 70, 84)( 53, 58,101)( 56,103,102)( 59, 63, 68)
        ( 66, 71,104)( 72, 75, 80)( 78, 82,105)( 83, 85, 90)( 92, 93, 97) ], 
  [ ( 1, 3, 2)( 9,10,11,12,13,14,15), (  1, 88, 17)(  2, 96, 27)(  3, 50, 41)
        (  4, 46, 36)(  5,101, 39)(  6, 63, 54)(  7, 14, 69)(  8, 59, 49)
        (  9, 13, 64)( 10,104, 52)( 11, 75, 67)( 12, 23, 81)( 15, 72, 62)
        ( 16, 21, 76)( 18,105, 65)( 19, 85, 79)( 20, 34, 91)( 22, 24, 28)
        ( 25, 83, 74)( 26, 31, 86)( 29, 93, 89)( 30, 47, 98)( 32, 35, 40)
        ( 33, 77, 55)( 37, 92, 84)( 38, 43, 94)( 42, 60,102)( 44, 48, 53)
        ( 45, 87, 68)( 51, 56, 99)( 57, 61, 66)( 58, 95, 80)( 70, 73, 78)
        ( 71,100, 90)( 82,103, 97) ], 
  [ ( 1, 3, 2)( 9,11,13,15,10,12,14), (  1, 77, 41)(  2, 87, 54)(  3, 36, 69)
        (  4, 33, 64)(  5, 95, 67)(  6, 49, 81)(  7, 88,  9)(  8, 45, 76)
        ( 10,100, 79)( 11, 62, 91)( 12, 96, 16)( 13, 50, 28)( 14, 55, 22)
        ( 15, 58, 86)( 17, 46, 24)( 18,103, 89)( 19, 74, 98)( 20,101, 26)
        ( 21, 63, 40)( 23, 68, 32)( 25, 71, 94)( 27, 59, 35)( 29, 84,102)
        ( 30,104, 38)( 31, 75, 53)( 34, 80, 44)( 37, 82, 99)( 39, 72, 48)
        ( 42,105, 51)( 43, 85, 66)( 47, 90, 57)( 52, 83, 61)( 56, 93, 78)
        ( 60, 97, 70)( 65, 92, 73) ], 
  [ ( 1, 3, 2)( 9,12,15,11,14,10,13), (  1, 64, 69)(  2, 76, 81)(  3, 24,  9)
        (  4, 22, 88)(  5, 86, 91)(  6, 35, 16)(  7, 77, 28)(  8, 32, 96)
        ( 10, 94, 98)( 11, 48, 26)( 12, 87, 40)( 13, 36, 55)( 14, 41, 46)
        ( 15, 44,101)( 17, 33, 50)( 18, 99,102)( 19, 61, 38)( 20, 95, 53)
        ( 21, 49, 68)( 23, 54, 59)( 25, 57,104)( 27, 45, 63)( 29, 73, 51)
        ( 30,100, 66)( 31, 62, 80)( 34, 67, 72)( 37, 70,105)( 39, 58, 75)
        ( 42,103, 78)( 43, 74, 90)( 47, 79, 83)( 52, 71, 85)( 56, 84, 97)
        ( 60, 89, 92)( 65, 82, 93) ], 
  [ ( 1, 3, 2)( 9,13,10,14,11,15,12), (  1, 50,  9)(  2, 63, 16)(  3, 14, 28)
        (  4, 13, 24)(  5, 75, 26)(  6, 23, 40)(  7, 64, 55)(  8, 21, 35)
        ( 10, 85, 38)( 11, 34, 53)( 12, 76, 68)( 15, 31, 48)( 17, 22, 77)
        ( 18, 93, 51)( 19, 47, 66)( 20, 86, 80)( 25, 43, 61)( 27, 32, 87)
        ( 29, 60, 78)( 30, 94, 90)( 33, 36, 41)( 37, 56, 73)( 39, 44, 95)
        ( 42, 99, 97)( 45, 49, 54)( 46, 88, 69)( 52, 57,100)( 58, 62, 67)
        ( 59, 96, 81)( 65, 70,103)( 71, 74, 79)( 72,101, 91)( 82, 84, 89)
        ( 83,104, 98)( 92,105,102) ], 
  [ ( 1, 3, 2)( 9,14,12,10,15,13,11), (  1, 36, 28)(  2, 49, 40)(  3, 88, 55)
        (  4,  7, 50)(  5, 62, 53)(  6, 96, 68)(  8, 12, 63)(  9, 46, 77)
        ( 10, 74, 66)( 11,101, 80)( 13, 14, 17)( 15, 20, 75)( 16, 59, 87)
        ( 18, 84, 78)( 19,104, 90)( 21, 23, 27)( 22, 64, 41)( 24, 69, 33)
        ( 25, 30, 85)( 26, 72, 95)( 29,105, 97)( 31, 34, 39)( 32, 76, 54)
        ( 35, 81, 45)( 37, 42, 93)( 38, 83,100)( 43, 47, 52)( 44, 86, 67)
        ( 48, 91, 58)( 51, 92,103)( 56, 60, 65)( 57, 94, 79)( 61, 98, 71)
        ( 70, 99, 89)( 73,102, 82) ], 
  [ ( 1, 3, 2)( 9,15,14,13,12,11,10), (  1, 24, 55)(  2, 35, 68)(  3, 77,  4)
        (  5, 48, 80)(  6, 87,  8)(  7, 36, 17)(  9, 33, 14)( 10, 61, 90)
        ( 11, 95, 15)( 12, 49, 27)( 13, 88, 41)( 16, 45, 23)( 18, 73, 97)
        ( 19,100, 25)( 20, 62, 39)( 21, 96, 54)( 22, 50, 69)( 26, 58, 34)
        ( 28, 46, 64)( 29,103, 37)( 30, 74, 52)( 31,101, 67)( 32, 63, 81)
        ( 38, 71, 47)( 40, 59, 76)( 42, 84, 65)( 43,104, 79)( 44, 75, 91)
        ( 51, 82, 60)( 53, 72, 86)( 56,105, 89)( 57, 85, 98)( 66, 83, 94)
        ( 70, 93,102)( 78, 92, 99) ], 
  [ (1,3,2)(4,8,7,6,5), (  1, 60, 25,  5, 23,  4, 18, 47, 15,  2, 14, 37, 10,
          34,  8)(  3, 99, 52, 11, 76, 17, 29, 94, 39,  6, 64, 65, 19, 86, 27)
        (  7, 73, 79, 20, 35, 41, 42, 61, 67, 12, 24, 89, 30, 48, 54)
        (  9, 70, 74, 26, 32, 36, 51, 57, 62, 16, 22, 84, 38, 44, 49)
        ( 13,103, 98, 31, 87, 69, 56,100, 91, 21, 77,102, 43, 95, 81)
        ( 28, 82,104, 53, 45, 88, 78, 71,101, 40, 33,105, 66, 58, 96)
        ( 46, 93, 90, 72, 63, 55, 92, 85, 80, 59, 50, 97, 83, 75, 68) ], 
  [ ( 1, 3, 2)( 4, 8, 7, 6, 5)( 9,10,11,12,13,14,15), 
      (  1,105, 52,  5, 96, 17, 18,104, 39,  2, 88, 65, 10,101, 27)
        (  3, 93, 79, 11, 63, 41, 29, 85, 67,  6, 50, 89, 19, 75, 54)
        (  4, 92, 74, 15, 59, 36, 37, 83, 62,  8, 46, 84, 25, 72, 49)
        (  7, 60, 98, 20, 23, 69, 42, 47, 91, 12, 14,102, 30, 34, 81)
        (  9, 56, 94, 26, 21, 64, 51, 43, 86, 16, 13, 99, 38, 31, 76)
        ( 22, 73, 66, 44, 35, 28, 70, 61, 53, 32, 24, 78, 57, 48, 40)
        ( 33,103, 90, 58, 87, 55, 82,100, 80, 45, 77, 97, 71, 95, 68) ], 
  [ ( 1, 3, 2)( 4, 8, 7, 6, 5)( 9,11,13,15,10,12,14), 
      (  1,103, 79,  5, 87, 41, 18,100, 67,  2, 77, 89, 10, 95, 54)
        (  3, 84, 98, 11, 49, 69, 29, 74, 91,  6, 36,102, 19, 62, 81)
        (  4, 82, 94, 15, 45, 64, 37, 71, 86,  8, 33, 99, 25, 58, 76)
        (  7,105, 38, 20, 96,  9, 42,104, 26, 12, 88, 51, 30,101, 16)
        ( 13, 93, 66, 31, 63, 28, 56, 85, 53, 21, 50, 78, 43, 75, 40)
        ( 14, 97, 57, 34, 68, 22, 60, 90, 44, 23, 55, 70, 47, 80, 32)
        ( 17, 92, 61, 39, 59, 24, 65, 83, 48, 27, 46, 73, 52, 72, 35) ], 
  [ ( 1, 3, 2)( 4, 8, 7, 6, 5)( 9,12,15,11,14,10,13), 
      (  1, 99, 98,  5, 76, 69, 18, 94, 91,  2, 64,102, 10, 86, 81)
        (  3, 73, 38, 11, 35,  9, 29, 61, 26,  6, 24, 51, 19, 48, 16)
        (  4, 70,104, 15, 32, 88, 37, 57,101,  8, 22,105, 25, 44, 96)
        (  7,103, 66, 20, 87, 28, 42,100, 53, 12, 77, 78, 30, 95, 40)
        ( 13, 84, 90, 31, 49, 55, 56, 74, 80, 21, 36, 97, 43, 62, 68)
        ( 14, 89, 83, 34, 54, 46, 60, 79, 72, 23, 41, 92, 47, 67, 59)
        ( 17, 82, 85, 39, 45, 50, 65, 71, 75, 27, 33, 93, 52, 58, 63) ], 
  [ ( 1, 3, 2)( 4, 8, 7, 6, 5)( 9,13,10,14,11,15,12), 
      (  1, 93, 38,  5, 63,  9, 18, 85, 26,  2, 50, 51, 10, 75, 16)
        (  3, 60, 66, 11, 23, 28, 29, 47, 53,  6, 14, 78, 19, 34, 40)
        (  4, 56, 61, 15, 21, 24, 37, 43, 48,  8, 13, 73, 25, 31, 35)
        (  7, 99, 90, 20, 76, 55, 42, 94, 80, 12, 64, 97, 30, 86, 68)
        ( 17, 70,100, 39, 32, 77, 65, 57, 95, 27, 22,103, 52, 44, 87)
        ( 33, 84, 79, 58, 49, 41, 82, 74, 67, 45, 36, 89, 71, 62, 54)
        ( 46,105, 98, 72, 96, 69, 92,104, 91, 59, 88,102, 83,101, 81) ], 
  [ ( 1, 3, 2)( 4, 8, 7, 6, 5)( 9,14,12,10,15,13,11), 
      (  1, 84, 66,  5, 49, 28, 18, 74, 53,  2, 36, 78, 10, 62, 40)
        (  3,105, 90, 11, 96, 55, 29,104, 80,  6, 88, 97, 19,101, 68)
        (  4, 42, 85, 15, 12, 50, 37, 30, 75,  8,  7, 93, 25, 20, 63)
        (  9, 92,100, 26, 59, 77, 51, 83, 95, 16, 46,103, 38, 72, 87)
        ( 13, 60, 52, 31, 23, 17, 56, 47, 39, 21, 14, 65, 43, 34, 27)
        ( 22, 99, 79, 44, 76, 41, 70, 94, 67, 32, 64, 89, 57, 86, 54)
        ( 24,102, 71, 48, 81, 33, 73, 98, 58, 35, 69, 82, 61, 91, 45) ], 
  [ ( 1, 3, 2)( 4, 8, 7, 6, 5)( 9,15,14,13,12,11,10), 
      (  1, 73, 90,  5, 35, 55, 18, 61, 80,  2, 24, 97, 10, 48, 68)
        (  3,103, 25, 11, 87,  4, 29,100, 15,  6, 77, 37, 19, 95,  8)
        (  7, 84, 52, 20, 49, 17, 42, 74, 39, 12, 36, 65, 30, 62, 27)
        (  9, 82, 47, 26, 45, 14, 51, 71, 34, 16, 33, 60, 38, 58, 23)
        ( 13,105, 79, 31, 96, 41, 56,104, 67, 21, 88, 89, 43,101, 54)
        ( 22, 93, 98, 44, 63, 69, 70, 85, 91, 32, 50,102, 57, 75, 81)
        ( 28, 92, 94, 53, 59, 64, 78, 83, 86, 40, 46, 99, 66, 72, 76) ], 
  [ (1,3,2)(4,7,5,8,6), (  1, 47,  8, 18, 34,  4, 10, 23, 37,  5, 14, 25,  2,
          60, 15)(  3, 94, 27, 29, 86, 17, 19, 76, 65, 11, 64, 52,  6, 99, 39)
        (  7, 61, 54, 42, 48, 41, 30, 35, 89, 20, 24, 79, 12, 73, 67)
        (  9, 57, 49, 51, 44, 36, 38, 32, 84, 26, 22, 74, 16, 70, 62)
        ( 13,100, 81, 56, 95, 69, 43, 87,102, 31, 77, 98, 21,103, 91)
        ( 28, 71, 96, 78, 58, 88, 66, 45,105, 53, 33,104, 40, 82,101)
        ( 46, 85, 68, 92, 75, 55, 83, 63, 97, 72, 50, 90, 59, 93, 80) ], 
  [ ( 1, 3, 2)( 4, 7, 5, 8, 6)( 9,10,11,12,13,14,15), 
      (  1,104, 27, 18,101, 17, 10, 96, 65,  5, 88, 52,  2,105, 39)
        (  3, 85, 54, 29, 75, 41, 19, 63, 89, 11, 50, 79,  6, 93, 67)
        (  4, 83, 49, 37, 72, 36, 25, 59, 84, 15, 46, 74,  8, 92, 62)
        (  7, 47, 81, 42, 34, 69, 30, 23,102, 20, 14, 98, 12, 60, 91)
        (  9, 43, 76, 51, 31, 64, 38, 21, 99, 26, 13, 94, 16, 56, 86)
        ( 22, 61, 40, 70, 48, 28, 57, 35, 78, 44, 24, 66, 32, 73, 53)
        ( 33,100, 68, 82, 95, 55, 71, 87, 97, 58, 77, 90, 45,103, 80) ], 
  [ ( 1, 3, 2)( 4, 7, 5, 8, 6)( 9,11,13,15,10,12,14), 
      (  1,100, 54, 18, 95, 41, 10, 87, 89,  5, 77, 79,  2,103, 67)
        (  3, 74, 81, 29, 62, 69, 19, 49,102, 11, 36, 98,  6, 84, 91)
        (  4, 71, 76, 37, 58, 64, 25, 45, 99, 15, 33, 94,  8, 82, 86)
        (  7,104, 16, 42,101,  9, 30, 96, 51, 20, 88, 38, 12,105, 26)
        ( 13, 85, 40, 56, 75, 28, 43, 63, 78, 31, 50, 66, 21, 93, 53)
        ( 14, 90, 32, 60, 80, 22, 47, 68, 70, 34, 55, 57, 23, 97, 44)
        ( 17, 83, 35, 65, 72, 24, 52, 59, 73, 39, 46, 61, 27, 92, 48) ], 
  [ ( 1, 3, 2)( 4, 7, 5, 8, 6)( 9,12,15,11,14,10,13), 
      (  1, 94, 81, 18, 86, 69, 10, 76,102,  5, 64, 98,  2, 99, 91)
        (  3, 61, 16, 29, 48,  9, 19, 35, 51, 11, 24, 38,  6, 73, 26)
        (  4, 57, 96, 37, 44, 88, 25, 32,105, 15, 22,104,  8, 70,101)
        (  7,100, 40, 42, 95, 28, 30, 87, 78, 20, 77, 66, 12,103, 53)
        ( 13, 74, 68, 56, 62, 55, 43, 49, 97, 31, 36, 90, 21, 84, 80)
        ( 14, 79, 59, 60, 67, 46, 47, 54, 92, 34, 41, 83, 23, 89, 72)
        ( 17, 71, 63, 65, 58, 50, 52, 45, 93, 39, 33, 85, 27, 82, 75) ], 
  [ ( 1, 3, 2)( 4, 7, 5, 8, 6)( 9,13,10,14,11,15,12), 
      (  1, 85, 16, 18, 75,  9, 10, 63, 51,  5, 50, 38,  2, 93, 26)
        (  3, 47, 40, 29, 34, 28, 19, 23, 78, 11, 14, 66,  6, 60, 53)
        (  4, 43, 35, 37, 31, 24, 25, 21, 73, 15, 13, 61,  8, 56, 48)
        (  7, 94, 68, 42, 86, 55, 30, 76, 97, 20, 64, 90, 12, 99, 80)
        ( 17, 57, 87, 65, 44, 77, 52, 32,103, 39, 22,100, 27, 70, 95)
        ( 33, 74, 54, 82, 62, 41, 71, 49, 89, 58, 36, 79, 45, 84, 67)
        ( 46,104, 81, 92,101, 69, 83, 96,102, 72, 88, 98, 59,105, 91) ], 
  [ ( 1, 3, 2)( 4, 7, 5, 8, 6)( 9,14,12,10,15,13,11), 
      (  1, 74, 40, 18, 62, 28, 10, 49, 78,  5, 36, 66,  2, 84, 53)
        (  3,104, 68, 29,101, 55, 19, 96, 97, 11, 88, 90,  6,105, 80)
        (  4, 30, 63, 37, 20, 50, 25, 12, 93, 15,  7, 85,  8, 42, 75)
        (  9, 83, 87, 51, 72, 77, 38, 59,103, 26, 46,100, 16, 92, 95)
        ( 13, 47, 27, 56, 34, 17, 43, 23, 65, 31, 14, 52, 21, 60, 39)
        ( 22, 94, 54, 70, 86, 41, 57, 76, 89, 44, 64, 79, 32, 99, 67)
        ( 24, 98, 45, 73, 91, 33, 61, 81, 82, 48, 69, 71, 35,102, 58) ], 
  [ ( 1, 3, 2)( 4, 7, 5, 8, 6)( 9,15,14,13,12,11,10), 
      (  1, 61, 68, 18, 48, 55, 10, 35, 97,  5, 24, 90,  2, 73, 80)
        (  3,100,  8, 29, 95,  4, 19, 87, 37, 11, 77, 25,  6,103, 15)
        (  7, 74, 27, 42, 62, 17, 30, 49, 65, 20, 36, 52, 12, 84, 39)
        (  9, 71, 23, 51, 58, 14, 38, 45, 60, 26, 33, 47, 16, 82, 34)
        ( 13,104, 54, 56,101, 41, 43, 96, 89, 31, 88, 79, 21,105, 67)
        ( 22, 85, 81, 70, 75, 69, 57, 63,102, 44, 50, 98, 32, 93, 91)
        ( 28, 83, 76, 78, 72, 64, 66, 59, 99, 53, 46, 94, 40, 92, 86) ], 
  [ (1,3,2)(4,6,8,5,7), (  1, 34, 37,  2, 47,  4,  5, 60,  8, 10, 14, 15, 18,
          23, 25)(  3, 86, 65,  6, 94, 17, 11, 99, 27, 19, 64, 39, 29, 76, 52)
        (  7, 48, 89, 12, 61, 41, 20, 73, 54, 30, 24, 67, 42, 35, 79)
        (  9, 44, 84, 16, 57, 36, 26, 70, 49, 38, 22, 62, 51, 32, 74)
        ( 13, 95,102, 21,100, 69, 31,103, 81, 43, 77, 91, 56, 87, 98)
        ( 28, 58,105, 40, 71, 88, 53, 82, 96, 66, 33,101, 78, 45,104)
        ( 46, 75, 97, 59, 85, 55, 72, 93, 68, 83, 50, 80, 92, 63, 90) ], 
  [ ( 1, 3, 2)( 4, 6, 8, 5, 7)( 9,10,11,12,13,14,15), 
      (  1,101, 65,  2,104, 17,  5,105, 27, 10, 88, 39, 18, 96, 52)
