BRACES[76] := [ rec(
      gadd := [ ( 1,53,30,44,19,71,10,62,37,51,28,42,17,69, 8,60,35,49,26,40,15,67, 6,58,33,47,24,76,13,65, 4,56,31,45,22,74,11,63, 2,54,29,43,20,72, 9,61,38,52,
             27,41,18,70, 7,59,36,50,25,39,16,68, 5,57,34,48,23,75,14,66, 3,55,32,46,21,73,12,64) ],
      gmul := [ ( 1,16,29, 6,19,34, 9,24,37,14,27, 4,17,32, 7,22,35,12,25, 2,15,30, 5,20,33,10,23,38,13,28, 3,18,31, 8,21,36,11,26)(39,54,67,44,57,72,47,62,75,52,
             65,42,55,70,45,60,73,50,63,40,53,68,43,58,71,48,61,76,51,66,41,56,69,46,59,74,49,64), ( 1,50,21,70, 3,52,23,72, 5,54,25,74, 7,56,27,76, 9,58,29,40,11,60,31,42,13,62,33,44,15,64,35,46,17,66,37,48,
             19,68)( 2,49,22,69, 4,51,24,71, 6,53,26,73, 8,55,28,75,10,57,30,39,12,59,32,41,14,61,34,43,16,63,36,45,18,65,38,47,20,67) ],
      p := ( 2,39,45,46,72,51,17,12,29,74,14,54,48,47,69,42,34,20, 5,15,49,32,57,18,30,44, 9,26, 6,40,71,65, 4,25,36,33,22,68,13,64,75,66,38,58,24,43,31,59, 3)
        ( 7,63,41, 8,53,70,76,52,23,73,28,19,35)(10,16,67,27,21,50)(37,60)(56,61),
      q := ( 2,39,71,51,23,43, 9,16,49,10,26,36, 7,53,48,69,76,66, 4,15,67,13,54,70,42, 8,63,75,52,17,30,74,28,21,68,27,19, 5,25, 6,40,45,72,65,38,60, 3)
        (11,29,44,31,57,24,73,14,64,41,34,22,50,32,59,37,58,18,12)(20,35,33)(55,61,62,56) ), rec(
      gadd := [ ( 1,53,30,44,19,71,10,62,37,51,28,42,17,69, 8,60,35,49,26,40,15,67, 6,58,33,47,24,76,13,65, 4,56,31,45,22,74,11,63, 2,54,29,43,20,72, 9,61,38,52,
             27,41,18,70, 7,59,36,50,25,39,16,68, 5,57,34,48,23,75,14,66, 3,55,32,46,21,73,12,64) ],
      gmul := [ ( 1,39)( 2,40)( 3,75)( 4,76)( 5,73)( 6,74)( 7,71)( 8,72)( 9,69)(10,70)(11,67)(12,68)(13,65)(14,66)(15,63)(16,64)(17,61)(18,62)(19,59)(20,60)
            (21,57)(22,58)(23,55)(24,56)(25,53)(26,54)(27,51)(28,52)(29,49)(30,50)(31,47)(32,48)(33,45)(34,46)(35,43)(36,44)(37,41)(38,42), ( 1,48)( 2,47)( 3,46)( 4,45)( 5,44)( 6,43)( 7,42)( 8,41)( 9,40)
            (10,39)(11,76)(12,75)(13,74)(14,73)(15,72)(16,71)(17,70)(18,69)(19,68)(20,67)(21,66)(22,65)(23,64)(24,63)(25,62)(26,61)(27,60)(28,59)(29,58)(30,57)
            (31,56)(32,55)(33,54)(34,53)(35,52)(36,51)(37,50)(38,49) ],
      p := ( 2,39,71,51,17,12,29,44, 9,26, 6,40,45,72,65, 4,25,36,33,22,50,10,16,49,32,59, 3)( 5,15,67,27,21,68,13,54,70,42,34,20)( 7,53,48,69,76,66,38,60,37,58,24,73,28,19,35)
        ( 8,63,75,52,23,43,31,57,18,30,74,14,64,41)(55,61,62,56),
      q := ( 2,39,71,51,23,43, 9,16,49,10,26,36, 7,53,48,69,76,66, 4,15,67,13,54,70,42, 8,63,75,52,17,30,74,28,21,68,27,19, 5,25, 6,40,45,72,65,38,60, 3)
        (11,29,44,31,57,24,73,14,64,41,34,22,50,32,59,37,58,18,12)(20,35,33)(55,61,62,56) ), rec(
      gadd := [ ( 1,53,30,44,19,71,10,62,37,51,28,42,17,69, 8,60,35,49,26,40,15,67, 6,58,33,47,24,76,13,65, 4,56,31,45,22,74,11,63, 2,54,29,43,20,72, 9,61,38,52,
             27,41,18,70, 7,59,36,50,25,39,16,68, 5,57,34,48,23,75,14,66, 3,55,32,46,21,73,12,64) ],
      gmul := [ ( 1,20,37,18,35,16,33,14,31,12,29,10,27, 8,25, 6,23, 4,21, 2,19,38,17,36,15,34,13,32,11,30, 9,28, 7,26, 5,24, 3,22)(39,58,75,56,73,54,71,52,69,50,
             67,48,65,46,63,44,61,42,59,40,57,76,55,74,53,72,51,70,49,68,47,66,45,64,43,62,41,60), ( 1,70, 2,69)( 3,68, 4,67)( 5,66, 6,65)( 7,64, 8,63)( 9,62,10,61)(11,60,12,59)(13,58,14,57)(15,56,16,55)
            (17,54,18,53)(19,52,20,51)(21,50,22,49)(23,48,24,47)(25,46,26,45)(27,44,28,43)(29,42,30,41)(31,40,32,39)(33,76,34,75)(35,74,36,73)(37,72,38,71) ],
      p := ( 2,40,46, 9,26, 6,15,68,41, 8,64,42,34,20,49,32,60,55,62,37,57,18,30,19,35, 7,54,23,44,45,71,52,69,75,65, 4,25,36,59, 3)( 5,39,72,66,38,33,22)(10,16,50)
        (12,63,76,51,17)(13,53,47,48,70)(14,29,43,31,58,24,74)(21,67,27)(28,73),
      q := ( 2,39,71,51,23,43, 9,16,49,10,26,36,60,56,55,61,62, 3)( 4,15,67,13,54,17,30,21,68,42, 8,63,75,66)( 5,40,45,72,65,38, 7,53,48,69,76,52,70,27,19)( 6,25)
        (11,29,44,46,31,57,24,73,14)(12,64,41,34,22,35,33,20,50,32,59,37,58,18)(28,74) ), rec(
      gadd := [ ( 1,53,30,44,19,71,10,62,37,51,28,42,17,69, 8,60,35,49,26,40,15,67, 6,58,33,47,24,76,13,65, 4,56,31,45,22,74,11,63, 2,54,29,43,20,72, 9,61,38,52,
             27,41,18,70, 7,59,36,50,25,39,16,68, 5,57,34,48,23,75,14,66, 3,55,32,46,21,73,12,64) ],
      gmul := [ ( 1,53,30,44,19,71,10,62,37,51,28,42,17,69, 8,60,35,49,26,40,15,67, 6,58,33,47,24,76,13,65, 4,56,31,45,22,74,11,63, 2,54,29,43,20,72, 9,61,38,52,
             27,41,18,70, 7,59,36,50,25,39,16,68, 5,57,34,48,23,75,14,66, 3,55,32,46,21,73,12,64) ],
      p := ( 2,40,72,52,69,75,65, 4,25,36,59, 3)( 5,39,46, 9,26, 6,15,50,10,16,68,41, 8,54,23,74,14,29,43,31,60,55,56,62,37,57,18,30,19,35, 7,64,76,51,17,12,63,42,34,20,49,32,58,24,44,45,71,66,38,33,22)
        (13,53,47,70)(21,67,27)(28,73),
      q := ( 2,39,71,51,23,43, 9,16,49,10,26,36,58,18,12,54,17,30,21,50,32,59,37,60,62, 3)( 4,15,67,13,64,41,34,22,35,33,20,68,76,66)( 5,40,45,46,31,57,24,73,14,11,29,74,28,44,72,65,38, 7,53,70,27,19)
        ( 6,25)( 8,63,75,52,48,69,42)(55,61,56) ), rec(
      gadd := [ ( 1,53,30,44,19,71,10,62,37,51,28,42,17,69, 8,60,35,49,26,40,15,67, 6,58,33,47,24,76,13,65, 4,56,31,45,22,74,11,63, 2,54,29,43,20,72, 9,61,38,52,
             27,41,18,70, 7,59,36,50,25,39,16,68, 5,57,34,48,23,75,14,66, 3,55,32,46,21,73,12,64) ],
      gmul := [ ( 1,47,17,63,33,41,11,57,27,73, 5,51,21,67,37,45,15,61,31,39, 9,55,25,71, 3,49,19,65,35,43,13,59,29,75, 7,53,23,69)( 2,48,18,64,34,42,12,58,28,74,
              6,52,22,68,38,46,16,62,32,40,10,56,26,72, 4,50,20,66,36,44,14,60,30,76, 8,54,24,70), ( 1,54)( 2,53)( 3,52)( 4,51)( 5,50)( 6,49)( 7,48)( 8,47)( 9,46)(10,45)(11,44)(12,43)(13,42)(14,41)(15,40)
            (16,39)(17,76)(18,75)(19,74)(20,73)(21,72)(22,71)(23,70)(24,69)(25,68)(26,67)(27,66)(28,65)(29,64)(30,63)(31,62)(32,61)(33,60)(34,59)(35,58)(36,57)(37,56)(38,55) ],
      p := ( 2,39,45,72,51,17,30,74,28,19,35, 7,63,41,34,22,50,32,57,24,43,31,59, 3)( 4,25, 6,40,71,65,38,60,37,58,18,12,29,44, 9,16,67,27,21,68,13,54,70,42, 8,53,48,47,69,76,66)
        ( 5,15,49,10,26,36,33,20)(14,64,75,52,23,73)(56,61,62),
      q := ( 2,39,71,51,23,43, 9,16,49,10,26,36, 7,53,48,69,76,66, 4,15,67,13,54,70,42, 8,63,75,52,17,30,74,28,21,68,27,19, 5,25, 6,40,45,72,65,38,60, 3)
        (11,29,44,31,57,24,73,14,64,41,34,22,50,32,59,37,58,18,12)(20,35,33)(55,61,62,56) ), rec(
      gadd := [ ( 1,22, 5,26, 9,30,13,34,17,38, 2,23, 6,27,10,31,14,35,18,20, 3,24, 7,28,11,32,15,36,19,21, 4,25, 8,29,12,33,16,37)(39,60,43,64,47,68,51,72,55,76,
             40,61,44,65,48,69,52,73,56,58,41,62,45,66,49,70,53,74,57,59,42,63,46,67,50,71,54,75), ( 1,52, 8,40,15,47, 3,54,10,42,17,49, 5,56,12,44,19,51, 7,39,14,46, 2,53, 9,41,16,48, 4,55,11,43,18,50, 6,57,
             13,45)(20,71,27,59,34,66,22,73,29,61,36,68,24,75,31,63,38,70,26,58,33,65,21,72,28,60,35,67,23,74,30,62,37,69,25,76,32,64) ],
      gmul := [ ( 1,41, 5,45, 9,49,13,53,17,57, 2,42, 6,46,10,50,14,54,18,39, 3,43, 7,47,11,51,15,55,19,40, 4,44, 8,48,12,52,16,56)(20,60,24,64,28,68,32,72,36,76,
             21,61,25,65,29,69,33,73,37,58,22,62,26,66,30,70,34,74,38,59,23,63,27,67,31,71,35,75), ( 1,69, 4,72, 7,75,10,59,13,62,16,65,19,68, 3,71, 6,74, 9,58,12,61,15,64,18,67, 2,70, 5,73, 8,76,11,60,14,63,
             17,66)(20,50,23,53,26,56,29,40,32,43,35,46,38,49,22,52,25,55,28,39,31,42,34,45,37,48,21,51,24,54,27,57,30,41,33,44,36,47) ],
      p := ( 2, 7,64,43,28,15,32,57,41,53,11,33,40,44, 3,58,73,61,17,52,16,45, 5,14,70,36, 9,39,31,25,46,75,55,24,51,22,76,42,66,67,29,12, 8,26,59,35,34,72,48,50,60,10,71,49,47,37,18,65,54,62,68, 4,20)
        ( 6,13,19,27,21)(23,38,69,74)(30,63),
      q := ( 2,14,65,43,31,34,63,29, 9,39,28, 6, 8,33,57,56,41,44,18,70,23,21,15,27,38,66,68,17,45,16,52, 5, 7,71,48,47,22,59,24,46,60,11,26,76,55,35,25,51,37,
          3,58,62,67,30,72,49,50,75,42,69,61, 4,20,19,32,40,53,10,64,54,73,74,36,12,13) ), rec(
      gadd := [ ( 1,46,15,41,10,55, 5,50,19,45,14,40, 9,54, 4,49,18,44,13,39, 8,53, 3,48,17,43,12,57, 7,52, 2,47,16,42,11,56, 6,51)(20,65,34,60,29,74,24,69,38,64,
             33,59,28,73,23,68,37,63,32,58,27,72,22,67,36,62,31,76,26,71,21,66,35,61,30,75,25,70), ( 1,72,10,62,19,71, 9,61,18,70, 8,60,17,69, 7,59,16,68, 6,58,15,67, 5,76,14,66, 4,75,13,65, 3,74,12,64, 2,73,
             11,63)(20,53,29,43,38,52,28,42,37,51,27,41,36,50,26,40,35,49,25,39,34,48,24,57,33,47,23,56,32,46,22,55,31,45,21,54,30,44) ],
      gmul := [ ( 1,40,22,61, 5,44,26,65, 9,48,30,69,13,52,34,73,17,56,38,58, 2,41,23,62, 6,45,27,66,10,49,31,70,14,53,35,74,18,57,20,59, 3,42,24,63, 7,46,28,67,
             11,50,32,71,15,54,36,75,19,39,21,60, 4,43,25,64, 8,47,29,68,12,51,33,72,16,55,37,76) ],
      p := ( 2,39,50,37,72,42,31,44,28,21,65,17,19,70, 4,20,27,76,61,73,36,34,25, 6,14, 8,52,22)( 3, 7,45,66,30,15,51,75,23,57,11,64,48,41,18,32,53,60,35,63,49, 5,58,24,40,47,56,54,16,46)
        ( 9,13,71,55,43,69,67,68,29,59,62,10,26,38)(12,33),
      q := ( 2,58,35,53,56,62,11,52,37,44,31,72,74,42,28,38,12,26,21,51,41, 3,14,13,45,50,22,19,46,18,27,40,69,49,16,70,17)( 4,20,32,63,67,48,75,36,25,15,65)
        ( 5,39,66,29,57,10,33, 9, 8,64,68,30, 6, 7,71,61,43,47,60,24,76,55,73,23,59,54) ), rec(
      gadd := [ ( 1,54,12,46, 4,57,15,49, 7,41,18,52,10,44, 2,55,13,47, 5,39,16,50, 8,42,19,53,11,45, 3,56,14,48, 6,40,17,51, 9,43)(20,73,31,65,23,76,34,68,26,60,
             37,71,29,63,21,74,32,66,24,58,35,69,27,61,38,72,30,64,22,75,33,67,25,59,36,70,28,62), ( 1,68, 2,69, 3,70, 4,71, 5,72, 6,73, 7,74, 8,75, 9,76,10,58,11,59,12,60,13,61,14,62,15,63,16,64,17,65,18,66,
             19,67)(20,49,21,50,22,51,23,52,24,53,25,54,26,55,27,56,28,57,29,39,30,40,31,41,32,42,33,43,34,44,35,45,36,46,37,47,38,48) ],
      gmul := [ ( 1,34,10,24,19,33, 9,23,18,32, 8,22,17,31, 7,21,16,30, 6,20,15,29, 5,38,14,28, 4,37,13,27, 3,36,12,26, 2,35,11,25)(39,72,48,62,57,71,47,61,56,70,
             46,60,55,69,45,59,54,68,44,58,53,67,43,76,52,66,42,75,51,65,41,74,50,64,40,73,49,63), ( 1,70,20,51)( 2,69,21,50)( 3,68,22,49)( 4,67,23,48)( 5,66,24,47)( 6,65,25,46)( 7,64,26,45)( 8,63,27,44)
            ( 9,62,28,43)(10,61,29,42)(11,60,30,41)(12,59,31,40)(13,58,32,39)(14,76,33,57)(15,75,34,56)(16,74,35,55)(17,73,36,54)(18,72,37,53)(19,71,38,52) ],
      p := ( 2,39,47,41,18,32,44,28,21,65,17,19,70, 4,20,27,76,61,73,36,34,25, 6,14, 8,45,66,30,15,46, 3, 7,52,22)( 5,58,24,57,11,64,49)( 9,13,71,42,31,53,60,35,63,48,56,43,69,67,68,29,59,62,10,26,38)
        (12,33)(16,51,75,23,40,50,37,72,55,54),
      q := ( 2,58,35,44,31,72,74,55,73,23,59,43,50,22,19,51,56,62,11,45,47,60,24,76,42,28,38,12,26,21,46,18,27,57,10,33, 9, 8,64,68,30, 6, 7,71,61,54, 5,39,66,
         29,40,69,48,75,36,25,15,65, 4,20,32,63,67,49,16,70,17)( 3,14,13,52,37,53,41) ), rec(
      gadd := [ ( 1,39)( 2,40)( 3,41)( 4,42)( 5,43)( 6,44)( 7,45)( 8,46)( 9,47)(10,48)(11,49)(12,50)(13,51)(14,52)(15,53)(16,54)(17,55)(18,56)(19,57)(20,58)
            (21,59)(22,60)(23,61)(24,62)(25,63)(26,64)(27,65)(28,66)(29,67)(30,68)(31,69)(32,70)(33,71)(34,72)(35,73)(36,74)(37,75)(38,76), ( 1,76,18,74,16,72,14,70,12,68,10,66, 8,64, 6,62, 4,60, 2,58,19,75,
             17,73,15,71,13,69,11,67, 9,65, 7,63, 5,61, 3,59)(20,57,37,55,35,53,33,51,31,49,29,47,27,45,25,43,23,41,21,39,38,56,36,54,34,52,32,50,30,48,28,46,26,44,24,42,22,40) ],
      gmul := [ ( 1,43)( 2,42)( 3,41)( 4,40)( 5,39)( 6,57)( 7,56)( 8,55)( 9,54)(10,53)(11,52)(12,51)(13,50)(14,49)(15,48)(16,47)(17,46)(18,45)(19,44)(20,62)
            (21,61)(22,60)(23,59)(24,58)(25,76)(26,75)(27,74)(28,73)(29,72)(30,71)(31,70)(32,69)(33,68)(34,67)(35,66)(36,65)(37,64)(38,63), ( 1,66,17,63,14,60,11,76, 8,73, 5,70, 2,67,18,64,15,61,12,58, 9,74,
              6,71, 3,68,19,65,16,62,13,59,10,75, 7,72, 4,69)(20,47,36,44,33,41,30,57,27,54,24,51,21,48,37,45,34,42,31,39,28,55,25,52,22,49,38,46,35,43,32,40,29,56,26,53,23,50) ],
      p := ( 2,20)( 3, 7,39,44)( 4,58,62,54,41,18,70,48,37,28,15,45,22,46,47,50,75,42,69,23,51,60,10,64,30,40,31,57,11,71,49, 5,14,52,16,32,25, 6,33,12, 8,26,
         76,55,56,24,38,53,35,72,36, 9,13,27,59,73,74,61,29,34,63,43,66,68)(17,19,65),
      q := ( 2,20,19,70,48,37,28, 6,33, 9, 8,26,59,62,54,41, 3,14,52, 5, 7,39,44,18,65, 4,58,73,61,29,34,72,36,12,13,27,76,55,56,24,38,53,35,63,43,69,23,51,75,42,66,67,68,17)
        (10,71,49,16,32,25,15,45,22,46,47,50,60,11,64,30,40,31,57) ) ];
