BRACES[50] := rec( total := -1, implemented := 8, size := 50, brace := [] );BRACES[50].brace[1] := rec ( size := 50, perms := [ [  (),  (),  
], [  (1, 26)(2, 27)(3, 28)(4, 29)(5, 30)(6, 31)(7, 32)(8, 33)(9, 34)(10, 35)(11, 36)(12, 37)(13, 38)(14, 39)(15, 40)(16, 41)(17, 42)(18, 
43)(19, 44)(20, 45)(21, 46)(22, 47)(23, 48)(24, 49)(25, 50),  (1, 26)(2, 27)(3, 28)(4, 29)(5, 30)(6, 31)(7, 32)(8, 33)(9, 34)(10, 35)(11, 
36)(12, 37)(13, 38)(14, 39)(15, 40)(16, 41)(17, 42)(18, 43)(19, 44)(20, 45)(21, 46)(22, 47)(23, 48)(24, 49)(25, 50),  ], [  (1, 20, 10, 24, 
14, 4, 18, 8, 22, 12, 2, 16, 6, 25, 15, 5, 19, 9, 23, 13, 3, 17, 7, 21, 11)(26, 45, 35, 49, 39, 29, 43, 33, 47, 37, 27, 41, 31, 50, 40, 30, 
44, 34, 48, 38, 28, 42, 32, 46, 36),  (1, 11, 21, 7, 17, 3, 13, 23, 9, 19, 5, 15, 25, 6, 16, 2, 12, 22, 8, 18, 4, 14, 24, 10, 20)(26, 36, 46, 
32, 42, 28, 38, 48, 34, 44, 30, 40, 50, 31, 41, 27, 37, 47, 33, 43, 29, 39, 49, 35, 45),  ], [  (1, 4, 2, 5, 3)(6, 9, 7, 10, 8)(11, 14, 12, 
15, 13)(16, 19, 17, 20, 18)(21, 24, 22, 25, 23)(26, 29, 27, 30, 28)(31, 34, 32, 35, 33)(36, 39, 37, 40, 38)(41, 44, 42, 45, 43)(46, 49, 47, 
50, 48),  (1, 3, 5, 2, 4)(6, 8, 10, 7, 9)(11, 13, 15, 12, 14)(16, 18, 20, 17, 19)(21, 23, 25, 22, 24)(26, 28, 30, 27, 29)(31, 33, 35, 32, 
34)(36, 38, 40, 37, 39)(41, 43, 45, 42, 44)(46, 48, 50, 47, 49),  ], [  (1, 11, 21, 7, 17, 3, 13, 23, 9, 19, 5, 15, 25, 6, 16, 2, 12, 22, 8, 
18, 4, 14, 24, 10, 20)(26, 36, 46, 32, 42, 28, 38, 48, 34, 44, 30, 40, 50, 31, 41, 27, 37, 47, 33, 43, 29, 39, 49, 35, 45),  (1, 20, 10, 24, 
14, 4, 18, 8, 22, 12, 2, 16, 6, 25, 15, 5, 19, 9, 23, 13, 3, 17, 7, 21, 11)(26, 45, 35, 49, 39, 29, 43, 33, 47, 37, 27, 41, 31, 50, 40, 30, 
44, 34, 48, 38, 28, 42, 32, 46, 36),  ], [  (1, 3, 5, 2, 4)(6, 8, 10, 7, 9)(11, 13, 15, 12, 14)(16, 18, 20, 17, 19)(21, 23, 25, 22, 24)(26, 
28, 30, 27, 29)(31, 33, 35, 32, 34)(36, 38, 40, 37, 39)(41, 43, 45, 42, 44)(46, 48, 50, 47, 49),  (1, 4, 2, 5, 3)(6, 9, 7, 10, 8)(11, 14, 12, 
15, 13)(16, 19, 17, 20, 18)(21, 24, 22, 25, 23)(26, 29, 27, 30, 28)(31, 34, 32, 35, 33)(36, 39, 37, 40, 38)(41, 44, 42, 45, 43)(46, 49, 47, 
50, 48),  ], [  (1, 45, 10, 49, 14, 29, 18, 33, 22, 37, 2, 41, 6, 50, 15, 30, 19, 34, 23, 38, 3, 42, 7, 46, 11, 26, 20, 35, 24, 39, 4, 43, 8, 
47, 12, 27, 16, 31, 25, 40, 5, 44, 9, 48, 13, 28, 17, 32, 21, 36),  (1, 36, 21, 32, 17, 28, 13, 48, 9, 44, 5, 40, 25, 31, 16, 27, 12, 47, 8, 
43, 4, 39, 24, 35, 20, 26, 11, 46, 7, 42, 3, 38, 23, 34, 19, 30, 15, 50, 6, 41, 2, 37, 22, 33, 18, 29, 14, 49, 10, 45),  ], [  (1, 29, 2, 30, 
3, 26, 4, 27, 5, 28)(6, 34, 7, 35, 8, 31, 9, 32, 10, 33)(11, 39, 12, 40, 13, 36, 14, 37, 15, 38)(16, 44, 17, 45, 18, 41, 19, 42, 20, 43)(21, 
49, 22, 50, 23, 46, 24, 47, 25, 48),  (1, 28, 5, 27, 4, 26, 3, 30, 2, 29)(6, 33, 10, 32, 9, 31, 8, 35, 7, 34)(11, 38, 15, 37, 14, 36, 13, 40, 
12, 39)(16, 43, 20, 42, 19, 41, 18, 45, 17, 44)(21, 48, 25, 47, 24, 46, 23, 50, 22, 49),  ], [  (1, 36, 21, 32, 17, 28, 13, 48, 9, 44, 5, 40, 
25, 31, 16, 27, 12, 47, 8, 43, 4, 39, 24, 35, 20, 26, 11, 46, 7, 42, 3, 38, 23, 34, 19, 30, 15, 50, 6, 41, 2, 37, 22, 33, 18, 29, 14, 49, 10, 
45),  (1, 45, 10, 49, 14, 29, 18, 33, 22, 37, 2, 41, 6, 50, 15, 30, 19, 34, 23, 38, 3, 42, 7, 46, 11, 26, 20, 35, 24, 39, 4, 43, 8, 47, 12, 
27, 16, 31, 25, 40, 5, 44, 9, 48, 13, 28, 17, 32, 21, 36),  ], [  (1, 28, 5, 27, 4, 26, 3, 30, 2, 29)(6, 33, 10, 32, 9, 31, 8, 35, 7, 34)(11, 
38, 15, 37, 14, 36, 13, 40, 12, 39)(16, 43, 20, 42, 19, 41, 18, 45, 17, 44)(21, 48, 25, 47, 24, 46, 23, 50, 22, 49),  (1, 29, 2, 30, 3, 26, 4,
27, 5, 28)(6, 34, 7, 35, 8, 31, 9, 32, 10, 33)(11, 39, 12, 40, 13, 36, 14, 37, 15, 38)(16, 44, 17, 45, 18, 41, 19, 42, 20, 43)(21, 49, 22, 50,
23, 46, 24, 47, 25, 48),  ], [  (1, 10, 14, 18, 22, 2, 6, 15, 19, 23, 3, 7, 11, 20, 24, 4, 8, 12, 16, 25, 5, 9, 13, 17, 21)(26, 35, 39, 43, 
47, 27, 31, 40, 44, 48, 28, 32, 36, 45, 49, 29, 33, 37, 41, 50, 30, 34, 38, 42, 46),  (1, 21, 17, 13, 9, 5, 25, 16, 12, 8, 4, 24, 20, 11, 7, 
3, 23, 19, 15, 6, 2, 22, 18, 14, 10)(26, 46, 42, 38, 34, 30, 50, 41, 37, 33, 29, 49, 45, 36, 32, 28, 48, 44, 40, 31, 27, 47, 43, 39, 35),  ], 
[  (1, 18, 6, 23, 11, 4, 16, 9, 21, 14, 2, 19, 7, 24, 12, 5, 17, 10, 22, 15, 3, 20, 8, 25, 13)(26, 43, 31, 48, 36, 29, 41, 34, 46, 39, 27, 44,
32, 49, 37, 30, 42, 35, 47, 40, 28, 45, 33, 50, 38),  (1, 13, 25, 8, 20, 3, 15, 22, 10, 17, 5, 12, 24, 7, 19, 2, 14, 21, 9, 16, 4, 11, 23, 6, 
18)(26, 38, 50, 33, 45, 28, 40, 47, 35, 42, 30, 37, 49, 32, 44, 27, 39, 46, 34, 41, 29, 36, 48, 31, 43),  ], [  (1, 17, 9, 25, 12, 4, 20, 7, 
23, 15, 2, 18, 10, 21, 13, 5, 16, 8, 24, 11, 3, 19, 6, 22, 14)(26, 42, 34, 50, 37, 29, 45, 32, 48, 40, 27, 43, 35, 46, 38, 30, 41, 33, 49, 36,
28, 44, 31, 47, 39),  (1, 14, 22, 6, 19, 3, 11, 24, 8, 16, 5, 13, 21, 10, 18, 2, 15, 23, 7, 20, 4, 12, 25, 9, 17)(26, 39, 47, 31, 44, 28, 36, 
49, 33, 41, 30, 38, 46, 35, 43, 27, 40, 48, 32, 45, 29, 37, 50, 34, 42),  ], [  (1, 2, 3, 4, 5)(6, 7, 8, 9, 10)(11, 12, 13, 14, 15)(16, 17, 
18, 19, 20)(21, 22, 23, 24, 25)(26, 27, 28, 29, 30)(31, 32, 33, 34, 35)(36, 37, 38, 39, 40)(41, 42, 43, 44, 45)(46, 47, 48, 49, 50),  (1, 5, 
4, 3, 2)(6, 10, 9, 8, 7)(11, 15, 14, 13, 12)(16, 20, 19, 18, 17)(21, 25, 24, 23, 22)(26, 30, 29, 28, 27)(31, 35, 34, 33, 32)(36, 40, 39, 38, 
37)(41, 45, 44, 43, 42)(46, 50, 49, 48, 47),  ], [  (1, 14, 22, 6, 19, 3, 11, 24, 8, 16, 5, 13, 21, 10, 18, 2, 15, 23, 7, 20, 4, 12, 25, 9, 
17)(26, 39, 47, 31, 44, 28, 36, 49, 33, 41, 30, 38, 46, 35, 43, 27, 40, 48, 32, 45, 29, 37, 50, 34, 42),  (1, 17, 9, 25, 12, 4, 20, 7, 23, 15,
2, 18, 10, 21, 13, 5, 16, 8, 24, 11, 3, 19, 6, 22, 14)(26, 42, 34, 50, 37, 29, 45, 32, 48, 40, 27, 43, 35, 46, 38, 30, 41, 33, 49, 36, 28, 44,
31, 47, 39),  ], [  (1, 21, 17, 13, 9, 5, 25, 16, 12, 8, 4, 24, 20, 11, 7, 3, 23, 19, 15, 6, 2, 22, 18, 14, 10)(26, 46, 42, 38, 34, 30, 50, 
41, 37, 33, 29, 49, 45, 36, 32, 28, 48, 44, 40, 31, 27, 47, 43, 39, 35),  (1, 10, 14, 18, 22, 2, 6, 15, 19, 23, 3, 7, 11, 20, 24, 4, 8, 12, 
16, 25, 5, 9, 13, 17, 21)(26, 35, 39, 43, 47, 27, 31, 40, 44, 48, 28, 32, 36, 45, 49, 29, 33, 37, 41, 50, 30, 34, 38, 42, 46),  ], [  (1, 13, 
25, 8, 20, 3, 15, 22, 10, 17, 5, 12, 24, 7, 19, 2, 14, 21, 9, 16, 4, 11, 23, 6, 18)(26, 38, 50, 33, 45, 28, 40, 47, 35, 42, 30, 37, 49, 32, 
44, 27, 39, 46, 34, 41, 29, 36, 48, 31, 43),  (1, 18, 6, 23, 11, 4, 16, 9, 21, 14, 2, 19, 7, 24, 12, 5, 17, 10, 22, 15, 3, 20, 8, 25, 13)(26, 
43, 31, 48, 36, 29, 41, 34, 46, 39, 27, 44, 32, 49, 37, 30, 42, 35, 47, 40, 28, 45, 33, 50, 38),  ], [  (1, 5, 4, 3, 2)(6, 10, 9, 8, 7)(11, 
15, 14, 13, 12)(16, 20, 19, 18, 17)(21, 25, 24, 23, 22)(26, 30, 29, 28, 27)(31, 35, 34, 33, 32)(36, 40, 39, 38, 37)(41, 45, 44, 43, 42)(46, 
50, 49, 48, 47),  (1, 2, 3, 4, 5)(6, 7, 8, 9, 10)(11, 12, 13, 14, 15)(16, 17, 18, 19, 20)(21, 22, 23, 24, 25)(26, 27, 28, 29, 30)(31, 32, 33, 
34, 35)(36, 37, 38, 39, 40)(41, 42, 43, 44, 45)(46, 47, 48, 49, 50),  ], [  (1, 35, 14, 43, 22, 27, 6, 40, 19, 48, 3, 32, 11, 45, 24, 29, 8, 
37, 16, 50, 5, 34, 13, 42, 21, 26, 10, 39, 18, 47, 2, 31, 15, 44, 23, 28, 7, 36, 20, 49, 4, 33, 12, 41, 25, 30, 9, 38, 17, 46),  (1, 46, 17, 
38, 9, 30, 25, 41, 12, 33, 4, 49, 20, 36, 7, 28, 23, 44, 15, 31, 2, 47, 18, 39, 10, 26, 21, 42, 13, 34, 5, 50, 16, 37, 8, 29, 24, 45, 11, 32, 
3, 48, 19, 40, 6, 27, 22, 43, 14, 35),  ], [  (1, 43, 6, 48, 11, 29, 16, 34, 21, 39, 2, 44, 7, 49, 12, 30, 17, 35, 22, 40, 3, 45, 8, 50, 13, 
26, 18, 31, 23, 36, 4, 41, 9, 46, 14, 27, 19, 32, 24, 37, 5, 42, 10, 47, 15, 28, 20, 33, 25, 38),  (1, 38, 25, 33, 20, 28, 15, 47, 10, 42, 5, 
37, 24, 32, 19, 27, 14, 46, 9, 41, 4, 36, 23, 31, 18, 26, 13, 50, 8, 45, 3, 40, 22, 35, 17, 30, 12, 49, 7, 44, 2, 39, 21, 34, 16, 29, 11, 48, 
6, 43),  ], [  (1, 42, 9, 50, 12, 29, 20, 32, 23, 40, 2, 43, 10, 46, 13, 30, 16, 33, 24, 36, 3, 44, 6, 47, 14, 26, 17, 34, 25, 37, 4, 45, 7, 
48, 15, 27, 18, 35, 21, 38, 5, 41, 8, 49, 11, 28, 19, 31, 22, 39),  (1, 39, 22, 31, 19, 28, 11, 49, 8, 41, 5, 38, 21, 35, 18, 27, 15, 48, 7, 
45, 4, 37, 25, 34, 17, 26, 14, 47, 6, 44, 3, 36, 24, 33, 16, 30, 13, 46, 10, 43, 2, 40, 23, 32, 20, 29, 12, 50, 9, 42),  ], [  (1, 27, 3, 29, 
5, 26, 2, 28, 4, 30)(6, 32, 8, 34, 10, 31, 7, 33, 9, 35)(11, 37, 13, 39, 15, 36, 12, 38, 14, 40)(16, 42, 18, 44, 20, 41, 17, 43, 19, 45)(21, 
47, 23, 49, 25, 46, 22, 48, 24, 50),  (1, 30, 4, 28, 2, 26, 5, 29, 3, 27)(6, 35, 9, 33, 7, 31, 10, 34, 8, 32)(11, 40, 14, 38, 12, 36, 15, 39, 
13, 37)(16, 45, 19, 43, 17, 41, 20, 44, 18, 42)(21, 50, 24, 48, 22, 46, 25, 49, 23, 47),  ], [  (1, 39, 22, 31, 19, 28, 11, 49, 8, 41, 5, 38, 
21, 35, 18, 27, 15, 48, 7, 45, 4, 37, 25, 34, 17, 26, 14, 47, 6, 44, 3, 36, 24, 33, 16, 30, 13, 46, 10, 43, 2, 40, 23, 32, 20, 29, 12, 50, 9, 
42),  (1, 42, 9, 50, 12, 29, 20, 32, 23, 40, 2, 43, 10, 46, 13, 30, 16, 33, 24, 36, 3, 44, 6, 47, 14, 26, 17, 34, 25, 37, 4, 45, 7, 48, 15, 
27, 18, 35, 21, 38, 5, 41, 8, 49, 11, 28, 19, 31, 22, 39),  ], [  (1, 46, 17, 38, 9, 30, 25, 41, 12, 33, 4, 49, 20, 36, 7, 28, 23, 44, 15, 31,
2, 47, 18, 39, 10, 26, 21, 42, 13, 34, 5, 50, 16, 37, 8, 29, 24, 45, 11, 32, 3, 48, 19, 40, 6, 27, 22, 43, 14, 35),  (1, 35, 14, 43, 22, 27, 
6, 40, 19, 48, 3, 32, 11, 45, 24, 29, 8, 37, 16, 50, 5, 34, 13, 42, 21, 26, 10, 39, 18, 47, 2, 31, 15, 44, 23, 28, 7, 36, 20, 49, 4, 33, 12, 
41, 25, 30, 9, 38, 17, 46),  ], [  (1, 38, 25, 33, 20, 28, 15, 47, 10, 42, 5, 37, 24, 32, 19, 27, 14, 46, 9, 41, 4, 36, 23, 31, 18, 26, 13, 
50, 8, 45, 3, 40, 22, 35, 17, 30, 12, 49, 7, 44, 2, 39, 21, 34, 16, 29, 11, 48, 6, 43),  (1, 43, 6, 48, 11, 29, 16, 34, 21, 39, 2, 44, 7, 49, 
12, 30, 17, 35, 22, 40, 3, 45, 8, 50, 13, 26, 18, 31, 23, 36, 4, 41, 9, 46, 14, 27, 19, 32, 24, 37, 5, 42, 10, 47, 15, 28, 20, 33, 25, 38),  
], [  (1, 30, 4, 28, 2, 26, 5, 29, 3, 27)(6, 35, 9, 33, 7, 31, 10, 34, 8, 32)(11, 40, 14, 38, 12, 36, 15, 39, 13, 37)(16, 45, 19, 43, 17, 41, 
20, 44, 18, 42)(21, 50, 24, 48, 22, 46, 25, 49, 23, 47),  (1, 27, 3, 29, 5, 26, 2, 28, 4, 30)(6, 32, 8, 34, 10, 31, 7, 33, 9, 35)(11, 37, 13, 
39, 15, 36, 12, 38, 14, 40)(16, 42, 18, 44, 20, 41, 17, 43, 19, 45)(21, 47, 23, 49, 25, 46, 22, 48, 24, 50),  ], [  (1, 24, 18, 12, 6, 5, 23, 
17, 11, 10, 4, 22, 16, 15, 9, 3, 21, 20, 14, 8, 2, 25, 19, 13, 7)(26, 49, 43, 37, 31, 30, 48, 42, 36, 35, 29, 47, 41, 40, 34, 28, 46, 45, 39, 
33, 27, 50, 44, 38, 32),  (1, 7, 13, 19, 25, 2, 8, 14, 20, 21, 3, 9, 15, 16, 22, 4, 10, 11, 17, 23, 5, 6, 12, 18, 24)(26, 32, 38, 44, 50, 27, 
33, 39, 45, 46, 28, 34, 40, 41, 47, 29, 35, 36, 42, 48, 30, 31, 37, 43, 49),  ], [  (1, 8, 15, 17, 24, 2, 9, 11, 18, 25, 3, 10, 12, 19, 21, 4,
6, 13, 20, 22, 5, 7, 14, 16, 23)(26, 33, 40, 42, 49, 27, 34, 36, 43, 50, 28, 35, 37, 44, 46, 29, 31, 38, 45, 47, 30, 32, 39, 41, 48),  (1, 23,
16, 14, 7, 5, 22, 20, 13, 6, 4, 21, 19, 12, 10, 3, 25, 18, 11, 9, 2, 24, 17, 15, 8)(26, 48, 41, 39, 32, 30, 47, 45, 38, 31, 29, 46, 44, 37, 
35, 28, 50, 43, 36, 34, 27, 49, 42, 40, 33),  ], [  (1, 7, 13, 19, 25, 2, 8, 14, 20, 21, 3, 9, 15, 16, 22, 4, 10, 11, 17, 23, 5, 6, 12, 18, 
24)(26, 32, 38, 44, 50, 27, 33, 39, 45, 46, 28, 34, 40, 41, 47, 29, 35, 36, 42, 48, 30, 31, 37, 43, 49),  (1, 24, 18, 12, 6, 5, 23, 17, 11, 
10, 4, 22, 16, 15, 9, 3, 21, 20, 14, 8, 2, 25, 19, 13, 7)(26, 49, 43, 37, 31, 30, 48, 42, 36, 35, 29, 47, 41, 40, 34, 28, 46, 45, 39, 33, 27, 
50, 44, 38, 32),  ], [  (1, 16, 7, 22, 13, 4, 19, 10, 25, 11, 2, 17, 8, 23, 14, 5, 20, 6, 21, 12, 3, 18, 9, 24, 15)(26, 41, 32, 47, 38, 29, 
44, 35, 50, 36, 27, 42, 33, 48, 39, 30, 45, 31, 46, 37, 28, 43, 34, 49, 40),  (1, 15, 24, 9, 18, 3, 12, 21, 6, 20, 5, 14, 23, 8, 17, 2, 11, 
25, 10, 19, 4, 13, 22, 7, 16)(26, 40, 49, 34, 43, 28, 37, 46, 31, 45, 30, 39, 48, 33, 42, 27, 36, 50, 35, 44, 29, 38, 47, 32, 41),  ], [  (1, 
19, 8, 21, 15, 4, 17, 6, 24, 13, 2, 20, 9, 22, 11, 5, 18, 7, 25, 14, 3, 16, 10, 23, 12)(26, 44, 33, 46, 40, 29, 42, 31, 49, 38, 27, 45, 34, 
47, 36, 30, 43, 32, 50, 39, 28, 41, 35, 48, 37),  (1, 12, 23, 10, 16, 3, 14, 25, 7, 18, 5, 11, 22, 9, 20, 2, 13, 24, 6, 17, 4, 15, 21, 8, 
19)(26, 37, 48, 35, 41, 28, 39, 50, 32, 43, 30, 36, 47, 34, 45, 27, 38, 49, 31, 42, 29, 40, 46, 33, 44),  ], [  (1, 12, 23, 10, 16, 3, 14, 25,
7, 18, 5, 11, 22, 9, 20, 2, 13, 24, 6, 17, 4, 15, 21, 8, 19)(26, 37, 48, 35, 41, 28, 39, 50, 32, 43, 30, 36, 47, 34, 45, 27, 38, 49, 31, 42, 
29, 40, 46, 33, 44),  (1, 19, 8, 21, 15, 4, 17, 6, 24, 13, 2, 20, 9, 22, 11, 5, 18, 7, 25, 14, 3, 16, 10, 23, 12)(26, 44, 33, 46, 40, 29, 42, 
31, 49, 38, 27, 45, 34, 47, 36, 30, 43, 32, 50, 39, 28, 41, 35, 48, 37),  ], [  (1, 23, 16, 14, 7, 5, 22, 20, 13, 6, 4, 21, 19, 12, 10, 3, 25,
18, 11, 9, 2, 24, 17, 15, 8)(26, 48, 41, 39, 32, 30, 47, 45, 38, 31, 29, 46, 44, 37, 35, 28, 50, 43, 36, 34, 27, 49, 42, 40, 33),  (1, 8, 15, 
17, 24, 2, 9, 11, 18, 25, 3, 10, 12, 19, 21, 4, 6, 13, 20, 22, 5, 7, 14, 16, 23)(26, 33, 40, 42, 49, 27, 34, 36, 43, 50, 28, 35, 37, 44, 46, 
29, 31, 38, 45, 47, 30, 32, 39, 41, 48),  ], [  (1, 15, 24, 9, 18, 3, 12, 21, 6, 20, 5, 14, 23, 8, 17, 2, 11, 25, 10, 19, 4, 13, 22, 7, 
16)(26, 40, 49, 34, 43, 28, 37, 46, 31, 45, 30, 39, 48, 33, 42, 27, 36, 50, 35, 44, 29, 38, 47, 32, 41),  (1, 16, 7, 22, 13, 4, 19, 10, 25, 
11, 2, 17, 8, 23, 14, 5, 20, 6, 21, 12, 3, 18, 9, 24, 15)(26, 41, 32, 47, 38, 29, 44, 35, 50, 36, 27, 42, 33, 48, 39, 30, 45, 31, 46, 37, 28, 
43, 34, 49, 40),  ], [  (1, 49, 18, 37, 6, 30, 23, 42, 11, 35, 4, 47, 16, 40, 9, 28, 21, 45, 14, 33, 2, 50, 19, 38, 7, 26, 24, 43, 12, 31, 5, 
48, 17, 36, 10, 29, 22, 41, 15, 34, 3, 46, 20, 39, 8, 27, 25, 44, 13, 32),  (1, 32, 13, 44, 25, 27, 8, 39, 20, 46, 3, 34, 15, 41, 22, 29, 10, 
36, 17, 48, 5, 31, 12, 43, 24, 26, 7, 38, 19, 50, 2, 33, 14, 45, 21, 28, 9, 40, 16, 47, 4, 35, 11, 42, 23, 30, 6, 37, 18, 49),  ], [  (1, 33, 
15, 42, 24, 27, 9, 36, 18, 50, 3, 35, 12, 44, 21, 29, 6, 38, 20, 47, 5, 32, 14, 41, 23, 26, 8, 40, 17, 49, 2, 34, 11, 43, 25, 28, 10, 37, 19, 
46, 4, 31, 13, 45, 22, 30, 7, 39, 16, 48),  (1, 48, 16, 39, 7, 30, 22, 45, 13, 31, 4, 46, 19, 37, 10, 28, 25, 43, 11, 34, 2, 49, 17, 40, 8, 
26, 23, 41, 14, 32, 5, 47, 20, 38, 6, 29, 21, 44, 12, 35, 3, 50, 18, 36, 9, 27, 24, 42, 15, 33),  ], [  (1, 32, 13, 44, 25, 27, 8, 39, 20, 46,
3, 34, 15, 41, 22, 29, 10, 36, 17, 48, 5, 31, 12, 43, 24, 26, 7, 38, 19, 50, 2, 33, 14, 45, 21, 28, 9, 40, 16, 47, 4, 35, 11, 42, 23, 30, 6, 
37, 18, 49),  (1, 49, 18, 37, 6, 30, 23, 42, 11, 35, 4, 47, 16, 40, 9, 28, 21, 45, 14, 33, 2, 50, 19, 38, 7, 26, 24, 43, 12, 31, 5, 48, 17, 
36, 10, 29, 22, 41, 15, 34, 3, 46, 20, 39, 8, 27, 25, 44, 13, 32),  ], [  (1, 41, 7, 47, 13, 29, 19, 35, 25, 36, 2, 42, 8, 48, 14, 30, 20, 31,
21, 37, 3, 43, 9, 49, 15, 26, 16, 32, 22, 38, 4, 44, 10, 50, 11, 27, 17, 33, 23, 39, 5, 45, 6, 46, 12, 28, 18, 34, 24, 40),  (1, 40, 24, 34, 
18, 28, 12, 46, 6, 45, 5, 39, 23, 33, 17, 27, 11, 50, 10, 44, 4, 38, 22, 32, 16, 26, 15, 49, 9, 43, 3, 37, 21, 31, 20, 30, 14, 48, 8, 42, 2, 
36, 25, 35, 19, 29, 13, 47, 7, 41),  ], [  (1, 44, 8, 46, 15, 29, 17, 31, 24, 38, 2, 45, 9, 47, 11, 30, 18, 32, 25, 39, 3, 41, 10, 48, 12, 26,
19, 33, 21, 40, 4, 42, 6, 49, 13, 27, 20, 34, 22, 36, 5, 43, 7, 50, 14, 28, 16, 35, 23, 37),  (1, 37, 23, 35, 16, 28, 14, 50, 7, 43, 5, 36, 
22, 34, 20, 27, 13, 49, 6, 42, 4, 40, 21, 33, 19, 26, 12, 48, 10, 41, 3, 39, 25, 32, 18, 30, 11, 47, 9, 45, 2, 38, 24, 31, 17, 29, 15, 46, 8, 
44),  ], [  (1, 37, 23, 35, 16, 28, 14, 50, 7, 43, 5, 36, 22, 34, 20, 27, 13, 49, 6, 42, 4, 40, 21, 33, 19, 26, 12, 48, 10, 41, 3, 39, 25, 32,
18, 30, 11, 47, 9, 45, 2, 38, 24, 31, 17, 29, 15, 46, 8, 44),  (1, 44, 8, 46, 15, 29, 17, 31, 24, 38, 2, 45, 9, 47, 11, 30, 18, 32, 25, 39, 3,
41, 10, 48, 12, 26, 19, 33, 21, 40, 4, 42, 6, 49, 13, 27, 20, 34, 22, 36, 5, 43, 7, 50, 14, 28, 16, 35, 23, 37),  ], [  (1, 48, 16, 39, 7, 30,
22, 45, 13, 31, 4, 46, 19, 37, 10, 28, 25, 43, 11, 34, 2, 49, 17, 40, 8, 26, 23, 41, 14, 32, 5, 47, 20, 38, 6, 29, 21, 44, 12, 35, 3, 50, 18, 
36, 9, 27, 24, 42, 15, 33),  (1, 33, 15, 42, 24, 27, 9, 36, 18, 50, 3, 35, 12, 44, 21, 29, 6, 38, 20, 47, 5, 32, 14, 41, 23, 26, 8, 40, 17, 
49, 2, 34, 11, 43, 25, 28, 10, 37, 19, 46, 4, 31, 13, 45, 22, 30, 7, 39, 16, 48),  ], [  (1, 40, 24, 34, 18, 28, 12, 46, 6, 45, 5, 39, 23, 33,
17, 27, 11, 50, 10, 44, 4, 38, 22, 32, 16, 26, 15, 49, 9, 43, 3, 37, 21, 31, 20, 30, 14, 48, 8, 42, 2, 36, 25, 35, 19, 29, 13, 47, 7, 41),  
(1, 41, 7, 47, 13, 29, 19, 35, 25, 36, 2, 42, 8, 48, 14, 30, 20, 31, 21, 37, 3, 43, 9, 49, 15, 26, 16, 32, 22, 38, 4, 44, 10, 50, 11, 27, 17, 
33, 23, 39, 5, 45, 6, 46, 12, 28, 18, 34, 24, 40),  ], [  (1, 22, 19, 11, 8, 5, 21, 18, 15, 7, 4, 25, 17, 14, 6, 3, 24, 16, 13, 10, 2, 23, 20,
12, 9)(26, 47, 44, 36, 33, 30, 46, 43, 40, 32, 29, 50, 42, 39, 31, 28, 49, 41, 38, 35, 27, 48, 45, 37, 34),  (1, 9, 12, 20, 23, 2, 10, 13, 16,
24, 3, 6, 14, 17, 25, 4, 7, 15, 18, 21, 5, 8, 11, 19, 22)(26, 34, 37, 45, 48, 27, 35, 38, 41, 49, 28, 31, 39, 42, 50, 29, 32, 40, 43, 46, 30, 
33, 36, 44, 47),  ], [  (1, 6, 11, 16, 21, 2, 7, 12, 17, 22, 3, 8, 13, 18, 23, 4, 9, 14, 19, 24, 5, 10, 15, 20, 25)(26, 31, 36, 41, 46, 27, 
32, 37, 42, 47, 28, 33, 38, 43, 48, 29, 34, 39, 44, 49, 30, 35, 40, 45, 50),  (1, 25, 20, 15, 10, 5, 24, 19, 14, 9, 4, 23, 18, 13, 8, 3, 22, 
17, 12, 7, 2, 21, 16, 11, 6)(26, 50, 45, 40, 35, 30, 49, 44, 39, 34, 29, 48, 43, 38, 33, 28, 47, 42, 37, 32, 27, 46, 41, 36, 31),  ], [  (1, 
9, 12, 20, 23, 2, 10, 13, 16, 24, 3, 6, 14, 17, 25, 4, 7, 15, 18, 21, 5, 8, 11, 19, 22)(26, 34, 37, 45, 48, 27, 35, 38, 41, 49, 28, 31, 39, 
42, 50, 29, 32, 40, 43, 46, 30, 33, 36, 44, 47),  (1, 22, 19, 11, 8, 5, 21, 18, 15, 7, 4, 25, 17, 14, 6, 3, 24, 16, 13, 10, 2, 23, 20, 12, 
9)(26, 47, 44, 36, 33, 30, 46, 43, 40, 32, 29, 50, 42, 39, 31, 28, 49, 41, 38, 35, 27, 48, 45, 37, 34),  ], [  (1, 25, 20, 15, 10, 5, 24, 19, 
14, 9, 4, 23, 18, 13, 8, 3, 22, 17, 12, 7, 2, 21, 16, 11, 6)(26, 50, 45, 40, 35, 30, 49, 44, 39, 34, 29, 48, 43, 38, 33, 28, 47, 42, 37, 32, 
27, 46, 41, 36, 31),  (1, 6, 11, 16, 21, 2, 7, 12, 17, 22, 3, 8, 13, 18, 23, 4, 9, 14, 19, 24, 5, 10, 15, 20, 25)(26, 31, 36, 41, 46, 27, 32, 
37, 42, 47, 28, 33, 38, 43, 48, 29, 34, 39, 44, 49, 30, 35, 40, 45, 50),  ], [  (1, 47, 19, 36, 8, 30, 21, 43, 15, 32, 4, 50, 17, 39, 6, 28, 
24, 41, 13, 35, 2, 48, 20, 37, 9, 26, 22, 44, 11, 33, 5, 46, 18, 40, 7, 29, 25, 42, 14, 31, 3, 49, 16, 38, 10, 27, 23, 45, 12, 34),  (1, 34, 
12, 45, 23, 27, 10, 38, 16, 49, 3, 31, 14, 42, 25, 29, 7, 40, 18, 46, 5, 33, 11, 44, 22, 26, 9, 37, 20, 48, 2, 35, 13, 41, 24, 28, 6, 39, 17, 
50, 4, 32, 15, 43, 21, 30, 8, 36, 19, 47),  ], [  (1, 31, 11, 41, 21, 27, 7, 37, 17, 47, 3, 33, 13, 43, 23, 29, 9, 39, 19, 49, 5, 35, 15, 45, 
25, 26, 6, 36, 16, 46, 2, 32, 12, 42, 22, 28, 8, 38, 18, 48, 4, 34, 14, 44, 24, 30, 10, 40, 20, 50),  (1, 50, 20, 40, 10, 30, 24, 44, 14, 34, 
4, 48, 18, 38, 8, 28, 22, 42, 12, 32, 2, 46, 16, 36, 6, 26, 25, 45, 15, 35, 5, 49, 19, 39, 9, 29, 23, 43, 13, 33, 3, 47, 17, 37, 7, 27, 21, 
41, 11, 31),  ], [  (1, 34, 12, 45, 23, 27, 10, 38, 16, 49, 3, 31, 14, 42, 25, 29, 7, 40, 18, 46, 5, 33, 11, 44, 22, 26, 9, 37, 20, 48, 2, 35,
13, 41, 24, 28, 6, 39, 17, 50, 4, 32, 15, 43, 21, 30, 8, 36, 19, 47),  (1, 47, 19, 36, 8, 30, 21, 43, 15, 32, 4, 50, 17, 39, 6, 28, 24, 41, 
13, 35, 2, 48, 20, 37, 9, 26, 22, 44, 11, 33, 5, 46, 18, 40, 7, 29, 25, 42, 14, 31, 3, 49, 16, 38, 10, 27, 23, 45, 12, 34),  ], [  (1, 50, 20,
40, 10, 30, 24, 44, 14, 34, 4, 48, 18, 38, 8, 28, 22, 42, 12, 32, 2, 46, 16, 36, 6, 26, 25, 45, 15, 35, 5, 49, 19, 39, 9, 29, 23, 43, 13, 33, 
3, 47, 17, 37, 7, 27, 21, 41, 11, 31),  (1, 31, 11, 41, 21, 27, 7, 37, 17, 47, 3, 33, 13, 43, 23, 29, 9, 39, 19, 49, 5, 35, 15, 45, 25, 26, 6,
36, 16, 46, 2, 32, 12, 42, 22, 28, 8, 38, 18, 48, 4, 34, 14, 44, 24, 30, 10, 40, 20, 50),  ], ]
);

BRACES[50].brace[2] := rec ( size := 50, perms := [ [  (),  (),  ], [  (1, 26)(2, 27)(3, 28)(4, 29)(5, 30)(6, 31)(7, 32)(8, 33)(9, 34)(10, 
35)(11, 36)(12, 37)(13, 38)(14, 39)(15, 40)(16, 41)(17, 42)(18, 43)(19, 44)(20, 45)(21, 46)(22, 47)(23, 48)(24, 49)(25, 50),  (1, 26)(2, 
30)(3, 29)(4, 28)(5, 27)(6, 50)(7, 49)(8, 48)(9, 47)(10, 46)(11, 45)(12, 44)(13, 43)(14, 42)(15, 41)(16, 40)(17, 39)(18, 38)(19, 37)(20, 
36)(21, 35)(22, 34)(23, 33)(24, 32)(25, 31),  ], [  (1, 20, 10, 24, 14, 4, 18, 8, 22, 12, 2, 16, 6, 25, 15, 5, 19, 9, 23, 13, 3, 17, 7, 21, 
11)(26, 45, 35, 49, 39, 29, 43, 33, 47, 37, 27, 41, 31, 50, 40, 30, 44, 34, 48, 38, 28, 42, 32, 46, 36),  (1, 11, 21, 7, 17, 3, 13, 23, 9, 19,
5, 15, 25, 6, 16, 2, 12, 22, 8, 18, 4, 14, 24, 10, 20)(26, 36, 46, 32, 42, 28, 38, 48, 34, 44, 30, 40, 50, 31, 41, 27, 37, 47, 33, 43, 29, 39,
49, 35, 45),  ], [  (1, 4, 2, 5, 3)(6, 9, 7, 10, 8)(11, 14, 12, 15, 13)(16, 19, 17, 20, 18)(21, 24, 22, 25, 23)(26, 29, 27, 30, 28)(31, 34, 
32, 35, 33)(36, 39, 37, 40, 38)(41, 44, 42, 45, 43)(46, 49, 47, 50, 48),  (1, 3, 5, 2, 4)(6, 8, 10, 7, 9)(11, 13, 15, 12, 14)(16, 18, 20, 17, 
19)(21, 23, 25, 22, 24)(26, 28, 30, 27, 29)(31, 33, 35, 32, 34)(36, 38, 40, 37, 39)(41, 43, 45, 42, 44)(46, 48, 50, 47, 49),  ], [  (1, 11, 
21, 7, 17, 3, 13, 23, 9, 19, 5, 15, 25, 6, 16, 2, 12, 22, 8, 18, 4, 14, 24, 10, 20)(26, 36, 46, 32, 42, 28, 38, 48, 34, 44, 30, 40, 50, 31, 
41, 27, 37, 47, 33, 43, 29, 39, 49, 35, 45),  (1, 20, 10, 24, 14, 4, 18, 8, 22, 12, 2, 16, 6, 25, 15, 5, 19, 9, 23, 13, 3, 17, 7, 21, 11)(26, 
45, 35, 49, 39, 29, 43, 33, 47, 37, 27, 41, 31, 50, 40, 30, 44, 34, 48, 38, 28, 42, 32, 46, 36),  ], [  (1, 3, 5, 2, 4)(6, 8, 10, 7, 9)(11, 
13, 15, 12, 14)(16, 18, 20, 17, 19)(21, 23, 25, 22, 24)(26, 28, 30, 27, 29)(31, 33, 35, 32, 34)(36, 38, 40, 37, 39)(41, 43, 45, 42, 44)(46, 
48, 50, 47, 49),  (1, 4, 2, 5, 3)(6, 9, 7, 10, 8)(11, 14, 12, 15, 13)(16, 19, 17, 20, 18)(21, 24, 22, 25, 23)(26, 29, 27, 30, 28)(31, 34, 32, 
35, 33)(36, 39, 37, 40, 38)(41, 44, 42, 45, 43)(46, 49, 47, 50, 48),  ], [  (1, 36, 21, 32, 17, 28, 13, 48, 9, 44, 5, 40, 25, 31, 16, 27, 12, 
47, 8, 43, 4, 39, 24, 35, 20, 26, 11, 46, 7, 42, 3, 38, 23, 34, 19, 30, 15, 50, 6, 41, 2, 37, 22, 33, 18, 29, 14, 49, 10, 45),  (1, 36)(2, 
40)(3, 39)(4, 38)(5, 37)(6, 31)(7, 35)(8, 34)(9, 33)(10, 32)(11, 26)(12, 30)(13, 29)(14, 28)(15, 27)(16, 50)(17, 49)(18, 48)(19, 47)(20, 
46)(21, 45)(22, 44)(23, 43)(24, 42)(25, 41),  ], [  (1, 28, 5, 27, 4, 26, 3, 30, 2, 29)(6, 33, 10, 32, 9, 31, 8, 35, 7, 34)(11, 38, 15, 37, 
14, 36, 13, 40, 12, 39)(16, 43, 20, 42, 19, 41, 18, 45, 17, 44)(21, 48, 25, 47, 24, 46, 23, 50, 22, 49),  (1, 28)(2, 27)(3, 26)(4, 30)(5, 
29)(6, 47)(7, 46)(8, 50)(9, 49)(10, 48)(11, 42)(12, 41)(13, 45)(14, 44)(15, 43)(16, 37)(17, 36)(18, 40)(19, 39)(20, 38)(21, 32)(22, 31)(23, 
35)(24, 34)(25, 33),  ], [  (1, 45, 10, 49, 14, 29, 18, 33, 22, 37, 2, 41, 6, 50, 15, 30, 19, 34, 23, 38, 3, 42, 7, 46, 11, 26, 20, 35, 24, 
39, 4, 43, 8, 47, 12, 27, 16, 31, 25, 40, 5, 44, 9, 48, 13, 28, 17, 32, 21, 36),  (1, 45)(2, 44)(3, 43)(4, 42)(5, 41)(6, 40)(7, 39)(8, 38)(9, 
37)(10, 36)(11, 35)(12, 34)(13, 33)(14, 32)(15, 31)(16, 30)(17, 29)(18, 28)(19, 27)(20, 26)(21, 49)(22, 48)(23, 47)(24, 46)(25, 50),  ], [  
(1, 29, 2, 30, 3, 26, 4, 27, 5, 28)(6, 34, 7, 35, 8, 31, 9, 32, 10, 33)(11, 39, 12, 40, 13, 36, 14, 37, 15, 38)(16, 44, 17, 45, 18, 41, 19, 
42, 20, 43)(21, 49, 22, 50, 23, 46, 24, 47, 25, 48),  (1, 29)(2, 28)(3, 27)(4, 26)(5, 30)(6, 48)(7, 47)(8, 46)(9, 50)(10, 49)(11, 43)(12, 
42)(13, 41)(14, 45)(15, 44)(16, 38)(17, 37)(18, 36)(19, 40)(20, 39)(21, 33)(22, 32)(23, 31)(24, 35)(25, 34),  ], [  (1, 10, 14, 18, 22, 2, 6, 
15, 19, 23, 3, 7, 11, 20, 24, 4, 8, 12, 16, 25, 5, 9, 13, 17, 21)(26, 35, 39, 43, 47, 27, 31, 40, 44, 48, 28, 32, 36, 45, 49, 29, 33, 37, 41, 
50, 30, 34, 38, 42, 46),  (1, 21, 17, 13, 9, 5, 25, 16, 12, 8, 4, 24, 20, 11, 7, 3, 23, 19, 15, 6, 2, 22, 18, 14, 10)(26, 46, 42, 38, 34, 30, 
50, 41, 37, 33, 29, 49, 45, 36, 32, 28, 48, 44, 40, 31, 27, 47, 43, 39, 35),  ], [  (1, 18, 6, 23, 11, 4, 16, 9, 21, 14, 2, 19, 7, 24, 12, 5, 
17, 10, 22, 15, 3, 20, 8, 25, 13)(26, 43, 31, 48, 36, 29, 41, 34, 46, 39, 27, 44, 32, 49, 37, 30, 42, 35, 47, 40, 28, 45, 33, 50, 38),  (1, 
13, 25, 8, 20, 3, 15, 22, 10, 17, 5, 12, 24, 7, 19, 2, 14, 21, 9, 16, 4, 11, 23, 6, 18)(26, 38, 50, 33, 45, 28, 40, 47, 35, 42, 30, 37, 49, 
32, 44, 27, 39, 46, 34, 41, 29, 36, 48, 31, 43),  ], [  (1, 17, 9, 25, 12, 4, 20, 7, 23, 15, 2, 18, 10, 21, 13, 5, 16, 8, 24, 11, 3, 19, 6, 
22, 14)(26, 42, 34, 50, 37, 29, 45, 32, 48, 40, 27, 43, 35, 46, 38, 30, 41, 33, 49, 36, 28, 44, 31, 47, 39),  (1, 14, 22, 6, 19, 3, 11, 24, 8,
16, 5, 13, 21, 10, 18, 2, 15, 23, 7, 20, 4, 12, 25, 9, 17)(26, 39, 47, 31, 44, 28, 36, 49, 33, 41, 30, 38, 46, 35, 43, 27, 40, 48, 32, 45, 29,
37, 50, 34, 42),  ], [  (1, 2, 3, 4, 5)(6, 7, 8, 9, 10)(11, 12, 13, 14, 15)(16, 17, 18, 19, 20)(21, 22, 23, 24, 25)(26, 27, 28, 29, 30)(31, 
32, 33, 34, 35)(36, 37, 38, 39, 40)(41, 42, 43, 44, 45)(46, 47, 48, 49, 50),  (1, 5, 4, 3, 2)(6, 10, 9, 8, 7)(11, 15, 14, 13, 12)(16, 20, 19, 
18, 17)(21, 25, 24, 23, 22)(26, 30, 29, 28, 27)(31, 35, 34, 33, 32)(36, 40, 39, 38, 37)(41, 45, 44, 43, 42)(46, 50, 49, 48, 47),  ], [  (1, 
14, 22, 6, 19, 3, 11, 24, 8, 16, 5, 13, 21, 10, 18, 2, 15, 23, 7, 20, 4, 12, 25, 9, 17)(26, 39, 47, 31, 44, 28, 36, 49, 33, 41, 30, 38, 46, 
35, 43, 27, 40, 48, 32, 45, 29, 37, 50, 34, 42),  (1, 17, 9, 25, 12, 4, 20, 7, 23, 15, 2, 18, 10, 21, 13, 5, 16, 8, 24, 11, 3, 19, 6, 22, 
14)(26, 42, 34, 50, 37, 29, 45, 32, 48, 40, 27, 43, 35, 46, 38, 30, 41, 33, 49, 36, 28, 44, 31, 47, 39),  ], [  (1, 21, 17, 13, 9, 5, 25, 16, 
12, 8, 4, 24, 20, 11, 7, 3, 23, 19, 15, 6, 2, 22, 18, 14, 10)(26, 46, 42, 38, 34, 30, 50, 41, 37, 33, 29, 49, 45, 36, 32, 28, 48, 44, 40, 31, 
27, 47, 43, 39, 35),  (1, 10, 14, 18, 22, 2, 6, 15, 19, 23, 3, 7, 11, 20, 24, 4, 8, 12, 16, 25, 5, 9, 13, 17, 21)(26, 35, 39, 43, 47, 27, 31, 
40, 44, 48, 28, 32, 36, 45, 49, 29, 33, 37, 41, 50, 30, 34, 38, 42, 46),  ], [  (1, 13, 25, 8, 20, 3, 15, 22, 10, 17, 5, 12, 24, 7, 19, 2, 14,
21, 9, 16, 4, 11, 23, 6, 18)(26, 38, 50, 33, 45, 28, 40, 47, 35, 42, 30, 37, 49, 32, 44, 27, 39, 46, 34, 41, 29, 36, 48, 31, 43),  (1, 18, 6, 
23, 11, 4, 16, 9, 21, 14, 2, 19, 7, 24, 12, 5, 17, 10, 22, 15, 3, 20, 8, 25, 13)(26, 43, 31, 48, 36, 29, 41, 34, 46, 39, 27, 44, 32, 49, 37, 
30, 42, 35, 47, 40, 28, 45, 33, 50, 38),  ], [  (1, 5, 4, 3, 2)(6, 10, 9, 8, 7)(11, 15, 14, 13, 12)(16, 20, 19, 18, 17)(21, 25, 24, 23, 
22)(26, 30, 29, 28, 27)(31, 35, 34, 33, 32)(36, 40, 39, 38, 37)(41, 45, 44, 43, 42)(46, 50, 49, 48, 47),  (1, 2, 3, 4, 5)(6, 7, 8, 9, 10)(11, 
12, 13, 14, 15)(16, 17, 18, 19, 20)(21, 22, 23, 24, 25)(26, 27, 28, 29, 30)(31, 32, 33, 34, 35)(36, 37, 38, 39, 40)(41, 42, 43, 44, 45)(46, 
47, 48, 49, 50),  ], [  (1, 46, 17, 38, 9, 30, 25, 41, 12, 33, 4, 49, 20, 36, 7, 28, 23, 44, 15, 31, 2, 47, 18, 39, 10, 26, 21, 42, 13, 34, 5,
50, 16, 37, 8, 29, 24, 45, 11, 32, 3, 48, 19, 40, 6, 27, 22, 43, 14, 35),  (1, 46)(2, 50)(3, 49)(4, 48)(5, 47)(6, 41)(7, 45)(8, 44)(9, 43)(10,
42)(11, 36)(12, 40)(13, 39)(14, 38)(15, 37)(16, 31)(17, 35)(18, 34)(19, 33)(20, 32)(21, 26)(22, 30)(23, 29)(24, 28)(25, 27),  ], [  (1, 38, 
25, 33, 20, 28, 15, 47, 10, 42, 5, 37, 24, 32, 19, 27, 14, 46, 9, 41, 4, 36, 23, 31, 18, 26, 13, 50, 8, 45, 3, 40, 22, 35, 17, 30, 12, 49, 7, 
44, 2, 39, 21, 34, 16, 29, 11, 48, 6, 43),  (1, 38)(2, 37)(3, 36)(4, 40)(5, 39)(6, 33)(7, 32)(8, 31)(9, 35)(10, 34)(11, 28)(12, 27)(13, 
26)(14, 30)(15, 29)(16, 47)(17, 46)(18, 50)(19, 49)(20, 48)(21, 42)(22, 41)(23, 45)(24, 44)(25, 43),  ], [  (1, 39, 22, 31, 19, 28, 11, 49, 8,
41, 5, 38, 21, 35, 18, 27, 15, 48, 7, 45, 4, 37, 25, 34, 17, 26, 14, 47, 6, 44, 3, 36, 24, 33, 16, 30, 13, 46, 10, 43, 2, 40, 23, 32, 20, 29, 
12, 50, 9, 42),  (1, 39)(2, 38)(3, 37)(4, 36)(5, 40)(6, 34)(7, 33)(8, 32)(9, 31)(10, 35)(11, 29)(12, 28)(13, 27)(14, 26)(15, 30)(16, 48)(17, 
47)(18, 46)(19, 50)(20, 49)(21, 43)(22, 42)(23, 41)(24, 45)(25, 44),  ], [  (1, 30, 4, 28, 2, 26, 5, 29, 3, 27)(6, 35, 9, 33, 7, 31, 10, 34, 
8, 32)(11, 40, 14, 38, 12, 36, 15, 39, 13, 37)(16, 45, 19, 43, 17, 41, 20, 44, 18, 42)(21, 50, 24, 48, 22, 46, 25, 49, 23, 47),  (1, 30)(2, 
29)(3, 28)(4, 27)(5, 26)(6, 49)(7, 48)(8, 47)(9, 46)(10, 50)(11, 44)(12, 43)(13, 42)(14, 41)(15, 45)(16, 39)(17, 38)(18, 37)(19, 36)(20, 
40)(21, 34)(22, 33)(23, 32)(24, 31)(25, 35),  ], [  (1, 42, 9, 50, 12, 29, 20, 32, 23, 40, 2, 43, 10, 46, 13, 30, 16, 33, 24, 36, 3, 44, 6, 
47, 14, 26, 17, 34, 25, 37, 4, 45, 7, 48, 15, 27, 18, 35, 21, 38, 5, 41, 8, 49, 11, 28, 19, 31, 22, 39),  (1, 42)(2, 41)(3, 45)(4, 44)(5, 
43)(6, 37)(7, 36)(8, 40)(9, 39)(10, 38)(11, 32)(12, 31)(13, 35)(14, 34)(15, 33)(16, 27)(17, 26)(18, 30)(19, 29)(20, 28)(21, 46)(22, 50)(23, 
49)(24, 48)(25, 47),  ], [  (1, 35, 14, 43, 22, 27, 6, 40, 19, 48, 3, 32, 11, 45, 24, 29, 8, 37, 16, 50, 5, 34, 13, 42, 21, 26, 10, 39, 18, 
47, 2, 31, 15, 44, 23, 28, 7, 36, 20, 49, 4, 33, 12, 41, 25, 30, 9, 38, 17, 46),  (1, 35)(2, 34)(3, 33)(4, 32)(5, 31)(6, 30)(7, 29)(8, 28)(9, 
27)(10, 26)(11, 49)(12, 48)(13, 47)(14, 46)(15, 50)(16, 44)(17, 43)(18, 42)(19, 41)(20, 45)(21, 39)(22, 38)(23, 37)(24, 36)(25, 40),  ], [  
(1, 43, 6, 48, 11, 29, 16, 34, 21, 39, 2, 44, 7, 49, 12, 30, 17, 35, 22, 40, 3, 45, 8, 50, 13, 26, 18, 31, 23, 36, 4, 41, 9, 46, 14, 27, 19, 
32, 24, 37, 5, 42, 10, 47, 15, 28, 20, 33, 25, 38),  (1, 43)(2, 42)(3, 41)(4, 45)(5, 44)(6, 38)(7, 37)(8, 36)(9, 40)(10, 39)(11, 33)(12, 
32)(13, 31)(14, 35)(15, 34)(16, 28)(17, 27)(18, 26)(19, 30)(20, 29)(21, 47)(22, 46)(23, 50)(24, 49)(25, 48),  ], [  (1, 27, 3, 29, 5, 26, 2, 
28, 4, 30)(6, 32, 8, 34, 10, 31, 7, 33, 9, 35)(11, 37, 13, 39, 15, 36, 12, 38, 14, 40)(16, 42, 18, 44, 20, 41, 17, 43, 19, 45)(21, 47, 23, 49,
25, 46, 22, 48, 24, 50),  (1, 27)(2, 26)(3, 30)(4, 29)(5, 28)(6, 46)(7, 50)(8, 49)(9, 48)(10, 47)(11, 41)(12, 45)(13, 44)(14, 43)(15, 42)(16, 
36)(17, 40)(18, 39)(19, 38)(20, 37)(21, 31)(22, 35)(23, 34)(24, 33)(25, 32),  ], [  (1, 24, 18, 12, 6, 5, 23, 17, 11, 10, 4, 22, 16, 15, 9, 3,
21, 20, 14, 8, 2, 25, 19, 13, 7)(26, 49, 43, 37, 31, 30, 48, 42, 36, 35, 29, 47, 41, 40, 34, 28, 46, 45, 39, 33, 27, 50, 44, 38, 32),  (1, 7, 
13, 19, 25, 2, 8, 14, 20, 21, 3, 9, 15, 16, 22, 4, 10, 11, 17, 23, 5, 6, 12, 18, 24)(26, 32, 38, 44, 50, 27, 33, 39, 45, 46, 28, 34, 40, 41, 
47, 29, 35, 36, 42, 48, 30, 31, 37, 43, 49),  ], [  (1, 8, 15, 17, 24, 2, 9, 11, 18, 25, 3, 10, 12, 19, 21, 4, 6, 13, 20, 22, 5, 7, 14, 16, 
23)(26, 33, 40, 42, 49, 27, 34, 36, 43, 50, 28, 35, 37, 44, 46, 29, 31, 38, 45, 47, 30, 32, 39, 41, 48),  (1, 23, 16, 14, 7, 5, 22, 20, 13, 6,
4, 21, 19, 12, 10, 3, 25, 18, 11, 9, 2, 24, 17, 15, 8)(26, 48, 41, 39, 32, 30, 47, 45, 38, 31, 29, 46, 44, 37, 35, 28, 50, 43, 36, 34, 27, 49,
42, 40, 33),  ], [  (1, 7, 13, 19, 25, 2, 8, 14, 20, 21, 3, 9, 15, 16, 22, 4, 10, 11, 17, 23, 5, 6, 12, 18, 24)(26, 32, 38, 44, 50, 27, 33, 
39, 45, 46, 28, 34, 40, 41, 47, 29, 35, 36, 42, 48, 30, 31, 37, 43, 49),  (1, 24, 18, 12, 6, 5, 23, 17, 11, 10, 4, 22, 16, 15, 9, 3, 21, 20, 
14, 8, 2, 25, 19, 13, 7)(26, 49, 43, 37, 31, 30, 48, 42, 36, 35, 29, 47, 41, 40, 34, 28, 46, 45, 39, 33, 27, 50, 44, 38, 32),  ], [  (1, 16, 
7, 22, 13, 4, 19, 10, 25, 11, 2, 17, 8, 23, 14, 5, 20, 6, 21, 12, 3, 18, 9, 24, 15)(26, 41, 32, 47, 38, 29, 44, 35, 50, 36, 27, 42, 33, 48, 
39, 30, 45, 31, 46, 37, 28, 43, 34, 49, 40),  (1, 15, 24, 9, 18, 3, 12, 21, 6, 20, 5, 14, 23, 8, 17, 2, 11, 25, 10, 19, 4, 13, 22, 7, 16)(26, 
40, 49, 34, 43, 28, 37, 46, 31, 45, 30, 39, 48, 33, 42, 27, 36, 50, 35, 44, 29, 38, 47, 32, 41),  ], [  (1, 19, 8, 21, 15, 4, 17, 6, 24, 13, 
2, 20, 9, 22, 11, 5, 18, 7, 25, 14, 3, 16, 10, 23, 12)(26, 44, 33, 46, 40, 29, 42, 31, 49, 38, 27, 45, 34, 47, 36, 30, 43, 32, 50, 39, 28, 41,
35, 48, 37),  (1, 12, 23, 10, 16, 3, 14, 25, 7, 18, 5, 11, 22, 9, 20, 2, 13, 24, 6, 17, 4, 15, 21, 8, 19)(26, 37, 48, 35, 41, 28, 39, 50, 32, 
43, 30, 36, 47, 34, 45, 27, 38, 49, 31, 42, 29, 40, 46, 33, 44),  ], [  (1, 12, 23, 10, 16, 3, 14, 25, 7, 18, 5, 11, 22, 9, 20, 2, 13, 24, 6, 
17, 4, 15, 21, 8, 19)(26, 37, 48, 35, 41, 28, 39, 50, 32, 43, 30, 36, 47, 34, 45, 27, 38, 49, 31, 42, 29, 40, 46, 33, 44),  (1, 19, 8, 21, 15,
4, 17, 6, 24, 13, 2, 20, 9, 22, 11, 5, 18, 7, 25, 14, 3, 16, 10, 23, 12)(26, 44, 33, 46, 40, 29, 42, 31, 49, 38, 27, 45, 34, 47, 36, 30, 43, 
32, 50, 39, 28, 41, 35, 48, 37),  ], [  (1, 23, 16, 14, 7, 5, 22, 20, 13, 6, 4, 21, 19, 12, 10, 3, 25, 18, 11, 9, 2, 24, 17, 15, 8)(26, 48, 
41, 39, 32, 30, 47, 45, 38, 31, 29, 46, 44, 37, 35, 28, 50, 43, 36, 34, 27, 49, 42, 40, 33),  (1, 8, 15, 17, 24, 2, 9, 11, 18, 25, 3, 10, 12, 
19, 21, 4, 6, 13, 20, 22, 5, 7, 14, 16, 23)(26, 33, 40, 42, 49, 27, 34, 36, 43, 50, 28, 35, 37, 44, 46, 29, 31, 38, 45, 47, 30, 32, 39, 41, 
48),  ], [  (1, 15, 24, 9, 18, 3, 12, 21, 6, 20, 5, 14, 23, 8, 17, 2, 11, 25, 10, 19, 4, 13, 22, 7, 16)(26, 40, 49, 34, 43, 28, 37, 46, 31, 
45, 30, 39, 48, 33, 42, 27, 36, 50, 35, 44, 29, 38, 47, 32, 41),  (1, 16, 7, 22, 13, 4, 19, 10, 25, 11, 2, 17, 8, 23, 14, 5, 20, 6, 21, 12, 3,
18, 9, 24, 15)(26, 41, 32, 47, 38, 29, 44, 35, 50, 36, 27, 42, 33, 48, 39, 30, 45, 31, 46, 37, 28, 43, 34, 49, 40),  ], [  (1, 32, 13, 44, 25,
27, 8, 39, 20, 46, 3, 34, 15, 41, 22, 29, 10, 36, 17, 48, 5, 31, 12, 43, 24, 26, 7, 38, 19, 50, 2, 33, 14, 45, 21, 28, 9, 40, 16, 47, 4, 35, 
11, 42, 23, 30, 6, 37, 18, 49),  (1, 32)(2, 31)(3, 35)(4, 34)(5, 33)(6, 27)(7, 26)(8, 30)(9, 29)(10, 28)(11, 46)(12, 50)(13, 49)(14, 48)(15, 
47)(16, 41)(17, 45)(18, 44)(19, 43)(20, 42)(21, 36)(22, 40)(23, 39)(24, 38)(25, 37),  ], [  (1, 48, 16, 39, 7, 30, 22, 45, 13, 31, 4, 46, 19, 
37, 10, 28, 25, 43, 11, 34, 2, 49, 17, 40, 8, 26, 23, 41, 14, 32, 5, 47, 20, 38, 6, 29, 21, 44, 12, 35, 3, 50, 18, 36, 9, 27, 24, 42, 15, 33),
(1, 48)(2, 47)(3, 46)(4, 50)(5, 49)(6, 43)(7, 42)(8, 41)(9, 45)(10, 44)(11, 38)(12, 37)(13, 36)(14, 40)(15, 39)(16, 33)(17, 32)(18, 31)(19, 
35)(20, 34)(21, 28)(22, 27)(23, 26)(24, 30)(25, 29),  ], [  (1, 49, 18, 37, 6, 30, 23, 42, 11, 35, 4, 47, 16, 40, 9, 28, 21, 45, 14, 33, 2, 
50, 19, 38, 7, 26, 24, 43, 12, 31, 5, 48, 17, 36, 10, 29, 22, 41, 15, 34, 3, 46, 20, 39, 8, 27, 25, 44, 13, 32),  (1, 49)(2, 48)(3, 47)(4, 
46)(5, 50)(6, 44)(7, 43)(8, 42)(9, 41)(10, 45)(11, 39)(12, 38)(13, 37)(14, 36)(15, 40)(16, 34)(17, 33)(18, 32)(19, 31)(20, 35)(21, 29)(22, 
28)(23, 27)(24, 26)(25, 30),  ], [  (1, 40, 24, 34, 18, 28, 12, 46, 6, 45, 5, 39, 23, 33, 17, 27, 11, 50, 10, 44, 4, 38, 22, 32, 16, 26, 15, 
49, 9, 43, 3, 37, 21, 31, 20, 30, 14, 48, 8, 42, 2, 36, 25, 35, 19, 29, 13, 47, 7, 41),  (1, 40)(2, 39)(3, 38)(4, 37)(5, 36)(6, 35)(7, 34)(8, 
33)(9, 32)(10, 31)(11, 30)(12, 29)(13, 28)(14, 27)(15, 26)(16, 49)(17, 48)(18, 47)(19, 46)(20, 50)(21, 44)(22, 43)(23, 42)(24, 41)(25, 45),  
], [  (1, 37, 23, 35, 16, 28, 14, 50, 7, 43, 5, 36, 22, 34, 20, 27, 13, 49, 6, 42, 4, 40, 21, 33, 19, 26, 12, 48, 10, 41, 3, 39, 25, 32, 18, 
30, 11, 47, 9, 45, 2, 38, 24, 31, 17, 29, 15, 46, 8, 44),  (1, 37)(2, 36)(3, 40)(4, 39)(5, 38)(6, 32)(7, 31)(8, 35)(9, 34)(10, 33)(11, 27)(12,
26)(13, 30)(14, 29)(15, 28)(16, 46)(17, 50)(18, 49)(19, 48)(20, 47)(21, 41)(22, 45)(23, 44)(24, 43)(25, 42),  ], [  (1, 44, 8, 46, 15, 29, 17,
31, 24, 38, 2, 45, 9, 47, 11, 30, 18, 32, 25, 39, 3, 41, 10, 48, 12, 26, 19, 33, 21, 40, 4, 42, 6, 49, 13, 27, 20, 34, 22, 36, 5, 43, 7, 50, 
14, 28, 16, 35, 23, 37),  (1, 44)(2, 43)(3, 42)(4, 41)(5, 45)(6, 39)(7, 38)(8, 37)(9, 36)(10, 40)(11, 34)(12, 33)(13, 32)(14, 31)(15, 35)(16, 
29)(17, 28)(18, 27)(19, 26)(20, 30)(21, 48)(22, 47)(23, 46)(24, 50)(25, 49),  ], [  (1, 33, 15, 42, 24, 27, 9, 36, 18, 50, 3, 35, 12, 44, 21, 
29, 6, 38, 20, 47, 5, 32, 14, 41, 23, 26, 8, 40, 17, 49, 2, 34, 11, 43, 25, 28, 10, 37, 19, 46, 4, 31, 13, 45, 22, 30, 7, 39, 16, 48),  (1, 
33)(2, 32)(3, 31)(4, 35)(5, 34)(6, 28)(7, 27)(8, 26)(9, 30)(10, 29)(11, 47)(12, 46)(13, 50)(14, 49)(15, 48)(16, 42)(17, 41)(18, 45)(19, 
44)(20, 43)(21, 37)(22, 36)(23, 40)(24, 39)(25, 38),  ], [  (1, 41, 7, 47, 13, 29, 19, 35, 25, 36, 2, 42, 8, 48, 14, 30, 20, 31, 21, 37, 3, 
43, 9, 49, 15, 26, 16, 32, 22, 38, 4, 44, 10, 50, 11, 27, 17, 33, 23, 39, 5, 45, 6, 46, 12, 28, 18, 34, 24, 40),  (1, 41)(2, 45)(3, 44)(4, 
43)(5, 42)(6, 36)(7, 40)(8, 39)(9, 38)(10, 37)(11, 31)(12, 35)(13, 34)(14, 33)(15, 32)(16, 26)(17, 30)(18, 29)(19, 28)(20, 27)(21, 50)(22, 
49)(23, 48)(24, 47)(25, 46),  ], [  (1, 22, 19, 11, 8, 5, 21, 18, 15, 7, 4, 25, 17, 14, 6, 3, 24, 16, 13, 10, 2, 23, 20, 12, 9)(26, 47, 44, 
36, 33, 30, 46, 43, 40, 32, 29, 50, 42, 39, 31, 28, 49, 41, 38, 35, 27, 48, 45, 37, 34),  (1, 9, 12, 20, 23, 2, 10, 13, 16, 24, 3, 6, 14, 17, 
25, 4, 7, 15, 18, 21, 5, 8, 11, 19, 22)(26, 34, 37, 45, 48, 27, 35, 38, 41, 49, 28, 31, 39, 42, 50, 29, 32, 40, 43, 46, 30, 33, 36, 44, 47),  
], [  (1, 6, 11, 16, 21, 2, 7, 12, 17, 22, 3, 8, 13, 18, 23, 4, 9, 14, 19, 24, 5, 10, 15, 20, 25)(26, 31, 36, 41, 46, 27, 32, 37, 42, 47, 28, 
33, 38, 43, 48, 29, 34, 39, 44, 49, 30, 35, 40, 45, 50),  (1, 25, 20, 15, 10, 5, 24, 19, 14, 9, 4, 23, 18, 13, 8, 3, 22, 17, 12, 7, 2, 21, 16,
11, 6)(26, 50, 45, 40, 35, 30, 49, 44, 39, 34, 29, 48, 43, 38, 33, 28, 47, 42, 37, 32, 27, 46, 41, 36, 31),  ], [  (1, 9, 12, 20, 23, 2, 10, 
13, 16, 24, 3, 6, 14, 17, 25, 4, 7, 15, 18, 21, 5, 8, 11, 19, 22)(26, 34, 37, 45, 48, 27, 35, 38, 41, 49, 28, 31, 39, 42, 50, 29, 32, 40, 43, 
46, 30, 33, 36, 44, 47),  (1, 22, 19, 11, 8, 5, 21, 18, 15, 7, 4, 25, 17, 14, 6, 3, 24, 16, 13, 10, 2, 23, 20, 12, 9)(26, 47, 44, 36, 33, 30, 
46, 43, 40, 32, 29, 50, 42, 39, 31, 28, 49, 41, 38, 35, 27, 48, 45, 37, 34),  ], [  (1, 25, 20, 15, 10, 5, 24, 19, 14, 9, 4, 23, 18, 13, 8, 3,
22, 17, 12, 7, 2, 21, 16, 11, 6)(26, 50, 45, 40, 35, 30, 49, 44, 39, 34, 29, 48, 43, 38, 33, 28, 47, 42, 37, 32, 27, 46, 41, 36, 31),  (1, 6, 
11, 16, 21, 2, 7, 12, 17, 22, 3, 8, 13, 18, 23, 4, 9, 14, 19, 24, 5, 10, 15, 20, 25)(26, 31, 36, 41, 46, 27, 32, 37, 42, 47, 28, 33, 38, 43, 
48, 29, 34, 39, 44, 49, 30, 35, 40, 45, 50),  ], [  (1, 34, 12, 45, 23, 27, 10, 38, 16, 49, 3, 31, 14, 42, 25, 29, 7, 40, 18, 46, 5, 33, 11, 
44, 22, 26, 9, 37, 20, 48, 2, 35, 13, 41, 24, 28, 6, 39, 17, 50, 4, 32, 15, 43, 21, 30, 8, 36, 19, 47),  (1, 34)(2, 33)(3, 32)(4, 31)(5, 
35)(6, 29)(7, 28)(8, 27)(9, 26)(10, 30)(11, 48)(12, 47)(13, 46)(14, 50)(15, 49)(16, 43)(17, 42)(18, 41)(19, 45)(20, 44)(21, 38)(22, 37)(23, 
36)(24, 40)(25, 39),  ], [  (1, 50, 20, 40, 10, 30, 24, 44, 14, 34, 4, 48, 18, 38, 8, 28, 22, 42, 12, 32, 2, 46, 16, 36, 6, 26, 25, 45, 15, 
35, 5, 49, 19, 39, 9, 29, 23, 43, 13, 33, 3, 47, 17, 37, 7, 27, 21, 41, 11, 31),  (1, 50)(2, 49)(3, 48)(4, 47)(5, 46)(6, 45)(7, 44)(8, 43)(9, 
42)(10, 41)(11, 40)(12, 39)(13, 38)(14, 37)(15, 36)(16, 35)(17, 34)(18, 33)(19, 32)(20, 31)(21, 30)(22, 29)(23, 28)(24, 27)(25, 26),  ], [  
(1, 47, 19, 36, 8, 30, 21, 43, 15, 32, 4, 50, 17, 39, 6, 28, 24, 41, 13, 35, 2, 48, 20, 37, 9, 26, 22, 44, 11, 33, 5, 46, 18, 40, 7, 29, 25, 
42, 14, 31, 3, 49, 16, 38, 10, 27, 23, 45, 12, 34),  (1, 47)(2, 46)(3, 50)(4, 49)(5, 48)(6, 42)(7, 41)(8, 45)(9, 44)(10, 43)(11, 37)(12, 
36)(13, 40)(14, 39)(15, 38)(16, 32)(17, 31)(18, 35)(19, 34)(20, 33)(21, 27)(22, 26)(23, 30)(24, 29)(25, 28),  ], [  (1, 31, 11, 41, 21, 27, 7,
37, 17, 47, 3, 33, 13, 43, 23, 29, 9, 39, 19, 49, 5, 35, 15, 45, 25, 26, 6, 36, 16, 46, 2, 32, 12, 42, 22, 28, 8, 38, 18, 48, 4, 34, 14, 44, 
24, 30, 10, 40, 20, 50),  (1, 31)(2, 35)(3, 34)(4, 33)(5, 32)(6, 26)(7, 30)(8, 29)(9, 28)(10, 27)(11, 50)(12, 49)(13, 48)(14, 47)(15, 46)(16, 
45)(17, 44)(18, 43)(19, 42)(20, 41)(21, 40)(22, 39)(23, 38)(24, 37)(25, 36),  ], ]
);

BRACES[50].brace[3] := rec ( size := 50, perms := [ [  (),  (),  ], [  (1, 26)(2, 27)(3, 28)(4, 29)(5, 30)(6, 31)(7, 32)(8, 33)(9, 34)(10, 
35)(11, 36)(12, 37)(13, 38)(14, 39)(15, 40)(16, 41)(17, 42)(18, 43)(19, 44)(20, 45)(21, 46)(22, 47)(23, 48)(24, 49)(25, 50),  (1, 26)(2, 
27)(3, 28)(4, 29)(5, 30)(6, 31)(7, 32)(8, 33)(9, 34)(10, 35)(11, 36)(12, 37)(13, 38)(14, 39)(15, 40)(16, 41)(17, 42)(18, 43)(19, 44)(20, 
45)(21, 46)(22, 47)(23, 48)(24, 49)(25, 50),  ], [  (1, 17, 9, 25, 12, 4, 20, 7, 23, 15, 2, 18, 10, 21, 13, 5, 16, 8, 24, 11, 3, 19, 6, 22, 
14)(26, 42, 34, 50, 37, 29, 45, 32, 48, 40, 27, 43, 35, 46, 38, 30, 41, 33, 49, 36, 28, 44, 31, 47, 39),  (1, 11, 23, 8, 19, 3, 13, 25, 10, 
16, 5, 15, 22, 7, 18, 2, 12, 24, 9, 20, 4, 14, 21, 6, 17)(26, 36, 48, 33, 44, 28, 38, 50, 35, 41, 30, 40, 47, 32, 43, 27, 37, 49, 34, 45, 29, 
