BRACES[106] := rec( total := -1, implemented := 2, size := 106, brace := [] );BRACES[106].brace[1] := rec ( size := 106, perms := [ [  (),  
(),  ], [  (1, 54)(2, 55)(3, 56)(4, 57)(5, 58)(6, 59)(7, 60)(8, 61)(9, 62)(10, 63)(11, 64)(12, 65)(13, 66)(14, 67)(15, 68)(16, 69)(17, 70)(18,
71)(19, 72)(20, 73)(21, 74)(22, 75)(23, 76)(24, 77)(25, 78)(26, 79)(27, 80)(28, 81)(29, 82)(30, 83)(31, 84)(32, 85)(33, 86)(34, 87)(35, 
88)(36, 89)(37, 90)(38, 91)(39, 92)(40, 93)(41, 94)(42, 95)(43, 96)(44, 97)(45, 98)(46, 99)(47, 100)(48, 101)(49, 102)(50, 103)(51, 104)(52, 
105)(53, 106),  (1, 54)(2, 55)(3, 56)(4, 57)(5, 58)(6, 59)(7, 60)(8, 61)(9, 62)(10, 63)(11, 64)(12, 65)(13, 66)(14, 67)(15, 68)(16, 69)(17, 
70)(18, 71)(19, 72)(20, 73)(21, 74)(22, 75)(23, 76)(24, 77)(25, 78)(26, 79)(27, 80)(28, 81)(29, 82)(30, 83)(31, 84)(32, 85)(33, 86)(34, 
87)(35, 88)(36, 89)(37, 90)(38, 91)(39, 92)(40, 93)(41, 94)(42, 95)(43, 96)(44, 97)(45, 98)(46, 99)(47, 100)(48, 101)(49, 102)(50, 103)(51, 
104)(52, 105)(53, 106),  ], [  (1, 35, 16, 50, 31, 12, 46, 27, 8, 42, 23, 4, 38, 19, 53, 34, 15, 49, 30, 11, 45, 26, 7, 41, 22, 3, 37, 18, 52,
33, 14, 48, 29, 10, 44, 25, 6, 40, 21, 2, 36, 17, 51, 32, 13, 47, 28, 9, 43, 24, 5, 39, 20)(54, 88, 69, 103, 84, 65, 99, 80, 61, 95, 76, 57, 
91, 72, 106, 87, 68, 102, 83, 64, 98, 79, 60, 94, 75, 56, 90, 71, 105, 86, 67, 101, 82, 63, 97, 78, 59, 93, 74, 55, 89, 70, 104, 85, 66, 100, 
81, 62, 96, 77, 58, 92, 73),  (1, 20, 39, 5, 24, 43, 9, 28, 47, 13, 32, 51, 17, 36, 2, 21, 40, 6, 25, 44, 10, 29, 48, 14, 33, 52, 18, 37, 3, 
22, 41, 7, 26, 45, 11, 30, 49, 15, 34, 53, 19, 38, 4, 23, 42, 8, 27, 46, 12, 31, 50, 16, 35)(54, 73, 92, 58, 77, 96, 62, 81, 100, 66, 85, 104,
70, 89, 55, 74, 93, 59, 78, 97, 63, 82, 101, 67, 86, 105, 71, 90, 56, 75, 94, 60, 79, 98, 64, 83, 102, 68, 87, 106, 72, 91, 57, 76, 95, 61, 
80, 99, 65, 84, 103, 69, 88),  ], [  (1, 20, 39, 5, 24, 43, 9, 28, 47, 13, 32, 51, 17, 36, 2, 21, 40, 6, 25, 44, 10, 29, 48, 14, 33, 52, 18, 
37, 3, 22, 41, 7, 26, 45, 11, 30, 49, 15, 34, 53, 19, 38, 4, 23, 42, 8, 27, 46, 12, 31, 50, 16, 35)(54, 73, 92, 58, 77, 96, 62, 81, 100, 66, 
85, 104, 70, 89, 55, 74, 93, 59, 78, 97, 63, 82, 101, 67, 86, 105, 71, 90, 56, 75, 94, 60, 79, 98, 64, 83, 102, 68, 87, 106, 72, 91, 57, 76, 
95, 61, 80, 99, 65, 84, 103, 69, 88),  (1, 35, 16, 50, 31, 12, 46, 27, 8, 42, 23, 4, 38, 19, 53, 34, 15, 49, 30, 11, 45, 26, 7, 41, 22, 3, 37,
18, 52, 33, 14, 48, 29, 10, 44, 25, 6, 40, 21, 2, 36, 17, 51, 32, 13, 47, 28, 9, 43, 24, 5, 39, 20)(54, 88, 69, 103, 84, 65, 99, 80, 61, 95, 
76, 57, 91, 72, 106, 87, 68, 102, 83, 64, 98, 79, 60, 94, 75, 56, 90, 71, 105, 86, 67, 101, 82, 63, 97, 78, 59, 93, 74, 55, 89, 70, 104, 85, 
66, 100, 81, 62, 96, 77, 58, 92, 73),  ], [  (1, 88, 16, 103, 31, 65, 46, 80, 8, 95, 23, 57, 38, 72, 53, 87, 15, 102, 30, 64, 45, 79, 7, 94, 
22, 56, 37, 71, 52, 86, 14, 101, 29, 63, 44, 78, 6, 93, 21, 55, 36, 70, 51, 85, 13, 100, 28, 62, 43, 77, 5, 92, 20, 54, 35, 69, 50, 84, 12, 
99, 27, 61, 42, 76, 4, 91, 19, 106, 34, 68, 49, 83, 11, 98, 26, 60, 41, 75, 3, 90, 18, 105, 33, 67, 48, 82, 10, 97, 25, 59, 40, 74, 2, 89, 17,
104, 32, 66, 47, 81, 9, 96, 24, 58, 39, 73),  (1, 73, 39, 58, 24, 96, 9, 81, 47, 66, 32, 104, 17, 89, 2, 74, 40, 59, 25, 97, 10, 82, 48, 67, 
33, 105, 18, 90, 3, 75, 41, 60, 26, 98, 11, 83, 49, 68, 34, 106, 19, 91, 4, 76, 42, 61, 27, 99, 12, 84, 50, 69, 35, 54, 20, 92, 5, 77, 43, 62,
28, 100, 13, 85, 51, 70, 36, 55, 21, 93, 6, 78, 44, 63, 29, 101, 14, 86, 52, 71, 37, 56, 22, 94, 7, 79, 45, 64, 30, 102, 15, 87, 53, 72, 38, 
57, 23, 95, 8, 80, 46, 65, 31, 103, 16, 88),  ], [  (1, 73, 39, 58, 24, 96, 9, 81, 47, 66, 32, 104, 17, 89, 2, 74, 40, 59, 25, 97, 10, 82, 48,
67, 33, 105, 18, 90, 3, 75, 41, 60, 26, 98, 11, 83, 49, 68, 34, 106, 19, 91, 4, 76, 42, 61, 27, 99, 12, 84, 50, 69, 35, 54, 20, 92, 5, 77, 43,
62, 28, 100, 13, 85, 51, 70, 36, 55, 21, 93, 6, 78, 44, 63, 29, 101, 14, 86, 52, 71, 37, 56, 22, 94, 7, 79, 45, 64, 30, 102, 15, 87, 53, 72, 
38, 57, 23, 95, 8, 80, 46, 65, 31, 103, 16, 88),  (1, 88, 16, 103, 31, 65, 46, 80, 8, 95, 23, 57, 38, 72, 53, 87, 15, 102, 30, 64, 45, 79, 7, 
94, 22, 56, 37, 71, 52, 86, 14, 101, 29, 63, 44, 78, 6, 93, 21, 55, 36, 70, 51, 85, 13, 100, 28, 62, 43, 77, 5, 92, 20, 54, 35, 69, 50, 84, 
12, 99, 27, 61, 42, 76, 4, 91, 19, 106, 34, 68, 49, 83, 11, 98, 26, 60, 41, 75, 3, 90, 18, 105, 33, 67, 48, 82, 10, 97, 25, 59, 40, 74, 2, 89,
17, 104, 32, 66, 47, 81, 9, 96, 24, 58, 39, 73),  ], [  (1, 16, 31, 46, 8, 23, 38, 53, 15, 30, 45, 7, 22, 37, 52, 14, 29, 44, 6, 21, 36, 51, 
13, 28, 43, 5, 20, 35, 50, 12, 27, 42, 4, 19, 34, 49, 11, 26, 41, 3, 18, 33, 48, 10, 25, 40, 2, 17, 32, 47, 9, 24, 39)(54, 69, 84, 99, 61, 76,
91, 106, 68, 83, 98, 60, 75, 90, 105, 67, 82, 97, 59, 74, 89, 104, 66, 81, 96, 58, 73, 88, 103, 65, 80, 95, 57, 72, 87, 102, 64, 79, 94, 56, 
71, 86, 101, 63, 78, 93, 55, 70, 85, 100, 62, 77, 92),  (1, 39, 24, 9, 47, 32, 17, 2, 40, 25, 10, 48, 33, 18, 3, 41, 26, 11, 49, 34, 19, 4, 
42, 27, 12, 50, 35, 20, 5, 43, 28, 13, 51, 36, 21, 6, 44, 29, 14, 52, 37, 22, 7, 45, 30, 15, 53, 38, 23, 8, 46, 31, 16)(54, 92, 77, 62, 100, 
85, 70, 55, 93, 78, 63, 101, 86, 71, 56, 94, 79, 64, 102, 87, 72, 57, 95, 80, 65, 103, 88, 73, 58, 96, 81, 66, 104, 89, 74, 59, 97, 82, 67, 
105, 90, 75, 60, 98, 83, 68, 106, 91, 76, 61, 99, 84, 69),  ], [  (1, 39, 24, 9, 47, 32, 17, 2, 40, 25, 10, 48, 33, 18, 3, 41, 26, 11, 49, 34,
19, 4, 42, 27, 12, 50, 35, 20, 5, 43, 28, 13, 51, 36, 21, 6, 44, 29, 14, 52, 37, 22, 7, 45, 30, 15, 53, 38, 23, 8, 46, 31, 16)(54, 92, 77, 62,
100, 85, 70, 55, 93, 78, 63, 101, 86, 71, 56, 94, 79, 64, 102, 87, 72, 57, 95, 80, 65, 103, 88, 73, 58, 96, 81, 66, 104, 89, 74, 59, 97, 82, 
67, 105, 90, 75, 60, 98, 83, 68, 106, 91, 76, 61, 99, 84, 69),  (1, 16, 31, 46, 8, 23, 38, 53, 15, 30, 45, 7, 22, 37, 52, 14, 29, 44, 6, 21, 
36, 51, 13, 28, 43, 5, 20, 35, 50, 12, 27, 42, 4, 19, 34, 49, 11, 26, 41, 3, 18, 33, 48, 10, 25, 40, 2, 17, 32, 47, 9, 24, 39)(54, 69, 84, 99,
61, 76, 91, 106, 68, 83, 98, 60, 75, 90, 105, 67, 82, 97, 59, 74, 89, 104, 66, 81, 96, 58, 73, 88, 103, 65, 80, 95, 57, 72, 87, 102, 64, 79, 
94, 56, 71, 86, 101, 63, 78, 93, 55, 70, 85, 100, 62, 77, 92),  ], [  (1, 69, 31, 99, 8, 76, 38, 106, 15, 83, 45, 60, 22, 90, 52, 67, 29, 97, 
6, 74, 36, 104, 13, 81, 43, 58, 20, 88, 50, 65, 27, 95, 4, 72, 34, 102, 11, 79, 41, 56, 18, 86, 48, 63, 25, 93, 2, 70, 32, 100, 9, 77, 39, 54,
16, 84, 46, 61, 23, 91, 53, 68, 30, 98, 7, 75, 37, 105, 14, 82, 44, 59, 21, 89, 51, 66, 28, 96, 5, 73, 35, 103, 12, 80, 42, 57, 19, 87, 49, 
64, 26, 94, 3, 71, 33, 101, 10, 78, 40, 55, 17, 85, 47, 62, 24, 92),  (1, 92, 24, 62, 47, 85, 17, 55, 40, 78, 10, 101, 33, 71, 3, 94, 26, 64, 
49, 87, 19, 57, 42, 80, 12, 103, 35, 73, 5, 96, 28, 66, 51, 89, 21, 59, 44, 82, 14, 105, 37, 75, 7, 98, 30, 68, 53, 91, 23, 61, 46, 84, 16, 
54, 39, 77, 9, 100, 32, 70, 2, 93, 25, 63, 48, 86, 18, 56, 41, 79, 11, 102, 34, 72, 4, 95, 27, 65, 50, 88, 20, 58, 43, 81, 13, 104, 36, 74, 6,
97, 29, 67, 52, 90, 22, 60, 45, 83, 15, 106, 38, 76, 8, 99, 31, 69),  ], [  (1, 92, 24, 62, 47, 85, 17, 55, 40, 78, 10, 101, 33, 71, 3, 94, 
26, 64, 49, 87, 19, 57, 42, 80, 12, 103, 35, 73, 5, 96, 28, 66, 51, 89, 21, 59, 44, 82, 14, 105, 37, 75, 7, 98, 30, 68, 53, 91, 23, 61, 46, 
84, 16, 54, 39, 77, 9, 100, 32, 70, 2, 93, 25, 63, 48, 86, 18, 56, 41, 79, 11, 102, 34, 72, 4, 95, 27, 65, 50, 88, 20, 58, 43, 81, 13, 104, 
36, 74, 6, 97, 29, 67, 52, 90, 22, 60, 45, 83, 15, 106, 38, 76, 8, 99, 31, 69),  (1, 69, 31, 99, 8, 76, 38, 106, 15, 83, 45, 60, 22, 90, 52, 
67, 29, 97, 6, 74, 36, 104, 13, 81, 43, 58, 20, 88, 50, 65, 27, 95, 4, 72, 34, 102, 11, 79, 41, 56, 18, 86, 48, 63, 25, 93, 2, 70, 32, 100, 9,
77, 39, 54, 16, 84, 46, 61, 23, 91, 53, 68, 30, 98, 7, 75, 37, 105, 14, 82, 44, 59, 21, 89, 51, 66, 28, 96, 5, 73, 35, 103, 12, 80, 42, 57, 
19, 87, 49, 64, 26, 94, 3, 71, 33, 101, 10, 78, 40, 55, 17, 85, 47, 62, 24, 92),  ], [  (1, 50, 46, 42, 38, 34, 30, 26, 22, 18, 14, 10, 6, 2, 
51, 47, 43, 39, 35, 31, 27, 23, 19, 15, 11, 7, 3, 52, 48, 44, 40, 36, 32, 28, 24, 20, 16, 12, 8, 4, 53, 49, 45, 41, 37, 33, 29, 25, 21, 17, 
13, 9, 5)(54, 103, 99, 95, 91, 87, 83, 79, 75, 71, 67, 63, 59, 55, 104, 100, 96, 92, 88, 84, 80, 76, 72, 68, 64, 60, 56, 105, 101, 97, 93, 89,
85, 81, 77, 73, 69, 65, 61, 57, 106, 102, 98, 94, 90, 86, 82, 78, 74, 70, 66, 62, 58),  (1, 5, 9, 13, 17, 21, 25, 29, 33, 37, 41, 45, 49, 53, 
4, 8, 12, 16, 20, 24, 28, 32, 36, 40, 44, 48, 52, 3, 7, 11, 15, 19, 23, 27, 31, 35, 39, 43, 47, 51, 2, 6, 10, 14, 18, 22, 26, 30, 34, 38, 42, 
46, 50)(54, 58, 62, 66, 70, 74, 78, 82, 86, 90, 94, 98, 102, 106, 57, 61, 65, 69, 73, 77, 81, 85, 89, 93, 97, 101, 105, 56, 60, 64, 68, 72, 
76, 80, 84, 88, 92, 96, 100, 104, 55, 59, 63, 67, 71, 75, 79, 83, 87, 91, 95, 99, 103),  ], [  (1, 5, 9, 13, 17, 21, 25, 29, 33, 37, 41, 45, 
49, 53, 4, 8, 12, 16, 20, 24, 28, 32, 36, 40, 44, 48, 52, 3, 7, 11, 15, 19, 23, 27, 31, 35, 39, 43, 47, 51, 2, 6, 10, 14, 18, 22, 26, 30, 34, 
38, 42, 46, 50)(54, 58, 62, 66, 70, 74, 78, 82, 86, 90, 94, 98, 102, 106, 57, 61, 65, 69, 73, 77, 81, 85, 89, 93, 97, 101, 105, 56, 60, 64, 
68, 72, 76, 80, 84, 88, 92, 96, 100, 104, 55, 59, 63, 67, 71, 75, 79, 83, 87, 91, 95, 99, 103),  (1, 50, 46, 42, 38, 34, 30, 26, 22, 18, 14, 
10, 6, 2, 51, 47, 43, 39, 35, 31, 27, 23, 19, 15, 11, 7, 3, 52, 48, 44, 40, 36, 32, 28, 24, 20, 16, 12, 8, 4, 53, 49, 45, 41, 37, 33, 29, 25, 
21, 17, 13, 9, 5)(54, 103, 99, 95, 91, 87, 83, 79, 75, 71, 67, 63, 59, 55, 104, 100, 96, 92, 88, 84, 80, 76, 72, 68, 64, 60, 56, 105, 101, 97,
93, 89, 85, 81, 77, 73, 69, 65, 61, 57, 106, 102, 98, 94, 90, 86, 82, 78, 74, 70, 66, 62, 58),  ], [  (1, 103, 46, 95, 38, 87, 30, 79, 22, 71,
14, 63, 6, 55, 51, 100, 43, 92, 35, 84, 27, 76, 19, 68, 11, 60, 3, 105, 48, 97, 40, 89, 32, 81, 24, 73, 16, 65, 8, 57, 53, 102, 45, 94, 37, 
86, 29, 78, 21, 70, 13, 62, 5, 54, 50, 99, 42, 91, 34, 83, 26, 75, 18, 67, 10, 59, 2, 104, 47, 96, 39, 88, 31, 80, 23, 72, 15, 64, 7, 56, 52, 
101, 44, 93, 36, 85, 28, 77, 20, 69, 12, 61, 4, 106, 49, 98, 41, 90, 33, 82, 25, 74, 17, 66, 9, 58),  (1, 58, 9, 66, 17, 74, 25, 82, 33, 90, 
41, 98, 49, 106, 4, 61, 12, 69, 20, 77, 28, 85, 36, 93, 44, 101, 52, 56, 7, 64, 15, 72, 23, 80, 31, 88, 39, 96, 47, 104, 2, 59, 10, 67, 18, 
75, 26, 83, 34, 91, 42, 99, 50, 54, 5, 62, 13, 70, 21, 78, 29, 86, 37, 94, 45, 102, 53, 57, 8, 65, 16, 73, 24, 81, 32, 89, 40, 97, 48, 105, 3,
60, 11, 68, 19, 76, 27, 84, 35, 92, 43, 100, 51, 55, 6, 63, 14, 71, 22, 79, 30, 87, 38, 95, 46, 103),  ], [  (1, 58, 9, 66, 17, 74, 25, 82, 
33, 90, 41, 98, 49, 106, 4, 61, 12, 69, 20, 77, 28, 85, 36, 93, 44, 101, 52, 56, 7, 64, 15, 72, 23, 80, 31, 88, 39, 96, 47, 104, 2, 59, 10, 
67, 18, 75, 26, 83, 34, 91, 42, 99, 50, 54, 5, 62, 13, 70, 21, 78, 29, 86, 37, 94, 45, 102, 53, 57, 8, 65, 16, 73, 24, 81, 32, 89, 40, 97, 48,
105, 3, 60, 11, 68, 19, 76, 27, 84, 35, 92, 43, 100, 51, 55, 6, 63, 14, 71, 22, 79, 30, 87, 38, 95, 46, 103),  (1, 103, 46, 95, 38, 87, 30, 
79, 22, 71, 14, 63, 6, 55, 51, 100, 43, 92, 35, 84, 27, 76, 19, 68, 11, 60, 3, 105, 48, 97, 40, 89, 32, 81, 24, 73, 16, 65, 8, 57, 53, 102, 
45, 94, 37, 86, 29, 78, 21, 70, 13, 62, 5, 54, 50, 99, 42, 91, 34, 83, 26, 75, 18, 67, 10, 59, 2, 104, 47, 96, 39, 88, 31, 80, 23, 72, 15, 64,
7, 56, 52, 101, 44, 93, 36, 85, 28, 77, 20, 69, 12, 61, 4, 106, 49, 98, 41, 90, 33, 82, 25, 74, 17, 66, 9, 58),  ], [  (1, 31, 8, 38, 15, 45, 
22, 52, 29, 6, 36, 13, 43, 20, 50, 27, 4, 34, 11, 41, 18, 48, 25, 2, 32, 9, 39, 16, 46, 23, 53, 30, 7, 37, 14, 44, 21, 51, 28, 5, 35, 12, 42, 
19, 49, 26, 3, 33, 10, 40, 17, 47, 24)(54, 84, 61, 91, 68, 98, 75, 105, 82, 59, 89, 66, 96, 73, 103, 80, 57, 87, 64, 94, 71, 101, 78, 55, 85, 
62, 92, 69, 99, 76, 106, 83, 60, 90, 67, 97, 74, 104, 81, 58, 88, 65, 95, 72, 102, 79, 56, 86, 63, 93, 70, 100, 77),  (1, 24, 47, 17, 40, 10, 
33, 3, 26, 49, 19, 42, 12, 35, 5, 28, 51, 21, 44, 14, 37, 7, 30, 53, 23, 46, 16, 39, 9, 32, 2, 25, 48, 18, 41, 11, 34, 4, 27, 50, 20, 43, 13, 
36, 6, 29, 52, 22, 45, 15, 38, 8, 31)(54, 77, 100, 70, 93, 63, 86, 56, 79, 102, 72, 95, 65, 88, 58, 81, 104, 74, 97, 67, 90, 60, 83, 106, 76, 
99, 69, 92, 62, 85, 55, 78, 101, 71, 94, 64, 87, 57, 80, 103, 73, 96, 66, 89, 59, 82, 105, 75, 98, 68, 91, 61, 84),  ], [  (1, 24, 47, 17, 40,
10, 33, 3, 26, 49, 19, 42, 12, 35, 5, 28, 51, 21, 44, 14, 37, 7, 30, 53, 23, 46, 16, 39, 9, 32, 2, 25, 48, 18, 41, 11, 34, 4, 27, 50, 20, 43, 
13, 36, 6, 29, 52, 22, 45, 15, 38, 8, 31)(54, 77, 100, 70, 93, 63, 86, 56, 79, 102, 72, 95, 65, 88, 58, 81, 104, 74, 97, 67, 90, 60, 83, 106, 
76, 99, 69, 92, 62, 85, 55, 78, 101, 71, 94, 64, 87, 57, 80, 103, 73, 96, 66, 89, 59, 82, 105, 75, 98, 68, 91, 61, 84),  (1, 31, 8, 38, 15, 
45, 22, 52, 29, 6, 36, 13, 43, 20, 50, 27, 4, 34, 11, 41, 18, 48, 25, 2, 32, 9, 39, 16, 46, 23, 53, 30, 7, 37, 14, 44, 21, 51, 28, 5, 35, 12, 
42, 19, 49, 26, 3, 33, 10, 40, 17, 47, 24)(54, 84, 61, 91, 68, 98, 75, 105, 82, 59, 89, 66, 96, 73, 103, 80, 57, 87, 64, 94, 71, 101, 78, 55, 
85, 62, 92, 69, 99, 76, 106, 83, 60, 90, 67, 97, 74, 104, 81, 58, 88, 65, 95, 72, 102, 79, 56, 86, 63, 93, 70, 100, 77),  ], [  (1, 84, 8, 91,
15, 98, 22, 105, 29, 59, 36, 66, 43, 73, 50, 80, 4, 87, 11, 94, 18, 101, 25, 55, 32, 62, 39, 69, 46, 76, 53, 83, 7, 90, 14, 97, 21, 104, 28, 
58, 35, 65, 42, 72, 49, 79, 3, 86, 10, 93, 17, 100, 24, 54, 31, 61, 38, 68, 45, 75, 52, 82, 6, 89, 13, 96, 20, 103, 27, 57, 34, 64, 41, 71, 
48, 78, 2, 85, 9, 92, 16, 99, 23, 106, 30, 60, 37, 67, 44, 74, 51, 81, 5, 88, 12, 95, 19, 102, 26, 56, 33, 63, 40, 70, 47, 77),  (1, 77, 47, 
70, 40, 63, 33, 56, 26, 102, 19, 95, 12, 88, 5, 81, 51, 74, 44, 67, 37, 60, 30, 106, 23, 99, 16, 92, 9, 85, 2, 78, 48, 71, 41, 64, 34, 57, 27,
103, 20, 96, 13, 89, 6, 82, 52, 75, 45, 68, 38, 61, 31, 54, 24, 100, 17, 93, 10, 86, 3, 79, 49, 72, 42, 65, 35, 58, 28, 104, 21, 97, 14, 90, 
7, 83, 53, 76, 46, 69, 39, 62, 32, 55, 25, 101, 18, 94, 11, 87, 4, 80, 50, 73, 43, 66, 36, 59, 29, 105, 22, 98, 15, 91, 8, 84),  ], [  (1, 77,
47, 70, 40, 63, 33, 56, 26, 102, 19, 95, 12, 88, 5, 81, 51, 74, 44, 67, 37, 60, 30, 106, 23, 99, 16, 92, 9, 85, 2, 78, 48, 71, 41, 64, 34, 57,
27, 103, 20, 96, 13, 89, 6, 82, 52, 75, 45, 68, 38, 61, 31, 54, 24, 100, 17, 93, 10, 86, 3, 79, 49, 72, 42, 65, 35, 58, 28, 104, 21, 97, 14, 
90, 7, 83, 53, 76, 46, 69, 39, 62, 32, 55, 25, 101, 18, 94, 11, 87, 4, 80, 50, 73, 43, 66, 36, 59, 29, 105, 22, 98, 15, 91, 8, 84),  (1, 84, 
8, 91, 15, 98, 22, 105, 29, 59, 36, 66, 43, 73, 50, 80, 4, 87, 11, 94, 18, 101, 25, 55, 32, 62, 39, 69, 46, 76, 53, 83, 7, 90, 14, 97, 21, 
104, 28, 58, 35, 65, 42, 72, 49, 79, 3, 86, 10, 93, 17, 100, 24, 54, 31, 61, 38, 68, 45, 75, 52, 82, 6, 89, 13, 96, 20, 103, 27, 57, 34, 64, 
41, 71, 48, 78, 2, 85, 9, 92, 16, 99, 23, 106, 30, 60, 37, 67, 44, 74, 51, 81, 5, 88, 12, 95, 19, 102, 26, 56, 33, 63, 40, 70, 47, 77),  ], [ 
(1, 12, 23, 34, 45, 3, 14, 25, 36, 47, 5, 16, 27, 38, 49, 7, 18, 29, 40, 51, 9, 20, 31, 42, 53, 11, 22, 33, 44, 2, 13, 24, 35, 46, 4, 15, 26, 
37, 48, 6, 17, 28, 39, 50, 8, 19, 30, 41, 52, 10, 21, 32, 43)(54, 65, 76, 87, 98, 56, 67, 78, 89, 100, 58, 69, 80, 91, 102, 60, 71, 82, 93, 
104, 62, 73, 84, 95, 106, 64, 75, 86, 97, 55, 66, 77, 88, 99, 57, 68, 79, 90, 101, 59, 70, 81, 92, 103, 61, 72, 83, 94, 105, 63, 74, 85, 96), 
(1, 43, 32, 21, 10, 52, 41, 30, 19, 8, 50, 39, 28, 17, 6, 48, 37, 26, 15, 4, 46, 35, 24, 13, 2, 44, 33, 22, 11, 53, 42, 31, 20, 9, 51, 40, 29,
18, 7, 49, 38, 27, 16, 5, 47, 36, 25, 14, 3, 45, 34, 23, 12)(54, 96, 85, 74, 63, 105, 94, 83, 72, 61, 103, 92, 81, 70, 59, 101, 90, 79, 68, 
57, 99, 88, 77, 66, 55, 97, 86, 75, 64, 106, 95, 84, 73, 62, 104, 93, 82, 71, 60, 102, 91, 80, 69, 58, 100, 89, 78, 67, 56, 98, 87, 76, 65),  
], [  (1, 43, 32, 21, 10, 52, 41, 30, 19, 8, 50, 39, 28, 17, 6, 48, 37, 26, 15, 4, 46, 35, 24, 13, 2, 44, 33, 22, 11, 53, 42, 31, 20, 9, 51, 
40, 29, 18, 7, 49, 38, 27, 16, 5, 47, 36, 25, 14, 3, 45, 34, 23, 12)(54, 96, 85, 74, 63, 105, 94, 83, 72, 61, 103, 92, 81, 70, 59, 101, 90, 
79, 68, 57, 99, 88, 77, 66, 55, 97, 86, 75, 64, 106, 95, 84, 73, 62, 104, 93, 82, 71, 60, 102, 91, 80, 69, 58, 100, 89, 78, 67, 56, 98, 87, 
76, 65),  (1, 12, 23, 34, 45, 3, 14, 25, 36, 47, 5, 16, 27, 38, 49, 7, 18, 29, 40, 51, 9, 20, 31, 42, 53, 11, 22, 33, 44, 2, 13, 24, 35, 46, 
4, 15, 26, 37, 48, 6, 17, 28, 39, 50, 8, 19, 30, 41, 52, 10, 21, 32, 43)(54, 65, 76, 87, 98, 56, 67, 78, 89, 100, 58, 69, 80, 91, 102, 60, 71,
82, 93, 104, 62, 73, 84, 95, 106, 64, 75, 86, 97, 55, 66, 77, 88, 99, 57, 68, 79, 90, 101, 59, 70, 81, 92, 103, 61, 72, 83, 94, 105, 63, 74, 
85, 96),  ], [  (1, 65, 23, 87, 45, 56, 14, 78, 36, 100, 5, 69, 27, 91, 49, 60, 18, 82, 40, 104, 9, 73, 31, 95, 53, 64, 22, 86, 44, 55, 13, 
77, 35, 99, 4, 68, 26, 90, 48, 59, 17, 81, 39, 103, 8, 72, 30, 94, 52, 63, 21, 85, 43, 54, 12, 76, 34, 98, 3, 67, 25, 89, 47, 58, 16, 80, 38, 
102, 7, 71, 29, 93, 51, 62, 20, 84, 42, 106, 11, 75, 33, 97, 2, 66, 24, 88, 46, 57, 15, 79, 37, 101, 6, 70, 28, 92, 50, 61, 19, 83, 41, 105, 
10, 74, 32, 96),  (1, 96, 32, 74, 10, 105, 41, 83, 19, 61, 50, 92, 28, 70, 6, 101, 37, 79, 15, 57, 46, 88, 24, 66, 2, 97, 33, 75, 11, 106, 42,
84, 20, 62, 51, 93, 29, 71, 7, 102, 38, 80, 16, 58, 47, 89, 25, 67, 3, 98, 34, 76, 12, 54, 43, 85, 21, 63, 52, 94, 30, 72, 8, 103, 39, 81, 17,
59, 48, 90, 26, 68, 4, 99, 35, 77, 13, 55, 44, 86, 22, 64, 53, 95, 31, 73, 9, 104, 40, 82, 18, 60, 49, 91, 27, 69, 5, 100, 36, 78, 14, 56, 45,
87, 23, 65),  ], [  (1, 96, 32, 74, 10, 105, 41, 83, 19, 61, 50, 92, 28, 70, 6, 101, 37, 79, 15, 57, 46, 88, 24, 66, 2, 97, 33, 75, 11, 106, 
42, 84, 20, 62, 51, 93, 29, 71, 7, 102, 38, 80, 16, 58, 47, 89, 25, 67, 3, 98, 34, 76, 12, 54, 43, 85, 21, 63, 52, 94, 30, 72, 8, 103, 39, 81,
17, 59, 48, 90, 26, 68, 4, 99, 35, 77, 13, 55, 44, 86, 22, 64, 53, 95, 31, 73, 9, 104, 40, 82, 18, 60, 49, 91, 27, 69, 5, 100, 36, 78, 14, 56,
45, 87, 23, 65),  (1, 65, 23, 87, 45, 56, 14, 78, 36, 100, 5, 69, 27, 91, 49, 60, 18, 82, 40, 104, 9, 73, 31, 95, 53, 64, 22, 86, 44, 55, 13, 
77, 35, 99, 4, 68, 26, 90, 48, 59, 17, 81, 39, 103, 8, 72, 30, 94, 52, 63, 21, 85, 43, 54, 12, 76, 34, 98, 3, 67, 25, 89, 47, 58, 16, 80, 38, 
102, 7, 71, 29, 93, 51, 62, 20, 84, 42, 106, 11, 75, 33, 97, 2, 66, 24, 88, 46, 57, 15, 79, 37, 101, 6, 70, 28, 92, 50, 61, 19, 83, 41, 105, 
10, 74, 32, 96),  ], [  (1, 46, 38, 30, 22, 14, 6, 51, 43, 35, 27, 19, 11, 3, 48, 40, 32, 24, 16, 8, 53, 45, 37, 29, 21, 13, 5, 50, 42, 34, 
26, 18, 10, 2, 47, 39, 31, 23, 15, 7, 52, 44, 36, 28, 20, 12, 4, 49, 41, 33, 25, 17, 9)(54, 99, 91, 83, 75, 67, 59, 104, 96, 88, 80, 72, 64, 
56, 101, 93, 85, 77, 69, 61, 106, 98, 90, 82, 74, 66, 58, 103, 95, 87, 79, 71, 63, 55, 100, 92, 84, 76, 68, 60, 105, 97, 89, 81, 73, 65, 57, 
102, 94, 86, 78, 70, 62),  (1, 9, 17, 25, 33, 41, 49, 4, 12, 20, 28, 36, 44, 52, 7, 15, 23, 31, 39, 47, 2, 10, 18, 26, 34, 42, 50, 5, 13, 21, 
29, 37, 45, 53, 8, 16, 24, 32, 40, 48, 3, 11, 19, 27, 35, 43, 51, 6, 14, 22, 30, 38, 46)(54, 62, 70, 78, 86, 94, 102, 57, 65, 73, 81, 89, 97, 
105, 60, 68, 76, 84, 92, 100, 55, 63, 71, 79, 87, 95, 103, 58, 66, 74, 82, 90, 98, 106, 61, 69, 77, 85, 93, 101, 56, 64, 72, 80, 88, 96, 104, 
59, 67, 75, 83, 91, 99),  ], [  (1, 9, 17, 25, 33, 41, 49, 4, 12, 20, 28, 36, 44, 52, 7, 15, 23, 31, 39, 47, 2, 10, 18, 26, 34, 42, 50, 5, 13,
21, 29, 37, 45, 53, 8, 16, 24, 32, 40, 48, 3, 11, 19, 27, 35, 43, 51, 6, 14, 22, 30, 38, 46)(54, 62, 70, 78, 86, 94, 102, 57, 65, 73, 81, 89, 
97, 105, 60, 68, 76, 84, 92, 100, 55, 63, 71, 79, 87, 95, 103, 58, 66, 74, 82, 90, 98, 106, 61, 69, 77, 85, 93, 101, 56, 64, 72, 80, 88, 96, 
104, 59, 67, 75, 83, 91, 99),  (1, 46, 38, 30, 22, 14, 6, 51, 43, 35, 27, 19, 11, 3, 48, 40, 32, 24, 16, 8, 53, 45, 37, 29, 21, 13, 5, 50, 42,
34, 26, 18, 10, 2, 47, 39, 31, 23, 15, 7, 52, 44, 36, 28, 20, 12, 4, 49, 41, 33, 25, 17, 9)(54, 99, 91, 83, 75, 67, 59, 104, 96, 88, 80, 72, 
64, 56, 101, 93, 85, 77, 69, 61, 106, 98, 90, 82, 74, 66, 58, 103, 95, 87, 79, 71, 63, 55, 100, 92, 84, 76, 68, 60, 105, 97, 89, 81, 73, 65, 
57, 102, 94, 86, 78, 70, 62),  ], [  (1, 99, 38, 83, 22, 67, 6, 104, 43, 88, 27, 72, 11, 56, 48, 93, 32, 77, 16, 61, 53, 98, 37, 82, 21, 66, 
5, 103, 42, 87, 26, 71, 10, 55, 47, 92, 31, 76, 15, 60, 52, 97, 36, 81, 20, 65, 4, 102, 41, 86, 25, 70, 9, 54, 46, 91, 30, 75, 14, 59, 51, 96,
35, 80, 19, 64, 3, 101, 40, 85, 24, 69, 8, 106, 45, 90, 29, 74, 13, 58, 50, 95, 34, 79, 18, 63, 2, 100, 39, 84, 23, 68, 7, 105, 44, 89, 28, 
73, 12, 57, 49, 94, 33, 78, 17, 62),  (1, 62, 17, 78, 33, 94, 49, 57, 12, 73, 28, 89, 44, 105, 7, 68, 23, 84, 39, 100, 2, 63, 18, 79, 34, 95, 
50, 58, 13, 74, 29, 90, 45, 106, 8, 69, 24, 85, 40, 101, 3, 64, 19, 80, 35, 96, 51, 59, 14, 75, 30, 91, 46, 54, 9, 70, 25, 86, 41, 102, 4, 65,
20, 81, 36, 97, 52, 60, 15, 76, 31, 92, 47, 55, 10, 71, 26, 87, 42, 103, 5, 66, 21, 82, 37, 98, 53, 61, 16, 77, 32, 93, 48, 56, 11, 72, 27, 
88, 43, 104, 6, 67, 22, 83, 38, 99),  ], [  (1, 62, 17, 78, 33, 94, 49, 57, 12, 73, 28, 89, 44, 105, 7, 68, 23, 84, 39, 100, 2, 63, 18, 79, 
34, 95, 50, 58, 13, 74, 29, 90, 45, 106, 8, 69, 24, 85, 40, 101, 3, 64, 19, 80, 35, 96, 51, 59, 14, 75, 30, 91, 46, 54, 9, 70, 25, 86, 41, 
102, 4, 65, 20, 81, 36, 97, 52, 60, 15, 76, 31, 92, 47, 55, 10, 71, 26, 87, 42, 103, 5, 66, 21, 82, 37, 98, 53, 61, 16, 77, 32, 93, 48, 56, 
11, 72, 27, 88, 43, 104, 6, 67, 22, 83, 38, 99),  (1, 99, 38, 83, 22, 67, 6, 104, 43, 88, 27, 72, 11, 56, 48, 93, 32, 77, 16, 61, 53, 98, 37, 
82, 21, 66, 5, 103, 42, 87, 26, 71, 10, 55, 47, 92, 31, 76, 15, 60, 52, 97, 36, 81, 20, 65, 4, 102, 41, 86, 25, 70, 9, 54, 46, 91, 30, 75, 14,
59, 51, 96, 35, 80, 19, 64, 3, 101, 40, 85, 24, 69, 8, 106, 45, 90, 29, 74, 13, 58, 50, 95, 34, 79, 18, 63, 2, 100, 39, 84, 23, 68, 7, 105, 
44, 89, 28, 73, 12, 57, 49, 94, 33, 78, 17, 62),  ], [  (1, 27, 53, 26, 52, 25, 51, 24, 50, 23, 49, 22, 48, 21, 47, 20, 46, 19, 45, 18, 44, 
17, 43, 16, 42, 15, 41, 14, 40, 13, 39, 12, 38, 11, 37, 10, 36, 9, 35, 8, 34, 7, 33, 6, 32, 5, 31, 4, 30, 3, 29, 2, 28)(54, 80, 106, 79, 105, 
78, 104, 77, 103, 76, 102, 75, 101, 74, 100, 73, 99, 72, 98, 71, 97, 70, 96, 69, 95, 68, 94, 67, 93, 66, 92, 65, 91, 64, 90, 63, 89, 62, 88, 
61, 87, 60, 86, 59, 85, 58, 84, 57, 83, 56, 82, 55, 81),  (1, 28, 2, 29, 3, 30, 4, 31, 5, 32, 6, 33, 7, 34, 8, 35, 9, 36, 10, 37, 11, 38, 12, 
39, 13, 40, 14, 41, 15, 42, 16, 43, 17, 44, 18, 45, 19, 46, 20, 47, 21, 48, 22, 49, 23, 50, 24, 51, 25, 52, 26, 53, 27)(54, 81, 55, 82, 56, 
83, 57, 84, 58, 85, 59, 86, 60, 87, 61, 88, 62, 89, 63, 90, 64, 91, 65, 92, 66, 93, 67, 94, 68, 95, 69, 96, 70, 97, 71, 98, 72, 99, 73, 100, 
74, 101, 75, 102, 76, 103, 77, 104, 78, 105, 79, 106, 80),  ], [  (1, 28, 2, 29, 3, 30, 4, 31, 5, 32, 6, 33, 7, 34, 8, 35, 9, 36, 10, 37, 11, 
38, 12, 39, 13, 40, 14, 41, 15, 42, 16, 43, 17, 44, 18, 45, 19, 46, 20, 47, 21, 48, 22, 49, 23, 50, 24, 51, 25, 52, 26, 53, 27)(54, 81, 55, 
82, 56, 83, 57, 84, 58, 85, 59, 86, 60, 87, 61, 88, 62, 89, 63, 90, 64, 91, 65, 92, 66, 93, 67, 94, 68, 95, 69, 96, 70, 97, 71, 98, 72, 99, 
73, 100, 74, 101, 75, 102, 76, 103, 77, 104, 78, 105, 79, 106, 80),  (1, 27, 53, 26, 52, 25, 51, 24, 50, 23, 49, 22, 48, 21, 47, 20, 46, 19, 
45, 18, 44, 17, 43, 16, 42, 15, 41, 14, 40, 13, 39, 12, 38, 11, 37, 10, 36, 9, 35, 8, 34, 7, 33, 6, 32, 5, 31, 4, 30, 3, 29, 2, 28)(54, 80, 
106, 79, 105, 78, 104, 77, 103, 76, 102, 75, 101, 74, 100, 73, 99, 72, 98, 71, 97, 70, 96, 69, 95, 68, 94, 67, 93, 66, 92, 65, 91, 64, 90, 63,
89, 62, 88, 61, 87, 60, 86, 59, 85, 58, 84, 57, 83, 56, 82, 55, 81),  ], [  (1, 80, 53, 79, 52, 78, 51, 77, 50, 76, 49, 75, 48, 74, 47, 73, 
46, 72, 45, 71, 44, 70, 43, 69, 42, 68, 41, 67, 40, 66, 39, 65, 38, 64, 37, 63, 36, 62, 35, 61, 34, 60, 33, 59, 32, 58, 31, 57, 30, 56, 29, 
55, 28, 54, 27, 106, 26, 105, 25, 104, 24, 103, 23, 102, 22, 101, 21, 100, 20, 99, 19, 98, 18, 97, 17, 96, 16, 95, 15, 94, 14, 93, 13, 92, 12,
91, 11, 90, 10, 89, 9, 88, 8, 87, 7, 86, 6, 85, 5, 84, 4, 83, 3, 82, 2, 81),  (1, 81, 2, 82, 3, 83, 4, 84, 5, 85, 6, 86, 7, 87, 8, 88, 9, 89, 
10, 90, 11, 91, 12, 92, 13, 93, 14, 94, 15, 95, 16, 96, 17, 97, 18, 98, 19, 99, 20, 100, 21, 101, 22, 102, 23, 103, 24, 104, 25, 105, 26, 106,
27, 54, 28, 55, 29, 56, 30, 57, 31, 58, 32, 59, 33, 60, 34, 61, 35, 62, 36, 63, 37, 64, 38, 65, 39, 66, 40, 67, 41, 68, 42, 69, 43, 70, 44, 
71, 45, 72, 46, 73, 47, 74, 48, 75, 49, 76, 50, 77, 51, 78, 52, 79, 53, 80),  ], [  (1, 61, 15, 75, 29, 89, 43, 103, 4, 64, 18, 78, 32, 92, 
46, 106, 7, 67, 21, 81, 35, 95, 49, 56, 10, 70, 24, 84, 38, 98, 52, 59, 13, 73, 27, 87, 41, 101, 2, 62, 16, 76, 30, 90, 44, 104, 5, 65, 19, 
79, 33, 93, 47, 54, 8, 68, 22, 82, 36, 96, 50, 57, 11, 71, 25, 85, 39, 99, 53, 60, 14, 74, 28, 88, 42, 102, 3, 63, 17, 77, 31, 91, 45, 105, 6,
66, 20, 80, 34, 94, 48, 55, 9, 69, 23, 83, 37, 97, 51, 58, 12, 72, 26, 86, 40, 100),  (1, 100, 40, 86, 26, 72, 12, 58, 51, 97, 37, 83, 23, 69,
9, 55, 48, 94, 34, 80, 20, 66, 6, 105, 45, 91, 31, 77, 17, 63, 3, 102, 42, 88, 28, 74, 14, 60, 53, 99, 39, 85, 25, 71, 11, 57, 50, 96, 36, 82,
22, 68, 8, 54, 47, 93, 33, 79, 19, 65, 5, 104, 44, 90, 30, 76, 16, 62, 2, 101, 41, 87, 27, 73, 13, 59, 52, 98, 38, 84, 24, 70, 10, 56, 49, 95,
35, 81, 21, 67, 7, 106, 46, 92, 32, 78, 18, 64, 4, 103, 43, 89, 29, 75, 15, 61),  ], [  (1, 8, 15, 22, 29, 36, 43, 50, 4, 11, 18, 25, 32, 39, 
46, 53, 7, 14, 21, 28, 35, 42, 49, 3, 10, 17, 24, 31, 38, 45, 52, 6, 13, 20, 27, 34, 41, 48, 2, 9, 16, 23, 30, 37, 44, 51, 5, 12, 19, 26, 33, 
40, 47)(54, 61, 68, 75, 82, 89, 96, 103, 57, 64, 71, 78, 85, 92, 99, 106, 60, 67, 74, 81, 88, 95, 102, 56, 63, 70, 77, 84, 91, 98, 105, 59, 
66, 73, 80, 87, 94, 101, 55, 62, 69, 76, 83, 90, 97, 104, 58, 65, 72, 79, 86, 93, 100),  (1, 47, 40, 33, 26, 19, 12, 5, 51, 44, 37, 30, 23, 
16, 9, 2, 48, 41, 34, 27, 20, 13, 6, 52, 45, 38, 31, 24, 17, 10, 3, 49, 42, 35, 28, 21, 14, 7, 53, 46, 39, 32, 25, 18, 11, 4, 50, 43, 36, 29, 
22, 15, 8)(54, 100, 93, 86, 79, 72, 65, 58, 104, 97, 90, 83, 76, 69, 62, 55, 101, 94, 87, 80, 73, 66, 59, 105, 98, 91, 84, 77, 70, 63, 56, 
102, 95, 88, 81, 74, 67, 60, 106, 99, 92, 85, 78, 71, 64, 57, 103, 96, 89, 82, 75, 68, 61),  ], [  (1, 95, 30, 71, 6, 100, 35, 76, 11, 105, 
40, 81, 16, 57, 45, 86, 21, 62, 50, 91, 26, 67, 2, 96, 31, 72, 7, 101, 36, 77, 12, 106, 41, 82, 17, 58, 46, 87, 22, 63, 51, 92, 27, 68, 3, 97,
32, 73, 8, 102, 37, 78, 13, 54, 42, 83, 18, 59, 47, 88, 23, 64, 52, 93, 28, 69, 4, 98, 33, 74, 9, 103, 38, 79, 14, 55, 43, 84, 19, 60, 48, 89,
24, 65, 53, 94, 29, 70, 5, 99, 34, 75, 10, 104, 39, 80, 15, 56, 44, 85, 20, 61, 49, 90, 25, 66),  (1, 66, 25, 90, 49, 61, 20, 85, 44, 56, 15, 
80, 39, 104, 10, 75, 34, 99, 5, 70, 29, 94, 53, 65, 24, 89, 48, 60, 19, 84, 43, 55, 14, 79, 38, 103, 9, 74, 33, 98, 4, 69, 28, 93, 52, 64, 23,
88, 47, 59, 18, 83, 42, 54, 13, 78, 37, 102, 8, 73, 32, 97, 3, 68, 27, 92, 51, 63, 22, 87, 46, 58, 17, 82, 41, 106, 12, 77, 36, 101, 7, 72, 
31, 96, 2, 67, 26, 91, 50, 62, 21, 86, 45, 57, 16, 81, 40, 105, 11, 76, 35, 100, 6, 71, 30, 95),  ], [  (1, 42, 30, 18, 6, 47, 35, 23, 11, 52,
40, 28, 16, 4, 45, 33, 21, 9, 50, 38, 26, 14, 2, 43, 31, 19, 7, 48, 36, 24, 12, 53, 41, 29, 17, 5, 46, 34, 22, 10, 51, 39, 27, 15, 3, 44, 32, 
20, 8, 49, 37, 25, 13)(54, 95, 83, 71, 59, 100, 88, 76, 64, 105, 93, 81, 69, 57, 98, 86, 74, 62, 103, 91, 79, 67, 55, 96, 84, 72, 60, 101, 89,
77, 65, 106, 94, 82, 70, 58, 99, 87, 75, 63, 104, 92, 80, 68, 56, 97, 85, 73, 61, 102, 90, 78, 66),  (1, 13, 25, 37, 49, 8, 20, 32, 44, 3, 15,
27, 39, 51, 10, 22, 34, 46, 5, 17, 29, 41, 53, 12, 24, 36, 48, 7, 19, 31, 43, 2, 14, 26, 38, 50, 9, 21, 33, 45, 4, 16, 28, 40, 52, 11, 23, 35,
47, 6, 18, 30, 42)(54, 66, 78, 90, 102, 61, 73, 85, 97, 56, 68, 80, 92, 104, 63, 75, 87, 99, 58, 70, 82, 94, 106, 65, 77, 89, 101, 60, 72, 84,
96, 55, 67, 79, 91, 103, 62, 74, 86, 98, 57, 69, 81, 93, 105, 64, 76, 88, 100, 59, 71, 83, 95),  ], [  (1, 76, 45, 67, 36, 58, 27, 102, 18, 
93, 9, 84, 53, 75, 44, 66, 35, 57, 26, 101, 17, 92, 8, 83, 52, 74, 43, 65, 34, 56, 25, 100, 16, 91, 7, 82, 51, 73, 42, 64, 33, 55, 24, 99, 15,
90, 6, 81, 50, 72, 41, 63, 32, 54, 23, 98, 14, 89, 5, 80, 49, 71, 40, 62, 31, 106, 22, 97, 13, 88, 4, 79, 48, 70, 39, 61, 30, 105, 21, 96, 12,
87, 3, 78, 47, 69, 38, 60, 29, 104, 20, 95, 11, 86, 2, 77, 46, 68, 37, 59, 28, 103, 19, 94, 10, 85),  (1, 85, 10, 94, 19, 103, 28, 59, 37, 68,
46, 77, 2, 86, 11, 95, 20, 104, 29, 60, 38, 69, 47, 78, 3, 87, 12, 96, 21, 105, 30, 61, 39, 70, 48, 79, 4, 88, 13, 97, 22, 106, 31, 62, 40, 
71, 49, 80, 5, 89, 14, 98, 23, 54, 32, 63, 41, 72, 50, 81, 6, 90, 15, 99, 24, 55, 33, 64, 42, 73, 51, 82, 7, 91, 16, 100, 25, 56, 34, 65, 43, 
74, 52, 83, 8, 92, 17, 101, 26, 57, 35, 66, 44, 75, 53, 84, 9, 93, 18, 102, 27, 58, 36, 67, 45, 76),  ], [  (1, 23, 45, 14, 36, 5, 27, 49, 18,
40, 9, 31, 53, 22, 44, 13, 35, 4, 26, 48, 17, 39, 8, 30, 52, 21, 43, 12, 34, 3, 25, 47, 16, 38, 7, 29, 51, 20, 42, 11, 33, 2, 24, 46, 15, 37, 
6, 28, 50, 19, 41, 10, 32)(54, 76, 98, 67, 89, 58, 80, 102, 71, 93, 62, 84, 106, 75, 97, 66, 88, 57, 79, 101, 70, 92, 61, 83, 105, 74, 96, 65,
87, 56, 78, 100, 69, 91, 60, 82, 104, 73, 95, 64, 86, 55, 77, 99, 68, 90, 59, 81, 103, 72, 94, 63, 85),  (1, 32, 10, 41, 19, 50, 28, 6, 37, 
15, 46, 24, 2, 33, 11, 42, 20, 51, 29, 7, 38, 16, 47, 25, 3, 34, 12, 43, 21, 52, 30, 8, 39, 17, 48, 26, 4, 35, 13, 44, 22, 53, 31, 9, 40, 18, 
49, 27, 5, 36, 14, 45, 23)(54, 85, 63, 94, 72, 103, 81, 59, 90, 68, 99, 77, 55, 86, 64, 95, 73, 104, 82, 60, 91, 69, 100, 78, 56, 87, 65, 96, 
74, 105, 83, 61, 92, 70, 101, 79, 57, 88, 66, 97, 75, 106, 84, 62, 93, 71, 102, 80, 58, 89, 67, 98, 76),  ], [  (1, 57, 7, 63, 13, 69, 19, 75,
25, 81, 31, 87, 37, 93, 43, 99, 49, 105, 2, 58, 8, 64, 14, 70, 20, 76, 26, 82, 32, 88, 38, 94, 44, 100, 50, 106, 3, 59, 9, 65, 15, 71, 21, 77,
27, 83, 33, 89, 39, 95, 45, 101, 51, 54, 4, 60, 10, 66, 16, 72, 22, 78, 28, 84, 34, 90, 40, 96, 46, 102, 52, 55, 5, 61, 11, 67, 17, 73, 23, 
79, 29, 85, 35, 91, 41, 97, 47, 103, 53, 56, 6, 62, 12, 68, 18, 74, 24, 80, 30, 86, 36, 92, 42, 98, 48, 104),  (1, 104, 48, 98, 42, 92, 36, 
86, 30, 80, 24, 74, 18, 68, 12, 62, 6, 56, 53, 103, 47, 97, 41, 91, 35, 85, 29, 79, 23, 73, 17, 67, 11, 61, 5, 55, 52, 102, 46, 96, 40, 90, 
34, 84, 28, 78, 22, 72, 16, 66, 10, 60, 4, 54, 51, 101, 45, 95, 39, 89, 33, 83, 27, 77, 21, 71, 15, 65, 9, 59, 3, 106, 50, 100, 44, 94, 38, 
88, 32, 82, 26, 76, 20, 70, 14, 64, 8, 58, 2, 105, 49, 99, 43, 93, 37, 87, 31, 81, 25, 75, 19, 69, 13, 63, 7, 57),  ], [  (1, 4, 7, 10, 13, 
16, 19, 22, 25, 28, 31, 34, 37, 40, 43, 46, 49, 52, 2, 5, 8, 11, 14, 17, 20, 23, 26, 29, 32, 35, 38, 41, 44, 47, 50, 53, 3, 6, 9, 12, 15, 18, 
21, 24, 27, 30, 33, 36, 39, 42, 45, 48, 51)(54, 57, 60, 63, 66, 69, 72, 75, 78, 81, 84, 87, 90, 93, 96, 99, 102, 105, 55, 58, 61, 64, 67, 70, 
73, 76, 79, 82, 85, 88, 91, 94, 97, 100, 103, 106, 56, 59, 62, 65, 68, 71, 74, 77, 80, 83, 86, 89, 92, 95, 98, 101, 104),  (1, 51, 48, 45, 42,
39, 36, 33, 30, 27, 24, 21, 18, 15, 12, 9, 6, 3, 53, 50, 47, 44, 41, 38, 35, 32, 29, 26, 23, 20, 17, 14, 11, 8, 5, 2, 52, 49, 46, 43, 40, 37, 
34, 31, 28, 25, 22, 19, 16, 13, 10, 7, 4)(54, 104, 101, 98, 95, 92, 89, 86, 83, 80, 77, 74, 71, 68, 65, 62, 59, 56, 106, 103, 100, 97, 94, 91,
88, 85, 82, 79, 76, 73, 70, 67, 64, 61, 58, 55, 105, 102, 99, 96, 93, 90, 87, 84, 81, 78, 75, 72, 69, 66, 63, 60, 57),  ], [  (1, 91, 22, 59, 
43, 80, 11, 101, 32, 69, 53, 90, 21, 58, 42, 79, 10, 100, 31, 68, 52, 89, 20, 57, 41, 78, 9, 99, 30, 67, 51, 88, 19, 56, 40, 77, 8, 98, 29, 
66, 50, 87, 18, 55, 39, 76, 7, 97, 28, 65, 49, 86, 17, 54, 38, 75, 6, 96, 27, 64, 48, 85, 16, 106, 37, 74, 5, 95, 26, 63, 47, 84, 15, 105, 36,
73, 4, 94, 25, 62, 46, 83, 14, 104, 35, 72, 3, 93, 24, 61, 45, 82, 13, 103, 34, 71, 2, 92, 23, 60, 44, 81, 12, 102, 33, 70),  (1, 70, 33, 102,
12, 81, 44, 60, 23, 92, 2, 71, 34, 103, 13, 82, 45, 61, 24, 93, 3, 72, 35, 104, 14, 83, 46, 62, 25, 94, 4, 73, 36, 105, 15, 84, 47, 63, 26, 
95, 5, 74, 37, 106, 16, 85, 48, 64, 27, 96, 6, 75, 38, 54, 17, 86, 49, 65, 28, 97, 7, 76, 39, 55, 18, 87, 50, 66, 29, 98, 8, 77, 40, 56, 19, 
88, 51, 67, 30, 99, 9, 78, 41, 57, 20, 89, 52, 68, 31, 100, 10, 79, 42, 58, 21, 90, 53, 69, 32, 101, 11, 80, 43, 59, 22, 91),  ], [  (1, 38, 
22, 6, 43, 27, 11, 48, 32, 16, 53, 37, 21, 5, 42, 26, 10, 47, 31, 15, 52, 36, 20, 4, 41, 25, 9, 46, 30, 14, 51, 35, 19, 3, 40, 24, 8, 45, 29, 
13, 50, 34, 18, 2, 39, 23, 7, 44, 28, 12, 49, 33, 17)(54, 91, 75, 59, 96, 80, 64, 101, 85, 69, 106, 90, 74, 58, 95, 79, 63, 100, 84, 68, 105, 
89, 73, 57, 94, 78, 62, 99, 83, 67, 104, 88, 72, 56, 93, 77, 61, 98, 82, 66, 103, 87, 71, 55, 92, 76, 60, 97, 81, 65, 102, 86, 70),  (1, 17, 
33, 49, 12, 28, 44, 7, 23, 39, 2, 18, 34, 50, 13, 29, 45, 8, 24, 40, 3, 19, 35, 51, 14, 30, 46, 9, 25, 41, 4, 20, 36, 52, 15, 31, 47, 10, 26, 
42, 5, 21, 37, 53, 16, 32, 48, 11, 27, 43, 6, 22, 38)(54, 70, 86, 102, 65, 81, 97, 60, 76, 92, 55, 71, 87, 103, 66, 82, 98, 61, 77, 93, 56, 
72, 88, 104, 67, 83, 99, 62, 78, 94, 57, 73, 89, 105, 68, 84, 100, 63, 79, 95, 58, 74, 90, 106, 69, 85, 101, 64, 80, 96, 59, 75, 91),  ], [  
(1, 72, 37, 55, 20, 91, 3, 74, 39, 57, 22, 93, 5, 76, 41, 59, 24, 95, 7, 78, 43, 61, 26, 97, 9, 80, 45, 63, 28, 99, 11, 82, 47, 65, 30, 101, 
13, 84, 49, 67, 32, 103, 15, 86, 51, 69, 34, 105, 17, 88, 53, 71, 36, 54, 19, 90, 2, 73, 38, 56, 21, 92, 4, 75, 40, 58, 23, 94, 6, 77, 42, 60,
25, 96, 8, 79, 44, 62, 27, 98, 10, 81, 46, 64, 29, 100, 12, 83, 48, 66, 31, 102, 14, 85, 50, 68, 33, 104, 16, 87, 52, 70, 35, 106, 18, 89),  
(1, 89, 18, 106, 35, 70, 52, 87, 16, 104, 33, 68, 50, 85, 14, 102, 31, 66, 48, 83, 12, 100, 29, 64, 46, 81, 10, 98, 27, 62, 44, 79, 8, 96, 25,
60, 42, 77, 6, 94, 23, 58, 40, 75, 4, 92, 21, 56, 38, 73, 2, 90, 19, 54, 36, 71, 53, 88, 17, 105, 34, 69, 51, 86, 15, 103, 32, 67, 49, 84, 13,
101, 30, 65, 47, 82, 11, 99, 28, 63, 45, 80, 9, 97, 26, 61, 43, 78, 7, 95, 24, 59, 41, 76, 5, 93, 22, 57, 39, 74, 3, 91, 20, 55, 37, 72),  ], 
[  (1, 19, 37, 2, 20, 38, 3, 21, 39, 4, 22, 40, 5, 23, 41, 6, 24, 42, 7, 25, 43, 8, 26, 44, 9, 27, 45, 10, 28, 46, 11, 29, 47, 12, 30, 48, 13,
31, 49, 14, 32, 50, 15, 33, 51, 16, 34, 52, 17, 35, 53, 18, 36)(54, 72, 90, 55, 73, 91, 56, 74, 92, 57, 75, 93, 58, 76, 94, 59, 77, 95, 60, 
78, 96, 61, 79, 97, 62, 80, 98, 63, 81, 99, 64, 82, 100, 65, 83, 101, 66, 84, 102, 67, 85, 103, 68, 86, 104, 69, 87, 105, 70, 88, 106, 71, 
89),  (1, 36, 18, 53, 35, 17, 52, 34, 16, 51, 33, 15, 50, 32, 14, 49, 31, 13, 48, 30, 12, 47, 29, 11, 46, 28, 10, 45, 27, 9, 44, 26, 8, 43, 
25, 7, 42, 24, 6, 41, 23, 5, 40, 22, 4, 39, 21, 3, 38, 20, 2, 37, 19)(54, 89, 71, 106, 88, 70, 105, 87, 69, 104, 86, 68, 103, 85, 67, 102, 84,
66, 101, 83, 65, 100, 82, 64, 99, 81, 63, 98, 80, 62, 97, 79, 61, 96, 78, 60, 95, 77, 59, 94, 76, 58, 93, 75, 57, 92, 74, 56, 91, 73, 55, 90, 
72),  ], [  (1, 106, 52, 104, 50, 102, 48, 100, 46, 98, 44, 96, 42, 94, 40, 92, 38, 90, 36, 88, 34, 86, 32, 84, 30, 82, 28, 80, 26, 78, 24, 
76, 22, 74, 20, 72, 18, 70, 16, 68, 14, 66, 12, 64, 10, 62, 8, 60, 6, 58, 4, 56, 2, 54, 53, 105, 51, 103, 49, 101, 47, 99, 45, 97, 43, 95, 41,
93, 39, 91, 37, 89, 35, 87, 33, 85, 31, 83, 29, 81, 27, 79, 25, 77, 23, 75, 21, 73, 19, 71, 17, 69, 15, 67, 13, 65, 11, 63, 9, 61, 7, 59, 5, 
57, 3, 55),  (1, 55, 3, 57, 5, 59, 7, 61, 9, 63, 11, 65, 13, 67, 15, 69, 17, 71, 19, 73, 21, 75, 23, 77, 25, 79, 27, 81, 29, 83, 31, 85, 33, 
87, 35, 89, 37, 91, 39, 93, 41, 95, 43, 97, 45, 99, 47, 101, 49, 103, 51, 105, 53, 54, 2, 56, 4, 58, 6, 60, 8, 62, 10, 64, 12, 66, 14, 68, 16,
70, 18, 72, 20, 74, 22, 76, 24, 78, 26, 80, 28, 82, 30, 84, 32, 86, 34, 88, 36, 90, 38, 92, 40, 94, 42, 96, 44, 98, 46, 100, 48, 102, 50, 104,
52, 106),  ], [  (1, 81, 2, 82, 3, 83, 4, 84, 5, 85, 6, 86, 7, 87, 8, 88, 9, 89, 10, 90, 11, 91, 12, 92, 13, 93, 14, 94, 15, 95, 16, 96, 17, 
97, 18, 98, 19, 99, 20, 100, 21, 101, 22, 102, 23, 103, 24, 104, 25, 105, 26, 106, 27, 54, 28, 55, 29, 56, 30, 57, 31, 58, 32, 59, 33, 60, 34,
61, 35, 62, 36, 63, 37, 64, 38, 65, 39, 66, 40, 67, 41, 68, 42, 69, 43, 70, 44, 71, 45, 72, 46, 73, 47, 74, 48, 75, 49, 76, 50, 77, 51, 78, 
52, 79, 53, 80),  (1, 80, 53, 79, 52, 78, 51, 77, 50, 76, 49, 75, 48, 74, 47, 73, 46, 72, 45, 71, 44, 70, 43, 69, 42, 68, 41, 67, 40, 66, 39, 
65, 38, 64, 37, 63, 36, 62, 35, 61, 34, 60, 33, 59, 32, 58, 31, 57, 30, 56, 29, 55, 28, 54, 27, 106, 26, 105, 25, 104, 24, 103, 23, 102, 22, 
101, 21, 100, 20, 99, 19, 98, 18, 97, 17, 96, 16, 95, 15, 94, 14, 93, 13, 92, 12, 91, 11, 90, 10, 89, 9, 88, 8, 87, 7, 86, 6, 85, 5, 84, 4, 
83, 3, 82, 2, 81),  ], [  (1, 53, 52, 51, 50, 49, 48, 47, 46, 45, 44, 43, 42, 41, 40, 39, 38, 37, 36, 35, 34, 33, 32, 31, 30, 29, 28, 27, 26, 
25, 24, 23, 22, 21, 20, 19, 18, 17, 16, 15, 14, 13, 12, 11, 10, 9, 8, 7, 6, 5, 4, 3, 2)(54, 106, 105, 104, 103, 102, 101, 100, 99, 98, 97, 96,
95, 94, 93, 92, 91, 90, 89, 88, 87, 86, 85, 84, 83, 82, 81, 80, 79, 78, 77, 76, 75, 74, 73, 72, 71, 70, 69, 68, 67, 66, 65, 64, 63, 62, 61, 
60, 59, 58, 57, 56, 55),  (1, 2, 3, 4, 5, 6, 7, 8, 9, 10, 11, 12, 13, 14, 15, 16, 17, 18, 19, 20, 21, 22, 23, 24, 25, 26, 27, 28, 29, 30, 31, 
32, 33, 34, 35, 36, 37, 38, 39, 40, 41, 42, 43, 44, 45, 46, 47, 48, 49, 50, 51, 52, 53)(54, 55, 56, 57, 58, 59, 60, 61, 62, 63, 64, 65, 66, 
67, 68, 69, 70, 71, 72, 73, 74, 75, 76, 77, 78, 79, 80, 81, 82, 83, 84, 85, 86, 87, 88, 89, 90, 91, 92, 93, 94, 95, 96, 97, 98, 99, 100, 101, 
102, 103, 104, 105, 106),  ], [  (1, 34, 14, 47, 27, 7, 40, 20, 53, 33, 13, 46, 26, 6, 39, 19, 52, 32, 12, 45, 25, 5, 38, 18, 51, 31, 11, 44, 
24, 4, 37, 17, 50, 30, 10, 43, 23, 3, 36, 16, 49, 29, 9, 42, 22, 2, 35, 15, 48, 28, 8, 41, 21)(54, 87, 67, 100, 80, 60, 93, 73, 106, 86, 66, 
99, 79, 59, 92, 72, 105, 85, 65, 98, 78, 58, 91, 71, 104, 84, 64, 97, 77, 57, 90, 70, 103, 83, 63, 96, 76, 56, 89, 69, 102, 82, 62, 95, 75, 
55, 88, 68, 101, 81, 61, 94, 74),  (1, 21, 41, 8, 28, 48, 15, 35, 2, 22, 42, 9, 29, 49, 16, 36, 3, 23, 43, 10, 30, 50, 17, 37, 4, 24, 44, 11, 
31, 51, 18, 38, 5, 25, 45, 12, 32, 52, 19, 39, 6, 26, 46, 13, 33, 53, 20, 40, 7, 27, 47, 14, 34)(54, 74, 94, 61, 81, 101, 68, 88, 55, 75, 95, 
62, 82, 102, 69, 89, 56, 76, 96, 63, 83, 103, 70, 90, 57, 77, 97, 64, 84, 104, 71, 91, 58, 78, 98, 65, 85, 105, 72, 92, 59, 79, 99, 66, 86, 
106, 73, 93, 60, 80, 100, 67, 87),  ], [  (1, 87, 14, 100, 27, 60, 40, 73, 53, 86, 13, 99, 26, 59, 39, 72, 52, 85, 12, 98, 25, 58, 38, 71, 51,
84, 11, 97, 24, 57, 37, 70, 50, 83, 10, 96, 23, 56, 36, 69, 49, 82, 9, 95, 22, 55, 35, 68, 48, 81, 8, 94, 21, 54, 34, 67, 47, 80, 7, 93, 20, 
106, 33, 66, 46, 79, 6, 92, 19, 105, 32, 65, 45, 78, 5, 91, 18, 104, 31, 64, 44, 77, 4, 90, 17, 103, 30, 63, 43, 76, 3, 89, 16, 102, 29, 62, 
42, 75, 2, 88, 15, 101, 28, 61, 41, 74),  (1, 74, 41, 61, 28, 101, 15, 88, 2, 75, 42, 62, 29, 102, 16, 89, 3, 76, 43, 63, 30, 103, 17, 90, 4, 
77, 44, 64, 31, 104, 18, 91, 5, 78, 45, 65, 32, 105, 19, 92, 6, 79, 46, 66, 33, 106, 20, 93, 7, 80, 47, 67, 34, 54, 21, 94, 8, 81, 48, 68, 35,
55, 22, 95, 9, 82, 49, 69, 36, 56, 23, 96, 10, 83, 50, 70, 37, 57, 24, 97, 11, 84, 51, 71, 38, 58, 25, 98, 12, 85, 52, 72, 39, 59, 26, 99, 13,
86, 53, 73, 40, 60, 27, 100, 14, 87),  ], [  (1, 15, 29, 43, 4, 18, 32, 46, 7, 21, 35, 49, 10, 24, 38, 52, 13, 27, 41, 2, 16, 30, 44, 5, 19, 
33, 47, 8, 22, 36, 50, 11, 25, 39, 53, 14, 28, 42, 3, 17, 31, 45, 6, 20, 34, 48, 9, 23, 37, 51, 12, 26, 40)(54, 68, 82, 96, 57, 71, 85, 99, 
60, 74, 88, 102, 63, 77, 91, 105, 66, 80, 94, 55, 69, 83, 97, 58, 72, 86, 100, 61, 75, 89, 103, 64, 78, 92, 106, 67, 81, 95, 56, 70, 84, 98, 
59, 73, 87, 101, 62, 76, 90, 104, 65, 79, 93),  (1, 40, 26, 12, 51, 37, 23, 9, 48, 34, 20, 6, 45, 31, 17, 3, 42, 28, 14, 53, 39, 25, 11, 50, 
36, 22, 8, 47, 33, 19, 5, 44, 30, 16, 2, 41, 27, 13, 52, 38, 24, 10, 49, 35, 21, 7, 46, 32, 18, 4, 43, 29, 15)(54, 93, 79, 65, 104, 90, 76, 
62, 101, 87, 73, 59, 98, 84, 70, 56, 95, 81, 67, 106, 92, 78, 64, 103, 89, 75, 61, 100, 86, 72, 58, 97, 83, 69, 55, 94, 80, 66, 105, 91, 77, 
63, 102, 88, 74, 60, 99, 85, 71, 57, 96, 82, 68),  ], [  (1, 68, 29, 96, 4, 71, 32, 99, 7, 74, 35, 102, 10, 77, 38, 105, 13, 80, 41, 55, 16, 
83, 44, 58, 19, 86, 47, 61, 22, 89, 50, 64, 25, 92, 53, 67, 28, 95, 3, 70, 31, 98, 6, 73, 34, 101, 9, 76, 37, 104, 12, 79, 40, 54, 15, 82, 43,
