## size 75
BRACES[75] := rec( total := -1, implemented := 5, size := 75, brace := [] );
BRACES[75].brace[1] := rec ( size := 75, perms :=
[ [ (), () ], 
  [ ( 4,19, 9,24,14)( 5,20,10,25,15)( 6,21,11,26,16)( 7,22,12,27,17)
        ( 8,23,13,28,18), ( 4,14,24, 9,19)( 5,15,25,10,20)( 6,16,26,11,21)
        ( 7,17,27,12,22)( 8,18,28,13,23) ], 
  [ ( 4, 9,14,19,24)( 5,10,15,20,25)( 6,11,16,21,26)( 7,12,17,22,27)
        ( 8,13,18,23,28), ( 4,24,19,14, 9)( 5,25,20,15,10)( 6,26,21,16,11)
        ( 7,27,22,17,12)( 8,28,23,18,13) ], 
  [ ( 4,24,19,14, 9)( 5,25,20,15,10)( 6,26,21,16,11)( 7,27,22,17,12)
        ( 8,28,23,18,13), ( 4, 9,14,19,24)( 5,10,15,20,25)( 6,11,16,21,26)
        ( 7,12,17,22,27)( 8,13,18,23,28) ], 
  [ ( 4,14,24, 9,19)( 5,15,25,10,20)( 6,16,26,11,21)( 7,17,27,12,22)
        ( 8,18,28,13,23), ( 4,19, 9,24,14)( 5,20,10,25,15)( 6,21,11,26,16)
        ( 7,22,12,27,17)( 8,23,13,28,18) ], 
  [ ( 4,27,25,23,21,19,17,15,13,11, 9, 7, 5,28,26,24,22,20,18,16,14,12,10, 8,
          6), ( 4, 6, 8,10,12,14,16,18,20,22,24,26,28, 5, 7, 9,11,13,15,17,19,
         21,23,25,27) ], 
  [ ( 4,17, 5,18, 6,19, 7,20, 8,21, 9,22,10,23,11,24,12,25,13,26,14,27,15,28,
         16), ( 4,16,28,15,27,14,26,13,25,12,24,11,23,10,22, 9,21, 8,20, 7,19,
         6,18, 5,17) ], 
  [ ( 4, 7,10,13,16,19,22,25,28, 6, 9,12,15,18,21,24,27, 5, 8,11,14,17,20,23,
         26), ( 4,26,23,20,17,14,11, 8, 5,27,24,21,18,15,12, 9, 6,28,25,22,19,
         16,13,10, 7) ], 
  [ ( 4,22,15, 8,26,19,12, 5,23,16, 9,27,20,13, 6,24,17,10,28,21,14, 7,25,18,
         11), ( 4,11,18,25, 7,14,21,28,10,17,24, 6,13,20,27, 9,16,23, 5,12,19,
         26, 8,15,22) ], 
  [ ( 4,12,20,28,11,19,27,10,18,26, 9,17,25, 8,16,24, 7,15,23, 6,14,22, 5,13,
         21), ( 4,21,13, 5,22,14, 6,23,15, 7,24,16, 8,25,17, 9,26,18,10,27,19,
         11,28,20,12) ], 
  [ ( 4,25,21,17,13, 9, 5,26,22,18,14,10, 6,27,23,19,15,11, 7,28,24,20,16,12,
          8), ( 4, 8,12,16,20,24,28, 7,11,15,19,23,27, 6,10,14,18,22,26, 5, 9,
         13,17,21,25) ], 
  [ ( 4,15,26,12,23, 9,20, 6,17,28,14,25,11,22, 8,19, 5,16,27,13,24,10,21, 7,
         18), ( 4,18, 7,21,10,24,13,27,16, 5,19, 8,22,11,25,14,28,17, 6,20, 9,
         23,12,26,15) ], 
  [ ( 4, 5, 6, 7, 8, 9,10,11,12,13,14,15,16,17,18,19,20,21,22,23,24,25,26,27,
         28), ( 4,28,27,26,25,24,23,22,21,20,19,18,17,16,15,14,13,12,11,10, 9,
         8, 7, 6, 5) ], 
  [ ( 4,20,11,27,18, 9,25,16, 7,23,14, 5,21,12,28,19,10,26,17, 8,24,15, 6,22,
         13), ( 4,13,22, 6,15,24, 8,17,26,10,19,28,12,21, 5,14,23, 7,16,25, 9,
         18,27,11,20) ], 
  [ ( 4,10,16,22,28, 9,15,21,27, 8,14,20,26, 7,13,19,25, 6,12,18,24, 5,11,17,
         23), ( 4,23,17,11, 5,24,18,12, 6,25,19,13, 7,26,20,14, 8,27,21,15, 9,
         28,22,16,10) ], 
  [ ( 4,23,17,11, 5,24,18,12, 6,25,19,13, 7,26,20,14, 8,27,21,15, 9,28,22,16,
         10), ( 4,10,16,22,28, 9,15,21,27, 8,14,20,26, 7,13,19,25, 6,12,18,24,
         5,11,17,23) ], 
  [ ( 4,13,22, 6,15,24, 8,17,26,10,19,28,12,21, 5,14,23, 7,16,25, 9,18,27,11,
         20), ( 4,20,11,27,18, 9,25,16, 7,23,14, 5,21,12,28,19,10,26,17, 8,24,
         15, 6,22,13) ], 
  [ ( 4,28,27,26,25,24,23,22,21,20,19,18,17,16,15,14,13,12,11,10, 9, 8, 7, 6,
          5), ( 4, 5, 6, 7, 8, 9,10,11,12,13,14,15,16,17,18,19,20,21,22,23,24,
         25,26,27,28) ], 
  [ ( 4,18, 7,21,10,24,13,27,16, 5,19, 8,22,11,25,14,28,17, 6,20, 9,23,12,26,
         15), ( 4,15,26,12,23, 9,20, 6,17,28,14,25,11,22, 8,19, 5,16,27,13,24,
         10,21, 7,18) ], 
  [ ( 4, 8,12,16,20,24,28, 7,11,15,19,23,27, 6,10,14,18,22,26, 5, 9,13,17,21,
         25), ( 4,25,21,17,13, 9, 5,26,22,18,14,10, 6,27,23,19,15,11, 7,28,24,
         20,16,12, 8) ], 
  [ ( 4,21,13, 5,22,14, 6,23,15, 7,24,16, 8,25,17, 9,26,18,10,27,19,11,28,20,
         12), ( 4,12,20,28,11,19,27,10,18,26, 9,17,25, 8,16,24, 7,15,23, 6,14,
         22, 5,13,21) ], 
  [ ( 4,11,18,25, 7,14,21,28,10,17,24, 6,13,20,27, 9,16,23, 5,12,19,26, 8,15,
         22), ( 4,22,15, 8,26,19,12, 5,23,16, 9,27,20,13, 6,24,17,10,28,21,14,
         7,25,18,11) ], 
  [ ( 4,26,23,20,17,14,11, 8, 5,27,24,21,18,15,12, 9, 6,28,25,22,19,16,13,10,
          7), ( 4, 7,10,13,16,19,22,25,28, 6, 9,12,15,18,21,24,27, 5, 8,11,14,
         17,20,23,26) ], 
  [ ( 4,16,28,15,27,14,26,13,25,12,24,11,23,10,22, 9,21, 8,20, 7,19, 6,18, 5,
         17), ( 4,17, 5,18, 6,19, 7,20, 8,21, 9,22,10,23,11,24,12,25,13,26,14,
         27,15,28,16) ], 
  [ ( 4, 6, 8,10,12,14,16,18,20,22,24,26,28, 5, 7, 9,11,13,15,17,19,21,23,25,
         27), ( 4,27,25,23,21,19,17,15,13,11, 9, 7, 5,28,26,24,22,20,18,16,14,
         12,10, 8, 6) ], [ (1,2,3), (1,3,2) ], 
  [ ( 1, 2, 3)( 4,19, 9,24,14)( 5,20,10,25,15)( 6,21,11,26,16)( 7,22,12,27,17)
        ( 8,23,13,28,18), ( 1, 3, 2)( 4,14,24, 9,19)( 5,15,25,10,20)
        ( 6,16,26,11,21)( 7,17,27,12,22)( 8,18,28,13,23) ], 
  [ ( 1, 2, 3)( 4, 9,14,19,24)( 5,10,15,20,25)( 6,11,16,21,26)( 7,12,17,22,27)
        ( 8,13,18,23,28), ( 1, 3, 2)( 4,24,19,14, 9)( 5,25,20,15,10)
        ( 6,26,21,16,11)( 7,27,22,17,12)( 8,28,23,18,13) ], 
  [ ( 1, 2, 3)( 4,24,19,14, 9)( 5,25,20,15,10)( 6,26,21,16,11)( 7,27,22,17,12)
        ( 8,28,23,18,13), ( 1, 3, 2)( 4, 9,14,19,24)( 5,10,15,20,25)
        ( 6,11,16,21,26)( 7,12,17,22,27)( 8,13,18,23,28) ], 
  [ ( 1, 2, 3)( 4,14,24, 9,19)( 5,15,25,10,20)( 6,16,26,11,21)( 7,17,27,12,22)
        ( 8,18,28,13,23), ( 1, 3, 2)( 4,19, 9,24,14)( 5,20,10,25,15)
        ( 6,21,11,26,16)( 7,22,12,27,17)( 8,23,13,28,18) ], 
  [ ( 1, 2, 3)( 4,27,25,23,21,19,17,15,13,11, 9, 7, 5,28,26,24,22,20,18,16,14,
         12,10, 8, 6), ( 1, 3, 2)( 4, 6, 8,10,12,14,16,18,20,22,24,26,28, 5,
          7, 9,11,13,15,17,19,21,23,25,27) ], 
  [ ( 1, 2, 3)( 4,17, 5,18, 6,19, 7,20, 8,21, 9,22,10,23,11,24,12,25,13,26,14,
         27,15,28,16), ( 1, 3, 2)( 4,16,28,15,27,14,26,13,25,12,24,11,23,10,
         22, 9,21, 8,20, 7,19, 6,18, 5,17) ], 
  [ ( 1, 2, 3)( 4, 7,10,13,16,19,22,25,28, 6, 9,12,15,18,21,24,27, 5, 8,11,14,
         17,20,23,26), ( 1, 3, 2)( 4,26,23,20,17,14,11, 8, 5,27,24,21,18,15,
         12, 9, 6,28,25,22,19,16,13,10, 7) ], 
  [ ( 1, 2, 3)( 4,22,15, 8,26,19,12, 5,23,16, 9,27,20,13, 6,24,17,10,28,21,14,
         7,25,18,11), ( 1, 3, 2)( 4,11,18,25, 7,14,21,28,10,17,24, 6,13,20,27,
         9,16,23, 5,12,19,26, 8,15,22) ], 
  [ ( 1, 2, 3)( 4,12,20,28,11,19,27,10,18,26, 9,17,25, 8,16,24, 7,15,23, 6,14,
         22, 5,13,21), ( 1, 3, 2)( 4,21,13, 5,22,14, 6,23,15, 7,24,16, 8,25,
         17, 9,26,18,10,27,19,11,28,20,12) ], 
  [ ( 1, 2, 3)( 4,25,21,17,13, 9, 5,26,22,18,14,10, 6,27,23,19,15,11, 7,28,24,
         20,16,12, 8), ( 1, 3, 2)( 4, 8,12,16,20,24,28, 7,11,15,19,23,27, 6,
         10,14,18,22,26, 5, 9,13,17,21,25) ], 
  [ ( 1, 2, 3)( 4,15,26,12,23, 9,20, 6,17,28,14,25,11,22, 8,19, 5,16,27,13,24,
         10,21, 7,18), ( 1, 3, 2)( 4,18, 7,21,10,24,13,27,16, 5,19, 8,22,11,
         25,14,28,17, 6,20, 9,23,12,26,15) ], 
  [ ( 1, 2, 3)( 4, 5, 6, 7, 8, 9,10,11,12,13,14,15,16,17,18,19,20,21,22,23,24,
         25,26,27,28), ( 1, 3, 2)( 4,28,27,26,25,24,23,22,21,20,19,18,17,16,
         15,14,13,12,11,10, 9, 8, 7, 6, 5) ], 
  [ ( 1, 2, 3)( 4,20,11,27,18, 9,25,16, 7,23,14, 5,21,12,28,19,10,26,17, 8,24,
         15, 6,22,13), ( 1, 3, 2)( 4,13,22, 6,15,24, 8,17,26,10,19,28,12,21,
          5,14,23, 7,16,25, 9,18,27,11,20) ], 
  [ ( 1, 2, 3)( 4,10,16,22,28, 9,15,21,27, 8,14,20,26, 7,13,19,25, 6,12,18,24,
         5,11,17,23), ( 1, 3, 2)( 4,23,17,11, 5,24,18,12, 6,25,19,13, 7,26,20,
         14, 8,27,21,15, 9,28,22,16,10) ], 
  [ ( 1, 2, 3)( 4,23,17,11, 5,24,18,12, 6,25,19,13, 7,26,20,14, 8,27,21,15, 9,
         28,22,16,10), ( 1, 3, 2)( 4,10,16,22,28, 9,15,21,27, 8,14,20,26, 7,
         13,19,25, 6,12,18,24, 5,11,17,23) ], 
  [ ( 1, 2, 3)( 4,13,22, 6,15,24, 8,17,26,10,19,28,12,21, 5,14,23, 7,16,25, 9,
         18,27,11,20), ( 1, 3, 2)( 4,20,11,27,18, 9,25,16, 7,23,14, 5,21,12,
         28,19,10,26,17, 8,24,15, 6,22,13) ], 
  [ ( 1, 2, 3)( 4,28,27,26,25,24,23,22,21,20,19,18,17,16,15,14,13,12,11,10, 9,
         8, 7, 6, 5), ( 1, 3, 2)( 4, 5, 6, 7, 8, 9,10,11,12,13,14,15,16,17,18,
         19,20,21,22,23,24,25,26,27,28) ], 
  [ ( 1, 2, 3)( 4,18, 7,21,10,24,13,27,16, 5,19, 8,22,11,25,14,28,17, 6,20, 9,
         23,12,26,15), ( 1, 3, 2)( 4,15,26,12,23, 9,20, 6,17,28,14,25,11,22,
          8,19, 5,16,27,13,24,10,21, 7,18) ], 
  [ ( 1, 2, 3)( 4, 8,12,16,20,24,28, 7,11,15,19,23,27, 6,10,14,18,22,26, 5, 9,
         13,17,21,25), ( 1, 3, 2)( 4,25,21,17,13, 9, 5,26,22,18,14,10, 6,27,
         23,19,15,11, 7,28,24,20,16,12, 8) ], 
  [ ( 1, 2, 3)( 4,21,13, 5,22,14, 6,23,15, 7,24,16, 8,25,17, 9,26,18,10,27,19,
         11,28,20,12), ( 1, 3, 2)( 4,12,20,28,11,19,27,10,18,26, 9,17,25, 8,
         16,24, 7,15,23, 6,14,22, 5,13,21) ], 
  [ ( 1, 2, 3)( 4,11,18,25, 7,14,21,28,10,17,24, 6,13,20,27, 9,16,23, 5,12,19,
         26, 8,15,22), ( 1, 3, 2)( 4,22,15, 8,26,19,12, 5,23,16, 9,27,20,13,
          6,24,17,10,28,21,14, 7,25,18,11) ], 
  [ ( 1, 2, 3)( 4,26,23,20,17,14,11, 8, 5,27,24,21,18,15,12, 9, 6,28,25,22,19,
         16,13,10, 7), ( 1, 3, 2)( 4, 7,10,13,16,19,22,25,28, 6, 9,12,15,18,
         21,24,27, 5, 8,11,14,17,20,23,26) ], 
  [ ( 1, 2, 3)( 4,16,28,15,27,14,26,13,25,12,24,11,23,10,22, 9,21, 8,20, 7,19,
         6,18, 5,17), ( 1, 3, 2)( 4,17, 5,18, 6,19, 7,20, 8,21, 9,22,10,23,11,
         24,12,25,13,26,14,27,15,28,16) ], 
  [ ( 1, 2, 3)( 4, 6, 8,10,12,14,16,18,20,22,24,26,28, 5, 7, 9,11,13,15,17,19,
         21,23,25,27), ( 1, 3, 2)( 4,27,25,23,21,19,17,15,13,11, 9, 7, 5,28,
         26,24,22,20,18,16,14,12,10, 8, 6) ], [ (1,3,2), (1,2,3) ], 
  [ ( 1, 3, 2)( 4,19, 9,24,14)( 5,20,10,25,15)( 6,21,11,26,16)( 7,22,12,27,17)
        ( 8,23,13,28,18), ( 1, 2, 3)( 4,14,24, 9,19)( 5,15,25,10,20)
        ( 6,16,26,11,21)( 7,17,27,12,22)( 8,18,28,13,23) ], 
  [ ( 1, 3, 2)( 4, 9,14,19,24)( 5,10,15,20,25)( 6,11,16,21,26)( 7,12,17,22,27)
        ( 8,13,18,23,28), ( 1, 2, 3)( 4,24,19,14, 9)( 5,25,20,15,10)
        ( 6,26,21,16,11)( 7,27,22,17,12)( 8,28,23,18,13) ], 
  [ ( 1, 3, 2)( 4,24,19,14, 9)( 5,25,20,15,10)( 6,26,21,16,11)( 7,27,22,17,12)
        ( 8,28,23,18,13), ( 1, 2, 3)( 4, 9,14,19,24)( 5,10,15,20,25)
        ( 6,11,16,21,26)( 7,12,17,22,27)( 8,13,18,23,28) ], 
  [ ( 1, 3, 2)( 4,14,24, 9,19)( 5,15,25,10,20)( 6,16,26,11,21)( 7,17,27,12,22)
        ( 8,18,28,13,23), ( 1, 2, 3)( 4,19, 9,24,14)( 5,20,10,25,15)
        ( 6,21,11,26,16)( 7,22,12,27,17)( 8,23,13,28,18) ], 
  [ ( 1, 3, 2)( 4,27,25,23,21,19,17,15,13,11, 9, 7, 5,28,26,24,22,20,18,16,14,
         12,10, 8, 6), ( 1, 2, 3)( 4, 6, 8,10,12,14,16,18,20,22,24,26,28, 5,
          7, 9,11,13,15,17,19,21,23,25,27) ], 
  [ ( 1, 3, 2)( 4,17, 5,18, 6,19, 7,20, 8,21, 9,22,10,23,11,24,12,25,13,26,14,
         27,15,28,16), ( 1, 2, 3)( 4,16,28,15,27,14,26,13,25,12,24,11,23,10,
         22, 9,21, 8,20, 7,19, 6,18, 5,17) ], 
  [ ( 1, 3, 2)( 4, 7,10,13,16,19,22,25,28, 6, 9,12,15,18,21,24,27, 5, 8,11,14,
         17,20,23,26), ( 1, 2, 3)( 4,26,23,20,17,14,11, 8, 5,27,24,21,18,15,
         12, 9, 6,28,25,22,19,16,13,10, 7) ], 
  [ ( 1, 3, 2)( 4,22,15, 8,26,19,12, 5,23,16, 9,27,20,13, 6,24,17,10,28,21,14,
         7,25,18,11), ( 1, 2, 3)( 4,11,18,25, 7,14,21,28,10,17,24, 6,13,20,27,
         9,16,23, 5,12,19,26, 8,15,22) ], 
  [ ( 1, 3, 2)( 4,12,20,28,11,19,27,10,18,26, 9,17,25, 8,16,24, 7,15,23, 6,14,
         22, 5,13,21), ( 1, 2, 3)( 4,21,13, 5,22,14, 6,23,15, 7,24,16, 8,25,
         17, 9,26,18,10,27,19,11,28,20,12) ], 
  [ ( 1, 3, 2)( 4,25,21,17,13, 9, 5,26,22,18,14,10, 6,27,23,19,15,11, 7,28,24,
         20,16,12, 8), ( 1, 2, 3)( 4, 8,12,16,20,24,28, 7,11,15,19,23,27, 6,
         10,14,18,22,26, 5, 9,13,17,21,25) ], 
  [ ( 1, 3, 2)( 4,15,26,12,23, 9,20, 6,17,28,14,25,11,22, 8,19, 5,16,27,13,24,
         10,21, 7,18), ( 1, 2, 3)( 4,18, 7,21,10,24,13,27,16, 5,19, 8,22,11,
         25,14,28,17, 6,20, 9,23,12,26,15) ], 
  [ ( 1, 3, 2)( 4, 5, 6, 7, 8, 9,10,11,12,13,14,15,16,17,18,19,20,21,22,23,24,
         25,26,27,28), ( 1, 2, 3)( 4,28,27,26,25,24,23,22,21,20,19,18,17,16,
         15,14,13,12,11,10, 9, 8, 7, 6, 5) ], 
  [ ( 1, 3, 2)( 4,20,11,27,18, 9,25,16, 7,23,14, 5,21,12,28,19,10,26,17, 8,24,
         15, 6,22,13), ( 1, 2, 3)( 4,13,22, 6,15,24, 8,17,26,10,19,28,12,21,
          5,14,23, 7,16,25, 9,18,27,11,20) ], 
  [ ( 1, 3, 2)( 4,10,16,22,28, 9,15,21,27, 8,14,20,26, 7,13,19,25, 6,12,18,24,
         5,11,17,23), ( 1, 2, 3)( 4,23,17,11, 5,24,18,12, 6,25,19,13, 7,26,20,
         14, 8,27,21,15, 9,28,22,16,10) ], 
  [ ( 1, 3, 2)( 4,23,17,11, 5,24,18,12, 6,25,19,13, 7,26,20,14, 8,27,21,15, 9,
         28,22,16,10), ( 1, 2, 3)( 4,10,16,22,28, 9,15,21,27, 8,14,20,26, 7,
         13,19,25, 6,12,18,24, 5,11,17,23) ], 
  [ ( 1, 3, 2)( 4,13,22, 6,15,24, 8,17,26,10,19,28,12,21, 5,14,23, 7,16,25, 9,
         18,27,11,20), ( 1, 2, 3)( 4,20,11,27,18, 9,25,16, 7,23,14, 5,21,12,
         28,19,10,26,17, 8,24,15, 6,22,13) ], 
  [ ( 1, 3, 2)( 4,28,27,26,25,24,23,22,21,20,19,18,17,16,15,14,13,12,11,10, 9,
         8, 7, 6, 5), ( 1, 2, 3)( 4, 5, 6, 7, 8, 9,10,11,12,13,14,15,16,17,18,
         19,20,21,22,23,24,25,26,27,28) ], 
  [ ( 1, 3, 2)( 4,18, 7,21,10,24,13,27,16, 5,19, 8,22,11,25,14,28,17, 6,20, 9,
         23,12,26,15), ( 1, 2, 3)( 4,15,26,12,23, 9,20, 6,17,28,14,25,11,22,
          8,19, 5,16,27,13,24,10,21, 7,18) ], 
  [ ( 1, 3, 2)( 4, 8,12,16,20,24,28, 7,11,15,19,23,27, 6,10,14,18,22,26, 5, 9,
         13,17,21,25), ( 1, 2, 3)( 4,25,21,17,13, 9, 5,26,22,18,14,10, 6,27,
         23,19,15,11, 7,28,24,20,16,12, 8) ], 
  [ ( 1, 3, 2)( 4,21,13, 5,22,14, 6,23,15, 7,24,16, 8,25,17, 9,26,18,10,27,19,
         11,28,20,12), ( 1, 2, 3)( 4,12,20,28,11,19,27,10,18,26, 9,17,25, 8,
         16,24, 7,15,23, 6,14,22, 5,13,21) ], 
  [ ( 1, 3, 2)( 4,11,18,25, 7,14,21,28,10,17,24, 6,13,20,27, 9,16,23, 5,12,19,
         26, 8,15,22), ( 1, 2, 3)( 4,22,15, 8,26,19,12, 5,23,16, 9,27,20,13,
          6,24,17,10,28,21,14, 7,25,18,11) ], 
  [ ( 1, 3, 2)( 4,26,23,20,17,14,11, 8, 5,27,24,21,18,15,12, 9, 6,28,25,22,19,
         16,13,10, 7), ( 1, 2, 3)( 4, 7,10,13,16,19,22,25,28, 6, 9,12,15,18,
         21,24,27, 5, 8,11,14,17,20,23,26) ], 
  [ ( 1, 3, 2)( 4,16,28,15,27,14,26,13,25,12,24,11,23,10,22, 9,21, 8,20, 7,19,
         6,18, 5,17), ( 1, 2, 3)( 4,17, 5,18, 6,19, 7,20, 8,21, 9,22,10,23,11,
         24,12,25,13,26,14,27,15,28,16) ], 
  [ ( 1, 3, 2)( 4, 6, 8,10,12,14,16,18,20,22,24,26,28, 5, 7, 9,11,13,15,17,19,
         21,23,25,27), ( 1, 2, 3)( 4,27,25,23,21,19,17,15,13,11, 9, 7, 5,28,
         26,24,22,20,18,16,14,12,10, 8, 6) ] ]
);

BRACES[75].brace[2] := rec ( size := 75, perms :=
[ [ (), () ], 
  [ ( 4,19, 9,24,14)( 5,20,10,25,15)( 6,21,11,26,16)( 7,22,12,27,17)
        ( 8,23,13,28,18), ( 4,19, 9,24,14)( 5,20,10,25,15)( 6,21,11,26,16)
        ( 7,22,12,27,17)( 8,23,13,28,18) ], 
  [ ( 4, 9,14,19,24)( 5,10,15,20,25)( 6,11,16,21,26)( 7,12,17,22,27)
        ( 8,13,18,23,28), ( 4, 9,14,19,24)( 5,10,15,20,25)( 6,11,16,21,26)
        ( 7,12,17,22,27)( 8,13,18,23,28) ], 
  [ ( 4,24,19,14, 9)( 5,25,20,15,10)( 6,26,21,16,11)( 7,27,22,17,12)
        ( 8,28,23,18,13), ( 4,24,19,14, 9)( 5,25,20,15,10)( 6,26,21,16,11)
        ( 7,27,22,17,12)( 8,28,23,18,13) ], 
  [ ( 4,14,24, 9,19)( 5,15,25,10,20)( 6,16,26,11,21)( 7,17,27,12,22)
        ( 8,18,28,13,23), ( 4,14,24, 9,19)( 5,15,25,10,20)( 6,16,26,11,21)
        ( 7,17,27,12,22)( 8,18,28,13,23) ], 
  [ ( 4,27,25,23,21,19,17,15,13,11, 9, 7, 5,28,26,24,22,20,18,16,14,12,10, 8,
          6), ( 4,17, 5,18, 6,19, 7,20, 8,21, 9,22,10,23,11,24,12,25,13,26,14,
         27,15,28,16) ], 
  [ ( 4,17, 5,18, 6,19, 7,20, 8,21, 9,22,10,23,11,24,12,25,13,26,14,27,15,28,
         16), ( 4, 7,10,13,16,19,22,25,28, 6, 9,12,15,18,21,24,27, 5, 8,11,14,
         17,20,23,26) ], 
  [ ( 4, 7,10,13,16,19,22,25,28, 6, 9,12,15,18,21,24,27, 5, 8,11,14,17,20,23,
         26), ( 4,22,15, 8,26,19,12, 5,23,16, 9,27,20,13, 6,24,17,10,28,21,14,
         7,25,18,11) ], 
  [ ( 4,22,15, 8,26,19,12, 5,23,16, 9,27,20,13, 6,24,17,10,28,21,14, 7,25,18,
         11), ( 4,12,20,28,11,19,27,10,18,26, 9,17,25, 8,16,24, 7,15,23, 6,14,
         22, 5,13,21) ], 
  [ ( 4,12,20,28,11,19,27,10,18,26, 9,17,25, 8,16,24, 7,15,23, 6,14,22, 5,13,
         21), ( 4,27,25,23,21,19,17,15,13,11, 9, 7, 5,28,26,24,22,20,18,16,14,
         12,10, 8, 6) ], 
  [ ( 4,25,21,17,13, 9, 5,26,22,18,14,10, 6,27,23,19,15,11, 7,28,24,20,16,12,
          8), ( 4,25,21,17,13, 9, 5,26,22,18,14,10, 6,27,23,19,15,11, 7,28,24,
         20,16,12, 8) ], 
  [ ( 4,15,26,12,23, 9,20, 6,17,28,14,25,11,22, 8,19, 5,16,27,13,24,10,21, 7,
         18), ( 4,15,26,12,23, 9,20, 6,17,28,14,25,11,22, 8,19, 5,16,27,13,24,
         10,21, 7,18) ], 
  [ ( 4, 5, 6, 7, 8, 9,10,11,12,13,14,15,16,17,18,19,20,21,22,23,24,25,26,27,
         28), ( 4, 5, 6, 7, 8, 9,10,11,12,13,14,15,16,17,18,19,20,21,22,23,24,
         25,26,27,28) ], 
  [ ( 4,20,11,27,18, 9,25,16, 7,23,14, 5,21,12,28,19,10,26,17, 8,24,15, 6,22,
         13), ( 4,20,11,27,18, 9,25,16, 7,23,14, 5,21,12,28,19,10,26,17, 8,24,
         15, 6,22,13) ], 
  [ ( 4,10,16,22,28, 9,15,21,27, 8,14,20,26, 7,13,19,25, 6,12,18,24, 5,11,17,
         23), ( 4,10,16,22,28, 9,15,21,27, 8,14,20,26, 7,13,19,25, 6,12,18,24,
         5,11,17,23) ], 
  [ ( 4,23,17,11, 5,24,18,12, 6,25,19,13, 7,26,20,14, 8,27,21,15, 9,28,22,16,
         10), ( 4,28,27,26,25,24,23,22,21,20,19,18,17,16,15,14,13,12,11,10, 9,
         8, 7, 6, 5) ], 
  [ ( 4,13,22, 6,15,24, 8,17,26,10,19,28,12,21, 5,14,23, 7,16,25, 9,18,27,11,
         20), ( 4,18, 7,21,10,24,13,27,16, 5,19, 8,22,11,25,14,28,17, 6,20, 9,
         23,12,26,15) ], 
  [ ( 4,28,27,26,25,24,23,22,21,20,19,18,17,16,15,14,13,12,11,10, 9, 8, 7, 6,
          5), ( 4, 8,12,16,20,24,28, 7,11,15,19,23,27, 6,10,14,18,22,26, 5, 9,
         13,17,21,25) ], 
  [ ( 4,18, 7,21,10,24,13,27,16, 5,19, 8,22,11,25,14,28,17, 6,20, 9,23,12,26,
         15), ( 4,23,17,11, 5,24,18,12, 6,25,19,13, 7,26,20,14, 8,27,21,15, 9,
         28,22,16,10) ], 
  [ ( 4, 8,12,16,20,24,28, 7,11,15,19,23,27, 6,10,14,18,22,26, 5, 9,13,17,21,
         25), ( 4,13,22, 6,15,24, 8,17,26,10,19,28,12,21, 5,14,23, 7,16,25, 9,
         18,27,11,20) ], 
  [ ( 4,21,13, 5,22,14, 6,23,15, 7,24,16, 8,25,17, 9,26,18,10,27,19,11,28,20,
         12), ( 4,26,23,20,17,14,11, 8, 5,27,24,21,18,15,12, 9, 6,28,25,22,19,
         16,13,10, 7) ], 
  [ ( 4,11,18,25, 7,14,21,28,10,17,24, 6,13,20,27, 9,16,23, 5,12,19,26, 8,15,
         22), ( 4,16,28,15,27,14,26,13,25,12,24,11,23,10,22, 9,21, 8,20, 7,19,
         6,18, 5,17) ], 
  [ ( 4,26,23,20,17,14,11, 8, 5,27,24,21,18,15,12, 9, 6,28,25,22,19,16,13,10,
          7), ( 4, 6, 8,10,12,14,16,18,20,22,24,26,28, 5, 7, 9,11,13,15,17,19,
         21,23,25,27) ], 
  [ ( 4,16,28,15,27,14,26,13,25,12,24,11,23,10,22, 9,21, 8,20, 7,19, 6,18, 5,
         17), ( 4,21,13, 5,22,14, 6,23,15, 7,24,16, 8,25,17, 9,26,18,10,27,19,
         11,28,20,12) ], 
  [ ( 4, 6, 8,10,12,14,16,18,20,22,24,26,28, 5, 7, 9,11,13,15,17,19,21,23,25,
         27), ( 4,11,18,25, 7,14,21,28,10,17,24, 6,13,20,27, 9,16,23, 5,12,19,
         26, 8,15,22) ], [ (1,2,3), (1,2,3) ], 
  [ ( 1, 2, 3)( 4,19, 9,24,14)( 5,20,10,25,15)( 6,21,11,26,16)( 7,22,12,27,17)
        ( 8,23,13,28,18), ( 1, 2, 3)( 4,19, 9,24,14)( 5,20,10,25,15)
        ( 6,21,11,26,16)( 7,22,12,27,17)( 8,23,13,28,18) ], 
  [ ( 1, 2, 3)( 4, 9,14,19,24)( 5,10,15,20,25)( 6,11,16,21,26)( 7,12,17,22,27)
        ( 8,13,18,23,28), ( 1, 2, 3)( 4, 9,14,19,24)( 5,10,15,20,25)
        ( 6,11,16,21,26)( 7,12,17,22,27)( 8,13,18,23,28) ], 
  [ ( 1, 2, 3)( 4,24,19,14, 9)( 5,25,20,15,10)( 6,26,21,16,11)( 7,27,22,17,12)
        ( 8,28,23,18,13), ( 1, 2, 3)( 4,24,19,14, 9)( 5,25,20,15,10)
        ( 6,26,21,16,11)( 7,27,22,17,12)( 8,28,23,18,13) ], 
  [ ( 1, 2, 3)( 4,14,24, 9,19)( 5,15,25,10,20)( 6,16,26,11,21)( 7,17,27,12,22)
        ( 8,18,28,13,23), ( 1, 2, 3)( 4,14,24, 9,19)( 5,15,25,10,20)
        ( 6,16,26,11,21)( 7,17,27,12,22)( 8,18,28,13,23) ], 
  [ ( 1, 2, 3)( 4,27,25,23,21,19,17,15,13,11, 9, 7, 5,28,26,24,22,20,18,16,14,
         12,10, 8, 6), ( 1, 2, 3)( 4,17, 5,18, 6,19, 7,20, 8,21, 9,22,10,23,
         11,24,12,25,13,26,14,27,15,28,16) ], 
  [ ( 1, 2, 3)( 4,17, 5,18, 6,19, 7,20, 8,21, 9,22,10,23,11,24,12,25,13,26,14,
         27,15,28,16), ( 1, 2, 3)( 4, 7,10,13,16,19,22,25,28, 6, 9,12,15,18,
         21,24,27, 5, 8,11,14,17,20,23,26) ], 
  [ ( 1, 2, 3)( 4, 7,10,13,16,19,22,25,28, 6, 9,12,15,18,21,24,27, 5, 8,11,14,
         17,20,23,26), ( 1, 2, 3)( 4,22,15, 8,26,19,12, 5,23,16, 9,27,20,13,
          6,24,17,10,28,21,14, 7,25,18,11) ], 
  [ ( 1, 2, 3)( 4,22,15, 8,26,19,12, 5,23,16, 9,27,20,13, 6,24,17,10,28,21,14,
         7,25,18,11), ( 1, 2, 3)( 4,12,20,28,11,19,27,10,18,26, 9,17,25, 8,16,
         24, 7,15,23, 6,14,22, 5,13,21) ], 
  [ ( 1, 2, 3)( 4,12,20,28,11,19,27,10,18,26, 9,17,25, 8,16,24, 7,15,23, 6,14,
         22, 5,13,21), ( 1, 2, 3)( 4,27,25,23,21,19,17,15,13,11, 9, 7, 5,28,
         26,24,22,20,18,16,14,12,10, 8, 6) ], 
  [ ( 1, 2, 3)( 4,25,21,17,13, 9, 5,26,22,18,14,10, 6,27,23,19,15,11, 7,28,24,
         20,16,12, 8), ( 1, 2, 3)( 4,25,21,17,13, 9, 5,26,22,18,14,10, 6,27,
         23,19,15,11, 7,28,24,20,16,12, 8) ], 
  [ ( 1, 2, 3)( 4,15,26,12,23, 9,20, 6,17,28,14,25,11,22, 8,19, 5,16,27,13,24,
         10,21, 7,18), ( 1, 2, 3)( 4,15,26,12,23, 9,20, 6,17,28,14,25,11,22,
          8,19, 5,16,27,13,24,10,21, 7,18) ], 
  [ ( 1, 2, 3)( 4, 5, 6, 7, 8, 9,10,11,12,13,14,15,16,17,18,19,20,21,22,23,24,
         25,26,27,28), ( 1, 2, 3)( 4, 5, 6, 7, 8, 9,10,11,12,13,14,15,16,17,
         18,19,20,21,22,23,24,25,26,27,28) ], 
  [ ( 1, 2, 3)( 4,20,11,27,18, 9,25,16, 7,23,14, 5,21,12,28,19,10,26,17, 8,24,
         15, 6,22,13), ( 1, 2, 3)( 4,20,11,27,18, 9,25,16, 7,23,14, 5,21,12,
         28,19,10,26,17, 8,24,15, 6,22,13) ], 
  [ ( 1, 2, 3)( 4,10,16,22,28, 9,15,21,27, 8,14,20,26, 7,13,19,25, 6,12,18,24,
         5,11,17,23), ( 1, 2, 3)( 4,10,16,22,28, 9,15,21,27, 8,14,20,26, 7,13,
         19,25, 6,12,18,24, 5,11,17,23) ], 
  [ ( 1, 2, 3)( 4,23,17,11, 5,24,18,12, 6,25,19,13, 7,26,20,14, 8,27,21,15, 9,
         28,22,16,10), ( 1, 2, 3)( 4,28,27,26,25,24,23,22,21,20,19,18,17,16,
         15,14,13,12,11,10, 9, 8, 7, 6, 5) ], 
  [ ( 1, 2, 3)( 4,13,22, 6,15,24, 8,17,26,10,19,28,12,21, 5,14,23, 7,16,25, 9,
         18,27,11,20), ( 1, 2, 3)( 4,18, 7,21,10,24,13,27,16, 5,19, 8,22,11,
         25,14,28,17, 6,20, 9,23,12,26,15) ], 
  [ ( 1, 2, 3)( 4,28,27,26,25,24,23,22,21,20,19,18,17,16,15,14,13,12,11,10, 9,
         8, 7, 6, 5), ( 1, 2, 3)( 4, 8,12,16,20,24,28, 7,11,15,19,23,27, 6,10,
         14,18,22,26, 5, 9,13,17,21,25) ], 
  [ ( 1, 2, 3)( 4,18, 7,21,10,24,13,27,16, 5,19, 8,22,11,25,14,28,17, 6,20, 9,
         23,12,26,15), ( 1, 2, 3)( 4,23,17,11, 5,24,18,12, 6,25,19,13, 7,26,
         20,14, 8,27,21,15, 9,28,22,16,10) ], 
  [ ( 1, 2, 3)( 4, 8,12,16,20,24,28, 7,11,15,19,23,27, 6,10,14,18,22,26, 5, 9,
         13,17,21,25), ( 1, 2, 3)( 4,13,22, 6,15,24, 8,17,26,10,19,28,12,21,
          5,14,23, 7,16,25, 9,18,27,11,20) ], 
  [ ( 1, 2, 3)( 4,21,13, 5,22,14, 6,23,15, 7,24,16, 8,25,17, 9,26,18,10,27,19,
         11,28,20,12), ( 1, 2, 3)( 4,26,23,20,17,14,11, 8, 5,27,24,21,18,15,
         12, 9, 6,28,25,22,19,16,13,10, 7) ], 
  [ ( 1, 2, 3)( 4,11,18,25, 7,14,21,28,10,17,24, 6,13,20,27, 9,16,23, 5,12,19,
         26, 8,15,22), ( 1, 2, 3)( 4,16,28,15,27,14,26,13,25,12,24,11,23,10,
         22, 9,21, 8,20, 7,19, 6,18, 5,17) ], 
  [ ( 1, 2, 3)( 4,26,23,20,17,14,11, 8, 5,27,24,21,18,15,12, 9, 6,28,25,22,19,
         16,13,10, 7), ( 1, 2, 3)( 4, 6, 8,10,12,14,16,18,20,22,24,26,28, 5,
          7, 9,11,13,15,17,19,21,23,25,27) ], 
  [ ( 1, 2, 3)( 4,16,28,15,27,14,26,13,25,12,24,11,23,10,22, 9,21, 8,20, 7,19,
         6,18, 5,17), ( 1, 2, 3)( 4,21,13, 5,22,14, 6,23,15, 7,24,16, 8,25,17,
         9,26,18,10,27,19,11,28,20,12) ], 
  [ ( 1, 2, 3)( 4, 6, 8,10,12,14,16,18,20,22,24,26,28, 5, 7, 9,11,13,15,17,19,
         21,23,25,27), ( 1, 2, 3)( 4,11,18,25, 7,14,21,28,10,17,24, 6,13,20,
         27, 9,16,23, 5,12,19,26, 8,15,22) ], [ (1,3,2), (1,3,2) ], 
  [ ( 1, 3, 2)( 4,19, 9,24,14)( 5,20,10,25,15)( 6,21,11,26,16)( 7,22,12,27,17)
        ( 8,23,13,28,18), ( 1, 3, 2)( 4,19, 9,24,14)( 5,20,10,25,15)
        ( 6,21,11,26,16)( 7,22,12,27,17)( 8,23,13,28,18) ], 
  [ ( 1, 3, 2)( 4, 9,14,19,24)( 5,10,15,20,25)( 6,11,16,21,26)( 7,12,17,22,27)
        ( 8,13,18,23,28), ( 1, 3, 2)( 4, 9,14,19,24)( 5,10,15,20,25)
        ( 6,11,16,21,26)( 7,12,17,22,27)( 8,13,18,23,28) ], 
  [ ( 1, 3, 2)( 4,24,19,14, 9)( 5,25,20,15,10)( 6,26,21,16,11)( 7,27,22,17,12)
        ( 8,28,23,18,13), ( 1, 3, 2)( 4,24,19,14, 9)( 5,25,20,15,10)
        ( 6,26,21,16,11)( 7,27,22,17,12)( 8,28,23,18,13) ], 
  [ ( 1, 3, 2)( 4,14,24, 9,19)( 5,15,25,10,20)( 6,16,26,11,21)( 7,17,27,12,22)
        ( 8,18,28,13,23), ( 1, 3, 2)( 4,14,24, 9,19)( 5,15,25,10,20)
        ( 6,16,26,11,21)( 7,17,27,12,22)( 8,18,28,13,23) ], 
  [ ( 1, 3, 2)( 4,27,25,23,21,19,17,15,13,11, 9, 7, 5,28,26,24,22,20,18,16,14,
         12,10, 8, 6), ( 1, 3, 2)( 4,17, 5,18, 6,19, 7,20, 8,21, 9,22,10,23,
         11,24,12,25,13,26,14,27,15,28,16) ], 
  [ ( 1, 3, 2)( 4,17, 5,18, 6,19, 7,20, 8,21, 9,22,10,23,11,24,12,25,13,26,14,
         27,15,28,16), ( 1, 3, 2)( 4, 7,10,13,16,19,22,25,28, 6, 9,12,15,18,
         21,24,27, 5, 8,11,14,17,20,23,26) ], 
  [ ( 1, 3, 2)( 4, 7,10,13,16,19,22,25,28, 6, 9,12,15,18,21,24,27, 5, 8,11,14,
         17,20,23,26), ( 1, 3, 2)( 4,22,15, 8,26,19,12, 5,23,16, 9,27,20,13,
          6,24,17,10,28,21,14, 7,25,18,11) ], 
  [ ( 1, 3, 2)( 4,22,15, 8,26,19,12, 5,23,16, 9,27,20,13, 6,24,17,10,28,21,14,
         7,25,18,11), ( 1, 3, 2)( 4,12,20,28,11,19,27,10,18,26, 9,17,25, 8,16,
         24, 7,15,23, 6,14,22, 5,13,21) ], 
  [ ( 1, 3, 2)( 4,12,20,28,11,19,27,10,18,26, 9,17,25, 8,16,24, 7,15,23, 6,14,
         22, 5,13,21), ( 1, 3, 2)( 4,27,25,23,21,19,17,15,13,11, 9, 7, 5,28,
         26,24,22,20,18,16,14,12,10, 8, 6) ], 
  [ ( 1, 3, 2)( 4,25,21,17,13, 9, 5,26,22,18,14,10, 6,27,23,19,15,11, 7,28,24,
         20,16,12, 8), ( 1, 3, 2)( 4,25,21,17,13, 9, 5,26,22,18,14,10, 6,27,
         23,19,15,11, 7,28,24,20,16,12, 8) ], 
  [ ( 1, 3, 2)( 4,15,26,12,23, 9,20, 6,17,28,14,25,11,22, 8,19, 5,16,27,13,24,
         10,21, 7,18), ( 1, 3, 2)( 4,15,26,12,23, 9,20, 6,17,28,14,25,11,22,
          8,19, 5,16,27,13,24,10,21, 7,18) ], 
  [ ( 1, 3, 2)( 4, 5, 6, 7, 8, 9,10,11,12,13,14,15,16,17,18,19,20,21,22,23,24,
         25,26,27,28), ( 1, 3, 2)( 4, 5, 6, 7, 8, 9,10,11,12,13,14,15,16,17,
         18,19,20,21,22,23,24,25,26,27,28) ], 
  [ ( 1, 3, 2)( 4,20,11,27,18, 9,25,16, 7,23,14, 5,21,12,28,19,10,26,17, 8,24,
         15, 6,22,13), ( 1, 3, 2)( 4,20,11,27,18, 9,25,16, 7,23,14, 5,21,12,
         28,19,10,26,17, 8,24,15, 6,22,13) ], 
  [ ( 1, 3, 2)( 4,10,16,22,28, 9,15,21,27, 8,14,20,26, 7,13,19,25, 6,12,18,24,
         5,11,17,23), ( 1, 3, 2)( 4,10,16,22,28, 9,15,21,27, 8,14,20,26, 7,13,
         19,25, 6,12,18,24, 5,11,17,23) ], 
  [ ( 1, 3, 2)( 4,23,17,11, 5,24,18,12, 6,25,19,13, 7,26,20,14, 8,27,21,15, 9,
         28,22,16,10), ( 1, 3, 2)( 4,28,27,26,25,24,23,22,21,20,19,18,17,16,
         15,14,13,12,11,10, 9, 8, 7, 6, 5) ], 
  [ ( 1, 3, 2)( 4,13,22, 6,15,24, 8,17,26,10,19,28,12,21, 5,14,23, 7,16,25, 9,
         18,27,11,20), ( 1, 3, 2)( 4,18, 7,21,10,24,13,27,16, 5,19, 8,22,11,
         25,14,28,17, 6,20, 9,23,12,26,15) ], 
  [ ( 1, 3, 2)( 4,28,27,26,25,24,23,22,21,20,19,18,17,16,15,14,13,12,11,10, 9,
         8, 7, 6, 5), ( 1, 3, 2)( 4, 8,12,16,20,24,28, 7,11,15,19,23,27, 6,10,
         14,18,22,26, 5, 9,13,17,21,25) ], 
  [ ( 1, 3, 2)( 4,18, 7,21,10,24,13,27,16, 5,19, 8,22,11,25,14,28,17, 6,20, 9,
         23,12,26,15), ( 1, 3, 2)( 4,23,17,11, 5,24,18,12, 6,25,19,13, 7,26,
         20,14, 8,27,21,15, 9,28,22,16,10) ], 
  [ ( 1, 3, 2)( 4, 8,12,16,20,24,28, 7,11,15,19,23,27, 6,10,14,18,22,26, 5, 9,
         13,17,21,25), ( 1, 3, 2)( 4,13,22, 6,15,24, 8,17,26,10,19,28,12,21,
          5,14,23, 7,16,25, 9,18,27,11,20) ], 
  [ ( 1, 3, 2)( 4,21,13, 5,22,14, 6,23,15, 7,24,16, 8,25,17, 9,26,18,10,27,19,
         11,28,20,12), ( 1, 3, 2)( 4,26,23,20,17,14,11, 8, 5,27,24,21,18,15,
         12, 9, 6,28,25,22,19,16,13,10, 7) ], 
  [ ( 1, 3, 2)( 4,11,18,25, 7,14,21,28,10,17,24, 6,13,20,27, 9,16,23, 5,12,19,
         26, 8,15,22), ( 1, 3, 2)( 4,16,28,15,27,14,26,13,25,12,24,11,23,10,
         22, 9,21, 8,20, 7,19, 6,18, 5,17) ], 
  [ ( 1, 3, 2)( 4,26,23,20,17,14,11, 8, 5,27,24,21,18,15,12, 9, 6,28,25,22,19,
         16,13,10, 7), ( 1, 3, 2)( 4, 6, 8,10,12,14,16,18,20,22,24,26,28, 5,
          7, 9,11,13,15,17,19,21,23,25,27) ], 
  [ ( 1, 3, 2)( 4,16,28,15,27,14,26,13,25,12,24,11,23,10,22, 9,21, 8,20, 7,19,
         6,18, 5,17), ( 1, 3, 2)( 4,21,13, 5,22,14, 6,23,15, 7,24,16, 8,25,17,
         9,26,18,10,27,19,11,28,20,12) ], 
  [ ( 1, 3, 2)( 4, 6, 8,10,12,14,16,18,20,22,24,26,28, 5, 7, 9,11,13,15,17,19,
         21,23,25,27), ( 1, 3, 2)( 4,11,18,25, 7,14,21,28,10,17,24, 6,13,20,
         27, 9,16,23, 5,12,19,26, 8,15,22) ] ]
);

BRACES[75].brace[3] := rec ( size := 75, perms :=
[ [ (), () ], 
  [ ( 1,26,51)( 2,27,52)( 3,28,53)( 4,29,54)( 5,30,55)( 6,31,56)( 7,32,57)
        ( 8,33,58)( 9,34,59)(10,35,60)(11,36,61)(12,37,62)(13,38,63)(14,39,64)
        (15,40,65)(16,41,66)(17,42,67)(18,43,68)(19,44,69)(20,45,70)(21,46,71)
        (22,47,72)(23,48,73)(24,49,74)(25,50,75), 
      ( 1,51,26)( 2,52,27)( 3,53,28)( 4,54,29)( 5,55,30)( 6,56,31)( 7,57,32)
        ( 8,58,33)( 9,59,34)(10,60,35)(11,61,36)(12,62,37)(13,63,38)(14,64,39)
        (15,65,40)(16,66,41)(17,67,42)(18,68,43)(19,69,44)(20,70,45)(21,71,46)
        (22,72,47)(23,73,48)(24,74,49)(25,75,50) ], 
  [ ( 1,51,26)( 2,52,27)( 3,53,28)( 4,54,29)( 5,55,30)( 6,56,31)( 7,57,32)
        ( 8,58,33)( 9,59,34)(10,60,35)(11,61,36)(12,62,37)(13,63,38)(14,64,39)
        (15,65,40)(16,66,41)(17,67,42)(18,68,43)(19,69,44)(20,70,45)(21,71,46)
        (22,72,47)(23,73,48)(24,74,49)(25,75,50), 
      ( 1,26,51)( 2,27,52)( 3,28,53)( 4,29,54)( 5,30,55)( 6,31,56)( 7,32,57)
        ( 8,33,58)( 9,34,59)(10,35,60)(11,36,61)(12,37,62)(13,38,63)(14,39,64)
        (15,40,65)(16,41,66)(17,42,67)(18,43,68)(19,44,69)(20,45,70)(21,46,71)
        (22,47,72)(23,48,73)(24,49,74)(25,50,75) ], 
  [ ( 1,23,20,12, 9)( 2,24,16,13,10)( 3,25,17,14, 6)( 4,21,18,15, 7)
        ( 5,22,19,11, 8)(26,48,45,37,34)(27,49,41,38,35)(28,50,42,39,31)
        (29,46,43,40,32)(30,47,44,36,33)(51,73,70,62,59)(52,74,66,63,60)
        (53,75,67,64,56)(54,71,68,65,57)(55,72,69,61,58), 
      ( 1, 9,12,20,23)( 2,10,13,16,24)( 3, 6,14,17,25)( 4, 7,15,18,21)
        ( 5, 8,11,19,22)(26,34,37,45,48)(27,35,38,41,49)(28,31,39,42,50)
        (29,32,40,43,46)(30,33,36,44,47)(51,59,62,70,73)(52,60,63,66,74)
        (53,56,64,67,75)(54,57,65,68,71)(55,58,61,69,72) ], 
  [ ( 1,48,70,12,34,51,23,45,62, 9,26,73,20,37,59)( 2,49,66,13,35,52,24,41,63,
         10,27,74,16,38,60)( 3,50,67,14,31,53,25,42,64, 6,28,75,17,39,56)
        ( 4,46,68,15,32,54,21,43,65, 7,29,71,18,40,57)( 5,47,69,11,33,55,22,
         44,61, 8,30,72,19,36,58), 
      ( 1,59,37,20,73,26, 9,62,45,23,51,34,12,70,48)( 2,60,38,16,74,27,10,63,
         41,24,52,35,13,66,49)( 3,56,39,17,75,28, 6,64,42,25,53,31,14,67,50)
        ( 4,57,40,18,71,29, 7,65,43,21,54,32,15,68,46)( 5,58,36,19,72,30, 8,
         61,44,22,55,33,11,69,47) ], 
  [ ( 1,73,45,12,59,26,23,70,37, 9,51,48,20,62,34)( 2,74,41,13,60,27,24,66,38,
         10,52,49,16,63,35)( 3,75,42,14,56,28,25,67,39, 6,53,50,17,64,31)
        ( 4,71,43,15,57,29,21,68,40, 7,54,46,18,65,32)( 5,72,44,11,58,30,22,
         69,36, 8,55,47,19,61,33), 
      ( 1,34,62,20,48,51, 9,37,70,23,26,59,12,45,73)( 2,35,63,16,49,52,10,38,
         66,24,27,60,13,41,74)( 3,31,64,17,50,53, 6,39,67,25,28,56,14,42,75)
        ( 4,32,65,18,46,54, 7,40,68,21,29,57,15,43,71)( 5,33,61,19,47,55, 8,
         36,69,22,30,58,11,44,72) ], 
  [ ( 1,20, 9,23,12)( 2,16,10,24,13)( 3,17, 6,25,14)( 4,18, 7,21,15)
        ( 5,19, 8,22,11)(26,45,34,48,37)(27,41,35,49,38)(28,42,31,50,39)
        (29,43,32,46,40)(30,44,33,47,36)(51,70,59,73,62)(52,66,60,74,63)
        (53,67,56,75,64)(54,68,57,71,65)(55,69,58,72,61), 
      ( 1,12,23, 9,20)( 2,13,24,10,16)( 3,14,25, 6,17)( 4,15,21, 7,18)
        ( 5,11,22, 8,19)(26,37,48,34,45)(27,38,49,35,41)(28,39,50,31,42)
        (29,40,46,32,43)(30,36,47,33,44)(51,62,73,59,70)(52,63,74,60,66)
        (53,64,75,56,67)(54,65,71,57,68)(55,61,72,58,69) ], 
  [ ( 1,45,59,23,37,51,20,34,73,12,26,70, 9,48,62)( 2,41,60,24,38,52,16,35,74,
         13,27,66,10,49,63)( 3,42,56,25,39,53,17,31,75,14,28,67, 6,50,64)
        ( 4,43,57,21,40,54,18,32,71,15,29,68, 7,46,65)( 5,44,58,22,36,55,19,
         33,72,11,30,69, 8,47,61), 
      ( 1,62,48, 9,70,26,12,73,34,20,51,37,23,59,45)( 2,63,49,10,66,27,13,74,
         35,16,52,38,24,60,41)( 3,64,50, 6,67,28,14,75,31,17,53,39,25,56,42)
        ( 4,65,46, 7,68,29,15,71,32,18,54,40,21,57,43)( 5,61,47, 8,69,30,11,
         72,33,19,55,36,22,58,44) ], 
  [ ( 1,70,34,23,62,26,20,59,48,12,51,45, 9,73,37)( 2,66,35,24,63,27,16,60,49,
         13,52,41,10,74,38)( 3,67,31,25,64,28,17,56,50,14,53,42, 6,75,39)
        ( 4,68,32,21,65,29,18,57,46,15,54,43, 7,71,40)( 5,69,33,22,61,30,19,
         58,47,11,55,44, 8,72,36), 
      ( 1,37,73, 9,45,51,12,48,59,20,26,62,23,34,70)( 2,38,74,10,41,52,13,49,
         60,16,27,63,24,35,66)( 3,39,75, 6,42,53,14,50,56,17,28,64,25,31,67)
        ( 4,40,71, 7,43,54,15,46,57,18,29,65,21,32,68)( 5,36,72, 8,44,55,11,
         47,58,19,30,61,22,33,69) ], 
  [ ( 1,12,23, 9,20)( 2,13,24,10,16)( 3,14,25, 6,17)( 4,15,21, 7,18)
        ( 5,11,22, 8,19)(26,37,48,34,45)(27,38,49,35,41)(28,39,50,31,42)
        (29,40,46,32,43)(30,36,47,33,44)(51,62,73,59,70)(52,63,74,60,66)
        (53,64,75,56,67)(54,65,71,57,68)(55,61,72,58,69), 
      ( 1,20, 9,23,12)( 2,16,10,24,13)( 3,17, 6,25,14)( 4,18, 7,21,15)
        ( 5,19, 8,22,11)(26,45,34,48,37)(27,41,35,49,38)(28,42,31,50,39)
        (29,43,32,46,40)(30,44,33,47,36)(51,70,59,73,62)(52,66,60,74,63)
        (53,67,56,75,64)(54,68,57,71,65)(55,69,58,72,61) ], 
  [ ( 1,37,73, 9,45,51,12,48,59,20,26,62,23,34,70)( 2,38,74,10,41,52,13,49,60,
         16,27,63,24,35,66)( 3,39,75, 6,42,53,14,50,56,17,28,64,25,31,67)
        ( 4,40,71, 7,43,54,15,46,57,18,29,65,21,32,68)( 5,36,72, 8,44,55,11,
         47,58,19,30,61,22,33,69), 
      ( 1,70,34,23,62,26,20,59,48,12,51,45, 9,73,37)( 2,66,35,24,63,27,16,60,
         49,13,52,41,10,74,38)( 3,67,31,25,64,28,17,56,50,14,53,42, 6,75,39)
        ( 4,68,32,21,65,29,18,57,46,15,54,43, 7,71,40)( 5,69,33,22,61,30,19,
         58,47,11,55,44, 8,72,36) ], 
  [ ( 1,62,48, 9,70,26,12,73,34,20,51,37,23,59,45)( 2,63,49,10,66,27,13,74,35,
         16,52,38,24,60,41)( 3,64,50, 6,67,28,14,75,31,17,53,39,25,56,42)
        ( 4,65,46, 7,68,29,15,71,32,18,54,40,21,57,43)( 5,61,47, 8,69,30,11,
         72,33,19,55,36,22,58,44), 
      ( 1,45,59,23,37,51,20,34,73,12,26,70, 9,48,62)( 2,41,60,24,38,52,16,35,
         74,13,27,66,10,49,63)( 3,42,56,25,39,53,17,31,75,14,28,67, 6,50,64)
        ( 4,43,57,21,40,54,18,32,71,15,29,68, 7,46,65)( 5,44,58,22,36,55,19,
         33,72,11,30,69, 8,47,61) ], 
  [ ( 1, 9,12,20,23)( 2,10,13,16,24)( 3, 6,14,17,25)( 4, 7,15,18,21)
        ( 5, 8,11,19,22)(26,34,37,45,48)(27,35,38,41,49)(28,31,39,42,50)
        (29,32,40,43,46)(30,33,36,44,47)(51,59,62,70,73)(52,60,63,66,74)
        (53,56,64,67,75)(54,57,65,68,71)(55,58,61,69,72), 
      ( 1,23,20,12, 9)( 2,24,16,13,10)( 3,25,17,14, 6)( 4,21,18,15, 7)
        ( 5,22,19,11, 8)(26,48,45,37,34)(27,49,41,38,35)(28,50,42,39,31)
        (29,46,43,40,32)(30,47,44,36,33)(51,73,70,62,59)(52,74,66,63,60)
        (53,75,67,64,56)(54,71,68,65,57)(55,72,69,61,58) ], 
  [ ( 1,34,62,20,48,51, 9,37,70,23,26,59,12,45,73)( 2,35,63,16,49,52,10,38,66,
         24,27,60,13,41,74)( 3,31,64,17,50,53, 6,39,67,25,28,56,14,42,75)
        ( 4,32,65,18,46,54, 7,40,68,21,29,57,15,43,71)( 5,33,61,19,47,55, 8,
         36,69,22,30,58,11,44,72), 
      ( 1,73,45,12,59,26,23,70,37, 9,51,48,20,62,34)( 2,74,41,13,60,27,24,66,
         38,10,52,49,16,63,35)( 3,75,42,14,56,28,25,67,39, 6,53,50,17,64,31)
        ( 4,71,43,15,57,29,21,68,40, 7,54,46,18,65,32)( 5,72,44,11,58,30,22,
         69,36, 8,55,47,19,61,33) ], 
  [ ( 1,59,37,20,73,26, 9,62,45,23,51,34,12,70,48)( 2,60,38,16,74,27,10,63,41,
         24,52,35,13,66,49)( 3,56,39,17,75,28, 6,64,42,25,53,31,14,67,50)
        ( 4,57,40,18,71,29, 7,65,43,21,54,32,15,68,46)( 5,58,36,19,72,30, 8,
         61,44,22,55,33,11,69,47), 
      ( 1,48,70,12,34,51,23,45,62, 9,26,73,20,37,59)( 2,49,66,13,35,52,24,41,
         63,10,27,74,16,38,60)( 3,50,67,14,31,53,25,42,64, 6,28,75,17,39,56)
        ( 4,46,68,15,32,54,21,43,65, 7,29,71,18,40,57)( 5,47,69,11,33,55,22,
         44,61, 8,30,72,19,36,58) ], 
  [ ( 1,21,16,11, 6)( 2,22,17,12, 7)( 3,23,18,13, 8)( 4,24,19,14, 9)
        ( 5,25,20,15,10)(26,46,41,36,31)(27,47,42,37,32)(28,48,43,38,33)
        (29,49,44,39,34)(30,50,45,40,35)(51,71,66,61,56)(52,72,67,62,57)
        (53,73,68,63,58)(54,74,69,64,59)(55,75,70,65,60), 
      ( 1, 6,11,16,21)( 2, 7,12,17,22)( 3, 8,13,18,23)( 4, 9,14,19,24)
        ( 5,10,15,20,25)(26,31,36,41,46)(27,32,37,42,47)(28,33,38,43,48)
        (29,34,39,44,49)(30,35,40,45,50)(51,56,61,66,71)(52,57,62,67,72)
        (53,58,63,68,73)(54,59,64,69,74)(55,60,65,70,75) ], 
  [ ( 1,46,66,11,31,51,21,41,61, 6,26,71,16,36,56)( 2,47,67,12,32,52,22,42,62,
         7,27,72,17,37,57)( 3,48,68,13,33,53,23,43,63, 8,28,73,18,38,58)
        ( 4,49,69,14,34,54,24,44,64, 9,29,74,19,39,59)( 5,50,70,15,35,55,25,
         45,65,10,30,75,20,40,60), 
      ( 1,56,36,16,71,26, 6,61,41,21,51,31,11,66,46)( 2,57,37,17,72,27, 7,62,
         42,22,52,32,12,67,47)( 3,58,38,18,73,28, 8,63,43,23,53,33,13,68,48)
        ( 4,59,39,19,74,29, 9,64,44,24,54,34,14,69,49)( 5,60,40,20,75,30,10,
         65,45,25,55,35,15,70,50) ], 
  [ ( 1,71,41,11,56,26,21,66,36, 6,51,46,16,61,31)( 2,72,42,12,57,27,22,67,37,
         7,52,47,17,62,32)( 3,73,43,13,58,28,23,68,38, 8,53,48,18,63,33)
        ( 4,74,44,14,59,29,24,69,39, 9,54,49,19,64,34)( 5,75,45,15,60,30,25,
         70,40,10,55,50,20,65,35), 
      ( 1,31,61,16,46,51, 6,36,66,21,26,56,11,41,71)( 2,32,62,17,47,52, 7,37,
         67,22,27,57,12,42,72)( 3,33,63,18,48,53, 8,38,68,23,28,58,13,43,73)
        ( 4,34,64,19,49,54, 9,39,69,24,29,59,14,44,74)( 5,35,65,20,50,55,10,
         40,70,25,30,60,15,45,75) ], 
  [ ( 1,18,10,22,14)( 2,19, 6,23,15)( 3,20, 7,24,11)( 4,16, 8,25,12)
        ( 5,17, 9,21,13)(26,43,35,47,39)(27,44,31,48,40)(28,45,32,49,36)
        (29,41,33,50,37)(30,42,34,46,38)(51,68,60,72,64)(52,69,56,73,65)
        (53,70,57,74,61)(54,66,58,75,62)(55,67,59,71,63), 
      ( 1,14,22,10,18)( 2,15,23, 6,19)( 3,11,24, 7,20)( 4,12,25, 8,16)
        ( 5,13,21, 9,17)(26,39,47,35,43)(27,40,48,31,44)(28,36,49,32,45)
        (29,37,50,33,41)(30,38,46,34,42)(51,64,72,60,68)(52,65,73,56,69)
        (53,61,74,57,70)(54,62,75,58,66)(55,63,71,59,67) ], 
  [ ( 1,43,60,22,39,51,18,35,72,14,26,68,10,47,64)( 2,44,56,23,40,52,19,31,73,
         15,27,69, 6,48,65)( 3,45,57,24,36,53,20,32,74,11,28,70, 7,49,61)
        ( 4,41,58,25,37,54,16,33,75,12,29,66, 8,50,62)( 5,42,59,21,38,55,17,
         34,71,13,30,67, 9,46,63), 
      ( 1,64,47,10,68,26,14,72,35,18,51,39,22,60,43)( 2,65,48, 6,69,27,15,73,
         31,19,52,40,23,56,44)( 3,61,49, 7,70,28,11,74,32,20,53,36,24,57,45)
        ( 4,62,50, 8,66,29,12,75,33,16,54,37,25,58,41)( 5,63,46, 9,67,30,13,
         71,34,17,55,38,21,59,42) ], 
  [ ( 1,68,35,22,64,26,18,60,47,14,51,43,10,72,39)( 2,69,31,23,65,27,19,56,48,
         15,52,44, 6,73,40)( 3,70,32,24,61,28,20,57,49,11,53,45, 7,74,36)
        ( 4,66,33,25,62,29,16,58,50,12,54,41, 8,75,37)( 5,67,34,21,63,30,17,
         59,46,13,55,42, 9,71,38), 
      ( 1,39,72,10,43,51,14,47,60,18,26,64,22,35,68)( 2,40,73, 6,44,52,15,48,
         56,19,27,65,23,31,69)( 3,36,74, 7,45,53,11,49,57,20,28,61,24,32,70)
        ( 4,37,75, 8,41,54,12,50,58,16,29,62,25,33,66)( 5,38,71, 9,42,55,13,
         46,59,17,30,63,21,34,67) ], 
  [ ( 1,15,24, 8,17)( 2,11,25, 9,18)( 3,12,21,10,19)( 4,13,22, 6,20)
        ( 5,14,23, 7,16)(26,40,49,33,42)(27,36,50,34,43)(28,37,46,35,44)
        (29,38,47,31,45)(30,39,48,32,41)(51,65,74,58,67)(52,61,75,59,68)
        (53,62,71,60,69)(54,63,72,56,70)(55,64,73,57,66), 
      ( 1,17, 8,24,15)( 2,18, 9,25,11)( 3,19,10,21,12)( 4,20, 6,22,13)
