BRACES[117] := [ rec(
      gadd := 
       [ (  1, 53,105, 38, 51,100, 36, 46, 98, 31, 44, 96, 29, 42, 91, 27, 76,
             89, 22, 74, 87, 20, 72, 82, 18, 67, 80, 13, 65,117, 11, 63,112,
               9, 58,110,  4, 56,108,  2, 54,103, 39, 49,101, 34, 47, 99, 32,
              45, 94, 30, 40, 92, 25, 77, 90, 23, 75, 85, 21, 70, 83, 16, 68,
              81, 14, 66,115, 12, 61,113,  7, 59,111,  5, 57,106,  3, 52,104,
              37, 50,102, 35, 48, 97, 33, 43, 95, 28, 41, 93, 26, 78, 88, 24,
              73, 86, 19, 71, 84, 17, 69, 79, 15, 64,116, 10, 62,114,  8, 60,
             109,  6, 55,107) ],
      gmul := 
       [ (  1, 53,105, 38, 51,100, 36, 46, 98, 31, 44, 96, 29, 42, 91, 27, 76,
             89, 22, 74, 87, 20, 72, 82, 18, 67, 80, 13, 65,117, 11, 63,112,
               9, 58,110,  4, 56,108,  2, 54,103, 39, 49,101, 34, 47, 99, 32,
              45, 94, 30, 40, 92, 25, 77, 90, 23, 75, 85, 21, 70, 83, 16, 68,
              81, 14, 66,115, 12, 61,113,  7, 59,111,  5, 57,106,  3, 52,104,
              37, 50,102, 35, 48, 97, 33, 43, 95, 28, 41, 93, 26, 78, 88, 24,
              73, 86, 19, 71, 84, 17, 69, 79, 15, 64,116, 10, 62,114,  8, 60,
             109,  6, 55,107) ],
      p := (  2, 40,106, 89, 95,109, 39, 19, 87, 90,104, 84, 11, 42, 68, 10,
          73,105,  6,  3)(  4, 34, 30, 29, 52, 24, 74, 27, 75, 31, 14,  8, 79,
         65, 64, 60, 62, 55, 99, 51,102,  5, 81, 57, 25, 47, 58,100, 72, 98,
          43, 53,107,110, 82, 66, 17, 36, 86)(  9, 41, 91,111,115, 78, 56, 21,
         13, 35,113, 77,103, 38, 15, 28, 48, 23, 85, 32, 22,112, 44, 61, 59,
          97, 71,101, 76, 94, 88, 12, 46, 54, 92, 33,108,117,116, 83, 70, 18,
          80, 49, 20)( 16,114, 45, 69, 96, 50)( 26, 67)( 37, 93),
      q := (  2, 81,103,  6)(  4,  7, 34, 14, 36, 74, 17,  8, 42, 92, 11, 79,
          95, 51, 58, 60, 98,117, 44, 99,109,  5, 40, 54, 68, 31, 30, 15, 13,
           9, 80,111, 45, 91, 49, 24, 86, 37, 67, 18, 41, 69, 64,100, 88, 32,
          19, 73, 55, 61,101, 84, 33, 52, 20, 35, 47,102, 39, 22, 48, 21, 28,
         112,116, 77, 57, 16, 46,106, 71, 59, 63, 97, 89, 65, 96,110, 78,104,
          76, 66, 27, 85, 12,114,115, 82, 94, 72, 62,105, 38, 29,108, 43,107,
          50, 25,113, 83, 90, 56, 23, 75, 10, 87, 70, 26, 93) ), rec(
      gadd := 
       [ (  1, 53,105, 38, 51,100, 36, 46, 98, 31, 44, 96, 29, 42, 91, 27, 76,
             89, 22, 74, 87, 20, 72, 82, 18, 67, 80, 13, 65,117, 11, 63,112,
               9, 58,110,  4, 56,108,  2, 54,103, 39, 49,101, 34, 47, 99, 32,
              45, 94, 30, 40, 92, 25, 77, 90, 23, 75, 85, 21, 70, 83, 16, 68,
              81, 14, 66,115, 12, 61,113,  7, 59,111,  5, 57,106,  3, 52,104,
              37, 50,102, 35, 48, 97, 33, 43, 95, 28, 41, 93, 26, 78, 88, 24,
              73, 86, 19, 71, 84, 17, 69, 79, 15, 64,116, 10, 62,114,  8, 60,
             109,  6, 55,107) ],
      gmul := 
       [ (  1, 53,103, 38, 51,101, 36, 46, 99, 31, 44, 94, 29, 42, 92, 27, 76,
             90, 22, 74, 85, 20, 72, 83, 18, 67, 81, 13, 65,115, 11, 63,113,
               9, 58,111,  4, 56,106,  2, 54,104, 39, 49,102, 34, 47, 97, 32,
              45, 95, 30, 40, 93, 25, 77, 88, 23, 75, 86, 21, 70, 84, 16, 68,
              79, 14, 66,116, 12, 61,114,  7, 59,109,  5, 57,107,  3, 52,105,
              37, 50,100, 35, 48, 98, 33, 43, 96, 28, 41, 91, 26, 78, 89, 24,
              73, 87, 19, 71, 82, 17, 69, 80, 15, 64,117, 10, 62,112,  8, 60,
             110,  6, 55,108) ],
      p := (  2, 41, 91,111,115, 76, 94, 88, 12, 47, 59, 97, 72, 98, 44, 62,
          56, 21, 13, 35,113, 78, 57, 25, 48, 23, 85, 32, 22,112, 45, 67, 26,
          68, 10, 74, 27, 73,105,  6,  3)(  4, 34, 30, 29, 53,107,110, 82, 64,
         58,100, 70, 18, 80, 50, 16,114, 43, 54, 92, 33,108,117,116, 83, 71,
         101, 77,103, 38, 15, 28, 46, 52, 24, 75, 31, 14,  8, 79, 66, 17, 36,
          86)(  5, 81, 55, 99, 49, 20,  9, 42, 69, 96, 51,102)
        ( 11, 40,106, 89, 95,109, 39, 19, 87, 90,104, 84)( 37, 93)
        ( 60, 63, 61),
      q := (  2, 81,103,  6)(  4,  7, 34, 14, 36, 75, 10, 87, 71, 60, 98,117,
          45, 91, 50, 25,113, 83, 90, 57, 16, 47,102, 39, 22, 46,106, 72, 63,
          97, 89, 66, 27, 85, 12,114,115, 82, 94, 70, 26, 93)(  5, 41, 67, 18,
         42, 92, 11, 79, 95, 49, 24, 86, 37, 68, 31, 30, 15, 13,  9, 80,111,
          43,107, 51, 59, 61,101, 84, 33, 53, 54, 69, 65, 96,110, 76, 64,100,
          88, 32, 19, 74, 17,  8, 40, 52, 20, 35, 48, 21, 28,112,116, 78,104,
          77, 55, 62,105, 38, 29,108, 44, 99,109)( 23, 73, 56) ), rec(
      gadd := 
       [ (  1, 53,105, 38, 51,100, 36, 46, 98, 31, 44, 96, 29, 42, 91, 27, 76,
             89, 22, 74, 87, 20, 72, 82, 18, 67, 80, 13, 65,117, 11, 63,112,
               9, 58,110,  4, 56,108,  2, 54,103, 39, 49,101, 34, 47, 99, 32,
              45, 94, 30, 40, 92, 25, 77, 90, 23, 75, 85, 21, 70, 83, 16, 68,
              81, 14, 66,115, 12, 61,113,  7, 59,111,  5, 57,106,  3, 52,104,
              37, 50,102, 35, 48, 97, 33, 43, 95, 28, 41, 93, 26, 78, 88, 24,
              73, 86, 19, 71, 84, 17, 69, 79, 15, 64,116, 10, 62,114,  8, 60,
             109,  6, 55,107) ],
      gmul := 
       [ (  1, 26, 12, 34, 20,  6, 28, 14, 39, 22,  8, 33, 16,  2, 27, 10, 35,
             21,  4, 29, 15, 37, 23,  9, 31, 17,  3, 25, 11, 36, 19,  5, 30,
              13, 38, 24,  7, 32, 18)( 40, 65, 51, 73, 59, 45, 67, 53, 78, 61,
             47, 72, 55, 41, 66, 49, 74, 60, 43, 68, 54, 76, 62, 48, 70, 56,
              42, 64, 50, 75, 58, 44, 69, 52, 77, 63, 46, 71, 57)
            ( 79,104, 90,112, 98, 84,106, 92,117,100, 86,111, 94, 80,105, 88,
             113, 99, 82,107, 93,115,101, 87,109, 95, 81,103, 89,114, 97, 83,
             108, 91,116,102, 85,110, 96), 
          (  1, 99, 64,  3, 98, 66,  2, 97, 65)(  4, 87, 73,  6, 86, 75,  5,
              85, 74)(  7,114, 43,  9,113, 45,  8,112, 44)( 10,102, 52, 12,
             101, 54, 11,100, 53)( 13, 90, 61, 15, 89, 63, 14, 88, 62)
            ( 16,117, 70, 18,116, 72, 17,115, 71)( 19,105, 40, 21,104, 42, 20,
             103, 41)( 22, 93, 49, 24, 92, 51, 23, 91, 50)( 25, 81, 58, 27,
              80, 60, 26, 79, 59)( 28,108, 67, 30,107, 69, 29,106, 68)
            ( 31, 96, 76, 33, 95, 78, 32, 94, 77)( 34, 84, 46, 36, 83, 48, 35,
             82, 47)( 37,111, 55, 39,110, 57, 38,109, 56) ],
      p := (  2, 41, 48,108,116, 12, 59,111, 38, 75, 78,  4, 34, 58, 55,104,
          92, 50, 99, 27, 94,107, 11, 40,112,  6,  3)(  5, 81, 21, 96, 89, 91,
         71, 45, 73, 98, 49, 30,100, 31, 44, 56, 95, 84, 57, 16, 28, 63, 65,
          93, 67, 88, 66, 26,103, 70,101, 18, 36, 19,105,117, 33, 61, 86, 69,
         109, 83, 37, 77, 82, 76,115, 51,113, 39, 29, 60, 46, 53, 25, 13, 35,
          97, 10, 62, 15, 74, 20, 80, 24, 87,106, 32, 22,  9, 42, 85, 54, 64,
         102,110)(  8, 79, 43, 14)( 17,114, 72, 23, 47, 68)( 52, 90),
      q := (  2, 81, 23,105, 50, 65, 44,102, 69, 67, 52, 53, 16, 13,  9, 80,
          20, 42, 61, 63, 99, 17, 59, 68, 27, 73, 66, 18,  8, 40, 58,100, 10,
          87, 76, 49, 14, 36, 22, 35, 64, 56, 75,107, 33, 85, 89, 43, 30, 55,
          48, 77, 70, 57, 25, 28, 86,110, 39, 15, 96, 54, 97, 31, 93,109, 72,
          21, 74, 24, 62, 29,113,  5, 41,104, 45, 94, 78, 37,108, 51, 60,103,
          82,106, 12,114, 83,  4,  7, 34,112, 38, 95, 71, 92,117, 11, 79, 91,
          84,101, 26, 46, 90, 88, 98,115,116, 32, 19, 47,111,  6) ), rec(
      gadd := 
       [ (  1, 53,105, 38, 51,100, 36, 46, 98, 31, 44, 96, 29, 42, 91, 27, 76,
             89, 22, 74, 87, 20, 72, 82, 18, 67, 80, 13, 65,117, 11, 63,112,
               9, 58,110,  4, 56,108,  2, 54,103, 39, 49,101, 34, 47, 99, 32,
              45, 94, 30, 40, 92, 25, 77, 90, 23, 75, 85, 21, 70, 83, 16, 68,
              81, 14, 66,115, 12, 61,113,  7, 59,111,  5, 57,106,  3, 52,104,
              37, 50,102, 35, 48, 97, 33, 43, 95, 28, 41, 93, 26, 78, 88, 24,
              73, 86, 19, 71, 84, 17, 69, 79, 15, 64,116, 10, 62,114,  8, 60,
             109,  6, 55,107) ],
      gmul := 
       [ (  1, 47,100,  2, 48,101,  3, 46,102)(  4, 74,109,  5, 75,110,  6,
              73,111)(  7, 62, 79,  8, 63, 80,  9, 61, 81)( 10, 50, 88, 11,
              51, 89, 12, 49, 90)( 13, 77, 97, 14, 78, 98, 15, 76, 99)
            ( 16, 65,106, 17, 66,107, 18, 64,108)( 19, 53,115, 20, 54,116, 21,
             52,117)( 22, 41, 85, 23, 42, 86, 24, 40, 87)( 25, 68, 94, 26, 69,
             95, 27, 67, 96)( 28, 56,103, 29, 57,104, 30, 55,105)
            ( 31, 44,112, 32, 45,113, 33, 43,114)( 34, 71, 82, 35, 72, 83, 36,
             70, 84)( 37, 59, 91, 38, 60, 92, 39, 58, 93), 
          (  1, 96, 61,  3, 95, 63,  2, 94, 62)(  4,105, 49,  6,104, 51,  5,
             103, 50)(  7,114, 76,  9,113, 78,  8,112, 77)( 10, 84, 64, 12,
              83, 66, 11, 82, 65)( 13, 93, 52, 15, 92, 54, 14, 91, 53)
            ( 16,102, 40, 18,101, 42, 17,100, 41)( 19,111, 67, 21,110, 69, 20,
             109, 68)( 22, 81, 55, 24, 80, 57, 23, 79, 56)( 25, 90, 43, 27,
              89, 45, 26, 88, 44)( 28, 99, 70, 30, 98, 72, 29, 97, 71)
            ( 31,108, 58, 33,107, 60, 32,106, 59)( 34,117, 46, 36,116, 48, 35,
             115, 47)( 37, 87, 73, 39, 86, 75, 38, 85, 74) ],
      p := (  2, 41, 48,108, 89, 54, 61, 86,106,  5, 81, 18, 36, 16, 28, 66,
          23, 47, 22,  9, 42, 85, 69,115, 78, 49, 30,103,116,  6,  3)
        (  4, 34, 55,101, 76, 88, 63, 62, 15, 74, 17,114, 45, 73, 95, 92, 24,
          87, 91, 67, 82, 70,104, 37, 71, 51,113, 33, 64,105, 77, 10, 65, 53,
          84, 60, 46, 68, 20, 80, 31, 50, 96, 52, 93, 90, 44, 59,117, 39, 29,
          57, 19,102, 21, 99, 43, 14,  8, 79, 27, 97,111,110, 32, 25, 13, 35,
          94,107, 38, 75, 72, 26,100, 83,109, 11, 40,112, 12, 56, 98),
      q := (  2, 81, 26, 46,117,  5, 41,101, 88, 95, 51, 57, 22, 35, 61, 66,
          21, 74, 27, 73, 63, 96, 82,106, 39, 15, 99,109, 33, 85,116, 38, 98,
          37,108, 78, 91,115, 89, 83, 43, 30, 58,103, 69, 67, 52, 50, 62, 29,
         113, 11, 79, 17, 56, 75,107,  6)(  4,  7, 34,112, 32, 16, 13,  9, 80,
         10, 87, 49, 14, 36, 25, 28, 86, 70, 60,100, 54, 94, 72, 18,  8, 40,
          55, 48, 71, 92, 20, 42, 64, 59, 68, 24, 65, 84,104)( 12,114,110)
        ( 19, 47)( 23,102)( 31, 93, 77)( 44,105, 90,111, 45, 97) ), rec(
      gadd := 
       [ (  1, 53,105, 38, 51,100, 36, 46, 98, 31, 44, 96, 29, 42, 91, 27, 76,
             89, 22, 74, 87, 20, 72, 82, 18, 67, 80, 13, 65,117, 11, 63,112,
               9, 58,110,  4, 56,108,  2, 54,103, 39, 49,101, 34, 47, 99, 32,
              45, 94, 30, 40, 92, 25, 77, 90, 23, 75, 85, 21, 70, 83, 16, 68,
              81, 14, 66,115, 12, 61,113,  7, 59,111,  5, 57,106,  3, 52,104,
              37, 50,102, 35, 48, 97, 33, 43, 95, 28, 41, 93, 26, 78, 88, 24,
              73, 86, 19, 71, 84, 17, 69, 79, 15, 64,116, 10, 62,114,  8, 60,
             109,  6, 55,107) ],
      gmul := 
       [ (  1, 45, 92,  2, 43, 93,  3, 44, 91)(  4, 54, 80,  5, 52, 81,  6,
              53, 79)(  7, 63,107,  8, 61,108,  9, 62,106)( 10, 72, 95, 11,
              70, 96, 12, 71, 94)( 13, 42, 83, 14, 40, 84, 15, 41, 82)
            ( 16, 51,110, 17, 49,111, 18, 50,109)( 19, 60, 98, 20, 58, 99, 21,
             59, 97)( 22, 69, 86, 23, 67, 87, 24, 68, 85)( 25, 78,113, 26, 76,
             114, 27, 77,112)( 28, 48,101, 29, 46,102, 30, 47,100)
            ( 31, 57, 89, 32, 55, 90, 33, 56, 88)( 34, 66,116, 35, 64,117, 36,
             65,115)( 37, 75,104, 38, 73,105, 39, 74,103), 
          (  1, 46,103,  2, 47,104,  3, 48,105)(  4, 55, 91,  5, 56, 92,  6,
              57, 93)(  7, 64, 79,  8, 65, 80,  9, 66, 81)( 10, 73,106, 11,
              74,107, 12, 75,108)( 13, 43, 94, 14, 44, 95, 15, 45, 96)
            ( 16, 52, 82, 17, 53, 83, 18, 54, 84)( 19, 61,109, 20, 62,110, 21,
             63,111)( 22, 70, 97, 23, 71, 98, 24, 72, 99)( 25, 40, 85, 26, 41,
             86, 27, 42, 87)( 28, 49,112, 29, 50,113, 30, 51,114)
            ( 31, 58,100, 32, 59,101, 33, 60,102)( 34, 67, 88, 35, 68, 89, 36,
             69, 90)( 37, 76,115, 38, 77,116, 39, 78,117) ],
      p := (  2, 40,112,  6,  3)(  4, 34, 60, 48,108,116, 12, 58, 57, 16, 28,
          62, 15, 73, 98, 51,113, 39, 29, 59,111, 38, 74, 20, 80, 24, 87,106,
          32, 22,  9, 41, 47, 67, 88, 65, 93, 69,109, 83, 37, 76,115, 50, 99,
          27, 94,107, 11, 42, 85, 53, 25, 13, 35, 97, 10, 61, 86, 68, 17,114,
          71, 44, 55,104, 92, 49, 30,100, 31, 43, 14,  8, 79, 45, 75, 77, 82,
          78)(  5, 81, 21, 96, 89, 91, 70,101, 18, 36, 19,105,117, 33, 63, 64,
         102,110)( 23, 46, 52, 90, 54, 66, 26,103, 72)( 56, 95, 84),
      q := (  2, 81, 23,105, 49, 14, 36, 22, 35, 66, 18,  8, 42, 63, 99, 17,
          58,100, 10, 87, 78, 37,108, 50, 64, 55, 47,111,  6)(  4,  7, 34,112,
         38, 95, 70, 56, 74, 24, 61, 62, 29,113,  5, 40, 60,103, 82,106, 12,
         114, 83)(  9, 80, 20, 41,104, 44,102, 68, 27, 75,107, 33, 85, 89, 45,
         94, 77, 72, 21, 73, 65, 43, 30, 57, 25, 28, 86,110, 39, 15, 96, 53,
          16, 13)( 11, 79, 91, 84,101, 26, 48, 76, 51, 59, 67, 54, 97, 31, 93,
         109, 71, 92,117)( 19, 46, 90, 88, 98,115,116, 32) ), rec(
      gadd := 
       [ (  1, 23, 32,  2, 24, 33,  3, 25, 34,  4, 26, 35,  5, 14, 36,  6, 15,
             37,  7, 16, 38,  8, 17, 39,  9, 18, 27, 10, 19, 28, 11, 20, 29,
              12, 21, 30, 13, 22, 31)( 40, 62, 71, 41, 63, 72, 42, 64, 73, 43,
             65, 74, 44, 53, 75, 45, 54, 76, 46, 55, 77, 47, 56, 78, 48, 57,
              66, 49, 58, 67, 50, 59, 68, 51, 60, 69, 52, 61, 70)
            ( 79,101,110, 80,102,111, 81,103,112, 82,104,113, 83, 92,114, 84,
              93,115, 85, 94,116, 86, 95,117, 87, 96,105, 88, 97,106, 89, 98,
             107, 90, 99,108, 91,100,109), 
          (  1, 70,100, 13, 69, 99, 12, 68, 98, 11, 67, 97, 10, 66, 96,  9,
              78, 95,  8, 77, 94,  7, 76, 93,  6, 75, 92,  5, 74,104,  4, 73,
             103,  3, 72,102,  2, 71,101)( 14, 44,113, 26, 43,112, 25, 42,111,
             24, 41,110, 23, 40,109, 22, 52,108, 21, 51,107, 20, 50,106, 19,
              49,105, 18, 48,117, 17, 47,116, 16, 46,115, 15, 45,114)
            ( 27, 57, 87, 39, 56, 86, 38, 55, 85, 37, 54, 84, 36, 53, 83, 35,
              65, 82, 34, 64, 81, 33, 63, 80, 32, 62, 79, 31, 61, 91, 30, 60,
              90, 29, 59, 89, 28, 58, 88) ],
      gmul := 
       [ (  1, 84, 50,  3, 86, 52,  5, 88, 41,  7, 90, 43,  9, 79, 45, 11, 81,
             47, 13, 83, 49,  2, 85, 51,  4, 87, 40,  6, 89, 42,  8, 91, 44,
              10, 80, 46, 12, 82, 48)( 14, 97, 63, 16, 99, 65, 18,101, 54, 20,
             103, 56, 22, 92, 58, 24, 94, 60, 26, 96, 62, 15, 98, 64, 17,100,
              53, 19,102, 55, 21,104, 57, 23, 93, 59, 25, 95, 61)
            ( 27,110, 76, 29,112, 78, 31,114, 67, 33,116, 69, 35,105, 71, 37,
             107, 73, 39,109, 75, 28,111, 77, 30,113, 66, 32,115, 68, 34,117,
              70, 36,106, 72, 38,108, 74), 
          (  1,107, 57,  7,113, 63, 13,106, 56,  6,112, 62, 12,105, 55,  5,
             111, 61, 11,117, 54,  4,110, 60, 10,116, 53,  3,109, 59,  9,115,
              65,  2,108, 58,  8,114, 64)( 14, 81, 70, 20, 87, 76, 26, 80, 69,
             19, 86, 75, 25, 79, 68, 18, 85, 74, 24, 91, 67, 17, 84, 73, 23,
              90, 66, 16, 83, 72, 22, 89, 78, 15, 82, 71, 21, 88, 77)
            ( 27, 94, 44, 33,100, 50, 39, 93, 43, 32, 99, 49, 38, 92, 42, 31,
              98, 48, 37,104, 41, 30, 97, 47, 36,103, 40, 29, 96, 46, 35,102,
              52, 28, 95, 45, 34,101, 51) ],
      p := (  2,  7,105, 56,113, 24, 65, 84, 25, 78, 57, 15, 40, 12,111, 50,
         100, 83, 90,  4, 53, 80,109, 23,104, 49, 28, 46, 52, 61, 77, 96, 76,
          11, 72, 10, 59,103, 95, 63, 32, 93, 16, 60, 64, 45, 39, 21, 14, 99,
          44,110, 37, 67, 35, 86,101, 18)(  3, 92,114, 30, 20,112, 89, 81, 38,
         106, 88, 62,116, 82, 51, 41, 97,115, 43, 71, 87, 42, 58,  5,  8, 13,
          27, 33, 47, 91, 75, 22,  6, 66, 19, 73, 68, 94,102, 36,  9, 98, 31,
          34, 54)( 17, 79, 70, 55, 74,107, 69, 48, 26,117)( 29, 85),
      q := (  2,  8)(  3, 66, 35, 46, 80, 62, 55, 97, 56, 58, 10,112, 43,100,
          49, 26, 54, 12, 60,107,102, 18, 13, 14, 72,  5,  7, 53, 52,110, 17,
          40)(  4,105,115, 89, 51, 91, 96, 95,108, 63, 22,  9, 73,103, 76)
        (  6, 92, 57, 39, 33, 85, 25, 93, 38, 65, 48, 28, 86, 70,116, 50, 71,
          45, 15, 79,101, 36)( 11, 99, 88,109, 31, 20, 59, 68, 77, 75, 32, 78,
         114, 24,106, 44, 61, 94, 69, 84, 29, 47, 41, 74, 64, 87, 90)
        ( 16,111, 82, 81)( 19, 98, 23, 67)( 21, 27)( 30, 34,117, 37,104, 83,
          42,113) ), rec(
      gadd := 
       [ (  1, 56,111, 10, 65,107,  6, 61,116,  2, 57,112, 11, 53,108,  7, 62,
             117,  3, 58,113, 12, 54,109,  8, 63,105,  4, 59,114, 13, 55,110,
               9, 64,106,  5, 60,115)( 14, 69, 85, 23, 78, 81, 19, 74, 90, 15,
             70, 86, 24, 66, 82, 20, 75, 91, 16, 71, 87, 25, 67, 83, 21, 76,
              79, 17, 72, 88, 26, 68, 84, 22, 77, 80, 18, 73, 89)
            ( 27, 43, 98, 36, 52, 94, 32, 48,103, 28, 44, 99, 37, 40, 95, 33,
              49,104, 29, 45,100, 38, 41, 96, 34, 50, 92, 30, 46,101, 39, 42,
              97, 35, 51, 93, 31, 47,102), 
          (  1, 81, 44,  7, 87, 50, 13, 80, 43,  6, 86, 49, 12, 79, 42,  5,
              85, 48, 11, 91, 41,  4, 84, 47, 10, 90, 40,  3, 83, 46,  9, 89,
              52,  2, 82, 45,  8, 88, 51)( 14, 94, 57, 20,100, 63, 26, 93, 56,
             19, 99, 62, 25, 92, 55, 18, 98, 61, 24,104, 54, 17, 97, 60, 23,
             103, 53, 16, 96, 59, 22,102, 65, 15, 95, 58, 21,101, 64)
            ( 27,107, 70, 33,113, 76, 39,106, 69, 32,112, 75, 38,105, 68, 31,
             111, 74, 37,117, 67, 30,110, 73, 36,116, 66, 29,109, 72, 35,115,
              78, 28,108, 71, 34,114, 77) ],
      gmul := 
       [ (  1, 32, 24,  3, 34, 26,  5, 36, 15,  7, 38, 17,  9, 27, 19, 11, 29,
             21, 13, 31, 23,  2, 33, 25,  4, 35, 14,  6, 37, 16,  8, 39, 18,
              10, 28, 20, 12, 30, 22)( 40, 71, 63, 42, 73, 65, 44, 75, 54, 46,
             77, 56, 48, 66, 58, 50, 68, 60, 52, 70, 62, 41, 72, 64, 43, 74,
              53, 45, 76, 55, 47, 78, 57, 49, 67, 59, 51, 69, 61)
            ( 79,110,102, 81,112,104, 83,114, 93, 85,116, 95, 87,105, 97, 89,
             107, 99, 91,109,101, 80,111,103, 82,113, 92, 84,115, 94, 86,117,
              96, 88,106, 98, 90,108,100), 
          (  1, 62, 84,  2, 63, 85,  3, 64, 86,  4, 65, 87,  5, 53, 88,  6,
              54, 89,  7, 55, 90,  8, 56, 91,  9, 57, 79, 10, 58, 80, 11, 59,
              81, 12, 60, 82, 13, 61, 83)( 14, 75, 97, 15, 76, 98, 16, 77, 99,
             17, 78,100, 18, 66,101, 19, 67,102, 20, 68,103, 21, 69,104, 22,
              70, 92, 23, 71, 93, 24, 72, 94, 25, 73, 95, 26, 74, 96)
            ( 27, 49,110, 28, 50,111, 29, 51,112, 30, 52,113, 31, 40,114, 32,
              41,115, 33, 42,116, 34, 43,117, 35, 44,105, 36, 45,106, 37, 46,
             107, 38, 47,108, 39, 48,109) ],
      p := (  2, 40, 45, 54,100, 37,112, 69,110, 76, 44, 48, 97, 75, 16, 79,
          68, 84, 96, 57, 22, 52, 80, 49, 19,105, 88, 81, 55,106, 30,104,109,
          17, 34, 86, 90,101,102, 24, 59, 71, 29, 39, 15, 20)(  3,  7, 14, 98,
         43, 67, 25, 73,113, 56)(  4, 27, 60, 58, 51,117,108,114, 89, 36, 93,
          23, 72, 94, 50, 91,107, 95, 70, 87,116, 82, 11, 53, 35, 28,  6,  8,
          46, 12, 13, 33,111, 63, 61, 74, 10, 47, 32, 85, 18, 99, 62, 42, 65,
          38,  9, 66,103, 83, 31, 26, 41, 78, 64,  5, 92),
      q := (  2, 92, 11, 79,116, 63, 84, 49, 35, 26,104, 75, 38,  6,  7, 27,
          85, 36, 52, 65, 16, 53, 19, 66, 42, 80, 96, 88, 64, 10, 98,102, 30,
          41,106, 24, 86, 55, 78, 81, 90, 44, 97,109, 37, 72, 51, 67, 29, 15,
          34, 59,113, 89, 18, 46,  3,  8, 99, 83, 23,112,115, 69, 74,  5, 40,
         100, 17, 20, 13, 21, 33, 73, 71, 25,111, 82,  4, 14, 47, 22, 93, 31,
          28,  9,105, 57, 32, 60, 87, 68, 61,110,108, 70, 58, 94, 95,114, 56,
          12)( 43,117, 76,101)( 45, 91, 77,107, 50, 54)( 62,103) ), rec(
      gadd := 
       [ (  1, 89, 47,  5, 80, 51,  9, 84, 42, 13, 88, 46,  4, 79, 50,  8, 83,
             41, 12, 87, 45,  3, 91, 49,  7, 82, 40, 11, 86, 44,  2, 90, 48,
               6, 81, 52, 10, 85, 43)( 14,102, 60, 18, 93, 64, 22, 97, 55, 26,
             101, 59, 17, 92, 63, 21, 96, 54, 25,100, 58, 16,104, 62, 20, 95,
              53, 24, 99, 57, 15,103, 61, 19, 94, 65, 23, 98, 56)
            ( 27,115, 73, 31,106, 77, 35,110, 68, 39,114, 72, 30,105, 76, 34,
             109, 67, 38,113, 71, 29,117, 75, 33,108, 66, 37,112, 70, 28,116,
              74, 32,107, 78, 36,111, 69), 
          (  1,112, 54,  9,107, 62,  4,115, 57, 12,110, 65,  7,105, 60,  2,
             113, 55, 10,108, 63,  5,116, 58, 13,111, 53,  8,106, 61,  3,114,
              56, 11,109, 64,  6,117, 59)( 14, 86, 67, 22, 81, 75, 17, 89, 70,
             25, 84, 78, 20, 79, 73, 15, 87, 68, 23, 82, 76, 18, 90, 71, 26,
              85, 66, 21, 80, 74, 16, 88, 69, 24, 83, 77, 19, 91, 72)
            ( 27, 99, 41, 35, 94, 49, 30,102, 44, 38, 97, 52, 33, 92, 47, 28,
             100, 42, 36, 95, 50, 31,103, 45, 39, 98, 40, 34, 93, 48, 29,101,
              43, 37, 96, 51, 32,104, 46) ],
      gmul := 
       [ (  1, 30, 26)(  2, 33, 22)(  3, 36, 18)(  4, 39, 14)(  5, 29, 23)
            (  6, 32, 19)(  7, 35, 15)(  8, 38, 24)(  9, 28, 20)( 10, 31, 16)
            ( 11, 34, 25)( 12, 37, 21)( 13, 27, 17)( 40, 69, 65)( 41, 72, 61)
            ( 42, 75, 57)( 43, 78, 53)( 44, 68, 62)( 45, 71, 58)( 46, 74, 54)
            ( 47, 77, 63)( 48, 67, 59)( 49, 70, 55)( 50, 73, 64)( 51, 76, 60)
            ( 52, 66, 56)( 79,108,104)( 80,111,100)( 81,114, 96)( 82,117, 92)
            ( 83,107,101)( 84,110, 97)( 85,113, 93)( 86,116,102)( 87,106, 98)
            ( 88,109, 94)( 89,112,103)( 90,115, 99)( 91,105, 95), 
          (  1, 84, 47)(  2, 87, 43)(  3, 90, 52)(  4, 80, 48)(  5, 83, 44)
            (  6, 86, 40)(  7, 89, 49)(  8, 79, 45)(  9, 82, 41)( 10, 85, 50)
            ( 11, 88, 46)( 12, 91, 42)( 13, 81, 51)( 14, 97, 60)( 15,100, 56)
            ( 16,103, 65)( 17, 93, 61)( 18, 96, 57)( 19, 99, 53)( 20,102, 62)
            ( 21, 92, 58)( 22, 95, 54)( 23, 98, 63)( 24,101, 59)( 25,104, 55)
            ( 26, 94, 64)( 27,110, 73)( 28,113, 69)( 29,116, 78)( 30,106, 74)
            ( 31,109, 70)( 32,112, 66)( 33,115, 75)( 34,105, 71)( 35,108, 67)
            ( 36,111, 76)( 37,114, 72)( 38,117, 68)( 39,107, 77) ],
      p := (  2, 53, 55, 12, 59, 21, 14, 98, 81, 62, 45,109, 69, 97, 68, 89,
           5,105, 24)(  3,  7, 66, 37, 33,  9, 27, 63,108, 95, 41,104, 50, 47,
         42,117, 75, 74, 22, 60,106,102, 43, 78, 38, 54, 16, 72,100, 23,112,
          31, 35, 87, 26,110, 36, 64, 19,107, 76,  4, 92, 29,  6,  8, 58, 86,
          52)( 10, 61, 67, 11, 79, 90, 18, 99, 77, 82, 80, 28, 32,113, 83, 57,
         25, 73, 30, 84, 39, 85, 91, 94, 49, 34, 56,114, 96)( 15,111, 88, 44,
          46, 20,116,101)( 17, 40, 65,115, 70, 71, 48, 51, 93,103),
      q := (  2,105, 36,110, 24, 13)(  3,  8,112, 17, 79, 45, 54, 34,117, 96,
           5, 53,113, 43, 93, 68, 41, 67,  4, 66, 15, 61,104, 88, 80, 18, 72,
          71, 81,115,101, 37, 25, 98, 48, 85, 49, 16, 99, 94, 91, 77, 52, 12,
         116, 70,100, 39, 51, 78, 19, 60, 63, 57, 33,  6,  7, 92, 22,107, 95,
          89, 10,111, 50, 84, 23, 58, 42, 56, 65, 62, 90, 28, 21, 27,106, 69,
          74, 29,  9, 14, 73, 26, 64, 38,109,102, 83,108, 76, 11, 40,114, 75,
          97,103, 31, 20, 59, 32, 55)( 30, 47, 86, 82, 44, 87)( 35, 46) ), 
  rec(
      gadd := 
       [ (  1, 49, 84,  2, 50, 85,  3, 51, 86,  4, 52, 87,  5, 40, 88,  6, 41,
             89,  7, 42, 90,  8, 43, 91,  9, 44, 79, 10, 45, 80, 11, 46, 81,
              12, 47, 82, 13, 48, 83)( 14, 62, 97, 15, 63, 98, 16, 64, 99, 17,
             65,100, 18, 53,101, 19, 54,102, 20, 55,103, 21, 56,104, 22, 57,
              92, 23, 58, 93, 24, 59, 94, 25, 60, 95, 26, 61, 96)
            ( 27, 75,110, 28, 76,111, 29, 77,112, 30, 78,113, 31, 66,114, 32,
              67,115, 33, 68,116, 34, 69,117, 35, 70,105, 36, 71,106, 37, 72,
             107, 38, 73,108, 39, 74,109), 
          (  1,113, 56, 12,111, 54, 10,109, 65,  8,107, 63,  6,105, 61,  4,
             116, 59,  2,114, 57, 13,112, 55, 11,110, 53,  9,108, 64,  7,106,
              62,  5,117, 60,  3,115, 58)( 14, 87, 69, 25, 85, 67, 23, 83, 78,
             21, 81, 76, 19, 79, 74, 17, 90, 72, 15, 88, 70, 26, 86, 68, 24,
              84, 66, 22, 82, 77, 20, 80, 75, 18, 91, 73, 16, 89, 71)
            ( 27,100, 43, 38, 98, 41, 36, 96, 52, 34, 94, 50, 32, 92, 48, 30,
             103, 46, 28,101, 44, 39, 99, 42, 37, 97, 40, 35, 95, 51, 33, 93,
              49, 31,104, 47, 29,102, 45) ],
      gmul := 
       [ (  1, 38, 23,  8, 32, 17,  2, 39, 24,  9, 33, 18,  3, 27, 25, 10, 34,
             19,  4, 28, 26, 11, 35, 20,  5, 29, 14, 12, 36, 21,  6, 30, 15,
              13, 37, 22,  7, 31, 16)( 40, 77, 62, 47, 71, 56, 41, 78, 63, 48,
             72, 57, 42, 66, 64, 49, 73, 58, 43, 67, 65, 50, 74, 59, 44, 68,
              53, 51, 75, 60, 45, 69, 54, 52, 76, 61, 46, 70, 55)
            ( 79,116,101, 86,110, 95, 80,117,102, 87,111, 96, 81,105,103, 88,
             112, 97, 82,106,104, 89,113, 98, 83,107, 92, 90,114, 99, 84,108,
              93, 91,115,100, 85,109, 94), 
          (  1, 86, 58)(  2, 82, 61)(  3, 91, 64)(  4, 87, 54)(  5, 83, 57)
            (  6, 79, 60)(  7, 88, 63)(  8, 84, 53)(  9, 80, 56)( 10, 89, 59)
            ( 11, 85, 62)( 12, 81, 65)( 13, 90, 55)( 14, 99, 71)( 15, 95, 74)
            ( 16,104, 77)( 17,100, 67)( 18, 96, 70)( 19, 92, 73)( 20,101, 76)
            ( 21, 97, 66)( 22, 93, 69)( 23,102, 72)( 24, 98, 75)( 25, 94, 78)
            ( 26,103, 68)( 27,112, 45)( 28,108, 48)( 29,117, 51)( 30,113, 41)
            ( 31,109, 44)( 32,105, 47)( 33,114, 50)( 34,110, 40)( 35,106, 43)
            ( 36,115, 46)( 37,111, 49)( 38,107, 52)( 39,116, 42) ],
      p := (  2, 40, 52,  3,  7, 14, 33,  9, 66, 76,  4, 27, 50, 86, 91, 29,
           6,  8, 45, 96, 10, 48, 90,109, 17, 79, 64,110, 75, 22, 47, 81, 49,
          73, 69, 32,100,114, 31, 74,113, 57,116, 36, 51, 28, 71, 87,117, 23,
          99, 25, 21,105,115, 18, 34, 43, 26, 97, 16, 20,103,108, 30, 58, 60,
          93, 38, 41, 39, 59,112, 70, 19, 94, 88, 83, 44, 85, 65,102, 82, 54,
         107, 24)(  5, 92, 68, 63, 95, 80, 67, 11, 53, 42,104, 89)
        ( 12, 46,111, 62, 84, 78, 77, 56,101,106, 37, 72, 35, 61, 15, 98, 55),
      q := (  2, 92,113, 82, 83, 95, 63, 44, 61, 39, 90, 67,  4, 14, 21, 66,
         106, 17, 53,100, 78,110,115, 36, 97, 38, 96,  5, 40,101, 76, 11, 79,
          84,114, 23, 45, 41, 15, 48, 59, 71, 55,  3,  8, 99, 29,  9,105, 75,
          32, 42, 43, 28,112,108, 24, 13)(  6,  7, 27, 93, 16, 34,104, 62, 64,
         77, 91, 25, 33)( 10, 98, 87, 69, 22, 94, 65, 49,107, 30, 86, 56, 52,
          12,103, 70, 35, 85, 88, 54, 73,117, 31,111, 89)( 18, 20, 46, 74, 68,
         80,109, 37,116)( 19, 47, 60, 50, 58, 81,102, 57, 72)( 26, 51) ), rec(
      gadd := 
       [ (  1, 79, 40)(  2, 80, 41)(  3, 81, 42)(  4, 82, 43)(  5, 83, 44)
            (  6, 84, 45)(  7, 85, 46)(  8, 86, 47)(  9, 87, 48)( 10, 88, 49)
            ( 11, 89, 50)( 12, 90, 51)( 13, 91, 52)( 14, 92, 53)( 15, 93, 54)
            ( 16, 94, 55)( 17, 95, 56)( 18, 96, 57)( 19, 97, 58)( 20, 98, 59)
            ( 21, 99, 60)( 22,100, 61)( 23,101, 62)( 24,102, 63)( 25,103, 64)
            ( 26,104, 65)( 27,105, 66)( 28,106, 67)( 29,107, 68)( 30,108, 69)
            ( 31,109, 70)( 32,110, 71)( 33,111, 72)( 34,112, 73)( 35,113, 74)
            ( 36,114, 75)( 37,115, 76)( 38,116, 77)( 39,117, 78), 
          (  1,109, 61, 13,108, 60, 12,107, 59, 11,106, 58, 10,105, 57,  9,
             117, 56,  8,116, 55,  7,115, 54,  6,114, 53,  5,113, 65,  4,112,
              64,  3,111, 63,  2,110, 62)( 14, 83, 74, 26, 82, 73, 25, 81, 72,
             24, 80, 71, 23, 79, 70, 22, 91, 69, 21, 90, 68, 20, 89, 67, 19,
              88, 66, 18, 87, 78, 17, 86, 77, 16, 85, 76, 15, 84, 75)
            ( 27, 96, 48, 39, 95, 47, 38, 94, 46, 37, 93, 45, 36, 92, 44, 35,
             104, 43, 34,103, 42, 33,102, 41, 32,101, 40, 31,100, 52, 30, 99,
              51, 29, 98, 50, 28, 97, 49) ],
      gmul := 
       [ (  1, 31, 15)(  2, 27, 18)(  3, 36, 21)(  4, 32, 24)(  5, 28, 14)
            (  6, 37, 17)(  7, 33, 20)(  8, 29, 23)(  9, 38, 26)( 10, 34, 16)
            ( 11, 30, 19)( 12, 39, 22)( 13, 35, 25)( 40, 70, 54)( 41, 66, 57)
            ( 42, 75, 60)( 43, 71, 63)( 44, 67, 53)( 45, 76, 56)( 46, 72, 59)
            ( 47, 68, 62)( 48, 77, 65)( 49, 73, 55)( 50, 69, 58)( 51, 78, 61)
            ( 52, 74, 64)( 79,109, 93)( 80,105, 96)( 81,114, 99)( 82,110,102)
            ( 83,106, 92)( 84,115, 95)( 85,111, 98)( 86,107,101)( 87,116,104)
            ( 88,112, 94)( 89,108, 97)( 90,117,100)( 91,113,103), 
          (  1, 61, 81)(  2, 57, 84)(  3, 53, 87)(  4, 62, 90)(  5, 58, 80)
            (  6, 54, 83)(  7, 63, 86)(  8, 59, 89)(  9, 55, 79)( 10, 64, 82)
            ( 11, 60, 85)( 12, 56, 88)( 13, 65, 91)( 14, 74, 94)( 15, 70, 97)
            ( 16, 66,100)( 17, 75,103)( 18, 71, 93)( 19, 67, 96)( 20, 76, 99)
            ( 21, 72,102)( 22, 68, 92)( 23, 77, 95)( 24, 73, 98)( 25, 69,101)
            ( 26, 78,104)( 27, 48,107)( 28, 44,110)( 29, 40,113)( 30, 49,116)
            ( 31, 45,106)( 32, 41,109)( 33, 50,112)( 34, 46,115)( 35, 42,105)
            ( 36, 51,108)( 37, 47,111)( 38, 43,114)( 39, 52,117) ],
      p := (  2, 14, 73,110, 49,117,114, 88, 90, 23, 21, 38, 59, 99,116,109,
         108,115, 83, 68, 97, 10, 79, 41, 47, 26, 45, 85, 77,  4,  7,  8, 40,
          64, 71, 11, 22,112, 70, 37, 78, 51, 31, 84, 42, 60,106, 95,  5, 27,
          48, 39, 55,103, 63, 50, 98, 81, 65, 61, 28, 32, 87, 54, 94, 96,107,
         102, 56, 12, 72, 89, 80, 52,  3, 66, 74,100,101, 93,104, 76, 82, 57,
          36, 46, 15, 20, 92, 91, 18,111, 44, 25)(  6,105, 69, 30)
        (  9, 19, 29, 24, 34)( 13, 53, 16)( 17, 33, 35)( 43, 67)( 58, 86, 62)
        ( 75,113),
      q := (  2, 27, 98, 61, 24, 19, 21, 20, 40, 85,107, 49, 67,104,108, 69,
          18, 73, 74, 42, 84,100, 52, 12,112,114, 63, 93, 43,117, 70, 23, 29,
          28, 25, 13, 79, 96, 77, 11, 33, 16)(  3,105,115, 56)
        (  4,  8, 92, 62, 90, 37,106, 44, 32, 59, 45, 64,113,109, 76, 65, 81,
          82, 80,101, 50, 48, 17, 22, 72, 54, 47, 36,103, 88, 58, 55, 46, 31,
          60, 78, 97,  5, 14,111, 95, 10, 53, 35, 39, 86, 91, 30,  9, 34,  6,
          66,110,102, 83,116, 75, 71)( 15, 38, 87, 89, 57, 26, 99, 68, 51)
        ( 41, 94) ), rec(
      gadd := 
       [ (  1, 53,105)(  2, 54,106)(  3, 55,107)(  4, 56,108)(  5, 57,109)
            (  6, 58,110)(  7, 59,111)(  8, 60,112)(  9, 61,113)( 10, 62,114)
            ( 11, 63,115)( 12, 64,116)( 13, 65,117)( 14, 66, 79)( 15, 67, 80)
            ( 16, 68, 81)( 17, 69, 82)( 18, 70, 83)( 19, 71, 84)( 20, 72, 85)
            ( 21, 73, 86)( 22, 74, 87)( 23, 75, 88)( 24, 76, 89)( 25, 77, 90)
            ( 26, 78, 91)( 27, 40, 92)( 28, 41, 93)( 29, 42, 94)( 30, 43, 95)
            ( 31, 44, 96)( 32, 45, 97)( 33, 46, 98)( 34, 47, 99)( 35, 48,100)
            ( 36, 49,101)( 37, 50,102)( 38, 51,103)( 39, 52,104), 
          (  1, 91, 51, 11, 88, 48,  8, 85, 45,  5, 82, 42,  2, 79, 52, 12,
              89, 49,  9, 86, 46,  6, 83, 43,  3, 80, 40, 13, 90, 50, 10, 87,
              47,  7, 84, 44,  4, 81, 41)( 14,104, 64, 24,101, 61, 21, 98, 58,
             18, 95, 55, 15, 92, 65, 25,102, 62, 22, 99, 59, 19, 96, 56, 16,
              93, 53, 26,103, 63, 23,100, 60, 20, 97, 57, 17, 94, 54)
            ( 27,117, 77, 37,114, 74, 34,111, 71, 31,108, 68, 28,105, 78, 38,
             115, 75, 35,112, 72, 32,109, 69, 29,106, 66, 39,116, 76, 36,113,
              73, 33,110, 70, 30,107, 67) ],
      gmul := 
       [ (  1, 63, 80)(  2, 53, 89)(  3, 56, 85)(  4, 59, 81)(  5, 62, 90)
            (  6, 65, 86)(  7, 55, 82)(  8, 58, 91)(  9, 61, 87)( 10, 64, 83)
            ( 11, 54, 79)( 12, 57, 88)( 13, 60, 84)( 14, 76, 93)( 15, 66,102)
            ( 16, 69, 98)( 17, 72, 94)( 18, 75,103)( 19, 78, 99)( 20, 68, 95)
            ( 21, 71,104)( 22, 74,100)( 23, 77, 96)( 24, 67, 92)( 25, 70,101)
            ( 26, 73, 97)( 27, 50,106)( 28, 40,115)( 29, 43,111)( 30, 46,107)
            ( 31, 49,116)( 32, 52,112)( 33, 42,108)( 34, 45,117)( 35, 48,113)
            ( 36, 51,109)( 37, 41,105)( 38, 44,114)( 39, 47,110), 
          (  1, 72,117,  6, 77,109, 11, 69,114,  3, 74,106,  8, 66,111, 13,
              71,116,  5, 76,108, 10, 68,113,  2, 73,105,  7, 78,110, 12, 70,
             115,  4, 75,107,  9, 67,112)( 14, 46, 91, 19, 51, 83, 24, 43, 88,
             16, 48, 80, 21, 40, 85, 26, 45, 90, 18, 50, 82, 23, 42, 87, 15,
              47, 79, 20, 52, 84, 25, 44, 89, 17, 49, 81, 22, 41, 86)
            ( 27, 59,104, 32, 64, 96, 37, 56,101, 29, 61, 93, 34, 53, 98, 39,
              58,103, 31, 63, 95, 36, 55,100, 28, 60, 92, 33, 65, 97, 38, 57,
             102, 30, 62, 94, 35, 54, 99) ],
      p := (  2, 27, 61, 15, 33, 22,112, 70, 24, 21, 25)(  3, 66, 74, 87, 41,
          60,106, 82, 44, 38, 46, 28, 19, 16, 13, 40, 51, 18,111, 57, 23, 34,
           9, 32,100, 88,103, 50, 85, 77,  4,  7,  8, 53, 29, 37, 78, 64, 71,
          11, 35, 30,  6,105, 69, 17, 20, 79, 54, 81, 52)(  5, 14, 73,110, 62,
         45, 98, 94, 83, 68, 84, 55, 90, 36, 59, 86, 49,117,114,101, 80, 65,
          48, 26, 58, 99,116,109,108,115, 96,107, 89, 93, 91, 31, 97, 10, 92,
         104, 76, 95)( 12, 72,102, 43, 67, 56)( 39, 42, 47)( 75,113),
      q := (  2, 14,111, 82, 93, 56,  3,105,115, 43,117, 70, 36, 90, 24, 32,
          46, 18, 73, 74, 55, 59, 58, 42, 97,  5, 27, 85,107, 62,103,101, 63,
          80, 88, 45, 51, 28, 38,100, 65, 94, 54, 60, 78, 84, 87,102, 96, 77,
          11, 20, 53, 22, 72, 41, 81, 95, 10, 40, 98, 48, 30,  9, 21, 33, 29,
          15, 25, 13, 92, 49, 67, 91, 17, 35, 26, 86,104,108, 69, 31, 47, 23,
          16)(  4,  8, 79, 83,116, 75, 71)(  6, 66,110, 89, 44, 19, 34)
        ( 12,112,114, 50, 61, 37,106, 57, 39, 99, 68, 64,113,109, 76, 52) ) ];
