gap> MakeList([92]);
## size 92
BRACES[92] := rec( total := -1, implemented := 9, size := 92, brace := [] );
BRACES[92].brace[1] := rec ( size := 92, perms :=
[ [ (), () ], 
  [ (1,3)(2,4), ( 1,13)( 2,90)( 3,19)( 4,88)( 5,92)( 6,86)( 7,91)( 8,84)
        ( 9,89)(10,82)(11,87)(12,79)(14,85)(15,76)(16,74)(17,83)(18,72)(20,70)
        (21,81)(22,68)(23,80)(24,66)(25,78)(26,64)(27,77)(28,62)(29,75)(30,60)
        (31,73)(32,58)(33,71)(34,56)(35,69)(36,54)(37,67)(38,52)(39,65)(40,50)
        (41,63)(42,48)(43,61)(44,46)(45,59)(47,57)(49,55)(51,53) ], 
  [ ( 5,22,16,10,27,21,15, 9,26,20,14, 8,25,19,13, 7,24,18,12, 6,23,17,11), 
      ( 1,74,70,66,62,58,54,50,46,42,38,34,30,26,22,18,15,12,10, 8, 6, 4, 2)
        ( 3,80,77,73,69,65,61,57,53,49,45,41,37,33,29,25,21,17,14,11, 9, 7, 5)
        (13,90,88,86,84,82,79,76,72,68,64,60,56,52,48,44,40,36,32,28,24,20,16)
        (19,92,91,89,87,85,83,81,78,75,71,67,63,59,55,51,47,43,39,35,31,27,23
         ) ], 
  [ ( 1, 3)( 2, 4)( 5,22,16,10,27,21,15, 9,26,20,14, 8,25,19,13, 7,24,18,12,
          6,23,17,11), ( 1,90)( 2,88)( 3,92)( 4,86)( 5,91)( 6,84)( 7,89)
        ( 8,82)( 9,87)(10,79)(11,85)(12,76)(13,74)(14,83)(15,72)(16,70)(17,81)
        (18,68)(19,80)(20,66)(21,78)(22,64)(23,77)(24,62)(25,75)(26,60)(27,73)
        (28,58)(29,71)(30,56)(31,69)(32,54)(33,67)(34,52)(35,65)(36,50)(37,63)
        (38,48)(39,61)(40,46)(41,59)(42,44)(43,57)(45,55)(47,53)(49,51) ], 
  [ ( 5,16,27,15,26,14,25,13,24,12,23,11,22,10,21, 9,20, 8,19, 7,18, 6,17), 
      ( 1,70,62,54,46,38,30,22,15,10, 6, 2,74,66,58,50,42,34,26,18,12, 8, 4)
        ( 3,77,69,61,53,45,37,29,21,14, 9, 5,80,73,65,57,49,41,33,25,17,11, 7)
        (13,88,84,79,72,64,56,48,40,32,24,16,90,86,82,76,68,60,52,44,36,28,20)
        (19,91,87,83,78,71,63,55,47,39,31,23,92,89,85,81,75,67,59,51,43,35,27
         ) ], 
  [ ( 1, 3)( 2, 4)( 5,16,27,15,26,14,25,13,24,12,23,11,22,10,21, 9,20, 8,19,
          7,18, 6,17), ( 1,88)( 2,86)( 3,91)( 4,84)( 5,89)( 6,82)( 7,87)
        ( 8,79)( 9,85)(10,76)(11,83)(12,72)(13,70)(14,81)(15,68)(16,66)(17,78)
        (18,64)(19,77)(20,62)(21,75)(22,60)(23,73)(24,58)(25,71)(26,56)(27,69)
        (28,54)(29,67)(30,52)(31,65)(32,50)(33,63)(34,48)(35,61)(36,46)(37,59)
        (38,44)(39,57)(40,42)(41,55)(43,53)(45,51)(47,49)(74,90)(80,92) ], 
  [ ( 5,10,15,20,25, 7,12,17,22,27, 9,14,19,24, 6,11,16,21,26, 8,13,18,23), 
      ( 1,66,54,42,30,18,10, 4,74,62,50,38,26,15, 8, 2,70,58,46,34,22,12, 6)
        ( 3,73,61,49,37,25,14, 7,80,69,57,45,33,21,11, 5,77,65,53,41,29,17, 9)
        (13,86,79,68,56,44,32,20,90,84,76,64,52,40,28,16,88,82,72,60,48,36,24)
        (19,89,83,75,63,51,39,27,92,87,81,71,59,47,35,23,91,85,78,67,55,43,31
         ) ], 
  [ ( 1, 3)( 2, 4)( 5,10,15,20,25, 7,12,17,22,27, 9,14,19,24, 6,11,16,21,26,
          8,13,18,23), ( 1,86)( 2,84)( 3,89)( 4,82)( 5,87)( 6,79)( 7,85)
        ( 8,76)( 9,83)(10,72)(11,81)(12,68)(13,66)(14,78)(15,64)(16,62)(17,75)
        (18,60)(19,73)(20,58)(21,71)(22,56)(23,69)(24,54)(25,67)(26,52)(27,65)
        (28,50)(29,63)(30,48)(31,61)(32,46)(33,59)(34,44)(35,57)(36,42)(37,55)
        (38,40)(39,53)(41,51)(43,49)(45,47)(70,90)(74,88)(77,92)(80,91) ], 
  [ ( 5,27,26,25,24,23,22,21,20,19,18,17,16,15,14,13,12,11,10, 9, 8, 7, 6), 
      ( 1,62,46,30,15, 6,74,58,42,26,12, 4,70,54,38,22,10, 2,66,50,34,18, 8)
        ( 3,69,53,37,21, 9,80,65,49,33,17, 7,77,61,45,29,14, 5,73,57,41,25,11)
        (13,84,72,56,40,24,90,82,68,52,36,20,88,79,64,48,32,16,86,76,60,44,28)
        (19,87,78,63,47,31,92,85,75,59,43,27,91,83,71,55,39,23,89,81,67,51,35
         ) ], 
  [ ( 1, 3)( 2, 4)( 5,27,26,25,24,23,22,21,20,19,18,17,16,15,14,13,12,11,10,
          9, 8, 7, 6), ( 1,84)( 2,82)( 3,87)( 4,79)( 5,85)( 6,76)( 7,83)
        ( 8,72)( 9,81)(10,68)(11,78)(12,64)(13,62)(14,75)(15,60)(16,58)(17,71)
        (18,56)(19,69)(20,54)(21,67)(22,52)(23,65)(24,50)(25,63)(26,48)(27,61)
        (28,46)(29,59)(30,44)(31,57)(32,42)(33,55)(34,40)(35,53)(36,38)(37,51)
        (39,49)(41,47)(43,45)(66,90)(70,88)(73,92)(74,86)(77,91)(80,89) ], 
  [ ( 5,21,14, 7,23,16, 9,25,18,11,27,20,13, 6,22,15, 8,24,17,10,26,19,12), 
      ( 1,58,38,18, 6,70,50,30,12, 2,62,42,22, 8,74,54,34,15, 4,66,46,26,10)
        ( 3,65,45,25, 9,77,57,37,17, 5,69,49,29,11,80,61,41,21, 7,73,53,33,14)
        (13,82,64,44,24,88,76,56,36,16,84,68,48,28,90,79,60,40,20,86,72,52,32)
        (19,85,71,51,31,91,81,63,43,23,87,75,55,35,92,83,67,47,27,89,78,59,39
         ) ], 
  [ ( 1, 3)( 2, 4)( 5,21,14, 7,23,16, 9,25,18,11,27,20,13, 6,22,15, 8,24,17,
         10,26,19,12), ( 1,82)( 2,79)( 3,85)( 4,76)( 5,83)( 6,72)( 7,81)
        ( 8,68)( 9,78)(10,64)(11,75)(12,60)(13,58)(14,71)(15,56)(16,54)(17,67)
        (18,52)(19,65)(20,50)(21,63)(22,48)(23,61)(24,46)(25,59)(26,44)(27,57)
        (28,42)(29,55)(30,40)(31,53)(32,38)(33,51)(34,36)(35,49)(37,47)(39,45)
        (41,43)(62,90)(66,88)(69,92)(70,86)(73,91)(74,84)(77,89)(80,87) ], 
  [ ( 5,15,25,12,22, 9,19, 6,16,26,13,23,10,20, 7,17,27,14,24,11,21, 8,18), 
      ( 1,54,30,10,74,50,26, 8,70,46,22, 6,66,42,18, 4,62,38,15, 2,58,34,12)
        ( 3,61,37,14,80,57,33,11,77,53,29, 9,73,49,25, 7,69,45,21, 5,65,41,17)
        (13,79,56,32,90,76,52,28,88,72,48,24,86,68,44,20,84,64,40,16,82,60,36)
        (19,83,63,39,92,81,59,35,91,78,55,31,89,75,51,27,87,71,47,23,85,67,43
         ) ], 
  [ ( 1, 3)( 2, 4)( 5,15,25,12,22, 9,19, 6,16,26,13,23,10,20, 7,17,27,14,24,
         11,21, 8,18), ( 1,79)( 2,76)( 3,83)( 4,72)( 5,81)( 6,68)( 7,78)
        ( 8,64)( 9,75)(10,60)(11,71)(12,56)(13,54)(14,67)(15,52)(16,50)(17,63)
        (18,48)(19,61)(20,46)(21,59)(22,44)(23,57)(24,42)(25,55)(26,40)(27,53)
        (28,38)(29,51)(30,36)(31,49)(32,34)(33,47)(35,45)(37,43)(39,41)(58,90)
        (62,88)(65,92)(66,86)(69,91)(70,84)(73,89)(74,82)(77,87)(80,85) ], 
  [ ( 5, 9,13,17,21,25, 6,10,14,18,22,26, 7,11,15,19,23,27, 8,12,16,20,24), 
      ( 1,50,22, 4,58,30, 8,66,38,12,74,46,18, 2,54,26, 6,62,34,10,70,42,15)
        ( 3,57,29, 7,65,37,11,73,45,17,80,53,25, 5,61,33, 9,69,41,14,77,49,21)
        (13,76,48,20,82,56,28,86,64,36,90,72,44,16,79,52,24,84,60,32,88,68,40)
        (19,81,55,27,85,63,35,89,71,43,92,78,51,23,83,59,31,87,67,39,91,75,47
         ) ], 
  [ ( 1, 3)( 2, 4)( 5, 9,13,17,21,25, 6,10,14,18,22,26, 7,11,15,19,23,27, 8,
         12,16,20,24), ( 1,76)( 2,72)( 3,81)( 4,68)( 5,78)( 6,64)( 7,75)
        ( 8,60)( 9,71)(10,56)(11,67)(12,52)(13,50)(14,63)(15,48)(16,46)(17,59)
        (18,44)(19,57)(20,42)(21,55)(22,40)(23,53)(24,38)(25,51)(26,36)(27,49)
        (28,34)(29,47)(30,32)(31,45)(33,43)(35,41)(37,39)(54,90)(58,88)(61,92)
        (62,86)(65,91)(66,84)(69,89)(70,82)(73,87)(74,79)(77,85)(80,83) ], 
  [ ( 5,26,24,22,20,18,16,14,12,10, 8, 6,27,25,23,21,19,17,15,13,11, 9, 7), 
      ( 1,46,15,74,42,12,70,38,10,66,34, 8,62,30, 6,58,26, 4,54,22, 2,50,18)
        ( 3,53,21,80,49,17,77,45,14,73,41,11,69,37, 9,65,33, 7,61,29, 5,57,25)
        (13,72,40,90,68,36,88,64,32,86,60,28,84,56,24,82,52,20,79,48,16,76,44)
        (19,78,47,92,75,43,91,71,39,89,67,35,87,63,31,85,59,27,83,55,23,81,51
         ) ], 
  [ ( 1, 3)( 2, 4)( 5,26,24,22,20,18,16,14,12,10, 8, 6,27,25,23,21,19,17,15,
         13,11, 9, 7), ( 1,72)( 2,68)( 3,78)( 4,64)( 5,75)( 6,60)( 7,71)
        ( 8,56)( 9,67)(10,52)(11,63)(12,48)(13,46)(14,59)(15,44)(16,42)(17,55)
        (18,40)(19,53)(20,38)(21,51)(22,36)(23,49)(24,34)(25,47)(26,32)(27,45)
        (28,30)(29,43)(31,41)(33,39)(35,37)(50,90)(54,88)(57,92)(58,86)(61,91)
        (62,84)(65,89)(66,82)(69,87)(70,79)(73,85)(74,76)(77,83)(80,81) ], 
  [ ( 5,20,12,27,19,11,26,18,10,25,17, 9,24,16, 8,23,15, 7,22,14, 6,21,13), 
      ( 1,42,10,62,26, 2,46,12,66,30, 4,50,15,70,34, 6,54,18,74,38, 8,58,22)
        ( 3,49,14,69,33, 5,53,17,73,37, 7,57,21,77,41, 9,61,25,80,45,11,65,29)
        (13,68,32,84,52,16,72,36,86,56,20,76,40,88,60,24,79,44,90,64,28,82,48)
        (19,75,39,87,59,23,78,43,89,63,27,81,47,91,67,31,83,51,92,71,35,85,55
         ) ], 
  [ ( 1, 3)( 2, 4)( 5,20,12,27,19,11,26,18,10,25,17, 9,24,16, 8,23,15, 7,22,
         14, 6,21,13), ( 1,68)( 2,64)( 3,75)( 4,60)( 5,71)( 6,56)( 7,67)
        ( 8,52)( 9,63)(10,48)(11,59)(12,44)(13,42)(14,55)(15,40)(16,38)(17,51)
        (18,36)(19,49)(20,34)(21,47)(22,32)(23,45)(24,30)(25,43)(26,28)(27,41)
        (29,39)(31,37)(33,35)(46,90)(50,88)(53,92)(54,86)(57,91)(58,84)(61,89)
        (62,82)(65,87)(66,79)(69,85)(70,76)(72,74)(73,83)(77,81)(78,80) ], 
  [ ( 5,14,23, 9,18,27,13,22, 8,17,26,12,21, 7,16,25,11,20, 6,15,24,10,19), 
      ( 1,38, 6,50,12,62,22,74,34, 4,46,10,58,18,70,30, 2,42, 8,54,15,66,26)
        ( 3,45, 9,57,17,69,29,80,41, 7,53,14,65,25,77,37, 5,49,11,61,21,73,33)
        (13,64,24,76,36,84,48,90,60,20,72,32,82,44,88,56,16,68,28,79,40,86,52)
        (19,71,31,81,43,87,55,92,67,27,78,39,85,51,91,63,23,75,35,83,47,89,59
         ) ], 
  [ ( 1, 3)( 2, 4)( 5,14,23, 9,18,27,13,22, 8,17,26,12,21, 7,16,25,11,20, 6,
         15,24,10,19), ( 1,64)( 2,60)( 3,71)( 4,56)( 5,67)( 6,52)( 7,63)
        ( 8,48)( 9,59)(10,44)(11,55)(12,40)(13,38)(14,51)(15,36)(16,34)(17,47)
        (18,32)(19,45)(20,30)(21,43)(22,28)(23,41)(24,26)(25,39)(27,37)(29,35)
        (31,33)(42,90)(46,88)(49,92)(50,86)(53,91)(54,84)(57,89)(58,82)(61,87)
        (62,79)(65,85)(66,76)(68,74)(69,83)(70,72)(73,81)(75,80)(77,78) ], 
  [ ( 5, 8,11,14,17,20,23,26, 6, 9,12,15,18,21,24,27, 7,10,13,16,19,22,25), 
      ( 1,34, 2,38, 4,42, 6,46, 8,50,10,54,12,58,15,62,18,66,22,70,26,74,30)
        ( 3,41, 5,45, 7,49, 9,53,11,57,14,61,17,65,21,69,25,73,29,77,33,80,37)
        (13,60,16,64,20,68,24,72,28,76,32,79,36,82,40,84,44,86,48,88,52,90,56)
        (19,67,23,71,27,75,31,78,35,81,39,83,43,85,47,87,51,89,55,91,59,92,63
         ) ], 
  [ ( 1, 3)( 2, 4)( 5, 8,11,14,17,20,23,26, 6, 9,12,15,18,21,24,27, 7,10,13,
         16,19,22,25), ( 1,60)( 2,56)( 3,67)( 4,52)( 5,63)( 6,48)( 7,59)
        ( 8,44)( 9,55)(10,40)(11,51)(12,36)(13,34)(14,47)(15,32)(16,30)(17,43)
        (18,28)(19,41)(20,26)(21,39)(22,24)(23,37)(25,35)(27,33)(29,31)(38,90)
        (42,88)(45,92)(46,86)(49,91)(50,84)(53,89)(54,82)(57,87)(58,79)(61,85)
        (62,76)(64,74)(65,83)(66,72)(68,70)(69,81)(71,80)(73,78)(75,77) ], 
  [ ( 5,25,22,19,16,13,10, 7,27,24,21,18,15,12, 9, 6,26,23,20,17,14,11, 8), 
      ( 1,30,74,26,70,22,66,18,62,15,58,12,54,10,50, 8,46, 6,42, 4,38, 2,34)
        ( 3,37,80,33,77,29,73,25,69,21,65,17,61,14,57,11,53, 9,49, 7,45, 5,41)
        (13,56,90,52,88,48,86,44,84,40,82,36,79,32,76,28,72,24,68,20,64,16,60)
        (19,63,92,59,91,55,89,51,87,47,85,43,83,39,81,35,78,31,75,27,71,23,67
         ) ], 
  [ ( 1, 3)( 2, 4)( 5,25,22,19,16,13,10, 7,27,24,21,18,15,12, 9, 6,26,23,20,
         17,14,11, 8), ( 1,56)( 2,52)( 3,63)( 4,48)( 5,59)( 6,44)( 7,55)
        ( 8,40)( 9,51)(10,36)(11,47)(12,32)(13,30)(14,43)(15,28)(16,26)(17,39)
        (18,24)(19,37)(20,22)(21,35)(23,33)(25,31)(27,29)(34,90)(38,88)(41,92)
        (42,86)(45,91)(46,84)(49,89)(50,82)(53,87)(54,79)(57,85)(58,76)(60,74)
        (61,83)(62,72)(64,70)(65,81)(66,68)(67,80)(69,78)(71,77)(73,75) ], 
  [ ( 5,19,10,24,15, 6,20,11,25,16, 7,21,12,26,17, 8,22,13,27,18, 9,23,14), 
      ( 1,26,66,15,54, 8,42, 2,30,70,18,58,10,46, 4,34,74,22,62,12,50, 6,38)
        ( 3,33,73,21,61,11,49, 5,37,77,25,65,14,53, 7,41,80,29,69,17,57, 9,45)
        (13,52,86,40,79,28,68,16,56,88,44,82,32,72,20,60,90,48,84,36,76,24,64)
        (19,59,89,47,83,35,75,23,63,91,51,85,39,78,27,67,92,55,87,43,81,31,71
         ) ], 
  [ ( 1, 3)( 2, 4)( 5,19,10,24,15, 6,20,11,25,16, 7,21,12,26,17, 8,22,13,27,
         18, 9,23,14), ( 1,52)( 2,48)( 3,59)( 4,44)( 5,55)( 6,40)( 7,51)
        ( 8,36)( 9,47)(10,32)(11,43)(12,28)(13,26)(14,39)(15,24)(16,22)(17,35)
        (18,20)(19,33)(21,31)(23,29)(25,27)(30,90)(34,88)(37,92)(38,86)(41,91)
        (42,84)(45,89)(46,82)(49,87)(50,79)(53,85)(54,76)(56,74)(57,83)(58,72)
        (60,70)(61,81)(62,68)(63,80)(64,66)(65,78)(67,77)(69,75)(71,73) ], 
  [ ( 5,13,21, 6,14,22, 7,15,23, 8,16,24, 9,17,25,10,18,26,11,19,27,12,20), 
      ( 1,22,58, 8,38,74,18,54, 6,34,70,15,50, 4,30,66,12,46, 2,26,62,10,42)
        ( 3,29,65,11,45,80,25,61, 9,41,77,21,57, 7,37,73,17,53, 5,33,69,14,49)
        (13,48,82,28,64,90,44,79,24,60,88,40,76,20,56,86,36,72,16,52,84,32,68)
        (19,55,85,35,71,92,51,83,31,67,91,47,81,27,63,89,43,78,23,59,87,39,75
         ) ], 
  [ ( 1, 3)( 2, 4)( 5,13,21, 6,14,22, 7,15,23, 8,16,24, 9,17,25,10,18,26,11,
         19,27,12,20), ( 1,48)( 2,44)( 3,55)( 4,40)( 5,51)( 6,36)( 7,47)
        ( 8,32)( 9,43)(10,28)(11,39)(12,24)(13,22)(14,35)(15,20)(16,18)(17,31)
        (19,29)(21,27)(23,25)(26,90)(30,88)(33,92)(34,86)(37,91)(38,84)(41,89)
        (42,82)(45,87)(46,79)(49,85)(50,76)(52,74)(53,83)(54,72)(56,70)(57,81)
        (58,68)(59,80)(60,66)(61,78)(62,64)(63,77)(65,75)(67,73)(69,71) ], 
  [ ( 5, 7, 9,11,13,15,17,19,21,23,25,27, 6, 8,10,12,14,16,18,20,22,24,26), 
      ( 1,18,50, 2,22,54, 4,26,58, 6,30,62, 8,34,66,10,38,70,12,42,74,15,46)
        ( 3,25,57, 5,29,61, 7,33,65, 9,37,69,11,41,73,14,45,77,17,49,80,21,53)
        (13,44,76,16,48,79,20,52,82,24,56,84,28,60,86,32,64,88,36,68,90,40,72)
        (19,51,81,23,55,83,27,59,85,31,63,87,35,67,89,39,71,91,43,75,92,47,78
         ) ], 
  [ ( 1, 3)( 2, 4)( 5, 7, 9,11,13,15,17,19,21,23,25,27, 6, 8,10,12,14,16,18,
         20,22,24,26), ( 1,44)( 2,40)( 3,51)( 4,36)( 5,47)( 6,32)( 7,43)
        ( 8,28)( 9,39)(10,24)(11,35)(12,20)(13,18)(14,31)(15,16)(17,27)(19,25)
        (21,23)(22,90)(26,88)(29,92)(30,86)(33,91)(34,84)(37,89)(38,82)(41,87)
        (42,79)(45,85)(46,76)(48,74)(49,83)(50,72)(52,70)(53,81)(54,68)(55,80)
        (56,66)(57,78)(58,64)(59,77)(60,62)(61,75)(63,73)(65,71)(67,69) ], 
  [ ( 5,24,20,16,12, 8,27,23,19,15,11, 7,26,22,18,14,10, 6,25,21,17,13, 9), 
      ( 1,15,42,70,10,34,62, 6,26,54, 2,18,46,74,12,38,66, 8,30,58, 4,22,50)
        ( 3,21,49,77,14,41,69, 9,33,61, 5,25,53,80,17,45,73,11,37,65, 7,29,57)
        (13,40,68,88,32,60,84,24,52,79,16,44,72,90,36,64,86,28,56,82,20,48,76)
        (19,47,75,91,39,67,87,31,59,83,23,51,78,92,43,71,89,35,63,85,27,55,81
         ) ], 
  [ ( 1, 3)( 2, 4)( 5,24,20,16,12, 8,27,23,19,15,11, 7,26,22,18,14,10, 6,25,
         21,17,13, 9), ( 1,40)( 2,36)( 3,47)( 4,32)( 5,43)( 6,28)( 7,39)
        ( 8,24)( 9,35)(10,20)(11,31)(12,16)(13,15)(14,27)(17,23)(18,90)(19,21)
        (22,88)(25,92)(26,86)(29,91)(30,84)(33,89)(34,82)(37,87)(38,79)(41,85)
        (42,76)(44,74)(45,83)(46,72)(48,70)(49,81)(50,68)(51,80)(52,66)(53,78)
        (54,64)(55,77)(56,62)(57,75)(58,60)(59,73)(61,71)(63,69)(65,67) ], 
  [ ( 5,18, 8,21,11,24,14,27,17, 7,20,10,23,13,26,16, 6,19, 9,22,12,25,15), 
      ( 1,12,34,58, 2,15,38,62, 4,18,42,66, 6,22,46,70, 8,26,50,74,10,30,54)
        ( 3,17,41,65, 5,21,45,69, 7,25,49,73, 9,29,53,77,11,33,57,80,14,37,61)
        (13,36,60,82,16,40,64,84,20,44,68,86,24,48,72,88,28,52,76,90,32,56,79)
        (19,43,67,85,23,47,71,87,27,51,75,89,31,55,78,91,35,59,81,92,39,63,83
         ) ], 
  [ ( 1, 3)( 2, 4)( 5,18, 8,21,11,24,14,27,17, 7,20,10,23,13,26,16, 6,19, 9,
         22,12,25,15), ( 1,36)( 2,32)( 3,43)( 4,28)( 5,39)( 6,24)( 7,35)
        ( 8,20)( 9,31)(10,16)(11,27)(12,13)(14,23)(15,90)(17,19)(18,88)(21,92)
        (22,86)(25,91)(26,84)(29,89)(30,82)(33,87)(34,79)(37,85)(38,76)(40,74)
        (41,83)(42,72)(44,70)(45,81)(46,68)(47,80)(48,66)(49,78)(50,64)(51,77)
        (52,62)(53,75)(54,60)(55,73)(56,58)(57,71)(59,69)(61,67)(63,65) ], 
  [ ( 5,12,19,26,10,17,24, 8,15,22, 6,13,20,27,11,18,25, 9,16,23, 7,14,21), 
      ( 1,10,26,46,66, 4,15,34,54,74, 8,22,42,62, 2,12,30,50,70, 6,18,38,58)
        ( 3,14,33,53,73, 7,21,41,61,80,11,29,49,69, 5,17,37,57,77, 9,25,45,65)
        (13,32,52,72,86,20,40,60,79,90,28,48,68,84,16,36,56,76,88,24,44,64,82)
        (19,39,59,78,89,27,47,67,83,92,35,55,75,87,23,43,63,81,91,31,51,71,85
         ) ], 
  [ ( 1, 3)( 2, 4)( 5,12,19,26,10,17,24, 8,15,22, 6,13,20,27,11,18,25, 9,16,
         23, 7,14,21), ( 1,32)( 2,28)( 3,39)( 4,24)( 5,35)( 6,20)( 7,31)
        ( 8,16)( 9,27)(10,13)(11,23)(12,90)(14,19)(15,88)(17,92)(18,86)(21,91)
        (22,84)(25,89)(26,82)(29,87)(30,79)(33,85)(34,76)(36,74)(37,83)(38,72)
        (40,70)(41,81)(42,68)(43,80)(44,66)(45,78)(46,64)(47,77)(48,62)(49,75)
        (50,60)(51,73)(52,58)(53,71)(54,56)(55,69)(57,67)(59,65)(61,63) ], 
  [ ( 5, 6, 7, 8, 9,10,11,12,13,14,15,16,17,18,19,20,21,22,23,24,25,26,27), 
      ( 1, 8,18,34,50,66, 2,10,22,38,54,70, 4,12,26,42,58,74, 6,15,30,46,62)
        ( 3,11,25,41,57,73, 5,14,29,45,61,77, 7,17,33,49,65,80, 9,21,37,53,69)
        (13,28,44,60,76,86,16,32,48,64,79,88,20,36,52,68,82,90,24,40,56,72,84)
        (19,35,51,67,81,89,23,39,55,71,83,91,27,43,59,75,85,92,31,47,63,78,87
         ) ], 
  [ ( 1, 3)( 2, 4)( 5, 6, 7, 8, 9,10,11,12,13,14,15,16,17,18,19,20,21,22,23,
         24,25,26,27), ( 1,28)( 2,24)( 3,35)( 4,20)( 5,31)( 6,16)( 7,27)
        ( 8,13)( 9,23)(10,90)(11,19)(12,88)(14,92)(15,86)(17,91)(18,84)(21,89)
        (22,82)(25,87)(26,79)(29,85)(30,76)(32,74)(33,83)(34,72)(36,70)(37,81)
        (38,68)(39,80)(40,66)(41,78)(42,64)(43,77)(44,62)(45,75)(46,60)(47,73)
        (48,58)(49,71)(50,56)(51,69)(52,54)(53,67)(55,65)(57,63)(59,61) ], 
  [ ( 5,23,18,13, 8,26,21,16,11, 6,24,19,14, 9,27,22,17,12, 7,25,20,15,10), 
      ( 1, 6,12,22,34,46,58,70, 2, 8,15,26,38,50,62,74, 4,10,18,30,42,54,66)
        ( 3, 9,17,29,41,53,65,77, 5,11,21,33,45,57,69,80, 7,14,25,37,49,61,73)
        (13,24,36,48,60,72,82,88,16,28,40,52,64,76,84,90,20,32,44,56,68,79,86)
        (19,31,43,55,67,78,85,91,23,35,47,59,71,81,87,92,27,39,51,63,75,83,89
         ) ], 
  [ ( 1, 3)( 2, 4)( 5,23,18,13, 8,26,21,16,11, 6,24,19,14, 9,27,22,17,12, 7,
         25,20,15,10), ( 1,24)( 2,20)( 3,31)( 4,16)( 5,27)( 6,13)( 7,23)
        ( 8,90)( 9,19)(10,88)(11,92)(12,86)(14,91)(15,84)(17,89)(18,82)(21,87)
        (22,79)(25,85)(26,76)(28,74)(29,83)(30,72)(32,70)(33,81)(34,68)(35,80)
        (36,66)(37,78)(38,64)(39,77)(40,62)(41,75)(42,60)(43,73)(44,58)(45,71)
        (46,56)(47,69)(48,54)(49,67)(50,52)(51,65)(53,63)(55,61)(57,59) ], 
  [ ( 5,17, 6,18, 7,19, 8,20, 9,21,10,22,11,23,12,24,13,25,14,26,15,27,16), 
      ( 1, 4, 8,12,18,26,34,42,50,58,66,74, 2, 6,10,15,22,30,38,46,54,62,70)
        ( 3, 7,11,17,25,33,41,49,57,65,73,80, 5, 9,14,21,29,37,45,53,61,69,77)
        (13,20,28,36,44,52,60,68,76,82,86,90,16,24,32,40,48,56,64,72,79,84,88)
        (19,27,35,43,51,59,67,75,81,85,89,92,23,31,39,47,55,63,71,78,83,87,91
         ) ], 
  [ ( 1, 3)( 2, 4)( 5,17, 6,18, 7,19, 8,20, 9,21,10,22,11,23,12,24,13,25,14,
         26,15,27,16), ( 1,20)( 2,16)( 3,27)( 4,13)( 5,23)( 6,90)( 7,19)
        ( 8,88)( 9,92)(10,86)(11,91)(12,84)(14,89)(15,82)(17,87)(18,79)(21,85)
        (22,76)(24,74)(25,83)(26,72)(28,70)(29,81)(30,68)(31,80)(32,66)(33,78)
        (34,64)(35,77)(36,62)(37,75)(38,60)(39,73)(40,58)(41,71)(42,56)(43,69)
        (44,54)(45,67)(46,52)(47,65)(48,50)(49,63)(51,61)(53,59)(55,57) ], 
  [ ( 5,11,17,23, 6,12,18,24, 7,13,19,25, 8,14,20,26, 9,15,21,27,10,16,22), 
      ( 1, 2, 4, 6, 8,10,12,15,18,22,26,30,34,38,42,46,50,54,58,62,66,70,74)
        ( 3, 5, 7, 9,11,14,17,21,25,29,33,37,41,45,49,53,57,61,65,69,73,77,80)
        (13,16,20,24,28,32,36,40,44,48,52,56,60,64,68,72,76,79,82,84,86,88,90)
        (19,23,27,31,35,39,43,47,51,55,59,63,67,71,75,78,81,83,85,87,89,91,92
         ) ], 
  [ ( 1, 3)( 2, 4)( 5,11,17,23, 6,12,18,24, 7,13,19,25, 8,14,20,26, 9,15,21,
         27,10,16,22), ( 1,16)( 2,13)( 3,23)( 4,90)( 5,19)( 6,88)( 7,92)
        ( 8,86)( 9,91)(10,84)(11,89)(12,82)(14,87)(15,79)(17,85)(18,76)(20,74)
        (21,83)(22,72)(24,70)(25,81)(26,68)(27,80)(28,66)(29,78)(30,64)(31,77)
        (32,62)(33,75)(34,60)(35,73)(36,58)(37,71)(38,56)(39,69)(40,54)(41,67)
        (42,52)(43,65)(44,50)(45,63)(46,48)(47,61)(49,59)(51,57)(53,55) ], 
  [ (1,2,3,4), ( 1,19)( 2,92)( 3,13)( 4,91)( 5,90)( 6,89)( 7,88)( 8,87)( 9,86)
        (10,85)(11,84)(12,83)(14,82)(15,81)(16,80)(17,79)(18,78)(20,77)(21,76)
        (22,75)(23,74)(24,73)(25,72)(26,71)(27,70)(28,69)(29,68)(30,67)(31,66)
        (32,65)(33,64)(34,63)(35,62)(36,61)(37,60)(38,59)(39,58)(40,57)(41,56)
        (42,55)(43,54)(44,53)(45,52)(46,51)(47,50)(48,49) ], 
  [ (1,4,3,2), ( 1, 3)( 2, 5)( 4, 7)( 6, 9)( 8,11)(10,14)(12,17)(13,19)(15,21)
        (16,23)(18,25)(20,27)(22,29)(24,31)(26,33)(28,35)(30,37)(32,39)(34,41)
        (36,43)(38,45)(40,47)(42,49)(44,51)(46,53)(48,55)(50,57)(52,59)(54,61)
        (56,63)(58,65)(60,67)(62,69)(64,71)(66,73)(68,75)(70,77)(72,78)(74,80)
        (76,81)(79,83)(82,85)(84,87)(86,89)(88,91)(90,92) ], 
  [ ( 1, 2, 3, 4)( 5,22,16,10,27,21,15, 9,26,20,14, 8,25,19,13, 7,24,18,12, 6,
         23,17,11), ( 1,92)( 2,91)( 3,90)( 4,89)( 5,88)( 6,87)( 7,86)( 8,85)
        ( 9,84)(10,83)(11,82)(12,81)(13,80)(14,79)(15,78)(16,77)(17,76)(18,75)
        (19,74)(20,73)(21,72)(22,71)(23,70)(24,69)(25,68)(26,67)(27,66)(28,65)
        (29,64)(30,63)(31,62)(32,61)(33,60)(34,59)(35,58)(36,57)(37,56)(38,55)
        (39,54)(40,53)(41,52)(42,51)(43,50)(44,49)(45,48)(46,47) ], 
  [ ( 1, 4, 3, 2)( 5,22,16,10,27,21,15, 9,26,20,14, 8,25,19,13, 7,24,18,12, 6,
         23,17,11), ( 1,80,70,73,62,65,54,57,46,49,38,41,30,33,22,25,15,17,10,
         11, 6, 7, 2, 3,74,77,66,69,58,61,50,53,42,45,34,37,26,29,18,21,12,14,
         8, 9, 4, 5)(13,92,88,89,84,85,79,81,72,75,64,67,56,59,48,51,40,43,32,
         35,24,27,16,19,90,91,86,87,82,83,76,78,68,71,60,63,52,55,44,47,36,39,
         28,31,20,23) ], 
  [ ( 1, 2, 3, 4)( 5,16,27,15,26,14,25,13,24,12,23,11,22,10,21, 9,20, 8,19, 7,
         18, 6,17), ( 1,91)( 2,89)( 3,88)( 4,87)( 5,86)( 6,85)( 7,84)( 8,83)
        ( 9,82)(10,81)(11,79)(12,78)(13,77)(14,76)(15,75)(16,73)(17,72)(18,71)
        (19,70)(20,69)(21,68)(22,67)(23,66)(24,65)(25,64)(26,63)(27,62)(28,61)
        (29,60)(30,59)(31,58)(32,57)(33,56)(34,55)(35,54)(36,53)(37,52)(38,51)
        (39,50)(40,49)(41,48)(42,47)(43,46)(44,45)(74,92)(80,90) ], 
  [ ( 1, 4, 3, 2)( 5,16,27,15,26,14,25,13,24,12,23,11,22,10,21, 9,20, 8,19, 7,
         18, 6,17), ( 1,77,62,61,46,45,30,29,15,14, 6, 5,74,73,58,57,42,41,26,
         25,12,11, 4, 3,70,69,54,53,38,37,22,21,10, 9, 2,80,66,65,50,49,34,33,
         18,17, 8, 7)(13,91,84,83,72,71,56,55,40,39,24,23,90,89,82,81,68,67,
         52,51,36,35,20,19,88,87,79,78,64,63,48,47,32,31,16,92,86,85,76,75,60,
         59,44,43,28,27) ], 
  [ ( 1, 2, 3, 4)( 5,10,15,20,25, 7,12,17,22,27, 9,14,19,24, 6,11,16,21,26, 8,
         13,18,23), ( 1,89)( 2,87)( 3,86)( 4,85)( 5,84)( 6,83)( 7,82)( 8,81)
        ( 9,79)(10,78)(11,76)(12,75)(13,73)(14,72)(15,71)(16,69)(17,68)(18,67)
        (19,66)(20,65)(21,64)(22,63)(23,62)(24,61)(25,60)(26,59)(27,58)(28,57)
        (29,56)(30,55)(31,54)(32,53)(33,52)(34,51)(35,50)(36,49)(37,48)(38,47)
        (39,46)(40,45)(41,44)(42,43)(70,92)(74,91)(77,90)(80,88) ], 
  [ ( 1, 4, 3, 2)( 5,10,15,20,25, 7,12,17,22,27, 9,14,19,24, 6,11,16,21,26, 8,
         13,18,23), ( 1,73,54,49,30,25,10, 7,74,69,50,45,26,21, 8, 5,70,65,46,
         41,22,17, 6, 3,66,61,42,37,18,14, 4,80,62,57,38,33,15,11, 2,77,58,53,
         34,29,12, 9)(13,89,79,75,56,51,32,27,90,87,76,71,52,47,28,23,88,85,
         72,67,48,43,24,19,86,83,68,63,44,39,20,92,84,81,64,59,40,35,16,91,82,
         78,60,55,36,31) ], 
  [ ( 1, 2, 3, 4)( 5,27,26,25,24,23,22,21,20,19,18,17,16,15,14,13,12,11,10, 9,
         8, 7, 6), ( 1,87)( 2,85)( 3,84)( 4,83)( 5,82)( 6,81)( 7,79)( 8,78)
        ( 9,76)(10,75)(11,72)(12,71)(13,69)(14,68)(15,67)(16,65)(17,64)(18,63)
        (19,62)(20,61)(21,60)(22,59)(23,58)(24,57)(25,56)(26,55)(27,54)(28,53)
        (29,52)(30,51)(31,50)(32,49)(33,48)(34,47)(35,46)(36,45)(37,44)(38,43)
        (39,42)(40,41)(66,92)(70,91)(73,90)(74,89)(77,88)(80,86) ], 
  [ ( 1, 4, 3, 2)( 5,27,26,25,24,23,22,21,20,19,18,17,16,15,14,13,12,11,10, 9,
         8, 7, 6), ( 1,69,46,37,15, 9,74,65,42,33,12, 7,70,61,38,29,10, 5,66,
         57,34,25, 8, 3,62,53,30,21, 6,80,58,49,26,17, 4,77,54,45,22,14, 2,73,
         50,41,18,11)(13,87,72,63,40,31,90,85,68,59,36,27,88,83,64,55,32,23,
         86,81,60,51,28,19,84,78,56,47,24,92,82,75,52,43,20,91,79,71,48,39,16,
         89,76,67,44,35) ], 
  [ ( 1, 2, 3, 4)( 5,21,14, 7,23,16, 9,25,18,11,27,20,13, 6,22,15, 8,24,17,10,
         26,19,12), ( 1,85)( 2,83)( 3,82)( 4,81)( 5,79)( 6,78)( 7,76)( 8,75)
        ( 9,72)(10,71)(11,68)(12,67)(13,65)(14,64)(15,63)(16,61)(17,60)(18,59)
        (19,58)(20,57)(21,56)(22,55)(23,54)(24,53)(25,52)(26,51)(27,50)(28,49)
        (29,48)(30,47)(31,46)(32,45)(33,44)(34,43)(35,42)(36,41)(37,40)(38,39)
        (62,92)(66,91)(69,90)(70,89)(73,88)(74,87)(77,86)(80,84) ], 
  [ ( 1, 4, 3, 2)( 5,21,14, 7,23,16, 9,25,18,11,27,20,13, 6,22,15, 8,24,17,10,
         26,19,12), ( 1,65,38,25, 6,77,50,37,12, 5,62,49,22,11,74,61,34,21, 4,
         73,46,33,10, 3,58,45,18, 9,70,57,30,17, 2,69,42,29, 8,80,54,41,15, 7,
         66,53,26,14)(13,85,64,51,24,91,76,63,36,23,84,75,48,35,90,83,60,47,
         20,89,72,59,32,19,82,71,44,31,88,81,56,43,16,87,68,55,28,92,79,67,40,
         27,86,78,52,39) ], 
  [ ( 1, 2, 3, 4)( 5,15,25,12,22, 9,19, 6,16,26,13,23,10,20, 7,17,27,14,24,11,
         21, 8,18), ( 1,83)( 2,81)( 3,79)( 4,78)( 5,76)( 6,75)( 7,72)( 8,71)
        ( 9,68)(10,67)(11,64)(12,63)(13,61)(14,60)(15,59)(16,57)(17,56)(18,55)
        (19,54)(20,53)(21,52)(22,51)(23,50)(24,49)(25,48)(26,47)(27,46)(28,45)
        (29,44)(30,43)(31,42)(32,41)(33,40)(34,39)(35,38)(36,37)(58,92)(62,91)
        (65,90)(66,89)(69,88)(70,87)(73,86)(74,85)(77,84)(80,82) ], 
  [ ( 1, 4, 3, 2)( 5,15,25,12,22, 9,19, 6,16,26,13,23,10,20, 7,17,27,14,24,11,
         21, 8,18), ( 1,61,30,14,74,57,26,11,70,53,22, 9,66,49,18, 7,62,45,15,
         5,58,41,12, 3,54,37,10,80,50,33, 8,77,46,29, 6,73,42,25, 4,69,38,21,
          2,65,34,17)(13,83,56,39,90,81,52,35,88,78,48,31,86,75,44,27,84,71,
         40,23,82,67,36,19,79,63,32,92,76,59,28,91,72,55,24,89,68,51,20,87,64,
         47,16,85,60,43) ], 
  [ ( 1, 2, 3, 4)( 5, 9,13,17,21,25, 6,10,14,18,22,26, 7,11,15,19,23,27, 8,12,
         16,20,24), ( 1,81)( 2,78)( 3,76)( 4,75)( 5,72)( 6,71)( 7,68)( 8,67)
        ( 9,64)(10,63)(11,60)(12,59)(13,57)(14,56)(15,55)(16,53)(17,52)(18,51)
        (19,50)(20,49)(21,48)(22,47)(23,46)(24,45)(25,44)(26,43)(27,42)(28,41)
        (29,40)(30,39)(31,38)(32,37)(33,36)(34,35)(54,92)(58,91)(61,90)(62,89)
        (65,88)(66,87)(69,86)(70,85)(73,84)(74,83)(77,82)(79,80) ], 
  [ ( 1, 4, 3, 2)( 5, 9,13,17,21,25, 6,10,14,18,22,26, 7,11,15,19,23,27, 8,12,
         16,20,24), ( 1,57,22, 7,58,37, 8,73,38,17,74,53,18, 5,54,33, 6,69,34,
         14,70,49,15, 3,50,29, 4,65,30,11,66,45,12,80,46,25, 2,61,26, 9,62,41,
         10,77,42,21)(13,81,48,27,82,63,28,89,64,43,90,78,44,23,79,59,24,87,
         60,39,88,75,40,19,76,55,20,85,56,35,86,71,36,92,72,51,16,83,52,31,84,
         67,32,91,68,47) ], 
  [ ( 1, 2, 3, 4)( 5,26,24,22,20,18,16,14,12,10, 8, 6,27,25,23,21,19,17,15,13,
         11, 9, 7), ( 1,78)( 2,75)( 3,72)( 4,71)( 5,68)( 6,67)( 7,64)( 8,63)
        ( 9,60)(10,59)(11,56)(12,55)(13,53)(14,52)(15,51)(16,49)(17,48)(18,47)
        (19,46)(20,45)(21,44)(22,43)(23,42)(24,41)(25,40)(26,39)(27,38)(28,37)
        (29,36)(30,35)(31,34)(32,33)(50,92)(54,91)(57,90)(58,89)(61,88)(62,87)
        (65,86)(66,85)(69,84)(70,83)(73,82)(74,81)(76,80)(77,79) ], 
  [ ( 1, 4, 3, 2)( 5,26,24,22,20,18,16,14,12,10, 8, 6,27,25,23,21,19,17,15,13,
         11, 9, 7), ( 1,53,15,80,42,17,70,45,10,73,34,11,62,37, 6,65,26, 7,54,
         29, 2,57,18, 3,46,21,74,49,12,77,38,14,66,41, 8,69,30, 9,58,33, 4,61,
         22, 5,50,25)(13,78,40,92,68,43,88,71,32,89,60,35,84,63,24,85,52,27,
         79,55,16,81,44,19,72,47,90,75,36,91,64,39,86,67,28,87,56,31,82,59,20,
         83,48,23,76,51) ], 
  [ ( 1, 2, 3, 4)( 5,20,12,27,19,11,26,18,10,25,17, 9,24,16, 8,23,15, 7,22,14,
         6,21,13), ( 1,75)( 2,71)( 3,68)( 4,67)( 5,64)( 6,63)( 7,60)( 8,59)
        ( 9,56)(10,55)(11,52)(12,51)(13,49)(14,48)(15,47)(16,45)(17,44)(18,43)
        (19,42)(20,41)(21,40)(22,39)(23,38)(24,37)(25,36)(26,35)(27,34)(28,33)
        (29,32)(30,31)(46,92)(50,91)(53,90)(54,89)(57,88)(58,87)(61,86)(62,85)
        (65,84)(66,83)(69,82)(70,81)(72,80)(73,79)(74,78)(76,77) ], 
  [ ( 1, 4, 3, 2)( 5,20,12,27,19,11,26,18,10,25,17, 9,24,16, 8,23,15, 7,22,14,
         6,21,13), ( 1,49,10,69,26, 5,46,17,66,37, 4,57,15,77,34, 9,54,25,74,
         45, 8,65,22, 3,42,14,62,33, 2,53,12,73,30, 7,50,21,70,41, 6,61,18,80,
         38,11,58,29)(13,75,32,87,52,23,72,43,86,63,20,81,40,91,60,31,79,51,
         90,71,28,85,48,19,68,39,84,59,16,78,36,89,56,27,76,47,88,67,24,83,44,
         92,64,35,82,55) ], 
  [ ( 1, 2, 3, 4)( 5,14,23, 9,18,27,13,22, 8,17,26,12,21, 7,16,25,11,20, 6,15,
         24,10,19), ( 1,71)( 2,67)( 3,64)( 4,63)( 5,60)( 6,59)( 7,56)( 8,55)
        ( 9,52)(10,51)(11,48)(12,47)(13,45)(14,44)(15,43)(16,41)(17,40)(18,39)
        (19,38)(20,37)(21,36)(22,35)(23,34)(24,33)(25,32)(26,31)(27,30)(28,29)
        (42,92)(46,91)(49,90)(50,89)(53,88)(54,87)(57,86)(58,85)(61,84)(62,83)
        (65,82)(66,81)(68,80)(69,79)(70,78)(72,77)(73,76)(74,75) ], 
  [ ( 1, 4, 3, 2)( 5,14,23, 9,18,27,13,22, 8,17,26,12,21, 7,16,25,11,20, 6,15,
         24,10,19), ( 1,45, 6,57,12,69,22,80,34, 7,46,14,58,25,70,37, 2,49, 8,
         61,15,73,26, 3,38, 9,50,17,62,29,74,41, 4,53,10,65,18,77,30, 5,42,11,
         54,21,66,33)(13,71,24,81,36,87,48,92,60,27,72,39,82,51,88,63,16,75,
         28,83,40,89,52,19,64,31,76,43,84,55,90,67,20,78,32,85,44,91,56,23,68,
         35,79,47,86,59) ], 
  [ ( 1, 2, 3, 4)( 5, 8,11,14,17,20,23,26, 6, 9,12,15,18,21,24,27, 7,10,13,16,
         19,22,25), ( 1,67)( 2,63)( 3,60)( 4,59)( 5,56)( 6,55)( 7,52)( 8,51)
        ( 9,48)(10,47)(11,44)(12,43)(13,41)(14,40)(15,39)(16,37)(17,36)(18,35)
        (19,34)(20,33)(21,32)(22,31)(23,30)(24,29)(25,28)(26,27)(38,92)(42,91)
        (45,90)(46,89)(49,88)(50,87)(53,86)(54,85)(57,84)(58,83)(61,82)(62,81)
        (64,80)(65,79)(66,78)(68,77)(69,76)(70,75)(71,74)(72,73) ], 
  [ ( 1, 4, 3, 2)( 5, 8,11,14,17,20,23,26, 6, 9,12,15,18,21,24,27, 7,10,13,16,
         19,22,25), ( 1,41, 2,45, 4,49, 6,53, 8,57,10,61,12,65,15,69,18,73,22,
         77,26,80,30, 3,34, 5,38, 7,42, 9,46,11,50,14,54,17,58,21,62,25,66,29,
         70,33,74,37)(13,67,16,71,20,75,24,78,28,81,32,83,36,85,40,87,44,89,
         48,91,52,92,56,19,60,23,64,27,68,31,72,35,76,39,79,43,82,47,84,51,86,
         55,88,59,90,63) ], 
  [ ( 1, 2, 3, 4)( 5,25,22,19,16,13,10, 7,27,24,21,18,15,12, 9, 6,26,23,20,17,
         14,11, 8), ( 1,63)( 2,59)( 3,56)( 4,55)( 5,52)( 6,51)( 7,48)( 8,47)
        ( 9,44)(10,43)(11,40)(12,39)(13,37)(14,36)(15,35)(16,33)(17,32)(18,31)
        (19,30)(20,29)(21,28)(22,27)(23,26)(24,25)(34,92)(38,91)(41,90)(42,89)
        (45,88)(46,87)(49,86)(50,85)(53,84)(54,83)(57,82)(58,81)(60,80)(61,79)
        (62,78)(64,77)(65,76)(66,75)(67,74)(68,73)(69,72)(70,71) ], 
  [ ( 1, 4, 3, 2)( 5,25,22,19,16,13,10, 7,27,24,21,18,15,12, 9, 6,26,23,20,17,
         14,11, 8), ( 1,37,74,33,70,29,66,25,62,21,58,17,54,14,50,11,46, 9,42,
         7,38, 5,34, 3,30,80,26,77,22,73,18,69,15,65,12,61,10,57, 8,53, 6,49,
          4,45, 2,41)(13,63,90,59,88,55,86,51,84,47,82,43,79,39,76,35,72,31,
         68,27,64,23,60,19,56,92,52,91,48,89,44,87,40,85,36,83,32,81,28,78,24,
         75,20,71,16,67) ], 
  [ ( 1, 2, 3, 4)( 5,19,10,24,15, 6,20,11,25,16, 7,21,12,26,17, 8,22,13,27,18,
         9,23,14), ( 1,59)( 2,55)( 3,52)( 4,51)( 5,48)( 6,47)( 7,44)( 8,43)
        ( 9,40)(10,39)(11,36)(12,35)(13,33)(14,32)(15,31)(16,29)(17,28)(18,27)
        (19,26)(20,25)(21,24)(22,23)(30,92)(34,91)(37,90)(38,89)(41,88)(42,87)
        (45,86)(46,85)(49,84)(50,83)(53,82)(54,81)(56,80)(57,79)(58,78)(60,77)
        (61,76)(62,75)(63,74)(64,73)(65,72)(66,71)(67,70)(68,69) ], 
  [ ( 1, 4, 3, 2)( 5,19,10,24,15, 6,20,11,25,16, 7,21,12,26,17, 8,22,13,27,18,
         9,23,14), ( 1,33,66,21,54,11,42, 5,30,77,18,65,10,53, 4,41,74,29,62,
         17,50, 9,38, 3,26,73,15,61, 8,49, 2,37,70,25,58,14,46, 7,34,80,22,69,
         12,57, 6,45)(13,59,86,47,79,35,68,23,56,91,44,85,32,78,20,67,90,55,
         84,43,76,31,64,19,52,89,40,83,28,75,16,63,88,51,82,39,72,27,60,92,48,
         87,36,81,24,71) ], 
  [ ( 1, 2, 3, 4)( 5,13,21, 6,14,22, 7,15,23, 8,16,24, 9,17,25,10,18,26,11,19,
         27,12,20), ( 1,55)( 2,51)( 3,48)( 4,47)( 5,44)( 6,43)( 7,40)( 8,39)
        ( 9,36)(10,35)(11,32)(12,31)(13,29)(14,28)(15,27)(16,25)(17,24)(18,23)
        (19,22)(20,21)(26,92)(30,91)(33,90)(34,89)(37,88)(38,87)(41,86)(42,85)
        (45,84)(46,83)(49,82)(50,81)(52,80)(53,79)(54,78)(56,77)(57,76)(58,75)
        (59,74)(60,73)(61,72)(62,71)(63,70)(64,69)(65,68)(66,67) ], 
  [ ( 1, 4, 3, 2)( 5,13,21, 6,14,22, 7,15,23, 8,16,24, 9,17,25,10,18,26,11,19,
         27,12,20), ( 1,29,58,11,38,80,18,61, 6,41,70,21,50, 7,30,73,12,53, 2,
         33,62,14,42, 3,22,65, 8,45,74,25,54, 9,34,77,15,57, 4,37,66,17,46, 5,
         26,69,10,49)(13,55,82,35,64,92,44,83,24,67,88,47,76,27,56,89,36,78,
         16,59,84,39,68,19,48,85,28,71,90,51,79,31,60,91,40,81,20,63,86,43,72,
         23,52,87,32,75) ], 
  [ ( 1, 2, 3, 4)( 5, 7, 9,11,13,15,17,19,21,23,25,27, 6, 8,10,12,14,16,18,20,
         22,24,26), ( 1,51)( 2,47)( 3,44)( 4,43)( 5,40)( 6,39)( 7,36)( 8,35)
        ( 9,32)(10,31)(11,28)(12,27)(13,25)(14,24)(15,23)(16,21)(17,20)(18,19)
        (22,92)(26,91)(29,90)(30,89)(33,88)(34,87)(37,86)(38,85)(41,84)(42,83)
        (45,82)(46,81)(48,80)(49,79)(50,78)(52,77)(53,76)(54,75)(55,74)(56,73)
        (57,72)(58,71)(59,70)(60,69)(61,68)(62,67)(63,66)(64,65) ], 
  [ ( 1, 4, 3, 2)( 5, 7, 9,11,13,15,17,19,21,23,25,27, 6, 8,10,12,14,16,18,20,
         22,24,26), ( 1,25,50, 5,22,61, 4,33,58, 9,30,69, 8,41,66,14,38,77,12,
         49,74,21,46, 3,18,57, 2,29,54, 7,26,65, 6,37,62,11,34,73,10,45,70,17,
         42,80,15,53)(13,51,76,23,48,83,20,59,82,31,56,87,28,67,86,39,64,91,
         36,75,90,47,72,19,44,81,16,55,79,27,52,85,24,63,84,35,60,89,32,71,88,
         43,68,92,40,78) ], 
  [ ( 1, 2, 3, 4)( 5,24,20,16,12, 8,27,23,19,15,11, 7,26,22,18,14,10, 6,25,21,
         17,13, 9), ( 1,47)( 2,43)( 3,40)( 4,39)( 5,36)( 6,35)( 7,32)( 8,31)
        ( 9,28)(10,27)(11,24)(12,23)(13,21)(14,20)(15,19)(16,17)(18,92)(22,91)
        (25,90)(26,89)(29,88)(30,87)(33,86)(34,85)(37,84)(38,83)(41,82)(42,81)
        (44,80)(45,79)(46,78)(48,77)(49,76)(50,75)(51,74)(52,73)(53,72)(54,71)
        (55,70)(56,69)(57,68)(58,67)(59,66)(60,65)(61,64)(62,63) ], 
  [ ( 1, 4, 3, 2)( 5,24,20,16,12, 8,27,23,19,15,11, 7,26,22,18,14,10, 6,25,21,
         17,13, 9), ( 1,21,42,77,10,41,62, 9,26,61, 2,25,46,80,12,45,66,11,30,
         65, 4,29,50, 3,15,49,70,14,34,69, 6,33,54, 5,18,53,74,17,38,73, 8,37,
         58, 7,22,57)(13,47,68,91,32,67,84,31,52,83,16,51,72,92,36,71,86,35,
         56,85,20,55,76,19,40,75,88,39,60,87,24,59,79,23,44,78,90,43,64,89,28,
         63,82,27,48,81) ], 
  [ ( 1, 2, 3, 4)( 5,18, 8,21,11,24,14,27,17, 7,20,10,23,13,26,16, 6,19, 9,22,
         12,25,15), ( 1,43)( 2,39)( 3,36)( 4,35)( 5,32)( 6,31)( 7,28)( 8,27)
        ( 9,24)(10,23)(11,20)(12,19)(13,17)(14,16)(15,92)(18,91)(21,90)(22,89)
        (25,88)(26,87)(29,86)(30,85)(33,84)(34,83)(37,82)(38,81)(40,80)(41,79)
        (42,78)(44,77)(45,76)(46,75)(47,74)(48,73)(49,72)(50,71)(51,70)(52,69)
        (53,68)(54,67)(55,66)(56,65)(57,64)(58,63)(59,62)(60,61) ], 
  [ ( 1, 4, 3, 2)( 5,18, 8,21,11,24,14,27,17, 7,20,10,23,13,26,16, 6,19, 9,22,
         12,25,15), ( 1,17,34,65, 2,21,38,69, 4,25,42,73, 6,29,46,77, 8,33,50,
         80,10,37,54, 3,12,41,58, 5,15,45,62, 7,18,49,66, 9,22,53,70,11,26,57,
         74,14,30,61)(13,43,60,85,16,47,64,87,20,51,68,89,24,55,72,91,28,59,
         76,92,32,63,79,19,36,67,82,23,40,71,84,27,44,75,86,31,48,78,88,35,52,
         81,90,39,56,83) ], 
  [ ( 1, 2, 3, 4)( 5,12,19,26,10,17,24, 8,15,22, 6,13,20,27,11,18,25, 9,16,23,
         7,14,21), ( 1,39)( 2,35)( 3,32)( 4,31)( 5,28)( 6,27)( 7,24)( 8,23)
        ( 9,20)(10,19)(11,16)(12,92)(13,14)(15,91)(17,90)(18,89)(21,88)(22,87)
        (25,86)(26,85)(29,84)(30,83)(33,82)(34,81)(36,80)(37,79)(38,78)(40,77)
        (41,76)(42,75)(43,74)(44,73)(45,72)(46,71)(47,70)(48,69)(49,68)(50,67)
        (51,66)(52,65)(53,64)(54,63)(55,62)(56,61)(57,60)(58,59) ], 
  [ ( 1, 4, 3, 2)( 5,12,19,26,10,17,24, 8,15,22, 6,13,20,27,11,18,25, 9,16,23,
         7,14,21), ( 1,14,26,53,66, 7,15,41,54,80, 8,29,42,69, 2,17,30,57,70,
          9,18,45,58, 3,10,33,46,73, 4,21,34,61,74,11,22,49,62, 5,12,37,50,77,
         6,25,38,65)(13,39,52,78,86,27,40,67,79,92,28,55,68,87,16,43,56,81,88,
         31,44,71,82,19,32,59,72,89,20,47,60,83,90,35,48,75,84,23,36,63,76,91,
         24,51,64,85) ], 
  [ ( 1, 2, 3, 4)( 5, 6, 7, 8, 9,10,11,12,13,14,15,16,17,18,19,20,21,22,23,24,
         25,26,27), ( 1,35)( 2,31)( 3,28)( 4,27)( 5,24)( 6,23)( 7,20)( 8,19)
        ( 9,16)(10,92)(11,13)(12,91)(14,90)(15,89)(17,88)(18,87)(21,86)(22,85)
        (25,84)(26,83)(29,82)(30,81)(32,80)(33,79)(34,78)(36,77)(37,76)(38,75)
        (39,74)(40,73)(41,72)(42,71)(43,70)(44,69)(45,68)(46,67)(47,66)(48,65)
        (49,64)(50,63)(51,62)(52,61)(53,60)(54,59)(55,58)(56,57) ], 
  [ ( 1, 4, 3, 2)( 5, 6, 7, 8, 9,10,11,12,13,14,15,16,17,18,19,20,21,22,23,24,
         25,26,27), ( 1,11,18,41,50,73, 2,14,22,45,54,77, 4,17,26,49,58,80, 6,
         21,30,53,62, 3, 8,25,34,57,66, 5,10,29,38,61,70, 7,12,33,42,65,74, 9,
         15,37,46,69)(13,35,44,67,76,89,16,39,48,71,79,91,20,43,52,75,82,92,
         24,47,56,78,84,19,28,51,60,81,86,23,32,55,64,83,88,27,36,59,68,85,90,
         31,40,63,72,87) ], 
  [ ( 1, 2, 3, 4)( 5,23,18,13, 8,26,21,16,11, 6,24,19,14, 9,27,22,17,12, 7,25,
         20,15,10), ( 1,31)( 2,27)( 3,24)( 4,23)( 5,20)( 6,19)( 7,16)( 8,92)
        ( 9,13)(10,91)(11,90)(12,89)(14,88)(15,87)(17,86)(18,85)(21,84)(22,83)
        (25,82)(26,81)(28,80)(29,79)(30,78)(32,77)(33,76)(34,75)(35,74)(36,73)
        (37,72)(38,71)(39,70)(40,69)(41,68)(42,67)(43,66)(44,65)(45,64)(46,63)
        (47,62)(48,61)(49,60)(50,59)(51,58)(52,57)(53,56)(54,55) ], 
  [ ( 1, 4, 3, 2)( 5,23,18,13, 8,26,21,16,11, 6,24,19,14, 9,27,22,17,12, 7,25,
         20,15,10), ( 1, 9,12,29,34,53,58,77, 2,11,15,33,38,57,62,80, 4,14,18,
         37,42,61,66, 3, 6,17,22,41,46,65,70, 5, 8,21,26,45,50,69,74, 7,10,25,
         30,49,54,73)(13,31,36,55,60,78,82,91,16,35,40,59,64,81,84,92,20,39,
         44,63,68,83,86,19,24,43,48,67,72,85,88,23,28,47,52,71,76,87,90,27,32,
         51,56,75,79,89) ], 
  [ ( 1, 2, 3, 4)( 5,17, 6,18, 7,19, 8,20, 9,21,10,22,11,23,12,24,13,25,14,26,
         15,27,16), ( 1,27)( 2,23)( 3,20)( 4,19)( 5,16)( 6,92)( 7,13)( 8,91)
        ( 9,90)(10,89)(11,88)(12,87)(14,86)(15,85)(17,84)(18,83)(21,82)(22,81)
        (24,80)(25,79)(26,78)(28,77)(29,76)(30,75)(31,74)(32,73)(33,72)(34,71)
        (35,70)(36,69)(37,68)(38,67)(39,66)(40,65)(41,64)(42,63)(43,62)(44,61)
        (45,60)(46,59)(47,58)(48,57)(49,56)(50,55)(51,54)(52,53) ], 
  [ ( 1, 4, 3, 2)( 5,17, 6,18, 7,19, 8,20, 9,21,10,22,11,23,12,24,13,25,14,26,
         15,27,16), ( 1, 7, 8,17,18,33,34,49,50,65,66,80, 2, 9,10,21,22,37,38,
         53,54,69,70, 3, 4,11,12,25,26,41,42,57,58,73,74, 5, 6,14,15,29,30,45,
         46,61,62,77)(13,27,28,43,44,59,60,75,76,85,86,92,16,31,32,47,48,63,
         64,78,79,87,88,19,20,35,36,51,52,67,68,81,82,89,90,23,24,39,40,55,56,
         71,72,83,84,91) ], 
  [ ( 1, 2, 3, 4)( 5,11,17,23, 6,12,18,24, 7,13,19,25, 8,14,20,26, 9,15,21,27,
         10,16,22), ( 1,23)( 2,19)( 3,16)( 4,92)( 5,13)( 6,91)( 7,90)( 8,89)
        ( 9,88)(10,87)(11,86)(12,85)(14,84)(15,83)(17,82)(18,81)(20,80)(21,79)
        (22,78)(24,77)(25,76)(26,75)(27,74)(28,73)(29,72)(30,71)(31,70)(32,69)
        (33,68)(34,67)(35,66)(36,65)(37,64)(38,63)(39,62)(40,61)(41,60)(42,59)
        (43,58)(44,57)(45,56)(46,55)(47,54)(48,53)(49,52)(50,51) ], 
  [ ( 1, 4, 3, 2)( 5,11,17,23, 6,12,18,24, 7,13,19,25, 8,14,20,26, 9,15,21,27,
         10,16,22), ( 1, 5, 4, 9, 8,14,12,21,18,29,26,37,34,45,42,53,50,61,58,
         69,66,77,74, 3, 2, 7, 6,11,10,17,15,25,22,33,30,41,38,49,46,57,54,65,
         62,73,70,80)(13,23,20,31,28,39,36,47,44,55,52,63,60,71,68,78,76,83,
         82,87,86,91,90,19,16,27,24,35,32,43,40,51,48,59,56,67,64,75,72,81,79,
         85,84,89,88,92) ] ]
);

BRACES[92].brace[2] := rec ( size := 92, perms :=
[ [ (), () ], [ (1,3)(2,4), (1,2) ], 
