BRACES[77] := rec( total := -1, implemented := 1, size := 77, brace := [] );BRACES[77].brace[1] := rec ( size := 77, perms := [ [  (),  (),  
], [  (1, 23, 45, 67, 12, 34, 56)(2, 24, 46, 68, 13, 35, 57)(3, 25, 47, 69, 14, 36, 58)(4, 26, 48, 70, 15, 37, 59)(5, 27, 49, 71, 16, 38, 
60)(6, 28, 50, 72, 17, 39, 61)(7, 29, 51, 73, 18, 40, 62)(8, 30, 52, 74, 19, 41, 63)(9, 31, 53, 75, 20, 42, 64)(10, 32, 54, 76, 21, 43, 
65)(11, 33, 55, 77, 22, 44, 66),  (1, 56, 34, 12, 67, 45, 23)(2, 57, 35, 13, 68, 46, 24)(3, 58, 36, 14, 69, 47, 25)(4, 59, 37, 15, 70, 48, 
26)(5, 60, 38, 16, 71, 49, 27)(6, 61, 39, 17, 72, 50, 28)(7, 62, 40, 18, 73, 51, 29)(8, 63, 41, 19, 74, 52, 30)(9, 64, 42, 20, 75, 53, 31)(10,
65, 43, 21, 76, 54, 32)(11, 66, 44, 22, 77, 55, 33),  ], [  (1, 4, 7, 10, 2, 5, 8, 11, 3, 6, 9)(12, 15, 18, 21, 13, 16, 19, 22, 14, 17, 
20)(23, 26, 29, 32, 24, 27, 30, 33, 25, 28, 31)(34, 37, 40, 43, 35, 38, 41, 44, 36, 39, 42)(45, 48, 51, 54, 46, 49, 52, 55, 47, 50, 53)(56, 
59, 62, 65, 57, 60, 63, 66, 58, 61, 64)(67, 70, 73, 76, 68, 71, 74, 77, 69, 72, 75),  (1, 9, 6, 3, 11, 8, 5, 2, 10, 7, 4)(12, 20, 17, 14, 22, 
19, 16, 13, 21, 18, 15)(23, 31, 28, 25, 33, 30, 27, 24, 32, 29, 26)(34, 42, 39, 36, 44, 41, 38, 35, 43, 40, 37)(45, 53, 50, 47, 55, 52, 49, 
46, 54, 51, 48)(56, 64, 61, 58, 66, 63, 60, 57, 65, 62, 59)(67, 75, 72, 69, 77, 74, 71, 68, 76, 73, 70),  ], [  (1, 56, 34, 12, 67, 45, 23)(2,
57, 35, 13, 68, 46, 24)(3, 58, 36, 14, 69, 47, 25)(4, 59, 37, 15, 70, 48, 26)(5, 60, 38, 16, 71, 49, 27)(6, 61, 39, 17, 72, 50, 28)(7, 62, 40,
18, 73, 51, 29)(8, 63, 41, 19, 74, 52, 30)(9, 64, 42, 20, 75, 53, 31)(10, 65, 43, 21, 76, 54, 32)(11, 66, 44, 22, 77, 55, 33),  (1, 23, 45, 
67, 12, 34, 56)(2, 24, 46, 68, 13, 35, 57)(3, 25, 47, 69, 14, 36, 58)(4, 26, 48, 70, 15, 37, 59)(5, 27, 49, 71, 16, 38, 60)(6, 28, 50, 72, 17,
39, 61)(7, 29, 51, 73, 18, 40, 62)(8, 30, 52, 74, 19, 41, 63)(9, 31, 53, 75, 20, 42, 64)(10, 32, 54, 76, 21, 43, 65)(11, 33, 55, 77, 22, 44, 
66),  ], [  (1, 9, 6, 3, 11, 8, 5, 2, 10, 7, 4)(12, 20, 17, 14, 22, 19, 16, 13, 21, 18, 15)(23, 31, 28, 25, 33, 30, 27, 24, 32, 29, 26)(34, 
42, 39, 36, 44, 41, 38, 35, 43, 40, 37)(45, 53, 50, 47, 55, 52, 49, 46, 54, 51, 48)(56, 64, 61, 58, 66, 63, 60, 57, 65, 62, 59)(67, 75, 72, 
69, 77, 74, 71, 68, 76, 73, 70),  (1, 4, 7, 10, 2, 5, 8, 11, 3, 6, 9)(12, 15, 18, 21, 13, 16, 19, 22, 14, 17, 20)(23, 26, 29, 32, 24, 27, 30, 
33, 25, 28, 31)(34, 37, 40, 43, 35, 38, 41, 44, 36, 39, 42)(45, 48, 51, 54, 46, 49, 52, 55, 47, 50, 53)(56, 59, 62, 65, 57, 60, 63, 66, 58, 
61, 64)(67, 70, 73, 76, 68, 71, 74, 77, 69, 72, 75),  ], [  (1, 45, 12, 56, 23, 67, 34)(2, 46, 13, 57, 24, 68, 35)(3, 47, 14, 58, 25, 69, 
36)(4, 48, 15, 59, 26, 70, 37)(5, 49, 16, 60, 27, 71, 38)(6, 50, 17, 61, 28, 72, 39)(7, 51, 18, 62, 29, 73, 40)(8, 52, 19, 63, 30, 74, 41)(9, 
53, 20, 64, 31, 75, 42)(10, 54, 21, 65, 32, 76, 43)(11, 55, 22, 66, 33, 77, 44),  (1, 34, 67, 23, 56, 12, 45)(2, 35, 68, 24, 57, 13, 46)(3, 
36, 69, 25, 58, 14, 47)(4, 37, 70, 26, 59, 15, 48)(5, 38, 71, 27, 60, 16, 49)(6, 39, 72, 28, 61, 17, 50)(7, 40, 73, 29, 62, 18, 51)(8, 41, 74,
30, 63, 19, 52)(9, 42, 75, 31, 64, 20, 53)(10, 43, 76, 32, 65, 21, 54)(11, 44, 77, 33, 66, 22, 55),  ], [  (1, 26, 51, 76, 13, 38, 63, 11, 25,
50, 75, 12, 37, 62, 10, 24, 49, 74, 22, 36, 61, 9, 23, 48, 73, 21, 35, 60, 8, 33, 47, 72, 20, 34, 59, 7, 32, 46, 71, 19, 44, 58, 6, 31, 45, 
70, 18, 43, 57, 5, 30, 55, 69, 17, 42, 56, 4, 29, 54, 68, 16, 41, 66, 3, 28, 53, 67, 15, 40, 65, 2, 27, 52, 77, 14, 39, 64),  (1, 64, 39, 14, 
77, 52, 27, 2, 65, 40, 15, 67, 53, 28, 3, 66, 41, 16, 68, 54, 29, 4, 56, 42, 17, 69, 55, 30, 5, 57, 43, 18, 70, 45, 31, 6, 58, 44, 19, 71, 46,
32, 7, 59, 34, 20, 72, 47, 33, 8, 60, 35, 21, 73, 48, 23, 9, 61, 36, 22, 74, 49, 24, 10, 62, 37, 12, 75, 50, 25, 11, 63, 38, 13, 76, 51, 26), 
], [  (1, 31, 50, 69, 22, 41, 60, 2, 32, 51, 70, 12, 42, 61, 3, 33, 52, 71, 13, 43, 62, 4, 23, 53, 72, 14, 44, 63, 5, 24, 54, 73, 15, 34, 64, 
6, 25, 55, 74, 16, 35, 65, 7, 26, 45, 75, 17, 36, 66, 8, 27, 46, 76, 18, 37, 56, 9, 28, 47, 77, 19, 38, 57, 10, 29, 48, 67, 20, 39, 58, 11, 
30, 49, 68, 21, 40, 59),  (1, 59, 40, 21, 68, 49, 30, 11, 58, 39, 20, 67, 48, 29, 10, 57, 38, 19, 77, 47, 28, 9, 56, 37, 18, 76, 46, 27, 8, 
66, 36, 17, 75, 45, 26, 7, 65, 35, 16, 74, 55, 25, 6, 64, 34, 15, 73, 54, 24, 5, 63, 44, 14, 72, 53, 23, 4, 62, 43, 13, 71, 52, 33, 3, 61, 42,
12, 70, 51, 32, 2, 60, 41, 22, 69, 50, 31),  ], [  (1, 7, 2, 8, 3, 9, 4, 10, 5, 11, 6)(12, 18, 13, 19, 14, 20, 15, 21, 16, 22, 17)(23, 29, 24,
30, 25, 31, 26, 32, 27, 33, 28)(34, 40, 35, 41, 36, 42, 37, 43, 38, 44, 39)(45, 51, 46, 52, 47, 53, 48, 54, 49, 55, 50)(56, 62, 57, 63, 58, 
64, 59, 65, 60, 66, 61)(67, 73, 68, 74, 69, 75, 70, 76, 71, 77, 72),  (1, 6, 11, 5, 10, 4, 9, 3, 8, 2, 7)(12, 17, 22, 16, 21, 15, 20, 14, 19, 
13, 18)(23, 28, 33, 27, 32, 26, 31, 25, 30, 24, 29)(34, 39, 44, 38, 43, 37, 42, 36, 41, 35, 40)(45, 50, 55, 49, 54, 48, 53, 47, 52, 46, 
51)(56, 61, 66, 60, 65, 59, 64, 58, 63, 57, 62)(67, 72, 77, 71, 76, 70, 75, 69, 74, 68, 73),  ], [  (1, 59, 40, 21, 68, 49, 30, 11, 58, 39, 
20, 67, 48, 29, 10, 57, 38, 19, 77, 47, 28, 9, 56, 37, 18, 76, 46, 27, 8, 66, 36, 17, 75, 45, 26, 7, 65, 35, 16, 74, 55, 25, 6, 64, 34, 15, 
73, 54, 24, 5, 63, 44, 14, 72, 53, 23, 4, 62, 43, 13, 71, 52, 33, 3, 61, 42, 12, 70, 51, 32, 2, 60, 41, 22, 69, 50, 31),  (1, 31, 50, 69, 22, 
41, 60, 2, 32, 51, 70, 12, 42, 61, 3, 33, 52, 71, 13, 43, 62, 4, 23, 53, 72, 14, 44, 63, 5, 24, 54, 73, 15, 34, 64, 6, 25, 55, 74, 16, 35, 65,
7, 26, 45, 75, 17, 36, 66, 8, 27, 46, 76, 18, 37, 56, 9, 28, 47, 77, 19, 38, 57, 10, 29, 48, 67, 20, 39, 58, 11, 30, 49, 68, 21, 40, 59),  ], 
[  (1, 34, 67, 23, 56, 12, 45)(2, 35, 68, 24, 57, 13, 46)(3, 36, 69, 25, 58, 14, 47)(4, 37, 70, 26, 59, 15, 48)(5, 38, 71, 27, 60, 16, 49)(6, 
39, 72, 28, 61, 17, 50)(7, 40, 73, 29, 62, 18, 51)(8, 41, 74, 30, 63, 19, 52)(9, 42, 75, 31, 64, 20, 53)(10, 43, 76, 32, 65, 21, 54)(11, 44, 
77, 33, 66, 22, 55),  (1, 45, 12, 56, 23, 67, 34)(2, 46, 13, 57, 24, 68, 35)(3, 47, 14, 58, 25, 69, 36)(4, 48, 15, 59, 26, 70, 37)(5, 49, 16, 
60, 27, 71, 38)(6, 50, 17, 61, 28, 72, 39)(7, 51, 18, 62, 29, 73, 40)(8, 52, 19, 63, 30, 74, 41)(9, 53, 20, 64, 31, 75, 42)(10, 54, 21, 65, 
32, 76, 43)(11, 55, 22, 66, 33, 77, 44),  ], [  (1, 64, 39, 14, 77, 52, 27, 2, 65, 40, 15, 67, 53, 28, 3, 66, 41, 16, 68, 54, 29, 4, 56, 42, 
17, 69, 55, 30, 5, 57, 43, 18, 70, 45, 31, 6, 58, 44, 19, 71, 46, 32, 7, 59, 34, 20, 72, 47, 33, 8, 60, 35, 21, 73, 48, 23, 9, 61, 36, 22, 74,
49, 24, 10, 62, 37, 12, 75, 50, 25, 11, 63, 38, 13, 76, 51, 26),  (1, 26, 51, 76, 13, 38, 63, 11, 25, 50, 75, 12, 37, 62, 10, 24, 49, 74, 22, 
36, 61, 9, 23, 48, 73, 21, 35, 60, 8, 33, 47, 72, 20, 34, 59, 7, 32, 46, 71, 19, 44, 58, 6, 31, 45, 70, 18, 43, 57, 5, 30, 55, 69, 17, 42, 56,
4, 29, 54, 68, 16, 41, 66, 3, 28, 53, 67, 15, 40, 65, 2, 27, 52, 77, 14, 39, 64),  ], [  (1, 6, 11, 5, 10, 4, 9, 3, 8, 2, 7)(12, 17, 22, 16, 
21, 15, 20, 14, 19, 13, 18)(23, 28, 33, 27, 32, 26, 31, 25, 30, 24, 29)(34, 39, 44, 38, 43, 37, 42, 36, 41, 35, 40)(45, 50, 55, 49, 54, 48, 
53, 47, 52, 46, 51)(56, 61, 66, 60, 65, 59, 64, 58, 63, 57, 62)(67, 72, 77, 71, 76, 70, 75, 69, 74, 68, 73),  (1, 7, 2, 8, 3, 9, 4, 10, 5, 11,
6)(12, 18, 13, 19, 14, 20, 15, 21, 16, 22, 17)(23, 29, 24, 30, 25, 31, 26, 32, 27, 33, 28)(34, 40, 35, 41, 36, 42, 37, 43, 38, 44, 39)(45, 51,
46, 52, 47, 53, 48, 54, 49, 55, 50)(56, 62, 57, 63, 58, 64, 59, 65, 60, 66, 61)(67, 73, 68, 74, 69, 75, 70, 76, 71, 77, 72),  ], [  (1, 67, 
56, 45, 34, 23, 12)(2, 68, 57, 46, 35, 24, 13)(3, 69, 58, 47, 36, 25, 14)(4, 70, 59, 48, 37, 26, 15)(5, 71, 60, 49, 38, 27, 16)(6, 72, 61, 50,
39, 28, 17)(7, 73, 62, 51, 40, 29, 18)(8, 74, 63, 52, 41, 30, 19)(9, 75, 64, 53, 42, 31, 20)(10, 76, 65, 54, 43, 32, 21)(11, 77, 66, 55, 44, 
33, 22),  (1, 12, 23, 34, 45, 56, 67)(2, 13, 24, 35, 46, 57, 68)(3, 14, 25, 36, 47, 58, 69)(4, 15, 26, 37, 48, 59, 70)(5, 16, 27, 38, 49, 60, 
71)(6, 17, 28, 39, 50, 61, 72)(7, 18, 29, 40, 51, 62, 73)(8, 19, 30, 41, 52, 63, 74)(9, 20, 31, 42, 53, 64, 75)(10, 21, 32, 43, 54, 65, 
76)(11, 22, 33, 44, 55, 66, 77),  ], [  (1, 48, 18, 65, 24, 71, 41, 11, 47, 17, 64, 23, 70, 40, 10, 46, 16, 63, 33, 69, 39, 9, 45, 15, 62, 32,
68, 38, 8, 55, 14, 61, 31, 67, 37, 7, 54, 13, 60, 30, 77, 36, 6, 53, 12, 59, 29, 76, 35, 5, 52, 22, 58, 28, 75, 34, 4, 51, 21, 57, 27, 74, 44,
3, 50, 20, 56, 26, 73, 43, 2, 49, 19, 66, 25, 72, 42),  (1, 42, 72, 25, 66, 19, 49, 2, 43, 73, 26, 56, 20, 50, 3, 44, 74, 27, 57, 21, 51, 4, 
34, 75, 28, 58, 22, 52, 5, 35, 76, 29, 59, 12, 53, 6, 36, 77, 30, 60, 13, 54, 7, 37, 67, 31, 61, 14, 55, 8, 38, 68, 32, 62, 15, 45, 9, 39, 69,
33, 63, 16, 46, 10, 40, 70, 23, 64, 17, 47, 11, 41, 71, 24, 65, 18, 48),  ], [  (1, 53, 17, 58, 33, 74, 38, 2, 54, 18, 59, 23, 75, 39, 3, 55, 
19, 60, 24, 76, 40, 4, 45, 20, 61, 25, 77, 41, 5, 46, 21, 62, 26, 67, 42, 6, 47, 22, 63, 27, 68, 43, 7, 48, 12, 64, 28, 69, 44, 8, 49, 13, 65,
29, 70, 34, 9, 50, 14, 66, 30, 71, 35, 10, 51, 15, 56, 31, 72, 36, 11, 52, 16, 57, 32, 73, 37),  (1, 37, 73, 32, 57, 16, 52, 11, 36, 72, 31, 
56, 15, 51, 10, 35, 71, 30, 66, 14, 50, 9, 34, 70, 29, 65, 13, 49, 8, 44, 69, 28, 64, 12, 48, 7, 43, 68, 27, 63, 22, 47, 6, 42, 67, 26, 62, 
21, 46, 5, 41, 77, 25, 61, 20, 45, 4, 40, 76, 24, 60, 19, 55, 3, 39, 75, 23, 59, 18, 54, 2, 38, 74, 33, 58, 17, 53),  ], [  (1, 29, 46, 74, 
14, 42, 59, 10, 27, 55, 72, 12, 40, 57, 8, 25, 53, 70, 21, 38, 66, 6, 23, 51, 68, 19, 36, 64, 4, 32, 49, 77, 17, 34, 62, 2, 30, 47, 75, 15, 
43, 60, 11, 28, 45, 73, 13, 41, 58, 9, 26, 54, 71, 22, 39, 56, 7, 24, 52, 69, 20, 37, 65, 5, 33, 50, 67, 18, 35, 63, 3, 31, 48, 76, 16, 44, 
61),  (1, 61, 44, 16, 76, 48, 31, 3, 63, 35, 18, 67, 50, 33, 5, 65, 37, 20, 69, 52, 24, 7, 56, 39, 22, 71, 54, 26, 9, 58, 41, 13, 73, 45, 28, 
11, 60, 43, 15, 75, 47, 30, 2, 62, 34, 17, 77, 49, 32, 4, 64, 36, 19, 68, 51, 23, 6, 66, 38, 21, 70, 53, 25, 8, 57, 40, 12, 72, 55, 27, 10, 
59, 42, 14, 74, 46, 29),  ], [  (1, 28, 55, 71, 21, 37, 64, 3, 30, 46, 73, 12, 39, 66, 5, 32, 48, 75, 14, 41, 57, 7, 23, 50, 77, 16, 43, 59, 
9, 25, 52, 68, 18, 34, 61, 11, 27, 54, 70, 20, 36, 63, 2, 29, 45, 72, 22, 38, 65, 4, 31, 47, 74, 13, 40, 56, 6, 33, 49, 76, 15, 42, 58, 8, 24,
51, 67, 17, 44, 60, 10, 26, 53, 69, 19, 35, 62),  (1, 62, 35, 19, 69, 53, 26, 10, 60, 44, 17, 67, 51, 24, 8, 58, 42, 15, 76, 49, 33, 6, 56, 
40, 13, 74, 47, 31, 4, 65, 38, 22, 72, 45, 29, 2, 63, 36, 20, 70, 54, 27, 11, 61, 34, 18, 68, 52, 25, 9, 59, 43, 16, 77, 50, 23, 7, 57, 41, 
14, 75, 48, 32, 5, 66, 39, 12, 73, 46, 30, 3, 64, 37, 21, 71, 55, 28),  ], [  (1, 10, 8, 6, 4, 2, 11, 9, 7, 5, 3)(12, 21, 19, 17, 15, 13, 22, 
20, 18, 16, 14)(23, 32, 30, 28, 26, 24, 33, 31, 29, 27, 25)(34, 43, 41, 39, 37, 35, 44, 42, 40, 38, 36)(45, 54, 52, 50, 48, 46, 55, 53, 51, 
49, 47)(56, 65, 63, 61, 59, 57, 66, 64, 62, 60, 58)(67, 76, 74, 72, 70, 68, 77, 75, 73, 71, 69),  (1, 3, 5, 7, 9, 11, 2, 4, 6, 8, 10)(12, 14, 
16, 18, 20, 22, 13, 15, 17, 19, 21)(23, 25, 27, 29, 31, 33, 24, 26, 28, 30, 32)(34, 36, 38, 40, 42, 44, 35, 37, 39, 41, 43)(45, 47, 49, 51, 
53, 55, 46, 48, 50, 52, 54)(56, 58, 60, 62, 64, 66, 57, 59, 61, 63, 65)(67, 69, 71, 73, 75, 77, 68, 70, 72, 74, 76),  ], [  (1, 62, 35, 19, 
69, 53, 26, 10, 60, 44, 17, 67, 51, 24, 8, 58, 42, 15, 76, 49, 33, 6, 56, 40, 13, 74, 47, 31, 4, 65, 38, 22, 72, 45, 29, 2, 63, 36, 20, 70, 
54, 27, 11, 61, 34, 18, 68, 52, 25, 9, 59, 43, 16, 77, 50, 23, 7, 57, 41, 14, 75, 48, 32, 5, 66, 39, 12, 73, 46, 30, 3, 64, 37, 21, 71, 55, 
28),  (1, 28, 55, 71, 21, 37, 64, 3, 30, 46, 73, 12, 39, 66, 5, 32, 48, 75, 14, 41, 57, 7, 23, 50, 77, 16, 43, 59, 9, 25, 52, 68, 18, 34, 61, 
11, 27, 54, 70, 20, 36, 63, 2, 29, 45, 72, 22, 38, 65, 4, 31, 47, 74, 13, 40, 56, 6, 33, 49, 76, 15, 42, 58, 8, 24, 51, 67, 17, 44, 60, 10, 
26, 53, 69, 19, 35, 62),  ], [  (1, 37, 73, 32, 57, 16, 52, 11, 36, 72, 31, 56, 15, 51, 10, 35, 71, 30, 66, 14, 50, 9, 34, 70, 29, 65, 13, 49,
8, 44, 69, 28, 64, 12, 48, 7, 43, 68, 27, 63, 22, 47, 6, 42, 67, 26, 62, 21, 46, 5, 41, 77, 25, 61, 20, 45, 4, 40, 76, 24, 60, 19, 55, 3, 39, 
75, 23, 59, 18, 54, 2, 38, 74, 33, 58, 17, 53),  (1, 53, 17, 58, 33, 74, 38, 2, 54, 18, 59, 23, 75, 39, 3, 55, 19, 60, 24, 76, 40, 4, 45, 20, 
61, 25, 77, 41, 5, 46, 21, 62, 26, 67, 42, 6, 47, 22, 63, 27, 68, 43, 7, 48, 12, 64, 28, 69, 44, 8, 49, 13, 65, 29, 70, 34, 9, 50, 14, 66, 30,
71, 35, 10, 51, 15, 56, 31, 72, 36, 11, 52, 16, 57, 32, 73, 37),  ], [  (1, 12, 23, 34, 45, 56, 67)(2, 13, 24, 35, 46, 57, 68)(3, 14, 25, 36, 
47, 58, 69)(4, 15, 26, 37, 48, 59, 70)(5, 16, 27, 38, 49, 60, 71)(6, 17, 28, 39, 50, 61, 72)(7, 18, 29, 40, 51, 62, 73)(8, 19, 30, 41, 52, 63,
74)(9, 20, 31, 42, 53, 64, 75)(10, 21, 32, 43, 54, 65, 76)(11, 22, 33, 44, 55, 66, 77),  (1, 67, 56, 45, 34, 23, 12)(2, 68, 57, 46, 35, 24, 
13)(3, 69, 58, 47, 36, 25, 14)(4, 70, 59, 48, 37, 26, 15)(5, 71, 60, 49, 38, 27, 16)(6, 72, 61, 50, 39, 28, 17)(7, 73, 62, 51, 40, 29, 18)(8, 
74, 63, 52, 41, 30, 19)(9, 75, 64, 53, 42, 31, 20)(10, 76, 65, 54, 43, 32, 21)(11, 77, 66, 55, 44, 33, 22),  ], [  (1, 42, 72, 25, 66, 19, 49,
2, 43, 73, 26, 56, 20, 50, 3, 44, 74, 27, 57, 21, 51, 4, 34, 75, 28, 58, 22, 52, 5, 35, 76, 29, 59, 12, 53, 6, 36, 77, 30, 60, 13, 54, 7, 37, 
67, 31, 61, 14, 55, 8, 38, 68, 32, 62, 15, 45, 9, 39, 69, 33, 63, 16, 46, 10, 40, 70, 23, 64, 17, 47, 11, 41, 71, 24, 65, 18, 48),  (1, 48, 
18, 65, 24, 71, 41, 11, 47, 17, 64, 23, 70, 40, 10, 46, 16, 63, 33, 69, 39, 9, 45, 15, 62, 32, 68, 38, 8, 55, 14, 61, 31, 67, 37, 7, 54, 13, 
60, 30, 77, 36, 6, 53, 12, 59, 29, 76, 35, 5, 52, 22, 58, 28, 75, 34, 4, 51, 21, 57, 27, 74, 44, 3, 50, 20, 56, 26, 73, 43, 2, 49, 19, 66, 25,
72, 42),  ], [  (1, 61, 44, 16, 76, 48, 31, 3, 63, 35, 18, 67, 50, 33, 5, 65, 37, 20, 69, 52, 24, 7, 56, 39, 22, 71, 54, 26, 9, 58, 41, 13, 
73, 45, 28, 11, 60, 43, 15, 75, 47, 30, 2, 62, 34, 17, 77, 49, 32, 4, 64, 36, 19, 68, 51, 23, 6, 66, 38, 21, 70, 53, 25, 8, 57, 40, 12, 72, 
55, 27, 10, 59, 42, 14, 74, 46, 29),  (1, 29, 46, 74, 14, 42, 59, 10, 27, 55, 72, 12, 40, 57, 8, 25, 53, 70, 21, 38, 66, 6, 23, 51, 68, 19, 
36, 64, 4, 32, 49, 77, 17, 34, 62, 2, 30, 47, 75, 15, 43, 60, 11, 28, 45, 73, 13, 41, 58, 9, 26, 54, 71, 22, 39, 56, 7, 24, 52, 69, 20, 37, 
65, 5, 33, 50, 67, 18, 35, 63, 3, 31, 48, 76, 16, 44, 61),  ], [  (1, 3, 5, 7, 9, 11, 2, 4, 6, 8, 10)(12, 14, 16, 18, 20, 22, 13, 15, 17, 19, 
21)(23, 25, 27, 29, 31, 33, 24, 26, 28, 30, 32)(34, 36, 38, 40, 42, 44, 35, 37, 39, 41, 43)(45, 47, 49, 51, 53, 55, 46, 48, 50, 52, 54)(56, 
58, 60, 62, 64, 66, 57, 59, 61, 63, 65)(67, 69, 71, 73, 75, 77, 68, 70, 72, 74, 76),  (1, 10, 8, 6, 4, 2, 11, 9, 7, 5, 3)(12, 21, 19, 17, 15, 
13, 22, 20, 18, 16, 14)(23, 32, 30, 28, 26, 24, 33, 31, 29, 27, 25)(34, 43, 41, 39, 37, 35, 44, 42, 40, 38, 36)(45, 54, 52, 50, 48, 46, 55, 
53, 51, 49, 47)(56, 65, 63, 61, 59, 57, 66, 64, 62, 60, 58)(67, 76, 74, 72, 70, 68, 77, 75, 73, 71, 69),  ], [  (1, 70, 62, 54, 35, 27, 19, 
11, 69, 61, 53, 34, 26, 18, 10, 68, 60, 52, 44, 25, 17, 9, 67, 59, 51, 43, 24, 16, 8, 77, 58, 50, 42, 23, 15, 7, 76, 57, 49, 41, 33, 14, 6, 
75, 56, 48, 40, 32, 13, 5, 74, 66, 47, 39, 31, 12, 4, 73, 65, 46, 38, 30, 22, 3, 72, 64, 45, 37, 29, 21, 2, 71, 63, 55, 36, 28, 20),  (1, 20, 
28, 36, 55, 63, 71, 2, 21, 29, 37, 45, 64, 72, 3, 22, 30, 38, 46, 65, 73, 4, 12, 31, 39, 47, 66, 74, 5, 13, 32, 40, 48, 56, 75, 6, 14, 33, 41,
49, 57, 76, 7, 15, 23, 42, 50, 58, 77, 8, 16, 24, 43, 51, 59, 67, 9, 17, 25, 44, 52, 60, 68, 10, 18, 26, 34, 53, 61, 69, 11, 19, 27, 35, 54, 
62, 70),  ], [  (1, 75, 61, 47, 44, 30, 16, 2, 76, 62, 48, 34, 31, 17, 3, 77, 63, 49, 35, 32, 18, 4, 67, 64, 50, 36, 33, 19, 5, 68, 65, 51, 
37, 23, 20, 6, 69, 66, 52, 38, 24, 21, 7, 70, 56, 53, 39, 25, 22, 8, 71, 57, 54, 40, 26, 12, 9, 72, 58, 55, 41, 27, 13, 10, 73, 59, 45, 42, 
28, 14, 11, 74, 60, 46, 43, 29, 15),  (1, 15, 29, 43, 46, 60, 74, 11, 14, 28, 42, 45, 59, 73, 10, 13, 27, 41, 55, 58, 72, 9, 12, 26, 40, 54, 
57, 71, 8, 22, 25, 39, 53, 56, 70, 7, 21, 24, 38, 52, 66, 69, 6, 20, 23, 37, 51, 65, 68, 5, 19, 33, 36, 50, 64, 67, 4, 18, 32, 35, 49, 63, 77,
3, 17, 31, 34, 48, 62, 76, 2, 16, 30, 44, 47, 61, 75),  ], [  (1, 51, 13, 63, 25, 75, 37, 10, 49, 22, 61, 23, 73, 35, 8, 47, 20, 59, 32, 71, 
44, 6, 45, 18, 57, 30, 69, 42, 4, 54, 16, 66, 28, 67, 40, 2, 52, 14, 64, 26, 76, 38, 11, 50, 12, 62, 24, 74, 36, 9, 48, 21, 60, 33, 72, 34, 7,
46, 19, 58, 31, 70, 43, 5, 55, 17, 56, 29, 68, 41, 3, 53, 15, 65, 27, 77, 39),  (1, 39, 77, 27, 65, 15, 53, 3, 41, 68, 29, 56, 17, 55, 5, 43, 
70, 31, 58, 19, 46, 7, 34, 72, 33, 60, 21, 48, 9, 36, 74, 24, 62, 12, 50, 11, 38, 76, 26, 64, 14, 52, 2, 40, 67, 28, 66, 16, 54, 4, 42, 69, 
30, 57, 18, 45, 6, 44, 71, 32, 59, 20, 47, 8, 35, 73, 23, 61, 22, 49, 10, 37, 75, 25, 63, 13, 51),  ], [  (1, 50, 22, 60, 32, 70, 42, 3, 52, 
13, 62, 23, 72, 44, 5, 54, 15, 64, 25, 74, 35, 7, 45, 17, 66, 27, 76, 37, 9, 47, 19, 57, 29, 67, 39, 11, 49, 21, 59, 31, 69, 41, 2, 51, 12, 
61, 33, 71, 43, 4, 53, 14, 63, 24, 73, 34, 6, 55, 16, 65, 26, 75, 36, 8, 46, 18, 56, 28, 77, 38, 10, 48, 20, 58, 30, 68, 40),  (1, 40, 68, 30,
58, 20, 48, 10, 38, 77, 28, 56, 18, 46, 8, 36, 75, 26, 65, 16, 55, 6, 34, 73, 24, 63, 14, 53, 4, 43, 71, 33, 61, 12, 51, 2, 41, 69, 31, 59, 
21, 49, 11, 39, 67, 29, 57, 19, 47, 9, 37, 76, 27, 66, 17, 45, 7, 35, 74, 25, 64, 15, 54, 5, 44, 72, 23, 62, 13, 52, 3, 42, 70, 32, 60, 22, 
50),  ], [  (1, 32, 52, 72, 15, 35, 66, 9, 29, 49, 69, 12, 43, 63, 6, 26, 46, 77, 20, 40, 60, 3, 23, 54, 74, 17, 37, 57, 11, 31, 51, 71, 14, 
34, 65, 8, 28, 48, 68, 22, 42, 62, 5, 25, 45, 76, 19, 39, 59, 2, 33, 53, 73, 16, 36, 56, 10, 30, 50, 70, 13, 44, 64, 7, 27, 47, 67, 21, 41, 
61, 4, 24, 55, 75, 18, 38, 58),  (1, 58, 38, 18, 75, 55, 24, 4, 61, 41, 21, 67, 47, 27, 7, 64, 44, 13, 70, 50, 30, 10, 56, 36, 16, 73, 53, 33,
2, 59, 39, 19, 76, 45, 25, 5, 62, 42, 22, 68, 48, 28, 8, 65, 34, 14, 71, 51, 31, 11, 57, 37, 17, 74, 54, 23, 3, 60, 40, 20, 77, 46, 26, 6, 63,
43, 12, 69, 49, 29, 9, 66, 35, 15, 72, 52, 32),  ], [  (1, 25, 49, 73, 20, 44, 57, 4, 28, 52, 76, 12, 36, 60, 7, 31, 55, 68, 15, 39, 63, 10, 
23, 47, 71, 18, 42, 66, 2, 26, 50, 74, 21, 34, 58, 5, 29, 53, 77, 13, 37, 61, 8, 32, 45, 69, 16, 40, 64, 11, 24, 48, 72, 19, 43, 56, 3, 27, 
51, 75, 22, 35, 59, 6, 30, 54, 67, 14, 38, 62, 9, 33, 46, 70, 17, 41, 65),  (1, 65, 41, 17, 70, 46, 33, 9, 62, 38, 14, 67, 54, 30, 6, 59, 35, 
22, 75, 51, 27, 3, 56, 43, 19, 72, 48, 24, 11, 64, 40, 16, 69, 45, 32, 8, 61, 37, 13, 77, 53, 29, 5, 58, 34, 21, 74, 50, 26, 2, 66, 42, 18, 
71, 47, 23, 10, 63, 39, 15, 68, 55, 31, 7, 60, 36, 12, 76, 52, 28, 4, 57, 44, 20, 73, 49, 25),  ], [  (1, 2, 3, 4, 5, 6, 7, 8, 9, 10, 11)(12, 
13, 14, 15, 16, 17, 18, 19, 20, 21, 22)(23, 24, 25, 26, 27, 28, 29, 30, 31, 32, 33)(34, 35, 36, 37, 38, 39, 40, 41, 42, 43, 44)(45, 46, 47, 
48, 49, 50, 51, 52, 53, 54, 55)(56, 57, 58, 59, 60, 61, 62, 63, 64, 65, 66)(67, 68, 69, 70, 71, 72, 73, 74, 75, 76, 77),  (1, 11, 10, 9, 8, 7,
6, 5, 4, 3, 2)(12, 22, 21, 20, 19, 18, 17, 16, 15, 14, 13)(23, 33, 32, 31, 30, 29, 28, 27, 26, 25, 24)(34, 44, 43, 42, 41, 40, 39, 38, 37, 36,
35)(45, 55, 54, 53, 52, 51, 50, 49, 48, 47, 46)(56, 66, 65, 64, 63, 62, 61, 60, 59, 58, 57)(67, 77, 76, 75, 74, 73, 72, 71, 70, 69, 68),  ], [
(1, 65, 41, 17, 70, 46, 33, 9, 62, 38, 14, 67, 54, 30, 6, 59, 35, 22, 75, 51, 27, 3, 56, 43, 19, 72, 48, 24, 11, 64, 40, 16, 69, 45, 32, 8, 
61, 37, 13, 77, 53, 29, 5, 58, 34, 21, 74, 50, 26, 2, 66, 42, 18, 71, 47, 23, 10, 63, 39, 15, 68, 55, 31, 7, 60, 36, 12, 76, 52, 28, 4, 57, 
44, 20, 73, 49, 25),  (1, 25, 49, 73, 20, 44, 57, 4, 28, 52, 76, 12, 36, 60, 7, 31, 55, 68, 15, 39, 63, 10, 23, 47, 71, 18, 42, 66, 2, 26, 50,
74, 21, 34, 58, 5, 29, 53, 77, 13, 37, 61, 8, 32, 45, 69, 16, 40, 64, 11, 24, 48, 72, 19, 43, 56, 3, 27, 51, 75, 22, 35, 59, 6, 30, 54, 67, 
14, 38, 62, 9, 33, 46, 70, 17, 41, 65),  ], [  (1, 40, 68, 30, 58, 20, 48, 10, 38, 77, 28, 56, 18, 46, 8, 36, 75, 26, 65, 16, 55, 6, 34, 73, 
24, 63, 14, 53, 4, 43, 71, 33, 61, 12, 51, 2, 41, 69, 31, 59, 21, 49, 11, 39, 67, 29, 57, 19, 47, 9, 37, 76, 27, 66, 17, 45, 7, 35, 74, 25, 
64, 15, 54, 5, 44, 72, 23, 62, 13, 52, 3, 42, 70, 32, 60, 22, 50),  (1, 50, 22, 60, 32, 70, 42, 3, 52, 13, 62, 23, 72, 44, 5, 54, 15, 64, 25, 
74, 35, 7, 45, 17, 66, 27, 76, 37, 9, 47, 19, 57, 29, 67, 39, 11, 49, 21, 59, 31, 69, 41, 2, 51, 12, 61, 33, 71, 43, 4, 53, 14, 63, 24, 73, 
34, 6, 55, 16, 65, 26, 75, 36, 8, 46, 18, 56, 28, 77, 38, 10, 48, 20, 58, 30, 68, 40),  ], [  (1, 15, 29, 43, 46, 60, 74, 11, 14, 28, 42, 45, 
59, 73, 10, 13, 27, 41, 55, 58, 72, 9, 12, 26, 40, 54, 57, 71, 8, 22, 25, 39, 53, 56, 70, 7, 21, 24, 38, 52, 66, 69, 6, 20, 23, 37, 51, 65, 
68, 5, 19, 33, 36, 50, 64, 67, 4, 18, 32, 35, 49, 63, 77, 3, 17, 31, 34, 48, 62, 76, 2, 16, 30, 44, 47, 61, 75),  (1, 75, 61, 47, 44, 30, 16, 
2, 76, 62, 48, 34, 31, 17, 3, 77, 63, 49, 35, 32, 18, 4, 67, 64, 50, 36, 33, 19, 5, 68, 65, 51, 37, 23, 20, 6, 69, 66, 52, 38, 24, 21, 7, 70, 
56, 53, 39, 25, 22, 8, 71, 57, 54, 40, 26, 12, 9, 72, 58, 55, 41, 27, 13, 10, 73, 59, 45, 42, 28, 14, 11, 74, 60, 46, 43, 29, 15),  ], [  (1, 
20, 28, 36, 55, 63, 71, 2, 21, 29, 37, 45, 64, 72, 3, 22, 30, 38, 46, 65, 73, 4, 12, 31, 39, 47, 66, 74, 5, 13, 32, 40, 48, 56, 75, 6, 14, 33,
41, 49, 57, 76, 7, 15, 23, 42, 50, 58, 77, 8, 16, 24, 43, 51, 59, 67, 9, 17, 25, 44, 52, 60, 68, 10, 18, 26, 34, 53, 61, 69, 11, 19, 27, 35, 
54, 62, 70),  (1, 70, 62, 54, 35, 27, 19, 11, 69, 61, 53, 34, 26, 18, 10, 68, 60, 52, 44, 25, 17, 9, 67, 59, 51, 43, 24, 16, 8, 77, 58, 50, 
42, 23, 15, 7, 76, 57, 49, 41, 33, 14, 6, 75, 56, 48, 40, 32, 13, 5, 74, 66, 47, 39, 31, 12, 4, 73, 65, 46, 38, 30, 22, 3, 72, 64, 45, 37, 29,
21, 2, 71, 63, 55, 36, 28, 20),  ], [  (1, 39, 77, 27, 65, 15, 53, 3, 41, 68, 29, 56, 17, 55, 5, 43, 70, 31, 58, 19, 46, 7, 34, 72, 33, 60, 
21, 48, 9, 36, 74, 24, 62, 12, 50, 11, 38, 76, 26, 64, 14, 52, 2, 40, 67, 28, 66, 16, 54, 4, 42, 69, 30, 57, 18, 45, 6, 44, 71, 32, 59, 20, 
47, 8, 35, 73, 23, 61, 22, 49, 10, 37, 75, 25, 63, 13, 51),  (1, 51, 13, 63, 25, 75, 37, 10, 49, 22, 61, 23, 73, 35, 8, 47, 20, 59, 32, 71, 
44, 6, 45, 18, 57, 30, 69, 42, 4, 54, 16, 66, 28, 67, 40, 2, 52, 14, 64, 26, 76, 38, 11, 50, 12, 62, 24, 74, 36, 9, 48, 21, 60, 33, 72, 34, 7,
46, 19, 58, 31, 70, 43, 5, 55, 17, 56, 29, 68, 41, 3, 53, 15, 65, 27, 77, 39),  ], [  (1, 58, 38, 18, 75, 55, 24, 4, 61, 41, 21, 67, 47, 27, 
7, 64, 44, 13, 70, 50, 30, 10, 56, 36, 16, 73, 53, 33, 2, 59, 39, 19, 76, 45, 25, 5, 62, 42, 22, 68, 48, 28, 8, 65, 34, 14, 71, 51, 31, 11, 
57, 37, 17, 74, 54, 23, 3, 60, 40, 20, 77, 46, 26, 6, 63, 43, 12, 69, 49, 29, 9, 66, 35, 15, 72, 52, 32),  (1, 32, 52, 72, 15, 35, 66, 9, 29, 
49, 69, 12, 43, 63, 6, 26, 46, 77, 20, 40, 60, 3, 23, 54, 74, 17, 37, 57, 11, 31, 51, 71, 14, 34, 65, 8, 28, 48, 68, 22, 42, 62, 5, 25, 45, 
76, 19, 39, 59, 2, 33, 53, 73, 16, 36, 56, 10, 30, 50, 70, 13, 44, 64, 7, 27, 47, 67, 21, 41, 61, 4, 24, 55, 75, 18, 38, 58),  ], [  (1, 11, 
10, 9, 8, 7, 6, 5, 4, 3, 2)(12, 22, 21, 20, 19, 18, 17, 16, 15, 14, 13)(23, 33, 32, 31, 30, 29, 28, 27, 26, 25, 24)(34, 44, 43, 42, 41, 40, 
39, 38, 37, 36, 35)(45, 55, 54, 53, 52, 51, 50, 49, 48, 47, 46)(56, 66, 65, 64, 63, 62, 61, 60, 59, 58, 57)(67, 77, 76, 75, 74, 73, 72, 71, 
70, 69, 68),  (1, 2, 3, 4, 5, 6, 7, 8, 9, 10, 11)(12, 13, 14, 15, 16, 17, 18, 19, 20, 21, 22)(23, 24, 25, 26, 27, 28, 29, 30, 31, 32, 33)(34, 
35, 36, 37, 38, 39, 40, 41, 42, 43, 44)(45, 46, 47, 48, 49, 50, 51, 52, 53, 54, 55)(56, 57, 58, 59, 60, 61, 62, 63, 64, 65, 66)(67, 68, 69, 
70, 71, 72, 73, 74, 75, 76, 77),  ], [  (1, 73, 57, 52, 36, 31, 15, 10, 71, 66, 50, 34, 29, 13, 8, 69, 64, 48, 43, 27, 22, 6, 67, 62, 46, 41, 
25, 20, 4, 76, 60, 55, 39, 23, 18, 2, 74, 58, 53, 37, 32, 16, 11, 72, 56, 51, 35, 30, 14, 9, 70, 65, 49, 44, 28, 12, 7, 68, 63, 47, 42, 26, 
21, 5, 77, 61, 45, 40, 24, 19, 3, 75, 59, 54, 38, 33, 17),  (1, 17, 33, 38, 54, 59, 75, 3, 19, 24, 40, 45, 61, 77, 5, 21, 26, 42, 47, 63, 68, 
7, 12, 28, 44, 49, 65, 70, 9, 14, 30, 35, 51, 56, 72, 11, 16, 32, 37, 53, 58, 74, 2, 18, 23, 39, 55, 60, 76, 4, 20, 25, 41, 46, 62, 67, 6, 22,
27, 43, 48, 64, 69, 8, 13, 29, 34, 50, 66, 71, 10, 15, 31, 36, 52, 57, 73),  ], [  (1, 72, 66, 49, 43, 26, 20, 3, 74, 57, 51, 34, 28, 22, 5, 
76, 59, 53, 36, 30, 13, 7, 67, 61, 55, 38, 32, 15, 9, 69, 63, 46, 40, 23, 17, 11, 71, 65, 48, 42, 25, 19, 2, 73, 56, 50, 44, 27, 21, 4, 75, 
58, 52, 35, 29, 12, 6, 77, 60, 54, 37, 31, 14, 8, 68, 62, 45, 39, 33, 16, 10, 70, 64, 47, 41, 24, 18),  (1, 18, 24, 41, 47, 64, 70, 10, 16, 
33, 39, 45, 62, 68, 8, 14, 31, 37, 54, 60, 77, 6, 12, 29, 35, 52, 58, 75, 4, 21, 27, 44, 50, 56, 73, 2, 19, 25, 42, 48, 65, 71, 11, 17, 23, 
40, 46, 63, 69, 9, 15, 32, 38, 55, 61, 67, 7, 13, 30, 36, 53, 59, 76, 5, 22, 28, 34, 51, 57, 74, 3, 20, 26, 43, 49, 66, 72),  ], [  (1, 54, 
19, 61, 26, 68, 44, 9, 51, 16, 58, 23, 76, 41, 6, 48, 13, 66, 31, 73, 38, 3, 45, 21, 63, 28, 70, 35, 11, 53, 18, 60, 25, 67, 43, 8, 50, 15, 
57, 33, 75, 40, 5, 47, 12, 65, 30, 72, 37, 2, 55, 20, 62, 27, 69, 34, 10, 52, 17, 59, 24, 77, 42, 7, 49, 14, 56, 32, 74, 39, 4, 46, 22, 64, 
29, 71, 36),  (1, 36, 71, 29, 64, 22, 46, 4, 39, 74, 32, 56, 14, 49, 7, 42, 77, 24, 59, 17, 52, 10, 34, 69, 27, 62, 20, 55, 2, 37, 72, 30, 65,
12, 47, 5, 40, 75, 33, 57, 15, 50, 8, 43, 67, 25, 60, 18, 53, 11, 35, 70, 28, 63, 21, 45, 3, 38, 73, 31, 66, 13, 48, 6, 41, 76, 23, 58, 16, 
51, 9, 44, 68, 26, 61, 19, 54),  ], [  (1, 47, 16, 62, 31, 77, 35, 4, 50, 19, 65, 23, 69, 38, 7, 53, 22, 57, 26, 72, 41, 10, 45, 14, 60, 29, 
75, 44, 2, 48, 17, 63, 32, 67, 36, 5, 51, 20, 66, 24, 70, 39, 8, 54, 12, 58, 27, 73, 42, 11, 46, 15, 61, 30, 76, 34, 3, 49, 18, 64, 33, 68, 
37, 6, 52, 21, 56, 25, 71, 40, 9, 55, 13, 59, 28, 74, 43),  (1, 43, 74, 28, 59, 13, 55, 9, 40, 71, 25, 56, 21, 52, 6, 37, 68, 33, 64, 18, 49, 
3, 34, 76, 30, 61, 15, 46, 11, 42, 73, 27, 58, 12, 54, 8, 39, 70, 24, 66, 20, 51, 5, 36, 67, 32, 63, 17, 48, 2, 44, 75, 29, 60, 14, 45, 10, 
41, 72, 26, 57, 22, 53, 7, 38, 69, 23, 65, 19, 50, 4, 35, 77, 31, 62, 16, 47),  ], [  (1, 24, 47, 70, 16, 39, 62, 8, 31, 54, 77, 12, 35, 58, 
4, 27, 50, 73, 19, 42, 65, 11, 23, 46, 69, 15, 38, 61, 7, 30, 53, 76, 22, 34, 57, 3, 26, 49, 72, 18, 41, 64, 10, 33, 45, 68, 14, 37, 60, 6, 
29, 52, 75, 21, 44, 56, 2, 25, 48, 71, 17, 40, 63, 9, 32, 55, 67, 13, 36, 59, 5, 28, 51, 74, 20, 43, 66),  (1, 66, 43, 20, 74, 51, 28, 5, 59, 
36, 13, 67, 55, 32, 9, 63, 40, 17, 71, 48, 25, 2, 56, 44, 21, 75, 52, 29, 6, 60, 37, 14, 68, 45, 33, 10, 64, 41, 18, 72, 49, 26, 3, 57, 34, 
22, 76, 53, 30, 7, 61, 38, 15, 69, 46, 23, 11, 65, 42, 19, 73, 50, 27, 4, 58, 35, 12, 77, 54, 31, 8, 62, 39, 16, 70, 47, 24),  ], [  (1, 33, 
54, 75, 19, 40, 61, 5, 26, 47, 68, 12, 44, 65, 9, 30, 51, 72, 16, 37, 58, 2, 23, 55, 76, 20, 41, 62, 6, 27, 48, 69, 13, 34, 66, 10, 31, 52, 
73, 17, 38, 59, 3, 24, 45, 77, 21, 42, 63, 7, 28, 49, 70, 14, 35, 56, 11, 32, 53, 74, 18, 39, 60, 4, 25, 46, 67, 22, 43, 64, 8, 29, 50, 71, 
15, 36, 57),  (1, 57, 36, 15, 71, 50, 29, 8, 64, 43, 22, 67, 46, 25, 4, 60, 39, 18, 74, 53, 32, 11, 56, 35, 14, 70, 49, 28, 7, 63, 42, 21, 77,
45, 24, 3, 59, 38, 17, 73, 52, 31, 10, 66, 34, 13, 69, 48, 27, 6, 62, 41, 20, 76, 55, 23, 2, 58, 37, 16, 72, 51, 30, 9, 65, 44, 12, 68, 47, 
26, 5, 61, 40, 19, 75, 54, 33),  ], [  (1, 5, 9, 2, 6, 10, 3, 7, 11, 4, 8)(12, 16, 20, 13, 17, 21, 14, 18, 22, 15, 19)(23, 27, 31, 24, 28, 32,
25, 29, 33, 26, 30)(34, 38, 42, 35, 39, 43, 36, 40, 44, 37, 41)(45, 49, 53, 46, 50, 54, 47, 51, 55, 48, 52)(56, 60, 64, 57, 61, 65, 58, 62, 
66, 59, 63)(67, 71, 75, 68, 72, 76, 69, 73, 77, 70, 74),  (1, 8, 4, 11, 7, 3, 10, 6, 2, 9, 5)(12, 19, 15, 22, 18, 14, 21, 17, 13, 20, 16)(23, 
30, 26, 33, 29, 25, 32, 28, 24, 31, 27)(34, 41, 37, 44, 40, 36, 43, 39, 35, 42, 38)(45, 52, 48, 55, 51, 47, 54, 50, 46, 53, 49)(56, 63, 59, 
66, 62, 58, 65, 61, 57, 64, 60)(67, 74, 70, 77, 73, 69, 76, 72, 68, 75, 71),  ], [  (1, 57, 36, 15, 71, 50, 29, 8, 64, 43, 22, 67, 46, 25, 4, 
60, 39, 18, 74, 53, 32, 11, 56, 35, 14, 70, 49, 28, 7, 63, 42, 21, 77, 45, 24, 3, 59, 38, 17, 73, 52, 31, 10, 66, 34, 13, 69, 48, 27, 6, 62, 
41, 20, 76, 55, 23, 2, 58, 37, 16, 72, 51, 30, 9, 65, 44, 12, 68, 47, 26, 5, 61, 40, 19, 75, 54, 33),  (1, 33, 54, 75, 19, 40, 61, 5, 26, 47, 
68, 12, 44, 65, 9, 30, 51, 72, 16, 37, 58, 2, 23, 55, 76, 20, 41, 62, 6, 27, 48, 69, 13, 34, 66, 10, 31, 52, 73, 17, 38, 59, 3, 24, 45, 77, 
21, 42, 63, 7, 28, 49, 70, 14, 35, 56, 11, 32, 53, 74, 18, 39, 60, 4, 25, 46, 67, 22, 43, 64, 8, 29, 50, 71, 15, 36, 57),  ], [  (1, 43, 74, 
28, 59, 13, 55, 9, 40, 71, 25, 56, 21, 52, 6, 37, 68, 33, 64, 18, 49, 3, 34, 76, 30, 61, 15, 46, 11, 42, 73, 27, 58, 12, 54, 8, 39, 70, 24, 
66, 20, 51, 5, 36, 67, 32, 63, 17, 48, 2, 44, 75, 29, 60, 14, 45, 10, 41, 72, 26, 57, 22, 53, 7, 38, 69, 23, 65, 19, 50, 4, 35, 77, 31, 62, 
16, 47),  (1, 47, 16, 62, 31, 77, 35, 4, 50, 19, 65, 23, 69, 38, 7, 53, 22, 57, 26, 72, 41, 10, 45, 14, 60, 29, 75, 44, 2, 48, 17, 63, 32, 67,
36, 5, 51, 20, 66, 24, 70, 39, 8, 54, 12, 58, 27, 73, 42, 11, 46, 15, 61, 30, 76, 34, 3, 49, 18, 64, 33, 68, 37, 6, 52, 21, 56, 25, 71, 40, 9,
55, 13, 59, 28, 74, 43),  ], [  (1, 18, 24, 41, 47, 64, 70, 10, 16, 33, 39, 45, 62, 68, 8, 14, 31, 37, 54, 60, 77, 6, 12, 29, 35, 52, 58, 75, 
4, 21, 27, 44, 50, 56, 73, 2, 19, 25, 42, 48, 65, 71, 11, 17, 23, 40, 46, 63, 69, 9, 15, 32, 38, 55, 61, 67, 7, 13, 30, 36, 53, 59, 76, 5, 22,
28, 34, 51, 57, 74, 3, 20, 26, 43, 49, 66, 72),  (1, 72, 66, 49, 43, 26, 20, 3, 74, 57, 51, 34, 28, 22, 5, 76, 59, 53, 36, 30, 13, 7, 67, 61, 
55, 38, 32, 15, 9, 69, 63, 46, 40, 23, 17, 11, 71, 65, 48, 42, 25, 19, 2, 73, 56, 50, 44, 27, 21, 4, 75, 58, 52, 35, 29, 12, 6, 77, 60, 54, 
37, 31, 14, 8, 68, 62, 45, 39, 33, 16, 10, 70, 64, 47, 41, 24, 18),  ], [  (1, 17, 33, 38, 54, 59, 75, 3, 19, 24, 40, 45, 61, 77, 5, 21, 26, 
42, 47, 63, 68, 7, 12, 28, 44, 49, 65, 70, 9, 14, 30, 35, 51, 56, 72, 11, 16, 32, 37, 53, 58, 74, 2, 18, 23, 39, 55, 60, 76, 4, 20, 25, 41, 
46, 62, 67, 6, 22, 27, 43, 48, 64, 69, 8, 13, 29, 34, 50, 66, 71, 10, 15, 31, 36, 52, 57, 73),  (1, 73, 57, 52, 36, 31, 15, 10, 71, 66, 50, 
34, 29, 13, 8, 69, 64, 48, 43, 27, 22, 6, 67, 62, 46, 41, 25, 20, 4, 76, 60, 55, 39, 23, 18, 2, 74, 58, 53, 37, 32, 16, 11, 72, 56, 51, 35, 
30, 14, 9, 70, 65, 49, 44, 28, 12, 7, 68, 63, 47, 42, 26, 21, 5, 77, 61, 45, 40, 24, 19, 3, 75, 59, 54, 38, 33, 17),  ], [  (1, 36, 71, 29, 
64, 22, 46, 4, 39, 74, 32, 56, 14, 49, 7, 42, 77, 24, 59, 17, 52, 10, 34, 69, 27, 62, 20, 55, 2, 37, 72, 30, 65, 12, 47, 5, 40, 75, 33, 57, 
15, 50, 8, 43, 67, 25, 60, 18, 53, 11, 35, 70, 28, 63, 21, 45, 3, 38, 73, 31, 66, 13, 48, 6, 41, 76, 23, 58, 16, 51, 9, 44, 68, 26, 61, 19, 
54),  (1, 54, 19, 61, 26, 68, 44, 9, 51, 16, 58, 23, 76, 41, 6, 48, 13, 66, 31, 73, 38, 3, 45, 21, 63, 28, 70, 35, 11, 53, 18, 60, 25, 67, 43,
8, 50, 15, 57, 33, 75, 40, 5, 47, 12, 65, 30, 72, 37, 2, 55, 20, 62, 27, 69, 34, 10, 52, 17, 59, 24, 77, 42, 7, 49, 14, 56, 32, 74, 39, 4, 46,
22, 64, 29, 71, 36),  ], [  (1, 66, 43, 20, 74, 51, 28, 5, 59, 36, 13, 67, 55, 32, 9, 63, 40, 17, 71, 48, 25, 2, 56, 44, 21, 75, 52, 29, 6, 
60, 37, 14, 68, 45, 33, 10, 64, 41, 18, 72, 49, 26, 3, 57, 34, 22, 76, 53, 30, 7, 61, 38, 15, 69, 46, 23, 11, 65, 42, 19, 73, 50, 27, 4, 58, 
35, 12, 77, 54, 31, 8, 62, 39, 16, 70, 47, 24),  (1, 24, 47, 70, 16, 39, 62, 8, 31, 54, 77, 12, 35, 58, 4, 27, 50, 73, 19, 42, 65, 11, 23, 46,
69, 15, 38, 61, 7, 30, 53, 76, 22, 34, 57, 3, 26, 49, 72, 18, 41, 64, 10, 33, 45, 68, 14, 37, 60, 6, 29, 52, 75, 21, 44, 56, 2, 25, 48, 71, 
17, 40, 63, 9, 32, 55, 67, 13, 36, 59, 5, 28, 51, 74, 20, 43, 66),  ], [  (1, 8, 4, 11, 7, 3, 10, 6, 2, 9, 5)(12, 19, 15, 22, 18, 14, 21, 17, 
13, 20, 16)(23, 30, 26, 33, 29, 25, 32, 28, 24, 31, 27)(34, 41, 37, 44, 40, 36, 43, 39, 35, 42, 38)(45, 52, 48, 55, 51, 47, 54, 50, 46, 53, 
49)(56, 63, 59, 66, 62, 58, 65, 61, 57, 64, 60)(67, 74, 70, 77, 73, 69, 76, 72, 68, 75, 71),  (1, 5, 9, 2, 6, 10, 3, 7, 11, 4, 8)(12, 16, 20, 
13, 17, 21, 14, 18, 22, 15, 19)(23, 27, 31, 24, 28, 32, 25, 29, 33, 26, 30)(34, 38, 42, 35, 39, 43, 36, 40, 44, 37, 41)(45, 49, 53, 46, 50, 
54, 47, 51, 55, 48, 52)(56, 60, 64, 57, 61, 65, 58, 62, 66, 59, 63)(67, 71, 75, 68, 72, 76, 69, 73, 77, 70, 74),  ], [  (1, 76, 63, 50, 37, 
24, 22, 9, 73, 60, 47, 34, 32, 19, 6, 70, 57, 55, 42, 29, 16, 3, 67, 65, 52, 39, 26, 13, 11, 75, 62, 49, 36, 23, 21, 8, 72, 59, 46, 44, 31, 
18, 5, 69, 56, 54, 41, 28, 15, 2, 77, 64, 51, 38, 25, 12, 10, 74, 61, 48, 35, 33, 20, 7, 71, 58, 45, 43, 30, 17, 4, 68, 66, 53, 40, 27, 14),  
(1, 14, 27, 40, 53, 66, 68, 4, 17, 30, 43, 45, 58, 71, 7, 20, 33, 35, 48, 61, 74, 10, 12, 25, 38, 51, 64, 77, 2, 15, 28, 41, 54, 56, 69, 5, 
18, 31, 44, 46, 59, 72, 8, 21, 23, 36, 49, 62, 75, 11, 13, 26, 39, 52, 65, 67, 3, 16, 29, 42, 55, 57, 70, 6, 19, 32, 34, 47, 60, 73, 9, 22, 
24, 37, 50, 63, 76),  ], [  (1, 69, 60, 51, 42, 33, 13, 4, 72, 63, 54, 34, 25, 16, 7, 75, 66, 46, 37, 28, 19, 10, 67, 58, 49, 40, 31, 22, 2, 
70, 61, 52, 43, 23, 14, 5, 73, 64, 55, 35, 26, 17, 8, 76, 56, 47, 38, 29, 20, 11, 68, 59, 50, 41, 32, 12, 3, 71, 62, 53, 44, 24, 15, 6, 74, 
65, 45, 36, 27, 18, 9, 77, 57, 48, 39, 30, 21),  (1, 21, 30, 39, 48, 57, 77, 9, 18, 27, 36, 45, 65, 74, 6, 15, 24, 44, 53, 62, 71, 3, 12, 32, 
41, 50, 59, 68, 11, 20, 29, 38, 47, 56, 76, 8, 17, 26, 35, 55, 64, 73, 5, 14, 23, 43, 52, 61, 70, 2, 22, 31, 40, 49, 58, 67, 10, 19, 28, 37, 
46, 66, 75, 7, 16, 25, 34, 54, 63, 72, 4, 13, 33, 42, 51, 60, 69),  ], [  (1, 46, 14, 59, 27, 72, 40, 8, 53, 21, 66, 23, 68, 36, 4, 49, 17, 
62, 30, 75, 43, 11, 45, 13, 58, 26, 71, 39, 7, 52, 20, 65, 33, 67, 35, 3, 48, 16, 61, 29, 74, 42, 10, 55, 12, 57, 25, 70, 38, 6, 51, 19, 64, 
32, 77, 34, 2, 47, 15, 60, 28, 73, 41, 9, 54, 22, 56, 24, 69, 37, 5, 50, 18, 63, 31, 76, 44),  (1, 44, 76, 31, 63, 18, 50, 5, 37, 69, 24, 56, 
22, 54, 9, 41, 73, 28, 60, 15, 47, 2, 34, 77, 32, 64, 19, 51, 6, 38, 70, 25, 57, 12, 55, 10, 42, 74, 29, 61, 16, 48, 3, 35, 67, 33, 65, 20, 
52, 7, 39, 71, 26, 58, 13, 45, 11, 43, 75, 30, 62, 17, 49, 4, 36, 68, 23, 66, 21, 53, 8, 40, 72, 27, 59, 14, 46),  ], [  (1, 55, 21, 64, 30, 
73, 39, 5, 48, 14, 57, 23, 77, 43, 9, 52, 18, 61, 27, 70, 36, 2, 45, 22, 65, 31, 74, 40, 6, 49, 15, 58, 24, 67, 44, 10, 53, 19, 62, 28, 71, 
37, 3, 46, 12, 66, 32, 75, 41, 7, 50, 16, 59, 25, 68, 34, 11, 54, 20, 63, 29, 72, 38, 4, 47, 13, 56, 33, 76, 42, 8, 51, 17, 60, 26, 69, 35),  
(1, 35, 69, 26, 60, 17, 51, 8, 42, 76, 33, 56, 13, 47, 4, 38, 72, 29, 63, 20, 54, 11, 34, 68, 25, 59, 16, 50, 7, 41, 75, 32, 66, 12, 46, 3, 
37, 71, 28, 62, 19, 53, 10, 44, 67, 24, 58, 15, 49, 6, 40, 74, 31, 65, 22, 45, 2, 36, 70, 27, 61, 18, 52, 9, 43, 77, 23, 57, 14, 48, 5, 39, 
73, 30, 64, 21, 55),  ], [  (1, 27, 53, 68, 17, 43, 58, 7, 33, 48, 74, 12, 38, 64, 2, 28, 54, 69, 18, 44, 59, 8, 23, 49, 75, 13, 39, 65, 3, 
29, 55, 70, 19, 34, 60, 9, 24, 50, 76, 14, 40, 66, 4, 30, 45, 71, 20, 35, 61, 10, 25, 51, 77, 15, 41, 56, 5, 31, 46, 72, 21, 36, 62, 11, 26, 
52, 67, 16, 42, 57, 6, 32, 47, 73, 22, 37, 63),  (1, 63, 37, 22, 73, 47, 32, 6, 57, 42, 16, 67, 52, 26, 11, 62, 36, 21, 72, 46, 31, 5, 56, 41,
15, 77, 51, 25, 10, 61, 35, 20, 71, 45, 30, 4, 66, 40, 14, 76, 50, 24, 9, 60, 34, 19, 70, 55, 29, 3, 65, 39, 13, 75, 49, 23, 8, 59, 44, 18, 
69, 54, 28, 2, 64, 38, 12, 74, 48, 33, 7, 58, 43, 17, 68, 53, 27),  ], [  (1, 30, 48, 77, 18, 36, 65, 6, 24, 53, 71, 12, 41, 59, 11, 29, 47, 
76, 17, 35, 64, 5, 23, 52, 70, 22, 40, 58, 10, 28, 46, 75, 16, 34, 63, 4, 33, 51, 69, 21, 39, 57, 9, 27, 45, 74, 15, 44, 62, 3, 32, 50, 68, 
20, 38, 56, 8, 26, 55, 73, 14, 43, 61, 2, 31, 49, 67, 19, 37, 66, 7, 25, 54, 72, 13, 42, 60),  (1, 60, 42, 13, 72, 54, 25, 7, 66, 37, 19, 67, 
49, 31, 2, 61, 43, 14, 73, 55, 26, 8, 56, 38, 20, 68, 50, 32, 3, 62, 44, 15, 74, 45, 27, 9, 57, 39, 21, 69, 51, 33, 4, 63, 34, 16, 75, 46, 28,
10, 58, 40, 22, 70, 52, 23, 5, 64, 35, 17, 76, 47, 29, 11, 59, 41, 12, 71, 53, 24, 6, 65, 36, 18, 77, 48, 30),  ], [  (1, 60, 42, 13, 72, 54, 
25, 7, 66, 37, 19, 67, 49, 31, 2, 61, 43, 14, 73, 55, 26, 8, 56, 38, 20, 68, 50, 32, 3, 62, 44, 15, 74, 45, 27, 9, 57, 39, 21, 69, 51, 33, 4, 
63, 34, 16, 75, 46, 28, 10, 58, 40, 22, 70, 52, 23, 5, 64, 35, 17, 76, 47, 29, 11, 59, 41, 12, 71, 53, 24, 6, 65, 36, 18, 77, 48, 30),  (1, 
30, 48, 77, 18, 36, 65, 6, 24, 53, 71, 12, 41, 59, 11, 29, 47, 76, 17, 35, 64, 5, 23, 52, 70, 22, 40, 58, 10, 28, 46, 75, 16, 34, 63, 4, 33, 
51, 69, 21, 39, 57, 9, 27, 45, 74, 15, 44, 62, 3, 32, 50, 68, 20, 38, 56, 8, 26, 55, 73, 14, 43, 61, 2, 31, 49, 67, 19, 37, 66, 7, 25, 54, 72,
13, 42, 60),  ], [  (1, 35, 69, 26, 60, 17, 51, 8, 42, 76, 33, 56, 13, 47, 4, 38, 72, 29, 63, 20, 54, 11, 34, 68, 25, 59, 16, 50, 7, 41, 75, 
32, 66, 12, 46, 3, 37, 71, 28, 62, 19, 53, 10, 44, 67, 24, 58, 15, 49, 6, 40, 74, 31, 65, 22, 45, 2, 36, 70, 27, 61, 18, 52, 9, 43, 77, 23, 
57, 14, 48, 5, 39, 73, 30, 64, 21, 55),  (1, 55, 21, 64, 30, 73, 39, 5, 48, 14, 57, 23, 77, 43, 9, 52, 18, 61, 27, 70, 36, 2, 45, 22, 65, 31, 
74, 40, 6, 49, 15, 58, 24, 67, 44, 10, 53, 19, 62, 28, 71, 37, 3, 46, 12, 66, 32, 75, 41, 7, 50, 16, 59, 25, 68, 34, 11, 54, 20, 63, 29, 72, 
38, 4, 47, 13, 56, 33, 76, 42, 8, 51, 17, 60, 26, 69, 35),  ], [  (1, 21, 30, 39, 48, 57, 77, 9, 18, 27, 36, 45, 65, 74, 6, 15, 24, 44, 53, 
62, 71, 3, 12, 32, 41, 50, 59, 68, 11, 20, 29, 38, 47, 56, 76, 8, 17, 26, 35, 55, 64, 73, 5, 14, 23, 43, 52, 61, 70, 2, 22, 31, 40, 49, 58, 
67, 10, 19, 28, 37, 46, 66, 75, 7, 16, 25, 34, 54, 63, 72, 4, 13, 33, 42, 51, 60, 69),  (1, 69, 60, 51, 42, 33, 13, 4, 72, 63, 54, 34, 25, 16,
7, 75, 66, 46, 37, 28, 19, 10, 67, 58, 49, 40, 31, 22, 2, 70, 61, 52, 43, 23, 14, 5, 73, 64, 55, 35, 26, 17, 8, 76, 56, 47, 38, 29, 20, 11, 
68, 59, 50, 41, 32, 12, 3, 71, 62, 53, 44, 24, 15, 6, 74, 65, 45, 36, 27, 18, 9, 77, 57, 48, 39, 30, 21),  ], [  (1, 14, 27, 40, 53, 66, 68, 
4, 17, 30, 43, 45, 58, 71, 7, 20, 33, 35, 48, 61, 74, 10, 12, 25, 38, 51, 64, 77, 2, 15, 28, 41, 54, 56, 69, 5, 18, 31, 44, 46, 59, 72, 8, 21,
23, 36, 49, 62, 75, 11, 13, 26, 39, 52, 65, 67, 3, 16, 29, 42, 55, 57, 70, 6, 19, 32, 34, 47, 60, 73, 9, 22, 24, 37, 50, 63, 76),  (1, 76, 63,
50, 37, 24, 22, 9, 73, 60, 47, 34, 32, 19, 6, 70, 57, 55, 42, 29, 16, 3, 67, 65, 52, 39, 26, 13, 11, 75, 62, 49, 36, 23, 21, 8, 72, 59, 46, 
44, 31, 18, 5, 69, 56, 54, 41, 28, 15, 2, 77, 64, 51, 38, 25, 12, 10, 74, 61, 48, 35, 33, 20, 7, 71, 58, 45, 43, 30, 17, 4, 68, 66, 53, 40, 
27, 14),  ], [  (1, 44, 76, 31, 63, 18, 50, 5, 37, 69, 24, 56, 22, 54, 9, 41, 73, 28, 60, 15, 47, 2, 34, 77, 32, 64, 19, 51, 6, 38, 70, 25, 
57, 12, 55, 10, 42, 74, 29, 61, 16, 48, 3, 35, 67, 33, 65, 20, 52, 7, 39, 71, 26, 58, 13, 45, 11, 43, 75, 30, 62, 17, 49, 4, 36, 68, 23, 66, 
21, 53, 8, 40, 72, 27, 59, 14, 46),  (1, 46, 14, 59, 27, 72, 40, 8, 53, 21, 66, 23, 68, 36, 4, 49, 17, 62, 30, 75, 43, 11, 45, 13, 58, 26, 71,
39, 7, 52, 20, 65, 33, 67, 35, 3, 48, 16, 61, 29, 74, 42, 10, 55, 12, 57, 25, 70, 38, 6, 51, 19, 64, 32, 77, 34, 2, 47, 15, 60, 28, 73, 41, 9,
54, 22, 56, 24, 69, 37, 5, 50, 18, 63, 31, 76, 44),  ], [  (1, 63, 37, 22, 73, 47, 32, 6, 57, 42, 16, 67, 52, 26, 11, 62, 36, 21, 72, 46, 31, 
5, 56, 41, 15, 77, 51, 25, 10, 61, 35, 20, 71, 45, 30, 4, 66, 40, 14, 76, 50, 24, 9, 60, 34, 19, 70, 55, 29, 3, 65, 39, 13, 75, 49, 23, 8, 59,
44, 18, 69, 54, 28, 2, 64, 38, 12, 74, 48, 33, 7, 58, 43, 17, 68, 53, 27),  (1, 27, 53, 68, 17, 43, 58, 7, 33, 48, 74, 12, 38, 64, 2, 28, 54, 
69, 18, 44, 59, 8, 23, 49, 75, 13, 39, 65, 3, 29, 55, 70, 19, 34, 60, 9, 24, 50, 76, 14, 40, 66, 4, 30, 45, 71, 20, 35, 61, 10, 25, 51, 77, 
15, 41, 56, 5, 31, 46, 72, 21, 36, 62, 11, 26, 52, 67, 16, 42, 57, 6, 32, 47, 73, 22, 37, 63),  ], [  (1, 68, 58, 48, 38, 28, 18, 8, 75, 65, 
55, 34, 24, 14, 4, 71, 61, 51, 41, 31, 21, 11, 67, 57, 47, 37, 27, 17, 7, 74, 64, 54, 44, 23, 13, 3, 70, 60, 50, 40, 30, 20, 10, 77, 56, 46, 
36, 26, 16, 6, 73, 63, 53, 43, 33, 12, 2, 69, 59, 49, 39, 29, 19, 9, 76, 66, 45, 35, 25, 15, 5, 72, 62, 52, 42, 32, 22),  (1, 22, 32, 42, 52, 
62, 72, 5, 15, 25, 35, 45, 66, 76, 9, 19, 29, 39, 49, 59, 69, 2, 12, 33, 43, 53, 63, 73, 6, 16, 26, 36, 46, 56, 77, 10, 20, 30, 40, 50, 60, 
