BRACES[70] := rec( total := -1, implemented := 4, size := 70, brace := [] );BRACES[70].brace[1] := rec ( size := 70, perms := [ [  (),  (),  
], [  (1, 36)(2, 37)(3, 38)(4, 39)(5, 40)(6, 41)(7, 42)(8, 43)(9, 44)(10, 45)(11, 46)(12, 47)(13, 48)(14, 49)(15, 50)(16, 51)(17, 52)(18, 
53)(19, 54)(20, 55)(21, 56)(22, 57)(23, 58)(24, 59)(25, 60)(26, 61)(27, 62)(28, 63)(29, 64)(30, 65)(31, 66)(32, 67)(33, 68)(34, 69)(35, 70),  
(1, 36)(2, 42)(3, 41)(4, 40)(5, 39)(6, 38)(7, 37)(8, 43)(9, 49)(10, 48)(11, 47)(12, 46)(13, 45)(14, 44)(15, 50)(16, 56)(17, 55)(18, 54)(19, 
53)(20, 52)(21, 51)(22, 57)(23, 63)(24, 62)(25, 61)(26, 60)(27, 59)(28, 58)(29, 64)(30, 70)(31, 69)(32, 68)(33, 67)(34, 66)(35, 65),  ], [  
(1, 8, 15, 22, 29)(2, 9, 16, 23, 30)(3, 10, 17, 24, 31)(4, 11, 18, 25, 32)(5, 12, 19, 26, 33)(6, 13, 20, 27, 34)(7, 14, 21, 28, 35)(36, 43, 
50, 57, 64)(37, 44, 51, 58, 65)(38, 45, 52, 59, 66)(39, 46, 53, 60, 67)(40, 47, 54, 61, 68)(41, 48, 55, 62, 69)(42, 49, 56, 63, 70),  (1, 29, 
22, 15, 8)(2, 30, 23, 16, 9)(3, 31, 24, 17, 10)(4, 32, 25, 18, 11)(5, 33, 26, 19, 12)(6, 34, 27, 20, 13)(7, 35, 28, 21, 14)(36, 64, 57, 50, 
43)(37, 65, 58, 51, 44)(38, 66, 59, 52, 45)(39, 67, 60, 53, 46)(40, 68, 61, 54, 47)(41, 69, 62, 55, 48)(42, 70, 63, 56, 49),  ], [  (1, 4, 7, 
3, 6, 2, 5)(8, 11, 14, 10, 13, 9, 12)(15, 18, 21, 17, 20, 16, 19)(22, 25, 28, 24, 27, 23, 26)(29, 32, 35, 31, 34, 30, 33)(36, 39, 42, 38, 41, 
37, 40)(43, 46, 49, 45, 48, 44, 47)(50, 53, 56, 52, 55, 51, 54)(57, 60, 63, 59, 62, 58, 61)(64, 67, 70, 66, 69, 65, 68),  (1, 5, 2, 6, 3, 7, 
4)(8, 12, 9, 13, 10, 14, 11)(15, 19, 16, 20, 17, 21, 18)(22, 26, 23, 27, 24, 28, 25)(29, 33, 30, 34, 31, 35, 32)(36, 40, 37, 41, 38, 42, 
39)(43, 47, 44, 48, 45, 49, 46)(50, 54, 51, 55, 52, 56, 53)(57, 61, 58, 62, 59, 63, 60)(64, 68, 65, 69, 66, 70, 67),  ], [  (1, 29, 22, 15, 
8)(2, 30, 23, 16, 9)(3, 31, 24, 17, 10)(4, 32, 25, 18, 11)(5, 33, 26, 19, 12)(6, 34, 27, 20, 13)(7, 35, 28, 21, 14)(36, 64, 57, 50, 43)(37, 
65, 58, 51, 44)(38, 66, 59, 52, 45)(39, 67, 60, 53, 46)(40, 68, 61, 54, 47)(41, 69, 62, 55, 48)(42, 70, 63, 56, 49),  (1, 8, 15, 22, 29)(2, 9,
16, 23, 30)(3, 10, 17, 24, 31)(4, 11, 18, 25, 32)(5, 12, 19, 26, 33)(6, 13, 20, 27, 34)(7, 14, 21, 28, 35)(36, 43, 50, 57, 64)(37, 44, 51, 58,
65)(38, 45, 52, 59, 66)(39, 46, 53, 60, 67)(40, 47, 54, 61, 68)(41, 48, 55, 62, 69)(42, 49, 56, 63, 70),  ], [  (1, 5, 2, 6, 3, 7, 4)(8, 12, 
9, 13, 10, 14, 11)(15, 19, 16, 20, 17, 21, 18)(22, 26, 23, 27, 24, 28, 25)(29, 33, 30, 34, 31, 35, 32)(36, 40, 37, 41, 38, 42, 39)(43, 47, 44,
48, 45, 49, 46)(50, 54, 51, 55, 52, 56, 53)(57, 61, 58, 62, 59, 63, 60)(64, 68, 65, 69, 66, 70, 67),  (1, 4, 7, 3, 6, 2, 5)(8, 11, 14, 10, 13,
9, 12)(15, 18, 21, 17, 20, 16, 19)(22, 25, 28, 24, 27, 23, 26)(29, 32, 35, 31, 34, 30, 33)(36, 39, 42, 38, 41, 37, 40)(43, 46, 49, 45, 48, 44,
47)(50, 53, 56, 52, 55, 51, 54)(57, 60, 63, 59, 62, 58, 61)(64, 67, 70, 66, 69, 65, 68),  ], [  (1, 43, 15, 57, 29, 36, 8, 50, 22, 64)(2, 44, 
16, 58, 30, 37, 9, 51, 23, 65)(3, 45, 17, 59, 31, 38, 10, 52, 24, 66)(4, 46, 18, 60, 32, 39, 11, 53, 25, 67)(5, 47, 19, 61, 33, 40, 12, 54, 
26, 68)(6, 48, 20, 62, 34, 41, 13, 55, 27, 69)(7, 49, 21, 63, 35, 42, 14, 56, 28, 70),  (1, 64, 22, 50, 8, 36, 29, 57, 15, 43)(2, 70, 23, 56, 
9, 42, 30, 63, 16, 49)(3, 69, 24, 55, 10, 41, 31, 62, 17, 48)(4, 68, 25, 54, 11, 40, 32, 61, 18, 47)(5, 67, 26, 53, 12, 39, 33, 60, 19, 46)(6,
66, 27, 52, 13, 38, 34, 59, 20, 45)(7, 65, 28, 51, 14, 37, 35, 58, 21, 44),  ], [  (1, 40, 2, 41, 3, 42, 4, 36, 5, 37, 6, 38, 7, 39)(8, 47, 9,
48, 10, 49, 11, 43, 12, 44, 13, 45, 14, 46)(15, 54, 16, 55, 17, 56, 18, 50, 19, 51, 20, 52, 21, 53)(22, 61, 23, 62, 24, 63, 25, 57, 26, 58, 
27, 59, 28, 60)(29, 68, 30, 69, 31, 70, 32, 64, 33, 65, 34, 66, 35, 67),  (1, 40)(2, 39)(3, 38)(4, 37)(5, 36)(6, 42)(7, 41)(8, 47)(9, 46)(10, 
45)(11, 44)(12, 43)(13, 49)(14, 48)(15, 54)(16, 53)(17, 52)(18, 51)(19, 50)(20, 56)(21, 55)(22, 61)(23, 60)(24, 59)(25, 58)(26, 57)(27, 
63)(28, 62)(29, 68)(30, 67)(31, 66)(32, 65)(33, 64)(34, 70)(35, 69),  ], [  (1, 64, 22, 50, 8, 36, 29, 57, 15, 43)(2, 65, 23, 51, 9, 37, 30, 
58, 16, 44)(3, 66, 24, 52, 10, 38, 31, 59, 17, 45)(4, 67, 25, 53, 11, 39, 32, 60, 18, 46)(5, 68, 26, 54, 12, 40, 33, 61, 19, 47)(6, 69, 27, 
55, 13, 41, 34, 62, 20, 48)(7, 70, 28, 56, 14, 42, 35, 63, 21, 49),  (1, 43, 15, 57, 29, 36, 8, 50, 22, 64)(2, 49, 16, 63, 30, 42, 9, 56, 23, 
70)(3, 48, 17, 62, 31, 41, 10, 55, 24, 69)(4, 47, 18, 61, 32, 40, 11, 54, 25, 68)(5, 46, 19, 60, 33, 39, 12, 53, 26, 67)(6, 45, 20, 59, 34, 
38, 13, 52, 27, 66)(7, 44, 21, 58, 35, 37, 14, 51, 28, 65),  ], [  (1, 39, 7, 38, 6, 37, 5, 36, 4, 42, 3, 41, 2, 40)(8, 46, 14, 45, 13, 44, 
12, 43, 11, 49, 10, 48, 9, 47)(15, 53, 21, 52, 20, 51, 19, 50, 18, 56, 17, 55, 16, 54)(22, 60, 28, 59, 27, 58, 26, 57, 25, 63, 24, 62, 23, 
61)(29, 67, 35, 66, 34, 65, 33, 64, 32, 70, 31, 69, 30, 68),  (1, 39)(2, 38)(3, 37)(4, 36)(5, 42)(6, 41)(7, 40)(8, 46)(9, 45)(10, 44)(11, 
43)(12, 49)(13, 48)(14, 47)(15, 53)(16, 52)(17, 51)(18, 50)(19, 56)(20, 55)(21, 54)(22, 60)(23, 59)(24, 58)(25, 57)(26, 63)(27, 62)(28, 
61)(29, 67)(30, 66)(31, 65)(32, 64)(33, 70)(34, 69)(35, 68),  ], [  (1, 15, 29, 8, 22)(2, 16, 30, 9, 23)(3, 17, 31, 10, 24)(4, 18, 32, 11, 
25)(5, 19, 33, 12, 26)(6, 20, 34, 13, 27)(7, 21, 35, 14, 28)(36, 50, 64, 43, 57)(37, 51, 65, 44, 58)(38, 52, 66, 45, 59)(39, 53, 67, 46, 
60)(40, 54, 68, 47, 61)(41, 55, 69, 48, 62)(42, 56, 70, 49, 63),  (1, 22, 8, 29, 15)(2, 23, 9, 30, 16)(3, 24, 10, 31, 17)(4, 25, 11, 32, 
18)(5, 26, 12, 33, 19)(6, 27, 13, 34, 20)(7, 28, 14, 35, 21)(36, 57, 43, 64, 50)(37, 58, 44, 65, 51)(38, 59, 45, 66, 52)(39, 60, 46, 67, 
53)(40, 61, 47, 68, 54)(41, 62, 48, 69, 55)(42, 63, 49, 70, 56),  ], [  (1, 11, 21, 24, 34, 2, 12, 15, 25, 35, 3, 13, 16, 26, 29, 4, 14, 17, 
27, 30, 5, 8, 18, 28, 31, 6, 9, 19, 22, 32, 7, 10, 20, 23, 33)(36, 46, 56, 59, 69, 37, 47, 50, 60, 70, 38, 48, 51, 61, 64, 39, 49, 52, 62, 65,
40, 43, 53, 63, 66, 41, 44, 54, 57, 67, 42, 45, 55, 58, 68),  (1, 33, 23, 20, 10, 7, 32, 22, 19, 9, 6, 31, 28, 18, 8, 5, 30, 27, 17, 14, 4, 
29, 26, 16, 13, 3, 35, 25, 15, 12, 2, 34, 24, 21, 11)(36, 68, 58, 55, 45, 42, 67, 57, 54, 44, 41, 66, 63, 53, 43, 40, 65, 62, 52, 49, 39, 64, 
61, 51, 48, 38, 70, 60, 50, 47, 37, 69, 59, 56, 46),  ], [  (1, 12, 16, 27, 31, 7, 11, 15, 26, 30, 6, 10, 21, 25, 29, 5, 9, 20, 24, 35, 4, 8, 
19, 23, 34, 3, 14, 18, 22, 33, 2, 13, 17, 28, 32)(36, 47, 51, 62, 66, 42, 46, 50, 61, 65, 41, 45, 56, 60, 64, 40, 44, 55, 59, 70, 39, 43, 54, 
58, 69, 38, 49, 53, 57, 68, 37, 48, 52, 63, 67),  (1, 32, 28, 17, 13, 2, 33, 22, 18, 14, 3, 34, 23, 19, 8, 4, 35, 24, 20, 9, 5, 29, 25, 21, 
10, 6, 30, 26, 15, 11, 7, 31, 27, 16, 12)(36, 67, 63, 52, 48, 37, 68, 57, 53, 49, 38, 69, 58, 54, 43, 39, 70, 59, 55, 44, 40, 64, 60, 56, 45, 
41, 65, 61, 50, 46, 42, 66, 62, 51, 47),  ], [  (1, 7, 6, 5, 4, 3, 2)(8, 14, 13, 12, 11, 10, 9)(15, 21, 20, 19, 18, 17, 16)(22, 28, 27, 26, 
25, 24, 23)(29, 35, 34, 33, 32, 31, 30)(36, 42, 41, 40, 39, 38, 37)(43, 49, 48, 47, 46, 45, 44)(50, 56, 55, 54, 53, 52, 51)(57, 63, 62, 61, 
60, 59, 58)(64, 70, 69, 68, 67, 66, 65),  (1, 2, 3, 4, 5, 6, 7)(8, 9, 10, 11, 12, 13, 14)(15, 16, 17, 18, 19, 20, 21)(22, 23, 24, 25, 26, 27, 
28)(29, 30, 31, 32, 33, 34, 35)(36, 37, 38, 39, 40, 41, 42)(43, 44, 45, 46, 47, 48, 49)(50, 51, 52, 53, 54, 55, 56)(57, 58, 59, 60, 61, 62, 
63)(64, 65, 66, 67, 68, 69, 70),  ], [  (1, 32, 28, 17, 13, 2, 33, 22, 18, 14, 3, 34, 23, 19, 8, 4, 35, 24, 20, 9, 5, 29, 25, 21, 10, 6, 30, 
26, 15, 11, 7, 31, 27, 16, 12)(36, 67, 63, 52, 48, 37, 68, 57, 53, 49, 38, 69, 58, 54, 43, 39, 70, 59, 55, 44, 40, 64, 60, 56, 45, 41, 65, 61,
50, 46, 42, 66, 62, 51, 47),  (1, 12, 16, 27, 31, 7, 11, 15, 26, 30, 6, 10, 21, 25, 29, 5, 9, 20, 24, 35, 4, 8, 19, 23, 34, 3, 14, 18, 22, 33,
2, 13, 17, 28, 32)(36, 47, 51, 62, 66, 42, 46, 50, 61, 65, 41, 45, 56, 60, 64, 40, 44, 55, 59, 70, 39, 43, 54, 58, 69, 38, 49, 53, 57, 68, 37,
48, 52, 63, 67),  ], [  (1, 22, 8, 29, 15)(2, 23, 9, 30, 16)(3, 24, 10, 31, 17)(4, 25, 11, 32, 18)(5, 26, 12, 33, 19)(6, 27, 13, 34, 20)(7, 
28, 14, 35, 21)(36, 57, 43, 64, 50)(37, 58, 44, 65, 51)(38, 59, 45, 66, 52)(39, 60, 46, 67, 53)(40, 61, 47, 68, 54)(41, 62, 48, 69, 55)(42, 
63, 49, 70, 56),  (1, 15, 29, 8, 22)(2, 16, 30, 9, 23)(3, 17, 31, 10, 24)(4, 18, 32, 11, 25)(5, 19, 33, 12, 26)(6, 20, 34, 13, 27)(7, 21, 35, 
14, 28)(36, 50, 64, 43, 57)(37, 51, 65, 44, 58)(38, 52, 66, 45, 59)(39, 53, 67, 46, 60)(40, 54, 68, 47, 61)(41, 55, 69, 48, 62)(42, 56, 70, 
49, 63),  ], [  (1, 33, 23, 20, 10, 7, 32, 22, 19, 9, 6, 31, 28, 18, 8, 5, 30, 27, 17, 14, 4, 29, 26, 16, 13, 3, 35, 25, 15, 12, 2, 34, 24, 
21, 11)(36, 68, 58, 55, 45, 42, 67, 57, 54, 44, 41, 66, 63, 53, 43, 40, 65, 62, 52, 49, 39, 64, 61, 51, 48, 38, 70, 60, 50, 47, 37, 69, 59, 
56, 46),  (1, 11, 21, 24, 34, 2, 12, 15, 25, 35, 3, 13, 16, 26, 29, 4, 14, 17, 27, 30, 5, 8, 18, 28, 31, 6, 9, 19, 22, 32, 7, 10, 20, 23, 
33)(36, 46, 56, 59, 69, 37, 47, 50, 60, 70, 38, 48, 51, 61, 64, 39, 49, 52, 62, 65, 40, 43, 53, 63, 66, 41, 44, 54, 57, 67, 42, 45, 55, 58, 
68),  ], [  (1, 2, 3, 4, 5, 6, 7)(8, 9, 10, 11, 12, 13, 14)(15, 16, 17, 18, 19, 20, 21)(22, 23, 24, 25, 26, 27, 28)(29, 30, 31, 32, 33, 34, 
35)(36, 37, 38, 39, 40, 41, 42)(43, 44, 45, 46, 47, 48, 49)(50, 51, 52, 53, 54, 55, 56)(57, 58, 59, 60, 61, 62, 63)(64, 65, 66, 67, 68, 69, 
70),  (1, 7, 6, 5, 4, 3, 2)(8, 14, 13, 12, 11, 10, 9)(15, 21, 20, 19, 18, 17, 16)(22, 28, 27, 26, 25, 24, 23)(29, 35, 34, 33, 32, 31, 30)(36, 
42, 41, 40, 39, 38, 37)(43, 49, 48, 47, 46, 45, 44)(50, 56, 55, 54, 53, 52, 51)(57, 63, 62, 61, 60, 59, 58)(64, 70, 69, 68, 67, 66, 65),  ], [
(1, 50, 29, 43, 22, 36, 15, 64, 8, 57)(2, 51, 30, 44, 23, 37, 16, 65, 9, 58)(3, 52, 31, 45, 24, 38, 17, 66, 10, 59)(4, 53, 32, 46, 25, 39, 18,
67, 11, 60)(5, 54, 33, 47, 26, 40, 19, 68, 12, 61)(6, 55, 34, 48, 27, 41, 20, 69, 13, 62)(7, 56, 35, 49, 28, 42, 21, 70, 14, 63),  (1, 57, 8, 
64, 15, 36, 22, 43, 29, 50)(2, 63, 9, 70, 16, 42, 23, 49, 30, 56)(3, 62, 10, 69, 17, 41, 24, 48, 31, 55)(4, 61, 11, 68, 18, 40, 25, 47, 32, 
54)(5, 60, 12, 67, 19, 39, 26, 46, 33, 53)(6, 59, 13, 66, 20, 38, 27, 45, 34, 52)(7, 58, 14, 65, 21, 37, 28, 44, 35, 51),  ], [  (1, 47, 16, 
62, 31, 42, 11, 50, 26, 65, 6, 45, 21, 60, 29, 40, 9, 55, 24, 70, 4, 43, 19, 58, 34, 38, 14, 53, 22, 68, 2, 48, 17, 63, 32, 36, 12, 51, 27, 
66, 7, 46, 15, 61, 30, 41, 10, 56, 25, 64, 5, 44, 20, 59, 35, 39, 8, 54, 23, 69, 3, 49, 18, 57, 33, 37, 13, 52, 28, 67),  (1, 68, 22, 54, 8, 
40, 29, 61, 15, 47)(2, 67, 23, 53, 9, 39, 30, 60, 16, 46)(3, 66, 24, 52, 10, 38, 31, 59, 17, 45)(4, 65, 25, 51, 11, 37, 32, 58, 18, 44)(5, 64,
26, 50, 12, 36, 33, 57, 19, 43)(6, 70, 27, 56, 13, 42, 34, 63, 20, 49)(7, 69, 28, 55, 14, 41, 35, 62, 21, 48),  ], [  (1, 46, 21, 59, 34, 37, 
12, 50, 25, 70, 3, 48, 16, 61, 29, 39, 14, 52, 27, 65, 5, 43, 18, 63, 31, 41, 9, 54, 22, 67, 7, 45, 20, 58, 33, 36, 11, 56, 24, 69, 2, 47, 15,
60, 35, 38, 13, 51, 26, 64, 4, 49, 17, 62, 30, 40, 8, 53, 28, 66, 6, 44, 19, 57, 32, 42, 10, 55, 23, 68),  (1, 67, 22, 53, 8, 39, 29, 60, 15, 
46)(2, 66, 23, 52, 9, 38, 30, 59, 16, 45)(3, 65, 24, 51, 10, 37, 31, 58, 17, 44)(4, 64, 25, 50, 11, 36, 32, 57, 18, 43)(5, 70, 26, 56, 12, 42,
33, 63, 19, 49)(6, 69, 27, 55, 13, 41, 34, 62, 20, 48)(7, 68, 28, 54, 14, 40, 35, 61, 21, 47),  ], [  (1, 37, 3, 39, 5, 41, 7, 36, 2, 38, 4, 
40, 6, 42)(8, 44, 10, 46, 12, 48, 14, 43, 9, 45, 11, 47, 13, 49)(15, 51, 17, 53, 19, 55, 21, 50, 16, 52, 18, 54, 20, 56)(22, 58, 24, 60, 26, 
62, 28, 57, 23, 59, 25, 61, 27, 63)(29, 65, 31, 67, 33, 69, 35, 64, 30, 66, 32, 68, 34, 70),  (1, 37)(2, 36)(3, 42)(4, 41)(5, 40)(6, 39)(7, 
38)(8, 44)(9, 43)(10, 49)(11, 48)(12, 47)(13, 46)(14, 45)(15, 51)(16, 50)(17, 56)(18, 55)(19, 54)(20, 53)(21, 52)(22, 58)(23, 57)(24, 63)(25, 
62)(26, 61)(27, 60)(28, 59)(29, 65)(30, 64)(31, 70)(32, 69)(33, 68)(34, 67)(35, 66),  ], [  (1, 68, 23, 55, 10, 42, 32, 57, 19, 44, 6, 66, 28,
53, 8, 40, 30, 62, 17, 49, 4, 64, 26, 51, 13, 38, 35, 60, 15, 47, 2, 69, 24, 56, 11, 36, 33, 58, 20, 45, 7, 67, 22, 54, 9, 41, 31, 63, 18, 43,
5, 65, 27, 52, 14, 39, 29, 61, 16, 48, 3, 70, 25, 50, 12, 37, 34, 59, 21, 46),  (1, 47, 15, 61, 29, 40, 8, 54, 22, 68)(2, 46, 16, 60, 30, 39, 
9, 53, 23, 67)(3, 45, 17, 59, 31, 38, 10, 52, 24, 66)(4, 44, 18, 58, 32, 37, 11, 51, 25, 65)(5, 43, 19, 57, 33, 36, 12, 50, 26, 64)(6, 49, 20,
63, 34, 42, 13, 56, 27, 70)(7, 48, 21, 62, 35, 41, 14, 55, 28, 69),  ], [  (1, 57, 8, 64, 15, 36, 22, 43, 29, 50)(2, 58, 9, 65, 16, 37, 23, 
44, 30, 51)(3, 59, 10, 66, 17, 38, 24, 45, 31, 52)(4, 60, 11, 67, 18, 39, 25, 46, 32, 53)(5, 61, 12, 68, 19, 40, 26, 47, 33, 54)(6, 62, 13, 
69, 20, 41, 27, 48, 34, 55)(7, 63, 14, 70, 21, 42, 28, 49, 35, 56),  (1, 50, 29, 43, 22, 36, 15, 64, 8, 57)(2, 56, 30, 49, 23, 42, 16, 70, 9, 
63)(3, 55, 31, 48, 24, 41, 17, 69, 10, 62)(4, 54, 32, 47, 25, 40, 18, 68, 11, 61)(5, 53, 33, 46, 26, 39, 19, 67, 12, 60)(6, 52, 34, 45, 27, 
38, 20, 66, 13, 59)(7, 51, 35, 44, 28, 37, 21, 65, 14, 58),  ], [  (1, 67, 28, 52, 13, 37, 33, 57, 18, 49, 3, 69, 23, 54, 8, 39, 35, 59, 20, 
44, 5, 64, 25, 56, 10, 41, 30, 61, 15, 46, 7, 66, 27, 51, 12, 36, 32, 63, 17, 48, 2, 68, 22, 53, 14, 38, 34, 58, 19, 43, 4, 70, 24, 55, 9, 40,
29, 60, 21, 45, 6, 65, 26, 50, 11, 42, 31, 62, 16, 47),  (1, 46, 15, 60, 29, 39, 8, 53, 22, 67)(2, 45, 16, 59, 30, 38, 9, 52, 23, 66)(3, 44, 
17, 58, 31, 37, 10, 51, 24, 65)(4, 43, 18, 57, 32, 36, 11, 50, 25, 64)(5, 49, 19, 63, 33, 42, 12, 56, 26, 70)(6, 48, 20, 62, 34, 41, 13, 55, 
27, 69)(7, 47, 21, 61, 35, 40, 14, 54, 28, 68),  ], [  (1, 42, 6, 40, 4, 38, 2, 36, 7, 41, 5, 39, 3, 37)(8, 49, 13, 47, 11, 45, 9, 43, 14, 48,
12, 46, 10, 44)(15, 56, 20, 54, 18, 52, 16, 50, 21, 55, 19, 53, 17, 51)(22, 63, 27, 61, 25, 59, 23, 57, 28, 62, 26, 60, 24, 58)(29, 70, 34, 
68, 32, 66, 30, 64, 35, 69, 33, 67, 31, 65),  (1, 42)(2, 41)(3, 40)(4, 39)(5, 38)(6, 37)(7, 36)(8, 49)(9, 48)(10, 47)(11, 46)(12, 45)(13, 
44)(14, 43)(15, 56)(16, 55)(17, 54)(18, 53)(19, 52)(20, 51)(21, 50)(22, 63)(23, 62)(24, 61)(25, 60)(26, 59)(27, 58)(28, 57)(29, 70)(30, 
69)(31, 68)(32, 67)(33, 66)(34, 65)(35, 64),  ], [  (1, 18, 35, 10, 27, 2, 19, 29, 11, 28, 3, 20, 30, 12, 22, 4, 21, 31, 13, 23, 5, 15, 32, 
14, 24, 6, 16, 33, 8, 25, 7, 17, 34, 9, 26)(36, 53, 70, 45, 62, 37, 54, 64, 46, 63, 38, 55, 65, 47, 57, 39, 56, 66, 48, 58, 40, 50, 67, 49, 
59, 41, 51, 68, 43, 60, 42, 52, 69, 44, 61),  (1, 26, 9, 34, 17, 7, 25, 8, 33, 16, 6, 24, 14, 32, 15, 5, 23, 13, 31, 21, 4, 22, 12, 30, 20, 3,
28, 11, 29, 19, 2, 27, 10, 35, 18)(36, 61, 44, 69, 52, 42, 60, 43, 68, 51, 41, 59, 49, 67, 50, 40, 58, 48, 66, 56, 39, 57, 47, 65, 55, 38, 63,
46, 64, 54, 37, 62, 45, 70, 53),  ], [  (1, 19, 30, 13, 24, 7, 18, 29, 12, 23, 6, 17, 35, 11, 22, 5, 16, 34, 10, 28, 4, 15, 33, 9, 27, 3, 21, 
32, 8, 26, 2, 20, 31, 14, 25)(36, 54, 65, 48, 59, 42, 53, 64, 47, 58, 41, 52, 70, 46, 57, 40, 51, 69, 45, 63, 39, 50, 68, 44, 62, 38, 56, 67, 
43, 61, 37, 55, 66, 49, 60),  (1, 25, 14, 31, 20, 2, 26, 8, 32, 21, 3, 27, 9, 33, 15, 4, 28, 10, 34, 16, 5, 22, 11, 35, 17, 6, 23, 12, 29, 18,
7, 24, 13, 30, 19)(36, 60, 49, 66, 55, 37, 61, 43, 67, 56, 38, 62, 44, 68, 50, 39, 63, 45, 69, 51, 40, 57, 46, 70, 52, 41, 58, 47, 64, 53, 42,
59, 48, 65, 54),  ], [  (1, 14, 20, 26, 32, 3, 9, 15, 28, 34, 5, 11, 17, 23, 29, 7, 13, 19, 25, 31, 2, 8, 21, 27, 33, 4, 10, 16, 22, 35, 6, 
12, 18, 24, 30)(36, 49, 55, 61, 67, 38, 44, 50, 63, 69, 40, 46, 52, 58, 64, 42, 48, 54, 60, 66, 37, 43, 56, 62, 68, 39, 45, 51, 57, 70, 41, 
47, 53, 59, 65),  (1, 30, 24, 18, 12, 6, 35, 22, 16, 10, 4, 33, 27, 21, 8, 2, 31, 25, 19, 13, 7, 29, 23, 17, 11, 5, 34, 28, 15, 9, 3, 32, 26, 
20, 14)(36, 65, 59, 53, 47, 41, 70, 57, 51, 45, 39, 68, 62, 56, 43, 37, 66, 60, 54, 48, 42, 64, 58, 52, 46, 40, 69, 63, 50, 44, 38, 67, 61, 
55, 49),  ], [  (1, 9, 17, 25, 33, 6, 14, 15, 23, 31, 4, 12, 20, 28, 29, 2, 10, 18, 26, 34, 7, 8, 16, 24, 32, 5, 13, 21, 22, 30, 3, 11, 19, 
27, 35)(36, 44, 52, 60, 68, 41, 49, 50, 58, 66, 39, 47, 55, 63, 64, 37, 45, 53, 61, 69, 42, 43, 51, 59, 67, 40, 48, 56, 57, 65, 38, 46, 54, 
62, 70),  (1, 35, 27, 19, 11, 3, 30, 22, 21, 13, 5, 32, 24, 16, 8, 7, 34, 26, 18, 10, 2, 29, 28, 20, 12, 4, 31, 23, 15, 14, 6, 33, 25, 17, 
9)(36, 70, 62, 54, 46, 38, 65, 57, 56, 48, 40, 67, 59, 51, 43, 42, 69, 61, 53, 45, 37, 64, 63, 55, 47, 39, 66, 58, 50, 49, 41, 68, 60, 52, 
44),  ], [  (1, 3, 5, 7, 2, 4, 6)(8, 10, 12, 14, 9, 11, 13)(15, 17, 19, 21, 16, 18, 20)(22, 24, 26, 28, 23, 25, 27)(29, 31, 33, 35, 30, 32, 
34)(36, 38, 40, 42, 37, 39, 41)(43, 45, 47, 49, 44, 46, 48)(50, 52, 54, 56, 51, 53, 55)(57, 59, 61, 63, 58, 60, 62)(64, 66, 68, 70, 65, 67, 
69),  (1, 6, 4, 2, 7, 5, 3)(8, 13, 11, 9, 14, 12, 10)(15, 20, 18, 16, 21, 19, 17)(22, 27, 25, 23, 28, 26, 24)(29, 34, 32, 30, 35, 33, 31)(36, 
41, 39, 37, 42, 40, 38)(43, 48, 46, 44, 49, 47, 45)(50, 55, 53, 51, 56, 54, 52)(57, 62, 60, 58, 63, 61, 59)(64, 69, 67, 65, 70, 68, 66),  ], [
(1, 35, 27, 19, 11, 3, 30, 22, 21, 13, 5, 32, 24, 16, 8, 7, 34, 26, 18, 10, 2, 29, 28, 20, 12, 4, 31, 23, 15, 14, 6, 33, 25, 17, 9)(36, 70, 
62, 54, 46, 38, 65, 57, 56, 48, 40, 67, 59, 51, 43, 42, 69, 61, 53, 45, 37, 64, 63, 55, 47, 39, 66, 58, 50, 49, 41, 68, 60, 52, 44),  (1, 9, 
17, 25, 33, 6, 14, 15, 23, 31, 4, 12, 20, 28, 29, 2, 10, 18, 26, 34, 7, 8, 16, 24, 32, 5, 13, 21, 22, 30, 3, 11, 19, 27, 35)(36, 44, 52, 60, 
68, 41, 49, 50, 58, 66, 39, 47, 55, 63, 64, 37, 45, 53, 61, 69, 42, 43, 51, 59, 67, 40, 48, 56, 57, 65, 38, 46, 54, 62, 70),  ], [  (1, 25, 
14, 31, 20, 2, 26, 8, 32, 21, 3, 27, 9, 33, 15, 4, 28, 10, 34, 16, 5, 22, 11, 35, 17, 6, 23, 12, 29, 18, 7, 24, 13, 30, 19)(36, 60, 49, 66, 
55, 37, 61, 43, 67, 56, 38, 62, 44, 68, 50, 39, 63, 45, 69, 51, 40, 57, 46, 70, 52, 41, 58, 47, 64, 53, 42, 59, 48, 65, 54),  (1, 19, 30, 13, 
24, 7, 18, 29, 12, 23, 6, 17, 35, 11, 22, 5, 16, 34, 10, 28, 4, 15, 33, 9, 27, 3, 21, 32, 8, 26, 2, 20, 31, 14, 25)(36, 54, 65, 48, 59, 42, 
53, 64, 47, 58, 41, 52, 70, 46, 57, 40, 51, 69, 45, 63, 39, 50, 68, 44, 62, 38, 56, 67, 43, 61, 37, 55, 66, 49, 60),  ], [  (1, 26, 9, 34, 17,
7, 25, 8, 33, 16, 6, 24, 14, 32, 15, 5, 23, 13, 31, 21, 4, 22, 12, 30, 20, 3, 28, 11, 29, 19, 2, 27, 10, 35, 18)(36, 61, 44, 69, 52, 42, 60, 
43, 68, 51, 41, 59, 49, 67, 50, 40, 58, 48, 66, 56, 39, 57, 47, 65, 55, 38, 63, 46, 64, 54, 37, 62, 45, 70, 53),  (1, 18, 35, 10, 27, 2, 19, 
29, 11, 28, 3, 20, 30, 12, 22, 4, 21, 31, 13, 23, 5, 15, 32, 14, 24, 6, 16, 33, 8, 25, 7, 17, 34, 9, 26)(36, 53, 70, 45, 62, 37, 54, 64, 46, 
63, 38, 55, 65, 47, 57, 39, 56, 66, 48, 58, 40, 50, 67, 49, 59, 41, 51, 68, 43, 60, 42, 52, 69, 44, 61),  ], [  (1, 30, 24, 18, 12, 6, 35, 22,
16, 10, 4, 33, 27, 21, 8, 2, 31, 25, 19, 13, 7, 29, 23, 17, 11, 5, 34, 28, 15, 9, 3, 32, 26, 20, 14)(36, 65, 59, 53, 47, 41, 70, 57, 51, 45, 
39, 68, 62, 56, 43, 37, 66, 60, 54, 48, 42, 64, 58, 52, 46, 40, 69, 63, 50, 44, 38, 67, 61, 55, 49),  (1, 14, 20, 26, 32, 3, 9, 15, 28, 34, 5,
11, 17, 23, 29, 7, 13, 19, 25, 31, 2, 8, 21, 27, 33, 4, 10, 16, 22, 35, 6, 12, 18, 24, 30)(36, 49, 55, 61, 67, 38, 44, 50, 63, 69, 40, 46, 52,
58, 64, 42, 48, 54, 60, 66, 37, 43, 56, 62, 68, 39, 45, 51, 57, 70, 41, 47, 53, 59, 65),  ], [  (1, 6, 4, 2, 7, 5, 3)(8, 13, 11, 9, 14, 12, 
10)(15, 20, 18, 16, 21, 19, 17)(22, 27, 25, 23, 28, 26, 24)(29, 34, 32, 30, 35, 33, 31)(36, 41, 39, 37, 42, 40, 38)(43, 48, 46, 44, 49, 47, 
45)(50, 55, 53, 51, 56, 54, 52)(57, 62, 60, 58, 63, 61, 59)(64, 69, 67, 65, 70, 68, 66),  (1, 3, 5, 7, 2, 4, 6)(8, 10, 12, 14, 9, 11, 13)(15, 
17, 19, 21, 16, 18, 20)(22, 24, 26, 28, 23, 25, 27)(29, 31, 33, 35, 30, 32, 34)(36, 38, 40, 42, 37, 39, 41)(43, 45, 47, 49, 44, 46, 48)(50, 
52, 54, 56, 51, 53, 55)(57, 59, 61, 63, 58, 60, 62)(64, 66, 68, 70, 65, 67, 69),  ], [  (1, 54, 30, 48, 24, 42, 18, 64, 12, 58, 6, 52, 35, 46,
22, 40, 16, 69, 10, 63, 4, 50, 33, 44, 27, 38, 21, 67, 8, 61, 2, 55, 31, 49, 25, 36, 19, 65, 13, 59, 7, 53, 29, 47, 23, 41, 17, 70, 11, 57, 5,
51, 34, 45, 28, 39, 15, 68, 9, 62, 3, 56, 32, 43, 26, 37, 20, 66, 14, 60),  (1, 61, 8, 68, 15, 40, 22, 47, 29, 54)(2, 60, 9, 67, 16, 39, 23, 
46, 30, 53)(3, 59, 10, 66, 17, 38, 24, 45, 31, 52)(4, 58, 11, 65, 18, 37, 25, 44, 32, 51)(5, 57, 12, 64, 19, 36, 26, 43, 33, 50)(6, 63, 13, 
70, 20, 42, 27, 49, 34, 56)(7, 62, 14, 69, 21, 41, 28, 48, 35, 55),  ], [  (1, 53, 35, 45, 27, 37, 19, 64, 11, 63, 3, 55, 30, 47, 22, 39, 21, 
66, 13, 58, 5, 50, 32, 49, 24, 41, 16, 68, 8, 60, 7, 52, 34, 44, 26, 36, 18, 70, 10, 62, 2, 54, 29, 46, 28, 38, 20, 65, 12, 57, 4, 56, 31, 48,
23, 40, 15, 67, 14, 59, 6, 51, 33, 43, 25, 42, 17, 69, 9, 61),  (1, 60, 8, 67, 15, 39, 22, 46, 29, 53)(2, 59, 9, 66, 16, 38, 23, 45, 30, 
52)(3, 58, 10, 65, 17, 37, 24, 44, 31, 51)(4, 57, 11, 64, 18, 36, 25, 43, 32, 50)(5, 63, 12, 70, 19, 42, 26, 49, 33, 56)(6, 62, 13, 69, 20, 
41, 27, 48, 34, 55)(7, 61, 14, 68, 21, 40, 28, 47, 35, 54),  ], [  (1, 44, 17, 60, 33, 41, 14, 50, 23, 66, 4, 47, 20, 63, 29, 37, 10, 53, 26, 
69, 7, 43, 16, 59, 32, 40, 13, 56, 22, 65, 3, 46, 19, 62, 35, 36, 9, 52, 25, 68, 6, 49, 15, 58, 31, 39, 12, 55, 28, 64, 2, 45, 18, 61, 34, 42,
8, 51, 24, 67, 5, 48, 21, 57, 30, 38, 11, 54, 27, 70),  (1, 65, 22, 51, 8, 37, 29, 58, 15, 44)(2, 64, 23, 50, 9, 36, 30, 57, 16, 43)(3, 70, 
24, 56, 10, 42, 31, 63, 17, 49)(4, 69, 25, 55, 11, 41, 32, 62, 18, 48)(5, 68, 26, 54, 12, 40, 33, 61, 19, 47)(6, 67, 27, 53, 13, 39, 34, 60, 
20, 46)(7, 66, 28, 52, 14, 38, 35, 59, 21, 45),  ], [  (1, 49, 20, 61, 32, 38, 9, 50, 28, 69, 5, 46, 17, 58, 29, 42, 13, 54, 25, 66, 2, 43, 
21, 62, 33, 39, 10, 51, 22, 70, 6, 47, 18, 59, 30, 36, 14, 55, 26, 67, 3, 44, 15, 63, 34, 40, 11, 52, 23, 64, 7, 48, 19, 60, 31, 37, 8, 56, 
27, 68, 4, 45, 16, 57, 35, 41, 12, 53, 24, 65),  (1, 70, 22, 56, 8, 42, 29, 63, 15, 49)(2, 69, 23, 55, 9, 41, 30, 62, 16, 48)(3, 68, 24, 54, 
10, 40, 31, 61, 17, 47)(4, 67, 25, 53, 11, 39, 32, 60, 18, 46)(5, 66, 26, 52, 12, 38, 33, 59, 19, 45)(6, 65, 27, 51, 13, 37, 34, 58, 20, 
44)(7, 64, 28, 50, 14, 36, 35, 57, 21, 43),  ], [  (1, 41, 4, 37, 7, 40, 3, 36, 6, 39, 2, 42, 5, 38)(8, 48, 11, 44, 14, 47, 10, 43, 13, 46, 9,
49, 12, 45)(15, 55, 18, 51, 21, 54, 17, 50, 20, 53, 16, 56, 19, 52)(22, 62, 25, 58, 28, 61, 24, 57, 27, 60, 23, 63, 26, 59)(29, 69, 32, 65, 
35, 68, 31, 64, 34, 67, 30, 70, 33, 66),  (1, 41)(2, 40)(3, 39)(4, 38)(5, 37)(6, 36)(7, 42)(8, 48)(9, 47)(10, 46)(11, 45)(12, 44)(13, 43)(14, 
49)(15, 55)(16, 54)(17, 53)(18, 52)(19, 51)(20, 50)(21, 56)(22, 62)(23, 61)(24, 60)(25, 59)(26, 58)(27, 57)(28, 63)(29, 69)(30, 68)(31, 
67)(32, 66)(33, 65)(34, 64)(35, 70),  ], [  (1, 65, 24, 53, 12, 41, 35, 57, 16, 45, 4, 68, 27, 56, 8, 37, 31, 60, 19, 48, 7, 64, 23, 52, 11, 
40, 34, 63, 15, 44, 3, 67, 26, 55, 14, 36, 30, 59, 18, 47, 6, 70, 22, 51, 10, 39, 33, 62, 21, 43, 2, 66, 25, 54, 13, 42, 29, 58, 17, 46, 5, 
69, 28, 50, 9, 38, 32, 61, 20, 49),  (1, 44, 15, 58, 29, 37, 8, 51, 22, 65)(2, 43, 16, 57, 30, 36, 9, 50, 23, 64)(3, 49, 17, 63, 31, 42, 10, 
56, 24, 70)(4, 48, 18, 62, 32, 41, 11, 55, 25, 69)(5, 47, 19, 61, 33, 40, 12, 54, 26, 68)(6, 46, 20, 60, 34, 39, 13, 53, 27, 67)(7, 45, 21, 
59, 35, 38, 14, 52, 28, 66),  ], [  (1, 61, 9, 69, 17, 42, 25, 43, 33, 51, 6, 59, 14, 67, 15, 40, 23, 48, 31, 56, 4, 57, 12, 65, 20, 38, 28, 
46, 29, 54, 2, 62, 10, 70, 18, 36, 26, 44, 34, 52, 7, 60, 8, 68, 16, 41, 24, 49, 32, 50, 5, 58, 13, 66, 21, 39, 22, 47, 30, 55, 3, 63, 11, 64,
19, 37, 27, 45, 35, 53),  (1, 54, 29, 47, 22, 40, 15, 68, 8, 61)(2, 53, 30, 46, 23, 39, 16, 67, 9, 60)(3, 52, 31, 45, 24, 38, 17, 66, 10, 
59)(4, 51, 32, 44, 25, 37, 18, 65, 11, 58)(5, 50, 33, 43, 26, 36, 19, 64, 12, 57)(6, 56, 34, 49, 27, 42, 20, 70, 13, 63)(7, 55, 35, 48, 28, 
41, 21, 69, 14, 62),  ], [  (1, 60, 14, 66, 20, 37, 26, 43, 32, 56, 3, 62, 9, 68, 15, 39, 28, 45, 34, 51, 5, 57, 11, 70, 17, 41, 23, 47, 29, 
53, 7, 59, 13, 65, 19, 36, 25, 49, 31, 55, 2, 61, 8, 67, 21, 38, 27, 44, 33, 50, 4, 63, 10, 69, 16, 40, 22, 46, 35, 52, 6, 58, 12, 64, 18, 42,
24, 48, 30, 54),  (1, 53, 29, 46, 22, 39, 15, 67, 8, 60)(2, 52, 30, 45, 23, 38, 16, 66, 9, 59)(3, 51, 31, 44, 24, 37, 17, 65, 10, 58)(4, 50, 
32, 43, 25, 36, 18, 64, 11, 57)(5, 56, 33, 49, 26, 42, 19, 70, 12, 63)(6, 55, 34, 48, 27, 41, 20, 69, 13, 62)(7, 54, 35, 47, 28, 40, 21, 68, 
14, 61),  ], [  (1, 70, 27, 54, 11, 38, 30, 57, 21, 48, 5, 67, 24, 51, 8, 42, 34, 61, 18, 45, 2, 64, 28, 55, 12, 39, 31, 58, 15, 49, 6, 68, 
25, 52, 9, 36, 35, 62, 19, 46, 3, 65, 22, 56, 13, 40, 32, 59, 16, 43, 7, 69, 26, 53, 10, 37, 29, 63, 20, 47, 4, 66, 23, 50, 14, 41, 33, 60, 
17, 44),  (1, 49, 15, 63, 29, 42, 8, 56, 22, 70)(2, 48, 16, 62, 30, 41, 9, 55, 23, 69)(3, 47, 17, 61, 31, 40, 10, 54, 24, 68)(4, 46, 18, 60, 
32, 39, 11, 53, 25, 67)(5, 45, 19, 59, 33, 38, 12, 52, 26, 66)(6, 44, 20, 58, 34, 37, 13, 51, 27, 65)(7, 43, 21, 57, 35, 36, 14, 50, 28, 64), 
], [  (1, 38, 5, 42, 2, 39, 6, 36, 3, 40, 7, 37, 4, 41)(8, 45, 12, 49, 9, 46, 13, 43, 10, 47, 14, 44, 11, 48)(15, 52, 19, 56, 16, 53, 20, 50, 
17, 54, 21, 51, 18, 55)(22, 59, 26, 63, 23, 60, 27, 57, 24, 61, 28, 58, 25, 62)(29, 66, 33, 70, 30, 67, 34, 64, 31, 68, 35, 65, 32, 69),  (1, 
38)(2, 37)(3, 36)(4, 42)(5, 41)(6, 40)(7, 39)(8, 45)(9, 44)(10, 43)(11, 49)(12, 48)(13, 47)(14, 46)(15, 52)(16, 51)(17, 50)(18, 56)(19, 
55)(20, 54)(21, 53)(22, 59)(23, 58)(24, 57)(25, 63)(26, 62)(27, 61)(28, 60)(29, 66)(30, 65)(31, 64)(32, 70)(33, 69)(34, 68)(35, 67),  ], [  
(1, 21, 34, 12, 25, 3, 16, 29, 14, 27, 5, 18, 31, 9, 22, 7, 20, 33, 11, 24, 2, 15, 35, 13, 26, 4, 17, 30, 8, 28, 6, 19, 32, 10, 23)(36, 56, 
69, 47, 60, 38, 51, 64, 49, 62, 40, 53, 66, 44, 57, 42, 55, 68, 46, 59, 37, 50, 70, 48, 61, 39, 52, 65, 43, 63, 41, 54, 67, 45, 58),  (1, 23, 
10, 32, 19, 6, 28, 8, 30, 17, 4, 26, 13, 35, 15, 2, 24, 11, 33, 20, 7, 22, 9, 31, 18, 5, 27, 14, 29, 16, 3, 25, 12, 34, 21)(36, 58, 45, 67, 
54, 41, 63, 43, 65, 52, 39, 61, 48, 70, 50, 37, 59, 46, 68, 55, 42, 57, 44, 66, 53, 40, 62, 49, 64, 51, 38, 60, 47, 69, 56),  ], [  (1, 16, 
31, 11, 26, 6, 21, 29, 9, 24, 4, 19, 34, 14, 22, 2, 17, 32, 12, 27, 7, 15, 30, 10, 25, 5, 20, 35, 8, 23, 3, 18, 33, 13, 28)(36, 51, 66, 46, 
61, 41, 56, 64, 44, 59, 39, 54, 69, 49, 57, 37, 52, 67, 47, 62, 42, 50, 65, 45, 60, 40, 55, 70, 43, 58, 38, 53, 68, 48, 63),  (1, 28, 13, 33, 
18, 3, 23, 8, 35, 20, 5, 25, 10, 30, 15, 7, 27, 12, 32, 17, 2, 22, 14, 34, 19, 4, 24, 9, 29, 21, 6, 26, 11, 31, 16)(36, 63, 48, 68, 53, 38, 
58, 43, 70, 55, 40, 60, 45, 65, 50, 42, 62, 47, 67, 52, 37, 57, 49, 69, 54, 39, 59, 44, 64, 56, 41, 61, 46, 66, 51),  ], [  (1, 10, 19, 28, 
30, 4, 13, 15, 24, 33, 7, 9, 18, 27, 29, 3, 12, 21, 23, 32, 6, 8, 17, 26, 35, 2, 11, 20, 22, 31, 5, 14, 16, 25, 34)(36, 45, 54, 63, 65, 39, 
48, 50, 59, 68, 42, 44, 53, 62, 64, 38, 47, 56, 58, 67, 41, 43, 52, 61, 70, 37, 46, 55, 57, 66, 40, 49, 51, 60, 69),  (1, 34, 25, 16, 14, 5, 
31, 22, 20, 11, 2, 35, 26, 17, 8, 6, 32, 23, 21, 12, 3, 29, 27, 18, 9, 7, 33, 24, 15, 13, 4, 30, 28, 19, 10)(36, 69, 60, 51, 49, 40, 66, 57, 
55, 46, 37, 70, 61, 52, 43, 41, 67, 58, 56, 47, 38, 64, 62, 53, 44, 42, 68, 59, 50, 48, 39, 65, 63, 54, 45),  ], [  (1, 13, 18, 23, 35, 5, 10,
15, 27, 32, 2, 14, 19, 24, 29, 6, 11, 16, 28, 33, 3, 8, 20, 25, 30, 7, 12, 17, 22, 34, 4, 9, 21, 26, 31)(36, 48, 53, 58, 70, 40, 45, 50, 62, 
67, 37, 49, 54, 59, 64, 41, 46, 51, 63, 68, 38, 43, 55, 60, 65, 42, 47, 52, 57, 69, 39, 44, 56, 61, 66),  (1, 31, 26, 21, 9, 4, 34, 22, 17, 
12, 7, 30, 25, 20, 8, 3, 33, 28, 16, 11, 6, 29, 24, 19, 14, 2, 32, 27, 15, 10, 5, 35, 23, 18, 13)(36, 66, 61, 56, 44, 39, 69, 57, 52, 47, 42, 
65, 60, 55, 43, 38, 68, 63, 51, 46, 41, 64, 59, 54, 49, 37, 67, 62, 50, 45, 40, 70, 58, 53, 48),  ], [  (1, 31, 26, 21, 9, 4, 34, 22, 17, 12, 
7, 30, 25, 20, 8, 3, 33, 28, 16, 11, 6, 29, 24, 19, 14, 2, 32, 27, 15, 10, 5, 35, 23, 18, 13)(36, 66, 61, 56, 44, 39, 69, 57, 52, 47, 42, 65, 
60, 55, 43, 38, 68, 63, 51, 46, 41, 64, 59, 54, 49, 37, 67, 62, 50, 45, 40, 70, 58, 53, 48),  (1, 13, 18, 23, 35, 5, 10, 15, 27, 32, 2, 14, 
19, 24, 29, 6, 11, 16, 28, 33, 3, 8, 20, 25, 30, 7, 12, 17, 22, 34, 4, 9, 21, 26, 31)(36, 48, 53, 58, 70, 40, 45, 50, 62, 67, 37, 49, 54, 59, 
64, 41, 46, 51, 63, 68, 38, 43, 55, 60, 65, 42, 47, 52, 57, 69, 39, 44, 56, 61, 66),  ], [  (1, 28, 13, 33, 18, 3, 23, 8, 35, 20, 5, 25, 10, 
30, 15, 7, 27, 12, 32, 17, 2, 22, 14, 34, 19, 4, 24, 9, 29, 21, 6, 26, 11, 31, 16)(36, 63, 48, 68, 53, 38, 58, 43, 70, 55, 40, 60, 45, 65, 50,
42, 62, 47, 67, 52, 37, 57, 49, 69, 54, 39, 59, 44, 64, 56, 41, 61, 46, 66, 51),  (1, 16, 31, 11, 26, 6, 21, 29, 9, 24, 4, 19, 34, 14, 22, 2, 
17, 32, 12, 27, 7, 15, 30, 10, 25, 5, 20, 35, 8, 23, 3, 18, 33, 13, 28)(36, 51, 66, 46, 61, 41, 56, 64, 44, 59, 39, 54, 69, 49, 57, 37, 52, 
67, 47, 62, 42, 50, 65, 45, 60, 40, 55, 70, 43, 58, 38, 53, 68, 48, 63),  ], [  (1, 23, 10, 32, 19, 6, 28, 8, 30, 17, 4, 26, 13, 35, 15, 2, 
24, 11, 33, 20, 7, 22, 9, 31, 18, 5, 27, 14, 29, 16, 3, 25, 12, 34, 21)(36, 58, 45, 67, 54, 41, 63, 43, 65, 52, 39, 61, 48, 70, 50, 37, 59, 
46, 68, 55, 42, 57, 44, 66, 53, 40, 62, 49, 64, 51, 38, 60, 47, 69, 56),  (1, 21, 34, 12, 25, 3, 16, 29, 14, 27, 5, 18, 31, 9, 22, 7, 20, 33, 
11, 24, 2, 15, 35, 13, 26, 4, 17, 30, 8, 28, 6, 19, 32, 10, 23)(36, 56, 69, 47, 60, 38, 51, 64, 49, 62, 40, 53, 66, 44, 57, 42, 55, 68, 46, 
59, 37, 50, 70, 48, 61, 39, 52, 65, 43, 63, 41, 54, 67, 45, 58),  ], [  (1, 34, 25, 16, 14, 5, 31, 22, 20, 11, 2, 35, 26, 17, 8, 6, 32, 23, 
21, 12, 3, 29, 27, 18, 9, 7, 33, 24, 15, 13, 4, 30, 28, 19, 10)(36, 69, 60, 51, 49, 40, 66, 57, 55, 46, 37, 70, 61, 52, 43, 41, 67, 58, 56, 
47, 38, 64, 62, 53, 44, 42, 68, 59, 50, 48, 39, 65, 63, 54, 45),  (1, 10, 19, 28, 30, 4, 13, 15, 24, 33, 7, 9, 18, 27, 29, 3, 12, 21, 23, 32, 
6, 8, 17, 26, 35, 2, 11, 20, 22, 31, 5, 14, 16, 25, 34)(36, 45, 54, 63, 65, 39, 48, 50, 59, 68, 42, 44, 53, 62, 64, 38, 47, 56, 58, 67, 41, 
43, 52, 61, 70, 37, 46, 55, 57, 66, 40, 49, 51, 60, 69),  ], [  (1, 51, 31, 46, 26, 41, 21, 64, 9, 59, 4, 54, 34, 49, 22, 37, 17, 67, 12, 62, 
7, 50, 30, 45, 25, 40, 20, 70, 8, 58, 3, 53, 33, 48, 28, 36, 16, 66, 11, 61, 6, 56, 29, 44, 24, 39, 19, 69, 14, 57, 2, 52, 32, 47, 27, 42, 15,
65, 10, 60, 5, 55, 35, 43, 23, 38, 18, 68, 13, 63),  (1, 58, 8, 65, 15, 37, 22, 44, 29, 51)(2, 57, 9, 64, 16, 36, 23, 43, 30, 50)(3, 63, 10, 
70, 17, 42, 24, 49, 31, 56)(4, 62, 11, 69, 18, 41, 25, 48, 32, 55)(5, 61, 12, 68, 19, 40, 26, 47, 33, 54)(6, 60, 13, 67, 20, 39, 27, 46, 34, 
53)(7, 59, 14, 66, 21, 38, 28, 45, 35, 52),  ], [  (1, 56, 34, 47, 25, 38, 16, 64, 14, 62, 5, 53, 31, 44, 22, 42, 20, 68, 11, 59, 2, 50, 35, 
48, 26, 39, 17, 65, 8, 63, 6, 54, 32, 45, 23, 36, 21, 69, 12, 60, 3, 51, 29, 49, 27, 40, 18, 66, 9, 57, 7, 55, 33, 46, 24, 37, 15, 70, 13, 61,
4, 52, 30, 43, 28, 41, 19, 67, 10, 58),  (1, 63, 8, 70, 15, 42, 22, 49, 29, 56)(2, 62, 9, 69, 16, 41, 23, 48, 30, 55)(3, 61, 10, 68, 17, 40, 
24, 47, 31, 54)(4, 60, 11, 67, 18, 39, 25, 46, 32, 53)(5, 59, 12, 66, 19, 38, 26, 45, 33, 52)(6, 58, 13, 65, 20, 37, 27, 44, 34, 51)(7, 57, 
14, 64, 21, 36, 28, 43, 35, 50),  ], [  (1, 48, 18, 58, 35, 40, 10, 50, 27, 67, 2, 49, 19, 59, 29, 41, 11, 51, 28, 68, 3, 43, 20, 60, 30, 42, 
12, 52, 22, 69, 4, 44, 21, 61, 31, 36, 13, 53, 23, 70, 5, 45, 15, 62, 32, 37, 14, 54, 24, 64, 6, 46, 16, 63, 33, 38, 8, 55, 25, 65, 7, 47, 17,
57, 34, 39, 9, 56, 26, 66),  (1, 69, 22, 55, 8, 41, 29, 62, 15, 48)(2, 68, 23, 54, 9, 40, 30, 61, 16, 47)(3, 67, 24, 53, 10, 39, 31, 60, 17, 
46)(4, 66, 25, 52, 11, 38, 32, 59, 18, 45)(5, 65, 26, 51, 12, 37, 33, 58, 19, 44)(6, 64, 27, 50, 13, 36, 34, 57, 20, 43)(7, 70, 28, 56, 14, 
42, 35, 63, 21, 49),  ], [  (1, 45, 19, 63, 30, 39, 13, 50, 24, 68, 7, 44, 18, 62, 29, 38, 12, 56, 23, 67, 6, 43, 17, 61, 35, 37, 11, 55, 22, 
66, 5, 49, 16, 60, 34, 36, 10, 54, 28, 65, 4, 48, 15, 59, 33, 42, 9, 53, 27, 64, 3, 47, 21, 58, 32, 41, 8, 52, 26, 70, 2, 46, 20, 57, 31, 40, 
14, 51, 25, 69),  (1, 66, 22, 52, 8, 38, 29, 59, 15, 45)(2, 65, 23, 51, 9, 37, 30, 58, 16, 44)(3, 64, 24, 50, 10, 36, 31, 57, 17, 43)(4, 70, 
25, 56, 11, 42, 32, 63, 18, 49)(5, 69, 26, 55, 12, 41, 33, 62, 19, 48)(6, 68, 27, 54, 13, 40, 34, 61, 20, 47)(7, 67, 28, 53, 14, 39, 35, 60, 
21, 46),  ], [  (1, 69, 25, 51, 14, 40, 31, 57, 20, 46, 2, 70, 26, 52, 8, 41, 32, 58, 21, 47, 3, 64, 27, 53, 9, 42, 33, 59, 15, 48, 4, 65, 28,
54, 10, 36, 34, 60, 16, 49, 5, 66, 22, 55, 11, 37, 35, 61, 17, 43, 6, 67, 23, 56, 12, 38, 29, 62, 18, 44, 7, 68, 24, 50, 13, 39, 30, 63, 19, 
45),  (1, 48, 15, 62, 29, 41, 8, 55, 22, 69)(2, 47, 16, 61, 30, 40, 9, 54, 23, 68)(3, 46, 17, 60, 31, 39, 10, 53, 24, 67)(4, 45, 18, 59, 32, 
38, 11, 52, 25, 66)(5, 44, 19, 58, 33, 37, 12, 51, 26, 65)(6, 43, 20, 57, 34, 36, 13, 50, 27, 64)(7, 49, 21, 63, 35, 42, 14, 56, 28, 70),  ], 
[  (1, 58, 10, 67, 19, 41, 28, 43, 30, 52, 4, 61, 13, 70, 15, 37, 24, 46, 33, 55, 7, 57, 9, 66, 18, 40, 27, 49, 29, 51, 3, 60, 12, 69, 21, 36,
23, 45, 32, 54, 6, 63, 8, 65, 17, 39, 26, 48, 35, 50, 2, 59, 11, 68, 20, 42, 22, 44, 31, 53, 5, 62, 14, 64, 16, 38, 25, 47, 34, 56),  (1, 51, 
29, 44, 22, 37, 15, 65, 8, 58)(2, 50, 30, 43, 23, 36, 16, 64, 9, 57)(3, 56, 31, 49, 24, 42, 17, 70, 10, 63)(4, 55, 32, 48, 25, 41, 18, 69, 11,
62)(5, 54, 33, 47, 26, 40, 19, 68, 12, 61)(6, 53, 34, 46, 27, 39, 20, 67, 13, 60)(7, 52, 35, 45, 28, 38, 21, 66, 14, 59),  ], [  (1, 63, 13, 
68, 18, 38, 23, 43, 35, 55, 5, 60, 10, 65, 15, 42, 27, 47, 32, 52, 2, 57, 14, 69, 19, 39, 24, 44, 29, 56, 6, 61, 11, 66, 16, 36, 28, 48, 33, 
53, 3, 58, 8, 70, 20, 40, 25, 45, 30, 50, 7, 62, 12, 67, 17, 37, 22, 49, 34, 54, 4, 59, 9, 64, 21, 41, 26, 46, 31, 51),  (1, 56, 29, 49, 22, 
42, 15, 70, 8, 63)(2, 55, 30, 48, 23, 41, 16, 69, 9, 62)(3, 54, 31, 47, 24, 40, 17, 68, 10, 61)(4, 53, 32, 46, 25, 39, 18, 67, 11, 60)(5, 52, 
33, 45, 26, 38, 19, 66, 12, 59)(6, 51, 34, 44, 27, 37, 20, 65, 13, 58)(7, 50, 35, 43, 28, 36, 21, 64, 14, 57),  ], [  (1, 66, 26, 56, 9, 39, 
34, 57, 17, 47, 7, 65, 25, 55, 8, 38, 33, 63, 16, 46, 6, 64, 24, 54, 14, 37, 32, 62, 15, 45, 5, 70, 23, 53, 13, 36, 31, 61, 21, 44, 4, 69, 22,
52, 12, 42, 30, 60, 20, 43, 3, 68, 28, 51, 11, 41, 29, 59, 19, 49, 2, 67, 27, 50, 10, 40, 35, 58, 18, 48),  (1, 45, 15, 59, 29, 38, 8, 52, 22,
66)(2, 44, 16, 58, 30, 37, 9, 51, 23, 65)(3, 43, 17, 57, 31, 36, 10, 50, 24, 64)(4, 49, 18, 63, 32, 42, 11, 56, 25, 70)(5, 48, 19, 62, 33, 41,
12, 55, 26, 69)(6, 47, 20, 61, 34, 40, 13, 54, 27, 68)(7, 46, 21, 60, 35, 39, 14, 53, 28, 67),  ], [  (1, 17, 33, 14, 23, 4, 20, 29, 10, 26, 
7, 16, 32, 13, 22, 3, 19, 35, 9, 25, 6, 15, 31, 12, 28, 2, 18, 34, 8, 24, 5, 21, 30, 11, 27)(36, 52, 68, 49, 58, 39, 55, 64, 45, 61, 42, 51, 
67, 48, 57, 38, 54, 70, 44, 60, 41, 50, 66, 47, 63, 37, 53, 69, 43, 59, 40, 56, 65, 46, 62),  (1, 27, 11, 30, 21, 5, 24, 8, 34, 18, 2, 28, 12,
31, 15, 6, 25, 9, 35, 19, 3, 22, 13, 32, 16, 7, 26, 10, 29, 20, 4, 23, 14, 33, 17)(36, 62, 46, 65, 56, 40, 59, 43, 69, 53, 37, 63, 47, 66, 50,
41, 60, 44, 70, 54, 38, 57, 48, 67, 51, 42, 61, 45, 64, 55, 39, 58, 49, 68, 52),  ], [  (1, 20, 32, 9, 28, 5, 17, 29, 13, 25, 2, 21, 33, 10, 
22, 6, 18, 30, 14, 26, 3, 15, 34, 11, 23, 7, 19, 31, 8, 27, 4, 16, 35, 12, 24)(36, 55, 67, 44, 63, 40, 52, 64, 48, 60, 37, 56, 68, 45, 57, 41,
53, 65, 49, 61, 38, 50, 69, 46, 58, 42, 54, 66, 43, 62, 39, 51, 70, 47, 59),  (1, 24, 12, 35, 16, 4, 27, 8, 31, 19, 7, 23, 11, 34, 15, 3, 26, 
14, 30, 18, 6, 22, 10, 33, 21, 2, 25, 13, 29, 17, 5, 28, 9, 32, 20)(36, 59, 47, 70, 51, 39, 62, 43, 66, 54, 42, 58, 46, 69, 50, 38, 61, 49, 
65, 53, 41, 57, 45, 68, 56, 37, 60, 48, 64, 52, 40, 63, 44, 67, 55),  ], [  (1, 24, 12, 35, 16, 4, 27, 8, 31, 19, 7, 23, 11, 34, 15, 3, 26, 
14, 30, 18, 6, 22, 10, 33, 21, 2, 25, 13, 29, 17, 5, 28, 9, 32, 20)(36, 59, 47, 70, 51, 39, 62, 43, 66, 54, 42, 58, 46, 69, 50, 38, 61, 49, 
65, 53, 41, 57, 45, 68, 56, 37, 60, 48, 64, 52, 40, 63, 44, 67, 55),  (1, 20, 32, 9, 28, 5, 17, 29, 13, 25, 2, 21, 33, 10, 22, 6, 18, 30, 14, 
26, 3, 15, 34, 11, 23, 7, 19, 31, 8, 27, 4, 16, 35, 12, 24)(36, 55, 67, 44, 63, 40, 52, 64, 48, 60, 37, 56, 68, 45, 57, 41, 53, 65, 49, 61, 
38, 50, 69, 46, 58, 42, 54, 66, 43, 62, 39, 51, 70, 47, 59),  ], [  (1, 27, 11, 30, 21, 5, 24, 8, 34, 18, 2, 28, 12, 31, 15, 6, 25, 9, 35, 19,
3, 22, 13, 32, 16, 7, 26, 10, 29, 20, 4, 23, 14, 33, 17)(36, 62, 46, 65, 56, 40, 59, 43, 69, 53, 37, 63, 47, 66, 50, 41, 60, 44, 70, 54, 38, 
57, 48, 67, 51, 42, 61, 45, 64, 55, 39, 58, 49, 68, 52),  (1, 17, 33, 14, 23, 4, 20, 29, 10, 26, 7, 16, 32, 13, 22, 3, 19, 35, 9, 25, 6, 15, 
31, 12, 28, 2, 18, 34, 8, 24, 5, 21, 30, 11, 27)(36, 52, 68, 49, 58, 39, 55, 64, 45, 61, 42, 51, 67, 48, 57, 38, 54, 70, 44, 60, 41, 50, 66, 
47, 63, 37, 53, 69, 43, 59, 40, 56, 65, 46, 62),  ], [  (1, 55, 32, 44, 28, 40, 17, 64, 13, 60, 2, 56, 33, 45, 22, 41, 18, 65, 14, 61, 3, 50, 
34, 46, 23, 42, 19, 66, 8, 62, 4, 51, 35, 47, 24, 36, 20, 67, 9, 63, 5, 52, 29, 48, 25, 37, 21, 68, 10, 57, 6, 53, 30, 49, 26, 38, 15, 69, 11,
58, 7, 54, 31, 43, 27, 39, 16, 70, 12, 59),  (1, 62, 8, 69, 15, 41, 22, 48, 29, 55)(2, 61, 9, 68, 16, 40, 23, 47, 30, 54)(3, 60, 10, 67, 17, 
39, 24, 46, 31, 53)(4, 59, 11, 66, 18, 38, 25, 45, 32, 52)(5, 58, 12, 65, 19, 37, 26, 44, 33, 51)(6, 57, 13, 64, 20, 36, 27, 43, 34, 50)(7, 
63, 14, 70, 21, 42, 28, 49, 35, 56),  ], [  (1, 52, 33, 49, 23, 39, 20, 64, 10, 61, 7, 51, 32, 48, 22, 38, 19, 70, 9, 60, 6, 50, 31, 47, 28, 
37, 18, 69, 8, 59, 5, 56, 30, 46, 27, 36, 17, 68, 14, 58, 4, 55, 29, 45, 26, 42, 16, 67, 13, 57, 3, 54, 35, 44, 25, 41, 15, 66, 12, 63, 2, 53,
34, 43, 24, 40, 21, 65, 11, 62),  (1, 59, 8, 66, 15, 38, 22, 45, 29, 52)(2, 58, 9, 65, 16, 37, 23, 44, 30, 51)(3, 57, 10, 64, 17, 36, 24, 43, 
31, 50)(4, 63, 11, 70, 18, 42, 25, 49, 32, 56)(5, 62, 12, 69, 19, 41, 26, 48, 33, 55)(6, 61, 13, 68, 20, 40, 27, 47, 34, 54)(7, 60, 14, 67, 
21, 39, 28, 46, 35, 53),  ], [  (1, 62, 11, 65, 21, 40, 24, 43, 34, 53, 2, 63, 12, 66, 15, 41, 25, 44, 35, 54, 3, 57, 13, 67, 16, 42, 26, 45, 
29, 55, 4, 58, 14, 68, 17, 36, 27, 46, 30, 56, 5, 59, 8, 69, 18, 37, 28, 47, 31, 50, 6, 60, 9, 70, 19, 38, 22, 48, 32, 51, 7, 61, 10, 64, 20, 
39, 23, 49, 33, 52),  (1, 55, 29, 48, 22, 41, 15, 69, 8, 62)(2, 54, 30, 47, 23, 40, 16, 68, 9, 61)(3, 53, 31, 46, 24, 39, 17, 67, 10, 60)(4, 
52, 32, 45, 25, 38, 18, 66, 11, 59)(5, 51, 33, 44, 26, 37, 19, 65, 12, 58)(6, 50, 34, 43, 27, 36, 20, 64, 13, 57)(7, 56, 35, 49, 28, 42, 21, 
70, 14, 63),  ], [  (1, 59, 12, 70, 16, 39, 27, 43, 31, 54, 7, 58, 11, 69, 15, 38, 26, 49, 30, 53, 6, 57, 10, 68, 21, 37, 25, 48, 29, 52, 5, 
63, 9, 67, 20, 36, 24, 47, 35, 51, 4, 62, 8, 66, 19, 42, 23, 46, 34, 50, 3, 61, 14, 65, 18, 41, 22, 45, 33, 56, 2, 60, 13, 64, 17, 40, 28, 44,
32, 55),  (1, 52, 29, 45, 22, 38, 15, 66, 8, 59)(2, 51, 30, 44, 23, 37, 16, 65, 9, 58)(3, 50, 31, 43, 24, 36, 17, 64, 10, 57)(4, 56, 32, 49, 
25, 42, 18, 70, 11, 63)(5, 55, 33, 48, 26, 41, 19, 69, 12, 62)(6, 54, 34, 47, 27, 40, 20, 68, 13, 61)(7, 53, 35, 46, 28, 39, 21, 67, 14, 60), 
], ]
);

BRACES[70].brace[2] := rec ( size := 70, perms := [ [  (),  (),  ], [  (1, 36)(2, 37)(3, 38)(4, 39)(5, 40)(6, 41)(7, 42)(8, 43)(9, 44)(10, 
45)(11, 46)(12, 47)(13, 48)(14, 49)(15, 50)(16, 51)(17, 52)(18, 53)(19, 54)(20, 55)(21, 56)(22, 57)(23, 58)(24, 59)(25, 60)(26, 61)(27, 
62)(28, 63)(29, 64)(30, 65)(31, 66)(32, 67)(33, 68)(34, 69)(35, 70),  (1, 36)(2, 42)(3, 41)(4, 40)(5, 39)(6, 38)(7, 37)(8, 64)(9, 70)(10, 
69)(11, 68)(12, 67)(13, 66)(14, 65)(15, 57)(16, 63)(17, 62)(18, 61)(19, 60)(20, 59)(21, 58)(22, 50)(23, 56)(24, 55)(25, 54)(26, 53)(27, 
52)(28, 51)(29, 43)(30, 49)(31, 48)(32, 47)(33, 46)(34, 45)(35, 44),  ], [  (1, 8, 15, 22, 29)(2, 9, 16, 23, 30)(3, 10, 17, 24, 31)(4, 11, 18,
25, 32)(5, 12, 19, 26, 33)(6, 13, 20, 27, 34)(7, 14, 21, 28, 35)(36, 43, 50, 57, 64)(37, 44, 51, 58, 65)(38, 45, 52, 59, 66)(39, 46, 53, 60, 
67)(40, 47, 54, 61, 68)(41, 48, 55, 62, 69)(42, 49, 56, 63, 70),  (1, 29, 22, 15, 8)(2, 30, 23, 16, 9)(3, 31, 24, 17, 10)(4, 32, 25, 18, 
11)(5, 33, 26, 19, 12)(6, 34, 27, 20, 13)(7, 35, 28, 21, 14)(36, 64, 57, 50, 43)(37, 65, 58, 51, 44)(38, 66, 59, 52, 45)(39, 67, 60, 53, 
46)(40, 68, 61, 54, 47)(41, 69, 62, 55, 48)(42, 70, 63, 56, 49),  ], [  (1, 4, 7, 3, 6, 2, 5)(8, 11, 14, 10, 13, 9, 12)(15, 18, 21, 17, 20, 
16, 19)(22, 25, 28, 24, 27, 23, 26)(29, 32, 35, 31, 34, 30, 33)(36, 39, 42, 38, 41, 37, 40)(43, 46, 49, 45, 48, 44, 47)(50, 53, 56, 52, 55, 
