## size 60
BRACES[60] := rec( total := -1, implemented := 28, size := 60, brace := [] );
BRACES[60].brace[1] := rec ( size := 60, perms :=
[ [ (), () ], [ (4,6)(5,7), (4,6)(5,7) ], 
  [ ( 8,10,12, 9,11), ( 8,11, 9,12,10) ], 
  [ ( 4, 6)( 5, 7)( 8,10,12, 9,11), ( 4, 6)( 5, 7)( 8,11, 9,12,10) ], 
  [ ( 8,12,11,10, 9), ( 8, 9,10,11,12) ], 
  [ ( 4, 6)( 5, 7)( 8,12,11,10, 9), ( 4, 6)( 5, 7)( 8, 9,10,11,12) ], 
  [ ( 8, 9,10,11,12), ( 8,12,11,10, 9) ], 
  [ ( 4, 6)( 5, 7)( 8, 9,10,11,12), ( 4, 6)( 5, 7)( 8,12,11,10, 9) ], 
  [ ( 8,11, 9,12,10), ( 8,10,12, 9,11) ], 
  [ ( 4, 6)( 5, 7)( 8,11, 9,12,10), ( 4, 6)( 5, 7)( 8,10,12, 9,11) ], 
  [ (1,3,2), (1,2,3) ], [ (1,3,2)(4,6)(5,7), (1,2,3)(4,6)(5,7) ], 
  [ ( 1, 3, 2)( 8,10,12, 9,11), ( 1, 2, 3)( 8,11, 9,12,10) ], 
  [ ( 1, 3, 2)( 4, 6)( 5, 7)( 8,10,12, 9,11), 
      ( 1, 2, 3)( 4, 6)( 5, 7)( 8,11, 9,12,10) ], 
  [ ( 1, 3, 2)( 8,12,11,10, 9), ( 1, 2, 3)( 8, 9,10,11,12) ], 
  [ ( 1, 3, 2)( 4, 6)( 5, 7)( 8,12,11,10, 9), 
      ( 1, 2, 3)( 4, 6)( 5, 7)( 8, 9,10,11,12) ], 
  [ ( 1, 3, 2)( 8, 9,10,11,12), ( 1, 2, 3)( 8,12,11,10, 9) ], 
  [ ( 1, 3, 2)( 4, 6)( 5, 7)( 8, 9,10,11,12), 
      ( 1, 2, 3)( 4, 6)( 5, 7)( 8,12,11,10, 9) ], 
  [ ( 1, 3, 2)( 8,11, 9,12,10), ( 1, 2, 3)( 8,10,12, 9,11) ], 
  [ ( 1, 3, 2)( 4, 6)( 5, 7)( 8,11, 9,12,10), 
      ( 1, 2, 3)( 4, 6)( 5, 7)( 8,10,12, 9,11) ], [ (1,2,3), (1,3,2) ], 
  [ (1,2,3)(4,6)(5,7), (1,3,2)(4,6)(5,7) ], 
  [ ( 1, 2, 3)( 8,10,12, 9,11), ( 1, 3, 2)( 8,11, 9,12,10) ], 
  [ ( 1, 2, 3)( 4, 6)( 5, 7)( 8,10,12, 9,11), 
      ( 1, 3, 2)( 4, 6)( 5, 7)( 8,11, 9,12,10) ], 
  [ ( 1, 2, 3)( 8,12,11,10, 9), ( 1, 3, 2)( 8, 9,10,11,12) ], 
  [ ( 1, 2, 3)( 4, 6)( 5, 7)( 8,12,11,10, 9), 
      ( 1, 3, 2)( 4, 6)( 5, 7)( 8, 9,10,11,12) ], 
  [ ( 1, 2, 3)( 8, 9,10,11,12), ( 1, 3, 2)( 8,12,11,10, 9) ], 
  [ ( 1, 2, 3)( 4, 6)( 5, 7)( 8, 9,10,11,12), 
      ( 1, 3, 2)( 4, 6)( 5, 7)( 8,12,11,10, 9) ], 
  [ ( 1, 2, 3)( 8,11, 9,12,10), ( 1, 3, 2)( 8,10,12, 9,11) ], 
  [ ( 1, 2, 3)( 4, 6)( 5, 7)( 8,11, 9,12,10), 
      ( 1, 3, 2)( 4, 6)( 5, 7)( 8,10,12, 9,11) ], [ (4,7,6,5), (4,5,6,7) ], 
  [ (4,5,6,7), (4,7,6,5) ], 
  [ ( 4, 7, 6, 5)( 8,10,12, 9,11), ( 4, 5, 6, 7)( 8,11, 9,12,10) ], 
  [ ( 4, 5, 6, 7)( 8,10,12, 9,11), ( 4, 7, 6, 5)( 8,11, 9,12,10) ], 
  [ ( 4, 7, 6, 5)( 8,12,11,10, 9), ( 4, 5, 6, 7)( 8, 9,10,11,12) ], 
  [ ( 4, 5, 6, 7)( 8,12,11,10, 9), ( 4, 7, 6, 5)( 8, 9,10,11,12) ], 
  [ ( 4, 7, 6, 5)( 8, 9,10,11,12), ( 4, 5, 6, 7)( 8,12,11,10, 9) ], 
  [ ( 4, 5, 6, 7)( 8, 9,10,11,12), ( 4, 7, 6, 5)( 8,12,11,10, 9) ], 
  [ ( 4, 7, 6, 5)( 8,11, 9,12,10), ( 4, 5, 6, 7)( 8,10,12, 9,11) ], 
  [ ( 4, 5, 6, 7)( 8,11, 9,12,10), ( 4, 7, 6, 5)( 8,10,12, 9,11) ], 
  [ (1,3,2)(4,7,6,5), (1,2,3)(4,5,6,7) ], 
  [ (1,3,2)(4,5,6,7), (1,2,3)(4,7,6,5) ], 
  [ ( 1, 3, 2)( 4, 7, 6, 5)( 8,10,12, 9,11), 
      ( 1, 2, 3)( 4, 5, 6, 7)( 8,11, 9,12,10) ], 
  [ ( 1, 3, 2)( 4, 5, 6, 7)( 8,10,12, 9,11), 
      ( 1, 2, 3)( 4, 7, 6, 5)( 8,11, 9,12,10) ], 
  [ ( 1, 3, 2)( 4, 7, 6, 5)( 8,12,11,10, 9), 
      ( 1, 2, 3)( 4, 5, 6, 7)( 8, 9,10,11,12) ], 
  [ ( 1, 3, 2)( 4, 5, 6, 7)( 8,12,11,10, 9), 
      ( 1, 2, 3)( 4, 7, 6, 5)( 8, 9,10,11,12) ], 
  [ ( 1, 3, 2)( 4, 7, 6, 5)( 8, 9,10,11,12), 
      ( 1, 2, 3)( 4, 5, 6, 7)( 8,12,11,10, 9) ], 
  [ ( 1, 3, 2)( 4, 5, 6, 7)( 8, 9,10,11,12), 
      ( 1, 2, 3)( 4, 7, 6, 5)( 8,12,11,10, 9) ], 
  [ ( 1, 3, 2)( 4, 7, 6, 5)( 8,11, 9,12,10), 
      ( 1, 2, 3)( 4, 5, 6, 7)( 8,10,12, 9,11) ], 
  [ ( 1, 3, 2)( 4, 5, 6, 7)( 8,11, 9,12,10), 
      ( 1, 2, 3)( 4, 7, 6, 5)( 8,10,12, 9,11) ], 
  [ (1,2,3)(4,7,6,5), (1,3,2)(4,5,6,7) ], 
  [ (1,2,3)(4,5,6,7), (1,3,2)(4,7,6,5) ], 
  [ ( 1, 2, 3)( 4, 7, 6, 5)( 8,10,12, 9,11), 
      ( 1, 3, 2)( 4, 5, 6, 7)( 8,11, 9,12,10) ], 
  [ ( 1, 2, 3)( 4, 5, 6, 7)( 8,10,12, 9,11), 
      ( 1, 3, 2)( 4, 7, 6, 5)( 8,11, 9,12,10) ], 
  [ ( 1, 2, 3)( 4, 7, 6, 5)( 8,12,11,10, 9), 
      ( 1, 3, 2)( 4, 5, 6, 7)( 8, 9,10,11,12) ], 
  [ ( 1, 2, 3)( 4, 5, 6, 7)( 8,12,11,10, 9), 
      ( 1, 3, 2)( 4, 7, 6, 5)( 8, 9,10,11,12) ], 
  [ ( 1, 2, 3)( 4, 7, 6, 5)( 8, 9,10,11,12), 
      ( 1, 3, 2)( 4, 5, 6, 7)( 8,12,11,10, 9) ], 
  [ ( 1, 2, 3)( 4, 5, 6, 7)( 8, 9,10,11,12), 
      ( 1, 3, 2)( 4, 7, 6, 5)( 8,12,11,10, 9) ], 
  [ ( 1, 2, 3)( 4, 7, 6, 5)( 8,11, 9,12,10), 
      ( 1, 3, 2)( 4, 5, 6, 7)( 8,10,12, 9,11) ], 
  [ ( 1, 2, 3)( 4, 5, 6, 7)( 8,11, 9,12,10), 
      ( 1, 3, 2)( 4, 7, 6, 5)( 8,10,12, 9,11) ] ]
);

BRACES[60].brace[2] := rec ( size := 60, perms :=
[ [ (), () ], [ (4,6)(5,7), (1,2) ], [ ( 8,10,12, 9,11), ( 8, 9,10,11,12) ], 
  [ ( 4, 6)( 5, 7)( 8,10,12, 9,11), ( 1, 2)( 8, 9,10,11,12) ], 
  [ ( 8,12,11,10, 9), ( 8,10,12, 9,11) ], 
  [ ( 4, 6)( 5, 7)( 8,12,11,10, 9), ( 1, 2)( 8,10,12, 9,11) ], 
  [ ( 8, 9,10,11,12), ( 8,11, 9,12,10) ], 
  [ ( 4, 6)( 5, 7)( 8, 9,10,11,12), ( 1, 2)( 8,11, 9,12,10) ], 
  [ ( 8,11, 9,12,10), ( 8,12,11,10, 9) ], 
  [ ( 4, 6)( 5, 7)( 8,11, 9,12,10), ( 1, 2)( 8,12,11,10, 9) ], 
  [ (1,3,2), (5,7,6) ], [ (1,3,2)(4,6)(5,7), (1,2)(5,7,6) ], 
  [ ( 1, 3, 2)( 8,10,12, 9,11), ( 5, 7, 6)( 8, 9,10,11,12) ], 
  [ ( 1, 3, 2)( 4, 6)( 5, 7)( 8,10,12, 9,11), 
      ( 1, 2)( 5, 7, 6)( 8, 9,10,11,12) ], 
  [ ( 1, 3, 2)( 8,12,11,10, 9), ( 5, 7, 6)( 8,10,12, 9,11) ], 
  [ ( 1, 3, 2)( 4, 6)( 5, 7)( 8,12,11,10, 9), 
      ( 1, 2)( 5, 7, 6)( 8,10,12, 9,11) ], 
  [ ( 1, 3, 2)( 8, 9,10,11,12), ( 5, 7, 6)( 8,11, 9,12,10) ], 
  [ ( 1, 3, 2)( 4, 6)( 5, 7)( 8, 9,10,11,12), 
      ( 1, 2)( 5, 7, 6)( 8,11, 9,12,10) ], 
  [ ( 1, 3, 2)( 8,11, 9,12,10), ( 5, 7, 6)( 8,12,11,10, 9) ], 
  [ ( 1, 3, 2)( 4, 6)( 5, 7)( 8,11, 9,12,10), 
      ( 1, 2)( 5, 7, 6)( 8,12,11,10, 9) ], [ (1,2,3), (5,6,7) ], 
  [ (1,2,3)(4,6)(5,7), (1,2)(5,6,7) ], 
  [ ( 1, 2, 3)( 8,10,12, 9,11), ( 5, 6, 7)( 8, 9,10,11,12) ], 
  [ ( 1, 2, 3)( 4, 6)( 5, 7)( 8,10,12, 9,11), 
      ( 1, 2)( 5, 6, 7)( 8, 9,10,11,12) ], 
  [ ( 1, 2, 3)( 8,12,11,10, 9), ( 5, 6, 7)( 8,10,12, 9,11) ], 
  [ ( 1, 2, 3)( 4, 6)( 5, 7)( 8,12,11,10, 9), 
      ( 1, 2)( 5, 6, 7)( 8,10,12, 9,11) ], 
  [ ( 1, 2, 3)( 8, 9,10,11,12), ( 5, 6, 7)( 8,11, 9,12,10) ], 
  [ ( 1, 2, 3)( 4, 6)( 5, 7)( 8, 9,10,11,12), 
      ( 1, 2)( 5, 6, 7)( 8,11, 9,12,10) ], 
  [ ( 1, 2, 3)( 8,11, 9,12,10), ( 5, 6, 7)( 8,12,11,10, 9) ], 
  [ ( 1, 2, 3)( 4, 6)( 5, 7)( 8,11, 9,12,10), 
      ( 1, 2)( 5, 6, 7)( 8,12,11,10, 9) ], [ (4,7,6,5), (3,4) ], 
  [ (4,5,6,7), (1,2)(3,4) ], 
  [ ( 4, 7, 6, 5)( 8,10,12, 9,11), ( 3, 4)( 8, 9,10,11,12) ], 
  [ ( 4, 5, 6, 7)( 8,10,12, 9,11), ( 1, 2)( 3, 4)( 8, 9,10,11,12) ], 
  [ ( 4, 7, 6, 5)( 8,12,11,10, 9), ( 3, 4)( 8,10,12, 9,11) ], 
  [ ( 4, 5, 6, 7)( 8,12,11,10, 9), ( 1, 2)( 3, 4)( 8,10,12, 9,11) ], 
  [ ( 4, 7, 6, 5)( 8, 9,10,11,12), ( 3, 4)( 8,11, 9,12,10) ], 
  [ ( 4, 5, 6, 7)( 8, 9,10,11,12), ( 1, 2)( 3, 4)( 8,11, 9,12,10) ], 
  [ ( 4, 7, 6, 5)( 8,11, 9,12,10), ( 3, 4)( 8,12,11,10, 9) ], 
  [ ( 4, 5, 6, 7)( 8,11, 9,12,10), ( 1, 2)( 3, 4)( 8,12,11,10, 9) ], 
  [ (1,3,2)(4,7,6,5), (3,4)(5,7,6) ], [ (1,3,2)(4,5,6,7), (1,2)(3,4)(5,7,6) ],
  [ ( 1, 3, 2)( 4, 7, 6, 5)( 8,10,12, 9,11), 
      ( 3, 4)( 5, 7, 6)( 8, 9,10,11,12) ], 
  [ ( 1, 3, 2)( 4, 5, 6, 7)( 8,10,12, 9,11), 
      ( 1, 2)( 3, 4)( 5, 7, 6)( 8, 9,10,11,12) ], 
  [ ( 1, 3, 2)( 4, 7, 6, 5)( 8,12,11,10, 9), 
      ( 3, 4)( 5, 7, 6)( 8,10,12, 9,11) ], 
  [ ( 1, 3, 2)( 4, 5, 6, 7)( 8,12,11,10, 9), 
      ( 1, 2)( 3, 4)( 5, 7, 6)( 8,10,12, 9,11) ], 
  [ ( 1, 3, 2)( 4, 7, 6, 5)( 8, 9,10,11,12), 
      ( 3, 4)( 5, 7, 6)( 8,11, 9,12,10) ], 
  [ ( 1, 3, 2)( 4, 5, 6, 7)( 8, 9,10,11,12), 
      ( 1, 2)( 3, 4)( 5, 7, 6)( 8,11, 9,12,10) ], 
  [ ( 1, 3, 2)( 4, 7, 6, 5)( 8,11, 9,12,10), 
      ( 3, 4)( 5, 7, 6)( 8,12,11,10, 9) ], 
  [ ( 1, 3, 2)( 4, 5, 6, 7)( 8,11, 9,12,10), 
      ( 1, 2)( 3, 4)( 5, 7, 6)( 8,12,11,10, 9) ], 
  [ (1,2,3)(4,7,6,5), (3,4)(5,6,7) ], [ (1,2,3)(4,5,6,7), (1,2)(3,4)(5,6,7) ],
  [ ( 1, 2, 3)( 4, 7, 6, 5)( 8,10,12, 9,11), 
      ( 3, 4)( 5, 6, 7)( 8, 9,10,11,12) ], 
  [ ( 1, 2, 3)( 4, 5, 6, 7)( 8,10,12, 9,11), 
      ( 1, 2)( 3, 4)( 5, 6, 7)( 8, 9,10,11,12) ], 
  [ ( 1, 2, 3)( 4, 7, 6, 5)( 8,12,11,10, 9), 
      ( 3, 4)( 5, 6, 7)( 8,10,12, 9,11) ], 
  [ ( 1, 2, 3)( 4, 5, 6, 7)( 8,12,11,10, 9), 
      ( 1, 2)( 3, 4)( 5, 6, 7)( 8,10,12, 9,11) ], 
  [ ( 1, 2, 3)( 4, 7, 6, 5)( 8, 9,10,11,12), 
      ( 3, 4)( 5, 6, 7)( 8,11, 9,12,10) ], 
  [ ( 1, 2, 3)( 4, 5, 6, 7)( 8, 9,10,11,12), 
      ( 1, 2)( 3, 4)( 5, 6, 7)( 8,11, 9,12,10) ], 
  [ ( 1, 2, 3)( 4, 7, 6, 5)( 8,11, 9,12,10), 
      ( 3, 4)( 5, 6, 7)( 8,12,11,10, 9) ], 
  [ ( 1, 2, 3)( 4, 5, 6, 7)( 8,11, 9,12,10), 
      ( 1, 2)( 3, 4)( 5, 6, 7)( 8,12,11,10, 9) ] ]
);

BRACES[60].brace[3] := rec ( size := 60, perms :=
[ [ (), () ], 
  [ (4,6)(5,7), ( 1, 7)( 2,20)( 3,42)( 4,12)( 5,56)( 6,32)( 8,16)( 9,50)
        (10,49)(11,22)(13,19)(14,36)(15,55)(17,41)(18,40)(21,39)(23,26)(24,60)
        (25,48)(27,45)(28,31)(29,30)(33,59)(34,58)(35,38)(37,57)(43,54)(44,53)
        (46,52)(47,51) ], 
  [ ( 8,10,12, 9,11), ( 1,19,11, 6, 3)( 2,29,18,10, 5)( 4,39,28,17, 9)
        ( 7,42,32,22,13)( 8,45,35,25,15)(12,50,41,31,21)(14,52,44,34,24)
        (16,55,48,38,27)(20,56,49,40,30)(23,57,51,43,33)(26,59,54,47,37)
        (36,60,58,53,46) ], 
  [ ( 4, 6)( 5, 7)( 8,10,12, 9,11), ( 1,42)( 2,56)( 3,32)( 4,50)( 5,49)( 6,22)
        ( 7,19)( 8,55)( 9,41)(10,40)(11,13)(12,39)(14,60)(15,48)(16,45)(17,31)
        (18,30)(20,29)(21,28)(23,59)(24,58)(25,38)(26,57)(27,35)(33,54)(34,53)
        (36,52)(37,51)(43,47)(44,46) ], 
  [ ( 8,12,11,10, 9), ( 1,11, 3,19, 6)( 2,18, 5,29,10)( 4,28, 9,39,17)
        ( 7,32,13,42,22)( 8,35,15,45,25)(12,41,21,50,31)(14,44,24,52,34)
        (16,48,27,55,38)(20,49,30,56,40)(23,51,33,57,43)(26,54,37,59,47)
        (36,58,46,60,53) ], 
  [ ( 4, 6)( 5, 7)( 8,12,11,10, 9), ( 1,32)( 2,49)( 3,22)( 4,41)( 5,40)( 6,13)
        ( 7,11)( 8,48)( 9,31)(10,30)(12,28)(14,58)(15,38)(16,35)(17,21)(18,20)
        (19,42)(23,54)(24,53)(25,27)(26,51)(29,56)(33,47)(34,46)(36,44)(37,43)
        (39,50)(45,55)(52,60)(57,59) ], 
  [ ( 8, 9,10,11,12), ( 1, 6,19, 3,11)( 2,10,29, 5,18)( 4,17,39, 9,28)
        ( 7,22,42,13,32)( 8,25,45,15,35)(12,31,50,21,41)(14,34,52,24,44)
        (16,38,55,27,48)(20,40,56,30,49)(23,43,57,33,51)(26,47,59,37,54)
        (36,53,60,46,58) ], 
  [ ( 4, 6)( 5, 7)( 8, 9,10,11,12), ( 1,22)( 2,40)( 3,13)( 4,31)( 5,30)( 6, 7)
        ( 8,38)( 9,21)(10,20)(11,42)(12,17)(14,53)(15,27)(16,25)(18,56)(19,32)
        (23,47)(24,46)(26,43)(28,50)(29,49)(33,37)(34,36)(35,55)(39,41)(44,60)
        (45,48)(51,59)(52,58)(54,57) ], 
  [ ( 8,11, 9,12,10), ( 1, 3, 6,11,19)( 2, 5,10,18,29)( 4, 9,17,28,39)
        ( 7,13,22,32,42)( 8,15,25,35,45)(12,21,31,41,50)(14,24,34,44,52)
        (16,27,38,48,55)(20,30,40,49,56)(23,33,43,51,57)(26,37,47,54,59)
        (36,46,53,58,60) ], 
  [ ( 4, 6)( 5, 7)( 8,11, 9,12,10), ( 1,13)( 2,30)( 3, 7)( 4,21)( 5,20)( 6,42)
        ( 8,27)( 9,12)(10,56)(11,32)(14,46)(15,16)(17,50)(18,49)(19,22)(23,37)
        (24,36)(25,55)(26,33)(28,41)(29,40)(31,39)(34,60)(35,48)(38,45)(43,59)
        (44,58)(47,57)(51,54)(52,53) ], 
  [ (1,3,2), ( 1, 4, 2)( 3, 9, 5)( 6,17,10)( 7,20,12)( 8,23,14)(11,28,18)
        (13,30,21)(15,33,24)(16,36,26)(19,39,29)(22,40,31)(25,43,34)(27,46,37)
        (32,49,41)(35,51,44)(38,53,47)(42,56,50)(45,57,52)(48,58,54)
        (55,60,59) ], 
  [ (1,3,2)(4,6)(5,7), ( 1,20)( 2,12)( 3,56)( 4, 7)( 5,50)( 6,49)( 8,36)
        ( 9,42)(10,41)(11,40)(13,39)(14,26)(15,60)(16,23)(17,32)(18,31)(19,30)
        (21,29)(22,28)(24,59)(25,58)(27,57)(33,55)(34,54)(35,53)(37,52)(38,51)
        (43,48)(44,47)(45,46) ], 
  [ ( 1, 3, 2)( 8,10,12, 9,11), ( 1,39,18, 6, 9, 2,19,28,10, 3, 4,29,11,17, 5)
        ( 7,56,41,22,30,12,42,49,31,13,20,50,32,40,21)( 8,57,44,25,33,14,45,
         51,34,15,23,52,35,43,24)(16,60,54,38,46,26,55,58,47,27,36,59,48,53,37
         ) ], 
  [ ( 1, 3, 2)( 4, 6)( 5, 7)( 8,10,12, 9,11), 
      ( 1,56)( 2,50)( 3,49)( 4,42)( 5,41)( 6,40)( 7,39)( 8,60)( 9,32)(10,31)
        (11,30)(12,29)(13,28)(14,59)(15,58)(16,57)(17,22)(18,21)(19,20)(23,55)
        (24,54)(25,53)(26,52)(27,51)(33,48)(34,47)(35,46)(36,45)(37,44)
        (38,43) ], 
  [ ( 1, 3, 2)( 8,12,11,10, 9), ( 1,28, 5,19,17, 2,11, 9,29, 6, 4,18, 3,39,10)
        ( 7,49,21,42,40,12,32,30,50,22,20,41,13,56,31)( 8,51,24,45,43,14,35,
         33,52,25,23,44,15,57,34)(16,58,37,55,53,26,48,46,59,38,36,54,27,60,47
         ) ], 
  [ ( 1, 3, 2)( 4, 6)( 5, 7)( 8,12,11,10, 9), 
      ( 1,49)( 2,41)( 3,40)( 4,32)( 5,31)( 6,30)( 7,28)( 8,58)( 9,22)(10,21)
        (11,20)(12,18)(13,17)(14,54)(15,53)(16,51)(19,56)(23,48)(24,47)(25,46)
        (26,44)(27,43)(29,50)(33,38)(34,37)(35,36)(39,42)(45,60)(52,59)
        (55,57) ], 
  [ ( 1, 3, 2)( 8, 9,10,11,12), ( 1,17,29, 3,28, 2, 6,39, 5,11, 4,10,19, 9,18)
        ( 7,40,50,13,49,12,22,56,21,32,20,31,42,30,41)( 8,43,52,15,51,14,25,
         57,24,35,23,34,45,33,44)(16,53,59,27,58,26,38,60,37,48,36,47,55,46,54
         ) ], 
  [ ( 1, 3, 2)( 4, 6)( 5, 7)( 8, 9,10,11,12), 
      ( 1,40)( 2,31)( 3,30)( 4,22)( 5,21)( 6,20)( 7,17)( 8,53)( 9,13)(10,12)
        (11,56)(14,47)(15,46)(16,43)(18,50)(19,49)(23,38)(24,37)(25,36)(26,34)
        (27,33)(28,42)(29,41)(32,39)(35,60)(44,59)(45,58)(48,57)(51,55)
        (52,54) ], 
  [ ( 1, 3, 2)( 8,11, 9,12,10), ( 1, 9,10,11,39, 2, 3,17,18,19, 4, 5, 6,28,29)
        ( 7,30,31,32,56,12,13,40,41,42,20,21,22,49,50)( 8,33,34,35,57,14,15,
         43,44,45,23,24,25,51,52)(16,46,47,48,60,26,27,53,54,55,36,37,38,58,59
         ) ], 
  [ ( 1, 3, 2)( 4, 6)( 5, 7)( 8,11, 9,12,10), 
      ( 1,30)( 2,21)( 3,20)( 4,13)( 5,12)( 6,56)( 7, 9)( 8,46)(10,50)(11,49)
        (14,37)(15,36)(16,33)(17,42)(18,41)(19,40)(22,39)(23,27)(24,26)(25,60)
        (28,32)(29,31)(34,59)(35,58)(38,57)(43,55)(44,54)(45,53)(47,52)
        (48,51) ], 
  [ (1,2,3), ( 1, 2, 4)( 3, 5, 9)( 6,10,17)( 7,12,20)( 8,14,23)(11,18,28)
        (13,21,30)(15,24,33)(16,26,36)(19,29,39)(22,31,40)(25,34,43)(27,37,46)
        (32,41,49)(35,44,51)(38,47,53)(42,50,56)(45,52,57)(48,54,58)
        (55,59,60) ], 
  [ (1,2,3)(4,6)(5,7), ( 1,12)( 2, 7)( 3,50)( 4,20)( 5,42)( 6,41)( 8,26)
        ( 9,56)(10,32)(11,31)(13,29)(14,16)(15,59)(17,49)(18,22)(19,21)(23,36)
        (24,55)(25,54)(27,52)(28,40)(30,39)(33,60)(34,48)(35,47)(37,45)(38,44)
        (43,58)(46,57)(51,53) ], 
  [ ( 1, 2, 3)( 8,10,12, 9,11), ( 1,29,28, 6, 5, 4,19,18,17, 3, 2,39,11,10, 9)
        ( 7,50,49,22,21,20,42,41,40,13,12,56,32,31,30)( 8,52,51,25,24,23,45,
         44,43,15,14,57,35,34,33)(16,59,58,38,37,36,55,54,53,27,26,60,48,47,46
         ) ], 
  [ ( 1, 2, 3)( 4, 6)( 5, 7)( 8,10,12, 9,11), 
      ( 1,50)( 2,42)( 3,41)( 4,56)( 5,32)( 6,31)( 7,29)( 8,59)( 9,49)(10,22)
        (11,21)(12,19)(13,18)(14,55)(15,54)(16,52)(17,40)(20,39)(23,60)(24,48)
        (25,47)(26,45)(27,44)(28,30)(33,58)(34,38)(35,37)(36,57)(43,53)
        (46,51) ], 
  [ ( 1, 2, 3)( 8,12,11,10, 9), ( 1,18, 9,19,10, 4,11, 5,39, 6, 2,28, 3,29,17)
        ( 7,41,30,42,31,20,32,21,56,22,12,49,13,50,40)( 8,44,33,45,34,23,35,
         24,57,25,14,51,15,52,43)(16,54,46,55,47,36,48,37,60,38,26,58,27,59,53
         ) ], 
  [ ( 1, 2, 3)( 4, 6)( 5, 7)( 8,12,11,10, 9), 
      ( 1,41)( 2,32)( 3,31)( 4,49)( 5,22)( 6,21)( 7,18)( 8,54)( 9,40)(10,13)
        (11,12)(14,48)(15,47)(16,44)(17,30)(19,50)(20,28)(23,58)(24,38)(25,37)
        (26,35)(27,34)(29,42)(33,53)(36,51)(39,56)(43,46)(45,59)(52,55)
        (57,60) ], 
  [ ( 1, 2, 3)( 8, 9,10,11,12), ( 1,10,39, 3,18, 4, 6,29, 9,11, 2,17,19, 5,28)
        ( 7,31,56,13,41,20,22,50,30,32,12,40,42,21,49)( 8,34,57,15,44,23,25,
         52,33,35,14,43,45,24,51)(16,47,60,27,54,36,38,59,46,48,26,53,55,37,58
         ) ], 
  [ ( 1, 2, 3)( 4, 6)( 5, 7)( 8, 9,10,11,12), 
      ( 1,31)( 2,22)( 3,21)( 4,40)( 5,13)( 6,12)( 7,10)( 8,47)( 9,30)(11,50)
        (14,38)(15,37)(16,34)(17,20)(18,42)(19,41)(23,53)(24,27)(25,26)(28,56)
        (29,32)(33,46)(35,59)(36,43)(39,49)(44,55)(45,54)(48,52)(51,60)
        (57,58) ], 
  [ ( 1, 2, 3)( 8,11, 9,12,10), ( 1, 5,17,11,29, 4, 3,10,28,19, 2, 9, 6,18,39)
        ( 7,21,40,32,50,20,13,31,49,42,12,30,22,41,56)( 8,24,43,35,52,23,15,
         34,51,45,14,33,25,44,57)(16,37,53,48,59,36,27,47,58,55,26,46,38,54,60
         ) ], 
  [ ( 1, 2, 3)( 4, 6)( 5, 7)( 8,11, 9,12,10), 
      ( 1,21)( 2,13)( 3,12)( 4,30)( 5, 7)( 6,50)( 8,37)( 9,20)(10,42)(11,41)
        (14,27)(15,26)(16,24)(17,56)(18,32)(19,31)(22,29)(23,46)(25,59)(28,49)
        (33,36)(34,55)(35,54)(38,52)(39,40)(43,60)(44,48)(45,47)(51,58)
        (53,57) ], 
  [ (4,7,6,5), ( 1,16)( 2,36)( 3,27)( 4,26)( 5,46)( 6,38)( 7, 8)( 9,37)(10,53)
        (11,48)(12,23)(13,15)(14,20)(17,47)(18,58)(19,55)(21,33)(22,25)(24,30)
        (28,54)(29,60)(31,43)(32,35)(34,40)(39,59)(41,51)(42,45)(44,49)(50,57)
        (52,56) ], 
  [ (4,5,6,7), ( 1, 8)( 2,14)( 3,45)( 4,23)( 5,52)( 6,35)( 7,16)( 9,57)(10,44)
        (11,25)(12,26)(13,55)(15,19)(17,51)(18,34)(20,36)(21,59)(22,48)(24,29)
        (27,42)(28,43)(30,60)(31,54)(32,38)(33,39)(37,50)(40,58)(41,47)(46,56)
        (49,53) ], 
  [ ( 4, 7, 6, 5)( 8,10,12, 9,11), 
      ( 1,55,11,38, 3,16,19,48, 6,27)( 2,60,18,53, 5,36,29,58,10,46)
        ( 4,59,28,47, 9,26,39,54,17,37)( 7,45,32,25,13, 8,42,35,22,15)
        (12,57,41,43,21,23,50,51,31,33)(14,56,44,40,24,20,52,49,34,30) ], 
  [ ( 4, 5, 6, 7)( 8,10,12, 9,11), ( 1,45)( 2,52)( 3,35)( 4,57)( 5,44)( 6,25)
        ( 7,55)( 8,19)( 9,51)(10,34)(11,15)(12,59)(13,48)(14,29)(16,42)(17,43)
        (18,24)(20,60)(21,54)(22,38)(23,39)(26,50)(27,32)(28,33)(30,58)(31,47)
        (36,56)(37,41)(40,53)(46,49) ], 
  [ ( 4, 7, 6, 5)( 8,12,11,10, 9), 
      ( 1,48, 3,55, 6,16,11,27,19,38)( 2,58, 5,60,10,36,18,46,29,53)
        ( 4,54, 9,59,17,26,28,37,39,47)( 7,35,13,45,22, 8,32,15,42,25)
        (12,51,21,57,31,23,41,33,50,43)(14,49,24,56,34,20,44,30,52,40) ], 
  [ ( 4, 5, 6, 7)( 8,12,11,10, 9), ( 1,35)( 2,44)( 3,25)( 4,51)( 5,34)( 6,15)
        ( 7,48)( 8,11)( 9,43)(10,24)(12,54)(13,38)(14,18)(16,32)(17,33)(19,45)
        (20,58)(21,47)(22,27)(23,28)(26,41)(29,52)(30,53)(31,37)(36,49)(39,57)
        (40,46)(42,55)(50,59)(56,60) ], 
  [ ( 4, 7, 6, 5)( 8, 9,10,11,12), 
      ( 1,38,19,27,11,16, 6,55, 3,48)( 2,53,29,46,18,36,10,60, 5,58)
        ( 4,47,39,37,28,26,17,59, 9,54)( 7,25,42,15,32, 8,22,45,13,35)
        (12,43,50,33,41,23,31,57,21,51)(14,40,52,30,44,20,34,56,24,49) ], 
  [ ( 4, 5, 6, 7)( 8, 9,10,11,12), ( 1,25)( 2,34)( 3,15)( 4,43)( 5,24)( 6, 8)
        ( 7,38)( 9,33)(10,14)(11,45)(12,47)(13,27)(16,22)(17,23)(18,52)(19,35)
        (20,53)(21,37)(26,31)(28,57)(29,44)(30,46)(32,55)(36,40)(39,51)(41,59)
        (42,48)(49,60)(50,54)(56,58) ], 
  [ ( 4, 7, 6, 5)( 8,11, 9,12,10), 
      ( 1,27, 6,48,19,16, 3,38,11,55)( 2,46,10,58,29,36, 5,53,18,60)
        ( 4,37,17,54,39,26, 9,47,28,59)( 7,15,22,35,42, 8,13,25,32,45)
        (12,33,31,51,50,23,21,43,41,57)(14,30,34,49,52,20,24,40,44,56) ], 
  [ ( 4, 5, 6, 7)( 8,11, 9,12,10), ( 1,15)( 2,24)( 3, 8)( 4,33)( 5,14)( 6,45)
        ( 7,27)( 9,23)(10,52)(11,35)(12,37)(13,16)(17,57)(18,44)(19,25)(20,46)
        (21,26)(22,55)(28,51)(29,34)(30,36)(31,59)(32,48)(38,42)(39,43)(40,60)
        (41,54)(47,50)(49,58)(53,56) ], 
  [ (1,3,2)(4,7,6,5), ( 1,36)( 2,26)( 3,46)( 4,16)( 5,37)( 6,53)( 7,23)( 8,20)
        ( 9,27)(10,47)(11,58)(12,14)(13,33)(15,30)(17,38)(18,54)(19,60)(21,24)
        (22,43)(25,40)(28,48)(29,59)(31,34)(32,51)(35,49)(39,55)(41,44)(42,57)
        (45,56)(50,52) ], 
  [ (1,3,2)(4,5,6,7), ( 1,23, 2, 8, 4,14)( 3,57, 5,45, 9,52)( 6,51,10,35,17,44
         )( 7,36,12,16,20,26)(11,43,18,25,28,34)(13,60,21,55,30,59)
        (15,39,24,19,33,29)(22,58,31,48,40,54)(27,56,37,42,46,50)
        (32,53,41,38,49,47) ], 
  [ ( 1, 3, 2)( 4, 7, 6, 5)( 8,10,12, 9,11), 
      ( 1,60,11,53, 3,36,19,58, 6,46)( 2,59,18,47, 5,26,29,54,10,37)
        ( 4,55,28,38, 9,16,39,48,17,27)( 7,57,32,43,13,23,42,51,22,33)
        ( 8,56,35,40,15,20,45,49,25,30)(12,52,41,34,21,14,50,44,31,24) ], 
  [ ( 1, 3, 2)( 4, 5, 6, 7)( 8,10,12, 9,11), 
      ( 1,57, 2,45, 4,52)( 3,51, 5,35, 9,44)( 6,43,10,25,17,34)
        ( 7,60,12,55,20,59)( 8,39,14,19,23,29)(11,33,18,15,28,24)
        (13,58,21,48,30,54)(16,56,26,42,36,50)(22,53,31,38,40,47)
        (27,49,37,32,46,41) ], 
  [ ( 1, 3, 2)( 4, 7, 6, 5)( 8,12,11,10, 9), 
      ( 1,58, 3,60, 6,36,11,46,19,53)( 2,54, 5,59,10,26,18,37,29,47)
        ( 4,48, 9,55,17,16,28,27,39,38)( 7,51,13,57,22,23,32,33,42,43)
        ( 8,49,15,56,25,20,35,30,45,40)(12,44,21,52,31,14,41,24,50,34) ], 
  [ ( 1, 3, 2)( 4, 5, 6, 7)( 8,12,11,10, 9), 
      ( 1,51, 2,35, 4,44)( 3,43, 5,25, 9,34)( 6,33,10,15,17,24)
        ( 7,58,12,48,20,54)( 8,28,14,11,23,18)(13,53,21,38,30,47)
        (16,49,26,32,36,41)(19,57,29,45,39,52)(22,46,31,27,40,37)
        (42,60,50,55,56,59) ], 
  [ ( 1, 3, 2)( 4, 7, 6, 5)( 8, 9,10,11,12), 
      ( 1,53,19,46,11,36, 6,60, 3,58)( 2,47,29,37,18,26,10,59, 5,54)
        ( 4,38,39,27,28,16,17,55, 9,48)( 7,43,42,33,32,23,22,57,13,51)
        ( 8,40,45,30,35,20,25,56,15,49)(12,34,50,24,41,14,31,52,21,44) ], 
  [ ( 1, 3, 2)( 4, 5, 6, 7)( 8, 9,10,11,12), 
      ( 1,43, 2,25, 4,34)( 3,33, 5,15, 9,24)( 6,23,10, 8,17,14)
        ( 7,53,12,38,20,47)(11,57,18,45,28,52)(13,46,21,27,30,37)
        (16,40,26,22,36,31)(19,51,29,35,39,44)(32,60,41,55,49,59)
        (42,58,50,48,56,54) ], 
  [ ( 1, 3, 2)( 4, 7, 6, 5)( 8,11, 9,12,10), 
      ( 1,46, 6,58,19,36, 3,53,11,60)( 2,37,10,54,29,26, 5,47,18,59)
        ( 4,27,17,48,39,16, 9,38,28,55)( 7,33,22,51,42,23,13,43,32,57)
        ( 8,30,25,49,45,20,15,40,35,56)(12,24,31,44,50,14,21,34,41,52) ], 
  [ ( 1, 3, 2)( 4, 5, 6, 7)( 8,11, 9,12,10), 
      ( 1,33, 2,15, 4,24)( 3,23, 5, 8, 9,14)( 6,57,10,45,17,52)
        ( 7,46,12,27,20,37)(11,51,18,35,28,44)(13,36,21,16,30,26)
        (19,43,29,25,39,34)(22,60,31,55,40,59)(32,58,41,48,49,54)
        (38,56,47,42,53,50) ], 
  [ (1,2,3)(4,7,6,5), ( 1,26)( 2,16)( 3,37)( 4,36)( 5,27)( 6,47)( 7,14)( 8,12)
        ( 9,46)(10,38)(11,54)(13,24)(15,21)(17,53)(18,48)(19,59)(20,23)(22,34)
        (25,31)(28,58)(29,55)(30,33)(32,44)(35,41)(39,60)(40,43)(42,52)(45,50)
        (49,51)(56,57) ], 
  [ (1,2,3)(4,5,6,7), ( 1,14, 4, 8, 2,23)( 3,52, 9,45, 5,57)( 6,44,17,35,10,51
         )( 7,26,20,16,12,36)(11,34,28,25,18,43)(13,59,30,55,21,60)
        (15,29,33,19,24,39)(22,54,40,48,31,58)(27,50,46,42,37,56)
        (32,47,49,38,41,53) ], 
  [ ( 1, 2, 3)( 4, 7, 6, 5)( 8,10,12, 9,11), 
      ( 1,59,11,47, 3,26,19,54, 6,37)( 2,55,18,38, 5,16,29,48,10,27)
        ( 4,60,28,53, 9,36,39,58,17,46)( 7,52,32,34,13,14,42,44,22,24)
        ( 8,50,35,31,15,12,45,41,25,21)(20,57,49,43,30,23,56,51,40,33) ], 
  [ ( 1, 2, 3)( 4, 5, 6, 7)( 8,10,12, 9,11), 
      ( 1,52, 4,45, 2,57)( 3,44, 9,35, 5,51)( 6,34,17,25,10,43)
        ( 7,59,20,55,12,60)( 8,29,23,19,14,39)(11,24,28,15,18,33)
        (13,54,30,48,21,58)(16,50,36,42,26,56)(22,47,40,38,31,53)
        (27,41,46,32,37,49) ], 
  [ ( 1, 2, 3)( 4, 7, 6, 5)( 8,12,11,10, 9), 
      ( 1,54, 3,59, 6,26,11,37,19,47)( 2,48, 5,55,10,16,18,27,29,38)
        ( 4,58, 9,60,17,36,28,46,39,53)( 7,44,13,52,22,14,32,24,42,34)
        ( 8,41,15,50,25,12,35,21,45,31)(20,51,30,57,40,23,49,33,56,43) ], 
  [ ( 1, 2, 3)( 4, 5, 6, 7)( 8,12,11,10, 9), 
      ( 1,44, 4,35, 2,51)( 3,34, 9,25, 5,43)( 6,24,17,15,10,33)
        ( 7,54,20,48,12,58)( 8,18,23,11,14,28)(13,47,30,38,21,53)
        (16,41,36,32,26,49)(19,52,39,45,29,57)(22,37,40,27,31,46)
        (42,59,56,55,50,60) ], 
  [ ( 1, 2, 3)( 4, 7, 6, 5)( 8, 9,10,11,12), 
      ( 1,47,19,37,11,26, 6,59, 3,54)( 2,38,29,27,18,16,10,55, 5,48)
        ( 4,53,39,46,28,36,17,60, 9,58)( 7,34,42,24,32,14,22,52,13,44)
        ( 8,31,45,21,35,12,25,50,15,41)(20,43,56,33,49,23,40,57,30,51) ], 
  [ ( 1, 2, 3)( 4, 5, 6, 7)( 8, 9,10,11,12), 
      ( 1,34, 4,25, 2,43)( 3,24, 9,15, 5,33)( 6,14,17, 8,10,23)
        ( 7,47,20,38,12,53)(11,52,28,45,18,57)(13,37,30,27,21,46)
        (16,31,36,22,26,40)(19,44,39,35,29,51)(32,59,49,55,41,60)
        (42,54,56,48,50,58) ], 
  [ ( 1, 2, 3)( 4, 7, 6, 5)( 8,11, 9,12,10), 
      ( 1,37, 6,54,19,26, 3,47,11,59)( 2,27,10,48,29,16, 5,38,18,55)
        ( 4,46,17,58,39,36, 9,53,28,60)( 7,24,22,44,42,14,13,34,32,52)
        ( 8,21,25,41,45,12,15,31,35,50)(20,33,40,51,56,23,30,43,49,57) ], 
  [ ( 1, 2, 3)( 4, 5, 6, 7)( 8,11, 9,12,10), 
      ( 1,24, 4,15, 2,33)( 3,14, 9, 8, 5,23)( 6,52,17,45,10,57)
        ( 7,37,20,27,12,46)(11,44,28,35,18,51)(13,26,30,16,21,36)
        (19,34,39,25,29,43)(22,59,40,55,31,60)(32,54,49,48,41,58)
        (38,50,53,42,47,56) ] ]
);

BRACES[60].brace[4] := rec ( size := 60, perms :=
[ [ (), () ], 
  [ (4,6)(5,7), ( 1, 4)( 2,17)( 3,10)( 5,16)( 6, 9)( 7,28)( 8,19)(11,36)
        (12,27)(13,18)(14,39)(15,30)(20,26)(21,46)(22,38)(23,29)(24,49)(25,41)
        (31,37)(32,53)(33,48)(34,40)(35,56)(42,47)(43,58)(44,55)(45,50)(51,54)
        (52,60)(57,59) ], 
  [ ( 8,10,12, 9,11), ( 1,25,15, 8, 3)( 2,35,24,14, 7)( 4,41,30,19,10)
        ( 5,44,33,22,12)( 6,45,34,23,13)( 9,50,40,29,18)(11,52,43,32,21)
        (16,55,48,38,27)(17,56,49,39,28)(20,57,51,42,31)(26,59,54,47,37)
        (36,60,58,53,46) ], 
  [ ( 4, 6)( 5, 7)( 8,10,12, 9,11), 
      ( 1,41,15,19, 3, 4,25,30, 8,10)( 2,56,24,39, 7,17,35,49,14,28)
        ( 5,55,33,38,12,16,44,48,22,27)( 6,50,34,29,13, 9,45,40,23,18)
        (11,60,43,53,21,36,52,58,32,46)(20,59,51,47,31,26,57,54,42,37) ], 
  [ ( 8,12,11,10, 9), ( 1,15, 3,25, 8)( 2,24, 7,35,14)( 4,30,10,41,19)
        ( 5,33,12,44,22)( 6,34,13,45,23)( 9,40,18,50,29)(11,43,21,52,32)
        (16,48,27,55,38)(17,49,28,56,39)(20,51,31,57,42)(26,54,37,59,47)
        (36,58,46,60,53) ], 
  [ ( 4, 6)( 5, 7)( 8,12,11,10, 9), 
      ( 1,30, 3,41, 8, 4,15,10,25,19)( 2,49, 7,56,14,17,24,28,35,39)
        ( 5,48,12,55,22,16,33,27,44,38)( 6,40,13,50,23, 9,34,18,45,29)
        (11,58,21,60,32,36,43,46,52,53)(20,54,31,59,42,26,51,37,57,47) ], 
  [ ( 8, 9,10,11,12), ( 1, 8,25, 3,15)( 2,14,35, 7,24)( 4,19,41,10,30)
        ( 5,22,44,12,33)( 6,23,45,13,34)( 9,29,50,18,40)(11,32,52,21,43)
        (16,38,55,27,48)(17,39,56,28,49)(20,42,57,31,51)(26,47,59,37,54)
        (36,53,60,46,58) ], 
  [ ( 4, 6)( 5, 7)( 8, 9,10,11,12), 
      ( 1,19,25,10,15, 4, 8,41, 3,30)( 2,39,35,28,24,17,14,56, 7,49)
        ( 5,38,44,27,33,16,22,55,12,48)( 6,29,45,18,34, 9,23,50,13,40)
        (11,53,52,46,43,36,32,60,21,58)(20,47,57,37,51,26,42,59,31,54) ], 
  [ ( 8,11, 9,12,10), ( 1, 3, 8,15,25)( 2, 7,14,24,35)( 4,10,19,30,41)
        ( 5,12,22,33,44)( 6,13,23,34,45)( 9,18,29,40,50)(11,21,32,43,52)
        (16,27,38,48,55)(17,28,39,49,56)(20,31,42,51,57)(26,37,47,54,59)
        (36,46,53,58,60) ], 
  [ ( 4, 6)( 5, 7)( 8,11, 9,12,10), 
      ( 1,10, 8,30,25, 4, 3,19,15,41)( 2,28,14,49,35,17, 7,39,24,56)
        ( 5,27,22,48,44,16,12,38,33,55)( 6,18,23,40,45, 9,13,29,34,50)
        (11,46,32,58,52,36,21,53,43,60)(20,37,42,54,57,26,31,47,51,59) ], 
  [ (1,3,2), ( 1, 6, 2)( 3,13, 7)( 4,17, 9)( 5,20,11)( 8,23,14)(10,28,18)
        (12,31,21)(15,34,24)(16,36,26)(19,39,29)(22,42,32)(25,45,35)(27,46,37)
        (30,49,40)(33,51,43)(38,53,47)(41,56,50)(44,57,52)(48,58,54)
        (55,60,59) ], 
  [ (1,3,2)(4,6)(5,7), ( 1,17)( 2, 9)( 3,28)( 4, 6)( 5,36)( 7,18)( 8,39)
        (10,13)(11,26)(12,46)(14,29)(15,49)(16,20)(19,23)(21,37)(22,53)(24,40)
        (25,56)(27,31)(30,34)(32,47)(33,58)(35,50)(38,42)(41,45)(43,54)(44,60)
        (48,51)(52,59)(55,57) ], 
  [ ( 1, 3, 2)( 8,10,12, 9,11), ( 1,45,24, 8,13, 2,25,34,14, 3, 6,35,15,23, 7)
        ( 4,56,40,19,28, 9,41,49,29,10,17,50,30,39,18)( 5,57,43,22,31,11,44,
         51,32,12,20,52,33,42,21)(16,60,54,38,46,26,55,58,47,27,36,59,48,53,37
         ) ], 
  [ ( 1, 3, 2)( 4, 6)( 5, 7)( 8,10,12, 9,11), 
      ( 1,56,15,39, 3,17,25,49, 8,28)( 2,50,24,29, 7, 9,35,40,14,18)
        ( 4,45,30,23,10, 6,41,34,19,13)( 5,60,33,53,12,36,44,58,22,46)
        (11,59,43,47,21,26,52,54,32,37)(16,57,48,42,27,20,55,51,38,31) ], 
  [ ( 1, 3, 2)( 8,12,11,10, 9), ( 1,34, 7,25,23, 2,15,13,35, 8, 6,24, 3,45,14)
        ( 4,49,18,41,39, 9,30,28,50,19,17,40,10,56,29)( 5,51,21,44,42,11,33,
         31,52,22,20,43,12,57,32)(16,58,37,55,53,26,48,46,59,38,36,54,27,60,47
         ) ], 
  [ ( 1, 3, 2)( 4, 6)( 5, 7)( 8,12,11,10, 9), 
      ( 1,49, 3,56, 8,17,15,28,25,39)( 2,40, 7,50,14, 9,24,18,35,29)
        ( 4,34,10,45,19, 6,30,13,41,23)( 5,58,12,60,22,36,33,46,44,53)
        (11,54,21,59,32,26,43,37,52,47)(16,51,27,57,38,20,48,31,55,42) ], 
  [ ( 1, 3, 2)( 8, 9,10,11,12), ( 1,23,35, 3,34, 2, 8,45, 7,15, 6,14,25,13,24)
        ( 4,39,50,10,49, 9,19,56,18,30,17,29,41,28,40)( 5,42,52,12,51,11,22,
         57,21,33,20,32,44,31,43)(16,53,59,27,58,26,38,60,37,48,36,47,55,46,54
         ) ], 
  [ ( 1, 3, 2)( 4, 6)( 5, 7)( 8, 9,10,11,12), 
      ( 1,39,25,28,15,17, 8,56, 3,49)( 2,29,35,18,24, 9,14,50, 7,40)
        ( 4,23,41,13,30, 6,19,45,10,34)( 5,53,44,46,33,36,22,60,12,58)
        (11,47,52,37,43,26,32,59,21,54)(16,42,55,31,48,20,38,57,27,51) ], 
  [ ( 1, 3, 2)( 8,11, 9,12,10), ( 1,13,14,15,45, 2, 3,23,24,25, 6, 7, 8,34,35)
        ( 4,28,29,30,56, 9,10,39,40,41,17,18,19,49,50)( 5,31,32,33,57,11,12,
         42,43,44,20,21,22,51,52)(16,46,47,48,60,26,27,53,54,55,36,37,38,58,59
         ) ], 
  [ ( 1, 3, 2)( 4, 6)( 5, 7)( 8,11, 9,12,10), 
      ( 1,28, 8,49,25,17, 3,39,15,56)( 2,18,14,40,35, 9, 7,29,24,50)
        ( 4,13,19,34,41, 6,10,23,30,45)( 5,46,22,58,44,36,12,53,33,60)
        (11,37,32,54,52,26,21,47,43,59)(16,31,38,51,55,20,27,42,48,57) ], 
  [ (1,2,3), ( 1, 2, 6)( 3, 7,13)( 4, 9,17)( 5,11,20)( 8,14,23)(10,18,28)
        (12,21,31)(15,24,34)(16,26,36)(19,29,39)(22,32,42)(25,35,45)(27,37,46)
        (30,40,49)(33,43,51)(38,47,53)(41,50,56)(44,52,57)(48,54,58)
        (55,59,60) ], 
  [ (1,2,3)(4,6)(5,7), ( 1, 9)( 2, 4)( 3,18)( 5,26)( 6,17)( 7,10)( 8,29)
        (11,16)(12,37)(13,28)(14,19)(15,40)(20,36)(21,27)(22,47)(23,39)(24,30)
        (25,50)(31,46)(32,38)(33,54)(34,49)(35,41)(42,53)(43,48)(44,59)(45,56)
        (51,58)(52,55)(57,60) ], 
  [ ( 1, 2, 3)( 8,10,12, 9,11), ( 1,35,34, 8, 7, 6,25,24,23, 3, 2,45,15,14,13)
        ( 4,50,49,19,18,17,41,40,39,10, 9,56,30,29,28)( 5,52,51,22,21,20,44,
         43,42,12,11,57,33,32,31)(16,59,58,38,37,36,55,54,53,27,26,60,48,47,46
         ) ], 
  [ ( 1, 2, 3)( 4, 6)( 5, 7)( 8,10,12, 9,11), 
      ( 1,50,15,29, 3, 9,25,40, 8,18)( 2,41,24,19, 7, 4,35,30,14,10)
        ( 5,59,33,47,12,26,44,54,22,37)( 6,56,34,39,13,17,45,49,23,28)
        (11,55,43,38,21,16,52,48,32,27)(20,60,51,53,31,36,57,58,42,46) ], 
  [ ( 1, 2, 3)( 8,12,11,10, 9), ( 1,24,13,25,14, 6,15, 7,45, 8, 2,34, 3,35,23)
        ( 4,40,28,41,29,17,30,18,56,19, 9,49,10,50,39)( 5,43,31,44,32,20,33,
         21,57,22,11,51,12,52,42)(16,54,46,55,47,36,48,37,60,38,26,58,27,59,53
         ) ], 
  [ ( 1, 2, 3)( 4, 6)( 5, 7)( 8,12,11,10, 9), 
      ( 1,40, 3,50, 8, 9,15,18,25,29)( 2,30, 7,41,14, 4,24,10,35,19)
        ( 5,54,12,59,22,26,33,37,44,47)( 6,49,13,56,23,17,34,28,45,39)
        (11,48,21,55,32,16,43,27,52,38)(20,58,31,60,42,36,51,46,57,53) ], 
  [ ( 1, 2, 3)( 8, 9,10,11,12), ( 1,14,45, 3,24, 6, 8,35,13,15, 2,23,25, 7,34)
        ( 4,29,56,10,40,17,19,50,28,30, 9,39,41,18,49)( 5,32,57,12,43,20,22,
         52,31,33,11,42,44,21,51)(16,47,60,27,54,36,38,59,46,48,26,53,55,37,58
         ) ], 
  [ ( 1, 2, 3)( 4, 6)( 5, 7)( 8, 9,10,11,12), 
      ( 1,29,25,18,15, 9, 8,50, 3,40)( 2,19,35,10,24, 4,14,41, 7,30)
        ( 5,47,44,37,33,26,22,59,12,54)( 6,39,45,28,34,17,23,56,13,49)
        (11,38,52,27,43,16,32,55,21,48)(20,53,57,46,51,36,42,60,31,58) ], 
  [ ( 1, 2, 3)( 8,11, 9,12,10), ( 1, 7,23,15,35, 6, 3,14,34,25, 2,13, 8,24,45)
        ( 4,18,39,30,50,17,10,29,49,41, 9,28,19,40,56)( 5,21,42,33,52,20,12,
         32,51,44,11,31,22,43,57)(16,37,53,48,59,36,27,47,58,55,26,46,38,54,60
         ) ], 
  [ ( 1, 2, 3)( 4, 6)( 5, 7)( 8,11, 9,12,10), 
      ( 1,18, 8,40,25, 9, 3,29,15,50)( 2,10,14,30,35, 4, 7,19,24,41)
        ( 5,37,22,54,44,26,12,47,33,59)( 6,28,23,49,45,17,13,39,34,56)
        (11,27,32,48,52,16,21,38,43,55)(20,46,42,58,57,36,31,53,51,60) ], 
  [ (4,7,6,5), ( 1,16)( 2,36)( 3,27)( 4, 5)( 6,26)( 7,46)( 8,38)( 9,20)(10,12)
        (11,17)(13,37)(14,53)(15,48)(18,31)(19,22)(21,28)(23,47)(24,58)(25,55)
        (29,42)(30,33)(32,39)(34,54)(35,60)(40,51)(41,44)(43,49)(45,59)(50,57)
        (52,56) ], 
  [ (4,5,6,7), ( 1, 5)( 2,11)( 3,12)( 4,16)( 6,20)( 7,21)( 8,22)( 9,26)(10,27)
        (13,31)(14,32)(15,33)(17,36)(18,37)(19,38)(23,42)(24,43)(25,44)(28,46)
        (29,47)(30,48)(34,51)(35,52)(39,53)(40,54)(41,55)(45,57)(49,58)(50,59)
        (56,60) ], 
  [ ( 4, 7, 6, 5)( 8,10,12, 9,11), 
      ( 1,55,15,38, 3,16,25,48, 8,27)( 2,60,24,53, 7,36,35,58,14,46)
        ( 4,44,30,22,10, 5,41,33,19,12)( 6,59,34,47,13,26,45,54,23,37)
        ( 9,57,40,42,18,20,50,51,29,31)(11,56,43,39,21,17,52,49,32,28) ], 
  [ ( 4, 5, 6, 7)( 8,10,12, 9,11), 
      ( 1,44,15,22, 3, 5,25,33, 8,12)( 2,52,24,32, 7,11,35,43,14,21)
        ( 4,55,30,38,10,16,41,48,19,27)( 6,57,34,42,13,20,45,51,23,31)
        ( 9,59,40,47,18,26,50,54,29,37)(17,60,49,53,28,36,56,58,39,46) ], 
  [ ( 4, 7, 6, 5)( 8,12,11,10, 9), 
      ( 1,48, 3,55, 8,16,15,27,25,38)( 2,58, 7,60,14,36,24,46,35,53)
        ( 4,33,10,44,19, 5,30,12,41,22)( 6,54,13,59,23,26,34,37,45,47)
        ( 9,51,18,57,29,20,40,31,50,42)(11,49,21,56,32,17,43,28,52,39) ], 
  [ ( 4, 5, 6, 7)( 8,12,11,10, 9), 
      ( 1,33, 3,44, 8, 5,15,12,25,22)( 2,43, 7,52,14,11,24,21,35,32)
        ( 4,48,10,55,19,16,30,27,41,38)( 6,51,13,57,23,20,34,31,45,42)
        ( 9,54,18,59,29,26,40,37,50,47)(17,58,28,60,39,36,49,46,56,53) ], 
  [ ( 4, 7, 6, 5)( 8, 9,10,11,12), 
      ( 1,38,25,27,15,16, 8,55, 3,48)( 2,53,35,46,24,36,14,60, 7,58)
        ( 4,22,41,12,30, 5,19,44,10,33)( 6,47,45,37,34,26,23,59,13,54)
        ( 9,42,50,31,40,20,29,57,18,51)(11,39,52,28,43,17,32,56,21,49) ], 
  [ ( 4, 5, 6, 7)( 8, 9,10,11,12), 
      ( 1,22,25,12,15, 5, 8,44, 3,33)( 2,32,35,21,24,11,14,52, 7,43)
        ( 4,38,41,27,30,16,19,55,10,48)( 6,42,45,31,34,20,23,57,13,51)
        ( 9,47,50,37,40,26,29,59,18,54)(17,53,56,46,49,36,39,60,28,58) ], 
  [ ( 4, 7, 6, 5)( 8,11, 9,12,10), 
      ( 1,27, 8,48,25,16, 3,38,15,55)( 2,46,14,58,35,36, 7,53,24,60)
        ( 4,12,19,33,41, 5,10,22,30,44)( 6,37,23,54,45,26,13,47,34,59)
        ( 9,31,29,51,50,20,18,42,40,57)(11,28,32,49,52,17,21,39,43,56) ], 
  [ ( 4, 5, 6, 7)( 8,11, 9,12,10), 
      ( 1,12, 8,33,25, 5, 3,22,15,44)( 2,21,14,43,35,11, 7,32,24,52)
        ( 4,27,19,48,41,16,10,38,30,55)( 6,31,23,51,45,20,13,42,34,57)
        ( 9,37,29,54,50,26,18,47,40,59)(17,46,39,58,56,36,28,53,49,60) ], 
  [ (1,3,2)(4,7,6,5), ( 1,36)( 2,26)( 3,46)( 4,20)( 5,17)( 6,16)( 7,37)( 8,53)
        ( 9,11)(10,31)(12,28)(13,27)(14,47)(15,58)(18,21)(19,42)(22,39)(23,38)
        (24,54)(25,60)(29,32)(30,51)(33,49)(34,48)(35,59)(40,43)(41,57)(44,56)
        (45,55)(50,52) ], 
  [ (1,3,2)(4,5,6,7), ( 1,20, 2, 5, 6,11)( 3,31, 7,12,13,21)( 4,36, 9,16,17,26
         )( 8,42,14,22,23,32)(10,46,18,27,28,37)(15,51,24,33,34,43)
        (19,53,29,38,39,47)(25,57,35,44,45,52)(30,58,40,48,49,54)
        (41,60,50,55,56,59) ], 
  [ ( 1, 3, 2)( 4, 7, 6, 5)( 8,10,12, 9,11), 
      ( 1,60,15,53, 3,36,25,58, 8,46)( 2,59,24,47, 7,26,35,54,14,37)
        ( 4,57,30,42,10,20,41,51,19,31)( 5,56,33,39,12,17,44,49,22,28)
        ( 6,55,34,38,13,16,45,48,23,27)( 9,52,40,32,18,11,50,43,29,21) ], 
  [ ( 1, 3, 2)( 4, 5, 6, 7)( 8,10,12, 9,11), 
      ( 1,57,24,22,13,11,25,51,14,12, 6,52,15,42, 7, 5,45,43, 8,31, 2,44,34,
         32, 3,20,35,33,23,21)( 4,60,40,38,28,26,41,58,29,27,17,59,30,53,18,
         16,56,54,19,46, 9,55,49,47,10,36,50,48,39,37) ], 
  [ ( 1, 3, 2)( 4, 7, 6, 5)( 8,12,11,10, 9), 
      ( 1,58, 3,60, 8,36,15,46,25,53)( 2,54, 7,59,14,26,24,37,35,47)
        ( 4,51,10,57,19,20,30,31,41,42)( 5,49,12,56,22,17,33,28,44,39)
        ( 6,48,13,55,23,16,34,27,45,38)( 9,43,18,52,29,11,40,21,50,32) ], 
  [ ( 1, 3, 2)( 4, 5, 6, 7)( 8,12,11,10, 9), 
      ( 1,51, 7,44,23,11,15,31,35,22, 6,43, 3,57,14, 5,34,21,25,42, 2,33,13,
         52, 8,20,24,12,45,32)( 4,58,18,55,39,26,30,46,50,38,17,54,10,60,29,
         16,49,37,41,53, 9,48,28,59,19,36,40,27,56,47) ], 
  [ ( 1, 3, 2)( 4, 7, 6, 5)( 8, 9,10,11,12), 
      ( 1,53,25,46,15,36, 8,60, 3,58)( 2,47,35,37,24,26,14,59, 7,54)
        ( 4,42,41,31,30,20,19,57,10,51)( 5,39,44,28,33,17,22,56,12,49)
        ( 6,38,45,27,34,16,23,55,13,48)( 9,32,50,21,40,11,29,52,18,43) ], 
  [ ( 1, 3, 2)( 4, 5, 6, 7)( 8, 9,10,11,12), 
      ( 1,42,35,12,34,11, 8,57, 7,33, 6,32,25,31,24, 5,23,52, 3,51, 2,22,45,
         21,15,20,14,44,13,43)( 4,53,50,27,49,26,19,60,18,48,17,47,41,46,40,
         16,39,59,10,58, 9,38,56,37,30,36,29,55,28,54) ], 
  [ ( 1, 3, 2)( 4, 7, 6, 5)( 8,11, 9,12,10), 
      ( 1,46, 8,58,25,36, 3,53,15,60)( 2,37,14,54,35,26, 7,47,24,59)
        ( 4,31,19,51,41,20,10,42,30,57)( 5,28,22,49,44,17,12,39,33,56)
        ( 6,27,23,48,45,16,13,38,34,55)( 9,21,29,43,50,11,18,32,40,52) ], 
  [ ( 1, 3, 2)( 4, 5, 6, 7)( 8,11, 9,12,10), 
      ( 1,31,14,33,45,11, 3,42,24,44, 6,21, 8,51,35, 5,13,32,15,57, 2,12,23,
         43,25,20, 7,22,34,52)( 4,46,29,48,56,26,10,53,40,55,17,37,19,58,50,
         16,28,47,30,60, 9,27,39,54,41,36,18,38,49,59) ], 
  [ (1,2,3)(4,7,6,5), ( 1,26)( 2,16)( 3,37)( 4,11)( 5, 9)( 6,36)( 7,27)( 8,47)
        (10,21)(12,18)(13,46)(14,38)(15,54)(17,20)(19,32)(22,29)(23,53)(24,48)
        (25,59)(28,31)(30,43)(33,40)(34,58)(35,55)(39,42)(41,52)(44,50)(45,60)
        (49,51)(56,57) ], 
  [ (1,2,3)(4,5,6,7), ( 1,11, 6, 5, 2,20)( 3,21,13,12, 7,31)( 4,26,17,16, 9,36
         )( 8,32,23,22,14,42)(10,37,28,27,18,46)(15,43,34,33,24,51)
        (19,47,39,38,29,53)(25,52,45,44,35,57)(30,54,49,48,40,58)
        (41,59,56,55,50,60) ], 
  [ ( 1, 2, 3)( 4, 7, 6, 5)( 8,10,12, 9,11), 
      ( 1,59,15,47, 3,26,25,54, 8,37)( 2,55,24,38, 7,16,35,48,14,27)
        ( 4,52,30,32,10,11,41,43,19,21)( 5,50,33,29,12, 9,44,40,22,18)
        ( 6,60,34,53,13,36,45,58,23,46)(17,57,49,42,28,20,56,51,39,31) ], 
  [ ( 1, 2, 3)( 4, 5, 6, 7)( 8,10,12, 9,11), 
      ( 1,52,34,22, 7,20,25,43,23,12, 2,57,15,32,13, 5,35,51, 8,21, 6,44,24,
         42, 3,11,45,33,14,31)( 4,59,49,38,18,36,41,54,39,27, 9,60,30,47,28,
         16,50,58,19,37,17,55,40,53,10,26,56,48,29,46) ], 
  [ ( 1, 2, 3)( 4, 7, 6, 5)( 8,12,11,10, 9), 
      ( 1,54, 3,59, 8,26,15,37,25,47)( 2,48, 7,55,14,16,24,27,35,38)
        ( 4,43,10,52,19,11,30,21,41,32)( 5,40,12,50,22, 9,33,18,44,29)
        ( 6,58,13,60,23,36,34,46,45,53)(17,51,28,57,39,20,49,31,56,42) ], 
  [ ( 1, 2, 3)( 4, 5, 6, 7)( 8,12,11,10, 9), 
      ( 1,43,13,44,14,20,15,21,45,22, 2,51, 3,52,23, 5,24,31,25,32, 6,33, 7,
         57, 8,11,34,12,35,42)( 4,54,28,55,29,36,30,37,56,38, 9,58,10,59,39,
         16,40,46,41,47,17,48,18,60,19,26,49,27,50,53) ], 
  [ ( 1, 2, 3)( 4, 7, 6, 5)( 8, 9,10,11,12), 
      ( 1,47,25,37,15,26, 8,59, 3,54)( 2,38,35,27,24,16,14,55, 7,48)
        ( 4,32,41,21,30,11,19,52,10,43)( 5,29,44,18,33, 9,22,50,12,40)
        ( 6,53,45,46,34,36,23,60,13,58)(17,42,56,31,49,20,39,57,28,51) ], 
  [ ( 1, 2, 3)( 4, 5, 6, 7)( 8, 9,10,11,12), 
      ( 1,32,45,12,24,20, 8,52,13,33, 2,42,25,21,34, 5,14,57, 3,43, 6,22,35,
         31,15,11,23,44, 7,51)( 4,47,56,27,40,36,19,59,28,48, 9,53,41,37,49,
         16,29,60,10,54,17,38,50,46,30,26,39,55,18,58) ], 
  [ ( 1, 2, 3)( 4, 7, 6, 5)( 8,11, 9,12,10), 
      ( 1,37, 8,54,25,26, 3,47,15,59)( 2,27,14,48,35,16, 7,38,24,55)
        ( 4,21,19,43,41,11,10,32,30,52)( 5,18,22,40,44, 9,12,29,33,50)
        ( 6,46,23,58,45,36,13,53,34,60)(17,31,39,51,56,20,28,42,49,57) ], 
  [ ( 1, 2, 3)( 4, 5, 6, 7)( 8,11, 9,12,10), 
      ( 1,21,23,33,35,20, 3,32,34,44, 2,31, 8,43,45, 5, 7,42,15,52, 6,12,14,
         51,25,11,13,22,24,57)( 4,37,39,48,50,36,10,47,49,55, 9,46,19,54,56,
         16,18,53,30,59,17,27,29,58,41,26,28,38,40,60) ] ]
);

BRACES[60].brace[5] := rec ( size := 60, perms :=
[ [ (), () ], 
  [ (4,6)(5,7), ( 1, 4)( 2, 9)( 3,41)( 5,16)( 6,17)( 7,50)( 8,30)(10,25)
        (11,26)(12,55)(13,56)(14,40)(15,19)(18,35)(20,36)(21,59)(22,48)(23,49)
        (24,29)(27,44)(28,45)(31,60)(32,54)(33,38)(34,39)(37,52)(42,58)(43,47)
        (46,57)(51,53) ], 
  [ ( 8,10,12, 9,11), ( 1,25,15, 8, 3)( 2,35,24,14, 7)( 4,41,30,19,10)
        ( 5,44,33,22,12)( 6,45,34,23,13)( 9,50,40,29,18)(11,52,43,32,21)
        (16,55,48,38,27)(17,56,49,39,28)(20,57,51,42,31)(26,59,54,47,37)
        (36,60,58,53,46) ], 
  [ ( 4, 6)( 5, 7)( 8,10,12, 9,11), ( 1,41)( 2,50)( 3,30)( 4,25)( 5,55)( 6,56)
