NCBRACES[39] := rec( total := -1, implemented := 8, size := 39, brace := [] 
);NCBRACES[39].brace[1] := rec ( size := 39, perms := [ [  (),  (),  ], [  (1, 
27, 14)(2, 36, 17)(3, 32, 20)(4, 28, 23)(5, 37, 26)(6, 33, 16)(7, 29, 19)(8, 38,
22)(9, 34, 25)(10, 30, 15)(11, 39, 18)(12, 35, 21)(13, 31, 24),  (1, 14, 27)(2, 
15, 28)(3, 16, 29)(4, 17, 30)(5, 18, 31)(6, 19, 32)(7, 20, 33)(8, 21, 34)(9, 22,
35)(10, 23, 36)(11, 24, 37)(12, 25, 38)(13, 26, 39),  ], [  (1, 3, 5, 7, 9, 11, 
13, 2, 4, 6, 8, 10, 12)(14, 16, 18, 20, 22, 24, 26, 15, 17, 19, 21, 23, 25)(27, 
29, 31, 33, 35, 37, 39, 28, 30, 32, 34, 36, 38),  (1, 12, 10, 8, 6, 4, 2, 13, 
11, 9, 7, 5, 3)(14, 21, 15, 22, 16, 23, 17, 24, 18, 25, 19, 26, 20)(27, 35, 30, 
38, 33, 28, 36, 31, 39, 34, 29, 37, 32),  ], [  (1, 14, 27)(2, 17, 36)(3, 20, 
32)(4, 23, 28)(5, 26, 37)(6, 16, 33)(7, 19, 29)(8, 22, 38)(9, 25, 34)(10, 15, 
30)(11, 18, 39)(12, 21, 35)(13, 24, 31),  (1, 27, 14)(2, 28, 15)(3, 29, 16)(4, 
30, 17)(5, 31, 18)(6, 32, 19)(7, 33, 20)(8, 34, 21)(9, 35, 22)(10, 36, 23)(11, 
37, 24)(12, 38, 25)(13, 39, 26),  ], [  (1, 12, 10, 8, 6, 4, 2, 13, 11, 9, 7, 5,
3)(14, 25, 23, 21, 19, 17, 15, 26, 24, 22, 20, 18, 16)(27, 38, 36, 34, 32, 30, 
28, 39, 37, 35, 33, 31, 29),  (1, 3, 5, 7, 9, 11, 13, 2, 4, 6, 8, 10, 12)(14, 
20, 26, 19, 25, 18, 24, 17, 23, 16, 22, 15, 21)(27, 32, 37, 29, 34, 39, 31, 36, 
28, 33, 38, 30, 35),  ], [  (1, 29, 21)(2, 38, 24)(3, 34, 14)(4, 30, 17)(5, 39, 
20)(6, 35, 23)(7, 31, 26)(8, 27, 16)(9, 36, 19)(10, 32, 22)(11, 28, 25)(12, 37, 
15)(13, 33, 18),  (1, 21, 29)(2, 22, 30)(3, 23, 31)(4, 24, 32)(5, 25, 33)(6, 26,
34)(7, 14, 35)(8, 15, 36)(9, 16, 37)(10, 17, 38)(11, 18, 39)(12, 19, 27)(13, 20,
28),  ], [  (1, 38, 20)(2, 34, 23)(3, 30, 26)(4, 39, 16)(5, 35, 19)(6, 31, 
22)(7, 27, 25)(8, 36, 15)(9, 32, 18)(10, 28, 21)(11, 37, 24)(12, 33, 14)(13, 29,
17),  (1, 20, 38)(2, 21, 39)(3, 22, 27)(4, 23, 28)(5, 24, 29)(6, 25, 30)(7, 26, 
31)(8, 14, 32)(9, 15, 33)(10, 16, 34)(11, 17, 35)(12, 18, 36)(13, 19, 37),  ], [
(1, 32, 25)(2, 28, 15)(3, 37, 18)(4, 33, 21)(5, 29, 24)(6, 38, 14)(7, 34, 17)(8,
30, 20)(9, 39, 23)(10, 35, 26)(11, 31, 16)(12, 27, 19)(13, 36, 22),  (1, 25, 
32)(2, 26, 33)(3, 14, 34)(4, 15, 35)(5, 16, 36)(6, 17, 37)(7, 18, 38)(8, 19, 
39)(9, 20, 27)(10, 21, 28)(11, 22, 29)(12, 23, 30)(13, 24, 31),  ], [  (1, 5, 9,
13, 4, 8, 12, 3, 7, 11, 2, 6, 10)(14, 18, 22, 26, 17, 21, 25, 16, 20, 24, 15, 
19, 23)(27, 31, 35, 39, 30, 34, 38, 29, 33, 37, 28, 32, 36),  (1, 10, 6, 2, 11, 
7, 3, 12, 8, 4, 13, 9, 5)(14, 15, 16, 17, 18, 19, 20, 21, 22, 23, 24, 25, 
26)(27, 30, 33, 36, 39, 29, 32, 35, 38, 28, 31, 34, 37),  ], [  (1, 20, 38)(2, 
23, 34)(3, 26, 30)(4, 16, 39)(5, 19, 35)(6, 22, 31)(7, 25, 27)(8, 15, 36)(9, 18,
32)(10, 21, 28)(11, 24, 37)(12, 14, 33)(13, 17, 29),  (1, 38, 20)(2, 39, 21)(3, 
27, 22)(4, 28, 23)(5, 29, 24)(6, 30, 25)(7, 31, 26)(8, 32, 14)(9, 33, 15)(10, 
34, 16)(11, 35, 17)(12, 36, 18)(13, 37, 19),  ], [  (1, 16, 35)(2, 19, 31)(3, 
22, 27)(4, 25, 36)(5, 15, 32)(6, 18, 28)(7, 21, 37)(8, 24, 33)(9, 14, 29)(10, 
17, 38)(11, 20, 34)(12, 23, 30)(13, 26, 39),  (1, 35, 16)(2, 36, 17)(3, 37, 
18)(4, 38, 19)(5, 39, 20)(6, 27, 21)(7, 28, 22)(8, 29, 23)(9, 30, 24)(10, 31, 
25)(11, 32, 26)(12, 33, 14)(13, 34, 15),  ], [  (1, 25, 32)(2, 15, 28)(3, 18, 
37)(4, 21, 33)(5, 24, 29)(6, 14, 38)(7, 17, 34)(8, 20, 30)(9, 23, 39)(10, 26, 
35)(11, 16, 31)(12, 19, 27)(13, 22, 36),  (1, 32, 25)(2, 33, 26)(3, 34, 14)(4, 
35, 15)(5, 36, 16)(6, 37, 17)(7, 38, 18)(8, 39, 19)(9, 27, 20)(10, 28, 21)(11, 
29, 22)(12, 30, 23)(13, 31, 24),  ], [  (1, 35, 16)(2, 31, 19)(3, 27, 22)(4, 36,
25)(5, 32, 15)(6, 28, 18)(7, 37, 21)(8, 33, 24)(9, 29, 14)(10, 38, 17)(11, 34, 
20)(12, 30, 23)(13, 39, 26),  (1, 16, 35)(2, 17, 36)(3, 18, 37)(4, 19, 38)(5, 
20, 39)(6, 21, 27)(7, 22, 28)(8, 23, 29)(9, 24, 30)(10, 25, 31)(11, 26, 32)(12, 
14, 33)(13, 15, 34),  ], [  (1, 21, 29)(2, 24, 38)(3, 14, 34)(4, 17, 30)(5, 20, 
39)(6, 23, 35)(7, 26, 31)(8, 16, 27)(9, 19, 36)(10, 22, 32)(11, 25, 28)(12, 15, 
37)(13, 18, 33),  (1, 29, 21)(2, 30, 22)(3, 31, 23)(4, 32, 24)(5, 33, 25)(6, 34,
26)(7, 35, 14)(8, 36, 15)(9, 37, 16)(10, 38, 17)(11, 39, 18)(12, 27, 19)(13, 28,
20),  ], [  (1, 10, 6, 2, 11, 7, 3, 12, 8, 4, 13, 9, 5)(14, 23, 19, 15, 24, 20, 
16, 25, 21, 17, 26, 22, 18)(27, 36, 32, 28, 37, 33, 29, 38, 34, 30, 39, 35, 31),
(1, 5, 9, 13, 4, 8, 12, 3, 7, 11, 2, 6, 10)(14, 26, 25, 24, 23, 22, 21, 20, 19, 
18, 17, 16, 15)(27, 37, 34, 31, 28, 38, 35, 32, 29, 39, 36, 33, 30),  ], [  (1, 
19, 34)(2, 22, 30)(3, 25, 39)(4, 15, 35)(5, 18, 31)(6, 21, 27)(7, 24, 36)(8, 14,
32)(9, 17, 28)(10, 20, 37)(11, 23, 33)(12, 26, 29)(13, 16, 38),  (1, 34, 19)(2, 
35, 20)(3, 36, 21)(4, 37, 22)(5, 38, 23)(6, 39, 24)(7, 27, 25)(8, 28, 26)(9, 29,
14)(10, 30, 15)(11, 31, 16)(12, 32, 17)(13, 33, 18),  ], [  (1, 31, 15)(2, 27, 
18)(3, 36, 21)(4, 32, 24)(5, 28, 14)(6, 37, 17)(7, 33, 20)(8, 29, 23)(9, 38, 
26)(10, 34, 16)(11, 30, 19)(12, 39, 22)(13, 35, 25),  (1, 15, 31)(2, 16, 32)(3, 
17, 33)(4, 18, 34)(5, 19, 35)(6, 20, 36)(7, 21, 37)(8, 22, 38)(9, 23, 39)(10, 
24, 27)(11, 25, 28)(12, 26, 29)(13, 14, 30),  ], [  (1, 7, 13, 6, 12, 5, 11, 4, 
10, 3, 9, 2, 8)(14, 20, 26, 19, 25, 18, 24, 17, 23, 16, 22, 15, 21)(27, 33, 39, 
32, 38, 31, 37, 30, 36, 29, 35, 28, 34),  (1, 8, 2, 9, 3, 10, 4, 11, 5, 12, 6, 
13, 7)(14, 22, 17, 25, 20, 15, 23, 18, 26, 21, 16, 24, 19)(27, 38, 36, 34, 32, 
30, 28, 39, 37, 35, 33, 31, 29),  ], [  (1, 22, 33)(2, 25, 29)(3, 15, 38)(4, 18,
34)(5, 21, 30)(6, 24, 39)(7, 14, 35)(8, 17, 31)(9, 20, 27)(10, 23, 36)(11, 26, 
32)(12, 16, 28)(13, 19, 37),  (1, 33, 22)(2, 34, 23)(3, 35, 24)(4, 36, 25)(5, 
37, 26)(6, 38, 14)(7, 39, 15)(8, 27, 16)(9, 28, 17)(10, 29, 18)(11, 30, 19)(12, 
31, 20)(13, 32, 21),  ], [  (1, 8, 2, 9, 3, 10, 4, 11, 5, 12, 6, 13, 7)(14, 21, 
15, 22, 16, 23, 17, 24, 18, 25, 19, 26, 20)(27, 34, 28, 35, 29, 36, 30, 37, 31, 
38, 32, 39, 33),  (1, 7, 13, 6, 12, 5, 11, 4, 10, 3, 9, 2, 8)(14, 19, 24, 16, 
21, 26, 18, 23, 15, 20, 25, 17, 22)(27, 29, 31, 33, 35, 37, 39, 28, 30, 32, 34, 
36, 38),  ], [  (1, 36, 26)(2, 32, 16)(3, 28, 19)(4, 37, 22)(5, 33, 25)(6, 29, 
15)(7, 38, 18)(8, 34, 21)(9, 30, 24)(10, 39, 14)(11, 35, 17)(12, 31, 20)(13, 27,
23),  (1, 26, 36)(2, 14, 37)(3, 15, 38)(4, 16, 39)(5, 17, 27)(6, 18, 28)(7, 19, 
29)(8, 20, 30)(9, 21, 31)(10, 22, 32)(11, 23, 33)(12, 24, 34)(13, 25, 35),  ], [
(1, 34, 19)(2, 30, 22)(3, 39, 25)(4, 35, 15)(5, 31, 18)(6, 27, 21)(7, 36, 24)(8,
32, 14)(9, 28, 17)(10, 37, 20)(11, 33, 23)(12, 29, 26)(13, 38, 16),  (1, 19, 
34)(2, 20, 35)(3, 21, 36)(4, 22, 37)(5, 23, 38)(6, 24, 39)(7, 25, 27)(8, 26, 
28)(9, 14, 29)(10, 15, 30)(11, 16, 31)(12, 17, 32)(13, 18, 33),  ], [  (1, 30, 
18)(2, 39, 21)(3, 35, 24)(4, 31, 14)(5, 27, 17)(6, 36, 20)(7, 32, 23)(8, 28, 
26)(9, 37, 16)(10, 33, 19)(11, 29, 22)(12, 38, 25)(13, 34, 15),  (1, 18, 30)(2, 
19, 31)(3, 20, 32)(4, 21, 33)(5, 22, 34)(6, 23, 35)(7, 24, 36)(8, 25, 37)(9, 26,
38)(10, 14, 39)(11, 15, 27)(12, 16, 28)(13, 17, 29),  ], [  (1, 37, 23)(2, 33, 
26)(3, 29, 16)(4, 38, 19)(5, 34, 22)(6, 30, 25)(7, 39, 15)(8, 35, 18)(9, 31, 
21)(10, 27, 24)(11, 36, 14)(12, 32, 17)(13, 28, 20),  (1, 23, 37)(2, 24, 38)(3, 
25, 39)(4, 26, 27)(5, 14, 28)(6, 15, 29)(7, 16, 30)(8, 17, 31)(9, 18, 32)(10, 
19, 33)(11, 20, 34)(12, 21, 35)(13, 22, 36),  ], [  (1, 26, 36)(2, 16, 32)(3, 
19, 28)(4, 22, 37)(5, 25, 33)(6, 15, 29)(7, 18, 38)(8, 21, 34)(9, 24, 30)(10, 
14, 39)(11, 17, 35)(12, 20, 31)(13, 23, 27),  (1, 36, 26)(2, 37, 14)(3, 38, 
15)(4, 39, 16)(5, 27, 17)(6, 28, 18)(7, 29, 19)(8, 30, 20)(9, 31, 21)(10, 32, 
22)(11, 33, 23)(12, 34, 24)(13, 35, 25),  ], [  (1, 18, 30)(2, 21, 39)(3, 24, 
35)(4, 14, 31)(5, 17, 27)(6, 20, 36)(7, 23, 32)(8, 26, 28)(9, 16, 37)(10, 19, 
33)(11, 22, 29)(12, 25, 38)(13, 15, 34),  (1, 30, 18)(2, 31, 19)(3, 32, 20)(4, 
33, 21)(5, 34, 22)(6, 35, 23)(7, 36, 24)(8, 37, 25)(9, 38, 26)(10, 39, 14)(11, 
27, 15)(12, 28, 16)(13, 29, 17),  ], [  (1, 6, 11, 3, 8, 13, 5, 10, 2, 7, 12, 4,
9)(14, 19, 24, 16, 21, 26, 18, 23, 15, 20, 25, 17, 22)(27, 32, 37, 29, 34, 39, 
31, 36, 28, 33, 38, 30, 35),  (1, 9, 4, 12, 7, 2, 10, 5, 13, 8, 3, 11, 6)(14, 
25, 23, 21, 19, 17, 15, 26, 24, 22, 20, 18, 16)(27, 34, 28, 35, 29, 36, 30, 37, 
31, 38, 32, 39, 33),  ], [  (1, 33, 22)(2, 29, 25)(3, 38, 15)(4, 34, 18)(5, 30, 
21)(6, 39, 24)(7, 35, 14)(8, 31, 17)(9, 27, 20)(10, 36, 23)(11, 32, 26)(12, 28, 
16)(13, 37, 19),  (1, 22, 33)(2, 23, 34)(3, 24, 35)(4, 25, 36)(5, 26, 37)(6, 14,
38)(7, 15, 39)(8, 16, 27)(9, 17, 28)(10, 18, 29)(11, 19, 30)(12, 20, 31)(13, 21,
32),  ], [  (1, 9, 4, 12, 7, 2, 10, 5, 13, 8, 3, 11, 6)(14, 22, 17, 25, 20, 15, 
23, 18, 26, 21, 16, 24, 19)(27, 35, 30, 38, 33, 28, 36, 31, 39, 34, 29, 37, 32),
(1, 6, 11, 3, 8, 13, 5, 10, 2, 7, 12, 4, 9)(14, 16, 18, 20, 22, 24, 26, 15, 17, 
19, 21, 23, 25)(27, 33, 39, 32, 38, 31, 37, 30, 36, 29, 35, 28, 34),  ], [  (1, 
23, 37)(2, 26, 33)(3, 16, 29)(4, 19, 38)(5, 22, 34)(6, 25, 30)(7, 15, 39)(8, 18,
35)(9, 21, 31)(10, 24, 27)(11, 14, 36)(12, 17, 32)(13, 20, 28),  (1, 37, 23)(2, 
38, 24)(3, 39, 25)(4, 27, 26)(5, 28, 14)(6, 29, 15)(7, 30, 16)(8, 31, 17)(9, 32,
18)(10, 33, 19)(11, 34, 20)(12, 35, 21)(13, 36, 22),  ], [  (1, 15, 31)(2, 18, 
27)(3, 21, 36)(4, 24, 32)(5, 14, 28)(6, 17, 37)(7, 20, 33)(8, 23, 29)(9, 26, 
38)(10, 16, 34)(11, 19, 30)(12, 22, 39)(13, 25, 35),  (1, 31, 15)(2, 32, 16)(3, 
33, 17)(4, 34, 18)(5, 35, 19)(6, 36, 20)(7, 37, 21)(8, 38, 22)(9, 39, 23)(10, 
27, 24)(11, 28, 25)(12, 29, 26)(13, 30, 14),  ], [  (1, 17, 39)(2, 20, 35)(3, 
23, 31)(4, 26, 27)(5, 16, 36)(6, 19, 32)(7, 22, 28)(8, 25, 37)(9, 15, 33)(10, 
18, 29)(11, 21, 38)(12, 24, 34)(13, 14, 30),  (1, 39, 17)(2, 27, 18)(3, 28, 
19)(4, 29, 20)(5, 30, 21)(6, 31, 22)(7, 32, 23)(8, 33, 24)(9, 34, 25)(10, 35, 
26)(11, 36, 14)(12, 37, 15)(13, 38, 16),  ], [  (1, 24, 28)(2, 14, 37)(3, 17, 
33)(4, 20, 29)(5, 23, 38)(6, 26, 34)(7, 16, 30)(8, 19, 39)(9, 22, 35)(10, 25, 
31)(11, 15, 27)(12, 18, 36)(13, 21, 32),  (1, 28, 24)(2, 29, 25)(3, 30, 26)(4, 
31, 14)(5, 32, 15)(6, 33, 16)(7, 34, 17)(8, 35, 18)(9, 36, 19)(10, 37, 20)(11, 
38, 21)(12, 39, 22)(13, 27, 23),  ], [  (1, 13, 12, 11, 10, 9, 8, 7, 6, 5, 4, 3,
2)(14, 26, 25, 24, 23, 22, 21, 20, 19, 18, 17, 16, 15)(27, 39, 38, 37, 36, 35, 
34, 33, 32, 31, 30, 29, 28),  (1, 2, 3, 4, 5, 6, 7, 8, 9, 10, 11, 12, 13)(14, 
17, 20, 23, 26, 16, 19, 22, 25, 15, 18, 21, 24)(27, 36, 32, 28, 37, 33, 29, 38, 
34, 30, 39, 35, 31),  ], [  (1, 2, 3, 4, 5, 6, 7, 8, 9, 10, 11, 12, 13)(14, 15, 
16, 17, 18, 19, 20, 21, 22, 23, 24, 25, 26)(27, 28, 29, 30, 31, 32, 33, 34, 35, 
36, 37, 38, 39),  (1, 13, 12, 11, 10, 9, 8, 7, 6, 5, 4, 3, 2)(14, 24, 21, 18, 
15, 25, 22, 19, 16, 26, 23, 20, 17)(27, 31, 35, 39, 30, 34, 38, 29, 33, 37, 28, 
32, 36),  ], [  (1, 28, 24)(2, 37, 14)(3, 33, 17)(4, 29, 20)(5, 38, 23)(6, 34, 
26)(7, 30, 16)(8, 39, 19)(9, 35, 22)(10, 31, 25)(11, 27, 15)(12, 36, 18)(13, 32,
21),  (1, 24, 28)(2, 25, 29)(3, 26, 30)(4, 14, 31)(5, 15, 32)(6, 16, 33)(7, 17, 
34)(8, 18, 35)(9, 19, 36)(10, 20, 37)(11, 21, 38)(12, 22, 39)(13, 23, 27),  ], [
(1, 39, 17)(2, 35, 20)(3, 31, 23)(4, 27, 26)(5, 36, 16)(6, 32, 19)(7, 28, 22)(8,
37, 25)(9, 33, 15)(10, 29, 18)(11, 38, 21)(12, 34, 24)(13, 30, 14),  (1, 17, 
39)(2, 18, 27)(3, 19, 28)(4, 20, 29)(5, 21, 30)(6, 22, 31)(7, 23, 32)(8, 24, 
33)(9, 25, 34)(10, 26, 35)(11, 14, 36)(12, 15, 37)(13, 16, 38),  ], [  (1, 11, 
8, 5, 2, 12, 9, 6, 3, 13, 10, 7, 4)(14, 24, 21, 18, 15, 25, 22, 19, 16, 26, 23, 
20, 17)(27, 37, 34, 31, 28, 38, 35, 32, 29, 39, 36, 33, 30),  (1, 4, 7, 10, 13, 
3, 6, 9, 12, 2, 5, 8, 11)(14, 23, 19, 15, 24, 20, 16, 25, 21, 17, 26, 22, 
18)(27, 28, 29, 30, 31, 32, 33, 34, 35, 36, 37, 38, 39),  ], [  (1, 4, 7, 10, 
13, 3, 6, 9, 12, 2, 5, 8, 11)(14, 17, 20, 23, 26, 16, 19, 22, 25, 15, 18, 21, 
24)(27, 30, 33, 36, 39, 29, 32, 35, 38, 28, 31, 34, 37),  (1, 11, 8, 5, 2, 12, 
9, 6, 3, 13, 10, 7, 4)(14, 18, 22, 26, 17, 21, 25, 16, 20, 24, 15, 19, 23)(27, 
39, 38, 37, 36, 35, 34, 33, 32, 31, 30, 29, 28),  ], ]
);

NCBRACES[39].brace[2] := rec ( size := 39, perms := [ [  (),  (),  ], [  (1, 27,
14)(2, 36, 17)(3, 32, 20)(4, 28, 23)(5, 37, 26)(6, 33, 16)(7, 29, 19)(8, 38, 
22)(9, 34, 25)(10, 30, 15)(11, 39, 18)(12, 35, 21)(13, 31, 24),  (1, 14, 27)(2, 
17, 36)(3, 20, 32)(4, 23, 28)(5, 26, 37)(6, 16, 33)(7, 19, 29)(8, 22, 38)(9, 25,
34)(10, 15, 30)(11, 18, 39)(12, 21, 35)(13, 24, 31),  ], [  (1, 3, 5, 7, 9, 11, 
13, 2, 4, 6, 8, 10, 12)(14, 16, 18, 20, 22, 24, 26, 15, 17, 19, 21, 23, 25)(27, 
29, 31, 33, 35, 37, 39, 28, 30, 32, 34, 36, 38),  (1, 12, 10, 8, 6, 4, 2, 13, 
11, 9, 7, 5, 3)(14, 25, 23, 21, 19, 17, 15, 26, 24, 22, 20, 18, 16)(27, 38, 36, 
34, 32, 30, 28, 39, 37, 35, 33, 31, 29),  ], [  (1, 14, 27)(2, 17, 36)(3, 20, 
32)(4, 23, 28)(5, 26, 37)(6, 16, 33)(7, 19, 29)(8, 22, 38)(9, 25, 34)(10, 15, 
30)(11, 18, 39)(12, 21, 35)(13, 24, 31),  (1, 27, 14)(2, 36, 17)(3, 32, 20)(4, 
28, 23)(5, 37, 26)(6, 33, 16)(7, 29, 19)(8, 38, 22)(9, 34, 25)(10, 30, 15)(11, 
39, 18)(12, 35, 21)(13, 31, 24),  ], [  (1, 12, 10, 8, 6, 4, 2, 13, 11, 9, 7, 5,
3)(14, 25, 23, 21, 19, 17, 15, 26, 24, 22, 20, 18, 16)(27, 38, 36, 34, 32, 30, 
28, 39, 37, 35, 33, 31, 29),  (1, 3, 5, 7, 9, 11, 13, 2, 4, 6, 8, 10, 12)(14, 
16, 18, 20, 22, 24, 26, 15, 17, 19, 21, 23, 25)(27, 29, 31, 33, 35, 37, 39, 28, 
30, 32, 34, 36, 38),  ], [  (1, 32, 25)(2, 28, 15)(3, 37, 18)(4, 33, 21)(5, 29, 
24)(6, 38, 14)(7, 34, 17)(8, 30, 20)(9, 39, 23)(10, 35, 26)(11, 31, 16)(12, 27, 
19)(13, 36, 22),  (1, 25, 32)(2, 15, 28)(3, 18, 37)(4, 21, 33)(5, 24, 29)(6, 14,
38)(7, 17, 34)(8, 20, 30)(9, 23, 39)(10, 26, 35)(11, 16, 31)(12, 19, 27)(13, 22,
36),  ], [  (1, 35, 16)(2, 31, 19)(3, 27, 22)(4, 36, 25)(5, 32, 15)(6, 28, 
18)(7, 37, 21)(8, 33, 24)(9, 29, 14)(10, 38, 17)(11, 34, 20)(12, 30, 23)(13, 39,
26),  (1, 16, 35)(2, 19, 31)(3, 22, 27)(4, 25, 36)(5, 15, 32)(6, 18, 28)(7, 21, 
37)(8, 24, 33)(9, 14, 29)(10, 17, 38)(11, 20, 34)(12, 23, 30)(13, 26, 39),  ], [
(1, 29, 21)(2, 38, 24)(3, 34, 14)(4, 30, 17)(5, 39, 20)(6, 35, 23)(7, 31, 26)(8,
27, 16)(9, 36, 19)(10, 32, 22)(11, 28, 25)(12, 37, 15)(13, 33, 18),  (1, 21, 
29)(2, 24, 38)(3, 14, 34)(4, 17, 30)(5, 20, 39)(6, 23, 35)(7, 26, 31)(8, 16, 
27)(9, 19, 36)(10, 22, 32)(11, 25, 28)(12, 15, 37)(13, 18, 33),  ], [  (1, 5, 9,
13, 4, 8, 12, 3, 7, 11, 2, 6, 10)(14, 18, 22, 26, 17, 21, 25, 16, 20, 24, 15, 
19, 23)(27, 31, 35, 39, 30, 34, 38, 29, 33, 37, 28, 32, 36),  (1, 10, 6, 2, 11, 
7, 3, 12, 8, 4, 13, 9, 5)(14, 23, 19, 15, 24, 20, 16, 25, 21, 17, 26, 22, 
18)(27, 36, 32, 28, 37, 33, 29, 38, 34, 30, 39, 35, 31),  ], [  (1, 16, 35)(2, 
19, 31)(3, 22, 27)(4, 25, 36)(5, 15, 32)(6, 18, 28)(7, 21, 37)(8, 24, 33)(9, 14,
29)(10, 17, 38)(11, 20, 34)(12, 23, 30)(13, 26, 39),  (1, 35, 16)(2, 31, 19)(3, 
27, 22)(4, 36, 25)(5, 32, 15)(6, 28, 18)(7, 37, 21)(8, 33, 24)(9, 29, 14)(10, 
38, 17)(11, 34, 20)(12, 30, 23)(13, 39, 26),  ], [  (1, 20, 38)(2, 23, 34)(3, 
26, 30)(4, 16, 39)(5, 19, 35)(6, 22, 31)(7, 25, 27)(8, 15, 36)(9, 18, 32)(10, 
21, 28)(11, 24, 37)(12, 14, 33)(13, 17, 29),  (1, 38, 20)(2, 34, 23)(3, 30, 
26)(4, 39, 16)(5, 35, 19)(6, 31, 22)(7, 27, 25)(8, 36, 15)(9, 32, 18)(10, 28, 
21)(11, 37, 24)(12, 33, 14)(13, 29, 17),  ], [  (1, 21, 29)(2, 24, 38)(3, 14, 
34)(4, 17, 30)(5, 20, 39)(6, 23, 35)(7, 26, 31)(8, 16, 27)(9, 19, 36)(10, 22, 
32)(11, 25, 28)(12, 15, 37)(13, 18, 33),  (1, 29, 21)(2, 38, 24)(3, 34, 14)(4, 
30, 17)(5, 39, 20)(6, 35, 23)(7, 31, 26)(8, 27, 16)(9, 36, 19)(10, 32, 22)(11, 
28, 25)(12, 37, 15)(13, 33, 18),  ], [  (1, 38, 20)(2, 34, 23)(3, 30, 26)(4, 39,
16)(5, 35, 19)(6, 31, 22)(7, 27, 25)(8, 36, 15)(9, 32, 18)(10, 28, 21)(11, 37, 
24)(12, 33, 14)(13, 29, 17),  (1, 20, 38)(2, 23, 34)(3, 26, 30)(4, 16, 39)(5, 
19, 35)(6, 22, 31)(7, 25, 27)(8, 15, 36)(9, 18, 32)(10, 21, 28)(11, 24, 37)(12, 
14, 33)(13, 17, 29),  ], [  (1, 25, 32)(2, 15, 28)(3, 18, 37)(4, 21, 33)(5, 24, 
29)(6, 14, 38)(7, 17, 34)(8, 20, 30)(9, 23, 39)(10, 26, 35)(11, 16, 31)(12, 19, 
27)(13, 22, 36),  (1, 32, 25)(2, 28, 15)(3, 37, 18)(4, 33, 21)(5, 29, 24)(6, 38,
14)(7, 34, 17)(8, 30, 20)(9, 39, 23)(10, 35, 26)(11, 31, 16)(12, 27, 19)(13, 36,
22),  ], [  (1, 10, 6, 2, 11, 7, 3, 12, 8, 4, 13, 9, 5)(14, 23, 19, 15, 24, 20, 
16, 25, 21, 17, 26, 22, 18)(27, 36, 32, 28, 37, 33, 29, 38, 34, 30, 39, 35, 31),
(1, 5, 9, 13, 4, 8, 12, 3, 7, 11, 2, 6, 10)(14, 18, 22, 26, 17, 21, 25, 16, 20, 
24, 15, 19, 23)(27, 31, 35, 39, 30, 34, 38, 29, 33, 37, 28, 32, 36),  ], [  (1, 
19, 34)(2, 22, 30)(3, 25, 39)(4, 15, 35)(5, 18, 31)(6, 21, 27)(7, 24, 36)(8, 14,
32)(9, 17, 28)(10, 20, 37)(11, 23, 33)(12, 26, 29)(13, 16, 38),  (1, 34, 19)(2, 
30, 22)(3, 39, 25)(4, 35, 15)(5, 31, 18)(6, 27, 21)(7, 36, 24)(8, 32, 14)(9, 28,
17)(10, 37, 20)(11, 33, 23)(12, 29, 26)(13, 38, 16),  ], [  (1, 37, 23)(2, 33, 
26)(3, 29, 16)(4, 38, 19)(5, 34, 22)(6, 30, 25)(7, 39, 15)(8, 35, 18)(9, 31, 
21)(10, 27, 24)(11, 36, 14)(12, 32, 17)(13, 28, 20),  (1, 23, 37)(2, 26, 33)(3, 
16, 29)(4, 19, 38)(5, 22, 34)(6, 25, 30)(7, 15, 39)(8, 18, 35)(9, 21, 31)(10, 
24, 27)(11, 14, 36)(12, 17, 32)(13, 20, 28),  ], [  (1, 6, 11, 3, 8, 13, 5, 10, 
2, 7, 12, 4, 9)(14, 19, 24, 16, 21, 26, 18, 23, 15, 20, 25, 17, 22)(27, 32, 37, 
29, 34, 39, 31, 36, 28, 33, 38, 30, 35),  (1, 9, 4, 12, 7, 2, 10, 5, 13, 8, 3, 
11, 6)(14, 22, 17, 25, 20, 15, 23, 18, 26, 21, 16, 24, 19)(27, 35, 30, 38, 33, 
28, 36, 31, 39, 34, 29, 37, 32),  ], [  (1, 22, 33)(2, 25, 29)(3, 15, 38)(4, 18,
34)(5, 21, 30)(6, 24, 39)(7, 14, 35)(8, 17, 31)(9, 20, 27)(10, 23, 36)(11, 26, 
32)(12, 16, 28)(13, 19, 37),  (1, 33, 22)(2, 29, 25)(3, 38, 15)(4, 34, 18)(5, 
30, 21)(6, 39, 24)(7, 35, 14)(8, 31, 17)(9, 27, 20)(10, 36, 23)(11, 32, 26)(12, 
28, 16)(13, 37, 19),  ], [  (1, 9, 4, 12, 7, 2, 10, 5, 13, 8, 3, 11, 6)(14, 22, 
17, 25, 20, 15, 23, 18, 26, 21, 16, 24, 19)(27, 35, 30, 38, 33, 28, 36, 31, 39, 
34, 29, 37, 32),  (1, 6, 11, 3, 8, 13, 5, 10, 2, 7, 12, 4, 9)(14, 19, 24, 16, 
21, 26, 18, 23, 15, 20, 25, 17, 22)(27, 32, 37, 29, 34, 39, 31, 36, 28, 33, 38, 
30, 35),  ], [  (1, 30, 18)(2, 39, 21)(3, 35, 24)(4, 31, 14)(5, 27, 17)(6, 36, 
20)(7, 32, 23)(8, 28, 26)(9, 37, 16)(10, 33, 19)(11, 29, 22)(12, 38, 25)(13, 34,
15),  (1, 18, 30)(2, 21, 39)(3, 24, 35)(4, 14, 31)(5, 17, 27)(6, 20, 36)(7, 23, 
32)(8, 26, 28)(9, 16, 37)(10, 19, 33)(11, 22, 29)(12, 25, 38)(13, 15, 34),  ], [
(1, 34, 19)(2, 30, 22)(3, 39, 25)(4, 35, 15)(5, 31, 18)(6, 27, 21)(7, 36, 24)(8,
32, 14)(9, 28, 17)(10, 37, 20)(11, 33, 23)(12, 29, 26)(13, 38, 16),  (1, 19, 
34)(2, 22, 30)(3, 25, 39)(4, 15, 35)(5, 18, 31)(6, 21, 27)(7, 24, 36)(8, 14, 
32)(9, 17, 28)(10, 20, 37)(11, 23, 33)(12, 26, 29)(13, 16, 38),  ], [  (1, 31, 
15)(2, 27, 18)(3, 36, 21)(4, 32, 24)(5, 28, 14)(6, 37, 17)(7, 33, 20)(8, 29, 
23)(9, 38, 26)(10, 34, 16)(11, 30, 19)(12, 39, 22)(13, 35, 25),  (1, 15, 31)(2, 
18, 27)(3, 21, 36)(4, 24, 32)(5, 14, 28)(6, 17, 37)(7, 20, 33)(8, 23, 29)(9, 26,
38)(10, 16, 34)(11, 19, 30)(12, 22, 39)(13, 25, 35),  ], [  (1, 7, 13, 6, 12, 5,
11, 4, 10, 3, 9, 2, 8)(14, 20, 26, 19, 25, 18, 24, 17, 23, 16, 22, 15, 21)(27, 
33, 39, 32, 38, 31, 37, 30, 36, 29, 35, 28, 34),  (1, 8, 2, 9, 3, 10, 4, 11, 5, 
12, 6, 13, 7)(14, 21, 15, 22, 16, 23, 17, 24, 18, 25, 19, 26, 20)(27, 34, 28, 
35, 29, 36, 30, 37, 31, 38, 32, 39, 33),  ], [  (1, 18, 30)(2, 21, 39)(3, 24, 
35)(4, 14, 31)(5, 17, 27)(6, 20, 36)(7, 23, 32)(8, 26, 28)(9, 16, 37)(10, 19, 
33)(11, 22, 29)(12, 25, 38)(13, 15, 34),  (1, 30, 18)(2, 39, 21)(3, 35, 24)(4, 
31, 14)(5, 27, 17)(6, 36, 20)(7, 32, 23)(8, 28, 26)(9, 37, 16)(10, 33, 19)(11, 
29, 22)(12, 38, 25)(13, 34, 15),  ], [  (1, 23, 37)(2, 26, 33)(3, 16, 29)(4, 19,
38)(5, 22, 34)(6, 25, 30)(7, 15, 39)(8, 18, 35)(9, 21, 31)(10, 24, 27)(11, 14, 
36)(12, 17, 32)(13, 20, 28),  (1, 37, 23)(2, 33, 26)(3, 29, 16)(4, 38, 19)(5, 
34, 22)(6, 30, 25)(7, 39, 15)(8, 35, 18)(9, 31, 21)(10, 27, 24)(11, 36, 14)(12, 
32, 17)(13, 28, 20),  ], [  (1, 26, 36)(2, 16, 32)(3, 19, 28)(4, 22, 37)(5, 25, 
33)(6, 15, 29)(7, 18, 38)(8, 21, 34)(9, 24, 30)(10, 14, 39)(11, 17, 35)(12, 20, 
31)(13, 23, 27),  (1, 36, 26)(2, 32, 16)(3, 28, 19)(4, 37, 22)(5, 33, 25)(6, 29,
15)(7, 38, 18)(8, 34, 21)(9, 30, 24)(10, 39, 14)(11, 35, 17)(12, 31, 20)(13, 27,
23),  ], [  (1, 33, 22)(2, 29, 25)(3, 38, 15)(4, 34, 18)(5, 30, 21)(6, 39, 
24)(7, 35, 14)(8, 31, 17)(9, 27, 20)(10, 36, 23)(11, 32, 26)(12, 28, 16)(13, 37,
19),  (1, 22, 33)(2, 25, 29)(3, 15, 38)(4, 18, 34)(5, 21, 30)(6, 24, 39)(7, 14, 
35)(8, 17, 31)(9, 20, 27)(10, 23, 36)(11, 26, 32)(12, 16, 28)(13, 19, 37),  ], [
(1, 8, 2, 9, 3, 10, 4, 11, 5, 12, 6, 13, 7)(14, 21, 15, 22, 16, 23, 17, 24, 18, 
25, 19, 26, 20)(27, 34, 28, 35, 29, 36, 30, 37, 31, 38, 32, 39, 33),  (1, 7, 13,
6, 12, 5, 11, 4, 10, 3, 9, 2, 8)(14, 20, 26, 19, 25, 18, 24, 17, 23, 16, 22, 15,
21)(27, 33, 39, 32, 38, 31, 37, 30, 36, 29, 35, 28, 34),  ], [  (1, 15, 31)(2, 
18, 27)(3, 21, 36)(4, 24, 32)(5, 14, 28)(6, 17, 37)(7, 20, 33)(8, 23, 29)(9, 26,
38)(10, 16, 34)(11, 19, 30)(12, 22, 39)(13, 25, 35),  (1, 31, 15)(2, 27, 18)(3, 
36, 21)(4, 32, 24)(5, 28, 14)(6, 37, 17)(7, 33, 20)(8, 29, 23)(9, 38, 26)(10, 
34, 16)(11, 30, 19)(12, 39, 22)(13, 35, 25),  ], [  (1, 36, 26)(2, 32, 16)(3, 
28, 19)(4, 37, 22)(5, 33, 25)(6, 29, 15)(7, 38, 18)(8, 34, 21)(9, 30, 24)(10, 
39, 14)(11, 35, 17)(12, 31, 20)(13, 27, 23),  (1, 26, 36)(2, 16, 32)(3, 19, 
28)(4, 22, 37)(5, 25, 33)(6, 15, 29)(7, 18, 38)(8, 21, 34)(9, 24, 30)(10, 14, 
39)(11, 17, 35)(12, 20, 31)(13, 23, 27),  ], [  (1, 24, 28)(2, 14, 37)(3, 17, 
33)(4, 20, 29)(5, 23, 38)(6, 26, 34)(7, 16, 30)(8, 19, 39)(9, 22, 35)(10, 25, 
31)(11, 15, 27)(12, 18, 36)(13, 21, 32),  (1, 28, 24)(2, 37, 14)(3, 33, 17)(4, 
29, 20)(5, 38, 23)(6, 34, 26)(7, 30, 16)(8, 39, 19)(9, 35, 22)(10, 31, 25)(11, 
27, 15)(12, 36, 18)(13, 32, 21),  ], [  (1, 11, 8, 5, 2, 12, 9, 6, 3, 13, 10, 7,
4)(14, 24, 21, 18, 15, 25, 22, 19, 16, 26, 23, 20, 17)(27, 37, 34, 31, 28, 38, 
35, 32, 29, 39, 36, 33, 30),  (1, 4, 7, 10, 13, 3, 6, 9, 12, 2, 5, 8, 11)(14, 
17, 20, 23, 26, 16, 19, 22, 25, 15, 18, 21, 24)(27, 30, 33, 36, 39, 29, 32, 35, 
38, 28, 31, 34, 37),  ], [  (1, 4, 7, 10, 13, 3, 6, 9, 12, 2, 5, 8, 11)(14, 17, 
20, 23, 26, 16, 19, 22, 25, 15, 18, 21, 24)(27, 30, 33, 36, 39, 29, 32, 35, 38, 
28, 31, 34, 37),  (1, 11, 8, 5, 2, 12, 9, 6, 3, 13, 10, 7, 4)(14, 24, 21, 18, 
15, 25, 22, 19, 16, 26, 23, 20, 17)(27, 37, 34, 31, 28, 38, 35, 32, 29, 39, 36, 
33, 30),  ], [  (1, 17, 39)(2, 20, 35)(3, 23, 31)(4, 26, 27)(5, 16, 36)(6, 19, 
32)(7, 22, 28)(8, 25, 37)(9, 15, 33)(10, 18, 29)(11, 21, 38)(12, 24, 34)(13, 14,
30),  (1, 39, 17)(2, 35, 20)(3, 31, 23)(4, 27, 26)(5, 36, 16)(6, 32, 19)(7, 28, 
22)(8, 37, 25)(9, 33, 15)(10, 29, 18)(11, 38, 21)(12, 34, 24)(13, 30, 14),  ], [
(1, 39, 17)(2, 35, 20)(3, 31, 23)(4, 27, 26)(5, 36, 16)(6, 32, 19)(7, 28, 22)(8,
37, 25)(9, 33, 15)(10, 29, 18)(11, 38, 21)(12, 34, 24)(13, 30, 14),  (1, 17, 
39)(2, 20, 35)(3, 23, 31)(4, 26, 27)(5, 16, 36)(6, 19, 32)(7, 22, 28)(8, 25, 
37)(9, 15, 33)(10, 18, 29)(11, 21, 38)(12, 24, 34)(13, 14, 30),  ], [  (1, 13, 
12, 11, 10, 9, 8, 7, 6, 5, 4, 3, 2)(14, 26, 25, 24, 23, 22, 21, 20, 19, 18, 17, 
16, 15)(27, 39, 38, 37, 36, 35, 34, 33, 32, 31, 30, 29, 28),  (1, 2, 3, 4, 5, 6,
7, 8, 9, 10, 11, 12, 13)(14, 15, 16, 17, 18, 19, 20, 21, 22, 23, 24, 25, 26)(27,
28, 29, 30, 31, 32, 33, 34, 35, 36, 37, 38, 39),  ], [  (1, 28, 24)(2, 37, 
14)(3, 33, 17)(4, 29, 20)(5, 38, 23)(6, 34, 26)(7, 30, 16)(8, 39, 19)(9, 35, 
22)(10, 31, 25)(11, 27, 15)(12, 36, 18)(13, 32, 21),  (1, 24, 28)(2, 14, 37)(3, 
17, 33)(4, 20, 29)(5, 23, 38)(6, 26, 34)(7, 16, 30)(8, 19, 39)(9, 22, 35)(10, 
25, 31)(11, 15, 27)(12, 18, 36)(13, 21, 32),  ], [  (1, 2, 3, 4, 5, 6, 7, 8, 9, 
10, 11, 12, 13)(14, 15, 16, 17, 18, 19, 20, 21, 22, 23, 24, 25, 26)(27, 28, 29, 
30, 31, 32, 33, 34, 35, 36, 37, 38, 39),  (1, 13, 12, 11, 10, 9, 8, 7, 6, 5, 4, 
3, 2)(14, 26, 25, 24, 23, 22, 21, 20, 19, 18, 17, 16, 15)(27, 39, 38, 37, 36, 
35, 34, 33, 32, 31, 30, 29, 28),  ], ]
);

NCBRACES[39].brace[3] := rec ( size := 39, perms := [ [  (),  (),  ], [  (1, 14,
27)(2, 17, 36)(3, 20, 32)(4, 23, 28)(5, 26, 37)(6, 16, 33)(7, 19, 29)(8, 22, 
38)(9, 25, 34)(10, 15, 30)(11, 18, 39)(12, 21, 35)(13, 24, 31),  (1, 27, 14)(2, 
30, 23)(3, 33, 19)(4, 36, 15)(5, 39, 24)(6, 29, 20)(7, 32, 16)(8, 35, 25)(9, 38,
21)(10, 28, 17)(11, 31, 26)(12, 34, 22)(13, 37, 18),  ], [  (1, 3, 5, 7, 9, 11, 
13, 2, 4, 6, 8, 10, 12)(14, 16, 18, 20, 22, 24, 26, 15, 17, 19, 21, 23, 25)(27, 
29, 31, 33, 35, 37, 39, 28, 30, 32, 34, 36, 38),  (1, 12, 10, 8, 6, 4, 2, 13, 
11, 9, 7, 5, 3)(14, 21, 15, 22, 16, 23, 17, 24, 18, 25, 19, 26, 20)(27, 35, 30, 
38, 33, 28, 36, 31, 39, 34, 29, 37, 32),  ], [  (1, 27, 14)(2, 36, 17)(3, 32, 
20)(4, 28, 23)(5, 37, 26)(6, 33, 16)(7, 29, 19)(8, 38, 22)(9, 34, 25)(10, 30, 
15)(11, 39, 18)(12, 35, 21)(13, 31, 24),  (1, 14, 27)(2, 23, 30)(3, 19, 33)(4, 
15, 36)(5, 24, 39)(6, 20, 29)(7, 16, 32)(8, 25, 35)(9, 21, 38)(10, 17, 28)(11, 
26, 31)(12, 22, 34)(13, 18, 37),  ], [  (1, 12, 10, 8, 6, 4, 2, 13, 11, 9, 7, 5,
3)(14, 25, 23, 21, 19, 17, 15, 26, 24, 22, 20, 18, 16)(27, 38, 36, 34, 32, 30, 
28, 39, 37, 35, 33, 31, 29),  (1, 3, 5, 7, 9, 11, 13, 2, 4, 6, 8, 10, 12)(14, 
20, 26, 19, 25, 18, 24, 17, 23, 16, 22, 15, 21)(27, 32, 37, 29, 34, 39, 31, 36, 
28, 33, 38, 30, 35),  ], [  (1, 19, 34)(2, 22, 30)(3, 25, 39)(4, 15, 35)(5, 18, 
31)(6, 21, 27)(7, 24, 36)(8, 14, 32)(9, 17, 28)(10, 20, 37)(11, 23, 33)(12, 26, 
29)(13, 16, 38),  (1, 35, 19)(2, 38, 15)(3, 28, 24)(4, 31, 20)(5, 34, 16)(6, 37,
25)(7, 27, 21)(8, 30, 17)(9, 33, 26)(10, 36, 22)(11, 39, 18)(12, 29, 14)(13, 32,
23),  ], [  (1, 22, 33)(2, 25, 29)(3, 15, 38)(4, 18, 34)(5, 21, 30)(6, 24, 
39)(7, 14, 35)(8, 17, 31)(9, 20, 27)(10, 23, 36)(11, 26, 32)(12, 16, 28)(13, 19,
37),  (1, 32, 22)(2, 35, 18)(3, 38, 14)(4, 28, 23)(5, 31, 19)(6, 34, 15)(7, 37, 
24)(8, 27, 20)(9, 30, 16)(10, 33, 25)(11, 36, 21)(12, 39, 17)(13, 29, 26),  ], [
(1, 20, 38)(2, 23, 34)(3, 26, 30)(4, 16, 39)(5, 19, 35)(6, 22, 31)(7, 25, 27)(8,
15, 36)(9, 18, 32)(10, 21, 28)(11, 24, 37)(12, 14, 33)(13, 17, 29),  (1, 34, 
20)(2, 37, 16)(3, 27, 25)(4, 30, 21)(5, 33, 17)(6, 36, 26)(7, 39, 22)(8, 29, 
18)(9, 32, 14)(10, 35, 23)(11, 38, 19)(12, 28, 15)(13, 31, 24),  ], [  (1, 5, 9,
13, 4, 8, 12, 3, 7, 11, 2, 6, 10)(14, 18, 22, 26, 17, 21, 25, 16, 20, 24, 15, 
19, 23)(27, 31, 35, 39, 30, 34, 38, 29, 33, 37, 28, 32, 36),  (1, 10, 6, 2, 11, 
7, 3, 12, 8, 4, 13, 9, 5)(14, 15, 16, 17, 18, 19, 20, 21, 22, 23, 24, 25, 
26)(27, 30, 33, 36, 39, 29, 32, 35, 38, 28, 31, 34, 37),  ], [  (1, 32, 25)(2, 
28, 15)(3, 37, 18)(4, 33, 21)(5, 29, 24)(6, 38, 14)(7, 34, 17)(8, 30, 20)(9, 39,
23)(10, 35, 26)(11, 31, 16)(12, 27, 19)(13, 36, 22),  (1, 22, 32)(2, 18, 35)(3, 
14, 38)(4, 23, 28)(5, 19, 31)(6, 15, 34)(7, 24, 37)(8, 20, 27)(9, 16, 30)(10, 
25, 33)(11, 21, 36)(12, 17, 39)(13, 26, 29),  ], [  (1, 33, 22)(2, 29, 25)(3, 
38, 15)(4, 34, 18)(5, 30, 21)(6, 39, 24)(7, 35, 14)(8, 31, 17)(9, 27, 20)(10, 
36, 23)(11, 32, 26)(12, 28, 16)(13, 37, 19),  (1, 21, 33)(2, 17, 36)(3, 26, 
39)(4, 22, 29)(5, 18, 32)(6, 14, 35)(7, 23, 38)(8, 19, 28)(9, 15, 31)(10, 24, 
34)(11, 20, 37)(12, 16, 27)(13, 25, 30),  ], [  (1, 34, 19)(2, 30, 22)(3, 39, 
25)(4, 35, 15)(5, 31, 18)(6, 27, 21)(7, 36, 24)(8, 32, 14)(9, 28, 17)(10, 37, 
20)(11, 33, 23)(12, 29, 26)(13, 38, 16),  (1, 20, 34)(2, 16, 37)(3, 25, 27)(4, 
21, 30)(5, 17, 33)(6, 26, 36)(7, 22, 39)(8, 18, 29)(9, 14, 32)(10, 23, 35)(11, 
19, 38)(12, 15, 28)(13, 24, 31),  ], [  (1, 21, 29)(2, 24, 38)(3, 14, 34)(4, 17,
30)(5, 20, 39)(6, 23, 35)(7, 26, 31)(8, 16, 27)(9, 19, 36)(10, 22, 32)(11, 25, 
28)(12, 15, 37)(13, 18, 33),  (1, 33, 21)(2, 36, 17)(3, 39, 26)(4, 29, 22)(5, 
32, 18)(6, 35, 14)(7, 38, 23)(8, 28, 19)(9, 31, 15)(10, 34, 24)(11, 37, 20)(12, 
27, 16)(13, 30, 25),  ], [  (1, 35, 16)(2, 31, 19)(3, 27, 22)(4, 36, 25)(5, 32, 
15)(6, 28, 18)(7, 37, 21)(8, 33, 24)(9, 29, 14)(10, 38, 17)(11, 34, 20)(12, 30, 
23)(13, 39, 26),  (1, 19, 35)(2, 15, 38)(3, 24, 28)(4, 20, 31)(5, 16, 34)(6, 25,
37)(7, 21, 27)(8, 17, 30)(9, 26, 33)(10, 22, 36)(11, 18, 39)(12, 14, 29)(13, 23,
32),  ], [  (1, 10, 6, 2, 11, 7, 3, 12, 8, 4, 13, 9, 5)(14, 23, 19, 15, 24, 20, 
16, 25, 21, 17, 26, 22, 18)(27, 36, 32, 28, 37, 33, 29, 38, 34, 30, 39, 35, 31),
(1, 5, 9, 13, 4, 8, 12, 3, 7, 11, 2, 6, 10)(14, 26, 25, 24, 23, 22, 21, 20, 19, 
18, 17, 16, 15)(27, 37, 34, 31, 28, 38, 35, 32, 29, 39, 36, 33, 30),  ], [  (1, 
29, 21)(2, 38, 24)(3, 34, 14)(4, 30, 17)(5, 39, 20)(6, 35, 23)(7, 31, 26)(8, 27,
16)(9, 36, 19)(10, 32, 22)(11, 28, 25)(12, 37, 15)(13, 33, 18),  (1, 25, 29)(2, 
21, 32)(3, 17, 35)(4, 26, 38)(5, 22, 28)(6, 18, 31)(7, 14, 34)(8, 23, 37)(9, 19,
27)(10, 15, 30)(11, 24, 33)(12, 20, 36)(13, 16, 39),  ], [  (1, 24, 28)(2, 14, 
37)(3, 17, 33)(4, 20, 29)(5, 23, 38)(6, 26, 34)(7, 16, 30)(8, 19, 39)(9, 22, 
35)(10, 25, 31)(11, 15, 27)(12, 18, 36)(13, 21, 32),  (1, 30, 24)(2, 33, 20)(3, 
36, 16)(4, 39, 25)(5, 29, 21)(6, 32, 17)(7, 35, 26)(8, 38, 22)(9, 28, 18)(10, 
31, 14)(11, 34, 23)(12, 37, 19)(13, 27, 15),  ], [  (1, 7, 13, 6, 12, 5, 11, 4, 
10, 3, 9, 2, 8)(14, 20, 26, 19, 25, 18, 24, 17, 23, 16, 22, 15, 21)(27, 33, 39, 
32, 38, 31, 37, 30, 36, 29, 35, 28, 34),  (1, 8, 2, 9, 3, 10, 4, 11, 5, 12, 6, 
13, 7)(14, 22, 17, 25, 20, 15, 23, 18, 26, 21, 16, 24, 19)(27, 38, 36, 34, 32, 
30, 28, 39, 37, 35, 33, 31, 29),  ], [  (1, 38, 20)(2, 34, 23)(3, 30, 26)(4, 39,
16)(5, 35, 19)(6, 31, 22)(7, 27, 25)(8, 36, 15)(9, 32, 18)(10, 28, 21)(11, 37, 
24)(12, 33, 14)(13, 29, 17),  (1, 16, 38)(2, 25, 28)(3, 21, 31)(4, 17, 34)(5, 
26, 37)(6, 22, 27)(7, 18, 30)(8, 14, 33)(9, 23, 36)(10, 19, 39)(11, 15, 29)(12, 
24, 32)(13, 20, 35),  ], [  (1, 8, 2, 9, 3, 10, 4, 11, 5, 12, 6, 13, 7)(14, 21, 
15, 22, 16, 23, 17, 24, 18, 25, 19, 26, 20)(27, 34, 28, 35, 29, 36, 30, 37, 31, 
38, 32, 39, 33),  (1, 7, 13, 6, 12, 5, 11, 4, 10, 3, 9, 2, 8)(14, 19, 24, 16, 
21, 26, 18, 23, 15, 20, 25, 17, 22)(27, 29, 31, 33, 35, 37, 39, 28, 30, 32, 34, 
36, 38),  ], [  (1, 17, 39)(2, 20, 35)(3, 23, 31)(4, 26, 27)(5, 16, 36)(6, 19, 
32)(7, 22, 28)(8, 25, 37)(9, 15, 33)(10, 18, 29)(11, 21, 38)(12, 24, 34)(13, 14,
30),  (1, 37, 17)(2, 27, 26)(3, 30, 22)(4, 33, 18)(5, 36, 14)(6, 39, 23)(7, 29, 
19)(8, 32, 15)(9, 35, 24)(10, 38, 20)(11, 28, 16)(12, 31, 25)(13, 34, 21),  ], [
(1, 25, 32)(2, 15, 28)(3, 18, 37)(4, 21, 33)(5, 24, 29)(6, 14, 38)(7, 17, 34)(8,
20, 30)(9, 23, 39)(10, 26, 35)(11, 16, 31)(12, 19, 27)(13, 22, 36),  (1, 29, 
25)(2, 32, 21)(3, 35, 17)(4, 38, 26)(5, 28, 22)(6, 31, 18)(7, 34, 14)(8, 37, 
23)(9, 27, 19)(10, 30, 15)(11, 33, 24)(12, 36, 20)(13, 39, 16),  ], [  (1, 15, 
31)(2, 18, 27)(3, 21, 36)(4, 24, 32)(5, 14, 28)(6, 17, 37)(7, 20, 33)(8, 23, 
29)(9, 26, 38)(10, 16, 34)(11, 19, 30)(12, 22, 39)(13, 25, 35),  (1, 39, 15)(2, 
29, 24)(3, 32, 20)(4, 35, 16)(5, 38, 25)(6, 28, 21)(7, 31, 17)(8, 34, 26)(9, 37,
22)(10, 27, 18)(11, 30, 14)(12, 33, 23)(13, 36, 19),  ], [  (1, 26, 36)(2, 16, 
32)(3, 19, 28)(4, 22, 37)(5, 25, 33)(6, 15, 29)(7, 18, 38)(8, 21, 34)(9, 24, 
30)(10, 14, 39)(11, 17, 35)(12, 20, 31)(13, 23, 27),  (1, 28, 26)(2, 31, 22)(3, 
34, 18)(4, 37, 14)(5, 27, 23)(6, 30, 19)(7, 33, 15)(8, 36, 24)(9, 39, 20)(10, 
29, 16)(11, 32, 25)(12, 35, 21)(13, 38, 17),  ], [  (1, 37, 23)(2, 33, 26)(3, 
29, 16)(4, 38, 19)(5, 34, 22)(6, 30, 25)(7, 39, 15)(8, 35, 18)(9, 31, 21)(10, 
27, 24)(11, 36, 14)(12, 32, 17)(13, 28, 20),  (1, 17, 37)(2, 26, 27)(3, 22, 
30)(4, 18, 33)(5, 14, 36)(6, 23, 39)(7, 19, 29)(8, 15, 32)(9, 24, 35)(10, 20, 
38)(11, 16, 28)(12, 25, 31)(13, 21, 34),  ], [  (1, 39, 17)(2, 35, 20)(3, 31, 
23)(4, 27, 26)(5, 36, 16)(6, 32, 19)(7, 28, 22)(8, 37, 25)(9, 33, 15)(10, 29, 
18)(11, 38, 21)(12, 34, 24)(13, 30, 14),  (1, 15, 39)(2, 24, 29)(3, 20, 32)(4, 
16, 35)(5, 25, 38)(6, 21, 28)(7, 17, 31)(8, 26, 34)(9, 22, 37)(10, 18, 27)(11, 
14, 30)(12, 23, 33)(13, 19, 36),  ], [  (1, 6, 11, 3, 8, 13, 5, 10, 2, 7, 12, 4,
9)(14, 19, 24, 16, 21, 26, 18, 23, 15, 20, 25, 17, 22)(27, 32, 37, 29, 34, 39, 
31, 36, 28, 33, 38, 30, 35),  (1, 9, 4, 12, 7, 2, 10, 5, 13, 8, 3, 11, 6)(14, 
25, 23, 21, 19, 17, 15, 26, 24, 22, 20, 18, 16)(27, 34, 28, 35, 29, 36, 30, 37, 
31, 38, 32, 39, 33),  ], [  (1, 16, 35)(2, 19, 31)(3, 22, 27)(4, 25, 36)(5, 15, 
32)(6, 18, 28)(7, 21, 37)(8, 24, 33)(9, 14, 29)(10, 17, 38)(11, 20, 34)(12, 23, 
30)(13, 26, 39),  (1, 38, 16)(2, 28, 25)(3, 31, 21)(4, 34, 17)(5, 37, 26)(6, 27,
22)(7, 30, 18)(8, 33, 14)(9, 36, 23)(10, 39, 19)(11, 29, 15)(12, 32, 24)(13, 35,
20),  ], [  (1, 9, 4, 12, 7, 2, 10, 5, 13, 8, 3, 11, 6)(14, 22, 17, 25, 20, 15, 
23, 18, 26, 21, 16, 24, 19)(27, 35, 30, 38, 33, 28, 36, 31, 39, 34, 29, 37, 32),
(1, 6, 11, 3, 8, 13, 5, 10, 2, 7, 12, 4, 9)(14, 16, 18, 20, 22, 24, 26, 15, 17, 
19, 21, 23, 25)(27, 33, 39, 32, 38, 31, 37, 30, 36, 29, 35, 28, 34),  ], [  (1, 
28, 24)(2, 37, 14)(3, 33, 17)(4, 29, 20)(5, 38, 23)(6, 34, 26)(7, 30, 16)(8, 39,
19)(9, 35, 22)(10, 31, 25)(11, 27, 15)(12, 36, 18)(13, 32, 21),  (1, 26, 28)(2, 
22, 31)(3, 18, 34)(4, 14, 37)(5, 23, 27)(6, 19, 30)(7, 15, 33)(8, 24, 36)(9, 20,
39)(10, 16, 29)(11, 25, 32)(12, 21, 35)(13, 17, 38),  ], [  (1, 30, 18)(2, 39, 
21)(3, 35, 24)(4, 31, 14)(5, 27, 17)(6, 36, 20)(7, 32, 23)(8, 28, 26)(9, 37, 
16)(10, 33, 19)(11, 29, 22)(12, 38, 25)(13, 34, 15),  (1, 24, 30)(2, 20, 33)(3, 
16, 36)(4, 25, 39)(5, 21, 29)(6, 17, 32)(7, 26, 35)(8, 22, 38)(9, 18, 28)(10, 
14, 31)(11, 23, 34)(12, 19, 37)(13, 15, 27),  ], [  (1, 36, 26)(2, 32, 16)(3, 
28, 19)(4, 37, 22)(5, 33, 25)(6, 29, 15)(7, 38, 18)(8, 34, 21)(9, 30, 24)(10, 
39, 14)(11, 35, 17)(12, 31, 20)(13, 27, 23),  (1, 18, 36)(2, 14, 39)(3, 23, 
29)(4, 19, 32)(5, 15, 35)(6, 24, 38)(7, 20, 28)(8, 16, 31)(9, 25, 34)(10, 21, 
37)(11, 17, 27)(12, 26, 30)(13, 22, 33),  ], [  (1, 31, 15)(2, 27, 18)(3, 36, 
21)(4, 32, 24)(5, 28, 14)(6, 37, 17)(7, 33, 20)(8, 29, 23)(9, 38, 26)(10, 34, 
16)(11, 30, 19)(12, 39, 22)(13, 35, 25),  (1, 23, 31)(2, 19, 34)(3, 15, 37)(4, 
24, 27)(5, 20, 30)(6, 16, 33)(7, 25, 36)(8, 21, 39)(9, 17, 29)(10, 26, 32)(11, 
22, 35)(12, 18, 38)(13, 14, 28),  ], [  (1, 13, 12, 11, 10, 9, 8, 7, 6, 5, 4, 3,
2)(14, 26, 25, 24, 23, 22, 21, 20, 19, 18, 17, 16, 15)(27, 39, 38, 37, 36, 35, 
34, 33, 32, 31, 30, 29, 28),  (1, 2, 3, 4, 5, 6, 7, 8, 9, 10, 11, 12, 13)(14, 
17, 20, 23, 26, 16, 19, 22, 25, 15, 18, 21, 24)(27, 36, 32, 28, 37, 33, 29, 38, 
34, 30, 39, 35, 31),  ], [  (1, 2, 3, 4, 5, 6, 7, 8, 9, 10, 11, 12, 13)(14, 15, 
16, 17, 18, 19, 20, 21, 22, 23, 24, 25, 26)(27, 28, 29, 30, 31, 32, 33, 34, 35, 
36, 37, 38, 39),  (1, 13, 12, 11, 10, 9, 8, 7, 6, 5, 4, 3, 2)(14, 24, 21, 18, 
15, 25, 22, 19, 16, 26, 23, 20, 17)(27, 31, 35, 39, 30, 34, 38, 29, 33, 37, 28, 
32, 36),  ], [  (1, 23, 37)(2, 26, 33)(3, 16, 29)(4, 19, 38)(5, 22, 34)(6, 25, 
30)(7, 15, 39)(8, 18, 35)(9, 21, 31)(10, 24, 27)(11, 14, 36)(12, 17, 32)(13, 20,
28),  (1, 31, 23)(2, 34, 19)(3, 37, 15)(4, 27, 24)(5, 30, 20)(6, 33, 16)(7, 36, 
25)(8, 39, 21)(9, 29, 17)(10, 32, 26)(11, 35, 22)(12, 38, 18)(13, 28, 14),  ], [
(1, 18, 30)(2, 21, 39)(3, 24, 35)(4, 14, 31)(5, 17, 27)(6, 20, 36)(7, 23, 32)(8,
26, 28)(9, 16, 37)(10, 19, 33)(11, 22, 29)(12, 25, 38)(13, 15, 34),  (1, 36, 
18)(2, 39, 14)(3, 29, 23)(4, 32, 19)(5, 35, 15)(6, 38, 24)(7, 28, 20)(8, 31, 
16)(9, 34, 25)(10, 37, 21)(11, 27, 17)(12, 30, 26)(13, 33, 22),  ], [  (1, 11, 
8, 5, 2, 12, 9, 6, 3, 13, 10, 7, 4)(14, 24, 21, 18, 15, 25, 22, 19, 16, 26, 23, 
20, 17)(27, 37, 34, 31, 28, 38, 35, 32, 29, 39, 36, 33, 30),  (1, 4, 7, 10, 13, 
3, 6, 9, 12, 2, 5, 8, 11)(14, 23, 19, 15, 24, 20, 16, 25, 21, 17, 26, 22, 
18)(27, 28, 29, 30, 31, 32, 33, 34, 35, 36, 37, 38, 39),  ], [  (1, 4, 7, 10, 
13, 3, 6, 9, 12, 2, 5, 8, 11)(14, 17, 20, 23, 26, 16, 19, 22, 25, 15, 18, 21, 
24)(27, 30, 33, 36, 39, 29, 32, 35, 38, 28, 31, 34, 37),  (1, 11, 8, 5, 2, 12, 
9, 6, 3, 13, 10, 7, 4)(14, 18, 22, 26, 17, 21, 25, 16, 20, 24, 15, 19, 23)(27, 
39, 38, 37, 36, 35, 34, 33, 32, 31, 30, 29, 28),  ], ]
);

NCBRACES[39].brace[4] := rec ( size := 39, perms := [ [  (),  (),  ], [  (1, 14,
27)(2, 17, 36)(3, 20, 32)(4, 23, 28)(5, 26, 37)(6, 16, 33)(7, 19, 29)(8, 22, 
38)(9, 25, 34)(10, 15, 30)(11, 18, 39)(12, 21, 35)(13, 24, 31),  (1, 27, 14)(2, 
30, 23)(3, 33, 19)(4, 36, 15)(5, 39, 24)(6, 29, 20)(7, 32, 16)(8, 35, 25)(9, 38,
21)(10, 28, 17)(11, 31, 26)(12, 34, 22)(13, 37, 18),  ], [  (1, 3, 5, 7, 9, 11, 
13, 2, 4, 6, 8, 10, 12)(14, 16, 18, 20, 22, 24, 26, 15, 17, 19, 21, 23, 25)(27, 
29, 31, 33, 35, 37, 39, 28, 30, 32, 34, 36, 38),  (1, 12, 10, 8, 6, 4, 2, 13, 
11, 9, 7, 5, 3)(14, 25, 23, 21, 19, 17, 15, 26, 24, 22, 20, 18, 16)(27, 38, 36, 
34, 32, 30, 28, 39, 37, 35, 33, 31, 29),  ], [  (1, 27, 14)(2, 36, 17)(3, 32, 
20)(4, 28, 23)(5, 37, 26)(6, 33, 16)(7, 29, 19)(8, 38, 22)(9, 34, 25)(10, 30, 
15)(11, 39, 18)(12, 35, 21)(13, 31, 24),  (1, 14, 27)(2, 23, 30)(3, 19, 33)(4, 
15, 36)(5, 24, 39)(6, 20, 29)(7, 16, 32)(8, 25, 35)(9, 21, 38)(10, 17, 28)(11, 
26, 31)(12, 22, 34)(13, 18, 37),  ], [  (1, 12, 10, 8, 6, 4, 2, 13, 11, 9, 7, 5,
3)(14, 25, 23, 21, 19, 17, 15, 26, 24, 22, 20, 18, 16)(27, 38, 36, 34, 32, 30, 
28, 39, 37, 35, 33, 31, 29),  (1, 3, 5, 7, 9, 11, 13, 2, 4, 6, 8, 10, 12)(14, 
16, 18, 20, 22, 24, 26, 15, 17, 19, 21, 23, 25)(27, 29, 31, 33, 35, 37, 39, 28, 
30, 32, 34, 36, 38),  ], [  (1, 19, 34)(2, 22, 30)(3, 25, 39)(4, 15, 35)(5, 18, 
31)(6, 21, 27)(7, 24, 36)(8, 14, 32)(9, 17, 28)(10, 20, 37)(11, 23, 33)(12, 26, 
29)(13, 16, 38),  (1, 38, 19)(2, 28, 15)(3, 31, 24)(4, 34, 20)(5, 37, 16)(6, 27,
25)(7, 30, 21)(8, 33, 17)(9, 36, 26)(10, 39, 22)(11, 29, 18)(12, 32, 14)(13, 35,
23),  ], [  (1, 22, 33)(2, 25, 29)(3, 15, 38)(4, 18, 34)(5, 21, 30)(6, 24, 
39)(7, 14, 35)(8, 17, 31)(9, 20, 27)(10, 23, 36)(11, 26, 32)(12, 16, 28)(13, 19,
37),  (1, 29, 22)(2, 32, 18)(3, 35, 14)(4, 38, 23)(5, 28, 19)(6, 31, 15)(7, 34, 
24)(8, 37, 20)(9, 27, 16)(10, 30, 25)(11, 33, 21)(12, 36, 17)(13, 39, 26),  ], [
(1, 16, 35)(2, 19, 31)(3, 22, 27)(4, 25, 36)(5, 15, 32)(6, 18, 28)(7, 21, 37)(8,
24, 33)(9, 14, 29)(10, 17, 38)(11, 20, 34)(12, 23, 30)(13, 26, 39),  (1, 34, 
16)(2, 37, 25)(3, 27, 21)(4, 30, 17)(5, 33, 26)(6, 36, 22)(7, 39, 18)(8, 29, 
14)(9, 32, 23)(10, 35, 19)(11, 38, 15)(12, 28, 24)(13, 31, 20),  ], [  (1, 5, 9,
13, 4, 8, 12, 3, 7, 11, 2, 6, 10)(14, 18, 22, 26, 17, 21, 25, 16, 20, 24, 15, 
19, 23)(27, 31, 35, 39, 30, 34, 38, 29, 33, 37, 28, 32, 36),  (1, 10, 6, 2, 11, 
7, 3, 12, 8, 4, 13, 9, 5)(14, 23, 19, 15, 24, 20, 16, 25, 21, 17, 26, 22, 
18)(27, 36, 32, 28, 37, 33, 29, 38, 34, 30, 39, 35, 31),  ], [  (1, 29, 21)(2, 
38, 24)(3, 34, 14)(4, 30, 17)(5, 39, 20)(6, 35, 23)(7, 31, 26)(8, 27, 16)(9, 36,
19)(10, 32, 22)(11, 28, 25)(12, 37, 15)(13, 33, 18),  (1, 22, 29)(2, 18, 32)(3, 
14, 35)(4, 23, 38)(5, 19, 28)(6, 15, 31)(7, 24, 34)(8, 20, 37)(9, 16, 27)(10, 
25, 30)(11, 21, 33)(12, 17, 36)(13, 26, 39),  ], [  (1, 33, 22)(2, 29, 25)(3, 
38, 15)(4, 34, 18)(5, 30, 21)(6, 39, 24)(7, 35, 14)(8, 31, 17)(9, 27, 20)(10, 
36, 23)(11, 32, 26)(12, 28, 16)(13, 37, 19),  (1, 25, 33)(2, 21, 36)(3, 17, 
39)(4, 26, 29)(5, 22, 32)(6, 18, 35)(7, 14, 38)(8, 23, 28)(9, 19, 31)(10, 15, 
34)(11, 24, 37)(12, 20, 27)(13, 16, 30),  ], [  (1, 34, 19)(2, 30, 22)(3, 39, 
25)(4, 35, 15)(5, 31, 18)(6, 27, 21)(7, 36, 24)(8, 32, 14)(9, 28, 17)(10, 37, 
20)(11, 33, 23)(12, 29, 26)(13, 38, 16),  (1, 16, 34)(2, 25, 37)(3, 21, 27)(4, 
17, 30)(5, 26, 33)(6, 22, 36)(7, 18, 39)(8, 14, 29)(9, 23, 32)(10, 19, 35)(11, 
15, 38)(12, 24, 28)(13, 20, 31),  ], [  (1, 25, 32)(2, 15, 28)(3, 18, 37)(4, 21,
33)(5, 24, 29)(6, 14, 38)(7, 17, 34)(8, 20, 30)(9, 23, 39)(10, 26, 35)(11, 16, 
31)(12, 19, 27)(13, 22, 36),  (1, 33, 25)(2, 36, 21)(3, 39, 17)(4, 29, 26)(5, 
32, 22)(6, 35, 18)(7, 38, 14)(8, 28, 23)(9, 31, 19)(10, 34, 15)(11, 37, 24)(12, 
27, 20)(13, 30, 16),  ], [  (1, 38, 20)(2, 34, 23)(3, 30, 26)(4, 39, 16)(5, 35, 
19)(6, 31, 22)(7, 27, 25)(8, 36, 15)(9, 32, 18)(10, 28, 21)(11, 37, 24)(12, 33, 
14)(13, 29, 17),  (1, 19, 38)(2, 15, 28)(3, 24, 31)(4, 20, 34)(5, 16, 37)(6, 25,
27)(7, 21, 30)(8, 17, 33)(9, 26, 36)(10, 22, 39)(11, 18, 29)(12, 14, 32)(13, 23,
35),  ], [  (1, 10, 6, 2, 11, 7, 3, 12, 8, 4, 13, 9, 5)(14, 23, 19, 15, 24, 20, 
16, 25, 21, 17, 26, 22, 18)(27, 36, 32, 28, 37, 33, 29, 38, 34, 30, 39, 35, 31),
(1, 5, 9, 13, 4, 8, 12, 3, 7, 11, 2, 6, 10)(14, 18, 22, 26, 17, 21, 25, 16, 20, 
24, 15, 19, 23)(27, 31, 35, 39, 30, 34, 38, 29, 33, 37, 28, 32, 36),  ], [  (1, 
32, 25)(2, 28, 15)(3, 37, 18)(4, 33, 21)(5, 29, 24)(6, 38, 14)(7, 34, 17)(8, 30,
