NCBRACES[93] := [ rec(
      gadd := 
       [ ( 1, 4, 7,10,13,16,19,22,25,28,31, 3, 6, 9,12,15,18,21,24,27,30, 2,
              5, 8,11,14,17,20,23,26,29)(32,35,38,41,44,47,50,53,56,59,62,34,
             37,40,43,46,49,52,55,58,61,33,36,39,42,45,48,51,54,57,60)
            (63,66,69,72,75,78,81,84,87,90,93,65,68,71,74,77,80,83,86,89,92,
             64,67,70,73,76,79,82,85,88,91), 
          ( 1,92,51)( 2,66,45)( 3,71,39)( 4,76,33)( 5,81,58)( 6,86,52)
            ( 7,91,46)( 8,65,40)( 9,70,34)(10,75,59)(11,80,53)(12,85,47)
            (13,90,41)(14,64,35)(15,69,60)(16,74,54)(17,79,48)(18,84,42)
            (19,89,36)(20,63,61)(21,68,55)(22,73,49)(23,78,43)(24,83,37)
            (25,88,62)(26,93,56)(27,67,50)(28,72,44)(29,77,38)(30,82,32)
            (31,87,57) ],
      gmul := 
       [ ( 1, 7,13,19,25,31, 6,12,18,24,30, 5,11,17,23,29, 4,10,16,22,28, 3,
              9,15,21,27, 2, 8,14,20,26)(32,58,53,48,43,38,33,59,54,49,44,39,
             34,60,55,50,45,40,35,61,56,51,46,41,36,62,57,52,47,42,37)
            (63,93,92,91,90,89,88,87,86,85,84,83,82,81,80,79,78,77,76,75,74,
             73,72,71,70,69,68,67,66,65,64), 
          ( 1,67,56)( 2,68,57)( 3,69,58)( 4,70,59)( 5,71,60)( 6,72,61)
            ( 7,73,62)( 8,74,32)( 9,75,33)(10,76,34)(11,77,35)(12,78,36)
            (13,79,37)(14,80,38)(15,81,39)(16,82,40)(17,83,41)(18,84,42)
            (19,85,43)(20,86,44)(21,87,45)(22,88,46)(23,89,47)(24,90,48)
            (25,91,49)(26,92,50)(27,93,51)(28,63,52)(29,64,53)(30,65,54)
            (31,66,55) ],
      p := ( 2,32,77,69,75,31,21,46, 9,18,28,12,70,17,49,79,13,52,61,35,41,24,
         54,82,37,22,36,71,88,26,86, 3,25,11,87,51,47,53,34,91,44,29,80,68,64,
         84,89,30,59,23,50,57,73,65,78)( 4,63,40,42)( 5, 8,43,76,16,74,20)
        ( 6,56,14,67,48,60,55,93,27,66,38,81,33,45,72,92)( 7,39,85)(10,90,62)
        (19,83,58),
      q := ( 2,63,85,26,46,24,77,37,11,52,73,44, 4,32,54,53,84,33,91,65,60,72,
         51,81,89, 3, 8,70,16,36,49,35,80,62,23,66,64,34,45,55,57,61,79,20,28,
         21,86,30,83,88, 7,90,68,38,47,82,69,42,29,41, 9,15,18, 5,25,22,74,13,
         87,92,27,50,93, 6,67,76,17,71,58,14,56,19,59,10,39,40,75)
        (12,43,48,78,31) ), rec(
      gadd := 
       [ ( 1,56,67)( 2,50,72)( 3,44,77)( 4,38,82)( 5,32,87)( 6,57,92)
            ( 7,51,66)( 8,45,71)( 9,39,76)(10,33,81)(11,58,86)(12,52,91)
            (13,46,65)(14,40,70)(15,34,75)(16,59,80)(17,53,85)(18,47,90)
            (19,41,64)(20,35,69)(21,60,74)(22,54,79)(23,48,84)(24,42,89)
            (25,36,63)(26,61,68)(27,55,73)(28,49,78)(29,43,83)(30,37,88)
            (31,62,93), ( 1,70,43)( 2,75,37)( 3,80,62)( 4,85,56)( 5,90,50)
            ( 6,64,44)( 7,69,38)( 8,74,32)( 9,79,57)(10,84,51)(11,89,45)
            (12,63,39)(13,68,33)(14,73,58)(15,78,52)(16,83,46)(17,88,40)
            (18,93,34)(19,67,59)(20,72,53)(21,77,47)(22,82,41)(23,87,35)
            (24,92,60)(25,66,54)(26,71,48)(27,76,42)(28,81,36)(29,86,61)
            (30,91,55)(31,65,49) ],
      gmul := 
       [ ( 1,14,27, 9,22, 4,17,30,12,25, 7,20, 2,15,28,10,23, 5,18,31,13,26,
              8,21, 3,16,29,11,24, 6,19)(32,45,58,40,53,35,48,61,43,56,38,51,
             33,46,59,41,54,36,49,62,44,57,39,52,34,47,60,42,55,37,50)
            (63,76,89,71,84,66,79,92,74,87,69,82,64,77,90,72,85,67,80,93,75,
             88,70,83,65,78,91,73,86,68,81), 
          ( 1,79,35)( 2,84,60)( 3,89,54)( 4,63,48)( 5,68,42)( 6,73,36)
            ( 7,78,61)( 8,83,55)( 9,88,49)(10,93,43)(11,67,37)(12,72,62)
            (13,77,56)(14,82,50)(15,87,44)(16,92,38)(17,66,32)(18,71,57)
            (19,76,51)(20,81,45)(21,86,39)(22,91,33)(23,65,58)(24,70,52)
            (25,75,46)(26,80,40)(27,85,34)(28,90,59)(29,64,53)(30,69,47)
            (31,74,41) ],
      p := ( 2,32,64,80,43,65,73, 9, 7,50,51,56,20,19,81,87,15,26,69,54,72,71,
         74,24,38,92,12,79,86,28,16,76, 3, 4,63,33,42,11,78,83,70,30,47,55,85,
         36,88,46, 6,45,68,39,89,49,84, 5,29,93,21,37,23,53,13,60,62)
        ( 8,35,57,67,44,22,48,61,34,75)(10,66,90,52,41,27,82,59,77,25)
        (14,91,18)(17,58,31),
      q := ( 2,63,89,71,36,58)( 3,29,57,56,13,78,59,54,55,40,85,74, 9,26,37,
         10,50,92,21,69,77, 8,79,46,27,53,20,14,45,62,31,16,48,73,24,64,41, 6,
         91,15, 7,66,39,33,75,25,23,82,83,43,44,11,60,68,90,87,18,19,47,72,49,
         34,42,22,76,30,81,52,80,70)( 4,32,38,51,67,65,61,84,28,17,88,86, 5)
        (12,35,93) ), rec(
      gadd := 
       [ ( 1,58,88)( 2,52,93)( 3,46,67)( 4,40,72)( 5,34,77)( 6,59,82)
            ( 7,53,87)( 8,47,92)( 9,41,66)(10,35,71)(11,60,76)(12,54,81)
            (13,48,86)(14,42,91)(15,36,65)(16,61,70)(17,55,75)(18,49,80)
            (19,43,85)(20,37,90)(21,62,64)(22,56,69)(23,50,74)(24,44,79)
            (25,38,84)(26,32,89)(27,57,63)(28,51,68)(29,45,73)(30,39,78)
            (31,33,83), ( 1,69,37)( 2,74,62)( 3,79,56)( 4,84,50)( 5,89,44)
            ( 6,63,38)( 7,68,32)( 8,73,57)( 9,78,51)(10,83,45)(11,88,39)
            (12,93,33)(13,67,58)(14,72,52)(15,77,46)(16,82,40)(17,87,34)
            (18,92,59)(19,66,53)(20,71,47)(21,76,41)(22,81,35)(23,86,60)
            (24,91,54)(25,65,48)(26,70,42)(27,75,36)(28,80,61)(29,85,55)
            (30,90,49)(31,64,43) ],
      gmul := 
       [ ( 1,29,26,23,20,17,14,11, 8, 5, 2,30,27,24,21,18,15,12, 9, 6, 3,31,
             28,25,22,19,16,13,10, 7, 4)(32,50,37,55,42,60,47,34,52,39,57,44,
             62,49,36,54,41,59,46,33,51,38,56,43,61,48,35,53,40,58,45)
            (63,79,64,80,65,81,66,82,67,83,68,84,69,85,70,86,71,87,72,88,73,
             89,74,90,75,91,76,92,77,93,78), 
          ( 1,64,62)( 2,89,36)( 3,83,41)( 4,77,46)( 5,71,51)( 6,65,56)
            ( 7,90,61)( 8,84,35)( 9,78,40)(10,72,45)(11,66,50)(12,91,55)
            (13,85,60)(14,79,34)(15,73,39)(16,67,44)(17,92,49)(18,86,54)
            (19,80,59)(20,74,33)(21,68,38)(22,93,43)(23,87,48)(24,81,53)
            (25,75,58)(26,69,32)(27,63,37)(28,88,42)(29,82,47)(30,76,52)
            (31,70,57) ],
      p := ( 2,63,77,62,10,43,35,71,33,78)( 3,25,11,59,23,79,13,67,91,84,38,
         60,80,57,51,66,89,30,87,73,42, 4,32,40,65,45,46, 9,18,28,12,36,41,24,
         86)( 5, 8,90,69,61,76,16,56,14,52,75,31,21,72,53,82,64,44,29,55,58,
         19,39,49,50,68,37,22,70,17,85, 7,83,93,27,47,92, 6,74,20)
        (26,54,34,48,81,88),
      q := ( 2,32,86,30,39,77,64,82,62,23,47,34,78,31,12,90,57,75)
        ( 3, 8,36,85,26,72,73,84,88, 7,43,91,42,29,71,93, 6,52,51,60,46,24,40,
         61,50,58,14,74,13,59,10,83,33,48,45,80,69,65,81,38,66,37,11,67,35,55,
         68,89)( 4,63,49,76,17,41, 9,15,18, 5,25,22,56,19,87,53,44)(16,70)
        (20,28,21,54,92,27,79) ), rec(
      gadd := 
       [ ( 1,25,18,11, 4,28,21,14, 7,31,24,17,10, 3,27,20,13, 6,30,23,16, 9,
              2,26,19,12, 5,29,22,15, 8)(32,56,49,42,35,59,52,45,38,62,55,48,
             41,34,58,51,44,37,61,54,47,40,33,57,50,43,36,60,53,46,39)
            (63,87,80,73,66,90,83,76,69,93,86,79,72,65,89,82,75,68,92,85,78,
             71,64,88,81,74,67,91,84,77,70), 
          ( 1,78,60)( 2,83,54)( 3,88,48)( 4,93,42)( 5,67,36)( 6,72,61)
            ( 7,77,55)( 8,82,49)( 9,87,43)(10,92,37)(11,66,62)(12,71,56)
            (13,76,50)(14,81,44)(15,86,38)(16,91,32)(17,65,57)(18,70,51)
            (19,75,45)(20,80,39)(21,85,33)(22,90,58)(23,64,52)(24,69,46)
            (25,74,40)(26,79,34)(27,84,59)(28,89,53)(29,63,47)(30,68,41)
            (31,73,35) ],
      gmul := 
       [ ( 1,62,88)( 2,36,82)( 3,41,76)( 4,46,70)( 5,51,64)( 6,56,89)
            ( 7,61,83)( 8,35,77)( 9,40,71)(10,45,65)(11,50,90)(12,55,84)
            (13,60,78)(14,34,72)(15,39,66)(16,44,91)(17,49,85)(18,54,79)
            (19,59,73)(20,33,67)(21,38,92)(22,43,86)(23,48,80)(24,53,74)
            (25,58,68)(26,32,93)(27,37,87)(28,42,81)(29,47,75)(30,52,69)
            (31,57,63), ( 1,75,34)( 2,69,39)( 3,63,44)( 4,88,49)( 5,82,54)
            ( 6,76,59)( 7,70,33)( 8,64,38)( 9,89,43)(10,83,48)(11,77,53)
            (12,71,58)(13,65,32)(14,90,37)(15,84,42)(16,78,47)(17,72,52)
            (18,66,57)(19,91,62)(20,85,36)(21,79,41)(22,73,46)(23,67,51)
            (24,92,56)(25,86,61)(26,80,35)(27,74,40)(28,68,45)(29,93,50)
            (30,87,55)(31,81,60) ],
      p := ( 2,63,64,49,53,13,91,18,14,60,93,21,68,70,30,78,52,72,40,71,43,34,
         44,22,79,55,54,41,27,51,87,15,26,38,61,65,42,11,47,86,28,16,45,37,23,
         84, 5,29,62)( 3, 4,32,33,73, 9, 7,81,56,20,19,50,82,90,83,39,58,31,
         17,89,80,74,24,69,85,67,75, 8,66,59,46, 6,76)(10,35,88,77,25)
        (12,48,92)(36,57),
      q := ( 2,32,69,46,27,84,28,17,57,87,18,19,78,90,56,13,47,41, 6,60,37,10,
         81,83,74, 9,26,68,59,85,43,75,25,23,51,36,89,40,54,86, 5, 4,63,58)
        ( 3,29,88,55,71,67,34,73,24,33,44,11,91,15, 7,35,62,31,16,79,77, 8,48,
         42,22,45,93,12,66,70)(14,76,30,50,61,53,20)(21,38,82,52,49,65,92)
        (39,64,72,80) ), rec(
      gadd := 
       [ ( 1,11,21,31,10,20,30, 9,19,29, 8,18,28, 7,17,27, 6,16,26, 5,15,25,
              4,14,24, 3,13,23, 2,12,22)(32,42,52,62,41,51,61,40,50,60,39,49,
             59,38,48,58,37,47,57,36,46,56,35,45,55,34,44,54,33,43,53)
            (63,73,83,93,72,82,92,71,81,91,70,80,90,69,79,89,68,78,88,67,77,
             87,66,76,86,65,75,85,64,74,84), 
          ( 1,54,77)( 2,48,82)( 3,42,87)( 4,36,92)( 5,61,66)( 6,55,71)
            ( 7,49,76)( 8,43,81)( 9,37,86)(10,62,91)(11,56,65)(12,50,70)
            (13,44,75)(14,38,80)(15,32,85)(16,57,90)(17,51,64)(18,45,69)
            (19,39,74)(20,33,79)(21,58,84)(22,52,89)(23,46,63)(24,40,68)
            (25,34,73)(26,59,78)(27,53,83)(28,47,88)(29,41,93)(30,35,67)
            (31,60,72) ],
      gmul := 
       [ ( 1,40,91,28,33,71,24,57,82,20,50,93,16,43,73,12,36,84, 8,60,64, 4,
             53,75,31,46,86,27,39,66,23,32,77,19,56,88,15,49,68,11,42,79, 7,
             35,90, 3,59,70,30,52,81,26,45,92,22,38,72,18,62,83,14,55,63,10,
             48,74, 6,41,85, 2,34,65,29,58,76,25,51,87,21,44,67,17,37,78,13,
             61,89, 9,54,69, 5,47,80) ],
      p := ( 2,32,21,82,35,12,54,60,51,49,89,26,28,79,55,10,67,13,41,19,61,27,
         78,84,76,44,31,39,70,92,37,59,77,23,29, 5, 8,18,34,83, 9,90,68,53,85,
         46,38,14,11,15,86)( 3,25,50,66,48,24,45,93,64,20, 4,63,62,73,30,56,
         81,80,16,71,33,74,88,57,40,87,72,42, 7,52,17,22,75,65,69, 6,43,58),
      q := ( 2,63,88,89, 7,90,38,19,82,81,40,36,87,49,57,80,17,11,18,75,53,46,
         68,65,33,39,59,55,23, 4,32,12,71,69,27,50,48, 9,52,16,54,76,73, 3, 8,
         15,41,14,22,34,56,35,21,61, 6,67,20,29,28,45,37,70,42,26, 5,25,78,51,
         72,92,93,58,30,83,24,79,77,10,43,64,13,86,31,74,62,44)(47,91)(60,84) 
     ), rec(
      gadd := 
       [ ( 1,56,67)( 2,50,72)( 3,44,77)( 4,38,82)( 5,32,87)( 6,57,92)
            ( 7,51,66)( 8,45,71)( 9,39,76)(10,33,81)(11,58,86)(12,52,91)
            (13,46,65)(14,40,70)(15,34,75)(16,59,80)(17,53,85)(18,47,90)
            (19,41,64)(20,35,69)(21,60,74)(22,54,79)(23,48,84)(24,42,89)
            (25,36,63)(26,61,68)(27,55,73)(28,49,78)(29,43,83)(30,37,88)
            (31,62,93), ( 1,88,58)( 2,93,52)( 3,67,46)( 4,72,40)( 5,77,34)
            ( 6,82,59)( 7,87,53)( 8,92,47)( 9,66,41)(10,71,35)(11,76,60)
            (12,81,54)(13,86,48)(14,91,42)(15,65,36)(16,70,61)(17,75,55)
            (18,80,49)(19,85,43)(20,90,37)(21,64,62)(22,69,56)(23,74,50)
            (24,79,44)(25,84,38)(26,89,32)(27,63,57)(28,68,51)(29,73,45)
            (30,78,39)(31,83,33) ],
      gmul := 
       [ ( 1,40,79,25,33,72,18,57,65,11,50,89, 4,43,82,28,36,75,21,60,68,14,
             53,92, 7,46,85,31,39,78,24,32,71,17,56,64,10,49,88, 3,42,81,27,
             35,74,20,59,67,13,52,91, 6,45,84,30,38,77,23,62,70,16,55,63, 9,
             48,87, 2,41,80,26,34,73,19,58,66,12,51,90, 5,44,83,29,37,76,22,
             61,69,15,54,93, 8,47,86) ],
      p := ( 2,32,19,54,34,79,58, 9,66,42,25,51,62,71,52, 3, 4,63,43,56,65,74,
         83)( 5,29,17,23,20,13,57,37,45,87,64,15,69,21,72,46,59,68,49,90,67,
         18,41,11,26,16,88,36,50,84,92,39,81,89, 8, 7,60,40,76,55, 6,35,14,10,
         91,73,24,44,28,82,61,12,38,22,85,33,78,86)(27,75,77)(30,47,53,93,70,
         80)(31,48),
      q := ( 2,63,83,31,78,40,50,42, 8,26,17,10,35,19,72,80, 3,29,16,38,11, 7,
         66,84,34,47,73, 9,60,86,28,44, 5, 4,32,14,23,13,69,12,88,90,59,58,24,
         82,65,52,30,79,68,77, 6,91,53,33,48)(15,57,89,25,75,49,36,76,71,74,
         43,70,46,67)(18,85,93,56,61,21,54,92,87,62,55,27,51,64)(22,41)(37,81)
        (39,45) ), rec(
      gadd := 
       [ ( 1,40,79,25,33,72,18,57,65,11,50,89, 4,43,82,28,36,75,21,60,68,14,
             53,92, 7,46,85,31,39,78,24,32,71,17,56,64,10,49,88, 3,42,81,27,
             35,74,20,59,67,13,52,91, 6,45,84,30,38,77,23,62,70,16,55,63, 9,
             48,87, 2,41,80,26,34,73,19,58,66,12,51,90, 5,44,83,29,37,76,22,
             61,69,15,54,93, 8,47,86) ],
      gmul := 
       [ ( 1,40,79,25,33,72,18,57,65,11,50,89, 4,43,82,28,36,75,21,60,68,14,
             53,92, 7,46,85,31,39,78,24,32,71,17,56,64,10,49,88, 3,42,81,27,
             35,74,20,59,67,13,52,91, 6,45,84,30,38,77,23,62,70,16,55,63, 9,
             48,87, 2,41,80,26,34,73,19,58,66,12,51,90, 5,44,83,29,37,76,22,
             61,69,15,54,93, 8,47,86) ],
      p := ( 2,63,85,65,54,67, 4,32, 6,69,10,57,73,16,51,92,77,22,45,49,55,11,
         20,25,70,35,27,56,36,68,66,83, 3, 7,88,71,72,91,52, 5,26,31,64,29)
        ( 8,13,82,90,40,58,17,14,19,76,78,47,74,41,21,50,43,80,28,39,37,89,15,
         44,24,87,34,33,62,48,30,93,46,86, 9,38,12,75,60,79,84,59,42,18,81,53,
         61,23),
      q := ( 2,32,27,70,91,74,85,61,10,69,23,25,56,90,86,24,39,89,18,45,77,11,
         13,44, 9,88,55,22,81,73,17,19,50,83,30,33,64, 4,63,41,12,51,34,93,80,
         5, 7,38,21,76,48, 3,26)( 6,57,53,65,72,35)( 8,20)(15,82,36,58,16,75,
         66,43,46,40,68,60,47,52,28,87,92,49,71,54,59,84,67,29,31,62,78,79,42
         ) ), rec(
      gadd := 
       [ ( 1,40,79,25,33,72,18,57,65,11,50,89, 4,43,82,28,36,75,21,60,68,14,
             53,92, 7,46,85,31,39,78,24,32,71,17,56,64,10,49,88, 3,42,81,27,
             35,74,20,59,67,13,52,91, 6,45,84,30,38,77,23,62,70,16,55,63, 9,
             48,87, 2,41,80,26,34,73,19,58,66,12,51,90, 5,44,83,29,37,76,22,
             61,69,15,54,93, 8,47,86) ],
      gmul := 
       [ ( 1,24,16, 8,31,23,15, 7,30,22,14, 6,29,21,13, 5,28,20,12, 4,27,19,
             11, 3,26,18,10, 2,25,17, 9)(32,55,47,39,62,54,46,38,61,53,45,37,
             60,52,44,36,59,51,43,35,58,50,42,34,57,49,41,33,56,48,40)
            (63,86,78,70,93,85,77,69,92,84,76,68,91,83,75,67,90,82,74,66,89,
             81,73,65,88,80,72,64,87,79,71), 
          ( 1,60,78)( 2,54,83)( 3,48,88)( 4,42,93)( 5,36,67)( 6,61,72)
            ( 7,55,77)( 8,49,82)( 9,43,87)(10,37,92)(11,62,66)(12,56,71)
            (13,50,76)(14,44,81)(15,38,86)(16,32,91)(17,57,65)(18,51,70)
            (19,45,75)(20,39,80)(21,33,85)(22,58,90)(23,52,64)(24,46,69)
            (25,40,74)(26,34,79)(27,59,84)(28,53,89)(29,47,63)(30,41,68)
            (31,35,73) ],
      p := ( 2,63,73,60,84,55,49,39,61,90,85,18,31, 6,93,23,70, 5,26,44, 8,69,
         45,34,52,76,28,27,43,59,22,68,46, 3, 7,64,47,66,86,17,92,10,38,36,51,
         74,29,53,81,72,35,82,77,54,50,71,41,30,89,16,62,11,58,21,65,56,12,37,
         14,57,48,67,83,80,40,91,78, 9,13,88,15,20)( 4,32,42,25,19,33,87,79)
        (24,75),
      q := ( 2,32,75, 9,20,31,27,70,28, 6,57,76, 5, 7,38,74, 4,63,61,39,73,78,
         24,42, 8,37,19,89,17,51,36,92,23,43,83,41, 3,26,65,67,59,11,88,18)
        (10,64,81,55,71,80,85,15,13,58,12,69,91,60,34,87,35,53,47,50,49,90,40,
         45,84,72,79,29,82,54,66,46,30,33,52,48,56,21,44,25,14,93)(16,68,86)
        (22,62) ) ];
