NCBRACES[111] := [ rec(
      gadd := [ (  1,  5,  9, 13, 17, 21, 25, 29, 33, 37,  4,  8, 12, 16, 20, 24, 28, 32, 36,  3,  7, 11, 15, 19, 23, 27, 31, 35,  2,  6, 10, 14, 18, 22, 26, 30, 34)( 38, 42, 46, 50,
             54, 58, 62, 66, 70, 74, 41, 45, 49, 53, 57, 61, 65, 69, 73, 40, 44, 48, 52, 56, 60, 64, 68, 72, 39, 43, 47, 51, 55, 59, 63, 67, 71)( 75, 79, 83, 87, 91, 95, 99,103,107,
             111, 78, 82, 86, 90, 94, 98,102,106,110, 77, 81, 85, 89, 93, 97,101,105,109, 76, 80, 84, 88, 92, 96,100,104,108), (  1, 59, 87)(  2, 48, 97)(  3, 74,107)(  4, 63, 80)
            (  5, 52, 90)(  6, 41,100)(  7, 67,110)(  8, 56, 83)(  9, 45, 93)( 10, 71,103)( 11, 60, 76)( 12, 49, 86)( 13, 38, 96)( 14, 64,106)( 15, 53, 79)( 16, 42, 89)( 17, 68, 99)
            ( 18, 57,109)( 19, 46, 82)( 20, 72, 92)( 21, 61,102)( 22, 50, 75)( 23, 39, 85)( 24, 65, 95)( 25, 54,105)( 26, 43, 78)( 27, 69, 88)( 28, 58, 98)( 29, 47,108)( 30, 73, 81)
            ( 31, 62, 91)( 32, 51,101)( 33, 40,111)( 34, 66, 84)( 35, 55, 94)( 36, 44,104)( 37, 70, 77) ],
      gmul := [ (  1, 26, 14,  2, 27, 15,  3, 28, 16,  4, 29, 17,  5, 30, 18,  6, 31, 19,  7, 32, 20,  8, 33, 21,  9, 34, 22, 10, 35, 23, 11, 36, 24, 12, 37, 25, 13)( 38, 59, 43, 64,
             48, 69, 53, 74, 58, 42, 63, 47, 68, 52, 73, 57, 41, 62, 46, 67, 51, 72, 56, 40, 61, 45, 66, 50, 71, 55, 39, 60, 44, 65, 49, 70, 54)( 75,103, 94, 85, 76,104, 95, 86, 77,
             105, 96, 87, 78,106, 97, 88, 79,107, 98, 89, 80,108, 99, 90, 81,109,100, 91, 82,110,101, 92, 83,111,102, 93, 84), (  1, 95, 73)(  2, 96, 74)(  3, 97, 38)(  4, 98, 39)
            (  5, 99, 40)(  6,100, 41)(  7,101, 42)(  8,102, 43)(  9,103, 44)( 10,104, 45)( 11,105, 46)( 12,106, 47)( 13,107, 48)( 14,108, 49)( 15,109, 50)( 16,110, 51)( 17,111, 52)
            ( 18, 75, 53)( 19, 76, 54)( 20, 77, 55)( 21, 78, 56)( 22, 79, 57)( 23, 80, 58)( 24, 81, 59)( 25, 82, 60)( 26, 83, 61)( 27, 84, 62)( 28, 85, 63)( 29, 86, 64)( 30, 87, 65)
            ( 31, 88, 66)( 32, 89, 67)( 33, 90, 68)( 34, 91, 69)( 35, 92, 70)( 36, 93, 71)( 37, 94, 72) ],
      p := (  2, 75, 12, 50, 90,104, 28, 29, 51, 82,  9, 14, 54, 27, 71, 81, 18, 22, 91, 40, 76, 31, 10, 59,  4, 38, 41,  6,100, 11, 63,108, 77, 53, 85, 30, 96,  7, 87, 21, 99, 32,
          62, 80,101, 92, 52,106, 89, 86, 44,  5, 13, 84, 60, 20, 17, 88, 65,107, 61, 39, 57, 35, 93,110,  3, 26, 43, 72, 58, 46, 33,109, 24, 94, 15, 25)(  8,103, 95, 23, 78, 69, 67,
         45, 56, 55, 64, 19, 47,111, 36, 70,105, 73,102, 83)( 16, 66, 74, 49, 68, 97, 98)( 34, 42)( 48, 79),
      q := (  2, 38, 82, 30, 47, 64, 20, 22, 66, 85,  9, 25, 37)(  3, 13, 63, 68, 58,106, 44, 34,109, 15, 14,100, 28, 10, 87, 18, 17, 70, 72, 97, 69, 81, 21, 43,105, 95, 16, 91, 92,
          83, 31, 29, 93, 53, 74, 76,  8, 50, 55,111)(  4, 75, 27, 78, 98, 23, 71, 67, 79, 86, 89, 48, 45, 80, 65, 57)(  5, 26, 99,  7, 59, 35, 51, 41, 33, 42)(  6, 54, 12,103, 73,
          39,107,104, 11, 84, 77,110, 36, 88,101, 40, 49,108, 60, 19, 96, 32, 94, 24, 62, 56, 90, 61,102, 52, 46) ), rec(
      gadd := [ (  1, 65,101)(  2, 54,111)(  3, 43, 84)(  4, 69, 94)(  5, 58,104)(  6, 47, 77)(  7, 73, 87)(  8, 62, 97)(  9, 51,107)( 10, 40, 80)( 11, 66, 90)( 12, 55,100)
            ( 13, 44,110)( 14, 70, 83)( 15, 59, 93)( 16, 48,103)( 17, 74, 76)( 18, 63, 86)( 19, 52, 96)( 20, 41,106)( 21, 67, 79)( 22, 56, 89)( 23, 45, 99)( 24, 71,109)( 25, 60, 82)
            ( 26, 49, 92)( 27, 38,102)( 28, 64, 75)( 29, 53, 85)( 30, 42, 95)( 31, 68,105)( 32, 57, 78)( 33, 46, 88)( 34, 72, 98)( 35, 61,108)( 36, 50, 81)( 37, 39, 91), 
          (  1, 86, 48)(  2, 96, 74)(  3,106, 63)(  4, 79, 52)(  5, 89, 41)(  6, 99, 67)(  7,109, 56)(  8, 82, 45)(  9, 92, 71)( 10,102, 60)( 11, 75, 49)( 12, 85, 38)( 13, 95, 64)
            ( 14,105, 53)( 15, 78, 42)( 16, 88, 68)( 17, 98, 57)( 18,108, 46)( 19, 81, 72)( 20, 91, 61)( 21,101, 50)( 22,111, 39)( 23, 84, 65)( 24, 94, 54)( 25,104, 43)( 26, 77, 69)
            ( 27, 87, 58)( 28, 97, 47)( 29,107, 73)( 30, 80, 62)( 31, 90, 51)( 32,100, 40)( 33,110, 66)( 34, 83, 55)( 35, 93, 44)( 36,103, 70)( 37, 76, 59) ],
      gmul := [ (  1, 52, 83)(  2, 41, 93)(  3, 67,103)(  4, 56, 76)(  5, 45, 86)(  6, 71, 96)(  7, 60,106)(  8, 49, 79)(  9, 38, 89)( 10, 64, 99)( 11, 53,109)( 12, 42, 82)
            ( 13, 68, 92)( 14, 57,102)( 15, 46, 75)( 16, 72, 85)( 17, 61, 95)( 18, 50,105)( 19, 39, 78)( 20, 65, 88)( 21, 54, 98)( 22, 43,108)( 23, 69, 81)( 24, 58, 91)( 25, 47,101)
            ( 26, 73,111)( 27, 62, 84)( 28, 51, 94)( 29, 40,104)( 30, 66, 77)( 31, 55, 87)( 32, 44, 97)( 33, 70,107)( 34, 59, 80)( 35, 48, 90)( 36, 74,100)( 37, 63,110), 
          (  1, 88, 70)(  2, 98, 59)(  3,108, 48)(  4, 81, 74)(  5, 91, 63)(  6,101, 52)(  7,111, 41)(  8, 84, 67)(  9, 94, 56)( 10,104, 45)( 11, 77, 71)( 12, 87, 60)( 13, 97, 49)
            ( 14,107, 38)( 15, 80, 64)( 16, 90, 53)( 17,100, 42)( 18,110, 68)( 19, 83, 57)( 20, 93, 46)( 21,103, 72)( 22, 76, 61)( 23, 86, 50)( 24, 96, 39)( 25,106, 65)( 26, 79, 54)
            ( 27, 89, 43)( 28, 99, 69)( 29,109, 58)( 30, 82, 47)( 31, 92, 73)( 32,102, 62)( 33, 75, 51)( 34, 85, 40)( 35, 95, 66)( 36,105, 55)( 37, 78, 44) ],
      p := (  2, 75, 14, 69, 48, 90, 76, 16, 61, 62, 91, 72, 71, 86, 74, 57, 36, 63, 97, 28,  9, 13,106, 85, 27, 73, 94, 99, 34, 40,107, 49, 58, 65, 96,  5, 32, 59,  3,  7, 89,  6,
          98,102,111, 37, 20, 15, 26, 50,109,  8, 81,  4, 38, 53, 93, 79, 70, 77, 45, 66, 51,110)( 10, 44, 21,103, 82, 12, 67, 55, 56, 42, 18, 24, 87, 35,100, 11, 46, 29, 54, 25, 19,
         52,101,105, 41)( 17, 84, 68, 78, 39, 47, 80, 33, 92, 64, 22,104, 88, 43, 60)( 23, 95, 31, 30, 83),
      q := (  2, 38,110, 37, 19, 83, 16,104, 70, 60, 22, 61, 94, 43, 77, 79, 88, 99,  5,  7, 44, 18, 15, 13, 46, 10, 89, 33, 40, 57,  3, 32, 87,  4, 75, 25, 20, 24, 59, 36, 84,108,
          68, 71, 48, 55, 80,  6, 69, 86, 85, 12, 81, 35, 54, 14, 98, 39, 96, 34, 92,111)(  8, 67, 90, 49, 97, 11,106, 74,107, 76, 23, 73, 62, 66, 93, 45, 91,105, 82, 27, 95)
        (  9, 26,103, 41, 29,100, 28, 30, 52, 65, 47, 56,109, 31)( 17, 63, 58,101, 72, 78,102, 64)( 21, 50, 42)( 51, 53) ), rec(
      gadd := [ (  1, 18, 35, 15, 32, 12, 29,  9, 26,  6, 23,  3, 20, 37, 17, 34, 14, 31, 11, 28,  8, 25,  5, 22,  2, 19, 36, 16, 33, 13, 30, 10, 27,  7, 24,  4, 21)( 38, 55, 72, 52,
             69, 49, 66, 46, 63, 43, 60, 40, 57, 74, 54, 71, 51, 68, 48, 65, 45, 62, 42, 59, 39, 56, 73, 53, 70, 50, 67, 47, 64, 44, 61, 41, 58)( 75, 92,109, 89,106, 86,103, 83,100,
              80, 97, 77, 94,111, 91,108, 88,105, 85,102, 82, 99, 79, 96, 76, 93,110, 90,107, 87,104, 84,101, 81, 98, 78, 95), (  1, 98, 69)(  2,108, 58)(  3, 81, 47)(  4, 91, 73)
            (  5,101, 62)(  6,111, 51)(  7, 84, 40)(  8, 94, 66)(  9,104, 55)( 10, 77, 44)( 11, 87, 70)( 12, 97, 59)( 13,107, 48)( 14, 80, 74)( 15, 90, 63)( 16,100, 52)( 17,110, 41)
            ( 18, 83, 67)( 19, 93, 56)( 20,103, 45)( 21, 76, 71)( 22, 86, 60)( 23, 96, 49)( 24,106, 38)( 25, 79, 64)( 26, 89, 53)( 27, 99, 42)( 28,109, 68)( 29, 82, 57)( 30, 92, 46)
            ( 31,102, 72)( 32, 75, 61)( 33, 85, 50)( 34, 95, 39)( 35,105, 65)( 36, 78, 54)( 37, 88, 43) ],
      gmul := [ (  1, 40,105, 24, 46, 76, 10, 52, 84, 33, 58, 92, 19, 64,100,  5, 70,108, 28, 39, 79, 14, 45, 87, 37, 51, 95, 23, 57,103,  9, 63,111, 32, 69, 82, 18, 38, 90,  4, 44,
              98, 27, 50,106, 13, 56, 77, 36, 62, 85, 22, 68, 93,  8, 74,101, 31, 43,109, 17, 49, 80,  3, 55, 88, 26, 61, 96, 12, 67,104, 35, 73, 75, 21, 42, 83,  7, 48, 91, 30, 54,
              99, 16, 60,107,  2, 66, 78, 25, 72, 86, 11, 41, 94, 34, 47,102, 20, 53,110,  6, 59, 81, 29, 65, 89, 15, 71, 97) ],
      p := (  2, 75, 32,  3, 26, 15, 43, 42,105,100, 91, 21, 64, 88, 33, 69,101, 35, 36, 95, 45,  4, 38, 28, 65, 18, 85,  8, 14)(  5, 13, 93, 90, 99, 10, 54, 74, 62, 30,104, 82, 31,
          83, 72, 67, 79,107, 71,  7, 84, 80, 41, 11, 25,111, 55, 78, 89, 40, 60, 52, 86, 56, 17, 37, 92, 61, 97, 39, 53, 47, 63, 73, 98,110,109, 34, 44, 96, 81, 20, 27, 48, 58,106,
          23, 12, 94,  9, 59)(  6,103, 22, 49, 87,108, 66, 57, 68)( 16, 70, 46, 77, 51)( 19,102, 50, 29, 24, 76),
      q := (  2, 38, 11, 14, 37, 53,100, 63, 90, 57,109,  5, 26, 24, 65, 21,102, 96, 52, 39, 92,106, 16, 94, 30, 44, 50, 10,103, 17)(  3, 13, 43, 82,  8, 25, 48,110, 68, 33, 83, 79,
          51, 23, 27,111, 77,107,105, 47, 91, 18, 49, 66, 99, 29, 15, 93, 73, 67, 72, 98, 58, 61, 40, 95, 78, 46, 55, 45, 35)(  4, 75,  7, 59, 34,104, 42, 71, 32, 36, 60, 81, 19, 64,
         56, 22, 85, 31, 69, 74, 80,108, 87, 41, 28, 76, 20, 12, 70, 89, 97, 86, 88,  6, 54,101)(  9, 84, 62) ), rec(
      gadd := [ (  1, 77, 60)(  2, 87, 49)(  3, 97, 38)(  4,107, 64)(  5, 80, 53)(  6, 90, 42)(  7,100, 68)(  8,110, 57)(  9, 83, 46)( 10, 93, 72)( 11,103, 61)( 12, 76, 50)
            ( 13, 86, 39)( 14, 96, 65)( 15,106, 54)( 16, 79, 43)( 17, 89, 69)( 18, 99, 58)( 19,109, 47)( 20, 82, 73)( 21, 92, 62)( 22,102, 51)( 23, 75, 40)( 24, 85, 66)( 25, 95, 55)
            ( 26,105, 44)( 27, 78, 70)( 28, 88, 59)( 29, 98, 48)( 30,108, 74)( 31, 81, 63)( 32, 91, 52)( 33,101, 41)( 34,111, 67)( 35, 84, 56)( 36, 94, 45)( 37,104, 71), 
          (  1,109, 42)(  2, 82, 68)(  3, 92, 57)(  4,102, 46)(  5, 75, 72)(  6, 85, 61)(  7, 95, 50)(  8,105, 39)(  9, 78, 65)( 10, 88, 54)( 11, 98, 43)( 12,108, 69)( 13, 81, 58)
            ( 14, 91, 47)( 15,101, 73)( 16,111, 62)( 17, 84, 51)( 18, 94, 40)( 19,104, 66)( 20, 77, 55)( 21, 87, 44)( 22, 97, 70)( 23,107, 59)( 24, 80, 48)( 25, 90, 74)( 26,100, 63)
            ( 27,110, 52)( 28, 83, 41)( 29, 93, 67)( 30,103, 56)( 31, 76, 45)( 32, 86, 71)( 33, 96, 60)( 34,106, 49)( 35, 79, 38)( 36, 89, 64)( 37, 99, 53) ],
      gmul := [ (  1, 40, 79,  7, 46, 85, 13, 52, 91, 19, 58, 97, 25, 64,103, 31, 70,109, 37, 39, 78,  6, 45, 84, 12, 51, 90, 18, 57, 96, 24, 63,102, 30, 69,108, 36, 38, 77,  5, 44,
              83, 11, 50, 89, 17, 56, 95, 23, 62,101, 29, 68,107, 35, 74, 76,  4, 43, 82, 10, 49, 88, 16, 55, 94, 22, 61,100, 28, 67,106, 34, 73, 75,  3, 42, 81,  9, 48, 87, 15, 54,
              93, 21, 60, 99, 27, 66,105, 33, 72,111,  2, 41, 80,  8, 47, 86, 14, 53, 92, 20, 59, 98, 26, 65,104, 32, 71,110) ],
      p := (  2, 75,103, 15, 50, 18, 93, 34, 45, 12, 87, 90, 96, 71, 54, 67, 60, 42, 86, 59, 36,111, 64, 91, 70, 97, 28, 51, 61, 85, 16, 63, 48, 43, 49, 98, 77, 41, 33, 68, 23, 14,
          19, 94,108, 95,  3,  7,106, 21, 56, 30,105, 89, 65, 11, 26, 31, 82, 10, 69, 66,107, 52,104, 46, 80, 47, 55,110, 58, 79,  4, 38,  6, 81, 78,109, 27, 62,  5, 32, 37, 76, 35)
        (  8, 13,100,  9, 44, 92,101, 40, 39, 74, 72, 29)( 17, 20, 25, 88, 22, 57, 73)( 24, 99,102, 83, 53),
      q := (  2, 38, 33, 82, 29, 31, 68, 16, 87, 60,108, 55, 40,111, 86, 91, 80,103, 24, 51, 89, 85, 23, 25, 62, 34,105, 61, 65, 28, 99, 48,107, 98, 73, 22, 93,  5,  7, 44, 58, 71,
          96, 79, 35, 37, 74, 78, 41,  6, 69, 84, 66, 43,101,110, 92, 49, 52, 46, 70, 53, 15,100, 30, 45, 27, 88, 17, 19, 56,  9,106, 18, 57, 77,109, 12, 63,102, 67, 90, 54, 83, 97,
          11, 13, 50, 21, 94, 42, 64, 59,  3, 32)(  4, 75, 47, 95, 36, 39, 76)(  8, 26)( 10, 81, 72)( 14, 20) ), rec(
      gadd := [ (  1, 77, 60)(  2, 87, 49)(  3, 97, 38)(  4,107, 64)(  5, 80, 53)(  6, 90, 42)(  7,100, 68)(  8,110, 57)(  9, 83, 46)( 10, 93, 72)( 11,103, 61)( 12, 76, 50)
            ( 13, 86, 39)( 14, 96, 65)( 15,106, 54)( 16, 79, 43)( 17, 89, 69)( 18, 99, 58)( 19,109, 47)( 20, 82, 73)( 21, 92, 62)( 22,102, 51)( 23, 75, 40)( 24, 85, 66)( 25, 95, 55)
            ( 26,105, 44)( 27, 78, 70)( 28, 88, 59)( 29, 98, 48)( 30,108, 74)( 31, 81, 63)( 32, 91, 52)( 33,101, 41)( 34,111, 67)( 35, 84, 56)( 36, 94, 45)( 37,104, 71), 
          (  1, 93, 51)(  2,103, 40)(  3, 76, 66)(  4, 86, 55)(  5, 96, 44)(  6,106, 70)(  7, 79, 59)(  8, 89, 48)(  9, 99, 74)( 10,109, 63)( 11, 82, 52)( 12, 92, 41)( 13,102, 67)
            ( 14, 75, 56)( 15, 85, 45)( 16, 95, 71)( 17,105, 60)( 18, 78, 49)( 19, 88, 38)( 20, 98, 64)( 21,108, 53)( 22, 81, 42)( 23, 91, 68)( 24,101, 57)( 25,111, 46)( 26, 84, 72)
            ( 27, 94, 61)( 28,104, 50)( 29, 77, 39)( 30, 87, 65)( 31, 97, 54)( 32,107, 43)( 33, 80, 69)( 34, 90, 58)( 35,100, 47)( 36,110, 73)( 37, 83, 62) ],
      gmul := [ (  1,100, 50)(  2, 89, 60)(  3, 78, 70)(  4,104, 43)(  5, 93, 53)(  6, 82, 63)(  7,108, 73)(  8, 97, 46)(  9, 86, 56)( 10, 75, 66)( 11,101, 39)( 12, 90, 49)
            ( 13, 79, 59)( 14,105, 69)( 15, 94, 42)( 16, 83, 52)( 17,109, 62)( 18, 98, 72)( 19, 87, 45)( 20, 76, 55)( 21,102, 65)( 22, 91, 38)( 23, 80, 48)( 24,106, 58)( 25, 95, 68)
            ( 26, 84, 41)( 27,110, 51)( 28, 99, 61)( 29, 88, 71)( 30, 77, 44)( 31,103, 54)( 32, 92, 64)( 33, 81, 74)( 34,107, 47)( 35, 96, 57)( 36, 85, 67)( 37,111, 40), 
          (  1,101, 49)(  2, 90, 59)(  3, 79, 69)(  4,105, 42)(  5, 94, 52)(  6, 83, 62)(  7,109, 72)(  8, 98, 45)(  9, 87, 55)( 10, 76, 65)( 11,102, 38)( 12, 91, 48)( 13, 80, 58)
            ( 14,106, 68)( 15, 95, 41)( 16, 84, 51)( 17,110, 61)( 18, 99, 71)( 19, 88, 44)( 20, 77, 54)( 21,103, 64)( 22, 92, 74)( 23, 81, 47)( 24,107, 57)( 25, 96, 67)( 26, 85, 40)
            ( 27,111, 50)( 28,100, 60)( 29, 89, 70)( 30, 78, 43)( 31,104, 53)( 32, 93, 63)( 33, 82, 73)( 34,108, 46)( 35, 97, 56)( 36, 86, 66)( 37, 75, 39) ],
      p := (  2, 75, 12, 47, 86, 53, 85, 23, 82, 16, 63, 79, 39, 51, 78, 60,  6, 96, 30,100, 18, 29, 57,  5, 13, 84, 69, 73,102, 95, 15, 25)(  3, 26, 43, 41, 20, 10, 59, 34, 45, 62,
          88, 74, 49, 71, 77, 44, 35, 93,106, 97, 21,107, 58, 40,101,104,111)(  4, 38, 72, 61, 48,108, 81, 32, 56, 52,110, 36, 70,109, 24, 94, 76,  8,103, 83, 31, 17, 80, 11, 66, 65,
         99,  9, 14, 54, 27, 68, 89, 28, 22, 87,  7, 91, 46, 19, 50, 98, 90, 92, 55, 64, 33,105, 67, 42),
      q := (  2, 38, 78, 90, 58,110,  3, 13, 66, 85, 16, 87, 32, 94, 74,101, 46, 20, 29, 93, 44,  4, 75, 27, 82, 23, 68, 61,102, 55, 86, 97, 18, 10, 91,104, 39, 99, 30, 50, 52, 40,
          49, 79,111, 36, 80, 28, 17, 70, 41, 19,100, 21, 43,109, 15, 14, 96,  9, 25, 37)(  5, 26,107, 92, 95, 24, 56, 98, 60, 33, 45, 88, 76, 31, 22, 63, 71, 73, 48, 42, 35, 57, 34,
         105, 83,  8, 47, 64,  6, 54, 12,103, 67,108, 69, 77,106, 53, 65, 51, 72, 89, 11, 84, 81,  7, 59) ), rec(
      gadd := [ (  1, 24, 10, 33, 19,  5, 28, 14, 37, 23,  9, 32, 18,  4, 27, 13, 36, 22,  8, 31, 17,  3, 26, 12, 35, 21,  7, 30, 16,  2, 25, 11, 34, 20,  6, 29, 15)( 38, 61, 47, 70,
             56, 42, 65, 51, 74, 60, 46, 69, 55, 41, 64, 50, 73, 59, 45, 68, 54, 40, 63, 49, 72, 58, 44, 67, 53, 39, 62, 48, 71, 57, 43, 66, 52)( 75, 98, 84,107, 93, 79,102, 88,111,
              97, 83,106, 92, 78,101, 87,110, 96, 82,105, 91, 77,100, 86,109, 95, 81,104, 90, 76, 99, 85,108, 94, 80,103, 89), (  1, 48, 86)(  2, 74, 96)(  3, 63,106)(  4, 52, 79)
            (  5, 41, 89)(  6, 67, 99)(  7, 56,109)(  8, 45, 82)(  9, 71, 92)( 10, 60,102)( 11, 49, 75)( 12, 38, 85)( 13, 64, 95)( 14, 53,105)( 15, 42, 78)( 16, 68, 88)( 17, 57, 98)
            ( 18, 46,108)( 19, 72, 81)( 20, 61, 91)( 21, 50,101)( 22, 39,111)( 23, 65, 84)( 24, 54, 94)( 25, 43,104)( 26, 69, 77)( 27, 58, 87)( 28, 47, 97)( 29, 73,107)( 30, 62, 80)
            ( 31, 51, 90)( 32, 40,100)( 33, 66,110)( 34, 55, 83)( 35, 44, 93)( 36, 70,103)( 37, 59, 76) ],
      gmul := [ (  1,105, 71)(  2, 94, 44)(  3, 83, 54)(  4,109, 64)(  5, 98, 74)(  6, 87, 47)(  7, 76, 57)(  8,102, 67)(  9, 91, 40)( 10, 80, 50)( 11,106, 60)( 12, 95, 70)
            ( 13, 84, 43)( 14,110, 53)( 15, 99, 63)( 16, 88, 73)( 17, 77, 46)( 18,103, 56)( 19, 92, 66)( 20, 81, 39)( 21,107, 49)( 22, 96, 59)( 23, 85, 69)( 24,111, 42)( 25,100, 52)
            ( 26, 89, 62)( 27, 78, 72)( 28,104, 45)( 29, 93, 55)( 30, 82, 65)( 31,108, 38)( 32, 97, 48)( 33, 86, 58)( 34, 75, 68)( 35,101, 41)( 36, 90, 51)( 37, 79, 61), 
          (  1,110, 58)(  2, 99, 68)(  3, 88, 41)(  4, 77, 51)(  5,103, 61)(  6, 92, 71)(  7, 81, 44)(  8,107, 54)(  9, 96, 64)( 10, 85, 74)( 11,111, 47)( 12,100, 57)( 13, 89, 67)
            ( 14, 78, 40)( 15,104, 50)( 16, 93, 60)( 17, 82, 70)( 18,108, 43)( 19, 97, 53)( 20, 86, 63)( 21, 75, 73)( 22,101, 46)( 23, 90, 56)( 24, 79, 66)( 25,105, 39)( 26, 94, 49)
            ( 27, 83, 59)( 28,109, 69)( 29, 98, 42)( 30, 87, 52)( 31, 76, 62)( 32,102, 72)( 33, 91, 45)( 34, 80, 55)( 35,106, 65)( 36, 95, 38)( 37, 84, 48) ],
      p := (  2, 75, 14, 69, 41, 17, 91, 65,103,111)(  3,  7,104,  6, 83, 16, 46, 22, 89, 80,107, 71,108, 86, 45, 59, 18,  9, 13,106, 78, 68, 85,  5, 32, 66, 43, 53, 93,101, 76, 23,
         110, 37, 20, 30, 98, 12, 52, 79, 62, 84, 39, 54, 25, 19, 67, 40, 99,  4, 38, 60, 10, 44, 36, 63, 90,105, 48, 97,109,  8, 81, 11, 61, 70, 92, 42)( 15, 26, 50,102, 82, 34, 55,
         56, 64, 29, 47, 88, 51, 95, 27, 58, 72, 49, 73, 94, 31)( 21, 96, 35,100, 33, 77, 74, 57)( 24, 87, 28),
      q := (  2, 38, 95, 12, 81, 28, 15, 13, 61, 94,  8, 52, 72, 85, 34, 77,101, 65, 54, 14, 83, 23, 58, 79, 80, 51, 60, 29,100,  6, 69,108, 39,103, 48, 40, 57, 18, 30, 67, 97, 68,
          49, 90, 71, 41, 22, 46, 17, 63, 73, 70, 53, 43, 92, 82,  5,  7, 44,  3, 32, 87, 11,106, 45, 84, 86, 78,109, 31, 24, 66, 93, 74, 99, 35, 47, 56,102, 42, 36, 91, 76, 16, 89,
          62, 59, 21, 50, 64, 10,104, 33, 55, 88,107,105,111, 37, 19, 98, 27,110)(  4, 75, 25, 20,  9, 26, 96) ), rec(
      gadd := [ (  1, 40, 79,  7, 46, 85, 13, 52, 91, 19, 58, 97, 25, 64,103, 31, 70,109, 37, 39, 78,  6, 45, 84, 12, 51, 90, 18, 57, 96, 24, 63,102, 30, 69,108, 36, 38, 77,  5, 44,
              83, 11, 50, 89, 17, 56, 95, 23, 62,101, 29, 68,107, 35, 74, 76,  4, 43, 82, 10, 49, 88, 16, 55, 94, 22, 61,100, 28, 67,106, 34, 73, 75,  3, 42, 81,  9, 48, 87, 15, 54,
              93, 21, 60, 99, 27, 66,105, 33, 72,111,  2, 41, 80,  8, 47, 86, 14, 53, 92, 20, 59, 98, 26, 65,104, 32, 71,110) ],
      gmul := [ (  1, 40, 79,  7, 46, 85, 13, 52, 91, 19, 58, 97, 25, 64,103, 31, 70,109, 37, 39, 78,  6, 45, 84, 12, 51, 90, 18, 57, 96, 24, 63,102, 30, 69,108, 36, 38, 77,  5, 44,
              83, 11, 50, 89, 17, 56, 95, 23, 62,101, 29, 68,107, 35, 74, 76,  4, 43, 82, 10, 49, 88, 16, 55, 94, 22, 61,100, 28, 67,106, 34, 73, 75,  3, 42, 81,  9, 48, 87, 15, 54,
              93, 21, 60, 99, 27, 66,105, 33, 72,111,  2, 41, 80,  8, 47, 86, 14, 53, 92, 20, 59, 98, 26, 65,104, 32, 71,110) ],
      p := (  2, 38,  6, 44, 61, 48, 86, 96, 71, 35)(  3,  7, 69, 70,109)(  4, 75)(  5, 32, 37, 39,111,101, 21, 93, 65, 11, 26, 31, 45, 18, 56, 30, 68, 17, 20, 25, 51, 12, 50, 24, 62
         )(  8, 13, 63, 85, 16,100, 52, 43, 92,108, 83, 90, 59, 36, 74,103,  9, 81, 10,106, 27, 99, 15, 87, 53,104, 58, 42, 55, 73, 72, 78, 41, 33,105, 46, 49, 67, 60, 79, 66, 91,
          28, 88, 22, 94, 34, 82, 23, 14, 19, 57,110, 40, 76, 29)( 47, 98, 64, 54, 80, 97,107, 95, 77, 84)( 89,102),
      q := (  2, 75, 35, 37,111, 49, 83, 60, 71,  4, 38, 33, 45, 21, 57, 40, 74, 47, 52,107, 55, 77, 66, 59,  3, 32)(  5,  7, 81, 29, 31,105,104, 92, 42, 95, 73, 78,109, 36, 76, 10,
          44, 89, 48, 64, 96, 79, 84,103, 30, 82, 16, 50, 15, 63, 65, 28, 62, 34, 68, 22, 56,  9, 69, 80, 53, 46,101, 18, 94)(  6,106, 12,100, 98, 86, 54, 70, 41)(  8, 26)
        ( 11, 13, 87, 97, 43, 58,108, 67, 90, 91)( 14, 20)( 17, 19, 93, 85, 23, 25, 99, 24, 88)( 27, 51)( 61,102) ), rec(
      gadd := [ (  1, 40, 79,  7, 46, 85, 13, 52, 91, 19, 58, 97, 25, 64,103, 31, 70,109, 37, 39, 78,  6, 45, 84, 12, 51, 90, 18, 57, 96, 24, 63,102, 30, 69,108, 36, 38, 77,  5, 44,
              83, 11, 50, 89, 17, 56, 95, 23, 62,101, 29, 68,107, 35, 74, 76,  4, 43, 82, 10, 49, 88, 16, 55, 94, 22, 61,100, 28, 67,106, 34, 73, 75,  3, 42, 81,  9, 48, 87, 15, 54,
              93, 21, 60, 99, 27, 66,105, 33, 72,111,  2, 41, 80,  8, 47, 86, 14, 53, 92, 20, 59, 98, 26, 65,104, 32, 71,110) ],
      gmul := [ (  1, 66, 87)(  2, 39, 76)(  3, 49,102)(  4, 59, 91)(  5, 69, 80)(  6, 42,106)(  7, 52, 95)(  8, 62, 84)(  9, 72,110)( 10, 45, 99)( 11, 55, 88)( 12, 65, 77)
            ( 13, 38,103)( 14, 48, 92)( 15, 58, 81)( 16, 68,107)( 17, 41, 96)( 18, 51, 85)( 19, 61,111)( 20, 71,100)( 21, 44, 89)( 22, 54, 78)( 23, 64,104)( 24, 74, 93)( 25, 47, 82)
            ( 26, 57,108)( 27, 67, 97)( 28, 40, 86)( 29, 50, 75)( 30, 60,101)( 31, 70, 90)( 32, 43, 79)( 33, 53,105)( 34, 63, 94)( 35, 73, 83)( 36, 46,109)( 37, 56, 98), 
          (  1, 79, 72)(  2,105, 45)(  3, 94, 55)(  4, 83, 65)(  5,109, 38)(  6, 98, 48)(  7, 87, 58)(  8, 76, 68)(  9,102, 41)( 10, 91, 51)( 11, 80, 61)( 12,106, 71)( 13, 95, 44)
            ( 14, 84, 54)( 15,110, 64)( 16, 99, 74)( 17, 88, 47)( 18, 77, 57)( 19,103, 67)( 20, 92, 40)( 21, 81, 50)( 22,107, 60)( 23, 96, 70)( 24, 85, 43)( 25,111, 53)( 26,100, 63)
            ( 27, 89, 73)( 28, 78, 46)( 29,104, 56)( 30, 93, 66)( 31, 82, 39)( 32,108, 49)( 33, 97, 59)( 34, 86, 69)( 35, 75, 42)( 36,101, 52)( 37, 90, 62) ],
      p := (  2, 38, 90, 39, 84,105, 78, 76, 16, 98, 65, 59,  3,  7, 52, 64, 22, 67, 92,101, 68, 41, 10, 81,  4, 75, 14,106, 48, 53, 56, 79,107, 86,111, 37, 20, 15, 26, 87, 35, 63,
          60, 17, 47, 43, 97, 28,  9, 13, 69, 85, 27,110)(  5, 32, 96)(  6, 61, 99, 34, 77, 82, 12,104, 51, 73, 57, 36,100, 11, 83, 23, 58,102, 74, 94, 62, 54, 25, 19, 89)
        (  8, 44, 21, 66, 88, 80, 33, 55, 93, 42, 18, 24, 50, 72,108, 71, 49, 95, 31, 30, 46, 29, 91,109)( 40, 70)( 45,103),
      q := (  2, 75, 25, 20, 24, 96, 34, 55, 43, 40, 94, 80,  6,106,111)(  3, 32, 50, 79, 51, 90, 86, 48, 92, 74, 70, 97, 11, 69, 49, 60, 22, 98, 76, 23,110, 37, 19, 46, 10, 52,102,
         101,109, 31,  9, 26, 66, 56, 72, 41, 29, 63, 95,  8,104,107, 39, 59, 36, 47, 93, 82, 27, 58, 64, 17,100, 28, 30, 89, 33, 77, 42, 21, 87,  4, 38, 73, 99,  5,  7, 81, 35, 91,
          68,108,105, 45, 54, 14, 61, 57)( 12, 44, 18, 15, 13, 83, 16, 67, 53, 88, 62,103, 78, 65, 84, 71, 85) ) ];
