NCBRACES[387] := [ rec(
      gadd := 
       [ (  1,130,259, 44,173,302, 87,216,345)(  2,166,265, 45,209,308, 88,
             252,351)(  3,159,271, 46,202,314, 89,245,357)(  4,152,277, 47,
             195,320, 90,238,363)(  5,145,283, 48,188,326, 91,231,369)
            (  6,138,289, 49,181,332, 92,224,375)(  7,131,295, 50,174,338, 93,
             217,381)(  8,167,301, 51,210,344, 94,253,387)(  9,160,264, 52,
             203,307, 95,246,350)( 10,153,270, 53,196,313, 96,239,356)
            ( 11,146,276, 54,189,319, 97,232,362)( 12,139,282, 55,182,325, 98,
             225,368)( 13,132,288, 56,175,331, 99,218,374)( 14,168,294, 57,
             211,337,100,254,380)( 15,161,300, 58,204,343,101,247,386)
            ( 16,154,263, 59,197,306,102,240,349)( 17,147,269, 60,190,312,103,
             233,355)( 18,140,275, 61,183,318,104,226,361)( 19,133,281, 62,
             176,324,105,219,367)( 20,169,287, 63,212,330,106,255,373)
            ( 21,162,293, 64,205,336,107,248,379)( 22,155,299, 65,198,342,108,
             241,385)( 23,148,262, 66,191,305,109,234,348)( 24,141,268, 67,
             184,311,110,227,354)( 25,134,274, 68,177,317,111,220,360)
            ( 26,170,280, 69,213,323,112,256,366)( 27,163,286, 70,206,329,113,
             249,372)( 28,156,292, 71,199,335,114,242,378)( 29,149,298, 72,
             192,341,115,235,384)( 30,142,261, 73,185,304,116,228,347)
            ( 31,135,267, 74,178,310,117,221,353)( 32,171,273, 75,214,316,118,
             257,359)( 33,164,279, 76,207,322,119,250,365)( 34,157,285, 77,
             200,328,120,243,371)( 35,150,291, 78,193,334,121,236,377)
            ( 36,143,297, 79,186,340,122,229,383)( 37,136,260, 80,179,303,123,
             222,346)( 38,172,266, 81,215,309,124,258,352)( 39,165,272, 82,
             208,315,125,251,358)( 40,158,278, 83,201,321,126,244,364)
            ( 41,151,284, 84,194,327,127,237,370)( 42,144,290, 85,187,333,128,
             230,376)( 43,137,296, 86,180,339,129,223,382), 
          (  1,  2,  3,  4,  5,  6,  7,  8,  9, 10, 11, 12, 13, 14, 15, 16,
              17, 18, 19, 20, 21, 22, 23, 24, 25, 26, 27, 28, 29, 30, 31, 32,
              33, 34, 35, 36, 37, 38, 39, 40, 41, 42, 43)( 44, 45, 46, 47, 48,
             49, 50, 51, 52, 53, 54, 55, 56, 57, 58, 59, 60, 61, 62, 63, 64,
              65, 66, 67, 68, 69, 70, 71, 72, 73, 74, 75, 76, 77, 78, 79, 80,
              81, 82, 83, 84, 85, 86)( 87, 88, 89, 90, 91, 92, 93, 94, 95, 96,
             97, 98, 99,100,101,102,103,104,105,106,107,108,109,110,111,112,
             113,114,115,116,117,118,119,120,121,122,123,124,125,126,127,128,
             129)(130,131,132,133,134,135,136,137,138,139,140,141,142,143,144,
             145,146,147,148,149,150,151,152,153,154,155,156,157,158,159,160,
             161,162,163,164,165,166,167,168,169,170,171,172)(173,174,175,176,
             177,178,179,180,181,182,183,184,185,186,187,188,189,190,191,192,
             193,194,195,196,197,198,199,200,201,202,203,204,205,206,207,208,
             209,210,211,212,213,214,215)(216,217,218,219,220,221,222,223,224,
             225,226,227,228,229,230,231,232,233,234,235,236,237,238,239,240,
             241,242,243,244,245,246,247,248,249,250,251,252,253,254,255,256,
             257,258)(259,260,261,262,263,264,265,266,267,268,269,270,271,272,
             273,274,275,276,277,278,279,280,281,282,283,284,285,286,287,288,
             289,290,291,292,293,294,295,296,297,298,299,300,301)
            (302,303,304,305,306,307,308,309,310,311,312,313,314,315,316,317,
             318,319,320,321,322,323,324,325,326,327,328,329,330,331,332,333,
             334,335,336,337,338,339,340,341,342,343,344)(345,346,347,348,349,
             350,351,352,353,354,355,356,357,358,359,360,361,362,363,364,365,
             366,367,368,369,370,371,372,373,374,375,376,377,378,379,380,381,
             382,383,384,385,386,387) ],
      gmul := 
       [ (  1,130,259, 44,173,302, 87,216,345)(  2,166,265, 45,209,308, 88,
             252,351)(  3,159,271, 46,202,314, 89,245,357)(  4,152,277, 47,
             195,320, 90,238,363)(  5,145,283, 48,188,326, 91,231,369)
            (  6,138,289, 49,181,332, 92,224,375)(  7,131,295, 50,174,338, 93,
             217,381)(  8,167,301, 51,210,344, 94,253,387)(  9,160,264, 52,
             203,307, 95,246,350)( 10,153,270, 53,196,313, 96,239,356)
            ( 11,146,276, 54,189,319, 97,232,362)( 12,139,282, 55,182,325, 98,
             225,368)( 13,132,288, 56,175,331, 99,218,374)( 14,168,294, 57,
             211,337,100,254,380)( 15,161,300, 58,204,343,101,247,386)
            ( 16,154,263, 59,197,306,102,240,349)( 17,147,269, 60,190,312,103,
             233,355)( 18,140,275, 61,183,318,104,226,361)( 19,133,281, 62,
             176,324,105,219,367)( 20,169,287, 63,212,330,106,255,373)
            ( 21,162,293, 64,205,336,107,248,379)( 22,155,299, 65,198,342,108,
             241,385)( 23,148,262, 66,191,305,109,234,348)( 24,141,268, 67,
             184,311,110,227,354)( 25,134,274, 68,177,317,111,220,360)
            ( 26,170,280, 69,213,323,112,256,366)( 27,163,286, 70,206,329,113,
             249,372)( 28,156,292, 71,199,335,114,242,378)( 29,149,298, 72,
             192,341,115,235,384)( 30,142,261, 73,185,304,116,228,347)
            ( 31,135,267, 74,178,310,117,221,353)( 32,171,273, 75,214,316,118,
             257,359)( 33,164,279, 76,207,322,119,250,365)( 34,157,285, 77,
             200,328,120,243,371)( 35,150,291, 78,193,334,121,236,377)
            ( 36,143,297, 79,186,340,122,229,383)( 37,136,260, 80,179,303,123,
             222,346)( 38,172,266, 81,215,309,124,258,352)( 39,165,272, 82,
             208,315,125,251,358)( 40,158,278, 83,201,321,126,244,364)
            ( 41,151,284, 84,194,327,127,237,370)( 42,144,290, 85,187,333,128,
             230,376)( 43,137,296, 86,180,339,129,223,382), 
          (  1,  2,  3,  4,  5,  6,  7,  8,  9, 10, 11, 12, 13, 14, 15, 16,
              17, 18, 19, 20, 21, 22, 23, 24, 25, 26, 27, 28, 29, 30, 31, 32,
              33, 34, 35, 36, 37, 38, 39, 40, 41, 42, 43)( 44, 45, 46, 47, 48,
             49, 50, 51, 52, 53, 54, 55, 56, 57, 58, 59, 60, 61, 62, 63, 64,
              65, 66, 67, 68, 69, 70, 71, 72, 73, 74, 75, 76, 77, 78, 79, 80,
              81, 82, 83, 84, 85, 86)( 87, 88, 89, 90, 91, 92, 93, 94, 95, 96,
             97, 98, 99,100,101,102,103,104,105,106,107,108,109,110,111,112,
             113,114,115,116,117,118,119,120,121,122,123,124,125,126,127,128,
             129)(130,131,132,133,134,135,136,137,138,139,140,141,142,143,144,
             145,146,147,148,149,150,151,152,153,154,155,156,157,158,159,160,
             161,162,163,164,165,166,167,168,169,170,171,172)(173,174,175,176,
             177,178,179,180,181,182,183,184,185,186,187,188,189,190,191,192,
             193,194,195,196,197,198,199,200,201,202,203,204,205,206,207,208,
             209,210,211,212,213,214,215)(216,217,218,219,220,221,222,223,224,
             225,226,227,228,229,230,231,232,233,234,235,236,237,238,239,240,
             241,242,243,244,245,246,247,248,249,250,251,252,253,254,255,256,
             257,258)(259,260,261,262,263,264,265,266,267,268,269,270,271,272,
             273,274,275,276,277,278,279,280,281,282,283,284,285,286,287,288,
             289,290,291,292,293,294,295,296,297,298,299,300,301)
            (302,303,304,305,306,307,308,309,310,311,312,313,314,315,316,317,
             318,319,320,321,322,323,324,325,326,327,328,329,330,331,332,333,
             334,335,336,337,338,339,340,341,342,343,344)(345,346,347,348,349,
             350,351,352,353,354,355,356,357,358,359,360,361,362,363,364,365,
             366,367,368,369,370,371,372,373,374,375,376,377,378,379,380,381,
             382,383,384,385,386,387) ],
      p := (  2,216, 96,210, 94, 12,243,176, 86,162, 80, 60,199, 39,107,179,
         377,116,237,219,195,330,149,180,317, 15,120,220,369,159, 78,114,167,
         178, 76,205,382, 75,311, 48,140,136,215,172, 98,117,322,314,383,357,
          19, 54,286,274,273,228,321,280,224,351,161,250,  9,173,211,121,246,
          20,276,245,277,298, 69,239,230,151,255,201,177,327,133,267, 47,242,
         263,169, 93,313, 65,222,212,353,316, 62,163, 53, 64, 67,266,315, 82,
         344,359,175,387,171,270,300,360, 42,371,218,380, 56, 18,269,244,288,
          92, 38,183,135,174, 50,236,332,111,100,381,376, 99,365,214,131,  8,
         302,343,185, 23,249, 25, 24,292,287,264,342,154,265,143,325,187,346,
         202,203,127,260,208,166,291, 91,303, 49,253,191,168,119,150,301, 59,
          27,328,374, 73,336,158, 51, 31,248,261,152,223,385,132, 35,329,106,
         354,257,129,209,364,102,379,118,252,181,307,281,234,306, 16,226,358,
           3, 87,  7, 34,157,  4, 11,130,278, 68,275,213,164,225,186, 40,355,
         240,256,188, 81,361, 26,319,304,350,331,347,384, 89, 71, 14,345,170,
         124, 74, 70,282, 63,335,148,283,241, 84,221,137, 10,232,305,333, 95,
         254, 88,372, 58,190, 55,295,125,296, 83,334,138,182,  6, 44,378,101,
         104,113,258,198,340,165,337,145,308, 13, 97,193,320, 32, 17, 21,285,
         251,284, 79,184, 43,206,348,235,247,192, 45,110,368,142,153,299, 66,
         233,134,207,123,289,109,196, 22, 77,103,147,217,139,294,297,370,290,
         126,262,326,349,366,112,338,155,229,231,323, 29,200,194,  5,259, 36,
          28,189,356,271,197)( 30,318, 72, 61,268,324,204,375, 46,312,373, 85,
         33,146,238,160,310,363,115,339,122, 41,362,105,156,272,341,386,128,
          37,227, 90,141,309)( 52,279)( 57,293,108,352,144),
      q := (  2,259,  9,302,202,337,384, 85, 12,269,263,369,386, 46,200,305,
         175,166,225,310,170, 50,268,198,181,208,387,357, 26,206,151,283,281,
         280,297,133,229,298,105,361, 19,120,278,106,150,252,340,350,204,168,
          55,253,323, 16,285,264,195,197, 43,319,187,137, 35,190,119,354,271,
         330,360,  3, 44,146,299,108,136,308, 32, 28,335,366, 62,362, 69,293,
          66,286,235,288, 82,209,134,313,109,336,349,148,255,306, 29,312,154,
         258,324,331,144,117,184)(  4, 34,355,287,251,219,342,373, 89,103,372,
         116,262,212,143,205,131, 37,279,122)(  5,216, 78, 60,318,102,153,238,
         380,118,301,115,174,124,100,167,315, 92,  7, 11,345,363, 59, 18,243,
         327,370,218,160,186)(  6, 87, 38,328,161,270,245,256,341,159, 96,338,
         367,155,267,127,223,152,260,307,241, 90,365,314,138,334,383,171,250,
          36, 17, 24,232,194, 40,157, 41,163,121,294,224,172, 76,325,304,165,
         203, 47,275,320, 13, 77, 71, 31,282,111, 74,104, 61,236,211, 53,110,
         162, 94, 33,378, 73,196, 23,276,300,149,303,125,217,377, 58,329, 68,
         242,244,247,317, 30,199)(  8,173,332, 63,189,164,291, 83,182, 39, 67,
         222,326,158,123,254, 86,368,359,333, 79,322,214,382, 99,141,179,139,
         246, 25, 21,226,135,339, 52,227, 84,272,188, 93,207, 51, 14,130,220,
         169, 81,156,221,346,343,316,112,210, 80,114,381,132, 10,292,240,277,
         231,191,375,128)( 15, 54,233,364, 72,113,265,353,185, 22, 97,311,126,
         237,284, 95,289, 65,266,178, 98, 57,239,261,385,376, 75,193,213,356,
         257, 45, 64,107,309)( 20,249)( 27,183,358, 42,140,352,347,145,215,
         351,374,101, 70,248,230,348,274,228,177,176, 88,147,296, 91,180,192,
         129,344,142,379, 56)( 48,371,290)( 49,295)(201,321,234) ), rec(
      gadd := 
       [ (  1,130,259, 44,173,302, 87,216,345)(  2,166,265, 45,209,308, 88,
             252,351)(  3,159,271, 46,202,314, 89,245,357)(  4,152,277, 47,
             195,320, 90,238,363)(  5,145,283, 48,188,326, 91,231,369)
            (  6,138,289, 49,181,332, 92,224,375)(  7,131,295, 50,174,338, 93,
             217,381)(  8,167,301, 51,210,344, 94,253,387)(  9,160,264, 52,
             203,307, 95,246,350)( 10,153,270, 53,196,313, 96,239,356)
            ( 11,146,276, 54,189,319, 97,232,362)( 12,139,282, 55,182,325, 98,
             225,368)( 13,132,288, 56,175,331, 99,218,374)( 14,168,294, 57,
             211,337,100,254,380)( 15,161,300, 58,204,343,101,247,386)
            ( 16,154,263, 59,197,306,102,240,349)( 17,147,269, 60,190,312,103,
             233,355)( 18,140,275, 61,183,318,104,226,361)( 19,133,281, 62,
             176,324,105,219,367)( 20,169,287, 63,212,330,106,255,373)
            ( 21,162,293, 64,205,336,107,248,379)( 22,155,299, 65,198,342,108,
             241,385)( 23,148,262, 66,191,305,109,234,348)( 24,141,268, 67,
             184,311,110,227,354)( 25,134,274, 68,177,317,111,220,360)
            ( 26,170,280, 69,213,323,112,256,366)( 27,163,286, 70,206,329,113,
             249,372)( 28,156,292, 71,199,335,114,242,378)( 29,149,298, 72,
             192,341,115,235,384)( 30,142,261, 73,185,304,116,228,347)
            ( 31,135,267, 74,178,310,117,221,353)( 32,171,273, 75,214,316,118,
             257,359)( 33,164,279, 76,207,322,119,250,365)( 34,157,285, 77,
             200,328,120,243,371)( 35,150,291, 78,193,334,121,236,377)
            ( 36,143,297, 79,186,340,122,229,383)( 37,136,260, 80,179,303,123,
             222,346)( 38,172,266, 81,215,309,124,258,352)( 39,165,272, 82,
             208,315,125,251,358)( 40,158,278, 83,201,321,126,244,364)
            ( 41,151,284, 84,194,327,127,237,370)( 42,144,290, 85,187,333,128,
             230,376)( 43,137,296, 86,180,339,129,223,382), 
          (  1,  2,  3,  4,  5,  6,  7,  8,  9, 10, 11, 12, 13, 14, 15, 16,
              17, 18, 19, 20, 21, 22, 23, 24, 25, 26, 27, 28, 29, 30, 31, 32,
              33, 34, 35, 36, 37, 38, 39, 40, 41, 42, 43)( 44, 45, 46, 47, 48,
             49, 50, 51, 52, 53, 54, 55, 56, 57, 58, 59, 60, 61, 62, 63, 64,
              65, 66, 67, 68, 69, 70, 71, 72, 73, 74, 75, 76, 77, 78, 79, 80,
              81, 82, 83, 84, 85, 86)( 87, 88, 89, 90, 91, 92, 93, 94, 95, 96,
             97, 98, 99,100,101,102,103,104,105,106,107,108,109,110,111,112,
             113,114,115,116,117,118,119,120,121,122,123,124,125,126,127,128,
             129)(130,131,132,133,134,135,136,137,138,139,140,141,142,143,144,
             145,146,147,148,149,150,151,152,153,154,155,156,157,158,159,160,
             161,162,163,164,165,166,167,168,169,170,171,172)(173,174,175,176,
             177,178,179,180,181,182,183,184,185,186,187,188,189,190,191,192,
             193,194,195,196,197,198,199,200,201,202,203,204,205,206,207,208,
             209,210,211,212,213,214,215)(216,217,218,219,220,221,222,223,224,
             225,226,227,228,229,230,231,232,233,234,235,236,237,238,239,240,
             241,242,243,244,245,246,247,248,249,250,251,252,253,254,255,256,
             257,258)(259,260,261,262,263,264,265,266,267,268,269,270,271,272,
             273,274,275,276,277,278,279,280,281,282,283,284,285,286,287,288,
             289,290,291,292,293,294,295,296,297,298,299,300,301)
            (302,303,304,305,306,307,308,309,310,311,312,313,314,315,316,317,
             318,319,320,321,322,323,324,325,326,327,328,329,330,331,332,333,
             334,335,336,337,338,339,340,341,342,343,344)(345,346,347,348,349,
             350,351,352,353,354,355,356,357,358,359,360,361,362,363,364,365,
             366,367,368,369,370,371,372,373,374,375,376,377,378,379,380,381,
             382,383,384,385,386,387) ],
      gmul := 
       [ (  1,130,302, 44,173,345, 87,216,259)(  2,166,308, 45,209,351, 88,
             252,265)(  3,159,314, 46,202,357, 89,245,271)(  4,152,320, 47,
             195,363, 90,238,277)(  5,145,326, 48,188,369, 91,231,283)
            (  6,138,332, 49,181,375, 92,224,289)(  7,131,338, 50,174,381, 93,
             217,295)(  8,167,344, 51,210,387, 94,253,301)(  9,160,307, 52,
             203,350, 95,246,264)( 10,153,313, 53,196,356, 96,239,270)
            ( 11,146,319, 54,189,362, 97,232,276)( 12,139,325, 55,182,368, 98,
             225,282)( 13,132,331, 56,175,374, 99,218,288)( 14,168,337, 57,
             211,380,100,254,294)( 15,161,343, 58,204,386,101,247,300)
            ( 16,154,306, 59,197,349,102,240,263)( 17,147,312, 60,190,355,103,
             233,269)( 18,140,318, 61,183,361,104,226,275)( 19,133,324, 62,
             176,367,105,219,281)( 20,169,330, 63,212,373,106,255,287)
            ( 21,162,336, 64,205,379,107,248,293)( 22,155,342, 65,198,385,108,
             241,299)( 23,148,305, 66,191,348,109,234,262)( 24,141,311, 67,
             184,354,110,227,268)( 25,134,317, 68,177,360,111,220,274)
            ( 26,170,323, 69,213,366,112,256,280)( 27,163,329, 70,206,372,113,
             249,286)( 28,156,335, 71,199,378,114,242,292)( 29,149,341, 72,
             192,384,115,235,298)( 30,142,304, 73,185,347,116,228,261)
            ( 31,135,310, 74,178,353,117,221,267)( 32,171,316, 75,214,359,118,
             257,273)( 33,164,322, 76,207,365,119,250,279)( 34,157,328, 77,
             200,371,120,243,285)( 35,150,334, 78,193,377,121,236,291)
            ( 36,143,340, 79,186,383,122,229,297)( 37,136,303, 80,179,346,123,
             222,260)( 38,172,309, 81,215,352,124,258,266)( 39,165,315, 82,
             208,358,125,251,272)( 40,158,321, 83,201,364,126,244,278)
            ( 41,151,327, 84,194,370,127,237,284)( 42,144,333, 85,187,376,128,
             230,290)( 43,137,339, 86,180,382,129,223,296), 
          (  1,  2,  3,  4,  5,  6,  7,  8,  9, 10, 11, 12, 13, 14, 15, 16,
              17, 18, 19, 20, 21, 22, 23, 24, 25, 26, 27, 28, 29, 30, 31, 32,
              33, 34, 35, 36, 37, 38, 39, 40, 41, 42, 43)( 44, 45, 46, 47, 48,
             49, 50, 51, 52, 53, 54, 55, 56, 57, 58, 59, 60, 61, 62, 63, 64,
              65, 66, 67, 68, 69, 70, 71, 72, 73, 74, 75, 76, 77, 78, 79, 80,
              81, 82, 83, 84, 85, 86)( 87, 88, 89, 90, 91, 92, 93, 94, 95, 96,
             97, 98, 99,100,101,102,103,104,105,106,107,108,109,110,111,112,
             113,114,115,116,117,118,119,120,121,122,123,124,125,126,127,128,
             129)(130,131,132,133,134,135,136,137,138,139,140,141,142,143,144,
             145,146,147,148,149,150,151,152,153,154,155,156,157,158,159,160,
             161,162,163,164,165,166,167,168,169,170,171,172)(173,174,175,176,
             177,178,179,180,181,182,183,184,185,186,187,188,189,190,191,192,
             193,194,195,196,197,198,199,200,201,202,203,204,205,206,207,208,
             209,210,211,212,213,214,215)(216,217,218,219,220,221,222,223,224,
             225,226,227,228,229,230,231,232,233,234,235,236,237,238,239,240,
             241,242,243,244,245,246,247,248,249,250,251,252,253,254,255,256,
             257,258)(259,260,261,262,263,264,265,266,267,268,269,270,271,272,
             273,274,275,276,277,278,279,280,281,282,283,284,285,286,287,288,
             289,290,291,292,293,294,295,296,297,298,299,300,301)
            (302,303,304,305,306,307,308,309,310,311,312,313,314,315,316,317,
             318,319,320,321,322,323,324,325,326,327,328,329,330,331,332,333,
             334,335,336,337,338,339,340,341,342,343,344)(345,346,347,348,349,
             350,351,352,353,354,355,356,357,358,359,360,361,362,363,364,365,
             366,367,368,369,370,371,372,373,374,375,376,377,378,379,380,381,
             382,383,384,385,386,387) ],
      p := (  2,130,278, 68,275,256,231,323, 29,243,219,238,203,127,260,251,
         284, 79,227, 90,184, 43,249, 25, 24,292,287,264,342,197)
        (  3, 87,  7, 34,200,237,133,267, 47,156,272,341,386,128, 37,141,309,
          30,318, 72, 61,268,324,247,235,161,164,139,294,297,370,290,126,262,
         326,349,366,112,338,198,340,208,209,364,102,379,118,166,291, 91,303,
          49,167,221,180,317, 15,120,134,250,  9,216, 96,253,234,306, 16,140,
         179,377,116,151,169, 93,313, 65,136,258,241, 84,135,217,182,  6, 44,
         378,101,104,113,172, 98,117,322,314,383,357, 19, 54,286,274,273,142,
         196, 22, 77,103,190, 55,295,125,296, 83,334,181,307,281,148,283,155,
         143,325,230,194,  5,259, 36, 28,232,305,333, 95,168,119,193,320, 32,
          17, 21,285,165,337,188, 81,361, 26,319,304,350,331,347,384, 89, 71,
          14,345,213,207,123,289,109,239,144, 57,293,108,352,187,346,245,277,
         298, 69,153,299, 66,147,131,  8,302,343,228,321,280,138,225,229,145,
         308, 13, 97,236,332,111,100,381,376, 99,365,257,129,252,224,351,204,
         375, 46,312,373, 85, 33,189,356,271,240,170,124, 74, 70,282, 63,335,
         191,211,121,160,310,363,115,339,122, 41,362,105,199, 39,107,222,255,
         244,288, 92, 38,226,358)(  4, 11,173,254, 88,372, 58,233,177,327,176,
         86,205,382, 75,311, 48,183,178, 76,248,261,195,330,192, 45,110,368,
         185, 23,163, 53, 64, 67,266,315, 82,344,359,218,380, 56, 18,269,158,
          51, 31,162, 80, 60,242,263,212,353,316, 62,206,348,149,223,385,175,
         387,214,174, 50,150,301, 59, 27,328,374, 73,336,201,220,369,202,246,
          20,276,159, 78,114,210, 94, 12,157)( 10,146,152,137)
        ( 35,329,106,354,171,270,300,360, 42,371,132)( 40,355,154,265,186)
        ( 52,279),
      q := (  2,259,  9,302,245,170, 50,268,241, 90,365,314,181,251,133,143,
         248,144,117,227, 84,272,231,234,244,161,270,159, 96,338,367,198,224,
         215,351,374,101, 70,162, 94, 33,378, 73,239,261,385,376, 75,236,254,
          86,368,359,333, 79,322,257, 45, 64,107,309, 15, 54,147,296, 91,223,
         195,240,277,145,258,324,331,187,180,235,288, 82,252,340,350,247,317,
          30,242,158,123,168, 55,167,315, 92,  7, 11,345,363, 59, 18,157, 41,
         206,194, 40,200,305,218,203, 47,275,320, 13, 77, 71, 31,282,111, 74,
         104, 61,150,166,139,160,229,298,105,361, 19,120,278,106,193,256,341,
         202,337,384, 85, 12,269,263,369,386, 46,243,327,370,132, 10,292,154,
         172, 76,325,304,208,387,357, 26,249, 20,163,121,294,138,334,383,214,
         382, 99,184)(  3, 44,189,207, 51, 14,173,332, 63,232,237,284, 95,289,
         65,266,221,346,343,316,112,253,323, 16,285,264,238,380,118,301,115,
         217,377, 58,329, 68,156,135,339, 52,141,222,326,201,321,148,169, 81,
         199,  6, 87, 38,328,204,211, 53,110,205,174,124,100,210, 80,114,381,
         175,209,177,219,342,373, 89,103,372,116,262,255,306, 29,312,197, 43,
         319,230,348,274,142,379, 56, 27,226,178, 98, 57,153,152,260,307,155,
         267,127,137, 35,233,364, 72,113,265,353,228,220,212,186,  5,130,134,
         313,109,336,349,191,375,128,  8,216, 78, 60,318,102,196, 23,276,300,
         192,129,344,185, 22, 97,311,126,151,283,281,280,297,176, 88,190,119,
         354,271,330,360)(  4, 34,355,287,165,246, 25, 21,140,352,347,188, 93,
         250, 36, 17, 24,146,299,108,179,182, 39, 67,136,308, 32, 28,335,366,
          62,362, 69,293, 66,286,149,303,125,131, 37,279,122)( 42,183,358)
        ( 48,371,290)( 49,295)( 83,225,310,213,356,171,164,291) ), rec(
      gadd := 
       [ (  1,130,259, 44,173,302, 87,216,345)(  2,166,265, 45,209,308, 88,
             252,351)(  3,159,271, 46,202,314, 89,245,357)(  4,152,277, 47,
             195,320, 90,238,363)(  5,145,283, 48,188,326, 91,231,369)
            (  6,138,289, 49,181,332, 92,224,375)(  7,131,295, 50,174,338, 93,
             217,381)(  8,167,301, 51,210,344, 94,253,387)(  9,160,264, 52,
             203,307, 95,246,350)( 10,153,270, 53,196,313, 96,239,356)
            ( 11,146,276, 54,189,319, 97,232,362)( 12,139,282, 55,182,325, 98,
             225,368)( 13,132,288, 56,175,331, 99,218,374)( 14,168,294, 57,
             211,337,100,254,380)( 15,161,300, 58,204,343,101,247,386)
            ( 16,154,263, 59,197,306,102,240,349)( 17,147,269, 60,190,312,103,
             233,355)( 18,140,275, 61,183,318,104,226,361)( 19,133,281, 62,
             176,324,105,219,367)( 20,169,287, 63,212,330,106,255,373)
            ( 21,162,293, 64,205,336,107,248,379)( 22,155,299, 65,198,342,108,
             241,385)( 23,148,262, 66,191,305,109,234,348)( 24,141,268, 67,
             184,311,110,227,354)( 25,134,274, 68,177,317,111,220,360)
            ( 26,170,280, 69,213,323,112,256,366)( 27,163,286, 70,206,329,113,
             249,372)( 28,156,292, 71,199,335,114,242,378)( 29,149,298, 72,
             192,341,115,235,384)( 30,142,261, 73,185,304,116,228,347)
            ( 31,135,267, 74,178,310,117,221,353)( 32,171,273, 75,214,316,118,
             257,359)( 33,164,279, 76,207,322,119,250,365)( 34,157,285, 77,
             200,328,120,243,371)( 35,150,291, 78,193,334,121,236,377)
            ( 36,143,297, 79,186,340,122,229,383)( 37,136,260, 80,179,303,123,
             222,346)( 38,172,266, 81,215,309,124,258,352)( 39,165,272, 82,
             208,315,125,251,358)( 40,158,278, 83,201,321,126,244,364)
            ( 41,151,284, 84,194,327,127,237,370)( 42,144,290, 85,187,333,128,
             230,376)( 43,137,296, 86,180,339,129,223,382), 
          (  1,  2,  3,  4,  5,  6,  7,  8,  9, 10, 11, 12, 13, 14, 15, 16,
              17, 18, 19, 20, 21, 22, 23, 24, 25, 26, 27, 28, 29, 30, 31, 32,
              33, 34, 35, 36, 37, 38, 39, 40, 41, 42, 43)( 44, 45, 46, 47, 48,
             49, 50, 51, 52, 53, 54, 55, 56, 57, 58, 59, 60, 61, 62, 63, 64,
              65, 66, 67, 68, 69, 70, 71, 72, 73, 74, 75, 76, 77, 78, 79, 80,
              81, 82, 83, 84, 85, 86)( 87, 88, 89, 90, 91, 92, 93, 94, 95, 96,
             97, 98, 99,100,101,102,103,104,105,106,107,108,109,110,111,112,
             113,114,115,116,117,118,119,120,121,122,123,124,125,126,127,128,
             129)(130,131,132,133,134,135,136,137,138,139,140,141,142,143,144,
             145,146,147,148,149,150,151,152,153,154,155,156,157,158,159,160,
             161,162,163,164,165,166,167,168,169,170,171,172)(173,174,175,176,
             177,178,179,180,181,182,183,184,185,186,187,188,189,190,191,192,
             193,194,195,196,197,198,199,200,201,202,203,204,205,206,207,208,
             209,210,211,212,213,214,215)(216,217,218,219,220,221,222,223,224,
             225,226,227,228,229,230,231,232,233,234,235,236,237,238,239,240,
             241,242,243,244,245,246,247,248,249,250,251,252,253,254,255,256,
             257,258)(259,260,261,262,263,264,265,266,267,268,269,270,271,272,
             273,274,275,276,277,278,279,280,281,282,283,284,285,286,287,288,
             289,290,291,292,293,294,295,296,297,298,299,300,301)
            (302,303,304,305,306,307,308,309,310,311,312,313,314,315,316,317,
             318,319,320,321,322,323,324,325,326,327,328,329,330,331,332,333,
             334,335,336,337,338,339,340,341,342,343,344)(345,346,347,348,349,
             350,351,352,353,354,355,356,357,358,359,360,361,362,363,364,365,
             366,367,368,369,370,371,372,373,374,375,376,377,378,379,380,381,
             382,383,384,385,386,387) ],
      gmul := 
       [ (  1,130,302, 44,173,345, 87,216,259)(  2,131,303, 45,174,346, 88,
             217,260)(  3,132,304, 46,175,347, 89,218,261)(  4,133,305, 47,
             176,348, 90,219,262)(  5,134,306, 48,177,349, 91,220,263)
            (  6,135,307, 49,178,350, 92,221,264)(  7,136,308, 50,179,351, 93,
             222,265)(  8,137,309, 51,180,352, 94,223,266)(  9,138,310, 52,
             181,353, 95,224,267)( 10,139,311, 53,182,354, 96,225,268)
            ( 11,140,312, 54,183,355, 97,226,269)( 12,141,313, 55,184,356, 98,
             227,270)( 13,142,314, 56,185,357, 99,228,271)( 14,143,315, 57,
             186,358,100,229,272)( 15,144,316, 58,187,359,101,230,273)
            ( 16,145,317, 59,188,360,102,231,274)( 17,146,318, 60,189,361,103,
             232,275)( 18,147,319, 61,190,362,104,233,276)( 19,148,320, 62,
             191,363,105,234,277)( 20,149,321, 63,192,364,106,235,278)
            ( 21,150,322, 64,193,365,107,236,279)( 22,151,323, 65,194,366,108,
             237,280)( 23,152,324, 66,195,367,109,238,281)( 24,153,325, 67,
             196,368,110,239,282)( 25,154,326, 68,197,369,111,240,283)
            ( 26,155,327, 69,198,370,112,241,284)( 27,156,328, 70,199,371,113,
             242,285)( 28,157,329, 71,200,372,114,243,286)( 29,158,330, 72,
             201,373,115,244,287)( 30,159,331, 73,202,374,116,245,288)
            ( 31,160,332, 74,203,375,117,246,289)( 32,161,333, 75,204,376,118,
             247,290)( 33,162,334, 76,205,377,119,248,291)( 34,163,335, 77,
             206,378,120,249,292)( 35,164,336, 78,207,379,121,250,293)
            ( 36,165,337, 79,208,380,122,251,294)( 37,166,338, 80,209,381,123,
             252,295)( 38,167,339, 81,210,382,124,253,296)( 39,168,340, 82,
             211,383,125,254,297)( 40,169,341, 83,212,384,126,255,298)
            ( 41,170,342, 84,213,385,127,256,299)( 42,171,343, 85,214,386,128,
             257,300)( 43,172,344, 86,215,387,129,258,301), 
          (  1,  2,  3,  4,  5,  6,  7,  8,  9, 10, 11, 12, 13, 14, 15, 16,
              17, 18, 19, 20, 21, 22, 23, 24, 25, 26, 27, 28, 29, 30, 31, 32,
              33, 34, 35, 36, 37, 38, 39, 40, 41, 42, 43)( 44, 45, 46, 47, 48,
             49, 50, 51, 52, 53, 54, 55, 56, 57, 58, 59, 60, 61, 62, 63, 64,
              65, 66, 67, 68, 69, 70, 71, 72, 73, 74, 75, 76, 77, 78, 79, 80,
              81, 82, 83, 84, 85, 86)( 87, 88, 89, 90, 91, 92, 93, 94, 95, 96,
             97, 98, 99,100,101,102,103,104,105,106,107,108,109,110,111,112,
             113,114,115,116,117,118,119,120,121,122,123,124,125,126,127,128,
             129)(130,166,159,152,145,138,131,167,160,153,146,139,132,168,161,
             154,147,140,133,169,162,155,148,141,134,170,163,156,149,142,135,
             171,164,157,150,143,136,172,165,158,151,144,137)(173,209,202,195,
             188,181,174,210,203,196,189,182,175,211,204,197,190,183,176,212,
             205,198,191,184,177,213,206,199,192,185,178,214,207,200,193,186,
             179,215,208,201,194,187,180)(216,252,245,238,231,224,217,253,246,
             239,232,225,218,254,247,240,233,226,219,255,248,241,234,227,220,
             256,249,242,235,228,221,257,250,243,236,229,222,258,251,244,237,
             230,223)(259,265,271,277,283,289,295,301,264,270,276,282,288,294,
             300,263,269,275,281,287,293,299,262,268,274,280,286,292,298,261,
             267,273,279,285,291,297,260,266,272,278,284,290,296)
            (302,308,314,320,326,332,338,344,307,313,319,325,331,337,343,306,
             312,318,324,330,336,342,305,311,317,323,329,335,341,304,310,316,
             322,328,334,340,303,309,315,321,327,333,339)(345,351,357,363,369,
             375,381,387,350,356,362,368,374,380,386,349,355,361,367,373,379,
             385,348,354,360,366,372,378,384,347,353,359,365,371,377,383,346,
             352,358,364,370,376,382) ],
      p := (  2,130,292,286, 56, 40,373, 84,144, 73,340, 99,358,  8,302,342,
         234,319, 70,289,290,128, 24,274,284, 71, 30,341,175,365, 37,135,225,
         228,335,103,201,232,339,179,380,385,195,  7, 25,  6, 44,360, 41,364,
         123,300,361, 94, 31,168,100,354,324,241,276,166,294,271,260,218,374,
          62,177,303, 85, 14,345,370,152,162, 67,293, 93,310, 19, 63,317, 51,
          15,111,116,131, 21,283, 86,211,122, 34,197,314,357,238,204,386,127,
         282,167,230,338,210,107,239,285,136,250, 17, 39,125,291,124, 58,244,
         223,351,213,186, 38,255,249)(  3, 87, 10,149,248,242,281,171,267, 54,
         263,200,217,203,120,146,172,117,315, 46,330,180,318,320,305, 27,326,
         371,299, 81,384, 90,178, 57,297, 80, 72, 83,337,214,182,163, 52,272,
         328,367,352,323, 22, 68,298,327,362,113,164,160,316,183, 42,369,176,
          76,254, 98,101,126,296,346,209,378,112,311,387,194,329,129,227, 97,
         251, 32, 29,240, 77,115,334, 88,349,381, 65,153,265,185, 33,192, 55,
         268,309,266,304,376,109,224,356,  4, 20,278, 45, 92, 35,306,206,382,
          66,158, 64, 49,150,279, 60,231,155,142,181,333,199,140,196, 12,154,
         270,233,189,353,151,157, 11,173,245,277,280, 75,307, 18,287,132, 36,
          16,169, 96,236,343,190, 74, 48,212,359,147,139,288,275,252,257,119,
         208,184,187,368,191,202,247, 28,235,170,121,161,143,332,114,193,344,
         219,258,222,243, 43,220,355,262,312,372, 69,138,246,301, 61,264,308,
          23,134,229,174, 53, 82,322,295, 89, 59,  5,259, 13,106,350,198)
        (  9,216, 95,159, 79,221,205,377,105,188, 78,102,383,348,156,261,215,
         207,110,375, 47,145,313, 50,165,331,363,104, 91,325,256,226,347,366,
         237,137)( 26,321)(108,379)(118,141,336)(133,273)(148,269),
      q := (  2,259, 32, 16,283, 88,201,335, 71, 15, 63,235,277,148,157, 34,
         373, 90,358, 37,272,226,187,205,182,276,301,113,270,329, 45, 82,227,
          77, 59, 40,197,257, 55,150,141,239,140,379, 66,263,355,151,269,280,
          99,178,117,221,368,366,305, 18,154,164,294,171,143,254, 76,332, 60,
         341,376, 65,293, 81,188, 96,311,209,189,186,  7, 20,134,310, 26,220,
         200,339,352,234,249, 43,321, 19,111, 58,306,362, 61,165,247, 17,  6,
          87, 35,244,303, 89,115,225,316,371,152,282,295, 85, 31,289,132,  9,
         302,238,374,112,236,245,170, 53, 92, 10,274,133,142,383,194,233,378,
          62,364, 51, 30,231,281,271,137, 36, 29,330,346,387,348,275,344,327,
         206,174,121,288,156,144,101, 48,369,370,299, 93,229,382,108,196, 33,
         360,  4, 25, 39, 49,268,222,312,190,100,193,252,314,214,377, 69,297,
          94, 14,173,343,372,105,384, 84,261,351,363, 70,168, 74,126,131, 24,
         149,325,320,237,260,333,361, 80,102,181,218,204,202,331,213,353,262,
         243)(  3, 44,192,119,350,367,179,203, 54,158,110,211, 52,135,334, 86,
         375,127,162,107,336, 56,  5,130,146,265,359,286,118,279,114,354,241,
         163,122, 11,345,176, 98, 73,224,207, 64,125,139,161,267,120,292,147,
         291, 50,264,258,309,136,313,124,116,296,180,242,155,273,284,103,349,
         210, 67,153,172, 57,138,337,357,342,323, 23,278,129,322,167,304,175,
         184,347,191,386, 47,298,219,308, 22,106,208,365,  8,216, 79,315,128,
          21,169, 78, 72, 91,248,318,256,328,198, 42,212,185, 12,287,290, 46,
         240, 97,307, 27,255,319,104, 83,246,166,160,228,232,217,380,195, 38,
         326,183)( 13, 68,145,250, 28,317,123,159, 95,300,199,285,266,230,253,
         338,381,109,340, 75,251)( 41,177,223,215,356) ), rec(
      gadd := 
       [ (  1,130,259, 44,173,302, 87,216,345)(  2,166,265, 45,209,308, 88,
             252,351)(  3,159,271, 46,202,314, 89,245,357)(  4,152,277, 47,
             195,320, 90,238,363)(  5,145,283, 48,188,326, 91,231,369)
            (  6,138,289, 49,181,332, 92,224,375)(  7,131,295, 50,174,338, 93,
             217,381)(  8,167,301, 51,210,344, 94,253,387)(  9,160,264, 52,
             203,307, 95,246,350)( 10,153,270, 53,196,313, 96,239,356)
            ( 11,146,276, 54,189,319, 97,232,362)( 12,139,282, 55,182,325, 98,
             225,368)( 13,132,288, 56,175,331, 99,218,374)( 14,168,294, 57,
             211,337,100,254,380)( 15,161,300, 58,204,343,101,247,386)
            ( 16,154,263, 59,197,306,102,240,349)( 17,147,269, 60,190,312,103,
             233,355)( 18,140,275, 61,183,318,104,226,361)( 19,133,281, 62,
             176,324,105,219,367)( 20,169,287, 63,212,330,106,255,373)
            ( 21,162,293, 64,205,336,107,248,379)( 22,155,299, 65,198,342,108,
             241,385)( 23,148,262, 66,191,305,109,234,348)( 24,141,268, 67,
             184,311,110,227,354)( 25,134,274, 68,177,317,111,220,360)
            ( 26,170,280, 69,213,323,112,256,366)( 27,163,286, 70,206,329,113,
             249,372)( 28,156,292, 71,199,335,114,242,378)( 29,149,298, 72,
             192,341,115,235,384)( 30,142,261, 73,185,304,116,228,347)
            ( 31,135,267, 74,178,310,117,221,353)( 32,171,273, 75,214,316,118,
             257,359)( 33,164,279, 76,207,322,119,250,365)( 34,157,285, 77,
             200,328,120,243,371)( 35,150,291, 78,193,334,121,236,377)
            ( 36,143,297, 79,186,340,122,229,383)( 37,136,260, 80,179,303,123,
             222,346)( 38,172,266, 81,215,309,124,258,352)( 39,165,272, 82,
             208,315,125,251,358)( 40,158,278, 83,201,321,126,244,364)
            ( 41,151,284, 84,194,327,127,237,370)( 42,144,290, 85,187,333,128,
             230,376)( 43,137,296, 86,180,339,129,223,382), 
          (  1,  2,  3,  4,  5,  6,  7,  8,  9, 10, 11, 12, 13, 14, 15, 16,
              17, 18, 19, 20, 21, 22, 23, 24, 25, 26, 27, 28, 29, 30, 31, 32,
              33, 34, 35, 36, 37, 38, 39, 40, 41, 42, 43)( 44, 45, 46, 47, 48,
             49, 50, 51, 52, 53, 54, 55, 56, 57, 58, 59, 60, 61, 62, 63, 64,
              65, 66, 67, 68, 69, 70, 71, 72, 73, 74, 75, 76, 77, 78, 79, 80,
              81, 82, 83, 84, 85, 86)( 87, 88, 89, 90, 91, 92, 93, 94, 95, 96,
             97, 98, 99,100,101,102,103,104,105,106,107,108,109,110,111,112,
             113,114,115,116,117,118,119,120,121,122,123,124,125,126,127,128,
             129)(130,131,132,133,134,135,136,137,138,139,140,141,142,143,144,
             145,146,147,148,149,150,151,152,153,154,155,156,157,158,159,160,
             161,162,163,164,165,166,167,168,169,170,171,172)(173,174,175,176,
             177,178,179,180,181,182,183,184,185,186,187,188,189,190,191,192,
             193,194,195,196,197,198,199,200,201,202,203,204,205,206,207,208,
             209,210,211,212,213,214,215)(216,217,218,219,220,221,222,223,224,
             225,226,227,228,229,230,231,232,233,234,235,236,237,238,239,240,
             241,242,243,244,245,246,247,248,249,250,251,252,253,254,255,256,
             257,258)(259,260,261,262,263,264,265,266,267,268,269,270,271,272,
             273,274,275,276,277,278,279,280,281,282,283,284,285,286,287,288,
             289,290,291,292,293,294,295,296,297,298,299,300,301)
            (302,303,304,305,306,307,308,309,310,311,312,313,314,315,316,317,
             318,319,320,321,322,323,324,325,326,327,328,329,330,331,332,333,
             334,335,336,337,338,339,340,341,342,343,344)(345,346,347,348,349,
             350,351,352,353,354,355,356,357,358,359,360,361,362,363,364,365,
             366,367,368,369,370,371,372,373,374,375,376,377,378,379,380,381,
             382,383,384,385,386,387) ],
      gmul := 
       [ (  1,130,345, 44,173,259, 87,216,302)(  2,166,351, 45,209,265, 88,
             252,308)(  3,159,357, 46,202,271, 89,245,314)(  4,152,363, 47,
             195,277, 90,238,320)(  5,145,369, 48,188,283, 91,231,326)
            (  6,138,375, 49,181,289, 92,224,332)(  7,131,381, 50,174,295, 93,
             217,338)(  8,167,387, 51,210,301, 94,253,344)(  9,160,350, 52,
             203,264, 95,246,307)( 10,153,356, 53,196,270, 96,239,313)
            ( 11,146,362, 54,189,276, 97,232,319)( 12,139,368, 55,182,282, 98,
             225,325)( 13,132,374, 56,175,288, 99,218,331)( 14,168,380, 57,
             211,294,100,254,337)( 15,161,386, 58,204,300,101,247,343)
            ( 16,154,349, 59,197,263,102,240,306)( 17,147,355, 60,190,269,103,
             233,312)( 18,140,361, 61,183,275,104,226,318)( 19,133,367, 62,
             176,281,105,219,324)( 20,169,373, 63,212,287,106,255,330)
            ( 21,162,379, 64,205,293,107,248,336)( 22,155,385, 65,198,299,108,
             241,342)( 23,148,348, 66,191,262,109,234,305)( 24,141,354, 67,
             184,268,110,227,311)( 25,134,360, 68,177,274,111,220,317)
            ( 26,170,366, 69,213,280,112,256,323)( 27,163,372, 70,206,286,113,
             249,329)( 28,156,378, 71,199,292,114,242,335)( 29,149,384, 72,
             192,298,115,235,341)( 30,142,347, 73,185,261,116,228,304)
            ( 31,135,353, 74,178,267,117,221,310)( 32,171,359, 75,214,273,118,
             257,316)( 33,164,365, 76,207,279,119,250,322)( 34,157,371, 77,
             200,285,120,243,328)( 35,150,377, 78,193,291,121,236,334)
            ( 36,143,383, 79,186,297,122,229,340)( 37,136,346, 80,179,260,123,
             222,303)( 38,172,352, 81,215,266,124,258,309)( 39,165,358, 82,
             208,272,125,251,315)( 40,158,364, 83,201,278,126,244,321)
            ( 41,151,370, 84,194,284,127,237,327)( 42,144,376, 85,187,290,128,
             230,333)( 43,137,382, 86,180,296,129,223,339), 
          (  1,  2,  3,  4,  5,  6,  7,  8,  9, 10, 11, 12, 13, 14, 15, 16,
              17, 18, 19, 20, 21, 22, 23, 24, 25, 26, 27, 28, 29, 30, 31, 32,
              33, 34, 35, 36, 37, 38, 39, 40, 41, 42, 43)( 44, 45, 46, 47, 48,
