NCBRACES[155] := [ rec(
      gadd := [ (  1,  2,  3,  4,  5,  6,  7,  8,  9, 10, 11, 12, 13, 14, 15, 16, 17, 18, 19, 20, 21, 22, 23, 24, 25,
              26, 27, 28, 29, 30, 31)( 32, 33, 34, 35, 36, 37, 38, 39, 40, 41, 42, 43, 44, 45, 46, 47, 48, 49, 50, 51,
             52, 53, 54, 55, 56, 57, 58, 59, 60, 61, 62)( 63, 64, 65, 66, 67, 68, 69, 70, 71, 72, 73, 74, 75, 76, 77,
              78, 79, 80, 81, 82, 83, 84, 85, 86, 87, 88, 89, 90, 91, 92, 93)( 94, 95, 96, 97, 98, 99,100,101,102,103,
             104,105,106,107,108,109,110,111,112,113,114,115,116,117,118,119,120,121,122,123,124)(125,126,127,128,129,
             130,131,132,133,134,135,136,137,138,139,140,141,142,143,144,145,146,147,148,149,150,151,152,153,154,155),
          (  1,125, 94, 63, 32)(  2,127, 98, 71, 48)(  3,129,102, 79, 33)(  4,131,106, 87, 49)(  5,133,110, 64, 34)
            (  6,135,114, 72, 50)(  7,137,118, 80, 35)(  8,139,122, 88, 51)(  9,141, 95, 65, 36)( 10,143, 99, 73, 52)
            ( 11,145,103, 81, 37)( 12,147,107, 89, 53)( 13,149,111, 66, 38)( 14,151,115, 74, 54)( 15,153,119, 82, 39)
            ( 16,155,123, 90, 55)( 17,126, 96, 67, 40)( 18,128,100, 75, 56)( 19,130,104, 83, 41)( 20,132,108, 91, 57)
            ( 21,134,112, 68, 42)( 22,136,116, 76, 58)( 23,138,120, 84, 43)( 24,140,124, 92, 59)( 25,142, 97, 69, 44)
            ( 26,144,101, 77, 60)( 27,146,105, 85, 45)( 28,148,109, 93, 61)( 29,150,113, 70, 46)( 30,152,117, 78, 62)
            ( 31,154,121, 86, 47) ],
      gmul := [ (  1,  3,  5,  7,  9, 11, 13, 15, 17, 19, 21, 23, 25, 27, 29, 31,  2,  4,  6,  8, 10, 12, 14, 16, 18,
              20, 22, 24, 26, 28, 30)( 32, 34, 36, 38, 40, 42, 44, 46, 48, 50, 52, 54, 56, 58, 60, 62, 33, 35, 37, 39,
             41, 43, 45, 47, 49, 51, 53, 55, 57, 59, 61)( 63, 65, 67, 69, 71, 73, 75, 77, 79, 81, 83, 85, 87, 89, 91,
              93, 64, 66, 68, 70, 72, 74, 76, 78, 80, 82, 84, 86, 88, 90, 92)( 94, 96, 98,100,102,104,106,108,110,112,
             114,116,118,120,122,124, 95, 97, 99,101,103,105,107,109,111,113,115,117,119,121,123)(125,127,129,131,133,
             135,137,139,141,143,145,147,149,151,153,155,126,128,130,132,134,136,138,140,142,144,146,148,150,152,154),
          (  1, 64,134, 43,121)(  2, 72,136, 59, 94)(  3, 80,138, 44, 98)(  4, 88,140, 60,102)(  5, 65,142, 45,106)
            (  6, 73,144, 61,110)(  7, 81,146, 46,114)(  8, 89,148, 62,118)(  9, 66,150, 47,122)( 10, 74,152, 32, 95)
            ( 11, 82,154, 48, 99)( 12, 90,125, 33,103)( 13, 67,127, 49,107)( 14, 75,129, 34,111)( 15, 83,131, 50,115)
            ( 16, 91,133, 35,119)( 17, 68,135, 51,123)( 18, 76,137, 36, 96)( 19, 84,139, 52,100)( 20, 92,141, 37,104)
            ( 21, 69,143, 53,108)( 22, 77,145, 38,112)( 23, 85,147, 54,116)( 24, 93,149, 39,120)( 25, 70,151, 55,124)
            ( 26, 78,153, 40, 97)( 27, 86,155, 56,101)( 28, 63,126, 41,105)( 29, 71,128, 57,109)( 30, 79,130, 42,113)
            ( 31, 87,132, 58,117) ],
      p := (  2,125, 40, 41, 30, 22,103, 55,123,124, 82, 50, 72,101,109, 48,129,142,113, 27, 54,118,122, 57,149,153,
          18,107, 95, 28, 33, 68,135, 59, 44, 81,151,150,  9,136, 36,114,  6, 94,  8,134, 49, 14, 42, 76, 51,121,141,
          17, 10, 23,143,131, 91, 25,127, 66, 58, 34, 11, 43,120,119, 70,104, 13, 63, 79, 71, 78, 45, 99,110,137, 16,
          52, 19,112, 97,100, 65,115, 47, 98, 92, 77, 61, 64,146,  7,147,128,133,148, 26,  3, 12, 53,152,  4, 32, 89,
         111,155, 15,145,106,126, 35, 73,132,139, 46, 85,117, 20,116,144, 24,105, 75, 93,108, 38, 83, 86, 80,102,140,
          39, 62, 69, 31, 84,130, 60)(  5, 21,138, 56, 96, 87, 90)( 29, 74, 88, 67, 37,154),
      q := (  2, 32,114, 27,143, 60, 31,103,141, 16,147, 46, 99, 90, 28,154,  4,125,140,142, 66,135,133, 36, 89, 82,
         151, 35,116, 38,107, 86,119, 97, 77,129, 39,127,113,  6, 63,123, 71, 96,122,137, 17, 23, 54, 88,109,155, 18,
          83, 95,  5, 12,145, 91,  8, 43, 72, 69)(  3, 21, 41)(  7, 52, 14,136,148)(  9, 42,104, 20, 73, 44,115,126,
         150, 24, 68, 58,152, 29,112, 70, 76,149, 49, 19, 74,118, 87,110, 57, 51, 64, 37, 33,105,108,144)
        ( 11,134,153, 15, 53, 34, 22, 84, 45, 85, 65, 81, 50,120, 80, 92,100,117, 13, 94, 25, 62,101, 67,146, 26, 30)
        ( 40,138,139,128, 59,132, 56, 78,130,131,106, 47, 93, 75, 98,102)( 48, 61,121, 55, 79,124,111) ), rec(
      gadd := [ (  1, 12, 23,  3, 14, 25,  5, 16, 27,  7, 18, 29,  9, 20, 31, 11, 22,  2, 13, 24,  4, 15, 26,  6, 17,
              28,  8, 19, 30, 10, 21)( 32, 43, 54, 34, 45, 56, 36, 47, 58, 38, 49, 60, 40, 51, 62, 42, 53, 33, 44, 55,
             35, 46, 57, 37, 48, 59, 39, 50, 61, 41, 52)( 63, 74, 85, 65, 76, 87, 67, 78, 89, 69, 80, 91, 71, 82, 93,
              73, 84, 64, 75, 86, 66, 77, 88, 68, 79, 90, 70, 81, 92, 72, 83)( 94,105,116, 96,107,118, 98,109,120,100,
             111,122,102,113,124,104,115, 95,106,117, 97,108,119, 99,110,121,101,112,123,103,114)(125,136,147,127,138,
             149,129,140,151,131,142,153,133,144,155,135,146,126,137,148,128,139,150,130,141,152,132,143,154,134,145),
          (  1, 49, 73,116,153)(  2, 34, 81,120,155)(  3, 50, 89,124,126)(  4, 35, 66, 97,128)(  5, 51, 74,101,130)
            (  6, 36, 82,105,132)(  7, 52, 90,109,134)(  8, 37, 67,113,136)(  9, 53, 75,117,138)( 10, 38, 83,121,140)
            ( 11, 54, 91, 94,142)( 12, 39, 68, 98,144)( 13, 55, 76,102,146)( 14, 40, 84,106,148)( 15, 56, 92,110,150)
            ( 16, 41, 69,114,152)( 17, 57, 77,118,154)( 18, 42, 85,122,125)( 19, 58, 93, 95,127)( 20, 43, 70, 99,129)
            ( 21, 59, 78,103,131)( 22, 44, 86,107,133)( 23, 60, 63,111,135)( 24, 45, 71,115,137)( 25, 61, 79,119,139)
            ( 26, 46, 87,123,141)( 27, 62, 64, 96,143)( 28, 47, 72,100,145)( 29, 32, 80,104,147)( 30, 48, 88,108,149)
            ( 31, 33, 65,112,151) ],
      gmul := [ (  1, 69,148, 36,101)(  2, 70,149, 37,102)(  3, 71,150, 38,103)(  4, 72,151, 39,104)(  5, 73,152, 40,
             105)(  6, 74,153, 41,106)(  7, 75,154, 42,107)(  8, 76,155, 43,108)(  9, 77,125, 44,109)( 10, 78,126, 45,
             110)( 11, 79,127, 46,111)( 12, 80,128, 47,112)( 13, 81,129, 48,113)( 14, 82,130, 49,114)( 15, 83,131, 50,
             115)( 16, 84,132, 51,116)( 17, 85,133, 52,117)( 18, 86,134, 53,118)( 19, 87,135, 54,119)( 20, 88,136, 55,
             120)( 21, 89,137, 56,121)( 22, 90,138, 57,122)( 23, 91,139, 58,123)( 24, 92,140, 59,124)( 25, 93,141, 60,
             94)( 26, 63,142, 61, 95)( 27, 64,143, 62, 96)( 28, 65,144, 32, 97)( 29, 66,145, 33, 98)( 30, 67,146, 34,
              99)( 31, 68,147, 35,100), (  1,155,122, 87, 48)(  2,125,123, 88, 49)(  3,126,124, 89, 50)
            (  4,127, 94, 90, 51)(  5,128, 95, 91, 52)(  6,129, 96, 92, 53)(  7,130, 97, 93, 54)(  8,131, 98, 63, 55)
            (  9,132, 99, 64, 56)( 10,133,100, 65, 57)( 11,134,101, 66, 58)( 12,135,102, 67, 59)( 13,136,103, 68, 60)
            ( 14,137,104, 69, 61)( 15,138,105, 70, 62)( 16,139,106, 71, 32)( 17,140,107, 72, 33)( 18,141,108, 73, 34)
            ( 19,142,109, 74, 35)( 20,143,110, 75, 36)( 21,144,111, 76, 37)( 22,145,112, 77, 38)( 23,146,113, 78, 39)
            ( 24,147,114, 79, 40)( 25,148,115, 80, 41)( 26,149,116, 81, 42)( 27,150,117, 82, 43)( 28,151,118, 83, 44)
            ( 29,152,119, 84, 45)( 30,153,120, 85, 46)( 31,154,121, 86, 47) ],
      p := (  2, 63, 33, 55, 65,145, 25, 64,144,131,147,134,138, 27, 74, 91, 21, 93, 50, 98,130,135,150, 99, 68,133,
         143,  6,125,  4, 94,  9, 90,127,  7, 78,105,113, 81,122, 37, 61, 14,110, 76, 70,139,120,101, 56, 62,117, 26,
         155, 23,129, 54, 36,124,104, 87, 24,  3, 16, 96,153, 11,123,118, 29, 86, 13, 32,107,100, 38, 47, 40,  5, 17)
        (  8, 79,106,114, 58,137,103, 97, 66,102, 42, 95,142,146, 69, 80, 12,109, 44, 82, 53, 92, 49, 71,151,116,132,
          73,128, 88, 45, 83, 39, 48,112, 52, 59,148, 84, 20,152, 22, 30, 15, 67, 19,141, 41, 34,108, 43,126,149, 72,
          89, 46,111, 51, 18,140)( 10, 31,121, 60, 77,119,115, 35, 28, 75,154)( 57,136, 85),
      q := (  2, 94, 24, 30, 18, 40, 28,108,134, 41,152, 11, 79, 91, 12, 67, 14, 90, 62, 65, 53,102,136, 99,105, 66,
          92,153, 22,  3, 17, 31, 64, 38,126, 51, 15,109,132,116, 44,111,149,120, 69,119, 81, 87,  9,110,104,122,146,
         101,139, 72,114,135, 35,  5, 16, 78, 68, 59, 36, 71, 50, 93,151, 73, 46, 82,145,  8,123, 88,130, 58, 57, 42,
          86, 20, 34, 75, 33,141,138,  6, 32, 83,142, 37,129,143, 27,112,147, 43, 47,140, 25,121,131, 52,133, 54,148,
         103, 70, 56,127, 26, 48, 74,106, 89,128,118,  4, 63,154, 23, 61, 19, 55,117,  7, 96, 49,124, 76, 97,113,115,
         150, 85,137, 84, 13,125, 29, 95, 39,155, 10)( 21, 98, 45,107, 77, 80)( 60,100,144) ), rec(
      gadd := [ (  1,113, 34,152, 66)(  2,117, 50,154, 74)(  3,121, 35,125, 82)(  4, 94, 51,127, 90)(  5, 98, 36,129,
              67)(  6,102, 52,131, 75)(  7,106, 37,133, 83)(  8,110, 53,135, 91)(  9,114, 38,137, 68)( 10,118, 54,139,
             76)( 11,122, 39,141, 84)( 12, 95, 55,143, 92)( 13, 99, 40,145, 69)( 14,103, 56,147, 77)( 15,107, 41,149,
              85)( 16,111, 57,151, 93)( 17,115, 42,153, 70)( 18,119, 58,155, 78)( 19,123, 43,126, 86)( 20, 96, 59,128,
             63)( 21,100, 44,130, 71)( 22,104, 60,132, 79)( 23,108, 45,134, 87)( 24,112, 61,136, 64)( 25,116, 46,138,
              72)( 26,120, 62,140, 80)( 27,124, 47,142, 88)( 28, 97, 32,144, 65)( 29,101, 48,146, 73)( 30,105, 33,148,
             81)( 31,109, 49,150, 89), (  1,116, 49,153, 73)(  2,120, 34,155, 81)(  3,124, 50,126, 89)
            (  4, 97, 35,128, 66)(  5,101, 51,130, 74)(  6,105, 36,132, 82)(  7,109, 52,134, 90)(  8,113, 37,136, 67)
            (  9,117, 53,138, 75)( 10,121, 38,140, 83)( 11, 94, 54,142, 91)( 12, 98, 39,144, 68)( 13,102, 55,146, 76)
            ( 14,106, 40,148, 84)( 15,110, 56,150, 92)( 16,114, 41,152, 69)( 17,118, 57,154, 77)( 18,122, 42,125, 85)
            ( 19, 95, 58,127, 93)( 20, 99, 43,129, 70)( 21,103, 59,131, 78)( 22,107, 44,133, 86)( 23,111, 60,135, 63)
            ( 24,115, 45,137, 71)( 25,119, 61,139, 79)( 26,123, 46,141, 87)( 27, 96, 62,143, 64)( 28,100, 47,145, 72)
            ( 29,104, 32,147, 80)( 30,108, 48,149, 88)( 31,112, 33,151, 65) ],
      gmul := [ (  1, 41, 81,121,130, 15, 55, 64,104,144, 29, 38, 78,118,127, 12, 52, 92,101,141, 26, 35, 75,115,155,
               9, 49, 89, 98,138, 23, 32, 72,112,152,  6, 46, 86, 95,135, 20, 60, 69,109,149,  3, 43, 83,123,132, 17,
              57, 66,106,146, 31, 40, 80,120,129, 14, 54, 63,103,143, 28, 37, 77,117,126, 11, 51, 91,100,140, 25, 34,
              74,114,154,  8, 48, 88, 97,137, 22, 62, 71,111,151,  5, 45, 85, 94,134, 19, 59, 68,108,148,  2, 42, 82,
             122,131, 16, 56, 65,105,145, 30, 39, 79,119,128, 13, 53, 93,102,142, 27, 36, 76,116,125, 10, 50, 90, 99,
             139, 24, 33, 73,113,153,  7, 47, 87, 96,136, 21, 61, 70,110,150,  4, 44, 84,124,133, 18, 58, 67,107,147) 
         ],
      p := (  2, 63, 17, 72,110, 68, 27, 92, 91,133, 97, 71, 59, 98, 29, 96,144,130,126, 64,129, 44,138,108, 93, 18,
           3, 12,114, 11, 32,123,106,141, 66, 78,131, 75, 47, 70, 36, 76,151,150,139, 35,154, 37, 81, 38, 25,134, 55,
         132, 24,147,128,117, 73,  6,125,146, 46, 87, 80,120, 53, 28, 14,136, 86,153, 57, 90, 60, 56, 67, 79, 89,111,
         124, 33, 19,116, 42,112, 31, 41, 61, 39,107,135,137,  4, 94,122)(  5, 21, 52,101,155, 99,102, 82,142, 15,145,
         119, 95, 40, 34,127, 13, 10,105, 62,121, 84,100, 51, 50, 45,143, 48)(  7, 74,140,148, 88)(  8, 83, 69,109,
          20, 43)(  9, 23, 30, 54,149, 77, 58, 16, 85, 49,118, 22,103)( 26, 65,152)(104,113),
      q := (  2, 94, 66,110,120,135, 51,138, 80, 68,  6, 32, 65, 36,112)(  3, 21,136,102,106, 47,118, 11,125, 42, 76,
          37,107, 53,  5, 12, 74, 48, 28, 19, 72, 78, 57, 98,  4, 63, 16,103, 24, 41,127, 20,145, 69, 79, 99, 86, 35,
          34, 61,149,111, 64, 59, 90,128, 71,129,144, 58, 17,116,146,142, 18, 30,134,133, 91, 55, 56,121,104, 75,141,
         122, 31,147, 60,132,  9, 10, 83,119, 93, 15, 43, 25, 54, 39, 81,150, 49, 70,152,  7,114, 22, 85,139,153,131,
         113, 84, 88, 26,123, 82, 46,101, 33, 14, 52, 87,108, 95,148,100,137, 29, 92, 97,117,115, 73, 27, 96, 44, 50,
         143,140, 40,154,151, 38,  8,105,126,124,155, 89, 77,130, 62, 67,109, 13, 23) ), rec(
      gadd := [ (  1,  6, 11, 16, 21, 26, 31,  5, 10, 15, 20, 25, 30,  4,  9, 14, 19, 24, 29,  3,  8, 13, 18, 23, 28,
               2,  7, 12, 17, 22, 27)( 32, 37, 42, 47, 52, 57, 62, 36, 41, 46, 51, 56, 61, 35, 40, 45, 50, 55, 60, 34,
             39, 44, 49, 54, 59, 33, 38, 43, 48, 53, 58)( 63, 68, 73, 78, 83, 88, 93, 67, 72, 77, 82, 87, 92, 66, 71,
              76, 81, 86, 91, 65, 70, 75, 80, 85, 90, 64, 69, 74, 79, 84, 89)( 94, 99,104,109,114,119,124, 98,103,108,
             113,118,123, 97,102,107,112,117,122, 96,101,106,111,116,121, 95,100,105,110,115,120)(125,130,135,140,145,
             150,155,129,134,139,144,149,154,128,133,138,143,148,153,127,132,137,142,147,152,126,131,136,141,146,151),
          (  1,149,104, 76, 51)(  2,151,108, 84, 36)(  3,153,112, 92, 52)(  4,155,116, 69, 37)(  5,126,120, 77, 53)
            (  6,128,124, 85, 38)(  7,130, 97, 93, 54)(  8,132,101, 70, 39)(  9,134,105, 78, 55)( 10,136,109, 86, 40)
            ( 11,138,113, 63, 56)( 12,140,117, 71, 41)( 13,142,121, 79, 57)( 14,144, 94, 87, 42)( 15,146, 98, 64, 58)
            ( 16,148,102, 72, 43)( 17,150,106, 80, 59)( 18,152,110, 88, 44)( 19,154,114, 65, 60)( 20,125,118, 73, 45)
            ( 21,127,122, 81, 61)( 22,129, 95, 89, 46)( 23,131, 99, 66, 62)( 24,133,103, 74, 47)( 25,135,107, 82, 32)
            ( 26,137,111, 90, 48)( 27,139,115, 67, 33)( 28,141,119, 75, 49)( 29,143,123, 83, 34)( 30,145, 96, 91, 50)
            ( 31,147,100, 68, 35) ],
      gmul := [ (  1, 27, 22, 17, 12,  7,  2, 28, 23, 18, 13,  8,  3, 29, 24, 19, 14,  9,  4, 30, 25, 20, 15, 10,  5,
              31, 26, 21, 16, 11,  6)( 32, 58, 53, 48, 43, 38, 33, 59, 54, 49, 44, 39, 34, 60, 55, 50, 45, 40, 35, 61,
             56, 51, 46, 41, 36, 62, 57, 52, 47, 42, 37)( 63, 89, 84, 79, 74, 69, 64, 90, 85, 80, 75, 70, 65, 91, 86,
              81, 76, 71, 66, 92, 87, 82, 77, 72, 67, 93, 88, 83, 78, 73, 68)( 94,120,115,110,105,100, 95,121,116,111,
             106,101, 96,122,117,112,107,102, 97,123,118,113,108,103, 98,124,119,114,109,104, 99)(125,151,146,141,136,
             131,126,152,147,142,137,132,127,153,148,143,138,133,128,154,149,144,139,134,129,155,150,145,140,135,130),
          (  1,101, 58,145, 80)(  2,117, 35,149, 82)(  3,102, 43,153, 84)(  4,118, 51,126, 86)(  5,103, 59,130, 88)
            (  6,119, 36,134, 90)(  7,104, 44,138, 92)(  8,120, 52,142, 63)(  9,105, 60,146, 65)( 10,121, 37,150, 67)
            ( 11,106, 45,154, 69)( 12,122, 53,127, 71)( 13,107, 61,131, 73)( 14,123, 38,135, 75)( 15,108, 46,139, 77)
            ( 16,124, 54,143, 79)( 17,109, 62,147, 81)( 18, 94, 39,151, 83)( 19,110, 47,155, 85)( 20, 95, 55,128, 87)
            ( 21,111, 32,132, 89)( 22, 96, 40,136, 91)( 23,112, 48,140, 93)( 24, 97, 56,144, 64)( 25,113, 33,148, 66)
            ( 26, 98, 41,152, 68)( 27,114, 49,125, 70)( 28, 99, 57,129, 72)( 29,115, 34,133, 74)( 30,100, 42,137, 76)
            ( 31,116, 50,141, 78) ],
      p := (  2, 94, 82, 68, 41, 30, 76,113,112, 40,103,117,  8,104,107, 56, 54, 38,145, 97,100, 49, 84,  6, 32,138,
          91, 93,140,144,111, 36, 52, 73, 62,149,108, 61,127, 71, 90, 75, 70, 19, 37,124, 51, 47, 48)(  3, 12, 85,109,
         5, 21, 22, 42,151, 88, 13,125,102, 34,134, 66, 45, 99, 59, 14, 72, 57,106, 78, 89, 64, 67, 50,135, 35, 81, 27
         )(  4, 63,154)(  7,115, 46,146,118, 28, 65,129)(  9,105, 25, 95, 20, 53, 31,147, 98,126, 80,110,142, 69,152,
          18, 58, 96,131, 77,123, 79,133, 26,116,139, 60, 87,141)( 10, 23, 11, 74,132, 86,128, 17)( 15,114, 55, 33,
         143,121,155, 29,136, 24, 43,120,119,150,101, 44,130, 16, 83,148,122, 39, 92,153),
      q := (  2, 63, 48, 31, 42, 41,  3, 21, 11,104, 68,151, 97, 82,107,153, 18,145, 88, 20,134,108,133,  7, 83, 34,
          53)(  4, 94,100,150, 80, 93, 36,138,111,140, 35,116, 44, 54,132, 98, 55,152, 15, 85, 64,123,117, 25, 92, 56,
         130, 17, 23, 22,147, 86, 39, 95, 13, 32, 52,120, 75,106,102,148, 69, 33, 43, 73,129, 26, 81,  6,125, 78,112,
         155)(  5, 12,114,126,101,139,137, 60,113, 89,109, 28,124,142,122,128, 16,115,131,118)(  8, 74, 38, 58, 90,
         119, 49, 99,141, 24,143, 71, 96, 46, 50, 45, 84, 27, 30,103, 79, 61, 47,154, 29, 37, 65, 62, 57, 70, 14,105)
        (  9, 72,149, 66,135,144, 91,110, 51,127,121, 40, 76, 87, 59, 19,136)( 67,146, 77) ), rec(
      gadd := [ (  1, 10, 19, 28,  6, 15, 24,  2, 11, 20, 29,  7, 16, 25,  3, 12, 21, 30,  8, 17, 26,  4, 13, 22, 31,
               9, 18, 27,  5, 14, 23)( 32, 41, 50, 59, 37, 46, 55, 33, 42, 51, 60, 38, 47, 56, 34, 43, 52, 61, 39, 48,
             57, 35, 44, 53, 62, 40, 49, 58, 36, 45, 54)( 63, 72, 81, 90, 68, 77, 86, 64, 73, 82, 91, 69, 78, 87, 65,
              74, 83, 92, 70, 79, 88, 66, 75, 84, 93, 71, 80, 89, 67, 76, 85)( 94,103,112,121, 99,108,117, 95,104,113,
             122,100,109,118, 96,105,114,123,101,110,119, 97,106,115,124,102,111,120, 98,107,116)(125,134,143,152,130,
             139,148,126,135,144,153,131,140,149,127,136,145,154,132,141,150,128,137,146,155,133,142,151,129,138,147),
          (  1,109, 45,130, 67)(  2,113, 61,132, 75)(  3,117, 46,134, 83)(  4,121, 62,136, 91)(  5, 94, 47,138, 68)
            (  6, 98, 32,140, 76)(  7,102, 48,142, 84)(  8,106, 33,144, 92)(  9,110, 49,146, 69)( 10,114, 34,148, 77)
            ( 11,118, 50,150, 85)( 12,122, 35,152, 93)( 13, 95, 51,154, 70)( 14, 99, 36,125, 78)( 15,103, 52,127, 86)
            ( 16,107, 37,129, 63)( 17,111, 53,131, 71)( 18,115, 38,133, 79)( 19,119, 54,135, 87)( 20,123, 39,137, 64)
            ( 21, 96, 55,139, 72)( 22,100, 40,141, 80)( 23,104, 56,143, 88)( 24,108, 41,145, 65)( 25,112, 57,147, 73)
            ( 26,116, 42,149, 81)( 27,120, 58,151, 89)( 28,124, 43,153, 66)( 29, 97, 59,155, 74)( 30,101, 44,126, 82)
            ( 31,105, 60,128, 90) ],
      gmul := [ (  1, 68,148, 33,115)(  2, 84,125, 37,117)(  3, 69,133, 41,119)(  4, 85,141, 45,121)(  5, 70,149, 49,
             123)(  6, 86,126, 53, 94)(  7, 71,134, 57, 96)(  8, 87,142, 61, 98)(  9, 72,150, 34,100)( 10, 88,127, 38,
             102)( 11, 73,135, 42,104)( 12, 89,143, 46,106)( 13, 74,151, 50,108)( 14, 90,128, 54,110)( 15, 75,136, 58,
             112)( 16, 91,144, 62,114)( 17, 76,152, 35,116)( 18, 92,129, 39,118)( 19, 77,137, 43,120)( 20, 93,145, 47,
             122)( 21, 78,153, 51,124)( 22, 63,130, 55, 95)( 23, 79,138, 59, 97)( 24, 64,146, 32, 99)( 25, 80,154, 36,
             101)( 26, 65,131, 40,103)( 27, 81,139, 44,105)( 28, 66,147, 48,107)( 29, 82,155, 52,109)( 30, 67,132, 56,
             111)( 31, 83,140, 60,113), (  1,101, 53,143, 75)(  2,103, 57,151, 91)(  3,105, 61,128, 76)
            (  4,107, 34,136, 92)(  5,109, 38,144, 77)(  6,111, 42,152, 93)(  7,113, 46,129, 78)(  8,115, 50,137, 63)
            (  9,117, 54,145, 79)( 10,119, 58,153, 64)( 11,121, 62,130, 80)( 12,123, 35,138, 65)( 13, 94, 39,146, 81)
            ( 14, 96, 43,154, 66)( 15, 98, 47,131, 82)( 16,100, 51,139, 67)( 17,102, 55,147, 83)( 18,104, 59,155, 68)
            ( 19,106, 32,132, 84)( 20,108, 36,140, 69)( 21,110, 40,148, 85)( 22,112, 44,125, 70)( 23,114, 48,133, 86)
            ( 24,116, 52,141, 71)( 25,118, 56,149, 87)( 26,120, 60,126, 72)( 27,122, 33,134, 88)( 28,124, 37,142, 73)
            ( 29, 95, 41,150, 89)( 30, 97, 45,127, 74)( 31, 99, 49,135, 90) ],
      p := (  2,125, 95,123, 28,141,  9,136,149,144,148, 44,140,133,153, 29,147, 62, 16, 52, 85, 40, 19,103, 57,111,
          80, 87, 86, 66, 17, 10, 23, 99, 47, 83, 48, 39, 73,110, 79, 38, 84,138, 33, 74,142, 97,119, 78, 25,135, 49,
         134,132,137, 51, 30,  3, 12, 45,150, 46, 34, 61,  7,151,128,118,  5, 21,146, 88, 53,107,154,  4, 32, 56, 89,
          42, 37, 76,127, 31, 54, 72,126,113, 67, 26,105,139, 35, 14, 50, 41, 81, 64,121, 77, 36, 58, 98,155, 20,120,
          90,143, 60, 22, 27,131,101, 93, 91,  8,130,122,117, 18,116)(  6, 94, 55,112,102, 70, 96,109, 82, 92, 71,100,
         65,108, 75,152, 13, 63, 68,104,129, 69, 11, 43,114,106, 59,115,124, 15,145, 24),
      q := (  2, 32,150,137,128, 82, 98, 36,134, 35, 19, 74, 57, 70, 93,100,121, 97, 66, 16,151, 51,  3, 21, 41,120,
         102,111,122, 67,  7, 52,112, 90, 53, 72, 59, 68, 89,138,148,153,  4,125, 78,  8, 43, 84, 42,147,133, 44, 34,
         141, 24, 27, 39,105, 38,114, 88,143,149, 49, 58, 92,109,118, 28, 61, 26, 73, 86,119, 95, 64, 65, 87,110,124,
          18, 83,152, 20, 81,123,  5, 12,145,  9, 50,146,106,126, 69, 22,  6, 63,115, 79,139,132, 46,140, 62, 17, 23,
          76, 55, 85,154, 29, 37, 99,129,113,117, 15, 45, 56,104, 47,116, 31,135,144, 33,103,142, 77,155, 13, 94,127)
        ( 11,130, 80,108,101, 96, 71, 91, 25, 54,107, 40, 14,136, 60)( 48,131, 75) ), rec(
      gadd := [ (  1, 94, 32,125, 63)(  2, 98, 48,127, 71)(  3,102, 33,129, 79)(  4,106, 49,131, 87)(  5,110, 34,133,
              64)(  6,114, 50,135, 72)(  7,118, 35,137, 80)(  8,122, 51,139, 88)(  9, 95, 36,141, 65)( 10, 99, 52,143,
             73)( 11,103, 37,145, 81)( 12,107, 53,147, 89)( 13,111, 38,149, 66)( 14,115, 54,151, 74)( 15,119, 39,153,
              82)( 16,123, 55,155, 90)( 17, 96, 40,126, 67)( 18,100, 56,128, 75)( 19,104, 41,130, 83)( 20,108, 57,132,
             91)( 21,112, 42,134, 68)( 22,116, 58,136, 76)( 23,120, 43,138, 84)( 24,124, 59,140, 92)( 25, 97, 44,142,
              69)( 26,101, 60,144, 77)( 27,105, 45,146, 85)( 28,109, 61,148, 93)( 29,113, 46,150, 70)( 30,117, 62,152,
             78)( 31,121, 47,154, 86), (  1,107, 35,150, 83)(  2,111, 51,152, 91)(  3,115, 36,154, 68)
            (  4,119, 52,125, 76)(  5,123, 37,127, 84)(  6, 96, 53,129, 92)(  7,100, 38,131, 69)(  8,104, 54,133, 77)
            (  9,108, 39,135, 85)( 10,112, 55,137, 93)( 11,116, 40,139, 70)( 12,120, 56,141, 78)( 13,124, 41,143, 86)
            ( 14, 97, 57,145, 63)( 15,101, 42,147, 71)( 16,105, 58,149, 79)( 17,109, 43,151, 87)( 18,113, 59,153, 64)
            ( 19,117, 44,155, 72)( 20,121, 60,126, 80)( 21, 94, 45,128, 88)( 22, 98, 61,130, 65)( 23,102, 46,132, 73)
            ( 24,106, 62,134, 81)( 25,110, 47,136, 89)( 26,114, 32,138, 66)( 27,118, 48,140, 74)( 28,122, 33,142, 82)
            ( 29, 95, 49,144, 90)( 30, 99, 34,146, 67)( 31,103, 50,148, 75) ],
      gmul := [ (  1, 67,128, 57,124)(  2, 83,136, 61, 95)(  3, 68,144, 34, 97)(  4, 84,152, 38, 99)(  5, 69,129, 42,
             101)(  6, 85,137, 46,103)(  7, 70,145, 50,105)(  8, 86,153, 54,107)(  9, 71,130, 58,109)( 10, 87,138, 62,
             111)( 11, 72,146, 35,113)( 12, 88,154, 39,115)( 13, 73,131, 43,117)( 14, 89,139, 47,119)( 15, 74,147, 51,
             121)( 16, 90,155, 55,123)( 17, 75,132, 59, 94)( 18, 91,140, 32, 96)( 19, 76,148, 36, 98)( 20, 92,125, 40,
             100)( 21, 77,133, 44,102)( 22, 93,141, 48,104)( 23, 78,149, 52,106)( 24, 63,126, 56,108)( 25, 79,134, 60,
             110)( 26, 64,142, 33,112)( 27, 80,150, 37,114)( 28, 65,127, 41,116)( 29, 81,135, 45,118)( 30, 66,143, 49,
             120)( 31, 82,151, 53,122), (  1, 99, 62,141, 74)(  2,101, 35,149, 90)(  3,103, 39,126, 75)
            (  4,105, 43,134, 91)(  5,107, 47,142, 76)(  6,109, 51,150, 92)(  7,111, 55,127, 77)(  8,113, 59,135, 93)
            (  9,115, 32,143, 78)( 10,117, 36,151, 63)( 11,119, 40,128, 79)( 12,121, 44,136, 64)( 13,123, 48,144, 80)
            ( 14, 94, 52,152, 65)( 15, 96, 56,129, 81)( 16, 98, 60,137, 66)( 17,100, 33,145, 82)( 18,102, 37,153, 67)
            ( 19,104, 41,130, 83)( 20,106, 45,138, 68)( 21,108, 49,146, 84)( 22,110, 53,154, 69)( 23,112, 57,131, 85)
            ( 24,114, 61,139, 70)( 25,116, 34,147, 86)( 26,118, 38,155, 71)( 27,120, 42,132, 87)( 28,122, 46,140, 72)
            ( 29,124, 50,148, 88)( 30, 95, 54,125, 73)( 31, 97, 58,133, 89) ],
      p := (  2,125,  4, 32, 53,140,  8,129, 74,132,143,  6, 94,  9,155, 23,102, 68,110,136,146,142,105, 46, 38, 86,
          13, 63, 79, 49,127,  7,152, 22, 30, 15,126,111, 88, 85, 91, 21,148,138, 27,151, 58,118, 29,154, 10, 31, 47,
          67, 19, 95, 97,149,135,113,145, 25,133, 99,134,120, 60,144,106, 50, 48, 42, 36, 59,109, 69,137, 37, 93, 72,
         147,112, 73,100, 66, 33, 90, 98,104,131,107, 56, 78, 45,130,114, 76,150, 52, 92, 87, 24,  3, 16, 40,  5, 17)
        ( 11, 55,141, 83, 82, 89, 70,122, 81, 51, 18,124, 41, 64,101, 75,121, 77, 39, 71,115, 80, 12, 61, 14, 34, 57,
         116,108, 84, 20,117, 26,123, 35, 28,128,139, 43, 96,119, 54, 65,103, 44,153),
      q := (  2, 32,130, 76, 44, 38, 96, 87,  9, 34,128, 35,  5, 16,152, 11,129, 99, 45, 53, 33, 95, 82,103,150,146,
          60, 56, 98, 85,118,  4,125, 29, 36,127, 26, 71, 72, 50,148, 37,102,116, 69, 39,123,139,135, 80, 21, 48,151,
         143, 27, 42,154, 23, 93,115,113, 54,109,108,112,107,144, 77,137,138,  6, 63,121,106,147, 84, 13, 94, 24, 30,
          18, 67, 14,155, 10)(  3, 17, 31,133, 74, 49, 59, 65, 89,100,101,122,105,149, 43, 86, 20, 64, 66,140, 25, 47,
         124,136, 52,110, 41,117,  7, 40, 28, 57, 68, 92,119,145,  8, 55, 62,141,120,142, 81,131, 73, 70, 75, 79,132,
          58, 91, 12,126, 88,104, 51, 15, 61, 19, 90, 78,134, 83, 97, 46,153, 22) ), rec(
      gadd := [ (  1, 36, 69,101,148)(  2, 52, 77,105,150)(  3, 37, 85,109,152)(  4, 53, 93,113,154)(  5, 38, 70,117,
             125)(  6, 54, 78,121,127)(  7, 39, 86, 94,129)(  8, 55, 63, 98,131)(  9, 40, 71,102,133)( 10, 56, 79,106,
             135)( 11, 41, 87,110,137)( 12, 57, 64,114,139)( 13, 42, 72,118,141)( 14, 58, 80,122,143)( 15, 43, 88, 95,
             145)( 16, 59, 65, 99,147)( 17, 44, 73,103,149)( 18, 60, 81,107,151)( 19, 45, 89,111,153)( 20, 61, 66,115,
             155)( 21, 46, 74,119,126)( 22, 62, 82,123,128)( 23, 47, 90, 96,130)( 24, 32, 67,100,132)( 25, 48, 75,104,
             134)( 26, 33, 83,108,136)( 27, 49, 91,112,138)( 28, 34, 68,116,140)( 29, 50, 76,120,142)( 30, 35, 84,124,
             144)( 31, 51, 92, 97,146), (  1,145,123, 79, 53)(  2,147, 96, 87, 38)(  3,149,100, 64, 54)
            (  4,151,104, 72, 39)(  5,153,108, 80, 55)(  6,155,112, 88, 40)(  7,126,116, 65, 56)(  8,128,120, 73, 41)
            (  9,130,124, 81, 57)( 10,132, 97, 89, 42)( 11,134,101, 66, 58)( 12,136,105, 74, 43)( 13,138,109, 82, 59)
            ( 14,140,113, 90, 44)( 15,142,117, 67, 60)( 16,144,121, 75, 45)( 17,146, 94, 83, 61)( 18,148, 98, 91, 46)
            ( 19,150,102, 68, 62)( 20,152,106, 76, 47)( 21,154,110, 84, 32)( 22,125,114, 92, 48)( 23,127,118, 69, 33)
            ( 24,129,122, 77, 49)( 25,131, 95, 85, 34)( 26,133, 99, 93, 50)( 27,135,103, 70, 35)( 28,137,107, 78, 51)
            ( 29,139,111, 86, 36)( 30,141,115, 63, 52)( 31,143,119, 71, 37) ],
      gmul := [ (  1, 58, 66,122,130)(  2, 60, 70, 99,146)(  3, 62, 74,107,131)(  4, 33, 78,115,147)(  5, 35, 82,123,
             132)(  6, 37, 86,100,148)(  7, 39, 90,108,133)(  8, 41, 63,116,149)(  9, 43, 67,124,134)( 10, 45, 71,101,
             150)( 11, 47, 75,109,135)( 12, 49, 79,117,151)( 13, 51, 83, 94,136)( 14, 53, 87,102,152)( 15, 55, 91,110,
             137)( 16, 57, 64,118,153)( 17, 59, 68, 95,138)( 18, 61, 72,103,154)( 19, 32, 76,111,139)( 20, 34, 80,119,
             155)( 21, 36, 84, 96,140)( 22, 38, 88,104,125)( 23, 40, 92,112,141)( 24, 42, 65,120,126)( 25, 44, 69, 97,
             142)( 26, 46, 73,105,127)( 27, 48, 77,113,143)( 28, 50, 81,121,128)( 29, 52, 85, 98,144)( 30, 54, 89,106,
             129)( 31, 56, 93,114,145), (  1, 71,128, 60,117)(  2, 75,144, 62, 94)(  3, 79,129, 33,102)
            (  4, 83,145, 35,110)(  5, 87,130, 37,118)(  6, 91,146, 39, 95)(  7, 64,131, 41,103)(  8, 68,147, 43,111)
            (  9, 72,132, 45,119)( 10, 76,148, 47, 96)( 11, 80,133, 49,104)( 12, 84,149, 51,112)( 13, 88,134, 53,120)
            ( 14, 92,150, 55, 97)( 15, 65,135, 57,105)( 16, 69,151, 59,113)( 17, 73,136, 61,121)( 18, 77,152, 32, 98)
            ( 19, 81,137, 34,106)( 20, 85,153, 36,114)( 21, 89,138, 38,122)( 22, 93,154, 40, 99)( 23, 66,139, 42,107)
            ( 24, 70,155, 44,115)( 25, 74,140, 46,123)( 26, 78,125, 48,100)( 27, 82,141, 50,108)( 28, 86,126, 52,116)
            ( 29, 90,142, 54,124)( 30, 63,127, 56,101)( 31, 67,143, 58,109) ],
      p := (  2, 32,147, 68, 64, 77,153, 11,155, 23, 79,131, 89,113, 37,109, 97, 38,121,101,100,111,122,103,142, 85,
         108,120,144, 87, 24,  3, 16,126, 66,129,115,118, 29, 47, 96, 82,107,128, 51, 18, 92,106,135, 70, 88,105,150,
         143,  6, 63,102,112, 99, 42,141,104, 49, 48,134, 84, 20, 78,146, 44, 39, 98, 83,119,151,136, 45, 41,110, 58,
          80, 12,148, 43, 67, 19, 65, 81,139,138, 27, 54, 95, 69, 35, 28, 56,117, 26, 90, 71, 74, 57, 76, 46,149, 50,
         127,  7, 62,152, 22, 30, 15, 40,  5, 17)(  4,125)(  8, 33,123,137,145, 25, 34,132, 52,124,130, 72, 53, 59,
          93,114,116, 91, 21, 61, 14,133, 73, 75, 86, 13, 94,  9, 55, 36,140)( 10, 31,154),
      q := (  2,125, 29,141, 84, 13, 63, 86, 20,110,130,116, 97,150, 45,147,120, 44,149,138,  6, 94, 24, 30, 18, 96,
         106, 53,129, 73,113,151, 52, 64,111, 66, 59, 95,119, 37, 79, 57,112, 89, 75,102, 76,142,103, 46, 39, 90,117,
           7,126,122, 85, 80, 21,127, 26, 98,105, 38, 67, 14, 55,152, 11, 33, 65,107, 60,128,137, 43,121, 87,  9,133,
         115, 70,100, 77, 35,  5, 16, 62, 36, 48, 54, 93, 74,131, 99,146,144,101, 88, 83, 69,153, 22,  3, 17, 31, 34,
          56, 71,114, 72,135,118,  4, 32, 41, 78, 42, 47, 92, 82, 81, 49,140, 25,154, 23,109, 91, 12, 40, 28,132,136,
         143, 27,134,104,139, 50, 61, 19,123, 51, 15,148,145,  8,155, 10)( 58,108, 68,124) ), rec(
      gadd := [ (  1,126, 97, 70, 47)(  2,128,101, 78, 32)(  3,130,105, 86, 48)(  4,132,109, 63, 33)(  5,134,113, 71,
              49)(  6,136,117, 79, 34)(  7,138,121, 87, 50)(  8,140, 94, 64, 35)(  9,142, 98, 72, 51)( 10,144,102, 80,
             36)( 11,146,106, 88, 52)( 12,148,110, 65, 37)( 13,150,114, 73, 53)( 14,152,118, 81, 38)( 15,154,122, 89,
              54)( 16,125, 95, 66, 39)( 17,127, 99, 74, 55)( 18,129,103, 82, 40)( 19,131,107, 90, 56)( 20,133,111, 67,
             41)( 21,135,115, 75, 57)( 22,137,119, 83, 42)( 23,139,123, 91, 58)( 24,141, 96, 68, 43)( 25,143,100, 76,
              59)( 26,145,104, 84, 44)( 27,147,108, 92, 60)( 28,149,112, 69, 45)( 29,151,116, 77, 61)( 30,153,120, 85,
             46)( 31,155,124, 93, 62), (  1,154,119, 80, 33)(  2,125,123, 88, 49)(  3,127, 96, 65, 34)
            (  4,129,100, 73, 50)(  5,131,104, 81, 35)(  6,133,108, 89, 51)(  7,135,112, 66, 36)(  8,137,116, 74, 52)
            (  9,139,120, 82, 37)( 10,141,124, 90, 53)( 11,143, 97, 67, 38)( 12,145,101, 75, 54)( 13,147,105, 83, 39)
            ( 14,149,109, 91, 55)( 15,151,113, 68, 40)( 16,153,117, 76, 56)( 17,155,121, 84, 41)( 18,126, 94, 92, 57)
            ( 19,128, 98, 69, 42)( 20,130,102, 77, 58)( 21,132,106, 85, 43)( 22,134,110, 93, 59)( 23,136,114, 70, 44)
            ( 24,138,118, 78, 60)( 25,140,122, 86, 45)( 26,142, 95, 63, 61)( 27,144, 99, 71, 46)( 28,146,103, 79, 62)
            ( 29,148,107, 87, 47)( 30,150,111, 64, 32)( 31,152,115, 72, 48) ],
      gmul := [ (  1, 37, 78, 98,138)(  2, 39, 82,106,154)(  3, 41, 86,114,139)(  4, 43, 90,122,155)(  5, 45, 63, 99,
             140)(  6, 47, 67,107,125)(  7, 49, 71,115,141)(  8, 51, 75,123,126)(  9, 53, 79,100,142)( 10, 55, 83,108,
             127)( 11, 57, 87,116,143)( 12, 59, 91,124,128)( 13, 61, 64,101,144)( 14, 32, 68,109,129)( 15, 34, 72,117,
             145)( 16, 36, 76, 94,130)( 17, 38, 80,102,146)( 18, 40, 84,110,131)( 19, 42, 88,118,147)( 20, 44, 92, 95,
             132)( 21, 46, 65,103,148)( 22, 48, 69,111,133)( 23, 50, 73,119,149)( 24, 52, 77, 96,134)( 25, 54, 81,104,
             150)( 26, 56, 85,112,135)( 27, 58, 89,120,151)( 28, 60, 93, 97,136)( 29, 62, 66,105,152)( 30, 33, 70,113,
             137)( 31, 35, 74,121,153), (  1,144,107, 73, 56)(  2,129,115, 77, 58)(  3,145,123, 81, 60)
            (  4,130,100, 85, 62)(  5,146,108, 89, 33)(  6,131,116, 93, 35)(  7,147,124, 66, 37)(  8,132,101, 70, 39)
            (  9,148,109, 74, 41)( 10,133,117, 78, 43)( 11,149, 94, 82, 45)( 12,134,102, 86, 47)( 13,150,110, 90, 49)
            ( 14,135,118, 63, 51)( 15,151, 95, 67, 53)( 16,136,103, 71, 55)( 17,152,111, 75, 57)( 18,137,119, 79, 59)
            ( 19,153, 96, 83, 61)( 20,138,104, 87, 32)( 21,154,112, 91, 34)( 22,139,120, 64, 36)( 23,155, 97, 68, 38)
            ( 24,140,105, 72, 40)( 25,125,113, 76, 42)( 26,141,121, 80, 44)( 27,126, 98, 84, 46)( 28,142,106, 88, 48)
            ( 29,127,114, 92, 50)( 30,143,122, 65, 52)( 31,128, 99, 69, 54) ],
      p := (  2, 32,120, 88, 98,123, 93, 77,154, 29,105,106, 33, 99, 79,102, 47, 67,130,153, 18, 76,144, 24, 74,119,
         101, 78,138,149, 60)(  3, 12,146,  7, 54, 87,121, 48, 36, 83,117, 20, 85, 86,111, 62,100, 96,118, 91, 25, 34,
         11,136,129, 49, 14,135,152,  4,125,133, 55, 92,108,131,122,150,  9, 43, 89, 80, 71,109,141, 17, 10, 23, 50,
         103,148, 26)(  5, 21, 45, 68, 42,107, 64, 53, 59,137, 16,145, 75,124,113, 27,147, 35,104, 13, 94,  8, 41, 30,
         22, 72, 70, 73, 39,155, 15, 52, 19, 81, 58,127, 97, 69, 31,115,140,132, 46,116, 51, 90)(  6, 63,110, 44,112,
          66,151, 57, 56, 65, 84, 37, 61, 95, 28,126,128, 40,134,142, 82,143, 38,114),
      q := (  2,125, 47,124, 80,123,102,133,129,132,149,142, 97,108, 51, 95,  5, 12, 52, 14, 43,103, 48,154,  4, 32,
          83, 64,130, 38, 76, 56,109, 62, 70,107,117, 13, 63, 92, 69)(  3, 21,134, 60, 31, 72,100, 86, 88, 78, 37,126,
         57,144,  9,135, 40, 45,116,131, 75, 67, 53,127, 82, 58, 59, 39, 34, 22,115, 33, 74, 87, 79, 93,106,140, 49,
          19,105, 77, 36,120,111,141, 16, 54,119, 66, 42, 73,137, 17, 23,147,139, 35, 85, 96, 91,  8,136, 55,110,150,
          24, 99,121,148,  7,145,122, 44, 84,138, 46, 68,151,128,152, 29, 81,143,153, 15,146, 26, 30, 11, 41)
        (  6, 94, 25,155, 18,114, 27, 50, 89,113)( 20,104)( 28, 61, 90)( 65,112,101, 98, 71) ), rec(
      gadd := [ (  1, 38, 72,120,144)(  2, 54, 80,124,146)(  3, 39, 88, 97,148)(  4, 55, 65,101,150)(  5, 40, 73,105,
             152)(  6, 56, 81,109,154)(  7, 41, 89,113,125)(  8, 57, 66,117,127)(  9, 42, 74,121,129)( 10, 58, 82, 94,
             131)( 11, 43, 90, 98,133)( 12, 59, 67,102,135)( 13, 44, 75,106,137)( 14, 60, 83,110,139)( 15, 45, 91,114,
             141)( 16, 61, 68,118,143)( 17, 46, 76,122,145)( 18, 62, 84, 95,147)( 19, 47, 92, 99,149)( 20, 32, 69,103,
             151)( 21, 48, 77,107,153)( 22, 33, 85,111,155)( 23, 49, 93,115,126)( 24, 34, 70,119,128)( 25, 50, 78,123,
             130)( 26, 35, 86, 96,132)( 27, 51, 63,100,134)( 28, 36, 71,104,136)( 29, 52, 79,108,138)( 30, 37, 87,112,
             140)( 31, 53, 64,116,142), (  1, 86,146, 37, 95)(  2, 63,148, 53, 99)(  3, 71,150, 38,103)
            (  4, 79,152, 54,107)(  5, 87,154, 39,111)(  6, 64,125, 55,115)(  7, 72,127, 40,119)(  8, 80,129, 56,123)
            (  9, 88,131, 41, 96)( 10, 65,133, 57,100)( 11, 73,135, 42,104)( 12, 81,137, 58,108)( 13, 89,139, 43,112)
            ( 14, 66,141, 59,116)( 15, 74,143, 44,120)( 16, 82,145, 60,124)( 17, 90,147, 45, 97)( 18, 67,149, 61,101)
            ( 19, 75,151, 46,105)( 20, 83,153, 62,109)( 21, 91,155, 47,113)( 22, 68,126, 32,117)( 23, 76,128, 48,121)
            ( 24, 84,130, 33, 94)( 25, 92,132, 49, 98)( 26, 69,134, 34,102)( 27, 77,136, 50,106)( 28, 85,138, 35,110)
            ( 29, 93,140, 51,114)( 30, 70,142, 36,118)( 31, 78,144, 52,122) ],
      gmul := [ (  1, 41, 72,124,145, 29, 55, 79,112,139, 26, 38, 86,100,133, 23, 52, 93,119,127, 20, 35, 69,107,152,
              17, 49, 76, 95,146, 14, 32, 83,114,140, 11, 46, 90,102,134,  8, 60, 66,121,128,  5, 43, 73,109,153,  2,
              57, 80, 97,147, 30, 40, 87,116,141, 27, 54, 63,104,135, 24, 37, 70,123,129, 21, 51, 77,111,154, 18, 34,
              84, 99,148, 15, 48, 91,118,142, 12, 62, 67,106,136,  9, 45, 74, 94,130,  6, 59, 81,113,155,  3, 42, 88,
             101,149, 31, 56, 64,120,143, 28, 39, 71,108,137, 25, 53, 78, 96,131, 22, 36, 85,115,125, 19, 50, 92,103,
             150, 16, 33, 68,122,144, 13, 47, 75,110,138, 10, 61, 82, 98,132,  7, 44, 89,117,126,  4, 58, 65,105,151) 
         ],
      p := (  2,125,  8,126, 43, 19, 47,130,141, 22, 48, 29, 39, 62, 49, 54,115,133, 76, 93,105, 25, 98,103,101, 44,
         117, 88,111,108, 99,144,114, 97, 77,148, 64,113, 65,106, 36,152, 34,119, 24,121, 84, 27,128,120, 51, 79, 45,
         102, 73,  5, 17,127, 80, 89,146,  6, 94,145,136,  7,155,134,118,124, 95, 26,153, 91, 60, 74, 61, 83,147, 42,
          33,  3, 16,154,110,  9, 31, 71, 87,107, 69, 38, 14,123,140,137, 58, 13)(  4, 32, 56,150,135,138, 72, 57,131,
         23, 18, 15, 96, 52, 41, 75, 53)( 10, 55,104,143, 68, 28, 30, 86, 85, 37,129,139,116, 92, 81,109,142, 50, 78,
          12, 40, 82, 66,149,112, 59, 46,151, 21, 67,132, 35,100)( 11, 63, 20, 90),
      q := (  2, 32,153,111, 66, 57, 46, 41,119,  9)(  3, 17, 47, 54, 83, 42,152,148,109, 51,117, 97,118, 65, 70,106,
         140, 60,104, 43, 14, 67, 38, 19,127,101,139, 81, 64, 87, 68,  5, 16, 48,  4,125, 25, 86,114, 88, 91,137,145,
          37, 62,150, 45, 78, 21,123, 36, 33, 30, 98, 76,110, 24, 71,113,124, 92,116, 95,  7, 40,100, 23, 15, 90, 22,
         154, 93, 72,149, 89, 50,102,120,142,146, 27, 39,129, 44, 79,135, 52,151, 12,155, 53, 29,128, 73, 28)
        (  6, 63, 13, 31,121, 99, 35, 82,108, 84)(  8, 55, 74,133,103, 80,112,141, 11, 94, 58, 20, 96,138,105)
        ( 10,126,143,107,122, 69,132,144, 85,136, 26, 56, 49,130, 59,131)( 34, 75,134, 77)( 61,115) ), rec(
      gadd := [ (  1, 45, 67,109,130)(  2, 61, 75,113,132)(  3, 46, 83,117,134)(  4, 62, 91,121,136)(  5, 47, 68, 94,
             138)(  6, 32, 76, 98,140)(  7, 48, 84,102,142)(  8, 33, 92,106,144)(  9, 49, 69,110,146)( 10, 34, 77,114,
             148)( 11, 50, 85,118,150)( 12, 35, 93,122,152)( 13, 51, 70, 95,154)( 14, 36, 78, 99,125)( 15, 52, 86,103,
             127)( 16, 37, 63,107,129)( 17, 53, 71,111,131)( 18, 38, 79,115,133)( 19, 54, 87,119,135)( 20, 39, 64,123,
             137)( 21, 55, 72, 96,139)( 22, 40, 80,100,141)( 23, 56, 88,104,143)( 24, 41, 65,108,145)( 25, 57, 73,112,
             147)( 26, 42, 81,116,149)( 27, 58, 89,120,151)( 28, 43, 66,124,153)( 29, 59, 74, 97,155)( 30, 44, 82,101,
             126)( 31, 60, 90,105,128), (  1, 98, 52,147, 93)(  2,102, 37,149, 70)(  3,106, 53,151, 78)
            (  4,110, 38,153, 86)(  5,114, 54,155, 63)(  6,118, 39,126, 71)(  7,122, 55,128, 79)(  8, 95, 40,130, 87)
            (  9, 99, 56,132, 64)( 10,103, 41,134, 72)( 11,107, 57,136, 80)( 12,111, 42,138, 88)( 13,115, 58,140, 65)
            ( 14,119, 43,142, 73)( 15,123, 59,144, 81)( 16, 96, 44,146, 89)( 17,100, 60,148, 66)( 18,104, 45,150, 74)
            ( 19,108, 61,152, 82)( 20,112, 46,154, 90)( 21,116, 62,125, 67)( 22,120, 47,127, 75)( 23,124, 32,129, 83)
            ( 24, 97, 48,131, 91)( 25,101, 33,133, 68)( 26,105, 49,135, 76)( 27,109, 34,137, 84)( 28,113, 50,139, 92)
            ( 29,117, 35,141, 69)( 30,121, 51,143, 77)( 31, 94, 36,145, 85) ],
      gmul := [ (  1, 56, 81,120,150)(  2, 33, 83,105,154)(  3, 41, 85,121,127)(  4, 49, 87,106,131)(  5, 57, 89,122,
             135)(  6, 34, 91,107,139)(  7, 42, 93,123,143)(  8, 50, 64,108,147)(  9, 58, 66,124,151)( 10, 35, 68,109,
             155)( 11, 43, 70, 94,128)( 12, 51, 72,110,132)( 13, 59, 74, 95,136)( 14, 36, 76,111,140)( 15, 44, 78, 96,
             144)( 16, 52, 80,112,148)( 17, 60, 82, 97,152)( 18, 37, 84,113,125)( 19, 45, 86, 98,129)( 20, 53, 88,114,
             133)( 21, 61, 90, 99,137)( 22, 38, 92,115,141)( 23, 46, 63,100,145)( 24, 54, 65,116,149)( 25, 62, 67,101,
             153)( 26, 39, 69,117,126)( 27, 47, 71,102,130)( 28, 55, 73,118,134)( 29, 32, 75,103,138)( 30, 40, 77,119,
             142)( 31, 48, 79,104,146), (  1,145,121, 65, 45)(  2,149,106, 67, 53)(  3,153,122, 69, 61)
            (  4,126,107, 71, 38)(  5,130,123, 73, 46)(  6,134,108, 75, 54)(  7,138,124, 77, 62)(  8,142,109, 79, 39)
            (  9,146, 94, 81, 47)( 10,150,110, 83, 55)( 11,154, 95, 85, 32)( 12,127,111, 87, 40)( 13,131, 96, 89, 48)
            ( 14,135,112, 91, 56)( 15,139, 97, 93, 33)( 16,143,113, 64, 41)( 17,147, 98, 66, 49)( 18,151,114, 68, 57)
