NCBRACES[152]:=[rec(
gadd:=
[(1,77,39,115,20,96,58,134)(2,95,40,133,21,114,59,152)
(3,94,41,132,22,113,60,151)(4,93,42,131,23,112,61,150)
(5,92,43,130,24,111,62,149)(6,91,44,129,25,110,63,148)
(7,90,45,128,26,109,64,147)(8,89,46,127,27,108,65,146)
(9,88,47,126,28,107,66,145)(10,87,48,125,29,106,67,144)
(11,86,49,124,30,105,68,143)(12,85,50,123,31,104,69,142)
(13,84,51,122,32,103,70,141)(14,83,52,121,33,102,71,140)
(15,82,53,120,34,101,72,139)(16,81,54,119,35,100,73,138)
(17,80,55,118,36,99,74,137)(18,79,56,117,37,98,75,136)
(19,78,57,116,38,97,76,135),
(1,2,3,4,5,6,7,8,9,10,11,12,13,14,15,16,
17,18,19)(20,21,22,23,24,25,26,27,28,29,30,31,32,
33,34,35,36,37,38)(39,40,41,42,43,44,45,46,47,48,
49,50,51,52,53,54,55,56,57)(58,59,60,61,62,63,64,
65,66,67,68,69,70,71,72,73,74,75,76)(77,78,79,80,
81,82,83,84,85,86,87,88,89,90,91,92,93,94,95)
(96,97,98,99,100,101,102,103,104,105,106,107,108,109,110,111,
112,113,114)(115,116,117,118,119,120,121,122,123,124,125,126,127,
128,129,130,131,132,133)(134,135,136,137,138,139,140,141,142,143,
144,145,146,147,148,149,150,151,152)],
gmul:=
[(1,77)(2,95)(3,94)(4,93)(5,92)(6,91)(7,90)
(8,89)(9,88)(10,87)(11,86)(12,85)(13,84)(14,83)
(15,82)(16,81)(17,80)(18,79)(19,78)(20,96)(21,114)
(22,113)(23,112)(24,111)(25,110)(26,109)(27,108)(28,107)
(29,106)(30,105)(31,104)(32,103)(33,102)(34,101)(35,100)
(36,99)(37,98)(38,97)(39,134)(40,152)(41,151)(42,150)
(43,149)(44,148)(45,147)(46,146)(47,145)(48,144)(49,143)
(50,142)(51,141)(52,140)(53,139)(54,138)(55,137)(56,136)
(57,135)(58,115)(59,133)(60,132)(61,131)(62,130)(63,129)
(64,128)(65,127)(66,126)(67,125)(68,124)(69,123)(70,122)
(71,121)(72,120)(73,119)(74,118)(75,117)(76,116),
(1,40,22,61,5,44,26,65,9,48,30,69,13,52,34,73,
17,56,38,58,2,41,23,62,6,45,27,66,10,49,31,70,
14,53,35,74,18,57,20,59,3,42,24,63,7,46,28,67,
11,50,32,71,15,54,36,75,19,39,21,60,4,43,25,64,
8,47,29,68,12,51,33,72,16,55,37,76)(77,116,98,137,
81,120,102,141,85,124,106,145,89,128,110,149,93,132,114,134,
78,117,99,138,82,121,103,142,86,125,107,146,90,129,111,150,
94,133,96,135,79,118,100,139,83,122,104,143,87,126,108,147,
91,130,112,151,95,115,97,136,80,119,101,140,84,123,105,144,
88,127,109,148,92,131,113,152)],
p:=(2,77,56,110,57,90,117,152,119,114,59,129,5,12,88,113,
13,50,72,102,143,24,107,124,89,87,98,67,71,109,40,99,68,
3,39,112,38,137,92,86,151,130,70,140,81,10,85,136,108,78,
41,82,75,121,84,11,115,76,94,49,7,9,96,30,55,101,144,
35,74,128,27,126,46,44,91,132,16,28,80,22,145,62,52,14,
47,34,61,45,53,139,127,32,36,6,58,120,97)(4,20,17)
(8,134,146,73,79,37,150,100,19,66,64,33,15,31,23,104,105,
95,29,42,131,65,18,69,147,149,111,21,142,54,148,138,122,133,
141,43,118,135,103,106,125,51,63,26,123,116)(25,93,48)
(60,83),
q:=(2,77,60,83,56,110,59,129,16,31,36,15,28,80,37,150,
100)(3,58,120,97,19,50,44,91,132,5,9,96,29,74,128,32,
23,104,105,95,30,61,71,109,76,94,67,45,63,33,6,39,112,
21,142,62,64,26,123,116,13,66,52,7,12,88,113,8,134,146,
43,118,135,103,106,125,65)(4,20)(10,85,136,108,78,75,121,84
)(11,115,40,99,48,34,55,101,144,24,107,124,89,87,98,49,
14,69,147,149,111,38,137,92,86,151,130,46,72,102,143,35,42,
131,51,53,139,127,27,126,70,140,81)(18,47,25,93,68)
(22,145,54,148,138,122,133,141,73,79)(41,82)(57,90,117,152,
119,114)),rec(
gadd:=
[(1,77,39,115,20,96,58,134)(2,95,40,133,21,114,59,152)
(3,94,41,132,22,113,60,151)(4,93,42,131,23,112,61,150)
(5,92,43,130,24,111,62,149)(6,91,44,129,25,110,63,148)
(7,90,45,128,26,109,64,147)(8,89,46,127,27,108,65,146)
(9,88,47,126,28,107,66,145)(10,87,48,125,29,106,67,144)
(11,86,49,124,30,105,68,143)(12,85,50,123,31,104,69,142)
(13,84,51,122,32,103,70,141)(14,83,52,121,33,102,71,140)
(15,82,53,120,34,101,72,139)(16,81,54,119,35,100,73,138)
(17,80,55,118,36,99,74,137)(18,79,56,117,37,98,75,136)
(19,78,57,116,38,97,76,135),
(1,2,3,4,5,6,7,8,9,10,11,12,13,14,15,16,
17,18,19)(20,21,22,23,24,25,26,27,28,29,30,31,32,
33,34,35,36,37,38)(39,40,41,42,43,44,45,46,47,48,
49,50,51,52,53,54,55,56,57)(58,59,60,61,62,63,64,
65,66,67,68,69,70,71,72,73,74,75,76)(77,78,79,80,
81,82,83,84,85,86,87,88,89,90,91,92,93,94,95)
(96,97,98,99,100,101,102,103,104,105,106,107,108,109,110,111,
112,113,114)(115,116,117,118,119,120,121,122,123,124,125,126,127,
128,129,130,131,132,133)(134,135,136,137,138,139,140,141,142,143,
144,145,146,147,148,149,150,151,152)],
gmul:=
[(1,77,20,96)(2,95,21,114)(3,94,22,113)(4,93,23,112)
(5,92,24,111)(6,91,25,110)(7,90,26,109)
(8,89,27,108)(9,88,28,107)(10,87,29,106)
(11,86,30,105)(12,85,31,104)(13,84,32,103)
(14,83,33,102)(15,82,34,101)(16,81,35,100)
(17,80,36,99)(18,79,37,98)(19,78,38,97)
(39,134,58,115)(40,152,59,133)(41,151,60,132)
(42,150,61,131)(43,149,62,130)(44,148,63,129)
(45,147,64,128)(46,146,65,127)(47,145,66,126)
(48,144,67,125)(49,143,68,124)(50,142,69,123)
(51,141,70,122)(52,140,71,121)(53,139,72,120)
(54,138,73,119)(55,137,74,118)(56,136,75,117)
(57,135,76,116),
(1,40,22,61,5,44,26,65,9,48,30,69,13,52,34,73,
17,56,38,58,2,41,23,62,6,45,27,66,10,49,31,70,
14,53,35,74,18,57,20,59,3,42,24,63,7,46,28,67,
11,50,32,71,15,54,36,75,19,39,21,60,4,43,25,64,
8,47,29,68,12,51,33,72,16,55,37,76)(77,116,98,137,
81,120,102,141,85,124,106,145,89,128,110,149,93,132,114,134,
78,117,99,138,82,121,103,142,86,125,107,146,90,129,111,150,
94,133,96,135,79,118,100,139,83,122,104,143,87,126,108,147,
91,130,112,151,95,115,97,136,80,119,101,140,84,123,105,144,
88,127,109,148,92,131,113,152)],
p:=(2,96,30,55,120,116,95,29,42,150,119,133,65,18,88,132,
84,79,37,74,147,92,105,114,78,41,101,68,90,136,127,32,36,
93,48,25,112,38,6,77,56,129,5,12,107,143,24,126,46,44,
110,57,109,40,118,8,9,115,59,148,73,98,86,11,134,16,28,
99,67,64,33,15,31,23,123,135,122,152,138,141,43,137,111,21,
66,83,75,140,100,87,117,76,113,13,50,91,151,149,130,89,106,
144,35,61,45,53,63,26,142,54,14,47,34,80,22,17,4,20,
85,60,102,19,69,71,128,27,145,81,10,104,124,108,97)
(3,39,131,70)(7,58,139,146,62,52,82,94,49)
(51,72,121,103,125),
q:=(2,77,60,83,41,82,113,8,12,88,151,130,108,78,75,121,
84,98,105,95,30,61,71,147,111,38,15,28,80,37,42,131,46,
72,140,81,11,115,57,90,117,40,137,92,86,10,85,56,148,43,
118,13,66,102)(3,58,120,135,141,73,79,22,4,20,104,143,35,
55,139,127,27,126,70,18,107,124,89,87,136,146,54,7,39,150,
138,122,133,51,44,91,132,103,144,24,145,100,106,125,65)
(5,9,134)(6,96,29,74,128,32,23,142,62,64,26,123,116,114,
97,19,47,25,93,68,109,76,94,67,52,101,48,34,99,49,14,
69,45,63,33)(16,31,36,112,21,50,110,59,129)(119,152)),
rec(
gadd:=
[(1,77,39,115,20,96,58,134)(2,95,40,133,21,114,59,152)
(3,94,41,132,22,113,60,151)(4,93,42,131,23,112,61,150)
(5,92,43,130,24,111,62,149)(6,91,44,129,25,110,63,148)
(7,90,45,128,26,109,64,147)(8,89,46,127,27,108,65,146)
(9,88,47,126,28,107,66,145)(10,87,48,125,29,106,67,144)
(11,86,49,124,30,105,68,143)(12,85,50,123,31,104,69,142)
(13,84,51,122,32,103,70,141)(14,83,52,121,33,102,71,140)
(15,82,53,120,34,101,72,139)(16,81,54,119,35,100,73,138)
(17,80,55,118,36,99,74,137)(18,79,56,117,37,98,75,136)
(19,78,57,116,38,97,76,135),
(1,2,3,4,5,6,7,8,9,10,11,12,13,14,15,16,
17,18,19)(20,21,22,23,24,25,26,27,28,29,30,31,32,
33,34,35,36,37,38)(39,40,41,42,43,44,45,46,47,48,
49,50,51,52,53,54,55,56,57)(58,59,60,61,62,63,64,
65,66,67,68,69,70,71,72,73,74,75,76)(77,78,79,80,
81,82,83,84,85,86,87,88,89,90,91,92,93,94,95)
(96,97,98,99,100,101,102,103,104,105,106,107,108,109,110,111,
112,113,114)(115,116,117,118,119,120,121,122,123,124,125,126,127,
128,129,130,131,132,133)(134,135,136,137,138,139,140,141,142,143,
144,145,146,147,148,149,150,151,152)],
gmul:=
[(1,77,20,96)(2,78,21,97)(3,79,22,98)(4,80,23,99)
(5,81,24,100)(6,82,25,101)(7,83,26,102)
(8,84,27,103)(9,85,28,104)(10,86,29,105)
(11,87,30,106)(12,88,31,107)(13,89,32,108)
(14,90,33,109)(15,91,34,110)(16,92,35,111)
(17,93,36,112)(18,94,37,113)(19,95,38,114)
(39,134,58,115)(40,135,59,116)(41,136,60,117)
(42,137,61,118)(43,138,62,119)(44,139,63,120)
(45,140,64,121)(46,141,65,122)(47,142,66,123)
(48,143,67,124)(49,144,68,125)(50,145,69,126)
(51,146,70,127)(52,147,71,128)(53,148,72,129)
(54,149,73,130)(55,150,74,131)(56,151,75,132)
(57,152,76,133),
(1,40,22,61,5,44,26,65,9,48,30,69,13,52,34,73,
17,56,38,58,2,41,23,62,6,45,27,66,10,49,31,70,
14,53,35,74,18,57,20,59,3,42,24,63,7,46,28,67,
11,50,32,71,15,54,36,75,19,39,21,60,4,43,25,64,
8,47,29,68,12,51,33,72,16,55,37,76)(77,133,113,150,
92,129,109,146,88,125,105,142,84,121,101,138,80,117,97,134,
95,132,112,149,91,128,108,145,87,124,104,141,83,120,100,137,
79,116,96,152,94,131,111,148,90,127,107,144,86,123,103,140,
82,119,99,136,78,115,114,151,93,130,110,147,89,126,106,143,
85,122,102,139,81,118,98,135)],
p:=(2,96,30,55,129,5,12,104,125,51,72,128,27,142,54,14,
47,34,93,48,25,99,67,64,33,15,31,23,126,46,44,101,68,
83,75,147,81,10,107,144,35,61,45,53,63,26,145,92,106,143,
24,123,152,149,119,116,78,41,110,57,102,19,69,71,121,108,114,
95,29,42,137,100,86,11,134,16,28,112,38,6,77,56,120,133,
65,18,85,60,109,40,131,70,3,39,118,8,9,115,59,139,141,
43,150,130,84,94,49,7,58,148,73,113,13,50,82,79,37,74,
140,111,21,66,90,151,138,146,62,52,91,136,122,135,127,32,36,
80,22,17,4,20,88,117,76,98,87,132,89,105,97)(103,124),
q:=(2,77,60,90,132,108,95,30,61,71,140,92,87,151,119,135,
146,54,7,39,137,81,11,115,57,83,41,91,117,40,150,149,138,
127,27,123,133,51,44,82,98,106,124,84,113,8,12,85,56,139,
122,116,97,19,47,25,80,37,42,118,13,66,109,76,79,22,4,
20,107,125,65,3,58,129,16,31,36,99,49,14,69,45,63,33,
6,96,29,74,121,89,86,10,88,136,141,73,94,67,52,110,59,
120,152,130,103,143,35,55,148,43,131,46,72,147,100,105,78,75,
128,32,23,145,111,38,15,28,93,68,102)(5,9,134)
(18,104,144,24,142,62,64,26,126,70)(21,50,101,48,34,112)),
rec(
gadd:=
[(1,77,39,115,20,96,58,134)(2,95,40,133,21,114,59,152)
(3,94,41,132,22,113,60,151)(4,93,42,131,23,112,61,150)
(5,92,43,130,24,111,62,149)(6,91,44,129,25,110,63,148)
(7,90,45,128,26,109,64,147)(8,89,46,127,27,108,65,146)
(9,88,47,126,28,107,66,145)(10,87,48,125,29,106,67,144)
(11,86,49,124,30,105,68,143)(12,85,50,123,31,104,69,142)
(13,84,51,122,32,103,70,141)(14,83,52,121,33,102,71,140)
(15,82,53,120,34,101,72,139)(16,81,54,119,35,100,73,138)
(17,80,55,118,36,99,74,137)(18,79,56,117,37,98,75,136)
(19,78,57,116,38,97,76,135),
(1,2,3,4,5,6,7,8,9,10,11,12,13,14,15,16,
17,18,19)(20,21,22,23,24,25,26,27,28,29,30,31,32,
33,34,35,36,37,38)(39,40,41,42,43,44,45,46,47,48,
49,50,51,52,53,54,55,56,57)(58,59,60,61,62,63,64,
65,66,67,68,69,70,71,72,73,74,75,76)(77,78,79,80,
81,82,83,84,85,86,87,88,89,90,91,92,93,94,95)
(96,97,98,99,100,101,102,103,104,105,106,107,108,109,110,111,
112,113,114)(115,116,117,118,119,120,121,122,123,124,125,126,127,
128,129,130,131,132,133)(134,135,136,137,138,139,140,141,142,143,
144,145,146,147,148,149,150,151,152)],
gmul:=
[(1,77)(2,78)(3,79)(4,80)(5,81)(6,82)(7,83)
(8,84)(9,85)(10,86)(11,87)(12,88)(13,89)(14,90)
(15,91)(16,92)(17,93)(18,94)(19,95)(20,96)(21,97)
(22,98)(23,99)(24,100)(25,101)(26,102)(27,103)(28,104)
(29,105)(30,106)(31,107)(32,108)(33,109)(34,110)(35,111)
(36,112)(37,113)(38,114)(39,134)(40,135)(41,136)(42,137)
(43,138)(44,139)(45,140)(46,141)(47,142)(48,143)(49,144)
(50,145)(51,146)(52,147)(53,148)(54,149)(55,150)(56,151)
(57,152)(58,115)(59,116)(60,117)(61,118)(62,119)(63,120)
(64,121)(65,122)(66,123)(67,124)(68,125)(69,126)(70,127)
(71,128)(72,129)(73,130)(74,131)(75,132)(76,133),
(1,40,22,61,5,44,26,65,9,48,30,69,13,52,34,73,
17,56,38,58,2,41,23,62,6,45,27,66,10,49,31,70,
14,53,35,74,18,57,20,59,3,42,24,63,7,46,28,67,
11,50,32,71,15,54,36,75,19,39,21,60,4,43,25,64,
8,47,29,68,12,51,33,72,16,55,37,76)(77,133,113,150,
92,129,109,146,88,125,105,142,84,121,101,138,80,117,97,134,
95,132,112,149,91,128,108,145,87,124,104,141,83,120,100,137,
79,116,96,152,94,131,111,148,90,127,107,144,86,123,103,140,
82,119,99,136,78,115,114,151,93,130,110,147,89,126,106,143,
85,122,102,139,81,118,98,135)],
p:=(2,77,56,101,143,24,104,106,124,84,11,115,76,79,37,137,
81,10,88,98,67,71,102,144,35,74,121,89,86,136,103,105,78,
41,91,117,135,108,95,29,42,118,152,130,70,147,138,127,32,36,
6,58,129,5,12,85,151,119,97)(3,39,99,68)(4,20,17)
(7,9,96,30,55,110,57,83,60,90,132,16,28,93,48,25,80,
22,142,54,139,122,116,8,134,141,43,131,65,18,69,140,92,87,
113,13,50,72,109,40,112,38,150,111,21,145,62,52,14,47,34,
61,45,53,148,149,100,19,66,64,33,15,31,23,107,125,51,63,
26,126,46,44,82,75,128,27,123,133,146,73,94,49)(59,120,114)
,
q:=(2,77,60,90,132,5,9,96,29,74,121,89,86,136,103,105,
78,75,128,32,23,107,125,65,3,58,129,16,31,36,15,28,93,
68,18,47,25,80,37,137,81,11,115,40,112,21,145,54,139,122,
116,13,66,52,7,12,85,151,119,97,19,50,44,82,41,91,117,
135,108,95,30,61,71,102,144,24,104,106,124,84,10,88,98,49,
14,69,140,92,87,113,8,134,141,73,94,67,45,63,33,6,39,
99,48,34,55,110,59,120,114,57,83,56,101,143,35,42,118,152,
130,46,72,109,76,79,22,142,62,64,26,126,70,147,138,127,27,
123,133,146,43,131,51,53,148,149,100)(4,20)(38,150,111)),
rec(
gadd:=
[(1,77,39,115,20,96,58,134)(2,95,40,133,21,114,59,152)
(3,94,41,132,22,113,60,151)(4,93,42,131,23,112,61,150)
(5,92,43,130,24,111,62,149)(6,91,44,129,25,110,63,148)
(7,90,45,128,26,109,64,147)(8,89,46,127,27,108,65,146)
(9,88,47,126,28,107,66,145)(10,87,48,125,29,106,67,144)
(11,86,49,124,30,105,68,143)(12,85,50,123,31,104,69,142)
(13,84,51,122,32,103,70,141)(14,83,52,121,33,102,71,140)
(15,82,53,120,34,101,72,139)(16,81,54,119,35,100,73,138)
(17,80,55,118,36,99,74,137)(18,79,56,117,37,98,75,136)
(19,78,57,116,38,97,76,135),
(1,2,3,4,5,6,7,8,9,10,11,12,13,14,15,16,
17,18,19)(20,21,22,23,24,25,26,27,28,29,30,31,32,
33,34,35,36,37,38)(39,40,41,42,43,44,45,46,47,48,
49,50,51,52,53,54,55,56,57)(58,59,60,61,62,63,64,
65,66,67,68,69,70,71,72,73,74,75,76)(77,78,79,80,
81,82,83,84,85,86,87,88,89,90,91,92,93,94,95)
(96,97,98,99,100,101,102,103,104,105,106,107,108,109,110,111,
112,113,114)(115,116,117,118,119,120,121,122,123,124,125,126,127,
128,129,130,131,132,133)(134,135,136,137,138,139,140,141,142,143,
144,145,146,147,148,149,150,151,152)],
gmul:=
[(1,77,58,134,20,96,39,115)(2,95,59,152,21,114,40,133)
(3,94,60,151,22,113,41,132)(4,93,61,150,23,112,42,131)
(5,92,62,149,24,111,43,130)(6,91,63,148,25,110,44,129)
(7,90,64,147,26,109,45,128)(8,89,65,146,27,108,46,127)
(9,88,66,145,28,107,47,126)(10,87,67,144,29,106,48,125)
(11,86,68,143,30,105,49,124)(12,85,69,142,31,104,50,123)
(13,84,70,141,32,103,51,122)(14,83,71,140,33,102,52,121)
(15,82,72,139,34,101,53,120)(16,81,73,138,35,100,54,119)
(17,80,74,137,36,99,55,118)(18,79,75,136,37,98,56,117)
(19,78,76,135,38,97,57,116),
(1,2,3,4,5,6,7,8,9,10,11,12,13,14,15,16,
17,18,19)(20,21,22,23,24,25,26,27,28,29,30,31,32,
33,34,35,36,37,38)(39,40,41,42,43,44,45,46,47,48,
49,50,51,52,53,54,55,56,57)(58,59,60,61,62,63,64,
65,66,67,68,69,70,71,72,73,74,75,76)(77,78,79,80,
81,82,83,84,85,86,87,88,89,90,91,92,93,94,95)
(96,97,98,99,100,101,102,103,104,105,106,107,108,109,110,111,
112,113,114)(115,116,117,118,119,120,121,122,123,124,125,126,127,
128,129,130,131,132,133)(134,135,136,137,138,139,140,141,142,143,
144,145,146,147,148,149,150,151,152)],
p:=(2,115,59,128,27,131,70,3,39,112,38,6,77,56,110,57,
139,130,89,136,108,116,95,29,42,137,141,43,120,97)
(4,20,85,60,121,152,138,146,62,52,82,94,49,7,58,148,73,
147,92,124,127,32,36,93,48,25,142,54,14,47,34,80,22,17)
(5,12,126,46,44,129)(8,9,96,30,55,101,68,90,151,149,111,
21,66,83,75,117,76,132,84,79,37,74,140,119,114,78,41,150,
100,87,98,86,11,123,122,135,103,106,143,24,107,133,65,18,88,
113,13,50,91,125,51,72,102,19,69,71,109,40,99,67,64,33,
15,31,23,104,105,144,35,61,45,53,63,26,145,81,10,134,16,
28,118),
q:=(2,77,60,83,41,112,21,50,129,16,31,36,131,46,72,140,
81,11,85,56,148,43,82,132,122,97,19,47,25,104,143,35,55,
139,92,86,10,96,29,74,102)(3,58,110,59,90,113,8,12,88,
151,111,38,15,28,80,37,42,99,49,14,69,45,63,33,6,115,
57,101,48,34,118,13,66,121,114,116,133,51,44,91,87,136,146,
54,7,39,150,138,108,78,75,79,22,4,20,123,84,117,40,137,
103,144,24,145,119,152,100,125,65)(5,9,134)(18,126,70)
(23,142,62,64,26,107,95,30,61,71,147,130,127,27,93,68,128,
32)(52,120,135,141,73,109,76,94,67)(89,98,124)(105,106)),
rec(
gadd:=
[(1,77,39,115,20,96,58,134)(2,95,40,133,21,114,59,152)
(3,94,41,132,22,113,60,151)(4,93,42,131,23,112,61,150)
(5,92,43,130,24,111,62,149)(6,91,44,129,25,110,63,148)
(7,90,45,128,26,109,64,147)(8,89,46,127,27,108,65,146)
(9,88,47,126,28,107,66,145)(10,87,48,125,29,106,67,144)
(11,86,49,124,30,105,68,143)(12,85,50,123,31,104,69,142)
(13,84,51,122,32,103,70,141)(14,83,52,121,33,102,71,140)
(15,82,53,120,34,101,72,139)(16,81,54,119,35,100,73,138)
(17,80,55,118,36,99,74,137)(18,79,56,117,37,98,75,136)
(19,78,57,116,38,97,76,135),
(1,2,3,4,5,6,7,8,9,10,11,12,13,14,15,16,
17,18,19)(20,21,22,23,24,25,26,27,28,29,30,31,32,
33,34,35,36,37,38)(39,40,41,42,43,44,45,46,47,48,
49,50,51,52,53,54,55,56,57)(58,59,60,61,62,63,64,
65,66,67,68,69,70,71,72,73,74,75,76)(77,78,79,80,
81,82,83,84,85,86,87,88,89,90,91,92,93,94,95)
(96,97,98,99,100,101,102,103,104,105,106,107,108,109,110,111,
112,113,114)(115,116,117,118,119,120,121,122,123,124,125,126,127,
128,129,130,131,132,133)(134,135,136,137,138,139,140,141,142,143,
144,145,146,147,148,149,150,151,152)],
gmul:=
[(1,77,39,115,20,96,58,134)(2,78,40,116,21,97,59,135)
(3,79,41,117,22,98,60,136)(4,80,42,118,23,99,61,137)
(5,81,43,119,24,100,62,138)(6,82,44,120,25,101,63,139)
(7,83,45,121,26,102,64,140)(8,84,46,122,27,103,65,141)
(9,85,47,123,28,104,66,142)(10,86,48,124,29,105,67,143)
(11,87,49,125,30,106,68,144)(12,88,50,126,31,107,69,145)
(13,89,51,127,32,108,70,146)(14,90,52,128,33,109,71,147)
(15,91,53,129,34,110,72,148)(16,92,54,130,35,111,73,149)
(17,93,55,131,36,112,74,150)(18,94,56,132,37,113,75,151)
(19,95,57,133,38,114,76,152),
(1,2,3,4,5,6,7,8,9,10,11,12,13,14,15,16,
17,18,19)(20,21,22,23,24,25,26,27,28,29,30,31,32,
33,34,35,36,37,38)(39,40,41,42,43,44,45,46,47,48,
49,50,51,52,53,54,55,56,57)(58,59,60,61,62,63,64,
65,66,67,68,69,70,71,72,73,74,75,76)(77,95,94,93,
92,91,90,89,88,87,86,85,84,83,82,81,80,79,78)
(96,114,113,112,111,110,109,108,107,106,105,104,103,102,101,100,
99,98,97)(115,133,132,131,130,129,128,127,126,125,124,123,122,
121,120,119,118,117,116)(134,152,151,150,149,148,147,146,145,144,
143,142,141,140,139,138,137,136,135)],
p:=(2,134,16,28,150,130,84,94,49,7,58,110,57,140,149,119,
116,78,41,148,73,151,100,86,11,96,30,55,129,5,12,142,54,
14,47,34,93,48,25,137,138,108,152,111,21,66,90,113,13,50,
82,79,37,74,102,19,69,71,121,146,62,52,91,98,87,132,89,
143,24,123,114,95,29,42,99,67,64,33,15,31,23,126,46,44,
139,103,124,141,43,112,38,6,77,56,120,133,65,18,85,60,147,
81,10,145,92,144,35,61,45,53,63,26,107,106,105,135,127,32,
36,80,22,17,4,20,88,117,76,136,122,97)(3,39,118,8,9,
115,59,101,68,83,75,109,40,131,70)(27,104,125,51,72,128),
q:=(2,77,60,90,132,146,54,7,39,99,49,14,69,45,63,33,
6,134,5,9,96,29,74,121,89,86,10,88,98,144,24,104,106,
124,84,151,119,97,19,47,25,80,37,42,118,13,66,147,138,127,
27,123,133,51,44,82,136,103,105,78,75,128,32,23,107,125,65,
3,58,129,16,31,36,137,81,11,115,57,83,41,91,117,40,112,
21,50,139,122,116,135,108,95,30,61,71,102)(4,20,145,149,100,
143,35,55,110,59,120,114,152,130,141,73,94,67,52,148,43,131,
46,72,109,76,79,22)(8,12,85,56,101,48,34,150,111,38,15,
28,93,68,140,92,87,113)(18,142,62,64,26,126,70)),rec(
gadd:=
[(1,77,39,115,20,96,58,134)(2,95,40,133,21,114,59,152)
(3,94,41,132,22,113,60,151)(4,93,42,131,23,112,61,150)
(5,92,43,130,24,111,62,149)(6,91,44,129,25,110,63,148)
(7,90,45,128,26,109,64,147)(8,89,46,127,27,108,65,146)
(9,88,47,126,28,107,66,145)(10,87,48,125,29,106,67,144)
(11,86,49,124,30,105,68,143)(12,85,50,123,31,104,69,142)
(13,84,51,122,32,103,70,141)(14,83,52,121,33,102,71,140)
(15,82,53,120,34,101,72,139)(16,81,54,119,35,100,73,138)
(17,80,55,118,36,99,74,137)(18,79,56,117,37,98,75,136)
(19,78,57,116,38,97,76,135),
(1,2,3,4,5,6,7,8,9,10,11,12,13,14,15,16,
17,18,19)(20,21,22,23,24,25,26,27,28,29,30,31,32,
33,34,35,36,37,38)(39,40,41,42,43,44,45,46,47,48,
49,50,51,52,53,54,55,56,57)(58,59,60,61,62,63,64,
65,66,67,68,69,70,71,72,73,74,75,76)(77,78,79,80,
81,82,83,84,85,86,87,88,89,90,91,92,93,94,95)
(96,97,98,99,100,101,102,103,104,105,106,107,108,109,110,111,
112,113,114)(115,116,117,118,119,120,121,122,123,124,125,126,127,
128,129,130,131,132,133)(134,135,136,137,138,139,140,141,142,143,
144,145,146,147,148,149,150,151,152)],
gmul:=
[(1,77,58,134,20,96,39,115)(2,78,59,135,21,97,40,116)
(3,79,60,136,22,98,41,117)(4,80,61,137,23,99,42,118)
(5,81,62,138,24,100,43,119)(6,82,63,139,25,101,44,120)
(7,83,64,140,26,102,45,121)(8,84,65,141,27,103,46,122)
(9,85,66,142,28,104,47,123)(10,86,67,143,29,105,48,124)
(11,87,68,144,30,106,49,125)(12,88,69,145,31,107,50,126)
(13,89,70,146,32,108,51,127)(14,90,71,147,33,109,52,128)
(15,91,72,148,34,110,53,129)(16,92,73,149,35,111,54,130)
(17,93,74,150,36,112,55,131)(18,94,75,151,37,113,56,132)
(19,95,76,152,38,114,57,133),
(1,2,3,4,5,6,7,8,9,10,11,12,13,14,15,16,
17,18,19)(20,21,22,23,24,25,26,27,28,29,30,31,32,
33,34,35,36,37,38)(39,40,41,42,43,44,45,46,47,48,
49,50,51,52,53,54,55,56,57)(58,59,60,61,62,63,64,
65,66,67,68,69,70,71,72,73,74,75,76)(77,95,94,93,
92,91,90,89,88,87,86,85,84,83,82,81,80,79,78)
(96,114,113,112,111,110,109,108,107,106,105,104,103,102,101,100,
99,98,97)(115,133,132,131,130,129,128,127,126,125,124,123,122,
121,120,119,118,117,116)(134,152,151,150,149,148,147,146,145,144,
143,142,141,140,139,138,137,136,135)],
p:=(2,115,59,121,135,108,133,65,18,85,60,128,27,118,8,9,
96,30,55,110,57,148,73,140,130,84,94,49,7,58,139,119,97)
(3,39,99,67,64,33,15,31,23,107,116,78,41,137,146,62,52,
91,124,122,152,149,100,86,11,126,46,44,120,114,95,29,42,150,
111,21,66,90,136,103,105,143,24,104,106,144,35,61,45,53,63,
26,142,54,14,47,34,93,48,25,145,92,125,51,72,109,40,112,
38,6,77,56,101,68,83,75,132,89,151,138,141,43,129,5,12,
123,127,32,36,80,22,17,4,20,88,98,87,113,13,50,82,79,
37,74,147,81,10,134,16,28,131,70)(19,69,71,102)(76,117),
q:=(2,77,60,90,98,125,65,3,58,101,48,34,131,46,72,147,
119,135,146,54,7,39,137,108,95,30,61,71,140,92,87,151,100,
124,84,132,127,27,80,37,42,112,21,50,120,152,111,38,15,28,
93,68,121,97,19,47,25,107,78,75,94,67,52,129,16,31,36,
118,13,66,128,32,23,145,130,122,114,133,51,44,82,117,40,150,
149,138,103,143,35,55,148,43,91,86,10,96,29,74,109,76,79,
22,4,20,126,70,18,123,89,113,8,12,85,56,139,81,11,88,
136,141,73,102)(5,9,134)(6,115,57,110,59,83,41,99,49,
14,69,45,63,33)(24,142,62,64,26,104,144)),rec(
gadd:=
[(1,77,39,115,20,96,58,134)(2,95,40,133,21,114,59,152)
(3,94,41,132,22,113,60,151)(4,93,42,131,23,112,61,150)
(5,92,43,130,24,111,62,149)(6,91,44,129,25,110,63,148)
(7,90,45,128,26,109,64,147)(8,89,46,127,27,108,65,146)
(9,88,47,126,28,107,66,145)(10,87,48,125,29,106,67,144)
(11,86,49,124,30,105,68,143)(12,85,50,123,31,104,69,142)
(13,84,51,122,32,103,70,141)(14,83,52,121,33,102,71,140)
(15,82,53,120,34,101,72,139)(16,81,54,119,35,100,73,138)
(17,80,55,118,36,99,74,137)(18,79,56,117,37,98,75,136)
(19,78,57,116,38,97,76,135),
(1,2,3,4,5,6,7,8,9,10,11,12,13,14,15,16,
17,18,19)(20,21,22,23,24,25,26,27,28,29,30,31,32,
33,34,35,36,37,38)(39,40,41,42,43,44,45,46,47,48,
49,50,51,52,53,54,55,56,57)(58,59,60,61,62,63,64,
65,66,67,68,69,70,71,72,73,74,75,76)(77,78,79,80,
81,82,83,84,85,86,87,88,89,90,91,92,93,94,95)
(96,97,98,99,100,101,102,103,104,105,106,107,108,109,110,111,
112,113,114)(115,116,117,118,119,120,121,122,123,124,125,126,127,
128,129,130,131,132,133)(134,135,136,137,138,139,140,141,142,143,
144,145,146,147,148,149,150,151,152)],
gmul:=
[(1,77,39,115,20,96,58,134)(2,95,40,133,21,114,59,152)
(3,94,41,132,22,113,60,151)(4,93,42,131,23,112,61,150)
(5,92,43,130,24,111,62,149)(6,91,44,129,25,110,63,148)
(7,90,45,128,26,109,64,147)(8,89,46,127,27,108,65,146)
(9,88,47,126,28,107,66,145)(10,87,48,125,29,106,67,144)
(11,86,49,124,30,105,68,143)(12,85,50,123,31,104,69,142)
(13,84,51,122,32,103,70,141)(14,83,52,121,33,102,71,140)
(15,82,53,120,34,101,72,139)(16,81,54,119,35,100,73,138)
(17,80,55,118,36,99,74,137)(18,79,56,117,37,98,75,136)
(19,78,57,116,38,97,76,135),
(1,2,3,4,5,6,7,8,9,10,11,12,13,14,15,16,
17,18,19)(20,21,22,23,24,25,26,27,28,29,30,31,32,
33,34,35,36,37,38)(39,40,41,42,43,44,45,46,47,48,
49,50,51,52,53,54,55,56,57)(58,59,60,61,62,63,64,
65,66,67,68,69,70,71,72,73,74,75,76)(77,78,79,80,
81,82,83,84,85,86,87,88,89,90,91,92,93,94,95)
(96,97,98,99,100,101,102,103,104,105,106,107,108,109,110,111,
112,113,114)(115,116,117,118,119,120,121,122,123,124,125,126,127,
128,129,130,131,132,133)(134,135,136,137,138,139,140,141,142,143,
144,145,146,147,148,149,150,151,152)],
p:=(2,134,16,28,137,149,130,89,144,35,61,45,53,63,26,104,
124,146,62,52,82,94,49,7,58,101,68,90,98,86,11,96,30,
55,120,116,95,29,42,112,38,6,77,56,129,5,12,145,81,10,
142,54,14,47,34,80,22,17,4,20,85,60,140,138,103,125,51,
72,121,141,43,99,67,64,33,15,31,23,123,97)(3,39,131,70)
(8,9,115,59,110,57,147,92,143,24,126,46,44,148,73,136,127,
32,36,93,48,25,150,119,133,65,18,88,132,84,79,37,74,109,
40,118)(13,50,91,113)(19,69,71,128,27,107,105,152,100,87,
117,76,151,111,21,66,83,75,102)(41,139,108,135,122,114,78),
q:=(2,77,60,83,41,82,151,130,146,54,7,39,112,21,50,148,
43,118,13,66,140,81,11,115,57,90,117,40,99,49,14,69,45,
63,33,6,134,5,9,96,29,74,128,32,23,104,105,95,30,61,
71,109,76,94,67,52,139,127,27,126,70,18,145,138,122,133,51,
44,91,132,141,73,79,22,4,20,142,62,64,26,123,116,152,119,
114,135,103,106,125,65,3,58,120,97,19,47,25,93,68,147,149,
111,38,15,28,80,37,42,131,46,72,102)(8,12,88,113)
(10,85,56,110,59,129,16,31,36,150,100,144,24,107,124,89,87,
98,143,35,55,101,48,34,137,92,86)(75,121,84,136,108,78)),
rec(
gadd:=
[(1,77,39,115,20,96,58,134)(2,95,40,133,21,114,59,152)
(3,94,41,132,22,113,60,151)(4,93,42,131,23,112,61,150)
(5,92,43,130,24,111,62,149)(6,91,44,129,25,110,63,148)
(7,90,45,128,26,109,64,147)(8,89,46,127,27,108,65,146)
(9,88,47,126,28,107,66,145)(10,87,48,125,29,106,67,144)
(11,86,49,124,30,105,68,143)(12,85,50,123,31,104,69,142)
(13,84,51,122,32,103,70,141)(14,83,52,121,33,102,71,140)
(15,82,53,120,34,101,72,139)(16,81,54,119,35,100,73,138)
(17,80,55,118,36,99,74,137)(18,79,56,117,37,98,75,136)
(19,78,57,116,38,97,76,135),
(1,2,3,4,5,6,7,8,9,10,11,12,13,14,15,16,
17,18,19)(20,21,22,23,24,25,26,27,28,29,30,31,32,
33,34,35,36,37,38)(39,40,41,42,43,44,45,46,47,48,
49,50,51,52,53,54,55,56,57)(58,59,60,61,62,63,64,
65,66,67,68,69,70,71,72,73,74,75,76)(77,78,79,80,
81,82,83,84,85,86,87,88,89,90,91,92,93,94,95)
(96,97,98,99,100,101,102,103,104,105,106,107,108,109,110,111,
112,113,114)(115,116,117,118,119,120,121,122,123,124,125,126,127,
128,129,130,131,132,133)(134,135,136,137,138,139,140,141,142,143,
144,145,146,147,148,149,150,151,152)],
gmul:=
[(1,77,20,96)(2,78,21,97)(3,79,22,98)(4,80,23,99)
(5,81,24,100)(6,82,25,101)(7,83,26,102)
(8,84,27,103)(9,85,28,104)(10,86,29,105)
(11,87,30,106)(12,88,31,107)(13,89,32,108)
(14,90,33,109)(15,91,34,110)(16,92,35,111)
(17,93,36,112)(18,94,37,113)(19,95,38,114)
(39,134,58,115)(40,135,59,116)(41,136,60,117)
(42,137,61,118)(43,138,62,119)(44,139,63,120)
(45,140,64,121)(46,141,65,122)(47,142,66,123)
(48,143,67,124)(49,144,68,125)(50,145,69,126)
(51,146,70,127)(52,147,71,128)(53,148,72,129)
(54,149,73,130)(55,150,74,131)(56,151,75,132)
(57,152,76,133),
(1,40,22,61,5,44,26,65,9,48,30,69,13,52,34,73,
17,56,38,58,2,41,23,62,6,45,27,66,10,49,31,70,
14,53,35,74,18,57,20,59,3,42,24,63,7,46,28,67,
11,50,32,71,15,54,36,75,19,39,21,60,4,43,25,64,
8,47,29,68,12,51,33,72,16,55,37,76)(77,152,113,131,
92,148,109,127,88,144,105,123,84,140,101,119,80,136,97,115,
95,151,112,130,91,147,108,126,87,143,104,122,83,139,100,118,
79,135,96,133,94,150,111,129,90,146,107,125,86,142,103,121,
82,138,99,117,78,134,114,132,93,149,110,128,89,145,106,124,
85,141,102,120,81,137,98,116)],
p:=(2,96,30,55,129,5,12,104,125,51,72,128,27,142,54,14,
47,34,93,48,25,99,67,64,33,15,31,23,126,46,44,101,68,
83,75,147,81,10,107,144,35,61,45,53,63,26,145,92,106,143,
24,123,152,149,119,116,78,41,110,57,102,19,69,71,121,108,114,
95,29,42,137,100,86,11,134,16,28,112,38,6,77,56,120,133,
65,18,85,60,109,40,131,70,3,39,118,8,9,115,59,139,141,
43,150,130,84,94,49,7,58,148,73,113,13,50,82,79,37,74,
140,111,21,66,90,151,138,146,62,52,91,136,122,135,127,32,36,
80,22,17,4,20,88,117,76,98,87,132,89,105,97)(103,124),
q:=(2,77,60,90,151,138,146,54,7,39,118,13,66,109,76,79,
22,4,20,107,144,24,123,152,149,119,116,97,19,47,25,80,37,
42,137,81,11,134,5,9,115,57,83,41,91,136,122,135,127,27,
142,62,64,26,145,111,38,15,28,93,68,102)(3,58,148,43,150,
130,103,124,84,113,8,12,85,56,120,133,51,44,82,98,106,143,
35,55,129,16,31,36,99,49,14,69,45,63,33,6,96,29,74,
140,92,87,132,108,95,30,61,71,121,89,86,10,88,117,40,131,
46,72,128,32,23,126,70,18,104,125,65)(21,50,101,48,34,112)
(52,110,59,139,141,73,94,67)(75,147,100,105,78)),rec(
gadd:=
[(1,77,39,115,20,96,58,134)(2,95,40,133,21,114,59,152)
(3,94,41,132,22,113,60,151)(4,93,42,131,23,112,61,150)
(5,92,43,130,24,111,62,149)(6,91,44,129,25,110,63,148)
(7,90,45,128,26,109,64,147)(8,89,46,127,27,108,65,146)
(9,88,47,126,28,107,66,145)(10,87,48,125,29,106,67,144)
(11,86,49,124,30,105,68,143)(12,85,50,123,31,104,69,142)
(13,84,51,122,32,103,70,141)(14,83,52,121,33,102,71,140)
(15,82,53,120,34,101,72,139)(16,81,54,119,35,100,73,138)
(17,80,55,118,36,99,74,137)(18,79,56,117,37,98,75,136)
(19,78,57,116,38,97,76,135),
(1,2,3,4,5,6,7,8,9,10,11,12,13,14,15,16,
17,18,19)(20,21,22,23,24,25,26,27,28,29,30,31,32,
33,34,35,36,37,38)(39,40,41,42,43,44,45,46,47,48,
49,50,51,52,53,54,55,56,57)(58,59,60,61,62,63,64,
65,66,67,68,69,70,71,72,73,74,75,76)(77,78,79,80,
81,82,83,84,85,86,87,88,89,90,91,92,93,94,95)
(96,97,98,99,100,101,102,103,104,105,106,107,108,109,110,111,
112,113,114)(115,116,117,118,119,120,121,122,123,124,125,126,127,
128,129,130,131,132,133)(134,135,136,137,138,139,140,141,142,143,
144,145,146,147,148,149,150,151,152)],
gmul:=
[(1,77)(2,95)(3,94)(4,93)(5,92)(6,91)(7,90)
(8,89)(9,88)(10,87)(11,86)(12,85)(13,84)(14,83)
(15,82)(16,81)(17,80)(18,79)(19,78)(20,96)(21,114)
(22,113)(23,112)(24,111)(25,110)(26,109)(27,108)(28,107)
(29,106)(30,105)(31,104)(32,103)(33,102)(34,101)(35,100)
(36,99)(37,98)(38,97)(39,134)(40,152)(41,151)(42,150)
(43,149)(44,148)(45,147)(46,146)(47,145)(48,144)(49,143)
(50,142)(51,141)(52,140)(53,139)(54,138)(55,137)(56,136)
(57,135)(58,115)(59,133)(60,132)(61,131)(62,130)(63,129)
(64,128)(65,127)(66,126)(67,125)(68,124)(69,123)(70,122)
(71,121)(72,120)(73,119)(74,118)(75,117)(76,116),
(1,40,22,61,5,44,26,65,9,48,30,69,13,52,34,73,
17,56,38,58,2,41,23,62,6,45,27,66,10,49,31,70,
14,53,35,74,18,57,20,59,3,42,24,63,7,46,28,67,
11,50,32,71,15,54,36,75,19,39,21,60,4,43,25,64,
8,47,29,68,12,51,33,72,16,55,37,76)(77,135,98,118,
81,139,102,122,85,143,106,126,89,147,110,130,93,151,114,115,
78,136,99,119,82,140,103,123,86,144,107,127,90,148,111,131,
94,152,96,116,79,137,100,120,83,141,104,124,87,145,108,128,
91,149,112,132,95,134,97,117,80,138,101,121,84,142,105,125,
88,146,109,129,92,150,113,133)],
p:=(2,77,56,110,57,90,117,152,119,114,59,129,5,12,88,113,
13,50,72,102,143,24,107,124,89,87,98,67,71,109,40,99,68,
3,39,112,38,137,92,86,151,130,70,140,81,10,85,136,108,78,
41,82,75,121,84,11,115,76,94,49,7,9,96,30,55,101,144,
35,74,128,27,126,46,44,91,132,16,28,80,22,145,62,52,14,
47,34,61,45,53,139,127,32,36,6,58,120,97)(4,20,17)
(8,134,146,73,79,37,150,100,19,66,64,33,15,31,23,104,105,
95,29,42,131,65,18,69,147,149,111,21,142,54,148,138,122,133,
141,43,118,135,103,106,125,51,63,26,123,116)(25,93,48)
(60,83),
q:=(2,77,60,83,56,110,59,148,119,114,57,90,136,108,78,75,
140,81,11,134,127,27,145,54,129,16,31,36,15,28,80,37,131,
51,53,120,97,19,50,44,91,151,149,111,38,118,116,13,66,52,
7,12,88,113,8,115,40,99,48,34,55,101,125,65,3,58,139,
146,43,137,92,86,132,5,9,96,29,74,147,130,46,72,102,124,
89,87,98,49,14,69,128,32,23,104,105,95,30,61,71,109,76,
94,67,45,63,33,6,39,112,21,123,135,103,106,144,24,107,143,
35,42,150,100)(4,20)(10,85,117,133,122,152,138,141,73,79,
22,126,70,121,84)(18,47,25,93,68)(26,142,62,64)(41,82))
,rec(
gadd:=
[(1,77,39,115,20,96,58,134)(2,95,40,133,21,114,59,152)
(3,94,41,132,22,113,60,151)(4,93,42,131,23,112,61,150)
(5,92,43,130,24,111,62,149)(6,91,44,129,25,110,63,148)
(7,90,45,128,26,109,64,147)(8,89,46,127,27,108,65,146)
(9,88,47,126,28,107,66,145)(10,87,48,125,29,106,67,144)
(11,86,49,124,30,105,68,143)(12,85,50,123,31,104,69,142)
(13,84,51,122,32,103,70,141)(14,83,52,121,33,102,71,140)
(15,82,53,120,34,101,72,139)(16,81,54,119,35,100,73,138)
(17,80,55,118,36,99,74,137)(18,79,56,117,37,98,75,136)
(19,78,57,116,38,97,76,135),
(1,2,3,4,5,6,7,8,9,10,11,12,13,14,15,16,
17,18,19)(20,21,22,23,24,25,26,27,28,29,30,31,32,
33,34,35,36,37,38)(39,40,41,42,43,44,45,46,47,48,
49,50,51,52,53,54,55,56,57)(58,59,60,61,62,63,64,
65,66,67,68,69,70,71,72,73,74,75,76)(77,78,79,80,
81,82,83,84,85,86,87,88,89,90,91,92,93,94,95)
(96,97,98,99,100,101,102,103,104,105,106,107,108,109,110,111,
112,113,114)(115,116,117,118,119,120,121,122,123,124,125,126,127,
128,129,130,131,132,133)(134,135,136,137,138,139,140,141,142,143,
144,145,146,147,148,149,150,151,152)],
gmul:=
[(1,39,20,58)(2,40,21,59)(3,41,22,60)(4,42,23,61)
(5,43,24,62)(6,44,25,63)(7,45,26,64)
(8,46,27,65)(9,47,28,66)(10,48,29,67)
(11,49,30,68)(12,50,31,69)(13,51,32,70)
(14,52,33,71)(15,53,34,72)(16,54,35,73)
(17,55,36,74)(18,56,37,75)(19,57,38,76)
(77,115,96,134)(78,116,97,135)(79,117,98,136)
(80,118,99,137)(81,119,100,138)(82,120,101,139)
(83,121,102,140)(84,122,103,141)(85,123,104,142)
(86,124,105,143)(87,125,106,144)(88,126,107,145)
(89,127,108,146)(90,128,109,147)(91,129,110,148)
(92,130,111,149)(93,131,112,150)(94,132,113,151)
(95,133,114,152),
(1,78,3,80,5,82,7,84,9,86,11,88,13,90,15,92,
17,94,19,77,2,79,4,81,6,83,8,85,10,87,12,89,
14,91,16,93,18,95)(20,97,22,99,24,101,26,103,28,105,
30,107,32,109,34,111,36,113,38,96,21,98,23,100,25,102,
27,104,29,106,31,108,33,110,35,112,37,114)(39,135,41,137,
43,139,45,141,47,143,49,145,51,147,53,149,55,151,57,134,
40,136,42,138,44,140,46,142,48,144,50,146,52,148,54,150,
56,152)(58,116,60,118,62,120,64,122,66,124,68,126,70,128,
72,130,74,132,76,115,59,117,61,119,63,121,65,123,67,125,
69,127,71,129,73,131,75,133)],
p:=(2,77,56,101,143,24,104,106,124,84,11,115,76,79,37,137,
81,10,88,98,67,71,102,144,35,74,121,89,86,136,103,105,78,
41,91,117,135,108,95,29,42,118,152,130,70,147,138,127,32,36,
6,58,129,5,12,85,151,119,97)(3,39,99,68)(4,20,17)
(7,9,96,30,55,110,57,83,60,90,132,16,28,93,48,25,80,
22,142,54,139,122,116,8,134,141,43,131,65,18,69,140,92,87,
113,13,50,72,109,40,112,38,150,111,21,145,62,52,14,47,34,
61,45,53,148,149,100,19,66,64,33,15,31,23,107,125,51,63,
26,126,46,44,82,75,128,27,123,133,146,73,94,49)(59,120,114)
,
q:=(2,77,60,83,56,110,59,129,16,31,36,15,28,80,37,150,
100)(3,58,120,97,19,50,44,91,132,5,9,96,29,74,128,32,
23,104,105,95,30,61,71,109,76,94,67,45,63,33,6,39,112,
21,142,62,64,26,123,116,13,66,52,7,12,88,113,8,134,146,
43,118,135,103,106,125,65)(4,20)(10,85,136,108,78,75,121,84
)(11,115,40,99,48,34,55,101,144,24,107,124,89,87,98,49,
14,69,147,149,111,38,137,92,86,151,130,46,72,102,143,35,42,
131,51,53,139,127,27,126,70,140,81)(18,47,25,93,68)
(22,145,54,148,138,122,133,141,73,79)(41,82)(57,90,117,152,
119,114)),rec(
gadd:=
[(1,77,39,115,20,96,58,134)(2,95,40,133,21,114,59,152)
(3,94,41,132,22,113,60,151)(4,93,42,131,23,112,61,150)
(5,92,43,130,24,111,62,149)(6,91,44,129,25,110,63,148)
(7,90,45,128,26,109,64,147)(8,89,46,127,27,108,65,146)
(9,88,47,126,28,107,66,145)(10,87,48,125,29,106,67,144)
(11,86,49,124,30,105,68,143)(12,85,50,123,31,104,69,142)
(13,84,51,122,32,103,70,141)(14,83,52,121,33,102,71,140)
(15,82,53,120,34,101,72,139)(16,81,54,119,35,100,73,138)
(17,80,55,118,36,99,74,137)(18,79,56,117,37,98,75,136)
(19,78,57,116,38,97,76,135),
(1,2,3,4,5,6,7,8,9,10,11,12,13,14,15,16,
17,18,19)(20,21,22,23,24,25,26,27,28,29,30,31,32,
33,34,35,36,37,38)(39,40,41,42,43,44,45,46,47,48,
49,50,51,52,53,54,55,56,57)(58,59,60,61,62,63,64,
65,66,67,68,69,70,71,72,73,74,75,76)(77,78,79,80,
81,82,83,84,85,86,87,88,89,90,91,92,93,94,95)
(96,97,98,99,100,101,102,103,104,105,106,107,108,109,110,111,
112,113,114)(115,116,117,118,119,120,121,122,123,124,125,126,127,
128,129,130,131,132,133)(134,135,136,137,138,139,140,141,142,143,
144,145,146,147,148,149,150,151,152)],
gmul:=
[(1,39,20,58)(2,40,21,59)(3,41,22,60)(4,42,23,61)
(5,43,24,62)(6,44,25,63)(7,45,26,64)
(8,46,27,65)(9,47,28,66)(10,48,29,67)
(11,49,30,68)(12,50,31,69)(13,51,32,70)
(14,52,33,71)(15,53,34,72)(16,54,35,73)
(17,55,36,74)(18,56,37,75)(19,57,38,76)
(77,115,96,134)(78,116,97,135)(79,117,98,136)
(80,118,99,137)(81,119,100,138)(82,120,101,139)
(83,121,102,140)(84,122,103,141)(85,123,104,142)
(86,124,105,143)(87,125,106,144)(88,126,107,145)
(89,127,108,146)(90,128,109,147)(91,129,110,148)
(92,130,111,149)(93,131,112,150)(94,132,113,151)
(95,133,114,152),
(1,95,3,93,5,91,7,89,9,87,11,85,13,83,15,81,
17,79,19,77,2,94,4,92,6,90,8,88,10,86,12,84,
14,82,16,80,18,78)(20,114,22,112,24,110,26,108,28,106,
30,104,32,102,34,100,36,98,38,96,21,113,23,111,25,109,
27,107,29,105,31,103,33,101,35,99,37,97)(39,152,41,150,
43,148,45,146,47,144,49,142,51,140,53,138,55,136,57,134,
40,151,42,149,44,147,46,145,48,143,50,141,52,139,54,137,
56,135)(58,133,60,131,62,129,64,127,66,125,68,123,70,121,
72,119,74,117,76,115,59,132,61,130,63,128,65,126,67,124,
69,122,71,120,73,118,75,116)],
p:=(2,77,56,110,57,90,117,152,119,114,59,129,5,12,88,113,
13,50,72,102,143,24,107,124,89,87,98,67,71,109,40,99,68,
3,39,112,38,137,92,86,151,130,70,140,81,10,85,136,108,78,
41,82,75,121,84,11,115,76,94,49,7,9,96,30,55,101,144,
35,74,128,27,126,46,44,91,132,16,28,80,22,145,62,52,14,
47,34,61,45,53,139,127,32,36,6,58,120,97)(4,20,17)
(8,134,146,73,79,37,150,100,19,66,64,33,15,31,23,104,105,
95,29,42,131,65,18,69,147,149,111,21,142,54,148,138,122,133,
141,43,118,135,103,106,125,51,63,26,123,116)(25,93,48)
(60,83),
q:=(2,77,60,90,132,5,9,96,29,74,121,89,86,136,103,105,
78,75,128,32,23,107,125,65,3,58,129,16,31,36,15,28,93,
68,18,47,25,80,37,137,81,11,115,40,112,21,145,54,139,122,
116,13,66,52,7,12,85,151,119,97,19,50,44,82,41,91,117,
135,108,95,30,61,71,102,144,24,104,106,124,84,10,88,98,49,
14,69,140,92,87,113,8,134,141,73,94,67,45,63,33,6,39,
99,48,34,55,110,59,120,114,57,83,56,101,143,35,42,118,152,
130,46,72,109,76,79,22,142,62,64,26,126,70,147,138,127,27,
123,133,146,43,131,51,53,148,149,100)(4,20)(38,150,111)),
rec(
gadd:=
[(1,77,39,115,20,96,58,134)(2,95,40,133,21,114,59,152)
(3,94,41,132,22,113,60,151)(4,93,42,131,23,112,61,150)
(5,92,43,130,24,111,62,149)(6,91,44,129,25,110,63,148)
(7,90,45,128,26,109,64,147)(8,89,46,127,27,108,65,146)
(9,88,47,126,28,107,66,145)(10,87,48,125,29,106,67,144)
(11,86,49,124,30,105,68,143)(12,85,50,123,31,104,69,142)
(13,84,51,122,32,103,70,141)(14,83,52,121,33,102,71,140)
(15,82,53,120,34,101,72,139)(16,81,54,119,35,100,73,138)
(17,80,55,118,36,99,74,137)(18,79,56,117,37,98,75,136)
(19,78,57,116,38,97,76,135),
(1,2,3,4,5,6,7,8,9,10,11,12,13,14,15,16,
17,18,19)(20,21,22,23,24,25,26,27,28,29,30,31,32,
33,34,35,36,37,38)(39,40,41,42,43,44,45,46,47,48,
49,50,51,52,53,54,55,56,57)(58,59,60,61,62,63,64,
65,66,67,68,69,70,71,72,73,74,75,76)(77,78,79,80,
81,82,83,84,85,86,87,88,89,90,91,92,93,94,95)
(96,97,98,99,100,101,102,103,104,105,106,107,108,109,110,111,
112,113,114)(115,116,117,118,119,120,121,122,123,124,125,126,127,
128,129,130,131,132,133)(134,135,136,137,138,139,140,141,142,143,
144,145,146,147,148,149,150,151,152)],
gmul:=
[(1,78,60,137,24,101,45,122,9,86,68,145,32,109,53,130,17,
94,76,134,21,98,42,119,6,83,65,142,29,106,50,127,14,
91,73,150,37,114,39,116,3,80,62,139,26,103,47,124,11,
88,70,147,34,111,55,132,19,77,59,136,23,100,44,121,8,
85,67,144,31,108,52,129,16,93,75,152,20,97,41,118,5,
82,64,141,28,105,49,126,13,90,72,149,36,113,57,115,2,
79,61,138,25,102,46,123,10,87,69,146,33,110,54,131,18,
95,58,135,22,99,43,120,7,84,66,143,30,107,51,128,15,
92,74,151,38,96,40,117,4,81,63,140,27,104,48,125,12,
89,71,148,35,112,56,133)],
p:=(2,115,59,121,135,108,133,65,18,88,98,86,11,126,46,44,
120,114,78,41,137,146,62,52,82,94,49,7,58,139,119,97)
(3,39,99,67,64,33,15,31,23,107,116,95,29,42,150,111,21,
66,83,75,132,84,79,37,74,147,92,125,51,72,109,40,112,38,
6,77,56,101,68,90,136,103,105,143,24,104,106,144,35,61,45,
53,63,26,142,54,14,47,34,80,22,17,4,20,85,60,128,27,
118,8,9,96,30,55,110,57,148,73,140,130,89,151,138,141,43,
