NCBRACES[153] := [ rec(
      gadd := [ (  1, 81,107, 32, 58,138, 12, 89,115, 40, 69,146, 20, 97,126, 51, 77,103, 28, 57,134,  8, 85,114, 39,
              65,142, 16, 96,122, 47, 73,153, 27, 53,130,  4, 84,110, 35, 61,141, 15, 92,118, 43, 72,149, 23,100,129,
               3, 80,106, 31, 60,137, 11, 88,117, 42, 68,145, 19, 99,125, 50, 76,105, 30, 56,133,  7, 87,113, 38, 64,
             144, 18, 95,121, 46, 75,152, 26, 52,132,  6, 83,109, 34, 63,140, 14, 91,120, 45, 71,148, 22,102,128,  2,
              79,108, 33, 59,136, 10, 90,116, 41, 67,147, 21, 98,124, 49, 78,104, 29, 55,135,  9, 86,112, 37, 66,143,
              17, 94,123, 48, 74,151, 25, 54,131,  5, 82,111, 36, 62,139, 13, 93,119, 44, 70,150, 24,101,127) ],
      gmul := [ (  1, 81,107, 32, 58,138, 12, 89,115, 40, 69,146, 20, 97,126, 51, 77,103, 28, 57,134,  8, 85,114, 39,
              65,142, 16, 96,122, 47, 73,153, 27, 53,130,  4, 84,110, 35, 61,141, 15, 92,118, 43, 72,149, 23,100,129,
               3, 80,106, 31, 60,137, 11, 88,117, 42, 68,145, 19, 99,125, 50, 76,105, 30, 56,133,  7, 87,113, 38, 64,
             144, 18, 95,121, 46, 75,152, 26, 52,132,  6, 83,109, 34, 63,140, 14, 91,120, 45, 71,148, 22,102,128,  2,
              79,108, 33, 59,136, 10, 90,116, 41, 67,147, 21, 98,124, 49, 78,104, 29, 55,135,  9, 86,112, 37, 66,143,
              17, 94,123, 48, 74,151, 25, 54,131,  5, 82,111, 36, 62,139, 13, 93,119, 44, 70,150, 24,101,127) ],
      p := (  2, 52, 21, 40,115, 68, 31, 41,142,146,151, 57, 28, 99, 84, 32, 19,150,102, 38, 42, 65, 79, 80, 82, 81,
          78, 77,130,145,  6,  3)(  4,  7, 46, 93, 16,111, 10, 58,121, 11, 54,143,113,118, 69,129)(  5,105,141, 51,
         123,147,106, 39, 34, 15, 13,  8,103, 17,  9, 53,116, 94,133, 62, 76,127,114, 89,128, 12, 97, 74, 30, 14, 47,
          85, 23,148,101, 67, 29, 91,126,119, 61, 86, 37,144,108,125,140,153,107,134,100, 75, 22,109,120, 44, 70, 27,
          60, 71,122, 49, 35,110, 18,104, 43, 92, 24, 59,136, 63, 72,137, 55,138, 50, 25, 98, 88, 33,117, 90,131,112,
         139)( 20, 48)( 26, 64, 87,135, 96, 83, 73,132, 95,124, 45, 66)( 36,149, 56),
      q := (  2,105, 67, 27,148,107, 74, 26,144,100,133,146, 57, 25,110, 38, 14,  9,104, 10,150,106, 17, 47,123, 61,
         122,  4, 46,115,140, 55, 70, 29,117,118,139, 51, 85, 33, 91, 82,127, 94, 75, 31, 15, 40, 93, 37, 64,121, 45,
         142, 62,132,113, 90, 77, 78,131, 96,125, 68, 22, 99,124, 11,103, 39, 19, 58, 87, 73, 76, 81,130, 63,136,145,
          50, 28,109, 88, 23, 60,137,153,101,141,  5, 52, 35, 98,120, 12,111, 43,116,114,119,147,102, 18, 53, 92, 32,
          34, 41, 66, 30, 42,143, 95, 84, 24,149,152, 56, 20,  8, 54, 65,129, 49, 21, 13, 48, 36, 59, 72, 71, 86, 16,
          97,134,108, 83,135,112, 69, 79,128, 44,138,  6)( 80,126, 89) ), rec(
      gadd := [ (  1, 81,107, 32, 58,138, 12, 89,115, 40, 69,146, 20, 97,126, 51, 77,103, 28, 57,134,  8, 85,114, 39,
              65,142, 16, 96,122, 47, 73,153, 27, 53,130,  4, 84,110, 35, 61,141, 15, 92,118, 43, 72,149, 23,100,129,
               3, 80,106, 31, 60,137, 11, 88,117, 42, 68,145, 19, 99,125, 50, 76,105, 30, 56,133,  7, 87,113, 38, 64,
             144, 18, 95,121, 46, 75,152, 26, 52,132,  6, 83,109, 34, 63,140, 14, 91,120, 45, 71,148, 22,102,128,  2,
              79,108, 33, 59,136, 10, 90,116, 41, 67,147, 21, 98,124, 49, 78,104, 29, 55,135,  9, 86,112, 37, 66,143,
              17, 94,123, 48, 74,151, 25, 54,131,  5, 82,111, 36, 62,139, 13, 93,119, 44, 70,150, 24,101,127) ],
      gmul := [ (  1, 81,108, 32, 58,136, 12, 89,116, 40, 69,147, 20, 97,124, 51, 77,104, 28, 57,135,  8, 85,112, 39,
              65,143, 16, 96,123, 47, 73,151, 27, 53,131,  4, 84,111, 35, 61,139, 15, 92,119, 43, 72,150, 23,100,127,
               3, 80,107, 31, 60,138, 11, 88,115, 42, 68,146, 19, 99,126, 50, 76,103, 30, 56,134,  7, 87,114, 38, 64,
             142, 18, 95,122, 46, 75,153, 26, 52,130,  6, 83,110, 34, 63,141, 14, 91,118, 45, 71,149, 22,102,129,  2,
              79,106, 33, 59,137, 10, 90,117, 41, 67,145, 21, 98,125, 49, 78,105, 29, 55,133,  9, 86,113, 37, 66,144,
              17, 94,121, 48, 74,152, 25, 54,132,  5, 82,109, 36, 62,140, 13, 93,120, 44, 70,148, 24,101,128) ],
      p := (  2, 53,116, 95,124, 45, 64, 85, 23,148,102, 38, 42, 66, 26, 65, 80, 83, 74, 30, 14, 47, 86, 37,144,108,
         125,140,153,107,134,101, 68, 31, 41,142,146,151, 55,138, 50, 25, 99, 82, 79, 81, 76,127,114, 90,131,112,139,
           5,105,141, 51,123,147,106, 39, 34, 15, 13,  8,103, 17,  9, 54,143,113,118, 67, 29, 92, 24, 60, 72,137, 56,
          36,149, 57, 28, 97, 75, 22,109,120, 44, 71,122, 49, 35,110, 18,104, 43, 93, 16,111, 10, 59,136, 61, 87,135,
          94,133, 63, 70, 27, 58,121, 11, 52, 21, 40,115, 69,129,  4,  7, 46, 91,126,119, 62, 77,130,145,  6,  3)
        ( 12, 98, 89,128)( 19,150,100, 73,132, 96, 84, 32)( 20, 48)( 33,117, 88),
      q := (  2,105, 68, 22, 97,134,108, 84, 24,149,152, 57, 25,110, 38, 14,  9,104, 10,150,106, 17, 47,123, 62,132,
         113, 88, 23, 58, 85, 33, 92, 32, 34, 41, 64,121, 45,142, 63,136,145, 50, 28,109, 89, 81,130, 61,122,  4, 46,
         115,140, 56, 20,  8, 52, 35, 99,124, 11,103, 39, 19, 59, 70, 29,117,118,139, 51, 86, 16, 98,120, 12,111, 43,
         116,114,119,147,100,133,146, 55, 71, 87, 74, 26,144,101,141,  5, 53, 93, 37, 65,129, 49, 21, 13, 48, 36, 60,
         137,153,102, 18, 54, 66, 30, 42,143, 96,125, 69, 80,126, 90, 78,131, 94, 73, 77, 76, 79,128, 44,138,  6)
        ( 15, 40, 91, 83,135,112, 67, 27,148,107, 75, 31)( 82,127, 95) ), rec(
      gadd := [ (  1, 72,143, 10, 81,152,  2, 73,144, 11, 82,153,  3, 74,145, 12, 83,137,  4, 75,146, 13, 84,138,  5,
              76,147, 14, 85,139,  6, 77,148, 15, 69,140,  7, 78,149, 16, 70,141,  8, 79,150, 17, 71,142,  9, 80,151)
            ( 18, 89,109, 27, 98,118, 19, 90,110, 28, 99,119, 20, 91,111, 29,100,103, 21, 92,112, 30,101,104, 22, 93,
             113, 31,102,105, 23, 94,114, 32, 86,106, 24, 95,115, 33, 87,107, 25, 96,116, 34, 88,108, 26, 97,117)
            ( 35, 55,126, 44, 64,135, 36, 56,127, 45, 65,136, 37, 57,128, 46, 66,120, 38, 58,129, 47, 67,121, 39, 59,
             130, 48, 68,122, 40, 60,131, 49, 52,123, 41, 61,132, 50, 53,124, 42, 62,133, 51, 54,125, 43, 63,134), 
          (  1, 86,120)(  2, 87,121)(  3, 88,122)(  4, 89,123)(  5, 90,124)(  6, 91,125)(  7, 92,126)(  8, 93,127)
            (  9, 94,128)( 10, 95,129)( 11, 96,130)( 12, 97,131)( 13, 98,132)( 14, 99,133)( 15,100,134)( 16,101,135)
            ( 17,102,136)( 18, 52,137)( 19, 53,138)( 20, 54,139)( 21, 55,140)( 22, 56,141)( 23, 57,142)( 24, 58,143)
            ( 25, 59,144)( 26, 60,145)( 27, 61,146)( 28, 62,147)( 29, 63,148)( 30, 64,149)( 31, 65,150)( 32, 66,151)
            ( 33, 67,152)( 34, 68,153)( 35, 69,103)( 36, 70,104)( 37, 71,105)( 38, 72,106)( 39, 73,107)( 40, 74,108)
            ( 41, 75,109)( 42, 76,110)( 43, 77,111)( 44, 78,112)( 45, 79,113)( 46, 80,114)( 47, 81,115)( 48, 82,116)
            ( 49, 83,117)( 50, 84,118)( 51, 85,119) ],
      gmul := [ (  1, 38, 24, 10, 47, 33,  2, 39, 25, 11, 48, 34,  3, 40, 26, 12, 49, 18,  4, 41, 27, 13, 50, 19,  5,
              42, 28, 14, 51, 20,  6, 43, 29, 15, 35, 21,  7, 44, 30, 16, 36, 22,  8, 45, 31, 17, 37, 23,  9, 46, 32)
            ( 52, 89, 75, 61, 98, 84, 53, 90, 76, 62, 99, 85, 54, 91, 77, 63,100, 69, 55, 92, 78, 64,101, 70, 56, 93,
              79, 65,102, 71, 57, 94, 80, 66, 86, 72, 58, 95, 81, 67, 87, 73, 59, 96, 82, 68, 88, 74, 60, 97, 83)
            (103,140,126,112,149,135,104,141,127,113,150,136,105,142,128,114,151,120,106,143,129,115,152,121,107,144,
             130,116,153,122,108,145,131,117,137,123,109,146,132,118,138,124,110,147,133,119,139,125,111,148,134), 
          (  1,126, 98,  2,127, 99,  3,128,100,  4,129,101,  5,130,102,  6,131, 86,  7,132, 87,  8,133, 88,  9,134,
              89, 10,135, 90, 11,136, 91, 12,120, 92, 13,121, 93, 14,122, 94, 15,123, 95, 16,124, 96, 17,125, 97)
            ( 18,143, 64, 19,144, 65, 20,145, 66, 21,146, 67, 22,147, 68, 23,148, 52, 24,149, 53, 25,150, 54, 26,151,
              55, 27,152, 56, 28,153, 57, 29,137, 58, 30,138, 59, 31,139, 60, 32,140, 61, 33,141, 62, 34,142, 63)
            ( 35,109, 81, 36,110, 82, 37,111, 83, 38,112, 84, 39,113, 85, 40,114, 69, 41,115, 70, 42,116, 71, 43,117,
              72, 44,118, 73, 45,119, 74, 46,103, 75, 47,104, 76, 48,105, 77, 49,106, 78, 50,107, 79, 51,108, 80) ],
      p := (  2,  7,137, 26,149, 32,125,118, 54, 11, 92,141, 72,  5, 12,143, 89,113,128,146, 49, 40,  8, 13, 35,114,
          77,133,151, 55,102, 31, 46, 64, 53,108, 10, 75, 34, 74,147, 66, 19, 97, 88, 73, 96, 71,119,105, 56,153, 21,
          18,  6, 86,124, 78, 82, 59,127, 95,122,129, 33, 63, 36, 17,103, 39, 29,109,101,116,145, 27, 41,121, 50,136,
         111, 22)(  3,120, 20,148,117, 37, 91, 90, 16, 80,150, 38,142,112, 15, 52, 85, 45, 47,115, 94,  9,126,  4, 69,
         68,130,134, 43, 87, 62,144,140, 61, 93, 28, 58, 14,131, 83,110,152,106, 84, 25, 98,139,123, 67, 51, 57, 23,
         132,100, 65,104,135, 60, 76)( 24, 81, 42, 70, 79, 99, 48, 30)( 44,138),
      q := (  2, 12, 80, 73,127,128, 77, 90,  3, 86, 99, 22, 17, 52,138, 26, 74, 76, 16,143,134, 27, 29, 63, 34,149,
          38, 81, 28,114,146, 21, 35, 58,  5,  7, 69,104, 88,150, 32, 98, 84, 45, 23, 91,133, 72, 14, 92, 82,113, 95,
         101, 56, 70,144, 83, 62, 79,124,145, 43,136, 61,130, 89, 59, 96,152, 66, 51,115,129, 37,132,123,105,116, 78,
         141,151,117, 33,109,122, 94, 10,148, 55,121, 20, 75, 36)(  4,137, 44, 85, 25,125, 54,  8,  6,120, 50, 87,110,
         71, 53, 64,119, 67, 19,126, 15,103, 31, 24,142, 60,147,106,139,100,107, 65, 68, 93, 42,153, 49, 30, 46,108,
           9, 97,135,112)( 11,131,140,111, 48, 40)( 13, 18)( 39, 41,102)( 47, 57) ), rec(
      gadd := [ (  1, 45, 21, 14, 41, 34, 10, 37, 30,  6, 50, 26,  2, 46, 22, 15, 42, 18, 11, 38, 31,  7, 51, 27,  3,
              47, 23, 16, 43, 19, 12, 39, 32,  8, 35, 28,  4, 48, 24, 17, 44, 20, 13, 40, 33,  9, 36, 29,  5, 49, 25)
            ( 52, 96, 72, 65, 92, 85, 61, 88, 81, 57,101, 77, 53, 97, 73, 66, 93, 69, 62, 89, 82, 58,102, 78, 54, 98,
              74, 67, 94, 70, 63, 90, 83, 59, 86, 79, 55, 99, 75, 68, 95, 71, 64, 91, 84, 60, 87, 80, 56,100, 76)
            (103,147,123,116,143,136,112,139,132,108,152,128,104,148,124,117,144,120,113,140,133,109,153,129,105,149,
             125,118,145,121,114,141,134,110,137,130,106,150,126,119,146,122,115,142,135,111,138,131,107,151,127), 
          (  1,101,133, 12, 95,127,  6, 89,121, 17,100,132, 11, 94,126,  5, 88,120, 16, 99,131, 10, 93,125,  4, 87,
             136, 15, 98,130,  9, 92,124,  3, 86,135, 14, 97,129,  8, 91,123,  2,102,134, 13, 96,128,  7, 90,122)
            ( 18, 67,150, 29, 61,144, 23, 55,138, 34, 66,149, 28, 60,143, 22, 54,137, 33, 65,148, 27, 59,142, 21, 53,
             153, 32, 64,147, 26, 58,141, 20, 52,152, 31, 63,146, 25, 57,140, 19, 68,151, 30, 62,145, 24, 56,139)
            ( 35, 84,116, 46, 78,110, 40, 72,104, 51, 83,115, 45, 77,109, 39, 71,103, 50, 82,114, 44, 76,108, 38, 70,
             119, 49, 81,113, 43, 75,107, 37, 69,118, 48, 80,112, 42, 74,106, 36, 85,117, 47, 79,111, 41, 73,105) ],
      gmul := [ (  1, 87,139,  4, 90,142,  7, 93,145, 10, 96,148, 13, 99,151, 16,102,137,  2, 88,140,  5, 91,143,  8,
              94,146, 11, 97,149, 14,100,152, 17, 86,138,  3, 89,141,  6, 92,144,  9, 95,147, 12, 98,150, 15,101,153)
            ( 18, 53,105, 21, 56,108, 24, 59,111, 27, 62,114, 30, 65,117, 33, 68,103, 19, 54,106, 22, 57,109, 25, 60,
             112, 28, 63,115, 31, 66,118, 34, 52,104, 20, 55,107, 23, 58,110, 26, 61,113, 29, 64,116, 32, 67,119)
            ( 35, 70,122, 38, 73,125, 41, 76,128, 44, 79,131, 47, 82,134, 50, 85,120, 36, 71,123, 39, 74,126, 42, 77,
             129, 45, 80,132, 48, 83,135, 51, 69,121, 37, 72,124, 40, 75,127, 43, 78,130, 46, 81,133, 49, 84,136), 
          (  1,130, 55, 14,126, 68, 10,122, 64,  6,135, 60,  2,131, 56, 15,127, 52, 11,123, 65,  7,136, 61,  3,132,
              57, 16,128, 53, 12,124, 66,  8,120, 62,  4,133, 58, 17,129, 54, 13,125, 67,  9,121, 63,  5,134, 59)
            ( 18,147, 72, 31,143, 85, 27,139, 81, 23,152, 77, 19,148, 73, 32,144, 69, 28,140, 82, 24,153, 78, 20,149,
              74, 33,145, 70, 29,141, 83, 25,137, 79, 21,150, 75, 34,146, 71, 30,142, 84, 26,138, 80, 22,151, 76)
            ( 35,113, 89, 48,109,102, 44,105, 98, 40,118, 94, 36,114, 90, 49,110, 86, 45,106, 99, 41,119, 95, 37,115,
              91, 50,111, 87, 46,107,100, 42,103, 96, 38,116, 92, 51,112, 88, 47,108,101, 43,104, 97, 39,117, 93) ],
      p := (  2, 52,108,135, 78, 76, 65, 42, 81, 79, 96, 82,  3,  7, 18,131, 94, 54,136, 49, 19,137,134, 55,142, 38,
          17, 46,  8, 58, 59, 87,144,146,100,  9, 86,110, 10, 63, 85, 31, 30,132, 77, 93, 22, 64, 14,126,129, 27, 80,
          56, 11, 69,138, 32,109,141,112, 60, 70,119, 43, 91,147, 83, 48,121, 26, 57, 34,114, 71, 45, 74,  5,120,128,
           4, 35, 40, 53, 51,149, 72,130, 66,127,152,106,107, 50,115,101, 37,148, 89, 39, 23, 92, 16,103, 20,  6, 12,
          13, 41, 98, 67, 25, 97, 90,124,118, 15, 24, 75, 28)( 21, 29, 47, 36,125, 44, 68,104,116, 61,102,122,105,150,
         117, 84,133, 95, 99, 73,153,140,145)( 33,143,123,139,111)( 88,113),
      q := (  2,120, 61,138, 38)(  3, 12,  6,  7, 35, 30, 57, 36, 64,  5, 52, 81,110,  9,137, 55, 98,122, 84, 56,  8,
         131,146,140, 95,141, 77,147,106, 82, 16, 69,102, 67, 45,115,139, 78,113,152, 83, 22,125, 26,132,112,129, 43,
         149,117,105, 90, 65, 28, 17, 24,114,118,  4, 18, 58,130,123,101, 33, 97,150, 72, 59,153,100, 10,126, 60,119,
          27,109, 99,116,128, 15, 46, 11,103, 50, 74, 14, 63,104, 73, 87, 96,107, 20, 13, 29, 23,148,151, 89, 31, 40,
         136, 21, 41,142, 32, 80,133,145, 49, 51, 91, 93, 48, 68, 85, 39, 47, 34, 75, 42,108, 54, 53, 19, 86, 79,144,
          94,135,111, 37, 92)( 25,143, 66, 62,127, 88, 76,124, 71)( 44,121) ) ];
