NCBRACES[30] := rec( total := -1, implemented := 36, size := 30, brace := [] 
);NCBRACES[30].brace[1] := rec ( size := 30, perms := [ [  (),  (),  ], [  (1, 
16)(2, 18)(3, 17)(4, 19)(5, 21)(6, 20)(7, 22)(8, 24)(9, 23)(10, 25)(11, 27)(12, 
26)(13, 28)(14, 30)(15, 29),  (1, 16)(2, 17)(3, 18)(4, 19)(5, 20)(6, 21)(7, 
22)(8, 23)(9, 24)(10, 25)(11, 26)(12, 27)(13, 28)(14, 29)(15, 30),  ], [  (1, 2,
3)(4, 5, 6)(7, 8, 9)(10, 11, 12)(13, 14, 15)(16, 17, 18)(19, 20, 21)(22, 23, 
24)(25, 26, 27)(28, 29, 30),  (1, 3, 2)(4, 6, 5)(7, 9, 8)(10, 12, 11)(13, 15, 
14)(16, 17, 18)(19, 20, 21)(22, 23, 24)(25, 26, 27)(28, 29, 30),  ], [  (1, 13, 
10, 7, 4)(2, 14, 11, 8, 5)(3, 15, 12, 9, 6)(16, 28, 25, 22, 19)(17, 29, 26, 23, 
20)(18, 30, 27, 24, 21),  (1, 4, 7, 10, 13)(2, 5, 8, 11, 14)(3, 6, 9, 12, 
15)(16, 19, 22, 25, 28)(17, 20, 23, 26, 29)(18, 21, 24, 27, 30),  ], [  (1, 3, 
2)(4, 6, 5)(7, 9, 8)(10, 12, 11)(13, 15, 14)(16, 18, 17)(19, 21, 20)(22, 24, 
23)(25, 27, 26)(28, 30, 29),  (1, 2, 3)(4, 5, 6)(7, 8, 9)(10, 11, 12)(13, 14, 
15)(16, 18, 17)(19, 21, 20)(22, 24, 23)(25, 27, 26)(28, 30, 29),  ], [  (1, 4, 
7, 10, 13)(2, 5, 8, 11, 14)(3, 6, 9, 12, 15)(16, 19, 22, 25, 28)(17, 20, 23, 26,
29)(18, 21, 24, 27, 30),  (1, 13, 10, 7, 4)(2, 14, 11, 8, 5)(3, 15, 12, 9, 
6)(16, 28, 25, 22, 19)(17, 29, 26, 23, 20)(18, 30, 27, 24, 21),  ], [  (1, 
17)(2, 16)(3, 18)(4, 20)(5, 19)(6, 21)(7, 23)(8, 22)(9, 24)(10, 26)(11, 25)(12, 
27)(13, 29)(14, 28)(15, 30),  (1, 17)(2, 18)(3, 16)(4, 20)(5, 21)(6, 19)(7, 
23)(8, 24)(9, 22)(10, 26)(11, 27)(12, 25)(13, 29)(14, 30)(15, 28),  ], [  (1, 
28, 10, 22, 4, 16, 13, 25, 7, 19)(2, 30, 11, 24, 5, 18, 14, 27, 8, 21)(3, 29, 
12, 23, 6, 17, 15, 26, 9, 20),  (1, 19, 7, 25, 13, 16, 4, 22, 10, 28)(2, 20, 8, 
26, 14, 17, 5, 23, 11, 29)(3, 21, 9, 27, 15, 18, 6, 24, 12, 30),  ], [  (1, 
18)(2, 17)(3, 16)(4, 21)(5, 20)(6, 19)(7, 24)(8, 23)(9, 22)(10, 27)(11, 26)(12, 
25)(13, 30)(14, 29)(15, 28),  (1, 18)(2, 16)(3, 17)(4, 21)(5, 19)(6, 20)(7, 
24)(8, 22)(9, 23)(10, 27)(11, 25)(12, 26)(13, 30)(14, 28)(15, 29),  ], [  (1, 
19, 7, 25, 13, 16, 4, 22, 10, 28)(2, 21, 8, 27, 14, 18, 5, 24, 11, 30)(3, 20, 9,
26, 15, 17, 6, 23, 12, 29),  (1, 28, 10, 22, 4, 16, 13, 25, 7, 19)(2, 29, 11, 
23, 5, 17, 14, 26, 8, 20)(3, 30, 12, 24, 6, 18, 15, 27, 9, 21),  ], [  (1, 14, 
12, 7, 5, 3, 13, 11, 9, 4, 2, 15, 10, 8, 6)(16, 29, 27, 22, 20, 18, 28, 26, 24, 
19, 17, 30, 25, 23, 21),  (1, 6, 8, 10, 15, 2, 4, 9, 11, 13, 3, 5, 7, 12, 
14)(16, 20, 24, 25, 29, 18, 19, 23, 27, 28, 17, 21, 22, 26, 30),  ], [  (1, 5, 
9, 10, 14, 3, 4, 8, 12, 13, 2, 6, 7, 11, 15)(16, 20, 24, 25, 29, 18, 19, 23, 27,
28, 17, 21, 22, 26, 30),  (1, 15, 11, 7, 6, 2, 13, 12, 8, 4, 3, 14, 10, 9, 
5)(16, 29, 27, 22, 20, 18, 28, 26, 24, 19, 17, 30, 25, 23, 21),  ], [  (1, 10, 
4, 13, 7)(2, 11, 5, 14, 8)(3, 12, 6, 15, 9)(16, 25, 19, 28, 22)(17, 26, 20, 29, 
23)(18, 27, 21, 30, 24),  (1, 7, 13, 4, 10)(2, 8, 14, 5, 11)(3, 9, 15, 6, 
12)(16, 22, 28, 19, 25)(17, 23, 29, 20, 26)(18, 24, 30, 21, 27),  ], [  (1, 15, 
11, 7, 6, 2, 13, 12, 8, 4, 3, 14, 10, 9, 5)(16, 30, 26, 22, 21, 17, 28, 27, 23, 
19, 18, 29, 25, 24, 20),  (1, 5, 9, 10, 14, 3, 4, 8, 12, 13, 2, 6, 7, 11, 
15)(16, 21, 23, 25, 30, 17, 19, 24, 26, 28, 18, 20, 22, 27, 29),  ], [  (1, 6, 
8, 10, 15, 2, 4, 9, 11, 13, 3, 5, 7, 12, 14)(16, 21, 23, 25, 30, 17, 19, 24, 26,
28, 18, 20, 22, 27, 29),  (1, 14, 12, 7, 5, 3, 13, 11, 9, 4, 2, 15, 10, 8, 
6)(16, 30, 26, 22, 21, 17, 28, 27, 23, 19, 18, 29, 25, 24, 20),  ], [  (1, 7, 
13, 4, 10)(2, 8, 14, 5, 11)(3, 9, 15, 6, 12)(16, 22, 28, 19, 25)(17, 23, 29, 20,
26)(18, 24, 30, 21, 27),  (1, 10, 4, 13, 7)(2, 11, 5, 14, 8)(3, 12, 6, 15, 
9)(16, 25, 19, 28, 22)(17, 26, 20, 29, 23)(18, 27, 21, 30, 24),  ], [  (1, 29, 
10, 23, 4, 17, 13, 26, 7, 20)(2, 28, 11, 22, 5, 16, 14, 25, 8, 19)(3, 30, 12, 
24, 6, 18, 15, 27, 9, 21),  (1, 20, 7, 26, 13, 17, 4, 23, 10, 29)(2, 21, 8, 27, 
14, 18, 5, 24, 11, 30)(3, 19, 9, 25, 15, 16, 6, 22, 12, 28),  ], [  (1, 20, 7, 
26, 13, 17, 4, 23, 10, 29)(2, 19, 8, 25, 14, 16, 5, 22, 11, 28)(3, 21, 9, 27, 
15, 18, 6, 24, 12, 30),  (1, 29, 10, 23, 4, 17, 13, 26, 7, 20)(2, 30, 11, 24, 5,
18, 14, 27, 8, 21)(3, 28, 12, 22, 6, 16, 15, 25, 9, 19),  ], [  (1, 25, 4, 28, 
7, 16, 10, 19, 13, 22)(2, 27, 5, 30, 8, 18, 11, 21, 14, 24)(3, 26, 6, 29, 9, 17,
12, 20, 15, 23),  (1, 22, 13, 19, 10, 16, 7, 28, 4, 25)(2, 23, 14, 20, 11, 17, 
8, 29, 5, 26)(3, 24, 15, 21, 12, 18, 9, 30, 6, 27),  ], [  (1, 30, 10, 24, 4, 
18, 13, 27, 7, 21)(2, 29, 11, 23, 5, 17, 14, 26, 8, 20)(3, 28, 12, 22, 6, 16, 
15, 25, 9, 19),  (1, 21, 7, 27, 13, 18, 4, 24, 10, 30)(2, 19, 8, 25, 14, 16, 5, 
22, 11, 28)(3, 20, 9, 26, 15, 17, 6, 23, 12, 29),  ], [  (1, 21, 7, 27, 13, 18, 
4, 24, 10, 30)(2, 20, 8, 26, 14, 17, 5, 23, 11, 29)(3, 19, 9, 25, 15, 16, 6, 22,
12, 28),  (1, 30, 10, 24, 4, 18, 13, 27, 7, 21)(2, 28, 11, 22, 5, 16, 14, 25, 8,
19)(3, 29, 12, 23, 6, 17, 15, 26, 9, 20),  ], [  (1, 22, 13, 19, 10, 16, 7, 28, 
4, 25)(2, 24, 14, 21, 11, 18, 8, 30, 5, 27)(3, 23, 15, 20, 12, 17, 9, 29, 6, 
26),  (1, 25, 4, 28, 7, 16, 10, 19, 13, 22)(2, 26, 5, 29, 8, 17, 11, 20, 14, 
23)(3, 27, 6, 30, 9, 18, 12, 21, 15, 24),  ], [  (1, 11, 6, 13, 8, 3, 10, 5, 15,
7, 2, 12, 4, 14, 9)(16, 26, 21, 28, 23, 18, 25, 20, 30, 22, 17, 27, 19, 29, 24),
(1, 9, 14, 4, 12, 2, 7, 15, 5, 10, 3, 8, 13, 6, 11)(16, 23, 30, 19, 26, 18, 22, 
29, 21, 25, 17, 24, 28, 20, 27),  ], [  (1, 8, 15, 4, 11, 3, 7, 14, 6, 10, 2, 9,
13, 5, 12)(16, 23, 30, 19, 26, 18, 22, 29, 21, 25, 17, 24, 28, 20, 27),  (1, 12,
5, 13, 9, 2, 10, 6, 14, 7, 3, 11, 4, 15, 8)(16, 26, 21, 28, 23, 18, 25, 20, 30, 
22, 17, 27, 19, 29, 24),  ], [  (1, 12, 5, 13, 9, 2, 10, 6, 14, 7, 3, 11, 4, 15,
8)(16, 27, 20, 28, 24, 17, 25, 21, 29, 22, 18, 26, 19, 30, 23),  (1, 8, 15, 4, 
11, 3, 7, 14, 6, 10, 2, 9, 13, 5, 12)(16, 24, 29, 19, 27, 17, 22, 30, 20, 25, 
18, 23, 28, 21, 26),  ], [  (1, 9, 14, 4, 12, 2, 7, 15, 5, 10, 3, 8, 13, 6, 
11)(16, 24, 29, 19, 27, 17, 22, 30, 20, 25, 18, 23, 28, 21, 26),  (1, 11, 6, 13,
8, 3, 10, 5, 15, 7, 2, 12, 4, 14, 9)(16, 27, 20, 28, 24, 17, 25, 21, 29, 22, 18,
26, 19, 30, 23),  ], [  (1, 26, 4, 29, 7, 17, 10, 20, 13, 23)(2, 25, 5, 28, 8, 
16, 11, 19, 14, 22)(3, 27, 6, 30, 9, 18, 12, 21, 15, 24),  (1, 23, 13, 20, 10, 
17, 7, 29, 4, 26)(2, 24, 14, 21, 11, 18, 8, 30, 5, 27)(3, 22, 15, 19, 12, 16, 9,
28, 6, 25),  ], [  (1, 23, 13, 20, 10, 17, 7, 29, 4, 26)(2, 22, 14, 19, 11, 16, 
8, 28, 5, 25)(3, 24, 15, 21, 12, 18, 9, 30, 6, 27),  (1, 26, 4, 29, 7, 17, 10, 
20, 13, 23)(2, 27, 5, 30, 8, 18, 11, 21, 14, 24)(3, 25, 6, 28, 9, 16, 12, 19, 
15, 22),  ], [  (1, 27, 4, 30, 7, 18, 10, 21, 13, 24)(2, 26, 5, 29, 8, 17, 11, 
20, 14, 23)(3, 25, 6, 28, 9, 16, 12, 19, 15, 22),  (1, 24, 13, 21, 10, 18, 7, 
30, 4, 27)(2, 22, 14, 19, 11, 16, 8, 28, 5, 25)(3, 23, 15, 20, 12, 17, 9, 29, 6,
26),  ], [  (1, 24, 13, 21, 10, 18, 7, 30, 4, 27)(2, 23, 14, 20, 11, 17, 8, 29, 
5, 26)(3, 22, 15, 19, 12, 16, 9, 28, 6, 25),  (1, 27, 4, 30, 7, 18, 10, 21, 13, 
24)(2, 25, 5, 28, 8, 16, 11, 19, 14, 22)(3, 26, 6, 29, 9, 17, 12, 20, 15, 23),  
], ]
);

NCBRACES[30].brace[2] := rec ( size := 30, perms := [ [  (),  (),  ], [  (1, 
16)(2, 18)(3, 17)(4, 19)(5, 21)(6, 20)(7, 22)(8, 24)(9, 23)(10, 25)(11, 27)(12, 
26)(13, 28)(14, 30)(15, 29),  (1, 16)(2, 17)(3, 18)(4, 28)(5, 29)(6, 30)(7, 
25)(8, 26)(9, 27)(10, 22)(11, 23)(12, 24)(13, 19)(14, 20)(15, 21),  ], [  (1, 2,
3)(4, 5, 6)(7, 8, 9)(10, 11, 12)(13, 14, 15)(16, 17, 18)(19, 20, 21)(22, 23, 
24)(25, 26, 27)(28, 29, 30),  (1, 3, 2)(4, 6, 5)(7, 9, 8)(10, 12, 11)(13, 15, 
14)(16, 17, 18)(19, 20, 21)(22, 23, 24)(25, 26, 27)(28, 29, 30),  ], [  (1, 13, 
10, 7, 4)(2, 14, 11, 8, 5)(3, 15, 12, 9, 6)(16, 28, 25, 22, 19)(17, 29, 26, 23, 
20)(18, 30, 27, 24, 21),  (1, 4, 7, 10, 13)(2, 5, 8, 11, 14)(3, 6, 9, 12, 
15)(16, 19, 22, 25, 28)(17, 20, 23, 26, 29)(18, 21, 24, 27, 30),  ], [  (1, 3, 
2)(4, 6, 5)(7, 9, 8)(10, 12, 11)(13, 15, 14)(16, 18, 17)(19, 21, 20)(22, 24, 
23)(25, 27, 26)(28, 30, 29),  (1, 2, 3)(4, 5, 6)(7, 8, 9)(10, 11, 12)(13, 14, 
15)(16, 18, 17)(19, 21, 20)(22, 24, 23)(25, 27, 26)(28, 30, 29),  ], [  (1, 4, 
7, 10, 13)(2, 5, 8, 11, 14)(3, 6, 9, 12, 15)(16, 19, 22, 25, 28)(17, 20, 23, 26,
29)(18, 21, 24, 27, 30),  (1, 13, 10, 7, 4)(2, 14, 11, 8, 5)(3, 15, 12, 9, 
6)(16, 28, 25, 22, 19)(17, 29, 26, 23, 20)(18, 30, 27, 24, 21),  ], [  (1, 
17)(2, 16)(3, 18)(4, 20)(5, 19)(6, 21)(7, 23)(8, 22)(9, 24)(10, 26)(11, 25)(12, 
27)(13, 29)(14, 28)(15, 30),  (1, 17)(2, 18)(3, 16)(4, 29)(5, 30)(6, 28)(7, 
26)(8, 27)(9, 25)(10, 23)(11, 24)(12, 22)(13, 20)(14, 21)(15, 19),  ], [  (1, 
19, 7, 25, 13, 16, 4, 22, 10, 28)(2, 21, 8, 27, 14, 18, 5, 24, 11, 30)(3, 20, 9,
26, 15, 17, 6, 23, 12, 29),  (1, 19)(2, 20)(3, 21)(4, 16)(5, 17)(6, 18)(7, 
28)(8, 29)(9, 30)(10, 25)(11, 26)(12, 27)(13, 22)(14, 23)(15, 24),  ], [  (1, 
18)(2, 17)(3, 16)(4, 21)(5, 20)(6, 19)(7, 24)(8, 23)(9, 22)(10, 27)(11, 26)(12, 
25)(13, 30)(14, 29)(15, 28),  (1, 18)(2, 16)(3, 17)(4, 30)(5, 28)(6, 29)(7, 
27)(8, 25)(9, 26)(10, 24)(11, 22)(12, 23)(13, 21)(14, 19)(15, 20),  ], [  (1, 
28, 10, 22, 4, 16, 13, 25, 7, 19)(2, 30, 11, 24, 5, 18, 14, 27, 8, 21)(3, 29, 
12, 23, 6, 17, 15, 26, 9, 20),  (1, 28)(2, 29)(3, 30)(4, 25)(5, 26)(6, 27)(7, 
22)(8, 23)(9, 24)(10, 19)(11, 20)(12, 21)(13, 16)(14, 17)(15, 18),  ], [  (1, 
14, 12, 7, 5, 3, 13, 11, 9, 4, 2, 15, 10, 8, 6)(16, 29, 27, 22, 20, 18, 28, 26, 
24, 19, 17, 30, 25, 23, 21),  (1, 6, 8, 10, 15, 2, 4, 9, 11, 13, 3, 5, 7, 12, 
14)(16, 20, 24, 25, 29, 18, 19, 23, 27, 28, 17, 21, 22, 26, 30),  ], [  (1, 5, 
9, 10, 14, 3, 4, 8, 12, 13, 2, 6, 7, 11, 15)(16, 20, 24, 25, 29, 18, 19, 23, 27,
28, 17, 21, 22, 26, 30),  (1, 15, 11, 7, 6, 2, 13, 12, 8, 4, 3, 14, 10, 9, 
5)(16, 29, 27, 22, 20, 18, 28, 26, 24, 19, 17, 30, 25, 23, 21),  ], [  (1, 10, 
4, 13, 7)(2, 11, 5, 14, 8)(3, 12, 6, 15, 9)(16, 25, 19, 28, 22)(17, 26, 20, 29, 
23)(18, 27, 21, 30, 24),  (1, 7, 13, 4, 10)(2, 8, 14, 5, 11)(3, 9, 15, 6, 
12)(16, 22, 28, 19, 25)(17, 23, 29, 20, 26)(18, 24, 30, 21, 27),  ], [  (1, 15, 
11, 7, 6, 2, 13, 12, 8, 4, 3, 14, 10, 9, 5)(16, 30, 26, 22, 21, 17, 28, 27, 23, 
19, 18, 29, 25, 24, 20),  (1, 5, 9, 10, 14, 3, 4, 8, 12, 13, 2, 6, 7, 11, 
15)(16, 21, 23, 25, 30, 17, 19, 24, 26, 28, 18, 20, 22, 27, 29),  ], [  (1, 6, 
8, 10, 15, 2, 4, 9, 11, 13, 3, 5, 7, 12, 14)(16, 21, 23, 25, 30, 17, 19, 24, 26,
28, 18, 20, 22, 27, 29),  (1, 14, 12, 7, 5, 3, 13, 11, 9, 4, 2, 15, 10, 8, 
6)(16, 30, 26, 22, 21, 17, 28, 27, 23, 19, 18, 29, 25, 24, 20),  ], [  (1, 7, 
13, 4, 10)(2, 8, 14, 5, 11)(3, 9, 15, 6, 12)(16, 22, 28, 19, 25)(17, 23, 29, 20,
26)(18, 24, 30, 21, 27),  (1, 10, 4, 13, 7)(2, 11, 5, 14, 8)(3, 12, 6, 15, 
9)(16, 25, 19, 28, 22)(17, 26, 20, 29, 23)(18, 27, 21, 30, 24),  ], [  (1, 20, 
7, 26, 13, 17, 4, 23, 10, 29)(2, 19, 8, 25, 14, 16, 5, 22, 11, 28)(3, 21, 9, 27,
15, 18, 6, 24, 12, 30),  (1, 20)(2, 21)(3, 19)(4, 17)(5, 18)(6, 16)(7, 29)(8, 
30)(9, 28)(10, 26)(11, 27)(12, 25)(13, 23)(14, 24)(15, 22),  ], [  (1, 29, 10, 
23, 4, 17, 13, 26, 7, 20)(2, 28, 11, 22, 5, 16, 14, 25, 8, 19)(3, 30, 12, 24, 6,
18, 15, 27, 9, 21),  (1, 29)(2, 30)(3, 28)(4, 26)(5, 27)(6, 25)(7, 23)(8, 24)(9,
22)(10, 20)(11, 21)(12, 19)(13, 17)(14, 18)(15, 16),  ], [  (1, 22, 13, 19, 10, 
16, 7, 28, 4, 25)(2, 24, 14, 21, 11, 18, 8, 30, 5, 27)(3, 23, 15, 20, 12, 17, 9,
29, 6, 26),  (1, 22)(2, 23)(3, 24)(4, 19)(5, 20)(6, 21)(7, 16)(8, 17)(9, 18)(10,
28)(11, 29)(12, 30)(13, 25)(14, 26)(15, 27),  ], [  (1, 21, 7, 27, 13, 18, 4, 
24, 10, 30)(2, 20, 8, 26, 14, 17, 5, 23, 11, 29)(3, 19, 9, 25, 15, 16, 6, 22, 
12, 28),  (1, 21)(2, 19)(3, 20)(4, 18)(5, 16)(6, 17)(7, 30)(8, 28)(9, 29)(10, 
27)(11, 25)(12, 26)(13, 24)(14, 22)(15, 23),  ], [  (1, 30, 10, 24, 4, 18, 13, 
27, 7, 21)(2, 29, 11, 23, 5, 17, 14, 26, 8, 20)(3, 28, 12, 22, 6, 16, 15, 25, 9,
19),  (1, 30)(2, 28)(3, 29)(4, 27)(5, 25)(6, 26)(7, 24)(8, 22)(9, 23)(10, 
21)(11, 19)(12, 20)(13, 18)(14, 16)(15, 17),  ], [  (1, 25, 4, 28, 7, 16, 10, 
19, 13, 22)(2, 27, 5, 30, 8, 18, 11, 21, 14, 24)(3, 26, 6, 29, 9, 17, 12, 20, 
15, 23),  (1, 25)(2, 26)(3, 27)(4, 22)(5, 23)(6, 24)(7, 19)(8, 20)(9, 21)(10, 
16)(11, 17)(12, 18)(13, 28)(14, 29)(15, 30),  ], [  (1, 11, 6, 13, 8, 3, 10, 5, 
15, 7, 2, 12, 4, 14, 9)(16, 26, 21, 28, 23, 18, 25, 20, 30, 22, 17, 27, 19, 29, 
24),  (1, 9, 14, 4, 12, 2, 7, 15, 5, 10, 3, 8, 13, 6, 11)(16, 23, 30, 19, 26, 
18, 22, 29, 21, 25, 17, 24, 28, 20, 27),  ], [  (1, 8, 15, 4, 11, 3, 7, 14, 6, 
10, 2, 9, 13, 5, 12)(16, 23, 30, 19, 26, 18, 22, 29, 21, 25, 17, 24, 28, 20, 
27),  (1, 12, 5, 13, 9, 2, 10, 6, 14, 7, 3, 11, 4, 15, 8)(16, 26, 21, 28, 23, 
18, 25, 20, 30, 22, 17, 27, 19, 29, 24),  ], [  (1, 12, 5, 13, 9, 2, 10, 6, 14, 
7, 3, 11, 4, 15, 8)(16, 27, 20, 28, 24, 17, 25, 21, 29, 22, 18, 26, 19, 30, 23),
(1, 8, 15, 4, 11, 3, 7, 14, 6, 10, 2, 9, 13, 5, 12)(16, 24, 29, 19, 27, 17, 22, 
30, 20, 25, 18, 23, 28, 21, 26),  ], [  (1, 9, 14, 4, 12, 2, 7, 15, 5, 10, 3, 8,
13, 6, 11)(16, 24, 29, 19, 27, 17, 22, 30, 20, 25, 18, 23, 28, 21, 26),  (1, 11,
6, 13, 8, 3, 10, 5, 15, 7, 2, 12, 4, 14, 9)(16, 27, 20, 28, 24, 17, 25, 21, 29, 
22, 18, 26, 19, 30, 23),  ], [  (1, 23, 13, 20, 10, 17, 7, 29, 4, 26)(2, 22, 14,
19, 11, 16, 8, 28, 5, 25)(3, 24, 15, 21, 12, 18, 9, 30, 6, 27),  (1, 23)(2, 
24)(3, 22)(4, 20)(5, 21)(6, 19)(7, 17)(8, 18)(9, 16)(10, 29)(11, 30)(12, 28)(13,
26)(14, 27)(15, 25),  ], [  (1, 26, 4, 29, 7, 17, 10, 20, 13, 23)(2, 25, 5, 28, 
8, 16, 11, 19, 14, 22)(3, 27, 6, 30, 9, 18, 12, 21, 15, 24),  (1, 26)(2, 27)(3, 
25)(4, 23)(5, 24)(6, 22)(7, 20)(8, 21)(9, 19)(10, 17)(11, 18)(12, 16)(13, 
29)(14, 30)(15, 28),  ], [  (1, 24, 13, 21, 10, 18, 7, 30, 4, 27)(2, 23, 14, 20,
11, 17, 8, 29, 5, 26)(3, 22, 15, 19, 12, 16, 9, 28, 6, 25),  (1, 24)(2, 22)(3, 
23)(4, 21)(5, 19)(6, 20)(7, 18)(8, 16)(9, 17)(10, 30)(11, 28)(12, 29)(13, 
27)(14, 25)(15, 26),  ], [  (1, 27, 4, 30, 7, 18, 10, 21, 13, 24)(2, 26, 5, 29, 
8, 17, 11, 20, 14, 23)(3, 25, 6, 28, 9, 16, 12, 19, 15, 22),  (1, 27)(2, 25)(3, 
26)(4, 24)(5, 22)(6, 23)(7, 21)(8, 19)(9, 20)(10, 18)(11, 16)(12, 17)(13, 
30)(14, 28)(15, 29),  ], ]
);

NCBRACES[30].brace[3] := rec ( size := 30, perms := [ [  (),  (),  ], [  (1, 
16)(2, 18)(3, 17)(4, 19)(5, 21)(6, 20)(7, 22)(8, 24)(9, 23)(10, 25)(11, 27)(12, 
26)(13, 28)(14, 30)(15, 29),  (1, 16)(2, 18)(3, 17)(4, 19)(5, 21)(6, 20)(7, 
22)(8, 24)(9, 23)(10, 25)(11, 27)(12, 26)(13, 28)(14, 30)(15, 29),  ], [  (1, 2,
3)(4, 5, 6)(7, 8, 9)(10, 11, 12)(13, 14, 15)(16, 17, 18)(19, 20, 21)(22, 23, 
24)(25, 26, 27)(28, 29, 30),  (1, 3, 2)(4, 6, 5)(7, 9, 8)(10, 12, 11)(13, 15, 
14)(16, 18, 17)(19, 21, 20)(22, 24, 23)(25, 27, 26)(28, 30, 29),  ], [  (1, 13, 
10, 7, 4)(2, 14, 11, 8, 5)(3, 15, 12, 9, 6)(16, 28, 25, 22, 19)(17, 29, 26, 23, 
20)(18, 30, 27, 24, 21),  (1, 4, 7, 10, 13)(2, 5, 8, 11, 14)(3, 6, 9, 12, 
15)(16, 19, 22, 25, 28)(17, 20, 23, 26, 29)(18, 21, 24, 27, 30),  ], [  (1, 3, 
2)(4, 6, 5)(7, 9, 8)(10, 12, 11)(13, 15, 14)(16, 18, 17)(19, 21, 20)(22, 24, 
23)(25, 27, 26)(28, 30, 29),  (1, 2, 3)(4, 5, 6)(7, 8, 9)(10, 11, 12)(13, 14, 
15)(16, 17, 18)(19, 20, 21)(22, 23, 24)(25, 26, 27)(28, 29, 30),  ], [  (1, 4, 
7, 10, 13)(2, 5, 8, 11, 14)(3, 6, 9, 12, 15)(16, 19, 22, 25, 28)(17, 20, 23, 26,
29)(18, 21, 24, 27, 30),  (1, 13, 10, 7, 4)(2, 14, 11, 8, 5)(3, 15, 12, 9, 
6)(16, 28, 25, 22, 19)(17, 29, 26, 23, 20)(18, 30, 27, 24, 21),  ], [  (1, 
18)(2, 17)(3, 16)(4, 21)(5, 20)(6, 19)(7, 24)(8, 23)(9, 22)(10, 27)(11, 26)(12, 
25)(13, 30)(14, 29)(15, 28),  (1, 18)(2, 17)(3, 16)(4, 21)(5, 20)(6, 19)(7, 
24)(8, 23)(9, 22)(10, 27)(11, 26)(12, 25)(13, 30)(14, 29)(15, 28),  ], [  (1, 
28, 10, 22, 4, 16, 13, 25, 7, 19)(2, 30, 11, 24, 5, 18, 14, 27, 8, 21)(3, 29, 
12, 23, 6, 17, 15, 26, 9, 20),  (1, 19, 7, 25, 13, 16, 4, 22, 10, 28)(2, 21, 8, 
27, 14, 18, 5, 24, 11, 30)(3, 20, 9, 26, 15, 17, 6, 23, 12, 29),  ], [  (1, 
17)(2, 16)(3, 18)(4, 20)(5, 19)(6, 21)(7, 23)(8, 22)(9, 24)(10, 26)(11, 25)(12, 
27)(13, 29)(14, 28)(15, 30),  (1, 17)(2, 16)(3, 18)(4, 20)(5, 19)(6, 21)(7, 
23)(8, 22)(9, 24)(10, 26)(11, 25)(12, 27)(13, 29)(14, 28)(15, 30),  ], [  (1, 
19, 7, 25, 13, 16, 4, 22, 10, 28)(2, 21, 8, 27, 14, 18, 5, 24, 11, 30)(3, 20, 9,
26, 15, 17, 6, 23, 12, 29),  (1, 28, 10, 22, 4, 16, 13, 25, 7, 19)(2, 30, 11, 
24, 5, 18, 14, 27, 8, 21)(3, 29, 12, 23, 6, 17, 15, 26, 9, 20),  ], [  (1, 14, 
12, 7, 5, 3, 13, 11, 9, 4, 2, 15, 10, 8, 6)(16, 29, 27, 22, 20, 18, 28, 26, 24, 
19, 17, 30, 25, 23, 21),  (1, 6, 8, 10, 15, 2, 4, 9, 11, 13, 3, 5, 7, 12, 
14)(16, 21, 23, 25, 30, 17, 19, 24, 26, 28, 18, 20, 22, 27, 29),  ], [  (1, 5, 
9, 10, 14, 3, 4, 8, 12, 13, 2, 6, 7, 11, 15)(16, 20, 24, 25, 29, 18, 19, 23, 27,
28, 17, 21, 22, 26, 30),  (1, 15, 11, 7, 6, 2, 13, 12, 8, 4, 3, 14, 10, 9, 
5)(16, 30, 26, 22, 21, 17, 28, 27, 23, 19, 18, 29, 25, 24, 20),  ], [  (1, 10, 
4, 13, 7)(2, 11, 5, 14, 8)(3, 12, 6, 15, 9)(16, 25, 19, 28, 22)(17, 26, 20, 29, 
23)(18, 27, 21, 30, 24),  (1, 7, 13, 4, 10)(2, 8, 14, 5, 11)(3, 9, 15, 6, 
12)(16, 22, 28, 19, 25)(17, 23, 29, 20, 26)(18, 24, 30, 21, 27),  ], [  (1, 15, 
11, 7, 6, 2, 13, 12, 8, 4, 3, 14, 10, 9, 5)(16, 30, 26, 22, 21, 17, 28, 27, 23, 
19, 18, 29, 25, 24, 20),  (1, 5, 9, 10, 14, 3, 4, 8, 12, 13, 2, 6, 7, 11, 
15)(16, 20, 24, 25, 29, 18, 19, 23, 27, 28, 17, 21, 22, 26, 30),  ], [  (1, 6, 
8, 10, 15, 2, 4, 9, 11, 13, 3, 5, 7, 12, 14)(16, 21, 23, 25, 30, 17, 19, 24, 26,
28, 18, 20, 22, 27, 29),  (1, 14, 12, 7, 5, 3, 13, 11, 9, 4, 2, 15, 10, 8, 
6)(16, 29, 27, 22, 20, 18, 28, 26, 24, 19, 17, 30, 25, 23, 21),  ], [  (1, 7, 
13, 4, 10)(2, 8, 14, 5, 11)(3, 9, 15, 6, 12)(16, 22, 28, 19, 25)(17, 23, 29, 20,
26)(18, 24, 30, 21, 27),  (1, 10, 4, 13, 7)(2, 11, 5, 14, 8)(3, 12, 6, 15, 
9)(16, 25, 19, 28, 22)(17, 26, 20, 29, 23)(18, 27, 21, 30, 24),  ], [  (1, 30, 
10, 24, 4, 18, 13, 27, 7, 21)(2, 29, 11, 23, 5, 17, 14, 26, 8, 20)(3, 28, 12, 
22, 6, 16, 15, 25, 9, 19),  (1, 21, 7, 27, 13, 18, 4, 24, 10, 30)(2, 20, 8, 26, 
14, 17, 5, 23, 11, 29)(3, 19, 9, 25, 15, 16, 6, 22, 12, 28),  ], [  (1, 21, 7, 
27, 13, 18, 4, 24, 10, 30)(2, 20, 8, 26, 14, 17, 5, 23, 11, 29)(3, 19, 9, 25, 
15, 16, 6, 22, 12, 28),  (1, 30, 10, 24, 4, 18, 13, 27, 7, 21)(2, 29, 11, 23, 5,
17, 14, 26, 8, 20)(3, 28, 12, 22, 6, 16, 15, 25, 9, 19),  ], [  (1, 25, 4, 28, 
7, 16, 10, 19, 13, 22)(2, 27, 5, 30, 8, 18, 11, 21, 14, 24)(3, 26, 6, 29, 9, 17,
12, 20, 15, 23),  (1, 22, 13, 19, 10, 16, 7, 28, 4, 25)(2, 24, 14, 21, 11, 18, 
8, 30, 5, 27)(3, 23, 15, 20, 12, 17, 9, 29, 6, 26),  ], [  (1, 29, 10, 23, 4, 
17, 13, 26, 7, 20)(2, 28, 11, 22, 5, 16, 14, 25, 8, 19)(3, 30, 12, 24, 6, 18, 
15, 27, 9, 21),  (1, 20, 7, 26, 13, 17, 4, 23, 10, 29)(2, 19, 8, 25, 14, 16, 5, 
22, 11, 28)(3, 21, 9, 27, 15, 18, 6, 24, 12, 30),  ], [  (1, 20, 7, 26, 13, 17, 
4, 23, 10, 29)(2, 19, 8, 25, 14, 16, 5, 22, 11, 28)(3, 21, 9, 27, 15, 18, 6, 24,
12, 30),  (1, 29, 10, 23, 4, 17, 13, 26, 7, 20)(2, 28, 11, 22, 5, 16, 14, 25, 8,
19)(3, 30, 12, 24, 6, 18, 15, 27, 9, 21),  ], [  (1, 22, 13, 19, 10, 16, 7, 28, 
4, 25)(2, 24, 14, 21, 11, 18, 8, 30, 5, 27)(3, 23, 15, 20, 12, 17, 9, 29, 6, 
26),  (1, 25, 4, 28, 7, 16, 10, 19, 13, 22)(2, 27, 5, 30, 8, 18, 11, 21, 14, 
24)(3, 26, 6, 29, 9, 17, 12, 20, 15, 23),  ], [  (1, 11, 6, 13, 8, 3, 10, 5, 15,
7, 2, 12, 4, 14, 9)(16, 26, 21, 28, 23, 18, 25, 20, 30, 22, 17, 27, 19, 29, 24),
(1, 9, 14, 4, 12, 2, 7, 15, 5, 10, 3, 8, 13, 6, 11)(16, 24, 29, 19, 27, 17, 22, 
30, 20, 25, 18, 23, 28, 21, 26),  ], [  (1, 8, 15, 4, 11, 3, 7, 14, 6, 10, 2, 9,
13, 5, 12)(16, 23, 30, 19, 26, 18, 22, 29, 21, 25, 17, 24, 28, 20, 27),  (1, 12,
5, 13, 9, 2, 10, 6, 14, 7, 3, 11, 4, 15, 8)(16, 27, 20, 28, 24, 17, 25, 21, 29, 
22, 18, 26, 19, 30, 23),  ], [  (1, 12, 5, 13, 9, 2, 10, 6, 14, 7, 3, 11, 4, 15,
8)(16, 27, 20, 28, 24, 17, 25, 21, 29, 22, 18, 26, 19, 30, 23),  (1, 8, 15, 4, 
11, 3, 7, 14, 6, 10, 2, 9, 13, 5, 12)(16, 23, 30, 19, 26, 18, 22, 29, 21, 25, 
17, 24, 28, 20, 27),  ], [  (1, 9, 14, 4, 12, 2, 7, 15, 5, 10, 3, 8, 13, 6, 
11)(16, 24, 29, 19, 27, 17, 22, 30, 20, 25, 18, 23, 28, 21, 26),  (1, 11, 6, 13,
8, 3, 10, 5, 15, 7, 2, 12, 4, 14, 9)(16, 26, 21, 28, 23, 18, 25, 20, 30, 22, 17,
27, 19, 29, 24),  ], [  (1, 27, 4, 30, 7, 18, 10, 21, 13, 24)(2, 26, 5, 29, 8, 
17, 11, 20, 14, 23)(3, 25, 6, 28, 9, 16, 12, 19, 15, 22),  (1, 24, 13, 21, 10, 
18, 7, 30, 4, 27)(2, 23, 14, 20, 11, 17, 8, 29, 5, 26)(3, 22, 15, 19, 12, 16, 9,
28, 6, 25),  ], [  (1, 24, 13, 21, 10, 18, 7, 30, 4, 27)(2, 23, 14, 20, 11, 17, 
8, 29, 5, 26)(3, 22, 15, 19, 12, 16, 9, 28, 6, 25),  (1, 27, 4, 30, 7, 18, 10, 
21, 13, 24)(2, 26, 5, 29, 8, 17, 11, 20, 14, 23)(3, 25, 6, 28, 9, 16, 12, 19, 
15, 22),  ], [  (1, 26, 4, 29, 7, 17, 10, 20, 13, 23)(2, 25, 5, 28, 8, 16, 11, 
19, 14, 22)(3, 27, 6, 30, 9, 18, 12, 21, 15, 24),  (1, 23, 13, 20, 10, 17, 7, 
29, 4, 26)(2, 22, 14, 19, 11, 16, 8, 28, 5, 25)(3, 24, 15, 21, 12, 18, 9, 30, 6,
27),  ], [  (1, 23, 13, 20, 10, 17, 7, 29, 4, 26)(2, 22, 14, 19, 11, 16, 8, 28, 
5, 25)(3, 24, 15, 21, 12, 18, 9, 30, 6, 27),  (1, 26, 4, 29, 7, 17, 10, 20, 13, 
23)(2, 25, 5, 28, 8, 16, 11, 19, 14, 22)(3, 27, 6, 30, 9, 18, 12, 21, 15, 24),  
], ]
);

NCBRACES[30].brace[4] := rec ( size := 30, perms := [ [  (),  (),  ], [  (1, 
16)(2, 18)(3, 17)(4, 19)(5, 21)(6, 20)(7, 22)(8, 24)(9, 23)(10, 25)(11, 27)(12, 
26)(13, 28)(14, 30)(15, 29),  (1, 16)(2, 18)(3, 17)(4, 28)(5, 30)(6, 29)(7, 
25)(8, 27)(9, 26)(10, 22)(11, 24)(12, 23)(13, 19)(14, 21)(15, 20),  ], [  (1, 2,
3)(4, 5, 6)(7, 8, 9)(10, 11, 12)(13, 14, 15)(16, 17, 18)(19, 20, 21)(22, 23, 
24)(25, 26, 27)(28, 29, 30),  (1, 3, 2)(4, 6, 5)(7, 9, 8)(10, 12, 11)(13, 15, 
14)(16, 18, 17)(19, 21, 20)(22, 24, 23)(25, 27, 26)(28, 30, 29),  ], [  (1, 13, 
10, 7, 4)(2, 14, 11, 8, 5)(3, 15, 12, 9, 6)(16, 28, 25, 22, 19)(17, 29, 26, 23, 
20)(18, 30, 27, 24, 21),  (1, 4, 7, 10, 13)(2, 5, 8, 11, 14)(3, 6, 9, 12, 
15)(16, 19, 22, 25, 28)(17, 20, 23, 26, 29)(18, 21, 24, 27, 30),  ], [  (1, 3, 
2)(4, 6, 5)(7, 9, 8)(10, 12, 11)(13, 15, 14)(16, 18, 17)(19, 21, 20)(22, 24, 
23)(25, 27, 26)(28, 30, 29),  (1, 2, 3)(4, 5, 6)(7, 8, 9)(10, 11, 12)(13, 14, 
15)(16, 17, 18)(19, 20, 21)(22, 23, 24)(25, 26, 27)(28, 29, 30),  ], [  (1, 4, 
7, 10, 13)(2, 5, 8, 11, 14)(3, 6, 9, 12, 15)(16, 19, 22, 25, 28)(17, 20, 23, 26,
29)(18, 21, 24, 27, 30),  (1, 13, 10, 7, 4)(2, 14, 11, 8, 5)(3, 15, 12, 9, 
6)(16, 28, 25, 22, 19)(17, 29, 26, 23, 20)(18, 30, 27, 24, 21),  ], [  (1, 
18)(2, 17)(3, 16)(4, 21)(5, 20)(6, 19)(7, 24)(8, 23)(9, 22)(10, 27)(11, 26)(12, 
25)(13, 30)(14, 29)(15, 28),  (1, 18)(2, 17)(3, 16)(4, 30)(5, 29)(6, 28)(7, 
27)(8, 26)(9, 25)(10, 24)(11, 23)(12, 22)(13, 21)(14, 20)(15, 19),  ], [  (1, 
19, 7, 25, 13, 16, 4, 22, 10, 28)(2, 21, 8, 27, 14, 18, 5, 24, 11, 30)(3, 20, 9,
26, 15, 17, 6, 23, 12, 29),  (1, 19)(2, 21)(3, 20)(4, 16)(5, 18)(6, 17)(7, 
28)(8, 30)(9, 29)(10, 25)(11, 27)(12, 26)(13, 22)(14, 24)(15, 23),  ], [  (1, 
17)(2, 16)(3, 18)(4, 20)(5, 19)(6, 21)(7, 23)(8, 22)(9, 24)(10, 26)(11, 25)(12, 
27)(13, 29)(14, 28)(15, 30),  (1, 17)(2, 16)(3, 18)(4, 29)(5, 28)(6, 30)(7, 
26)(8, 25)(9, 27)(10, 23)(11, 22)(12, 24)(13, 20)(14, 19)(15, 21),  ], [  (1, 
28, 10, 22, 4, 16, 13, 25, 7, 19)(2, 30, 11, 24, 5, 18, 14, 27, 8, 21)(3, 29, 
12, 23, 6, 17, 15, 26, 9, 20),  (1, 28)(2, 30)(3, 29)(4, 25)(5, 27)(6, 26)(7, 
22)(8, 24)(9, 23)(10, 19)(11, 21)(12, 20)(13, 16)(14, 18)(15, 17),  ], [  (1, 
14, 12, 7, 5, 3, 13, 11, 9, 4, 2, 15, 10, 8, 6)(16, 29, 27, 22, 20, 18, 28, 26, 
24, 19, 17, 30, 25, 23, 21),  (1, 6, 8, 10, 15, 2, 4, 9, 11, 13, 3, 5, 7, 12, 
14)(16, 21, 23, 25, 30, 17, 19, 24, 26, 28, 18, 20, 22, 27, 29),  ], [  (1, 5, 
9, 10, 14, 3, 4, 8, 12, 13, 2, 6, 7, 11, 15)(16, 20, 24, 25, 29, 18, 19, 23, 27,
28, 17, 21, 22, 26, 30),  (1, 15, 11, 7, 6, 2, 13, 12, 8, 4, 3, 14, 10, 9, 
5)(16, 30, 26, 22, 21, 17, 28, 27, 23, 19, 18, 29, 25, 24, 20),  ], [  (1, 10, 
4, 13, 7)(2, 11, 5, 14, 8)(3, 12, 6, 15, 9)(16, 25, 19, 28, 22)(17, 26, 20, 29, 
23)(18, 27, 21, 30, 24),  (1, 7, 13, 4, 10)(2, 8, 14, 5, 11)(3, 9, 15, 6, 
12)(16, 22, 28, 19, 25)(17, 23, 29, 20, 26)(18, 24, 30, 21, 27),  ], [  (1, 15, 
11, 7, 6, 2, 13, 12, 8, 4, 3, 14, 10, 9, 5)(16, 30, 26, 22, 21, 17, 28, 27, 23, 
19, 18, 29, 25, 24, 20),  (1, 5, 9, 10, 14, 3, 4, 8, 12, 13, 2, 6, 7, 11, 
15)(16, 20, 24, 25, 29, 18, 19, 23, 27, 28, 17, 21, 22, 26, 30),  ], [  (1, 6, 
8, 10, 15, 2, 4, 9, 11, 13, 3, 5, 7, 12, 14)(16, 21, 23, 25, 30, 17, 19, 24, 26,
28, 18, 20, 22, 27, 29),  (1, 14, 12, 7, 5, 3, 13, 11, 9, 4, 2, 15, 10, 8, 
6)(16, 29, 27, 22, 20, 18, 28, 26, 24, 19, 17, 30, 25, 23, 21),  ], [  (1, 7, 
13, 4, 10)(2, 8, 14, 5, 11)(3, 9, 15, 6, 12)(16, 22, 28, 19, 25)(17, 23, 29, 20,
26)(18, 24, 30, 21, 27),  (1, 10, 4, 13, 7)(2, 11, 5, 14, 8)(3, 12, 6, 15, 
9)(16, 25, 19, 28, 22)(17, 26, 20, 29, 23)(18, 27, 21, 30, 24),  ], [  (1, 21, 
7, 27, 13, 18, 4, 24, 10, 30)(2, 20, 8, 26, 14, 17, 5, 23, 11, 29)(3, 19, 9, 25,
15, 16, 6, 22, 12, 28),  (1, 21)(2, 20)(3, 19)(4, 18)(5, 17)(6, 16)(7, 30)(8, 
29)(9, 28)(10, 27)(11, 26)(12, 25)(13, 24)(14, 23)(15, 22),  ], [  (1, 30, 10, 
24, 4, 18, 13, 27, 7, 21)(2, 29, 11, 23, 5, 17, 14, 26, 8, 20)(3, 28, 12, 22, 6,
16, 15, 25, 9, 19),  (1, 30)(2, 29)(3, 28)(4, 27)(5, 26)(6, 25)(7, 24)(8, 23)(9,
22)(10, 21)(11, 20)(12, 19)(13, 18)(14, 17)(15, 16),  ], [  (1, 22, 13, 19, 10, 
16, 7, 28, 4, 25)(2, 24, 14, 21, 11, 18, 8, 30, 5, 27)(3, 23, 15, 20, 12, 17, 9,
29, 6, 26),  (1, 22)(2, 24)(3, 23)(4, 19)(5, 21)(6, 20)(7, 16)(8, 18)(9, 17)(10,
28)(11, 30)(12, 29)(13, 25)(14, 27)(15, 26),  ], [  (1, 20, 7, 26, 13, 17, 4, 
23, 10, 29)(2, 19, 8, 25, 14, 16, 5, 22, 11, 28)(3, 21, 9, 27, 15, 18, 6, 24, 
12, 30),  (1, 20)(2, 19)(3, 21)(4, 17)(5, 16)(6, 18)(7, 29)(8, 28)(9, 30)(10, 
26)(11, 25)(12, 27)(13, 23)(14, 22)(15, 24),  ], [  (1, 29, 10, 23, 4, 17, 13, 
26, 7, 20)(2, 28, 11, 22, 5, 16, 14, 25, 8, 19)(3, 30, 12, 24, 6, 18, 15, 27, 9,
21),  (1, 29)(2, 28)(3, 30)(4, 26)(5, 25)(6, 27)(7, 23)(8, 22)(9, 24)(10, 
20)(11, 19)(12, 21)(13, 17)(14, 16)(15, 18),  ], [  (1, 25, 4, 28, 7, 16, 10, 
19, 13, 22)(2, 27, 5, 30, 8, 18, 11, 21, 14, 24)(3, 26, 6, 29, 9, 17, 12, 20, 
15, 23),  (1, 25)(2, 27)(3, 26)(4, 22)(5, 24)(6, 23)(7, 19)(8, 21)(9, 20)(10, 
16)(11, 18)(12, 17)(13, 28)(14, 30)(15, 29),  ], [  (1, 11, 6, 13, 8, 3, 10, 5, 
15, 7, 2, 12, 4, 14, 9)(16, 26, 21, 28, 23, 18, 25, 20, 30, 22, 17, 27, 19, 29, 
24),  (1, 9, 14, 4, 12, 2, 7, 15, 5, 10, 3, 8, 13, 6, 11)(16, 24, 29, 19, 27, 
17, 22, 30, 20, 25, 18, 23, 28, 21, 26),  ], [  (1, 8, 15, 4, 11, 3, 7, 14, 6, 
10, 2, 9, 13, 5, 12)(16, 23, 30, 19, 26, 18, 22, 29, 21, 25, 17, 24, 28, 20, 
27),  (1, 12, 5, 13, 9, 2, 10, 6, 14, 7, 3, 11, 4, 15, 8)(16, 27, 20, 28, 24, 
17, 25, 21, 29, 22, 18, 26, 19, 30, 23),  ], [  (1, 12, 5, 13, 9, 2, 10, 6, 14, 
7, 3, 11, 4, 15, 8)(16, 27, 20, 28, 24, 17, 25, 21, 29, 22, 18, 26, 19, 30, 23),
(1, 8, 15, 4, 11, 3, 7, 14, 6, 10, 2, 9, 13, 5, 12)(16, 23, 30, 19, 26, 18, 22, 
29, 21, 25, 17, 24, 28, 20, 27),  ], [  (1, 9, 14, 4, 12, 2, 7, 15, 5, 10, 3, 8,
13, 6, 11)(16, 24, 29, 19, 27, 17, 22, 30, 20, 25, 18, 23, 28, 21, 26),  (1, 11,
6, 13, 8, 3, 10, 5, 15, 7, 2, 12, 4, 14, 9)(16, 26, 21, 28, 23, 18, 25, 20, 30, 
22, 17, 27, 19, 29, 24),  ], [  (1, 24, 13, 21, 10, 18, 7, 30, 4, 27)(2, 23, 14,
20, 11, 17, 8, 29, 5, 26)(3, 22, 15, 19, 12, 16, 9, 28, 6, 25),  (1, 24)(2, 
23)(3, 22)(4, 21)(5, 20)(6, 19)(7, 18)(8, 17)(9, 16)(10, 30)(11, 29)(12, 28)(13,
27)(14, 26)(15, 25),  ], [  (1, 27, 4, 30, 7, 18, 10, 21, 13, 24)(2, 26, 5, 29, 
8, 17, 11, 20, 14, 23)(3, 25, 6, 28, 9, 16, 12, 19, 15, 22),  (1, 27)(2, 26)(3, 
25)(4, 24)(5, 23)(6, 22)(7, 21)(8, 20)(9, 19)(10, 18)(11, 17)(12, 16)(13, 
30)(14, 29)(15, 28),  ], [  (1, 23, 13, 20, 10, 17, 7, 29, 4, 26)(2, 22, 14, 19,
11, 16, 8, 28, 5, 25)(3, 24, 15, 21, 12, 18, 9, 30, 6, 27),  (1, 23)(2, 22)(3, 
24)(4, 20)(5, 19)(6, 21)(7, 17)(8, 16)(9, 18)(10, 29)(11, 28)(12, 30)(13, 
26)(14, 25)(15, 27),  ], [  (1, 26, 4, 29, 7, 17, 10, 20, 13, 23)(2, 25, 5, 28, 
8, 16, 11, 19, 14, 22)(3, 27, 6, 30, 9, 18, 12, 21, 15, 24),  (1, 26)(2, 25)(3, 
27)(4, 23)(5, 22)(6, 24)(7, 20)(8, 19)(9, 21)(10, 17)(11, 16)(12, 18)(13, 
29)(14, 28)(15, 30),  ], ]
);

NCBRACES[30].brace[5] := rec ( size := 30, perms := [ [  (),  (),  ], [  (1, 
16)(2, 18)(3, 17)(4, 19)(5, 21)(6, 20)(7, 22)(8, 24)(9, 23)(10, 25)(11, 27)(12, 
26)(13, 28)(14, 30)(15, 29),  (1, 16)(2, 18)(3, 17)(4, 19)(5, 21)(6, 20)(7, 
22)(8, 24)(9, 23)(10, 25)(11, 27)(12, 26)(13, 28)(14, 30)(15, 29),  ], [  (1, 2,
3)(4, 5, 6)(7, 8, 9)(10, 11, 12)(13, 14, 15)(16, 17, 18)(19, 20, 21)(22, 23, 
24)(25, 26, 27)(28, 29, 30),  (1, 3, 2)(4, 6, 5)(7, 9, 8)(10, 12, 11)(13, 15, 
14)(16, 17, 18)(19, 20, 21)(22, 23, 24)(25, 26, 27)(28, 29, 30),  ], [  (1, 13, 
10, 7, 4)(2, 14, 11, 8, 5)(3, 15, 12, 9, 6)(16, 28, 25, 22, 19)(17, 29, 26, 23, 
20)(18, 30, 27, 24, 21),  (1, 4, 7, 10, 13)(2, 5, 8, 11, 14)(3, 6, 9, 12, 
15)(16, 19, 22, 25, 28)(17, 20, 23, 26, 29)(18, 21, 24, 27, 30),  ], [  (1, 3, 
2)(4, 6, 5)(7, 9, 8)(10, 12, 11)(13, 15, 14)(16, 18, 17)(19, 21, 20)(22, 24, 
23)(25, 27, 26)(28, 30, 29),  (1, 2, 3)(4, 5, 6)(7, 8, 9)(10, 11, 12)(13, 14, 
15)(16, 18, 17)(19, 21, 20)(22, 24, 23)(25, 27, 26)(28, 30, 29),  ], [  (1, 4, 
7, 10, 13)(2, 5, 8, 11, 14)(3, 6, 9, 12, 15)(16, 19, 22, 25, 28)(17, 20, 23, 26,
29)(18, 21, 24, 27, 30),  (1, 13, 10, 7, 4)(2, 14, 11, 8, 5)(3, 15, 12, 9, 
6)(16, 28, 25, 22, 19)(17, 29, 26, 23, 20)(18, 30, 27, 24, 21),  ], [  (1, 
18)(2, 17)(3, 16)(4, 21)(5, 20)(6, 19)(7, 24)(8, 23)(9, 22)(10, 27)(11, 26)(12, 
25)(13, 30)(14, 29)(15, 28),  (1, 17, 2, 16, 3, 18)(4, 20, 5, 19, 6, 21)(7, 23, 
8, 22, 9, 24)(10, 26, 11, 25, 12, 27)(13, 29, 14, 28, 15, 30),  ], [  (1, 28, 
10, 22, 4, 16, 13, 25, 7, 19)(2, 30, 11, 24, 5, 18, 14, 27, 8, 21)(3, 29, 12, 
23, 6, 17, 15, 26, 9, 20),  (1, 19, 7, 25, 13, 16, 4, 22, 10, 28)(2, 21, 8, 27, 
14, 18, 5, 24, 11, 30)(3, 20, 9, 26, 15, 17, 6, 23, 12, 29),  ], [  (1, 17)(2, 
16)(3, 18)(4, 20)(5, 19)(6, 21)(7, 23)(8, 22)(9, 24)(10, 26)(11, 25)(12, 27)(13,
29)(14, 28)(15, 30),  (1, 18, 3, 16, 2, 17)(4, 21, 6, 19, 5, 20)(7, 24, 9, 22, 
8, 23)(10, 27, 12, 25, 11, 26)(13, 30, 15, 28, 14, 29),  ], [  (1, 19, 7, 25, 
13, 16, 4, 22, 10, 28)(2, 21, 8, 27, 14, 18, 5, 24, 11, 30)(3, 20, 9, 26, 15, 
17, 6, 23, 12, 29),  (1, 28, 10, 22, 4, 16, 13, 25, 7, 19)(2, 30, 11, 24, 5, 18,
14, 27, 8, 21)(3, 29, 12, 23, 6, 17, 15, 26, 9, 20),  ], [  (1, 14, 12, 7, 5, 3,
13, 11, 9, 4, 2, 15, 10, 8, 6)(16, 29, 27, 22, 20, 18, 28, 26, 24, 19, 17, 30, 
25, 23, 21),  (1, 6, 8, 10, 15, 2, 4, 9, 11, 13, 3, 5, 7, 12, 14)(16, 20, 24, 
25, 29, 18, 19, 23, 27, 28, 17, 21, 22, 26, 30),  ], [  (1, 5, 9, 10, 14, 3, 4, 
8, 12, 13, 2, 6, 7, 11, 15)(16, 20, 24, 25, 29, 18, 19, 23, 27, 28, 17, 21, 22, 
26, 30),  (1, 15, 11, 7, 6, 2, 13, 12, 8, 4, 3, 14, 10, 9, 5)(16, 29, 27, 22, 
20, 18, 28, 26, 24, 19, 17, 30, 25, 23, 21),  ], [  (1, 10, 4, 13, 7)(2, 11, 5, 
14, 8)(3, 12, 6, 15, 9)(16, 25, 19, 28, 22)(17, 26, 20, 29, 23)(18, 27, 21, 30, 
24),  (1, 7, 13, 4, 10)(2, 8, 14, 5, 11)(3, 9, 15, 6, 12)(16, 22, 28, 19, 
25)(17, 23, 29, 20, 26)(18, 24, 30, 21, 27),  ], [  (1, 15, 11, 7, 6, 2, 13, 12,
8, 4, 3, 14, 10, 9, 5)(16, 30, 26, 22, 21, 17, 28, 27, 23, 19, 18, 29, 25, 24, 
20),  (1, 5, 9, 10, 14, 3, 4, 8, 12, 13, 2, 6, 7, 11, 15)(16, 21, 23, 25, 30, 
17, 19, 24, 26, 28, 18, 20, 22, 27, 29),  ], [  (1, 6, 8, 10, 15, 2, 4, 9, 11, 
13, 3, 5, 7, 12, 14)(16, 21, 23, 25, 30, 17, 19, 24, 26, 28, 18, 20, 22, 27, 
29),  (1, 14, 12, 7, 5, 3, 13, 11, 9, 4, 2, 15, 10, 8, 6)(16, 30, 26, 22, 21, 
17, 28, 27, 23, 19, 18, 29, 25, 24, 20),  ], [  (1, 7, 13, 4, 10)(2, 8, 14, 5, 
11)(3, 9, 15, 6, 12)(16, 22, 28, 19, 25)(17, 23, 29, 20, 26)(18, 24, 30, 21, 
27),  (1, 10, 4, 13, 7)(2, 11, 5, 14, 8)(3, 12, 6, 15, 9)(16, 25, 19, 28, 
22)(17, 26, 20, 29, 23)(18, 27, 21, 30, 24),  ], [  (1, 30, 10, 24, 4, 18, 13, 
27, 7, 21)(2, 29, 11, 23, 5, 17, 14, 26, 8, 20)(3, 28, 12, 22, 6, 16, 15, 25, 9,
19),  (1, 20, 8, 25, 15, 18, 4, 23, 11, 28, 3, 21, 7, 26, 14, 16, 6, 24, 10, 29,
2, 19, 9, 27, 13, 17, 5, 22, 12, 30),  ], [  (1, 21, 7, 27, 13, 18, 4, 24, 10, 
30)(2, 20, 8, 26, 14, 17, 5, 23, 11, 29)(3, 19, 9, 25, 15, 16, 6, 22, 12, 28),  
(1, 29, 11, 22, 6, 18, 13, 26, 8, 19, 3, 30, 10, 23, 5, 16, 15, 27, 7, 20, 2, 
28, 12, 24, 4, 17, 14, 25, 9, 21),  ], [  (1, 25, 4, 28, 7, 16, 10, 19, 13, 
22)(2, 27, 5, 30, 8, 18, 11, 21, 14, 24)(3, 26, 6, 29, 9, 17, 12, 20, 15, 23),  
(1, 22, 13, 19, 10, 16, 7, 28, 4, 25)(2, 24, 14, 21, 11, 18, 8, 30, 5, 27)(3, 
23, 15, 20, 12, 17, 9, 29, 6, 26),  ], [  (1, 29, 10, 23, 4, 17, 13, 26, 7, 
20)(2, 28, 11, 22, 5, 16, 14, 25, 8, 19)(3, 30, 12, 24, 6, 18, 15, 27, 9, 21),  
(1, 21, 9, 25, 14, 17, 4, 24, 12, 28, 2, 20, 7, 27, 15, 16, 5, 23, 10, 30, 3, 
19, 8, 26, 13, 18, 6, 22, 11, 29),  ], [  (1, 20, 7, 26, 13, 17, 4, 23, 10, 
29)(2, 19, 8, 25, 14, 16, 5, 22, 11, 28)(3, 21, 9, 27, 15, 18, 6, 24, 12, 30),  
(1, 30, 12, 22, 5, 17, 13, 27, 9, 19, 2, 29, 10, 24, 6, 16, 14, 26, 7, 21, 3, 
28, 11, 23, 4, 18, 15, 25, 8, 20),  ], [  (1, 22, 13, 19, 10, 16, 7, 28, 4, 
25)(2, 24, 14, 21, 11, 18, 8, 30, 5, 27)(3, 23, 15, 20, 12, 17, 9, 29, 6, 26),  
(1, 25, 4, 28, 7, 16, 10, 19, 13, 22)(2, 27, 5, 30, 8, 18, 11, 21, 14, 24)(3, 
26, 6, 29, 9, 17, 12, 20, 15, 23),  ], [  (1, 11, 6, 13, 8, 3, 10, 5, 15, 7, 2, 
12, 4, 14, 9)(16, 26, 21, 28, 23, 18, 25, 20, 30, 22, 17, 27, 19, 29, 24),  (1, 
9, 14, 4, 12, 2, 7, 15, 5, 10, 3, 8, 13, 6, 11)(16, 23, 30, 19, 26, 18, 22, 29, 
21, 25, 17, 24, 28, 20, 27),  ], [  (1, 8, 15, 4, 11, 3, 7, 14, 6, 10, 2, 9, 13,
5, 12)(16, 23, 30, 19, 26, 18, 22, 29, 21, 25, 17, 24, 28, 20, 27),  (1, 12, 5, 
13, 9, 2, 10, 6, 14, 7, 3, 11, 4, 15, 8)(16, 26, 21, 28, 23, 18, 25, 20, 30, 22,
17, 27, 19, 29, 24),  ], [  (1, 12, 5, 13, 9, 2, 10, 6, 14, 7, 3, 11, 4, 15, 
8)(16, 27, 20, 28, 24, 17, 25, 21, 29, 22, 18, 26, 19, 30, 23),  (1, 8, 15, 4, 
11, 3, 7, 14, 6, 10, 2, 9, 13, 5, 12)(16, 24, 29, 19, 27, 17, 22, 30, 20, 25, 
18, 23, 28, 21, 26),  ], [  (1, 9, 14, 4, 12, 2, 7, 15, 5, 10, 3, 8, 13, 6, 
11)(16, 24, 29, 19, 27, 17, 22, 30, 20, 25, 18, 23, 28, 21, 26),  (1, 11, 6, 13,
8, 3, 10, 5, 15, 7, 2, 12, 4, 14, 9)(16, 27, 20, 28, 24, 17, 25, 21, 29, 22, 18,
26, 19, 30, 23),  ], [  (1, 27, 4, 30, 7, 18, 10, 21, 13, 24)(2, 26, 5, 29, 8, 
17, 11, 20, 14, 23)(3, 25, 6, 28, 9, 16, 12, 19, 15, 22),  (1, 23, 14, 19, 12, 
18, 7, 29, 5, 25, 3, 24, 13, 20, 11, 16, 9, 30, 4, 26, 2, 22, 15, 21, 10, 17, 8,
28, 6, 27),  ], [  (1, 24, 13, 21, 10, 18, 7, 30, 4, 27)(2, 23, 14, 20, 11, 17, 
8, 29, 5, 26)(3, 22, 15, 19, 12, 16, 9, 28, 6, 25),  (1, 26, 5, 28, 9, 18, 10, 
20, 14, 22, 3, 27, 4, 29, 8, 16, 12, 21, 13, 23, 2, 25, 6, 30, 7, 17, 11, 19, 
15, 24),  ], [  (1, 26, 4, 29, 7, 17, 10, 20, 13, 23)(2, 25, 5, 28, 8, 16, 11, 
19, 14, 22)(3, 27, 6, 30, 9, 18, 12, 21, 15, 24),  (1, 24, 15, 19, 11, 17, 7, 
30, 6, 25, 2, 23, 13, 21, 12, 16, 8, 29, 4, 27, 3, 22, 14, 20, 10, 18, 9, 28, 5,
26),  ], [  (1, 23, 13, 20, 10, 17, 7, 29, 4, 26)(2, 22, 14, 19, 11, 16, 8, 28, 
5, 25)(3, 24, 15, 21, 12, 18, 9, 30, 6, 27),  (1, 27, 6, 28, 8, 17, 10, 21, 15, 
22, 2, 26, 4, 30, 9, 16, 11, 20, 13, 24, 3, 25, 5, 29, 7, 18, 12, 19, 14, 23),  
], ]
);

NCBRACES[30].brace[6] := rec ( size := 30, perms := [ [  (),  (),  ], [  (1, 
16)(2, 18)(3, 17)(4, 19)(5, 21)(6, 20)(7, 22)(8, 24)(9, 23)(10, 25)(11, 27)(12, 
26)(13, 28)(14, 30)(15, 29),  (1, 16)(2, 17)(3, 18)(4, 19)(5, 20)(6, 21)(7, 
22)(8, 23)(9, 24)(10, 25)(11, 26)(12, 27)(13, 28)(14, 29)(15, 30),  ], [  (1, 2,
3)(4, 5, 6)(7, 8, 9)(10, 11, 12)(13, 14, 15)(16, 17, 18)(19, 20, 21)(22, 23, 
24)(25, 26, 27)(28, 29, 30),  (1, 3, 2)(4, 6, 5)(7, 9, 8)(10, 12, 11)(13, 15, 
14)(16, 18, 17)(19, 21, 20)(22, 24, 23)(25, 27, 26)(28, 30, 29),  ], [  (1, 13, 
10, 7, 4)(2, 14, 11, 8, 5)(3, 15, 12, 9, 6)(16, 28, 25, 22, 19)(17, 29, 26, 23, 
20)(18, 30, 27, 24, 21),  (1, 4, 7, 10, 13)(2, 5, 8, 11, 14)(3, 6, 9, 12, 
15)(16, 19, 22, 25, 28)(17, 20, 23, 26, 29)(18, 21, 24, 27, 30),  ], [  (1, 3, 
2)(4, 6, 5)(7, 9, 8)(10, 12, 11)(13, 15, 14)(16, 18, 17)(19, 21, 20)(22, 24, 
23)(25, 27, 26)(28, 30, 29),  (1, 2, 3)(4, 5, 6)(7, 8, 9)(10, 11, 12)(13, 14, 
15)(16, 17, 18)(19, 20, 21)(22, 23, 24)(25, 26, 27)(28, 29, 30),  ], [  (1, 4, 
7, 10, 13)(2, 5, 8, 11, 14)(3, 6, 9, 12, 15)(16, 19, 22, 25, 28)(17, 20, 23, 26,
29)(18, 21, 24, 27, 30),  (1, 13, 10, 7, 4)(2, 14, 11, 8, 5)(3, 15, 12, 9, 
6)(16, 28, 25, 22, 19)(17, 29, 26, 23, 20)(18, 30, 27, 24, 21),  ], [  (1, 
17)(2, 16)(3, 18)(4, 20)(5, 19)(6, 21)(7, 23)(8, 22)(9, 24)(10, 26)(11, 25)(12, 
27)(13, 29)(14, 28)(15, 30),  (1, 18, 2, 16, 3, 17)(4, 21, 5, 19, 6, 20)(7, 24, 
8, 22, 9, 23)(10, 27, 11, 25, 12, 26)(13, 30, 14, 28, 15, 29),  ], [  (1, 28, 
10, 22, 4, 16, 13, 25, 7, 19)(2, 30, 11, 24, 5, 18, 14, 27, 8, 21)(3, 29, 12, 
23, 6, 17, 15, 26, 9, 20),  (1, 19, 7, 25, 13, 16, 4, 22, 10, 28)(2, 20, 8, 26, 
14, 17, 5, 23, 11, 29)(3, 21, 9, 27, 15, 18, 6, 24, 12, 30),  ], [  (1, 18)(2, 
17)(3, 16)(4, 21)(5, 20)(6, 19)(7, 24)(8, 23)(9, 22)(10, 27)(11, 26)(12, 25)(13,
30)(14, 29)(15, 28),  (1, 17, 3, 16, 2, 18)(4, 20, 6, 19, 5, 21)(7, 23, 9, 22, 
8, 24)(10, 26, 12, 25, 11, 27)(13, 29, 15, 28, 14, 30),  ], [  (1, 19, 7, 25, 
13, 16, 4, 22, 10, 28)(2, 21, 8, 27, 14, 18, 5, 24, 11, 30)(3, 20, 9, 26, 15, 
17, 6, 23, 12, 29),  (1, 28, 10, 22, 4, 16, 13, 25, 7, 19)(2, 29, 11, 23, 5, 17,
14, 26, 8, 20)(3, 30, 12, 24, 6, 18, 15, 27, 9, 21),  ], [  (1, 14, 12, 7, 5, 3,
13, 11, 9, 4, 2, 15, 10, 8, 6)(16, 29, 27, 22, 20, 18, 28, 26, 24, 19, 17, 30, 
25, 23, 21),  (1, 6, 8, 10, 15, 2, 4, 9, 11, 13, 3, 5, 7, 12, 14)(16, 21, 23, 
25, 30, 17, 19, 24, 26, 28, 18, 20, 22, 27, 29),  ], [  (1, 5, 9, 10, 14, 3, 4, 
8, 12, 13, 2, 6, 7, 11, 15)(16, 20, 24, 25, 29, 18, 19, 23, 27, 28, 17, 21, 22, 
26, 30),  (1, 15, 11, 7, 6, 2, 13, 12, 8, 4, 3, 14, 10, 9, 5)(16, 30, 26, 22, 
21, 17, 28, 27, 23, 19, 18, 29, 25, 24, 20),  ], [  (1, 10, 4, 13, 7)(2, 11, 5, 
14, 8)(3, 12, 6, 15, 9)(16, 25, 19, 28, 22)(17, 26, 20, 29, 23)(18, 27, 21, 30, 
24),  (1, 7, 13, 4, 10)(2, 8, 14, 5, 11)(3, 9, 15, 6, 12)(16, 22, 28, 19, 
25)(17, 23, 29, 20, 26)(18, 24, 30, 21, 27),  ], [  (1, 15, 11, 7, 6, 2, 13, 12,
8, 4, 3, 14, 10, 9, 5)(16, 30, 26, 22, 21, 17, 28, 27, 23, 19, 18, 29, 25, 24, 
20),  (1, 5, 9, 10, 14, 3, 4, 8, 12, 13, 2, 6, 7, 11, 15)(16, 20, 24, 25, 29, 
18, 19, 23, 27, 28, 17, 21, 22, 26, 30),  ], [  (1, 6, 8, 10, 15, 2, 4, 9, 11, 
13, 3, 5, 7, 12, 14)(16, 21, 23, 25, 30, 17, 19, 24, 26, 28, 18, 20, 22, 27, 
29),  (1, 14, 12, 7, 5, 3, 13, 11, 9, 4, 2, 15, 10, 8, 6)(16, 29, 27, 22, 20, 
18, 28, 26, 24, 19, 17, 30, 25, 23, 21),  ], [  (1, 7, 13, 4, 10)(2, 8, 14, 5, 
11)(3, 9, 15, 6, 12)(16, 22, 28, 19, 25)(17, 23, 29, 20, 26)(18, 24, 30, 21, 
27),  (1, 10, 4, 13, 7)(2, 11, 5, 14, 8)(3, 12, 6, 15, 9)(16, 25, 19, 28, 
22)(17, 26, 20, 29, 23)(18, 27, 21, 30, 24),  ], [  (1, 29, 10, 23, 4, 17, 13, 
26, 7, 20)(2, 28, 11, 22, 5, 16, 14, 25, 8, 19)(3, 30, 12, 24, 6, 18, 15, 27, 9,
21),  (1, 21, 8, 25, 15, 17, 4, 24, 11, 28, 3, 20, 7, 27, 14, 16, 6, 23, 10, 30,
2, 19, 9, 26, 13, 18, 5, 22, 12, 29),  ], [  (1, 20, 7, 26, 13, 17, 4, 23, 10, 
29)(2, 19, 8, 25, 14, 16, 5, 22, 11, 28)(3, 21, 9, 27, 15, 18, 6, 24, 12, 30),  
(1, 30, 11, 22, 6, 17, 13, 27, 8, 19, 3, 29, 10, 24, 5, 16, 15, 26, 7, 21, 2, 
28, 12, 23, 4, 18, 14, 25, 9, 20),  ], [  (1, 25, 4, 28, 7, 16, 10, 19, 13, 
22)(2, 27, 5, 30, 8, 18, 11, 21, 14, 24)(3, 26, 6, 29, 9, 17, 12, 20, 15, 23),  
(1, 22, 13, 19, 10, 16, 7, 28, 4, 25)(2, 23, 14, 20, 11, 17, 8, 29, 5, 26)(3, 
24, 15, 21, 12, 18, 9, 30, 6, 27),  ], [  (1, 30, 10, 24, 4, 18, 13, 27, 7, 
21)(2, 29, 11, 23, 5, 17, 14, 26, 8, 20)(3, 28, 12, 22, 6, 16, 15, 25, 9, 19),  
(1, 20, 9, 25, 14, 18, 4, 23, 12, 28, 2, 21, 7, 26, 15, 16, 5, 24, 10, 29, 3, 
19, 8, 27, 13, 17, 6, 22, 11, 30),  ], [  (1, 21, 7, 27, 13, 18, 4, 24, 10, 
30)(2, 20, 8, 26, 14, 17, 5, 23, 11, 29)(3, 19, 9, 25, 15, 16, 6, 22, 12, 28),  
(1, 29, 12, 22, 5, 18, 13, 26, 9, 19, 2, 30, 10, 23, 6, 16, 14, 27, 7, 20, 3, 
28, 11, 24, 4, 17, 15, 25, 8, 21),  ], [  (1, 22, 13, 19, 10, 16, 7, 28, 4, 
25)(2, 24, 14, 21, 11, 18, 8, 30, 5, 27)(3, 23, 15, 20, 12, 17, 9, 29, 6, 26),  
(1, 25, 4, 28, 7, 16, 10, 19, 13, 22)(2, 26, 5, 29, 8, 17, 11, 20, 14, 23)(3, 
27, 6, 30, 9, 18, 12, 21, 15, 24),  ], [  (1, 11, 6, 13, 8, 3, 10, 5, 15, 7, 2, 
12, 4, 14, 9)(16, 26, 21, 28, 23, 18, 25, 20, 30, 22, 17, 27, 19, 29, 24),  (1, 
9, 14, 4, 12, 2, 7, 15, 5, 10, 3, 8, 13, 6, 11)(16, 24, 29, 19, 27, 17, 22, 30, 
