NCBRACES[60]:=[rec(
gadd:=
[(1,17,27,10,20,6,13,29,9,22,2,18,25,11,21,4,14,30,7,23,3,16,
26,12,19,5,15,28,8,24)(31,47,57,40,50,36,43,59,39,52,32,48,55,
41,51,34,44,60,37,53,33,46,56,42,49,35,45,58,38,54),
(1,47,28,38,19,35,16,56,7,53,4,44,25,41,22,32,13,59,10,50)
(2,46,29,37,20,34,17,55,8,52,5,43,26,40,23,31,14,58,11,49)
(3,48,30,39,21,36,18,57,9,54,6,45,27,42,24,33,15,60,12,51)],
gmul:=
[(1,34,4,31)(2,36,5,33)(3,35,6,32)(7,58,10,55)(8,60,11,57)
(9,59,12,56)(13,52,16,49)(14,54,17,51)(15,53,18,50)(19,46,22,43)
(20,48,23,45)(21,47,24,44)(25,40,28,37)(26,42,29,39)(27,41,30,38),
(1,48,4,45)(2,47,5,44)(3,46,6,43)(7,42,10,39)(8,41,11,38)
(9,40,12,37)(13,36,16,33)(14,35,17,32)(15,34,18,31)(19,60,22,57)
(20,59,23,56)(21,58,24,55)(25,54,28,51)(26,53,29,50)(27,52,30,49)
],
p:=(2,34,12,58,45,56,17,27,41,39,21,55,23,32,52,54,18,33,30,42,15,5,
25,8,7)(3,4)(6,31,60,44,20,19,9,35,22,26,13)(10,40,57,51,48,14,
28,59,50,53,24,37,11,36,29,46,38,16)(43,49,47),
q:=(2,31,57,54,23,35,16,28,56,24,40,60,47,46,41,42,20,13,5,7,3,4)
(6,34,29,43,52,51,45,59,53,17,8,25,27,38,22,9,32,49,44,15)
(10,37,30,39,14)(11,33)(12,55,18,36)(19,26)(21,58,48)),rec(
gadd:=
[(1,29,21,16,8,6,25,23,15,10,2,30,19,17,9,4,26,24,13,11,3,28,
20,18,7,5,27,22,14,12)(31,59,51,46,38,36,55,53,45,40,32,60,49,
47,39,34,56,54,43,41,33,58,50,48,37,35,57,52,44,42),
(1,55,22,46,7,31,28,52,13,37,4,58,19,43,10,34,25,49,16,40)
(2,57,23,48,8,33,29,54,14,39,5,60,20,45,11,36,26,51,17,42)
(3,56,24,47,9,32,30,53,15,38,6,59,21,44,12,35,27,50,18,41)],
gmul:=
[(1,33)(2,32)(3,31)(4,36)(5,35)(6,34)(7,39)(8,38)(9,37)
(10,42)(11,41)(12,40)(13,45)(14,44)(15,43)(16,48)(17,47)(18,46)
(19,51)(20,50)(21,49)(22,54)(23,53)(24,52)(25,57)(26,56)(27,55)
(28,60)(29,59)(30,58),
(1,59,19,47,7,35,25,53,13,41)(2,58,20,46,8,34,26,52,14,40)
(3,60,21,48,9,36,27,54,15,42)(4,56,22,44,10,32,28,50,16,38)
(5,55,23,43,11,31,29,49,17,37)(6,57,24,45,12,33,30,51,18,39)],
p:=(2,31,39,21,8,34,12,37,11,33,30,57,53,24,58,47,42,14,28,38,16,10,
55,23,35,22,13,6)(3,4)(5,25,36,29,49,50,44,41,20,26,40,15)
(9,32,43,59,54,18)(17,27,56)(45,52)(46,60,48),
q:=(2,31,57,47,60,54,23,35,16,28,56,24,40,20,9,32,49,44,59,48,52,51,
45,46,42,21,27,38,22,19,13,5,7,25,36,12,55,18,26,58,53,17,8,34,29,
43,41,15,6,3,4)(10,37,30,39,14)(11,33)),rec(
gadd:=
[(1,20,9,25,14,3,19,8,27,13,2,21,7,26,15)(4,23,12,28,17,6,22,
11,30,16,5,24,10,29,18)(31,50,39,55,44,33,49,38,57,43,32,51,37,
56,45)(34,53,42,58,47,36,52,41,60,46,35,54,40,59,48),
(1,40,16,49,25,34,10,43,19,58,4,37,13,52,28,31,7,46,22,55)
(2,42,17,51,26,36,11,45,20,60,5,39,14,54,29,33,8,48,23,57)
(3,41,18,50,27,35,12,44,21,59,6,38,15,53,30,32,9,47,24,56)],
gmul:=
[(1,11,15,22,26,6,7,17,21,28,2,12,13,23,27,4,8,18,19,29,3,10,
14,24,25,5,9,16,20,30)(31,41,45,52,56,36,37,47,51,58,32,42,43,
53,57,34,38,48,49,59,33,40,44,54,55,35,39,46,50,60),
(1,47)(2,46)(3,48)(4,44)(5,43)(6,45)(7,41)(8,40)(9,42)
(10,38)(11,37)(12,39)(13,35)(14,34)(15,36)(16,32)(17,31)(18,33)
(19,59)(20,58)(21,60)(22,56)(23,55)(24,57)(25,53)(26,52)(27,54)
(28,50)(29,49)(30,51)],
p:=(2,31,57,47,60,54,18,9,32,49,44,59,48,52,51,45,46,42,14,28,56,17,
27,38,16,10,37,11,33,30,39,21,8,34,12,55,23,35,22,13,6)(3,4)
(5,25,36,29,43,41,20,26,58,53,24,40,15),
q:=(2,31,57,47,60,54,23,35,16,28,56,24,40,20,9,32,49,44,59,48,52,51,
45,46,42,21,27,38,22,19,13,5,7,25,36,12,55,18,26,58,53,17,8,34,29,
43,41,15,6,3,4)(10,37,30,39,14)(11,33)),rec(
gadd:=
[(1,18,26,10,21,5,13,30,8,22,3,17,25,12,20,4,15,29,7,24,2,16,
27,11,19,6,14,28,9,23)(31,48,56,40,51,35,43,60,38,52,33,47,55,
42,50,34,45,59,37,54,32,46,57,41,49,36,44,58,39,53),
(1,42,16,51,25,36,10,45,19,60,4,39,13,54,28,33,7,48,22,57)
(2,41,17,50,26,35,11,44,20,59,5,38,14,53,29,32,8,47,23,56)
(3,40,18,49,27,34,12,43,21,58,6,37,15,52,30,31,9,46,24,55)],
gmul:=
[(1,24,8,28,15,5,19,12,26,16,3,23,7,30,14,4,21,11,25,18,2,22,
9,29,13,6,20,10,27,17)(31,53,39,58,44,36,49,41,57,46,32,54,37,
59,45,34,50,42,55,47,33,52,38,60,43,35,51,40,56,48),
(1,37,16,52,25,31,10,46,19,55,4,40,13,49,28,34,7,43,22,58)
(2,38,17,53,26,32,11,47,20,56,5,41,14,50,29,35,8,44,23,59)
(3,39,18,54,27,33,12,48,21,57,6,42,15,51,30,36,9,45,24,60)],
p:=(2,34,12,40,56,17,27,60,45,57,50,48,14,28,42,15,5,25,8,7)
(3,4)(6,31,41,38,16,10,58,44,20,19,9,36,29,52,47,43,49,54,18,32,
46,39,21,55,23,33,30,59,51,53,24,37,11,35,22,26,13),
q:=(2,31,56,24,58,53,17,8,25,27,39,14,10,37,30,38,22,9,33,11,32,49,
45,42,20,13,5,7,3,4)(6,34,29,43,46,60,54,23,36,12,55,18,35,16,
28,57,47,52,50,51,44,15)(19,26)(21,40,41,59,48)),rec(
gadd:=
[(1,27,20,13,9,2,25,21,14,7,3,26,19,15,8)(4,30,23,16,12,5,28,
24,17,10,6,29,22,18,11)(31,57,50,43,39,32,55,51,44,37,33,56,49,
45,38)(34,60,53,46,42,35,58,54,47,40,36,59,52,48,41),
(1,49,10,58,13,31,22,40,25,43,4,52,7,55,16,34,19,37,28,46)
(2,51,11,60,14,33,23,42,26,45,5,54,8,57,17,36,20,39,29,48)
(3,50,12,59,15,32,24,41,27,44,6,53,9,56,18,35,21,38,30,47)],
gmul:=
[(1,8,15,19,26,3,7,14,21,25,2,9,13,20,27)(4,11,18,22,29,6,10,
17,24,28,5,12,16,23,30)(31,39,44,49,57,32,37,45,50,55,33,38,43,
51,56)(34,42,47,52,60,35,40,48,53,58,36,41,46,54,59),
(1,46,4,43)(2,47,5,44)(3,48,6,45)(7,40,10,37)(8,41,11,38)
(9,42,12,39)(13,34,16,31)(14,35,17,32)(15,36,18,33)(19,58,22,55)
(20,59,23,56)(21,60,24,57)(25,52,28,49)(26,53,29,50)(27,54,30,51)
],
p:=(2,34,12,58,44,20,19,9,36,29,46,39,21,55,23,33,30,41,38,16,10,40,
56,17,27,42,15,5,25,8,7)(3,4)(6,31,59,51,47,43,49,48,14,28,60,
45,57,50,54,18,32,52,53,24,37,11,35,22,26,13),
q:=(2,31,56,24,40,59,54,23,36,12,55,18,35,16,28,57,53,17,8,25,27,39,
14,10,37,30,38,22,9,33,11,32,49,45,60,48,21,58,47,46,42,20,13,5,7,
3,4)(6,34,29,43,52,50,51,44,15)(19,26)),rec(
gadd:=
[(1,12,14,22,27,5,7,18,20,28,3,11,13,24,26,4,9,17,19,30,2,10,
15,23,25,6,8,16,21,29)(31,42,44,52,57,35,37,48,50,58,33,41,43,
54,56,34,39,47,49,60,32,40,45,53,55,36,38,46,51,59),
(1,41,16,50,25,35,10,44,19,59,4,38,13,53,28,32,7,47,22,56)
(2,40,17,49,26,34,11,43,20,58,5,37,14,52,29,31,8,46,23,55)
(3,42,18,51,27,36,12,45,21,60,6,39,15,54,30,33,9,48,24,57)],
gmul:=
[(1,35)(2,36)(3,34)(4,32)(5,33)(6,31)(7,41)(8,42)(9,40)
(10,38)(11,39)(12,37)(13,47)(14,48)(15,46)(16,44)(17,45)(18,43)
(19,53)(20,54)(21,52)(22,50)(23,51)(24,49)(25,59)(26,60)(27,58)
(28,56)(29,57)(30,55),
(1,43,25,37,19,31,13,55,7,49)(2,44,26,38,20,32,14,56,8,50)
(3,45,27,39,21,33,15,57,9,51)(4,46,28,40,22,34,16,58,10,52)
(5,47,29,41,23,35,17,59,11,53)(6,48,30,42,24,36,18,60,12,54)],
p:=(2,31,38,16,10,55,23,36,29,49,51,50,45,52,44,42,14,28,39,21,8,34,
12,37,11,32,43,60,47,41,20,26,40,15,5,25,35,22,13,6)(3,4)
(9,33,30,56,17,27,57,54,18)(24,58,48,46,59,53),
q:=(2,31,56,24,40,20,9,33,11,32,49,45,46,41,15,6,3,4)
(5,7,25,35,16,28,57,48,52,50,51,44,60,53,17,8,34,29,43,42,21,27,39,
14,10,37,30,38,22,19,13)(12,55,18,26,58,54,23,36)(47,59)),rec(
gadd:=
[(1,33,4,36)(2,32,5,35)(3,31,6,34)(7,39,10,42)(8,38,11,41)
(9,37,12,40)(13,45,16,48)(14,44,17,47)(15,43,18,46)(19,51,22,54)
(20,50,23,53)(21,49,24,52)(25,57,28,60)(26,56,29,59)(27,55,30,58),
(1,53,10,56,13,35,22,38,25,47,4,50,7,59,16,32,19,41,28,44)
(2,52,11,55,14,34,23,37,26,46,5,49,8,58,17,31,20,40,29,43)
(3,54,12,57,15,36,24,39,27,48,6,51,9,60,18,33,21,42,30,45)],
gmul:=
[(1,6,2,4,3,5)(7,12,8,10,9,11)(13,18,14,16,15,17)
(19,24,20,22,21,23)(25,30,26,28,27,29)(31,35,33,34,32,36)
(37,41,39,40,38,42)(43,47,45,46,44,48)(49,53,51,52,50,54)
(55,59,57,58,56,60),(1,40)(2,41)(3,42)(4,37)(5,38)(6,39)
(7,34)(8,35)(9,36)(10,31)(11,32)(12,33)(13,58)(14,59)(15,60)
(16,55)(17,56)(18,57)(19,52)(20,53)(21,54)(22,49)(23,50)(24,51)
(25,46)(26,47)(27,48)(28,43)(29,44)(30,45),
(1,46)(2,47)(3,48)(4,43)(5,44)(6,45)(7,40)(8,41)(9,42)
(10,37)(11,38)(12,39)(13,34)(14,35)(15,36)(16,31)(17,32)(18,33)
(19,58)(20,59)(21,60)(22,55)(23,56)(24,57)(25,52)(26,53)(27,54)
(28,49)(29,50)(30,51)],
p:=(2,31,56,17,27,39,21,8,34,12,55,23,36,29,43,42,14,28,57,48,52,50,
51,44,60,53,24,40,15,5,25,35,22,13,6)(3,4)(9,33,30,38,16,10,37,
11,32,49,45,46,41,20,26,58,54,18)(47,59),
q:=(2,31,56,24,40,20,9,33,11,32,49,45,46,41,15,6,3,4)
(5,7,25,35,16,28,57,48,52,50,51,44,60,53,17,8,34,29,43,42,21,27,39,
14,10,37,30,38,22,19,13)(12,55,18,26,58,54,23,36)(47,59)),rec(
gadd:=
[(1,30,20,16,9,5,25,24,14,10,3,29,19,18,8,4,27,23,13,12,2,28,
21,17,7,6,26,22,15,11)(31,60,50,46,39,35,55,54,44,40,33,59,49,
48,38,34,57,53,43,42,32,58,51,47,37,36,56,52,45,41),
(1,43,28,40,19,31,16,58,7,49,4,46,25,37,22,34,13,55,10,52)
(2,45,29,42,20,33,17,60,8,51,5,48,26,39,23,36,14,57,11,54)
(3,44,30,41,21,32,18,59,9,50,6,47,27,38,24,35,15,56,12,53)],
gmul:=
[(1,8,15,19,26,3,7,14,21,25,2,9,13,20,27)(4,11,18,22,29,6,10,
17,24,28,5,12,16,23,30)(31,38,45,49,56,33,37,44,51,55,32,39,43,
50,57)(34,41,48,52,59,36,40,47,54,58,35,42,46,53,60),
(1,39,16,54,25,33,10,48,19,57,4,42,13,51,28,36,7,45,22,60)
(2,38,17,53,26,32,11,47,20,56,5,41,14,50,29,35,8,44,23,59)
(3,37,18,52,27,31,12,46,21,55,6,40,15,49,30,34,9,43,24,58)],
p:=(2,34,12,40,57,51,54,18,33,30,60,44,20,19,9,35,22,26,13,6,31,42,
15,5,25,8,7)(3,4)(10,58,45,56,17,27,59,50,47,43,49,53,24,37,11,
36,29,52,48,14,28,41,39,21,55,23,32,46,38,16),
q:=(2,31,57,48,21,40,42,20,13,5,7,3,4)(6,34,29,43,46,59,47,52,
51,45,41,60,53,17,8,25,27,38,22,9,32,49,44,15)(10,37,30,39,14)
(11,33)(12,55,18,36)(16,28,56,24,58,54,23,35)(19,26)),rec(
gadd:=
[(1,30,20,16,9,5,25,24,14,10,3,29,19,18,8,4,27,23,13,12,2,28,
21,17,7,6,26,22,15,11)(31,60,50,46,39,35,55,54,44,40,33,59,49,
48,38,34,57,53,43,42,32,58,51,47,37,36,56,52,45,41),
(1,37,16,52,25,31,10,46,19,55,4,40,13,49,28,34,7,43,22,58)
(2,39,17,54,26,33,11,48,20,57,5,42,14,51,29,36,8,45,23,60)
(3,38,18,53,27,32,12,47,21,56,6,41,15,50,30,35,9,44,24,59)],
gmul:=
[(1,30,2,28,3,29)(4,27,5,25,6,26)(7,24,8,22,9,23)
(10,21,11,19,12,20)(13,18,14,16,15,17)(31,60,32,58,33,59)
(34,57,35,55,36,56)(37,54,38,52,39,53)(40,51,41,49,42,50)
(43,48,44,46,45,47),
(1,50,7,56,13,32,19,38,25,44)(2,49,8,55,14,31,20,37,26,43)
(3,51,9,57,15,33,21,39,27,45)(4,53,10,59,16,35,22,41,28,47)
(5,52,11,58,17,34,23,40,29,46)(6,54,12,60,18,36,24,42,30,48)],
p:=(2,31,39,21,8,34,30,57,47,60,54,24,40,15,5,25,36,11,33,12,37,29,
49,50,44,59,48,52,45,46,42,14,10,55,17,27,56,23,35,16,28,38,22,13,6)
(3,4)(9,32,43,41,20,26,58,53,18),
q:=(2,31,57,47,60,54,23,35,16,28,56,24,40,20,9,32,49,44,59,48,52,51,
45,46,42,21,27,38,22,19,13,5,7,25,36,12,55,18,26,58,53,17,8,34,29,
43,41,15,6,3,4)(10,37,30,39,14)(11,33)),rec(
gadd:=
[(1,15,26,7,21,2,13,27,8,19,3,14,25,9,20)(4,18,29,10,24,5,16,
30,11,22,6,17,28,12,23)(31,45,56,37,51,32,43,57,38,49,33,44,55,
39,50)(34,48,59,40,54,35,46,60,41,52,36,47,58,42,53),
(1,46,28,37,19,34,16,55,7,52,4,43,25,40,22,31,13,58,10,49)
(2,48,29,39,20,36,17,57,8,54,5,45,26,42,23,33,14,60,11,51)
(3,47,30,38,21,35,18,56,9,53,6,44,27,41,24,32,15,59,12,50)],
gmul:=
[(1,21,8,25,15,2,19,9,26,13,3,20,7,27,14)(4,24,11,28,18,5,22,
12,29,16,6,23,10,30,17)(31,51,38,55,45,32,49,39,56,43,33,50,37,
57,44)(34,54,41,58,48,35,52,42,59,46,36,53,40,60,47),
(1,57,10,48)(2,56,11,47)(3,55,12,46)(4,60,7,45)(5,59,8,44)
(6,58,9,43)(13,33,28,42)(14,32,29,41)(15,31,30,40)(16,36,25,39)
(17,35,26,38)(18,34,27,37)(19,51,22,54)(20,50,23,53)(21,49,24,52)
],
p:=(2,34,54,41,60,18,33,22,55,38,30,13,6,31,53,50,20,58,17,27,8,7)
(3,4)(5,25,43,57,23,26,49,59,24,32,47,39,11,36,16,28,40,29,37,12,
46,42,21,19,9,35,48,15)(10,52,44,45,51,56,14),
q:=(2,31,38,29,52,41,51,47,54,44,42,14,10,37,11,33,22,46,45,60,17,8,
25,40,30,19,26,58,18,36,16,28,43,48,20,49,50,15,6,34,39,12,55,53,59,
23,9,32,56,21,13,5,7,3,4)(24,35,57)),rec(
gadd:=
[(1,24,8,28,15,5,19,12,26,16,3,23,7,30,14,4,21,11,25,18,2,22,
9,29,13,6,20,10,27,17)(31,54,38,58,45,35,49,42,56,46,33,53,37,
60,44,34,51,41,55,48,32,52,39,59,43,36,50,40,57,47),
(1,57,22,48,7,33,28,54,13,39,4,60,19,45,10,36,25,51,16,42)
(2,56,23,47,8,32,29,53,14,38,5,59,20,44,11,35,26,50,17,41)
(3,55,24,46,9,31,30,52,15,37,6,58,21,43,12,34,27,49,18,40)],
gmul:=
[(1,6,2,4,3,5)(7,30,8,28,9,29)(10,27,11,25,12,26)
(13,24,14,22,15,23)(16,21,17,19,18,20)(31,35,33,34,32,36)
(37,59,39,58,38,60)(40,56,42,55,41,57)(43,53,45,52,44,54)
(46,50,48,49,47,51),
(1,50,7,56,13,32,19,38,25,44)(2,51,8,57,14,33,20,39,26,45)
(3,49,9,55,15,31,21,37,27,43)(4,53,10,59,16,35,22,41,28,47)
(5,54,11,60,17,36,23,42,29,48)(6,52,12,58,18,34,24,40,30,46)],
p:=(2,31,38,22,13,6)(3,4)(5,25,35,16,28,39,21,8,34,30,56,23,36,
11,32,43,42,14,10,55,17,27,57,48,52,44,60,53,18,9,33,12,37,29,49,51,
50,45,46,41,20,26,58,54,24,40,15)(47,59),
q:=(2,31,56,24,40,20,9,33,11,32,49,45,46,41,15,6,3,4)
(5,7,25,35,16,28,57,48,52,50,51,44,60,53,17,8,34,29,43,42,21,27,39,
14,10,37,30,38,22,19,13)(12,55,18,26,58,54,23,36)(47,59)),rec(
gadd:=
[(1,12,14,22,27,5,7,18,20,28,3,11,13,24,26,4,9,17,19,30,2,10,
15,23,25,6,8,16,21,29)(31,42,44,52,57,35,37,48,50,58,33,41,43,
54,56,34,39,47,49,60,32,40,45,53,55,36,38,46,51,59),
(1,47,28,38,19,35,16,56,7,53,4,44,25,41,22,32,13,59,10,50)
(2,46,29,37,20,34,17,55,8,52,5,43,26,40,23,31,14,58,11,49)
(3,48,30,39,21,36,18,57,9,54,6,45,27,42,24,33,15,60,12,51)],
gmul:=
[(1,14,27,7,20,3,13,26,9,19,2,15,25,8,21)(4,17,30,10,23,6,16,
29,12,22,5,18,28,11,24)(31,45,56,37,51,32,43,57,38,49,33,44,55,
39,50)(34,48,59,40,54,35,46,60,41,52,36,47,58,42,53),
(1,34,4,31)(2,35,5,32)(3,36,6,33)(7,46,28,49)(8,47,29,50)
(9,48,30,51)(10,43,25,52)(11,44,26,53)(12,45,27,54)(13,58,22,37)
(14,59,23,38)(15,60,24,39)(16,55,19,40)(17,56,20,41)(18,57,21,42)
],
p:=(2,34,53,51,57,23,26,49,60,18,32,48,15,5,25,43,56,14,10,52,45,50,
20,58,17,27,8,7)(3,4)(6,31,54,42,21,19,9,36,16,28,40,29,37,12,
46,41,59,24,33,22,55,39,11,35,47,38,30,13),
q:=(2,31,39,12,55,54,45,59,23,9,33,22,46,44,41,50,15,6,34,38,29,52,
42,14,10,37,11,32,57,24,36,16,28,43,47,53,60,17,8,25,40,30,19,26,58,
18,35,56,21,13,5,7,3,4)(20,49,51,48)),rec(
gadd:=
[(1,8,15,19,26,3,7,14,21,25,2,9,13,20,27)(4,11,18,22,29,6,10,
17,24,28,5,12,16,23,30)(31,38,45,49,56,33,37,44,51,55,32,39,43,
50,57)(34,41,48,52,59,36,40,47,54,58,35,42,46,53,60),
(1,55,22,46,7,31,28,52,13,37,4,58,19,43,10,34,25,49,16,40)
(2,57,23,48,8,33,29,54,14,39,5,60,20,45,11,36,26,51,17,42)
(3,56,24,47,9,32,30,53,15,38,6,59,21,44,12,35,27,50,18,41)],
gmul:=
[(1,16,25,10,19,4,13,28,7,22)(2,17,26,11,20,5,14,29,8,23)
(3,18,27,12,21,6,15,30,9,24)(31,46,55,40,49,34,43,58,37,52)
(32,47,56,41,50,35,44,59,38,53)(33,48,57,42,51,36,45,60,39,54),
(1,38,14,49,27,33,7,44,20,55,3,39,13,50,26,31,9,45,19,56,2,37,
15,51,25,32,8,43,21,57)(4,41,17,52,30,36,10,47,23,58,6,42,16,
53,29,34,12,48,22,59,5,40,18,54,28,35,11,46,24,60)],
p:=(2,31,39,21,8,34,12,37,11,33,30,57,53,24,58,47,42,14,28,38,16,10,
55,23,35,22,13,6)(3,4)(5,25,36,29,49,50,44,41,20,26,40,15)
(9,32,43,59,54,18)(17,27,56)(45,52)(46,60,48),
q:=(2,31,56,24,40,20,9,33,11,32,49,45,46,41,15,6,3,4)
(5,7,25,35,16,28,57,48,52,50,51,44,60,53,17,8,34,29,43,42,21,27,39,
14,10,37,30,38,22,19,13)(12,55,18,26,58,54,23,36)(47,59)),rec(
gadd:=
[(1,9,14,19,27,2,7,15,20,25,3,8,13,21,26)(4,12,17,22,30,5,10,
18,23,28,6,11,16,24,29)(31,39,44,49,57,32,37,45,50,55,33,38,43,
51,56)(34,42,47,52,60,35,40,48,53,58,36,41,46,54,59),
(1,44,28,41,19,32,16,59,7,50,4,47,25,38,22,35,13,56,10,53)
(2,43,29,40,20,31,17,58,8,49,5,46,26,37,23,34,14,55,11,52)
(3,45,30,42,21,33,18,60,9,51,6,48,27,39,24,36,15,57,12,54)],
gmul:=
[(1,21,8,25,15,2,19,9,26,13,3,20,7,27,14)(4,24,11,28,18,5,22,
12,29,16,6,23,10,30,17)(31,51,38,55,45,32,49,39,56,43,33,50,37,
57,44)(34,54,41,58,48,35,52,42,59,46,36,53,40,60,47),
(1,51,5,52,3,50,4,54,2,49,6,53)(7,45,11,46,9,44,10,48,8,43,
12,47)(13,39,17,40,15,38,16,42,14,37,18,41)(19,33,23,34,21,32,22,
36,20,31,24,35)(25,57,29,58,27,56,28,60,26,55,30,59)],
p:=(2,34,12,58,45,56,17,27,42,15,5,25,8,7)(3,4)(6,31,59,50,54,
18,33,30,41,39,21,55,23,37,11,35,22,26,13)(9,36,29,46,43,49,48,14,
28,60,44,20,19)(10,40,57,51,47,38,16)(24,32,52,53),
q:=(2,31,57,53,17,8,25,27,38,22,9,32,49,44,15,6,34,29,43,52,51,45,
60,48,21,58,47,42,20,13,5,7,3,4)(10,37,30,39,14)(11,33)
(12,55,18,35,16,28,56,24,36)(19,26)(23,40,59,54)),rec(
gadd:=
[(1,35,4,32)(2,34,5,31)(3,36,6,33)(7,41,10,38)(8,40,11,37)
(9,42,12,39)(13,47,16,44)(14,46,17,43)(15,48,18,45)(19,53,22,50)
(20,52,23,49)(21,54,24,51)(25,59,28,56)(26,58,29,55)(27,60,30,57),
(1,51,10,60,13,33,22,42,25,45,4,54,7,57,16,36,19,39,28,48)
(2,50,11,59,14,32,23,41,26,44,5,53,8,56,17,35,20,38,29,47)
(3,49,12,58,15,31,24,40,27,43,6,52,9,55,18,34,21,37,30,46)],
gmul:=
[(1,30,20,16,9,5,25,24,14,10,3,29,19,18,8,4,27,23,13,12,2,28,
21,17,7,6,26,22,15,11)(31,60,50,46,39,35,55,54,44,40,33,59,49,
48,38,34,57,53,43,42,32,58,51,47,37,36,56,52,45,41),
(1,44,3,43,2,45)(4,47,6,46,5,48)(7,38,9,37,8,39)
(10,41,12,40,11,42)(13,32,15,31,14,33)(16,35,18,34,17,36)
(19,56,21,55,20,57)(22,59,24,58,23,60)(25,50,27,49,26,51)
(28,53,30,52,29,54)],
p:=(2,31,56,17,27,39,21,8,34,12,55,23,36,29,43,42,14,28,57,48,52,50,
51,44,60,53,24,40,15,5,25,35,22,13,6)(3,4)(9,33,30,38,16,10,37,
11,32,49,45,46,41,20,26,58,54,18)(47,59),
q:=(2,31,57,47,60,54,23,35,16,28,56,24,40,20,9,32,49,44,59,48,52,51,
45,46,42,21,27,38,22,19,13,5,7,25,36,12,55,18,26,58,53,17,8,34,29,
43,41,15,6,3,4)(10,37,30,39,14)(11,33)),rec(
gadd:=
[(1,29,21,16,8,6,25,23,15,10,2,30,19,17,9,4,26,24,13,11,3,28,
20,18,7,5,27,22,14,12)(31,59,51,46,38,36,55,53,45,40,32,60,49,
47,39,34,56,54,43,41,33,58,50,48,37,35,57,52,44,42),
(1,42,16,51,25,36,10,45,19,60,4,39,13,54,28,33,7,48,22,57)
(2,41,17,50,26,35,11,44,20,59,5,38,14,53,29,32,8,47,23,56)
(3,40,18,49,27,34,12,43,21,58,6,37,15,52,30,31,9,46,24,55)],
gmul:=
[(1,53,12,55,14,36,22,38,27,46,5,51,7,59,18,31,20,42,28,44,3,52,
11,57,13,35,24,37,26,48,4,50,9,58,17,33,19,41,30,43,2,54,10,
56,15,34,23,39,25,47,6,49,8,60,16,32,21,40,29,45)],
p:=(2,34,12,40,57,51,53,24,37,11,35,22,26,13,6,31,41,39,21,55,23,32,
46,38,16,10,58,45,56,17,27,60,44,20,19,9,36,29,52,47,43,49,54,18,33,
30,59,50,48,14,28,42,15,5,25,8,7)(3,4),
q:=(2,31,57,47,52,51,45,42,20,13,5,7,3,4)(6,34,29,43,46,60,54,
23,36,12,55,18,35,16,28,56,24,58,53,17,8,25,27,38,22,9,32,49,44,15)
(10,37,30,39,14)(11,33)(19,26)(21,40,41,59,48)),rec(
gadd:=
[(1,14,27,7,20,3,13,26,9,19,2,15,25,8,21)(4,17,30,10,23,6,16,
29,12,22,5,18,28,11,24)(31,44,57,37,50,33,43,56,39,49,32,45,55,
38,51)(34,47,60,40,53,36,46,59,42,52,35,48,58,41,54),
(1,58,22,43,7,34,28,49,13,40,4,55,19,46,10,31,25,52,16,37)
(2,60,23,45,8,36,29,51,14,42,5,57,20,48,11,33,26,54,17,39)
(3,59,24,44,9,35,30,50,15,41,6,56,21,47,12,32,27,53,18,38)],
gmul:=
[(1,53,11,55,15,36,22,38,26,46,6,51,7,59,17,31,21,42,28,44,2,52,
12,57,13,35,23,37,27,48,4,50,8,58,18,33,19,41,29,43,3,54,10,
56,14,34,24,39,25,47,5,49,9,60,16,32,20,40,30,45)],
p:=(2,34,12,40,56,17,27,59,51,54,18,32,46,39,21,55,23,33,30,60,45,57,
50,47,43,49,53,24,37,11,36,29,52,48,14,28,41,38,16,10,58,44,20,19,9,
35,22,26,13,6,31,42,15,5,25,8,7)(3,4),
q:=(2,31,56,24,58,54,23,35,16,28,57,48,21,40,42,20,13,5,7,3,4)
(6,34,29,43,46,59,47,52,50,51,44,15)(8,25,27,39,14,10,37,30,38,22,
9,33,11,32,49,45,41,60,53,17)(12,55,18,36)(19,26)),rec(
gadd:=
[(1,11,15,22,26,6,7,17,21,28,2,12,13,23,27,4,8,18,19,29,3,10,
14,24,25,5,9,16,20,30)(31,41,45,52,56,36,37,47,51,58,32,42,43,
53,57,34,38,48,49,59,33,40,44,54,55,35,39,46,50,60),
(1,31,4,34)(2,33,5,36)(3,32,6,35)(7,37,10,40)(8,39,11,42)
(9,38,12,41)(13,43,16,46)(14,45,17,48)(15,44,18,47)(19,49,22,52)
(20,51,23,54)(21,50,24,53)(25,55,28,58)(26,57,29,60)(27,56,30,59)
],
gmul:=
[(1,11,15,22,26,6,7,17,21,28,2,12,13,23,27,4,8,18,19,29,3,10,
14,24,25,5,9,16,20,30)(31,42,44,52,57,35,37,48,50,58,33,41,43,
54,56,34,39,47,49,60,32,40,45,53,55,36,38,46,51,59),
(1,57,3,55,2,56)(4,60,6,58,5,59)(7,51,9,49,8,50)
(10,54,12,52,11,53)(13,45,15,43,14,44)(16,48,18,46,17,47)
(19,39,21,37,20,38)(22,42,24,40,23,41)(25,33,27,31,26,32)
(28,36,30,34,29,35)],
p:=(2,31,57,47,60,54,18,9,32,49,44,59,48,52,51,45,46,42,14,28,56,17,
27,38,16,10,37,11,33,30,39,21,8,34,12,55,23,35,22,13,6)(3,4)
(5,25,36,29,43,41,20,26,58,53,24,40,15),
q:=(2,31,56,24,40,20,9,33,11,32,49,45,46,41,15,6,3,4)
(5,7,25,35,16,28,57,48,52,50,51,44,60,53,17,8,34,29,43,42,21,27,39,
14,10,37,30,38,22,19,13)(12,55,18,26,58,54,23,36)(47,59)),rec(
gadd:=
[(1,5,3,4,2,6)(7,11,9,10,8,12)(13,17,15,16,14,18)
(19,23,21,22,20,24)(25,29,27,28,26,30)(31,35,33,34,32,36)
(37,41,39,40,38,42)(43,47,45,46,44,48)(49,53,51,52,50,54)
(55,59,57,58,56,60),
(1,48,28,39,19,36,16,57,7,54,4,45,25,42,22,33,13,60,10,51)
(2,47,29,38,20,35,17,56,8,53,5,44,26,41,23,32,14,59,11,50)
(3,46,30,37,21,34,18,55,9,52,6,43,27,40,24,31,15,58,12,49)],
gmul:=
[(1,17,27,10,20,6,13,29,9,22,2,18,25,11,21,4,14,30,7,23,3,16,
26,12,19,5,15,28,8,24)(31,48,56,40,51,35,43,60,38,52,33,47,55,
42,50,34,45,59,37,54,32,46,57,41,49,36,44,58,39,53),
(1,40,4,37)(2,42,5,39)(3,41,6,38)(7,34,10,31)(8,36,11,33)
(9,35,12,32)(13,58,16,55)(14,60,17,57)(15,59,18,56)(19,52,22,49)
(20,54,23,51)(21,53,24,50)(25,46,28,43)(26,48,29,45)(27,47,30,44)
],
p:=(2,34,12,58,44,20,19,9,35,22,26,13,6,31,60,45,57,50,53,24,33,30,
42,15,5,25,8,7)(3,4)(10,40,56,17,27,41,38,16)(11,36,29,46,43,49,
47,39,21,55,23,37)(14,28,59,51,48)(18,32,52,54),
q:=(2,31,56,24,35,16,28,57,54,23,40,60,47,41,42,20,13,5,7,3,4)
(6,34,29,43,52,50,51,44,15)(8,25,27,39,14,10,37,30,38,22,9,33,11,
32,49,45,59,53,17)(12,55,18,36)(19,26)(21,58,48)),rec(
gadd:=
[(1,3,2)(4,6,5)(7,9,8)(10,12,11)(13,15,14)(16,18,17)
(19,21,20)(22,24,23)(25,27,26)(28,30,29)(31,33,32)(34,36,35)
(37,39,38)(40,42,41)(43,45,44)(46,48,47)(49,51,50)(52,54,53)
(55,57,56)(58,60,59),
(1,49,10,58,13,31,22,40,25,43,4,52,7,55,16,34,19,37,28,46)
(2,51,11,60,14,33,23,42,26,45,5,54,8,57,17,36,20,39,29,48)
(3,50,12,59,15,32,24,41,27,44,6,53,9,56,18,35,21,38,30,47)],
gmul:=
[(1,24,8,28,15,5,19,12,26,16,3,23,7,30,14,4,21,11,25,18,2,22,
9,29,13,6,20,10,27,17)(31,54,38,58,45,35,49,42,56,46,33,53,37,
60,44,34,51,41,55,48,32,52,39,59,43,36,50,40,57,47),
(1,40,13,52,25,34,7,46,19,58)(2,41,14,53,26,35,8,47,20,59)
(3,42,15,54,27,36,9,48,21,60)(4,37,16,49,28,31,10,43,22,55)
(5,38,17,50,29,32,11,44,23,56)(6,39,18,51,30,33,12,45,24,57)],
p:=(2,31,38,16,10,55,23,36,29,49,51,50,45,52,44,42,14,28,39,21,8,34,
12,37,11,32,43,60,47,41,20,26,40,15,5,25,35,22,13,6)(3,4)
(9,33,30,56,17,27,57,54,18)(24,58,48,46,59,53),
q:=(2,31,57,47,60,54,23,35,16,28,56,24,40,20,9,32,49,44,59,48,52,51,
45,46,42,21,27,38,22,19,13,5,7,25,36,12,55,18,26,58,53,17,8,34,29,
43,41,15,6,3,4)(10,37,30,39,14)(11,33)),rec(
gadd:=
[(1,9,14,19,27,2,7,15,20,25,3,8,13,21,26)(4,12,17,22,30,5,10,
18,23,28,6,11,16,24,29)(31,39,44,49,57,32,37,45,50,55,33,38,43,
51,56)(34,42,47,52,60,35,40,48,53,58,36,41,46,54,59),
(1,60,22,45,7,36,28,51,13,42,4,57,19,48,10,33,25,54,16,39)
(2,59,23,44,8,35,29,50,14,41,5,56,20,47,11,32,26,53,17,38)
(3,58,24,43,9,34,30,49,15,40,6,55,21,46,12,31,27,52,18,37)],
gmul:=
[(1,30,2,28,3,29)(4,27,5,25,6,26)(7,24,8,22,9,23)
(10,21,11,19,12,20)(13,18,14,16,15,17)(31,60,32,58,33,59)
(34,57,35,55,36,56)(37,54,38,52,39,53)(40,51,41,49,42,50)
(43,48,44,46,45,47),(1,32,6,34,2,33,4,35,3,31,5,36)
(7,50,30,46,8,51,28,47,9,49,29,48)(10,53,27,43,11,54,25,44,12,
52,26,45)(13,38,24,58,14,39,22,59,15,37,23,60)(16,41,21,55,17,42,
19,56,18,40,20,57)],
p:=(2,34,53,50,20,58,18,33,22,55,38,30,13,6,31,54,41,60,17,27,8,7)
(3,4)(5,25,32,48,15)(9,36,16,28,40,29,37,12,46,42,21,19)
(10,52,44,45,51,56,14)(11,35,47,39)(23,26,49,59)(24,43,57),
q:=(2,31,38,29,52,42,14,10,37,11,33,22,46,44,41,50,15,6,34,39,12,55,
54,45,59,24,40,30,19,26,58,17,8,25,36,16,28,43,47,53,60,18,35,57,23,
9,32,56,21,13,5,7,3,4)(20,49,51,48)),rec(
gadd:=
[(1,48,28,39,19,36,16,57,7,54,4,45,25,42,22,33,13,60,10,51)
(2,47,29,38,20,35,17,56,8,53,5,44,26,41,23,32,14,59,11,50)
(3,46,30,37,21,34,18,55,9,52,6,43,27,40,24,31,15,58,12,49),
(1,56,22,47,7,32,28,53,13,38,4,59,19,44,10,35,25,50,16,41)
(2,55,23,46,8,31,29,52,14,37,5,58,20,43,11,34,26,49,17,40)
(3,57,24,48,9,33,30,54,15,39,6,60,21,45,12,36,27,51,18,42)],
gmul:=
[(1,30,2,28,3,29)(4,27,5,25,6,26)(7,24,8,22,9,23)
(10,21,11,19,12,20)(13,18,14,16,15,17)(31,59,33,58,32,60)
(34,56,36,55,35,57)(37,53,39,52,38,54)(40,50,42,49,41,51)
(43,47,45,46,44,48),(1,46)(2,48)(3,47)(4,43)(5,45)(6,44)
(7,40)(8,42)(9,41)(10,37)(11,39)(12,38)(13,34)(14,36)(15,35)
(16,31)(17,33)(18,32)(19,58)(20,60)(21,59)(22,55)(23,57)(24,56)
(25,52)(26,54)(27,53)(28,49)(29,51)(30,50)],
p:=(2,31,39,21,8,34,30,57,47,60,54,24,40,15,5,25,36,11,33,12,37,29,
49,50,44,59,48,52,45,46,42,14,10,55,17,27,56,23,35,16,28,38,22,13,6)
(3,4)(9,32,43,41,20,26,58,53,18),
q:=(2,31,56,24,40,20,9,33,11,32,49,45,46,41,15,6,3,4)
(5,7,25,35,16,28,57,48,52,50,51,44,60,53,17,8,34,29,43,42,21,27,39,
14,10,37,30,38,22,19,13)(12,55,18,26,58,54,23,36)(47,59)),rec(
gadd:=
[(1,23,9,28,14,6,19,11,27,16,2,24,7,29,15,4,20,12,25,17,3,22,
8,30,13,5,21,10,26,18)(31,53,39,58,44,36,49,41,57,46,32,54,37,
59,45,34,50,42,55,47,33,52,38,60,43,35,51,40,56,48),
(1,45,28,42,19,33,16,60,7,51,4,48,25,39,22,36,13,57,10,54)
(2,44,29,41,20,32,17,59,8,50,5,47,26,38,23,35,14,56,11,53)
(3,43,30,40,21,31,18,58,9,49,6,46,27,37,24,34,15,55,12,52)],
gmul:=
[(1,18,2,16,3,17)(4,15,5,13,6,14)(7,12,8,10,9,11)
(19,30,20,28,21,29)(22,27,23,25,24,26)(31,47,33,46,32,48)
(34,44,36,43,35,45)(37,41,39,40,38,42)(49,59,51,58,50,60)
(52,56,54,55,53,57),(1,41,23,43,3,42,22,44,2,40,24,45)
(4,38,20,46,6,39,19,47,5,37,21,48)(7,53,17,31,9,54,16,32,8,
52,18,33)(10,50,14,34,12,51,13,35,11,49,15,36)(25,59,29,55,27,60,
28,56,26,58,30,57)],
p:=(2,34,54,42,21,19,9,35,48,15,5,25,33,22,55,39,11,36,16,28,40,29,
37,12,46,41,59,23,26,49,60,17,27,8,7)(3,4)(6,31,53,51,57,24,43,
56,14,10,52,45,50,20,58,18,32,47,38,30,13),
q:=(2,31,39,12,55,53,59,24,40,30,19,26,58,17,8,25,35,56,21,13,5,7,
3,4)(6,34,38,29,52,41,51,47,54,44,42,14,10,37,11,32,57,23,9,33,22,
46,45,60,18,36,16,28,43,48,20,49,50,15)),rec(
gadd:=
[(1,30,20,16,9,5,25,24,14,10,3,29,19,18,8,4,27,23,13,12,2,28,
21,17,7,6,26,22,15,11)(31,60,50,46,39,35,55,54,44,40,33,59,49,
48,38,34,57,53,43,42,32,58,51,47,37,36,56,52,45,41),
(1,45,28,42,19,33,16,60,7,51,4,48,25,39,22,36,13,57,10,54)
(2,44,29,41,20,32,17,59,8,50,5,47,26,38,23,35,14,56,11,53)
(3,43,30,40,21,31,18,58,9,49,6,46,27,37,24,34,15,55,12,52)],
gmul:=
[(1,37,13,49,25,31,7,43,19,55)(2,38,14,50,26,32,8,44,20,56)
(3,39,15,51,27,33,9,45,21,57)(4,40,16,52,28,34,10,46,22,58)
(5,41,17,53,29,35,11,47,23,59)(6,42,18,54,30,36,12,48,24,60),
(1,59,3,58,2,60)(4,56,6,55,5,57)(7,53,9,52,8,54)
(10,50,12,49,11,51)(13,47,15,46,14,48)(16,44,18,43,17,45)
(19,41,21,40,20,42)(22,38,24,37,23,39)(25,35,27,34,26,36)
(28,32,30,31,29,33)],
p:=(2,31,38,22,13,6)(3,4)(5,25,35,16,28,39,21,8,34,30,56,23,36,
11,32,43,42,14,10,55,17,27,57,48,52,44,60,53,18,9,33,12,37,29,49,51,
50,45,46,41,20,26,58,54,24,40,15)(47,59),
q:=(2,31,57,47,60,54,23,35,16,28,56,24,40,20,9,32,49,44,59,48,52,51,
45,46,42,21,27,38,22,19,13,5,7,25,36,12,55,18,26,58,53,17,8,34,29,
43,41,15,6,3,4)(10,37,30,39,14)(11,33)),rec(
gadd:=
[(1,20,9,25,14,3,19,8,27,13,2,21,7,26,15)(4,23,12,28,17,6,22,
11,30,16,5,24,10,29,18)(31,50,39,55,44,33,49,38,57,43,32,51,37,
56,45)(34,53,42,58,47,36,52,41,60,46,35,54,40,59,48),
(1,50,10,59,13,32,22,41,25,44,4,53,7,56,16,35,19,38,28,47)
(2,49,11,58,14,31,23,40,26,43,5,52,8,55,17,34,20,37,29,46)
(3,51,12,60,15,33,24,42,27,45,6,54,9,57,18,36,21,39,30,48)],
gmul:=
[(1,28,19,16,7,4,25,22,13,10)(2,30,20,18,8,6,26,24,14,12)
(3,29,21,17,9,5,27,23,15,11)(31,58,49,46,37,34,55,52,43,40)
(32,60,50,48,38,36,56,54,44,42)(33,59,51,47,39,35,57,53,45,41),
(1,51,7,57,13,33,19,39,25,45)(2,49,8,55,14,31,20,37,26,43)
(3,50,9,56,15,32,21,38,27,44)(4,54,10,60,16,36,22,42,28,48)
(5,52,11,58,17,34,23,40,29,46)(6,53,12,59,18,35,24,41,30,47)],
p:=(2,34,39,21,8,4,3,31,42,14,55,50,47,12,40,15,32,46,30,60,18,9,
35,49,53,51,54,45,22,13,33,57,23,5,25,6)(10,58,17,27,59,24,28,41,
20,26)(11,36,56,44)(16,37,38,43,29,52,48),
q:=(2,34,57,17,8,4)(3,31,59,18,26,28,60,24,10,40,20,9,36,38,49,
48,22,19,13,33,39,14,37,56,50,54,51,47,30,41,15,32,52,53,45,16,55,44,
29,46,12,58,23,5,7,25,6)(11,35,43)(21,27,42)),rec(
gadd:=
[(1,2,3)(4,5,6)(7,8,9)(10,11,12)(13,14,15)(16,17,18)
(19,20,21)(22,23,24)(25,26,27)(28,29,30)(31,32,33)(34,35,36)
(37,38,39)(40,41,42)(43,44,45)(46,47,48)(49,50,51)(52,53,54)
(55,56,57)(58,59,60),
(1,53,10,56,13,35,22,38,25,47,4,50,7,59,16,32,19,41,28,44)
(2,52,11,55,14,34,23,37,26,46,5,49,8,58,17,31,20,40,29,43)
(3,54,12,57,15,36,24,39,27,48,6,51,9,60,18,33,21,42,30,45)],
gmul:=
[(1,6)(2,5)(3,4)(7,12)(8,11)(9,10)(13,18)(14,17)(15,16)
(19,24)(20,23)(21,22)(25,30)(26,29)(27,28)(31,36)(32,35)(33,34)
(37,42)(38,41)(39,40)(43,48)(44,47)(45,46)(49,54)(50,53)(51,52)
(55,60)(56,59)(57,58),
(1,56,21,43,8,33,25,50,15,37,2,57,19,44,9,31,26,51,13,38,3,55,
20,45,7,32,27,49,14,39)(4,59,24,46,11,36,28,53,18,40,5,60,22,
47,12,34,29,54,16,41,6,58,23,48,10,35,30,52,17,42)],
p:=(2,34,39,21,8,4,3,31,42,14,55,50,47,12,40,15,32,46,30,60,18,9,
35,49,53,51,54,45,22,13,33,57,23,5,25,6)(10,58,17,27,59,24,28,41,
20,26)(11,36,56,44)(16,37,38,43,29,52,48),
q:=(2,34,56,51,48,22,19,13,32,52,54,50,53,44,29,46,12,58,23,5,7,25,
6,3,31,60,24,10,40,20,9,35,43,11,36,39,14,37,57,17,8,4)
(15,33,38,49,47,30,42,21,27,41)(16,55,45)(18,26,28,59)),rec(
gadd:=
[(1,17,27,10,20,6,13,29,9,22,2,18,25,11,21,4,14,30,7,23,3,16,
26,12,19,5,15,28,8,24)(31,47,57,40,50,36,43,59,39,52,32,48,55,
41,51,34,44,60,37,53,33,46,56,42,49,35,45,58,38,54),
(1,48,28,39,19,36,16,57,7,54,4,45,25,42,22,33,13,60,10,51)
(2,47,29,38,20,35,17,56,8,53,5,44,26,41,23,32,14,59,11,50)
(3,46,30,37,21,34,18,55,9,52,6,43,27,40,24,31,15,58,12,49)],
gmul:=
[(1,6)(2,5)(3,4)(7,30)(8,29)(9,28)(10,27)(11,26)(12,25)
(13,24)(14,23)(15,22)(16,21)(17,20)(18,19)(31,35)(32,34)(33,36)
(37,59)(38,58)(39,60)(40,56)(41,55)(42,57)(43,53)(44,52)(45,54)
(46,50)(47,49)(48,51),(1,53,2,52,3,54)(4,50,5,49,6,51)
(7,47,8,46,9,48)(10,44,11,43,12,45)(13,41,14,40,15,42)
(16,38,17,37,18,39)(19,35,20,34,21,36)(22,32,23,31,24,33)
(25,59,26,58,27,60)(28,56,29,55,30,57)],
p:=(2,34,39,21,8,4,3,31,60,24,10,40,15,32,52,54,45,16,37,38,43,11,
36,56,44,29,46,12,58,23,5,25,6)(9,35,49,47,30,42,14,55,50,53,51,
48,22,13,33,57,17,27,41,20,26,28,59,18),
q:=(2,34,57,17,8,4)(3,31,59,18,26,28,60,24,10,40,20,9,36,38,49,
48,22,19,13,33,39,14,37,56,50,54,51,47,30,41,15,32,52,53,45,16,55,44,
29,46,12,58,23,5,7,25,6)(11,35,43)(21,27,42)),rec(
gadd:=
[(1,17,27,10,20,6,13,29,9,22,2,18,25,11,21,4,14,30,7,23,3,16,
26,12,19,5,15,28,8,24)(31,47,57,40,50,36,43,59,39,52,32,48,55,
41,51,34,44,60,37,53,33,46,56,42,49,35,45,58,38,54),
(1,44,28,41,19,32,16,59,7,50,4,47,25,38,22,35,13,56,10,53)
(2,43,29,40,20,31,17,58,8,49,5,46,26,37,23,34,14,55,11,52)
(3,45,30,42,21,33,18,60,9,51,6,48,27,39,24,36,15,57,12,54)],
gmul:=
[(1,39,14,49,27,32,7,45,20,55,3,38,13,51,26,31,9,44,19,57,2,37,
15,50,25,33,8,43,21,56)(4,42,17,52,30,35,10,48,23,58,6,41,16,
54,29,34,12,47,22,60,5,40,18,53,28,36,11,46,24,59),
(1,46)(2,48)(3,47)(4,43)(5,45)(6,44)(7,40)(8,42)(9,41)
(10,37)(11,39)(12,38)(13,34)(14,36)(15,35)(16,31)(17,33)(18,32)
(19,58)(20,60)(21,59)(22,55)(23,57)(24,56)(25,52)(26,54)(27,53)
(28,49)(29,51)(30,50)],
p:=(2,34,39,21,8,4,3,31,60,24,10,40,15,32,52,54,45,16,37,38,43,11,
36,56,44,29,46,12,58,23,5,25,6)(9,35,49,47,30,42,14,55,50,53,51,
48,22,13,33,57,17,27,41,20,26,28,59,18),
q:=(2,34,56,51,48,22,19,13,32,52,54,50,53,44,29,46,12,58,23,5,7,25,
6,3,31,60,24,10,40,20,9,35,43,11,36,39,14,37,57,17,8,4)
(15,33,38,49,47,30,42,21,27,41)(16,55,45)(18,26,28,59)),rec(
gadd:=
[(1,34,4,31)(2,36,5,33)(3,35,6,32)(7,40,10,37)(8,42,11,39)
(9,41,12,38)(13,46,16,43)(14,48,17,45)(15,47,18,44)(19,52,22,49)
(20,54,23,51)(21,53,24,50)(25,58,28,55)(26,60,29,57)(27,59,30,56),
(1,59,22,44,7,35,28,50,13,41,4,56,19,47,10,32,25,53,16,38)
(2,58,23,43,8,34,29,49,14,40,5,55,20,46,11,31,26,52,17,37)
(3,60,24,45,9,36,30,51,15,42,6,57,21,48,12,33,27,54,18,39)],
gmul:=
[(1,12)(2,11)(3,10)(4,9)(5,8)(6,7)(13,30)(14,29)(15,28)
(16,27)(17,26)(18,25)(19,24)(20,23)(21,22)(31,41)(32,40)(33,42)
(34,38)(35,37)(36,39)(43,59)(44,58)(45,60)(46,56)(47,55)(48,57)
(49,53)(50,52)(51,54),(1,51)(2,49)(3,50)(4,54)(5,52)(6,53)
(7,45)(8,43)(9,44)(10,48)(11,46)(12,47)(13,39)(14,37)(15,38)
(16,42)(17,40)(18,41)(19,33)(20,31)(21,32)(22,36)(23,34)(24,35)
(25,57)(26,55)(27,56)(28,60)(29,58)(30,59)],
p:=(2,34,57,17,27,59,18,9,35,43,11,36,38,49,53,45,16,55,44,29,52,48,
22,13,33,39,21,8,4,3,31,42,14,37,56,50,47,30,60,24,10,58,23,5,25,
6)(12,40,15,32,46)(20,26,28,41)(51,54),
q:=(2,34,57,17,8,4)(3,31,59,18,26,28,60,24,10,40,20,9,36,38,49,
48,22,19,13,33,39,14,37,56,50,54,51,47,30,41,15,32,52,53,45,16,55,44,
29,46,12,58,23,5,7,25,6)(11,35,43)(21,27,42)),rec(
gadd:=
[(1,36,4,33)(2,35,5,32)(3,34,6,31)(7,42,10,39)(8,41,11,38)
(9,40,12,37)(13,48,16,45)(14,47,17,44)(15,46,18,43)(19,54,22,51)
(20,53,23,50)(21,52,24,49)(25,60,28,57)(26,59,29,56)(27,58,30,55),
(1,53,10,56,13,35,22,38,25,47,4,50,7,59,16,32,19,41,28,44)
(2,52,11,55,14,34,23,37,26,46,5,49,8,58,17,31,20,40,29,43)
(3,54,12,57,15,36,24,39,27,48,6,51,9,60,18,33,21,42,30,45)],
gmul:=
[(1,30)(2,29)(3,28)(4,27)(5,26)(6,25)(7,24)(8,23)(9,22)
(10,21)(11,20)(12,19)(13,18)(14,17)(15,16)(31,60)(32,59)(33,58)
(34,57)(35,56)(36,55)(37,54)(38,53)(39,52)(40,51)(41,50)(42,49)
(43,48)(44,47)(45,46),(1,45,2,43,3,44)(4,48,5,46,6,47)
(7,39,8,37,9,38)(10,42,11,40,12,41)(13,33,14,31,15,32)
(16,36,17,34,18,35)(19,57,20,55,21,56)(22,60,23,58,24,59)
(25,51,26,49,27,50)(28,54,29,52,30,53)],
p:=(2,34,57,17,27,59,18,9,35,43,11,36,38,49,53,45,16,55,44,29,52,48,
22,13,33,39,21,8,4,3,31,42,14,37,56,50,47,30,60,24,10,58,23,5,25,
6)(12,40,15,32,46)(20,26,28,41)(51,54),
q:=(2,34,56,51,48,22,19,13,32,52,54,50,53,44,29,46,12,58,23,5,7,25,
6,3,31,60,24,10,40,20,9,35,43,11,36,39,14,37,57,17,8,4)
(15,33,38,49,47,30,42,21,27,41)(16,55,45)(18,26,28,59)),rec(
gadd:=
[(1,30,20,16,9,5,25,24,14,10,3,29,19,18,8,4,27,23,13,12,2,28,
21,17,7,6,26,22,15,11)(31,60,50,46,39,35,55,54,44,40,33,59,49,
48,38,34,57,53,43,42,32,58,51,47,37,36,56,52,45,41),
(1,49,10,58,13,31,22,40,25,43,4,52,7,55,16,34,19,37,28,46)
(2,51,11,60,14,33,23,42,26,45,5,54,8,57,17,36,20,39,29,48)
(3,50,12,59,15,32,24,41,27,44,6,53,9,56,18,35,21,38,30,47)],
gmul:=
[(1,36,3,34,2,35)(4,33,6,31,5,32)(7,60,9,58,8,59)
(10,57,12,55,11,56)(13,54,15,52,14,53)(16,51,18,49,17,50)
(19,48,21,46,20,47)(22,45,24,43,23,44)(25,42,27,40,26,41)
(28,39,30,37,29,38),(1,51)(2,49)(3,50)(4,54)(5,52)(6,53)
(7,45)(8,43)(9,44)(10,48)(11,46)(12,47)(13,39)(14,37)(15,38)
(16,42)(17,40)(18,41)(19,33)(20,31)(21,32)(22,36)(23,34)(24,35)
(25,57)(26,55)(27,56)(28,60)(29,58)(30,59)],
p:=(2,34,57,23,5,25,6)(3,31,60,18,9,35,43,29,46,30,42,14,37,56,
50,53,45,22,13,33,39,21,8,4)(10,40,15,32,52,54,51,48,16,55,44,11,
36,38,49,47,12,58,17,27,41,20,26)(24,28,59),
q:=(2,34,57,17,8,4)(3,31,59,18,26,28,60,24,10,40,20,9,36,38,49,
48,22,19,13,33,39,14,37,56,50,54,51,47,30,41,15,32,52,53,45,16,55,44,
29,46,12,58,23,5,7,25,6)(11,35,43)(21,27,42)),rec(
gadd:=
[(1,38,16,53,25,32,10,47,19,56,4,41,13,50,28,35,7,44,22,59)
(2,37,17,52,26,31,11,46,20,55,5,40,14,49,29,34,8,43,23,58)
(3,39,18,54,27,33,12,48,21,57,6,42,15,51,30,36,9,45,24,60),
(1,45,28,42,19,33,16,60,7,51,4,48,25,39,22,36,13,57,10,54)
(2,44,29,41,20,32,17,59,8,50,5,47,26,38,23,35,14,56,11,53)
(3,43,30,40,21,31,18,58,9,49,6,46,27,37,24,34,15,55,12,52)],
gmul:=
[(1,10,13,22,25,4,7,16,19,28)(2,12,14,24,26,6,8,18,20,30)
(3,11,15,23,27,5,9,17,21,29)(31,40,43,52,55,34,37,46,49,58)
(32,42,44,54,56,36,38,48,50,60)(33,41,45,53,57,35,39,47,51,59),
(1,48)(2,47)(3,46)(4,45)(5,44)(6,43)(7,42)(8,41)(9,40)
(10,39)(11,38)(12,37)(13,36)(14,35)(15,34)(16,33)(17,32)(18,31)
(19,60)(20,59)(21,58)(22,57)(23,56)(24,55)(25,54)(26,53)(27,52)
(28,51)(29,50)(30,49)],
p:=(2,34,57,23,5,25,6)(3,31,60,18,9,35,43,29,46,30,42,14,37,56,
50,53,45,22,13,33,39,21,8,4)(10,40,15,32,52,54,51,48,16,55,44,11,
36,38,49,47,12,58,17,27,41,20,26)(24,28,59),
q:=(2,34,56,51,48,22,19,13,32,52,54,50,53,44,29,46,12,58,23,5,7,25,
6,3,31,60,24,10,40,20,9,35,43,11,36,39,14,37,57,17,8,4)
(15,33,38,49,47,30,42,21,27,41)(16,55,45)(18,26,28,59)),rec(
gadd:=
[(1,37,6,32)(2,36,7,31)(3,40,8,35)(4,39,9,34)(5,38,10,33)
(11,47,16,42)(12,46,17,41)(13,50,18,45)(14,49,19,44)(15,48,20,43)
(21,57,26,52)(22,56,27,51)(23,60,28,55)(24,59,29,54)(25,58,30,53),
(1,44,26,39,11,54,6,49,21,34,16,59)(2,43,27,38,12,53,7,48,22,33,
17,58)(3,42,28,37,13,52,8,47,23,32,18,57)(4,41,29,36,14,51,9,
46,24,31,19,56)(5,45,30,40,15,55,10,50,25,35,20,60)],
gmul:=
[(1,22,13,4,25,11,2,23,14,5,21,12,3,24,15)(6,27,18,9,30,16,7,
28,19,10,26,17,8,29,20)(31,52,43,34,55,41,32,53,44,35,51,42,33,
54,45)(36,57,48,39,60,46,37,58,49,40,56,47,38,59,50),
(1,35,6,40)(2,34,7,39)(3,33,8,38)(4,32,9,37)(5,31,10,36)
(11,55,16,60)(12,54,17,59)(13,53,18,58)(14,52,19,57)(15,51,20,56)
(21,45,26,50)(22,44,27,49)(23,43,28,48)(24,42,29,47)(25,41,30,46)
],
p:=(2,36,29,40,44,22,24,33,19,13,16,8,3,6,31,49,60,55,27,58,45,54,
20)(4,11,46,53,17,14,9,56,30,48,25,23,51,50,57,42,15,26,5)
(7,21,34,18,41,43,32,37,28,59,52,47,35)(10,38)(12,39),
q:=(2,31,44,15,16,9,51,45,59,57,47,40,49,55,20,5,3,6,36,18,46,58,
50,52,42,22,13,26)(4,21,39,25,14,8)(7,11,41,48,12,34,29,35,10,33,
28,54,27,53,30,43,37,19,24,38)(17,23,56)),rec(
gadd:=
[(1,30,14,8,22,16,5,29,13,7,21,20,4,28,12,6,25,19,3,27,11,10,
24,18,2,26,15,9,23,17)(31,60,44,38,52,46,35,59,43,37,51,50,34,
58,42,36,55,49,33,57,41,40,54,48,32,56,45,39,53,47),
(1,41,26,36,11,51,6,46,21,31,16,56)(2,45,27,40,12,55,7,50,22,35,
17,60)(3,44,28,39,13,54,8,49,23,34,18,59)(4,43,29,38,14,53,9,
48,24,33,19,58)(5,42,30,37,15,52,10,47,25,32,20,57)],
gmul:=
[(1,24,12,5,23,11,4,22,15,3,21,14,2,25,13)(6,29,17,10,28,16,9,
27,20,8,26,19,7,30,18)(31,53,45,32,54,41,33,55,42,34,51,43,35,
52,44)(36,58,50,37,59,46,38,60,47,39,56,48,40,57,49),
(1,40,6,35)(2,36,7,31)(3,37,8,32)(4,38,9,33)(5,39,10,34)
(11,60,16,55)(12,56,17,51)(13,57,18,52)(14,58,19,53)(15,59,20,54)
(21,50,26,45)(22,46,27,41)(23,47,28,42)(24,48,29,43)(25,49,30,44)
],
p:=(2,36,29,37,28,58,42,15,26,5,4,11,46,54,20)(3,6,31,48,25,23,
51,47,32,40,43,35,7,21,33,19,13,16,8)(9,56,30,49,57,45,53,17,14)
(10,39,12,38)(18,41,44,22,24,34)(27,59,55)(50,60,52),
q:=(2,31,43,40,48,12,33,28,53,30,44,15,16,9,51,42,22,13,26)
(3,6,36,18,46,59,60,57,50,55,20,5)(4,21,38,7,11,41,49,52,45,58,
47,37,19,24,39,25,14,8)(10,34,29,32,35)(17,23,56)(27,54)),rec(
gadd:=
[(1,34,6,39)(2,33,7,38)(3,32,8,37)(4,31,9,36)(5,35,10,40)
(11,44,16,49)(12,43,17,48)(13,42,18,47)(14,41,19,46)(15,45,20,50)
(21,54,26,59)(22,53,27,58)(23,52,28,57)(24,51,29,56)(25,55,30,60),
(1,46,26,31,11,56,6,41,21,36,16,51)(2,50,27,35,12,60,7,45,22,40,
17,55)(3,49,28,34,13,59,8,44,23,39,18,54)(4,48,29,33,14,58,9,
43,24,38,19,53)(5,47,30,32,15,57,10,42,25,37,20,52)],
gmul:=
[(1,7,3,9,5,6,2,8,4,10)(11,17,13,19,15,16,12,18,14,20)
(21,27,23,29,25,26,22,28,24,30)(31,37,33,39,35,36,32,38,34,40)
(41,47,43,49,45,46,42,48,44,50)(51,57,53,59,55,56,52,58,54,60),
(1,25,14,3,22,11,5,24,13,2,21,15,4,23,12)(6,30,19,8,27,16,10,
29,18,7,26,20,9,28,17)(31,55,44,33,52,41,35,54,43,32,51,45,34,
53,42)(36,60,49,38,57,46,40,59,48,37,56,50,39,58,47),
(1,45)(2,44)(3,43)(4,42)(5,41)(6,50)(7,49)(8,48)(9,47)
(10,46)(11,35)(12,34)(13,33)(14,32)(15,31)(16,40)(17,39)(18,38)
(19,37)(20,36)(21,55)(22,54)(23,53)(24,52)(25,51)(26,60)(27,59)
(28,58)(29,57)(30,56)],
p:=(2,31,44,59,50,52,42,25,46,48,37,28,54,20,24,38,10,33,19)
(3,6,21,23,56,30,43,58,57,60,47,49,55,27,53,17,14,9,51,45,40,15,26,
39,12,34,18,13,16,8,36,29,35,7)(4,11,41,22,5),
q:=(2,31,44,59,50,52,42,12,34,29,35,10,33,28,54,27,53,30,43,58,57,60,
47,49,55,20,13,26,39,25,46,48,37,19,5,3,6,11,41,15,16,9,51,45,40,
22)(4,21,14,8,36,18,24,38,7)(17,23,56)),rec(
gadd:=
[(1,29,12,10,23,16,4,27,15,8,21,19,2,30,13,6,24,17,5,28,11,9,
22,20,3,26,14,7,25,18)(31,59,42,40,53,46,34,57,45,38,51,49,32,
60,43,36,54,47,35,58,41,39,52,50,33,56,44,37,55,48),
(1,46,26,31,11,56,6,41,21,36,16,51)(2,50,27,35,12,60,7,45,22,40,
17,55)(3,49,28,34,13,59,8,44,23,39,18,54)(4,48,29,33,14,58,9,
43,24,38,19,53)(5,47,30,32,15,57,10,42,25,37,20,52)],
gmul:=
[(1,14,22,5,13,21,4,12,25,3,11,24,2,15,23)(6,19,27,10,18,26,9,
17,30,8,16,29,7,20,28)(31,43,55,32,44,51,33,45,52,34,41,53,35,
42,54)(36,48,60,37,49,56,38,50,57,39,46,58,40,47,59),
(1,41)(2,42)(3,43)(4,44)(5,45)(6,46)(7,47)(8,48)(9,49)
(10,50)(11,31)(12,32)(13,33)(14,34)(15,35)(16,36)(17,37)(18,38)
(19,39)(20,40)(21,51)(22,52)(23,53)(24,54)(25,55)(26,56)(27,57)
(28,58)(29,59)(30,60),(1,59)(2,60)(3,56)(4,57)(5,58)(6,54)
(7,55)(8,51)(9,52)(10,53)(11,49)(12,50)(13,46)(14,47)(15,48)
(16,44)(17,45)(18,41)(19,42)(20,43)(21,39)(22,40)(23,36)(24,37)
(25,38)(26,34)(27,35)(28,31)(29,32)(30,33)],
p:=(2,31,43,59,47,48,40,15,26,38,10,34,18,13,16,8,36,29,32,35,7,3,
