NCBRACES[549] := [ rec(
      gadd := 
       [ (  1,184,367, 62,245,428,123,306,489)(  2,231,380, 63,292,441,124,
             353,502)(  3,217,393, 64,278,454,125,339,515)(  4,203,406, 65,
             264,467,126,325,528)(  5,189,419, 66,250,480,127,311,541)
            (  6,236,371, 67,297,432,128,358,493)(  7,222,384, 68,283,445,129,
             344,506)(  8,208,397, 69,269,458,130,330,519)(  9,194,410, 70,
             255,471,131,316,532)( 10,241,423, 71,302,484,132,363,545)
            ( 11,227,375, 72,288,436,133,349,497)( 12,213,388, 73,274,449,134,
             335,510)( 13,199,401, 74,260,462,135,321,523)( 14,185,414, 75,
             246,475,136,307,536)( 15,232,427, 76,293,488,137,354,549)
            ( 16,218,379, 77,279,440,138,340,501)( 17,204,392, 78,265,453,139,
             326,514)( 18,190,405, 79,251,466,140,312,527)( 19,237,418, 80,
             298,479,141,359,540)( 20,223,370, 81,284,431,142,345,492)
            ( 21,209,383, 82,270,444,143,331,505)( 22,195,396, 83,256,457,144,
             317,518)( 23,242,409, 84,303,470,145,364,531)( 24,228,422, 85,
             289,483,146,350,544)( 25,214,374, 86,275,435,147,336,496)
            ( 26,200,387, 87,261,448,148,322,509)( 27,186,400, 88,247,461,149,
             308,522)( 28,233,413, 89,294,474,150,355,535)( 29,219,426, 90,
             280,487,151,341,548)( 30,205,378, 91,266,439,152,327,500)
            ( 31,191,391, 92,252,452,153,313,513)( 32,238,404, 93,299,465,154,
             360,526)( 33,224,417, 94,285,478,155,346,539)( 34,210,369, 95,
             271,430,156,332,491)( 35,196,382, 96,257,443,157,318,504)
            ( 36,243,395, 97,304,456,158,365,517)( 37,229,408, 98,290,469,159,
             351,530)( 38,215,421, 99,276,482,160,337,543)( 39,201,373,100,
             262,434,161,323,495)( 40,187,386,101,248,447,162,309,508)
            ( 41,234,399,102,295,460,163,356,521)( 42,220,412,103,281,473,164,
             342,534)( 43,206,425,104,267,486,165,328,547)( 44,192,377,105,
             253,438,166,314,499)( 45,239,390,106,300,451,167,361,512)
            ( 46,225,403,107,286,464,168,347,525)( 47,211,416,108,272,477,169,
             333,538)( 48,197,368,109,258,429,170,319,490)( 49,244,381,110,
             305,442,171,366,503)( 50,230,394,111,291,455,172,352,516)
            ( 51,216,407,112,277,468,173,338,529)( 52,202,420,113,263,481,174,
             324,542)( 53,188,372,114,249,433,175,310,494)( 54,235,385,115,
             296,446,176,357,507)( 55,221,398,116,282,459,177,343,520)
            ( 56,207,411,117,268,472,178,329,533)( 57,193,424,118,254,485,179,
             315,546)( 58,240,376,119,301,437,180,362,498)( 59,226,389,120,
             287,450,181,348,511)( 60,212,402,121,273,463,182,334,524)
            ( 61,198,415,122,259,476,183,320,537), 
          (  1,  2,  3,  4,  5,  6,  7,  8,  9, 10, 11, 12, 13, 14, 15, 16,
              17, 18, 19, 20, 21, 22, 23, 24, 25, 26, 27, 28, 29, 30, 31, 32,
              33, 34, 35, 36, 37, 38, 39, 40, 41, 42, 43, 44, 45, 46, 47, 48,
              49, 50, 51, 52, 53, 54, 55, 56, 57, 58, 59, 60, 61)
            ( 62, 63, 64, 65, 66, 67, 68, 69, 70, 71, 72, 73, 74, 75, 76, 77,
              78, 79, 80, 81, 82, 83, 84, 85, 86, 87, 88, 89, 90, 91, 92, 93,
              94, 95, 96, 97, 98, 99,100,101,102,103,104,105,106,107,108,109,
             110,111,112,113,114,115,116,117,118,119,120,121,122)
            (123,124,125,126,127,128,129,130,131,132,133,134,135,136,137,138,
             139,140,141,142,143,144,145,146,147,148,149,150,151,152,153,154,
             155,156,157,158,159,160,161,162,163,164,165,166,167,168,169,170,
             171,172,173,174,175,176,177,178,179,180,181,182,183)
            (184,185,186,187,188,189,190,191,192,193,194,195,196,197,198,199,
             200,201,202,203,204,205,206,207,208,209,210,211,212,213,214,215,
             216,217,218,219,220,221,222,223,224,225,226,227,228,229,230,231,
             232,233,234,235,236,237,238,239,240,241,242,243,244)
            (245,246,247,248,249,250,251,252,253,254,255,256,257,258,259,260,
             261,262,263,264,265,266,267,268,269,270,271,272,273,274,275,276,
             277,278,279,280,281,282,283,284,285,286,287,288,289,290,291,292,
             293,294,295,296,297,298,299,300,301,302,303,304,305)
            (306,307,308,309,310,311,312,313,314,315,316,317,318,319,320,321,
             322,323,324,325,326,327,328,329,330,331,332,333,334,335,336,337,
             338,339,340,341,342,343,344,345,346,347,348,349,350,351,352,353,
             354,355,356,357,358,359,360,361,362,363,364,365,366)
            (367,368,369,370,371,372,373,374,375,376,377,378,379,380,381,382,
             383,384,385,386,387,388,389,390,391,392,393,394,395,396,397,398,
             399,400,401,402,403,404,405,406,407,408,409,410,411,412,413,414,
             415,416,417,418,419,420,421,422,423,424,425,426,427)
            (428,429,430,431,432,433,434,435,436,437,438,439,440,441,442,443,
             444,445,446,447,448,449,450,451,452,453,454,455,456,457,458,459,
             460,461,462,463,464,465,466,467,468,469,470,471,472,473,474,475,
             476,477,478,479,480,481,482,483,484,485,486,487,488)
            (489,490,491,492,493,494,495,496,497,498,499,500,501,502,503,504,
             505,506,507,508,509,510,511,512,513,514,515,516,517,518,519,520,
             521,522,523,524,525,526,527,528,529,530,531,532,533,534,535,536,
             537,538,539,540,541,542,543,544,545,546,547,548,549) ],
      gmul := 
       [ (  1,184,428, 62,245,489,123,306,367)(  2,231,441, 63,292,502,124,
             353,380)(  3,217,454, 64,278,515,125,339,393)(  4,203,467, 65,
             264,528,126,325,406)(  5,189,480, 66,250,541,127,311,419)
            (  6,236,432, 67,297,493,128,358,371)(  7,222,445, 68,283,506,129,
             344,384)(  8,208,458, 69,269,519,130,330,397)(  9,194,471, 70,
             255,532,131,316,410)( 10,241,484, 71,302,545,132,363,423)
            ( 11,227,436, 72,288,497,133,349,375)( 12,213,449, 73,274,510,134,
             335,388)( 13,199,462, 74,260,523,135,321,401)( 14,185,475, 75,
             246,536,136,307,414)( 15,232,488, 76,293,549,137,354,427)
            ( 16,218,440, 77,279,501,138,340,379)( 17,204,453, 78,265,514,139,
             326,392)( 18,190,466, 79,251,527,140,312,405)( 19,237,479, 80,
             298,540,141,359,418)( 20,223,431, 81,284,492,142,345,370)
            ( 21,209,444, 82,270,505,143,331,383)( 22,195,457, 83,256,518,144,
             317,396)( 23,242,470, 84,303,531,145,364,409)( 24,228,483, 85,
             289,544,146,350,422)( 25,214,435, 86,275,496,147,336,374)
            ( 26,200,448, 87,261,509,148,322,387)( 27,186,461, 88,247,522,149,
             308,400)( 28,233,474, 89,294,535,150,355,413)( 29,219,487, 90,
             280,548,151,341,426)( 30,205,439, 91,266,500,152,327,378)
            ( 31,191,452, 92,252,513,153,313,391)( 32,238,465, 93,299,526,154,
             360,404)( 33,224,478, 94,285,539,155,346,417)( 34,210,430, 95,
             271,491,156,332,369)( 35,196,443, 96,257,504,157,318,382)
            ( 36,243,456, 97,304,517,158,365,395)( 37,229,469, 98,290,530,159,
             351,408)( 38,215,482, 99,276,543,160,337,421)( 39,201,434,100,
             262,495,161,323,373)( 40,187,447,101,248,508,162,309,386)
            ( 41,234,460,102,295,521,163,356,399)( 42,220,473,103,281,534,164,
             342,412)( 43,206,486,104,267,547,165,328,425)( 44,192,438,105,
             253,499,166,314,377)( 45,239,451,106,300,512,167,361,390)
            ( 46,225,464,107,286,525,168,347,403)( 47,211,477,108,272,538,169,
             333,416)( 48,197,429,109,258,490,170,319,368)( 49,244,442,110,
             305,503,171,366,381)( 50,230,455,111,291,516,172,352,394)
            ( 51,216,468,112,277,529,173,338,407)( 52,202,481,113,263,542,174,
             324,420)( 53,188,433,114,249,494,175,310,372)( 54,235,446,115,
             296,507,176,357,385)( 55,221,459,116,282,520,177,343,398)
            ( 56,207,472,117,268,533,178,329,411)( 57,193,485,118,254,546,179,
             315,424)( 58,240,437,119,301,498,180,362,376)( 59,226,450,120,
             287,511,181,348,389)( 60,212,463,121,273,524,182,334,402)
            ( 61,198,476,122,259,537,183,320,415), 
          (  1,  2,  3,  4,  5,  6,  7,  8,  9, 10, 11, 12, 13, 14, 15, 16,
              17, 18, 19, 20, 21, 22, 23, 24, 25, 26, 27, 28, 29, 30, 31, 32,
              33, 34, 35, 36, 37, 38, 39, 40, 41, 42, 43, 44, 45, 46, 47, 48,
              49, 50, 51, 52, 53, 54, 55, 56, 57, 58, 59, 60, 61)
            ( 62, 63, 64, 65, 66, 67, 68, 69, 70, 71, 72, 73, 74, 75, 76, 77,
              78, 79, 80, 81, 82, 83, 84, 85, 86, 87, 88, 89, 90, 91, 92, 93,
              94, 95, 96, 97, 98, 99,100,101,102,103,104,105,106,107,108,109,
             110,111,112,113,114,115,116,117,118,119,120,121,122)
            (123,124,125,126,127,128,129,130,131,132,133,134,135,136,137,138,
             139,140,141,142,143,144,145,146,147,148,149,150,151,152,153,154,
             155,156,157,158,159,160,161,162,163,164,165,166,167,168,169,170,
             171,172,173,174,175,176,177,178,179,180,181,182,183)
            (184,185,186,187,188,189,190,191,192,193,194,195,196,197,198,199,
             200,201,202,203,204,205,206,207,208,209,210,211,212,213,214,215,
             216,217,218,219,220,221,222,223,224,225,226,227,228,229,230,231,
             232,233,234,235,236,237,238,239,240,241,242,243,244)
            (245,246,247,248,249,250,251,252,253,254,255,256,257,258,259,260,
             261,262,263,264,265,266,267,268,269,270,271,272,273,274,275,276,
             277,278,279,280,281,282,283,284,285,286,287,288,289,290,291,292,
             293,294,295,296,297,298,299,300,301,302,303,304,305)
            (306,307,308,309,310,311,312,313,314,315,316,317,318,319,320,321,
             322,323,324,325,326,327,328,329,330,331,332,333,334,335,336,337,
             338,339,340,341,342,343,344,345,346,347,348,349,350,351,352,353,
             354,355,356,357,358,359,360,361,362,363,364,365,366)
            (367,368,369,370,371,372,373,374,375,376,377,378,379,380,381,382,
             383,384,385,386,387,388,389,390,391,392,393,394,395,396,397,398,
             399,400,401,402,403,404,405,406,407,408,409,410,411,412,413,414,
             415,416,417,418,419,420,421,422,423,424,425,426,427)
            (428,429,430,431,432,433,434,435,436,437,438,439,440,441,442,443,
             444,445,446,447,448,449,450,451,452,453,454,455,456,457,458,459,
             460,461,462,463,464,465,466,467,468,469,470,471,472,473,474,475,
             476,477,478,479,480,481,482,483,484,485,486,487,488)
            (489,490,491,492,493,494,495,496,497,498,499,500,501,502,503,504,
             505,506,507,508,509,510,511,512,513,514,515,516,517,518,519,520,
             521,522,523,524,525,526,527,528,529,530,531,532,533,534,535,536,
             537,538,539,540,541,542,543,544,545,546,547,548,549) ],
      p := (  2,489,255,427,373,228,532,481,146,523,324,194,199,231,512,483,
         166,311,157, 59, 42,229,501,296,183,381,486,328, 40,200, 48, 49,277,
         218,233, 20,306,352,  3,123,363,431,348,235, 65,498,263,307,336,116,
           4, 17,261, 83,234,248,262,449,104,188, 55,285,253, 61,266,413, 34,
         403, 54, 21,286,416,122,301,160,244,119,297,203,358,430,429, 63,351,
         190,256,366,212,315,337, 39,155,502,105,457,400,395, 81,439,267)
        (  5,245,343,389,390,207,476,162,180,198, 57,326,239,318,170,132,346,
          24,290,299,504, 64, 91,240, 13,139,246, 38,444,314,130,305,226,374,
         513,308,320,169,173,317,353, 32, 26,204,455,375,360,471,515,329,406,
         280,289,278,548,436, 47,521,434,377,192,414, 86,417, 45,383,165,185,
         112,546, 88, 10,514,349, 44,530, 90,378,466,540,113,399, 29,464,167,
         356,458,522,533, 79,342,109,419,386,186, 35,220,197, 28,453,271,330,
          31,539,479,161,529, 97,480,341,292,303,124, 58,347,154,254,264,397,
         309,467,151,543,454,202,433, 92, 53,302,535, 95,536, 70,274,380,217,
         432,422,402,359,313,321,210,196,215,208,126,282,291,547,472,332, 60,
         408,465,524,497, 80,159,163,144, 75,205,485,125,424, 77,478,141,310,
         137, 22,107,136,372,459,283,238,273,355, 23,534,445,405, 16, 33,392,
         370,340, 89, 98,460,531,115,537,106,213,462,156,258,382,242,298,549,
          11,367,237,354,206,435,108,494,101,241,379,477,182, 15,505, 84,503,
         251,102,437,393,508,288,538,463,131,407, 99,171,362,451,495,121,257,
         468,176,128)(  6, 62,412,111,516,456,222,519,506,158,127, 82,189,114,
         496,304,490,133,423,443,385,369,201,511,  7, 46,541, 68,270,401, 74,
         164,510,247,404,420,325,259,118,110,236,252, 25, 30,209,232,492,178,
         295,147,545, 72,143,335, 19,265, 67,249, 66,509,129, 41,473,316,150,
         250, 50, 94, 12,525,344,138,388,227,191, 73,224,211,221,181,528, 52,
         322,275,319,450,243,260,398,334,279,520,365,187, 71, 14,168,442,452,
         411,384,544,117,293, 43,152,493, 56,387,410, 18, 78,148,269,287,527,
         470,140,376,446,339,276,120,338, 69,518,542,438,409,323,153,294,172,
         175,475,345,219,441,350,272,421,488,149,371,487,145,193,179,214,484,
         312,177,230,415,  9,428,474,361,440,426, 93,195,  8,184)
        ( 27,225,491,300,135,327,223,394, 36, 37,500, 85, 51,281,391,517,447,
         425,418,284,507,174,134,103,448,364,142,396,268,368,526,461)( 76,331)
        ( 96,469,499,100,216,482,357,333),
      q := (  2,245,435,138,234,511, 56,220,381,325,490,113,205,311, 89,148,
         543,365,389,201,248,512,344,108,254,547,312, 69,285,507, 72,103,342,
         137, 41,326,384,283,397,450,393,267, 61,521,329,242,532,316, 96,331,
         170,114,282,501,497,166,485,121,516,332,  3, 62,204,318, 76,469,263,
         476, 84,258,211,374,276,126,496,515,434,202,315,452,190,529,149,240,
          50,152,301, 86,213,355, 40,403,  9,306,440,217,362,323, 93,407,147,
         297,425,227,398,430,320, 77,335, 44,270,233, 43, 94, 51,509,117,536,
         176,118,136,193, 67,498,499,146,294, 74, 82,424,169, 73,396,495,125,
         189,132,457,219,366,369,390,373,405, 47,266,218,401,172, 71, 49,500,
         161,256,441,466,288,260,191,173,468, 70,539,349, 19,534,361,352, 60,
         209,414,160,380,426,153,523,438,223,196,391,271,482,436, 16, 30,408,
         336,130,502,141,437,243,538,308,429,183,197, 35,387,237,475,470,106,
         417, 18,168,319,309,364,104,376,314,116, 59, 21,505,162, 66,281,215,
         421,353, 31,274,244,127,164,295, 99, 75,399, 34,200, 15,286,199,427,
         207,307,465,247,214,358,334,535,151,269,492, 68,530,156,503,533,167,
         449,142,224,382,406,522,251,144,171,432,222,299,272,208,120,439,508,
         540,133,236,520,454,377,385,212,433,154,494,145,372,313,477, 64,155,
         305,370,474,445,228,298,292,528, 11,184, 57,473,481,100,378,350,504,
         182, 48, 14, 78, 98,327,409,451,268,198,  6,123,480,461, 36, 26,412,
         135,460,284,253)(  4, 46,302,279,252, 38,347, 92, 10,290,519,300,111,
         257,317,488, 97,363,348,375,458,280,527,345,400,210,394, 27,383, 81,
         338,177,379,321,395,165,415, 54, 42,392,226,221, 65,249,180,368,275,
         442,337, 24,514,479, 85, 12,261,163,102,310,109,241,230,185,134,143,
         478,105,346, 39, 91,371,339,513,463,115,246, 25, 33,229,291,264,238,
         491,506, 88, 53,541,178,510,524,296, 63,453,517,328, 23,265,179,404,
         194,416,124,  5,489,542,324,420,486,447,203,484,472,456,422,186, 28,
         351,411,239,455,235,181,303,122,493,  7, 17,525,483, 80, 87,159, 83,
         388,418,531,131,195, 55,518,255,231,262,356,360,359,459,544,129, 22,
         139,537,140,188,  8,367,410, 45,225,273,462, 90,216,330, 32, 37,277,
         413, 29,322,526,341,549, 52,464, 79,448,467, 95,293, 20,428,340,157)
        ( 13,107,110,423,333,150,546,158,119,545,174,112,250)( 58,444,446,487,
         101,419,206,343,187,175,354,386,402,471,304,259,128)(192,232,287,289,
         548,357,443) ), rec(
      gadd := 
       [ (  1,184,367, 62,245,428,123,306,489)(  2,231,380, 63,292,441,124,
             353,502)(  3,217,393, 64,278,454,125,339,515)(  4,203,406, 65,
             264,467,126,325,528)(  5,189,419, 66,250,480,127,311,541)
            (  6,236,371, 67,297,432,128,358,493)(  7,222,384, 68,283,445,129,
             344,506)(  8,208,397, 69,269,458,130,330,519)(  9,194,410, 70,
             255,471,131,316,532)( 10,241,423, 71,302,484,132,363,545)
            ( 11,227,375, 72,288,436,133,349,497)( 12,213,388, 73,274,449,134,
             335,510)( 13,199,401, 74,260,462,135,321,523)( 14,185,414, 75,
             246,475,136,307,536)( 15,232,427, 76,293,488,137,354,549)
            ( 16,218,379, 77,279,440,138,340,501)( 17,204,392, 78,265,453,139,
             326,514)( 18,190,405, 79,251,466,140,312,527)( 19,237,418, 80,
             298,479,141,359,540)( 20,223,370, 81,284,431,142,345,492)
            ( 21,209,383, 82,270,444,143,331,505)( 22,195,396, 83,256,457,144,
             317,518)( 23,242,409, 84,303,470,145,364,531)( 24,228,422, 85,
             289,483,146,350,544)( 25,214,374, 86,275,435,147,336,496)
            ( 26,200,387, 87,261,448,148,322,509)( 27,186,400, 88,247,461,149,
             308,522)( 28,233,413, 89,294,474,150,355,535)( 29,219,426, 90,
             280,487,151,341,548)( 30,205,378, 91,266,439,152,327,500)
            ( 31,191,391, 92,252,452,153,313,513)( 32,238,404, 93,299,465,154,
             360,526)( 33,224,417, 94,285,478,155,346,539)( 34,210,369, 95,
             271,430,156,332,491)( 35,196,382, 96,257,443,157,318,504)
            ( 36,243,395, 97,304,456,158,365,517)( 37,229,408, 98,290,469,159,
             351,530)( 38,215,421, 99,276,482,160,337,543)( 39,201,373,100,
             262,434,161,323,495)( 40,187,386,101,248,447,162,309,508)
            ( 41,234,399,102,295,460,163,356,521)( 42,220,412,103,281,473,164,
             342,534)( 43,206,425,104,267,486,165,328,547)( 44,192,377,105,
             253,438,166,314,499)( 45,239,390,106,300,451,167,361,512)
            ( 46,225,403,107,286,464,168,347,525)( 47,211,416,108,272,477,169,
             333,538)( 48,197,368,109,258,429,170,319,490)( 49,244,381,110,
             305,442,171,366,503)( 50,230,394,111,291,455,172,352,516)
            ( 51,216,407,112,277,468,173,338,529)( 52,202,420,113,263,481,174,
             324,542)( 53,188,372,114,249,433,175,310,494)( 54,235,385,115,
             296,446,176,357,507)( 55,221,398,116,282,459,177,343,520)
            ( 56,207,411,117,268,472,178,329,533)( 57,193,424,118,254,485,179,
             315,546)( 58,240,376,119,301,437,180,362,498)( 59,226,389,120,
             287,450,181,348,511)( 60,212,402,121,273,463,182,334,524)
            ( 61,198,415,122,259,476,183,320,537), 
          (  1,  2,  3,  4,  5,  6,  7,  8,  9, 10, 11, 12, 13, 14, 15, 16,
              17, 18, 19, 20, 21, 22, 23, 24, 25, 26, 27, 28, 29, 30, 31, 32,
              33, 34, 35, 36, 37, 38, 39, 40, 41, 42, 43, 44, 45, 46, 47, 48,
              49, 50, 51, 52, 53, 54, 55, 56, 57, 58, 59, 60, 61)
            ( 62, 63, 64, 65, 66, 67, 68, 69, 70, 71, 72, 73, 74, 75, 76, 77,
              78, 79, 80, 81, 82, 83, 84, 85, 86, 87, 88, 89, 90, 91, 92, 93,
              94, 95, 96, 97, 98, 99,100,101,102,103,104,105,106,107,108,109,
             110,111,112,113,114,115,116,117,118,119,120,121,122)
            (123,124,125,126,127,128,129,130,131,132,133,134,135,136,137,138,
             139,140,141,142,143,144,145,146,147,148,149,150,151,152,153,154,
             155,156,157,158,159,160,161,162,163,164,165,166,167,168,169,170,
             171,172,173,174,175,176,177,178,179,180,181,182,183)
            (184,185,186,187,188,189,190,191,192,193,194,195,196,197,198,199,
             200,201,202,203,204,205,206,207,208,209,210,211,212,213,214,215,
             216,217,218,219,220,221,222,223,224,225,226,227,228,229,230,231,
             232,233,234,235,236,237,238,239,240,241,242,243,244)
            (245,246,247,248,249,250,251,252,253,254,255,256,257,258,259,260,
             261,262,263,264,265,266,267,268,269,270,271,272,273,274,275,276,
             277,278,279,280,281,282,283,284,285,286,287,288,289,290,291,292,
             293,294,295,296,297,298,299,300,301,302,303,304,305)
            (306,307,308,309,310,311,312,313,314,315,316,317,318,319,320,321,
             322,323,324,325,326,327,328,329,330,331,332,333,334,335,336,337,
             338,339,340,341,342,343,344,345,346,347,348,349,350,351,352,353,
             354,355,356,357,358,359,360,361,362,363,364,365,366)
            (367,368,369,370,371,372,373,374,375,376,377,378,379,380,381,382,
             383,384,385,386,387,388,389,390,391,392,393,394,395,396,397,398,
             399,400,401,402,403,404,405,406,407,408,409,410,411,412,413,414,
             415,416,417,418,419,420,421,422,423,424,425,426,427)
            (428,429,430,431,432,433,434,435,436,437,438,439,440,441,442,443,
             444,445,446,447,448,449,450,451,452,453,454,455,456,457,458,459,
             460,461,462,463,464,465,466,467,468,469,470,471,472,473,474,475,
             476,477,478,479,480,481,482,483,484,485,486,487,488)
            (489,490,491,492,493,494,495,496,497,498,499,500,501,502,503,504,
             505,506,507,508,509,510,511,512,513,514,515,516,517,518,519,520,
             521,522,523,524,525,526,527,528,529,530,531,532,533,534,535,536,
             537,538,539,540,541,542,543,544,545,546,547,548,549) ],
      gmul := 
       [ (  1,184,428, 62,245,489,123,306,367)(  2,185,429, 63,246,490,124,
             307,368)(  3,186,430, 64,247,491,125,308,369)(  4,187,431, 65,
             248,492,126,309,370)(  5,188,432, 66,249,493,127,310,371)
            (  6,189,433, 67,250,494,128,311,372)(  7,190,434, 68,251,495,129,
             312,373)(  8,191,435, 69,252,496,130,313,374)(  9,192,436, 70,
             253,497,131,314,375)( 10,193,437, 71,254,498,132,315,376)
            ( 11,194,438, 72,255,499,133,316,377)( 12,195,439, 73,256,500,134,
             317,378)( 13,196,440, 74,257,501,135,318,379)( 14,197,441, 75,
             258,502,136,319,380)( 15,198,442, 76,259,503,137,320,381)
            ( 16,199,443, 77,260,504,138,321,382)( 17,200,444, 78,261,505,139,
             322,383)( 18,201,445, 79,262,506,140,323,384)( 19,202,446, 80,
             263,507,141,324,385)( 20,203,447, 81,264,508,142,325,386)
            ( 21,204,448, 82,265,509,143,326,387)( 22,205,449, 83,266,510,144,
             327,388)( 23,206,450, 84,267,511,145,328,389)( 24,207,451, 85,
             268,512,146,329,390)( 25,208,452, 86,269,513,147,330,391)
            ( 26,209,453, 87,270,514,148,331,392)( 27,210,454, 88,271,515,149,
             332,393)( 28,211,455, 89,272,516,150,333,394)( 29,212,456, 90,
             273,517,151,334,395)( 30,213,457, 91,274,518,152,335,396)
            ( 31,214,458, 92,275,519,153,336,397)( 32,215,459, 93,276,520,154,
             337,398)( 33,216,460, 94,277,521,155,338,399)( 34,217,461, 95,
             278,522,156,339,400)( 35,218,462, 96,279,523,157,340,401)
            ( 36,219,463, 97,280,524,158,341,402)( 37,220,464, 98,281,525,159,
             342,403)( 38,221,465, 99,282,526,160,343,404)( 39,222,466,100,
             283,527,161,344,405)( 40,223,467,101,284,528,162,345,406)
            ( 41,224,468,102,285,529,163,346,407)( 42,225,469,103,286,530,164,
             347,408)( 43,226,470,104,287,531,165,348,409)( 44,227,471,105,
             288,532,166,349,410)( 45,228,472,106,289,533,167,350,411)
            ( 46,229,473,107,290,534,168,351,412)( 47,230,474,108,291,535,169,
             352,413)( 48,231,475,109,292,536,170,353,414)( 49,232,476,110,
             293,537,171,354,415)( 50,233,477,111,294,538,172,355,416)
            ( 51,234,478,112,295,539,173,356,417)( 52,235,479,113,296,540,174,
             357,418)( 53,236,480,114,297,541,175,358,419)( 54,237,481,115,
             298,542,176,359,420)( 55,238,482,116,299,543,177,360,421)
            ( 56,239,483,117,300,544,178,361,422)( 57,240,484,118,301,545,179,
             362,423)( 58,241,485,119,302,546,180,363,424)( 59,242,486,120,
             303,547,181,364,425)( 60,243,487,121,304,548,182,365,426)
            ( 61,244,488,122,305,549,183,366,427), 
          (  1,  2,  3,  4,  5,  6,  7,  8,  9, 10, 11, 12, 13, 14, 15, 16,
              17, 18, 19, 20, 21, 22, 23, 24, 25, 26, 27, 28, 29, 30, 31, 32,
              33, 34, 35, 36, 37, 38, 39, 40, 41, 42, 43, 44, 45, 46, 47, 48,
              49, 50, 51, 52, 53, 54, 55, 56, 57, 58, 59, 60, 61)
            ( 62, 63, 64, 65, 66, 67, 68, 69, 70, 71, 72, 73, 74, 75, 76, 77,
              78, 79, 80, 81, 82, 83, 84, 85, 86, 87, 88, 89, 90, 91, 92, 93,
              94, 95, 96, 97, 98, 99,100,101,102,103,104,105,106,107,108,109,
             110,111,112,113,114,115,116,117,118,119,120,121,122)
            (123,124,125,126,127,128,129,130,131,132,133,134,135,136,137,138,
             139,140,141,142,143,144,145,146,147,148,149,150,151,152,153,154,
             155,156,157,158,159,160,161,162,163,164,165,166,167,168,169,170,
             171,172,173,174,175,176,177,178,179,180,181,182,183)
            (184,231,217,203,189,236,222,208,194,241,227,213,199,185,232,218,
             204,190,237,223,209,195,242,228,214,200,186,233,219,205,191,238,
             224,210,196,243,229,215,201,187,234,220,206,192,239,225,211,197,
             244,230,216,202,188,235,221,207,193,240,226,212,198)
            (245,292,278,264,250,297,283,269,255,302,288,274,260,246,293,279,
             265,251,298,284,270,256,303,289,275,261,247,294,280,266,252,299,
             285,271,257,304,290,276,262,248,295,281,267,253,300,286,272,258,
             305,291,277,263,249,296,282,268,254,301,287,273,259)
            (306,353,339,325,311,358,344,330,316,363,349,335,321,307,354,340,
             326,312,359,345,331,317,364,350,336,322,308,355,341,327,313,360,
             346,332,318,365,351,337,323,309,356,342,328,314,361,347,333,319,
             366,352,338,324,310,357,343,329,315,362,348,334,320)
            (367,380,393,406,419,371,384,397,410,423,375,388,401,414,427,379,
             392,405,418,370,383,396,409,422,374,387,400,413,426,378,391,404,
             417,369,382,395,408,421,373,386,399,412,425,377,390,403,416,368,
             381,394,407,420,372,385,398,411,424,376,389,402,415)
            (428,441,454,467,480,432,445,458,471,484,436,449,462,475,488,440,
             453,466,479,431,444,457,470,483,435,448,461,474,487,439,452,465,
             478,430,443,456,469,482,434,447,460,473,486,438,451,464,477,429,
             442,455,468,481,433,446,459,472,485,437,450,463,476)
            (489,502,515,528,541,493,506,519,532,545,497,510,523,536,549,501,
             514,527,540,492,505,518,531,544,496,509,522,535,548,500,513,526,
             539,491,504,517,530,543,495,508,521,534,547,499,512,525,538,490,
             503,516,529,542,494,507,520,533,546,498,511,524,537) ],
      p := (  2,489,432,390,228,543, 67,294,163,156,248,283,200,  4, 49,304,
         492,154,260,392,423,439,371,436, 33,415, 55,280,268,370,335, 25, 27,
         197, 51,292,249, 89, 63,307,347,139,284,496, 72,137, 34,380,235, 71,
          40,244, 96,429, 81,454,214,440,375,322,286,399,  9,428,478,485,160,
         206,469,130,267, 20,306,346, 24,246, 21,258,378,434,404,397,363,484,
         313,327,240, 22, 75,210,195, 37,515,350,277,213,449, 66,549, 31,524,
          32, 61,271,342, 65,523,446,357,338, 98,456,201,541,465,179,225,542,
         479,133,379,460,250, 41,475,360,482,314,159,151,509,140,401, 83,212,
         321,237,364,180,226,408,444,343,419,424, 91,218,234,302,539, 92, 50,
          97,455,398,316,173,339,265,108,538,452,411,384,512,451,527, 69,522,
         323,168,450,227,229,518,349, 38,442,473,128, 28,476,361,457,385,420,
         315,326,239,317,325,287,495,533,116, 10,537,105,461, 18,110,230,409,
         344,152,535,118, 84,511,506,166,333, 73,219,447,372,453,298,547,472,
         540, 79,353, 17,305,236,290,261, 95,528,458,507,153,295,164,491,299,
         500,100,243,266,417, 56,427,405, 30,198, 16, 36)(  3,123,318,126,270,
         388,215,220,187, 74,170,135,332, 11,367,208,132,341,264,403,  8,184,
          47,517,519,466,499,275,309,437,418, 57,354,189,111,529, 44,490,141,
         355,493,300,144,101,196,204,468,131,426, 78,183,389,422,377,221,175,
         467,513,324,238,255,425,391,532,115,531,445,373,207,470,526, 70,247,
         383,127, 76,320,155,508,276,114,530, 68,259, 77,463,177,224,216,448,
         310,181,498, 86,402,330, 46,516,471,129, 29,441,329,376,435, 94)
        (  5,245,331,120,365,241,396,289,296,165,223,407, 82,211,209,242,269,
         297,193,138,369,222,525,106,186, 12,502,252, 42,185,121,256,328,546,
          19,293)(  6, 62,414,103,488,311,134,109,394,301,143,308,348,191, 64,
         88, 13,171,340,112,504,251, 90,393, 45,381,433,107,162,157, 53,257,
         487,174,125,382,188, 26,232,545, 80,124, 35,231,544, 93,217,474,359,
         351,190,278,497,288,521,520,336, 87,122,279,514,337, 39,158,150,272,
         387,421,486,312,148,281,412,102,462,176,169,182, 59, 48, 23,536,438)
        (  7, 14,136,416,104,233, 58,319,480,147,501, 85, 60,368,505,113,395,
         119,291,494,167,334,274,386,202,477,362,483,146,510,263,345,192,406,
         253, 43,149,413, 54, 15,503, 99,145,199,203,352, 52,366,194,205,443,
         374,534,117,303,142,400,410)(161,548,459,262,430,431,358,481)
        (178,273,356,464)(282,285),
      q := (  2,245,469,116, 53,516,359,453,532,131,217,340,134,137, 29,366,
         420,433,139,531,361,346, 39, 88, 50,149,218,388,391,298,264,200, 59,
          15,258,216,342,181,249,157, 10,246, 42,415,  8,367,421,325,492, 92,
          13, 75,395,127,170,111,256,447,193,108,260,229,285,496,174,121,529,
          19,536,324,397,480, 99,101,394,493,506, 80,122,535,128, 35,427,228,
         269,545,166,443,221, 71, 23,293, 58,442,326,384,262,334,539,154,538,
         337, 24,537,141,462, 70,524, 31,247,225,255,203,440,235,175,364, 66,
         292,498,160,386,377,374,265,138,212,477,432,201,302,274,206,331,126,
         530,178,491,519,350,500,146,295, 82,382,376,343,241,224,378,329,188,
          37,304,287,268,226,209,406,507, 93,426,168,309,310, 65,294, 83,369,
         422,202,321,410, 56,231,283,403, 55,522,451,289,497,540,167,430,348,
         398,481, 85,  3, 62,232,297,372,351,411,239,468,115,284,282,518,479,
         113,210,407,164,273,449,180,370,478,311,112,272,220,389,222,261,151,
         281,204,317,486,472,288,266,213,356,322,505,133,230,223,195, 26,414,
         143,463, 69,280,495,251,156,511,300,102,355,301,103,353, 46,257,339,
         534,129, 34,244,150,504,533,130,508,513,438, 57,475,458,253, 20,428,
         335, 38,319,363,358,316, 73,400,237,467,276,132,461, 45,197, 12,305,
         423,338,148,509,106,402,482,446,436, 30,368,286,205,333,173,487, 72,
         109,196,412,144,145,416,142,219,328,250, 22,171,474,471,117,528,360,
         330, 17,502,520,465, 67,523,314, 87,124, 28,307,444,435,152,279,290,
         525,140,233,  5,489,362,344, 94, 60,198, 47,271,448,437,227,392,236,
         514,452,190,548,313,460,546, 44,259,169, 64,158, 96,320, 91,413,  9,
         306,457,192,242,543,179,383,119,501,161,278,296, 81,365,419,189,135,
         456,390,405, 33,185,125,211,408,347,107, 84,248,544,153,510,499,526,
         176, 77,308,431,484,459,512,323, 78, 63,476,445,207,345,385,194,399,
          54, 48, 40,380,375,464, 68,490,105,341,547,312, 98,332, 52,441,434,
         214,352, 11,184, 16, 27,381,315,473,118,162, 89,183,187,172, 74, 76,
         429,165,409,483,100,393, 18,136,199,425,215,387,208,114,270,234,541,
         336,159, 95,303,104,401,163, 90,243,521,252, 21,503,147,291,254,494,
          79,488,485, 86,186, 51,549, 32)(  4, 14,110,379,327,371,357,439,240,
         41,354,424,155,267, 43, 97,318,120,454,404,238,542,349, 25, 36, 61,
         517,299,277,417,  7, 49,515,466,263,470,275,450,418,  6,123,455,191,
         182)(177,396,527) ), rec(
      gadd := 
       [ (  1,184,367, 62,245,428,123,306,489)(  2,231,380, 63,292,441,124,
             353,502)(  3,217,393, 64,278,454,125,339,515)(  4,203,406, 65,
             264,467,126,325,528)(  5,189,419, 66,250,480,127,311,541)
            (  6,236,371, 67,297,432,128,358,493)(  7,222,384, 68,283,445,129,
             344,506)(  8,208,397, 69,269,458,130,330,519)(  9,194,410, 70,
             255,471,131,316,532)( 10,241,423, 71,302,484,132,363,545)
            ( 11,227,375, 72,288,436,133,349,497)( 12,213,388, 73,274,449,134,
             335,510)( 13,199,401, 74,260,462,135,321,523)( 14,185,414, 75,
             246,475,136,307,536)( 15,232,427, 76,293,488,137,354,549)
            ( 16,218,379, 77,279,440,138,340,501)( 17,204,392, 78,265,453,139,
             326,514)( 18,190,405, 79,251,466,140,312,527)( 19,237,418, 80,
             298,479,141,359,540)( 20,223,370, 81,284,431,142,345,492)
            ( 21,209,383, 82,270,444,143,331,505)( 22,195,396, 83,256,457,144,
             317,518)( 23,242,409, 84,303,470,145,364,531)( 24,228,422, 85,
             289,483,146,350,544)( 25,214,374, 86,275,435,147,336,496)
            ( 26,200,387, 87,261,448,148,322,509)( 27,186,400, 88,247,461,149,
             308,522)( 28,233,413, 89,294,474,150,355,535)( 29,219,426, 90,
             280,487,151,341,548)( 30,205,378, 91,266,439,152,327,500)
            ( 31,191,391, 92,252,452,153,313,513)( 32,238,404, 93,299,465,154,
             360,526)( 33,224,417, 94,285,478,155,346,539)( 34,210,369, 95,
             271,430,156,332,491)( 35,196,382, 96,257,443,157,318,504)
            ( 36,243,395, 97,304,456,158,365,517)( 37,229,408, 98,290,469,159,
             351,530)( 38,215,421, 99,276,482,160,337,543)( 39,201,373,100,
             262,434,161,323,495)( 40,187,386,101,248,447,162,309,508)
            ( 41,234,399,102,295,460,163,356,521)( 42,220,412,103,281,473,164,
             342,534)( 43,206,425,104,267,486,165,328,547)( 44,192,377,105,
             253,438,166,314,499)( 45,239,390,106,300,451,167,361,512)
            ( 46,225,403,107,286,464,168,347,525)( 47,211,416,108,272,477,169,
             333,538)( 48,197,368,109,258,429,170,319,490)( 49,244,381,110,
             305,442,171,366,503)( 50,230,394,111,291,455,172,352,516)
            ( 51,216,407,112,277,468,173,338,529)( 52,202,420,113,263,481,174,
             324,542)( 53,188,372,114,249,433,175,310,494)( 54,235,385,115,
             296,446,176,357,507)( 55,221,398,116,282,459,177,343,520)
            ( 56,207,411,117,268,472,178,329,533)( 57,193,424,118,254,485,179,
             315,546)( 58,240,376,119,301,437,180,362,498)( 59,226,389,120,
             287,450,181,348,511)( 60,212,402,121,273,463,182,334,524)
            ( 61,198,415,122,259,476,183,320,537), 
          (  1,  2,  3,  4,  5,  6,  7,  8,  9, 10, 11, 12, 13, 14, 15, 16,
              17, 18, 19, 20, 21, 22, 23, 24, 25, 26, 27, 28, 29, 30, 31, 32,
              33, 34, 35, 36, 37, 38, 39, 40, 41, 42, 43, 44, 45, 46, 47, 48,
              49, 50, 51, 52, 53, 54, 55, 56, 57, 58, 59, 60, 61)
            ( 62, 63, 64, 65, 66, 67, 68, 69, 70, 71, 72, 73, 74, 75, 76, 77,
              78, 79, 80, 81, 82, 83, 84, 85, 86, 87, 88, 89, 90, 91, 92, 93,
              94, 95, 96, 97, 98, 99,100,101,102,103,104,105,106,107,108,109,
             110,111,112,113,114,115,116,117,118,119,120,121,122)
            (123,124,125,126,127,128,129,130,131,132,133,134,135,136,137,138,
             139,140,141,142,143,144,145,146,147,148,149,150,151,152,153,154,
             155,156,157,158,159,160,161,162,163,164,165,166,167,168,169,170,
             171,172,173,174,175,176,177,178,179,180,181,182,183)
            (184,185,186,187,188,189,190,191,192,193,194,195,196,197,198,199,
             200,201,202,203,204,205,206,207,208,209,210,211,212,213,214,215,
             216,217,218,219,220,221,222,223,224,225,226,227,228,229,230,231,
             232,233,234,235,236,237,238,239,240,241,242,243,244)
            (245,246,247,248,249,250,251,252,253,254,255,256,257,258,259,260,
             261,262,263,264,265,266,267,268,269,270,271,272,273,274,275,276,
             277,278,279,280,281,282,283,284,285,286,287,288,289,290,291,292,
             293,294,295,296,297,298,299,300,301,302,303,304,305)
            (306,307,308,309,310,311,312,313,314,315,316,317,318,319,320,321,
             322,323,324,325,326,327,328,329,330,331,332,333,334,335,336,337,
             338,339,340,341,342,343,344,345,346,347,348,349,350,351,352,353,
             354,355,356,357,358,359,360,361,362,363,364,365,366)
            (367,368,369,370,371,372,373,374,375,376,377,378,379,380,381,382,
             383,384,385,386,387,388,389,390,391,392,393,394,395,396,397,398,
             399,400,401,402,403,404,405,406,407,408,409,410,411,412,413,414,
             415,416,417,418,419,420,421,422,423,424,425,426,427)
            (428,429,430,431,432,433,434,435,436,437,438,439,440,441,442,443,
             444,445,446,447,448,449,450,451,452,453,454,455,456,457,458,459,
             460,461,462,463,464,465,466,467,468,469,470,471,472,473,474,475,
             476,477,478,479,480,481,482,483,484,485,486,487,488)
            (489,490,491,492,493,494,495,496,497,498,499,500,501,502,503,504,
             505,506,507,508,509,510,511,512,513,514,515,516,517,518,519,520,
             521,522,523,524,525,526,527,528,529,530,531,532,533,534,535,536,
             537,538,539,540,541,542,543,544,545,546,547,548,549) ],
      gmul := 
       [ (  1,184,489, 62,245,367,123,306,428)(  2,231,502, 63,292,380,124,
             353,441)(  3,217,515, 64,278,393,125,339,454)(  4,203,528, 65,
             264,406,126,325,467)(  5,189,541, 66,250,419,127,311,480)
            (  6,236,493, 67,297,371,128,358,432)(  7,222,506, 68,283,384,129,
             344,445)(  8,208,519, 69,269,397,130,330,458)(  9,194,532, 70,
             255,410,131,316,471)( 10,241,545, 71,302,423,132,363,484)
            ( 11,227,497, 72,288,375,133,349,436)( 12,213,510, 73,274,388,134,
             335,449)( 13,199,523, 74,260,401,135,321,462)( 14,185,536, 75,
             246,414,136,307,475)( 15,232,549, 76,293,427,137,354,488)
            ( 16,218,501, 77,279,379,138,340,440)( 17,204,514, 78,265,392,139,
             326,453)( 18,190,527, 79,251,405,140,312,466)( 19,237,540, 80,
             298,418,141,359,479)( 20,223,492, 81,284,370,142,345,431)
            ( 21,209,505, 82,270,383,143,331,444)( 22,195,518, 83,256,396,144,
             317,457)( 23,242,531, 84,303,409,145,364,470)( 24,228,544, 85,
             289,422,146,350,483)( 25,214,496, 86,275,374,147,336,435)
            ( 26,200,509, 87,261,387,148,322,448)( 27,186,522, 88,247,400,149,
             308,461)( 28,233,535, 89,294,413,150,355,474)( 29,219,548, 90,
             280,426,151,341,487)( 30,205,500, 91,266,378,152,327,439)
            ( 31,191,513, 92,252,391,153,313,452)( 32,238,526, 93,299,404,154,
             360,465)( 33,224,539, 94,285,417,155,346,478)( 34,210,491, 95,
             271,369,156,332,430)( 35,196,504, 96,257,382,157,318,443)
            ( 36,243,517, 97,304,395,158,365,456)( 37,229,530, 98,290,408,159,
             351,469)( 38,215,543, 99,276,421,160,337,482)( 39,201,495,100,
             262,373,161,323,434)( 40,187,508,101,248,386,162,309,447)
            ( 41,234,521,102,295,399,163,356,460)( 42,220,534,103,281,412,164,
             342,473)( 43,206,547,104,267,425,165,328,486)( 44,192,499,105,
             253,377,166,314,438)( 45,239,512,106,300,390,167,361,451)
            ( 46,225,525,107,286,403,168,347,464)( 47,211,538,108,272,416,169,
             333,477)( 48,197,490,109,258,368,170,319,429)( 49,244,503,110,
             305,381,171,366,442)( 50,230,516,111,291,394,172,352,455)
            ( 51,216,529,112,277,407,173,338,468)( 52,202,542,113,263,420,174,
             324,481)( 53,188,494,114,249,372,175,310,433)( 54,235,507,115,
