NCBRACES[36] := rec( total := -1, implemented := 400, size := 36, brace := [] 
);NCBRACES[36].brace[1] := rec ( size := 36, perms := [ [  (),  (),  ], [  (1, 
28, 10, 19)(2, 30, 11, 21)(3, 29, 12, 20)(4, 35, 13, 26)(5, 34, 14, 25)(6, 36, 
15, 27)(7, 32, 16, 23)(8, 31, 17, 22)(9, 33, 18, 24),  (1, 19, 10, 28)(2, 21, 
11, 30)(3, 20, 12, 29)(4, 26, 13, 35)(5, 25, 14, 34)(6, 27, 15, 36)(7, 23, 16, 
32)(8, 22, 17, 31)(9, 24, 18, 33),  ], [  (1, 10)(2, 11)(3, 12)(4, 13)(5, 14)(6,
15)(7, 16)(8, 17)(9, 18)(19, 28)(20, 29)(21, 30)(22, 31)(23, 32)(24, 33)(25, 
34)(26, 35)(27, 36),  (1, 10)(2, 11)(3, 12)(4, 13)(5, 14)(6, 15)(7, 16)(8, 
17)(9, 18)(19, 28)(20, 29)(21, 30)(22, 31)(23, 32)(24, 33)(25, 34)(26, 35)(27, 
36),  ], [  (1, 9, 4, 2, 7, 5, 3, 8, 6)(10, 18, 13, 11, 16, 14, 12, 17, 15)(19, 
27, 22, 20, 25, 23, 21, 26, 24)(28, 36, 31, 29, 34, 32, 30, 35, 33),  (1, 6, 8, 
3, 5, 7, 2, 4, 9)(10, 15, 17, 12, 14, 16, 11, 13, 18)(19, 24, 26, 21, 23, 25, 
20, 22, 27)(28, 33, 35, 30, 32, 34, 29, 31, 36),  ], [  (1, 2, 3)(4, 5, 6)(7, 8,
9)(10, 11, 12)(13, 14, 15)(16, 17, 18)(19, 20, 21)(22, 23, 24)(25, 26, 27)(28, 
29, 30)(31, 32, 33)(34, 35, 36),  (1, 3, 2)(4, 6, 5)(7, 9, 8)(10, 12, 11)(13, 
15, 14)(16, 18, 17)(19, 21, 20)(22, 24, 23)(25, 27, 26)(28, 30, 29)(31, 33, 
32)(34, 36, 35),  ], [  (1, 19, 10, 28)(2, 21, 11, 30)(3, 20, 12, 29)(4, 26, 13,
35)(5, 25, 14, 34)(6, 27, 15, 36)(7, 23, 16, 32)(8, 22, 17, 31)(9, 24, 18, 33), 
(1, 28, 10, 19)(2, 30, 11, 21)(3, 29, 12, 20)(4, 35, 13, 26)(5, 34, 14, 25)(6, 
36, 15, 27)(7, 32, 16, 23)(8, 31, 17, 22)(9, 33, 18, 24),  ], [  (1, 6, 8, 3, 5,
7, 2, 4, 9)(10, 15, 17, 12, 14, 16, 11, 13, 18)(19, 24, 26, 21, 23, 25, 20, 22, 
27)(28, 33, 35, 30, 32, 34, 29, 31, 36),  (1, 9, 4, 2, 7, 5, 3, 8, 6)(10, 18, 
13, 11, 16, 14, 12, 17, 15)(19, 27, 22, 20, 25, 23, 21, 26, 24)(28, 36, 31, 29, 
34, 32, 30, 35, 33),  ], [  (1, 3, 2)(4, 6, 5)(7, 9, 8)(10, 12, 11)(13, 15, 
14)(16, 18, 17)(19, 21, 20)(22, 24, 23)(25, 27, 26)(28, 30, 29)(31, 33, 32)(34, 
36, 35),  (1, 2, 3)(4, 5, 6)(7, 8, 9)(10, 11, 12)(13, 14, 15)(16, 17, 18)(19, 
20, 21)(22, 23, 24)(25, 26, 27)(28, 29, 30)(31, 32, 33)(34, 35, 36),  ], [  (1, 
33, 10, 24)(2, 32, 11, 23)(3, 31, 12, 22)(4, 30, 13, 21)(5, 29, 14, 20)(6, 28, 
15, 19)(7, 34, 16, 25)(8, 36, 17, 27)(9, 35, 18, 26),  (1, 24, 10, 33)(2, 23, 
11, 32)(3, 22, 12, 31)(4, 21, 13, 30)(5, 20, 14, 29)(6, 19, 15, 28)(7, 25, 16, 
34)(8, 27, 17, 36)(9, 26, 18, 35),  ], [  (1, 30, 10, 21)(2, 29, 11, 20)(3, 28, 
12, 19)(4, 34, 13, 25)(5, 36, 14, 27)(6, 35, 15, 26)(7, 31, 16, 22)(8, 33, 17, 
24)(9, 32, 18, 23),  (1, 21, 10, 30)(2, 20, 11, 29)(3, 19, 12, 28)(4, 25, 13, 
34)(5, 27, 14, 36)(6, 26, 15, 35)(7, 22, 16, 31)(8, 24, 17, 33)(9, 23, 18, 32), 
], [  (1, 36, 10, 27)(2, 35, 11, 26)(3, 34, 12, 25)(4, 33, 13, 24)(5, 32, 14, 
23)(6, 31, 15, 22)(7, 30, 16, 21)(8, 29, 17, 20)(9, 28, 18, 19),  (1, 27, 10, 
36)(2, 26, 11, 35)(3, 25, 12, 34)(4, 24, 13, 33)(5, 23, 14, 32)(6, 22, 15, 
31)(7, 21, 16, 30)(8, 20, 17, 29)(9, 19, 18, 28),  ], [  (1, 29, 10, 20)(2, 28, 
11, 19)(3, 30, 12, 21)(4, 36, 13, 27)(5, 35, 14, 26)(6, 34, 15, 25)(7, 33, 16, 
24)(8, 32, 17, 23)(9, 31, 18, 22),  (1, 20, 10, 29)(2, 19, 11, 28)(3, 21, 12, 
30)(4, 27, 13, 36)(5, 26, 14, 35)(6, 25, 15, 34)(7, 24, 16, 33)(8, 23, 17, 
32)(9, 22, 18, 31),  ], [  (1, 18, 4, 11, 7, 14, 3, 17, 6, 10, 9, 13, 2, 16, 5, 
12, 8, 15)(19, 36, 22, 29, 25, 32, 21, 35, 24, 28, 27, 31, 20, 34, 23, 30, 26, 
33),  (1, 15, 8, 12, 5, 16, 2, 13, 9, 10, 6, 17, 3, 14, 7, 11, 4, 18)(19, 33, 
26, 30, 23, 34, 20, 31, 27, 28, 24, 35, 21, 32, 25, 29, 22, 36),  ], [  (1, 11, 
3, 10, 2, 12)(4, 14, 6, 13, 5, 15)(7, 17, 9, 16, 8, 18)(19, 29, 21, 28, 20, 
30)(22, 32, 24, 31, 23, 33)(25, 35, 27, 34, 26, 36),  (1, 12, 2, 10, 3, 11)(4, 
15, 5, 13, 6, 14)(7, 18, 8, 16, 9, 17)(19, 30, 20, 28, 21, 29)(22, 33, 23, 31, 
24, 32)(25, 36, 26, 34, 27, 35),  ], [  (1, 15, 8, 12, 5, 16, 2, 13, 9, 10, 6, 
17, 3, 14, 7, 11, 4, 18)(19, 33, 26, 30, 23, 34, 20, 31, 27, 28, 24, 35, 21, 32,
25, 29, 22, 36),  (1, 18, 4, 11, 7, 14, 3, 17, 6, 10, 9, 13, 2, 16, 5, 12, 8, 
15)(19, 36, 22, 29, 25, 32, 21, 35, 24, 28, 27, 31, 20, 34, 23, 30, 26, 33),  ],
[  (1, 12, 2, 10, 3, 11)(4, 15, 5, 13, 6, 14)(7, 18, 8, 16, 9, 17)(19, 30, 20, 
28, 21, 29)(22, 33, 23, 31, 24, 32)(25, 36, 26, 34, 27, 35),  (1, 11, 3, 10, 2, 
12)(4, 14, 6, 13, 5, 15)(7, 17, 9, 16, 8, 18)(19, 29, 21, 28, 20, 30)(22, 32, 
24, 31, 23, 33)(25, 35, 27, 34, 26, 36),  ], [  (1, 4, 7, 3, 6, 9, 2, 5, 8)(10, 
13, 16, 12, 15, 18, 11, 14, 17)(19, 22, 25, 21, 24, 27, 20, 23, 26)(28, 31, 34, 
30, 33, 36, 29, 32, 35),  (1, 8, 5, 2, 9, 6, 3, 7, 4)(10, 17, 14, 11, 18, 15, 
12, 16, 13)(19, 26, 23, 20, 27, 24, 21, 25, 22)(28, 35, 32, 29, 36, 33, 30, 34, 
31),  ], [  (1, 7, 6, 2, 8, 4, 3, 9, 5)(10, 16, 15, 11, 17, 13, 12, 18, 14)(19, 
25, 24, 20, 26, 22, 21, 27, 23)(28, 34, 33, 29, 35, 31, 30, 36, 32),  (1, 5, 9, 
3, 4, 8, 2, 6, 7)(10, 14, 18, 12, 13, 17, 11, 15, 16)(19, 23, 27, 21, 22, 26, 
20, 24, 25)(28, 32, 36, 30, 31, 35, 29, 33, 34),  ], [  (1, 27, 10, 36)(2, 26, 
11, 35)(3, 25, 12, 34)(4, 24, 13, 33)(5, 23, 14, 32)(6, 22, 15, 31)(7, 21, 16, 
30)(8, 20, 17, 29)(9, 19, 18, 28),  (1, 36, 10, 27)(2, 35, 11, 26)(3, 34, 12, 
25)(4, 33, 13, 24)(5, 32, 14, 23)(6, 31, 15, 22)(7, 30, 16, 21)(8, 29, 17, 
20)(9, 28, 18, 19),  ], [  (1, 8, 5, 2, 9, 6, 3, 7, 4)(10, 17, 14, 11, 18, 15, 
12, 16, 13)(19, 26, 23, 20, 27, 24, 21, 25, 22)(28, 35, 32, 29, 36, 33, 30, 34, 
31),  (1, 4, 7, 3, 6, 9, 2, 5, 8)(10, 13, 16, 12, 15, 18, 11, 14, 17)(19, 22, 
25, 21, 24, 27, 20, 23, 26)(28, 31, 34, 30, 33, 36, 29, 32, 35),  ], [  (1, 20, 
10, 29)(2, 19, 11, 28)(3, 21, 12, 30)(4, 27, 13, 36)(5, 26, 14, 35)(6, 25, 15, 
34)(7, 24, 16, 33)(8, 23, 17, 32)(9, 22, 18, 31),  (1, 29, 10, 20)(2, 28, 11, 
19)(3, 30, 12, 21)(4, 36, 13, 27)(5, 35, 14, 26)(6, 34, 15, 25)(7, 33, 16, 
24)(8, 32, 17, 23)(9, 31, 18, 22),  ], [  (1, 24, 10, 33)(2, 23, 11, 32)(3, 22, 
12, 31)(4, 21, 13, 30)(5, 20, 14, 29)(6, 19, 15, 28)(7, 25, 16, 34)(8, 27, 17, 
36)(9, 26, 18, 35),  (1, 33, 10, 24)(2, 32, 11, 23)(3, 31, 12, 22)(4, 30, 13, 
21)(5, 29, 14, 20)(6, 28, 15, 19)(7, 34, 16, 25)(8, 36, 17, 27)(9, 35, 18, 26), 
], [  (1, 21, 10, 30)(2, 20, 11, 29)(3, 19, 12, 28)(4, 25, 13, 34)(5, 27, 14, 
36)(6, 26, 15, 35)(7, 22, 16, 31)(8, 24, 17, 33)(9, 23, 18, 32),  (1, 30, 10, 
21)(2, 29, 11, 20)(3, 28, 12, 19)(4, 34, 13, 25)(5, 36, 14, 27)(6, 35, 15, 
26)(7, 31, 16, 22)(8, 33, 17, 24)(9, 32, 18, 23),  ], [  (1, 5, 9, 3, 4, 8, 2, 
6, 7)(10, 14, 18, 12, 13, 17, 11, 15, 16)(19, 23, 27, 21, 22, 26, 20, 24, 
25)(28, 32, 36, 30, 31, 35, 29, 33, 34),  (1, 7, 6, 2, 8, 4, 3, 9, 5)(10, 16, 
15, 11, 17, 13, 12, 18, 14)(19, 25, 24, 20, 26, 22, 21, 27, 23)(28, 34, 33, 29, 
35, 31, 30, 36, 32),  ], [  (1, 35, 10, 26)(2, 34, 11, 25)(3, 36, 12, 27)(4, 32,
13, 23)(5, 31, 14, 22)(6, 33, 15, 24)(7, 29, 16, 20)(8, 28, 17, 19)(9, 30, 18, 
21),  (1, 26, 10, 35)(2, 25, 11, 34)(3, 27, 12, 36)(4, 23, 13, 32)(5, 22, 14, 
31)(6, 24, 15, 33)(7, 20, 16, 29)(8, 19, 17, 28)(9, 21, 18, 30),  ], [  (1, 32, 
10, 23)(2, 31, 11, 22)(3, 33, 12, 24)(4, 29, 13, 20)(5, 28, 14, 19)(6, 30, 15, 
21)(7, 36, 16, 27)(8, 35, 17, 26)(9, 34, 18, 25),  (1, 23, 10, 32)(2, 22, 11, 
31)(3, 24, 12, 33)(4, 20, 13, 29)(5, 19, 14, 28)(6, 21, 15, 30)(7, 27, 16, 
36)(8, 26, 17, 35)(9, 25, 18, 34),  ], [  (1, 31, 10, 22)(2, 33, 11, 24)(3, 32, 
12, 23)(4, 28, 13, 19)(5, 30, 14, 21)(6, 29, 15, 20)(7, 35, 16, 26)(8, 34, 17, 
25)(9, 36, 18, 27),  (1, 22, 10, 31)(2, 24, 11, 33)(3, 23, 12, 32)(4, 19, 13, 
28)(5, 21, 14, 30)(6, 20, 15, 29)(7, 26, 16, 35)(8, 25, 17, 34)(9, 27, 18, 36), 
], [  (1, 34, 10, 25)(2, 36, 11, 27)(3, 35, 12, 26)(4, 31, 13, 22)(5, 33, 14, 
24)(6, 32, 15, 23)(7, 28, 16, 19)(8, 30, 17, 21)(9, 29, 18, 20),  (1, 25, 10, 
34)(2, 27, 11, 36)(3, 26, 12, 35)(4, 22, 13, 31)(5, 24, 14, 33)(6, 23, 15, 
32)(7, 19, 16, 28)(8, 21, 17, 30)(9, 20, 18, 29),  ], [  (1, 13, 7, 12, 6, 18, 
2, 14, 8, 10, 4, 16, 3, 15, 9, 11, 5, 17)(19, 31, 25, 30, 24, 36, 20, 32, 26, 
28, 22, 34, 21, 33, 27, 29, 23, 35),  (1, 17, 5, 11, 9, 15, 3, 16, 4, 10, 8, 14,
2, 18, 6, 12, 7, 13)(19, 35, 23, 29, 27, 33, 21, 34, 22, 28, 26, 32, 20, 36, 24,
30, 25, 31),  ], [  (1, 16, 6, 11, 8, 13, 3, 18, 5, 10, 7, 15, 2, 17, 4, 12, 9, 
14)(19, 34, 24, 29, 26, 31, 21, 36, 23, 28, 25, 33, 20, 35, 22, 30, 27, 32),  
(1, 14, 9, 12, 4, 17, 2, 15, 7, 10, 5, 18, 3, 13, 8, 11, 6, 16)(19, 32, 27, 30, 
22, 35, 20, 33, 25, 28, 23, 36, 21, 31, 26, 29, 24, 34),  ], [  (1, 17, 5, 11, 
9, 15, 3, 16, 4, 10, 8, 14, 2, 18, 6, 12, 7, 13)(19, 35, 23, 29, 27, 33, 21, 34,
22, 28, 26, 32, 20, 36, 24, 30, 25, 31),  (1, 13, 7, 12, 6, 18, 2, 14, 8, 10, 4,
16, 3, 15, 9, 11, 5, 17)(19, 31, 25, 30, 24, 36, 20, 32, 26, 28, 22, 34, 21, 33,
27, 29, 23, 35),  ], [  (1, 14, 9, 12, 4, 17, 2, 15, 7, 10, 5, 18, 3, 13, 8, 11,
6, 16)(19, 32, 27, 30, 22, 35, 20, 33, 25, 28, 23, 36, 21, 31, 26, 29, 24, 34), 
(1, 16, 6, 11, 8, 13, 3, 18, 5, 10, 7, 15, 2, 17, 4, 12, 9, 14)(19, 34, 24, 29, 
26, 31, 21, 36, 23, 28, 25, 33, 20, 35, 22, 30, 27, 32),  ], [  (1, 22, 10, 
31)(2, 24, 11, 33)(3, 23, 12, 32)(4, 19, 13, 28)(5, 21, 14, 30)(6, 20, 15, 
29)(7, 26, 16, 35)(8, 25, 17, 34)(9, 27, 18, 36),  (1, 31, 10, 22)(2, 33, 11, 
24)(3, 32, 12, 23)(4, 28, 13, 19)(5, 30, 14, 21)(6, 29, 15, 20)(7, 35, 16, 
26)(8, 34, 17, 25)(9, 36, 18, 27),  ], [  (1, 25, 10, 34)(2, 27, 11, 36)(3, 26, 
12, 35)(4, 22, 13, 31)(5, 24, 14, 33)(6, 23, 15, 32)(7, 19, 16, 28)(8, 21, 17, 
30)(9, 20, 18, 29),  (1, 34, 10, 25)(2, 36, 11, 27)(3, 35, 12, 26)(4, 31, 13, 
22)(5, 33, 14, 24)(6, 32, 15, 23)(7, 28, 16, 19)(8, 30, 17, 21)(9, 29, 18, 20), 
], [  (1, 26, 10, 35)(2, 25, 11, 34)(3, 27, 12, 36)(4, 23, 13, 32)(5, 22, 14, 
31)(6, 24, 15, 33)(7, 20, 16, 29)(8, 19, 17, 28)(9, 21, 18, 30),  (1, 35, 10, 
26)(2, 34, 11, 25)(3, 36, 12, 27)(4, 32, 13, 23)(5, 31, 14, 22)(6, 33, 15, 
24)(7, 29, 16, 20)(8, 28, 17, 19)(9, 30, 18, 21),  ], [  (1, 23, 10, 32)(2, 22, 
11, 31)(3, 24, 12, 33)(4, 20, 13, 29)(5, 19, 14, 28)(6, 21, 15, 30)(7, 27, 16, 
36)(8, 26, 17, 35)(9, 25, 18, 34),  (1, 32, 10, 23)(2, 31, 11, 22)(3, 33, 12, 
24)(4, 29, 13, 20)(5, 28, 14, 19)(6, 30, 15, 21)(7, 36, 16, 27)(8, 35, 17, 
26)(9, 34, 18, 25),  ], ]
);

NCBRACES[36].brace[2] := rec ( size := 36, perms := [ [  (),  (),  ], [  (1, 19,
10, 28)(2, 21, 11, 30)(3, 20, 12, 29)(4, 26, 13, 35)(5, 25, 14, 34)(6, 27, 15, 
36)(7, 23, 16, 32)(8, 22, 17, 31)(9, 24, 18, 33),  (1, 19)(2, 21)(3, 20)(4, 
26)(5, 25)(6, 27)(7, 23)(8, 22)(9, 24)(10, 28)(11, 30)(12, 29)(13, 35)(14, 
34)(15, 36)(16, 32)(17, 31)(18, 33),  ], [  (1, 10)(2, 11)(3, 12)(4, 13)(5, 
14)(6, 15)(7, 16)(8, 17)(9, 18)(19, 28)(20, 29)(21, 30)(22, 31)(23, 32)(24, 
33)(25, 34)(26, 35)(27, 36),  (1, 10)(2, 11)(3, 12)(4, 13)(5, 14)(6, 15)(7, 
16)(8, 17)(9, 18)(19, 28)(20, 29)(21, 30)(22, 31)(23, 32)(24, 33)(25, 34)(26, 
35)(27, 36),  ], [  (1, 9, 4, 2, 7, 5, 3, 8, 6)(10, 18, 13, 11, 16, 14, 12, 17, 
15)(19, 27, 22, 20, 25, 23, 21, 26, 24)(28, 36, 31, 29, 34, 32, 30, 35, 33),  
(1, 6, 8, 3, 5, 7, 2, 4, 9)(10, 15, 17, 12, 14, 16, 11, 13, 18)(19, 24, 26, 21, 
23, 25, 20, 22, 27)(28, 33, 35, 30, 32, 34, 29, 31, 36),  ], [  (1, 2, 3)(4, 5, 
6)(7, 8, 9)(10, 11, 12)(13, 14, 15)(16, 17, 18)(19, 20, 21)(22, 23, 24)(25, 26, 
27)(28, 29, 30)(31, 32, 33)(34, 35, 36),  (1, 3, 2)(4, 6, 5)(7, 9, 8)(10, 12, 
11)(13, 15, 14)(16, 18, 17)(19, 21, 20)(22, 24, 23)(25, 27, 26)(28, 30, 29)(31, 
33, 32)(34, 36, 35),  ], [  (1, 6, 8, 3, 5, 7, 2, 4, 9)(10, 15, 17, 12, 14, 16, 
11, 13, 18)(19, 24, 26, 21, 23, 25, 20, 22, 27)(28, 33, 35, 30, 32, 34, 29, 31, 
36),  (1, 9, 4, 2, 7, 5, 3, 8, 6)(10, 18, 13, 11, 16, 14, 12, 17, 15)(19, 27, 
22, 20, 25, 23, 21, 26, 24)(28, 36, 31, 29, 34, 32, 30, 35, 33),  ], [  (1, 3, 
2)(4, 6, 5)(7, 9, 8)(10, 12, 11)(13, 15, 14)(16, 18, 17)(19, 21, 20)(22, 24, 
23)(25, 27, 26)(28, 30, 29)(31, 33, 32)(34, 36, 35),  (1, 2, 3)(4, 5, 6)(7, 8, 
9)(10, 11, 12)(13, 14, 15)(16, 17, 18)(19, 20, 21)(22, 23, 24)(25, 26, 27)(28, 
29, 30)(31, 32, 33)(34, 35, 36),  ], [  (1, 28, 10, 19)(2, 30, 11, 21)(3, 29, 
12, 20)(4, 35, 13, 26)(5, 34, 14, 25)(6, 36, 15, 27)(7, 32, 16, 23)(8, 31, 17, 
22)(9, 33, 18, 24),  (1, 28)(2, 30)(3, 29)(4, 35)(5, 34)(6, 36)(7, 32)(8, 31)(9,
33)(10, 19)(11, 21)(12, 20)(13, 26)(14, 25)(15, 27)(16, 23)(17, 22)(18, 24),  ],
[  (1, 24, 10, 33)(2, 23, 11, 32)(3, 22, 12, 31)(4, 21, 13, 30)(5, 20, 14, 
29)(6, 19, 15, 28)(7, 25, 16, 34)(8, 27, 17, 36)(9, 26, 18, 35),  (1, 24)(2, 
23)(3, 22)(4, 21)(5, 20)(6, 19)(7, 25)(8, 27)(9, 26)(10, 33)(11, 32)(12, 31)(13,
30)(14, 29)(15, 28)(16, 34)(17, 36)(18, 35),  ], [  (1, 21, 10, 30)(2, 20, 11, 
29)(3, 19, 12, 28)(4, 25, 13, 34)(5, 27, 14, 36)(6, 26, 15, 35)(7, 22, 16, 
31)(8, 24, 17, 33)(9, 23, 18, 32),  (1, 21)(2, 20)(3, 19)(4, 25)(5, 27)(6, 
26)(7, 22)(8, 24)(9, 23)(10, 30)(11, 29)(12, 28)(13, 34)(14, 36)(15, 35)(16, 
31)(17, 33)(18, 32),  ], [  (1, 27, 10, 36)(2, 26, 11, 35)(3, 25, 12, 34)(4, 24,
13, 33)(5, 23, 14, 32)(6, 22, 15, 31)(7, 21, 16, 30)(8, 20, 17, 29)(9, 19, 18, 
28),  (1, 27)(2, 26)(3, 25)(4, 24)(5, 23)(6, 22)(7, 21)(8, 20)(9, 19)(10, 
36)(11, 35)(12, 34)(13, 33)(14, 32)(15, 31)(16, 30)(17, 29)(18, 28),  ], [  (1, 
20, 10, 29)(2, 19, 11, 28)(3, 21, 12, 30)(4, 27, 13, 36)(5, 26, 14, 35)(6, 25, 
15, 34)(7, 24, 16, 33)(8, 23, 17, 32)(9, 22, 18, 31),  (1, 20)(2, 19)(3, 21)(4, 
27)(5, 26)(6, 25)(7, 24)(8, 23)(9, 22)(10, 29)(11, 28)(12, 30)(13, 36)(14, 
35)(15, 34)(16, 33)(17, 32)(18, 31),  ], [  (1, 18, 4, 11, 7, 14, 3, 17, 6, 10, 
9, 13, 2, 16, 5, 12, 8, 15)(19, 36, 22, 29, 25, 32, 21, 35, 24, 28, 27, 31, 20, 
34, 23, 30, 26, 33),  (1, 15, 8, 12, 5, 16, 2, 13, 9, 10, 6, 17, 3, 14, 7, 11, 
4, 18)(19, 33, 26, 30, 23, 34, 20, 31, 27, 28, 24, 35, 21, 32, 25, 29, 22, 36), 
], [  (1, 11, 3, 10, 2, 12)(4, 14, 6, 13, 5, 15)(7, 17, 9, 16, 8, 18)(19, 29, 
21, 28, 20, 30)(22, 32, 24, 31, 23, 33)(25, 35, 27, 34, 26, 36),  (1, 12, 2, 10,
3, 11)(4, 15, 5, 13, 6, 14)(7, 18, 8, 16, 9, 17)(19, 30, 20, 28, 21, 29)(22, 33,
23, 31, 24, 32)(25, 36, 26, 34, 27, 35),  ], [  (1, 15, 8, 12, 5, 16, 2, 13, 9, 
10, 6, 17, 3, 14, 7, 11, 4, 18)(19, 33, 26, 30, 23, 34, 20, 31, 27, 28, 24, 35, 
21, 32, 25, 29, 22, 36),  (1, 18, 4, 11, 7, 14, 3, 17, 6, 10, 9, 13, 2, 16, 5, 
12, 8, 15)(19, 36, 22, 29, 25, 32, 21, 35, 24, 28, 27, 31, 20, 34, 23, 30, 26, 
33),  ], [  (1, 12, 2, 10, 3, 11)(4, 15, 5, 13, 6, 14)(7, 18, 8, 16, 9, 17)(19, 
30, 20, 28, 21, 29)(22, 33, 23, 31, 24, 32)(25, 36, 26, 34, 27, 35),  (1, 11, 3,
10, 2, 12)(4, 14, 6, 13, 5, 15)(7, 17, 9, 16, 8, 18)(19, 29, 21, 28, 20, 30)(22,
32, 24, 31, 23, 33)(25, 35, 27, 34, 26, 36),  ], [  (1, 4, 7, 3, 6, 9, 2, 5, 
8)(10, 13, 16, 12, 15, 18, 11, 14, 17)(19, 22, 25, 21, 24, 27, 20, 23, 26)(28, 
31, 34, 30, 33, 36, 29, 32, 35),  (1, 8, 5, 2, 9, 6, 3, 7, 4)(10, 17, 14, 11, 
18, 15, 12, 16, 13)(19, 26, 23, 20, 27, 24, 21, 25, 22)(28, 35, 32, 29, 36, 33, 
30, 34, 31),  ], [  (1, 7, 6, 2, 8, 4, 3, 9, 5)(10, 16, 15, 11, 17, 13, 12, 18, 
14)(19, 25, 24, 20, 26, 22, 21, 27, 23)(28, 34, 33, 29, 35, 31, 30, 36, 32),  
(1, 5, 9, 3, 4, 8, 2, 6, 7)(10, 14, 18, 12, 13, 17, 11, 15, 16)(19, 23, 27, 21, 
22, 26, 20, 24, 25)(28, 32, 36, 30, 31, 35, 29, 33, 34),  ], [  (1, 8, 5, 2, 9, 
6, 3, 7, 4)(10, 17, 14, 11, 18, 15, 12, 16, 13)(19, 26, 23, 20, 27, 24, 21, 25, 
22)(28, 35, 32, 29, 36, 33, 30, 34, 31),  (1, 4, 7, 3, 6, 9, 2, 5, 8)(10, 13, 
16, 12, 15, 18, 11, 14, 17)(19, 22, 25, 21, 24, 27, 20, 23, 26)(28, 31, 34, 30, 
33, 36, 29, 32, 35),  ], [  (1, 5, 9, 3, 4, 8, 2, 6, 7)(10, 14, 18, 12, 13, 17, 
11, 15, 16)(19, 23, 27, 21, 22, 26, 20, 24, 25)(28, 32, 36, 30, 31, 35, 29, 33, 
34),  (1, 7, 6, 2, 8, 4, 3, 9, 5)(10, 16, 15, 11, 17, 13, 12, 18, 14)(19, 25, 
24, 20, 26, 22, 21, 27, 23)(28, 34, 33, 29, 35, 31, 30, 36, 32),  ], [  (1, 33, 
10, 24)(2, 32, 11, 23)(3, 31, 12, 22)(4, 30, 13, 21)(5, 29, 14, 20)(6, 28, 15, 
19)(7, 34, 16, 25)(8, 36, 17, 27)(9, 35, 18, 26),  (1, 33)(2, 32)(3, 31)(4, 
30)(5, 29)(6, 28)(7, 34)(8, 36)(9, 35)(10, 24)(11, 23)(12, 22)(13, 21)(14, 
20)(15, 19)(16, 25)(17, 27)(18, 26),  ], [  (1, 30, 10, 21)(2, 29, 11, 20)(3, 
28, 12, 19)(4, 34, 13, 25)(5, 36, 14, 27)(6, 35, 15, 26)(7, 31, 16, 22)(8, 33, 
17, 24)(9, 32, 18, 23),  (1, 30)(2, 29)(3, 28)(4, 34)(5, 36)(6, 35)(7, 31)(8, 
33)(9, 32)(10, 21)(11, 20)(12, 19)(13, 25)(14, 27)(15, 26)(16, 22)(17, 24)(18, 
23),  ], [  (1, 36, 10, 27)(2, 35, 11, 26)(3, 34, 12, 25)(4, 33, 13, 24)(5, 32, 
14, 23)(6, 31, 15, 22)(7, 30, 16, 21)(8, 29, 17, 20)(9, 28, 18, 19),  (1, 36)(2,
35)(3, 34)(4, 33)(5, 32)(6, 31)(7, 30)(8, 29)(9, 28)(10, 27)(11, 26)(12, 25)(13,
24)(14, 23)(15, 22)(16, 21)(17, 20)(18, 19),  ], [  (1, 29, 10, 20)(2, 28, 11, 
19)(3, 30, 12, 21)(4, 36, 13, 27)(5, 35, 14, 26)(6, 34, 15, 25)(7, 33, 16, 
24)(8, 32, 17, 23)(9, 31, 18, 22),  (1, 29)(2, 28)(3, 30)(4, 36)(5, 35)(6, 
34)(7, 33)(8, 32)(9, 31)(10, 20)(11, 19)(12, 21)(13, 27)(14, 26)(15, 25)(16, 
24)(17, 23)(18, 22),  ], [  (1, 26, 10, 35)(2, 25, 11, 34)(3, 27, 12, 36)(4, 23,
13, 32)(5, 22, 14, 31)(6, 24, 15, 33)(7, 20, 16, 29)(8, 19, 17, 28)(9, 21, 18, 
30),  (1, 26)(2, 25)(3, 27)(4, 23)(5, 22)(6, 24)(7, 20)(8, 19)(9, 21)(10, 
35)(11, 34)(12, 36)(13, 32)(14, 31)(15, 33)(16, 29)(17, 28)(18, 30),  ], [  (1, 
23, 10, 32)(2, 22, 11, 31)(3, 24, 12, 33)(4, 20, 13, 29)(5, 19, 14, 28)(6, 21, 
15, 30)(7, 27, 16, 36)(8, 26, 17, 35)(9, 25, 18, 34),  (1, 23)(2, 22)(3, 24)(4, 
20)(5, 19)(6, 21)(7, 27)(8, 26)(9, 25)(10, 32)(11, 31)(12, 33)(13, 29)(14, 
28)(15, 30)(16, 36)(17, 35)(18, 34),  ], [  (1, 22, 10, 31)(2, 24, 11, 33)(3, 
23, 12, 32)(4, 19, 13, 28)(5, 21, 14, 30)(6, 20, 15, 29)(7, 26, 16, 35)(8, 25, 
17, 34)(9, 27, 18, 36),  (1, 22)(2, 24)(3, 23)(4, 19)(5, 21)(6, 20)(7, 26)(8, 
25)(9, 27)(10, 31)(11, 33)(12, 32)(13, 28)(14, 30)(15, 29)(16, 35)(17, 34)(18, 
36),  ], [  (1, 25, 10, 34)(2, 27, 11, 36)(3, 26, 12, 35)(4, 22, 13, 31)(5, 24, 
14, 33)(6, 23, 15, 32)(7, 19, 16, 28)(8, 21, 17, 30)(9, 20, 18, 29),  (1, 25)(2,
27)(3, 26)(4, 22)(5, 24)(6, 23)(7, 19)(8, 21)(9, 20)(10, 34)(11, 36)(12, 35)(13,
31)(14, 33)(15, 32)(16, 28)(17, 30)(18, 29),  ], [  (1, 13, 7, 12, 6, 18, 2, 14,
8, 10, 4, 16, 3, 15, 9, 11, 5, 17)(19, 31, 25, 30, 24, 36, 20, 32, 26, 28, 22, 
34, 21, 33, 27, 29, 23, 35),  (1, 17, 5, 11, 9, 15, 3, 16, 4, 10, 8, 14, 2, 18, 
6, 12, 7, 13)(19, 35, 23, 29, 27, 33, 21, 34, 22, 28, 26, 32, 20, 36, 24, 30, 
25, 31),  ], [  (1, 16, 6, 11, 8, 13, 3, 18, 5, 10, 7, 15, 2, 17, 4, 12, 9, 
14)(19, 34, 24, 29, 26, 31, 21, 36, 23, 28, 25, 33, 20, 35, 22, 30, 27, 32),  
(1, 14, 9, 12, 4, 17, 2, 15, 7, 10, 5, 18, 3, 13, 8, 11, 6, 16)(19, 32, 27, 30, 
22, 35, 20, 33, 25, 28, 23, 36, 21, 31, 26, 29, 24, 34),  ], [  (1, 17, 5, 11, 
9, 15, 3, 16, 4, 10, 8, 14, 2, 18, 6, 12, 7, 13)(19, 35, 23, 29, 27, 33, 21, 34,
22, 28, 26, 32, 20, 36, 24, 30, 25, 31),  (1, 13, 7, 12, 6, 18, 2, 14, 8, 10, 4,
16, 3, 15, 9, 11, 5, 17)(19, 31, 25, 30, 24, 36, 20, 32, 26, 28, 22, 34, 21, 33,
27, 29, 23, 35),  ], [  (1, 14, 9, 12, 4, 17, 2, 15, 7, 10, 5, 18, 3, 13, 8, 11,
6, 16)(19, 32, 27, 30, 22, 35, 20, 33, 25, 28, 23, 36, 21, 31, 26, 29, 24, 34), 
(1, 16, 6, 11, 8, 13, 3, 18, 5, 10, 7, 15, 2, 17, 4, 12, 9, 14)(19, 34, 24, 29, 
26, 31, 21, 36, 23, 28, 25, 33, 20, 35, 22, 30, 27, 32),  ], [  (1, 35, 10, 
26)(2, 34, 11, 25)(3, 36, 12, 27)(4, 32, 13, 23)(5, 31, 14, 22)(6, 33, 15, 
24)(7, 29, 16, 20)(8, 28, 17, 19)(9, 30, 18, 21),  (1, 35)(2, 34)(3, 36)(4, 
32)(5, 31)(6, 33)(7, 29)(8, 28)(9, 30)(10, 26)(11, 25)(12, 27)(13, 23)(14, 
22)(15, 24)(16, 20)(17, 19)(18, 21),  ], [  (1, 32, 10, 23)(2, 31, 11, 22)(3, 
33, 12, 24)(4, 29, 13, 20)(5, 28, 14, 19)(6, 30, 15, 21)(7, 36, 16, 27)(8, 35, 
17, 26)(9, 34, 18, 25),  (1, 32)(2, 31)(3, 33)(4, 29)(5, 28)(6, 30)(7, 36)(8, 
35)(9, 34)(10, 23)(11, 22)(12, 24)(13, 20)(14, 19)(15, 21)(16, 27)(17, 26)(18, 
25),  ], [  (1, 31, 10, 22)(2, 33, 11, 24)(3, 32, 12, 23)(4, 28, 13, 19)(5, 30, 
14, 21)(6, 29, 15, 20)(7, 35, 16, 26)(8, 34, 17, 25)(9, 36, 18, 27),  (1, 31)(2,
33)(3, 32)(4, 28)(5, 30)(6, 29)(7, 35)(8, 34)(9, 36)(10, 22)(11, 24)(12, 23)(13,
19)(14, 21)(15, 20)(16, 26)(17, 25)(18, 27),  ], [  (1, 34, 10, 25)(2, 36, 11, 
27)(3, 35, 12, 26)(4, 31, 13, 22)(5, 33, 14, 24)(6, 32, 15, 23)(7, 28, 16, 
19)(8, 30, 17, 21)(9, 29, 18, 20),  (1, 34)(2, 36)(3, 35)(4, 31)(5, 33)(6, 
32)(7, 28)(8, 30)(9, 29)(10, 25)(11, 27)(12, 26)(13, 22)(14, 24)(15, 23)(16, 
19)(17, 21)(18, 20),  ], ]
);

NCBRACES[36].brace[3] := rec ( size := 36, perms := [ [  (),  (),  ], [  (1, 19,
10, 28)(2, 21, 11, 30)(3, 20, 12, 29)(4, 26, 13, 35)(5, 25, 14, 34)(6, 27, 15, 
36)(7, 23, 16, 32)(8, 22, 17, 31)(9, 24, 18, 33),  (1, 19)(2, 20)(3, 21)(4, 
22)(5, 23)(6, 24)(7, 25)(8, 26)(9, 27)(10, 28)(11, 29)(12, 30)(13, 31)(14, 
32)(15, 33)(16, 34)(17, 35)(18, 36),  ], [  (1, 10)(2, 11)(3, 12)(4, 13)(5, 
14)(6, 15)(7, 16)(8, 17)(9, 18)(19, 28)(20, 29)(21, 30)(22, 31)(23, 32)(24, 
33)(25, 34)(26, 35)(27, 36),  (1, 10)(2, 11)(3, 12)(4, 13)(5, 14)(6, 15)(7, 
16)(8, 17)(9, 18)(19, 28)(20, 29)(21, 30)(22, 31)(23, 32)(24, 33)(25, 34)(26, 
35)(27, 36),  ], [  (1, 5, 9, 3, 4, 8, 2, 6, 7)(10, 14, 18, 12, 13, 17, 11, 15, 
16)(19, 23, 27, 21, 22, 26, 20, 24, 25)(28, 32, 36, 30, 31, 35, 29, 33, 34),  
(1, 7, 6, 2, 8, 4, 3, 9, 5)(10, 16, 15, 11, 17, 13, 12, 18, 14)(19, 23, 27, 21, 
22, 26, 20, 24, 25)(28, 32, 36, 30, 31, 35, 29, 33, 34),  ], [  (1, 2, 3)(4, 5, 
6)(7, 8, 9)(10, 11, 12)(13, 14, 15)(16, 17, 18)(19, 20, 21)(22, 23, 24)(25, 26, 
27)(28, 29, 30)(31, 32, 33)(34, 35, 36),  (1, 3, 2)(4, 6, 5)(7, 9, 8)(10, 12, 
11)(13, 15, 14)(16, 18, 17)(19, 20, 21)(22, 23, 24)(25, 26, 27)(28, 29, 30)(31, 
32, 33)(34, 35, 36),  ], [  (1, 7, 6, 2, 8, 4, 3, 9, 5)(10, 16, 15, 11, 17, 13, 
12, 18, 14)(19, 25, 24, 20, 26, 22, 21, 27, 23)(28, 34, 33, 29, 35, 31, 30, 36, 
32),  (1, 5, 9, 3, 4, 8, 2, 6, 7)(10, 14, 18, 12, 13, 17, 11, 15, 16)(19, 25, 
24, 20, 26, 22, 21, 27, 23)(28, 34, 33, 29, 35, 31, 30, 36, 32),  ], [  (1, 3, 
2)(4, 6, 5)(7, 9, 8)(10, 12, 11)(13, 15, 14)(16, 18, 17)(19, 21, 20)(22, 24, 
23)(25, 27, 26)(28, 30, 29)(31, 33, 32)(34, 36, 35),  (1, 2, 3)(4, 5, 6)(7, 8, 
9)(10, 11, 12)(13, 14, 15)(16, 17, 18)(19, 21, 20)(22, 24, 23)(25, 27, 26)(28, 
30, 29)(31, 33, 32)(34, 36, 35),  ], [  (1, 28, 10, 19)(2, 30, 11, 21)(3, 29, 
12, 20)(4, 35, 13, 26)(5, 34, 14, 25)(6, 36, 15, 27)(7, 32, 16, 23)(8, 31, 17, 
22)(9, 33, 18, 24),  (1, 28)(2, 29)(3, 30)(4, 31)(5, 32)(6, 33)(7, 34)(8, 35)(9,
36)(10, 19)(11, 20)(12, 21)(13, 22)(14, 23)(15, 24)(16, 25)(17, 26)(18, 27),  ],
[  (1, 23, 10, 32)(2, 22, 11, 31)(3, 24, 12, 33)(4, 20, 13, 29)(5, 19, 14, 
28)(6, 21, 15, 30)(7, 27, 16, 36)(8, 26, 17, 35)(9, 25, 18, 34),  (1, 23)(2, 
24)(3, 22)(4, 26)(5, 27)(6, 25)(7, 19)(8, 20)(9, 21)(10, 32)(11, 33)(12, 31)(13,
35)(14, 36)(15, 34)(16, 28)(17, 29)(18, 30),  ], [  (1, 20, 10, 29)(2, 19, 11, 
28)(3, 21, 12, 30)(4, 27, 13, 36)(5, 26, 14, 35)(6, 25, 15, 34)(7, 24, 16, 
33)(8, 23, 17, 32)(9, 22, 18, 31),  (1, 20)(2, 21)(3, 19)(4, 23)(5, 24)(6, 
22)(7, 26)(8, 27)(9, 25)(10, 29)(11, 30)(12, 28)(13, 32)(14, 33)(15, 31)(16, 
35)(17, 36)(18, 34),  ], [  (1, 25, 10, 34)(2, 27, 11, 36)(3, 26, 12, 35)(4, 22,
13, 31)(5, 24, 14, 33)(6, 23, 15, 32)(7, 19, 16, 28)(8, 21, 17, 30)(9, 20, 18, 
29),  (1, 25)(2, 26)(3, 27)(4, 21)(5, 19)(6, 20)(7, 24)(8, 22)(9, 23)(10, 
34)(11, 35)(12, 36)(13, 30)(14, 28)(15, 29)(16, 33)(17, 31)(18, 32),  ], [  (1, 
21, 10, 30)(2, 20, 11, 29)(3, 19, 12, 28)(4, 25, 13, 34)(5, 27, 14, 36)(6, 26, 
15, 35)(7, 22, 16, 31)(8, 24, 17, 33)(9, 23, 18, 32),  (1, 21)(2, 19)(3, 20)(4, 
24)(5, 22)(6, 23)(7, 27)(8, 25)(9, 26)(10, 30)(11, 28)(12, 29)(13, 33)(14, 
31)(15, 32)(16, 36)(17, 34)(18, 35),  ], [  (1, 14, 9, 12, 4, 17, 2, 15, 7, 10, 
5, 18, 3, 13, 8, 11, 6, 16)(19, 32, 27, 30, 22, 35, 20, 33, 25, 28, 23, 36, 21, 
31, 26, 29, 24, 34),  (1, 16, 6, 11, 8, 13, 3, 18, 5, 10, 7, 15, 2, 17, 4, 12, 
9, 14)(19, 32, 27, 30, 22, 35, 20, 33, 25, 28, 23, 36, 21, 31, 26, 29, 24, 34), 
], [  (1, 11, 3, 10, 2, 12)(4, 14, 6, 13, 5, 15)(7, 17, 9, 16, 8, 18)(19, 29, 
21, 28, 20, 30)(22, 32, 24, 31, 23, 33)(25, 35, 27, 34, 26, 36),  (1, 12, 2, 10,
3, 11)(4, 15, 5, 13, 6, 14)(7, 18, 8, 16, 9, 17)(19, 29, 21, 28, 20, 30)(22, 32,
24, 31, 23, 33)(25, 35, 27, 34, 26, 36),  ], [  (1, 16, 6, 11, 8, 13, 3, 18, 5, 
10, 7, 15, 2, 17, 4, 12, 9, 14)(19, 34, 24, 29, 26, 31, 21, 36, 23, 28, 25, 33, 
20, 35, 22, 30, 27, 32),  (1, 14, 9, 12, 4, 17, 2, 15, 7, 10, 5, 18, 3, 13, 8, 
11, 6, 16)(19, 34, 24, 29, 26, 31, 21, 36, 23, 28, 25, 33, 20, 35, 22, 30, 27, 
32),  ], [  (1, 12, 2, 10, 3, 11)(4, 15, 5, 13, 6, 14)(7, 18, 8, 16, 9, 17)(19, 
30, 20, 28, 21, 29)(22, 33, 23, 31, 24, 32)(25, 36, 26, 34, 27, 35),  (1, 11, 3,
10, 2, 12)(4, 14, 6, 13, 5, 15)(7, 17, 9, 16, 8, 18)(19, 30, 20, 28, 21, 29)(22,
33, 23, 31, 24, 32)(25, 36, 26, 34, 27, 35),  ], [  (1, 9, 4, 2, 7, 5, 3, 8, 
6)(10, 18, 13, 11, 16, 14, 12, 17, 15)(19, 27, 22, 20, 25, 23, 21, 26, 24)(28, 
36, 31, 29, 34, 32, 30, 35, 33),  (1, 6, 8, 3, 5, 7, 2, 4, 9)(10, 15, 17, 12, 
14, 16, 11, 13, 18)(19, 27, 22, 20, 25, 23, 21, 26, 24)(28, 36, 31, 29, 34, 32, 
30, 35, 33),  ], [  (1, 6, 8, 3, 5, 7, 2, 4, 9)(10, 15, 17, 12, 14, 16, 11, 13, 
18)(19, 24, 26, 21, 23, 25, 20, 22, 27)(28, 33, 35, 30, 32, 34, 29, 31, 36),  
(1, 9, 4, 2, 7, 5, 3, 8, 6)(10, 18, 13, 11, 16, 14, 12, 17, 15)(19, 24, 26, 21, 
23, 25, 20, 22, 27)(28, 33, 35, 30, 32, 34, 29, 31, 36),  ], [  (1, 4, 7, 3, 6, 
9, 2, 5, 8)(10, 13, 16, 12, 15, 18, 11, 14, 17)(19, 22, 25, 21, 24, 27, 20, 23, 
26)(28, 31, 34, 30, 33, 36, 29, 32, 35),  (1, 8, 5, 2, 9, 6, 3, 7, 4)(10, 17, 
14, 11, 18, 15, 12, 16, 13)(19, 22, 25, 21, 24, 27, 20, 23, 26)(28, 31, 34, 30, 
33, 36, 29, 32, 35),  ], [  (1, 8, 5, 2, 9, 6, 3, 7, 4)(10, 17, 14, 11, 18, 15, 
12, 16, 13)(19, 26, 23, 20, 27, 24, 21, 25, 22)(28, 35, 32, 29, 36, 33, 30, 34, 
31),  (1, 4, 7, 3, 6, 9, 2, 5, 8)(10, 13, 16, 12, 15, 18, 11, 14, 17)(19, 26, 
23, 20, 27, 24, 21, 25, 22)(28, 35, 32, 29, 36, 33, 30, 34, 31),  ], [  (1, 32, 
10, 23)(2, 31, 11, 22)(3, 33, 12, 24)(4, 29, 13, 20)(5, 28, 14, 19)(6, 30, 15, 
21)(7, 36, 16, 27)(8, 35, 17, 26)(9, 34, 18, 25),  (1, 32)(2, 33)(3, 31)(4, 
35)(5, 36)(6, 34)(7, 28)(8, 29)(9, 30)(10, 23)(11, 24)(12, 22)(13, 26)(14, 
27)(15, 25)(16, 19)(17, 20)(18, 21),  ], [  (1, 29, 10, 20)(2, 28, 11, 19)(3, 
30, 12, 21)(4, 36, 13, 27)(5, 35, 14, 26)(6, 34, 15, 25)(7, 33, 16, 24)(8, 32, 
17, 23)(9, 31, 18, 22),  (1, 29)(2, 30)(3, 28)(4, 32)(5, 33)(6, 31)(7, 35)(8, 
36)(9, 34)(10, 20)(11, 21)(12, 19)(13, 23)(14, 24)(15, 22)(16, 26)(17, 27)(18, 
25),  ], [  (1, 34, 10, 25)(2, 36, 11, 27)(3, 35, 12, 26)(4, 31, 13, 22)(5, 33, 
14, 24)(6, 32, 15, 23)(7, 28, 16, 19)(8, 30, 17, 21)(9, 29, 18, 20),  (1, 34)(2,
35)(3, 36)(4, 30)(5, 28)(6, 29)(7, 33)(8, 31)(9, 32)(10, 25)(11, 26)(12, 27)(13,
21)(14, 19)(15, 20)(16, 24)(17, 22)(18, 23),  ], [  (1, 30, 10, 21)(2, 29, 11, 
20)(3, 28, 12, 19)(4, 34, 13, 25)(5, 36, 14, 27)(6, 35, 15, 26)(7, 31, 16, 
22)(8, 33, 17, 24)(9, 32, 18, 23),  (1, 30)(2, 28)(3, 29)(4, 33)(5, 31)(6, 
32)(7, 36)(8, 34)(9, 35)(10, 21)(11, 19)(12, 20)(13, 24)(14, 22)(15, 23)(16, 
27)(17, 25)(18, 26),  ], [  (1, 27, 10, 36)(2, 26, 11, 35)(3, 25, 12, 34)(4, 24,
13, 33)(5, 23, 14, 32)(6, 22, 15, 31)(7, 21, 16, 30)(8, 20, 17, 29)(9, 19, 18, 
28),  (1, 27)(2, 25)(3, 26)(4, 20)(5, 21)(6, 19)(7, 23)(8, 24)(9, 22)(10, 
36)(11, 34)(12, 35)(13, 29)(14, 30)(15, 28)(16, 32)(17, 33)(18, 31),  ], [  (1, 
24, 10, 33)(2, 23, 11, 32)(3, 22, 12, 31)(4, 21, 13, 30)(5, 20, 14, 29)(6, 19, 
15, 28)(7, 25, 16, 34)(8, 27, 17, 36)(9, 26, 18, 35),  (1, 24)(2, 22)(3, 23)(4, 
27)(5, 25)(6, 26)(7, 20)(8, 21)(9, 19)(10, 33)(11, 31)(12, 32)(13, 36)(14, 
34)(15, 35)(16, 29)(17, 30)(18, 28),  ], [  (1, 22, 10, 31)(2, 24, 11, 33)(3, 
23, 12, 32)(4, 19, 13, 28)(5, 21, 14, 30)(6, 20, 15, 29)(7, 26, 16, 35)(8, 25, 
17, 34)(9, 27, 18, 36),  (1, 22)(2, 23)(3, 24)(4, 25)(5, 26)(6, 27)(7, 21)(8, 
19)(9, 20)(10, 31)(11, 32)(12, 33)(13, 34)(14, 35)(15, 36)(16, 30)(17, 28)(18, 
29),  ], [  (1, 26, 10, 35)(2, 25, 11, 34)(3, 27, 12, 36)(4, 23, 13, 32)(5, 22, 
14, 31)(6, 24, 15, 33)(7, 20, 16, 29)(8, 19, 17, 28)(9, 21, 18, 30),  (1, 26)(2,
27)(3, 25)(4, 19)(5, 20)(6, 21)(7, 22)(8, 23)(9, 24)(10, 35)(11, 36)(12, 34)(13,
28)(14, 29)(15, 30)(16, 31)(17, 32)(18, 33),  ], [  (1, 18, 4, 11, 7, 14, 3, 17,
6, 10, 9, 13, 2, 16, 5, 12, 8, 15)(19, 36, 22, 29, 25, 32, 21, 35, 24, 28, 27, 
31, 20, 34, 23, 30, 26, 33),  (1, 15, 8, 12, 5, 16, 2, 13, 9, 10, 6, 17, 3, 14, 
7, 11, 4, 18)(19, 36, 22, 29, 25, 32, 21, 35, 24, 28, 27, 31, 20, 34, 23, 30, 
26, 33),  ], [  (1, 15, 8, 12, 5, 16, 2, 13, 9, 10, 6, 17, 3, 14, 7, 11, 4, 
18)(19, 33, 26, 30, 23, 34, 20, 31, 27, 28, 24, 35, 21, 32, 25, 29, 22, 36),  
(1, 18, 4, 11, 7, 14, 3, 17, 6, 10, 9, 13, 2, 16, 5, 12, 8, 15)(19, 33, 26, 30, 
23, 34, 20, 31, 27, 28, 24, 35, 21, 32, 25, 29, 22, 36),  ], [  (1, 13, 7, 12, 
6, 18, 2, 14, 8, 10, 4, 16, 3, 15, 9, 11, 5, 17)(19, 31, 25, 30, 24, 36, 20, 32,
26, 28, 22, 34, 21, 33, 27, 29, 23, 35),  (1, 17, 5, 11, 9, 15, 3, 16, 4, 10, 8,
14, 2, 18, 6, 12, 7, 13)(19, 31, 25, 30, 24, 36, 20, 32, 26, 28, 22, 34, 21, 33,
27, 29, 23, 35),  ], [  (1, 17, 5, 11, 9, 15, 3, 16, 4, 10, 8, 14, 2, 18, 6, 12,
7, 13)(19, 35, 23, 29, 27, 33, 21, 34, 22, 28, 26, 32, 20, 36, 24, 30, 25, 31), 
(1, 13, 7, 12, 6, 18, 2, 14, 8, 10, 4, 16, 3, 15, 9, 11, 5, 17)(19, 35, 23, 29, 
27, 33, 21, 34, 22, 28, 26, 32, 20, 36, 24, 30, 25, 31),  ], [  (1, 36, 10, 
27)(2, 35, 11, 26)(3, 34, 12, 25)(4, 33, 13, 24)(5, 32, 14, 23)(6, 31, 15, 
22)(7, 30, 16, 21)(8, 29, 17, 20)(9, 28, 18, 19),  (1, 36)(2, 34)(3, 35)(4, 
29)(5, 30)(6, 28)(7, 32)(8, 33)(9, 31)(10, 27)(11, 25)(12, 26)(13, 20)(14, 
21)(15, 19)(16, 23)(17, 24)(18, 22),  ], [  (1, 33, 10, 24)(2, 32, 11, 23)(3, 
31, 12, 22)(4, 30, 13, 21)(5, 29, 14, 20)(6, 28, 15, 19)(7, 34, 16, 25)(8, 36, 
17, 27)(9, 35, 18, 26),  (1, 33)(2, 31)(3, 32)(4, 36)(5, 34)(6, 35)(7, 29)(8, 
30)(9, 28)(10, 24)(11, 22)(12, 23)(13, 27)(14, 25)(15, 26)(16, 20)(17, 21)(18, 
19),  ], [  (1, 31, 10, 22)(2, 33, 11, 24)(3, 32, 12, 23)(4, 28, 13, 19)(5, 30, 
14, 21)(6, 29, 15, 20)(7, 35, 16, 26)(8, 34, 17, 25)(9, 36, 18, 27),  (1, 31)(2,
32)(3, 33)(4, 34)(5, 35)(6, 36)(7, 30)(8, 28)(9, 29)(10, 22)(11, 23)(12, 24)(13,
25)(14, 26)(15, 27)(16, 21)(17, 19)(18, 20),  ], [  (1, 35, 10, 26)(2, 34, 11, 
25)(3, 36, 12, 27)(4, 32, 13, 23)(5, 31, 14, 22)(6, 33, 15, 24)(7, 29, 16, 
20)(8, 28, 17, 19)(9, 30, 18, 21),  (1, 35)(2, 36)(3, 34)(4, 28)(5, 29)(6, 
30)(7, 31)(8, 32)(9, 33)(10, 26)(11, 27)(12, 25)(13, 19)(14, 20)(15, 21)(16, 
22)(17, 23)(18, 24),  ], ]
);

NCBRACES[36].brace[4] := rec ( size := 36, perms := [ [  (),  (),  ], [  (1, 28,
10, 19)(2, 30, 11, 21)(3, 29, 12, 20)(4, 35, 13, 26)(5, 34, 14, 25)(6, 36, 15, 
27)(7, 32, 16, 23)(8, 31, 17, 22)(9, 33, 18, 24),  (1, 19, 10, 28)(2, 20, 11, 
29)(3, 21, 12, 30)(4, 22, 13, 31)(5, 23, 14, 32)(6, 24, 15, 33)(7, 25, 16, 
34)(8, 26, 17, 35)(9, 27, 18, 36),  ], [  (1, 10)(2, 11)(3, 12)(4, 13)(5, 14)(6,
15)(7, 16)(8, 17)(9, 18)(19, 28)(20, 29)(21, 30)(22, 31)(23, 32)(24, 33)(25, 
34)(26, 35)(27, 36),  (1, 10)(2, 11)(3, 12)(4, 13)(5, 14)(6, 15)(7, 16)(8, 
17)(9, 18)(19, 28)(20, 29)(21, 30)(22, 31)(23, 32)(24, 33)(25, 34)(26, 35)(27, 
36),  ], [  (1, 5, 9, 3, 4, 8, 2, 6, 7)(10, 14, 18, 12, 13, 17, 11, 15, 16)(19, 
23, 27, 21, 22, 26, 20, 24, 25)(28, 32, 36, 30, 31, 35, 29, 33, 34),  (1, 7, 6, 
2, 8, 4, 3, 9, 5)(10, 16, 15, 11, 17, 13, 12, 18, 14)(19, 23, 27, 21, 22, 26, 
20, 24, 25)(28, 32, 36, 30, 31, 35, 29, 33, 34),  ], [  (1, 2, 3)(4, 5, 6)(7, 8,
9)(10, 11, 12)(13, 14, 15)(16, 17, 18)(19, 20, 21)(22, 23, 24)(25, 26, 27)(28, 
29, 30)(31, 32, 33)(34, 35, 36),  (1, 3, 2)(4, 6, 5)(7, 9, 8)(10, 12, 11)(13, 
15, 14)(16, 18, 17)(19, 20, 21)(22, 23, 24)(25, 26, 27)(28, 29, 30)(31, 32, 
33)(34, 35, 36),  ], [  (1, 19, 10, 28)(2, 21, 11, 30)(3, 20, 12, 29)(4, 26, 13,
35)(5, 25, 14, 34)(6, 27, 15, 36)(7, 23, 16, 32)(8, 22, 17, 31)(9, 24, 18, 33), 
(1, 28, 10, 19)(2, 29, 11, 20)(3, 30, 12, 21)(4, 31, 13, 22)(5, 32, 14, 23)(6, 
33, 15, 24)(7, 34, 16, 25)(8, 35, 17, 26)(9, 36, 18, 27),  ], [  (1, 7, 6, 2, 8,
4, 3, 9, 5)(10, 16, 15, 11, 17, 13, 12, 18, 14)(19, 25, 24, 20, 26, 22, 21, 27, 
23)(28, 34, 33, 29, 35, 31, 30, 36, 32),  (1, 5, 9, 3, 4, 8, 2, 6, 7)(10, 14, 
18, 12, 13, 17, 11, 15, 16)(19, 25, 24, 20, 26, 22, 21, 27, 23)(28, 34, 33, 29, 
35, 31, 30, 36, 32),  ], [  (1, 3, 2)(4, 6, 5)(7, 9, 8)(10, 12, 11)(13, 15, 
14)(16, 18, 17)(19, 21, 20)(22, 24, 23)(25, 27, 26)(28, 30, 29)(31, 33, 32)(34, 
36, 35),  (1, 2, 3)(4, 5, 6)(7, 8, 9)(10, 11, 12)(13, 14, 15)(16, 17, 18)(19, 
21, 20)(22, 24, 23)(25, 27, 26)(28, 30, 29)(31, 33, 32)(34, 36, 35),  ], [  (1, 
32, 10, 23)(2, 31, 11, 22)(3, 33, 12, 24)(4, 29, 13, 20)(5, 28, 14, 19)(6, 30, 
15, 21)(7, 36, 16, 27)(8, 35, 17, 26)(9, 34, 18, 25),  (1, 23, 10, 32)(2, 24, 
11, 33)(3, 22, 12, 31)(4, 26, 13, 35)(5, 27, 14, 36)(6, 25, 15, 34)(7, 19, 16, 
28)(8, 20, 17, 29)(9, 21, 18, 30),  ], [  (1, 29, 10, 20)(2, 28, 11, 19)(3, 30, 
12, 21)(4, 36, 13, 27)(5, 35, 14, 26)(6, 34, 15, 25)(7, 33, 16, 24)(8, 32, 17, 
23)(9, 31, 18, 22),  (1, 20, 10, 29)(2, 21, 11, 30)(3, 19, 12, 28)(4, 23, 13, 
32)(5, 24, 14, 33)(6, 22, 15, 31)(7, 26, 16, 35)(8, 27, 17, 36)(9, 25, 18, 34), 
], [  (1, 34, 10, 25)(2, 36, 11, 27)(3, 35, 12, 26)(4, 31, 13, 22)(5, 33, 14, 
24)(6, 32, 15, 23)(7, 28, 16, 19)(8, 30, 17, 21)(9, 29, 18, 20),  (1, 25, 10, 
34)(2, 26, 11, 35)(3, 27, 12, 36)(4, 21, 13, 30)(5, 19, 14, 28)(6, 20, 15, 
29)(7, 24, 16, 33)(8, 22, 17, 31)(9, 23, 18, 32),  ], [  (1, 30, 10, 21)(2, 29, 
11, 20)(3, 28, 12, 19)(4, 34, 13, 25)(5, 36, 14, 27)(6, 35, 15, 26)(7, 31, 16, 
22)(8, 33, 17, 24)(9, 32, 18, 23),  (1, 21, 10, 30)(2, 19, 11, 28)(3, 20, 12, 
29)(4, 24, 13, 33)(5, 22, 14, 31)(6, 23, 15, 32)(7, 27, 16, 36)(8, 25, 17, 
34)(9, 26, 18, 35),  ], [  (1, 14, 9, 12, 4, 17, 2, 15, 7, 10, 5, 18, 3, 13, 8, 
11, 6, 16)(19, 32, 27, 30, 22, 35, 20, 33, 25, 28, 23, 36, 21, 31, 26, 29, 24, 
34),  (1, 16, 6, 11, 8, 13, 3, 18, 5, 10, 7, 15, 2, 17, 4, 12, 9, 14)(19, 32, 
27, 30, 22, 35, 20, 33, 25, 28, 23, 36, 21, 31, 26, 29, 24, 34),  ], [  (1, 11, 
3, 10, 2, 12)(4, 14, 6, 13, 5, 15)(7, 17, 9, 16, 8, 18)(19, 29, 21, 28, 20, 
30)(22, 32, 24, 31, 23, 33)(25, 35, 27, 34, 26, 36),  (1, 12, 2, 10, 3, 11)(4, 
15, 5, 13, 6, 14)(7, 18, 8, 16, 9, 17)(19, 29, 21, 28, 20, 30)(22, 32, 24, 31, 
23, 33)(25, 35, 27, 34, 26, 36),  ], [  (1, 16, 6, 11, 8, 13, 3, 18, 5, 10, 7, 
15, 2, 17, 4, 12, 9, 14)(19, 34, 24, 29, 26, 31, 21, 36, 23, 28, 25, 33, 20, 35,
22, 30, 27, 32),  (1, 14, 9, 12, 4, 17, 2, 15, 7, 10, 5, 18, 3, 13, 8, 11, 6, 
16)(19, 34, 24, 29, 26, 31, 21, 36, 23, 28, 25, 33, 20, 35, 22, 30, 27, 32),  ],
[  (1, 12, 2, 10, 3, 11)(4, 15, 5, 13, 6, 14)(7, 18, 8, 16, 9, 17)(19, 30, 20, 
28, 21, 29)(22, 33, 23, 31, 24, 32)(25, 36, 26, 34, 27, 35),  (1, 11, 3, 10, 2, 
12)(4, 14, 6, 13, 5, 15)(7, 17, 9, 16, 8, 18)(19, 30, 20, 28, 21, 29)(22, 33, 
23, 31, 24, 32)(25, 36, 26, 34, 27, 35),  ], [  (1, 9, 4, 2, 7, 5, 3, 8, 6)(10, 
18, 13, 11, 16, 14, 12, 17, 15)(19, 27, 22, 20, 25, 23, 21, 26, 24)(28, 36, 31, 
29, 34, 32, 30, 35, 33),  (1, 6, 8, 3, 5, 7, 2, 4, 9)(10, 15, 17, 12, 14, 16, 
11, 13, 18)(19, 27, 22, 20, 25, 23, 21, 26, 24)(28, 36, 31, 29, 34, 32, 30, 35, 
33),  ], [  (1, 6, 8, 3, 5, 7, 2, 4, 9)(10, 15, 17, 12, 14, 16, 11, 13, 18)(19, 
24, 26, 21, 23, 25, 20, 22, 27)(28, 33, 35, 30, 32, 34, 29, 31, 36),  (1, 9, 4, 
2, 7, 5, 3, 8, 6)(10, 18, 13, 11, 16, 14, 12, 17, 15)(19, 24, 26, 21, 23, 25, 
20, 22, 27)(28, 33, 35, 30, 32, 34, 29, 31, 36),  ], [  (1, 25, 10, 34)(2, 27, 
11, 36)(3, 26, 12, 35)(4, 22, 13, 31)(5, 24, 14, 33)(6, 23, 15, 32)(7, 19, 16, 
28)(8, 21, 17, 30)(9, 20, 18, 29),  (1, 34, 10, 25)(2, 35, 11, 26)(3, 36, 12, 
27)(4, 30, 13, 21)(5, 28, 14, 19)(6, 29, 15, 20)(7, 33, 16, 24)(8, 31, 17, 
22)(9, 32, 18, 23),  ], [  (1, 4, 7, 3, 6, 9, 2, 5, 8)(10, 13, 16, 12, 15, 18, 
11, 14, 17)(19, 22, 25, 21, 24, 27, 20, 23, 26)(28, 31, 34, 30, 33, 36, 29, 32, 
35),  (1, 8, 5, 2, 9, 6, 3, 7, 4)(10, 17, 14, 11, 18, 15, 12, 16, 13)(19, 22, 
25, 21, 24, 27, 20, 23, 26)(28, 31, 34, 30, 33, 36, 29, 32, 35),  ], [  (1, 21, 
10, 30)(2, 20, 11, 29)(3, 19, 12, 28)(4, 25, 13, 34)(5, 27, 14, 36)(6, 26, 15, 
35)(7, 22, 16, 31)(8, 24, 17, 33)(9, 23, 18, 32),  (1, 30, 10, 21)(2, 28, 11, 
19)(3, 29, 12, 20)(4, 33, 13, 24)(5, 31, 14, 22)(6, 32, 15, 23)(7, 36, 16, 
27)(8, 34, 17, 25)(9, 35, 18, 26),  ], [  (1, 8, 5, 2, 9, 6, 3, 7, 4)(10, 17, 
14, 11, 18, 15, 12, 16, 13)(19, 26, 23, 20, 27, 24, 21, 25, 22)(28, 35, 32, 29, 
36, 33, 30, 34, 31),  (1, 4, 7, 3, 6, 9, 2, 5, 8)(10, 13, 16, 12, 15, 18, 11, 
14, 17)(19, 26, 23, 20, 27, 24, 21, 25, 22)(28, 35, 32, 29, 36, 33, 30, 34, 31),
], [  (1, 23, 10, 32)(2, 22, 11, 31)(3, 24, 12, 33)(4, 20, 13, 29)(5, 19, 14, 
28)(6, 21, 15, 30)(7, 27, 16, 36)(8, 26, 17, 35)(9, 25, 18, 34),  (1, 32, 10, 
23)(2, 33, 11, 24)(3, 31, 12, 22)(4, 35, 13, 26)(5, 36, 14, 27)(6, 34, 15, 
25)(7, 28, 16, 19)(8, 29, 17, 20)(9, 30, 18, 21),  ], [  (1, 20, 10, 29)(2, 19, 
11, 28)(3, 21, 12, 30)(4, 27, 13, 36)(5, 26, 14, 35)(6, 25, 15, 34)(7, 24, 16, 
33)(8, 23, 17, 32)(9, 22, 18, 31),  (1, 29, 10, 20)(2, 30, 11, 21)(3, 28, 12, 
19)(4, 32, 13, 23)(5, 33, 14, 24)(6, 31, 15, 22)(7, 35, 16, 26)(8, 36, 17, 
27)(9, 34, 18, 25),  ], [  (1, 36, 10, 27)(2, 35, 11, 26)(3, 34, 12, 25)(4, 33, 
13, 24)(5, 32, 14, 23)(6, 31, 15, 22)(7, 30, 16, 21)(8, 29, 17, 20)(9, 28, 18, 
19),  (1, 27, 10, 36)(2, 25, 11, 34)(3, 26, 12, 35)(4, 20, 13, 29)(5, 21, 14, 
30)(6, 19, 15, 28)(7, 23, 16, 32)(8, 24, 17, 33)(9, 22, 18, 31),  ], [  (1, 33, 
10, 24)(2, 32, 11, 23)(3, 31, 12, 22)(4, 30, 13, 21)(5, 29, 14, 20)(6, 28, 15, 
19)(7, 34, 16, 25)(8, 36, 17, 27)(9, 35, 18, 26),  (1, 24, 10, 33)(2, 22, 11, 
31)(3, 23, 12, 32)(4, 27, 13, 36)(5, 25, 14, 34)(6, 26, 15, 35)(7, 20, 16, 
29)(8, 21, 17, 30)(9, 19, 18, 28),  ], [  (1, 31, 10, 22)(2, 33, 11, 24)(3, 32, 
12, 23)(4, 28, 13, 19)(5, 30, 14, 21)(6, 29, 15, 20)(7, 35, 16, 26)(8, 34, 17, 
25)(9, 36, 18, 27),  (1, 22, 10, 31)(2, 23, 11, 32)(3, 24, 12, 33)(4, 25, 13, 
34)(5, 26, 14, 35)(6, 27, 15, 36)(7, 21, 16, 30)(8, 19, 17, 28)(9, 20, 18, 29), 
], [  (1, 35, 10, 26)(2, 34, 11, 25)(3, 36, 12, 27)(4, 32, 13, 23)(5, 31, 14, 
22)(6, 33, 15, 24)(7, 29, 16, 20)(8, 28, 17, 19)(9, 30, 18, 21),  (1, 26, 10, 
35)(2, 27, 11, 36)(3, 25, 12, 34)(4, 19, 13, 28)(5, 20, 14, 29)(6, 21, 15, 
30)(7, 22, 16, 31)(8, 23, 17, 32)(9, 24, 18, 33),  ], [  (1, 18, 4, 11, 7, 14, 
3, 17, 6, 10, 9, 13, 2, 16, 5, 12, 8, 15)(19, 36, 22, 29, 25, 32, 21, 35, 24, 
28, 27, 31, 20, 34, 23, 30, 26, 33),  (1, 15, 8, 12, 5, 16, 2, 13, 9, 10, 6, 17,
3, 14, 7, 11, 4, 18)(19, 36, 22, 29, 25, 32, 21, 35, 24, 28, 27, 31, 20, 34, 23,
30, 26, 33),  ], [  (1, 15, 8, 12, 5, 16, 2, 13, 9, 10, 6, 17, 3, 14, 7, 11, 4, 
18)(19, 33, 26, 30, 23, 34, 20, 31, 27, 28, 24, 35, 21, 32, 25, 29, 22, 36),  
(1, 18, 4, 11, 7, 14, 3, 17, 6, 10, 9, 13, 2, 16, 5, 12, 8, 15)(19, 33, 26, 30, 
23, 34, 20, 31, 27, 28, 24, 35, 21, 32, 25, 29, 22, 36),  ], [  (1, 13, 7, 12, 
6, 18, 2, 14, 8, 10, 4, 16, 3, 15, 9, 11, 5, 17)(19, 31, 25, 30, 24, 36, 20, 32,
26, 28, 22, 34, 21, 33, 27, 29, 23, 35),  (1, 17, 5, 11, 9, 15, 3, 16, 4, 10, 8,
14, 2, 18, 6, 12, 7, 13)(19, 31, 25, 30, 24, 36, 20, 32, 26, 28, 22, 34, 21, 33,
27, 29, 23, 35),  ], [  (1, 17, 5, 11, 9, 15, 3, 16, 4, 10, 8, 14, 2, 18, 6, 12,
7, 13)(19, 35, 23, 29, 27, 33, 21, 34, 22, 28, 26, 32, 20, 36, 24, 30, 25, 31), 
(1, 13, 7, 12, 6, 18, 2, 14, 8, 10, 4, 16, 3, 15, 9, 11, 5, 17)(19, 35, 23, 29, 
27, 33, 21, 34, 22, 28, 26, 32, 20, 36, 24, 30, 25, 31),  ], [  (1, 24, 10, 
33)(2, 23, 11, 32)(3, 22, 12, 31)(4, 21, 13, 30)(5, 20, 14, 29)(6, 19, 15, 
28)(7, 25, 16, 34)(8, 27, 17, 36)(9, 26, 18, 35),  (1, 33, 10, 24)(2, 31, 11, 
22)(3, 32, 12, 23)(4, 36, 13, 27)(5, 34, 14, 25)(6, 35, 15, 26)(7, 29, 16, 
20)(8, 30, 17, 21)(9, 28, 18, 19),  ], [  (1, 27, 10, 36)(2, 26, 11, 35)(3, 25, 
12, 34)(4, 24, 13, 33)(5, 23, 14, 32)(6, 22, 15, 31)(7, 21, 16, 30)(8, 20, 17, 
29)(9, 19, 18, 28),  (1, 36, 10, 27)(2, 34, 11, 25)(3, 35, 12, 26)(4, 29, 13, 
20)(5, 30, 14, 21)(6, 28, 15, 19)(7, 32, 16, 23)(8, 33, 17, 24)(9, 31, 18, 22), 
], [  (1, 26, 10, 35)(2, 25, 11, 34)(3, 27, 12, 36)(4, 23, 13, 32)(5, 22, 14, 
31)(6, 24, 15, 33)(7, 20, 16, 29)(8, 19, 17, 28)(9, 21, 18, 30),  (1, 35, 10, 
26)(2, 36, 11, 27)(3, 34, 12, 25)(4, 28, 13, 19)(5, 29, 14, 20)(6, 30, 15, 
