NCBRACES[657]:=[rec(
gadd:=
[(1,220,439,74,293,512,147,366,585)(2,228,503,75,301,576,148,
374,649)(3,236,494,76,309,567,149,382,640)(4,244,485,77,
317,558,150,390,631)(5,252,476,78,325,549,151,398,622)
(6,260,467,79,333,540,152,406,613)(7,268,458,80,341,531,153,
414,604)(8,276,449,81,349,522,154,422,595)(9,284,440,82,
357,513,155,430,586)(10,292,504,83,365,577,156,438,650)
(11,227,495,84,300,568,157,373,641)(12,235,486,85,308,559,158,
381,632)(13,243,477,86,316,550,159,389,623)(14,251,468,87,
324,541,160,397,614)(15,259,459,88,332,532,161,405,605)
(16,267,450,89,340,523,162,413,596)(17,275,441,90,348,514,163,
421,587)(18,283,505,91,356,578,164,429,651)(19,291,496,92,
364,569,165,437,642)(20,226,487,93,299,560,166,372,633)
(21,234,478,94,307,551,167,380,624)(22,242,469,95,315,542,168,
388,615)(23,250,460,96,323,533,169,396,606)(24,258,451,97,
331,524,170,404,597)(25,266,442,98,339,515,171,412,588)
(26,274,506,99,347,579,172,420,652)(27,282,497,100,355,570,173,
428,643)(28,290,488,101,363,561,174,436,634)(29,225,479,102,
298,552,175,371,625)(30,233,470,103,306,543,176,379,616)
(31,241,461,104,314,534,177,387,607)(32,249,452,105,322,525,178,
395,598)(33,257,443,106,330,516,179,403,589)(34,265,507,107,
338,580,180,411,653)(35,273,498,108,346,571,181,419,644)
(36,281,489,109,354,562,182,427,635)(37,289,480,110,362,553,183,
435,626)(38,224,471,111,297,544,184,370,617)(39,232,462,112,
305,535,185,378,608)(40,240,453,113,313,526,186,386,599)
(41,248,444,114,321,517,187,394,590)(42,256,508,115,329,581,188,
402,654)(43,264,499,116,337,572,189,410,645)(44,272,490,117,
345,563,190,418,636)(45,280,481,118,353,554,191,426,627)
(46,288,472,119,361,545,192,434,618)(47,223,463,120,296,536,193,
369,609)(48,231,454,121,304,527,194,377,600)(49,239,445,122,
312,518,195,385,591)(50,247,509,123,320,582,196,393,655)
(51,255,500,124,328,573,197,401,646)(52,263,491,125,336,564,198,
409,637)(53,271,482,126,344,555,199,417,628)(54,279,473,127,
352,546,200,425,619)(55,287,464,128,360,537,201,433,610)
(56,222,455,129,295,528,202,368,601)(57,230,446,130,303,519,203,
376,592)(58,238,510,131,311,583,204,384,656)(59,246,501,132,
319,574,205,392,647)(60,254,492,133,327,565,206,400,638)
(61,262,483,134,335,556,207,408,629)(62,270,474,135,343,547,208,
416,620)(63,278,465,136,351,538,209,424,611)(64,286,456,137,
359,529,210,432,602)(65,221,447,138,294,520,211,367,593)
(66,229,511,139,302,584,212,375,657)(67,237,502,140,310,575,213,
383,648)(68,245,493,141,318,566,214,391,639)(69,253,484,142,
326,557,215,399,630)(70,261,475,143,334,548,216,407,621)
(71,269,466,144,342,539,217,415,612)(72,277,457,145,350,530,218,
423,603)(73,285,448,146,358,521,219,431,594),
(1,2,3,4,5,6,7,8,9,10,11,12,13,14,15,16,
17,18,19,20,21,22,23,24,25,26,27,28,29,30,31,32,
33,34,35,36,37,38,39,40,41,42,43,44,45,46,47,48,
49,50,51,52,53,54,55,56,57,58,59,60,61,62,63,64,
65,66,67,68,69,70,71,72,73)(74,75,76,77,78,79,80,
81,82,83,84,85,86,87,88,89,90,91,92,93,94,95,96,
97,98,99,100,101,102,103,104,105,106,107,108,109,110,111,112,
113,114,115,116,117,118,119,120,121,122,123,124,125,126,127,128,
129,130,131,132,133,134,135,136,137,138,139,140,141,142,143,144,
145,146)(147,148,149,150,151,152,153,154,155,156,157,158,159,160,
161,162,163,164,165,166,167,168,169,170,171,172,173,174,175,176,
177,178,179,180,181,182,183,184,185,186,187,188,189,190,191,192,
193,194,195,196,197,198,199,200,201,202,203,204,205,206,207,208,
209,210,211,212,213,214,215,216,217,218,219)(220,221,222,223,224,
225,226,227,228,229,230,231,232,233,234,235,236,237,238,239,240,
241,242,243,244,245,246,247,248,249,250,251,252,253,254,255,256,
257,258,259,260,261,262,263,264,265,266,267,268,269,270,271,272,
273,274,275,276,277,278,279,280,281,282,283,284,285,286,287,288,
289,290,291,292)(293,294,295,296,297,298,299,300,301,302,303,304,
305,306,307,308,309,310,311,312,313,314,315,316,317,318,319,320,
321,322,323,324,325,326,327,328,329,330,331,332,333,334,335,336,
337,338,339,340,341,342,343,344,345,346,347,348,349,350,351,352,
353,354,355,356,357,358,359,360,361,362,363,364,365)
(366,367,368,369,370,371,372,373,374,375,376,377,378,379,380,381,
382,383,384,385,386,387,388,389,390,391,392,393,394,395,396,397,
398,399,400,401,402,403,404,405,406,407,408,409,410,411,412,413,
414,415,416,417,418,419,420,421,422,423,424,425,426,427,428,429,
430,431,432,433,434,435,436,437,438)(439,440,441,442,443,444,445,
446,447,448,449,450,451,452,453,454,455,456,457,458,459,460,461,
462,463,464,465,466,467,468,469,470,471,472,473,474,475,476,477,
478,479,480,481,482,483,484,485,486,487,488,489,490,491,492,493,
494,495,496,497,498,499,500,501,502,503,504,505,506,507,508,509,
510,511)(512,513,514,515,516,517,518,519,520,521,522,523,524,525,
526,527,528,529,530,531,532,533,534,535,536,537,538,539,540,541,
542,543,544,545,546,547,548,549,550,551,552,553,554,555,556,557,
558,559,560,561,562,563,564,565,566,567,568,569,570,571,572,573,
574,575,576,577,578,579,580,581,582,583,584)(585,586,587,588,589,
590,591,592,593,594,595,596,597,598,599,600,601,602,603,604,605,
606,607,608,609,610,611,612,613,614,615,616,617,618,619,620,621,
622,623,624,625,626,627,628,629,630,631,632,633,634,635,636,637,
638,639,640,641,642,643,644,645,646,647,648,649,650,651,652,653,
654,655,656,657)],
gmul:=
[(1,220,512,74,293,585,147,366,439)(2,228,576,75,301,649,148,
374,503)(3,236,567,76,309,640,149,382,494)(4,244,558,77,
317,631,150,390,485)(5,252,549,78,325,622,151,398,476)
(6,260,540,79,333,613,152,406,467)(7,268,531,80,341,604,153,
414,458)(8,276,522,81,349,595,154,422,449)(9,284,513,82,
357,586,155,430,440)(10,292,577,83,365,650,156,438,504)
(11,227,568,84,300,641,157,373,495)(12,235,559,85,308,632,158,
381,486)(13,243,550,86,316,623,159,389,477)(14,251,541,87,
324,614,160,397,468)(15,259,532,88,332,605,161,405,459)
(16,267,523,89,340,596,162,413,450)(17,275,514,90,348,587,163,
421,441)(18,283,578,91,356,651,164,429,505)(19,291,569,92,
364,642,165,437,496)(20,226,560,93,299,633,166,372,487)
(21,234,551,94,307,624,167,380,478)(22,242,542,95,315,615,168,
388,469)(23,250,533,96,323,606,169,396,460)(24,258,524,97,
331,597,170,404,451)(25,266,515,98,339,588,171,412,442)
(26,274,579,99,347,652,172,420,506)(27,282,570,100,355,643,173,
428,497)(28,290,561,101,363,634,174,436,488)(29,225,552,102,
298,625,175,371,479)(30,233,543,103,306,616,176,379,470)
(31,241,534,104,314,607,177,387,461)(32,249,525,105,322,598,178,
395,452)(33,257,516,106,330,589,179,403,443)(34,265,580,107,
338,653,180,411,507)(35,273,571,108,346,644,181,419,498)
(36,281,562,109,354,635,182,427,489)(37,289,553,110,362,626,183,
435,480)(38,224,544,111,297,617,184,370,471)(39,232,535,112,
305,608,185,378,462)(40,240,526,113,313,599,186,386,453)
(41,248,517,114,321,590,187,394,444)(42,256,581,115,329,654,188,
402,508)(43,264,572,116,337,645,189,410,499)(44,272,563,117,
345,636,190,418,490)(45,280,554,118,353,627,191,426,481)
(46,288,545,119,361,618,192,434,472)(47,223,536,120,296,609,193,
369,463)(48,231,527,121,304,600,194,377,454)(49,239,518,122,
312,591,195,385,445)(50,247,582,123,320,655,196,393,509)
(51,255,573,124,328,646,197,401,500)(52,263,564,125,336,637,198,
409,491)(53,271,555,126,344,628,199,417,482)(54,279,546,127,
352,619,200,425,473)(55,287,537,128,360,610,201,433,464)
(56,222,528,129,295,601,202,368,455)(57,230,519,130,303,592,203,
376,446)(58,238,583,131,311,656,204,384,510)(59,246,574,132,
319,647,205,392,501)(60,254,565,133,327,638,206,400,492)
(61,262,556,134,335,629,207,408,483)(62,270,547,135,343,620,208,
416,474)(63,278,538,136,351,611,209,424,465)(64,286,529,137,
359,602,210,432,456)(65,221,520,138,294,593,211,367,447)
(66,229,584,139,302,657,212,375,511)(67,237,575,140,310,648,213,
383,502)(68,245,566,141,318,639,214,391,493)(69,253,557,142,
326,630,215,399,484)(70,261,548,143,334,621,216,407,475)
(71,269,539,144,342,612,217,415,466)(72,277,530,145,350,603,218,
423,457)(73,285,521,146,358,594,219,431,448),
(1,2,3,4,5,6,7,8,9,10,11,12,13,14,15,16,
17,18,19,20,21,22,23,24,25,26,27,28,29,30,31,32,
33,34,35,36,37,38,39,40,41,42,43,44,45,46,47,48,
49,50,51,52,53,54,55,56,57,58,59,60,61,62,63,64,
65,66,67,68,69,70,71,72,73)(74,75,76,77,78,79,80,
81,82,83,84,85,86,87,88,89,90,91,92,93,94,95,96,
97,98,99,100,101,102,103,104,105,106,107,108,109,110,111,112,
113,114,115,116,117,118,119,120,121,122,123,124,125,126,127,128,
129,130,131,132,133,134,135,136,137,138,139,140,141,142,143,144,
145,146)(147,148,149,150,151,152,153,154,155,156,157,158,159,160,
161,162,163,164,165,166,167,168,169,170,171,172,173,174,175,176,
177,178,179,180,181,182,183,184,185,186,187,188,189,190,191,192,
193,194,195,196,197,198,199,200,201,202,203,204,205,206,207,208,
209,210,211,212,213,214,215,216,217,218,219)(220,221,222,223,224,
225,226,227,228,229,230,231,232,233,234,235,236,237,238,239,240,
241,242,243,244,245,246,247,248,249,250,251,252,253,254,255,256,
257,258,259,260,261,262,263,264,265,266,267,268,269,270,271,272,
273,274,275,276,277,278,279,280,281,282,283,284,285,286,287,288,
289,290,291,292)(293,294,295,296,297,298,299,300,301,302,303,304,
305,306,307,308,309,310,311,312,313,314,315,316,317,318,319,320,
321,322,323,324,325,326,327,328,329,330,331,332,333,334,335,336,
337,338,339,340,341,342,343,344,345,346,347,348,349,350,351,352,
353,354,355,356,357,358,359,360,361,362,363,364,365)
(366,367,368,369,370,371,372,373,374,375,376,377,378,379,380,381,
382,383,384,385,386,387,388,389,390,391,392,393,394,395,396,397,
398,399,400,401,402,403,404,405,406,407,408,409,410,411,412,413,
414,415,416,417,418,419,420,421,422,423,424,425,426,427,428,429,
430,431,432,433,434,435,436,437,438)(439,440,441,442,443,444,445,
446,447,448,449,450,451,452,453,454,455,456,457,458,459,460,461,
462,463,464,465,466,467,468,469,470,471,472,473,474,475,476,477,
478,479,480,481,482,483,484,485,486,487,488,489,490,491,492,493,
494,495,496,497,498,499,500,501,502,503,504,505,506,507,508,509,
510,511)(512,513,514,515,516,517,518,519,520,521,522,523,524,525,
526,527,528,529,530,531,532,533,534,535,536,537,538,539,540,541,
542,543,544,545,546,547,548,549,550,551,552,553,554,555,556,557,
558,559,560,561,562,563,564,565,566,567,568,569,570,571,572,573,
574,575,576,577,578,579,580,581,582,583,584)(585,586,587,588,589,
590,591,592,593,594,595,596,597,598,599,600,601,602,603,604,605,
606,607,608,609,610,611,612,613,614,615,616,617,618,619,620,621,
622,623,624,625,626,627,628,629,630,631,632,633,634,635,636,637,
638,639,640,641,642,643,644,645,646,647,648,649,650,651,652,653,
654,655,656,657)],
p:=(2,293,42,555,423,5,585,26,469,92,73,499,131,10,315,592,
215,426,332,381,538,553,434,206,575,320,109,251,640,579,363,545,537,
544,421,39,189,146,316,154,586,245,596,183,67,594,163,87)
(3,147,301,108,521,132,61,598,247,605,390,565,582,4,22,126,597,
204,283,492,643,28,242,334,46,460,633,101,177,474,309,213,207,584,
631,153,646,369,516,528,656,193,82,504,445,411,617,318,127,593,266,
255,589,71,11,366,567,531,50,335,608,463,347,455,360,179,556,371,
186,24,637,141,448,457,590,362,532,613,634,98,210,430,267,57,645,
150,650,195,21,628,166,629,652,393,188,520,570,372,164,306,599,152,
302,328,475,107,221,243,304,349,635,518,549,165,495,79,249,13,168,
191,103,396,562,560,435,257,40,533,7,53,116,343,424,224,273,500,
466,333,15,199,446,508,403,342,81,534,226,513,587,69,324,88,563,
384,405,407,312,167,286,281,259,632,539,566,406,480,100,576,442,27,
482,642,120,313,644,536,239,502,548,187,54,636,80,96,292,647,172,
176,139,641,123,648,391,282,620,77,169,148,624,591,49,365,378,401,
437,161,353,497,76,264,234,321,444,535,269,611,612,290,638,47,336)
(6,74,117,481,319,547,370,208,524,464,655,561,244,33,388,252,623,
341,519,102,572,583,223,375,404,472,340,124,137,14,512,25,32,23,
345,507,38,241,429,48,387,427,19,95,300,86,410,377,380,422,653,
414,639,558,392,574,488,601,268,276,136,285,603,433,236,386,530,506,
527,20,615,144,84,359,231,307,651,412,106,525,90,395,443,246,85,
45,178,118,357,291,355,329,454,484,600)(8,439,182,308,235,451,428,
70,616,122,12,344,112,503,110,543,202,270,389,552,413,626,171,614,
93,468,114,438,277,462,471,121,356,248,618,17,43,272,419,275,449,
398,467,604,514,55,649,217,431,288,354,59,44,564,274,376,425,41,
542,515,580,493,205,158,83,483,621,58,250,232,416,253,35,490,622,
99,554,382,265,212,156,595,184,432,185,66,323,526,485,162,138,233,
489,218,160,456,289,625,214,529,111,157,63,491,175,577,385,222,551,
194,477,350,476,129,284,295,113,358,261,258,18,606,420,610,296,91,
447,368,400,494,517,145,440,36,52,627,201,351,29,271,478,78,198,
9,220,568,297,486,192,373,559,287,325,496,487,149,229,209,211,546,
151,346,133,602,557,173,227,230,473,361,523,142,397,394,327,578,458,
441,225,573,415,34,417,588,311,200)(16,314,197,51,64,105,409,326,
140,367,181,505,89,125,657,174,75,452,501,119,408,450,479,298,310,
170,219,379,203,240,305,465,260,237,459,317,278,338,94,30,461,238,
364,159,134,280,654,436,256,62,418,56,31,337,550,216,374,383,581,
609,339,571,348,72,104,190,541,399,299,331)(37,322,97,262,155,303,
130,619,128,65,294,135,228,522,402,510,68,607,509)(60,263,279,352)
(115,511,630,196,498,569,540,180,453)(143,470),
q:=(2,585,49,649,77,125,301,186,51,11,512,50,598,463,633,193,
212,138,483,297,282,305,231,638,28,491,119,525,204,495,215,541,517,
149,447,530,268,505,205,136,440,39,105,534,493,89,169,146,646,539,
372,130,313,332,574,266,462,256,13,126,343,523,152,593,488,311,94,
45,116,597,90,554,583,466,653,579,631,141,221,500,223,520,413,330,
626,123,300,208,416,444,401,567,433,510,7,22,168,103,563,528,309,
81,409,590,622,195,54,323,400,291,632,369,407,610,612,485,132,14,
366,437,133,303,164,629,341,383,398,288,623,652,536,464,317,450,265,
82,284,603,531,25,43,469,202,451,559,458,277,255,334,29,460,347,
238,640,414,299,635,391,486,102,397,545,385,457,326,154,358,443,454,
225,389,411,329,246,209,83,233,258,57,324,206,373,428,5,293,33,
564,487,145,285,295,181,276,158,211,386,368,526,290,307,349,331,59,
31,616,172,118,650,99,395,261,489,76,470,151,624,318,167,449,581,
320,185,9,439,112,292,308,501,175,430,497,218,134,468,180,254,453,
179,379,91,229,85,30,263,459,655,412,188,375,562,420,312,127,302,
608,247,352,15,95,648,518,435,480,194,281,498,421,36,23,615,150,
357,494,399,639,436,471,173,502,370,86,543,92)(3,74,177,232,524,
239,227,456,476,165,283,234,618,58,490,362,425,34,533,68,336,72,
190,426,644,393,106,408,278,625,80,198,66,636,214,376,532,361,424,
475,187,21,314,97,452,235,270,573,515,406,257,35,250,474,656,101,
117,249,62,542,415,41,418,19,199,237,279,605,582,71,64,189,148,
346,161,614,201,596,111,137,61,335,328,224,478,216,584,363,394,599,
142,572,382,479,630,98,84,595,110,410,538,403,588,601,506,392,381,
377,565,390,380,578,287,654,558,527,55,365,547,548,107,448,222,419,
496,274,529,183,8,220,429,27,241,568,621,17,32,52,322,197,24,
315,310,124,157,12,606,560,549,129,504,245,351,46,271,273,243,611,
296,203,473,613,339,405,516,384,571,642,174,219,556,557,121,641,171,
353,267,18,344,182,647,122,63,242,589,4,53,178,176,155,602,371,
108,367,113,586,445,552,570,566,580,226,431,467,360,115,228,432,109,
499,163,207,374,519,192,575,609,634,196,259,355,617,591,26,272,551,
100,438,441,484,319,378,535,442,48,555,514,20,345,260,446,252,354,
16,628,128,10,637,153,316,140,521,162,156,359,465,507,37,627,93,
280,325,275,286,477,587,6,147,657,120,619,166,306,327,422,333,60,
461,455,604,423,70,337,427,56,44,388,508,553,540,114,576,269,304,
651,561,509,38,482,348)(40,417,342,213,87,73,251,364,135,511,298,
592,79,481,600,69,645,144,210,577,537,402,236,546,143,264,492,340,
170,75,262,139,356,472,643,47,607,244,42,387,550,78,96,503,184,
522,544,569,434,88,396,404,248,321,253)(65,594,131)
(67,294,159,160,230,240,620,217,513,350,289,338,200)),rec(
gadd:=
[(1,220,439,74,293,512,147,366,585)(2,228,503,75,301,576,148,
374,649)(3,236,494,76,309,567,149,382,640)(4,244,485,77,
317,558,150,390,631)(5,252,476,78,325,549,151,398,622)
(6,260,467,79,333,540,152,406,613)(7,268,458,80,341,531,153,
414,604)(8,276,449,81,349,522,154,422,595)(9,284,440,82,
357,513,155,430,586)(10,292,504,83,365,577,156,438,650)
(11,227,495,84,300,568,157,373,641)(12,235,486,85,308,559,158,
381,632)(13,243,477,86,316,550,159,389,623)(14,251,468,87,
324,541,160,397,614)(15,259,459,88,332,532,161,405,605)
(16,267,450,89,340,523,162,413,596)(17,275,441,90,348,514,163,
421,587)(18,283,505,91,356,578,164,429,651)(19,291,496,92,
364,569,165,437,642)(20,226,487,93,299,560,166,372,633)
(21,234,478,94,307,551,167,380,624)(22,242,469,95,315,542,168,
388,615)(23,250,460,96,323,533,169,396,606)(24,258,451,97,
331,524,170,404,597)(25,266,442,98,339,515,171,412,588)
(26,274,506,99,347,579,172,420,652)(27,282,497,100,355,570,173,
428,643)(28,290,488,101,363,561,174,436,634)(29,225,479,102,
298,552,175,371,625)(30,233,470,103,306,543,176,379,616)
(31,241,461,104,314,534,177,387,607)(32,249,452,105,322,525,178,
395,598)(33,257,443,106,330,516,179,403,589)(34,265,507,107,
338,580,180,411,653)(35,273,498,108,346,571,181,419,644)
(36,281,489,109,354,562,182,427,635)(37,289,480,110,362,553,183,
435,626)(38,224,471,111,297,544,184,370,617)(39,232,462,112,
305,535,185,378,608)(40,240,453,113,313,526,186,386,599)
(41,248,444,114,321,517,187,394,590)(42,256,508,115,329,581,188,
402,654)(43,264,499,116,337,572,189,410,645)(44,272,490,117,
345,563,190,418,636)(45,280,481,118,353,554,191,426,627)
(46,288,472,119,361,545,192,434,618)(47,223,463,120,296,536,193,
369,609)(48,231,454,121,304,527,194,377,600)(49,239,445,122,
312,518,195,385,591)(50,247,509,123,320,582,196,393,655)
(51,255,500,124,328,573,197,401,646)(52,263,491,125,336,564,198,
409,637)(53,271,482,126,344,555,199,417,628)(54,279,473,127,
352,546,200,425,619)(55,287,464,128,360,537,201,433,610)
(56,222,455,129,295,528,202,368,601)(57,230,446,130,303,519,203,
376,592)(58,238,510,131,311,583,204,384,656)(59,246,501,132,
319,574,205,392,647)(60,254,492,133,327,565,206,400,638)
(61,262,483,134,335,556,207,408,629)(62,270,474,135,343,547,208,
416,620)(63,278,465,136,351,538,209,424,611)(64,286,456,137,
359,529,210,432,602)(65,221,447,138,294,520,211,367,593)
(66,229,511,139,302,584,212,375,657)(67,237,502,140,310,575,213,
383,648)(68,245,493,141,318,566,214,391,639)(69,253,484,142,
326,557,215,399,630)(70,261,475,143,334,548,216,407,621)
(71,269,466,144,342,539,217,415,612)(72,277,457,145,350,530,218,
423,603)(73,285,448,146,358,521,219,431,594),
(1,2,3,4,5,6,7,8,9,10,11,12,13,14,15,16,
17,18,19,20,21,22,23,24,25,26,27,28,29,30,31,32,
33,34,35,36,37,38,39,40,41,42,43,44,45,46,47,48,
49,50,51,52,53,54,55,56,57,58,59,60,61,62,63,64,
65,66,67,68,69,70,71,72,73)(74,75,76,77,78,79,80,
81,82,83,84,85,86,87,88,89,90,91,92,93,94,95,96,
97,98,99,100,101,102,103,104,105,106,107,108,109,110,111,112,
113,114,115,116,117,118,119,120,121,122,123,124,125,126,127,128,
129,130,131,132,133,134,135,136,137,138,139,140,141,142,143,144,
145,146)(147,148,149,150,151,152,153,154,155,156,157,158,159,160,
161,162,163,164,165,166,167,168,169,170,171,172,173,174,175,176,
177,178,179,180,181,182,183,184,185,186,187,188,189,190,191,192,
193,194,195,196,197,198,199,200,201,202,203,204,205,206,207,208,
209,210,211,212,213,214,215,216,217,218,219)(220,221,222,223,224,
225,226,227,228,229,230,231,232,233,234,235,236,237,238,239,240,
241,242,243,244,245,246,247,248,249,250,251,252,253,254,255,256,
257,258,259,260,261,262,263,264,265,266,267,268,269,270,271,272,
273,274,275,276,277,278,279,280,281,282,283,284,285,286,287,288,
289,290,291,292)(293,294,295,296,297,298,299,300,301,302,303,304,
305,306,307,308,309,310,311,312,313,314,315,316,317,318,319,320,
321,322,323,324,325,326,327,328,329,330,331,332,333,334,335,336,
337,338,339,340,341,342,343,344,345,346,347,348,349,350,351,352,
353,354,355,356,357,358,359,360,361,362,363,364,365)
(366,367,368,369,370,371,372,373,374,375,376,377,378,379,380,381,
382,383,384,385,386,387,388,389,390,391,392,393,394,395,396,397,
398,399,400,401,402,403,404,405,406,407,408,409,410,411,412,413,
414,415,416,417,418,419,420,421,422,423,424,425,426,427,428,429,
430,431,432,433,434,435,436,437,438)(439,440,441,442,443,444,445,
446,447,448,449,450,451,452,453,454,455,456,457,458,459,460,461,
462,463,464,465,466,467,468,469,470,471,472,473,474,475,476,477,
478,479,480,481,482,483,484,485,486,487,488,489,490,491,492,493,
494,495,496,497,498,499,500,501,502,503,504,505,506,507,508,509,
510,511)(512,513,514,515,516,517,518,519,520,521,522,523,524,525,
526,527,528,529,530,531,532,533,534,535,536,537,538,539,540,541,
542,543,544,545,546,547,548,549,550,551,552,553,554,555,556,557,
558,559,560,561,562,563,564,565,566,567,568,569,570,571,572,573,
574,575,576,577,578,579,580,581,582,583,584)(585,586,587,588,589,
590,591,592,593,594,595,596,597,598,599,600,601,602,603,604,605,
606,607,608,609,610,611,612,613,614,615,616,617,618,619,620,621,
622,623,624,625,626,627,628,629,630,631,632,633,634,635,636,637,
638,639,640,641,642,643,644,645,646,647,648,649,650,651,652,653,
654,655,656,657)],
gmul:=
[(1,220,512,74,293,585,147,366,439)(2,221,513,75,294,586,148,
367,440)(3,222,514,76,295,587,149,368,441)(4,223,515,77,
296,588,150,369,442)(5,224,516,78,297,589,151,370,443)
(6,225,517,79,298,590,152,371,444)(7,226,518,80,299,591,153,
372,445)(8,227,519,81,300,592,154,373,446)(9,228,520,82,
301,593,155,374,447)(10,229,521,83,302,594,156,375,448)
(11,230,522,84,303,595,157,376,449)(12,231,523,85,304,596,158,
377,450)(13,232,524,86,305,597,159,378,451)(14,233,525,87,
306,598,160,379,452)(15,234,526,88,307,599,161,380,453)
(16,235,527,89,308,600,162,381,454)(17,236,528,90,309,601,163,
382,455)(18,237,529,91,310,602,164,383,456)(19,238,530,92,
311,603,165,384,457)(20,239,531,93,312,604,166,385,458)
(21,240,532,94,313,605,167,386,459)(22,241,533,95,314,606,168,
387,460)(23,242,534,96,315,607,169,388,461)(24,243,535,97,
316,608,170,389,462)(25,244,536,98,317,609,171,390,463)
(26,245,537,99,318,610,172,391,464)(27,246,538,100,319,611,173,
392,465)(28,247,539,101,320,612,174,393,466)(29,248,540,102,
321,613,175,394,467)(30,249,541,103,322,614,176,395,468)
(31,250,542,104,323,615,177,396,469)(32,251,543,105,324,616,178,
397,470)(33,252,544,106,325,617,179,398,471)(34,253,545,107,
326,618,180,399,472)(35,254,546,108,327,619,181,400,473)
(36,255,547,109,328,620,182,401,474)(37,256,548,110,329,621,183,
402,475)(38,257,549,111,330,622,184,403,476)(39,258,550,112,
331,623,185,404,477)(40,259,551,113,332,624,186,405,478)
(41,260,552,114,333,625,187,406,479)(42,261,553,115,334,626,188,
407,480)(43,262,554,116,335,627,189,408,481)(44,263,555,117,
336,628,190,409,482)(45,264,556,118,337,629,191,410,483)
(46,265,557,119,338,630,192,411,484)(47,266,558,120,339,631,193,
412,485)(48,267,559,121,340,632,194,413,486)(49,268,560,122,
341,633,195,414,487)(50,269,561,123,342,634,196,415,488)
(51,270,562,124,343,635,197,416,489)(52,271,563,125,344,636,198,
417,490)(53,272,564,126,345,637,199,418,491)(54,273,565,127,
346,638,200,419,492)(55,274,566,128,347,639,201,420,493)
(56,275,567,129,348,640,202,421,494)(57,276,568,130,349,641,203,
422,495)(58,277,569,131,350,642,204,423,496)(59,278,570,132,
351,643,205,424,497)(60,279,571,133,352,644,206,425,498)
(61,280,572,134,353,645,207,426,499)(62,281,573,135,354,646,208,
427,500)(63,282,574,136,355,647,209,428,501)(64,283,575,137,
356,648,210,429,502)(65,284,576,138,357,649,211,430,503)
(66,285,577,139,358,650,212,431,504)(67,286,578,140,359,651,213,
432,505)(68,287,579,141,360,652,214,433,506)(69,288,580,142,
361,653,215,434,507)(70,289,581,143,362,654,216,435,508)
(71,290,582,144,363,655,217,436,509)(72,291,583,145,364,656,218,
437,510)(73,292,584,146,365,657,219,438,511),
(1,2,3,4,5,6,7,8,9,10,11,12,13,14,15,16,
17,18,19,20,21,22,23,24,25,26,27,28,29,30,31,32,
33,34,35,36,37,38,39,40,41,42,43,44,45,46,47,48,
49,50,51,52,53,54,55,56,57,58,59,60,61,62,63,64,
65,66,67,68,69,70,71,72,73)(74,75,76,77,78,79,80,
81,82,83,84,85,86,87,88,89,90,91,92,93,94,95,96,
97,98,99,100,101,102,103,104,105,106,107,108,109,110,111,112,
113,114,115,116,117,118,119,120,121,122,123,124,125,126,127,128,
129,130,131,132,133,134,135,136,137,138,139,140,141,142,143,144,
145,146)(147,148,149,150,151,152,153,154,155,156,157,158,159,160,
161,162,163,164,165,166,167,168,169,170,171,172,173,174,175,176,
177,178,179,180,181,182,183,184,185,186,187,188,189,190,191,192,
193,194,195,196,197,198,199,200,201,202,203,204,205,206,207,208,
209,210,211,212,213,214,215,216,217,218,219)(220,228,236,244,252,
260,268,276,284,292,227,235,243,251,259,267,275,283,291,226,234,
242,250,258,266,274,282,290,225,233,241,249,257,265,273,281,289,
224,232,240,248,256,264,272,280,288,223,231,239,247,255,263,271,
279,287,222,230,238,246,254,262,270,278,286,221,229,237,245,253,
261,269,277,285)(293,301,309,317,325,333,341,349,357,365,300,308,
316,324,332,340,348,356,364,299,307,315,323,331,339,347,355,363,
298,306,314,322,330,338,346,354,362,297,305,313,321,329,337,345,
353,361,296,304,312,320,328,336,344,352,360,295,303,311,319,327,
335,343,351,359,294,302,310,318,326,334,342,350,358)
(366,374,382,390,398,406,414,422,430,438,373,381,389,397,405,413,
421,429,437,372,380,388,396,404,412,420,428,436,371,379,387,395,
403,411,419,427,435,370,378,386,394,402,410,418,426,434,369,377,
385,393,401,409,417,425,433,368,376,384,392,400,408,416,424,432,
367,375,383,391,399,407,415,423,431)(439,503,494,485,476,467,458,
449,440,504,495,486,477,468,459,450,441,505,496,487,478,469,460,
451,442,506,497,488,479,470,461,452,443,507,498,489,480,471,462,
453,444,508,499,490,481,472,463,454,445,509,500,491,482,473,464,
455,446,510,501,492,483,474,465,456,447,511,502,493,484,475,466,
457,448)(512,576,567,558,549,540,531,522,513,577,568,559,550,541,
532,523,514,578,569,560,551,542,533,524,515,579,570,561,552,543,
534,525,516,580,571,562,553,544,535,526,517,581,572,563,554,545,
536,527,518,582,573,564,555,546,537,528,519,583,574,565,556,547,
538,529,520,584,575,566,557,548,539,530,521)(585,649,640,631,622,
613,604,595,586,650,641,632,623,614,605,596,587,651,642,633,624,
615,606,597,588,652,643,634,625,616,607,598,589,653,644,635,626,
617,608,599,590,654,645,636,627,618,609,600,591,655,646,637,628,
619,610,601,592,656,647,638,629,620,611,602,593,657,648,639,630,
621,612,603,594)],
p:=(2,293,55,620,47,298,351,483,200,16,338,145,489,150,597,160,
465,226,562,412,299,323,569,518,556,186,31,359,254,275,454,506,546,
171,641,584,252,606,370,199,450,487,178,137,57,651,403,357,244,20,
618,28,253,17,67,623,146,314,190,568,353,56,46,507,440,52,648,
431,245,638,33,399,445,420,23,321,458,466,365,388,264,291,332,19,
107,281,238,317,234,312,218,203,277,461,266,263,222,583,5,585,589,
306,642,106,519,122,60,225,555,414,598,256,53,140,427,30,484,172,
157,15,187,3,147,328,468,98,173,267,12,333,26,472,318,76,286,
271,510,66,361,565,372,209,208,542,549,419,622,301,90,373,571,476,
118,343,380,381,526,37,300,95,340,117,502,541,393,201,307,647,219,
376,368,421,639,110,522,141,477,341,523,65,354,478,113,331,425,311,
149,243,327,574,504,508,14,512,38,265,170,185,24,590,70,595,257,
58,288,344,96,232,418,247,603,539,577,329,473,363,537,525,448,442,
40,580,334,607,438,223,389,560,229,161,356,239,497,144,121,355,21,
625,212,159,91,500,503,87,36,6,74,102,578,367,163,130,587,73,
505,127,646,398,385,269,599,193,124,100,547,176,97,237,457,233,490,
629,183,59,29,260,278,347,129,270,387,417,50,310,177,491,195,72,
119,383,543,191,84,319,564,520,551,436,251,655,553,397,563,224,236,
423,280,616,75,446,470,108,550,391,259,644,544,426,25,8,439,198,
51,27,479,313,601,153,628,211,514,566,292,605,475,296,136,258,63,
444,534,284,342,89,79,227,231,364,168,210,416,650,148,656,179,529,
443,240,315,596,207,535,289,633,139,632,111,194,460,621,78,152,316,
162,135,255,627,156,600,228,527,631,657,188,573,430,273,482,619,83,
456,649,216,401,390,567,572,558,576,480,609,261,250,242,322,104,175,
524,101,192,413,93,495,531,591)(4,34,406,452,459,302,336,43,248,
610,471,346,32,69,349)(7,41,545,521,94,11,366,582,617,358,249,
22,114,378,409,360,166,602,579,447,415,287,337,533,61,592)
(9,220,559,379,158,86,432,169,182,352,49,305,453,128,62,394,348,
488,634,581,339,528,134,283,494,116,345,493,167,246,133,611,330,54,
613,325,463,297,498,536,221,241,428,35,467,645,151,309,205,206,570,
320,125,608,654,407,362,530)(10,326,132,18,653,374,424,594,174,109,
276,88,540,196,455,335,71,48,411,294,126,615,143,449,410,400,509,
652,402,485,217,404,464,593,214,538,433,290,640,516,561,548,181,501,
99,575,435,262,197,44,517,77,215,429,604,375,396,324,92,39,213,
164,303,85,64,81,557,386,515,105,371,204,282,637,82,451,405,395,
481,614,138,230,441,268,235,469,103,434,202,272,382,274,377,437,165,
486,189,112,474,123,643,42,552,408,492,624,586,68,630,155,304,308,
279,295,131,13,180,496,80,142,422,45,154,635,115,462,499,120,350,
636,513)(184,392,532,511,612,626)(285,588)(369,554),
q:=(2,585,334,336,32,6,147,608,325,247,295,163,164,602,414,335,
4,41,394,642,188,389,420,52,300,199,278,633,155,611,626,110,432,
125,328,280,337,417,25,67,354,273,241,559,556,108,427,45,140,550,
518,379,136,489,144,173,497,150,343,565,566,503,207,401,582,329,240,
637,212,135,462,251,317,492,346,43,472,591,73,276,206,413,201,638,
42,411,594,120,587)(3,74,192,570,609,443,473,631,301,204,486,105,
557,546,123,340,177,242,627,138,456,365,564,375,563,475,612,330,21,
338,149,500,292,352,26,248,312,76,449,543,103,540,98,121,632,183,
16,625,82,270,555,579,229,133,304,647,75,237,222,382,487,116,615,
151,656,115,255,322,190,429,360,128,13,114,547,118,597,134,495,433,
485,77,79,502,426,50,592,68,298,596,87,39,81,371,90,575,549,
551,558,438,466,649,78,142,578,521,200,59,46,260,450,274,538,531,
318,218,91,243,599,101,102,422,30,225,387,533,14,366,390,437,129,
451,571,289,347,165,282,315,351,233,250,491,99,373,405,554,539,430,
478,181,235,272,583,70,359,453,166,303,209,86,522,153,314,104,119,
519,172,137,18,333,49,620,28,444,409,604,520,419,362,368,569,391,
498,393,93,283,291,644,402,290,364,126,345,226,404,239,267,63,253,
58,467,324,202,469,191,210,524,193,170,109,505,167,454,268,501,195)
(5,293,20,321,287,616,219,529,261,490,306,348,266,461,488,339,384,
528,160,231,640,407,622,657,106,383,410,526,38,479,619,211,423,468,
196,238,655,403,650,146,628,83,230,277,263,457,483,94,64,213,130,
350,323,421,299,636,431,445,560,447,515,189,182,605,224,510,9,439,
96,474,171,356,464,302,607,576,257,17,8,220,428,40,406,262,97,
446,264,494,178,157,60,484,122,15,107,477,652,544,541,536,448,269,
327,381,400,244,55,305,254,496,214,377,567,397,396,645,143,286,460,
297,259,332,56,29,507,285,342,205,88,434,92,36,69,651,553,572,
436,499,174,185,51,48,552,525,221,482,313,311,145,258,12,653,584,
508,61,310,117,227,465,493,127,316,132,57,349,71,27,265,124,194,
271,236,514,372,85,11,512,37,648,513,65,623,148,309,89,215,568,
614,156,319,388,470,186,44,399,245,307,308,459,593,80,152,646,581,
634,398,537,408,234,610,256,22,180,275,246,161,641,374,523,10,590)
(7,34,580,589,629,111,100,378,534,504,252,344,198,24,326,162,159,
203,441,506,386,415,458,223,573,577,617,586)(19,187,72,175,416,357,
509,341,424,294,168,84,600,511,296,158,208,418,463,621,216,535,476,
176,197,31,595,480,320,169,112,232,542,435,452,279,603,369,395,249,
53,154,331,532,228,392,425,601,141,281,455,598,471,624,358,481,353)
(23,618,47,630,139,355,54,361,380,574,284,588,440)(33,517,217,562,
561,370,95,643)(35,288,606,548,113,635,179,376,530,66,613,654,516,
412,639,184,527,363,385,442)(62,545,367,131)),rec(
gadd:=
[(1,220,439,74,293,512,147,366,585)(2,228,503,75,301,576,148,
374,649)(3,236,494,76,309,567,149,382,640)(4,244,485,77,
317,558,150,390,631)(5,252,476,78,325,549,151,398,622)
(6,260,467,79,333,540,152,406,613)(7,268,458,80,341,531,153,
414,604)(8,276,449,81,349,522,154,422,595)(9,284,440,82,
357,513,155,430,586)(10,292,504,83,365,577,156,438,650)
(11,227,495,84,300,568,157,373,641)(12,235,486,85,308,559,158,
381,632)(13,243,477,86,316,550,159,389,623)(14,251,468,87,
324,541,160,397,614)(15,259,459,88,332,532,161,405,605)
(16,267,450,89,340,523,162,413,596)(17,275,441,90,348,514,163,
421,587)(18,283,505,91,356,578,164,429,651)(19,291,496,92,
364,569,165,437,642)(20,226,487,93,299,560,166,372,633)
(21,234,478,94,307,551,167,380,624)(22,242,469,95,315,542,168,
388,615)(23,250,460,96,323,533,169,396,606)(24,258,451,97,
331,524,170,404,597)(25,266,442,98,339,515,171,412,588)
(26,274,506,99,347,579,172,420,652)(27,282,497,100,355,570,173,
428,643)(28,290,488,101,363,561,174,436,634)(29,225,479,102,
298,552,175,371,625)(30,233,470,103,306,543,176,379,616)
(31,241,461,104,314,534,177,387,607)(32,249,452,105,322,525,178,
395,598)(33,257,443,106,330,516,179,403,589)(34,265,507,107,
338,580,180,411,653)(35,273,498,108,346,571,181,419,644)
(36,281,489,109,354,562,182,427,635)(37,289,480,110,362,553,183,
435,626)(38,224,471,111,297,544,184,370,617)(39,232,462,112,
305,535,185,378,608)(40,240,453,113,313,526,186,386,599)
(41,248,444,114,321,517,187,394,590)(42,256,508,115,329,581,188,
402,654)(43,264,499,116,337,572,189,410,645)(44,272,490,117,
345,563,190,418,636)(45,280,481,118,353,554,191,426,627)
(46,288,472,119,361,545,192,434,618)(47,223,463,120,296,536,193,
369,609)(48,231,454,121,304,527,194,377,600)(49,239,445,122,
312,518,195,385,591)(50,247,509,123,320,582,196,393,655)
(51,255,500,124,328,573,197,401,646)(52,263,491,125,336,564,198,
409,637)(53,271,482,126,344,555,199,417,628)(54,279,473,127,
352,546,200,425,619)(55,287,464,128,360,537,201,433,610)
(56,222,455,129,295,528,202,368,601)(57,230,446,130,303,519,203,
376,592)(58,238,510,131,311,583,204,384,656)(59,246,501,132,
319,574,205,392,647)(60,254,492,133,327,565,206,400,638)
(61,262,483,134,335,556,207,408,629)(62,270,474,135,343,547,208,
416,620)(63,278,465,136,351,538,209,424,611)(64,286,456,137,
359,529,210,432,602)(65,221,447,138,294,520,211,367,593)
(66,229,511,139,302,584,212,375,657)(67,237,502,140,310,575,213,
383,648)(68,245,493,141,318,566,214,391,639)(69,253,484,142,
326,557,215,399,630)(70,261,475,143,334,548,216,407,621)
(71,269,466,144,342,539,217,415,612)(72,277,457,145,350,530,218,
423,603)(73,285,448,146,358,521,219,431,594),
(1,2,3,4,5,6,7,8,9,10,11,12,13,14,15,16,
17,18,19,20,21,22,23,24,25,26,27,28,29,30,31,32,
33,34,35,36,37,38,39,40,41,42,43,44,45,46,47,48,
49,50,51,52,53,54,55,56,57,58,59,60,61,62,63,64,
65,66,67,68,69,70,71,72,73)(74,75,76,77,78,79,80,
81,82,83,84,85,86,87,88,89,90,91,92,93,94,95,96,
97,98,99,100,101,102,103,104,105,106,107,108,109,110,111,112,
113,114,115,116,117,118,119,120,121,122,123,124,125,126,127,128,
129,130,131,132,133,134,135,136,137,138,139,140,141,142,143,144,
145,146)(147,148,149,150,151,152,153,154,155,156,157,158,159,160,
161,162,163,164,165,166,167,168,169,170,171,172,173,174,175,176,
177,178,179,180,181,182,183,184,185,186,187,188,189,190,191,192,
193,194,195,196,197,198,199,200,201,202,203,204,205,206,207,208,
209,210,211,212,213,214,215,216,217,218,219)(220,221,222,223,224,
225,226,227,228,229,230,231,232,233,234,235,236,237,238,239,240,
241,242,243,244,245,246,247,248,249,250,251,252,253,254,255,256,
257,258,259,260,261,262,263,264,265,266,267,268,269,270,271,272,
273,274,275,276,277,278,279,280,281,282,283,284,285,286,287,288,
289,290,291,292)(293,294,295,296,297,298,299,300,301,302,303,304,
305,306,307,308,309,310,311,312,313,314,315,316,317,318,319,320,
321,322,323,324,325,326,327,328,329,330,331,332,333,334,335,336,
337,338,339,340,341,342,343,344,345,346,347,348,349,350,351,352,
353,354,355,356,357,358,359,360,361,362,363,364,365)
(366,367,368,369,370,371,372,373,374,375,376,377,378,379,380,381,
382,383,384,385,386,387,388,389,390,391,392,393,394,395,396,397,
398,399,400,401,402,403,404,405,406,407,408,409,410,411,412,413,
414,415,416,417,418,419,420,421,422,423,424,425,426,427,428,429,
430,431,432,433,434,435,436,437,438)(439,440,441,442,443,444,445,
446,447,448,449,450,451,452,453,454,455,456,457,458,459,460,461,
462,463,464,465,466,467,468,469,470,471,472,473,474,475,476,477,
478,479,480,481,482,483,484,485,486,487,488,489,490,491,492,493,
494,495,496,497,498,499,500,501,502,503,504,505,506,507,508,509,
510,511)(512,513,514,515,516,517,518,519,520,521,522,523,524,525,
526,527,528,529,530,531,532,533,534,535,536,537,538,539,540,541,
542,543,544,545,546,547,548,549,550,551,552,553,554,555,556,557,
558,559,560,561,562,563,564,565,566,567,568,569,570,571,572,573,
574,575,576,577,578,579,580,581,582,583,584)(585,586,587,588,589,
590,591,592,593,594,595,596,597,598,599,600,601,602,603,604,605,
606,607,608,609,610,611,612,613,614,615,616,617,618,619,620,621,
622,623,624,625,626,627,628,629,630,631,632,633,634,635,636,637,
638,639,640,641,642,643,644,645,646,647,648,649,650,651,652,653,
654,655,656,657)],
gmul:=
[(1,220,585,74,293,439,147,366,512)(2,228,649,75,301,503,148,
374,576)(3,236,640,76,309,494,149,382,567)(4,244,631,77,
317,485,150,390,558)(5,252,622,78,325,476,151,398,549)
(6,260,613,79,333,467,152,406,540)(7,268,604,80,341,458,153,
414,531)(8,276,595,81,349,449,154,422,522)(9,284,586,82,
357,440,155,430,513)(10,292,650,83,365,504,156,438,577)
(11,227,641,84,300,495,157,373,568)(12,235,632,85,308,486,158,
381,559)(13,243,623,86,316,477,159,389,550)(14,251,614,87,
324,468,160,397,541)(15,259,605,88,332,459,161,405,532)
(16,267,596,89,340,450,162,413,523)(17,275,587,90,348,441,163,
421,514)(18,283,651,91,356,505,164,429,578)(19,291,642,92,
364,496,165,437,569)(20,226,633,93,299,487,166,372,560)
(21,234,624,94,307,478,167,380,551)(22,242,615,95,315,469,168,
388,542)(23,250,606,96,323,460,169,396,533)(24,258,597,97,
331,451,170,404,524)(25,266,588,98,339,442,171,412,515)
(26,274,652,99,347,506,172,420,579)(27,282,643,100,355,497,173,
428,570)(28,290,634,101,363,488,174,436,561)(29,225,625,102,
298,479,175,371,552)(30,233,616,103,306,470,176,379,543)
(31,241,607,104,314,461,177,387,534)(32,249,598,105,322,452,178,
395,525)(33,257,589,106,330,443,179,403,516)(34,265,653,107,
338,507,180,411,580)(35,273,644,108,346,498,181,419,571)
(36,281,635,109,354,489,182,427,562)(37,289,626,110,362,480,183,
435,553)(38,224,617,111,297,471,184,370,544)(39,232,608,112,
305,462,185,378,535)(40,240,599,113,313,453,186,386,526)
(41,248,590,114,321,444,187,394,517)(42,256,654,115,329,508,188,
402,581)(43,264,645,116,337,499,189,410,572)(44,272,636,117,
345,490,190,418,563)(45,280,627,118,353,481,191,426,554)
(46,288,618,119,361,472,192,434,545)(47,223,609,120,296,463,193,
369,536)(48,231,600,121,304,454,194,377,527)(49,239,591,122,
312,445,195,385,518)(50,247,655,123,320,509,196,393,582)
(51,255,646,124,328,500,197,401,573)(52,263,637,125,336,491,198,
409,564)(53,271,628,126,344,482,199,417,555)(54,279,619,127,
352,473,200,425,546)(55,287,610,128,360,464,201,433,537)
(56,222,601,129,295,455,202,368,528)(57,230,592,130,303,446,203,
376,519)(58,238,656,131,311,510,204,384,583)(59,246,647,132,
319,501,205,392,574)(60,254,638,133,327,492,206,400,565)
(61,262,629,134,335,483,207,408,556)(62,270,620,135,343,474,208,
416,547)(63,278,611,136,351,465,209,424,538)(64,286,602,137,
359,456,210,432,529)(65,221,593,138,294,447,211,367,520)
(66,229,657,139,302,511,212,375,584)(67,237,648,140,310,502,213,
383,575)(68,245,639,141,318,493,214,391,566)(69,253,630,142,
326,484,215,399,557)(70,261,621,143,334,475,216,407,548)
(71,269,612,144,342,466,217,415,539)(72,277,603,145,350,457,218,
423,530)(73,285,594,146,358,448,219,431,521),
(1,2,3,4,5,6,7,8,9,10,11,12,13,14,15,16,
17,18,19,20,21,22,23,24,25,26,27,28,29,30,31,32,
33,34,35,36,37,38,39,40,41,42,43,44,45,46,47,48,
49,50,51,52,53,54,55,56,57,58,59,60,61,62,63,64,
65,66,67,68,69,70,71,72,73)(74,75,76,77,78,79,80,
81,82,83,84,85,86,87,88,89,90,91,92,93,94,95,96,
97,98,99,100,101,102,103,104,105,106,107,108,109,110,111,112,
113,114,115,116,117,118,119,120,121,122,123,124,125,126,127,128,
129,130,131,132,133,134,135,136,137,138,139,140,141,142,143,144,
145,146)(147,148,149,150,151,152,153,154,155,156,157,158,159,160,
161,162,163,164,165,166,167,168,169,170,171,172,173,174,175,176,
177,178,179,180,181,182,183,184,185,186,187,188,189,190,191,192,
193,194,195,196,197,198,199,200,201,202,203,204,205,206,207,208,
209,210,211,212,213,214,215,216,217,218,219)(220,221,222,223,224,
225,226,227,228,229,230,231,232,233,234,235,236,237,238,239,240,
241,242,243,244,245,246,247,248,249,250,251,252,253,254,255,256,
