NCBRACES[132] := [ rec(
      gadd := 
       [ (  1, 41,  9, 46, 14, 54, 19, 59, 27, 64, 32,  6, 37, 11, 45, 16, 50,
             24, 55, 29, 63, 34,  2, 42,  7, 47, 15, 52, 20, 60, 25, 65, 33,
               4, 38, 12, 43, 17, 51, 22, 56, 30, 61, 35,  3, 40,  8, 48, 13,
              53, 21, 58, 26, 66, 31,  5, 39, 10, 44, 18, 49, 23, 57, 28, 62,
              36)( 67,107, 75,112, 80,120, 85,125, 93,130, 98, 72,103, 77,111,
             82,116, 90,121, 95,129,100, 68,108, 73,113, 81,118, 86,126, 91,
             131, 99, 70,104, 78,109, 83,117, 88,122, 96,127,101, 69,106, 74,
             114, 79,119, 87,124, 92,132, 97, 71,105, 76,110, 84,115, 89,123,
              94,128,102), (  1,100, 64, 91, 55, 88, 52, 79, 43, 76, 40, 67,
              31,130, 28,121, 19,118, 16,109,  7,106,  4, 97, 61, 94, 58, 85,
              49, 82, 46, 73, 37, 70, 34,127, 25,124, 22,115, 13,112, 10,103)
            (  2,102, 65, 93, 56, 90, 53, 81, 44, 78, 41, 69, 32,132, 29,123,
              20,120, 17,111,  8,108,  5, 99, 62, 96, 59, 87, 50, 84, 47, 75,
              38, 72, 35,129, 26,126, 23,117, 14,114, 11,105)(  3,101, 66, 92,
             57, 89, 54, 80, 45, 77, 42, 68, 33,131, 30,122, 21,119, 18,110,
               9,107,  6, 98, 63, 95, 60, 86, 51, 83, 48, 74, 39, 71, 36,128,
              27,125, 24,116, 15,113, 12,104) ],
      gmul := 
       [ (  1, 24, 38, 58,  9, 29, 43, 66, 14, 34, 51,  5, 19, 42, 56, 10, 27,
             47, 61, 18, 32, 52,  3, 23, 37, 60,  8, 28, 45, 65, 13, 36, 50,
               4, 21, 41, 55, 12, 26, 46, 63, 17, 31, 54,  2, 22, 39, 59,  7,
              30, 44, 64, 15, 35, 49,  6, 20, 40, 57, 11, 25, 48, 62, 16, 33,
              53)( 67, 90,104,124, 75, 95,109,132, 80,100,117, 71, 85,108,122,
             76, 93,113,127, 84, 98,118, 69, 89,103,126, 74, 94,111,131, 79,
             102,116, 70, 87,107,121, 78, 92,112,129, 83, 97,120, 68, 88,105,
             125, 73, 96,110,130, 81,101,115, 72, 86,106,123, 77, 91,114,128,
              82, 99,119), (  1,106, 10,109, 13,118, 22,121, 25,130, 34, 67,
              37, 76, 46, 79, 49, 88, 58, 91, 61,100,  4,103,  7,112, 16,115,
              19,124, 28,127, 31, 70, 40, 73, 43, 82, 52, 85, 55, 94, 64, 97)
            (  2,108, 11,111, 14,120, 23,123, 26,132, 35, 69, 38, 78, 47, 81,
              50, 90, 59, 93, 62,102,  5,105,  8,114, 17,117, 20,126, 29,129,
              32, 72, 41, 75, 44, 84, 53, 87, 56, 96, 65, 99)(  3,107, 12,110,
             15,119, 24,122, 27,131, 36, 68, 39, 77, 48, 80, 51, 89, 60, 92,
              63,101,  6,104,  9,113, 18,116, 21,125, 30,128, 33, 71, 42, 74,
              45, 83, 54, 86, 57, 95, 66, 98) ],
      p := (  2, 70, 98, 25, 20, 31, 90,  9, 71,104, 94, 80, 76,125, 48,103,
          78, 84, 17, 51,101,112,129,111, 45, 32,106, 12, 88, 81, 18, 69, 14,
          52,107, 46,116, 44, 97,  8, 19, 21,115,109, 11, 72,121,113, 75, 83,
          64, 99,131,110, 28, 89,123,114, 27,119, 91, 43, 13,  6, 67, 61, 41,
          87, 63, 15,  5, 49, 38, 40,117,128, 29,100, 77,130, 93, 62, 58, 42,
          39, 33, 54,102,132, 92,127, 47, 86, 10,118, 74,  7)(  3,  4)
        ( 16, 22, 50, 55,108, 65,105, 66, 57, 36, 53, 82, 60, 35, 34, 24, 85,
          59)( 23, 68, 79,126, 30,120, 26, 37)( 56,124, 96, 73)( 95,122),
      q := (  2, 67,  7,  3,  4)(  5, 19, 50, 13)(  6, 70,107, 28,116, 27, 86,
         64,108, 12,115, 94,125, 29,103,129, 96,130,114, 44,106, 65,102, 75,
         122,110, 46, 89, 84, 60, 42, 32, 97, 63, 56, 79, 81, 59, 58, 35, 40,
          90, 62, 16, 52, 98, 43, 55, 99, 74, 61, 36, 24,118,131, 95, 83, 10,
          85, 18, 72, 82, 17, 20, 37, 54,105, 11, 69, 57, 41,120, 45, 39, 38,
          34, 53,121, 92, 76, 80,127, 30, 87,  8, 49, 33, 23, 71,101, 91, 25,
          51,104,109, 66, 14, 22, 21, 88,126, 47,119,112, 78,123, 93,  9, 68,
         124,111, 26, 31,117, 77, 73, 15)( 48,100,128)(113,132) ), rec(
      gadd := 
       [ (  1, 35, 63, 28, 56, 24, 49, 17, 45, 10, 38,  6, 31, 65, 27, 58, 20,
             54, 13, 47,  9, 40,  2, 36, 61, 29, 57, 22, 50, 18, 43, 11, 39,
               4, 32, 66, 25, 59, 21, 52, 14, 48,  7, 41,  3, 34, 62, 30, 55,
              23, 51, 16, 44, 12, 37,  5, 33, 64, 26, 60, 19, 53, 15, 46,  8,
              42)( 67,101,129, 94,122, 90,115, 83,111, 76,104, 72, 97,131, 93,
             124, 86,120, 79,113, 75,106, 68,102,127, 95,123, 88,116, 84,109,
              77,105, 70, 98,132, 91,125, 87,118, 80,114, 73,107, 69,100,128,
              96,121, 89,117, 82,110, 78,103, 71, 99,130, 92,126, 85,119, 81,
             112, 74,108), (  1,118, 34, 79, 61,112, 28, 73, 55,106, 22, 67,
              49,100, 16,127, 43, 94, 10,121, 37, 88,  4,115, 31, 82, 64,109,
              25, 76, 58,103, 19, 70, 52, 97, 13,130, 46, 91,  7,124, 40, 85)
            (  2,120, 35, 81, 62,114, 29, 75, 56,108, 23, 69, 50,102, 17,129,
              44, 96, 11,123, 38, 90,  5,117, 32, 84, 65,111, 26, 78, 59,105,
              20, 72, 53, 99, 14,132, 47, 93,  8,126, 41, 87)(  3,119, 36, 80,
             63,113, 30, 74, 57,107, 24, 68, 51,101, 18,128, 45, 95, 12,122,
              39, 89,  6,116, 33, 83, 66,110, 27, 77, 60,104, 21, 71, 54, 98,
              15,131, 48, 92,  9,125, 42, 86) ],
      gmul := 
       [ (  1, 41,  9, 46, 14, 54, 19, 59, 27, 64, 32,  6, 37, 11, 45, 16, 50,
             24, 55, 29, 63, 34,  2, 42,  7, 47, 15, 52, 20, 60, 25, 65, 33,
               4, 38, 12, 43, 17, 51, 22, 56, 30, 61, 35,  3, 40,  8, 48, 13,
              53, 21, 58, 26, 66, 31,  5, 39, 10, 44, 18, 49, 23, 57, 28, 62,
              36)( 67,107, 75,112, 80,120, 85,125, 93,130, 98, 72,103, 77,111,
             82,116, 90,121, 95,129,100, 68,108, 73,113, 81,118, 86,126, 91,
             131, 99, 70,104, 78,109, 83,117, 88,122, 96,127,101, 69,106, 74,
             114, 79,119, 87,124, 92,132, 97, 71,105, 76,110, 84,115, 89,123,
              94,128,102), (  1,119, 31, 83, 61,113, 25, 77, 55,107, 19, 71,
              49,101, 13,131, 43, 95,  7,125, 37, 89)(  2,118, 32, 82, 62,112,
             26, 76, 56,106, 20, 70, 50,100, 14,130, 44, 94,  8,124, 38, 88)
            (  3,120, 33, 84, 63,114, 27, 78, 57,108, 21, 72, 51,102, 15,132,
              45, 96,  9,126, 39, 90)(  4,116, 34, 80, 64,110, 28, 74, 58,104,
             22, 68, 52, 98, 16,128, 46, 92, 10,122, 40, 86)(  5,115, 35, 79,
              65,109, 29, 73, 59,103, 23, 67, 53, 97, 17,127, 47, 91, 11,121,
              41, 85)(  6,117, 36, 81, 66,111, 30, 75, 60,105, 24, 69, 54, 99,
             18,129, 48, 93, 12,123, 42, 87) ],
      p := (  2, 67, 56,121,110, 28, 86, 10,115,131,114, 26, 88,  9, 68,  7,
          19, 31, 87, 63, 15,  5, 49, 90, 62, 58, 42, 32,103, 75, 80, 73,108,
          65, 61, 41, 13,  6)(  3,  4)(  8, 70,107, 46, 89, 43, 38, 40, 39,
          33, 54, 99,128, 29, 97,126, 30,117,112, 27,116, 77,127, 47,100, 74,
         124, 93, 83, 64, 57, 36, 53, 79,123,111, 45,119, 78, 81, 18, 21, 20,
          50,106, 12, 85, 59, 16, 22, 37, 23, 71, 82, 60, 35, 34, 24,118,132,
          96, 84, 17, 51, 98, 76,122, 92, 25, 72,102,129,113, 44, 55,105, 66,
          14, 52,104, 91)( 11, 69,101,109)( 48,120, 94,125)( 95,130),
      q := (  2, 67, 15,  6,  3,  4)(  5, 19, 37, 54,105, 11, 69,107, 28,116,
         131, 96,126, 47,106, 65,  7, 49,120,112, 44, 13)(  8, 70,101, 91, 63,
         56, 79, 81, 59, 58, 35, 40, 32, 97, 84, 60, 42, 39, 38, 34, 53,121,
          92, 43, 33, 23, 71,124,111, 26,118, 78,123, 93,125, 29,103,129, 95,
          76, 80,127, 30, 87)(  9, 68, 61, 36, 24, 88, 62, 16, 52, 98,130,113,
         27, 86, 64, 14, 22, 31,117, 94, 83, 10, 85, 18, 50,100,128, 48, 90)
        ( 12,115, 77, 73,102, 75,122,110, 46,119,132,114, 45, 89, 25, 72,108)
        ( 17, 20, 21, 51,104,109, 66, 57, 41, 55, 99, 74, 82) ), rec(
      gadd := 
       [ (  1, 11, 15, 22, 26, 36, 37, 47, 51, 58, 62,  6,  7, 17, 21, 28, 32,
             42, 43, 53, 57, 64,  2, 12, 13, 23, 27, 34, 38, 48, 49, 59, 63,
               4,  8, 18, 19, 29, 33, 40, 44, 54, 55, 65,  3, 10, 14, 24, 25,
              35, 39, 46, 50, 60, 61,  5,  9, 16, 20, 30, 31, 41, 45, 52, 56,
              66)( 67, 77, 81, 88, 92,102,103,113,117,124,128, 72, 73, 83, 87,
             94, 98,108,109,119,123,130, 68, 78, 79, 89, 93,100,104,114,115,
             125,129, 70, 74, 84, 85, 95, 99,106,110,120,121,131, 69, 76, 80,
              90, 91,101,105,112,116,126,127, 71, 75, 82, 86, 96, 97,107,111,
             118,122,132), (  1, 67,  4, 70)(  2, 69,  5, 72)(  3, 68,  6, 71)
            (  7, 73, 10, 76)(  8, 75, 11, 78)(  9, 74, 12, 77)
            ( 13, 79, 16, 82)( 14, 81, 17, 84)( 15, 80, 18, 83)
            ( 19, 85, 22, 88)( 20, 87, 23, 90)( 21, 86, 24, 89)
            ( 25, 91, 28, 94)( 26, 93, 29, 96)( 27, 92, 30, 95)
            ( 31, 97, 34,100)( 32, 99, 35,102)( 33, 98, 36,101)
            ( 37,103, 40,106)( 38,105, 41,108)( 39,104, 42,107)
            ( 43,109, 46,112)( 44,111, 47,114)( 45,110, 48,113)
            ( 49,115, 52,118)( 50,117, 53,120)( 51,116, 54,119)
            ( 55,121, 58,124)( 56,123, 59,126)( 57,122, 60,125)
            ( 61,127, 64,130)( 62,129, 65,132)( 63,128, 66,131) ],
      gmul := 
       [ (  1,114,  4,111)(  2,113,  5,110)(  3,112,  6,109)(  7,108, 10,105)
            (  8,107, 11,104)(  9,106, 12,103)( 13,102, 16, 99)
            ( 14,101, 17, 98)( 15,100, 18, 97)( 19, 96, 22, 93)
            ( 20, 95, 23, 92)( 21, 94, 24, 91)( 25, 90, 28, 87)
            ( 26, 89, 29, 86)( 27, 88, 30, 85)( 31, 84, 34, 81)
            ( 32, 83, 35, 80)( 33, 82, 36, 79)( 37, 78, 40, 75)
            ( 38, 77, 41, 74)( 39, 76, 42, 73)( 43, 72, 46, 69)
            ( 44, 71, 47, 68)( 45, 70, 48, 67)( 49,132, 52,129)
            ( 50,131, 53,128)( 51,130, 54,127)( 55,126, 58,123)
            ( 56,125, 59,122)( 57,124, 60,121)( 61,120, 64,117)
            ( 62,119, 65,116)( 63,118, 66,115), 
          (  1,115,  4,118)(  2,117,  5,120)(  3,116,  6,119)(  7,109, 10,112)
            (  8,111, 11,114)(  9,110, 12,113)( 13,103, 16,106)
            ( 14,105, 17,108)( 15,104, 18,107)( 19, 97, 22,100)
            ( 20, 99, 23,102)( 21, 98, 24,101)( 25, 91, 28, 94)
            ( 26, 93, 29, 96)( 27, 92, 30, 95)( 31, 85, 34, 88)
            ( 32, 87, 35, 90)( 33, 86, 36, 89)( 37, 79, 40, 82)
            ( 38, 81, 41, 84)( 39, 80, 42, 83)( 43, 73, 46, 76)
            ( 44, 75, 47, 78)( 45, 74, 48, 77)( 49, 67, 52, 70)
            ( 50, 69, 53, 72)( 51, 68, 54, 71)( 55,127, 58,130)
            ( 56,129, 59,132)( 57,128, 60,131)( 61,121, 64,124)
            ( 62,123, 65,126)( 63,122, 66,125) ],
      p := (  2, 70, 98, 25, 20, 31,120, 26, 37, 23, 68, 79, 84, 17, 51,107,
          46,116, 44, 97,  8, 19, 21,115,109, 11, 72,121, 95,122,113, 75,125,
          48,103,132, 92,127, 47, 86, 10, 88, 81, 18, 69, 14, 52,101, 94, 80,
         130, 93, 62, 58, 42, 39, 33, 54,108, 65,105, 66, 57, 36, 53,124,114,
          27, 89,123, 96, 73, 56, 82, 60, 35, 34, 24, 85, 59, 16, 22, 50, 55,
         102, 78,126, 30, 90,  9, 71,104,112,129,111, 45, 32,100,131,110, 28,
         119, 91, 43, 13,  6, 67, 61, 41, 87, 63, 15,  5, 49, 38, 40,117,128,
          29,106, 12,118, 74,  7)(  3,  4)( 64, 99, 77, 76, 83),
      q := (  2, 67,  7,  3,  4)(  5, 19, 50, 13)(  6, 70,101, 91, 25, 51,104,
         109, 66, 14, 22, 21,118, 77, 73, 15)(  8, 49, 33, 23, 71,107, 28,116,
         27, 86, 64,102, 75,122,110, 46,119, 94, 83, 10, 85, 18, 72,124,111,
          26, 31,117,131,113, 78,123, 93,  9, 68, 82, 17, 20, 37, 54,105, 11,
          69, 57, 41, 90, 62, 16, 52, 98, 43, 55, 99, 74, 61, 36, 24, 88, 84,
          60, 42, 32, 97, 63, 56, 79, 81, 59, 58, 35, 40,120, 45, 39, 38, 34,
          53,121, 92,130, 96, 76, 80,127, 30, 87)( 12,115,112,132, 95,125, 29,
         103,129,114, 44,100,128, 48,106, 65,108)( 47, 89,126) ), rec(
      gadd := 
       [ (  1, 29, 51, 10, 32, 60, 13, 41, 63, 22, 44,  6, 25, 53,  9, 34, 56,
             18, 37, 65, 21, 46,  2, 30, 49, 11, 33, 58, 14, 42, 61, 23, 45,
               4, 26, 54,  7, 35, 57, 16, 38, 66, 19, 47,  3, 28, 50, 12, 31,
              59, 15, 40, 62, 24, 43,  5, 27, 52,  8, 36, 55, 17, 39, 64, 20,
              48)( 67, 95,117, 76, 98,126, 79,107,129, 88,110, 72, 91,119, 75,
             100,122, 84,103,131, 87,112, 68, 96,115, 77, 99,124, 80,108,127,
              89,111, 70, 92,120, 73,101,123, 82,104,132, 85,113, 69, 94,116,
              78, 97,125, 81,106,128, 90,109, 71, 93,118, 74,102,121, 83,105,
             130, 86,114), (  1,118, 34, 79, 61,112, 28, 73, 55,106, 22, 67,
              49,100, 16,127, 43, 94, 10,121, 37, 88,  4,115, 31, 82, 64,109,
              25, 76, 58,103, 19, 70, 52, 97, 13,130, 46, 91,  7,124, 40, 85)
            (  2,120, 35, 81, 62,114, 29, 75, 56,108, 23, 69, 50,102, 17,129,
              44, 96, 11,123, 38, 90,  5,117, 32, 84, 65,111, 26, 78, 59,105,
              20, 72, 53, 99, 14,132, 47, 93,  8,126, 41, 87)(  3,119, 36, 80,
             63,113, 30, 74, 57,107, 24, 68, 51,101, 18,128, 45, 95, 12,122,
              39, 89,  6,116, 33, 83, 66,110, 27, 77, 60,104, 21, 71, 54, 98,
              15,131, 48, 92,  9,125, 42, 86) ],
      gmul := 
       [ (  1, 56, 45, 31, 20,  9, 61, 50, 39, 25, 14,  3, 55, 44, 33, 19,  8,
             63, 49, 38, 27, 13,  2, 57, 43, 32, 21,  7, 62, 51, 37, 26, 15)
            (  4, 59, 48, 34, 23, 12, 64, 53, 42, 28, 17,  6, 58, 47, 36, 22,
              11, 66, 52, 41, 30, 16,  5, 60, 46, 35, 24, 10, 65, 54, 40, 29,
              18)( 67,123,110, 97, 87, 74,127,117,104, 91, 81, 68,121,111, 98,
             85, 75,128,115,105, 92, 79, 69,122,109, 99, 86, 73,129,116,103,
              93, 80)( 70,126,113,100, 90, 77,130,120,107, 94, 84, 71,124,114,
             101, 88, 78,131,118,108, 95, 82, 72,125,112,102, 89, 76,132,119,
             106, 96, 83), (  1,129, 58,120, 43,105, 34, 96, 19, 81, 10, 72,
              61,123, 52,114, 37, 99, 28, 90, 13, 75,  4,132, 55,117, 46,108,
              31, 93, 22, 84,  7, 69, 64,126, 49,111, 40,102, 25, 87, 16, 78)
            (  2,127, 59,118, 44,103, 35, 94, 20, 79, 11, 70, 62,121, 53,112,
              38, 97, 29, 88, 14, 73,  5,130, 56,115, 47,106, 32, 91, 23, 82,
               8, 67, 65,124, 50,109, 41,100, 26, 85, 17, 76)(  3,128, 60,119,
             45,104, 36, 95, 21, 80, 12, 71, 63,122, 54,113, 39, 98, 30, 89,
              15, 74,  6,131, 57,116, 48,107, 33, 92, 24, 83,  9, 68, 66,125,
              51,110, 42,101, 27, 86, 18, 77) ],
      p := (  2, 70, 99,132, 93, 62, 58, 42, 39, 33, 54,101,112,128, 29,100,
          78, 83, 64, 98, 25, 20, 31, 89,122, 96, 73, 56,124, 95,123,113, 74,
           7)(  3,  4)(  5, 49, 38, 40,116, 44, 97,  8, 19, 21,115,109, 11,
          71,105, 66, 57, 36, 53, 82, 60, 35, 34, 24, 85, 59, 16, 22, 50, 55,
         107, 46,117,129,110, 28, 90,  9, 72,121,114, 27,120, 26, 37, 23, 69,
          14, 52,108, 65,104, 94, 81, 18, 68, 79,125, 48,103, 77,130, 92,127,
          47, 87, 63, 15)(  6, 67, 61, 41, 86, 10,118, 75, 84, 17, 51,102,131,
         111, 45, 32,106, 12, 88, 80, 76,126, 30,119, 91, 43, 13),
      q := (  2, 67,  7,  3,  4)(  5, 19, 50, 13)(  6, 70,108, 12,115, 94,126,
         47,120, 45, 39, 38, 34, 53,121, 93,  9, 69, 57, 41,119,112, 77, 73,
          15)(  8, 49, 33, 23, 72, 82, 17, 20, 37, 54,104,109, 66, 14, 22, 21,
         88,125, 29,103,128, 48,100,129, 95, 84, 60, 42, 32, 97, 63, 56, 79,
          80,127, 30, 86, 64,107, 28,117, 78,122,111, 26, 31,116, 27, 87)
        ( 10, 85, 18, 71,102, 74, 61, 36, 24,118,132,114, 44,106, 65,101, 91,
          25, 51,105, 11, 68,124,110, 46, 90, 62, 16, 52, 99, 75,123, 92, 76,
          81, 59, 58, 35, 40, 89, 83)( 43, 55, 98)( 96,130,113,131) ), rec(
      gadd := 
       [ (  1,  5,  3,  4,  2,  6)(  7, 11,  9, 10,  8, 12)( 13, 17, 15, 16,
              14, 18)( 19, 23, 21, 22, 20, 24)( 25, 29, 27, 28, 26, 30)
            ( 31, 35, 33, 34, 32, 36)( 37, 41, 39, 40, 38, 42)
            ( 43, 47, 45, 46, 44, 48)( 49, 53, 51, 52, 50, 54)
            ( 55, 59, 57, 58, 56, 60)( 61, 65, 63, 64, 62, 66)
            ( 67, 71, 69, 70, 68, 72)( 73, 77, 75, 76, 74, 78)
            ( 79, 83, 81, 82, 80, 84)( 85, 89, 87, 88, 86, 90)
            ( 91, 95, 93, 94, 92, 96)( 97,101, 99,100, 98,102)
            (103,107,105,106,104,108)(109,113,111,112,110,114)
            (115,119,117,118,116,120)(121,125,123,124,122,126)
            (127,131,129,130,128,132), 
          (  1,132, 58,117, 43,108, 34, 93, 19, 84, 10, 69, 61,126, 52,111,
              37,102, 28, 87, 13, 78,  4,129, 55,120, 46,105, 31, 96, 22, 81,
               7, 72, 64,123, 49,114, 40, 99, 25, 90, 16, 75)(  2,131, 59,116,
             44,107, 35, 92, 20, 83, 11, 68, 62,125, 53,110, 38,101, 29, 86,
              14, 77,  5,128, 56,119, 47,104, 32, 95, 23, 80,  8, 71, 65,122,
              50,113, 41, 98, 26, 89, 17, 74)(  3,130, 60,115, 45,106, 36, 91,
             21, 82, 12, 67, 63,124, 54,109, 39,100, 30, 85, 15, 76,  6,127,
              57,118, 48,103, 33, 94, 24, 79,  9, 70, 66,121, 51,112, 42, 97,
              27, 88, 18, 73) ],
      gmul := 
       [ (  1, 47, 21, 64, 38, 18, 55, 35,  9, 52, 26,  6, 43, 23, 63, 40, 14,
             60, 31, 11, 51, 28,  2, 48, 19, 65, 39, 16, 56, 36,  7, 53, 27,
               4, 44, 24, 61, 41, 15, 58, 32, 12, 49, 29,  3, 46, 20, 66, 37,
              17, 57, 34,  8, 54, 25,  5, 45, 22, 62, 42, 13, 59, 33, 10, 50,
              30)( 67,114, 86,130,105, 83,121,102, 74,118, 93, 71,109, 90,128,
             106, 81,125, 97, 78,116, 94, 69,113, 85,132,104, 82,123,101, 73,
             120, 92, 70,111, 89,127,108, 80,124, 99, 77,115, 96, 68,112, 87,
             131,103, 84,122,100, 75,119, 91, 72,110, 88,129,107, 79,126, 98,
              76,117, 95), (  1,101)(  2,102)(  3,100)(  4, 98)(  5, 99)
            (  6, 97)(  7, 95)(  8, 96)(  9, 94)( 10, 92)( 11, 93)( 12, 91)
            ( 13, 89)( 14, 90)( 15, 88)( 16, 86)( 17, 87)( 18, 85)( 19, 83)
            ( 20, 84)( 21, 82)( 22, 80)( 23, 81)( 24, 79)( 25, 77)( 26, 78)
            ( 27, 76)( 28, 74)( 29, 75)( 30, 73)( 31, 71)( 32, 72)( 33, 70)
            ( 34, 68)( 35, 69)( 36, 67)( 37,131)( 38,132)( 39,130)( 40,128)
            ( 41,129)( 42,127)( 43,125)( 44,126)( 45,124)( 46,122)( 47,123)
            ( 48,121)( 49,119)( 50,120)( 51,118)( 52,116)( 53,117)( 54,115)
            ( 55,113)( 56,114)( 57,112)( 58,110)( 59,111)( 60,109)( 61,107)
            ( 62,108)( 63,106)( 64,104)( 65,105)( 66,103) ],
      p := (  2, 67, 56, 79, 80,127, 47,106, 12,115, 78,122,111, 45, 90, 62,
          58, 42, 32, 97, 83, 64, 57, 36, 53,121, 93,126, 30, 86, 10, 85, 59,
          16, 22, 37, 23, 72,107, 46,120,112, 27, 87, 63, 15,  5, 49,119,131,
          95, 76, 81, 18, 21, 20, 50,100,129, 96,125, 48, 89, 43, 38, 40, 39,
          33, 54,104,109, 11, 68,  7, 19, 31,116,132,113, 44, 55, 98,130,114,
          26,118, 77, 73,101, 91,  8, 70,102, 74, 82, 60, 35, 34, 24, 88,  9,
          69,108, 65, 61, 41, 13,  6)(  3,  4)( 14, 52, 99, 75,123, 92, 25,
          71,124,110, 28,117, 94, 84, 17, 51,105, 66)( 29,103,128),
      q := (  2, 67, 15,  6,  3,  4)(  5, 19, 37, 54,104,109, 66, 57, 41, 55,
          98,130,114, 45, 90,  9, 69,108, 12,115, 78,122,111, 26,118, 77, 73,
         101, 91, 63, 56, 79, 80,127, 30, 86, 64, 14, 22, 31,116,132,113, 27,
          87,  8, 70,102, 74, 82, 17, 20, 21, 51,105, 11, 68, 61, 36, 24, 88,
          62, 16, 52, 99, 75,123, 92, 43, 33, 23, 72,107, 28,117, 94, 84, 60,
          42, 39, 38, 34, 53,121, 93,126, 47,106, 65,  7, 49,119,131, 95, 76,
          81, 59, 58, 35, 40, 32, 97, 83, 10, 85, 18, 50,100,129, 96,125, 29,
         103,128, 48, 89, 25, 71,124,110, 46,120,112, 44, 13) ), rec(
      gadd := 
       [ (  1, 23, 39, 58,  8, 30, 43, 65, 15, 34, 50,  6, 19, 41, 57, 10, 26,
             48, 61, 17, 33, 52,  2, 24, 37, 59,  9, 28, 44, 66, 13, 35, 51,
               4, 20, 42, 55, 11, 27, 46, 62, 18, 31, 53,  3, 22, 38, 60,  7,
              29, 45, 64, 14, 36, 49,  5, 21, 40, 56, 12, 25, 47, 63, 16, 32,
              54)( 67, 89,105,124, 74, 96,109,131, 81,100,116, 72, 85,107,123,
             76, 92,114,127, 83, 99,118, 68, 90,103,125, 75, 94,110,132, 79,
             101,117, 70, 86,108,121, 77, 93,112,128, 84, 97,119, 69, 88,104,
             126, 73, 95,111,130, 80,102,115, 71, 87,106,122, 78, 91,113,129,
              82, 98,120), (  1, 72,  4, 69)(  2, 71,  5, 68)(  3, 70,  6, 67)
            (  7, 78, 10, 75)(  8, 77, 11, 74)(  9, 76, 12, 73)
            ( 13, 84, 16, 81)( 14, 83, 17, 80)( 15, 82, 18, 79)
            ( 19, 90, 22, 87)( 20, 89, 23, 86)( 21, 88, 24, 85)
            ( 25, 96, 28, 93)( 26, 95, 29, 92)( 27, 94, 30, 91)
            ( 31,102, 34, 99)( 32,101, 35, 98)( 33,100, 36, 97)
            ( 37,108, 40,105)( 38,107, 41,104)( 39,106, 42,103)
            ( 43,114, 46,111)( 44,113, 47,110)( 45,112, 48,109)
            ( 49,120, 52,117)( 50,119, 53,116)( 51,118, 54,115)
            ( 55,126, 58,123)( 56,125, 59,122)( 57,124, 60,121)
            ( 61,132, 64,129)( 62,131, 65,128)( 63,130, 66,127) ],
      gmul := 
       [ (  1, 12, 14, 22, 27, 35, 37, 48, 50, 58, 63,  5,  7, 18, 20, 28, 33,
             41, 43, 54, 56, 64,  3, 11, 13, 24, 26, 34, 39, 47, 49, 60, 62,
               4,  9, 17, 19, 30, 32, 40, 45, 53, 55, 66,  2, 10, 15, 23, 25,
              36, 38, 46, 51, 59, 61,  6,  8, 16, 21, 29, 31, 42, 44, 52, 57,
              65)( 67, 78, 80, 88, 93,101,103,114,116,124,129, 71, 73, 84, 86,
             94, 99,107,109,120,122,130, 69, 77, 79, 90, 92,100,105,113,115,
             126,128, 70, 75, 83, 85, 96, 98,106,111,119,121,132, 68, 76, 81,
              89, 91,102,104,112,117,125,127, 72, 74, 82, 87, 95, 97,108,110,
             118,123,131), (  1,125)(  2,124)(  3,126)(  4,122)(  5,121)
            (  6,123)(  7,119)(  8,118)(  9,120)( 10,116)( 11,115)( 12,117)
            ( 13,113)( 14,112)( 15,114)( 16,110)( 17,109)( 18,111)( 19,107)
            ( 20,106)( 21,108)( 22,104)( 23,103)( 24,105)( 25,101)( 26,100)
            ( 27,102)( 28, 98)( 29, 97)( 30, 99)( 31, 95)( 32, 94)( 33, 96)
            ( 34, 92)( 35, 91)( 36, 93)( 37, 89)( 38, 88)( 39, 90)( 40, 86)
            ( 41, 85)( 42, 87)( 43, 83)( 44, 82)( 45, 84)( 46, 80)( 47, 79)
            ( 48, 81)( 49, 77)( 50, 76)( 51, 78)( 52, 74)( 53, 73)( 54, 75)
            ( 55, 71)( 56, 70)( 57, 72)( 58, 68)( 59, 67)( 60, 69)( 61,131)
            ( 62,130)( 63,132)( 64,128)( 65,127)( 66,129) ],
      p := (  2, 67, 56, 79, 81, 18, 21, 20, 50,100,128, 29,103,129, 95, 76,
          80,127, 47,106, 12,115, 77, 73,102, 75,122,110, 28,116,131, 96,126,
          30, 87, 63, 15,  5, 49,120,112, 27, 86, 10, 85, 59, 16, 22, 37, 23,
          71,124,111, 45, 89, 43, 38, 40, 39, 33, 54,105, 66, 14, 52, 98,130,
         113, 44, 55, 99, 74, 82, 60, 35, 34, 24, 88,  9, 68,  7, 19, 31,117,
          94, 83, 64, 57, 36, 53,121, 92, 25, 72,108, 65, 61, 41, 13,  6)
        (  3,  4)(  8, 70,101, 91)( 11, 69,107, 46,119,132,114, 26,118, 78,
         123, 93,125, 48, 90, 62, 58, 42, 32, 97, 84, 17, 51,104,109),
      q := (  2, 67, 15,  6,  3,  4)(  5, 19, 37, 54,105, 11, 69,107, 28,116,
         131, 96,126, 47,106, 65,  7, 49,120,112, 44, 13)(  8, 70,101, 91, 63,
         56, 79, 81, 59, 58, 35, 40, 32, 97, 84, 60, 42, 39, 38, 34, 53,121,
          92, 43, 33, 23, 71,124,111, 26,118, 78,123, 93,125, 29,103,129, 95,
          76, 80,127, 30, 87)(  9, 68, 61, 36, 24, 88, 62, 16, 52, 98,130,113,
         27, 86, 64, 14, 22, 31,117, 94, 83, 10, 85, 18, 50,100,128, 48, 90)
        ( 12,115, 77, 73,102, 75,122,110, 46,119,132,114, 45, 89, 25, 72,108)
        ( 17, 20, 21, 51,104,109, 66, 57, 41, 55, 99, 74, 82) ), rec(
      gadd := 
       [ (  1, 67,  4, 70)(  2, 69,  5, 72)(  3, 68,  6, 71)(  7, 73, 10, 76)
            (  8, 75, 11, 78)(  9, 74, 12, 77)( 13, 79, 16, 82)
            ( 14, 81, 17, 84)( 15, 80, 18, 83)( 19, 85, 22, 88)
            ( 20, 87, 23, 90)( 21, 86, 24, 89)( 25, 91, 28, 94)
            ( 26, 93, 29, 96)( 27, 92, 30, 95)( 31, 97, 34,100)
            ( 32, 99, 35,102)( 33, 98, 36,101)( 37,103, 40,106)
            ( 38,105, 41,108)( 39,104, 42,107)( 43,109, 46,112)
            ( 44,111, 47,114)( 45,110, 48,113)( 49,115, 52,118)
            ( 50,117, 53,120)( 51,116, 54,119)( 55,121, 58,124)
            ( 56,123, 59,126)( 57,122, 60,125)( 61,127, 64,130)
            ( 62,129, 65,132)( 63,128, 66,131), 
          (  1,110, 22,131, 37, 80, 58,101,  7,116, 28, 71, 43, 86, 64,107,
              13,122, 34, 77, 49, 92,  4,113, 19,128, 40, 83, 55, 98, 10,119,
              25, 68, 46, 89, 61,104, 16,125, 31, 74, 52, 95)(  2,109, 23,130,
             38, 79, 59,100,  8,115, 29, 70, 44, 85, 65,106, 14,121, 35, 76,
              50, 91,  5,112, 20,127, 41, 82, 56, 97, 11,118, 26, 67, 47, 88,
              62,103, 17,124, 32, 73, 53, 94)(  3,111, 24,132, 39, 81, 60,102,
             9,117, 30, 72, 45, 87, 66,108, 15,123, 36, 78, 51, 93,  6,114,
              21,129, 42, 84, 57, 99, 12,120, 27, 69, 48, 90, 63,105, 18,126,
              33, 75, 54, 96) ],
      gmul := 
       [ (  1, 66, 56, 52, 45, 41, 31, 30, 20, 16,  9,  5, 61, 60, 50, 46, 39,
             35, 25, 24, 14, 10,  3, 65, 55, 54, 44, 40, 33, 29, 19, 18,  8,
               4, 63, 59, 49, 48, 38, 34, 27, 23, 13, 12,  2, 64, 57, 53, 43,
              42, 32, 28, 21, 17,  7,  6, 62, 58, 51, 47, 37, 36, 26, 22, 15,
              11)( 67,131,123,118,110,108, 97, 95, 87, 82, 74, 72,127,125,117,
             112,104,102, 91, 89, 81, 76, 68,132,121,119,111,106, 98, 96, 85,
              83, 75, 70,128,126,115,113,105,100, 92, 90, 79, 77, 69,130,122,
             120,109,107, 99, 94, 86, 84, 73, 71,129,124,116,114,103,101, 93,
              88, 80, 78), (  1,124,  4,121)(  2,125,  5,122)(  3,126,  6,123)
            (  7,118, 10,115)(  8,119, 11,116)(  9,120, 12,117)
            ( 13,112, 16,109)( 14,113, 17,110)( 15,114, 18,111)
            ( 19,106, 22,103)( 20,107, 23,104)( 21,108, 24,105)
            ( 25,100, 28, 97)( 26,101, 29, 98)( 27,102, 30, 99)
            ( 31, 94, 34, 91)( 32, 95, 35, 92)( 33, 96, 36, 93)
            ( 37, 88, 40, 85)( 38, 89, 41, 86)( 39, 90, 42, 87)
            ( 43, 82, 46, 79)( 44, 83, 47, 80)( 45, 84, 48, 81)
            ( 49, 76, 52, 73)( 50, 77, 53, 74)( 51, 78, 54, 75)
            ( 55, 70, 58, 67)( 56, 71, 59, 68)( 57, 72, 60, 69)
            ( 61,130, 64,127)( 62,131, 65,128)( 63,132, 66,129) ],
      p := (  2, 70, 99, 78,125, 48,103,131,111, 45, 32,100,132, 93, 62, 58,
          42, 39, 33, 54,107, 46,117,129,110, 28,120, 26, 37, 23, 69, 14, 52,
         102, 77, 76, 84, 17, 51,108, 65,104,112,128, 29,106, 12,118, 75,126,
          30, 89,122,114, 27, 90,  9, 72,121, 96, 73, 56, 82, 60, 35, 34, 24,
          85, 59, 16, 22, 50, 55,101, 94, 81, 18, 68, 79, 83, 64, 98, 25, 20,
          31,119, 91, 43, 13,  6, 67, 61, 41, 86, 10, 88, 80,130, 92,127, 47,
          87, 63, 15,  5, 49, 38, 40,116, 44, 97,  8, 19, 21,115,109, 11, 71,
         105, 66, 57, 36, 53,124,113, 74,  7)(  3,  4)( 95,123),
      q := (  2, 67,  7,  3,  4)(  5, 19, 50, 13)(  6, 70,102, 74, 61, 36, 24,
         88, 83, 10, 85, 18, 71,108, 12,115,112,131,114, 44,100,129,113, 77,
          73, 15)(  8, 49, 33, 23, 72,124,110, 46,120, 45, 39, 38, 34, 53,121,
         93,  9, 69, 57, 41, 89,125, 29,103,128, 48,106, 65,107, 28,117,132,
          96, 76, 81, 59, 58, 35, 40,119, 94, 84, 60, 42, 32, 97, 63, 56, 79,
          80,127, 30, 86, 64,101, 91, 25, 51,105, 11, 68, 82, 17, 20, 37, 54,
         104,109, 66, 14, 22, 21,118, 78,122,111, 26, 31,116, 27, 87)
        ( 16, 52, 99, 75,123, 92,130, 95,126, 47, 90, 62)( 43, 55, 98) ), rec(
      gadd := 
       [ (  1,107, 10,110, 13,119, 22,122, 25,131, 34, 68, 37, 77, 46, 80, 49,
             89, 58, 92, 61,101,  4,104,  7,113, 16,116, 19,125, 28,128, 31,
              71, 40, 74, 43, 83, 52, 86, 55, 95, 64, 98)(  2,106, 11,109, 14,
             118, 23,121, 26,130, 35, 67, 38, 76, 47, 79, 50, 88, 59, 91, 62,
             100,  5,103,  8,112, 17,115, 20,124, 29,127, 32, 70, 41, 73, 44,
              82, 53, 85, 56, 94, 65, 97)(  3,108, 12,111, 15,120, 24,123, 27,
             132, 36, 69, 39, 78, 48, 81, 51, 90, 60, 93, 63,102,  6,105,  9,
             114, 18,117, 21,126, 30,129, 33, 72, 42, 75, 45, 84, 54, 87, 57,
              96, 66, 99), (  1,123, 46,102, 19, 75, 64,120, 37, 93, 16, 72,
              55,111, 34, 90,  7,129, 52,108, 25, 81,  4,126, 43, 99, 22, 78,
              61,117, 40, 96, 13, 69, 58,114, 31, 87, 10,132, 49,105, 28, 84)
            (  2,122, 47,101, 20, 74, 65,119, 38, 92, 17, 71, 56,110, 35, 89,
               8,128, 53,107, 26, 80,  5,125, 44, 98, 23, 77, 62,116, 41, 95,
              14, 68, 59,113, 32, 86, 11,131, 50,104, 29, 83)(  3,121, 48,100,
             21, 73, 66,118, 39, 91, 18, 70, 57,109, 36, 88,  9,127, 54,106,
              27, 79,  6,124, 45, 97, 24, 76, 63,115, 42, 94, 15, 67, 60,112,
              33, 85, 12,130, 51,103, 30, 82) ],
      gmul := 
       [ (  1, 95, 49, 77, 31,125, 13,107, 61, 89, 43, 71, 25,119,  7,101, 55,
             83, 37,131, 19,113)(  2, 96, 50, 78, 32,126, 14,108, 62, 90, 44,
              72, 26,120,  8,102, 56, 84, 38,132, 20,114)(  3, 94, 51, 76, 33,
             124, 15,106, 63, 88, 45, 70, 27,118,  9,100, 57, 82, 39,130, 21,
             112)(  4, 92, 52, 74, 34,122, 16,104, 64, 86, 46, 68, 28,116, 10,
             98, 58, 80, 40,128, 22,110)(  5, 93, 53, 75, 35,123, 17,105, 65,
              87, 47, 69, 29,117, 11, 99, 59, 81, 41,129, 23,111)
            (  6, 91, 54, 73, 36,121, 18,103, 66, 85, 48, 67, 30,115, 12, 97,
              60, 79, 42,127, 24,109), 
          (  1, 97, 61, 91, 55, 85, 49, 79, 43, 73, 37, 67, 31,127, 25,121,
              19,115, 13,109,  7,103)(  2, 98, 62, 92, 56, 86, 50, 80, 44, 74,
             38, 68, 32,128, 26,122, 20,116, 14,110,  8,104)(  3, 99, 63, 93,
              57, 87, 51, 81, 45, 75, 39, 69, 33,129, 27,123, 21,117, 15,111,
               9,105)(  4,100, 64, 94, 58, 88, 52, 82, 46, 76, 40, 70, 34,130,
             28,124, 22,118, 16,112, 10,106)(  5,101, 65, 95, 59, 89, 53, 83,
              47, 77, 41, 71, 35,131, 29,125, 23,119, 17,113, 11,107)
            (  6,102, 66, 96, 60, 90, 54, 84, 48, 78, 42, 72, 36,132, 30,126,
              24,120, 18,114, 12,108) ],
      p := (  2, 67, 56,121,111, 45,120, 94,126, 30,116, 78, 80, 73,107, 46,
          90, 62, 58, 42, 32,103, 74,124, 92, 25, 71, 82, 60, 35, 34, 24,118,
         131,113, 44, 55,104, 91,  8, 70,108, 65, 61, 41, 13,  6)(  3,  4)
        (  5, 49, 89, 43, 38, 40, 39, 33, 54, 98, 76,123,110, 28, 87, 63, 15)
        (  7, 19, 31, 86, 10,115,132, 95,130, 96, 83, 64, 57, 36, 53, 79,122,
          93, 84, 17, 51, 99,129,114, 26, 88,  9, 69,102,128, 29, 97,125, 48,
         119, 77,127, 47,100, 75, 81, 18, 21, 20, 50,106, 12, 85, 59, 16, 22,
          37, 23, 72,101,109, 11, 68)( 14, 52,105, 66)( 27,117,112),
      q := (  2, 67, 15,  6,  3,  4)(  5, 19, 37, 54,104,109, 66, 57, 41, 55,
          98,130,114, 45, 90,  9, 69,108, 12,115, 78,122,111, 26,118, 77, 73,
         101, 91, 63, 56, 79, 80,127, 30, 86, 64, 14, 22, 31,116,132,113, 27,
          87,  8, 70,102, 74, 82, 17, 20, 21, 51,105, 11, 68, 61, 36, 24, 88,
          62, 16, 52, 99, 75,123, 92, 43, 33, 23, 72,107, 28,117, 94, 84, 60,
          42, 39, 38, 34, 53,121, 93,126, 47,106, 65,  7, 49,119,131, 95, 76,
          81, 59, 58, 35, 40, 32, 97, 83, 10, 85, 18, 50,100,129, 96,125, 29,
         103,128, 48, 89, 25, 71,124,110, 46,120,112, 44, 13) ), rec(
      gadd := 
       [ (  1, 53, 33, 16, 62, 48, 25, 11, 57, 40, 20,  6, 49, 35, 15, 64, 44,
             30,  7, 59, 39, 22,  2, 54, 31, 17, 63, 46, 26, 12, 55, 41, 21,
               4, 50, 36, 13, 65, 45, 28,  8, 60, 37, 23,  3, 52, 32, 18, 61,
              47, 27, 10, 56, 42, 19,  5, 51, 34, 14, 66, 43, 29,  9, 58, 38,
              24)( 67,119, 99, 82,128,114, 91, 77,123,106, 86, 72,115,101, 81,
             130,110, 96, 73,125,105, 88, 68,120, 97, 83,129,112, 92, 78,121,
             107, 87, 70,116,102, 79,131,111, 94, 74,126,103, 89, 69,118, 98,
              84,127,113, 93, 76,122,108, 85, 71,117,100, 80,132,109, 95, 75,
             124,104, 90), (  1,125, 46, 98, 19, 77, 64,116, 37, 95, 16, 68,
              55,113, 34, 86,  7,131, 52,104, 25, 83,  4,122, 43,101, 22, 74,
              61,119, 40, 92, 13, 71, 58,110, 31, 89, 10,128, 49,107, 28, 80)
            (  2,124, 47, 97, 20, 76, 65,115, 38, 94, 17, 67, 56,112, 35, 85,
               8,130, 53,103, 26, 82,  5,121, 44,100, 23, 73, 62,118, 41, 91,
              14, 70, 59,109, 32, 88, 11,127, 50,106, 29, 79)(  3,126, 48, 99,
             21, 78, 66,117, 39, 96, 18, 69, 57,114, 36, 87,  9,132, 54,105,
              27, 84,  6,123, 45,102, 24, 75, 63,120, 42, 93, 15, 72, 60,111,
              33, 90, 12,129, 51,108, 30, 81) ],
      gmul := 
       [ (  1, 35,  3, 34,  2, 36)(  4, 32,  6, 31,  5, 33)(  7, 29,  9, 28,
               8, 30)( 10, 26, 12, 25, 11, 27)( 13, 23, 15, 22, 14, 24)
            ( 16, 20, 18, 19, 17, 21)( 37, 65, 39, 64, 38, 66)
            ( 40, 62, 42, 61, 41, 63)( 43, 59, 45, 58, 44, 60)
            ( 46, 56, 48, 55, 47, 57)( 49, 53, 51, 52, 50, 54)
            ( 67,102, 68,100, 69,101)( 70, 99, 71, 97, 72, 98)
            ( 73, 96, 74, 94, 75, 95)( 76, 93, 77, 91, 78, 92)
            ( 79, 90, 80, 88, 81, 89)( 82, 87, 83, 85, 84, 86)
            (103,132,104,130,105,131)(106,129,107,127,108,128)
            (109,126,110,124,111,125)(112,123,113,121,114,122)
            (115,120,116,118,117,119), 
          (  1,105,  7,111, 13,117, 19,123, 25,129, 31, 69, 37, 75, 43, 81,
              49, 87, 55, 93, 61, 99)(  2,103,  8,109, 14,115, 20,121, 26,127,
             32, 67, 38, 73, 44, 79, 50, 85, 56, 91, 62, 97)(  3,104,  9,110,
              15,116, 21,122, 27,128, 33, 68, 39, 74, 45, 80, 51, 86, 57, 92,
              63, 98)(  4,108, 10,114, 16,120, 22,126, 28,132, 34, 72, 40, 78,
             46, 84, 52, 90, 58, 96, 64,102)(  5,106, 11,112, 17,118, 23,124,
              29,130, 35, 70, 41, 76, 47, 82, 53, 88, 59, 94, 65,100)
            (  6,107, 12,113, 18,119, 24,125, 30,131, 36, 71, 42, 77, 48, 83,
              54, 89, 60, 95, 66,101) ],
      p := (  2,  4,  3, 67, 56, 16, 85,122, 48, 89, 43, 38,103, 65, 61,104,
          46,120,112, 27, 24, 88,  9,  6)(  5, 49,119,131, 95, 76, 18, 21, 20,
         50,100, 66, 14,115, 78, 59, 79, 17, 51, 42, 32, 34, 87, 63, 15, 68,
           7, 19, 31, 53, 58,105,129, 96,125,111, 45, 90, 62,121, 30, 23, 72,
         107,109, 74, 82,123, 29, 40, 39, 33,117, 94, 84, 80, 64, 57, 99, 12,
          52, 36,116,132,113, 44, 55, 35, 97, 83,127,110, 91,  8, 70,102, 11)
        ( 10, 22, 37, 86, 73,101, 28, 54, 41, 13, 69,108,128, 92, 25, 71,124,
          47,106, 75, 60, 98,130,114, 26,118, 77)( 93,126),
      q := (  2,  4)(  3, 67, 15, 68, 61, 98,130,114, 45, 90,  9,  5, 19, 37,
         116,132,113, 27, 23, 72,107, 91, 63, 56, 16,115, 78, 60,104, 46,120,
         112, 44, 13, 69,108, 74, 82, 81,123, 30, 24, 88, 62, 79, 18, 50,100,
          65,  7, 49,119,131, 95, 76, 17, 20, 21, 51, 41, 55, 36, 86,127, 92,
          43, 33, 87,  8, 70,102, 12, 52, 35,103, 66, 57,105, 75, 59,121, 29,
          40, 32, 34,117, 94, 84,122, 47,106,129, 96,125, 93,126,111, 26,118,
          77, 10, 22, 31, 54, 42, 39, 38, 97, 83, 73,101, 28, 53, 58, 99, 11,
           6)( 14, 85, 80, 64)( 25, 71,124, 48, 89)(109,128,110) ), rec(
      gadd := 
       [ (  1, 14, 27, 37, 50, 63,  7, 20, 33, 43, 56,  3, 13, 26, 39, 49, 62,
             9, 19, 32, 45, 55,  2, 15, 25, 38, 51, 61,  8, 21, 31, 44, 57)
            (  4, 17, 30, 40, 53, 66, 10, 23, 36, 46, 59,  6, 16, 29, 42, 52,
              65, 12, 22, 35, 48, 58,  5, 18, 28, 41, 54, 64, 11, 24, 34, 47,
              60)( 67, 80, 93,103,116,129, 73, 86, 99,109,122, 69, 79, 92,105,
             115,128, 75, 85, 98,111,121, 68, 81, 91,104,117,127, 74, 87, 97,
             110,123)( 70, 83, 96,106,119,132, 76, 89,102,112,125, 72, 82, 95,
             108,118,131, 78, 88,101,114,124, 71, 84, 94,107,120,130, 77, 90,
             100,113,126), (  1, 77, 16, 86, 25,101, 40,110, 49,125, 64, 68,
               7, 83, 22, 92, 31,107, 46,116, 55,131,  4, 74, 13, 89, 28, 98,
              37,113, 52,122, 61, 71, 10, 80, 19, 95, 34,104, 43,119, 58,128)
            (  2, 76, 17, 85, 26,100, 41,109, 50,124, 65, 67,  8, 82, 23, 91,
              32,106, 47,115, 56,130,  5, 73, 14, 88, 29, 97, 38,112, 53,121,
              62, 70, 11, 79, 20, 94, 35,103, 44,118, 59,127)(  3, 78, 18, 87,
             27,102, 42,111, 51,126, 66, 69,  9, 84, 24, 93, 33,108, 48,117,
              57,132,  6, 75, 15, 90, 30, 99, 39,114, 54,123, 63, 72, 12, 81,
              21, 96, 36,105, 45,120, 60,129) ],
      gmul := 
       [ (  1, 47,  3, 46,  2, 48)(  4, 44,  6, 43,  5, 45)(  7, 41,  9, 40,
               8, 42)( 10, 38, 12, 37, 11, 39)( 13, 35, 15, 34, 14, 36)
            ( 16, 32, 18, 31, 17, 33)( 19, 29, 21, 28, 20, 30)
            ( 22, 26, 24, 25, 23, 27)( 49, 65, 51, 64, 50, 66)
            ( 52, 62, 54, 61, 53, 63)( 55, 59, 57, 58, 56, 60)
            ( 67,113, 69,112, 68,114)( 70,110, 72,109, 71,111)
            ( 73,107, 75,106, 74,108)( 76,104, 78,103, 77,105)
            ( 79,101, 81,100, 80,102)( 82, 98, 84, 97, 83, 99)
            ( 85, 95, 87, 94, 86, 96)( 88, 92, 90, 91, 89, 93)
            (115,131,117,130,116,132)(118,128,120,127,119,129)
            (121,125,123,124,122,126), (  1,116)(  2,115)(  3,117)(  4,119)
            (  5,118)(  6,120)(  7,110)(  8,109)(  9,111)( 10,113)( 11,112)
            ( 12,114)( 13,104)( 14,103)( 15,105)( 16,107)( 17,106)( 18,108)
            ( 19, 98)( 20, 97)( 21, 99)( 22,101)( 23,100)( 24,102)( 25, 92)
            ( 26, 91)( 27, 93)( 28, 95)( 29, 94)( 30, 96)( 31, 86)( 32, 85)
            ( 33, 87)( 34, 89)( 35, 88)( 36, 90)( 37, 80)( 38, 79)( 39, 81)
            ( 40, 83)( 41, 82)( 42, 84)( 43, 74)( 44, 73)( 45, 75)( 46, 77)
            ( 47, 76)( 48, 78)( 49, 68)( 50, 67)( 51, 69)( 52, 71)( 53, 70)
            ( 54, 72)( 55,128)( 56,127)( 57,129)( 58,131)( 59,130)( 60,132)
            ( 61,122)( 62,121)( 63,123)( 64,125)( 65,124)( 66,126) ],
      p := (  2, 70, 36, 87, 63, 15, 69, 42, 32,106,128,111, 45, 24, 22, 37,
         117, 28, 89, 43, 38, 97, 17, 51,101,112, 27,119, 65, 61, 99,131, 29,
         100, 77,130, 48, 23,  6)(  3, 67, 56,124, 96, 59,121,113, 44, 55,108,
         75, 83, 73, 35,103, 78, 84,123,114, 26, 52,107, 91,  8,  4)
        (  5, 49, 53, 82, 80, 76,125, 92, 25)(  7, 19, 31, 90, 62, 79,126,110,
         109,129, 30,120, 46, 54,102,132, 47, 40, 39, 33, 86,127, 93, 60,105,
          74, 16,115, 12, 88,  9, 71, 58, 98, 64, 57,104, 94, 18, 21, 20, 50,
          34,116, 66, 14, 85, 81,122, 95, 10,118, 11, 72, 41, 13, 68),
      q := (  2, 70, 35,103,132, 48, 24, 22, 31,120, 46, 53,124,114, 45, 23,
           5, 19, 37,117, 28,119, 66, 57,104,112, 44, 13, 68, 61, 99, 77, 76,
          83, 73, 36, 87,  8,  4)(  3, 67, 15, 69, 41, 55,102, 78,126,110,109,
         129, 29,106,128,111, 26, 52,101, 94, 17, 20, 21, 51,107, 91, 63, 56,
          82, 80,130, 47, 40, 32,100,131, 30, 90,  9, 71, 58, 98, 64, 14, 85,
          81,122,113, 27, 89, 25,  6)(  7, 49, 54,108, 75,125, 92, 43, 33, 86,
         127, 93, 59,121, 95, 10, 88, 62, 79, 84,123, 96, 60,105, 74, 16,115,
          11, 72, 42, 39, 38, 97, 18, 50, 34,116, 65)( 12,118) ), rec(
      gadd := 
       [ (  1,  8, 15, 19, 26, 33, 37, 44, 51, 55, 62,  3,  7, 14, 21, 25, 32,
             39, 43, 50, 57, 61,  2,  9, 13, 20, 27, 31, 38, 45, 49, 56, 63)
            (  4, 11, 18, 22, 29, 36, 40, 47, 54, 58, 65,  6, 10, 17, 24, 28,
              35, 42, 46, 53, 60, 64,  5, 12, 16, 23, 30, 34, 41, 48, 52, 59,
              66)( 67, 74, 81, 85, 92, 99,103,110,117,121,128, 69, 73, 80, 87,
             91, 98,105,109,116,123,127, 68, 75, 79, 86, 93, 97,104,111,115,
             122,129)( 70, 77, 84, 88, 95,102,106,113,120,124,131, 72, 76, 83,
             90, 94,101,108,112,119,126,130, 71, 78, 82, 89, 96,100,107,114,
             118,125,132), (  1, 89, 40,122,  7, 95, 46,128, 13,101, 52, 68,
