NCBRACES[88] := [ rec(
      gadd := 
       [ ( 1,44,21,31, 8,40,17,27, 4,36,13,23,11,43,20,30, 7,39,16,26, 3,35,
             12,33,10,42,19,29, 6,38,15,25, 2,34,22,32, 9,41,18,28, 5,37,14,24
             )(45,88,65,75,52,84,61,71,48,80,57,67,55,87,64,74,51,83,60,70,47,
             79,56,77,54,86,63,73,50,82,59,69,46,78,66,76,53,85,62,72,49,81,
             58,68), ( 1,55,23,77,12,66,34,88)( 2,54,24,76,13,65,35,87)
            ( 3,53,25,75,14,64,36,86)( 4,52,26,74,15,63,37,85)( 5,51,27,73,16,
             62,38,84)( 6,50,28,72,17,61,39,83)( 7,49,29,71,18,60,40,82)
            ( 8,48,30,70,19,59,41,81)( 9,47,31,69,20,58,42,80)(10,46,32,68,21,
             57,43,79)(11,45,33,67,22,56,44,78) ],
      gmul := 
       [ ( 1,59)( 2,58)( 3,57)( 4,56)( 5,66)( 6,65)( 7,64)( 8,63)( 9,62)
            (10,61)(11,60)(12,48)(13,47)(14,46)(15,45)(16,55)(17,54)(18,53)
            (19,52)(20,51)(21,50)(22,49)(23,70)(24,69)(25,68)(26,67)(27,77)
            (28,76)(29,75)(30,74)(31,73)(32,72)(33,71)(34,81)(35,80)(36,79)
            (37,78)(38,88)(39,87)(40,86)(41,85)(42,84)(43,83)(44,82), 
          ( 1,67)( 2,77)( 3,76)( 4,75)( 5,74)( 6,73)( 7,72)( 8,71)( 9,70)
            (10,69)(11,68)(12,78)(13,88)(14,87)(15,86)(16,85)(17,84)(18,83)
            (19,82)(20,81)(21,80)(22,79)(23,45)(24,55)(25,54)(26,53)(27,52)
            (28,51)(29,50)(30,49)(31,48)(32,47)(33,46)(34,56)(35,66)(36,65)
            (37,64)(38,63)(39,62)(40,61)(41,60)(42,59)(43,58)(44,57) ],
      p := ( 2,45,32,17, 7, 9,56,65, 5, 4,12,48,14,31,18,37,83,85,63,13,26,75,
         68, 8,78,30,28,51,36, 3,23,64,22,81,38,84,82,41,47,21,86,60,46,25,50,
         43,73,52,11,67,44,54,87,74,77,27,70,79,16,20, 6,34,40,62,33,10,53,80,
         19,42,72,57,55,58,69,88,71,66,35,39,61,24,59,76,49),
      q := ( 2,45,36,10,53,80,16,15,20, 7, 4,12,48,21,86,60,46,43,73,52)
        ( 3,34,28,51,32,18,31,17, 6,23,64,13,42,72,57,55,58,69,88,71,66,33)
        ( 5, 9,56,65, 8,78,38,84,82,27,70,79,19,26,75,68)(11,67,24,59,76,49)
        (14,37,83,85,63,22,81,30,40,62,35,29,39,61,44,54,87,74,77,41,47)
        (25,50) ), rec(
      gadd := 
       [ ( 1, 8, 4,11, 7, 3,10, 6, 2, 9, 5)(12,19,15,22,18,14,21,17,13,20,16)
            (23,30,26,33,29,25,32,28,24,31,27)(34,41,37,44,40,36,43,39,35,42,
             38)(45,52,48,55,51,47,54,50,46,53,49)(56,63,59,66,62,58,65,61,57,
             64,60)(67,74,70,77,73,69,76,72,68,75,71)(78,85,81,88,84,80,87,83,
             79,86,82), ( 1,52,23,74,12,63,34,85)( 2,51,24,73,13,62,35,84)
            ( 3,50,25,72,14,61,36,83)( 4,49,26,71,15,60,37,82)( 5,48,27,70,16,
             59,38,81)( 6,47,28,69,17,58,39,80)( 7,46,29,68,18,57,40,79)
            ( 8,45,30,67,19,56,41,78)( 9,55,31,77,20,66,42,88)(10,54,32,76,21,
             65,43,87)(11,53,33,75,22,64,44,86) ],
      gmul := 
       [ ( 1,37,18,32, 2,38,19,33, 3,39,20,23, 4,40,21,24, 5,41,22,25, 6,42,
             12,26, 7,43,13,27, 8,44,14,28, 9,34,15,29,10,35,16,30,11,36,17,31
             )(45,81,62,76,46,82,63,77,47,83,64,67,48,84,65,68,49,85,66,69,50,
             86,56,70,51,87,57,71,52,88,58,72,53,78,59,73,54,79,60,74,55,80,
             61,75), ( 1,87,12,76)( 2,86,13,75)( 3,85,14,74)( 4,84,15,73)
            ( 5,83,16,72)( 6,82,17,71)( 7,81,18,70)( 8,80,19,69)( 9,79,20,68)
            (10,78,21,67)(11,88,22,77)(23,65,34,54)(24,64,35,53)(25,63,36,52)
            (26,62,37,51)(27,61,38,50)(28,60,39,49)(29,59,40,48)(30,58,41,47)
            (31,57,42,46)(32,56,43,45)(33,66,44,55) ],
      p := ( 2,56,76,60,57,66,46,25,61,24,70, 8, 9,67,35,40,73,63,13,26,86,71,
         77,27,81,49)( 3,23,75,79,16,20,53,36,50,54,11,78,30,28,62,33,10,64,
         22, 6,45,32,17, 7,34,51,43,84,41,58,80,19,37,39,72,68,55,69,44,65, 5,
         4,12,59,87,85,74,88,82,38)(14,31,18,48)(21,42,83,52,47),
      q := ( 2,45,36,61,44,54)( 3,34,62,35,28,51,25,50,65, 8, 4,12,48,21,26,
         75,68,66,57,55,80,16,15,20,64,13,42,72,79,19,31,17, 6,56,87,74,77,41,
         47,14,37,29,39,83,63,22, 7,23,86,82,30,40,84,27,70, 5, 9,78,38,10,53,
         32,18,59,76,49,11,67,33)(24,81,60,46,43,73,52,58,69)(71,88) ), rec(
      gadd := 
       [ ( 1, 9, 6, 3,11, 8, 5, 2,10, 7, 4)(12,20,17,14,22,19,16,13,21,18,15)
            (23,31,28,25,33,30,27,24,32,29,26)(34,42,39,36,44,41,38,35,43,40,
             37)(45,53,50,47,55,52,49,46,54,51,48)(56,64,61,58,66,63,60,57,65,
             62,59)(67,75,72,69,77,74,71,68,76,73,70)(78,86,83,80,88,85,82,79,
             87,84,81), ( 1,61,23,83,12,50,34,72)( 2,60,24,82,13,49,35,71)
            ( 3,59,25,81,14,48,36,70)( 4,58,26,80,15,47,37,69)( 5,57,27,79,16,
             46,38,68)( 6,56,28,78,17,45,39,67)( 7,66,29,88,18,55,40,77)
            ( 8,65,30,87,19,54,41,76)( 9,64,31,86,20,53,42,75)(10,63,32,85,21,
             52,43,74)(11,62,33,84,22,51,44,73) ],
      gmul := 
       [ ( 1,24,14,37, 5,28,18,41, 9,32,22,34, 2,25,15,38, 6,29,19,42,10,33,
             12,35, 3,26,16,39, 7,30,20,43,11,23,13,36, 4,27,17,40, 8,31,21,44
             )(45,77,65,86,52,73,61,82,48,69,57,78,55,76,64,85,51,72,60,81,47,
             68,56,88,54,75,63,84,50,71,59,80,46,67,66,87,53,74,62,83,49,70,
             58,79), ( 1,65,12,54)( 2,66,13,55)( 3,56,14,45)( 4,57,15,46)
            ( 5,58,16,47)( 6,59,17,48)( 7,60,18,49)( 8,61,19,50)( 9,62,20,51)
            (10,63,21,52)(11,64,22,53)(23,76,34,87)(24,77,35,88)(25,67,36,78)
            (26,68,37,79)(27,69,38,80)(28,70,39,81)(29,71,40,82)(30,72,41,83)
            (31,73,42,84)(32,74,43,85)(33,75,44,86) ],
      p := ( 2,56,69,44,58,87,82,38, 3,23,70, 8, 9,67,35,40,72,77,27,86,74,79,
         16,20,48,14,31,18,53,36,51,43,83,49)( 4,12,64,22, 6,45,32,17, 7,34,
         50,47,21,42,84,41,65, 5)(10,59,80,19,37,39,73,60,66,55,76,63,13,26,
         81,52,54,11,78,30,28,61,24,75,88,85,71,68,46,25,62,33),
      q := ( 2,45,36,62,35,28,50,58,76,52,65, 8, 4,12,53,32,18,64,13,42,73,49,
         11,67,33, 3,34,61,44,47,14,37,29,39,84,27,75,77,41,54)
        ( 5, 9,78,38,10,48,21,26,70)( 6,56,80,16,15,20,59,69,24,86,85,82,30,
         40,83,60,55,87,71,79,19,31,17)( 7,23,81,63,22)(25,51)(43,72,88,74,68,
         57,46) ), rec(
      gadd := 
       [ ( 1,35,14,26, 5,39,18,30, 9,43,22,23, 2,36,15,27, 6,40,19,31,10,44,
             12,24, 3,37,16,28, 7,41,20,32,11,34,13,25, 4,38,17,29, 8,42,21,33
             )(45,79,58,70,49,83,62,74,53,87,66,67,46,80,59,71,50,84,63,75,54,
             88,56,68,47,81,60,72,51,85,64,76,55,78,57,69,48,82,61,73,52,86,
             65,77), ( 1,88,34,66,12,77,23,55)( 2,87,35,65,13,76,24,54)
            ( 3,86,36,64,14,75,25,53)( 4,85,37,63,15,74,26,52)( 5,84,38,62,16,
             73,27,51)( 6,83,39,61,17,72,28,50)( 7,82,40,60,18,71,29,49)
            ( 8,81,41,59,19,70,30,48)( 9,80,42,58,20,69,31,47)(10,79,43,57,21,
             68,32,46)(11,78,44,56,22,67,33,45) ],
      gmul := 
       [ ( 1,53)( 2,54)( 3,55)( 4,45)( 5,46)( 6,47)( 7,48)( 8,49)( 9,50)
            (10,51)(11,52)(12,64)(13,65)(14,66)(15,56)(16,57)(17,58)(18,59)
            (19,60)(20,61)(21,62)(22,63)(23,86)(24,87)(25,88)(26,78)(27,79)
            (28,80)(29,81)(30,82)(31,83)(32,84)(33,85)(34,75)(35,76)(36,77)
            (37,67)(38,68)(39,69)(40,70)(41,71)(42,72)(43,73)(44,74), 
          ( 1,74)( 2,75)( 3,76)( 4,77)( 5,67)( 6,68)( 7,69)( 8,70)( 9,71)
            (10,72)(11,73)(12,85)(13,86)(14,87)(15,88)(16,78)(17,79)(18,80)
            (19,81)(20,82)(21,83)(22,84)(23,52)(24,53)(25,54)(26,55)(27,45)
            (28,46)(29,47)(30,48)(31,49)(32,50)(33,51)(34,63)(35,64)(36,65)
            (37,66)(38,56)(39,57)(40,58)(41,59)(42,60)(43,61)(44,62) ],
      p := ( 2,45,32,17, 7, 9,56,58,76,52,11,67,44,47,21,81,38,83,82,41,54,80,
         19,42,73,49)( 3,23,59,69,79,16,20, 6,34,40,61,24,64,22,86,63,13,26,
         70,88,74,68, 8,78,30,28,50,43,72,66,35,39,62,33,10,48,14,31,18,37,84,
         85,60,55,65, 5, 4,12,53,87,71,57,46,25,51,36)(27,75,77),
      q := ( 2,45,36,10,48,21,81,30,40,61,44,47,14,37,84,85,60,55,65, 8,78,38,
         83,82,27,75,77,41,54,80,16,15,20, 7, 4,12,53,87,71,57,46,43,72,66,33,
         3,34,28,50,25,51,32,18,31,17, 6,23,59,69,79,19,26,70,88,74,68, 5, 9,
         56,58,76,52)(11,67,24,64,13,42,73,49)(22,86,63)(29,39,62,35) ), rec(
      gadd := 
       [ ( 1,38,20,24, 6,43,14,29,11,37,19,23, 5,42,13,28,10,36,18,33, 4,41,
             12,27, 9,35,17,32, 3,40,22,26, 8,34,16,31, 2,39,21,25, 7,44,15,30
             )(45,82,64,68,50,87,58,73,55,81,63,67,49,86,57,72,54,80,62,77,48,
             85,56,71,53,79,61,76,47,84,66,70,52,78,60,75,46,83,65,69,51,88,
             59,74), ( 1,58,23,80,12,47,34,69)( 2,57,24,79,13,46,35,68)
            ( 3,56,25,78,14,45,36,67)( 4,66,26,88,15,55,37,77)( 5,65,27,87,16,
             54,38,76)( 6,64,28,86,17,53,39,75)( 7,63,29,85,18,52,40,74)
            ( 8,62,30,84,19,51,41,73)( 9,61,31,83,20,50,42,72)(10,60,32,82,21,
             49,43,71)(11,59,33,81,22,48,44,70) ],
      gmul := 
       [ ( 1,62,34,73,12,51,23,84)( 2,61,35,72,13,50,24,83)( 3,60,36,71,14,49,
             25,82)( 4,59,37,70,15,48,26,81)( 5,58,38,69,16,47,27,80)
            ( 6,57,39,68,17,46,28,79)( 7,56,40,67,18,45,29,78)( 8,66,41,77,19,
             55,30,88)( 9,65,42,76,20,54,31,87)(10,64,43,75,21,53,32,86)
            (11,63,44,74,22,52,33,85), 
          ( 1,69,23,58,12,80,34,47)( 2,68,24,57,13,79,35,46)( 3,67,25,56,14,
             78,36,45)( 4,77,26,66,15,88,37,55)( 5,76,27,65,16,87,38,54)
            ( 6,75,28,64,17,86,39,53)( 7,74,29,63,18,85,40,52)( 8,73,30,62,19,
             84,41,51)( 9,72,31,61,20,83,42,50)(10,71,32,60,21,82,43,49)
            (11,70,33,59,22,81,44,48) ],
      p := ( 2,67,35,40,62,33,10,78,30,28,73,88,82,38, 3,23,64,22, 6,45,32,17,
         7,34,51,43,69,44,76,71,66,46,25,86,60,68,55,58,87,85,63,13,26,81,49)
        ( 4,12,70, 8, 9,56,65, 5)(11,75,74,79,16,20,53,36,50,54)(14,31,18,48)
        (19,37,39,61,24,59,77,27,72,57,80)(21,42,84,41,83,52,47),
      q := ( 2,45,36,72,79,19,31,17, 6,67,33, 3,34,73,66,68,77,41,61,44,54)
        ( 4,12,48,21,26,59,55,80,16,15,20,75,52,69,24,81,71,88,60,46,43,47,14,
         37,29,39,83,74,57,58,65, 8)( 5, 9,78,38,10,56,87,63,22, 7,23,86,82,
         30,40,84,27,50,76,49,11,53,32,18,70)(13,42,62,35,28,51,25,64) ), rec(
      gadd := 
       [ ( 1,54,23,76,12,65,34,87)( 2,53,24,75,13,64,35,86)( 3,52,25,74,14,63,
             36,85)( 4,51,26,73,15,62,37,84)( 5,50,27,72,16,61,38,83)
            ( 6,49,28,71,17,60,39,82)( 7,48,29,70,18,59,40,81)( 8,47,30,69,19,
             58,41,80)( 9,46,31,68,20,57,42,79)(10,45,32,67,21,56,43,78)
            (11,55,33,77,22,66,44,88), 
          ( 1,57,23,79,12,46,34,68)( 2,56,24,78,13,45,35,67)( 3,66,25,88,14,
             55,36,77)( 4,65,26,87,15,54,37,76)( 5,64,27,86,16,53,38,75)
            ( 6,63,28,85,17,52,39,74)( 7,62,29,84,18,51,40,73)( 8,61,30,83,19,
             50,41,72)( 9,60,31,82,20,49,42,71)(10,59,32,81,21,48,43,70)
            (11,58,33,80,22,47,44,69) ],
      gmul := 
       [ ( 1,53,23,75,12,64,34,86)( 2,54,24,76,13,65,35,87)( 3,55,25,77,14,66,
             36,88)( 4,45,26,67,15,56,37,78)( 5,46,27,68,16,57,38,79)
            ( 6,47,28,69,17,58,39,80)( 7,48,29,70,18,59,40,81)( 8,49,30,71,19,
             60,41,82)( 9,50,31,72,20,61,42,83)(10,51,32,73,21,62,43,84)
            (11,52,33,74,22,63,44,85), 
          ( 1,76,34,54,12,87,23,65)( 2,77,35,55,13,88,24,66)( 3,67,36,45,14,
             78,25,56)( 4,68,37,46,15,79,26,57)( 5,69,38,47,16,80,27,58)
            ( 6,70,39,48,17,81,28,59)( 7,71,40,49,18,82,29,60)( 8,72,41,50,19,
             83,30,61)( 9,73,42,51,20,84,31,62)(10,74,43,52,21,85,32,63)
            (11,75,44,53,22,86,33,64) ],
      p := ( 2,78,30,28,83,49)( 3,23,70, 8, 9,67,35,40,72,77,27,64,22, 6,45,
         32,17, 7,34,50,47,21,42,62,33,10,81,52,54,11,56,69,44,80,19,37,39,73,
         82,38)( 4,12,86,74,57,79,16,20,48,14,31,18,53,36,51,43,61,24,75,66,
         55,76,85,71,68,46,25,84,41,87,60,88,63,13,26,59,58,65, 5),
      q := ( 2,45,36,84,27,75,77,41,54)( 3,34,83,82,30,40,61,44,47,14,37,29,
         39,62,35,28,50,80,16,15,20,81,85,60,55,65, 8, 4,12,53,32,18,86,63,22,
         7,23,59,69,24,64,13,42,73,49,11,67,33)( 5, 9,56,58,76,52,87,71,57,46,
         43,72,66,88,74,68,79,19,31,17, 6,78,38,10,48,21,26,70)(25,51) ), rec(
      gadd := 
       [ ( 1, 5, 9, 2, 6,10, 3, 7,11, 4, 8)(12,16,20,13,17,21,14,18,22,15,19)
            (23,27,31,24,28,32,25,29,33,26,30)(34,38,42,35,39,43,36,40,44,37,
             41)(45,49,53,46,50,54,47,51,55,48,52)(56,60,64,57,61,65,58,62,66,
             59,63)(67,71,75,68,72,76,69,73,77,70,74)(78,82,86,79,83,87,80,84,
             88,81,85), ( 1,58,23,80,12,47,34,69)( 2,57,24,79,13,46,35,68)
            ( 3,56,25,78,14,45,36,67)( 4,66,26,88,15,55,37,77)( 5,65,27,87,16,
             54,38,76)( 6,64,28,86,17,53,39,75)( 7,63,29,85,18,52,40,74)
            ( 8,62,30,84,19,51,41,73)( 9,61,31,83,20,50,42,72)(10,60,32,82,21,
             49,43,71)(11,59,33,81,22,48,44,70) ],
      gmul := 
       [ ( 1,32,19,39, 4,24,22,42, 7,27,14,34,10,30,17,37, 2,33,20,40, 5,25,
             12,43, 8,28,15,35,11,31,18,38, 3,23,21,41, 6,26,13,44, 9,29,16,36
             )(45,69,60,84,53,77,57,81,50,74,65,78,47,71,62,86,55,68,59,83,52,
             76,56,80,49,73,64,88,46,70,61,85,54,67,58,82,51,75,66,79,48,72,
             63,87), ( 1,74,23,63,12,85,34,52)( 2,75,24,64,13,86,35,53)
            ( 3,76,25,65,14,87,36,54)( 4,77,26,66,15,88,37,55)( 5,67,27,56,16,
             78,38,45)( 6,68,28,57,17,79,39,46)( 7,69,29,58,18,80,40,47)
            ( 8,70,30,59,19,81,41,48)( 9,71,31,60,20,82,42,49)(10,72,32,61,21,
             83,43,50)(11,73,33,62,22,84,44,51) ],
      p := ( 2,67,35,40,61,24,64,22, 6,45,32,17, 7,34,50,47,21,42,83,49)
        ( 3,23,59,68,46,25,81,52,54,11,70, 8, 9,56,58,80,19,37,39,62,33,10,78,
         30,28,72,66,55,65, 5, 4,12,75,71,57,87,82,38)(13,26,86,63)
        (14,31,18,53,36,51,43,76,74,88,85,60,77,27,73,79,16,20,48)(41,84)
        (44,69),
      q := ( 2,45,36,73,57,65, 8, 4,12,53,32,18,75,49,11,48,21,26,64,13,42,61,
         44,47,14,37,29,39,84,27,51,25,59,46,43,54)( 3,34,72,88,63,22, 7,23,
         81,74,66,77,41,62,35,28,50,69,24,86,85,82,30,40,83,71,79,19,31,17, 6,
         67,33)( 5, 9,78,38,10,56,80,16,15,20,70)(52,76)(55,87,60) ), rec(
      gadd := 
       [ ( 1,48,23,70,12,59,34,81)( 2,47,24,69,13,58,35,80)( 3,46,25,68,14,57,
             36,79)( 4,45,26,67,15,56,37,78)( 5,55,27,77,16,66,38,88)
            ( 6,54,28,76,17,65,39,87)( 7,53,29,75,18,64,40,86)( 8,52,30,74,19,
             63,41,85)( 9,51,31,73,20,62,42,84)(10,50,32,72,21,61,43,83)
            (11,49,33,71,22,60,44,82), 
          ( 1,66,23,88,12,55,34,77)( 2,65,24,87,13,54,35,76)( 3,64,25,86,14,
             53,36,75)( 4,63,26,85,15,52,37,74)( 5,62,27,84,16,51,38,73)
            ( 6,61,28,83,17,50,39,72)( 7,60,29,82,18,49,40,71)( 8,59,30,81,19,
             48,41,70)( 9,58,31,80,20,47,42,69)(10,57,32,79,21,46,43,68)
            (11,56,33,78,22,45,44,67) ],
      gmul := 
       [ ( 1,24,14,37, 5,28,18,41, 9,32,22,34, 2,25,15,38, 6,29,19,42,10,33,
             12,35, 3,26,16,39, 7,30,20,43,11,23,13,36, 4,27,17,40, 8,31,21,44
             )(45,68,58,81,49,72,62,85,53,76,66,78,46,69,59,82,50,73,63,86,54,
             77,56,79,47,70,60,83,51,74,64,87,55,67,57,80,48,71,61,84,52,75,
             65,88), ( 1,47,23,69,12,58,34,80)( 2,46,24,68,13,57,35,79)
            ( 3,45,25,67,14,56,36,78)( 4,55,26,77,15,66,37,88)( 5,54,27,76,16,
             65,38,87)( 6,53,28,75,17,64,39,86)( 7,52,29,74,18,63,40,85)
            ( 8,51,30,73,19,62,41,84)( 9,50,31,72,20,61,42,83)(10,49,32,71,21,
             60,43,82)(11,48,33,70,22,59,44,81) ],
      p := ( 2,78,30,28,84,41,80,19,37,39,72,68,55,69,44,87,63,13,26,64,22, 6,
         45,32,17, 7,34,51,43,62,33,10,86,71,77,27,59,65, 5, 4,12,81,49)
        ( 3,23,75,57,88,60,79,16,20,53,36,50,54,11,56,76,82,38)
        ( 8, 9,67,35,40,73,85,74,66,46,25,83,52,47,21,42,61,24,70)
        (14,31,18,48),
      q := ( 2,45,36,83,85,63,22, 7,23,64,13,42,72,57,55,58,69,24,59,76,49,11,
         67,33, 3,34,84,27,70, 5, 9,56,65, 8, 4,12,48,21,26,75,68,88,71,66,79,
         19,31,17, 6,78,38,10,53,32,18,81,82,30,40,62,35,28,51,25,50,87,74,77,
         41,47,14,37,29,39,61,44,54)(15,20,86,60,46,43,73,52,80,16) ), rec(
      gadd := 
       [ ( 1,38,20,24, 6,43,14,29,11,37,19,23, 5,42,13,28,10,36,18,33, 4,41,
             12,27, 9,35,17,32, 3,40,22,26, 8,34,16,31, 2,39,21,25, 7,44,15,30
             )(45,82,64,68,50,87,58,73,55,81,63,67,49,86,57,72,54,80,62,77,48,
             85,56,71,53,79,61,76,47,84,66,70,52,78,60,75,46,83,65,69,51,88,
             59,74), ( 1,58,23,80,12,47,34,69)( 2,57,24,79,13,46,35,68)
            ( 3,56,25,78,14,45,36,67)( 4,66,26,88,15,55,37,77)( 5,65,27,87,16,
             54,38,76)( 6,64,28,86,17,53,39,75)( 7,63,29,85,18,52,40,74)
            ( 8,62,30,84,19,51,41,73)( 9,61,31,83,20,50,42,72)(10,60,32,82,21,
             49,43,71)(11,59,33,81,22,48,44,70) ],
      gmul := 
       [ ( 1,31,17,36,11,30,16,35,10,29,15,34, 9,28,14,44, 8,27,13,43, 7,26,
             12,42, 6,25,22,41, 5,24,21,40, 4,23,20,39, 3,33,19,38, 2,32,18,37
             )(45,81,62,76,46,82,63,77,47,83,64,67,48,84,65,68,49,85,66,69,50,
             86,56,70,51,87,57,71,52,88,58,72,53,78,59,73,54,79,60,74,55,80,
             61,75), ( 1,86)( 2,87)( 3,88)( 4,78)( 5,79)( 6,80)( 7,81)( 8,82)
            ( 9,83)(10,84)(11,85)(12,75)(13,76)(14,77)(15,67)(16,68)(17,69)
            (18,70)(19,71)(20,72)(21,73)(22,74)(23,64)(24,65)(25,66)(26,56)
            (27,57)(28,58)(29,59)(30,60)(31,61)(32,62)(33,63)(34,53)(35,54)
            (36,55)(37,45)(38,46)(39,47)(40,48)(41,49)(42,50)(43,51)(44,52) ],
      p := ( 2,56,69,44,58,87,82,38, 3,23,70, 8, 9,67,35,40,72,77,27,86,74,79,
         16,20,48,14,31,18,53,36,51,43,83,49)( 4,12,64,22, 6,45,32,17, 7,34,
         50,47,21,42,84,41,65, 5)(10,59,80,19,37,39,73,60,66,55,76,63,13,26,
         81,52,54,11,78,30,28,61,24,75,88,85,71,68,46,25,62,33),
      q := ( 2,45,36,62,35,28,50,58,87,82,30,40,72,77,41,54)( 3,34,61,44,47,
         14,37,29,39,73,49,11,78,38,10,48,21,26,81,63,22, 7,23,70, 5, 9,67,33)
        ( 4,12,53,32,18,64,13,42,84,27,86,74,79,19,31,17, 6,56,69,24,75,88,85,
         71,68,57,46,43,83,60,55,76,52,65, 8)(15,20,59,80,16)(25,51) ), rec(
      gadd := 
       [ ( 1,35,14,26, 5,39,18,30, 9,43,22,23, 2,36,15,27, 6,40,19,31,10,44,
             12,24, 3,37,16,28, 7,41,20,32,11,34,13,25, 4,38,17,29, 8,42,21,33
             )(45,79,58,70,49,83,62,74,53,87,66,67,46,80,59,71,50,84,63,75,54,
             88,56,68,47,81,60,72,51,85,64,76,55,78,57,69,48,82,61,73,52,86,
             65,77), ( 1,68,34,46,12,79,23,57)( 2,67,35,45,13,78,24,56)
            ( 3,77,36,55,14,88,25,66)( 4,76,37,54,15,87,26,65)( 5,75,38,53,16,
             86,27,64)( 6,74,39,52,17,85,28,63)( 7,73,40,51,18,84,29,62)
            ( 8,72,41,50,19,83,30,61)( 9,71,42,49,20,82,31,60)(10,70,43,48,21,
             81,32,59)(11,69,44,47,22,80,33,58) ],
      gmul := 
       [ ( 1,60)( 2,59)( 3,58)( 4,57)( 5,56)( 6,66)( 7,65)( 8,64)( 9,63)
            (10,62)(11,61)(12,49)(13,48)(14,47)(15,46)(16,45)(17,55)(18,54)
            (19,53)(20,52)(21,51)(22,50)(23,71)(24,70)(25,69)(26,68)(27,67)
            (28,77)(29,76)(30,75)(31,74)(32,73)(33,72)(34,82)(35,81)(36,80)
            (37,79)(38,78)(39,88)(40,87)(41,86)(42,85)(43,84)(44,83), 
          ( 1,74,12,85)( 2,73,13,84)( 3,72,14,83)( 4,71,15,82)( 5,70,16,81)
            ( 6,69,17,80)( 7,68,18,79)( 8,67,19,78)( 9,77,20,88)(10,76,21,87)
            (11,75,22,86)(23,52,34,63)(24,51,35,62)(25,50,36,61)(26,49,37,60)
            (27,48,38,59)(28,47,39,58)(29,46,40,57)(30,45,41,56)(31,55,42,66)
            (32,54,43,65)(33,53,44,64) ],
      p := ( 2,45,32,17, 7, 9,56,65, 5, 4,12,48,14,31,18,37,83,85,63,13,26,75,
         68, 8,78,30,28,51,36, 3,23,64,22,81,38,84,82,41,47,21,86,60,46,25,50,
         43,73,52,11,67,44,54,87,74,77,27,70,79,16,20, 6,34,40,62,33,10,53,80,
         19,42,72,57,55,58,69,88,71,66,35,39,61,24,59,76,49),
      q := ( 2,45,36,10,53,69,77,41,47,14,37,72,57,55,58,80,16,15,20, 7, 4,12,
         48,21,75,79,19,26,86,60,46,43,84,71,66,33, 3,34,28,51,32,18,31,17, 6,
         23,64,13,42,83,74,88,82,27,81,30,40,62,35,29,39,61,44,54,76,49,11,78,
         38,73,52)( 5, 9,56,65, 8,67,24,59,87,85,63,22,70,68)(25,50) ), rec(
      gadd := 
       [ ( 1, 9, 6, 3,11, 8, 5, 2,10, 7, 4)(12,20,17,14,22,19,16,13,21,18,15)
            (23,31,28,25,33,30,27,24,32,29,26)(34,42,39,36,44,41,38,35,43,40,
             37)(45,53,50,47,55,52,49,46,54,51,48)(56,64,61,58,66,63,60,57,65,
             62,59)(67,75,72,69,77,74,71,68,76,73,70)(78,86,83,80,88,85,82,79,
             87,84,81), ( 1,47,23,69,12,58,34,80)( 2,46,24,68,13,57,35,79)
            ( 3,45,25,67,14,56,36,78)( 4,55,26,77,15,66,37,88)( 5,54,27,76,16,
             65,38,87)( 6,53,28,75,17,64,39,86)( 7,52,29,74,18,63,40,85)
            ( 8,51,30,73,19,62,41,84)( 9,50,31,72,20,61,42,83)(10,49,32,71,21,
             60,43,82)(11,48,33,70,22,59,44,81) ],
      gmul := 
       [ ( 1,65, 8,61, 4,57,11,64, 7,60, 3,56,10,63, 6,59, 2,66, 9,62, 5,58)
            (12,54,19,50,15,46,22,53,18,49,14,45,21,52,17,48,13,55,20,51,16,47
             )(23,76,30,72,26,68,33,75,29,71,25,67,32,74,28,70,24,77,31,73,27,
             69)(34,87,41,83,37,79,44,86,40,82,36,78,43,85,39,81,35,88,42,84,
             38,80), ( 1,76, 8,72, 4,68,11,75, 7,71, 3,67,10,74, 6,70, 2,77,
              9,73, 5,69)(12,87,19,83,15,79,22,86,18,82,14,78,21,85,17,81,13,
             88,20,84,16,80)(23,54,30,50,26,46,33,53,29,49,25,45,32,52,28,48,
             24,55,31,51,27,47)(34,65,41,61,37,57,44,64,40,60,36,56,43,63,39,
             59,35,66,42,62,38,58) ],
      p := ( 2,45,32,17, 7, 9,56,58,76,52,11,67,44,47,21,81,38,83,82,41,54,80,
         19,42,73,49)( 3,23,59,69,79,16,20, 6,34,40,61,24,64,22,86,63,13,26,
         70,88,74,68, 8,78,30,28,50,43,72,66,35,39,62,33,10,48,14,31,18,37,84,
         85,60,55,65, 5, 4,12,53,87,71,57,46,25,51,36)(27,75,77),
      q := ( 2,45,36,10,53,80,16,15,20, 7, 4,12,48,21,86,60,46,43,73,52)
        ( 3,34,28,51,32,18,31,17, 6,23,64,13,42,72,57,55,58,69,88,71,66,33)
        ( 5, 9,56,65, 8,78,38,84,82,27,70,79,19,26,75,68)(11,67,24,59,76,49)
        (14,37,83,85,63,22,81,30,40,62,35,29,39,61,44,54,87,74,77,41,47)
        (25,50) ), rec(
      gadd := 
       [ ( 1,22,10,20, 8,18, 6,16, 4,14, 2,12,11,21, 9,19, 7,17, 5,15, 3,13)
            (23,44,32,42,30,40,28,38,26,36,24,34,33,43,31,41,29,39,27,37,25,35
             )(45,66,54,64,52,62,50,60,48,58,46,56,55,65,53,63,51,61,49,59,47,
             57)(67,88,76,86,74,84,72,82,70,80,68,78,77,87,75,85,73,83,71,81,
             69,79), ( 1,47,23,69,12,58,34,80)( 2,46,24,68,13,57,35,79)
            ( 3,45,25,67,14,56,36,78)( 4,55,26,77,15,66,37,88)( 5,54,27,76,16,
             65,38,87)( 6,53,28,75,17,64,39,86)( 7,52,29,74,18,63,40,85)
            ( 8,51,30,73,19,62,41,84)( 9,50,31,72,20,61,42,83)(10,49,32,71,21,
             60,43,82)(11,48,33,70,22,59,44,81) ],
      gmul := 
       [ ( 1,49, 4,46, 7,54,10,51, 2,48, 5,45, 8,53,11,50, 3,47, 6,55, 9,52)
            (12,60,15,57,18,65,21,62,13,59,16,56,19,64,22,61,14,58,17,66,20,63
             )(23,82,26,79,29,87,32,84,24,81,27,78,30,86,33,83,25,80,28,88,31,
             85)(34,71,37,68,40,76,43,73,35,70,38,67,41,75,44,72,36,69,39,77,
             42,74), ( 1,84,11,85,10,86, 9,87, 8,88, 7,78, 6,79, 5,80, 4,81,
              3,82, 2,83)(12,73,22,74,21,75,20,76,19,77,18,67,17,68,16,69,15,
             70,14,71,13,72)(23,62,33,63,32,64,31,65,30,66,29,56,28,57,27,58,
             26,59,25,60,24,61)(34,51,44,52,43,53,42,54,41,55,40,45,39,46,38,
             47,37,48,36,49,35,50) ],
      p := ( 2,45,32,17, 7, 9,56,65, 5, 4,12,48,14,31,18,37,83,85,63,13,26,75,
         68, 8,78,30,28,51,36, 3,23,64,22,81,38,84,82,41,47,21,86,60,46,25,50,
         43,73,52,11,67,44,54,87,74,77,27,70,79,16,20, 6,34,40,62,33,10,53,80,
         19,42,72,57,55,58,69,88,71,66,35,39,61,24,59,76,49),
      q := ( 2,45,36,10,48,21,81,30,40,61,44,47,14,37,84,85,60,55,65, 8,78,38,
         83,82,27,75,77,41,54,80,16,15,20, 7, 4,12,53,87,71,57,46,43,72,66,33,
         3,34,28,50,25,51,32,18,31,17, 6,23,59,69,79,19,26,70,88,74,68, 5, 9,
         56,58,76,52)(11,67,24,64,13,42,73,49)(22,86,63)(29,39,62,35) ), rec(
      gadd := 
       [ ( 1,14, 5,18, 9,22, 2,15, 6,19,10,12, 3,16, 7,20,11,13, 4,17, 8,21)
            (23,36,27,40,31,44,24,37,28,41,32,34,25,38,29,42,33,35,26,39,30,43
             )(45,58,49,62,53,66,46,59,50,63,54,56,47,60,51,64,55,57,48,61,52,
             65)(67,80,71,84,75,88,68,81,72,85,76,78,69,82,73,86,77,79,70,83,
             74,87), ( 1,52,23,74,12,63,34,85)( 2,51,24,73,13,62,35,84)
            ( 3,50,25,72,14,61,36,83)( 4,49,26,71,15,60,37,82)( 5,48,27,70,16,
             59,38,81)( 6,47,28,69,17,58,39,80)( 7,46,29,68,18,57,40,79)
            ( 8,45,30,67,19,56,41,78)( 9,55,31,77,20,66,42,88)(10,54,32,76,21,
             65,43,87)(11,53,33,75,22,64,44,86) ],
      gmul := 
       [ ( 1,53,39,80,22,63,27,68,10,51,37,78,20,61,25,77, 8,49,35,87,18,59,
             23,75, 6,47,44,85,16,57,32,73, 4,45,42,83,14,66,30,71, 2,54,40,
             81,12,64,28,69,11,52,38,79,21,62,26,67, 9,50,36,88,19,60,24,76,
              7,48,34,86,17,58,33,74, 5,46,43,84,15,56,31,72, 3,55,41,82,13,
             65,29,70) ],
      p := ( 2,67,35,40,61,24,64,22, 6,45,32,17, 7,34,51,43,76,74,88,85,60,77,
         27,73,79,16,20,53,36,50,54,11,70, 8, 9,56,58,80,19,37,39,62,33,10,78,
         30,28,72,66,46,25,81,49)( 3,23,59,68,55,65, 5, 4,12,75,71,57,87,82,38
         )(13,26,86,63)(14,31,18,48)(21,42,83,52,47)(41,84)(44,69),
      q := ( 2,45,36,73,66,77,41,61,44,54)( 3,34,72,79,19,31,17, 6,67,33)
        ( 4,12,48,21,26,59,55,80,16,15,20,70, 5, 9,78,38,10,56,87,63,22, 7,23,
         86,82,30,40,84,27,50,69,24,81,74,57,58,65, 8)(11,53,32,18,75,52,76,49
         )(13,42,62,35,28,51,25,64)(14,37,29,39,83,71,88,60,46,43,47) ), rec(
      gadd := 
       [ ( 1,54,23,76,12,65,34,87)( 2,53,24,75,13,64,35,86)( 3,52,25,74,14,63,
             36,85)( 4,51,26,73,15,62,37,84)( 5,50,27,72,16,61,38,83)
            ( 6,49,28,71,17,60,39,82)( 7,48,29,70,18,59,40,81)( 8,47,30,69,19,
             58,41,80)( 9,46,31,68,20,57,42,79)(10,45,32,67,21,56,43,78)
            (11,55,33,77,22,66,44,88), 
          ( 1,60,23,82,12,49,34,71)( 2,59,24,81,13,48,35,70)( 3,58,25,80,14,
             47,36,69)( 4,57,26,79,15,46,37,68)( 5,56,27,78,16,45,38,67)
            ( 6,66,28,88,17,55,39,77)( 7,65,29,87,18,54,40,76)( 8,64,30,86,19,
             53,41,75)( 9,63,31,85,20,52,42,74)(10,62,32,84,21,51,43,73)
            (11,61,33,83,22,50,44,72) ],
      gmul := 
       [ ( 1,51,13,63, 3,53,15,65, 5,55,17,56, 7,46,19,58, 9,48,21,60,11,50,
             12,62, 2,52,14,64, 4,54,16,66, 6,45,18,57, 8,47,20,59,10,49,22,61
             )(23,84,35,74,25,86,37,76,27,88,39,67,29,79,41,69,31,81,43,71,33,
             83,34,73,24,85,36,75,26,87,38,77,28,78,40,68,30,80,42,70,32,82,
             44,72), ( 1,82,20,68, 6,87,14,73,11,81,19,67, 5,86,13,72,10,80,
             18,77, 4,85,12,71, 9,79,17,76, 3,84,22,70, 8,78,16,75, 2,83,21,
             69, 7,88,15,74)(23,60,42,46,28,65,36,51,33,59,41,45,27,64,35,50,
             32,58,40,55,26,63,34,49,31,57,39,54,25,62,44,48,30,56,38,53,24,
             61,43,47,29,66,37,52) ],
      p := ( 2,56,69,44,58,87,82,38, 3,23,70, 8, 9,67,35,40,72,77,27,86,74,79,
         16,20,53,36,50,54,11,78,30,28,61,24,75,88,85,71,68,55,76,63,13,26,81,
         49)( 4,12,64,22, 6,45,32,17, 7,34,51,43,83,52,47,21,42,84,41,65, 5)
        (10,59,80,19,37,39,73,60,66,46,25,62,33)(14,31,18,48),
      q := ( 2,45,36,62,35,28,51,25,50,58,69,24,81,63,22, 7,23,86,82,30,40,84,
         27,70, 5, 9,78,38,10,53,32,18,64,13,42,72,79,19,31,17, 6,56,87,74,77,
         41,47,14,37,29,39,83,60,46,43,73,52,65, 8, 4,12,48,21,26,75,68,57,55,
         80,16,15,20,59,76,49,11,67,33, 3,34,61,44,54)(71,88) ), rec(
      gadd := 
       [ ( 1,16, 9,13, 6,21, 3,18,11,15, 8,12, 5,20, 2,17,10,14, 7,22, 4,19)
            (23,38,31,35,28,43,25,40,33,37,30,34,27,42,24,39,32,36,29,44,26,41
             )(45,60,53,57,50,65,47,62,55,59,52,56,49,64,46,61,54,58,51,66,48,
             63)(67,82,75,79,72,87,69,84,77,81,74,78,71,86,68,83,76,80,73,88,
             70,85), ( 1,48,23,70,12,59,34,81)( 2,47,24,69,13,58,35,80)
            ( 3,46,25,68,14,57,36,79)( 4,45,26,67,15,56,37,78)( 5,55,27,77,16,
             66,38,88)( 6,54,28,76,17,65,39,87)( 7,53,29,75,18,64,40,86)
            ( 8,52,30,74,19,63,41,85)( 9,51,31,73,20,62,42,84)(10,50,32,72,21,
             61,43,83)(11,49,33,71,22,60,44,82) ],
      gmul := 
       [ ( 1,60,15,46, 7,65,21,51, 2,59,16,45, 8,64,22,50, 3,58,17,55, 9,63,
             12,49, 4,57,18,54,10,62,13,48, 5,56,19,53,11,61,14,47, 6,66,20,52
             )(23,71,37,79,29,76,43,84,24,70,38,78,30,75,44,83,25,69,39,88,31,
             74,34,82,26,68,40,87,32,73,35,81,27,67,41,86,33,72,36,80,28,77,
             42,85), ( 1,67,12,78)( 2,77,13,88)( 3,76,14,87)( 4,75,15,86)
            ( 5,74,16,85)( 6,73,17,84)( 7,72,18,83)( 8,71,19,82)( 9,70,20,81)
            (10,69,21,80)(11,68,22,79)(23,45,34,56)(24,55,35,66)(25,54,36,65)
            (26,53,37,64)(27,52,38,63)(28,51,39,62)(29,50,40,61)(30,49,41,60)
            (31,48,42,59)(32,47,43,58)(33,46,44,57) ],
      p := ( 2,56,76,60,57,66,55,69,44,65, 5, 4,12,59,87,85,74,88,82,38, 3,23,
         75,79,16,20,48,14,31,18,53,36,51,43,84,41,58,80,19,37,39,72,68,46,25,
         61,24,70, 8, 9,67,35,40,73,63,13,26,86,71,77,27,81,52,54,11,78,30,28,
         62,33,10,64,22, 6,45,32,17, 7,34,50,47,21,42,83,49),
      q := ( 2,45,36,61,44,47,14,37,29,39,84,27,75,77,41,54)( 3,34,62,35,28,
         50,65, 8, 4,12,53,32,18,59,69,24,86,85,82,30,40,83,63,22, 7,23,81,60,
         55,87,71,79,19,31,17, 6,56,80,16,15,20,64,13,42,73,49,11,67,33)
        ( 5, 9,78,38,10,48,21,26,70)(25,51)(43,72,88,74,68,66,57,46)
        (52,58,76) ), rec(
      gadd := 
       [ ( 1,48,23,70,12,59,34,81)( 2,47,24,69,13,58,35,80)( 3,46,25,68,14,57,
             36,79)( 4,45,26,67,15,56,37,78)( 5,55,27,77,16,66,38,88)
            ( 6,54,28,76,17,65,39,87)( 7,53,29,75,18,64,40,86)( 8,52,30,74,19,
             63,41,85)( 9,51,31,73,20,62,42,84)(10,50,32,72,21,61,43,83)
            (11,49,33,71,22,60,44,82), 
          ( 1,62,23,84,12,51,34,73)( 2,61,24,83,13,50,35,72)( 3,60,25,82,14,
             49,36,71)( 4,59,26,81,15,48,37,70)( 5,58,27,80,16,47,38,69)
            ( 6,57,28,79,17,46,39,68)( 7,56,29,78,18,45,40,67)( 8,66,30,88,19,
             55,41,77)( 9,65,31,87,20,54,42,76)(10,64,32,86,21,53,43,75)
            (11,63,33,85,22,52,44,74) ],
      gmul := 
       [ ( 1,53,29,69,13,63,41,79, 3,51,31,67,15,61,43,88, 5,49,33,76,17,59,
             34,86, 7,47,24,74,19,57,36,84, 9,45,26,72,21,66,38,82,11,54,28,
             70,12,64,40,80, 2,52,30,68,14,62,42,78, 4,50,32,77,16,60,44,87,
              6,48,23,75,18,58,35,85, 8,46,25,73,20,56,37,83,10,55,27,71,22,
             65,39,81) ],
      p := ( 2,78,30,28,84,41,80,19,37,39,72,68,46,25,83,49)( 3,23,75,57,88,
         60,79,16,20,48,14,31,18,53,36,51,43,62,33,10,86,71,77,27,59,65, 5, 4,
         12,81,52,54,11,56,76,82,38)( 6,45,32,17, 7,34,50,47,21,42,61,24,70,
          8, 9,67,35,40,73,85,74,66,55,69,44,87,63,13,26,64,22),
      q := ( 2,45,36,83,85,60,55,65, 8, 4,12,53,32,18,81,82,30,40,61,44,47,14,
         37,29,39,62,35,28,50,87,71,57,46,43,72,66,79,19,31,17, 6,78,38,10,48,
         21,26,70, 5, 9,56,58,76,52,80,16,15,20,86,63,22, 7,23,59,69,24,64,13,
         42,73,49,11,67,33, 3,34,84,27,75,77,41,54)(25,51)(68,88,74) ), rec(
      gadd := 
       [ ( 1,13, 3,15, 5,17, 7,19, 9,21,11,12, 2,14, 4,16, 6,18, 8,20,10,22)
            (23,35,25,37,27,39,29,41,31,43,33,34,24,36,26,38,28,40,30,42,32,44
             )(45,57,47,59,49,61,51,63,53,65,55,56,46,58,48,60,50,62,52,64,54,
             66)(67,79,69,81,71,83,73,85,75,87,77,78,68,80,70,82,72,84,74,86,
             76,88), ( 1,70,34,48,12,81,23,59)( 2,69,35,47,13,80,24,58)
            ( 3,68,36,46,14,79,25,57)( 4,67,37,45,15,78,26,56)( 5,77,38,55,16,
             88,27,66)( 6,76,39,54,17,87,28,65)( 7,75,40,53,18,86,29,64)
            ( 8,74,41,52,19,85,30,63)( 9,73,42,51,20,84,31,62)(10,72,43,50,21,
             83,32,61)(11,71,44,49,22,82,33,60) ],
      gmul := 
       [ ( 1,53,40,80,13,63,30,68, 3,51,42,78,15,61,32,77, 5,49,44,87,17,59,
             23,75, 7,47,35,85,19,57,25,73, 9,45,37,83,21,66,27,71,11,54,39,
             81,12,64,29,69, 2,52,41,79,14,62,31,67, 4,50,43,88,16,60,33,76,
              6,48,34,86,18,58,24,74, 8,46,36,84,20,56,26,72,10,55,38,82,22,
             65,28,70) ],
      p := ( 2,67,35,40,62,33,10,78,30,28,73,88,82,38, 3,23,64,22, 6,45,32,17,
         7,34,50,47,21,42,84,41,83,49)( 4,12,70, 8, 9,56,65, 5)
        (11,75,74,79,16,20,48,14,31,18,53,36,51,43,69,44,76,71,66,55,58,87,85,
         63,13,26,81,52,54)(19,37,39,61,24,59,77,27,72,57,80)(25,86,60,68,46),
      q := ( 2,45,36,72,88,63,22, 7,23,81,71,79,19,31,17, 6,67,33, 3,34,73,57,
         65, 8, 4,12,53,32,18,70, 5, 9,78,38,10,56,80,16,15,20,75,49,11,48,21,
         26,64,13,42,61,44,47,14,37,29,39,84,27,51,25,59,46,43,54)
        (24,86,85,82,30,40,83,74,66,68,77,41,62,35,28,50,76,52,69)(55,87,60) )
    , rec(
      gadd := 
       [ ( 1,39,22,27,10,37,20,25, 8,35,18,23, 6,44,16,32, 4,42,14,30, 2,40,
             12,28,11,38,21,26, 9,36,19,24, 7,34,17,33, 5,43,15,31, 3,41,13,29
             )(45,83,66,71,54,81,64,69,52,79,62,67,50,88,60,76,48,86,58,74,46,
             84,56,72,55,82,65,70,53,80,63,68,51,78,61,77,49,87,59,75,47,85,
             57,73), ( 1,83,34,61,12,72,23,50)( 2,82,35,60,13,71,24,49)
            ( 3,81,36,59,14,70,25,48)( 4,80,37,58,15,69,26,47)( 5,79,38,57,16,
             68,27,46)( 6,78,39,56,17,67,28,45)( 7,88,40,66,18,77,29,55)
            ( 8,87,41,65,19,76,30,54)( 9,86,42,64,20,75,31,53)(10,85,43,63,21,
             74,32,52)(11,84,44,62,22,73,33,51) ],
      gmul := 
       [ ( 1,53,28,69,22,63,38,79,10,51,26,67,20,61,36,88, 8,49,24,76,18,59,
             34,86, 6,47,33,74,16,57,43,84, 4,45,31,72,14,66,41,82, 2,54,29,
             70,12,64,39,80,11,52,27,68,21,62,37,78, 9,50,25,77,19,60,35,87,
              7,48,23,75,17,58,44,85, 5,46,32,73,15,56,42,83, 3,55,30,71,13,
             65,40,81) ],
      p := ( 2,78,30,28,83,52,47,21,42,62,33,10,81,49)( 3,23,70, 8, 9,67,35,
         40,72,77,27,64,22, 6,45,32,17, 7,34,51,43,61,24,75,66,46,25,84,41,87,
         60,88,63,13,26,59,58,65, 5, 4,12,86,74,57,79,16,20,53,36,50,54,11,56,
         69,44,80,19,37,39,73,82,38)(14,31,18,48)(55,76,85,71,68),
      q := ( 2,45,36,84,27,70, 5, 9,56,65, 8, 4,12,48,21,26,75,68,79,19,31,17,
         6,78,38,10,53,32,18,86,60,46,43,73,52,87,74,77,41,47,14,37,29,39,61,
         44,54)( 3,34,83,82,30,40,62,35,28,51,25,50,80,16,15,20,81,85,63,22,
          7,23,64,13,42,72,57,55,58,69,24,59,76,49,11,67,33)(66,88,71) ), rec(
      gadd := 
       [ ( 1,14, 5,18, 9,22, 2,15, 6,19,10,12, 3,16, 7,20,11,13, 4,17, 8,21)
            (23,36,27,40,31,44,24,37,28,41,32,34,25,38,29,42,33,35,26,39,30,43
             )(45,58,49,62,53,66,46,59,50,63,54,56,47,60,51,64,55,57,48,61,52,
             65)(67,80,71,84,75,88,68,81,72,85,76,78,69,82,73,86,77,79,70,83,
             74,87), ( 1,64,23,86,12,53,34,75)( 2,63,24,85,13,52,35,74)
            ( 3,62,25,84,14,51,36,73)( 4,61,26,83,15,50,37,72)( 5,60,27,82,16,
             49,38,71)( 6,59,28,81,17,48,39,70)( 7,58,29,80,18,47,40,69)
            ( 8,57,30,79,19,46,41,68)( 9,56,31,78,20,45,42,67)(10,66,32,88,21,
             55,43,77)(11,65,33,87,22,54,44,76) ],
      gmul := 
       [ ( 1,33,12,44)( 2,32,13,43)( 3,31,14,42)( 4,30,15,41)( 5,29,16,40)
            ( 6,28,17,39)( 7,27,18,38)( 8,26,19,37)( 9,25,20,36)(10,24,21,35)
            (11,23,22,34)(45,79,56,68)(46,78,57,67)(47,88,58,77)(48,87,59,76)
            (49,86,60,75)(50,85,61,74)(51,84,62,73)(52,83,63,72)(53,82,64,71)
            (54,81,65,70)(55,80,66,69), ( 1,85)( 2,86)( 3,87)( 4,88)( 5,78)
            ( 6,79)( 7,80)( 8,81)( 9,82)(10,83)(11,84)(12,74)(13,75)(14,76)
            (15,77)(16,67)(17,68)(18,69)(19,70)(20,71)(21,72)(22,73)(23,63)
            (24,64)(25,65)(26,66)(27,56)(28,57)(29,58)(30,59)(31,60)(32,61)
            (33,62)(34,52)(35,53)(36,54)(37,55)(38,45)(39,46)(40,47)(41,48)
            (42,49)(43,50)(44,51) ],
      p := ( 2,56,69,44,65, 5, 4,12,59,87,85,71,68,46,32,17, 7,34,50,47,21,42,
         83,49)( 3,23,70, 8, 9,67,35,40,72,77,30,29,28,62,24,75,79,16,20,48,
         14,26,86,74,88,82,38)( 6,45,25,61,33,10,64,22)(11,78,27,81,52,54)
        (13,31,18,53,36,51,43,84,41,58,80,19,37,39,73,63)(55,76,60,57,66),
      q := ( 2,45,36,61,44,47,14,37,28,50,65, 8, 4,12,53,25,51,32,18,59,87,85,
         71,68,66,57,46,43,84,30,40,72,77,41,54)( 3,34,62,35,29,39,73,49,11,
         78,38,10,48,21,31,17, 6,56,69,33)( 5, 9,67,24,75,79,19,26,86,74,88,
         82,27,81,60,55,76,52,58,80,16,15,20,64,13,42,83,63,22, 7,23,70) ), 
  rec(
      gadd := 
       [ ( 1,13, 3,15, 5,17, 7,19, 9,21,11,12, 2,14, 4,16, 6,18, 8,20,10,22)
            (23,35,25,37,27,39,29,41,31,43,33,34,24,36,26,38,28,40,30,42,32,44
             )(45,57,47,59,49,61,51,63,53,65,55,56,46,58,48,60,50,62,52,64,54,
             66)(67,79,69,81,71,83,73,85,75,87,77,78,68,80,70,82,72,84,74,86,
             76,88), ( 1,73,34,51,12,84,23,62)( 2,72,35,50,13,83,24,61)
            ( 3,71,36,49,14,82,25,60)( 4,70,37,48,15,81,26,59)( 5,69,38,47,16,
             80,27,58)( 6,68,39,46,17,79,28,57)( 7,67,40,45,18,78,29,56)
            ( 8,77,41,55,19,88,30,66)( 9,76,42,54,20,87,31,65)(10,75,43,53,21,
             86,32,64)(11,74,44,52,22,85,33,63) ],
      gmul := 
       [ ( 1,35,14,26, 5,39,18,30, 9,43,22,23, 2,36,15,27, 6,40,19,31,10,44,
             12,24, 3,37,16,28, 7,41,20,32,11,34,13,25, 4,38,17,29, 8,42,21,33
             )(45,77,65,86,52,73,61,82,48,69,57,78,55,76,64,85,51,72,60,81,47,
             68,56,88,54,75,63,84,50,71,59,80,46,67,66,87,53,74,62,83,49,70,
             58,79), ( 1,83,13,71, 3,81,15,69, 5,79,17,67, 7,88,19,76, 9,86,
             21,74,11,84,12,72, 2,82,14,70, 4,80,16,68, 6,78,18,77, 8,87,20,
             75,10,85,22,73)(23,61,35,49,25,59,37,47,27,57,39,45,29,66,41,54,
             31,64,43,52,33,62,34,50,24,60,36,48,26,58,38,46,28,56,40,55,30,
             65,42,53,32,63,44,51) ],
      p := ( 2,45,32,17, 7, 9,56,65, 5, 4,12,48,14,31,18,37,83,85,63,13,26,75,
         68, 8,78,30,28,51,36, 3,23,64,22,81,38,84,82,41,47,21,86,60,46,25,50,
         43,73,52,11,67,44,54,87,74,77,27,70,79,16,20, 6,34,40,62,33,10,53,80,
         19,42,72,57,55,58,69,88,71,66,35,39,61,24,59,76,49),
      q := ( 2,45,36,10,48,21,70,77,41,54,69,68, 5, 9,56,58,87,82,27,86,63,22,
         75,88,85,60,55,65, 8,67,24,64,13,42,84,74,79,19,26,81,30,40,61,44,47,
         14,37,73,49,11,78,38,72,66,33, 3,34,28,50,25,51,32,18,31,17, 6,23,59,
         80,16,15,20, 7, 4,12,53,76,52)(29,39,62,35)(43,83,71,57,46) ), rec(
      gadd := 
       [ ( 1, 7, 2, 8, 3, 9, 4,10, 5,11, 6)(12,18,13,19,14,20,15,21,16,22,17)
            (23,29,24,30,25,31,26,32,27,33,28)(34,40,35,41,36,42,37,43,38,44,
             39)(45,51,46,52,47,53,48,54,49,55,50)(56,62,57,63,58,64,59,65,60,
             66,61)(67,73,68,74,69,75,70,76,71,77,72)(78,84,79,85,80,86,81,87,
             82,88,83), ( 1,85,34,63,12,74,23,52)( 2,84,35,62,13,73,24,51)
            ( 3,83,36,61,14,72,25,50)( 4,82,37,60,15,71,26,49)( 5,81,38,59,16,
             70,27,48)( 6,80,39,58,17,69,28,47)( 7,79,40,57,18,68,29,46)
            ( 8,78,41,56,19,67,30,45)( 9,88,42,66,20,77,31,55)(10,87,43,65,21,
             76,32,54)(11,86,44,64,22,75,33,53) ],
      gmul := 
       [ ( 1,35,12,24)( 2,34,13,23)( 3,44,14,33)( 4,43,15,32)( 5,42,16,31)
            ( 6,41,17,30)( 7,40,18,29)( 8,39,19,28)( 9,38,20,27)(10,37,21,26)
            (11,36,22,25)(45,79,56,68)(46,78,57,67)(47,88,58,77)(48,87,59,76)
            (49,86,60,75)(50,85,61,74)(51,84,62,73)(52,83,63,72)(53,82,64,71)
            (54,81,65,70)(55,80,66,69), ( 1,66)( 2,65)( 3,64)( 4,63)( 5,62)
            ( 6,61)( 7,60)( 8,59)( 9,58)(10,57)(11,56)(12,55)(13,54)(14,53)
            (15,52)(16,51)(17,50)(18,49)(19,48)(20,47)(21,46)(22,45)(23,77)
