NCBRACES[135] := [ rec(
      gadd := [ (  1, 81,105, 42, 66, 98, 35, 59,128, 20, 52,121, 13, 82,117,  9, 78,102, 39, 71, 95, 32, 56,133, 25,
              49,118, 10, 90,114,  6, 75,107, 44, 68, 92, 29, 61,130, 22, 46,126, 18, 87,111,  3, 80,104, 41, 65, 97,
              34, 58,127, 19, 54,123, 15, 84,116,  8, 77,101, 38, 70, 94, 31, 55,135, 27, 51,120, 12, 89,113,  5, 74,
             106, 43, 67, 91, 28, 63,132, 24, 48,125, 17, 86,110,  2, 79,103, 40, 64, 99, 36, 60,129, 21, 53,122, 14,
              83,115,  7, 76,100, 37, 72, 96, 33, 57,134, 26, 50,119, 11, 88,112,  4, 73,108, 45, 69, 93, 30, 62,131,
              23, 47,124, 16, 85,109) ],
      gmul := [ (  1, 81,105, 42, 66, 98, 35, 59,128, 20, 52,121, 13, 82,117,  9, 78,102, 39, 71, 95, 32, 56,133, 25,
              49,118, 10, 90,114,  6, 75,107, 44, 68, 92, 29, 61,130, 22, 46,126, 18, 87,111,  3, 80,104, 41, 65, 97,
              34, 58,127, 19, 54,123, 15, 84,116,  8, 77,101, 38, 70, 94, 31, 55,135, 27, 51,120, 12, 89,113,  5, 74,
             106, 43, 67, 91, 28, 63,132, 24, 48,125, 17, 86,110,  2, 79,103, 40, 64, 99, 36, 60,129, 21, 53,122, 14,
              83,115,  7, 76,100, 37, 72, 96, 33, 57,134, 26, 50,119, 11, 88,112,  4, 73,108, 45, 69, 93, 30, 62,131,
              23, 47,124, 16, 85,109) ],
      p := (  2, 46, 56, 43, 58, 41, 52, 90, 59, 22, 11, 49, 63, 20,  6, 99, 66, 29, 96, 65,133, 80,103, 75,134,113,
         116,131, 78, 36, 94, 87,118,125,120,112,114, 26,108, 24, 38,100, 62, 31,135,122,110,115,104, 25, 19, 13, 55,
          16, 82,101, 89, 88, 61, 42, 50, 57, 14, 54, 73, 95, 76,126, 70,105, 34, 39, 93, 60, 15, 48, 64,106, 23, 97,
          74,132, 71,107, 32,  8,  3,  4)(  5, 10, 91, 86,129, 77, 44, 51, 53, 84,109, 33, 45, 85,102, 81,130, 69, 21,
         40,127, 79, 30, 98, 72, 17,  7,  9, 37, 92, 67,117,123,119, 35, 28, 12, 47, 83,128, 68, 27, 18)(111,124),
      q := (  2, 99,124, 79, 20,  7,  4,  3,  9, 10, 54,117, 67, 73, 50,133,110, 75, 56, 15, 97,116, 59, 36, 51, 92,
         123, 71, 83, 62, 27, 40, 63, 30, 47,107, 26, 82, 89,102,109, 25, 28, 38, 90,131,112, 76, 64, 84, 81, 60, 43,
         132,119, 23, 48,126,120, 78, 22, 39, 52,100,128,122, 80, 87, 72, 41, 93,130,121, 69, 29, 49,127,111, 66, 21,
          18,  8)(  5, 37, 53,106, 35, 19, 45,105, 24, 12, 98,118, 65, 57, 44, 94,103,115, 86, 61, 16,108, 34, 11, 96,
         125, 70, 85, 88,129,113, 74, 58, 17,  6, 46,134, 77, 14, 91,104, 33, 13,135, 68, 31, 55, 42, 95,114, 32) ), 
  rec(
      gadd := [ (  1, 81,105, 42, 66, 98, 35, 59,128, 20, 52,121, 13, 82,117,  9, 78,102, 39, 71, 95, 32, 56,133, 25,
              49,118, 10, 90,114,  6, 75,107, 44, 68, 92, 29, 61,130, 22, 46,126, 18, 87,111,  3, 80,104, 41, 65, 97,
              34, 58,127, 19, 54,123, 15, 84,116,  8, 77,101, 38, 70, 94, 31, 55,135, 27, 51,120, 12, 89,113,  5, 74,
             106, 43, 67, 91, 28, 63,132, 24, 48,125, 17, 86,110,  2, 79,103, 40, 64, 99, 36, 60,129, 21, 53,122, 14,
              83,115,  7, 76,100, 37, 72, 96, 33, 57,134, 26, 50,119, 11, 88,112,  4, 73,108, 45, 69, 93, 30, 62,131,
              23, 47,124, 16, 85,109) ],
      gmul := [ (  1, 81,103, 42, 66, 99, 35, 59,129, 20, 52,122, 13, 82,115,  9, 78,100, 39, 71, 96, 32, 56,134, 25,
              49,119, 10, 90,112,  6, 75,108, 44, 68, 93, 29, 61,131, 22, 46,124, 18, 87,109,  3, 80,105, 41, 65, 98,
              34, 58,128, 19, 54,121, 15, 84,117,  8, 77,102, 38, 70, 95, 31, 55,133, 27, 51,118, 12, 89,114,  5, 74,
             107, 43, 67, 92, 28, 63,130, 24, 48,126, 17, 86,111,  2, 79,104, 40, 64, 97, 36, 60,127, 21, 53,123, 14,
              83,116,  7, 76,101, 37, 72, 94, 33, 57,135, 26, 50,120, 11, 88,113,  4, 73,106, 45, 69, 91, 30, 62,132,
              23, 47,125, 16, 85,110) ],
      p := (  2, 47, 84,109, 33, 45, 86,129, 78, 36, 94, 85,102, 79, 30, 98, 70,105, 34, 39, 93, 58, 41, 53, 82,101,
          90, 60, 15, 46, 57, 14, 52, 88, 62, 31,135,122,110,115,104, 25, 19, 13, 56, 43, 59, 22, 11, 50, 55, 16, 83,
         128, 69, 21, 40,127, 80,103, 73, 95, 77, 44, 49, 61, 42, 51, 54, 74,132, 72, 17,  7,  9, 37, 92, 68, 27, 18,
           5, 10, 91, 87,118,125,120,112,114, 26,108, 24, 38,100, 63, 20,  6, 99, 64,106, 23, 97, 75,134,113,116,131,
          76,126, 71,107, 32,  8,  3,  4)( 12, 48, 65,133, 81,130, 67,117,123,119, 35, 28)( 29, 96, 66)(111,124),
      q := (  2, 99,124, 80, 85, 89,102,109, 25, 28, 38, 88,129,113, 75, 57, 44, 94,103,115, 87, 70, 86, 62, 27, 40,
          61, 16,108, 34, 11, 96,125, 71, 84, 79, 20,  7,  4,  3,  9, 10, 52,100,128,122, 81, 58, 17,  6, 47,107, 26,
          83, 63, 30, 48,126,120, 76, 65, 55, 42, 95,114, 32,  5, 37, 54,117, 68, 31, 56, 15, 97,116, 60, 43,132,119,
          23, 46,134, 78, 22, 39, 53,106, 35, 19, 45,105, 24, 12, 98,118, 66, 21, 18,  8)( 13,135, 69, 29, 50,133,110,
         73, 51, 92,123, 72, 41, 93,130,121, 67, 74, 59, 36, 49,127,111, 64, 82, 90,131,112, 77, 14, 91,104, 33) ), 
  rec(
      gadd := [ (  1, 81,105, 42, 66, 98, 35, 59,128, 20, 52,121, 13, 82,117,  9, 78,102, 39, 71, 95, 32, 56,133, 25,
              49,118, 10, 90,114,  6, 75,107, 44, 68, 92, 29, 61,130, 22, 46,126, 18, 87,111,  3, 80,104, 41, 65, 97,
              34, 58,127, 19, 54,123, 15, 84,116,  8, 77,101, 38, 70, 94, 31, 55,135, 27, 51,120, 12, 89,113,  5, 74,
             106, 43, 67, 91, 28, 63,132, 24, 48,125, 17, 86,110,  2, 79,103, 40, 64, 99, 36, 60,129, 21, 53,122, 14,
              83,115,  7, 76,100, 37, 72, 96, 33, 57,134, 26, 50,119, 11, 88,112,  4, 73,108, 45, 69, 93, 30, 62,131,
              23, 47,124, 16, 85,109) ],
      gmul := [ (  1, 81,107, 41, 66, 93, 36, 59,132, 20, 52,126, 15, 82,109,  7, 78,103, 39, 71, 97, 31, 56,128, 26,
              49,122, 10, 90,116,  5, 75,102, 45, 68, 96, 29, 61,135, 24, 46,118, 16, 87,112,  3, 80,106, 40, 65, 92,
              35, 58,131, 19, 54,125, 14, 84,111,  9, 77,105, 38, 70, 99, 33, 55,127, 25, 51,121, 12, 89,115,  4, 74,
             101, 44, 67, 95, 28, 63,134, 23, 48,120, 18, 86,114,  2, 79,108, 42, 64, 91, 34, 60,130, 21, 53,124, 13,
              83,110,  8, 76,104, 37, 72, 98, 32, 57,129, 27, 50,123, 11, 88,117,  6, 73,100, 43, 69, 94, 30, 62,133,
              22, 47,119, 17, 85,113) ],
      p := (  2, 51, 46, 58, 41, 48, 69, 21, 40,129, 80,104, 25, 19, 13, 60, 15, 50, 59, 22, 11, 52, 83,127, 75,134,
         114, 26,108, 24, 38,102, 74,130, 72, 17,  7,  9, 37, 91, 89, 84,111,124,110,115,105, 34, 39, 92, 70,103, 77,
          44, 54, 78, 36, 95, 79, 30, 98, 65,133, 73, 96, 67,117,121,122,109, 33, 45, 88, 57, 14, 47, 85,101, 82,100,
          55, 16, 87,120,113,116,132, 64,106, 23, 97, 76,126, 66, 29, 94, 90, 62, 31,135,123,118,125,119, 35, 28, 12,
          49, 56, 43, 61, 42, 53, 86,128, 71,107, 32,  8,  3,  4)(  5, 10, 93, 63, 20,  6, 99, 68, 27, 18)( 81,131),
      q := (  2, 99,124, 75, 58, 17,  6, 51, 91,105, 24, 12, 98,120, 81, 63, 30, 49,129,114, 32,  5, 37, 46,134, 80,
          90,132,118, 67, 78, 22, 39, 48,126,119, 23, 50,133,109, 25, 28, 38, 83, 55, 42, 96,125, 66, 21, 18,  8)
        (  3,  9, 10, 47,107, 26, 87, 65, 59, 36, 54,117, 70, 88,128,123, 64, 86, 57, 44, 95,112, 79, 20,  7,  4)
        ( 11, 94,104, 33, 13,135, 71, 85, 84, 74, 61, 16,108, 34)( 14, 93,131,113, 76, 69, 29, 52,102,111, 68, 31, 60,
         43,130,122, 73, 53,106, 35, 19, 45,103,115, 89,101,100,127,110, 77)( 15, 97,116, 62, 27, 40, 56)
        ( 41, 92,121, 72) ), rec(
      gadd := [ (  1, 23, 45,  4, 26, 33,  7, 29, 36, 10, 17, 39, 13, 20, 42)(  2, 24, 43,  5, 27, 31,  8, 30, 34, 11,
             18, 37, 14, 21, 40)(  3, 22, 44,  6, 25, 32,  9, 28, 35, 12, 16, 38, 15, 19, 41)( 46, 68, 90, 49, 71, 78,
             52, 74, 81, 55, 62, 84, 58, 65, 87)( 47, 69, 88, 50, 72, 76, 53, 75, 79, 56, 63, 82, 59, 66, 85)
            ( 48, 67, 89, 51, 70, 77, 54, 73, 80, 57, 61, 83, 60, 64, 86)( 91,113,135, 94,116,123, 97,119,126,100,107,
             129,103,110,132)( 92,114,133, 95,117,121, 98,120,124,101,108,127,104,111,130)( 93,112,134, 96,115,122,
              99,118,125,102,106,128,105,109,131), (  1, 89,117,  8, 81,106, 15, 85,113,  4, 77,120, 11, 84,109,  3,
              88,116,  7, 80,108, 14, 87,112,  6, 76,119, 10, 83,111,  2, 90,115,  9, 79,107, 13, 86,114,  5, 78,118,
              12, 82,110)( 16, 59,132, 23, 51,121, 30, 55,128, 19, 47,135, 26, 54,124, 18, 58,131, 22, 50,123, 29, 57,
             127, 21, 46,134, 25, 53,126, 17, 60,130, 24, 49,122, 28, 56,129, 20, 48,133, 27, 52,125)( 31, 74,102, 38,
             66, 91, 45, 70, 98, 34, 62,105, 41, 69, 94, 33, 73,101, 37, 65, 93, 44, 72, 97, 36, 61,104, 40, 68, 96,
              32, 75,100, 39, 64, 92, 43, 71, 99, 35, 63,103, 42, 67, 95) ],
      gmul := [ (  1, 24, 44,  4, 27, 32,  7, 30, 35, 10, 18, 38, 13, 21, 41)(  2, 22, 45,  5, 25, 33,  8, 28, 36, 11,
             16, 39, 14, 19, 42)(  3, 23, 43,  6, 26, 31,  9, 29, 34, 12, 17, 37, 15, 20, 40)( 46, 69, 89, 49, 72, 77,
             52, 75, 80, 55, 63, 83, 58, 66, 86)( 47, 67, 90, 50, 70, 78, 53, 73, 81, 56, 61, 84, 59, 64, 87)
            ( 48, 68, 88, 51, 71, 76, 54, 74, 79, 57, 62, 82, 60, 65, 85)( 91,114,134, 94,117,122, 97,120,125,100,108,
             128,103,111,131)( 92,112,135, 95,115,123, 98,118,126,101,106,129,104,109,132)( 93,113,133, 96,116,121,
              99,119,124,102,107,127,105,110,130), (  1,125, 67, 12,133, 63,  5,129, 71, 13,122, 64,  9,130, 75,  2,
             126, 68, 10,134, 61,  6,127, 72, 14,123, 65,  7,131, 73,  3,124, 69, 11,135, 62,  4,128, 70, 15,121, 66,
               8,132, 74)( 16, 95, 82, 27,103, 78, 20, 99, 86, 28, 92, 79, 24,100, 90, 17, 96, 83, 25,104, 76, 21, 97,
             87, 29, 93, 80, 22,101, 88, 18, 94, 84, 26,105, 77, 19, 98, 85, 30, 91, 81, 23,102, 89)( 31,110, 52, 42,
             118, 48, 35,114, 56, 43,107, 49, 39,115, 60, 32,111, 53, 40,119, 46, 36,112, 57, 44,108, 50, 37,116, 58,
              33,109, 54, 41,120, 47, 34,113, 55, 45,106, 51, 38,117, 59) ],
      p := (  2, 46, 85,115, 95, 79, 26, 32,  4, 31,108, 29, 18, 37,121,118,111,131, 65, 23, 33, 25, 40, 58, 14, 55,
          15, 61, 38,100, 50, 49, 63, 24,123,109,128, 81,127, 74, 27, 92, 69, 34, 11, 52, 56,105,104, 44, 53, 62, 98,
          72,107,120,133,119, 20, 99, 64,114, 35, 17, 13, 48, 57, 28, 12, 76,117, 21, 22,  8, 16, 47, 77, 19,  9)
        (  3,  7, 10, 91, 83,130, 66,122,124, 90, 84, 94, 87, 60,129, 80,103,135,110,113,126, 75, 96, 86, 88, 73,  6,
          93, 68,132,134,125, 89, 59, 39,106, 30,102, 45, 78,  5)( 36, 97, 51, 70, 41, 82,112)( 42, 54, 43, 67)
        ( 71,101),
      q := (  2, 93,131,134, 74, 38, 54, 19, 11,102, 20, 55,  5)(  3, 10, 48, 97,103, 64, 85, 84, 60, 70, 24, 61, 27,
          47,107, 79, 39, 78, 15,123, 90,115, 59, 26, 18, 25, 22, 12,108, 36, 57, 34,  9)(  4, 16, 92,130,133, 80, 51,
         129,119, 45,106, 35, 33, 37, 63, 41,117, 44,101,128,118, 88,126,124,109, 71, 53,122, 75, 58,  6, 46,114, 30,
          52, 98,127,125,110, 86,111, 68, 67, 23, 17)(  8, 31, 76, 82, 87, 94,112, 29, 32, 13, 91,116, 83, 69, 28)
        ( 14, 99,135, 89, 95,120, 66, 62, 56, 49,121, 81, 72, 77, 43,132, 65, 42,100,104, 21, 40, 96,113, 73)
        ( 50,105) ), rec(
      gadd := [ (  1, 61,121,  2, 62,122,  3, 63,123)(  4, 64,124,  5, 65,125,  6, 66,126)(  7, 67,127,  8, 68,128,
               9, 69,129)( 10, 70,130, 11, 71,131, 12, 72,132)( 13, 73,133, 14, 74,134, 15, 75,135)( 16, 76, 91, 17,
              77, 92, 18, 78, 93)( 19, 79, 94, 20, 80, 95, 21, 81, 96)( 22, 82, 97, 23, 83, 98, 24, 84, 99)
            ( 25, 85,100, 26, 86,101, 27, 87,102)( 28, 88,103, 29, 89,104, 30, 90,105)( 31, 46,106, 32, 47,107, 33,
              48,108)( 34, 49,109, 35, 50,110, 36, 51,111)( 37, 52,112, 38, 53,113, 39, 54,114)( 40, 55,115, 41, 56,
             116, 42, 57,117)( 43, 58,118, 44, 59,119, 45, 60,120), (  1,113, 88,  6,115, 78,  8,120, 80, 10,107, 82,
              15,109, 87,  2,114, 89,  4,116, 76,  9,118, 81, 11,108, 83, 13,110, 85,  3,112, 90,  5,117, 77,  7,119,
              79, 12,106, 84, 14,111, 86)( 16,128, 58, 21,130, 48, 23,135, 50, 25,122, 52, 30,124, 57, 17,129, 59, 19,
             131, 46, 24,133, 51, 26,123, 53, 28,125, 55, 18,127, 60, 20,132, 47, 22,134, 49, 27,121, 54, 29,126, 56)
            ( 31, 98, 73, 36,100, 63, 38,105, 65, 40, 92, 67, 45, 94, 72, 32, 99, 74, 34,101, 61, 39,103, 66, 41, 93,
              68, 43, 95, 70, 33, 97, 75, 35,102, 62, 37,104, 64, 42, 91, 69, 44, 96, 71) ],
      gmul := [ (  1, 60,100,  8, 49, 92, 15, 56, 99,  4, 48,103, 11, 52, 95,  3, 59,102,  7, 51, 91, 14, 55, 98,  6,
              47,105, 10, 54, 94,  2, 58,101,  9, 50, 93, 13, 57, 97,  5, 46,104, 12, 53, 96)( 16, 75,115, 23, 64,107,
             30, 71,114, 19, 63,118, 26, 67,110, 18, 74,117, 22, 66,106, 29, 70,113, 21, 62,120, 25, 69,109, 17, 73,
             116, 24, 65,108, 28, 72,112, 20, 61,119, 27, 68,111)( 31, 90,130, 38, 79,122, 45, 86,129, 34, 78,133, 41,
             82,125, 33, 89,132, 37, 81,121, 44, 85,128, 36, 77,135, 40, 84,124, 32, 88,131, 39, 80,123, 43, 87,127,
              35, 76,134, 42, 83,126), (  1, 68,134,  5, 72,123,  9, 73,124, 10, 62,128, 14, 66,132,  3, 67,133,  4,
              71,122,  8, 75,126, 12, 61,127, 13, 65,131,  2, 69,135,  6, 70,121,  7, 74,125, 11, 63,129, 15, 64,130)
            ( 16, 83,104, 20, 87, 93, 24, 88, 94, 25, 77, 98, 29, 81,102, 18, 82,103, 19, 86, 92, 23, 90, 96, 27, 76,
              97, 28, 80,101, 17, 84,105, 21, 85, 91, 22, 89, 95, 26, 78, 99, 30, 79,100)( 31, 53,119, 35, 57,108, 39,
             58,109, 40, 47,113, 44, 51,117, 33, 52,118, 34, 56,107, 38, 60,111, 42, 46,112, 43, 50,116, 32, 54,120,
              36, 55,106, 37, 59,110, 41, 48,114, 45, 49,115) ],
      p := (  2, 46, 85,117, 21, 22,  8, 16, 47, 77, 19,  9)(  3,  7, 10, 93, 68,131, 65, 23, 33, 25, 40, 58, 14, 55,
          15, 61, 38,102, 45, 78,  5)(  4, 31,107,119, 20, 98, 72,106, 30,101, 71,100, 50, 49, 63, 24,122,126, 75, 95,
         79, 26, 32)(  6, 92, 69, 34, 11, 52, 56,104, 44, 53, 62, 97, 51, 70, 41, 82,114, 35, 17, 13, 48, 57, 28, 12,
          76,116,115, 94, 87, 60,128, 81,129, 80,105,103,134,124, 90, 84, 96, 86, 88, 73)( 18, 37,123,111,130, 66,121,
         120,135,109,127, 74, 27, 91, 83,132,133,118,110,112, 36, 99, 64,113,125, 89, 59, 39,108, 29)( 42, 54, 43, 67)
       ,
      q := (  2, 92,132, 65, 42,102, 20, 55,  5)(  3, 10, 48, 99,134, 74, 38, 54, 19, 11,101,127,124,111, 68, 67, 23,
          17,  4, 16, 91,115, 59, 26, 18, 25, 22, 12,107, 79, 39, 78, 15,122, 75, 58,  6, 46,113, 73, 14, 98,129,118,
          88,125,109, 71, 53,121, 81, 72, 77, 43,131,133, 80, 51,128,120, 66, 62, 56, 49,123, 90,117, 44,100,103, 64,
          85, 84, 60, 70, 24, 61, 27, 47,106, 35, 33, 37, 63, 41,116, 83, 69, 28,  8, 31, 76, 82, 87, 96,112, 29, 32,
          13, 93,130,135, 89, 94,114, 30, 52, 97,105, 50,104, 21, 40, 95,119, 45,108, 36, 57, 34,  9)( 86,110) ), rec(
      gadd := [ (  1, 79,112, 11, 89,107,  6, 84,117, 13, 76,109,  8, 86,119,  3, 81,114, 10, 88,106,  5, 83,116, 15,
              78,111,  7, 85,118,  2, 80,113, 12, 90,108,  4, 82,115, 14, 77,110,  9, 87,120)( 16, 49,127, 26, 59,122,
             21, 54,132, 28, 46,124, 23, 56,134, 18, 51,129, 25, 58,121, 20, 53,131, 30, 48,126, 22, 55,133, 17, 50,
             128, 27, 60,123, 19, 52,130, 29, 47,125, 24, 57,135)( 31, 64, 97, 41, 74, 92, 36, 69,102, 43, 61, 94, 38,
             71,104, 33, 66, 99, 40, 73, 91, 35, 68,101, 45, 63, 96, 37, 70,103, 32, 65, 98, 42, 75, 93, 34, 67,100,
              44, 62, 95, 39, 72,105), (  1,134, 70,  9,124, 63, 14,132, 68,  4,122, 73, 12,127, 66,  2,135, 71,  7,
             125, 61, 15,130, 69,  5,123, 74, 10,128, 64,  3,133, 72,  8,126, 62, 13,131, 67,  6,121, 75, 11,129, 65)
            ( 16,104, 85, 24, 94, 78, 29,102, 83, 19, 92, 88, 27, 97, 81, 17,105, 86, 22, 95, 76, 30,100, 84, 20, 93,
              89, 25, 98, 79, 18,103, 87, 23, 96, 77, 28,101, 82, 21, 91, 90, 26, 99, 80)( 31,119, 55, 39,109, 48, 44,
             117, 53, 34,107, 58, 42,112, 51, 32,120, 56, 37,110, 46, 45,115, 54, 35,108, 59, 40,113, 49, 33,118, 57,
              38,111, 47, 43,116, 52, 36,106, 60, 41,114, 50) ],
      gmul := [ (  1, 23, 45,  4, 26, 33,  7, 29, 36, 10, 17, 39, 13, 20, 42)(  2, 24, 43,  5, 27, 31,  8, 30, 34, 11,
             18, 37, 14, 21, 40)(  3, 22, 44,  6, 25, 32,  9, 28, 35, 12, 16, 38, 15, 19, 41)( 46, 67, 88, 49, 70, 76,
             52, 73, 79, 55, 61, 82, 58, 64, 85)( 47, 68, 89, 50, 71, 77, 53, 74, 80, 56, 62, 83, 59, 65, 86)
            ( 48, 69, 90, 51, 72, 78, 54, 75, 81, 57, 63, 84, 60, 66, 87)( 91,114,134, 94,117,122, 97,120,125,100,108,
             128,103,111,131)( 92,112,135, 95,115,123, 98,118,126,101,106,129,104,109,132)( 93,113,133, 96,116,121,
              99,119,124,102,107,127,105,110,130), (  1, 67,133,  5, 71,122,  9, 75,126, 10, 61,127, 14, 65,131,  3,
              69,135,  4, 70,121,  8, 74,125, 12, 63,129, 13, 64,130,  2, 68,134,  6, 72,123,  7, 73,124, 11, 62,128,
              15, 66,132)( 16, 83,105, 20, 87, 91, 24, 88, 95, 25, 77, 99, 29, 81,100, 18, 82,104, 19, 86, 93, 23, 90,
             94, 27, 76, 98, 28, 80,102, 17, 84,103, 21, 85, 92, 22, 89, 96, 26, 78, 97, 30, 79,101)( 31, 54,119, 35,
              55,108, 39, 59,109, 40, 48,113, 44, 49,117, 33, 53,118, 34, 57,107, 38, 58,111, 42, 47,112, 43, 51,116,
              32, 52,120, 36, 56,106, 37, 60,110, 41, 46,114, 45, 50,115) ],
      p := (  2, 46, 68, 69,112, 75, 34,  4, 31,121, 95, 59, 14, 55, 43, 58, 28, 92, 90, 94, 74,131, 73, 42,108,104,
          89,114, 29, 12, 78,  6, 93, 60, 83, 19,  9)(  3,  7, 10, 91,117, 80,130, 88,103, 50, 57,105, 45, 54, 56, 15,
         62,128,120, 35, 25,122, 21, 22,  8, 16, 47, 53, 71,123,124,110,133, 64, 98, 81, 96, 82,116,132, 79, 27, 32,
         102, 65, 24, 33,107, 44, 84,  5)( 11, 52, 49, 76, 41,100, 51, 61, 39, 17, 13, 48, 87, 26, 40, 97, 67,113,118,
         36)( 18, 37, 63, 38,106,134,135,126,109, 30)( 20, 99, 85, 72, 86,115,129,111,119,125, 66,127)( 23, 77,101, 70
         ),
      q := (  2, 93, 94,125,133,135, 73, 23,107, 21, 40, 57, 49,108, 50, 97,132,120, 30, 32, 52,105, 20, 55, 19, 11,
         102,134, 64, 56,  5)(  3, 10, 48,112,124, 89, 85,127, 45,100,103,104,110, 66, 72,113, 81, 58, 34, 13, 91, 82,
         83, 43, 96,117,119, 74, 68,130,111, 80, 69, 87, 39, 33, 77, 53,128, 79, 38, 78, 14, 99,114, 36,  9)
        (  4, 16, 92,109, 35, 37,121, 59,  6, 46,131,126, 90, 60,116, 67, 86, 84, 15,122, 44,115, 70, 42, 76, 24, 17)
        (  8, 31, 63, 27, 18, 25, 62, 71, 61, 26, 22, 12,106, 65, 41, 54, 98,118, 29)( 28, 47,101,129, 88, 51,123, 75
         ) ), rec(
      gadd := [ (  1, 53,105,  5, 57, 91,  9, 58, 95, 10, 47, 99, 14, 51,100,  3, 52,104,  4, 56, 93,  8, 60, 94, 12,
              46, 98, 13, 50,102,  2, 54,103,  6, 55, 92,  7, 59, 96, 11, 48, 97, 15, 49,101)( 16, 68,120, 20, 72,106,
             24, 73,110, 25, 62,114, 29, 66,115, 18, 67,119, 19, 71,108, 23, 75,109, 27, 61,113, 28, 65,117, 17, 69,
             118, 21, 70,107, 22, 74,111, 26, 63,112, 30, 64,116)( 31, 83,135, 35, 87,121, 39, 88,125, 40, 77,129, 44,
             81,130, 33, 82,134, 34, 86,123, 38, 90,124, 42, 76,128, 43, 80,132, 32, 84,133, 36, 85,122, 37, 89,126,
              41, 78,127, 45, 79,131), (  1,126, 69, 12,134, 62,  5,127, 70, 13,123, 66,  9,131, 74,  2,124, 67, 10,
             135, 63,  6,128, 71, 14,121, 64,  7,132, 75,  3,125, 68, 11,133, 61,  4,129, 72, 15,122, 65,  8,130, 73)
            ( 16, 96, 84, 27,104, 77, 20, 97, 85, 28, 93, 81, 24,101, 89, 17, 94, 82, 25,105, 78, 21, 98, 86, 29, 91,
              79, 22,102, 90, 18, 95, 83, 26,103, 76, 19, 99, 87, 30, 92, 80, 23,100, 88)( 31,111, 54, 42,119, 47, 35,
             112, 55, 43,108, 51, 39,116, 59, 32,109, 52, 40,120, 48, 36,113, 56, 44,106, 49, 37,117, 60, 33,110, 53,
              41,118, 46, 34,114, 57, 45,107, 50, 38,115, 58) ],
      gmul := [ (  1, 36, 23, 10, 45, 17,  4, 39, 26, 13, 33, 20,  7, 42, 29)(  2, 34, 24, 11, 43, 18,  5, 37, 27, 14,
             31, 21,  8, 40, 30)(  3, 35, 22, 12, 44, 16,  6, 38, 25, 15, 32, 19,  9, 41, 28)( 46, 79, 67, 55, 88, 61,
             49, 82, 70, 58, 76, 64, 52, 85, 73)( 47, 80, 68, 56, 89, 62, 50, 83, 71, 59, 77, 65, 53, 86, 74)
            ( 48, 81, 69, 57, 90, 63, 51, 84, 72, 60, 78, 66, 54, 87, 75)( 91,125,114,100,134,108, 94,128,117,103,122,
             111, 97,131,120)( 92,126,112,101,135,106, 95,129,115,104,123,109, 98,132,118)( 93,124,113,102,133,107,
              96,127,116,105,121,110, 99,130,119), (  1, 89,116,  8, 81,108, 15, 85,112,  4, 77,119, 11, 84,111,  3,
              88,115,  7, 80,107, 14, 87,114,  6, 76,118, 10, 83,110,  2, 90,117,  9, 79,106, 13, 86,113,  5, 78,120,
              12, 82,109)( 16, 60,130, 23, 49,122, 30, 56,129, 19, 48,133, 26, 52,125, 18, 59,132, 22, 51,121, 29, 55,
             128, 21, 47,135, 25, 54,124, 17, 58,131, 24, 50,123, 28, 57,127, 20, 46,134, 27, 53,126)( 31, 73,102, 38,
             65, 91, 45, 72, 98, 34, 61,105, 41, 68, 94, 33, 75,101, 37, 64, 93, 44, 71, 97, 36, 63,104, 40, 67, 96,
              32, 74,100, 39, 66, 92, 43, 70, 99, 35, 62,103, 42, 69, 95) ],
      p := (  2, 78,  6,108,119, 95, 88,118, 36, 11, 84,  5,  3,  7, 10,106,104, 73, 42,123, 94, 58, 28,107, 44, 68,
          53, 55, 43, 90,109, 30, 18, 37, 47, 82,131, 60, 67,128,135, 96, 69,127, 20,114, 29, 12, 62, 98, 65, 24, 33,
         122, 21, 22,  8, 16, 76, 41,115, 99, 72, 70, 23, 61, 39, 17, 13, 77,116,102, 49, 63, 38,121,110,103, 79, 27,
          32,117, 64,113,133, 51, 48, 71, 93, 89,129,126,124,125, 50, 86,130, 75, 34,  4, 31, 91,132, 66, 97, 54, 85,
          56, 15, 46, 52, 81,111,134,105, 45, 83, 19,  9)( 14, 87, 26, 40,112, 59)( 25, 92, 74,101, 57,120, 35)
        ( 80,100),
      q := (  2,108, 79, 38, 62, 55, 19, 11,117,134, 51, 93,109, 35, 37, 91, 69, 71, 48,127, 45,115, 57, 81, 90, 89,
          72,128, 66, 56,  5)(  3, 10, 77, 82, 67, 70, 42, 63, 27, 18, 25, 46,101, 99,129, 75, 28, 76, 24, 17,  4, 16,
         107, 21, 40, 86, 68,100,118, 29,  8, 31, 47,116, 54,113, 65, 41, 83, 43,111, 64, 85, 97,102,104,125,103,119,
          58, 34, 13,106, 49,123, 59,  6, 78, 14,114, 36,  9)( 12,121, 88, 80, 53, 98,133,105, 20, 87, 39, 33, 61, 26,
         22)( 15, 92,124, 73, 23,122, 44,130,126, 74, 52,120, 30, 32, 84)( 50,112, 94, 95,110)( 60,131, 96,132,135) ),
  rec(
      gadd := [ (  1, 55, 94, 14, 53, 92, 12, 51,105,  7, 46,100,  5, 59, 98,  3, 57, 96, 13, 52, 91, 11, 50,104,  9,
              48,102,  4, 58, 97,  2, 56, 95, 15, 54, 93, 10, 49,103,  8, 47,101,  6, 60, 99)( 16, 70,109, 29, 68,107,
             27, 66,120, 22, 61,115, 20, 74,113, 18, 72,111, 28, 67,106, 26, 65,119, 24, 63,117, 19, 73,112, 17, 71,
             110, 30, 69,108, 25, 64,118, 23, 62,116, 21, 75,114)( 31, 85,124, 44, 83,122, 42, 81,135, 37, 76,130, 35,
             89,128, 33, 87,126, 43, 82,121, 41, 80,134, 39, 78,132, 34, 88,127, 32, 86,125, 45, 84,123, 40, 79,133,
              38, 77,131, 36, 90,129), (  1, 69,134,  5, 70,123,  9, 74,124, 10, 63,128, 14, 64,132,  3, 68,133,  4,
              72,122,  8, 73,126, 12, 62,127, 13, 66,131,  2, 67,135,  6, 71,121,  7, 75,125, 11, 61,129, 15, 65,130)
            ( 16, 84,104, 20, 85, 93, 24, 89, 94, 25, 78, 98, 29, 79,102, 18, 83,103, 19, 87, 92, 23, 88, 96, 27, 77,
              97, 28, 81,101, 17, 82,105, 21, 86, 91, 22, 90, 95, 26, 76, 99, 30, 80,100)( 31, 54,119, 35, 55,108, 39,
             59,109, 40, 48,113, 44, 49,117, 33, 53,118, 34, 57,107, 38, 58,111, 42, 47,112, 43, 51,116, 32, 52,120,
              36, 56,106, 37, 60,110, 41, 46,114, 45, 50,115) ],
      gmul := [ (  1, 72,124, 14, 67,122, 12, 65,135,  7, 63,130,  5, 73,128,  3, 71,126, 13, 69,121, 11, 64,134,  9,
              62,132,  4, 75,127,  2, 70,125, 15, 68,123, 10, 66,133,  8, 61,131,  6, 74,129)( 16, 87, 94, 29, 82, 92,
             27, 80,105, 22, 78,100, 20, 88, 98, 18, 86, 96, 28, 84, 91, 26, 79,104, 24, 77,102, 19, 90, 97, 17, 85,
              95, 30, 83, 93, 25, 81,103, 23, 76,101, 21, 89, 99)( 31, 57,109, 44, 52,107, 42, 50,120, 37, 48,115, 35,
             58,113, 33, 56,111, 43, 54,106, 41, 49,119, 39, 47,117, 34, 60,112, 32, 55,110, 45, 53,108, 40, 51,118,
              38, 46,116, 36, 59,114), (  1, 90,116,  8, 79,108, 15, 86,112,  4, 78,119, 11, 82,111,  3, 89,115,  7,
              81,107, 14, 85,114,  6, 77,118, 10, 84,110,  2, 88,117,  9, 80,106, 13, 87,113,  5, 76,120, 12, 83,109)
            ( 16, 58,130, 23, 50,122, 30, 57,129, 19, 46,133, 26, 53,125, 18, 60,132, 22, 49,121, 29, 56,128, 21, 48,
             135, 25, 52,124, 17, 59,131, 24, 51,123, 28, 55,127, 20, 47,134, 27, 54,126)( 31, 74,102, 38, 66, 91, 45,
             70, 98, 34, 62,105, 41, 69, 94, 33, 73,101, 37, 65, 93, 44, 72, 97, 36, 61,104, 40, 68, 96, 32, 75,100,
              39, 64, 92, 43, 71, 99, 35, 63,103, 42, 67, 95) ],
      p := (  2, 17, 67, 39, 86, 80, 97,114,112,119, 35, 11, 23,  9)(  3, 61, 64, 43, 99,126,104, 53, 73,130, 60, 47,
         102, 74,  6, 31, 40, 78,125, 81,100, 75,116, 36, 91, 98,117,124, 79,  5)(  4,  7,122, 88, 28,121, 94, 96,135,
         109, 65,134,118,110, 45, 92,101, 58, 72, 42, 22, 13, 93, 19, 46, 25,128,120,103, 54, 69,113, 44, 24, 37, 83,
          82, 89,105, 57, 48, 20, 70, 38, 76, 34)(  8, 10, 77, 41, 29, 12, 16,123, 90, 30,107, 49, 27, 33,131, 59, 55,
         52,132, 51,108, 56, 68,127, 95, 21, 62, 71,106, 66, 14, 26)( 15, 18, 63)( 50,129,111,133),
      q := (  2, 31, 23, 11, 40,106,135, 90, 36, 48, 43, 55,102,124,120, 51, 76, 29,  8,  7, 61,134, 81, 54,132,103,
         100,126, 50, 72, 24, 26, 12, 32, 16, 63,  5)(  3,122,111, 65, 64, 20,128, 79, 15, 33, 67, 27, 18,123,109,133,
         104,101, 96, 66,  6, 17,131, 95, 45, 47, 52, 69, 86,119, 28, 62,127, 59, 99, 75, 83,117, 74, 14, 37,116, 30,
          77, 22,  4, 10,107,105, 97, 85,114, 87,112, 80, 57, 91, 56,130, 94, 58,129, 88, 35,  9)( 13, 46, 38,108, 98,
         82,110, 21,121, 60, 92, 53,125,118, 89, 49, 39,113, 19, 93, 44, 42, 41, 34)( 25, 70)( 68, 71, 78, 73)
        ( 84,115) ), rec(
      gadd := [ (  1, 81,113, 11, 88,108,  6, 83,115, 13, 78,110,  8, 85,120,  3, 80,112, 10, 90,107,  5, 82,117, 15,
              77,109,  7, 87,119,  2, 79,114, 12, 89,106,  4, 84,116, 14, 76,111,  9, 86,118)( 16, 51,128, 26, 58,123,
             21, 53,130, 28, 48,125, 23, 55,135, 18, 50,127, 25, 60,122, 20, 52,132, 30, 47,124, 22, 57,134, 17, 49,
             129, 27, 59,121, 19, 54,131, 29, 46,126, 24, 56,133)( 31, 66, 98, 41, 73, 93, 36, 68,100, 43, 63, 95, 38,
             70,105, 33, 65, 97, 40, 75, 92, 35, 67,102, 45, 62, 94, 37, 72,104, 32, 64, 99, 42, 74, 91, 34, 69,101,
              44, 61, 96, 39, 71,103), (  1,122, 61,  3,121, 63,  2,123, 62)(  4,125, 64,  6,124, 66,  5,126, 65)
            (  7,128, 67,  9,127, 69,  8,129, 68)( 10,131, 70, 12,130, 72, 11,132, 71)( 13,134, 73, 15,133, 75, 14,
             135, 74)( 16, 92, 76, 18, 91, 78, 17, 93, 77)( 19, 95, 79, 21, 94, 81, 20, 96, 80)( 22, 98, 82, 24, 97,
              84, 23, 99, 83)( 25,101, 85, 27,100, 87, 26,102, 86)( 28,104, 88, 30,103, 90, 29,105, 89)
            ( 31,107, 46, 33,106, 48, 32,108, 47)( 34,110, 49, 36,109, 51, 35,111, 50)( 37,113, 52, 39,112, 54, 38,
             114, 53)( 40,116, 55, 42,115, 57, 41,117, 56)( 43,119, 58, 45,118, 60, 44,120, 59) ],
      gmul := [ (  1, 51, 99, 11, 58, 91,  6, 53,101, 13, 48, 96,  8, 55,103,  3, 50, 98, 10, 60, 93,  5, 52,100, 15,
              47, 95,  7, 57,105,  2, 49, 97, 12, 59, 92,  4, 54,102, 14, 46, 94,  9, 56,104)( 16, 64,113, 26, 74,108,
             21, 69,115, 28, 61,110, 23, 71,120, 18, 66,112, 25, 73,107, 20, 68,117, 30, 63,109, 22, 70,119, 17, 65,
             114, 27, 75,106, 19, 67,116, 29, 62,111, 24, 72,118)( 31, 80,127, 41, 90,122, 36, 82,132, 43, 77,124, 38,
             87,134, 33, 79,129, 40, 89,121, 35, 84,131, 45, 76,126, 37, 86,133, 32, 81,128, 42, 88,123, 34, 83,130,
              44, 78,125, 39, 85,135), (  1,123, 62,  3,122, 61,  2,121, 63)(  4,126, 65,  6,125, 64,  5,124, 66)
            (  7,129, 68,  9,128, 67,  8,127, 69)( 10,132, 71, 12,131, 70, 11,130, 72)( 13,135, 74, 15,134, 73, 14,
             133, 75)( 16, 93, 77, 18, 92, 76, 17, 91, 78)( 19, 96, 80, 21, 95, 79, 20, 94, 81)( 22, 99, 83, 24, 98,
              82, 23, 97, 84)( 25,102, 86, 27,101, 85, 26,100, 87)( 28,105, 89, 30,104, 88, 29,103, 90)
            ( 31,108, 47, 33,107, 46, 32,106, 48)( 34,111, 50, 36,110, 49, 35,109, 51)( 37,114, 53, 39,113, 52, 38,
             112, 54)( 40,117, 56, 42,116, 55, 41,115, 57)( 43,120, 59, 45,119, 58, 44,118, 60) ],
      p := (  2, 33,131, 89,118, 95, 34,  4,  7,122, 59, 85, 56, 68,127,111,133, 80,113, 29, 12, 32, 17, 67, 24, 22,
          13,106, 66, 14, 42, 38, 47,115,100, 75,101, 88, 44, 37, 54, 69, 98,102, 74,  6, 16,123, 58, 72, 27, 18, 63,
          15, 31, 25,128,105, 87, 55, 82, 60, 77, 26,  8, 10, 48, 36,107, 79,  5,  3, 61, 64, 28,121,110, 30, 92,117,
         124, 50,129, 96,135, 94,109, 65,134,103, 84, 52,132, 81,116, 21, 62, 71, 91,114, 97, 99,126,120,119, 20, 70,
          23,  9)( 11, 39, 57, 78,125, 49, 40, 46, 41, 45,108, 86, 51, 93, 35)( 19, 76)( 43,112,104, 83, 53, 73,130,
          90),
      q := (  2, 16, 63,  5)(  3,122, 96, 66,  6, 33, 67, 40, 91, 86,104,117, 74, 14, 22,  4, 10, 92, 83,102,124,105,
         113, 35,  9)(  7, 61,134, 49, 24, 42, 26, 12, 17,131,111, 65, 64, 36, 78, 73, 68, 71, 46, 23, 11, 25, 70, 41,
         19,106,135, 58,129, 59,112, 51, 47, 82, 95, 30, 48, 28, 62,127, 89, 79, 15, 18,123, 94, 88, 20,128, 50, 72,
          37,101,109,133,120, 81, 84,100,126, 80, 87, 97, 56,130,110, 34, 13, 76, 45, 77, 38, 93, 29,  8)( 21,121, 90)
        ( 27, 31, 39, 98, 53,125,103,116, 43, 85, 99, 75, 54,132,119, 44)( 52, 69, 57,107,118, 60,108,114, 55,115) ), 
  rec(
      gadd := [ (  1, 18, 32)(  2, 16, 33)(  3, 17, 31)(  4, 21, 35)(  5, 19, 36)(  6, 20, 34)(  7, 24, 38)
            (  8, 22, 39)(  9, 23, 37)( 10, 27, 41)( 11, 25, 42)( 12, 26, 40)( 13, 30, 44)( 14, 28, 45)( 15, 29, 43)
            ( 46, 63, 77)( 47, 61, 78)( 48, 62, 76)( 49, 66, 80)( 50, 64, 81)( 51, 65, 79)( 52, 69, 83)( 53, 67, 84)
            ( 54, 68, 82)( 55, 72, 86)( 56, 70, 87)( 57, 71, 85)( 58, 75, 89)( 59, 73, 90)( 60, 74, 88)( 91,108,122)
            ( 92,106,123)( 93,107,121)( 94,111,125)( 95,109,126)( 96,110,124)( 97,114,128)( 98,112,129)( 99,113,127)
            (100,117,131)(101,115,132)(102,116,130)(103,120,134)(104,118,135)(105,119,133), 
          (  1,109, 83, 12,120, 76,  5,113, 87, 13,106, 80,  9,117, 88,  2,110, 84, 10,118, 77,  6,114, 85, 14,107,
              81,  7,115, 89,  3,111, 82, 11,119, 78,  4,112, 86, 15,108, 79,  8,116, 90)( 16,124, 53, 27,135, 46, 20,
             128, 57, 28,121, 50, 24,132, 58, 17,125, 54, 25,133, 47, 21,129, 55, 29,122, 51, 22,130, 59, 18,126, 52,
              26,134, 48, 19,127, 56, 30,123, 49, 23,131, 60)( 31, 94, 68, 42,105, 61, 35, 98, 72, 43, 91, 65, 39,102,
             73, 32, 95, 69, 40,103, 62, 36, 99, 70, 44, 92, 66, 37,100, 74, 33, 96, 67, 41,104, 63, 34, 97, 71, 45,
              93, 64, 38,101, 75) ],
      gmul := [ (  1, 32, 18)(  2, 33, 16)(  3, 31, 17)(  4, 35, 21)(  5, 36, 19)(  6, 34, 20)(  7, 38, 24)
            (  8, 39, 22)(  9, 37, 23)( 10, 41, 27)( 11, 42, 25)( 12, 40, 26)( 13, 44, 30)( 14, 45, 28)( 15, 43, 29)
            ( 46, 77, 63)( 47, 78, 61)( 48, 76, 62)( 49, 80, 66)( 50, 81, 64)( 51, 79, 65)( 52, 83, 69)( 53, 84, 67)
            ( 54, 82, 68)( 55, 86, 72)( 56, 87, 70)( 57, 85, 71)( 58, 89, 75)( 59, 90, 73)( 60, 88, 74)( 91,122,108)
            ( 92,123,106)( 93,121,107)( 94,125,111)( 95,126,109)( 96,124,110)( 97,128,114)( 98,129,112)( 99,127,113)
            (100,131,117)(101,132,115)(102,130,116)(103,134,120)(104,135,118)(105,133,119), 
          (  1, 68,105,  5, 72, 91,  9, 73, 95, 10, 62, 99, 14, 66,100,  3, 67,104,  4, 71, 93,  8, 75, 94, 12, 61,
              98, 13, 65,102,  2, 69,103,  6, 70, 92,  7, 74, 96, 11, 63, 97, 15, 64,101)( 16, 83,120, 20, 87,106, 24,
             88,110, 25, 77,114, 29, 81,115, 18, 82,119, 19, 86,108, 23, 90,109, 27, 76,113, 28, 80,117, 17, 84,118,
              21, 85,107, 22, 89,111, 26, 78,112, 30, 79,116)( 31, 53,135, 35, 57,121, 39, 58,125, 40, 47,129, 44, 51,
             130, 33, 52,134, 34, 56,123, 38, 60,124, 42, 46,128, 43, 50,132, 32, 54,133, 36, 55,122, 37, 59,126, 41,
              48,127, 45, 49,131) ],
      p := (  2, 61, 38,100, 65, 23, 33, 25, 40, 73,  6, 93, 83,130, 81,127, 89, 74, 27, 92, 84, 94, 57, 28, 12, 46,
          55, 15, 76,117, 21, 22,  8, 16, 62, 98, 87, 75, 96, 56,105,104, 44, 68,132,134,125, 59, 39,106, 30,102, 45,
          48, 72,107,120,133,119, 20, 99, 79, 26, 32,  4, 31,108, 29, 18, 37,121,118,111,131, 80,103,135,110,113,126,
          90, 54, 43, 82,112, 36, 97, 66,122,124, 60,129, 50, 64,114, 35, 17, 13, 63, 24,123,109,128, 51, 85,115, 95,
          49, 78,  5,  3,  7, 10, 91, 53, 77, 19,  9)( 11, 67, 42, 69, 34)( 14, 70, 41, 52, 71,101, 86, 58),
      q := (  2, 93,131,134, 89, 95,120, 81, 87, 94,112, 29, 32, 13, 91,116, 53,122, 90,115, 74, 38, 69, 28,  8, 31,
          46,114, 30, 67, 23, 17,  4, 16, 92,130,133, 50,105, 65, 42,100,104, 21, 40, 96,113, 88,126,124,109, 86,111,
          83, 84, 75, 73, 14, 99,135, 59, 26, 18, 25, 22, 12,108, 36, 72, 47,107, 49,121, 51,129,119, 45,106, 35, 33,
          37, 78, 15,123, 60, 85, 54, 19, 11,102, 20, 70, 24, 76, 52, 98,127,125,110, 56, 64, 55,  5)(  3, 10, 63, 41,
         117, 44,101,128,118, 58,  6, 61, 27, 62, 71, 68, 82, 57, 34,  9)( 39, 48, 97,103, 79)( 43,132, 80, 66, 77) ),
  rec(
      gadd := [ (  1, 65,129, 11, 75,121,  6, 67,131, 13, 62,126,  8, 72,133,  3, 64,128, 10, 74,123,  5, 69,130, 15,
              61,125,  7, 71,135,  2, 66,127, 12, 73,122,  4, 68,132, 14, 63,124,  9, 70,134)( 16, 80, 99, 26, 90, 91,
             21, 82,101, 28, 77, 96, 23, 87,103, 18, 79, 98, 25, 89, 93, 20, 84,100, 30, 76, 95, 22, 86,105, 17, 81,
              97, 27, 88, 92, 19, 83,102, 29, 78, 94, 24, 85,104)( 31, 50,114, 41, 60,106, 36, 52,116, 43, 47,111, 38,
             57,118, 33, 49,113, 40, 59,108, 35, 54,115, 45, 46,110, 37, 56,120, 32, 51,112, 42, 58,107, 34, 53,117,
              44, 48,109, 39, 55,119), (  1, 77,108,  2, 78,106,  3, 76,107)(  4, 80,111,  5, 81,109,  6, 79,110)
            (  7, 83,114,  8, 84,112,  9, 82,113)( 10, 86,117, 11, 87,115, 12, 85,116)( 13, 89,120, 14, 90,118, 15,
              88,119)( 16, 47,123, 17, 48,121, 18, 46,122)( 19, 50,126, 20, 51,124, 21, 49,125)( 22, 53,129, 23, 54,
             127, 24, 52,128)( 25, 56,132, 26, 57,130, 27, 55,131)( 28, 59,135, 29, 60,133, 30, 58,134)
            ( 31, 62, 93, 32, 63, 91, 33, 61, 92)( 34, 65, 96, 35, 66, 94, 36, 64, 95)( 37, 68, 99, 38, 69, 97, 39,
              67, 98)( 40, 71,102, 41, 72,100, 42, 70,101)( 43, 74,105, 44, 75,103, 45, 73,104) ],
      gmul := [ (  1, 50,113, 11, 60,108,  6, 52,115, 13, 47,110,  8, 57,120,  3, 49,112, 10, 59,107,  5, 54,117, 15,
              46,109,  7, 56,119,  2, 51,114, 12, 58,106,  4, 53,116, 14, 48,111,  9, 55,118)( 16, 65,128, 26, 75,123,
             21, 67,130, 28, 62,125, 23, 72,135, 18, 64,127, 25, 74,122, 20, 69,132, 30, 61,124, 22, 71,134, 17, 66,
             129, 27, 73,121, 19, 68,131, 29, 63,126, 24, 70,133)( 31, 80, 98, 41, 90, 93, 36, 82,100, 43, 77, 95, 38,
             87,105, 33, 79, 97, 40, 89, 92, 35, 84,102, 45, 76, 94, 37, 86,104, 32, 81, 99, 42, 88, 91, 34, 83,101,
              44, 78, 96, 39, 85,103), (  1, 67,103,  5, 71, 92,  9, 75, 96, 10, 61, 97, 14, 65,101,  3, 69,105,  4,
              70, 91,  8, 74, 95, 12, 63, 99, 13, 64,100,  2, 68,104,  6, 72, 93,  7, 73, 94, 11, 62, 98, 15, 66,102)
            ( 16, 82,118, 20, 86,107, 24, 90,111, 25, 76,112, 29, 80,116, 18, 84,120, 19, 85,106, 23, 89,110, 27, 78,
             114, 28, 79,115, 17, 83,119, 21, 87,108, 22, 88,109, 26, 77,113, 30, 81,117)( 31, 52,133, 35, 56,122, 39,
             60,126, 40, 46,127, 44, 50,131, 33, 54,135, 34, 55,121, 38, 59,125, 42, 48,129, 43, 49,130, 32, 53,134,
              36, 57,123, 37, 58,124, 41, 47,128, 45, 51,132) ],
      p := (  2, 61, 39, 17, 13, 63, 38,107, 44, 52, 64, 98, 49, 47, 68, 83, 19,  9)(  3,  7, 10, 91,115,128,118, 36,
          11, 67,114, 29, 12, 46, 82,117, 51, 78,  6, 93, 75, 34,  4, 31,123,126,110,135,125, 80,132, 50, 72, 57,105,
          45, 69,113,119,124,111,120, 35, 25,121, 95, 74,130, 59, 14, 70, 23, 48, 55, 43, 73, 42,106,133, 81, 96, 53,
          85, 86,116,131, 90, 94, 88,103, 65, 24, 33,108,104, 60, 54, 71,122, 21, 22,  8, 16, 62,127, 20, 99, 56, 15,
          76, 41,100, 66,129,109, 30, 18, 37, 77,101, 87, 26, 40, 97, 84,  5)( 27, 32,102, 79)( 28, 92, 58)( 89,112),
      q := (  2, 93, 94,124, 60,117,120, 30, 32, 67, 57, 64, 71, 78, 14, 99,112,126, 58, 34, 13, 91, 53,127, 45,100,
         103,104,111, 51,122, 44,116, 84, 15,121, 74, 82, 54, 98,119, 88, 66, 86, 52,105, 20, 70, 42, 47,101,128, 50,
          97,131,125,135, 90, 75, 28, 62, 85,129, 59,  6, 61, 26, 22, 12,107, 21, 40, 72,114, 36,  9,  3, 10, 63, 27,
          18, 25, 76, 24, 17,  4, 16, 92,110, 80, 83, 43, 96,115, 87, 39, 33, 48,113, 49,106, 79, 38, 46,130,109, 35,
          37,123, 89, 56,  5)(  8, 31, 77, 68,132,118, 29)( 11,102,133,134, 81, 73, 23,108, 65, 41, 69, 55, 19) ), 
  rec(
      gadd := [ (  1, 75,131,  8, 64,123, 15, 71,127,  4, 63,134, 11, 67,126,  3, 74,130,  7, 66,122, 14, 70,129,  6,
              62,133, 10, 69,125,  2, 73,132,  9, 65,121, 13, 72,128,  5, 61,135, 12, 68,124)( 16, 90,101, 23, 79, 93,
             30, 86, 97, 19, 78,104, 26, 82, 96, 18, 89,100, 22, 81, 92, 29, 85, 99, 21, 77,103, 25, 84, 95, 17, 88,
             102, 24, 80, 91, 28, 87, 98, 20, 76,105, 27, 83, 94)( 31, 60,116, 38, 49,108, 45, 56,112, 34, 48,119, 41,
             52,111, 33, 59,115, 37, 51,107, 44, 55,114, 36, 47,118, 40, 54,110, 32, 58,117, 39, 50,106, 43, 57,113,
              35, 46,120, 42, 53,109), (  1, 85,109, 14, 83,107, 12, 81,120,  7, 76,115,  5, 89,113,  3, 87,111, 13,
              82,106, 11, 80,119,  9, 78,117,  4, 88,112,  2, 86,110, 15, 84,108, 10, 79,118,  8, 77,116,  6, 90,114)
            ( 16, 55,124, 29, 53,122, 27, 51,135, 22, 46,130, 20, 59,128, 18, 57,126, 28, 52,121, 26, 50,134, 24, 48,
             132, 19, 58,127, 17, 56,125, 30, 54,123, 25, 49,133, 23, 47,131, 21, 60,129)( 31, 70, 94, 44, 68, 92, 42,
             66,105, 37, 61,100, 35, 74, 98, 33, 72, 96, 43, 67, 91, 41, 65,104, 39, 63,102, 34, 73, 97, 32, 71, 95,
              45, 69, 93, 40, 64,103, 38, 62,101, 36, 75, 99) ],
      gmul := [ (  1, 88,132,  8, 80,121, 15, 87,128,  4, 76,135, 11, 83,124,  3, 90,131,  7, 79,123, 14, 86,127,  6,
              78,134, 10, 82,126,  2, 89,130,  9, 81,122, 13, 85,129,  5, 77,133, 12, 84,125)( 16, 58,102, 23, 50, 91,
             30, 57, 98, 19, 46,105, 26, 53, 94, 18, 60,101, 22, 49, 93, 29, 56, 97, 21, 48,104, 25, 52, 96, 17, 59,
             100, 24, 51, 92, 28, 55, 99, 20, 47,103, 27, 54, 95)( 31, 73,117, 38, 65,106, 45, 72,113, 34, 61,120, 41,
             68,109, 33, 75,116, 37, 64,108, 44, 71,112, 36, 63,119, 40, 67,111, 32, 74,115, 39, 66,107, 43, 70,114,
              35, 62,118, 42, 69,110), (  1,106, 48,  3,108, 47,  2,107, 46)(  4,109, 51,  6,111, 50,  5,110, 49)
            (  7,112, 54,  9,114, 53,  8,113, 52)( 10,115, 57, 12,117, 56, 11,116, 55)( 13,118, 60, 15,120, 59, 14,
             119, 58)( 16,121, 63, 18,123, 62, 17,122, 61)( 19,124, 66, 21,126, 65, 20,125, 64)( 22,127, 69, 24,129,
              68, 23,128, 67)( 25,130, 72, 27,132, 71, 26,131, 70)( 28,133, 75, 30,135, 74, 29,134, 73)
            ( 31, 91, 78, 33, 93, 77, 32, 92, 76)( 34, 94, 81, 36, 96, 80, 35, 95, 79)( 37, 97, 84, 39, 99, 83, 38,
              98, 82)( 40,100, 87, 42,102, 86, 41,101, 85)( 43,103, 90, 45,105, 89, 44,104, 88) ],
      p := (  2, 61, 39, 17, 13, 63, 38,106,134,119,125, 81, 96, 54, 77,101, 79, 27, 32,102, 65, 24, 33,108,104, 59,
          14, 70, 23, 47, 68, 84,  5,  3,  7, 10, 91, 94, 88,103, 86,115,113,118,116, 50, 72, 42,100, 66,129,124,111,
         120, 35, 25,122, 21, 22,  8, 16, 62,128,133, 80,132, 51, 64, 98, 57,105, 45, 69,112, 90,130, 60, 53, 71, 56,
          15, 76, 41,121, 95, 74,131, 89,127, 20, 99, 49, 55, 43, 73,107, 44, 52, 85, 87, 26, 40, 97, 83, 19,  9)
