NCBRACES[85] := rec( total := -1, implemented := 1, size := 85, brace := [] 
);NCBRACES[85].brace[1] := rec ( size := 85, perms := [ [  (),  (),  ], [  (1, 
18, 35, 52, 69)(2, 19, 36, 53, 70)(3, 20, 37, 54, 71)(4, 21, 38, 55, 72)(5, 22, 
39, 56, 73)(6, 23, 40, 57, 74)(7, 24, 41, 58, 75)(8, 25, 42, 59, 76)(9, 26, 43, 
60, 77)(10, 27, 44, 61, 78)(11, 28, 45, 62, 79)(12, 29, 46, 63, 80)(13, 30, 47, 
64, 81)(14, 31, 48, 65, 82)(15, 32, 49, 66, 83)(16, 33, 50, 67, 84)(17, 34, 51, 
68, 85),  (1, 69, 52, 35, 18)(2, 70, 53, 36, 19)(3, 71, 54, 37, 20)(4, 72, 55, 
38, 21)(5, 73, 56, 39, 22)(6, 74, 57, 40, 23)(7, 75, 58, 41, 24)(8, 76, 59, 42, 
25)(9, 77, 60, 43, 26)(10, 78, 61, 44, 27)(11, 79, 62, 45, 28)(12, 80, 63, 46, 
29)(13, 81, 64, 47, 30)(14, 82, 65, 48, 31)(15, 83, 66, 49, 32)(16, 84, 67, 50, 
33)(17, 85, 68, 51, 34),  ], [  (1, 11, 4, 14, 7, 17, 10, 3, 13, 6, 16, 9, 2, 
12, 5, 15, 8)(18, 28, 21, 31, 24, 34, 27, 20, 30, 23, 33, 26, 19, 29, 22, 32, 
25)(35, 45, 38, 48, 41, 51, 44, 37, 47, 40, 50, 43, 36, 46, 39, 49, 42)(52, 62, 
55, 65, 58, 68, 61, 54, 64, 57, 67, 60, 53, 63, 56, 66, 59)(69, 79, 72, 82, 75, 
85, 78, 71, 81, 74, 84, 77, 70, 80, 73, 83, 76),  (1, 8, 15, 5, 12, 2, 9, 16, 6,
13, 3, 10, 17, 7, 14, 4, 11)(18, 25, 32, 22, 29, 19, 26, 33, 23, 30, 20, 27, 34,
24, 31, 21, 28)(35, 42, 49, 39, 46, 36, 43, 50, 40, 47, 37, 44, 51, 41, 48, 38, 
45)(52, 59, 66, 56, 63, 53, 60, 67, 57, 64, 54, 61, 68, 58, 65, 55, 62)(69, 76, 
83, 73, 80, 70, 77, 84, 74, 81, 71, 78, 85, 75, 82, 72, 79),  ], [  (1, 69, 52, 
35, 18)(2, 70, 53, 36, 19)(3, 71, 54, 37, 20)(4, 72, 55, 38, 21)(5, 73, 56, 39, 
22)(6, 74, 57, 40, 23)(7, 75, 58, 41, 24)(8, 76, 59, 42, 25)(9, 77, 60, 43, 
26)(10, 78, 61, 44, 27)(11, 79, 62, 45, 28)(12, 80, 63, 46, 29)(13, 81, 64, 47, 
30)(14, 82, 65, 48, 31)(15, 83, 66, 49, 32)(16, 84, 67, 50, 33)(17, 85, 68, 51, 
34),  (1, 18, 35, 52, 69)(2, 19, 36, 53, 70)(3, 20, 37, 54, 71)(4, 21, 38, 55, 
72)(5, 22, 39, 56, 73)(6, 23, 40, 57, 74)(7, 24, 41, 58, 75)(8, 25, 42, 59, 
76)(9, 26, 43, 60, 77)(10, 27, 44, 61, 78)(11, 28, 45, 62, 79)(12, 29, 46, 63, 
80)(13, 30, 47, 64, 81)(14, 31, 48, 65, 82)(15, 32, 49, 66, 83)(16, 33, 50, 67, 
84)(17, 34, 51, 68, 85),  ], [  (1, 8, 15, 5, 12, 2, 9, 16, 6, 13, 3, 10, 17, 7,
14, 4, 11)(18, 25, 32, 22, 29, 19, 26, 33, 23, 30, 20, 27, 34, 24, 31, 21, 
28)(35, 42, 49, 39, 46, 36, 43, 50, 40, 47, 37, 44, 51, 41, 48, 38, 45)(52, 59, 
66, 56, 63, 53, 60, 67, 57, 64, 54, 61, 68, 58, 65, 55, 62)(69, 76, 83, 73, 80, 
70, 77, 84, 74, 81, 71, 78, 85, 75, 82, 72, 79),  (1, 11, 4, 14, 7, 17, 10, 3, 
13, 6, 16, 9, 2, 12, 5, 15, 8)(18, 28, 21, 31, 24, 34, 27, 20, 30, 23, 33, 26, 
19, 29, 22, 32, 25)(35, 45, 38, 48, 41, 51, 44, 37, 47, 40, 50, 43, 36, 46, 39, 
49, 42)(52, 62, 55, 65, 58, 68, 61, 54, 64, 57, 67, 60, 53, 63, 56, 66, 59)(69, 
79, 72, 82, 75, 85, 78, 71, 81, 74, 84, 77, 70, 80, 73, 83, 76),  ], [  (1, 35, 
69, 18, 52)(2, 36, 70, 19, 53)(3, 37, 71, 20, 54)(4, 38, 72, 21, 55)(5, 39, 73, 
22, 56)(6, 40, 74, 23, 57)(7, 41, 75, 24, 58)(8, 42, 76, 25, 59)(9, 43, 77, 26, 
60)(10, 44, 78, 27, 61)(11, 45, 79, 28, 62)(12, 46, 80, 29, 63)(13, 47, 81, 30, 
64)(14, 48, 82, 31, 65)(15, 49, 83, 32, 66)(16, 50, 84, 33, 67)(17, 51, 85, 34, 
68),  (1, 52, 18, 69, 35)(2, 53, 19, 70, 36)(3, 54, 20, 71, 37)(4, 55, 21, 72, 
38)(5, 56, 22, 73, 39)(6, 57, 23, 74, 40)(7, 58, 24, 75, 41)(8, 59, 25, 76, 
42)(9, 60, 26, 77, 43)(10, 61, 27, 78, 44)(11, 62, 28, 79, 45)(12, 63, 29, 80, 
46)(13, 64, 30, 81, 47)(14, 65, 31, 82, 48)(15, 66, 32, 83, 49)(16, 67, 33, 84, 
50)(17, 68, 34, 85, 51),  ], [  (1, 28, 38, 65, 75, 17, 27, 37, 64, 74, 16, 26, 
36, 63, 73, 15, 25, 35, 62, 72, 14, 24, 51, 61, 71, 13, 23, 50, 60, 70, 12, 22, 
49, 59, 69, 11, 21, 48, 58, 85, 10, 20, 47, 57, 84, 9, 19, 46, 56, 83, 8, 18, 
45, 55, 82, 7, 34, 44, 54, 81, 6, 33, 43, 53, 80, 5, 32, 42, 52, 79, 4, 31, 41, 
68, 78, 3, 30, 40, 67, 77, 2, 29, 39, 66, 76),  (1, 76, 66, 39, 29, 2, 77, 67, 
40, 30, 3, 78, 68, 41, 31, 4, 79, 52, 42, 32, 5, 80, 53, 43, 33, 6, 81, 54, 44, 
34, 7, 82, 55, 45, 18, 8, 83, 56, 46, 19, 9, 84, 57, 47, 20, 10, 85, 58, 48, 21,
11, 69, 59, 49, 22, 12, 70, 60, 50, 23, 13, 71, 61, 51, 24, 14, 72, 62, 35, 25, 
15, 73, 63, 36, 26, 16, 74, 64, 37, 27, 17, 75, 65, 38, 28),  ], [  (1, 25, 49, 
56, 80, 2, 26, 50, 57, 81, 3, 27, 51, 58, 82, 4, 28, 35, 59, 83, 5, 29, 36, 60, 
84, 6, 30, 37, 61, 85, 7, 31, 38, 62, 69, 8, 32, 39, 63, 70, 9, 33, 40, 64, 71, 
10, 34, 41, 65, 72, 11, 18, 42, 66, 73, 12, 19, 43, 67, 74, 13, 20, 44, 68, 75, 
14, 21, 45, 52, 76, 15, 22, 46, 53, 77, 16, 23, 47, 54, 78, 17, 24, 48, 55, 79),
(1, 79, 55, 48, 24, 17, 78, 54, 47, 23, 16, 77, 53, 46, 22, 15, 76, 52, 45, 21, 
14, 75, 68, 44, 20, 13, 74, 67, 43, 19, 12, 73, 66, 42, 18, 11, 72, 65, 41, 34, 
10, 71, 64, 40, 33, 9, 70, 63, 39, 32, 8, 69, 62, 38, 31, 7, 85, 61, 37, 30, 6, 
84, 60, 36, 29, 5, 83, 59, 35, 28, 4, 82, 58, 51, 27, 3, 81, 57, 50, 26, 2, 80, 
56, 49, 25),  ], [  (1, 4, 7, 10, 13, 16, 2, 5, 8, 11, 14, 17, 3, 6, 9, 12, 
15)(18, 21, 24, 27, 30, 33, 19, 22, 25, 28, 31, 34, 20, 23, 26, 29, 32)(35, 38, 
41, 44, 47, 50, 36, 39, 42, 45, 48, 51, 37, 40, 43, 46, 49)(52, 55, 58, 61, 64, 
67, 53, 56, 59, 62, 65, 68, 54, 57, 60, 63, 66)(69, 72, 75, 78, 81, 84, 70, 73, 
76, 79, 82, 85, 71, 74, 77, 80, 83),  (1, 15, 12, 9, 6, 3, 17, 14, 11, 8, 5, 2, 
16, 13, 10, 7, 4)(18, 32, 29, 26, 23, 20, 34, 31, 28, 25, 22, 19, 33, 30, 27, 
24, 21)(35, 49, 46, 43, 40, 37, 51, 48, 45, 42, 39, 36, 50, 47, 44, 41, 38)(52, 
66, 63, 60, 57, 54, 68, 65, 62, 59, 56, 53, 67, 64, 61, 58, 55)(69, 83, 80, 77, 
74, 71, 85, 82, 79, 76, 73, 70, 84, 81, 78, 75, 72),  ], [  (1, 79, 55, 48, 24, 
17, 78, 54, 47, 23, 16, 77, 53, 46, 22, 15, 76, 52, 45, 21, 14, 75, 68, 44, 20, 
13, 74, 67, 43, 19, 12, 73, 66, 42, 18, 11, 72, 65, 41, 34, 10, 71, 64, 40, 33, 
9, 70, 63, 39, 32, 8, 69, 62, 38, 31, 7, 85, 61, 37, 30, 6, 84, 60, 36, 29, 5, 
83, 59, 35, 28, 4, 82, 58, 51, 27, 3, 81, 57, 50, 26, 2, 80, 56, 49, 25),  (1, 
25, 49, 56, 80, 2, 26, 50, 57, 81, 3, 27, 51, 58, 82, 4, 28, 35, 59, 83, 5, 29, 
36, 60, 84, 6, 30, 37, 61, 85, 7, 31, 38, 62, 69, 8, 32, 39, 63, 70, 9, 33, 40, 
64, 71, 10, 34, 41, 65, 72, 11, 18, 42, 66, 73, 12, 19, 43, 67, 74, 13, 20, 44, 
68, 75, 14, 21, 45, 52, 76, 15, 22, 46, 53, 77, 16, 23, 47, 54, 78, 17, 24, 48, 
55, 79),  ], [  (1, 52, 18, 69, 35)(2, 53, 19, 70, 36)(3, 54, 20, 71, 37)(4, 55,
21, 72, 38)(5, 56, 22, 73, 39)(6, 57, 23, 74, 40)(7, 58, 24, 75, 41)(8, 59, 25, 
76, 42)(9, 60, 26, 77, 43)(10, 61, 27, 78, 44)(11, 62, 28, 79, 45)(12, 63, 29, 
80, 46)(13, 64, 30, 81, 47)(14, 65, 31, 82, 48)(15, 66, 32, 83, 49)(16, 67, 33, 
84, 50)(17, 68, 34, 85, 51),  (1, 35, 69, 18, 52)(2, 36, 70, 19, 53)(3, 37, 71, 
20, 54)(4, 38, 72, 21, 55)(5, 39, 73, 22, 56)(6, 40, 74, 23, 57)(7, 41, 75, 24, 
58)(8, 42, 76, 25, 59)(9, 43, 77, 26, 60)(10, 44, 78, 27, 61)(11, 45, 79, 28, 
62)(12, 46, 80, 29, 63)(13, 47, 81, 30, 64)(14, 48, 82, 31, 65)(15, 49, 83, 32, 
66)(16, 50, 84, 33, 67)(17, 51, 85, 34, 68),  ], [  (1, 76, 66, 39, 29, 2, 77, 
67, 40, 30, 3, 78, 68, 41, 31, 4, 79, 52, 42, 32, 5, 80, 53, 43, 33, 6, 81, 54, 
44, 34, 7, 82, 55, 45, 18, 8, 83, 56, 46, 19, 9, 84, 57, 47, 20, 10, 85, 58, 48,
21, 11, 69, 59, 49, 22, 12, 70, 60, 50, 23, 13, 71, 61, 51, 24, 14, 72, 62, 35, 
25, 15, 73, 63, 36, 26, 16, 74, 64, 37, 27, 17, 75, 65, 38, 28),  (1, 28, 38, 
65, 75, 17, 27, 37, 64, 74, 16, 26, 36, 63, 73, 15, 25, 35, 62, 72, 14, 24, 51, 
61, 71, 13, 23, 50, 60, 70, 12, 22, 49, 59, 69, 11, 21, 48, 58, 85, 10, 20, 47, 
57, 84, 9, 19, 46, 56, 83, 8, 18, 45, 55, 82, 7, 34, 44, 54, 81, 6, 33, 43, 53, 
80, 5, 32, 42, 52, 79, 4, 31, 41, 68, 78, 3, 30, 40, 67, 77, 2, 29, 39, 66, 76),
], [  (1, 15, 12, 9, 6, 3, 17, 14, 11, 8, 5, 2, 16, 13, 10, 7, 4)(18, 32, 29, 
26, 23, 20, 34, 31, 28, 25, 22, 19, 33, 30, 27, 24, 21)(35, 49, 46, 43, 40, 37, 
51, 48, 45, 42, 39, 36, 50, 47, 44, 41, 38)(52, 66, 63, 60, 57, 54, 68, 65, 62, 
59, 56, 53, 67, 64, 61, 58, 55)(69, 83, 80, 77, 74, 71, 85, 82, 79, 76, 73, 70, 
84, 81, 78, 75, 72),  (1, 4, 7, 10, 13, 16, 2, 5, 8, 11, 14, 17, 3, 6, 9, 12, 
15)(18, 21, 24, 27, 30, 33, 19, 22, 25, 28, 31, 34, 20, 23, 26, 29, 32)(35, 38, 
41, 44, 47, 50, 36, 39, 42, 45, 48, 51, 37, 40, 43, 46, 49)(52, 55, 58, 61, 64, 
67, 53, 56, 59, 62, 65, 68, 54, 57, 60, 63, 66)(69, 72, 75, 78, 81, 84, 70, 73, 
76, 79, 82, 85, 71, 74, 77, 80, 83),  ], [  (1, 45, 72, 31, 58, 17, 44, 71, 30, 
57, 16, 43, 70, 29, 56, 15, 42, 69, 28, 55, 14, 41, 85, 27, 54, 13, 40, 84, 26, 
53, 12, 39, 83, 25, 52, 11, 38, 82, 24, 68, 10, 37, 81, 23, 67, 9, 36, 80, 22, 
66, 8, 35, 79, 21, 65, 7, 51, 78, 20, 64, 6, 50, 77, 19, 63, 5, 49, 76, 18, 62, 
4, 48, 75, 34, 61, 3, 47, 74, 33, 60, 2, 46, 73, 32, 59),  (1, 59, 32, 73, 46, 
2, 60, 33, 74, 47, 3, 61, 34, 75, 48, 4, 62, 18, 76, 49, 5, 63, 19, 77, 50, 6, 
64, 20, 78, 51, 7, 65, 21, 79, 35, 8, 66, 22, 80, 36, 9, 67, 23, 81, 37, 10, 68,
24, 82, 38, 11, 52, 25, 83, 39, 12, 53, 26, 84, 40, 13, 54, 27, 85, 41, 14, 55, 
28, 69, 42, 15, 56, 29, 70, 43, 16, 57, 30, 71, 44, 17, 58, 31, 72, 45),  ], [  
(1, 42, 83, 22, 63, 2, 43, 84, 23, 64, 3, 44, 85, 24, 65, 4, 45, 69, 25, 66, 5, 
46, 70, 26, 67, 6, 47, 71, 27, 68, 7, 48, 72, 28, 52, 8, 49, 73, 29, 53, 9, 50, 
74, 30, 54, 10, 51, 75, 31, 55, 11, 35, 76, 32, 56, 12, 36, 77, 33, 57, 13, 37, 
78, 34, 58, 14, 38, 79, 18, 59, 15, 39, 80, 19, 60, 16, 40, 81, 20, 61, 17, 41, 
82, 21, 62),  (1, 62, 21, 82, 41, 17, 61, 20, 81, 40, 16, 60, 19, 80, 39, 15, 
59, 18, 79, 38, 14, 58, 34, 78, 37, 13, 57, 33, 77, 36, 12, 56, 32, 76, 35, 11, 
55, 31, 75, 51, 10, 54, 30, 74, 50, 9, 53, 29, 73, 49, 8, 52, 28, 72, 48, 7, 68,
27, 71, 47, 6, 67, 26, 70, 46, 5, 66, 25, 69, 45, 4, 65, 24, 85, 44, 3, 64, 23, 
84, 43, 2, 63, 22, 83, 42),  ], [  (1, 21, 41, 61, 81, 16, 19, 39, 59, 79, 14, 
34, 37, 57, 77, 12, 32, 35, 55, 75, 10, 30, 50, 53, 73, 8, 28, 48, 68, 71, 6, 
26, 46, 66, 69, 4, 24, 44, 64, 84, 2, 22, 42, 62, 82, 17, 20, 40, 60, 80, 15, 
18, 38, 58, 78, 13, 33, 36, 56, 76, 11, 31, 51, 54, 74, 9, 29, 49, 52, 72, 7, 
27, 47, 67, 70, 5, 25, 45, 65, 85, 3, 23, 43, 63, 83),  (1, 83, 63, 43, 23, 3, 
85, 65, 45, 25, 5, 70, 67, 47, 27, 7, 72, 52, 49, 29, 9, 74, 54, 51, 31, 11, 76,
56, 36, 33, 13, 78, 58, 38, 18, 15, 80, 60, 40, 20, 17, 82, 62, 42, 22, 2, 84, 
64, 44, 24, 4, 69, 66, 46, 26, 6, 71, 68, 48, 28, 8, 73, 53, 50, 30, 10, 75, 55,
35, 32, 12, 77, 57, 37, 34, 14, 79, 59, 39, 19, 16, 81, 61, 41, 21),  ], [  (1, 
32, 46, 60, 74, 3, 34, 48, 62, 76, 5, 19, 50, 64, 78, 7, 21, 35, 66, 80, 9, 23, 
37, 68, 82, 11, 25, 39, 53, 84, 13, 27, 41, 55, 69, 15, 29, 43, 57, 71, 17, 31, 
45, 59, 73, 2, 33, 47, 61, 75, 4, 18, 49, 63, 77, 6, 20, 51, 65, 79, 8, 22, 36, 
67, 81, 10, 24, 38, 52, 83, 12, 26, 40, 54, 85, 14, 28, 42, 56, 70, 16, 30, 44, 
58, 72),  (1, 72, 58, 44, 30, 16, 70, 56, 42, 28, 14, 85, 54, 40, 26, 12, 83, 
52, 38, 24, 10, 81, 67, 36, 22, 8, 79, 65, 51, 20, 6, 77, 63, 49, 18, 4, 75, 61,
47, 33, 2, 73, 59, 45, 31, 17, 71, 57, 43, 29, 15, 69, 55, 41, 27, 13, 84, 53, 
39, 25, 11, 82, 68, 37, 23, 9, 80, 66, 35, 21, 7, 78, 64, 50, 19, 5, 76, 62, 48,
34, 3, 74, 60, 46, 32),  ], [  (1, 14, 10, 6, 2, 15, 11, 7, 3, 16, 12, 8, 4, 17,
13, 9, 5)(18, 31, 27, 23, 19, 32, 28, 24, 20, 33, 29, 25, 21, 34, 30, 26, 
22)(35, 48, 44, 40, 36, 49, 45, 41, 37, 50, 46, 42, 38, 51, 47, 43, 39)(52, 65, 
61, 57, 53, 66, 62, 58, 54, 67, 63, 59, 55, 68, 64, 60, 56)(69, 82, 78, 74, 70, 
83, 79, 75, 71, 84, 80, 76, 72, 85, 81, 77, 73),  (1, 5, 9, 13, 17, 4, 8, 12, 
16, 3, 7, 11, 15, 2, 6, 10, 14)(18, 22, 26, 30, 34, 21, 25, 29, 33, 20, 24, 28, 
32, 19, 23, 27, 31)(35, 39, 43, 47, 51, 38, 42, 46, 50, 37, 41, 45, 49, 36, 40, 
44, 48)(52, 56, 60, 64, 68, 55, 59, 63, 67, 54, 58, 62, 66, 53, 57, 61, 65)(69, 
73, 77, 81, 85, 72, 76, 80, 84, 71, 75, 79, 83, 70, 74, 78, 82),  ], [  (1, 72, 
58, 44, 30, 16, 70, 56, 42, 28, 14, 85, 54, 40, 26, 12, 83, 52, 38, 24, 10, 81, 
67, 36, 22, 8, 79, 65, 51, 20, 6, 77, 63, 49, 18, 4, 75, 61, 47, 33, 2, 73, 59, 
45, 31, 17, 71, 57, 43, 29, 15, 69, 55, 41, 27, 13, 84, 53, 39, 25, 11, 82, 68, 
37, 23, 9, 80, 66, 35, 21, 7, 78, 64, 50, 19, 5, 76, 62, 48, 34, 3, 74, 60, 46, 
32),  (1, 32, 46, 60, 74, 3, 34, 48, 62, 76, 5, 19, 50, 64, 78, 7, 21, 35, 66, 
80, 9, 23, 37, 68, 82, 11, 25, 39, 53, 84, 13, 27, 41, 55, 69, 15, 29, 43, 57, 
71, 17, 31, 45, 59, 73, 2, 33, 47, 61, 75, 4, 18, 49, 63, 77, 6, 20, 51, 65, 79,
8, 22, 36, 67, 81, 10, 24, 38, 52, 83, 12, 26, 40, 54, 85, 14, 28, 42, 56, 70, 
16, 30, 44, 58, 72),  ], [  (1, 62, 21, 82, 41, 17, 61, 20, 81, 40, 16, 60, 19, 
80, 39, 15, 59, 18, 79, 38, 14, 58, 34, 78, 37, 13, 57, 33, 77, 36, 12, 56, 32, 
76, 35, 11, 55, 31, 75, 51, 10, 54, 30, 74, 50, 9, 53, 29, 73, 49, 8, 52, 28, 
72, 48, 7, 68, 27, 71, 47, 6, 67, 26, 70, 46, 5, 66, 25, 69, 45, 4, 65, 24, 85, 
44, 3, 64, 23, 84, 43, 2, 63, 22, 83, 42),  (1, 42, 83, 22, 63, 2, 43, 84, 23, 
64, 3, 44, 85, 24, 65, 4, 45, 69, 25, 66, 5, 46, 70, 26, 67, 6, 47, 71, 27, 68, 
7, 48, 72, 28, 52, 8, 49, 73, 29, 53, 9, 50, 74, 30, 54, 10, 51, 75, 31, 55, 11,
35, 76, 32, 56, 12, 36, 77, 33, 57, 13, 37, 78, 34, 58, 14, 38, 79, 18, 59, 15, 
39, 80, 19, 60, 16, 40, 81, 20, 61, 17, 41, 82, 21, 62),  ], [  (1, 59, 32, 73, 
46, 2, 60, 33, 74, 47, 3, 61, 34, 75, 48, 4, 62, 18, 76, 49, 5, 63, 19, 77, 50, 
6, 64, 20, 78, 51, 7, 65, 21, 79, 35, 8, 66, 22, 80, 36, 9, 67, 23, 81, 37, 10, 
68, 24, 82, 38, 11, 52, 25, 83, 39, 12, 53, 26, 84, 40, 13, 54, 27, 85, 41, 14, 
55, 28, 69, 42, 15, 56, 29, 70, 43, 16, 57, 30, 71, 44, 17, 58, 31, 72, 45),  
(1, 45, 72, 31, 58, 17, 44, 71, 30, 57, 16, 43, 70, 29, 56, 15, 42, 69, 28, 55, 
14, 41, 85, 27, 54, 13, 40, 84, 26, 53, 12, 39, 83, 25, 52, 11, 38, 82, 24, 68, 
10, 37, 81, 23, 67, 9, 36, 80, 22, 66, 8, 35, 79, 21, 65, 7, 51, 78, 20, 64, 6, 
50, 77, 19, 63, 5, 49, 76, 18, 62, 4, 48, 75, 34, 61, 3, 47, 74, 33, 60, 2, 46, 
73, 32, 59),  ], [  (1, 83, 63, 43, 23, 3, 85, 65, 45, 25, 5, 70, 67, 47, 27, 7,
72, 52, 49, 29, 9, 74, 54, 51, 31, 11, 76, 56, 36, 33, 13, 78, 58, 38, 18, 15, 
80, 60, 40, 20, 17, 82, 62, 42, 22, 2, 84, 64, 44, 24, 4, 69, 66, 46, 26, 6, 71,
68, 48, 28, 8, 73, 53, 50, 30, 10, 75, 55, 35, 32, 12, 77, 57, 37, 34, 14, 79, 
59, 39, 19, 16, 81, 61, 41, 21),  (1, 21, 41, 61, 81, 16, 19, 39, 59, 79, 14, 
34, 37, 57, 77, 12, 32, 35, 55, 75, 10, 30, 50, 53, 73, 8, 28, 48, 68, 71, 6, 
26, 46, 66, 69, 4, 24, 44, 64, 84, 2, 22, 42, 62, 82, 17, 20, 40, 60, 80, 15, 
18, 38, 58, 78, 13, 33, 36, 56, 76, 11, 31, 51, 54, 74, 9, 29, 49, 52, 72, 7, 
27, 47, 67, 70, 5, 25, 45, 65, 85, 3, 23, 43, 63, 83),  ], [  (1, 5, 9, 13, 17, 
4, 8, 12, 16, 3, 7, 11, 15, 2, 6, 10, 14)(18, 22, 26, 30, 34, 21, 25, 29, 33, 
20, 24, 28, 32, 19, 23, 27, 31)(35, 39, 43, 47, 51, 38, 42, 46, 50, 37, 41, 45, 
49, 36, 40, 44, 48)(52, 56, 60, 64, 68, 55, 59, 63, 67, 54, 58, 62, 66, 53, 57, 
61, 65)(69, 73, 77, 81, 85, 72, 76, 80, 84, 71, 75, 79, 83, 70, 74, 78, 82),  
(1, 14, 10, 6, 2, 15, 11, 7, 3, 16, 12, 8, 4, 17, 13, 9, 5)(18, 31, 27, 23, 19, 
32, 28, 24, 20, 33, 29, 25, 21, 34, 30, 26, 22)(35, 48, 44, 40, 36, 49, 45, 41, 
37, 50, 46, 42, 38, 51, 47, 43, 39)(52, 65, 61, 57, 53, 66, 62, 58, 54, 67, 63, 
59, 55, 68, 64, 60, 56)(69, 82, 78, 74, 70, 83, 79, 75, 71, 84, 80, 76, 72, 85, 
81, 77, 73),  ], [  (1, 38, 75, 27, 64, 16, 36, 73, 25, 62, 14, 51, 71, 23, 60, 
12, 49, 69, 21, 58, 10, 47, 84, 19, 56, 8, 45, 82, 34, 54, 6, 43, 80, 32, 52, 4,
41, 78, 30, 67, 2, 39, 76, 28, 65, 17, 37, 74, 26, 63, 15, 35, 72, 24, 61, 13, 
50, 70, 22, 59, 11, 48, 85, 20, 57, 9, 46, 83, 18, 55, 7, 44, 81, 33, 53, 5, 42,
79, 31, 68, 3, 40, 77, 29, 66),  (1, 66, 29, 77, 40, 3, 68, 31, 79, 42, 5, 53, 
33, 81, 44, 7, 55, 18, 83, 46, 9, 57, 20, 85, 48, 11, 59, 22, 70, 50, 13, 61, 
24, 72, 35, 15, 63, 26, 74, 37, 17, 65, 28, 76, 39, 2, 67, 30, 78, 41, 4, 52, 
32, 80, 43, 6, 54, 34, 82, 45, 8, 56, 19, 84, 47, 10, 58, 21, 69, 49, 12, 60, 
23, 71, 51, 14, 62, 25, 73, 36, 16, 64, 27, 75, 38),  ], [  (1, 49, 80, 26, 57, 
3, 51, 82, 28, 59, 5, 36, 84, 30, 61, 7, 38, 69, 32, 63, 9, 40, 71, 34, 65, 11, 
42, 73, 19, 67, 13, 44, 75, 21, 52, 15, 46, 77, 23, 54, 17, 48, 79, 25, 56, 2, 
50, 81, 27, 58, 4, 35, 83, 29, 60, 6, 37, 85, 31, 62, 8, 39, 70, 33, 64, 10, 41,
72, 18, 66, 12, 43, 74, 20, 68, 14, 45, 76, 22, 53, 16, 47, 78, 24, 55),  (1, 
55, 24, 78, 47, 16, 53, 22, 76, 45, 14, 68, 20, 74, 43, 12, 66, 18, 72, 41, 10, 
64, 33, 70, 39, 8, 62, 31, 85, 37, 6, 60, 29, 83, 35, 4, 58, 27, 81, 50, 2, 56, 
25, 79, 48, 17, 54, 23, 77, 46, 15, 52, 21, 75, 44, 13, 67, 19, 73, 42, 11, 65, 
34, 71, 40, 9, 63, 32, 69, 38, 7, 61, 30, 84, 36, 5, 59, 28, 82, 51, 3, 57, 26, 
80, 49),  ], [  (1, 31, 44, 57, 70, 15, 28, 41, 54, 84, 12, 25, 38, 68, 81, 9, 
22, 35, 65, 78, 6, 19, 49, 62, 75, 3, 33, 46, 59, 72, 17, 30, 43, 56, 69, 14, 
27, 40, 53, 83, 11, 24, 37, 67, 80, 8, 21, 51, 64, 77, 5, 18, 48, 61, 74, 2, 32,
45, 58, 71, 16, 29, 42, 55, 85, 13, 26, 39, 52, 82, 10, 23, 36, 66, 79, 7, 20, 
50, 63, 76, 4, 34, 47, 60, 73),  (1, 73, 60, 47, 34, 4, 76, 63, 50, 20, 7, 79, 
66, 36, 23, 10, 82, 52, 39, 26, 13, 85, 55, 42, 29, 16, 71, 58, 45, 32, 2, 74, 
61, 48, 18, 5, 77, 64, 51, 21, 8, 80, 67, 37, 24, 11, 83, 53, 40, 27, 14, 69, 
56, 43, 30, 17, 72, 59, 46, 33, 3, 75, 62, 49, 19, 6, 78, 65, 35, 22, 9, 81, 68,
38, 25, 12, 84, 54, 41, 28, 15, 70, 57, 44, 31),  ], [  (1, 22, 43, 64, 85, 4, 
25, 46, 67, 71, 7, 28, 49, 53, 74, 10, 31, 35, 56, 77, 13, 34, 38, 59, 80, 16, 
20, 41, 62, 83, 2, 23, 44, 65, 69, 5, 26, 47, 68, 72, 8, 29, 50, 54, 75, 11, 32,
36, 57, 78, 14, 18, 39, 60, 81, 17, 21, 42, 63, 84, 3, 24, 45, 66, 70, 6, 27, 
48, 52, 73, 9, 30, 51, 55, 76, 12, 33, 37, 58, 79, 15, 19, 40, 61, 82),  (1, 82,
61, 40, 19, 15, 79, 58, 37, 33, 12, 76, 55, 51, 30, 9, 73, 52, 48, 27, 6, 70, 
66, 45, 24, 3, 84, 63, 42, 21, 17, 81, 60, 39, 18, 14, 78, 57, 36, 32, 11, 75, 
54, 50, 29, 8, 72, 68, 47, 26, 5, 69, 65, 44, 23, 2, 83, 62, 41, 20, 16, 80, 59,
38, 34, 13, 77, 56, 35, 31, 10, 74, 53, 49, 28, 7, 71, 67, 46, 25, 4, 85, 64, 
43, 22),  ], [  (1, 7, 13, 2, 8, 14, 3, 9, 15, 4, 10, 16, 5, 11, 17, 6, 12)(18, 
24, 30, 19, 25, 31, 20, 26, 32, 21, 27, 33, 22, 28, 34, 23, 29)(35, 41, 47, 36, 
42, 48, 37, 43, 49, 38, 44, 50, 39, 45, 51, 40, 46)(52, 58, 64, 53, 59, 65, 54, 
60, 66, 55, 61, 67, 56, 62, 68, 57, 63)(69, 75, 81, 70, 76, 82, 71, 77, 83, 72, 
78, 84, 73, 79, 85, 74, 80),  (1, 12, 6, 17, 11, 5, 16, 10, 4, 15, 9, 3, 14, 8, 
2, 13, 7)(18, 29, 23, 34, 28, 22, 33, 27, 21, 32, 26, 20, 31, 25, 19, 30, 
24)(35, 46, 40, 51, 45, 39, 50, 44, 38, 49, 43, 37, 48, 42, 36, 47, 41)(52, 63, 
57, 68, 62, 56, 67, 61, 55, 66, 60, 54, 65, 59, 53, 64, 58)(69, 80, 74, 85, 79, 
73, 84, 78, 72, 83, 77, 71, 82, 76, 70, 81, 75),  ], [  (1, 82, 61, 40, 19, 15, 
79, 58, 37, 33, 12, 76, 55, 51, 30, 9, 73, 52, 48, 27, 6, 70, 66, 45, 24, 3, 84,
63, 42, 21, 17, 81, 60, 39, 18, 14, 78, 57, 36, 32, 11, 75, 54, 50, 29, 8, 72, 
68, 47, 26, 5, 69, 65, 44, 23, 2, 83, 62, 41, 20, 16, 80, 59, 38, 34, 13, 77, 
56, 35, 31, 10, 74, 53, 49, 28, 7, 71, 67, 46, 25, 4, 85, 64, 43, 22),  (1, 22, 
43, 64, 85, 4, 25, 46, 67, 71, 7, 28, 49, 53, 74, 10, 31, 35, 56, 77, 13, 34, 
38, 59, 80, 16, 20, 41, 62, 83, 2, 23, 44, 65, 69, 5, 26, 47, 68, 72, 8, 29, 50,
54, 75, 11, 32, 36, 57, 78, 14, 18, 39, 60, 81, 17, 21, 42, 63, 84, 3, 24, 45, 
66, 70, 6, 27, 48, 52, 73, 9, 30, 51, 55, 76, 12, 33, 37, 58, 79, 15, 19, 40, 
61, 82),  ], [  (1, 55, 24, 78, 47, 16, 53, 22, 76, 45, 14, 68, 20, 74, 43, 12, 
66, 18, 72, 41, 10, 64, 33, 70, 39, 8, 62, 31, 85, 37, 6, 60, 29, 83, 35, 4, 58,
27, 81, 50, 2, 56, 25, 79, 48, 17, 54, 23, 77, 46, 15, 52, 21, 75, 44, 13, 67, 
19, 73, 42, 11, 65, 34, 71, 40, 9, 63, 32, 69, 38, 7, 61, 30, 84, 36, 5, 59, 28,
82, 51, 3, 57, 26, 80, 49),  (1, 49, 80, 26, 57, 3, 51, 82, 28, 59, 5, 36, 84, 
30, 61, 7, 38, 69, 32, 63, 9, 40, 71, 34, 65, 11, 42, 73, 19, 67, 13, 44, 75, 
21, 52, 15, 46, 77, 23, 54, 17, 48, 79, 25, 56, 2, 50, 81, 27, 58, 4, 35, 83, 
29, 60, 6, 37, 85, 31, 62, 8, 39, 70, 33, 64, 10, 41, 72, 18, 66, 12, 43, 74, 
20, 68, 14, 45, 76, 22, 53, 16, 47, 78, 24, 55),  ], [  (1, 66, 29, 77, 40, 3, 
68, 31, 79, 42, 5, 53, 33, 81, 44, 7, 55, 18, 83, 46, 9, 57, 20, 85, 48, 11, 59,
22, 70, 50, 13, 61, 24, 72, 35, 15, 63, 26, 74, 37, 17, 65, 28, 76, 39, 2, 67, 
30, 78, 41, 4, 52, 32, 80, 43, 6, 54, 34, 82, 45, 8, 56, 19, 84, 47, 10, 58, 21,
69, 49, 12, 60, 23, 71, 51, 14, 62, 25, 73, 36, 16, 64, 27, 75, 38),  (1, 38, 
75, 27, 64, 16, 36, 73, 25, 62, 14, 51, 71, 23, 60, 12, 49, 69, 21, 58, 10, 47, 
84, 19, 56, 8, 45, 82, 34, 54, 6, 43, 80, 32, 52, 4, 41, 78, 30, 67, 2, 39, 76, 
28, 65, 17, 37, 74, 26, 63, 15, 35, 72, 24, 61, 13, 50, 70, 22, 59, 11, 48, 85, 
20, 57, 9, 46, 83, 18, 55, 7, 44, 81, 33, 53, 5, 42, 79, 31, 68, 3, 40, 77, 29, 
66),  ], [  (1, 73, 60, 47, 34, 4, 76, 63, 50, 20, 7, 79, 66, 36, 23, 10, 82, 
52, 39, 26, 13, 85, 55, 42, 29, 16, 71, 58, 45, 32, 2, 74, 61, 48, 18, 5, 77, 
64, 51, 21, 8, 80, 67, 37, 24, 11, 83, 53, 40, 27, 14, 69, 56, 43, 30, 17, 72, 
59, 46, 33, 3, 75, 62, 49, 19, 6, 78, 65, 35, 22, 9, 81, 68, 38, 25, 12, 84, 54,
41, 28, 15, 70, 57, 44, 31),  (1, 31, 44, 57, 70, 15, 28, 41, 54, 84, 12, 25, 
38, 68, 81, 9, 22, 35, 65, 78, 6, 19, 49, 62, 75, 3, 33, 46, 59, 72, 17, 30, 43,
56, 69, 14, 27, 40, 53, 83, 11, 24, 37, 67, 80, 8, 21, 51, 64, 77, 5, 18, 48, 
61, 74, 2, 32, 45, 58, 71, 16, 29, 42, 55, 85, 13, 26, 39, 52, 82, 10, 23, 36, 
66, 79, 7, 20, 50, 63, 76, 4, 34, 47, 60, 73),  ], [  (1, 12, 6, 17, 11, 5, 16, 
10, 4, 15, 9, 3, 14, 8, 2, 13, 7)(18, 29, 23, 34, 28, 22, 33, 27, 21, 32, 26, 
20, 31, 25, 19, 30, 24)(35, 46, 40, 51, 45, 39, 50, 44, 38, 49, 43, 37, 48, 42, 
36, 47, 41)(52, 63, 57, 68, 62, 56, 67, 61, 55, 66, 60, 54, 65, 59, 53, 64, 
58)(69, 80, 74, 85, 79, 73, 84, 78, 72, 83, 77, 71, 82, 76, 70, 81, 75),  (1, 7,
13, 2, 8, 14, 3, 9, 15, 4, 10, 16, 5, 11, 17, 6, 12)(18, 24, 30, 19, 25, 31, 20,
26, 32, 21, 27, 33, 22, 28, 34, 23, 29)(35, 41, 47, 36, 42, 48, 37, 43, 49, 38, 
44, 50, 39, 45, 51, 40, 46)(52, 58, 64, 53, 59, 65, 54, 60, 66, 55, 61, 67, 56, 
62, 68, 57, 63)(69, 75, 81, 70, 76, 82, 71, 77, 83, 72, 78, 84, 73, 79, 85, 74, 
80),  ], [  (1, 48, 78, 23, 53, 15, 45, 75, 20, 67, 12, 42, 72, 34, 64, 9, 39, 
69, 31, 61, 6, 36, 83, 28, 58, 3, 50, 80, 25, 55, 17, 47, 77, 22, 52, 14, 44, 
74, 19, 66, 11, 41, 71, 33, 63, 8, 38, 85, 30, 60, 5, 35, 82, 27, 57, 2, 49, 79,
24, 54, 16, 46, 76, 21, 68, 13, 43, 73, 18, 65, 10, 40, 70, 32, 62, 7, 37, 84, 
29, 59, 4, 51, 81, 26, 56),  (1, 56, 26, 81, 51, 4, 59, 29, 84, 37, 7, 62, 32, 
70, 40, 10, 65, 18, 73, 43, 13, 68, 21, 76, 46, 16, 54, 24, 79, 49, 2, 57, 27, 
82, 35, 5, 60, 30, 85, 38, 8, 63, 33, 71, 41, 11, 66, 19, 74, 44, 14, 52, 22, 
77, 47, 17, 55, 25, 80, 50, 3, 58, 28, 83, 36, 6, 61, 31, 69, 39, 9, 64, 34, 72,
42, 12, 67, 20, 75, 45, 15, 53, 23, 78, 48),  ], [  (1, 39, 77, 30, 68, 4, 42, 
80, 33, 54, 7, 45, 83, 19, 57, 10, 48, 69, 22, 60, 13, 51, 72, 25, 63, 16, 37, 
75, 28, 66, 2, 40, 78, 31, 52, 5, 43, 81, 34, 55, 8, 46, 84, 20, 58, 11, 49, 70,
23, 61, 14, 35, 73, 26, 64, 17, 38, 76, 29, 67, 3, 41, 79, 32, 53, 6, 44, 82, 
18, 56, 9, 47, 85, 21, 59, 12, 50, 71, 24, 62, 15, 36, 74, 27, 65),  (1, 65, 27,
74, 36, 15, 62, 24, 71, 50, 12, 59, 21, 85, 47, 9, 56, 18, 82, 44, 6, 53, 32, 
79, 41, 3, 67, 29, 76, 38, 17, 64, 26, 73, 35, 14, 61, 23, 70, 49, 11, 58, 20, 
84, 46, 8, 55, 34, 81, 43, 5, 52, 31, 78, 40, 2, 66, 28, 75, 37, 16, 63, 25, 72,
51, 13, 60, 22, 69, 48, 10, 57, 19, 83, 45, 7, 54, 33, 80, 42, 4, 68, 30, 77, 
39),  ], [  (1, 24, 47, 53, 76, 14, 20, 43, 66, 72, 10, 33, 39, 62, 85, 6, 29, 
35, 58, 81, 2, 25, 48, 54, 77, 15, 21, 44, 67, 73, 11, 34, 40, 63, 69, 7, 30, 
36, 59, 82, 3, 26, 49, 55, 78, 16, 22, 45, 68, 74, 12, 18, 41, 64, 70, 8, 31, 
37, 60, 83, 4, 27, 50, 56, 79, 17, 23, 46, 52, 75, 13, 19, 42, 65, 71, 9, 32, 
38, 61, 84, 5, 28, 51, 57, 80),  (1, 80, 57, 51, 28, 5, 84, 61, 38, 32, 9, 71, 
65, 42, 19, 13, 75, 52, 46, 23, 17, 79, 56, 50, 27, 4, 83, 60, 37, 31, 8, 70, 
64, 41, 18, 12, 74, 68, 45, 22, 16, 78, 55, 49, 26, 3, 82, 59, 36, 30, 7, 69, 
63, 40, 34, 11, 73, 67, 44, 21, 15, 77, 54, 48, 25, 2, 81, 58, 35, 29, 6, 85, 
62, 39, 33, 10, 72, 66, 43, 20, 14, 76, 53, 47, 24),  ], [  (1, 29, 40, 68, 79, 
5, 33, 44, 55, 83, 9, 20, 48, 59, 70, 13, 24, 35, 63, 74, 17, 28, 39, 67, 78, 4,
32, 43, 54, 82, 8, 19, 47, 58, 69, 12, 23, 51, 62, 73, 16, 27, 38, 66, 77, 3, 
31, 42, 53, 81, 7, 18, 46, 57, 85, 11, 22, 50, 61, 72, 15, 26, 37, 65, 76, 2, 
30, 41, 52, 80, 6, 34, 45, 56, 84, 10, 21, 49, 60, 71, 14, 25, 36, 64, 75),  (1,
75, 64, 36, 25, 14, 71, 60, 49, 21, 10, 84, 56, 45, 34, 6, 80, 52, 41, 30, 2, 
76, 65, 37, 26, 15, 72, 61, 50, 22, 11, 85, 57, 46, 18, 7, 81, 53, 42, 31, 3, 
77, 66, 38, 27, 16, 73, 62, 51, 23, 12, 69, 58, 47, 19, 8, 82, 54, 43, 32, 4, 
78, 67, 39, 28, 17, 74, 63, 35, 24, 13, 70, 59, 48, 20, 9, 83, 55, 44, 33, 5, 
79, 68, 40, 29),  ], [  (1, 17, 16, 15, 14, 13, 12, 11, 10, 9, 8, 7, 6, 5, 4, 3,
2)(18, 34, 33, 32, 31, 30, 29, 28, 27, 26, 25, 24, 23, 22, 21, 20, 19)(35, 51, 
50, 49, 48, 47, 46, 45, 44, 43, 42, 41, 40, 39, 38, 37, 36)(52, 68, 67, 66, 65, 
64, 63, 62, 61, 60, 59, 58, 57, 56, 55, 54, 53)(69, 85, 84, 83, 82, 81, 80, 79, 
78, 77, 76, 75, 74, 73, 72, 71, 70),  (1, 2, 3, 4, 5, 6, 7, 8, 9, 10, 11, 12, 
13, 14, 15, 16, 17)(18, 19, 20, 21, 22, 23, 24, 25, 26, 27, 28, 29, 30, 31, 32, 
33, 34)(35, 36, 37, 38, 39, 40, 41, 42, 43, 44, 45, 46, 47, 48, 49, 50, 51)(52, 
53, 54, 55, 56, 57, 58, 59, 60, 61, 62, 63, 64, 65, 66, 67, 68)(69, 70, 71, 72, 
73, 74, 75, 76, 77, 78, 79, 80, 81, 82, 83, 84, 85),  ], [  (1, 75, 64, 36, 25, 
14, 71, 60, 49, 21, 10, 84, 56, 45, 34, 6, 80, 52, 41, 30, 2, 76, 65, 37, 26, 
15, 72, 61, 50, 22, 11, 85, 57, 46, 18, 7, 81, 53, 42, 31, 3, 77, 66, 38, 27, 
16, 73, 62, 51, 23, 12, 69, 58, 47, 19, 8, 82, 54, 43, 32, 4, 78, 67, 39, 28, 
17, 74, 63, 35, 24, 13, 70, 59, 48, 20, 9, 83, 55, 44, 33, 5, 79, 68, 40, 29),  
(1, 29, 40, 68, 79, 5, 33, 44, 55, 83, 9, 20, 48, 59, 70, 13, 24, 35, 63, 74, 
17, 28, 39, 67, 78, 4, 32, 43, 54, 82, 8, 19, 47, 58, 69, 12, 23, 51, 62, 73, 
16, 27, 38, 66, 77, 3, 31, 42, 53, 81, 7, 18, 46, 57, 85, 11, 22, 50, 61, 72, 
15, 26, 37, 65, 76, 2, 30, 41, 52, 80, 6, 34, 45, 56, 84, 10, 21, 49, 60, 71, 
14, 25, 36, 64, 75),  ], [  (1, 65, 27, 74, 36, 15, 62, 24, 71, 50, 12, 59, 21, 
85, 47, 9, 56, 18, 82, 44, 6, 53, 32, 79, 41, 3, 67, 29, 76, 38, 17, 64, 26, 73,
35, 14, 61, 23, 70, 49, 11, 58, 20, 84, 46, 8, 55, 34, 81, 43, 5, 52, 31, 78, 
40, 2, 66, 28, 75, 37, 16, 63, 25, 72, 51, 13, 60, 22, 69, 48, 10, 57, 19, 83, 
45, 7, 54, 33, 80, 42, 4, 68, 30, 77, 39),  (1, 39, 77, 30, 68, 4, 42, 80, 33, 
54, 7, 45, 83, 19, 57, 10, 48, 69, 22, 60, 13, 51, 72, 25, 63, 16, 37, 75, 28, 
66, 2, 40, 78, 31, 52, 5, 43, 81, 34, 55, 8, 46, 84, 20, 58, 11, 49, 70, 23, 61,
14, 35, 73, 26, 64, 17, 38, 76, 29, 67, 3, 41, 79, 32, 53, 6, 44, 82, 18, 56, 9,
47, 85, 21, 59, 12, 50, 71, 24, 62, 15, 36, 74, 27, 65),  ], [  (1, 56, 26, 81, 
51, 4, 59, 29, 84, 37, 7, 62, 32, 70, 40, 10, 65, 18, 73, 43, 13, 68, 21, 76, 
46, 16, 54, 24, 79, 49, 2, 57, 27, 82, 35, 5, 60, 30, 85, 38, 8, 63, 33, 71, 41,
11, 66, 19, 74, 44, 14, 52, 22, 77, 47, 17, 55, 25, 80, 50, 3, 58, 28, 83, 36, 
6, 61, 31, 69, 39, 9, 64, 34, 72, 42, 12, 67, 20, 75, 45, 15, 53, 23, 78, 48),  
(1, 48, 78, 23, 53, 15, 45, 75, 20, 67, 12, 42, 72, 34, 64, 9, 39, 69, 31, 61, 
6, 36, 83, 28, 58, 3, 50, 80, 25, 55, 17, 47, 77, 22, 52, 14, 44, 74, 19, 66, 
11, 41, 71, 33, 63, 8, 38, 85, 30, 60, 5, 35, 82, 27, 57, 2, 49, 79, 24, 54, 16,
46, 76, 21, 68, 13, 43, 73, 18, 65, 10, 40, 70, 32, 62, 7, 37, 84, 29, 59, 4, 
51, 81, 26, 56),  ], [  (1, 80, 57, 51, 28, 5, 84, 61, 38, 32, 9, 71, 65, 42, 
19, 13, 75, 52, 46, 23, 17, 79, 56, 50, 27, 4, 83, 60, 37, 31, 8, 70, 64, 41, 
18, 12, 74, 68, 45, 22, 16, 78, 55, 49, 26, 3, 82, 59, 36, 30, 7, 69, 63, 40, 
34, 11, 73, 67, 44, 21, 15, 77, 54, 48, 25, 2, 81, 58, 35, 29, 6, 85, 62, 39, 
33, 10, 72, 66, 43, 20, 14, 76, 53, 47, 24),  (1, 24, 47, 53, 76, 14, 20, 43, 
66, 72, 10, 33, 39, 62, 85, 6, 29, 35, 58, 81, 2, 25, 48, 54, 77, 15, 21, 44, 
67, 73, 11, 34, 40, 63, 69, 7, 30, 36, 59, 82, 3, 26, 49, 55, 78, 16, 22, 45, 
68, 74, 12, 18, 41, 64, 70, 8, 31, 37, 60, 83, 4, 27, 50, 56, 79, 17, 23, 46, 
52, 75, 13, 19, 42, 65, 71, 9, 32, 38, 61, 84, 5, 28, 51, 57, 80),  ], [  (1, 2,
3, 4, 5, 6, 7, 8, 9, 10, 11, 12, 13, 14, 15, 16, 17)(18, 19, 20, 21, 22, 23, 24,
25, 26, 27, 28, 29, 30, 31, 32, 33, 34)(35, 36, 37, 38, 39, 40, 41, 42, 43, 44, 
45, 46, 47, 48, 49, 50, 51)(52, 53, 54, 55, 56, 57, 58, 59, 60, 61, 62, 63, 64, 
65, 66, 67, 68)(69, 70, 71, 72, 73, 74, 75, 76, 77, 78, 79, 80, 81, 82, 83, 84, 
85),  (1, 17, 16, 15, 14, 13, 12, 11, 10, 9, 8, 7, 6, 5, 4, 3, 2)(18, 34, 33, 
32, 31, 30, 29, 28, 27, 26, 25, 24, 23, 22, 21, 20, 19)(35, 51, 50, 49, 48, 47, 
46, 45, 44, 43, 42, 41, 40, 39, 38, 37, 36)(52, 68, 67, 66, 65, 64, 63, 62, 61, 
60, 59, 58, 57, 56, 55, 54, 53)(69, 85, 84, 83, 82, 81, 80, 79, 78, 77, 76, 75, 
74, 73, 72, 71, 70),  ], [  (1, 41, 81, 19, 59, 14, 37, 77, 32, 55, 10, 50, 73, 
28, 68, 6, 46, 69, 24, 64, 2, 42, 82, 20, 60, 15, 38, 78, 33, 56, 11, 51, 74, 
29, 52, 7, 47, 70, 25, 65, 3, 43, 83, 21, 61, 16, 39, 79, 34, 57, 12, 35, 75, 
30, 53, 8, 48, 71, 26, 66, 4, 44, 84, 22, 62, 17, 40, 80, 18, 58, 13, 36, 76, 
31, 54, 9, 49, 72, 27, 67, 5, 45, 85, 23, 63),  (1, 63, 23, 85, 45, 5, 67, 27, 
72, 49, 9, 54, 31, 76, 36, 13, 58, 18, 80, 40, 17, 62, 22, 84, 44, 4, 66, 26, 
71, 48, 8, 53, 30, 75, 35, 12, 57, 34, 79, 39, 16, 61, 21, 83, 43, 3, 65, 25, 
70, 47, 7, 52, 29, 74, 51, 11, 56, 33, 78, 38, 15, 60, 20, 82, 42, 2, 64, 24, 
69, 46, 6, 68, 28, 73, 50, 10, 55, 32, 77, 37, 14, 59, 19, 81, 41),  ], [  (1, 
46, 74, 34, 62, 5, 50, 78, 21, 66, 9, 37, 82, 25, 53, 13, 41, 69, 29, 57, 17, 
45, 73, 33, 61, 4, 49, 77, 20, 65, 8, 36, 81, 24, 52, 12, 40, 85, 28, 56, 16, 
44, 72, 32, 60, 3, 48, 76, 19, 64, 7, 35, 80, 23, 68, 11, 39, 84, 27, 55, 15, 
43, 71, 31, 59, 2, 47, 75, 18, 63, 6, 51, 79, 22, 67, 10, 38, 83, 26, 54, 14, 
42, 70, 30, 58),  (1, 58, 30, 70, 42, 14, 54, 26, 83, 38, 10, 67, 22, 79, 51, 6,
63, 18, 75, 47, 2, 59, 31, 71, 43, 15, 55, 27, 84, 39, 11, 68, 23, 80, 35, 7, 
64, 19, 76, 48, 3, 60, 32, 72, 44, 16, 56, 28, 85, 40, 12, 52, 24, 81, 36, 8, 
65, 20, 77, 49, 4, 61, 33, 73, 45, 17, 57, 29, 69, 41, 13, 53, 25, 82, 37, 9, 
66, 21, 78, 50, 5, 62, 34, 74, 46),  ], [  (1, 34, 50, 66, 82, 13, 29, 45, 61, 
77, 8, 24, 40, 56, 72, 3, 19, 35, 68, 84, 15, 31, 47, 63, 79, 10, 26, 42, 58, 
74, 5, 21, 37, 53, 69, 17, 33, 49, 65, 81, 12, 28, 44, 60, 76, 7, 23, 39, 55, 
71, 2, 18, 51, 67, 83, 14, 30, 46, 62, 78, 9, 25, 41, 57, 73, 4, 20, 36, 52, 85,
16, 32, 48, 64, 80, 11, 27, 43, 59, 75, 6, 22, 38, 54, 70),  (1, 70, 54, 38, 22,
6, 75, 59, 43, 27, 11, 80, 64, 48, 32, 16, 85, 52, 36, 20, 4, 73, 57, 41, 25, 9,
78, 62, 46, 30, 14, 83, 67, 51, 18, 2, 71, 55, 39, 23, 7, 76, 60, 44, 28, 12, 
81, 65, 49, 33, 17, 69, 53, 37, 21, 5, 74, 58, 42, 26, 10, 79, 63, 47, 31, 15, 
84, 68, 35, 19, 3, 72, 56, 40, 24, 8, 77, 61, 45, 29, 13, 82, 66, 50, 34),  ], [
(1, 19, 37, 55, 73, 6, 24, 42, 60, 78, 11, 29, 47, 65, 83, 16, 34, 35, 53, 71, 
4, 22, 40, 58, 76, 9, 27, 45, 63, 81, 14, 32, 50, 68, 69, 2, 20, 38, 56, 74, 7, 
25, 43, 61, 79, 12, 30, 48, 66, 84, 17, 18, 36, 54, 72, 5, 23, 41, 59, 77, 10, 
28, 46, 64, 82, 15, 33, 51, 52, 70, 3, 21, 39, 57, 75, 8, 26, 44, 62, 80, 13, 
31, 49, 67, 85),  (1, 85, 67, 49, 31, 13, 80, 62, 44, 26, 8, 75, 57, 39, 21, 3, 
70, 52, 51, 33, 15, 82, 64, 46, 28, 10, 77, 59, 41, 23, 5, 72, 54, 36, 18, 17, 
84, 66, 48, 30, 12, 79, 61, 43, 25, 7, 74, 56, 38, 20, 2, 69, 68, 50, 32, 14, 
81, 63, 45, 27, 9, 76, 58, 40, 22, 4, 71, 53, 35, 34, 16, 83, 65, 47, 29, 11, 
78, 60, 42, 24, 6, 73, 55, 37, 19),  ], [  (1, 10, 2, 11, 3, 12, 4, 13, 5, 14, 
6, 15, 7, 16, 8, 17, 9)(18, 27, 19, 28, 20, 29, 21, 30, 22, 31, 23, 32, 24, 33, 
25, 34, 26)(35, 44, 36, 45, 37, 46, 38, 47, 39, 48, 40, 49, 41, 50, 42, 51, 
43)(52, 61, 53, 62, 54, 63, 55, 64, 56, 65, 57, 66, 58, 67, 59, 68, 60)(69, 78, 
70, 79, 71, 80, 72, 81, 73, 82, 74, 83, 75, 84, 76, 85, 77),  (1, 9, 17, 8, 16, 
7, 15, 6, 14, 5, 13, 4, 12, 3, 11, 2, 10)(18, 26, 34, 25, 33, 24, 32, 23, 31, 
22, 30, 21, 29, 20, 28, 19, 27)(35, 43, 51, 42, 50, 41, 49, 40, 48, 39, 47, 38, 
46, 37, 45, 36, 44)(52, 60, 68, 59, 67, 58, 66, 57, 65, 56, 64, 55, 63, 54, 62, 
53, 61)(69, 77, 85, 76, 84, 75, 83, 74, 82, 73, 81, 72, 80, 71, 79, 70, 78),  ],
[  (1, 85, 67, 49, 31, 13, 80, 62, 44, 26, 8, 75, 57, 39, 21, 3, 70, 52, 51, 33,
15, 82, 64, 46, 28, 10, 77, 59, 41, 23, 5, 72, 54, 36, 18, 17, 84, 66, 48, 30, 
12, 79, 61, 43, 25, 7, 74, 56, 38, 20, 2, 69, 68, 50, 32, 14, 81, 63, 45, 27, 9,
76, 58, 40, 22, 4, 71, 53, 35, 34, 16, 83, 65, 47, 29, 11, 78, 60, 42, 24, 6, 
73, 55, 37, 19),  (1, 19, 37, 55, 73, 6, 24, 42, 60, 78, 11, 29, 47, 65, 83, 16,
34, 35, 53, 71, 4, 22, 40, 58, 76, 9, 27, 45, 63, 81, 14, 32, 50, 68, 69, 2, 20,
38, 56, 74, 7, 25, 43, 61, 79, 12, 30, 48, 66, 84, 17, 18, 36, 54, 72, 5, 23, 
41, 59, 77, 10, 28, 46, 64, 82, 15, 33, 51, 52, 70, 3, 21, 39, 57, 75, 8, 26, 
44, 62, 80, 13, 31, 49, 67, 85),  ], [  (1, 58, 30, 70, 42, 14, 54, 26, 83, 38, 
10, 67, 22, 79, 51, 6, 63, 18, 75, 47, 2, 59, 31, 71, 43, 15, 55, 27, 84, 39, 
11, 68, 23, 80, 35, 7, 64, 19, 76, 48, 3, 60, 32, 72, 44, 16, 56, 28, 85, 40, 
12, 52, 24, 81, 36, 8, 65, 20, 77, 49, 4, 61, 33, 73, 45, 17, 57, 29, 69, 41, 
13, 53, 25, 82, 37, 9, 66, 21, 78, 50, 5, 62, 34, 74, 46),  (1, 46, 74, 34, 62, 
5, 50, 78, 21, 66, 9, 37, 82, 25, 53, 13, 41, 69, 29, 57, 17, 45, 73, 33, 61, 4,
49, 77, 20, 65, 8, 36, 81, 24, 52, 12, 40, 85, 28, 56, 16, 44, 72, 32, 60, 3, 
48, 76, 19, 64, 7, 35, 80, 23, 68, 11, 39, 84, 27, 55, 15, 43, 71, 31, 59, 2, 
47, 75, 18, 63, 6, 51, 79, 22, 67, 10, 38, 83, 26, 54, 14, 42, 70, 30, 58),  ], 
[  (1, 63, 23, 85, 45, 5, 67, 27, 72, 49, 9, 54, 31, 76, 36, 13, 58, 18, 80, 40,
17, 62, 22, 84, 44, 4, 66, 26, 71, 48, 8, 53, 30, 75, 35, 12, 57, 34, 79, 39, 
16, 61, 21, 83, 43, 3, 65, 25, 70, 47, 7, 52, 29, 74, 51, 11, 56, 33, 78, 38, 
15, 60, 20, 82, 42, 2, 64, 24, 69, 46, 6, 68, 28, 73, 50, 10, 55, 32, 77, 37, 
14, 59, 19, 81, 41),  (1, 41, 81, 19, 59, 14, 37, 77, 32, 55, 10, 50, 73, 28, 
68, 6, 46, 69, 24, 64, 2, 42, 82, 20, 60, 15, 38, 78, 33, 56, 11, 51, 74, 29, 
52, 7, 47, 70, 25, 65, 3, 43, 83, 21, 61, 16, 39, 79, 34, 57, 12, 35, 75, 30, 
53, 8, 48, 71, 26, 66, 4, 44, 84, 22, 62, 17, 40, 80, 18, 58, 13, 36, 76, 31, 
54, 9, 49, 72, 27, 67, 5, 45, 85, 23, 63),  ], [  (1, 70, 54, 38, 22, 6, 75, 59,
43, 27, 11, 80, 64, 48, 32, 16, 85, 52, 36, 20, 4, 73, 57, 41, 25, 9, 78, 62, 
46, 30, 14, 83, 67, 51, 18, 2, 71, 55, 39, 23, 7, 76, 60, 44, 28, 12, 81, 65, 
49, 33, 17, 69, 53, 37, 21, 5, 74, 58, 42, 26, 10, 79, 63, 47, 31, 15, 84, 68, 
35, 19, 3, 72, 56, 40, 24, 8, 77, 61, 45, 29, 13, 82, 66, 50, 34),  (1, 34, 50, 
66, 82, 13, 29, 45, 61, 77, 8, 24, 40, 56, 72, 3, 19, 35, 68, 84, 15, 31, 47, 
63, 79, 10, 26, 42, 58, 74, 5, 21, 37, 53, 69, 17, 33, 49, 65, 81, 12, 28, 44, 
60, 76, 7, 23, 39, 55, 71, 2, 18, 51, 67, 83, 14, 30, 46, 62, 78, 9, 25, 41, 57,
73, 4, 20, 36, 52, 85, 16, 32, 48, 64, 80, 11, 27, 43, 59, 75, 6, 22, 38, 54, 
70),  ], [  (1, 9, 17, 8, 16, 7, 15, 6, 14, 5, 13, 4, 12, 3, 11, 2, 10)(18, 26, 
34, 25, 33, 24, 32, 23, 31, 22, 30, 21, 29, 20, 28, 19, 27)(35, 43, 51, 42, 50, 
41, 49, 40, 48, 39, 47, 38, 46, 37, 45, 36, 44)(52, 60, 68, 59, 67, 58, 66, 57, 
65, 56, 64, 55, 63, 54, 62, 53, 61)(69, 77, 85, 76, 84, 75, 83, 74, 82, 73, 81, 
72, 80, 71, 79, 70, 78),  (1, 10, 2, 11, 3, 12, 4, 13, 5, 14, 6, 15, 7, 16, 8, 
17, 9)(18, 27, 19, 28, 20, 29, 21, 30, 22, 31, 23, 32, 24, 33, 25, 34, 26)(35, 
44, 36, 45, 37, 46, 38, 47, 39, 48, 40, 49, 41, 50, 42, 51, 43)(52, 61, 53, 62, 
54, 63, 55, 64, 56, 65, 57, 66, 58, 67, 59, 68, 60)(69, 78, 70, 79, 71, 80, 72, 
81, 73, 82, 74, 83, 75, 84, 76, 85, 77),  ], [  (1, 51, 84, 32, 65, 13, 46, 79, 
27, 60, 8, 41, 74, 22, 55, 3, 36, 69, 34, 67, 15, 48, 81, 29, 62, 10, 43, 76, 
24, 57, 5, 38, 71, 19, 52, 17, 50, 83, 31, 64, 12, 45, 78, 26, 59, 7, 40, 73, 
21, 54, 2, 35, 85, 33, 66, 14, 47, 80, 28, 61, 9, 42, 75, 23, 56, 4, 37, 70, 18,
68, 16, 49, 82, 30, 63, 11, 44, 77, 25, 58, 6, 39, 72, 20, 53),  (1, 53, 20, 72,
39, 6, 58, 25, 77, 44, 11, 63, 30, 82, 49, 16, 68, 18, 70, 37, 4, 56, 23, 75, 
42, 9, 61, 28, 80, 47, 14, 66, 33, 85, 35, 2, 54, 21, 73, 40, 7, 59, 26, 78, 45,
12, 64, 31, 83, 50, 17, 52, 19, 71, 38, 5, 57, 24, 76, 43, 10, 62, 29, 81, 48, 
15, 67, 34, 69, 36, 3, 55, 22, 74, 41, 8, 60, 27, 79, 46, 13, 65, 32, 84, 51),  
], [  (1, 36, 71, 21, 56, 6, 41, 76, 26, 61, 11, 46, 81, 31, 66, 16, 51, 69, 19,
54, 4, 39, 74, 24, 59, 9, 44, 79, 29, 64, 14, 49, 84, 34, 52, 2, 37, 72, 22, 57,
7, 42, 77, 27, 62, 12, 47, 82, 32, 67, 17, 35, 70, 20, 55, 5, 40, 75, 25, 60, 
10, 45, 80, 30, 65, 15, 50, 85, 18, 53, 3, 38, 73, 23, 58, 8, 43, 78, 28, 63, 
13, 48, 83, 33, 68),  (1, 68, 33, 83, 48, 13, 63, 28, 78, 43, 8, 58, 23, 73, 38,
3, 53, 18, 85, 50, 15, 65, 30, 80, 45, 10, 60, 25, 75, 40, 5, 55, 20, 70, 35, 
17, 67, 32, 82, 47, 12, 62, 27, 77, 42, 7, 57, 22, 72, 37, 2, 52, 34, 84, 49, 
14, 64, 29, 79, 44, 9, 59, 24, 74, 39, 4, 54, 19, 69, 51, 16, 66, 31, 81, 46, 
11, 61, 26, 76, 41, 6, 56, 21, 71, 36),  ], [  (1, 27, 36, 62, 71, 12, 21, 47, 
56, 82, 6, 32, 41, 67, 76, 17, 26, 35, 61, 70, 11, 20, 46, 55, 81, 5, 31, 40, 
66, 75, 16, 25, 51, 60, 69, 10, 19, 45, 54, 80, 4, 30, 39, 65, 74, 15, 24, 50, 
59, 85, 9, 18, 44, 53, 79, 3, 29, 38, 64, 73, 14, 23, 49, 58, 84, 8, 34, 43, 52,
78, 2, 28, 37, 63, 72, 13, 22, 48, 57, 83, 7, 33, 42, 68, 77),  (1, 77, 68, 42, 
33, 7, 83, 57, 48, 22, 13, 72, 63, 37, 28, 2, 78, 52, 43, 34, 8, 84, 58, 49, 23,
14, 73, 64, 38, 29, 3, 79, 53, 44, 18, 9, 85, 59, 50, 24, 15, 74, 65, 39, 30, 4,
80, 54, 45, 19, 10, 69, 60, 51, 25, 16, 75, 66, 40, 31, 5, 81, 55, 46, 20, 11, 
70, 61, 35, 26, 17, 76, 67, 41, 32, 6, 82, 56, 47, 21, 12, 71, 62, 36, 27),  ], 
[  (1, 26, 51, 59, 84, 7, 32, 40, 65, 73, 13, 21, 46, 54, 79, 2, 27, 35, 60, 85,
8, 33, 41, 66, 74, 14, 22, 47, 55, 80, 3, 28, 36, 61, 69, 9, 34, 42, 67, 75, 15,
23, 48, 56, 81, 4, 29, 37, 62, 70, 10, 18, 43, 68, 76, 16, 24, 49, 57, 82, 5, 
30, 38, 63, 71, 11, 19, 44, 52, 77, 17, 25, 50, 58, 83, 6, 31, 39, 64, 72, 12, 
20, 45, 53, 78),  (1, 78, 53, 45, 20, 12, 72, 64, 39, 31, 6, 83, 58, 50, 25, 17,
77, 52, 44, 19, 11, 71, 63, 38, 30, 5, 82, 57, 49, 24, 16, 76, 68, 43, 18, 10, 
70, 62, 37, 29, 4, 81, 56, 48, 23, 15, 75, 67, 42, 34, 9, 69, 61, 36, 28, 3, 80,
55, 47, 22, 14, 74, 66, 41, 33, 8, 85, 60, 35, 27, 2, 79, 54, 46, 21, 13, 73, 
65, 40, 32, 7, 84, 59, 51, 26),  ], [  (1, 3, 5, 7, 9, 11, 13, 15, 17, 2, 4, 6, 
8, 10, 12, 14, 16)(18, 20, 22, 24, 26, 28, 30, 32, 34, 19, 21, 23, 25, 27, 29, 
31, 33)(35, 37, 39, 41, 43, 45, 47, 49, 51, 36, 38, 40, 42, 44, 46, 48, 50)(52, 
54, 56, 58, 60, 62, 64, 66, 68, 53, 55, 57, 59, 61, 63, 65, 67)(69, 71, 73, 75, 
77, 79, 81, 83, 85, 70, 72, 74, 76, 78, 80, 82, 84),  (1, 16, 14, 12, 10, 8, 6, 
4, 2, 17, 15, 13, 11, 9, 7, 5, 3)(18, 33, 31, 29, 27, 25, 23, 21, 19, 34, 32, 
30, 28, 26, 24, 22, 20)(35, 50, 48, 46, 44, 42, 40, 38, 36, 51, 49, 47, 45, 43, 
41, 39, 37)(52, 67, 65, 63, 61, 59, 57, 55, 53, 68, 66, 64, 62, 60, 58, 56, 
54)(69, 84, 82, 80, 78, 76, 74, 72, 70, 85, 83, 81, 79, 77, 75, 73, 71),  ], [  
(1, 78, 53, 45, 20, 12, 72, 64, 39, 31, 6, 83, 58, 50, 25, 17, 77, 52, 44, 19, 
11, 71, 63, 38, 30, 5, 82, 57, 49, 24, 16, 76, 68, 43, 18, 10, 70, 62, 37, 29, 
4, 81, 56, 48, 23, 15, 75, 67, 42, 34, 9, 69, 61, 36, 28, 3, 80, 55, 47, 22, 14,
74, 66, 41, 33, 8, 85, 60, 35, 27, 2, 79, 54, 46, 21, 13, 73, 65, 40, 32, 7, 84,
59, 51, 26),  (1, 26, 51, 59, 84, 7, 32, 40, 65, 73, 13, 21, 46, 54, 79, 2, 27, 
35, 60, 85, 8, 33, 41, 66, 74, 14, 22, 47, 55, 80, 3, 28, 36, 61, 69, 9, 34, 42,
67, 75, 15, 23, 48, 56, 81, 4, 29, 37, 62, 70, 10, 18, 43, 68, 76, 16, 24, 49, 
57, 82, 5, 30, 38, 63, 71, 11, 19, 44, 52, 77, 17, 25, 50, 58, 83, 6, 31, 39, 
64, 72, 12, 20, 45, 53, 78),  ], [  (1, 68, 33, 83, 48, 13, 63, 28, 78, 43, 8, 
58, 23, 73, 38, 3, 53, 18, 85, 50, 15, 65, 30, 80, 45, 10, 60, 25, 75, 40, 5, 
55, 20, 70, 35, 17, 67, 32, 82, 47, 12, 62, 27, 77, 42, 7, 57, 22, 72, 37, 2, 
52, 34, 84, 49, 14, 64, 29, 79, 44, 9, 59, 24, 74, 39, 4, 54, 19, 69, 51, 16, 
