NCBRACES[150] := [ rec(
      gadd := 
       [ (  1, 56, 24, 61, 44, 12, 49, 17, 72, 37,  5, 60, 25, 65, 33, 13, 53,
             21, 73, 41,  9, 46, 29, 69, 34,  2, 57, 22, 62, 45, 10, 50, 18,
              70, 38,  6, 58, 26, 66, 31, 14, 54, 19, 74, 42,  7, 47, 30, 67,
              35,  3, 55, 23, 63, 43, 11, 51, 16, 71, 39,  4, 59, 27, 64, 32,
              15, 52, 20, 75, 40,  8, 48, 28, 68, 36)( 76,131, 99,136,119, 87,
             124, 92,147,112, 80,135,100,140,108, 88,128, 96,148,116, 84,121,
             104,144,109, 77,132, 97,137,120, 85,125, 93,145,113, 81,133,101,
             141,106, 89,129, 94,149,117, 82,122,105,142,110, 78,130, 98,138,
             118, 86,126, 91,146,114, 79,134,102,139,107, 90,127, 95,150,115,
              83,123,103,143,111), (  1, 82, 13, 79, 10, 76,  7, 88,  4, 85)
            (  2, 84, 14, 81, 11, 78,  8, 90,  5, 87)(  3, 83, 15, 80, 12, 77,
             9, 89,  6, 86)( 16, 97, 28, 94, 25, 91, 22,103, 19,100)
            ( 17, 99, 29, 96, 26, 93, 23,105, 20,102)( 18, 98, 30, 95, 27, 92,
             24,104, 21,101)( 31,112, 43,109, 40,106, 37,118, 34,115)
            ( 32,114, 44,111, 41,108, 38,120, 35,117)( 33,113, 45,110, 42,107,
             39,119, 36,116)( 46,127, 58,124, 55,121, 52,133, 49,130)
            ( 47,129, 59,126, 56,123, 53,135, 50,132)( 48,128, 60,125, 57,122,
             54,134, 51,131)( 61,142, 73,139, 70,136, 67,148, 64,145)
            ( 62,144, 74,141, 71,138, 68,150, 65,147)( 63,143, 75,140, 72,137,
             69,149, 66,146) ],
      gmul := 
       [ (  1, 92, 31,122, 61, 80, 19,110, 49,140,  7, 98, 37,128, 67, 86, 25,
             116, 55,146, 13,104, 43,134, 73, 77, 16,107, 46,137,  4, 95, 34,
             125, 64, 83, 22,113, 52,143, 10,101, 40,131, 70, 89, 28,119, 58,
             149)(  2, 93, 32,123, 62, 81, 20,111, 50,141,  8, 99, 38,129, 68,
             87, 26,117, 56,147, 14,105, 44,135, 74, 78, 17,108, 47,138,  5,
              96, 35,126, 65, 84, 23,114, 53,144, 11,102, 41,132, 71, 90, 29,
             120, 59,150)(  3, 91, 33,121, 63, 79, 21,109, 51,139,  9, 97, 39,
             127, 69, 85, 27,115, 57,145, 15,103, 45,133, 75, 76, 18,106, 48,
             136,  6, 94, 36,124, 66, 82, 24,112, 54,142, 12,100, 42,130, 72,
              88, 30,118, 60,148), 
          (  1,141, 55,108, 22, 90, 61,129, 43, 96, 10,150, 49,117, 16, 84,
              70,123, 37,105,  4,144, 58,111, 25, 78, 64,132, 31, 99, 13,138,
              52,120, 19, 87, 73,126, 40, 93,  7,147, 46,114, 28, 81, 67,135,
              34,102)(  2,139, 56,106, 23, 88, 62,127, 44, 94, 11,148, 50,115,
             17, 82, 71,121, 38,103,  5,142, 59,109, 26, 76, 65,130, 32, 97,
              14,136, 53,118, 20, 85, 74,124, 41, 91,  8,145, 47,112, 29, 79,
              68,133, 35,100)(  3,140, 57,107, 24, 89, 63,128, 45, 95, 12,149,
             51,116, 18, 83, 72,122, 39,104,  6,143, 60,110, 27, 77, 66,131,
              33, 98, 15,137, 54,119, 21, 86, 75,125, 42, 92,  9,146, 48,113,
              30, 80, 69,134, 36,101) ],
      p := (  2, 76, 95, 26, 48, 35,145,149,150, 99, 32, 83,115,101, 29, 55,
          25, 52, 20, 34, 86,106, 63, 15, 44, 94,124,102, 50, 14, 85,114, 22,
          37,120,134, 97, 65, 54,  5,  7, 46, 79,100, 59, 40, 84,111, 60, 36,
         109, 42,123, 91,132,105, 67, 57, 72,110, 33,122,125,142, 24,  9, 77,
         131,135, 17, 47, 71,146, 98, 41,127,141, 75,128,148,144,143, 92, 81,
         147, 93,103, 16,  8, 10,118,116,137, 74, 89,129,117,140, 69, 28, 19,
          70, 49, 38,112, 30,  4, 43, 87, 90, 96, 62, 31,119,107, 66, 21, 45,
         130,108, 73,113, 51, 53, 56, 61, 39, 88,133,126,138, 23, 13,121,104,
          27, 12, 78, 80,136, 68,  6,  3)( 11, 82,139, 18)( 58, 64),
      q := (  2, 76,146,143,149, 93,136, 24, 11, 85,129,126,105, 22, 52, 72,
         131,108, 16, 12, 78, 89,114, 67, 35, 94,115,140, 23,  4, 46, 88,106,
          29, 34, 83,124,141, 17, 45,109, 50,  6)(  5, 10,121,137, 18,  9, 77,
         110, 59, 49, 54, 15, 48, 57, 20, 55, 64, 31,122,116,104, 65, 38,127,
         102, 42,120,107, 26, 44,145, 92, 90,147,150,144, 98, 51, 39, 79,139,
          74, 80,103, 73,128, 91,111, 32, 86,133,117,101, 63)(  7, 43, 84,132,
         138, 69, 61, 53, 36,130,135, 75,113, 41,112, 62, 58, 25, 37,123,148,
          99, 60, 56, 28, 70, 40, 87, 81, 96, 30, 13,118,125, 97, 27,  8)
        ( 14, 82,100, 33,119,134,142, 68)( 21, 47)( 66, 71, 95) ), rec(
      gadd := 
       [ (  1, 54, 17, 67, 33, 11, 46, 27, 62, 40,  6, 56, 19, 72, 35, 13, 51,
             29, 64, 45,  8, 58, 24, 74, 37,  3, 53, 16, 69, 32, 10, 48, 26,
              61, 42,  5, 55, 21, 71, 34, 15, 50, 28, 66, 44,  7, 60, 23, 73,
              39,  2, 52, 18, 68, 31, 12, 47, 25, 63, 41,  4, 57, 20, 70, 36,
              14, 49, 30, 65, 43,  9, 59, 22, 75, 38)( 76,129, 92,142,108, 86,
             121,102,137,115, 81,131, 94,147,110, 88,126,104,139,120, 83,133,
              99,149,112, 78,128, 91,144,107, 85,123,101,136,117, 80,130, 96,
             146,109, 90,125,103,141,119, 82,135, 98,148,114, 77,127, 93,143,
             106, 87,122,100,138,116, 79,132, 95,145,111, 89,124,105,140,118,
              84,134, 97,150,113), 
          (  1, 91, 31,121, 61, 79, 19,109, 49,139,  7, 97, 37,127, 67, 85,
              25,115, 55,145, 13,103, 43,133, 73, 76, 16,106, 46,136,  4, 94,
              34,124, 64, 82, 22,112, 52,142, 10,100, 40,130, 70, 88, 28,118,
              58,148)(  2, 93, 32,123, 62, 81, 20,111, 50,141,  8, 99, 38,129,
             68, 87, 26,117, 56,147, 14,105, 44,135, 74, 78, 17,108, 47,138,
               5, 96, 35,126, 65, 84, 23,114, 53,144, 11,102, 41,132, 71, 90,
              29,120, 59,150)(  3, 92, 33,122, 63, 80, 21,110, 51,140,  9, 98,
             39,128, 69, 86, 27,116, 57,146, 15,104, 45,134, 75, 77, 18,107,
              48,137,  6, 95, 36,125, 66, 83, 24,113, 54,143, 12,101, 42,131,
              72, 89, 30,119, 60,149) ],
      gmul := 
       [ (  1, 41, 66, 16, 56,  9, 31, 71, 24, 46, 14, 39, 61, 29, 54,  4, 44,
             69, 19, 59, 12, 34, 74, 27, 49,  2, 42, 64, 17, 57,  7, 32, 72,
              22, 47, 15, 37, 62, 30, 52,  5, 45, 67, 20, 60, 10, 35, 75, 25,
              50,  3, 40, 65, 18, 55,  8, 33, 70, 23, 48, 13, 38, 63, 28, 53,
               6, 43, 68, 21, 58, 11, 36, 73, 26, 51)( 76,117,140, 91,132, 83,
             106,147, 98,121, 90,113,136,105,128, 79,120,143, 94,135, 86,109,
             150,101,124, 78,116,139, 93,131, 82,108,146, 97,123, 89,112,138,
             104,127, 81,119,142, 96,134, 85,111,149,100,126, 77,115,141, 92,
             130, 84,107,145, 99,122, 88,114,137,103,129, 80,118,144, 95,133,
              87,110,148,102,125), (  1,121)(  2,122)(  3,123)(  4,133)
            (  5,134)(  6,135)(  7,130)(  8,131)(  9,132)( 10,127)( 11,128)
            ( 12,129)( 13,124)( 14,125)( 15,126)( 16,106)( 17,107)( 18,108)
            ( 19,118)( 20,119)( 21,120)( 22,115)( 23,116)( 24,117)( 25,112)
            ( 26,113)( 27,114)( 28,109)( 29,110)( 30,111)( 31, 91)( 32, 92)
            ( 33, 93)( 34,103)( 35,104)( 36,105)( 37,100)( 38,101)( 39,102)
            ( 40, 97)( 41, 98)( 42, 99)( 43, 94)( 44, 95)( 45, 96)( 46, 76)
            ( 47, 77)( 48, 78)( 49, 88)( 50, 89)( 51, 90)( 52, 85)( 53, 86)
            ( 54, 87)( 55, 82)( 56, 83)( 57, 84)( 58, 79)( 59, 80)( 60, 81)
            ( 61,148)( 62,149)( 63,150)( 64,145)( 65,146)( 66,147)( 67,142)
            ( 68,143)( 69,144)( 70,139)( 71,140)( 72,141)( 73,136)( 74,137)
            ( 75,138) ],
      p := (  2, 76,146,143,149, 93,136, 68,  6,  3)(  4, 43, 84,132,138, 23,
          13,118,125, 97, 65, 54,  5,  7, 46, 88,106, 63, 15, 44,145, 92, 90,
         147,150,144, 98, 41,112, 30)(  8, 10,121,137, 74, 80,103, 16)
        (  9, 77,110, 33,119,134,142, 24)( 11, 85,129,126,105, 67, 57, 72,131,
         108, 73,128, 91,111, 60, 36,130,135, 17, 47, 71, 95, 26, 48, 35, 94,
         115,140, 69, 28, 19, 70, 49, 38,127,102, 50, 14, 82,100, 59, 40, 87,
          81, 96, 62, 31,122,116,104, 27, 12, 78, 89,114, 22, 37,123,148, 99,
          32, 86,133,117,101, 29, 55, 25, 52, 20, 34, 83,124,141, 75,113, 51,
          53, 56, 61, 39, 79,139, 18)( 21, 45,109, 42,120,107, 66)( 58, 64),
      q := (  2, 76,146,143,149, 93,136, 24, 11, 85,129,126,105, 22, 52, 72,
         131,108, 16, 12, 78, 89,114, 67, 35, 94,115,140, 23,  4, 46, 88,106,
          29, 34, 83,124,141, 17, 45,109, 50,  6)(  5, 10,121,137, 18,  9, 77,
         110, 59, 49, 54, 15, 48, 57, 20, 55, 64, 31,122,116,104, 65, 38,127,
         102, 42,120,107, 26, 44,145, 92, 90,147,150,144, 98, 51, 39, 79,139,
          74, 80,103, 73,128, 91,111, 32, 86,133,117,101, 63)(  7, 43, 84,132,
         138, 69, 61, 53, 36,130,135, 75,113, 41,112, 62, 58, 25, 37,123,148,
          99, 60, 56, 28, 70, 40, 87, 81, 96, 30, 13,118,125, 97, 27,  8)
        ( 14, 82,100, 33,119,134,142, 68)( 21, 47)( 66, 71, 95) ), rec(
      gadd := 
       [ (  1, 45, 71, 25, 54,  8, 34, 63, 17, 58, 15, 41, 67, 24, 50,  4, 33,
             74, 28, 57, 11, 37, 66, 20, 46,  3, 44, 70, 27, 53,  7, 36, 62,
              16, 60, 14, 40, 69, 23, 49,  6, 32, 73, 30, 56, 10, 39, 65, 19,
              48,  2, 43, 72, 26, 52,  9, 35, 61, 18, 59, 13, 42, 68, 22, 51,
               5, 31, 75, 29, 55, 12, 38, 64, 21, 47)( 76,120,146,100,129, 83,
             109,138, 92,133, 90,116,142, 99,125, 79,108,149,103,132, 86,112,
             141, 95,121, 78,119,145,102,128, 82,111,137, 91,135, 89,115,144,
              98,124, 81,107,148,105,131, 85,114,140, 94,123, 77,118,147,101,
             127, 84,110,136, 93,134, 88,117,143, 97,126, 80,106,150,104,130,
              87,113,139, 96,122), (  1, 83, 13, 80, 10, 77,  7, 89,  4, 86)
            (  2, 82, 14, 79, 11, 76,  8, 88,  5, 85)(  3, 84, 15, 81, 12, 78,
             9, 90,  6, 87)( 16, 98, 28, 95, 25, 92, 22,104, 19,101)
            ( 17, 97, 29, 94, 26, 91, 23,103, 20,100)( 18, 99, 30, 96, 27, 93,
             24,105, 21,102)( 31,113, 43,110, 40,107, 37,119, 34,116)
            ( 32,112, 44,109, 41,106, 38,118, 35,115)( 33,114, 45,111, 42,108,
             39,120, 36,117)( 46,128, 58,125, 55,122, 52,134, 49,131)
            ( 47,127, 59,124, 56,121, 53,133, 50,130)( 48,129, 60,126, 57,123,
             54,135, 51,132)( 61,143, 73,140, 70,137, 67,149, 64,146)
            ( 62,142, 74,139, 71,136, 68,148, 65,145)( 63,144, 75,141, 72,138,
             69,150, 66,147) ],
      gmul := 
       [ (  1, 15, 11,  7,  6,  2, 13, 12,  8,  4,  3, 14, 10,  9,  5)
            ( 16, 30, 26, 22, 21, 17, 28, 27, 23, 19, 18, 29, 25, 24, 20)
            ( 31, 45, 41, 37, 36, 32, 43, 42, 38, 34, 33, 44, 40, 39, 35)
            ( 46, 60, 56, 52, 51, 47, 58, 57, 53, 49, 48, 59, 55, 54, 50)
            ( 61, 75, 71, 67, 66, 62, 73, 72, 68, 64, 63, 74, 70, 69, 65)
            ( 76, 90, 86, 82, 81, 77, 88, 87, 83, 79, 78, 89, 85, 84, 80)
            ( 91,105,101, 97, 96, 92,103,102, 98, 94, 93,104,100, 99, 95)
            (106,120,116,112,111,107,118,117,113,109,108,119,115,114,110)
            (121,135,131,127,126,122,133,132,128,124,123,134,130,129,125)
            (136,150,146,142,141,137,148,147,143,139,138,149,145,144,140), 
          (  1,148, 58,118, 28, 88, 70,130, 40,100, 10,142, 52,112, 22, 82,
              64,124, 34, 94,  4,136, 46,106, 16, 76, 73,133, 43,103, 13,145,
              55,115, 25, 85, 67,127, 37, 97,  7,139, 49,109, 19, 79, 61,121,
              31, 91)(  2,150, 59,120, 29, 90, 71,132, 41,102, 11,144, 53,114,
             23, 84, 65,126, 35, 96,  5,138, 47,108, 17, 78, 74,135, 44,105,
              14,147, 56,117, 26, 87, 68,129, 38, 99,  8,141, 50,111, 20, 81,
              62,123, 32, 93)(  3,149, 60,119, 30, 89, 72,131, 42,101, 12,143,
             54,113, 24, 83, 66,125, 36, 95,  6,137, 48,107, 18, 77, 75,134,
              45,104, 15,146, 57,116, 27, 86, 69,128, 39, 98,  9,140, 51,110,
              21, 80, 63,122, 33, 92) ],
      p := (  2, 76, 96, 62, 31,120,135, 17, 47, 71,147, 92, 80,136, 68,  6,
           3)(  4, 43, 86,106, 63, 15, 44, 94,124,101, 29, 55, 25, 52, 20, 34,
         87, 89,128,148,143, 93,103, 16,  8, 10,118,117,141, 75,129,116,138,
          23, 13,121,105, 67, 57, 72,111, 60, 36,109, 42,122,126,137, 74, 90,
          95, 26, 48, 35,145,150, 98, 41,127,140, 69, 28, 19, 70, 49, 38,112,
          30)(  5,  7, 46, 79,100, 59, 40, 83,115,102, 50, 14, 85,113, 51, 53,
         56, 61, 39, 88,133,125,142, 24,  9, 78, 81,146, 99, 32, 84,110, 33,
         123, 91,131,134, 97, 65, 54)( 11, 82,139, 18)( 12, 77,132,104, 27)
        ( 21, 45,130,107, 66)( 22, 37,119,108, 73,114)( 58, 64),
      q := (  2, 76,147,149, 92, 89,113, 41,112, 62, 58, 25, 37,122,117,102,
          42,119,135, 75,114, 67, 35, 94,115,141, 17, 45,109, 50,  6)
        (  4, 46, 88,106, 29, 34, 84,131,107, 26, 44,145, 93,136, 24, 11, 85,
         128, 91,110, 59, 49, 54, 15, 48, 57, 20, 55, 64, 31,123,148, 98, 51,
          39, 79,139, 74, 81, 95, 66, 71, 96, 30, 13,118,126,104, 65, 38,127,
         101, 63,  5, 10,121,138, 69, 61, 53, 36,130,134,142, 68, 14, 82,100,
          33,120,108, 16, 12, 77,111, 32, 87, 80,103, 73,129,125, 97, 27,  8,
           7, 43, 83,124,140, 23)(  9, 78, 90,146,144, 99, 60, 56, 28, 70, 40,
         86,133,116,105, 22, 52, 72,132,137, 18)( 21, 47)(143,150) ), rec(
      gadd := 
       [ (  1, 62, 51, 37, 26, 15, 73, 47, 36, 22, 11, 72, 58, 32, 21,  7, 68,
             57, 43, 17,  6, 64, 53, 42, 28,  2, 63, 49, 38, 27, 13, 74, 48,
              34, 23, 12, 70, 59, 33, 19,  8, 69, 55, 44, 18,  4, 65, 54, 40,
              29,  3, 61, 50, 39, 25, 14, 75, 46, 35, 24, 10, 71, 60, 31, 20,
               9, 67, 56, 45, 16,  5, 66, 52, 41, 30)( 76,137,126,112,101, 90,
             148,122,111, 97, 86,147,133,107, 96, 82,143,132,118, 92, 81,139,
             128,117,103, 77,138,124,113,102, 88,149,123,109, 98, 87,145,134,
             108, 94, 83,144,130,119, 93, 79,140,129,115,104, 78,136,125,114,
             100, 89,150,121,110, 99, 85,146,135,106, 95, 84,142,131,120, 91,
              80,141,127,116,105), 
          (  1, 99, 43,126, 70, 81, 25,108, 52,150,  7,105, 34,132, 61, 87,
              16,114, 58,141, 13, 96, 40,123, 67, 78, 22,120, 49,147,  4,102,
              31,129, 73, 84, 28,111, 55,138, 10, 93, 37,135, 64, 90, 19,117,
              46,144)(  2, 98, 44,125, 71, 80, 26,107, 53,149,  8,104, 35,131,
             62, 86, 17,113, 59,140, 14, 95, 41,122, 68, 77, 23,119, 50,146,
               5,101, 32,128, 74, 83, 29,110, 56,137, 11, 92, 38,134, 65, 89,
              20,116, 47,143)(  3, 97, 45,124, 72, 79, 27,106, 54,148,  9,103,
             36,130, 63, 85, 18,112, 60,139, 15, 94, 42,121, 69, 76, 24,118,
              51,145,  6,100, 33,127, 75, 82, 30,109, 57,136, 12, 91, 39,133,
              66, 88, 21,115, 48,142) ],
      gmul := 
       [ (  1, 41, 66, 16, 56,  9, 31, 71, 24, 46, 14, 39, 61, 29, 54,  4, 44,
             69, 19, 59, 12, 34, 74, 27, 49,  2, 42, 64, 17, 57,  7, 32, 72,
              22, 47, 15, 37, 62, 30, 52,  5, 45, 67, 20, 60, 10, 35, 75, 25,
              50,  3, 40, 65, 18, 55,  8, 33, 70, 23, 48, 13, 38, 63, 28, 53,
               6, 43, 68, 21, 58, 11, 36, 73, 26, 51)( 76,116,141, 91,131, 84,
             106,146, 99,121, 89,114,136,104,129, 79,119,144, 94,134, 87,109,
             149,102,124, 77,117,139, 92,132, 82,107,147, 97,122, 90,112,137,
             105,127, 80,120,142, 95,135, 85,110,150,100,125, 78,115,140, 93,
             130, 83,108,145, 98,123, 88,113,138,103,128, 81,118,143, 96,133,
              86,111,148,101,126), (  1,133)(  2,135)(  3,134)(  4,130)
            (  5,132)(  6,131)(  7,127)(  8,129)(  9,128)( 10,124)( 11,126)
            ( 12,125)( 13,121)( 14,123)( 15,122)( 16,118)( 17,120)( 18,119)
            ( 19,115)( 20,117)( 21,116)( 22,112)( 23,114)( 24,113)( 25,109)
            ( 26,111)( 27,110)( 28,106)( 29,108)( 30,107)( 31,103)( 32,105)
            ( 33,104)( 34,100)( 35,102)( 36,101)( 37, 97)( 38, 99)( 39, 98)
            ( 40, 94)( 41, 96)( 42, 95)( 43, 91)( 44, 93)( 45, 92)( 46, 88)
            ( 47, 90)( 48, 89)( 49, 85)( 50, 87)( 51, 86)( 52, 82)( 53, 84)
            ( 54, 83)( 55, 79)( 56, 81)( 57, 80)( 58, 76)( 59, 78)( 60, 77)
            ( 61,145)( 62,147)( 63,146)( 64,142)( 65,144)( 66,143)( 67,139)
            ( 68,141)( 69,140)( 70,136)( 71,138)( 72,137)( 73,148)( 74,150)
            ( 75,149) ],
      p := (  2, 76,147,149, 92, 89,113, 51, 53, 56, 61, 39, 79,139, 18, 11,
          85,128, 91,110, 33,120,108, 73,129,125, 97, 65, 54,  5,  7, 46, 88,
         106, 63, 15, 44,145, 93,136, 68,  6,  3)(  4, 43, 83,124,140, 69, 28,
         19, 70, 49, 38,127,101, 29, 55, 25, 52, 20, 34, 84,131,107, 66, 21,
          45,109, 42,119,135, 17, 47, 71, 96, 62, 31,123,148, 98, 41,112, 30)
        (  8, 10,121,138, 23, 13,118,126,104, 27, 12, 77,111, 60, 36,130,134,
         142, 24,  9, 78, 90,146,144, 99, 32, 87, 80,103, 16)( 14, 82,100, 59,
         40, 86,133,116,105, 67, 57, 72,132,137, 74, 81, 95, 26, 48, 35, 94,
         115,141, 75,114, 22, 37,122,117,102, 50)( 58, 64)(143,150),
      q := (  2, 76,147,149, 92, 89,113, 41,112, 62, 58, 25, 37,122,117,102,
          42,119,135, 75,114, 67, 35, 94,115,141, 17, 45,109, 50,  6)
        (  4, 46, 88,106, 29, 34, 84,131,107, 26, 44,145, 93,136, 24, 11, 85,
         128, 91,110, 59, 49, 54, 15, 48, 57, 20, 55, 64, 31,123,148, 98, 51,
          39, 79,139, 74, 81, 95, 66, 71, 96, 30, 13,118,126,104, 65, 38,127,
         101, 63,  5, 10,121,138, 69, 61, 53, 36,130,134,142, 68, 14, 82,100,
          33,120,108, 16, 12, 77,111, 32, 87, 80,103, 73,129,125, 97, 27,  8,
           7, 43, 83,124,140, 23)(  9, 78, 90,146,144, 99, 60, 56, 28, 70, 40,
         86,133,116,105, 22, 52, 72,132,137, 18)( 21, 47)(143,150) ), rec(
      gadd := 
       [ (  1, 48, 20, 64, 39, 11, 55, 30, 74, 31,  6, 50, 22, 69, 41, 13, 60,
             17, 61, 36,  8, 52, 27, 71, 43,  3, 47, 19, 66, 38, 10, 57, 29,
              73, 33,  5, 49, 24, 68, 40, 15, 59, 16, 63, 35,  7, 54, 26, 70,
              45,  2, 46, 21, 65, 37, 12, 56, 28, 75, 32,  4, 51, 23, 67, 42,
              14, 58, 18, 62, 34,  9, 53, 25, 72, 44)( 76,123, 95,139,114, 86,
             130,105,149,106, 81,125, 97,144,116, 88,135, 92,136,111, 83,127,
             102,146,118, 78,122, 94,141,113, 85,132,104,148,108, 80,124, 99,
             143,115, 90,134, 91,138,110, 82,129,101,145,120, 77,121, 96,140,
             112, 87,131,103,150,107, 79,126, 98,142,117, 89,133, 93,137,109,
              84,128,100,147,119), (  1, 88, 10, 82,  4, 76, 13, 85,  7, 79)
            (  2, 90, 11, 84,  5, 78, 14, 87,  8, 81)(  3, 89, 12, 83,  6, 77,
             15, 86,  9, 80)( 16,103, 25, 97, 19, 91, 28,100, 22, 94)
            ( 17,105, 26, 99, 20, 93, 29,102, 23, 96)( 18,104, 27, 98, 21, 92,
             30,101, 24, 95)( 31,118, 40,112, 34,106, 43,115, 37,109)
            ( 32,120, 41,114, 35,108, 44,117, 38,111)( 33,119, 42,113, 36,107,
             45,116, 39,110)( 46,133, 55,127, 49,121, 58,130, 52,124)
            ( 47,135, 56,129, 50,123, 59,132, 53,126)( 48,134, 57,128, 51,122,
             60,131, 54,125)( 61,148, 70,142, 64,136, 73,145, 67,139)
            ( 62,150, 71,144, 65,138, 74,147, 68,141)( 63,149, 72,143, 66,137,
             75,146, 69,140) ],
      gmul := 
       [ (  1, 74, 60, 43, 29, 15, 70, 56, 42, 25, 11, 69, 52, 38, 24,  7, 65,
             51, 34, 20,  6, 61, 47, 33, 16,  2, 75, 58, 44, 30, 13, 71, 57,
              40, 26, 12, 67, 53, 39, 22,  8, 66, 49, 35, 21,  4, 62, 48, 31,
              17,  3, 73, 59, 45, 28, 14, 72, 55, 41, 27, 10, 68, 54, 37, 23,
               9, 64, 50, 36, 19,  5, 63, 46, 32, 18)( 76,149,135,118,104, 90,
             145,131,117,100, 86,144,127,113, 99, 82,140,126,109, 95, 81,136,
             122,108, 91, 77,150,133,119,105, 88,146,132,115,101, 87,142,128,
             114, 97, 83,141,124,110, 96, 79,137,123,106, 92, 78,148,134,120,
             103, 89,147,130,116,102, 85,143,129,112, 98, 84,139,125,111, 94,
              80,138,121,107, 93), 
          (  1,150, 59,118, 30, 89, 70,132, 41,100, 12,143, 52,114, 23, 82,
              66,125, 34, 96,  5,136, 48,107, 16, 78, 74,133, 45,104, 13,147,
              56,115, 27, 86, 67,129, 38, 97,  9,140, 49,111, 20, 79, 63,122,
              31, 93,  2,148, 60,119, 28, 90, 71,130, 42,101, 10,144, 53,112,
              24, 83, 64,126, 35, 94,  6,137, 46,108, 17, 76, 75,134, 43,105,
              14,145, 57,116, 25, 87, 68,127, 39, 98,  7,141, 50,109, 21, 80,
              61,123, 32, 91,  3,149, 58,120, 29, 88, 72,131, 40,102, 11,142,
              54,113, 22, 84, 65,124, 36, 95,  4,138, 47,106, 18, 77, 73,135,
              44,103, 15,146, 55,117, 26, 85, 69,128, 37, 99,  8,139, 51,110,
              19, 81, 62,121, 33, 92) ],
      p := (  2, 76, 95, 26, 48, 35,145,149,150, 99, 32, 83,115,101, 29, 55,
          25, 52, 20, 34, 86,106, 63, 15, 44, 94,124,102, 50, 14, 85,114, 22,
          37,120,134, 97, 65, 54,  5,  7, 46, 79,100, 59, 40, 84,111, 60, 36,
         109, 42,123, 91,132,105, 67, 57, 72,110, 33,122,125,142, 24,  9, 77,
         131,135, 17, 47, 71,146, 98, 41,127,141, 75,128,148,144,143, 92, 81,
         147, 93,103, 16,  8, 10,118,116,137, 74, 89,129,117,140, 69, 28, 19,
          70, 49, 38,112, 30,  4, 43, 87, 90, 96, 62, 31,119,107, 66, 21, 45,
         130,108, 73,113, 51, 53, 56, 61, 39, 88,133,126,138, 23, 13,121,104,
          27, 12, 78, 80,136, 68,  6,  3)( 11, 82,139, 18)( 58, 64),
      q := (  2, 76,147,149, 92, 89,113, 41,112, 62, 58, 25, 37,122,117,102,
          42,119,135, 75,114, 67, 35, 94,115,141, 17, 45,109, 50,  6)
        (  4, 46, 88,106, 29, 34, 84,131,107, 26, 44,145, 93,136, 24, 11, 85,
         128, 91,110, 59, 49, 54, 15, 48, 57, 20, 55, 64, 31,123,148, 98, 51,
          39, 79,139, 74, 81, 95, 66, 71, 96, 30, 13,118,126,104, 65, 38,127,
         101, 63,  5, 10,121,138, 69, 61, 53, 36,130,134,142, 68, 14, 82,100,
          33,120,108, 16, 12, 77,111, 32, 87, 80,103, 73,129,125, 97, 27,  8,
           7, 43, 83,124,140, 23)(  9, 78, 90,146,144, 99, 60, 56, 28, 70, 40,
         86,133,116,105, 22, 52, 72,132,137, 18)( 21, 47)(143,150) ), rec(
      gadd := 
       [ (  1,102, 34,135, 67, 81, 28,114, 46,147,  7, 93, 40,126, 73, 87, 19,
             120, 52,138, 13, 99, 31,132, 64, 78, 25,111, 58,144,  4,105, 37,
             123, 70, 84, 16,117, 49,150, 10, 96, 43,129, 61, 90, 22,108, 55,
             141)(  2,101, 35,134, 68, 80, 29,113, 47,146,  8, 92, 41,125, 74,
             86, 20,119, 53,137, 14, 98, 32,131, 65, 77, 26,110, 59,143,  5,
             104, 38,122, 71, 83, 17,116, 50,149, 11, 95, 44,128, 62, 89, 23,
             107, 56,140)(  3,100, 36,133, 69, 79, 30,112, 48,145,  9, 91, 42,
             124, 75, 85, 21,118, 54,136, 15, 97, 33,130, 66, 76, 27,109, 60,
             142,  6,103, 39,121, 72, 82, 18,115, 51,148, 12, 94, 45,127, 63,
              88, 24,106, 57,139), 
          (  1,145, 52,109, 16, 88, 67,124, 31,103, 10,139, 46,118, 25, 82,
              61,133, 40, 97,  4,148, 55,112, 19, 76, 70,127, 34, 91, 13,142,
              49,106, 28, 85, 64,121, 43,100,  7,136, 58,115, 22, 79, 73,130,
              37, 94)(  2,147, 53,111, 17, 90, 68,126, 32,105, 11,141, 47,120,
             26, 84, 62,135, 41, 99,  5,150, 56,114, 20, 78, 71,129, 35, 93,
              14,144, 50,108, 29, 87, 65,123, 44,102,  8,138, 59,117, 23, 81,
              74,132, 38, 96)(  3,146, 54,110, 18, 89, 69,125, 33,104, 12,140,
             48,119, 27, 83, 63,134, 42, 98,  6,149, 57,113, 21, 77, 72,128,
              36, 92, 15,143, 51,107, 30, 86, 66,122, 45,101,  9,137, 60,116,
              24, 80, 75,131, 39, 95) ],
      gmul := 
       [ (  1, 82)(  2, 83)(  3, 84)(  4, 79)(  5, 80)(  6, 81)(  7, 76)
            (  8, 77)(  9, 78)( 10, 88)( 11, 89)( 12, 90)( 13, 85)( 14, 86)
            ( 15, 87)( 16,139)( 17,140)( 18,141)( 19,136)( 20,137)( 21,138)
            ( 22,148)( 23,149)( 24,150)( 25,145)( 26,146)( 27,147)( 28,142)
            ( 29,143)( 30,144)( 31,124)( 32,125)( 33,126)( 34,121)( 35,122)
            ( 36,123)( 37,133)( 38,134)( 39,135)( 40,130)( 41,131)( 42,132)
            ( 43,127)( 44,128)( 45,129)( 46,109)( 47,110)( 48,111)( 49,106)
            ( 50,107)( 51,108)( 52,118)( 53,119)( 54,120)( 55,115)( 56,116)
            ( 57,117)( 58,112)( 59,113)( 60,114)( 61, 94)( 62, 95)( 63, 96)
            ( 64, 91)( 65, 92)( 66, 93)( 67,103)( 68,104)( 69,105)( 70,100)
            ( 71,101)( 72,102)( 73, 97)( 74, 98)( 75, 99), 
          (  1,149,  3,148,  2,150)(  4,146,  6,145,  5,147)(  7,143,  9,142,
               8,144)( 10,140, 12,139, 11,141)( 13,137, 15,136, 14,138)
            ( 16,134, 18,133, 17,135)( 19,131, 21,130, 20,132)
            ( 22,128, 24,127, 23,129)( 25,125, 27,124, 26,126)
            ( 28,122, 30,121, 29,123)( 31,119, 33,118, 32,120)
            ( 34,116, 36,115, 35,117)( 37,113, 39,112, 38,114)
            ( 40,110, 42,109, 41,111)( 43,107, 45,106, 44,108)
            ( 46,104, 48,103, 47,105)( 49,101, 51,100, 50,102)
            ( 52, 98, 54, 97, 53, 99)( 55, 95, 57, 94, 56, 96)
            ( 58, 92, 60, 91, 59, 93)( 61, 89, 63, 88, 62, 90)
            ( 64, 86, 66, 85, 65, 87)( 67, 83, 69, 82, 68, 84)
            ( 70, 80, 72, 79, 71, 81)( 73, 77, 75, 76, 74, 78) ],
      p := (  2, 76,146,143,149, 93,136, 68,  6,  3)(  4, 43, 84,132,138, 23,
          13,118,125, 97, 65, 54,  5,  7, 46, 88,106, 63, 15, 44,145, 92, 90,
         147,150,144, 98, 41,112, 30)(  8, 10,121,137, 74, 80,103, 16)
        (  9, 77,110, 33,119,134,142, 24)( 11, 85,129,126,105, 67, 57, 72,131,
         108, 73,128, 91,111, 60, 36,130,135, 17, 47, 71, 95, 26, 48, 35, 94,
         115,140, 69, 28, 19, 70, 49, 38,127,102, 50, 14, 82,100, 59, 40, 87,
          81, 96, 62, 31,122,116,104, 27, 12, 78, 89,114, 22, 37,123,148, 99,
          32, 86,133,117,101, 29, 55, 25, 52, 20, 34, 83,124,141, 75,113, 51,
          53, 56, 61, 39, 79,139, 18)( 21, 45,109, 42,120,107, 66)( 58, 64),
      q := (  2, 76,147,149, 92, 89,113, 41,112, 62, 58, 25, 37,122,117,102,
          42,119,135, 75,114, 67, 35, 94,115,141, 17, 45,109, 50,  6)
        (  4, 46, 88,106, 29, 34, 84,131,107, 26, 44,145, 93,136, 24, 11, 85,
         128, 91,110, 59, 49, 54, 15, 48, 57, 20, 55, 64, 31,123,148, 98, 51,
          39, 79,139, 74, 81, 95, 66, 71, 96, 30, 13,118,126,104, 65, 38,127,
         101, 63,  5, 10,121,138, 69, 61, 53, 36,130,134,142, 68, 14, 82,100,
          33,120,108, 16, 12, 77,111, 32, 87, 80,103, 73,129,125, 97, 27,  8,
           7, 43, 83,124,140, 23)(  9, 78, 90,146,144, 99, 60, 56, 28, 70, 40,
         86,133,116,105, 22, 52, 72,132,137, 18)( 21, 47)(143,150) ), rec(
      gadd := 
       [ (  1,  6,  8, 10, 15,  2,  4,  9, 11, 13,  3,  5,  7, 12, 14)
            ( 16, 21, 23, 25, 30, 17, 19, 24, 26, 28, 18, 20, 22, 27, 29)
            ( 31, 36, 38, 40, 45, 32, 34, 39, 41, 43, 33, 35, 37, 42, 44)
            ( 46, 51, 53, 55, 60, 47, 49, 54, 56, 58, 48, 50, 52, 57, 59)
            ( 61, 66, 68, 70, 75, 62, 64, 69, 71, 73, 63, 65, 67, 72, 74)
            ( 76, 81, 83, 85, 90, 77, 79, 84, 86, 88, 78, 80, 82, 87, 89)
            ( 91, 96, 98,100,105, 92, 94, 99,101,103, 93, 95, 97,102,104)
            (106,111,113,115,120,107,109,114,116,118,108,110,112,117,119)
            (121,126,128,130,135,122,124,129,131,133,123,125,127,132,134)
            (136,141,143,145,150,137,139,144,146,148,138,140,142,147,149), 
          (  1,133, 28,145, 40, 85, 52, 97, 64,109,  4,121, 16,148, 43, 88,
              55,100, 67,112,  7,124, 19,136, 31, 76, 58,103, 70,115, 10,127,
              22,139, 34, 79, 46, 91, 73,118, 13,130, 25,142, 37, 82, 49, 94,
              61,106)(  2,135, 29,147, 41, 87, 53, 99, 65,111,  5,123, 17,150,
             44, 90, 56,102, 68,114,  8,126, 20,138, 32, 78, 59,105, 71,117,
              11,129, 23,141, 35, 81, 47, 93, 74,120, 14,132, 26,144, 38, 84,
              50, 96, 62,108)(  3,134, 30,146, 42, 86, 54, 98, 66,110,  6,122,
             18,149, 45, 89, 57,101, 69,113,  9,125, 21,137, 33, 77, 60,104,
              72,116, 12,128, 24,140, 36, 80, 48, 92, 75,119, 15,131, 27,143,
              39, 83, 51, 95, 63,107) ],
      gmul := 
       [ (  1, 61, 49, 37, 25, 13, 73, 46, 34, 22, 10, 70, 58, 31, 19,  7, 67,
             55, 43, 16,  4, 64, 52, 40, 28)(  2, 62, 50, 38, 26, 14, 74, 47,
              35, 23, 11, 71, 59, 32, 20,  8, 68, 56, 44, 17,  5, 65, 53, 41,
              29)(  3, 63, 51, 39, 27, 15, 75, 48, 36, 24, 12, 72, 60, 33, 21,
             9, 69, 57, 45, 18,  6, 66, 54, 42, 30)( 76,136,124,112,100, 88,
             148,121,109, 97, 85,145,133,106, 94, 82,142,130,118, 91, 79,139,
             127,115,103)( 77,137,125,113,101, 89,149,122,110, 98, 86,146,134,
             107, 95, 83,143,131,119, 92, 80,140,128,116,104)( 78,138,126,114,
             102, 90,150,123,111, 99, 87,147,135,108, 96, 84,144,132,120, 93,
              81,141,129,117,105), 
          (  1, 99, 45,124, 71, 80, 25,108, 54,148,  8,104, 34,132, 63, 85,
              17,113, 58,141, 15, 94, 41,122, 67, 78, 24,118, 50,146,  4,102,
              33,127, 74, 83, 28,111, 57,136, 11, 92, 37,135, 66, 88, 20,116,
              46,144,  3, 97, 44,125, 70, 81, 27,106, 53,149,  7,105, 36,130,
              62, 86, 16,114, 60,139, 14, 95, 40,123, 69, 76, 23,119, 49,147,
               6,100, 32,128, 73, 84, 30,109, 56,137, 10, 93, 39,133, 65, 89,
              19,117, 48,142,  2, 98, 43,126, 72, 79, 26,107, 52,150,  9,103,
              35,131, 61, 87, 18,112, 59,140, 13, 96, 42,121, 68, 77, 22,120,
              51,145,  5,101, 31,129, 75, 82, 29,110, 55,138, 12, 91, 38,134,
              64, 90, 21,115, 47,143) ],
      p := (  2, 76, 96, 62, 31,120,135, 17, 47, 71,147, 92, 80,136, 68,  6,
           3)(  4, 43, 86,106, 63, 15, 44, 94,124,101, 29, 55, 25, 52, 20, 34,
         87, 89,128,148,143, 93,103, 16,  8, 10,118,117,141, 75,129,116,138,
          23, 13,121,105, 67, 57, 72,111, 60, 36,109, 42,122,126,137, 74, 90,
          95, 26, 48, 35,145,150, 98, 41,127,140, 69, 28, 19, 70, 49, 38,112,
          30)(  5,  7, 46, 79,100, 59, 40, 83,115,102, 50, 14, 85,113, 51, 53,
         56, 61, 39, 88,133,125,142, 24,  9, 78, 81,146, 99, 32, 84,110, 33,
         123, 91,131,134, 97, 65, 54)( 11, 82,139, 18)( 12, 77,132,104, 27)
        ( 21, 45,130,107, 66)( 22, 37,119,108, 73,114)( 58, 64),
      q := (  2, 76,146,143,149, 93,136, 24, 11, 85,129,126,105, 22, 52, 72,
         131,108, 16, 12, 78, 89,114, 67, 35, 94,115,140, 23,  4, 46, 88,106,
          29, 34, 83,124,141, 17, 45,109, 50,  6)(  5, 10,121,137, 18,  9, 77,
         110, 59, 49, 54, 15, 48, 57, 20, 55, 64, 31,122,116,104, 65, 38,127,
         102, 42,120,107, 26, 44,145, 92, 90,147,150,144, 98, 51, 39, 79,139,
          74, 80,103, 73,128, 91,111, 32, 86,133,117,101, 63)(  7, 43, 84,132,
         138, 69, 61, 53, 36,130,135, 75,113, 41,112, 62, 58, 25, 37,123,148,
          99, 60, 56, 28, 70, 40, 87, 81, 96, 30, 13,118,125, 97, 27,  8)
        ( 14, 82,100, 33,119,134,142, 68)( 21, 47)( 66, 71, 95) ), rec(
      gadd := 
       [ (  1,114, 73, 99, 58, 84, 43,141, 28,126, 13,111, 70, 96, 55, 81, 40,
             138, 25,123, 10,108, 67, 93, 52, 78, 37,150, 22,135,  7,120, 64,
             105, 49, 90, 34,147, 19,132,  4,117, 61,102, 46, 87, 31,144, 16,
             129)(  2,113, 74, 98, 59, 83, 44,140, 29,125, 14,110, 71, 95, 56,
             80, 41,137, 26,122, 11,107, 68, 92, 53, 77, 38,149, 23,134,  8,
             119, 65,104, 50, 89, 35,146, 20,131,  5,116, 62,101, 47, 86, 32,
             143, 17,128)(  3,112, 75, 97, 60, 82, 45,139, 30,124, 15,109, 72,
             94, 57, 79, 42,136, 27,121, 12,106, 69, 91, 54, 76, 39,148, 24,
             133,  9,118, 66,103, 51, 88, 36,145, 21,130,  6,115, 63,100, 48,
              85, 33,142, 18,127), 
          (  1,115, 64, 91, 55, 82, 31,145, 22,121, 13,112, 61,103, 52, 79,
              43,142, 19,133, 10,109, 73,100, 49, 76, 40,139, 16,130,  7,106,
              70, 97, 46, 88, 37,136, 28,127,  4,118, 67, 94, 58, 85, 34,148,
              25,124)(  2,117, 65, 93, 56, 84, 32,147, 23,123, 14,114, 62,105,
             53, 81, 44,144, 20,135, 11,111, 74,102, 50, 78, 41,141, 17,132,
               8,108, 71, 99, 47, 90, 38,138, 29,129,  5,120, 68, 96, 59, 87,
              35,150, 26,126)(  3,116, 66, 92, 57, 83, 33,146, 24,122, 15,113,
             63,104, 54, 80, 45,143, 21,134, 12,110, 75,101, 51, 77, 42,140,
              18,131,  9,107, 72, 98, 48, 89, 39,137, 30,128,  6,119, 69, 95,
              60, 86, 36,149, 27,125) ],
      gmul := 
       [ (  1, 80,  2, 79,  3, 81)(  4, 77,  5, 76,  6, 78)(  7, 89,  8, 88,
               9, 90)( 10, 86, 11, 85, 12, 87)( 13, 83, 14, 82, 15, 84)
            ( 16,137, 17,136, 18,138)( 19,149, 20,148, 21,150)
            ( 22,146, 23,145, 24,147)( 25,143, 26,142, 27,144)
            ( 28,140, 29,139, 30,141)( 31,122, 32,121, 33,123)
            ( 34,134, 35,133, 36,135)( 37,131, 38,130, 39,132)
            ( 40,128, 41,127, 42,129)( 43,125, 44,124, 45,126)
            ( 46,107, 47,106, 48,108)( 49,119, 50,118, 51,120)
            ( 52,116, 53,115, 54,117)( 55,113, 56,112, 57,114)
            ( 58,110, 59,109, 60,111)( 61, 92, 62, 91, 63, 93)
            ( 64,104, 65,103, 66,105)( 67,101, 68,100, 69,102)
            ( 70, 98, 71, 97, 72, 99)( 73, 95, 74, 94, 75, 96), 
          (  1,148)(  2,150)(  3,149)(  4,145)(  5,147)(  6,146)(  7,142)
            (  8,144)(  9,143)( 10,139)( 11,141)( 12,140)( 13,136)( 14,138)
            ( 15,137)( 16,133)( 17,135)( 18,134)( 19,130)( 20,132)( 21,131)
            ( 22,127)( 23,129)( 24,128)( 25,124)( 26,126)( 27,125)( 28,121)
            ( 29,123)( 30,122)( 31,118)( 32,120)( 33,119)( 34,115)( 35,117)
            ( 36,116)( 37,112)( 38,114)( 39,113)( 40,109)( 41,111)( 42,110)
            ( 43,106)( 44,108)( 45,107)( 46,103)( 47,105)( 48,104)( 49,100)
            ( 50,102)( 51,101)( 52, 97)( 53, 99)( 54, 98)( 55, 94)( 56, 96)
            ( 57, 95)( 58, 91)( 59, 93)( 60, 92)( 61, 88)( 62, 90)( 63, 89)
            ( 64, 85)( 65, 87)( 66, 86)( 67, 82)( 68, 84)( 69, 83)( 70, 79)
            ( 71, 81)( 72, 80)( 73, 76)( 74, 78)( 75, 77) ],
      p := (  2, 76,147,149, 92, 89,113, 51, 53, 56, 61, 39, 79,139, 18, 11,
          85,128, 91,110, 33,120,108, 73,129,125, 97, 65, 54,  5,  7, 46, 88,
         106, 63, 15, 44,145, 93,136, 68,  6,  3)(  4, 43, 83,124,140, 69, 28,
         19, 70, 49, 38,127,101, 29, 55, 25, 52, 20, 34, 84,131,107, 66, 21,
          45,109, 42,119,135, 17, 47, 71, 96, 62, 31,123,148, 98, 41,112, 30)
        (  8, 10,121,138, 23, 13,118,126,104, 27, 12, 77,111, 60, 36,130,134,
         142, 24,  9, 78, 90,146,144, 99, 32, 87, 80,103, 16)( 14, 82,100, 59,
         40, 86,133,116,105, 67, 57, 72,132,137, 74, 81, 95, 26, 48, 35, 94,
         115,141, 75,114, 22, 37,122,117,102, 50)( 58, 64)(143,150),
      q := (  2, 76,146,143,149, 93,136, 24, 11, 85,129,126,105, 22, 52, 72,
         131,108, 16, 12, 78, 89,114, 67, 35, 94,115,140, 23,  4, 46, 88,106,
          29, 34, 83,124,141, 17, 45,109, 50,  6)(  5, 10,121,137, 18,  9, 77,
         110, 59, 49, 54, 15, 48, 57, 20, 55, 64, 31,122,116,104, 65, 38,127,
         102, 42,120,107, 26, 44,145, 92, 90,147,150,144, 98, 51, 39, 79,139,
          74, 80,103, 73,128, 91,111, 32, 86,133,117,101, 63)(  7, 43, 84,132,
         138, 69, 61, 53, 36,130,135, 75,113, 41,112, 62, 58, 25, 37,123,148,
          99, 60, 56, 28, 70, 40, 87, 81, 96, 30, 13,118,125, 97, 27,  8)
        ( 14, 82,100, 33,119,134,142, 68)( 21, 47)( 66, 71, 95) ), rec(
      gadd := 
       [ (  1, 54, 17, 67, 33, 11, 46, 27, 62, 40,  6, 56, 19, 72, 35, 13, 51,
             29, 64, 45,  8, 58, 24, 74, 37,  3, 53, 16, 69, 32, 10, 48, 26,
              61, 42,  5, 55, 21, 71, 34, 15, 50, 28, 66, 44,  7, 60, 23, 73,
              39,  2, 52, 18, 68, 31, 12, 47, 25, 63, 41,  4, 57, 20, 70, 36,
              14, 49, 30, 65, 43,  9, 59, 22, 75, 38)( 76,129, 92,142,108, 86,
             121,102,137,115, 81,131, 94,147,110, 88,126,104,139,120, 83,133,
              99,149,112, 78,128, 91,144,107, 85,123,101,136,117, 80,130, 96,
             146,109, 90,125,103,141,119, 82,135, 98,148,114, 77,127, 93,143,
             106, 87,122,100,138,116, 79,132, 95,145,111, 89,124,105,140,118,
              84,134, 97,150,113), 
          (  1,118, 70,100, 52, 82, 34,136, 16,133, 13,115, 67, 97, 49, 79,
              31,148, 28,130, 10,112, 64, 94, 46, 76, 43,145, 25,127,  7,109,
              61, 91, 58, 88, 40,142, 22,124,  4,106, 73,103, 55, 85, 37,139,
              19,121)(  2,120, 71,102, 53, 84, 35,138, 17,135, 14,117, 68, 99,
             50, 81, 32,150, 29,132, 11,114, 65, 96, 47, 78, 44,147, 26,129,
               8,111, 62, 93, 59, 90, 41,144, 23,126,  5,108, 74,105, 56, 87,
              38,141, 20,123)(  3,119, 72,101, 54, 83, 36,137, 18,134, 15,116,
             69, 98, 51, 80, 33,149, 30,131, 12,113, 66, 95, 48, 77, 45,146,
              27,128,  9,110, 63, 92, 60, 89, 42,143, 24,125,  6,107, 75,104,
              57, 86, 39,140, 21,122) ],
      gmul := 
       [ (  1,  3,  2)(  4,  6,  5)(  7,  9,  8)( 10, 12, 11)( 13, 15, 14)
            ( 16, 18, 17)( 19, 21, 20)( 22, 24, 23)( 25, 27, 26)( 28, 30, 29)
            ( 31, 33, 32)( 34, 36, 35)( 37, 39, 38)( 40, 42, 41)( 43, 45, 44)
            ( 46, 48, 47)( 49, 51, 50)( 52, 54, 53)( 55, 57, 56)( 58, 60, 59)
            ( 61, 63, 62)( 64, 66, 65)( 67, 69, 68)( 70, 72, 71)( 73, 75, 74)
            ( 76, 78, 77)( 79, 81, 80)( 82, 84, 83)( 85, 87, 86)( 88, 90, 89)
            ( 91, 93, 92)( 94, 96, 95)( 97, 99, 98)(100,102,101)(103,105,104)
            (106,108,107)(109,111,110)(112,114,113)(115,117,116)(118,120,119)
            (121,123,122)(124,126,125)(127,129,128)(130,132,131)(133,135,134)
            (136,138,137)(139,141,140)(142,144,143)(145,147,146)(148,150,149),
          (  1,132, 28,141, 34, 87, 49, 99, 73,120,  4,135, 16,144, 37, 90,
              52,102, 61,108,  7,123, 19,147, 40, 78, 55,105, 64,111, 10,126,
              22,150, 43, 81, 58, 93, 67,114, 13,129, 25,138, 31, 84, 46, 96,
              70,117)(  2,131, 29,140, 35, 86, 50, 98, 74,119,  5,134, 17,143,
             38, 89, 53,101, 62,107,  8,122, 20,146, 41, 77, 56,104, 65,110,
              11,125, 23,149, 44, 80, 59, 92, 68,113, 14,128, 26,137, 32, 83,
              47, 95, 71,116)(  3,130, 30,139, 36, 85, 51, 97, 75,118,  6,133,
             18,142, 39, 88, 54,100, 63,106,  9,121, 21,145, 42, 76, 57,103,
              66,109, 12,124, 24,148, 45, 79, 60, 91, 69,112, 15,127, 27,136,
              33, 82, 48, 94, 72,115) ],
      p := (  2, 76,117, 92,131,134,125,114, 51, 67, 19, 43,122,143, 99, 68,
          57, 37,123,136, 24, 52, 41, 83,129, 96, 22, 11, 82, 90,101, 66, 27,
          48, 74,149,105, 38, 87,133,103, 61, 56, 45, 86, 81,112, 21, 47, 16,
          35,118,141, 29, 12,121,140, 63, 58, 14, 85,132, 95, 17, 40,127,113,
          28, 55, 42,100, 70,  6, 46, 79,116, 97, 18, 36, 84,102, 69, 49, 64,
          15, 73,139, 72,150,104, 32,111, 60, 26, 25,  9,109, 20,  8, 10, 78,
         106, 33,115, 93,124,108, 59, 53, 44,130,126,107, 39, 88, 89,128,135,
          23, 13, 77,120,145,147,146,138, 62,  5,  7,  3, 34,110, 50, 75,142,
          30,  4)( 31,148,137, 71, 91, 94, 80,119,144, 98, 65, 54),
      q := (  2, 76,132,140, 23,  4,  3, 46, 88, 80,128,114, 32,123, 97, 68,
          41, 86, 90,149,147,104, 51, 16, 48, 27, 35,127,134,107, 59, 45, 83,
         120,103, 22,  9,121, 95, 69, 31,100, 28, 40,118, 96, 61, 42,148, 98,
          21, 36, 87,112, 65, 44,115,144,137, 30, 13, 77,129,141, 72,102, 17,
          55, 56, 53, 54, 49, 19, 52, 57, 58,  6, 34,122, 92,116,136, 62, 15,
          25, 11, 85,117,143,138, 24, 43,110, 33,130,108, 39, 79,131,113, 70,
          14, 82, 81,133,145,105, 60, 75, 91,139, 29,  8,  7)(  5, 10, 78,124,
         126,125,135, 63, 37,111, 38, 84,150,146, 99, 18, 47, 67, 64)
        ( 12,109, 66, 74,101, 20)( 26, 73, 94, 89,119, 93,106, 50)( 71,142) ),
  rec(
      gadd := 
       [ (  1, 30, 41, 52, 66,  5, 16, 45, 56, 67,  9, 20, 31, 60, 71, 10, 24,
