NCBRACES[237] := [ rec(
      gadd := 
       [ (  1, 86,224)(  2,109,200)(  3,132,176)(  4,155,231)(  5, 99,207)
            (  6,122,183)(  7,145,159)(  8, 89,214)(  9,112,190)( 10,135,166)
            ( 11,158,221)( 12,102,197)( 13,125,173)( 14,148,228)( 15, 92,204)
            ( 16,115,180)( 17,138,235)( 18, 82,211)( 19,105,187)( 20,128,163)
            ( 21,151,218)( 22, 95,194)( 23,118,170)( 24,141,225)( 25, 85,201)
            ( 26,108,177)( 27,131,232)( 28,154,208)( 29, 98,184)( 30,121,160)
            ( 31,144,215)( 32, 88,191)( 33,111,167)( 34,134,222)( 35,157,198)
            ( 36,101,174)( 37,124,229)( 38,147,205)( 39, 91,181)( 40,114,236)
            ( 41,137,212)( 42, 81,188)( 43,104,164)( 44,127,219)( 45,150,195)
            ( 46, 94,171)( 47,117,226)( 48,140,202)( 49, 84,178)( 50,107,233)
            ( 51,130,209)( 52,153,185)( 53, 97,161)( 54,120,216)( 55,143,192)
            ( 56, 87,168)( 57,110,223)( 58,133,199)( 59,156,175)( 60,100,230)
            ( 61,123,206)( 62,146,182)( 63, 90,237)( 64,113,213)( 65,136,189)
            ( 66, 80,165)( 67,103,220)( 68,126,196)( 69,149,172)( 70, 93,227)
            ( 71,116,203)( 72,139,179)( 73, 83,234)( 74,106,210)( 75,129,186)
            ( 76,152,162)( 77, 96,217)( 78,119,193)( 79,142,169), 
          (  1,213,102)(  2,189,125)(  3,165,148)(  4,220, 92)(  5,196,115)
            (  6,172,138)(  7,227, 82)(  8,203,105)(  9,179,128)( 10,234,151)
            ( 11,210, 95)( 12,186,118)( 13,162,141)( 14,217, 85)( 15,193,108)
            ( 16,169,131)( 17,224,154)( 18,200, 98)( 19,176,121)( 20,231,144)
            ( 21,207, 88)( 22,183,111)( 23,159,134)( 24,214,157)( 25,190,101)
            ( 26,166,124)( 27,221,147)( 28,197, 91)( 29,173,114)( 30,228,137)
            ( 31,204, 81)( 32,180,104)( 33,235,127)( 34,211,150)( 35,187, 94)
            ( 36,163,117)( 37,218,140)( 38,194, 84)( 39,170,107)( 40,225,130)
            ( 41,201,153)( 42,177, 97)( 43,232,120)( 44,208,143)( 45,184, 87)
            ( 46,160,110)( 47,215,133)( 48,191,156)( 49,167,100)( 50,222,123)
            ( 51,198,146)( 52,174, 90)( 53,229,113)( 54,205,136)( 55,181, 80)
            ( 56,236,103)( 57,212,126)( 58,188,149)( 59,164, 93)( 60,219,116)
            ( 61,195,139)( 62,171, 83)( 63,226,106)( 64,202,129)( 65,178,152)
            ( 66,233, 96)( 67,209,119)( 68,185,142)( 69,161, 86)( 70,216,109)
            ( 71,192,132)( 72,168,155)( 73,223, 99)( 74,199,122)( 75,175,145)
            ( 76,230, 89)( 77,206,112)( 78,182,135)( 79,237,158) ],
      gmul := 
       [ (  1,133,167)(  2,156,222)(  3,100,198)(  4,123,174)(  5,146,229)
            (  6, 90,205)(  7,113,181)(  8,136,236)(  9, 80,212)( 10,103,188)
            ( 11,126,164)( 12,149,219)( 13, 93,195)( 14,116,171)( 15,139,226)
            ( 16, 83,202)( 17,106,178)( 18,129,233)( 19,152,209)( 20, 96,185)
            ( 21,119,161)( 22,142,216)( 23, 86,192)( 24,109,168)( 25,132,223)
            ( 26,155,199)( 27, 99,175)( 28,122,230)( 29,145,206)( 30, 89,182)
            ( 31,112,237)( 32,135,213)( 33,158,189)( 34,102,165)( 35,125,220)
            ( 36,148,196)( 37, 92,172)( 38,115,227)( 39,138,203)( 40, 82,179)
            ( 41,105,234)( 42,128,210)( 43,151,186)( 44, 95,162)( 45,118,217)
            ( 46,141,193)( 47, 85,169)( 48,108,224)( 49,131,200)( 50,154,176)
            ( 51, 98,231)( 52,121,207)( 53,144,183)( 54, 88,159)( 55,111,214)
            ( 56,134,190)( 57,157,166)( 58,101,221)( 59,124,197)( 60,147,173)
            ( 61, 91,228)( 62,114,204)( 63,137,180)( 64, 81,235)( 65,104,211)
            ( 66,127,187)( 67,150,163)( 68, 94,218)( 69,117,194)( 70,140,170)
            ( 71, 84,225)( 72,107,201)( 73,130,177)( 74,153,232)( 75, 97,208)
            ( 76,120,184)( 77,143,160)( 78, 87,215)( 79,110,191), 
          (  1,183, 81)(  2,159,104)(  3,214,127)(  4,190,150)(  5,166, 94)
            (  6,221,117)(  7,197,140)(  8,173, 84)(  9,228,107)( 10,204,130)
            ( 11,180,153)( 12,235, 97)( 13,211,120)( 14,187,143)( 15,163, 87)
            ( 16,218,110)( 17,194,133)( 18,170,156)( 19,225,100)( 20,201,123)
            ( 21,177,146)( 22,232, 90)( 23,208,113)( 24,184,136)( 25,160, 80)
            ( 26,215,103)( 27,191,126)( 28,167,149)( 29,222, 93)( 30,198,116)
            ( 31,174,139)( 32,229, 83)( 33,205,106)( 34,181,129)( 35,236,152)
            ( 36,212, 96)( 37,188,119)( 38,164,142)( 39,219, 86)( 40,195,109)
            ( 41,171,132)( 42,226,155)( 43,202, 99)( 44,178,122)( 45,233,145)
            ( 46,209, 89)( 47,185,112)( 48,161,135)( 49,216,158)( 50,192,102)
            ( 51,168,125)( 52,223,148)( 53,199, 92)( 54,175,115)( 55,230,138)
            ( 56,206, 82)( 57,182,105)( 58,237,128)( 59,213,151)( 60,189, 95)
            ( 61,165,118)( 62,220,141)( 63,196, 85)( 64,172,108)( 65,227,131)
            ( 66,203,154)( 67,179, 98)( 68,234,121)( 69,210,144)( 70,186, 88)
            ( 71,162,111)( 72,217,134)( 73,193,157)( 74,169,101)( 75,224,124)
            ( 76,200,147)( 77,176, 91)( 78,231,114)( 79,207,137) ],
      p := (  2, 80,129,150,  6,112,155,164,190,179,123,226, 79,176, 22,134,
          40, 97, 99, 89,221, 17,144,202,161,136,230, 91,110, 76,  8,102,200,
          72,219,158,107,185,138, 82, 43,231,113, 98,114,120,154,151,189,133,
         195,128,197,170,207, 24,124,100, 32,188,237, 56,178,101,168, 74,172,
         106,131, 49,228,126,140, 75, 71,147,224)(  3, 23,149,167,175,  7,127,
         125,165,222, 96,139, 50,117, 84, 73, 93,196, 37, 14,216,186,192,204,
          28, 26,203)(  4,159,193,118,217,215,211,  9, 45,174, 39,223,182, 94,
         85,177,205, 53,146, 41, 65,109, 29,209, 57, 77,220, 64, 30,105, 52,
          92,119,201,183,116,  5, 58,210, 66,163, 54, 10,181, 88, 38,166, 42,
          11,184, 59)( 12,213,236, 25, 67,169,153,157,218,143, 19,206, 78,198,
         15, 36,194,103, 20, 48, 87,199,227, 47,142, 46, 16,191, 86, 13,137,
         208, 44, 70, 83, 68,122,108, 61,234)( 18, 33, 90, 63,152, 31, 55,225,
         81)( 21, 95,171, 27,235, 69,187,233, 34,162,111,180,145, 35,115,141)
        ( 51,156,132, 62,130,229,148, 60)(104,232,135,173,160,121,212,214),
      q := (  2,159, 88, 43, 83, 13,184, 22,191,224, 79, 84,  8,213,126,177,
         128,154,204, 53,163, 27,149,133,121,125,100, 49,152, 50,178,189,167,
         107,114,171, 54, 71,187,116, 76, 73,234, 69,147, 86, 68,219,214,182,
         179,164,157,145, 46, 65,223,104,139, 31, 26, 95,120,197,143, 62,174,
          42, 70,231,161,160,195,205, 28, 55,142, 35,209, 24,188,103, 61, 93,
          98,185,208, 37, 67, 87,108, 20, 33,162,192,151,101,110,  5, 23,235,
          12,102, 85,140,  6,216, 91,168,  7,181,193,202,113,196, 44, 11,137,
         138,207, 57,  4, 80,229,211, 72,122,199, 96,232,215,148, 21,203, 78,
         131, 32,124,165,132, 19,105, 29,115,201, 81, 63,228,236, 56,117,176,
          59, 77, 99,217,135,153,190, 94,200,  9, 36,144,118, 89,155,123,119,
         141, 60, 30,206,  3, 58, 92,226)( 10,127,212,158,175, 74, 97,220, 17,
         194,237, 25, 14,112,221, 64, 51,166, 39,109, 52,210, 15, 45,130,129,
         180,218,170, 82, 38,156,222,227, 34, 90, 18, 48,169,173,136,106,198,
          66,146, 40,172,230,186,111,150, 75)( 16,134, 41)( 47,225,183,233) ),
  rec(
      gadd := 
       [ (  1,122,219)(  2,145,195)(  3, 89,171)(  4,112,226)(  5,135,202)
            (  6,158,178)(  7,102,233)(  8,125,209)(  9,148,185)( 10, 92,161)
            ( 11,115,216)( 12,138,192)( 13, 82,168)( 14,105,223)( 15,128,199)
            ( 16,151,175)( 17, 95,230)( 18,118,206)( 19,141,182)( 20, 85,237)
            ( 21,108,213)( 22,131,189)( 23,154,165)( 24, 98,220)( 25,121,196)
            ( 26,144,172)( 27, 88,227)( 28,111,203)( 29,134,179)( 30,157,234)
            ( 31,101,210)( 32,124,186)( 33,147,162)( 34, 91,217)( 35,114,193)
            ( 36,137,169)( 37, 81,224)( 38,104,200)( 39,127,176)( 40,150,231)
            ( 41, 94,207)( 42,117,183)( 43,140,159)( 44, 84,214)( 45,107,190)
            ( 46,130,166)( 47,153,221)( 48, 97,197)( 49,120,173)( 50,143,228)
            ( 51, 87,204)( 52,110,180)( 53,133,235)( 54,156,211)( 55,100,187)
            ( 56,123,163)( 57,146,218)( 58, 90,194)( 59,113,170)( 60,136,225)
            ( 61, 80,201)( 62,103,177)( 63,126,232)( 64,149,208)( 65, 93,184)
            ( 66,116,160)( 67,139,215)( 68, 83,191)( 69,106,167)( 70,129,222)
            ( 71,152,198)( 72, 96,174)( 73,119,229)( 74,142,205)( 75, 86,181)
            ( 76,109,236)( 77,132,212)( 78,155,188)( 79, 99,164), 
          (  1,217, 89)(  2,193,112)(  3,169,135)(  4,224,158)(  5,200,102)
            (  6,176,125)(  7,231,148)(  8,207, 92)(  9,183,115)( 10,159,138)
            ( 11,214, 82)( 12,190,105)( 13,166,128)( 14,221,151)( 15,197, 95)
            ( 16,173,118)( 17,228,141)( 18,204, 85)( 19,180,108)( 20,235,131)
            ( 21,211,154)( 22,187, 98)( 23,163,121)( 24,218,144)( 25,194, 88)
            ( 26,170,111)( 27,225,134)( 28,201,157)( 29,177,101)( 30,232,124)
            ( 31,208,147)( 32,184, 91)( 33,160,114)( 34,215,137)( 35,191, 81)
            ( 36,167,104)( 37,222,127)( 38,198,150)( 39,174, 94)( 40,229,117)
            ( 41,205,140)( 42,181, 84)( 43,236,107)( 44,212,130)( 45,188,153)
            ( 46,164, 97)( 47,219,120)( 48,195,143)( 49,171, 87)( 50,226,110)
            ( 51,202,133)( 52,178,156)( 53,233,100)( 54,209,123)( 55,185,146)
            ( 56,161, 90)( 57,216,113)( 58,192,136)( 59,168, 80)( 60,223,103)
            ( 61,199,126)( 62,175,149)( 63,230, 93)( 64,206,116)( 65,182,139)
            ( 66,237, 83)( 67,213,106)( 68,189,129)( 69,165,152)( 70,220, 96)
            ( 71,196,119)( 72,172,142)( 73,227, 86)( 74,203,109)( 75,179,132)
            ( 76,234,155)( 77,210, 99)( 78,186,122)( 79,162,145) ],
      gmul := 
       [ (  1, 31, 61, 12, 42, 72, 23, 53,  4, 34, 64, 15, 45, 75, 26, 56,  7,
             37, 67, 18, 48, 78, 29, 59, 10, 40, 70, 21, 51,  2, 32, 62, 13,
              43, 73, 24, 54,  5, 35, 65, 16, 46, 76, 27, 57,  8, 38, 68, 19,
              49, 79, 30, 60, 11, 41, 71, 22, 52,  3, 33, 63, 14, 44, 74, 25,
              55,  6, 36, 66, 17, 47, 77, 28, 58,  9, 39, 69, 20, 50)
            ( 80,138,117, 96,154,133,112, 91,149,128,107, 86,144,123,102, 81,
             139,118, 97,155,134,113, 92,150,129,108, 87,145,124,103, 82,140,
             119, 98,156,135,114, 93,151,130,109, 88,146,125,104, 83,141,120,
              99,157,136,115, 94,152,131,110, 89,147,126,105, 84,142,121,100,
             158,137,116, 95,153,132,111, 90,148,127,106, 85,143,122,101)
            (159,229,220,211,202,193,184,175,166,236,227,218,209,200,191,182,
             173,164,234,225,216,207,198,189,180,171,162,232,223,214,205,196,
             187,178,169,160,230,221,212,203,194,185,176,167,237,228,219,210,
             201,192,183,174,165,235,226,217,208,199,190,181,172,163,233,224,
             215,206,197,188,179,170,161,231,222,213,204,195,186,177,168), 
          (  1,104,182)(  2,105,183)(  3,106,184)(  4,107,185)(  5,108,186)
            (  6,109,187)(  7,110,188)(  8,111,189)(  9,112,190)( 10,113,191)
            ( 11,114,192)( 12,115,193)( 13,116,194)( 14,117,195)( 15,118,196)
            ( 16,119,197)( 17,120,198)( 18,121,199)( 19,122,200)( 20,123,201)
            ( 21,124,202)( 22,125,203)( 23,126,204)( 24,127,205)( 25,128,206)
            ( 26,129,207)( 27,130,208)( 28,131,209)( 29,132,210)( 30,133,211)
            ( 31,134,212)( 32,135,213)( 33,136,214)( 34,137,215)( 35,138,216)
            ( 36,139,217)( 37,140,218)( 38,141,219)( 39,142,220)( 40,143,221)
            ( 41,144,222)( 42,145,223)( 43,146,224)( 44,147,225)( 45,148,226)
            ( 46,149,227)( 47,150,228)( 48,151,229)( 49,152,230)( 50,153,231)
            ( 51,154,232)( 52,155,233)( 53,156,234)( 54,157,235)( 55,158,236)
            ( 56, 80,237)( 57, 81,159)( 58, 82,160)( 59, 83,161)( 60, 84,162)
            ( 61, 85,163)( 62, 86,164)( 63, 87,165)( 64, 88,166)( 65, 89,167)
            ( 66, 90,168)( 67, 91,169)( 68, 92,170)( 69, 93,171)( 70, 94,172)
            ( 71, 95,173)( 72, 96,174)( 73, 97,175)( 74, 98,176)( 75, 99,177)
            ( 76,100,178)( 77,101,179)( 78,102,180)( 79,103,181) ],
      p := (  2,159, 91,201,111,117,212,128, 83, 57, 15, 22,203, 18, 36, 89,
         114,215,134, 56,121,132,  6,188, 82, 42,  7,209,  3, 30,194,207, 78,
          81, 27, 86, 24,189,170,142, 28, 16, 95,135,131, 14,124,187, 90, 54,
          38,145, 53,204, 33,173,157,120,231,221, 58,136, 96,210, 40,167,127,
         222,213, 84, 60, 31, 65,168, 29,138,225,192,148, 68,202,155,149,143,
          75, 43, 94,166, 73,193,228,176, 61, 88, 39,110, 46, 10,115,197,137,
         140, 77,116, 35,208, 11,109)(  4, 80,196, 70,179,235, 26,150)
        (  5, 51,218,184, 20, 45,129,178,220, 23,224, 49,100, 67,139, 62,229,
         191,199,102,156,216,105, 79,125,147,108, 37, 72,118,122,214,161,190,
         119,154,211, 69,103, 44, 74,133, 87,158,181,186, 93, 85,123,104, 92,
         182,226, 32,101,141, 13,223,113,200, 12,130, 98,175, 52,160,169,198,
          41, 71,237, 34,153,172,227, 76, 21,180,171, 64, 50,195,163, 17,217,
         126,164, 97,233)(  8,174)(  9, 59, 66,151, 99,219,205, 48,232,236,
          47,230,206, 63,165,112,185,177,146, 25)( 19,144,152)
        ( 55,106,183,162,234),
      q := (  2, 80, 98,107,175, 29,208, 70, 94,156,112,114,135,198, 40,133,
         169,131, 67,232,126,123,182,119,197,184, 61,193,152, 62,129,117,125,
         187,162, 93,200, 69,237, 47,106, 81, 54, 43,179,149,170,225,111,178,
          99,122,158,127,132, 75, 38,218,137,177,163, 64, 31, 16,203, 63,100,
          14,188,207,  3, 51,145, 28, 65,110, 35,138,142, 53,151,220, 58,160,
          87,214,113, 85,164,172, 96, 92,104,210, 41, 10,209, 78,183, 90, 27,
         224, 32,189,143,  6,124,147,199,213,176, 20, 36,217,236, 34,173,190,
         226, 49,165,216,206, 18, 45,229,134, 25, 72,202,221, 23, 86, 57, 66,
         204, 48,139, 19,194, 82, 39,168, 52,136,227,  5, 30,144,228, 84, 21,
         150, 77,233, 76, 60, 50,121,222,102,166,  8,130,196, 11,223,161,157,
         171, 17, 89,185,140,  4,159,186,234, 26,180,120, 83, 24,101,201,192,
         211, 12,174, 73, 88, 42, 74,167,181, 91,141, 68,118,219,128,231,155,
         235, 55,230,105)(  7,115,154,148, 13,109, 79,212,205, 33,153, 97,116,
         46, 71,103, 37,  9, 22, 95,215,191,108, 44)( 15, 59)( 56,195,146) ), 
  rec(
      gadd := 
       [ (  1,137,184)(  2, 81,160)(  3,104,215)(  4,127,191)(  5,150,167)
            (  6, 94,222)(  7,117,198)(  8,140,174)(  9, 84,229)( 10,107,205)
            ( 11,130,181)( 12,153,236)( 13, 97,212)( 14,120,188)( 15,143,164)
            ( 16, 87,219)( 17,110,195)( 18,133,171)( 19,156,226)( 20,100,202)
            ( 21,123,178)( 22,146,233)( 23, 90,209)( 24,113,185)( 25,136,161)
            ( 26, 80,216)( 27,103,192)( 28,126,168)( 29,149,223)( 30, 93,199)
            ( 31,116,175)( 32,139,230)( 33, 83,206)( 34,106,182)( 35,129,237)
            ( 36,152,213)( 37, 96,189)( 38,119,165)( 39,142,220)( 40, 86,196)
            ( 41,109,172)( 42,132,227)( 43,155,203)( 44, 99,179)( 45,122,234)
            ( 46,145,210)( 47, 89,186)( 48,112,162)( 49,135,217)( 50,158,193)
            ( 51,102,169)( 52,125,224)( 53,148,200)( 54, 92,176)( 55,115,231)
            ( 56,138,207)( 57, 82,183)( 58,105,159)( 59,128,214)( 60,151,190)
            ( 61, 95,166)( 62,118,221)( 63,141,197)( 64, 85,173)( 65,108,228)
            ( 66,131,204)( 67,154,180)( 68, 98,235)( 69,121,211)( 70,144,187)
            ( 71, 88,163)( 72,111,218)( 73,134,194)( 74,157,170)( 75,101,225)
            ( 76,124,201)( 77,147,177)( 78, 91,232)( 79,114,208), 
          (  1,152,228)(  2, 96,204)(  3,119,180)(  4,142,235)(  5, 86,211)
            (  6,109,187)(  7,132,163)(  8,155,218)(  9, 99,194)( 10,122,170)
            ( 11,145,225)( 12, 89,201)( 13,112,177)( 14,135,232)( 15,158,208)
            ( 16,102,184)( 17,125,160)( 18,148,215)( 19, 92,191)( 20,115,167)
            ( 21,138,222)( 22, 82,198)( 23,105,174)( 24,128,229)( 25,151,205)
            ( 26, 95,181)( 27,118,236)( 28,141,212)( 29, 85,188)( 30,108,164)
            ( 31,131,219)( 32,154,195)( 33, 98,171)( 34,121,226)( 35,144,202)
            ( 36, 88,178)( 37,111,233)( 38,134,209)( 39,157,185)( 40,101,161)
            ( 41,124,216)( 42,147,192)( 43, 91,168)( 44,114,223)( 45,137,199)
            ( 46, 81,175)( 47,104,230)( 48,127,206)( 49,150,182)( 50, 94,237)
            ( 51,117,213)( 52,140,189)( 53, 84,165)( 54,107,220)( 55,130,196)
            ( 56,153,172)( 57, 97,227)( 58,120,203)( 59,143,179)( 60, 87,234)
            ( 61,110,210)( 62,133,186)( 63,156,162)( 64,100,217)( 65,123,193)
            ( 66,146,169)( 67, 90,224)( 68,113,200)( 69,136,176)( 70, 80,231)
            ( 71,103,207)( 72,126,183)( 73,149,159)( 74, 93,214)( 75,116,190)
            ( 76,139,166)( 77, 83,221)( 78,106,197)( 79,129,173) ],
      gmul := 
       [ (  1, 72, 64, 56, 48, 40, 32, 24, 16,  8, 79, 71, 63, 55, 47, 39, 31,
             23, 15,  7, 78, 70, 62, 54, 46, 38, 30, 22, 14,  6, 77, 69, 61,
              53, 45, 37, 29, 21, 13,  5, 76, 68, 60, 52, 44, 36, 28, 20, 12,
               4, 75, 67, 59, 51, 43, 35, 27, 19, 11,  3, 74, 66, 58, 50, 42,
              34, 26, 18, 10,  2, 73, 65, 57, 49, 41, 33, 25, 17,  9)
            ( 80,151,143,135,127,119,111,103, 95, 87,158,150,142,134,126,118,
             110,102, 94, 86,157,149,141,133,125,117,109,101, 93, 85,156,148,
             140,132,124,116,108,100, 92, 84,155,147,139,131,123,115,107, 99,
              91, 83,154,146,138,130,122,114,106, 98, 90, 82,153,145,137,129,
             121,113,105, 97, 89, 81,152,144,136,128,120,112,104, 96, 88)
            (159,230,222,214,206,198,190,182,174,166,237,229,221,213,205,197,
             189,181,173,165,236,228,220,212,204,196,188,180,172,164,235,227,
             219,211,203,195,187,179,171,163,234,226,218,210,202,194,186,178,
             170,162,233,225,217,209,201,193,185,177,169,161,232,224,216,208,
             200,192,184,176,168,160,231,223,215,207,199,191,183,175,167), 
          (  1,174,124)(  2,197,100)(  3,220,155)(  4,164,131)(  5,187,107)
            (  6,210, 83)(  7,233,138)(  8,177,114)(  9,200, 90)( 10,223,145)
            ( 11,167,121)( 12,190, 97)( 13,213,152)( 14,236,128)( 15,180,104)
            ( 16,203, 80)( 17,226,135)( 18,170,111)( 19,193, 87)( 20,216,142)
            ( 21,160,118)( 22,183, 94)( 23,206,149)( 24,229,125)( 25,173,101)
            ( 26,196,156)( 27,219,132)( 28,163,108)( 29,186, 84)( 30,209,139)
            ( 31,232,115)( 32,176, 91)( 33,199,146)( 34,222,122)( 35,166, 98)
            ( 36,189,153)( 37,212,129)( 38,235,105)( 39,179, 81)( 40,202,136)
            ( 41,225,112)( 42,169, 88)( 43,192,143)( 44,215,119)( 45,159, 95)
            ( 46,182,150)( 47,205,126)( 48,228,102)( 49,172,157)( 50,195,133)
            ( 51,218,109)( 52,162, 85)( 53,185,140)( 54,208,116)( 55,231, 92)
            ( 56,175,147)( 57,198,123)( 58,221, 99)( 59,165,154)( 60,188,130)
            ( 61,211,106)( 62,234, 82)( 63,178,137)( 64,201,113)( 65,224, 89)
            ( 66,168,144)( 67,191,120)( 68,214, 96)( 69,237,151)( 70,181,127)
            ( 71,204,103)( 72,227,158)( 73,171,134)( 74,194,110)( 75,217, 86)
            ( 76,161,141)( 77,184,117)( 78,207, 93)( 79,230,148) ],
      p := (  2, 80,101,168, 60, 65, 95,178,129,150, 27,228,132, 41, 51,149,
         195,207, 17,130,229, 24,124, 86, 20, 55,225, 28, 33, 83, 61,176, 75,
          71,140, 54, 10,181,116, 63, 87,220,136,202,227, 53,146, 62,144,230,
          78,177, 50,131, 49,235, 12,206, 64, 16,184, 31, 48,152, 59, 11,191,
         100, 32,174, 46, 30,112, 97, 92, 98,121,233,157,232, 91,138,126,147,
         173,211, 37, 14,216,135,224, 82, 29,223,  3, 23,156, 81, 76, 73, 93,
         210, 15, 36,194,182,145, 42,  4,159,200, 44, 77,199,192,197,214,148,
          74,172, 85,198, 66,221,237, 25, 67,162,143, 40,155,185,110, 18, 26,
         203,205, 79,234, 56,171,  6,105, 38,231,104,218,175, 21,109, 43,166,
          35,115,120,133,167,161,114,141,  7,134, 19,213, 34,169,139, 22,127,
         118,189,154,123,219,222, 57, 70, 90,  5, 58,196,  9, 45,188,158,128,
         204, 47, 84,  8,102,193,125,179,151,217,103, 13,137,180, 94,106,117,
         142, 39,209,183, 88, 52, 99, 89,163,111,208, 72,226,107,164,190,165,
         215,160, 96,153,113,119,187,212)( 68,108)( 69,201,170,186,236),
      q := (  2,159,116, 18, 55, 84, 73,176,  6,216,237, 56,131, 32,124,179,
         185,180,232,222, 24,174, 35,223, 78,117,234, 25, 14,105, 43, 90, 76,
           8,206, 17,194,158,161,167,128,133,114,178,217,183,212, 79,142, 42,
          77, 92,219, 91,168, 21,203,157, 94,193,230,  3, 58, 99,189,195,126,
         198, 15, 45,144,125, 86, 61, 93,119,120,204, 34, 83, 20, 26,109, 38,
         149,154,197,136, 85,147,100, 49, 87,122,220,214,175, 60, 16,127,233,
         205)(  4, 80,229, 57, 11,137,110, 63,235, 69,140, 27,156,215,104,153,
         190,145, 39, 95,141, 74,155,151,129,208,  9, 36,130,101,138,207, 64,
          65,209,103, 68,226,170, 96,218,148,  7,181,200, 37, 67,152, 22,184,
          50,171, 75, 10,134, 62,188,182,165, 81,  5, 23,228,227, 28, 48,162,
         211, 44)( 12,102,106,177, 31, 33,169,224,192,123, 98,164,113,210, 66,
         146, 19,112,163,236)( 13,191,173,143, 41, 30,213, 47,225, 53,221,135,
         139, 59, 70,166, 46, 51,231,160,186,111,150, 54, 71,201,107,121,118,
          89, 97,199, 82, 52,196, 72,108)( 29,115,187, 88)( 40,172,202,132) ),
  rec(
      gadd := 
       [ (  1,206,105)(  2,182,128)(  3,237,151)(  4,213, 95)(  5,189,118)
            (  6,165,141)(  7,220, 85)(  8,196,108)(  9,172,131)( 10,227,154)
            ( 11,203, 98)( 12,179,121)( 13,234,144)( 14,210, 88)( 15,186,111)
            ( 16,162,134)( 17,217,157)( 18,193,101)( 19,169,124)( 20,224,147)
            ( 21,200, 91)( 22,176,114)( 23,231,137)( 24,207, 81)( 25,183,104)
            ( 26,159,127)( 27,214,150)( 28,190, 94)( 29,166,117)( 30,221,140)
            ( 31,197, 84)( 32,173,107)( 33,228,130)( 34,204,153)( 35,180, 97)
            ( 36,235,120)( 37,211,143)( 38,187, 87)( 39,163,110)( 40,218,133)
            ( 41,194,156)( 42,170,100)( 43,225,123)( 44,201,146)( 45,177, 90)
            ( 46,232,113)( 47,208,136)( 48,184, 80)( 49,160,103)( 50,215,126)
            ( 51,191,149)( 52,167, 93)( 53,222,116)( 54,198,139)( 55,174, 83)
            ( 56,229,106)( 57,205,129)( 58,181,152)( 59,236, 96)( 60,212,119)
            ( 61,188,142)( 62,164, 86)( 63,219,109)( 64,195,132)( 65,171,155)
            ( 66,226, 99)( 67,202,122)( 68,178,145)( 69,233, 89)( 70,209,112)
            ( 71,185,135)( 72,161,158)( 73,216,102)( 74,192,125)( 75,168,148)
            ( 76,223, 92)( 77,199,115)( 78,175,138)( 79,230, 82), 
          (  1,224, 86)(  2,200,109)(  3,176,132)(  4,231,155)(  5,207, 99)
            (  6,183,122)(  7,159,145)(  8,214, 89)(  9,190,112)( 10,166,135)
            ( 11,221,158)( 12,197,102)( 13,173,125)( 14,228,148)( 15,204, 92)
            ( 16,180,115)( 17,235,138)( 18,211, 82)( 19,187,105)( 20,163,128)
            ( 21,218,151)( 22,194, 95)( 23,170,118)( 24,225,141)( 25,201, 85)
            ( 26,177,108)( 27,232,131)( 28,208,154)( 29,184, 98)( 30,160,121)
            ( 31,215,144)( 32,191, 88)( 33,167,111)( 34,222,134)( 35,198,157)
            ( 36,174,101)( 37,229,124)( 38,205,147)( 39,181, 91)( 40,236,114)
            ( 41,212,137)( 42,188, 81)( 43,164,104)( 44,219,127)( 45,195,150)
            ( 46,171, 94)( 47,226,117)( 48,202,140)( 49,178, 84)( 50,233,107)
            ( 51,209,130)( 52,185,153)( 53,161, 97)( 54,216,120)( 55,192,143)
            ( 56,168, 87)( 57,223,110)( 58,199,133)( 59,175,156)( 60,230,100)
            ( 61,206,123)( 62,182,146)( 63,237, 90)( 64,213,113)( 65,189,136)
            ( 66,165, 80)( 67,220,103)( 68,196,126)( 69,172,149)( 70,227, 93)
            ( 71,203,116)( 72,179,139)( 73,234, 83)( 74,210,106)( 75,186,129)
            ( 76,162,152)( 77,217, 96)( 78,193,119)( 79,169,142) ],
      gmul := 
       [ (  1, 71, 62, 53, 44, 35, 26, 17,  8, 78, 69, 60, 51, 42, 33, 24, 15,
             6, 76, 67, 58, 49, 40, 31, 22, 13,  4, 74, 65, 56, 47, 38, 29,
              20, 11,  2, 72, 63, 54, 45, 36, 27, 18,  9, 79, 70, 61, 52, 43,
              34, 25, 16,  7, 77, 68, 59, 50, 41, 32, 23, 14,  5, 75, 66, 57,
              48, 39, 30, 21, 12,  3, 73, 64, 55, 46, 37, 28, 19, 10)
            ( 80,110,140, 91,121,151,102,132, 83,113,143, 94,124,154,105,135,
              86,116,146, 97,127,157,108,138, 89,119,149,100,130, 81,111,141,
              92,122,152,103,133, 84,114,144, 95,125,155,106,136, 87,117,147,
              98,128,158,109,139, 90,120,150,101,131, 82,112,142, 93,123,153,
             104,134, 85,115,145, 96,126,156,107,137, 88,118,148, 99,129)
            (159,217,196,175,233,212,191,170,228,207,186,165,223,202,181,160,
             218,197,176,234,213,192,171,229,208,187,166,224,203,182,161,219,
             198,177,235,214,193,172,230,209,188,167,225,204,183,162,220,199,
             178,236,215,194,173,231,210,189,168,226,205,184,163,221,200,179,
             237,216,195,174,232,211,190,169,227,206,185,164,222,201,180), 
          (  1,105,213)(  2, 81,236)(  3,136,180)(  4,112,203)(  5, 88,226)
            (  6,143,170)(  7,119,193)(  8, 95,216)(  9,150,160)( 10,126,183)
            ( 11,102,206)( 12,157,229)( 13,133,173)( 14,109,196)( 15, 85,219)
            ( 16,140,163)( 17,116,186)( 18, 92,209)( 19,147,232)( 20,123,176)
            ( 21, 99,199)( 22,154,222)( 23,130,166)( 24,106,189)( 25, 82,212)
            ( 26,137,235)( 27,113,179)( 28, 89,202)( 29,144,225)( 30,120,169)
            ( 31, 96,192)( 32,151,215)( 33,127,159)( 34,103,182)( 35,158,205)
            ( 36,134,228)( 37,110,172)( 38, 86,195)( 39,141,218)( 40,117,162)
            ( 41, 93,185)( 42,148,208)( 43,124,231)( 44,100,175)( 45,155,198)
            ( 46,131,221)( 47,107,165)( 48, 83,188)( 49,138,211)( 50,114,234)
            ( 51, 90,178)( 52,145,201)( 53,121,224)( 54, 97,168)( 55,152,191)
            ( 56,128,214)( 57,104,237)( 58, 80,181)( 59,135,204)( 60,111,227)
            ( 61, 87,171)( 62,142,194)( 63,118,217)( 64, 94,161)( 65,149,184)
            ( 66,125,207)( 67,101,230)( 68,156,174)( 69,132,197)( 70,108,220)
            ( 71, 84,164)( 72,139,187)( 73,115,210)( 74, 91,233)( 75,146,177)
            ( 76,122,200)( 77, 98,223)( 78,153,167)( 79,129,190) ],
      p := (  2, 80,140, 77,197,206, 63, 94,149,186,221, 58,183, 87,215,216,
         181,143, 75, 43,165,184, 20, 45,180,108, 37, 72,164,234, 55,204, 33,
         139, 62,138,155,166, 73,133,162, 97,121,170,163, 17,110, 46, 10,174,
           8,115,116, 35, 89,230,137,196, 70,153, 84, 60, 31, 65,101,219, 82,
          42,  7,144,235, 26,189,132,  6, 95,160,156,134, 56,233,  5, 51, 86,
          24,150,  4,159,175, 52,135,226, 32,168, 29,229,102,169, 92, 81, 27,
         218,112, 88, 39,217,190,187,231, 93,195,142, 28, 16,188,205, 48,145,
          53,106,136,211, 69,214,111,220, 23,100, 67,173,192,222,127,148, 68,
         154, 96,120, 90, 54, 38,232,128,228,146, 25,  9, 59, 66,212,236, 47,
         114,158,105, 79,167,213,172,107,227, 76, 21,129, 98, 91, 99,141, 13,
         124,119,202,225,157,210, 40,125,199,191,147,171, 64, 50, 85,200, 12,
         203, 18, 36,208, 11,194,113,123,237, 34,179,152, 19,209,  3, 30,109)
        ( 14,223,207, 78,182,131)( 15, 22,130,178,117,151,201,161,126,118,177,
         176, 61,185,122,103, 44, 74,193, 83, 57)( 41, 71,104,198)( 49,224),
      q := (  2,159,143,  6,223,111, 98,227,  5, 30,209, 78,136,107, 91,219,
         236, 34,139, 19,109, 79,151,117,167,105)(  3, 51,232,190,131, 67,145,
         28, 65,217,128, 90, 27,100, 14, 95,158,213,146, 56, 85,118,141, 68,
         164, 84, 21,189,186, 97,197,112,230,181,175, 29, 89, 88, 42, 74,125,
         119,116, 46, 71,214,207)(  4, 80,178,201,157,108, 44,  7,174, 73,185,
         196, 11,124,199,127,170,155,152, 62,180,210, 41, 10,144, 83, 24,168,
          52,183,231,225,161,192, 96,198, 40,193,235, 55,114,160,162,221, 23,
         218,206, 18, 45,138,163, 64, 31, 16,130,140)(  8,203, 63,224, 32,150,
         77,121,148, 13,194,205, 33,179,166)(  9, 22,188,113,195,176, 20, 36,
         110, 35,229,216,137,122,215,102,149,132, 75, 38, 86, 57, 66,106,182,
         187, 87,103, 37)( 12,115,202, 93,123, 81, 54, 43,153,234, 26,129,220,
         58,135, 92,237, 47,204, 48,173,126,200, 69,104,120,228,172,211)
        ( 15, 59)( 17,208, 70,165,134, 25, 72,154,222,191,171)
        ( 39,101, 99,177,142, 53,212, 82)( 49, 94,169,226)( 50,233, 76, 60)
        ( 61,133,156,184) ), rec(
      gadd := 
       [ (  1,176, 84)(  2,231,107)(  3,207,130)(  4,183,153)(  5,159, 97)
            (  6,214,120)(  7,190,143)(  8,166, 87)(  9,221,110)( 10,197,133)
            ( 11,173,156)( 12,228,100)( 13,204,123)( 14,180,146)( 15,235, 90)
            ( 16,211,113)( 17,187,136)( 18,163, 80)( 19,218,103)( 20,194,126)
            ( 21,170,149)( 22,225, 93)( 23,201,116)( 24,177,139)( 25,232, 83)
            ( 26,208,106)( 27,184,129)( 28,160,152)( 29,215, 96)( 30,191,119)
            ( 31,167,142)( 32,222, 86)( 33,198,109)( 34,174,132)( 35,229,155)
            ( 36,205, 99)( 37,181,122)( 38,236,145)( 39,212, 89)( 40,188,112)
            ( 41,164,135)( 42,219,158)( 43,195,102)( 44,171,125)( 45,226,148)
            ( 46,202, 92)( 47,178,115)( 48,233,138)( 49,209, 82)( 50,185,105)
            ( 51,161,128)( 52,216,151)( 53,192, 95)( 54,168,118)( 55,223,141)
            ( 56,199, 85)( 57,175,108)( 58,230,131)( 59,206,154)( 60,182, 98)
            ( 61,237,121)( 62,213,144)( 63,189, 88)( 64,165,111)( 65,220,134)
            ( 66,196,157)( 67,172,101)( 68,227,124)( 69,203,147)( 70,179, 91)
            ( 71,234,114)( 72,210,137)( 73,186, 81)( 74,162,104)( 75,217,127)
            ( 76,193,150)( 77,169, 94)( 78,224,117)( 79,200,140), 
          (  1,221,155)(  2,197, 99)(  3,173,122)(  4,228,145)(  5,204, 89)
            (  6,180,112)(  7,235,135)(  8,211,158)(  9,187,102)( 10,163,125)
            ( 11,218,148)( 12,194, 92)( 13,170,115)( 14,225,138)( 15,201, 82)
            ( 16,177,105)( 17,232,128)( 18,208,151)( 19,184, 95)( 20,160,118)
            ( 21,215,141)( 22,191, 85)( 23,167,108)( 24,222,131)( 25,198,154)
            ( 26,174, 98)( 27,229,121)( 28,205,144)( 29,181, 88)( 30,236,111)
            ( 31,212,134)( 32,188,157)( 33,164,101)( 34,219,124)( 35,195,147)
            ( 36,171, 91)( 37,226,114)( 38,202,137)( 39,178, 81)( 40,233,104)
            ( 41,209,127)( 42,185,150)( 43,161, 94)( 44,216,117)( 45,192,140)
            ( 46,168, 84)( 47,223,107)( 48,199,130)( 49,175,153)( 50,230, 97)
            ( 51,206,120)( 52,182,143)( 53,237, 87)( 54,213,110)( 55,189,133)
            ( 56,165,156)( 57,220,100)( 58,196,123)( 59,172,146)( 60,227, 90)
            ( 61,203,113)( 62,179,136)( 63,234, 80)( 64,210,103)( 65,186,126)
            ( 66,162,149)( 67,217, 93)( 68,193,116)( 69,169,139)( 70,224, 83)
            ( 71,200,106)( 72,176,129)( 73,231,152)( 74,207, 96)( 75,183,119)
            ( 76,159,142)( 77,214, 86)( 78,190,109)( 79,166,132) ],
      gmul := 
       [ (  1, 81,161,  4, 84,164,  7, 87,167, 10, 90,170, 13, 93,173, 16, 96,
             176, 19, 99,179, 22,102,182, 25,105,185, 28,108,188, 31,111,191,
              34,114,194, 37,117,197, 40,120,200, 43,123,203, 46,126,206, 49,
             129,209, 52,132,212, 55,135,215, 58,138,218, 61,141,221, 64,144,
             224, 67,147,227, 70,150,230, 73,153,233, 76,156,236, 79, 80,160,
               3, 83,163,  6, 86,166,  9, 89,169, 12, 92,172, 15, 95,175, 18,
              98,178, 21,101,181, 24,104,184, 27,107,187, 30,110,190, 33,113,
             193, 36,116,196, 39,119,199, 42,122,202, 45,125,205, 48,128,208,
              51,131,211, 54,134,214, 57,137,217, 60,140,220, 63,143,223, 66,
             146,226, 69,149,229, 72,152,232, 75,155,235, 78,158,159,  2, 82,
             162,  5, 85,165,  8, 88,168, 11, 91,171, 14, 94,174, 17, 97,177,
              20,100,180, 23,103,183, 26,106,186, 29,109,189, 32,112,192, 35,
             115,195, 38,118,198, 41,121,201, 44,124,204, 47,127,207, 50,130,
             210, 53,133,213, 56,136,216, 59,139,219, 62,142,222, 65,145,225,
              68,148,228, 71,151,231, 74,154,234, 77,157,237) ],
      p := (  2,159,196,223,209,108, 32, 67, 27,160, 72, 64, 10,216,131,133,
         132,150,179, 55,182, 92,168,145,226,166, 29,194,184,135, 96,202, 33,
           6, 58,217,113,107,236, 91, 78, 20,119,  4, 41, 81,155,189, 16)
        (  3, 23, 79,138, 13, 63,197,213,144,207, 48, 14,102,212,126, 60,172,
          83, 93,186, 70, 84,154,173, 65, 28,177,139, 74,101,195,205, 90, 17,
         120, 25,221, 73,103,229,231,130, 15, 62,215,149,183,153,235,109, 50,
          57,200,192,167,147,165,  9,199,210,105,193,187, 52,225,227,188, 34,
         124, 43, 98,219, 30,176,122,140, 56,180, 94,185,117,125, 82, 54,163,
         129,116,  7, 40, 42, 59,234, 87, 71, 44, 76)(  5, 80, 37,142,190,230,
         112, 68, 46, 97,222,191,169, 26,220, 12, 45,115, 66,146,224,206, 88,
          53,164,128, 77,121,143,208, 69, 85,136,157,232,127, 99,161,111, 49,
          75, 61,233,148,162, 11,198,228,170, 47,158,214,134,114,106,175,100,
         178,156,171, 86,118,123, 21, 36, 24,203,151,201,174,104,211,  8,181,
         110, 89, 35)( 18, 19,137, 31,237,152,218, 95,204, 51, 39, 22)
        ( 38,141),
      q := (  2, 80, 44,  5,159,122,178,162, 70,234,231,188, 47,160,  9,119,
          77,197,105,125,236,227,130, 66,172,235,209,210,213,174,214,184,183,
         165, 72, 17,198, 90, 64, 71, 37,176,196, 95,114,212,192,151,117,193,
         131,185,201,144,111, 32, 14,216,187, 29,124, 38,177,179, 26, 98, 99,
         157, 86,200,126, 21, 45,203,167,171,232,191,149,135,222,127,219, 51,
          42, 22, 63,121,175,218,223,109, 31, 81,163,189, 65, 53,154,145, 92,
         150,139,  7, 41,237,166, 52, 93,132,168,173, 16, 79,180,224,112, 13,
          18, 62,103, 89, 46,221,  8,137, 50, 24,115, 15, 19,181,208, 12, 36,
          57,118,195,113,211, 73,215,169, 55,136,161,207, 33, 75, 20,199,108,
          49,  6, 23)(  3, 58,101,123, 60,146, 94,133,186, 11,120, 56,138, 68,
         35, 76, 78, 61, 85,182,226,152,100,140, 25, 97, 96,116, 74,217,205,
         228,148,156,147,153, 83,225, 91)(  4, 40, 39, 59, 84,164,190, 88, 28,
         141, 43,220, 69,233,170, 34,194,134,204, 30,142,128)( 10,102,106,143,
         110,229, 87)( 27,158,104,107, 82)( 48, 67, 54,155,129,202)(206,230) )
    , rec(
      gadd := 
       [ (  1, 60, 40, 20, 79, 59, 39, 19, 78, 58, 38, 18, 77, 57, 37, 17, 76,
             56, 36, 16, 75, 55, 35, 15, 74, 54, 34, 14, 73, 53, 33, 13, 72,
              52, 32, 12, 71, 51, 31, 11, 70, 50, 30, 10, 69, 49, 29,  9, 68,
              48, 28,  8, 67, 47, 27,  7, 66, 46, 26,  6, 65, 45, 25,  5, 64,
              44, 24,  4, 63, 43, 23,  3, 62, 42, 22,  2, 61, 41, 21)
            ( 80,139,119, 99,158,138,118, 98,157,137,117, 97,156,136,116, 96,
             155,135,115, 95,154,134,114, 94,153,133,113, 93,152,132,112, 92,
             151,131,111, 91,150,130,110, 90,149,129,109, 89,148,128,108, 88,
             147,127,107, 87,146,126,106, 86,145,125,105, 85,144,124,104, 84,
             143,123,103, 83,142,122,102, 82,141,121,101, 81,140,120,100)
            (159,218,198,178,237,217,197,177,236,216,196,176,235,215,195,175,
             234,214,194,174,233,213,193,173,232,212,192,172,231,211,191,171,
             230,210,190,170,229,209,189,169,228,208,188,168,227,207,187,167,
             226,206,186,166,225,205,185,165,224,204,184,164,223,203,183,163,
             222,202,182,162,221,201,181,161,220,200,180,160,219,199,179), 
          (  1,158,214)(  2,102,190)(  3,125,166)(  4,148,221)(  5, 92,197)
            (  6,115,173)(  7,138,228)(  8, 82,204)(  9,105,180)( 10,128,235)
            ( 11,151,211)( 12, 95,187)( 13,118,163)( 14,141,218)( 15, 85,194)
            ( 16,108,170)( 17,131,225)( 18,154,201)( 19, 98,177)( 20,121,232)
            ( 21,144,208)( 22, 88,184)( 23,111,160)( 24,134,215)( 25,157,191)
            ( 26,101,167)( 27,124,222)( 28,147,198)( 29, 91,174)( 30,114,229)
            ( 31,137,205)( 32, 81,181)( 33,104,236)( 34,127,212)( 35,150,188)
            ( 36, 94,164)( 37,117,219)( 38,140,195)( 39, 84,171)( 40,107,226)
            ( 41,130,202)( 42,153,178)( 43, 97,233)( 44,120,209)( 45,143,185)
            ( 46, 87,161)( 47,110,216)( 48,133,192)( 49,156,168)( 50,100,223)
            ( 51,123,199)( 52,146,175)( 53, 90,230)( 54,113,206)( 55,136,182)
            ( 56, 80,237)( 57,103,213)( 58,126,189)( 59,149,165)( 60, 93,220)
            ( 61,116,196)( 62,139,172)( 63, 83,227)( 64,106,203)( 65,129,179)
            ( 66,152,234)( 67, 96,210)( 68,119,186)( 69,142,162)( 70, 86,217)
            ( 71,109,193)( 72,132,169)( 73,155,224)( 74, 99,200)( 75,122,176)
            ( 76,145,231)( 77, 89,207)( 78,112,183)( 79,135,159) ],
      gmul := 
       [ (  1, 81,205,  8, 84,195, 15, 87,185, 22, 90,175, 29, 93,165, 36, 96,
             234, 43, 99,224, 50,102,214, 57,105,204, 64,108,194, 71,111,184,
              78,114,174,  6,117,164, 13,120,233, 20,123,223, 27,126,213, 34,
             129,203, 41,132,193, 48,135,183, 55,138,173, 62,141,163, 69,144,
             232, 76,147,222,  4,150,212, 11,153,202, 18,156,192, 25, 80,182,
              32, 83,172, 39, 86,162, 46, 89,231, 53, 92,221, 60, 95,211, 67,
              98,201, 74,101,191,  2,104,181,  9,107,171, 16,110,161, 23,113,
             230, 30,116,220, 37,119,210, 44,122,200, 51,125,190, 58,128,180,
              65,131,170, 72,134,160, 79,137,229,  7,140,219, 14,143,209, 21,
             146,199, 28,149,189, 35,152,179, 42,155,169, 49,158,159, 56, 82,
             228, 63, 85,218, 70, 88,208, 77, 91,198,  5, 94,188, 12, 97,178,
              19,100,168, 26,103,237, 33,106,227, 40,109,217, 47,112,207, 54,
             115,197, 61,118,187, 68,121,177, 75,124,167,  3,127,236, 10,130,
             226, 17,133,216, 24,136,206, 31,139,196, 38,142,186, 45,145,176,
              52,148,166, 59,151,235, 66,154,225, 73,157,215) ],
      p := (  2, 80, 96, 69,114, 44,170,102, 67,142, 19,223, 47,152,  3, 30,
         182,154,217, 68,157,105, 32,  9, 75, 45,208,199,169, 55,177,126,  7,
         116,143,121,101,211,228, 29, 89,205,  5,159, 78, 36,122,137, 37,158,
          73, 20,  6, 51, 16, 87, 43, 88, 90, 66,204, 79, 41, 70, 64, 38, 35,
         107,232,213, 58,226, 84, 27,162,195, 76,165,136,190)(  4,200,160, 99,
         60,133,179, 71,186,135,134, 21, 22, 81,132, 82,234, 18,185,156,148,
          31, 11,197, 28, 46, 56, 40, 65,166, 93)(  8,115, 49,125,188,183,176,
         48, 72, 15,151,216,112, 14,174, 57,130,178,164,224,225,184,222,187,
          39,171,138,110,113,201, 92,141,207,103, 98,144,100, 95,192, 53, 54,
         227,120,209,237, 63,109,219,236,155, 26,212, 42,131, 77,203, 85,117,
          74,108,181)( 10,124,229, 34,189,221,127, 12, 59, 17,123, 94,163,233,
         13,215,161, 24,150,196, 23,235,172,214,119,218,198,210, 91,145)
        ( 33,230,111,149,139,191,104,231,147,206,146,168, 50,220, 52,106,153,
         118,180,175, 62, 61,167,129, 97, 86,194,202,128,140)( 83,193),
      q := (  2,159,  3, 51, 65, 90, 15,185,228, 52,193,169, 26, 88,166,176,
          33,125,144,173,100,209,135,181, 73, 61,114, 37,182,195,  5, 80,186,
         237, 18,151,105, 49,230,236,172,136,113,140, 48,  9,  6, 30,158,  8,
         223, 34, 89,157,216,213, 23, 87, 38, 46, 25, 56, 41, 11,123,232,112,
          67,234, 63,203,202,161, 57,194, 85,177,207,183, 93, 77,109, 98,188,
         103,219,111,231,198,119,153,233, 68,205, 76,145, 71, 96, 12, 22,215,
         128,201,199, 83,106,218,147,102, 14,124,101,143,164,139,137, 44,107,
          94, 97,179, 10,174, 24,208, 92,178,121,229, 47,162,154,129,163,118,
         110,190, 79, 40, 16,235,155, 55,117,  7,200,104,149,224, 84, 54,132,
         192, 28, 35,170,206,221,184, 91,165,214,210,222,120, 95, 82,142, 62,
          20, 75, 36,220, 29,189,146,138,180,148, 50,122,191,160,196, 58,108,
         134, 60,204)(  4,116,211,156,175, 19,115, 32, 72, 66,133, 86,130,141,
         126, 74,226,225,127, 69,167,217, 13, 81,227,187, 42,171,168, 31, 70,
