NCBRACES[63] := [ rec(
      gadd := 
       [ ( 1,22,43, 8,29,50,15,36,57)( 2,24,47, 9,31,54,16,38,61)
            ( 3,26,44,10,33,51,17,40,58)( 4,28,48,11,35,55,18,42,62)
            ( 5,23,45,12,30,52,19,37,59)( 6,25,49,13,32,56,20,39,63)
            ( 7,27,46,14,34,53,21,41,60), 
          ( 1, 2, 3, 4, 5, 6, 7)( 8, 9,10,11,12,13,14)(15,16,17,18,19,20,21)
            (22,23,24,25,26,27,28)(29,30,31,32,33,34,35)(36,37,38,39,40,41,42)
            (43,44,45,46,47,48,49)(50,51,52,53,54,55,56)(57,58,59,60,61,62,63
             ) ],
      gmul := 
       [ ( 1,22,50, 8,29,57,15,36,43)( 2,24,54, 9,31,61,16,38,47)
            ( 3,26,51,10,33,58,17,40,44)( 4,28,55,11,35,62,18,42,48)
            ( 5,23,52,12,30,59,19,37,45)( 6,25,56,13,32,63,20,39,49)
            ( 7,27,53,14,34,60,21,41,46), 
          ( 1, 2, 3, 4, 5, 6, 7)( 8, 9,10,11,12,13,14)(15,16,17,18,19,20,21)
            (22,23,24,25,26,27,28)(29,30,31,32,33,34,35)(36,37,38,39,40,41,42)
            (43,44,45,46,47,48,49)(50,51,52,53,54,55,56)(57,58,59,60,61,62,63
             ) ],
      p := ( 2,22,12,23,26,55, 9,36,39,62,17, 7, 5,43,16,25)( 3,15,19,11,29,
         37,21,45,32,35,24,47,49,44,53,33,30,56,13,18,46)( 6, 8,50)
        (10,28,42,61,31,27,52,38,60,58,63,20,48,14,57)(34,51,41,40,59),
      q := ( 2,43,14,29,53,62,13,12,46, 6,15,11,57,20,26,40,32,61,63,10,47,24,
         28,54,42,35,49,27,39,33,60,34,41,55,21,25, 7, 4, 5,22,18,23,48,16,45,
         59,58,31,44,37, 9,50, 3, 8,36,52,56,17)(30,38) ), rec(
      gadd := 
       [ ( 1,22,43, 8,29,50,15,36,57)( 2,24,47, 9,31,54,16,38,61)
            ( 3,26,44,10,33,51,17,40,58)( 4,28,48,11,35,55,18,42,62)
            ( 5,23,45,12,30,52,19,37,59)( 6,25,49,13,32,56,20,39,63)
            ( 7,27,46,14,34,53,21,41,60), 
          ( 1, 2, 3, 4, 5, 6, 7)( 8, 9,10,11,12,13,14)(15,16,17,18,19,20,21)
            (22,23,24,25,26,27,28)(29,30,31,32,33,34,35)(36,37,38,39,40,41,42)
            (43,44,45,46,47,48,49)(50,51,52,53,54,55,56)(57,58,59,60,61,62,63
             ) ],
      gmul := 
       [ ( 1,22,50, 8,29,57,15,36,43)( 2,23,51, 9,30,58,16,37,44)
            ( 3,24,52,10,31,59,17,38,45)( 4,25,53,11,32,60,18,39,46)
            ( 5,26,54,12,33,61,19,40,47)( 6,27,55,13,34,62,20,41,48)
            ( 7,28,56,14,35,63,21,42,49), 
          ( 1, 2, 3, 4, 5, 6, 7)( 8, 9,10,11,12,13,14)(15,16,17,18,19,20,21)
            (22,24,26,28,23,25,27)(29,31,33,35,30,32,34)(36,38,40,42,37,39,41)
            (43,47,44,48,45,49,46)(50,54,51,55,52,56,53)(57,61,58,62,59,63,60
             ) ],
      p := ( 2,22,12,26,53,30,56,20,46,35, 3,15,19,11,29,40,61,10,25)
        ( 5,43,16,28,39,60,58,13,18,48,14,57,17, 7)( 6, 8,50,49,44,55, 9,36,
         42,59,63,31)(21,47,27,54,52,38,62,34,51,41,37)(24,45),
      q := ( 2,43,14,29,55,21,28,52,56,10,45,49,27,42,32,59,31, 3, 8,36,54,39,
         30,38,33,62,58,17)( 4, 5,22,18,26,37, 9,50,24,25, 7)( 6,15,11,57,13,
         12,48,16,47,44,40,35)(20,23,46,61)(34,41,53,60) ), rec(
      gadd := 
       [ ( 1,22,43, 8,29,50,15,36,57)( 2,24,47, 9,31,54,16,38,61)
            ( 3,26,44,10,33,51,17,40,58)( 4,28,48,11,35,55,18,42,62)
            ( 5,23,45,12,30,52,19,37,59)( 6,25,49,13,32,56,20,39,63)
            ( 7,27,46,14,34,53,21,41,60), 
          ( 1, 2, 3, 4, 5, 6, 7)( 8, 9,10,11,12,13,14)(15,16,17,18,19,20,21)
            (22,23,24,25,26,27,28)(29,30,31,32,33,34,35)(36,37,38,39,40,41,42)
            (43,44,45,46,47,48,49)(50,51,52,53,54,55,56)(57,58,59,60,61,62,63
             ) ],
      gmul := 
       [ ( 1,22,57, 8,29,43,15,36,50)( 2,24,61, 9,31,47,16,38,54)
            ( 3,26,58,10,33,44,17,40,51)( 4,28,62,11,35,48,18,42,55)
            ( 5,23,59,12,30,45,19,37,52)( 6,25,63,13,32,49,20,39,56)
            ( 7,27,60,14,34,46,21,41,53), 
          ( 1, 2, 3, 4, 5, 6, 7)( 8, 9,10,11,12,13,14)(15,16,17,18,19,20,21)
            (22,23,24,25,26,27,28)(29,30,31,32,33,34,35)(36,37,38,39,40,41,42)
            (43,44,45,46,47,48,49)(50,51,52,53,54,55,56)(57,58,59,60,61,62,63
             ) ],
      p := ( 2,43,53,54,40,26,28,62,58,38,25)( 3,15,46,31, 6, 8,22,12,45,14,
         19,35)( 5,29,59,17,32,55, 9,57,20,36,60,13,18,11,50,42,44,49,56,41,
         16, 7)(10,48,34,24,33,52,51,37,21,30,27,23,47,39,61),
      q := ( 2,29,39,42,34,56,58,63,38,52,27,53,28,40,55,21,46,49,24,48,44,31,
         3, 8,50,61,20,57,10,33,25, 7, 4, 5,43,23,35, 6,15,30,51,60,17,45,16)
        ( 9,36,37)(11,22,18,19,47,59,13,12,32,26,54,62,41,14) ), rec(
      gadd := 
       [ ( 1,22,43, 8,29,50,15,36,57)( 2,24,47, 9,31,54,16,38,61)
            ( 3,26,44,10,33,51,17,40,58)( 4,28,48,11,35,55,18,42,62)
            ( 5,23,45,12,30,52,19,37,59)( 6,25,49,13,32,56,20,39,63)
            ( 7,27,46,14,34,53,21,41,60), 
          ( 1, 2, 3, 4, 5, 6, 7)( 8, 9,10,11,12,13,14)(15,16,17,18,19,20,21)
            (22,23,24,25,26,27,28)(29,30,31,32,33,34,35)(36,37,38,39,40,41,42)
            (43,44,45,46,47,48,49)(50,51,52,53,54,55,56)(57,58,59,60,61,62,63
             ) ],
      gmul := 
       [ ( 1,22,57, 8,29,43,15,36,50)( 2,23,58, 9,30,44,16,37,51)
            ( 3,24,59,10,31,45,17,38,52)( 4,25,60,11,32,46,18,39,53)
            ( 5,26,61,12,33,47,19,40,54)( 6,27,62,13,34,48,20,41,55)
            ( 7,28,63,14,35,49,21,42,56), 
          ( 1, 2, 3, 4, 5, 6, 7)( 8, 9,10,11,12,13,14)(15,16,17,18,19,20,21)
            (22,24,26,28,23,25,27)(29,31,33,35,30,32,34)(36,38,40,42,37,39,41)
            (43,47,44,48,45,49,46)(50,54,51,55,52,56,53)(57,61,58,62,59,63,60
             ) ],
      p := ( 2,43, 3,15,48, 6, 8,22,12,47,42,55, 9,57,17,35,44,34,24,30,27,26,
         25)( 5,29,61,58,41,16, 7)(10,46,31,49,56,20,36,62)(11,50,39,59,63,13,
         18)(14,19,32,53,52,51,40,23,45)(21,33,54,37)(28,60,38),
      q := ( 2,29,42,26,52,27,55,21,48, 3, 8,50,59,38,54,60,63,17,47,61,41,14,
         11,22,18,19,45,16)( 4, 5,43, 6,15,33,28,37, 9,36,40,53,25, 7)
        (10,30,51,62,20,57,13,12,35,34,56)(23,32)(24,46,49) ), rec(
      gadd := 
       [ ( 1,22,43, 8,29,50,15,36,57)( 2,24,47, 9,31,54,16,38,61)
            ( 3,26,44,10,33,51,17,40,58)( 4,28,48,11,35,55,18,42,62)
            ( 5,23,45,12,30,52,19,37,59)( 6,25,49,13,32,56,20,39,63)
            ( 7,27,46,14,34,53,21,41,60), 
          ( 1, 2, 3, 4, 5, 6, 7)( 8, 9,10,11,12,13,14)(15,16,17,18,19,20,21)
            (22,23,24,25,26,27,28)(29,30,31,32,33,34,35)(36,37,38,39,40,41,42)
            (43,44,45,46,47,48,49)(50,51,52,53,54,55,56)(57,58,59,60,61,62,63
             ) ],
      gmul := 
       [ ( 1,22,43, 8,29,50,15,36,57)( 2,23,44, 9,30,51,16,37,58)
            ( 3,24,45,10,31,52,17,38,59)( 4,25,46,11,32,53,18,39,60)
            ( 5,26,47,12,33,54,19,40,61)( 6,27,48,13,34,55,20,41,62)
            ( 7,28,49,14,35,56,21,42,63), 
          ( 1, 2, 3, 4, 5, 6, 7)( 8, 9,10,11,12,13,14)(15,16,17,18,19,20,21)
            (22,24,26,28,23,25,27)(29,31,33,35,30,32,34)(36,38,40,42,37,39,41)
            (43,47,44,48,45,49,46)(50,54,51,55,52,56,53)(57,61,58,62,59,63,60
             ) ],
      p := ( 2,50,39,45,14,19,32,60,38,28,46,31,56,20,36,48, 6, 8,22,12,54,37,
         21,33,61,44,34,24,30,27,26,25)( 3,15,55, 9,43)( 5,29,47,42,62,10,53,
         59,49,63,13,18,11,57,17,35,51,40,23,52,58,41,16, 7),
      q := ( 2,29,42,26,59,38,61,41,14,11,22,18,19,52,27,62,20,43, 6,15,33,28,
         37, 9,36,40,60,49,24,53,25, 7, 4, 5,50,45,16)( 3, 8,57,13,12,35,34,
         63,17,54,46,56,10,30,58,44,51,48)(21,55)(23,32) ), rec(
      gadd := 
       [ ( 1,22,43, 8,29,50,15,36,57)( 2,24,47, 9,31,54,16,38,61)
            ( 3,26,44,10,33,51,17,40,58)( 4,28,48,11,35,55,18,42,62)
            ( 5,23,45,12,30,52,19,37,59)( 6,25,49,13,32,56,20,39,63)
            ( 7,27,46,14,34,53,21,41,60), 
          ( 1, 2, 3, 4, 5, 6, 7)( 8, 9,10,11,12,13,14)(15,16,17,18,19,20,21)
            (22,23,24,25,26,27,28)(29,30,31,32,33,34,35)(36,37,38,39,40,41,42)
            (43,44,45,46,47,48,49)(50,51,52,53,54,55,56)(57,58,59,60,61,62,63
             ) ],
      gmul := 
       [ ( 1,22,43, 8,29,50,15,36,57)( 2,24,47, 9,31,54,16,38,61)
            ( 3,26,44,10,33,51,17,40,58)( 4,28,48,11,35,55,18,42,62)
            ( 5,23,45,12,30,52,19,37,59)( 6,25,49,13,32,56,20,39,63)
            ( 7,27,46,14,34,53,21,41,60), 
          ( 1, 2, 3, 4, 5, 6, 7)( 8, 9,10,11,12,13,14)(15,16,17,18,19,20,21)
            (22,23,24,25,26,27,28)(29,30,31,32,33,34,35)(36,37,38,39,40,41,42)
            (43,44,45,46,47,48,49)(50,51,52,53,54,55,56)(57,58,59,60,61,62,63
             ) ],
      p := ( 2,36,32,28,35,38,60,58,63,20,48,14,57,10,42,61,24,47,49,44,53,26,
         55, 9,29,30,56,13,18,46, 3,15,19,11,22,12,37,21,45,25)
        ( 5,43,16,39,62,17, 7)( 6, 8,50)(23,40,59,27,52,31,41,33)(34,51),
      q := ( 2,43,14,22,18,37, 9,50, 3, 8,29,53,62,13,12,46, 6,15,11,57,20,40,
         25, 7, 4, 5,36,52,56,17)(10,47,38,23,48,16,45,59,58,24,42,28,54,35,
         49,41,55,21,39,26,33,60,27,32,61,63)(30,31,44) ), rec(
      gadd := 
       [ ( 1,22,43, 8,29,50,15,36,57)( 2,24,47, 9,31,54,16,38,61)
            ( 3,26,44,10,33,51,17,40,58)( 4,28,48,11,35,55,18,42,62)
            ( 5,23,45,12,30,52,19,37,59)( 6,25,49,13,32,56,20,39,63)
            ( 7,27,46,14,34,53,21,41,60), 
          ( 1, 2, 3, 4, 5, 6, 7)( 8, 9,10,11,12,13,14)(15,16,17,18,19,20,21)
            (22,23,24,25,26,27,28)(29,30,31,32,33,34,35)(36,37,38,39,40,41,42)
            (43,44,45,46,47,48,49)(50,51,52,53,54,55,56)(57,58,59,60,61,62,63
             ) ],
      gmul := 
       [ ( 1,22,50, 8,29,57,15,36,43)( 2,26,52, 9,33,59,16,40,45)
            ( 3,23,54,10,30,61,17,37,47)( 4,27,56,11,34,63,18,41,49)
            ( 5,24,51,12,31,58,19,38,44)( 6,28,53,13,35,60,20,42,46)
            ( 7,25,55,14,32,62,21,39,48), 
          ( 1, 2, 3, 4, 5, 6, 7)( 8, 9,10,11,12,13,14)(15,16,17,18,19,20,21)
            (22,23,24,25,26,27,28)(29,30,31,32,33,34,35)(36,37,38,39,40,41,42)
            (43,44,45,46,47,48,49)(50,51,52,53,54,55,56)(57,58,59,60,61,62,63
             ) ],
      p := ( 2,22,12,24,47,28,41,40,58,13,18,46,32,34,52,37,21,44,53,33,31, 6,
         8,50,48,14,57,17, 7, 5,43,16,25)( 3,15,19,11,29,38,60,59,62,35)
        ( 9,36,39,63,30,55)(10,27,51,42,61)(20,49,45,23,26,56),
      q := ( 2,43,14,29,53,63,62,59,30,37, 9,50,23,49,28,54,41,56,10,47,45,48,
         16,44,38,31, 3, 8,36,51,52,55,21,25, 7, 4, 5,22,18,24,27,39,33,60,35,
         6,15,11,57,13,12,46,58,17)(20,26,40,32,61)(34,42) ), rec(
      gadd := 
       [ ( 1,22,43, 8,29,50,15,36,57)( 2,24,47, 9,31,54,16,38,61)
            ( 3,26,44,10,33,51,17,40,58)( 4,28,48,11,35,55,18,42,62)
            ( 5,23,45,12,30,52,19,37,59)( 6,25,49,13,32,56,20,39,63)
            ( 7,27,46,14,34,53,21,41,60), 
          ( 1, 2, 3, 4, 5, 6, 7)( 8, 9,10,11,12,13,14)(15,16,17,18,19,20,21)
            (22,23,24,25,26,27,28)(29,30,31,32,33,34,35)(36,37,38,39,40,41,42)
            (43,44,45,46,47,48,49)(50,51,52,53,54,55,56)(57,58,59,60,61,62,63
             ) ],
      gmul := 
       [ ( 1,24,58,11,30,49,21,36,54, 3,28,59,13,34,43,16,40,55, 5,25,60, 8,
             31,44,18,37,56, 7,22,61,10,35,45,20,41,50, 2,26,62,12,32,46,15,
             38,51, 4,23,63,14,29,47,17,42,52, 6,27,57, 9,33,48,19,39,53) ],
      p := ( 2,43,61,56,26,46,54,32, 3,15, 7, 5,29,47,49,20,12,45,53,38, 9,57,
         25,59,63,39, 6, 8,22,28,52,41,24,62,40,27,55,13,18,36,37,31,16,35,42,
         60,51,10,48,17,11,50,33,34,14,19,30,21),
      q := ( 2,29,34,16,45,24,37,46,27,23,55,17,19,48,13,12,35,59,40,54,44,32,
         6,15)( 3, 8,50,49,10,30, 9,36,62,63,58,39)( 4, 5,43,41,53,60,25,42,
         38,21, 7)(11,22,52,61,26,31,14)(18,57,51,20)(33,47) ), rec(
      gadd := 
       [ ( 1,22,43, 8,29,50,15,36,57)( 2,24,47, 9,31,54,16,38,61)
            ( 3,26,44,10,33,51,17,40,58)( 4,28,48,11,35,55,18,42,62)
            ( 5,23,45,12,30,52,19,37,59)( 6,25,49,13,32,56,20,39,63)
            ( 7,27,46,14,34,53,21,41,60), 
          ( 1, 2, 3, 4, 5, 6, 7)( 8, 9,10,11,12,13,14)(15,16,17,18,19,20,21)
            (22,23,24,25,26,27,28)(29,30,31,32,33,34,35)(36,37,38,39,40,41,42)
            (43,44,45,46,47,48,49)(50,51,52,53,54,55,56)(57,58,59,60,61,62,63
             ) ],
      gmul := 
       [ ( 1,23,59,11,33,48,21,36,51, 3,25,61,13,35,43,16,38,53, 5,27,63, 8,
             30,45,18,40,55, 7,22,58,10,32,47,20,42,50, 2,24,60,12,34,49,15,
             37,52, 4,26,62,14,29,44,17,39,54, 6,28,57, 9,31,46,19,41,56) ],
      p := ( 2,43,58,59,62,38, 9,57,27,53,37,30,21)( 3,15, 7, 5,29,44,45,56,
         24,60,52,42,63,41,23,26,49,20,12,47,48,17,11,50,31,16,32)
        ( 6, 8,22,25,61,55,13,18,36,40,28,54,34,14,19,33,35,39)(10,46,51),
      q := ( 2,29,35,61,24,40,51,20,18,57,52,58,41,56,55,17,19,46,28,25,39, 3,
         8,50,48,13,12,32, 6,15)( 4, 5,43,42,37,49,10,33,44,34,16,47,31,14,11,
         22,54,45,23,53,63,59,38,21, 7)( 9,36,60,27,26,30) ), rec(
      gadd := 
       [ ( 1,22,43, 8,29,50,15,36,57)( 2,24,47, 9,31,54,16,38,61)
            ( 3,26,44,10,33,51,17,40,58)( 4,28,48,11,35,55,18,42,62)
            ( 5,23,45,12,30,52,19,37,59)( 6,25,49,13,32,56,20,39,63)
            ( 7,27,46,14,34,53,21,41,60), 
          ( 1, 2, 3, 4, 5, 6, 7)( 8, 9,10,11,12,13,14)(15,16,17,18,19,20,21)
            (22,23,24,25,26,27,28)(29,30,31,32,33,34,35)(36,37,38,39,40,41,42)
            (43,44,45,46,47,48,49)(50,51,52,53,54,55,56)(57,58,59,60,61,62,63
             ) ],
      gmul := 
       [ ( 1,22,50, 8,29,57,15,36,43)( 2,26,52, 9,33,59,16,40,45)
            ( 3,23,54,10,30,61,17,37,47)( 4,27,56,11,34,63,18,41,49)
            ( 5,24,51,12,31,58,19,38,44)( 6,28,53,13,35,60,20,42,46)
            ( 7,25,55,14,32,62,21,39,48), 
          ( 1, 2, 3, 4, 5, 6, 7)( 8, 9,10,11,12,13,14)(15,16,17,18,19,20,21)
            (22,24,26,28,23,25,27)(29,31,33,35,30,32,34)(36,38,40,42,37,39,41)
            (43,47,44,48,45,49,46)(50,54,51,55,52,56,53)(57,61,58,62,59,63,60
             ) ],
      p := ( 2,22,12,24,45,35,26,56,13,18,48,14,57,10,27,51,39,63,20,49,47,46,
         3,15,19,11,29,38,62,17, 7, 5,43,16,28,41,37,21,44,55, 9,36,42,59,32,
         34,54,52,40,58,60,61,33,31,25)( 6, 8,50)(30,53),
      q := ( 2,43,14,29,55,21,28,52,53,63,10,45,58,33,62,13,12,48,16,44,38,31,
         47,26,37, 9,50, 3, 8,36,51,54,41,56,17)( 4, 5,22,18,24,27,42,34,39,
         30,40,35,46, 6,15,11,57,20,23,49,25, 7)(32,59,61,60) ), rec(
      gadd := 
       [ ( 1,22,43, 8,29,50,15,36,57)( 2,24,47, 9,31,54,16,38,61)
            ( 3,26,44,10,33,51,17,40,58)( 4,28,48,11,35,55,18,42,62)
            ( 5,23,45,12,30,52,19,37,59)( 6,25,49,13,32,56,20,39,63)
            ( 7,27,46,14,34,53,21,41,60), 
          ( 1, 2, 3, 4, 5, 6, 7)( 8, 9,10,11,12,13,14)(15,16,17,18,19,20,21)
            (22,23,24,25,26,27,28)(29,30,31,32,33,34,35)(36,37,38,39,40,41,42)
            (43,44,45,46,47,48,49)(50,51,52,53,54,55,56)(57,58,59,60,61,62,63
             ) ],
      gmul := 
       [ ( 1,22,57, 8,29,43,15,36,50)( 2,26,59, 9,33,45,16,40,52)
            ( 3,23,61,10,30,47,17,37,54)( 4,27,63,11,34,49,18,41,56)
            ( 5,24,58,12,31,44,19,38,51)( 6,28,60,13,35,46,20,42,53)
            ( 7,25,62,14,32,48,21,39,55), 
          ( 1, 2, 3, 4, 5, 6, 7)( 8, 9,10,11,12,13,14)(15,16,17,18,19,20,21)
            (22,23,24,25,26,27,28)(29,30,31,32,33,34,35)(36,37,38,39,40,41,42)
            (43,44,45,46,47,48,49)(50,51,52,53,54,55,56)(57,58,59,60,61,62,63
             ) ],
      p := ( 2,43, 3,15,46,30,28,63,13,18,11,50,41,16, 7, 5,29,58,42,53,54,40,
         26,27,24,33,51,38,25)( 6, 8,22,12,44,35,45,14,19,34,23,47,39,61,59,
         62,10,49,55, 9,57,17,32,56,20,36,60,37,21,31,48),
      q := ( 2,29,39,41,14,11,22,18,19,47,58,59,37, 9,36,38,51,60,62,20,57,13,
         12,32,26,54,63,17,44,45,16)( 3, 8,50,61,42,24,49,23,34,55,21,46,48)
        ( 4, 5,43, 6,15,31,30,52,28,40,56,10,33,25, 7)(27,53) ), rec(
      gadd := 
       [ ( 1,22,43, 8,29,50,15,36,57)( 2,24,47, 9,31,54,16,38,61)
            ( 3,26,44,10,33,51,17,40,58)( 4,28,48,11,35,55,18,42,62)
            ( 5,23,45,12,30,52,19,37,59)( 6,25,49,13,32,56,20,39,63)
            ( 7,27,46,14,34,53,21,41,60), 
          ( 1, 2, 3, 4, 5, 6, 7)( 8, 9,10,11,12,13,14)(15,16,17,18,19,20,21)
            (22,23,24,25,26,27,28)(29,30,31,32,33,34,35)(36,37,38,39,40,41,42)
            (43,44,45,46,47,48,49)(50,51,52,53,54,55,56)(57,58,59,60,61,62,63
             ) ],
      gmul := 
       [ ( 1,22,57, 8,29,43,15,36,50)( 2,26,59, 9,33,45,16,40,52)
            ( 3,23,61,10,30,47,17,37,54)( 4,27,63,11,34,49,18,41,56)
            ( 5,24,58,12,31,44,19,38,51)( 6,28,60,13,35,46,20,42,53)
            ( 7,25,62,14,32,48,21,39,55), 
          ( 1, 2, 3, 4, 5, 6, 7)( 8, 9,10,11,12,13,14)(15,16,17,18,19,20,21)
            (22,24,26,28,23,25,27)(29,31,33,35,30,32,34)(36,38,40,42,37,39,41)
            (43,47,44,48,45,49,46)(50,54,51,55,52,56,53)(57,61,58,62,59,63,60
             ) ],
      p := ( 2,43,55, 9,57,20,36,62,61,10,49,53,52,54,37,21,31, 6, 8,22,12,44,
         46,33,51,38,28,63,60,13,18,11,50,41,16, 7, 5,29,58,40,23,45,14,19,34,
         26,27,24,30,25)( 3,15,48,32,56,39,59,17,35)(42,47),
      q := ( 2,29,42,32,23,34,53,27,55,21,48,47,58,60,17,44,33,28,37, 9,36,38,
         51,62,39,41,14,11,22,18,19,45,16)( 3, 8,50,59,13,12,35, 6,15,31)
        ( 4, 5,43,24,49,26,52,25, 7)(10,30,54,63,40,56,61,20,57) ), rec(
      gadd := 
       [ ( 1,22,43, 8,29,50,15,36,57)( 2,24,47, 9,31,54,16,38,61)
            ( 3,26,44,10,33,51,17,40,58)( 4,28,48,11,35,55,18,42,62)
            ( 5,23,45,12,30,52,19,37,59)( 6,25,49,13,32,56,20,39,63)
            ( 7,27,46,14,34,53,21,41,60), 
          ( 1, 2, 3, 4, 5, 6, 7)( 8, 9,10,11,12,13,14)(15,16,17,18,19,20,21)
            (22,23,24,25,26,27,28)(29,30,31,32,33,34,35)(36,37,38,39,40,41,42)
            (43,44,45,46,47,48,49)(50,51,52,53,54,55,56)(57,58,59,60,61,62,63
             ) ],
      gmul := 
       [ ( 1,22,43, 8,29,50,15,36,57)( 2,26,45, 9,33,52,16,40,59)
            ( 3,23,47,10,30,54,17,37,61)( 4,27,49,11,34,56,18,41,63)
            ( 5,24,44,12,31,51,19,38,58)( 6,28,46,13,35,53,20,42,60)
            ( 7,25,48,14,32,55,21,39,62), 
          ( 1, 2, 3, 4, 5, 6, 7)( 8, 9,10,11,12,13,14)(15,16,17,18,19,20,21)
            (22,23,24,25,26,27,28)(29,30,31,32,33,34,35)(36,37,38,39,40,41,42)
            (43,44,45,46,47,48,49)(50,51,52,53,54,55,56)(57,58,59,60,61,62,63
             ) ],
      p := ( 2,36,32,27,51,35, 3,15,19,11,22,12,38,60,59,62,28,34,52,30,55, 9,
         29,31, 6, 8,50,48,14,57,17, 7, 5,43,16,39,63,23,40,58,13,18,46,25)
        (10,41,33,24,47,42,61)(20,49,45,37,21,44,53,26,56),
      q := ( 2,43,14,22,18,38,24,41,56,10,47,45,48,16,44,31, 3, 8,29,53,63,62,
         59,23,49,42,27,32,61,20,40,25, 7, 4, 5,36,51,52,55,21,39,26,33,60,28,
         54,34,35, 6,15,11,57,13,12,46,58,17)( 9,50,37) ), rec(
      gadd := 
       [ ( 1,22,43, 8,29,50,15,36,57)( 2,24,47, 9,31,54,16,38,61)
            ( 3,26,44,10,33,51,17,40,58)( 4,28,48,11,35,55,18,42,62)
            ( 5,23,45,12,30,52,19,37,59)( 6,25,49,13,32,56,20,39,63)
            ( 7,27,46,14,34,53,21,41,60), 
          ( 1, 2, 3, 4, 5, 6, 7)( 8, 9,10,11,12,13,14)(15,16,17,18,19,20,21)
            (22,23,24,25,26,27,28)(29,30,31,32,33,34,35)(36,37,38,39,40,41,42)
            (43,44,45,46,47,48,49)(50,51,52,53,54,55,56)(57,58,59,60,61,62,63
             ) ],
      gmul := 
       [ ( 1,22,43, 8,29,50,15,36,57)( 2,26,45, 9,33,52,16,40,59)
            ( 3,23,47,10,30,54,17,37,61)( 4,27,49,11,34,56,18,41,63)
            ( 5,24,44,12,31,51,19,38,58)( 6,28,46,13,35,53,20,42,60)
            ( 7,25,48,14,32,55,21,39,62), 
          ( 1, 2, 3, 4, 5, 6, 7)( 8, 9,10,11,12,13,14)(15,16,17,18,19,20,21)
            (22,24,26,28,23,25,27)(29,31,33,35,30,32,34)(36,38,40,42,37,39,41)
            (43,47,44,48,45,49,46)(50,54,51,55,52,56,53)(57,61,58,62,59,63,60
             ) ],
      p := ( 2,36,35,40,58,60,61,26,56,13,18,48,14,57,10,41,30,53,23,37,21,44,
         55, 9,29,31,39,63,20,49,47,46, 3,15,19,11,22,12,38,62,17, 7, 5,43,16,
         42,59,25)( 6, 8,50)(24,45,28,34,54,52,33)(27,51,32),
      q := ( 2,43,14,22,18,38,24,41,56,17)( 3, 8,29,55,21,42,27,35,46, 6,15,
         11,57,20,37, 9,50)( 4, 5,36,51,54,34,32,59,61,60,25, 7)
        (10,45,58,26,30,33,62,13,12,48,16,44,31,47,40,28,52,53,63)(23,49,39) )
    , rec(
      gadd := 
       [ ( 1,22,43, 8,29,50,15,36,57)( 2,24,47, 9,31,54,16,38,61)
            ( 3,26,44,10,33,51,17,40,58)( 4,28,48,11,35,55,18,42,62)
            ( 5,23,45,12,30,52,19,37,59)( 6,25,49,13,32,56,20,39,63)
            ( 7,27,46,14,34,53,21,41,60), 
          ( 1, 2, 3, 4, 5, 6, 7)( 8, 9,10,11,12,13,14)(15,16,17,18,19,20,21)
            (22,23,24,25,26,27,28)(29,30,31,32,33,34,35)(36,37,38,39,40,41,42)
            (43,44,45,46,47,48,49)(50,51,52,53,54,55,56)(57,58,59,60,61,62,63
             ) ],
      gmul := 
       [ ( 1,23,45,11,33,55,21,36,58, 3,25,47,13,35,50,16,38,60, 5,27,49, 8,
             30,52,18,40,62, 7,22,44,10,32,54,20,42,57, 2,24,46,12,34,56,15,
             37,59, 4,26,48,14,29,51,17,39,61, 6,28,43, 9,31,53,19,41,63) ],
      p := ( 2,50,31,16,32, 3,15, 7, 5,29,51,10,53,37,30,21)( 6, 8,22,25,47,
         55,13,18,36,40,28,61,62,38, 9,43,44,52,42,49,20,12,54,34,14,19,33,35,
         39)(11,57,27,60,59,48,17)(23,26,56,24,46,58,45,63,41),
      q := ( 2,29,35,47,31,14,11,22,61,24,40,58,41,63,45,23,60,27,26,30, 9,36,
         46,28,25,39, 3, 8,57,59,38,21, 7, 4, 5,50,55,17,19,53,49,10,33,51,20,
         18,43,42,37,56,62,48,13,12,32, 6,15)(16,54,52,44,34) ), rec(
      gadd := 
       [ ( 1,22,43, 8,29,50,15,36,57)( 2,24,47, 9,31,54,16,38,61)
            ( 3,26,44,10,33,51,17,40,58)( 4,28,48,11,35,55,18,42,62)
            ( 5,23,45,12,30,52,19,37,59)( 6,25,49,13,32,56,20,39,63)
            ( 7,27,46,14,34,53,21,41,60), 
          ( 1, 2, 3, 4, 5, 6, 7)( 8, 9,10,11,12,13,14)(15,16,17,18,19,20,21)
            (22,23,24,25,26,27,28)(29,30,31,32,33,34,35)(36,37,38,39,40,41,42)
            (43,44,45,46,47,48,49)(50,51,52,53,54,55,56)(57,58,59,60,61,62,63
             ) ],
      gmul := 
       [ ( 1,23,52,11,33,62,21,36,44, 3,25,54,13,35,57,16,38,46, 5,27,56, 8,
             30,59,18,40,48, 7,22,51,10,32,61,20,42,43, 2,24,53,12,34,63,15,
             37,45, 4,26,55,14,29,58,17,39,47, 6,28,50, 9,31,60,19,41,49) ],
      p := ( 2,22,53,10,25,40,56,52,45,35,49,63,62,59,41,51,20,12,26,28,33,16,
         7, 5,43,37,44,24,39, 6, 8,50,58,38, 9,36,14,57,55,13,18,11,29,23,54,
         48,17,46,30,21)( 3,15,19,47,27,32,61,34)(31,60),
      q := ( 2,43,56,41,42,51,10,47,45,58,55,17,26,44,48,13,12,46,63,31,33,14,
         29,49,30, 9,50,35,23,39, 3, 8,36,16)( 4, 5,22,40,37,28,60,62,34, 6,
         15,11,57,38,21, 7)(18,19,25,53,20)(24,54)(27,61,59,52) ), rec(
      gadd := 
       [ ( 1,22,43, 8,29,50,15,36,57)( 2,24,47, 9,31,54,16,38,61)
            ( 3,26,44,10,33,51,17,40,58)( 4,28,48,11,35,55,18,42,62)
            ( 5,23,45,12,30,52,19,37,59)( 6,25,49,13,32,56,20,39,63)
            ( 7,27,46,14,34,53,21,41,60), 
          ( 1, 2, 3, 4, 5, 6, 7)( 8, 9,10,11,12,13,14)(15,16,17,18,19,20,21)
            (22,23,24,25,26,27,28)(29,30,31,32,33,34,35)(36,37,38,39,40,41,42)
            (43,44,45,46,47,48,49)(50,51,52,53,54,55,56)(57,58,59,60,61,62,63
             ) ],
      gmul := 
       [ ( 1,24,51,11,30,63,21,36,47, 3,28,52,13,34,57,16,40,48, 5,25,53, 8,
             31,58,18,37,49, 7,22,54,10,35,59,20,41,43, 2,26,55,12,32,60,15,
             38,44, 4,23,56,14,29,61,17,42,45, 6,27,50, 9,33,62,19,39,46) ],
      p := ( 2,22,55,13,18,11,29,24,42,41,54,49,60,33,16, 7, 5,43,38, 9,36,14,
         57,56,51,20,12,23,52,44,26,27,35,46,31,62,58,40,53,10,28,30,21)
        ( 3,15,19,45,34)( 6, 8,50,61,32,59,39)(17,48)(25,37,47),
      q := ( 2,43,53,20,18,19,28,62,32,35,24,52,25,55,17,23,42,54,26,47,44,49,
         31,30, 9,50,34, 6,15,11,57,40,38,21, 7, 4, 5,22,37,27,59,51,10,45,61,
         58,56,39, 3, 8,36,16)(12,48,13)(14,29,46,60,63,33) ), rec(
      gadd := 
       [ ( 1,22,43, 8,29,50,15,36,57)( 2,24,47, 9,31,54,16,38,61)
            ( 3,26,44,10,33,51,17,40,58)( 4,28,48,11,35,55,18,42,62)
            ( 5,23,45,12,30,52,19,37,59)( 6,25,49,13,32,56,20,39,63)
            ( 7,27,46,14,34,53,21,41,60), 
          ( 1, 2, 3, 4, 5, 6, 7)( 8, 9,10,11,12,13,14)(15,16,17,18,19,20,21)
            (22,23,24,25,26,27,28)(29,30,31,32,33,34,35)(36,37,38,39,40,41,42)
            (43,44,45,46,47,48,49)(50,51,52,53,54,55,56)(57,58,59,60,61,62,63
             ) ],
      gmul := 
       [ ( 1,24,44,11,30,56,21,36,61, 3,28,45,13,34,50,16,40,62, 5,25,46, 8,
             31,51,18,37,63, 7,22,47,10,35,52,20,41,57, 2,26,48,12,32,53,15,
             38,58, 4,23,49,14,29,54,17,42,59, 6,27,43, 9,33,55,19,39,60) ],
      p := ( 2,36,14,57,56,51,20,12,37,47,39, 6, 8,50,61,25,30,21)
        ( 3,15,19,45,27,28,23,52,44,40,53,10,42,34)( 5,43,31,62,58,33,16, 7)
        ( 9,29,38)(11,22,55,13,18)(17,48)(24,35,46)(26,41,54,49,60)(32,59),
      q := ( 2,43,53,20,18,19,42,54,40,31,23,35,38,21, 7, 4, 5,36,16)
        ( 3, 8,29,46,60,63,26,47,44,49,24,52,39)( 6,15,11,57,33,14,22,30, 9,
         50,27,59,51,10,45,61,58,56,32,28,62,25,55,17,37,41,34)(12,48,13) ), 
  rec(
      gadd := 
       [ ( 1,25,49,11,35,59,21,24,48, 7,31,55,17,41,44, 6,30,54,13,37,61, 2,
             26,50,12,36,60,19,22,46, 8,32,56,18,42,45, 4,28,52,14,38,62, 3,
             27,51,10,34,58,20,23,47, 9,33,57,16,40,43, 5,29,53,15,39,63) ],
      gmul := 
       [ ( 1,25,49,11,35,59,21,24,48, 7,31,55,17,41,44, 6,30,54,13,37,61, 2,
             26,50,12,36,60,19,22,46, 8,32,56,18,42,45, 4,28,52,14,38,62, 3,
             27,51,10,34,58,20,23,47, 9,33,57,16,40,43, 5,29,53,15,39,63) ],
      p := ( 2,22,61,33,60,36,47,31, 8,43,29,28,27,42,38, 9,23,46,30,17,21, 7,
         4,19,48,14, 5,45,39,10,40,58,35,62,56,55,12,25,26,37,51,15,16,63,53,
         50,57,52,59,32,13,20, 6, 3)(11,24,41,49)(18,44,34),
      q := ( 2,45,49,15, 7,19,40,30, 9,44,54,34, 8,24,47,57,36,41,39,13, 6)
        ( 5,22,27,46,58,53,38,17)(10,48,12,63,35,26,51,11,43,59,56,33,28,61,
         55,14,21,16,25,62,32)(18,23,42,50,31)(29,60,52) ), rec(
      gadd := 
       [ ( 1,25,49,11,35,59,21,24,48, 7,31,55,17,41,44, 6,30,54,13,37,61, 2,
             26,50,12,36,60,19,22,46, 8,32,56,18,42,45, 4,28,52,14,38,62, 3,
             27,51,10,34,58,20,23,47, 9,33,57,16,40,43, 5,29,53,15,39,63) ],
      gmul := 
       [ ( 1,25,51,11,35,58,21,24,47, 7,31,57,17,41,43, 6,30,53,13,37,63, 2,
             26,49,12,36,59,19,22,48, 8,32,55,18,42,44, 4,28,54,14,38,61, 3,
             27,50,10,34,60,20,23,46, 9,33,56,16,40,45, 5,29,52,15,39,62) ],
      p := ( 2,24,40,58,34,18,44,36,47,33,60,35,62,56,55,12,27,41,49,11,23,46,
         29,30,17,21, 7, 4,19,48,14, 5,45,38, 9,22,61,32,13,20, 6, 3)
        ( 8,43,28,26,39,10,42,37,51,15,16,63,53,50,57,52,59,31),
      q := ( 2,45,49,15, 7,19,42,50,33,30, 9,44,54,36,40,29,60,52,28,61,55,14,
         21,16,27,46,58,53,37,39,13, 6)( 5,24,47,57,35,25,62,31,18,22,26,51,
         11,43,59,56,32,10,48,12,63,34, 8,23,41,38,17) ), rec(
      gadd := 
       [ ( 1,25,49,11,35,59,21,24,48, 7,31,55,17,41,44, 6,30,54,13,37,61, 2,
             26,50,12,36,60,19,22,46, 8,32,56,18,42,45, 4,28,52,14,38,62, 3,
             27,51,10,34,58,20,23,47, 9,33,57,16,40,43, 5,29,53,15,39,63) ],
      gmul := 
       [ ( 1,22,45, 2,23,43, 3,24,44)( 4,28,57, 5,29,55, 6,30,56)
            ( 7,34,48, 8,35,46, 9,36,47)(10,40,60,11,41,58,12,42,59)
            (13,25,51,14,26,49,15,27,50)(16,31,63,17,32,61,18,33,62)
            (19,37,54,20,38,52,21,39,53), 
          ( 1, 4, 7,10,13,16,19)( 2, 5, 8,11,14,17,20)( 3, 6, 9,12,15,18,21)
            (22,25,28,31,34,37,40)(23,26,29,32,35,38,41)(24,27,30,33,36,39,42)
            (43,46,49,52,55,58,61)(44,47,50,53,56,59,62)(45,48,51,54,57,60,63
             ) ],
      p := ( 2,24,48,10,39,25, 7, 4,19,54,47,62,15,42,41, 8,43,13,20,44,60,50,
         53,26,52,35,36,40,46,51,56,11,23,27,55, 9,22, 6, 3)( 5,45,18,21,57,14
         )(12,30,58,59,31,33,29,28,37,17,63)(32,38,61,34,49),
      q := ( 2,45, 8,23,54,37, 9,44,36,56,15,57,12,63,14,21,42,55,17,30,35,60,
         31,51,40,38,29,62,11,43,10,48,13, 6)( 5,24,39,53,52,58,34,32,46,33,
         61,59,50,25,16, 7,19,27,41,18)(20,22)(28,47) ), rec(
      gadd := 
       [ ( 1,25,49,11,35,59,21,24,48, 7,31,55,17,41,44, 6,30,54,13,37,61, 2,
             26,50,12,36,60,19,22,46, 8,32,56,18,42,45, 4,28,52,14,38,62, 3,
             27,51,10,34,58,20,23,47, 9,33,57,16,40,43, 5,29,53,15,39,63) ],
      gmul := 
       [ ( 1,22,45, 2,23,43, 3,24,44)( 4,34,51, 5,35,49, 6,36,50)
            ( 7,25,57, 8,26,55, 9,27,56)(10,37,63,11,38,61,12,39,62)
            (13,28,48,14,29,46,15,30,47)(16,40,54,17,41,52,18,42,53)
            (19,31,60,20,32,58,21,33,59), 
          ( 1,10,19, 7,16, 4,13)( 2,11,20, 8,17, 5,14)( 3,12,21, 9,18, 6,15)
            (22,31,40,28,37,25,34)(23,32,41,29,38,26,35)(24,33,42,30,39,27,36)
            (43,52,61,49,58,46,55)(44,53,62,50,59,47,56)(45,54,63,51,60,48,57
             ) ],
      p := ( 2,24,48,54,47,62,28,31,10,33,35,13,20,44,39,25, 7, 4,19,60,12,36,
         40,46,57,11,23,27,49,38,61,15,42,30,52,29,34,55, 9,22, 6, 3)
        ( 5,45,18,21,51,50,59,14)( 8,43,41)(17,63,37)(26,58,56,53),
      q := ( 2,45, 8,23,60,14,21,42,54,31,13, 6)( 5,24,33,61,11,43,49,55,17,
         36,50,25,16, 7,19,27,41,18)( 9,44,57,15,51,40,32,46,39,59,12,63,56,
         28,47,34,38,35,10,48,30,29,62,53,58,37)(20,22) ), rec(
      gadd := 
       [ ( 1,25,49,11,35,59,21,24,48, 7,31,55,17,41,44, 6,30,54,13,37,61, 2,
             26,50,12,36,60,19,22,46, 8,32,56,18,42,45, 4,28,52,14,38,62, 3,
             27,51,10,34,58,20,23,47, 9,33,57,16,40,43, 5,29,53,15,39,63) ],
      gmul := 
       [ ( 1,22,43, 2,23,44, 3,24,45)( 4,28,55, 5,29,56, 6,30,57)
            ( 7,34,46, 8,35,47, 9,36,48)(10,40,58,11,41,59,12,42,60)
            (13,25,49,14,26,50,15,27,51)(16,31,61,17,32,62,18,33,63)
            (19,37,52,20,38,53,21,39,54), 
          ( 1, 4, 7,10,13,16,19)( 2, 5, 8,11,14,17,20)( 3, 6, 9,12,15,18,21)
            (22,25,28,31,34,37,40)(23,26,29,32,35,38,41)(24,27,30,33,36,39,42)
            (43,46,49,52,55,58,61)(44,47,50,53,56,59,62)(45,48,51,54,57,60,63
             ) ],
      p := ( 2,22, 6, 3)( 4,19,54,47,62,15,40,46,51,56,11,24,48,10,37,17,63,
         12,28,38,61,35,34,49,33,30,58,59,32,39,26,52,36,41, 8,43,13,20,44,60,
         50,53,27,55, 9,23,25, 7)( 5,45,18,21,57,14),
      q := ( 2,45, 8,24,37, 9,44,34,33,61,59,50,26,27,42,55,17,28,47,29,62,11,
         43,10,48,13, 6)( 5,22,20,23,54,38,30,36,56,15,57,12,63,14,21,40,39,
         53,52,58,35,60,32,46,31,51,41,18)( 7,19,25,16) ), rec(
      gadd := 
       [ ( 1,22,43)( 2,24,47)( 3,26,44)( 4,28,48)( 5,23,45)( 6,25,49)
            ( 7,27,46)( 8,29,50)( 9,31,54)(10,33,51)(11,35,55)(12,30,52)
            (13,32,56)(14,34,53)(15,36,57)(16,38,61)(17,40,58)(18,42,62)
            (19,37,59)(20,39,63)(21,41,60), 
          ( 1, 9,17, 4,12,20, 7, 8,16, 3,11,19, 6,14,15, 2,10,18, 5,13,21)
            (22,30,38,25,33,41,28,29,37,24,32,40,27,35,36,23,31,39,26,34,42)
            (43,51,59,46,54,62,49,50,58,45,53,61,48,56,57,44,52,60,47,55,63) ]
       ,
      gmul := 
       [ ( 1,22,43)( 2,23,44)( 3,24,45)( 4,25,46)( 5,26,47)( 6,27,48)
            ( 7,28,49)( 8,29,50)( 9,30,51)(10,31,52)(11,32,53)(12,33,54)
            (13,34,55)(14,35,56)(15,36,57)(16,37,58)(17,38,59)(18,39,60)
            (19,40,61)(20,41,62)(21,42,63), 
          ( 1, 9,17, 4,12,20, 7, 8,16, 3,11,19, 6,14,15, 2,10,18, 5,13,21)
            (22,31,40,28,30,39,27,29,38,26,35,37,25,34,36,24,33,42,23,32,41)
            (43,54,58,48,52,63,46,50,61,44,55,59,49,53,57,47,51,62,45,56,60) ]
       ,
      p := ( 2,22,12,18,11,26,39,37,60,38,61,41,16, 7, 5,43,35,21,47,53,20,50,
         52,63,34,42,24,45,14,19,46,55,17,48,54,58,51, 9,25)( 3,15,28,49,30,
         32,44,27,40,59,10,29, 6, 8,36,62,31,33)(13,57),
      q := ( 2,43,61,51,21,28,24,25, 7, 4, 5,22,18,19,23,46,40,32,27,55,13,29,
         3, 8,50,39,53,10,57,17,26,52,31,62,63,58,41,14,11,48,42,49,60,56,38,
         35, 9,45,16)( 6,15,47,37,30,59,20,36,33)(34,54) ), rec(
      gadd := 
       [ ( 1,22,43)( 2,24,47)( 3,26,44)( 4,28,48)( 5,23,45)( 6,25,49)
            ( 7,27,46)( 8,29,50)( 9,31,54)(10,33,51)(11,35,55)(12,30,52)
            (13,32,56)(14,34,53)(15,36,57)(16,38,61)(17,40,58)(18,42,62)
            (19,37,59)(20,39,63)(21,41,60), 
          ( 1, 9,17, 4,12,20, 7, 8,16, 3,11,19, 6,14,15, 2,10,18, 5,13,21)
            (22,30,38,25,33,41,28,29,37,24,32,40,27,35,36,23,31,39,26,34,42)
            (43,51,59,46,54,62,49,50,58,45,53,61,48,56,57,44,52,60,47,55,63) ]
       ,
      gmul := 
       [ ( 1,22,43)( 2,24,47)( 3,26,44)( 4,28,48)( 5,23,45)( 6,25,49)
            ( 7,27,46)( 8,29,50)( 9,31,54)(10,33,51)(11,35,55)(12,30,52)
            (13,32,56)(14,34,53)(15,36,57)(16,38,61)(17,40,58)(18,42,62)
            (19,37,59)(20,39,63)(21,41,60), 
          ( 1, 9,17, 4,12,20, 7, 8,16, 3,11,19, 6,14,15, 2,10,18, 5,13,21)
            (22,30,38,25,33,41,28,29,37,24,32,40,27,35,36,23,31,39,26,34,42)
            (43,51,59,46,54,62,49,50,58,45,53,61,48,56,57,44,52,60,47,55,63) ]
       ,
      p := ( 2,22,12,18,11,23,26,42,32,44,14,19,48,52,63,13,57,34,39,40,61,20,
         50,54,58,51, 9,28,49,33,24,47,55,38,59,31,30,35,21,45,53,41,16, 7, 5,
         43, 3,15,25)( 6, 8,36,60,17,46)(10,29,27,37,62),
      q := ( 2,43, 6,15,45,37,33,49,62,20,36,30,61,10,57,58,41,14,11,46, 3, 8,
         50,42,59,63,17,23,48,39,55,56,38,32,27,53,51,21,25, 7, 4, 5,22,18,19,
         26,54,34,52,31,60,13,29,44,16)( 9,47,40,35)(24,28) ), rec(
      gadd := 
       [ ( 1,22,43)( 2,24,47)( 3,26,44)( 4,28,48)( 5,23,45)( 6,25,49)
            ( 7,27,46)( 8,29,50)( 9,31,54)(10,33,51)(11,35,55)(12,30,52)
            (13,32,56)(14,34,53)(15,36,57)(16,38,61)(17,40,58)(18,42,62)
            (19,37,59)(20,39,63)(21,41,60), 
          ( 1, 9,17, 4,12,20, 7, 8,16, 3,11,19, 6,14,15, 2,10,18, 5,13,21)
            (22,30,38,25,33,41,28,29,37,24,32,40,27,35,36,23,31,39,26,34,42)
            (43,51,59,46,54,62,49,50,58,45,53,61,48,56,57,44,52,60,47,55,63) ]
       ,
      gmul := 
       [ ( 1,22,57)( 2,23,58)( 3,24,59)( 4,25,60)( 5,26,61)( 6,27,62)
            ( 7,28,63)( 8,29,43)( 9,30,44)(10,31,45)(11,32,46)(12,33,47)
            (13,34,48)(14,35,49)(15,36,50)(16,37,51)(17,38,52)(18,39,53)
            (19,40,54)(20,41,55)(21,42,56), 
          ( 1, 9,17, 4,12,20, 7, 8,16, 3,11,19, 6,14,15, 2,10,18, 5,13,21)
            (22,31,40,28,30,39,27,29,38,26,35,37,25,34,36,24,33,42,23,32,41)
            (43,54,58,48,52,63,46,50,61,44,55,59,49,53,57,47,51,62,45,56,60) ]
       ,
      p := ( 2,22,12,18,11,26,39,37,53,20,43,35,21,61,41,16, 7, 5,57,13,50,45,
         14,19,60,38,54,51, 9,25)( 3,15,28,63,34,42,24,59,10,29, 6, 8,36,55,
         17,62,31,33)(27,40,52,56,49,30,32,58,44)(46,48,47),
      q := ( 2,57,17,26,45,16)( 3, 8,43,54,34,47,37,30,52,31,55,13,29)
        ( 4, 5,22,18,19,23,60,49,53,10,50,39,46,40,32,27,48,42,63,51,21,28,24,
         25, 7)( 6,15,61,44,58,41,14,11,62,56,38,35, 9,59,20,36,33) ), rec(
      gadd := 
       [ ( 1,22,43)( 2,24,47)( 3,26,44)( 4,28,48)( 5,23,45)( 6,25,49)
            ( 7,27,46)( 8,29,50)( 9,31,54)(10,33,51)(11,35,55)(12,30,52)
            (13,32,56)(14,34,53)(15,36,57)(16,38,61)(17,40,58)(18,42,62)
            (19,37,59)(20,39,63)(21,41,60), 
          ( 1, 9,17, 4,12,20, 7, 8,16, 3,11,19, 6,14,15, 2,10,18, 5,13,21)
            (22,30,38,25,33,41,28,29,37,24,32,40,27,35,36,23,31,39,26,34,42)
            (43,51,59,46,54,62,49,50,58,45,53,61,48,56,57,44,52,60,47,55,63) ]
       ,
      gmul := 
       [ ( 1,22,57)( 2,24,61)( 3,26,58)( 4,28,62)( 5,23,59)( 6,25,63)
            ( 7,27,60)( 8,29,43)( 9,31,47)(10,33,44)(11,35,48)(12,30,45)
            (13,32,49)(14,34,46)(15,36,50)(16,38,54)(17,40,51)(18,42,55)
            (19,37,52)(20,39,56)(21,41,53), 
          ( 1, 9,17, 4,12,20, 7, 8,16, 3,11,19, 6,14,15, 2,10,18, 5,13,21)
            (22,30,38,25,33,41,28,29,37,24,32,40,27,35,36,23,31,39,26,34,42)
            (43,51,59,46,54,62,49,50,58,45,53,61,48,56,57,44,52,60,47,55,63) ]
       ,
      p := ( 2,22,12,18,11,23,26,42,32,58,44,14,19,62,10,29,27,37,55,38,52,56,
         49,33,24,61,20,43, 3,15,25)( 5,57,34,39,40,54,51, 9,28,63,13,50,47,
         48,45,46, 6, 8,36,53,41,16, 7)(17,60)(21,59,31,30,35),
      q := ( 2,57,51,21,25, 7, 4, 5,22,18,19,26,47,40,35, 9,61,10,50,42,52,31,
         53,44,16)( 3, 8,43, 6,15,59,56,38,32,27,46)(11,60,13,29,58,41,14)
        (17,23,62,20,36,30,54,34,45,37,33,63)(24,28)(39,48)(49,55) ), rec(
      gadd := 
       [ ( 1,22,43)( 2,24,47)( 3,26,44)( 4,28,48)( 5,23,45)( 6,25,49)
            ( 7,27,46)( 8,29,50)( 9,31,54)(10,33,51)(11,35,55)(12,30,52)
            (13,32,56)(14,34,53)(15,36,57)(16,38,61)(17,40,58)(18,42,62)
            (19,37,59)(20,39,63)(21,41,60), 
          ( 1, 9,17, 4,12,20, 7, 8,16, 3,11,19, 6,14,15, 2,10,18, 5,13,21)
            (22,30,38,25,33,41,28,29,37,24,32,40,27,35,36,23,31,39,26,34,42)
            (43,51,59,46,54,62,49,50,58,45,53,61,48,56,57,44,52,60,47,55,63) ]
       ,
      gmul := 
       [ ( 1, 8,15)( 2, 9,16)( 3,10,17)( 4,11,18)( 5,12,19)( 6,13,20)
            ( 7,14,21)(22,29,36)(23,30,37)(24,31,38)(25,32,39)(26,33,40)
            (27,34,41)(28,35,42)(43,50,57)(44,51,58)(45,52,59)(46,53,60)
            (47,54,61)(48,55,62)(49,56,63), 
          ( 1,23,45, 4,26,48, 7,22,44, 3,25,47, 6,28,43, 2,24,46, 5,27,49)
            ( 8,30,52,11,33,55,14,29,51,10,32,54,13,35,50, 9,31,53,12,34,56)
            (15,37,59,18,40,62,21,36,58,17,39,61,20,42,57,16,38,60,19,41,63) ]
       ,
      p := ( 2,22,39, 6, 8,36,54,48,58,31,16,46,17,11,26,33,49,20,12,18,50,45,
         27,23,40,42,24,28,21)( 3,15, 7, 5,43,35,53,51,10,29,60,59,34,14,19,
         47,63,55,13,57,41,37,44,30,61,62,52,56,38, 9,25,32),
      q := ( 2,43,58,62,41,56,55,17,19,25,61,31,14,11,46,13,29,33,23,53,42,48,
         35,40,51,20,18,36,39, 3, 8,50,27,49,10,57,52,37,28, 9,47,30,32, 6,15)
        ( 4, 5,22,54,24,44,63,38,21, 7)(16,26,60,34) ), rec(
      gadd := 
       [ ( 1,22,43)( 2,24,47)( 3,26,44)( 4,28,48)( 5,23,45)( 6,25,49)
            ( 7,27,46)( 8,29,50)( 9,31,54)(10,33,51)(11,35,55)(12,30,52)
            (13,32,56)(14,34,53)(15,36,57)(16,38,61)(17,40,58)(18,42,62)
            (19,37,59)(20,39,63)(21,41,60), 
          ( 1, 9,17, 4,12,20, 7, 8,16, 3,11,19, 6,14,15, 2,10,18, 5,13,21)
            (22,30,38,25,33,41,28,29,37,24,32,40,27,35,36,23,31,39,26,34,42)
            (43,51,59,46,54,62,49,50,58,45,53,61,48,56,57,44,52,60,47,55,63) ]
       ,
      gmul := 
       [ ( 1,22,43)( 2,26,45)( 3,23,47)( 4,27,49)( 5,24,44)( 6,28,46)
            ( 7,25,48)( 8,29,50)( 9,33,52)(10,30,54)(11,34,56)(12,31,51)
            (13,35,53)(14,32,55)(15,36,57)(16,40,59)(17,37,61)(18,41,63)
            (19,38,58)(20,42,60)(21,39,62), 
          ( 1, 9,17, 4,12,20, 7, 8,16, 3,11,19, 6,14,15, 2,10,18, 5,13,21)
            (22,30,38,25,33,41,28,29,37,24,32,40,27,35,36,23,31,39,26,34,42)
            (43,51,59,46,54,62,49,50,58,45,53,61,48,56,57,44,52,60,47,55,63) ]
       ,
      p := ( 2,43, 3,15,46, 6, 8,57,55,59,52,42,53,62,10,50,33,45,32,23,47,34,
         60,17,25)( 5,22,12,18,11,44,14,19,27,58,30,56,35,21,24,26,63,13,36,
         39,61,20,29,48,31,51, 9,49,54,37,41,16, 7),
      q := ( 2,22,18,19,47,61,10,36,51,21,46, 3, 8,29,23,27,32,48,60,13,50,63,
         17,44,16)( 4, 5,43, 6,15,24,49,41,14,11,25, 7)( 9,26,33,28,45,58,62,
         20,57,37,54,55,35)(30,40,56,59,42,38,53)(31,39,34) ), rec(
      gadd := 
       [ ( 1,22,43)( 2,24,47)( 3,26,44)( 4,28,48)( 5,23,45)( 6,25,49)
            ( 7,27,46)( 8,29,50)( 9,31,54)(10,33,51)(11,35,55)(12,30,52)
            (13,32,56)(14,34,53)(15,36,57)(16,38,61)(17,40,58)(18,42,62)
            (19,37,59)(20,39,63)(21,41,60), 
          ( 1, 9,17, 4,12,20, 7, 8,16, 3,11,19, 6,14,15, 2,10,18, 5,13,21)
            (22,30,38,25,33,41,28,29,37,24,32,40,27,35,36,23,31,39,26,34,42)
            (43,51,59,46,54,62,49,50,58,45,53,61,48,56,57,44,52,60,47,55,63) ]
       ,
      gmul := 
       [ ( 1, 8,15)( 2, 9,16)( 3,10,17)( 4,11,18)( 5,12,19)( 6,13,20)
            ( 7,14,21)(22,29,36)(23,30,37)(24,31,38)(25,32,39)(26,33,40)
            (27,34,41)(28,35,42)(43,50,57)(44,51,58)(45,52,59)(46,53,60)
            (47,54,61)(48,55,62)(49,56,63), 
