NCBRACES[21] := [ rec(
      gadd := [ ( 1,16,13)( 2,20, 8)( 3,17,10)( 4,21,12)( 5,18,14)( 6,15, 9)( 7,19,11), ( 1,20,12)( 2,17,14)( 3,21, 9)( 4,18,11)( 5,15,13)( 6,19, 8)( 7,16,10) ],
      gmul := [ ( 1, 7, 6, 5, 4, 3, 2)( 8,13,11, 9,14,12,10)(15,18,21,17,20,16,19), ( 1,12,20)( 2,13,21)( 3,14,15)( 4, 8,16)( 5, 9,17)( 6,10,18)( 7,11,19) ],
      p := ( 2, 8,10,19, 4,15, 6, 9, 3)( 5, 7,14,18,20,11,16,17)(12,21),
      q := ( 2,15, 3, 7,19, 5)( 4, 8,21,20,17)( 6,18,12,10,14, 9)(11,13,16) ), rec(
      gadd := [ ( 1,12,20)( 2,14,17)( 3, 9,21)( 4,11,18)( 5,13,15)( 6, 8,19)( 7,10,16), ( 1,16,13)( 2,20, 8)( 3,17,10)( 4,21,12)( 5,18,14)( 6,15, 9)( 7,19,11) ],
      gmul := [ ( 1, 3, 5, 7, 2, 4, 6)( 8,10,12,14, 9,11,13)(15,17,19,21,16,18,20), ( 1, 8,15)( 2,10,19)( 3,12,16)( 4,14,20)( 5, 9,17)( 6,11,21)( 7,13,18) ],
      p := ( 2, 8, 9, 3)( 4,15, 6,10,16,17,12,18,20)( 5, 7,13,14,21)(11,19),
      q := ( 2,15, 3, 7,16,11,14,10,13,19,17,20, 5)( 4, 8,18,12, 9, 6,21) ), rec(
      gadd := [ ( 1, 7, 6, 5, 4, 3, 2)( 8,14,13,12,11,10, 9)(15,21,20,19,18,17,16), ( 1,14,19)( 2, 9,16)( 3,11,20)( 4,13,17)( 5, 8,21)( 6,10,18)( 7,12,15) ],
      gmul := [ ( 1, 5, 2, 6, 3, 7, 4)( 8, 9,10,11,12,13,14)(15,17,19,21,16,18,20), ( 1,16,14)( 2,18,11)( 3,20, 8)( 4,15,12)( 5,17, 9)( 6,19,13)( 7,21,10) ],
      p := ( 2,15, 6,17, 5, 7,20,21,16, 9, 3)( 4, 8,19)(11,12)(13,18,14),
      q := ( 2, 8,11,18,16,21,14,17, 4,15, 3, 7,10,20, 9, 6,13,12,19, 5) ), rec(
      gadd := [ ( 1, 9,18)( 2,11,15)( 3,13,19)( 4, 8,16)( 5,10,20)( 6,12,17)( 7,14,21), ( 1,15, 8)( 2,19,10)( 3,16,12)( 4,20,14)( 5,17, 9)( 6,21,11)( 7,18,13) ],
      gmul := [ ( 1, 5, 2, 6, 3, 7, 4)( 8,12, 9,13,10,14,11)(15,19,16,20,17,21,18), ( 1,14,17)( 2,11,19)( 3, 8,21)( 4,12,16)( 5, 9,18)( 6,13,20)( 7,10,15) ],
      p := ( 2,15, 6,17,19,18,13,21, 5, 7,20, 4, 8,16,10, 9, 3)(11,12),
      q := ( 2, 8,11,21, 4,15, 3, 7, 9, 6,14,17,13,12,16,18,19,10,20, 5) ), rec(
      gadd := [ ( 1,19,14)( 2,16, 9)( 3,20,11)( 4,17,13)( 5,21, 8)( 6,18,10)( 7,15,12), ( 1,21,10)( 2,18,12)( 3,15,14)( 4,19, 9)( 5,16,11)( 6,20,13)( 7,17, 8) ],
      gmul := [ ( 1, 9,19, 6,12,18, 4, 8,17, 2,11,16, 7,14,15, 5,10,21, 3,13,20) ],
      p := ( 2, 8, 3)( 4,15,16,21,17, 5, 7,13,11, 6,10,18,14)( 9,19),
      q := ( 2,15,11, 3, 7,19,20, 9,13,16,12,21,14, 5)( 4, 8, 6,18,17) ), rec(
      gadd := [ ( 1, 4, 7, 3, 6, 2, 5)( 8,11,14,10,13, 9,12)(15,18,21,17,20,16,19), ( 1,11,17)( 2,13,21)( 3, 8,18)( 4,10,15)( 5,12,19)( 6,14,16)( 7, 9,20) ],
      gmul := [ ( 1, 9,17, 4,12,20, 7, 8,16, 3,11,19, 6,14,15, 2,10,18, 5,13,21) ],
      p := ( 2, 8, 3)( 4,15,17, 5, 7,14)( 6, 9,16,20,18,11)(10,21,19,12),
      q := ( 2,15,13,17, 4, 8, 6,21,11, 3, 7,16,10, 9,14, 5)(12,20)(18,19) ), rec(
      gadd := [ ( 1, 9,17, 4,12,20, 7, 8,16, 3,11,19, 6,14,15, 2,10,18, 5,13,21) ],
      gmul := [ ( 1, 9,17, 4,12,20, 7, 8,16, 3,11,19, 6,14,15, 2,10,18, 5,13,21) ],
      p := ( 2, 8, 6,14, 5)( 3, 7, 9,21,18,12,13,10,16,17, 4,15,20,19,11),
      q := ( 2,15,10,14, 4, 8, 3)( 5, 7,21,12,17)( 6,16,13,20,11) ), rec(
      gadd := [ ( 1, 9,17, 4,12,20, 7, 8,16, 3,11,19, 6,14,15, 2,10,18, 5,13,21) ],
      gmul := [ ( 1, 3, 5, 7, 2, 4, 6)( 8,10,12,14, 9,11,13)(15,17,19,21,16,18,20), ( 1,10,21)( 2,12,18)( 3,14,15)( 4, 9,19)( 5,11,16)( 6,13,20)( 7, 8,17) ],
      p := ( 2, 8,14,16,20, 5)( 3, 7,10,21, 4,15)( 6,13, 9)(11,18,17)(12,19),
      q := ( 2,15, 6,16,12,14,13,18,11, 9, 3)( 4, 8,19,20)( 5, 7,21) ) ];
