NCBRACES[44] := [ rec(
      gadd := [ ( 1, 3, 5, 7, 9,11, 2, 4, 6, 8,10)(12,14,16,18,20,22,13,15,17,19,21)(23,25,27,29,31,33,24,26,28,30,32)(34,36,38,40,42,44,35,37,39,41,43), 
          ( 1,25,12,36)( 2,24,13,35)( 3,23,14,34)( 4,33,15,44)( 5,32,16,43)( 6,31,17,42)( 7,30,18,41)( 8,29,19,40)( 9,28,20,39)(10,27,21,38)(11,26,22,37) ],
      gmul := [ ( 1,20, 6,14,11,19, 5,13,10,18, 4,12, 9,17, 3,22, 8,16, 2,21, 7,15)(23,42,28,36,33,41,27,35,32,40,26,34,31,39,25,44,30,38,24,43,29,37), 
          ( 1,37)( 2,36)( 3,35)( 4,34)( 5,44)( 6,43)( 7,42)( 8,41)( 9,40)(10,39)(11,38)(12,26)(13,25)(14,24)(15,23)(16,33)(17,32)(18,31)(19,30)(20,29)(21,28)(22,27) ],
      p := ( 2,23,24,33,18,20)( 3,12, 9,19,11, 4, 8,30,44,36,10,16,26,13,38,40,25,22,37,39,32,29,35)( 6,34,17,15,31,28)( 7,27)(14,41)(21,42),
      q := ( 2,23,24,33,17,20,11, 9,16,26,22,37,39,32,29,35,10,19)( 3,12, 4, 5, 8,30,44,36)( 6,34,18,15,31,28, 7,27)(13,38,40,25)(14,41,21,42) ), rec(
      gadd := [ ( 1,15, 7,21, 2,16, 8,22, 3,17, 9,12, 4,18,10,13, 5,19,11,14, 6,20)(23,37,29,43,24,38,30,44,25,39,31,34,26,40,32,35,27,41,33,36,28,42), 
          ( 1,31,12,42)( 2,30,13,41)( 3,29,14,40)( 4,28,15,39)( 5,27,16,38)( 6,26,17,37)( 7,25,18,36)( 8,24,19,35)( 9,23,20,34)(10,33,21,44)(11,32,22,43) ],
      gmul := [ ( 1,33,12,44)( 2,23,13,34)( 3,24,14,35)( 4,25,15,36)( 5,26,16,37)( 6,27,17,38)( 7,28,18,39)( 8,29,19,40)( 9,30,20,41)(10,31,21,42)(11,32,22,43), 
          ( 1,38,12,27)( 2,39,13,28)( 3,40,14,29)( 4,41,15,30)( 5,42,16,31)( 6,43,17,32)( 7,44,18,33)( 8,34,19,23)( 9,35,20,24)(10,36,21,25)(11,37,22,26) ],
      p := ( 2,34,17,15,37,29,33,18,20,31,40,43,32,39,36,28,24,35, 3,12,27, 7,41,14, 9,19,11, 4, 8,38,10,16,42,21,26,13,30, 6, 5,23,44,25,22),
      q := ( 2,23,33,17,20,42,14, 4, 5,34,18,15,26,22,11, 9,16,31,29,44,36,39,25,13,41,21,37,40,32,28,35,10,19)( 3,12,38)( 6, 8,27)( 7,30) ), rec(
      gadd := [ ( 1,10, 8, 6, 4, 2,11, 9, 7, 5, 3)(12,21,19,17,15,13,22,20,18,16,14)(23,32,30,28,26,24,33,31,29,27,25)(34,43,41,39,37,35,44,42,40,38,36), 
          ( 1,38,12,27)( 2,37,13,26)( 3,36,14,25)( 4,35,15,24)( 5,34,16,23)( 6,44,17,33)( 7,43,18,32)( 8,42,19,31)( 9,41,20,30)(10,40,21,29)(11,39,22,28) ],
      gmul := [ ( 1,13, 3,15, 5,17, 7,19, 9,21,11,12, 2,14, 4,16, 6,18, 8,20,10,22)(23,44,32,42,30,40,28,38,26,36,24,34,33,43,31,41,29,39,27,37,25,35), 
          ( 1,42)( 2,43)( 3,44)( 4,34)( 5,35)( 6,36)( 7,37)( 8,38)( 9,39)(10,40)(11,41)(12,31)(13,32)(14,33)(15,23)(16,24)(17,25)(18,26)(19,27)(20,28)(21,29)(22,30) ],
      p := ( 2,23,33,18,20)( 3,12, 9,19,11, 4, 8,27, 7,30,35)( 6,34,17,15,26,13,41,14,38,39,25,22,42,21,37,40,32,28)(10,16,31,29,44,43,36),
      q := ( 2,23,33,17,20,11, 9,16,31,29,44,43,36, 3,12, 4, 5, 8,27, 6,34,18,15,26,22,42,14,38,39,25,13,41,21,37,40,32,28, 7,30,35,10,19) ), rec(
      gadd := [ ( 1, 6,11, 5,10, 4, 9, 3, 8, 2, 7)(12,17,22,16,21,15,20,14,19,13,18)(23,28,33,27,32,26,31,25,30,24,29)(34,39,44,38,43,37,42,36,41,35,40), 
          ( 1,23,12,34)( 2,33,13,44)( 3,32,14,43)( 4,31,15,42)( 5,30,16,41)( 6,29,17,40)( 7,28,18,39)( 8,27,19,38)( 9,26,20,37)(10,25,21,36)(11,24,22,35) ],
      gmul := [ ( 1, 2, 3, 4, 5, 6, 7, 8, 9,10,11)(12,13,14,15,16,17,18,19,20,21,22)(23,24,25,26,27,28,29,30,31,32,33)(34,35,36,37,38,39,40,41,42,43,44), 
          ( 1,40,12,29)( 2,39,13,28)( 3,38,14,27)( 4,37,15,26)( 5,36,16,25)( 6,35,17,24)( 7,34,18,23)( 8,44,19,33)( 9,43,20,32)(10,42,21,31)(11,41,22,30) ],
      p := ( 2,34,17,15,42,21,31,39,43,25,22)( 3,12,30, 6, 5,23,35)( 4, 8,41,14, 9,19,11)( 7,38,10,16,37,28,33,18,20,26,13,27)(24,44,32,40,36,29),
      q := ( 2,23,24,33,17,20,37,39,32,29,35,10,19)( 3,12,41,21,42,14, 4, 5,34,18,15,31,28,44,43,36,40,25,13,38)( 6, 8,30, 7,27)( 9,16,26,22,11) ), rec(
      gadd := [ ( 1,16, 9,13, 6,21, 3,18,11,15, 8,12, 5,20, 2,17,10,14, 7,22, 4,19)(23,38,31,35,28,43,25,40,33,37,30,34,27,42,24,39,32,36,29,44,26,41), 
          ( 1,27,12,38)( 2,26,13,37)( 3,25,14,36)( 4,24,15,35)( 5,23,16,34)( 6,33,17,44)( 7,32,18,43)( 8,31,19,42)( 9,30,20,41)(10,29,21,40)(11,28,22,39) ],
      gmul := [ ( 1,33,10,31, 8,29, 6,27, 4,25, 2,23,11,32, 9,30, 7,28, 5,26, 3,24)(12,44,21,42,19,40,17,38,15,36,13,34,22,43,20,41,18,39,16,37,14,35), 
          ( 1,34)( 2,35)( 3,36)( 4,37)( 5,38)( 6,39)( 7,40)( 8,41)( 9,42)(10,43)(11,44)(12,23)(13,24)(14,25)(15,26)(16,27)(17,28)(18,29)(19,30)(20,31)(21,32)(22,33) ],
      p := ( 2,23,33,18,20)( 3,12, 9,19,11, 4, 8,27, 7,30,35)( 6,34,17,15,26,13,41,14,38,39,25,22,42,21,37,40,32,28)(10,16,31,29,44,43,36),
      q := ( 2,23,24,33,17,20,11, 9,16,26,22,37,39,32,29,35,10,19)( 3,12, 4, 5, 8,30,44,36)( 6,34,18,15,31,28, 7,27)(13,38,40,25)(14,41,21,42) ), rec(
      gadd := [ ( 1,13, 3,15, 5,17, 7,19, 9,21,11,12, 2,14, 4,16, 6,18, 8,20,10,22)(23,35,25,37,27,39,29,41,31,43,33,34,24,36,26,38,28,40,30,42,32,44), 
          ( 1,23,12,34)( 2,33,13,44)( 3,32,14,43)( 4,31,15,42)( 5,30,16,41)( 6,29,17,40)( 7,28,18,39)( 8,27,19,38)( 9,26,20,37)(10,25,21,36)(11,24,22,35) ],
      gmul := [ ( 1,27,20,35, 6,32,14,40,11,26,19,34, 5,31,13,39,10,25,18,44, 4,30,12,38, 9,24,17,43, 3,29,22,37, 8,23,16,42, 2,28,21,36, 7,33,15,41) ],
      p := ( 2,34,17,15,37,28,33,18,20,26,13,27, 7,41,14, 9,19,11, 4, 8,38,10,16,42,21,31,40,43,25,22)( 3,12,30, 6, 5,23,44,32,39,36,29,24,35),
      q := ( 2,23,24,33,17,20,42,14, 4, 5,34,18,15,31,28,35,10,19)( 3,12,38)( 6, 8,30, 7,27)( 9,16,26,22,11)(13,41,21,37,40,25)(29,44,36,39,32) ), rec(
      gadd := [ ( 1, 3, 5, 7, 9,11, 2, 4, 6, 8,10)(12,14,16,18,20,22,13,15,17,19,21)(23,25,27,29,31,33,24,26,28,30,32)(34,36,38,40,42,44,35,37,39,41,43), 
          ( 1,32,12,43)( 2,31,13,42)( 3,30,14,41)( 4,29,15,40)( 5,28,16,39)( 6,27,17,38)( 7,26,18,37)( 8,25,19,36)( 9,24,20,35)(10,23,21,34)(11,33,22,44) ],
      gmul := [ ( 1,24,10,26, 8,28, 6,30, 4,32, 2,23,11,25, 9,27, 7,29, 5,31, 3,33)(12,35,21,37,19,39,17,41,15,43,13,34,22,36,20,38,18,40,16,42,14,44), 
          ( 1,36, 8,40, 4,44,11,37, 7,41, 3,34,10,38, 6,42, 2,35, 9,39, 5,43)(12,25,19,29,15,33,22,26,18,30,14,23,21,27,17,31,13,24,20,28,16,32) ],
      p := ( 2,23,24,33,18,20)( 3,12, 9,19,11, 4, 8,30,44,36,10,16,26,13,38,40,25,22,37,39,32,29,35)( 6,34,17,15,31,28)( 7,27)(14,41)(21,42),
      q := ( 2,23,33,17,20,11, 9,16,31,29,44,43,36, 3,12, 4, 5, 8,27, 6,34,18,15,26,22,42,14,38,39,25,13,41,21,37,40,32,28, 7,30,35,10,19) ), rec(
      gadd := [ ( 1, 3, 5, 7, 9,11, 2, 4, 6, 8,10)(12,14,16,18,20,22,13,15,17,19,21)(23,25,27,29,31,33,24,26,28,30,32)(34,36,38,40,42,44,35,37,39,41,43), 
          ( 1,31,12,42)( 2,30,13,41)( 3,29,14,40)( 4,28,15,39)( 5,27,16,38)( 6,26,17,37)( 7,25,18,36)( 8,24,19,35)( 9,23,20,34)(10,33,21,44)(11,32,22,43) ],
      gmul := [ ( 1,27,15,35, 7,32,21,40, 2,26,16,34, 8,31,22,39, 3,25,17,44, 9,30,12,38, 4,24,18,43,10,29,13,37, 5,23,19,42,11,28,14,36, 6,33,20,41) ],
      p := ( 2,34,17,15,42,21,26,13,30, 6, 5,23,35, 3,12,27, 7,38,10,16,37,29,33,18,20,31,39,43,32,40,36,28,24,44,25,22)( 4, 8,41,14, 9,19,11),
      q := ( 2,23,33,17,20,37,39,25,13,38, 3,12,41,21,42,14, 4, 5,34,18,15,26,22,11, 9,16,31,29,35,10,19)( 6, 8,27)( 7,30)(28,44,43,36,40,32) ), rec(
      gadd := [ ( 1,29,12,40)( 2,28,13,39)( 3,27,14,38)( 4,26,15,37)( 5,25,16,36)( 6,24,17,35)( 7,23,18,34)( 8,33,19,44)( 9,32,20,43)(10,31,21,42)(11,30,22,41), 
          ( 1,30,12,41)( 2,29,13,40)( 3,28,14,39)( 4,27,15,38)( 5,26,16,37)( 6,25,17,36)( 7,24,18,35)( 8,23,19,34)( 9,33,20,44)(10,32,21,43)(11,31,22,42) ],
      gmul := [ ( 1,16)( 2,15)( 3,14)( 4,13)( 5,12)( 6,22)( 7,21)( 8,20)( 9,19)(10,18)(11,17)(23,38)(24,37)(25,36)(26,35)(27,34)(28,44)(29,43)(30,42)(31,41)(32,40)(33,39), 
          ( 1,28,11,27,10,26, 9,25, 8,24, 7,23, 6,33, 5,32, 4,31, 3,30, 2,29)(12,39,22,38,21,37,20,36,19,35,18,34,17,44,16,43,15,42,14,41,13,40) ],
      p := ( 2,34,28, 6,12, 9,30,22,15,42,32,40,36,10,27, 7,38,18,31,39,43,21,20)( 3,23,35)( 4, 8,41,25,33,29,13,16,37,17,26,24,44,14,19,11),
      q := ( 2,34,29,13,16,37,17,31,39,43,21,20,11, 9,27, 6,12, 4, 5, 8,41,32,40,36, 3,23,35,10,30,22,15,42,25,24,44,14,19)( 7,38,18,26,33,28) ), rec(
      gadd := [ ( 1, 6,11, 5,10, 4, 9, 3, 8, 2, 7)(12,17,22,16,21,15,20,14,19,13,18)(23,28,33,27,32,26,31,25,30,24,29)(34,39,44,38,43,37,42,36,41,35,40), 
          ( 1,26,12,37)( 2,25,13,36)( 3,24,14,35)( 4,23,15,34)( 5,33,16,44)( 6,32,17,43)( 7,31,18,42)( 8,30,19,41)( 9,29,20,40)(10,28,21,39)(11,27,22,38) ],
      gmul := [ ( 1,16)( 2,15)( 3,14)( 4,13)( 5,12)( 6,22)( 7,21)( 8,20)( 9,19)(10,18)(11,17)(23,41)(24,40)(25,39)(26,38)(27,37)(28,36)(29,35)(30,34)(31,44)(32,43)(33,42), 
          ( 1,37, 6,43,11,38, 5,44,10,39, 4,34, 9,40, 3,35, 8,41, 2,36, 7,42)(12,26,17,32,22,27,16,33,21,28,15,23,20,29,14,24,19,30,13,25,18,31) ],
      p := ( 2,34,28, 6,12, 9,30,22,15,42,32,40,36,10,27, 7,38,18,31,39,43,21,20)( 3,23,35)( 4, 8,41,25,33,29,13,16,37,17,26,24,44,14,19,11),
      q := ( 2,34,28, 7,41,25,33,29,13,16,42,32,39,36, 3,23,44,14,19)( 4, 5, 8,38,18,31,40,43,21,20,11, 9,30,22,15,37,17,26,24,35,10,27, 6,12) ), rec(
      gadd := [ ( 1,27,10,36,17,43, 4,30,11,37,20,24, 5,31,14,40,21,25, 8,34,15,41, 2,28, 9,35,18,44, 3,29,12,38,19,23, 6,32,13,39,22,26, 7,33,16,42) ],
      gmul := [ ( 1,18,11, 6,21,16, 9, 4,19,14, 7, 2,17,12, 5,22,15,10, 3,20,13, 8)(23,40,33,28,43,38,31,26,41,36,29,24,39,34,27,44,37,32,25,42,35,30), 
          ( 1,25, 5,29, 9,33,13,37,17,41,21,23, 3,27, 7,31,11,35,15,39,19,43)( 2,26, 6,30,10,34,14,38,18,42,22,24, 4,28, 8,32,12,36,16,40,20,44) ],
      p := ( 2,23,29,30,40,35,11, 5,21,28,15,27, 9, 4, 3)( 6,24,39,33,10,22,42,14,44,36,13,26,18,20,17)( 7,25, 8,43,34,16,41,12,19)(32,37),
      q := ( 2,23,39,35,13,44,34,10, 4,21,42,12, 5, 3)( 6,24,29,40,33,16,27,15,41,14,26, 8,25,18)( 7,43,36,11,19,17,20)( 9,22,28)(31,37,38,32) ), rec(
      gadd := [ ( 1,27,10,36,17,43, 4,30,11,37,20,24, 5,31,14,40,21,25, 8,34,15,41, 2,28, 9,35,18,44, 3,29,12,38,19,23, 6,32,13,39,22,26, 7,33,16,42) ],
      gmul := [ ( 1,14, 3,16, 5,18, 7,20, 9,22,11, 2,13, 4,15, 6,17, 8,19,10,21,12)(23,36,25,38,27,40,29,42,31,44,33,24,35,26,37,28,39,30,41,32,43,34), 
          ( 1,31)( 2,32)( 3,29)( 4,30)( 5,27)( 6,28)( 7,25)( 8,26)( 9,23)(10,24)(11,43)(12,44)(13,41)(14,42)(15,39)(16,40)(17,37)(18,38)(19,35)(20,36)(21,33)(22,34) ],
      p := ( 2,23,39,35,11, 5,21,42,14,26,18,20,17, 6,24,29,40,33,10,22,28,15,41,12,19, 7,43,36,13,44,34,16,27, 9, 4, 3)( 8,25)(31,37,38,32),
      q := ( 2,23,39,35,13,44,34,10, 4,21,42,12, 5, 3)( 6,24,29,40,33,16,27,15,41,14,26, 8,25,18)( 7,43,36,11,19,17,20)( 9,22,28)(31,37,38,32) ), rec(
      gadd := [ ( 1,27,10,36,17,43, 4,30,11,37,20,24, 5,31,14,40,21,25, 8,34,15,41, 2,28, 9,35,18,44, 3,29,12,38,19,23, 6,32,13,39,22,26, 7,33,16,42) ],
      gmul := [ ( 1, 5, 9,13,17,21, 3, 7,11,15,19)( 2, 6,10,14,18,22, 4, 8,12,16,20)(23,27,31,35,39,43,25,29,33,37,41)(24,28,32,36,40,44,26,30,34,38,42), 
          ( 1,43, 2,44)( 3,41, 4,42)( 5,39, 6,40)( 7,37, 8,38)( 9,35,10,36)(11,33,12,34)(13,31,14,32)(15,29,16,30)(17,27,18,28)(19,25,20,26)(21,23,22,24) ],
      p := ( 2,24,30,15,42,14,19, 7,44,35,11, 5,23,40,34,16,28,29,39,36,31,38,13,43,33,10,22,17, 6,21,41,12,25, 8,26,18,20,27, 9, 4, 3),
      q := ( 2,23,39,35,13,44,36,32,31,37,38,11,19,17,20,28,30, 9,22, 7,43,34,10, 4,21,42,12,26, 8,25,18, 6, 3)( 5,24,29,40,33,16,27,15,41,14) ), rec(
      gadd := [ ( 1,27,10,36,17,43, 4,30,11,37,20,24, 5,31,14,40,21,25, 8,34,15,41, 2,28, 9,35,18,44, 3,29,12,38,19,23, 6,32,13,39,22,26, 7,33,16,42) ],
      gmul := [ ( 1,27,10,36,17,43, 4,30,11,37,20,24, 5,31,14,40,21,25, 8,34,15,41, 2,28, 9,35,18,44, 3,29,12,38,19,23, 6,32,13,39,22,26, 7,33,16,42) ],
      p := ( 2,24,40,36,31,32,38,13,43,33,10,22,17, 6,21,41,12,25, 8,44,35,11, 5,23,30,15,28,29,39,34,16,42,14,19, 7,26,18,20,27, 9, 4, 3),
      q := ( 2,23,39,35,13,26, 8,25,18, 6, 3)( 4,21,28,40,33,16,27,15,41,14, 5,24,29,30, 9,22, 7,43,36,38,11,19,17,20,42,12,44,34,10)(31,37,32) ), rec(
      gadd := [ ( 1,27,10,36,17,43, 4,30,11,37,20,24, 5,31,14,40,21,25, 8,34,15,41, 2,28, 9,35,18,44, 3,29,12,38,19,23, 6,32,13,39,22,26, 7,33,16,42) ],
      gmul := [ ( 1,29,13,41, 3,31,15,43, 5,33,17,23, 7,35,19,25, 9,37,21,27,11,39)( 2,30,14,42, 4,32,16,44, 6,34,18,24, 8,36,20,26,10,38,22,28,12,40), 
          ( 1,36)( 2,35)( 3,34)( 4,33)( 5,32)( 6,31)( 7,30)( 8,29)( 9,28)(10,27)(11,26)(12,25)(13,24)(14,23)(15,44)(16,43)(17,42)(18,41)(19,40)(20,39)(21,38)(22,37) ],
      p := ( 2,23,29,40,35,11, 5,21,42,12,19, 7,25,18, 6,24,39,33,16,41,14,26, 8,43,36,13,44,34,10, 4, 3)( 9,22,28,15,27)(17,20)(32,37,38),
      q := ( 2,23,39,35,13,44,34,10, 4,21,42,12, 5, 3)( 6,24,29,40,33,16,27,15,41,14,26, 8,25,18)( 7,43,36,11,19,17,20)( 9,22,28)(31,37,38,32) ), rec(
      gadd := [ ( 1,21, 8,17, 4,13,11,20, 7,16, 3,12,10,19, 6,15, 2,22, 9,18, 5,14)(23,43,30,39,26,35,33,42,29,38,25,34,32,41,28,37,24,44,31,40,27,36), 
          ( 1,23)( 2,33)( 3,32)( 4,31)( 5,30)( 6,29)( 7,28)( 8,27)( 9,26)(10,25)(11,24)(12,34)(13,44)(14,43)(15,42)(16,41)(17,40)(18,39)(19,38)(20,37)(21,36)(22,35) ],
      gmul := [ ( 1,13, 3,15, 5,17, 7,19, 9,21,11,12, 2,14, 4,16, 6,18, 8,20,10,22)(23,35,25,37,27,39,29,41,31,43,33,34,24,36,26,38,28,40,30,42,32,44), 
          ( 1,43,12,32)( 2,42,13,31)( 3,41,14,30)( 4,40,15,29)( 5,39,16,28)( 6,38,17,27)( 7,37,18,26)( 8,36,19,25)( 9,35,20,24)(10,34,21,23)(11,44,22,33) ],
      p := ( 2,34,17,15,42,21,31,39,43,25,22)( 3,12,30, 6, 5,23,35)( 4, 8,41,14, 9,19,11)( 7,38,10,16,37,28,33,18,20,26,13,27)(24,44,32,40,36,29),
      q := ( 2,23,24,33,17,20,37,39,32,29,35,10,19)( 3,12,41,21,42,14, 4, 5,34,18,15,31,28,44,43,36,40,25,13,38)( 6, 8,30, 7,27)( 9,16,26,22,11) ), rec(
      gadd := [ ( 1,18, 2,19, 3,20, 4,21, 5,22, 6,12, 7,13, 8,14, 9,15,10,16,11,17)(23,40,24,41,25,42,26,43,27,44,28,34,29,35,30,36,31,37,32,38,33,39), 
          ( 1,31)( 2,30)( 3,29)( 4,28)( 5,27)( 6,26)( 7,25)( 8,24)( 9,23)(10,33)(11,32)(12,42)(13,41)(14,40)(15,39)(16,38)(17,37)(18,36)(19,35)(20,34)(21,44)(22,43) ],
      gmul := [ ( 1,22,10,20, 8,18, 6,16, 4,14, 2,12,11,21, 9,19, 7,17, 5,15, 3,13)(23,35,25,37,27,39,29,41,31,43,33,34,24,36,26,38,28,40,30,42,32,44), 
          ( 1,25)( 2,26)( 3,27)( 4,28)( 5,29)( 6,30)( 7,31)( 8,32)( 9,33)(10,23)(11,24)(12,36)(13,37)(14,38)(15,39)(16,40)(17,41)(18,42)(19,43)(20,44)(21,34)(22,35) ],
      p := ( 2,23,33,18,20)( 3,12, 9,19,11, 4, 8,27, 7,30,35)( 6,34,17,15,26,13,41,14,38,39,25,22,42,21,37,40,32,28)(10,16,31,29,44,43,36),
      q := ( 2,23,33,17,20,11, 9,16,31,29,44,43,36, 3,12, 4, 5, 8,27, 6,34,18,15,26,22,42,14,38,39,25,13,41,21,37,40,32,28, 7,30,35,10,19) ), rec(
      gadd := [ ( 1,18, 2,19, 3,20, 4,21, 5,22, 6,12, 7,13, 8,14, 9,15,10,16,11,17)(23,40,24,41,25,42,26,43,27,44,28,34,29,35,30,36,31,37,32,38,33,39), 
          ( 1,41)( 2,40)( 3,39)( 4,38)( 5,37)( 6,36)( 7,35)( 8,34)( 9,44)(10,43)(11,42)(12,30)(13,29)(14,28)(15,27)(16,26)(17,25)(18,24)(19,23)(20,33)(21,32)(22,31) ],
      gmul := [ ( 1,24,12,35)( 2,25,13,36)( 3,26,14,37)( 4,27,15,38)( 5,28,16,39)( 6,29,17,40)( 7,30,18,41)( 8,31,19,42)( 9,32,20,43)(10,33,21,44)(11,23,22,34), 
          ( 1,39,12,28)( 2,40,13,29)( 3,41,14,30)( 4,42,15,31)( 5,43,16,32)( 6,44,17,33)( 7,34,18,23)( 8,35,19,24)( 9,36,20,25)(10,37,21,26)(11,38,22,27) ],
      p := ( 2,34,17,15,37,29,33,18,20,31,40,43,32,39,36,28,24,35, 3,12,27, 7,41,14, 9,19,11, 4, 8,38,10,16,42,21,26,13,30, 6, 5,23,44,25,22),
      q := ( 2,23,33,17,20,42,14, 4, 5,34,18,15,26,22,11, 9,16,31,29,44,36,39,25,13,41,21,37,40,32,28,35,10,19)( 3,12,38)( 6, 8,27)( 7,30) ), rec(
      gadd := [ ( 1,16, 9,13, 6,21, 3,18,11,15, 8,12, 5,20, 2,17,10,14, 7,22, 4,19)(23,38,31,35,28,43,25,40,33,37,30,34,27,42,24,39,32,36,29,44,26,41), 
          ( 1,37)( 2,36)( 3,35)( 4,34)( 5,44)( 6,43)( 7,42)( 8,41)( 9,40)(10,39)(11,38)(12,26)(13,25)(14,24)(15,23)(16,33)(17,32)(18,31)(19,30)(20,29)(21,28)(22,27) ],
      gmul := [ ( 1,24)( 2,23)( 3,33)( 4,32)( 5,31)( 6,30)( 7,29)( 8,28)( 9,27)(10,26)(11,25)(12,35)(13,34)(14,44)(15,43)(16,42)(17,41)(18,40)(19,39)(20,38)(21,37)(22,36), 
          ( 1,34)( 2,44)( 3,43)( 4,42)( 5,41)( 6,40)( 7,39)( 8,38)( 9,37)(10,36)(11,35)(12,23)(13,33)(14,32)(15,31)(16,30)(17,29)(18,28)(19,27)(20,26)(21,25)(22,24) ],
      p := ( 2,23,24,33,18,20)( 3,12, 9,19,11, 4, 8,30,44,36,10,16,26,13,38,40,25,22,37,39,32,29,35)( 6,34,17,15,31,28)( 7,27)(14,41)(21,42),
      q := ( 2,23,24,33,17,20,11, 9,16,26,22,37,39,32,29,35,10,19)( 3,12, 4, 5, 8,30,44,36)( 6,34,18,15,31,28, 7,27)(13,38,40,25)(14,41,21,42) ), rec(
      gadd := [ ( 1,32)( 2,31)( 3,30)( 4,29)( 5,28)( 6,27)( 7,26)( 8,25)( 9,24)(10,23)(11,33)(12,43)(13,42)(14,41)(15,40)(16,39)(17,38)(18,37)(19,36)(20,35)(21,34)(22,44), 
          ( 1,36)( 2,35)( 3,34)( 4,44)( 5,43)( 6,42)( 7,41)( 8,40)( 9,39)(10,38)(11,37)(12,25)(13,24)(14,23)(15,33)(16,32)(17,31)(18,30)(19,29)(20,28)(21,27)(22,26) ],
      gmul := [ ( 1,27,20,35, 6,32,14,40,11,26,19,34, 5,31,13,39,10,25,18,44, 4,30,12,38, 9,24,17,43, 3,29,22,37, 8,23,16,42, 2,28,21,36, 7,33,15,41) ],
      p := ( 2,34,17,15,37,28,33,18,20,26,13,27, 7,41,14, 9,19,11, 4, 8,38,10,16,42,21,31,40,43,25,22)( 3,12,30, 6, 5,23,44,32,39,36,29,24,35),
      q := ( 2,23,24,33,17,20,42,14, 4, 5,34,18,15,31,28,35,10,19)( 3,12,38)( 6, 8,30, 7,27)( 9,16,26,22,11)(13,41,21,37,40,25)(29,44,36,39,32) ), rec(
      gadd := [ ( 1, 7, 2, 8, 3, 9, 4,10, 5,11, 6)(12,18,13,19,14,20,15,21,16,22,17)(23,29,24,30,25,31,26,32,27,33,28)(34,40,35,41,36,42,37,43,38,44,39), 
          ( 1,22,10,20, 8,18, 6,16, 4,14, 2,12,11,21, 9,19, 7,17, 5,15, 3,13)(23,44,32,42,30,40,28,38,26,36,24,34,33,43,31,41,29,39,27,37,25,35), 
          ( 1,35)( 2,34)( 3,44)( 4,43)( 5,42)( 6,41)( 7,40)( 8,39)( 9,38)(10,37)(11,36)(12,24)(13,23)(14,33)(15,32)(16,31)(17,30)(18,29)(19,28)(20,27)(21,26)(22,25) ],
      gmul := [ ( 1,33,10,31, 8,29, 6,27, 4,25, 2,23,11,32, 9,30, 7,28, 5,26, 3,24)(12,44,21,42,19,40,17,38,15,36,13,34,22,43,20,41,18,39,16,37,14,35), 
          ( 1,35, 3,37, 5,39, 7,41, 9,43,11,34, 2,36, 4,38, 6,40, 8,42,10,44)(12,24,14,26,16,28,18,30,20,32,22,23,13,25,15,27,17,29,19,31,21,33) ],
      p := ( 2,23,33,18,20)( 3,12, 9,19,11, 4, 8,27, 7,30,35)( 6,34,17,15,26,13,41,14,38,39,25,22,42,21,37,40,32,28)(10,16,31,29,44,43,36),
      q := ( 2,23,24,33,17,20,11, 9,16,26,22,37,39,32,29,35,10,19)( 3,12, 4, 5, 8,30,44,36)( 6,34,18,15,31,28, 7,27)(13,38,40,25)(14,41,21,42) ), rec(
      gadd := [ ( 1,21, 8,17, 4,13,11,20, 7,16, 3,12,10,19, 6,15, 2,22, 9,18, 5,14)(23,43,30,39,26,35,33,42,29,38,25,34,32,41,28,37,24,44,31,40,27,36), 
          ( 1,41)( 2,40)( 3,39)( 4,38)( 5,37)( 6,36)( 7,35)( 8,34)( 9,44)(10,43)(11,42)(12,30)(13,29)(14,28)(15,27)(16,26)(17,25)(18,24)(19,23)(20,33)(21,32)(22,31) ],
      gmul := [ ( 1,27,15,35, 7,32,21,40, 2,26,16,34, 8,31,22,39, 3,25,17,44, 9,30,12,38, 4,24,18,43,10,29,13,37, 5,23,19,42,11,28,14,36, 6,33,20,41) ],
      p := ( 2,34,17,15,42,21,26,13,30, 6, 5,23,35, 3,12,27, 7,38,10,16,37,29,33,18,20,31,39,43,32,40,36,28,24,44,25,22)( 4, 8,41,14, 9,19,11),
      q := ( 2,23,33,17,20,37,39,25,13,38, 3,12,41,21,42,14, 4, 5,34,18,15,26,22,11, 9,16,31,29,35,10,19)( 6, 8,27)( 7,30)(28,44,43,36,40,32) ), rec(
      gadd := [ ( 1,11,10, 9, 8, 7, 6, 5, 4, 3, 2)(12,22,21,20,19,18,17,16,15,14,13)(23,33,32,31,30,29,28,27,26,25,24)(34,44,43,42,41,40,39,38,37,36,35), 
          ( 1,26)( 2,25)( 3,24)( 4,23)( 5,33)( 6,32)( 7,31)( 8,30)( 9,29)(10,28)(11,27)(12,37)(13,36)(14,35)(15,34)(16,44)(17,43)(18,42)(19,41)(20,40)(21,39)(22,38), 
          ( 1,38)( 2,37)( 3,36)( 4,35)( 5,34)( 6,44)( 7,43)( 8,42)( 9,41)(10,40)(11,39)(12,27)(13,26)(14,25)(15,24)(16,23)(17,33)(18,32)(19,31)(20,30)(21,29)(22,28) ],
      gmul := [ ( 1,27, 4,24, 7,32,10,29, 2,26, 5,23, 8,31,11,28, 3,25, 6,33, 9,30)(12,38,15,35,18,43,21,40,13,37,16,34,19,42,22,39,14,36,17,44,20,41), 
          ( 1,36, 8,40, 4,44,11,37, 7,41, 3,34,10,38, 6,42, 2,35, 9,39, 5,43)(12,25,19,29,15,33,22,26,18,30,14,23,21,27,17,31,13,24,20,28,16,32) ],
      p := ( 2,23,24,33,18,20)( 3,12, 9,19,11, 4, 8,30,44,36,10,16,26,13,38,40,25,22,37,39,32,29,35)( 6,34,17,15,31,28)( 7,27)(14,41)(21,42),
      q := ( 2,23,33,17,20,11, 9,16,31,29,44,43,36, 3,12, 4, 5, 8,27, 6,34,18,15,26,22,42,14,38,39,25,13,41,21,37,40,32,28, 7,30,35,10,19) ), rec(
      gadd := [ ( 1,22,10,20, 8,18, 6,16, 4,14, 2,12,11,21, 9,19, 7,17, 5,15, 3,13)(23,44,32,42,30,40,28,38,26,36,24,34,33,43,31,41,29,39,27,37,25,35), 
          ( 1,41)( 2,40)( 3,39)( 4,38)( 5,37)( 6,36)( 7,35)( 8,34)( 9,44)(10,43)(11,42)(12,30)(13,29)(14,28)(15,27)(16,26)(17,25)(18,24)(19,23)(20,33)(21,32)(22,31) ],
      gmul := [ ( 1,21)( 2,20)( 3,19)( 4,18)( 5,17)( 6,16)( 7,15)( 8,14)( 9,13)(10,12)(11,22)(23,43)(24,42)(25,41)(26,40)(27,39)(28,38)(29,37)(30,36)(31,35)(32,34)(33,44), 
          ( 1,38, 9,35, 6,43, 3,40,11,37, 8,34, 5,42, 2,39,10,36, 7,44, 4,41)(12,27,20,24,17,32,14,29,22,26,19,23,16,31,13,28,21,25,18,33,15,30) ],
      p := ( 2,12, 9,27, 7,16,15,20)( 3,23,13,41,32,18,26,33,28, 6,34,29,44,43,36,10,30,35)( 4, 8,19,11)(14,38,39,21,37,40)(17,31)(22,42,25,24),
      q := ( 2,12, 4, 5, 8,19)( 3,23,13,38,40,14,41,32,18,26,33,28, 7,16,15,20,11, 9,27, 6,34,29,35,10,30,44,36)(17,31)(21,42,25,24,22,37,39) ), rec(
      gadd := [ ( 1,17,11,16,10,15, 9,14, 8,13, 7,12, 6,22, 5,21, 4,20, 3,19, 2,18)(23,39,33,38,32,37,31,36,30,35,29,34,28,44,27,43,26,42,25,41,24,40), 
          ( 1,41)( 2,40)( 3,39)( 4,38)( 5,37)( 6,36)( 7,35)( 8,34)( 9,44)(10,43)(11,42)(12,30)(13,29)(14,28)(15,27)(16,26)(17,25)(18,24)(19,23)(20,33)(21,32)(22,31) ],
      gmul := [ ( 1,19)( 2,18)( 3,17)( 4,16)( 5,15)( 6,14)( 7,13)( 8,12)( 9,22)(10,21)(11,20)(23,38)(24,37)(25,36)(26,35)(27,34)(28,44)(29,43)(30,42)(31,41)(32,40)(33,39), 
          ( 1,30, 9,33, 6,25, 3,28,11,31, 8,23, 5,26, 2,29,10,32, 7,24, 4,27)(12,41,20,44,17,36,14,39,22,42,19,34,16,37,13,40,21,43,18,35,15,38) ],
      p := ( 2,12, 9,27, 7,16,15,20)( 3,23,13,41,32,18,26,33,28, 6,34,29,44,43,36,10,30,35)( 4, 8,19,11)(14,38,39,21,37,40)(17,31)(22,42,25,24),
      q := ( 2,12, 4, 5, 8,19)( 3,23,13,41,25,33,29,44,43,36)( 6,34,28, 7,16,15,20,11, 9,30,35,10,27)(14,38,39,21,37,40)(17,26,24,22,42,32,18,31) ), rec(
      gadd := [ ( 1,12)( 2,13)( 3,14)( 4,15)( 5,16)( 6,17)( 7,18)( 8,19)( 9,20)(10,21)(11,22)(23,34)(24,35)(25,36)(26,37)(27,38)(28,39)(29,40)(30,41)(31,42)(32,43)(33,44), 
          ( 1,27, 9,24, 6,32, 3,29,11,26, 8,23, 5,31, 2,28,10,25, 7,33, 4,30)(12,38,20,35,17,43,14,40,22,37,19,34,16,42,13,39,21,36,18,44,15,41) ],
      gmul := [ ( 1,18, 2,19, 3,20, 4,21, 5,22, 6,12, 7,13, 8,14, 9,15,10,16,11,17)(23,40,24,41,25,42,26,43,27,44,28,34,29,35,30,36,31,37,32,38,33,39), 
          ( 1,43, 8,39, 4,35,11,42, 7,38, 3,34,10,41, 6,37, 2,44, 9,40, 5,36)(12,32,19,28,15,24,22,31,18,27,14,23,21,30,17,26,13,33,20,29,16,25) ],
      p := ( 2, 7,40,32,30,36, 4,12,11,17,28,10,39,25,33,27,16,29, 9,23,19,22,41,37,42,15,13, 8,18,44,26,38,20, 5, 6)( 3,34,43,31,14,35,21),
      q := ( 2, 6,11,18,35,14,44,31,21,10,40,25,24,33,30,43,26,41,42,20, 8,17,29, 4,12)( 3,34,36, 9,23,16,28)( 5, 7,39,32,27,19,13)(15,22,38) ), rec(
      gadd := [ ( 1,16, 9,13, 6,21, 3,18,11,15, 8,12, 5,20, 2,17,10,14, 7,22, 4,19)(23,38,31,35,28,43,25,40,33,37,30,34,27,42,24,39,32,36,29,44,26,41), 
          ( 1,36, 5,40, 9,44, 2,37, 6,41,10,34, 3,38, 7,42,11,35, 4,39, 8,43)(12,25,16,29,20,33,13,26,17,30,21,23,14,27,18,31,22,24,15,28,19,32) ],
      gmul := [ ( 1,27,20,35, 6,32,14,40,11,26,19,34, 5,31,13,39,10,25,18,44, 4,30,12,38, 9,24,17,43, 3,29,22,37, 8,23,16,42, 2,28,21,36, 7,33,15,41) ],
      p := ( 2,23,30,10,18,13,39,31,25, 3, 7,29,38, 4,12,17, 8,28,16,33, 9)( 5,34,14,11,40,26,19,35,36,21,44,37,43,15,24,27,41,20,22),
      q := ( 2,34,21,24,41,15,44,31,43,20,13,29,30, 3, 6, 7,39,37,25,10,17, 5,23,38, 9,11,28,19,33, 4,12,18,22, 8,40,42,26,16,35,32,36,14) ), rec(
      gadd := [ ( 1,17,11,16,10,15, 9,14, 8,13, 7,12, 6,22, 5,21, 4,20, 3,19, 2,18)(23,39,33,38,32,37,31,36,30,35,29,34,28,44,27,43,26,42,25,41,24,40), 
          ( 1,39,11,38,10,37, 9,36, 8,35, 7,34, 6,44, 5,43, 4,42, 3,41, 2,40)(12,28,22,27,21,26,20,25,19,24,18,23,17,33,16,32,15,31,14,30,13,29) ],
      gmul := [ ( 1,24,12,35)( 2,23,13,34)( 3,33,14,44)( 4,32,15,43)( 5,31,16,42)( 6,30,17,41)( 7,29,18,40)( 8,28,19,39)( 9,27,20,38)(10,26,21,37)(11,25,22,36), 
          ( 1,32,12,43)( 2,31,13,42)( 3,30,14,41)( 4,29,15,40)( 5,28,16,39)( 6,27,17,38)( 7,26,18,37)( 8,25,19,36)( 9,24,20,35)(10,23,21,34)(11,33,22,44) ],
      p := ( 2,23,27,41,20,22, 5,34,14,11,40,31,32,25, 3, 7,28,16,24,30,10,18,13,39,26,19,35,36,21,44,37,43,15,33, 9)( 4,12,17, 8,29,38),
      q := ( 2,34,21,33, 4,12,18,22, 8,40,42,31,43,20,13,28,19,24,41,15,44,26,16,35,25,10,17, 5,23,38, 9,11,29,27,30, 3, 6, 7,39,37,32,36,14) ), rec(
      gadd := [ ( 1,32, 8,28, 4,24,11,31, 7,27, 3,23,10,30, 6,26, 2,33, 9,29, 5,25)(12,43,19,39,15,35,22,42,18,38,14,34,21,41,17,37,13,44,20,40,16,36), 
          ( 1,40, 2,41, 3,42, 4,43, 5,44, 6,34, 7,35, 8,36, 9,37,10,38,11,39)(12,29,13,30,14,31,15,32,16,33,17,23,18,24,19,25,20,26,21,27,22,28) ],
      gmul := [ ( 1,13)( 2,12)( 3,22)( 4,21)( 5,20)( 6,19)( 7,18)( 8,17)( 9,16)(10,15)(11,14)(23,35)(24,34)(25,44)(26,43)(27,42)(28,41)(29,40)(30,39)(31,38)(32,37)(33,36), 
          ( 1,37, 7,43, 2,38, 8,44, 3,39, 9,34, 4,40,10,35, 5,41,11,36, 6,42)(12,26,18,32,13,27,19,33,14,28,20,23,15,29,21,24,16,30,22,25,17,31) ],
      p := ( 2,12,11,39,25, 3, 7,23,24,19,44,31,30,27,38,32,14,28,10,40,20, 5, 6,17, 8,18,35,43,26,41,42,37,15,29,21,16,13,22,33, 9)( 4,34,36),
      q := ( 2,12)( 3, 6,17, 5, 7,23,24,19,35,36, 9,11,40,20, 8,18,44,31,30,27,41,37,15,29,21,16,13,22,33, 4,34,43,26,38,32,14,28)(10,39,25) ) ];
