NCBRACES[57]:=[rec(
gadd:=
[(1,20,39)(2,27,50)(3,34,42)(4,22,53)(5,29,45)(6,36,56)
(7,24,48)(8,31,40)(9,38,51)(10,26,43)(11,33,54)(12,21,46)
(13,28,57)(14,35,49)(15,23,41)(16,30,52)(17,37,44)(18,25,55)
(19,32,47),(1,2,3,4,5,6,7,8,9,10,11,12,13,14,15,16,17,
18,19)(20,21,22,23,24,25,26,27,28,29,30,31,32,33,34,35,36,37,38)
(39,40,41,42,43,44,45,46,47,48,49,50,51,52,53,54,55,56,57)],
gmul:=
[(1,20,39)(2,27,50)(3,34,42)(4,22,53)(5,29,45)(6,36,56)
(7,24,48)(8,31,40)(9,38,51)(10,26,43)(11,33,54)(12,21,46)
(13,28,57)(14,35,49)(15,23,41)(16,30,52)(17,37,44)(18,25,55)
(19,32,47),(1,2,3,4,5,6,7,8,9,10,11,12,13,14,15,16,17,
18,19)(20,21,22,23,24,25,26,27,28,29,30,31,32,33,34,35,36,37,38)
(39,40,41,42,43,44,45,46,47,48,49,50,51,52,53,54,55,56,57)],
p:=(2,20,16,43,3,7,35,27,55,56,23,22,30,29,57,15,8,26,51,17,28,10,
45,12,49,38,53,25,19,54,21,31,11,48,36,46,34,42,44,50,6,24,32,40,9,
13,33,37)(4,39,47,41,18,5,14,52),
q:=(2,39,21,51,4,20,5,7,45,9,8,49,50,15,13,48,53,41,3,14,24,40,
12,26,31,10,35,57,6,52,17,46,56,44,38,36,28,11,33,42,23,55,34,37,19,
29,27,22,43,18,16,30,54,47,25)),rec(
gadd:=
[(1,20,39)(2,27,50)(3,34,42)(4,22,53)(5,29,45)(6,36,56)
(7,24,48)(8,31,40)(9,38,51)(10,26,43)(11,33,54)(12,21,46)
(13,28,57)(14,35,49)(15,23,41)(16,30,52)(17,37,44)(18,25,55)
(19,32,47),(1,2,3,4,5,6,7,8,9,10,11,12,13,14,15,16,17,
18,19)(20,21,22,23,24,25,26,27,28,29,30,31,32,33,34,35,36,37,38)
(39,40,41,42,43,44,45,46,47,48,49,50,51,52,53,54,55,56,57)],
gmul:=
[(1,20,39)(2,21,40)(3,22,41)(4,23,42)(5,24,43)(6,25,44)
(7,26,45)(8,27,46)(9,28,47)(10,29,48)(11,30,49)(12,31,50)
(13,32,51)(14,33,52)(15,34,53)(16,35,54)(17,36,55)(18,37,56)
(19,38,57),(1,2,3,4,5,6,7,8,9,10,11,12,13,14,15,16,17,
18,19)(20,27,34,22,29,36,24,31,38,26,33,21,28,35,23,30,37,25,32)
(39,50,42,53,45,56,48,40,51,43,54,46,57,49,41,52,44,55,47)],
p:=(2,20,17,24,29,43,19,44,49,9,5,18,4,39,48,31,6,22,36,52,10,42,
46,38,51,13,25,7,37,14,55,50,8,34,57,12,56,28,15,16,53,21,35,30,23,
32,54,11,41)(26,45,33,27,40),
q:=(2,39,33,57,9,16,36,24,54,10,37,7,42,28,6,55,38,31,15,5,3,18,
17,52,11,25,14,22,53,47,21,45,48,51,8,56,46,50,13,41,19,23,40,49,12,
34,27,32,29,30,44,26,35,43)(4,20)),rec(
gadd:=
[(1,20,39)(2,27,50)(3,34,42)(4,22,53)(5,29,45)(6,36,56)
(7,24,48)(8,31,40)(9,38,51)(10,26,43)(11,33,54)(12,21,46)
(13,28,57)(14,35,49)(15,23,41)(16,30,52)(17,37,44)(18,25,55)
(19,32,47),(1,2,3,4,5,6,7,8,9,10,11,12,13,14,15,16,17,
18,19)(20,21,22,23,24,25,26,27,28,29,30,31,32,33,34,35,36,37,38)
(39,40,41,42,43,44,45,46,47,48,49,50,51,52,53,54,55,56,57)],
gmul:=
[(1,20,39)(2,31,46)(3,23,53)(4,34,41)(5,26,48)(6,37,55)
(7,29,43)(8,21,50)(9,32,57)(10,24,45)(11,35,52)(12,27,40)
(13,38,47)(14,30,54)(15,22,42)(16,33,49)(17,25,56)(18,36,44)
(19,28,51),(1,2,3,4,5,6,7,8,9,10,11,12,13,14,15,16,17,
18,19)(20,21,22,23,24,25,26,27,28,29,30,31,32,33,34,35,36,37,38)
(39,40,41,42,43,44,45,46,47,48,49,50,51,52,53,54,55,56,57)],
p:=(2,20,11,43,17,38,44,40,28,5,14,52,9,13,33,23,36,46,25,19,49,6,
29,47,55,42,53,34,56,37)(3,7,30,24,32,50)(4,39,57,15,8,26,51,18,
10,45,31,16,48,22,35,27,41)(12,54),
q:=(2,39,31,5,7,45,57,6,52,12,26,21,51,3,14,29,27,36,38,22,48,44,
28,16,35,47,34,23,41,17,46,42,37,19,24,50,18,11,33,56,53,55,25)
(4,20,10,30,49,15,13,43)(8,54,9)),rec(
gadd:=
[(1,20,39)(2,27,50)(3,34,42)(4,22,53)(5,29,45)(6,36,56)
(7,24,48)(8,31,40)(9,38,51)(10,26,43)(11,33,54)(12,21,46)
(13,28,57)(14,35,49)(15,23,41)(16,30,52)(17,37,44)(18,25,55)
(19,32,47),(1,2,3,4,5,6,7,8,9,10,11,12,13,14,15,16,17,
18,19)(20,21,22,23,24,25,26,27,28,29,30,31,32,33,34,35,36,37,38)
(39,40,41,42,43,44,45,46,47,48,49,50,51,52,53,54,55,56,57)],
gmul:=
[(1,20,39)(2,31,46)(3,23,53)(4,34,41)(5,26,48)(6,37,55)
(7,29,43)(8,21,50)(9,32,57)(10,24,45)(11,35,52)(12,27,40)
(13,38,47)(14,30,54)(15,22,42)(16,33,49)(17,25,56)(18,36,44)
(19,28,51),(1,2,3,4,5,6,7,8,9,10,11,12,13,14,15,16,17,
18,19)(20,27,34,22,29,36,24,31,38,26,33,21,28,35,23,30,37,25,32)
(39,50,42,53,45,56,48,40,51,43,54,46,57,49,41,52,44,55,47)],
p:=(2,20,6,23,31,17,26,45,11,53,38,46,21,33,28,4,39,43,8,34,50,9,
5,18,15,16,41,13,25,7,36,52)(10,42,51,19,56,27,47,40)
(12,44,54,35,30,22,37,14,55,57)(24,29,48,32,49),
q:=(2,39,35,48,46,57,9,16,37,7,42,27,31,4,20,15,5,3,18,6,55,21,
45,10,36,26,33,50,12,34,28,17,52,19,22,41,8,44,24,49,54,43,13,53,40,
11,25,14,23,47,38,32,29,30,56,51)),rec(
gadd:=
[(1,20,39)(2,27,50)(3,34,42)(4,22,53)(5,29,45)(6,36,56)
(7,24,48)(8,31,40)(9,38,51)(10,26,43)(11,33,54)(12,21,46)
(13,28,57)(14,35,49)(15,23,41)(16,30,52)(17,37,44)(18,25,55)
(19,32,47),(1,2,3,4,5,6,7,8,9,10,11,12,13,14,15,16,17,
18,19)(20,21,22,23,24,25,26,27,28,29,30,31,32,33,34,35,36,37,38)
(39,40,41,42,43,44,45,46,47,48,49,50,51,52,53,54,55,56,57)],
gmul:=
[(1,21,41,4,24,44,7,27,47,10,30,50,13,33,53,16,36,56,19,20,40,3,
23,43,6,26,46,9,29,49,12,32,52,15,35,55,18,38,39,2,22,42,5,
25,45,8,28,48,11,31,51,14,34,54,17,37,57)],
p:=(2,20,6,26,12,32,18,38,5,14,19,21,57,42,24,25,34,47,10,52,48,30,
31,28,53,4,39,56,55,23,15,51,49,29,9,45,43,35,3,7,33,50,17)
(8,13,27,44,11)(16,46,54,36,37,22,40,41),
q:=(2,39,22,38,16,32,3,14)(4,20,15,27,34,31,50)(5,7,45,35,18,40,
37,56,23,6,52,30,47,11,13,51,29,12,46,24,53,17,19,57,36,41)
(9,33,28,25,44,10,26)(42,54)),rec(
gadd:=
[(1,20,39)(2,27,50)(3,34,42)(4,22,53)(5,29,45)(6,36,56)
(7,24,48)(8,31,40)(9,38,51)(10,26,43)(11,33,54)(12,21,46)
(13,28,57)(14,35,49)(15,23,41)(16,30,52)(17,37,44)(18,25,55)
(19,32,47),(1,2,3,4,5,6,7,8,9,10,11,12,13,14,15,16,17,
18,19)(20,21,22,23,24,25,26,27,28,29,30,31,32,33,34,35,36,37,38)
(39,40,41,42,43,44,45,46,47,48,49,50,51,52,53,54,55,56,57)],
gmul:=
[(1,27,42,4,29,56,7,31,51,10,33,46,13,35,41,16,37,55,19,20,50,3,
22,45,6,24,40,9,26,54,12,28,49,15,30,44,18,32,39,2,34,53,5,
36,48,8,38,43,11,21,57,14,23,52,17,25,47)],
p:=(2,20,9,42,23,12,29,10,55,27,51,44,17,14,7,25,21,48,37,31,26,11,
16,52,53)(4,39,57,50,19,35,8,5,18,24,38,15,45,41,6,34,43,36,28,
46,56,47)(13,30,33,54,32)(22,49),
q:=(2,39,31,54,50)(3,18,49,44,4,20,12,52,37,57,32,8,16,29,11,5)
(6,55,47,17,7,42,56,27,21,35,13,45,36,40,28,38)(9,25,51,22,24,46,23
)(10,34,33,26)(15,30,43,41)(19,48,53)),rec(
gadd:=
[(1,21,41,4,24,44,7,27,47,10,30,50,13,33,53,16,36,56,19,20,40,3,
23,43,6,26,46,9,29,49,12,32,52,15,35,55,18,38,39,2,22,42,5,
25,45,8,28,48,11,31,51,14,34,54,17,37,57)],
gmul:=
[(1,21,41,4,24,44,7,27,47,10,30,50,13,33,53,16,36,56,19,20,40,3,
23,43,6,26,46,9,29,49,12,32,52,15,35,55,18,38,39,2,22,42,5,
25,45,8,28,48,11,31,51,14,34,54,17,37,57)],
p:=(2,20,6,26,12,32,18,38,5,14,19,21,57,42,24,25,34,47,10,52,48,30,
31,28,53,4,39,56,55,23,15,51,49,29,9,45,43,35,3,7,33,50,17)
(8,13,27,44,11)(16,46,54,36,37,22,40,41),
q:=(2,39,22,38,16,32,3,14)(4,20,15,27,34,31,50)(5,7,45,35,18,40,
37,56,23,6,52,30,47,11,13,51,29,12,46,24,53,17,19,57,36,41)
(9,33,28,25,44,10,26)(42,54)),rec(
gadd:=
[(1,21,41,4,24,44,7,27,47,10,30,50,13,33,53,16,36,56,19,20,40,3,
23,43,6,26,46,9,29,49,12,32,52,15,35,55,18,38,39,2,22,42,5,
25,45,8,28,48,11,31,51,14,34,54,17,37,57)],
gmul:=
[(1,20,39)(2,31,46)(3,23,53)(4,34,41)(5,26,48)(6,37,55)
(7,29,43)(8,21,50)(9,32,57)(10,24,45)(11,35,52)(12,27,40)
(13,38,47)(14,30,54)(15,22,42)(16,33,49)(17,25,56)(18,36,44)
(19,28,51),(1,2,3,4,5,6,7,8,9,10,11,12,13,14,15,16,17,
18,19)(20,21,22,23,24,25,26,27,28,29,30,31,32,33,34,35,36,37,38)
(39,40,41,42,43,44,45,46,47,48,49,50,51,52,53,54,55,56,57)],
p:=(2,20,11,43,17,38,44,40,28,5,14,52,9,13,33,23,36,46,25,19,49,6,
29,47,55,42,53,34,56,37)(3,7,30,24,32,50)(4,39,57,15,8,26,51,18,
10,45,31,16,48,22,35,27,41)(12,54),
q:=(2,39,31,5,7,45,57,6,52,12,26,21,51,3,14,29,27,36,38,22,48,44,
28,16,35,47,34,23,41,17,46,42,37,19,24,50,18,11,33,56,53,55,25)
(4,20,10,30,49,15,13,43)(8,54,9))];
