NCBRACES[24] := rec( total := -1, implemented := 855, size := 24, brace := [] 
);NCBRACES[24].brace[1] := rec ( size := 24, perms := [ [  (),  (),  ], [  (1, 
19, 10, 13, 4, 22, 7, 16)(2, 21, 11, 15, 5, 24, 8, 18)(3, 20, 12, 14, 6, 23, 9, 
17),  (1, 13, 10, 22, 4, 16, 7, 19)(2, 15, 11, 24, 5, 18, 8, 21)(3, 14, 12, 23, 
6, 17, 9, 20),  ], [  (1, 10, 4, 7)(2, 11, 5, 8)(3, 12, 6, 9)(13, 22, 16, 
19)(14, 23, 17, 20)(15, 24, 18, 21),  (1, 7, 4, 10)(2, 8, 5, 11)(3, 9, 6, 
12)(13, 19, 16, 22)(14, 20, 17, 23)(15, 21, 18, 24),  ], [  (1, 4)(2, 5)(3, 
6)(7, 10)(8, 11)(9, 12)(13, 16)(14, 17)(15, 18)(19, 22)(20, 23)(21, 24),  (1, 
4)(2, 5)(3, 6)(7, 10)(8, 11)(9, 12)(13, 16)(14, 17)(15, 18)(19, 22)(20, 23)(21, 
24),  ], [  (1, 2, 3)(4, 5, 6)(7, 8, 9)(10, 11, 12)(13, 14, 15)(16, 17, 18)(19, 
20, 21)(22, 23, 24),  (1, 3, 2)(4, 6, 5)(7, 9, 8)(10, 12, 11)(13, 15, 14)(16, 
18, 17)(19, 21, 20)(22, 24, 23),  ], [  (1, 13, 7, 19, 4, 16, 10, 22)(2, 15, 8, 
21, 5, 18, 11, 24)(3, 14, 9, 20, 6, 17, 12, 23),  (1, 19, 7, 16, 4, 22, 10, 
13)(2, 21, 8, 18, 5, 24, 11, 15)(3, 20, 9, 17, 6, 23, 12, 14),  ], [  (1, 7, 4, 
10)(2, 8, 5, 11)(3, 9, 6, 12)(13, 19, 16, 22)(14, 20, 17, 23)(15, 21, 18, 24),  
(1, 10, 4, 7)(2, 11, 5, 8)(3, 12, 6, 9)(13, 22, 16, 19)(14, 23, 17, 20)(15, 24, 
18, 21),  ], [  (1, 3, 2)(4, 6, 5)(7, 9, 8)(10, 12, 11)(13, 15, 14)(16, 18, 
17)(19, 21, 20)(22, 24, 23),  (1, 2, 3)(4, 5, 6)(7, 8, 9)(10, 11, 12)(13, 14, 
15)(16, 17, 18)(19, 20, 21)(22, 23, 24),  ], [  (1, 22, 10, 16, 4, 19, 7, 13)(2,
24, 11, 18, 5, 21, 8, 15)(3, 23, 12, 17, 6, 20, 9, 14),  (1, 16, 10, 19, 4, 13, 
7, 22)(2, 18, 11, 21, 5, 15, 8, 24)(3, 17, 12, 20, 6, 14, 9, 23),  ], [  (1, 21,
10, 15, 4, 24, 7, 18)(2, 20, 11, 14, 5, 23, 8, 17)(3, 19, 12, 13, 6, 22, 9, 16),
(1, 15, 10, 24, 4, 18, 7, 21)(2, 14, 11, 23, 5, 17, 8, 20)(3, 13, 12, 22, 6, 16,
9, 19),  ], [  (1, 16, 7, 22, 4, 13, 10, 19)(2, 18, 8, 24, 5, 15, 11, 21)(3, 17,
9, 23, 6, 14, 12, 20),  (1, 22, 7, 13, 4, 19, 10, 16)(2, 24, 8, 15, 5, 21, 11, 
18)(3, 23, 9, 14, 6, 20, 12, 17),  ], [  (1, 20, 10, 14, 4, 23, 7, 17)(2, 19, 
11, 13, 5, 22, 8, 16)(3, 21, 12, 15, 6, 24, 9, 18),  (1, 14, 10, 23, 4, 17, 7, 
20)(2, 13, 11, 22, 5, 16, 8, 19)(3, 15, 12, 24, 6, 18, 9, 21),  ], [  (1, 11, 6,
7, 2, 12, 4, 8, 3, 10, 5, 9)(13, 23, 18, 19, 14, 24, 16, 20, 15, 22, 17, 21),  
(1, 9, 5, 10, 3, 8, 4, 12, 2, 7, 6, 11)(13, 21, 17, 22, 15, 20, 16, 24, 14, 19, 
18, 23),  ], [  (1, 12, 5, 7, 3, 11, 4, 9, 2, 10, 6, 8)(13, 24, 17, 19, 15, 23, 
16, 21, 14, 22, 18, 20),  (1, 8, 6, 10, 2, 9, 4, 11, 3, 7, 5, 12)(13, 20, 18, 
22, 14, 21, 16, 23, 15, 19, 17, 24),  ], [  (1, 5, 3, 4, 2, 6)(7, 11, 9, 10, 8, 
12)(13, 17, 15, 16, 14, 18)(19, 23, 21, 22, 20, 24),  (1, 6, 2, 4, 3, 5)(7, 12, 
8, 10, 9, 11)(13, 18, 14, 16, 15, 17)(19, 24, 20, 22, 21, 23),  ], [  (1, 6, 2, 
4, 3, 5)(7, 12, 8, 10, 9, 11)(13, 18, 14, 16, 15, 17)(19, 24, 20, 22, 21, 23),  
(1, 5, 3, 4, 2, 6)(7, 11, 9, 10, 8, 12)(13, 17, 15, 16, 14, 18)(19, 23, 21, 22, 
20, 24),  ], [  (1, 14, 7, 20, 4, 17, 10, 23)(2, 13, 8, 19, 5, 16, 11, 22)(3, 
15, 9, 21, 6, 18, 12, 24),  (1, 20, 7, 17, 4, 23, 10, 14)(2, 19, 8, 16, 5, 22, 
11, 13)(3, 21, 9, 18, 6, 24, 12, 15),  ], [  (1, 8, 6, 10, 2, 9, 4, 11, 3, 7, 5,
12)(13, 20, 18, 22, 14, 21, 16, 23, 15, 19, 17, 24),  (1, 12, 5, 7, 3, 11, 4, 9,
2, 10, 6, 8)(13, 24, 17, 19, 15, 23, 16, 21, 14, 22, 18, 20),  ], [  (1, 15, 7, 
21, 4, 18, 10, 24)(2, 14, 8, 20, 5, 17, 11, 23)(3, 13, 9, 19, 6, 16, 12, 22),  
(1, 21, 7, 18, 4, 24, 10, 15)(2, 20, 8, 17, 5, 23, 11, 14)(3, 19, 9, 16, 6, 22, 
12, 13),  ], [  (1, 9, 5, 10, 3, 8, 4, 12, 2, 7, 6, 11)(13, 21, 17, 22, 15, 20, 
16, 24, 14, 19, 18, 23),  (1, 11, 6, 7, 2, 12, 4, 8, 3, 10, 5, 9)(13, 23, 18, 
19, 14, 24, 16, 20, 15, 22, 17, 21),  ], [  (1, 24, 10, 18, 4, 21, 7, 15)(2, 23,
11, 17, 5, 20, 8, 14)(3, 22, 12, 16, 6, 19, 9, 13),  (1, 18, 10, 21, 4, 15, 7, 
24)(2, 17, 11, 20, 5, 14, 8, 23)(3, 16, 12, 19, 6, 13, 9, 22),  ], [  (1, 23, 
10, 17, 4, 20, 7, 14)(2, 22, 11, 16, 5, 19, 8, 13)(3, 24, 12, 18, 6, 21, 9, 15),
(1, 17, 10, 20, 4, 14, 7, 23)(2, 16, 11, 19, 5, 13, 8, 22)(3, 18, 12, 21, 6, 15,
9, 24),  ], [  (1, 18, 7, 24, 4, 15, 10, 21)(2, 17, 8, 23, 5, 14, 11, 20)(3, 16,
9, 22, 6, 13, 12, 19),  (1, 24, 7, 15, 4, 21, 10, 18)(2, 23, 8, 14, 5, 20, 11, 
17)(3, 22, 9, 13, 6, 19, 12, 16),  ], [  (1, 17, 7, 23, 4, 14, 10, 20)(2, 16, 8,
22, 5, 13, 11, 19)(3, 18, 9, 24, 6, 15, 12, 21),  (1, 23, 7, 14, 4, 20, 10, 
17)(2, 22, 8, 13, 5, 19, 11, 16)(3, 24, 9, 15, 6, 21, 12, 18),  ], ]
);

NCBRACES[24].brace[2] := rec ( size := 24, perms := [ [  (),  (),  ], [  (1, 22,
10, 16, 4, 19, 7, 13)(2, 24, 11, 18, 5, 21, 8, 15)(3, 23, 12, 17, 6, 20, 9, 14),
(1, 13, 7, 19, 4, 16, 10, 22)(2, 14, 8, 20, 5, 17, 11, 23)(3, 15, 9, 21, 6, 18, 
12, 24),  ], [  (1, 10, 4, 7)(2, 11, 5, 8)(3, 12, 6, 9)(13, 22, 16, 19)(14, 23, 
17, 20)(15, 24, 18, 21),  (1, 7, 4, 10)(2, 8, 5, 11)(3, 9, 6, 12)(13, 19, 16, 
22)(14, 20, 17, 23)(15, 21, 18, 24),  ], [  (1, 4)(2, 5)(3, 6)(7, 10)(8, 11)(9, 
12)(13, 16)(14, 17)(15, 18)(19, 22)(20, 23)(21, 24),  (1, 4)(2, 5)(3, 6)(7, 
10)(8, 11)(9, 12)(13, 16)(14, 17)(15, 18)(19, 22)(20, 23)(21, 24),  ], [  (1, 2,
3)(4, 5, 6)(7, 8, 9)(10, 11, 12)(13, 14, 15)(16, 17, 18)(19, 20, 21)(22, 23, 
24),  (1, 3, 2)(4, 6, 5)(7, 9, 8)(10, 12, 11)(13, 14, 15)(16, 17, 18)(19, 20, 
21)(22, 23, 24),  ], [  (1, 13, 7, 19, 4, 16, 10, 22)(2, 15, 8, 21, 5, 18, 11, 
24)(3, 14, 9, 20, 6, 17, 12, 23),  (1, 22, 10, 16, 4, 19, 7, 13)(2, 23, 11, 17, 
5, 20, 8, 14)(3, 24, 12, 18, 6, 21, 9, 15),  ], [  (1, 7, 4, 10)(2, 8, 5, 11)(3,
9, 6, 12)(13, 19, 16, 22)(14, 20, 17, 23)(15, 21, 18, 24),  (1, 10, 4, 7)(2, 11,
5, 8)(3, 12, 6, 9)(13, 22, 16, 19)(14, 23, 17, 20)(15, 24, 18, 21),  ], [  (1, 
3, 2)(4, 6, 5)(7, 9, 8)(10, 12, 11)(13, 15, 14)(16, 18, 17)(19, 21, 20)(22, 24, 
23),  (1, 2, 3)(4, 5, 6)(7, 8, 9)(10, 11, 12)(13, 15, 14)(16, 18, 17)(19, 21, 
20)(22, 24, 23),  ], [  (1, 16, 7, 22, 4, 13, 10, 19)(2, 18, 8, 24, 5, 15, 11, 
21)(3, 17, 9, 23, 6, 14, 12, 20),  (1, 19, 10, 13, 4, 22, 7, 16)(2, 20, 11, 14, 
5, 23, 8, 17)(3, 21, 12, 15, 6, 24, 9, 18),  ], [  (1, 19, 10, 13, 4, 22, 7, 
16)(2, 21, 11, 15, 5, 24, 8, 18)(3, 20, 12, 14, 6, 23, 9, 17),  (1, 16, 7, 22, 
4, 13, 10, 19)(2, 17, 8, 23, 5, 14, 11, 20)(3, 18, 9, 24, 6, 15, 12, 21),  ], [ 
(1, 23, 10, 17, 4, 20, 7, 14)(2, 22, 11, 16, 5, 19, 8, 13)(3, 24, 12, 18, 6, 21,
9, 15),  (1, 14, 7, 20, 4, 17, 10, 23)(2, 15, 8, 21, 5, 18, 11, 24)(3, 13, 9, 
19, 6, 16, 12, 22),  ], [  (1, 24, 10, 18, 4, 21, 7, 15)(2, 23, 11, 17, 5, 20, 
8, 14)(3, 22, 12, 16, 6, 19, 9, 13),  (1, 15, 7, 21, 4, 18, 10, 24)(2, 13, 8, 
19, 5, 16, 11, 22)(3, 14, 9, 20, 6, 17, 12, 23),  ], [  (1, 11, 6, 7, 2, 12, 4, 
8, 3, 10, 5, 9)(13, 23, 18, 19, 14, 24, 16, 20, 15, 22, 17, 21),  (1, 9, 5, 10, 
3, 8, 4, 12, 2, 7, 6, 11)(13, 20, 18, 22, 14, 21, 16, 23, 15, 19, 17, 24),  ], [
(1, 12, 5, 7, 3, 11, 4, 9, 2, 10, 6, 8)(13, 24, 17, 19, 15, 23, 16, 21, 14, 22, 
18, 20),  (1, 8, 6, 10, 2, 9, 4, 11, 3, 7, 5, 12)(13, 21, 17, 22, 15, 20, 16, 
24, 14, 19, 18, 23),  ], [  (1, 5, 3, 4, 2, 6)(7, 11, 9, 10, 8, 12)(13, 17, 15, 
16, 14, 18)(19, 23, 21, 22, 20, 24),  (1, 6, 2, 4, 3, 5)(7, 12, 8, 10, 9, 
11)(13, 17, 15, 16, 14, 18)(19, 23, 21, 22, 20, 24),  ], [  (1, 6, 2, 4, 3, 
5)(7, 12, 8, 10, 9, 11)(13, 18, 14, 16, 15, 17)(19, 24, 20, 22, 21, 23),  (1, 5,
3, 4, 2, 6)(7, 11, 9, 10, 8, 12)(13, 18, 14, 16, 15, 17)(19, 24, 20, 22, 21, 
23),  ], [  (1, 15, 7, 21, 4, 18, 10, 24)(2, 14, 8, 20, 5, 17, 11, 23)(3, 13, 9,
19, 6, 16, 12, 22),  (1, 24, 10, 18, 4, 21, 7, 15)(2, 22, 11, 16, 5, 19, 8, 
13)(3, 23, 12, 17, 6, 20, 9, 14),  ], [  (1, 8, 6, 10, 2, 9, 4, 11, 3, 7, 5, 
12)(13, 20, 18, 22, 14, 21, 16, 23, 15, 19, 17, 24),  (1, 12, 5, 7, 3, 11, 4, 9,
2, 10, 6, 8)(13, 23, 18, 19, 14, 24, 16, 20, 15, 22, 17, 21),  ], [  (1, 14, 7, 
20, 4, 17, 10, 23)(2, 13, 8, 19, 5, 16, 11, 22)(3, 15, 9, 21, 6, 18, 12, 24),  
(1, 23, 10, 17, 4, 20, 7, 14)(2, 24, 11, 18, 5, 21, 8, 15)(3, 22, 12, 16, 6, 19,
9, 13),  ], [  (1, 9, 5, 10, 3, 8, 4, 12, 2, 7, 6, 11)(13, 21, 17, 22, 15, 20, 
16, 24, 14, 19, 18, 23),  (1, 11, 6, 7, 2, 12, 4, 8, 3, 10, 5, 9)(13, 24, 17, 
19, 15, 23, 16, 21, 14, 22, 18, 20),  ], [  (1, 17, 7, 23, 4, 14, 10, 20)(2, 16,
8, 22, 5, 13, 11, 19)(3, 18, 9, 24, 6, 15, 12, 21),  (1, 20, 10, 14, 4, 23, 7, 
17)(2, 21, 11, 15, 5, 24, 8, 18)(3, 19, 12, 13, 6, 22, 9, 16),  ], [  (1, 18, 7,
24, 4, 15, 10, 21)(2, 17, 8, 23, 5, 14, 11, 20)(3, 16, 9, 22, 6, 13, 12, 19),  
(1, 21, 10, 15, 4, 24, 7, 18)(2, 19, 11, 13, 5, 22, 8, 16)(3, 20, 12, 14, 6, 23,
9, 17),  ], [  (1, 20, 10, 14, 4, 23, 7, 17)(2, 19, 11, 13, 5, 22, 8, 16)(3, 21,
12, 15, 6, 24, 9, 18),  (1, 17, 7, 23, 4, 14, 10, 20)(2, 18, 8, 24, 5, 15, 11, 
21)(3, 16, 9, 22, 6, 13, 12, 19),  ], [  (1, 21, 10, 15, 4, 24, 7, 18)(2, 20, 
11, 14, 5, 23, 8, 17)(3, 19, 12, 13, 6, 22, 9, 16),  (1, 18, 7, 24, 4, 15, 10, 
21)(2, 16, 8, 22, 5, 13, 11, 19)(3, 17, 9, 23, 6, 14, 12, 20),  ], ]
);

NCBRACES[24].brace[3] := rec ( size := 24, perms := [ [  (),  (),  ], [  (1, 13,
7, 19, 4, 16, 10, 22)(2, 15, 8, 21, 5, 18, 11, 24)(3, 14, 9, 20, 6, 17, 12, 23),
(1, 13)(2, 14)(3, 15)(4, 16)(5, 17)(6, 18)(7, 22)(8, 23)(9, 24)(10, 19)(11, 
20)(12, 21),  ], [  (1, 10, 4, 7)(2, 11, 5, 8)(3, 12, 6, 9)(13, 22, 16, 19)(14, 
23, 17, 20)(15, 24, 18, 21),  (1, 7, 4, 10)(2, 8, 5, 11)(3, 9, 6, 12)(13, 19, 
16, 22)(14, 20, 17, 23)(15, 21, 18, 24),  ], [  (1, 4)(2, 5)(3, 6)(7, 10)(8, 
11)(9, 12)(13, 16)(14, 17)(15, 18)(19, 22)(20, 23)(21, 24),  (1, 4)(2, 5)(3, 
6)(7, 10)(8, 11)(9, 12)(13, 16)(14, 17)(15, 18)(19, 22)(20, 23)(21, 24),  ], [  
(1, 2, 3)(4, 5, 6)(7, 8, 9)(10, 11, 12)(13, 14, 15)(16, 17, 18)(19, 20, 21)(22, 
23, 24),  (1, 3, 2)(4, 6, 5)(7, 9, 8)(10, 12, 11)(13, 14, 15)(16, 17, 18)(19, 
20, 21)(22, 23, 24),  ], [  (1, 7, 4, 10)(2, 8, 5, 11)(3, 9, 6, 12)(13, 19, 16, 
22)(14, 20, 17, 23)(15, 21, 18, 24),  (1, 10, 4, 7)(2, 11, 5, 8)(3, 12, 6, 
9)(13, 22, 16, 19)(14, 23, 17, 20)(15, 24, 18, 21),  ], [  (1, 3, 2)(4, 6, 5)(7,
9, 8)(10, 12, 11)(13, 15, 14)(16, 18, 17)(19, 21, 20)(22, 24, 23),  (1, 2, 3)(4,
5, 6)(7, 8, 9)(10, 11, 12)(13, 15, 14)(16, 18, 17)(19, 21, 20)(22, 24, 23),  ], 
[  (1, 19, 10, 13, 4, 22, 7, 16)(2, 21, 11, 15, 5, 24, 8, 18)(3, 20, 12, 14, 6, 
23, 9, 17),  (1, 19)(2, 20)(3, 21)(4, 22)(5, 23)(6, 24)(7, 13)(8, 14)(9, 15)(10,
16)(11, 17)(12, 18),  ], [  (1, 16, 7, 22, 4, 13, 10, 19)(2, 18, 8, 24, 5, 15, 
11, 21)(3, 17, 9, 23, 6, 14, 12, 20),  (1, 16)(2, 17)(3, 18)(4, 13)(5, 14)(6, 
15)(7, 19)(8, 20)(9, 21)(10, 22)(11, 23)(12, 24),  ], [  (1, 14, 7, 20, 4, 17, 
10, 23)(2, 13, 8, 19, 5, 16, 11, 22)(3, 15, 9, 21, 6, 18, 12, 24),  (1, 14)(2, 
15)(3, 13)(4, 17)(5, 18)(6, 16)(7, 23)(8, 24)(9, 22)(10, 20)(11, 21)(12, 19),  
], [  (1, 22, 10, 16, 4, 19, 7, 13)(2, 24, 11, 18, 5, 21, 8, 15)(3, 23, 12, 17, 
6, 20, 9, 14),  (1, 22)(2, 23)(3, 24)(4, 19)(5, 20)(6, 21)(7, 16)(8, 17)(9, 
18)(10, 13)(11, 14)(12, 15),  ], [  (1, 15, 7, 21, 4, 18, 10, 24)(2, 14, 8, 20, 
5, 17, 11, 23)(3, 13, 9, 19, 6, 16, 12, 22),  (1, 15)(2, 13)(3, 14)(4, 18)(5, 
16)(6, 17)(7, 24)(8, 22)(9, 23)(10, 21)(11, 19)(12, 20),  ], [  (1, 11, 6, 7, 2,
12, 4, 8, 3, 10, 5, 9)(13, 23, 18, 19, 14, 24, 16, 20, 15, 22, 17, 21),  (1, 9, 
5, 10, 3, 8, 4, 12, 2, 7, 6, 11)(13, 20, 18, 22, 14, 21, 16, 23, 15, 19, 17, 
24),  ], [  (1, 12, 5, 7, 3, 11, 4, 9, 2, 10, 6, 8)(13, 24, 17, 19, 15, 23, 16, 
21, 14, 22, 18, 20),  (1, 8, 6, 10, 2, 9, 4, 11, 3, 7, 5, 12)(13, 21, 17, 22, 
15, 20, 16, 24, 14, 19, 18, 23),  ], [  (1, 5, 3, 4, 2, 6)(7, 11, 9, 10, 8, 
12)(13, 17, 15, 16, 14, 18)(19, 23, 21, 22, 20, 24),  (1, 6, 2, 4, 3, 5)(7, 12, 
8, 10, 9, 11)(13, 17, 15, 16, 14, 18)(19, 23, 21, 22, 20, 24),  ], [  (1, 6, 2, 
4, 3, 5)(7, 12, 8, 10, 9, 11)(13, 18, 14, 16, 15, 17)(19, 24, 20, 22, 21, 23),  
(1, 5, 3, 4, 2, 6)(7, 11, 9, 10, 8, 12)(13, 18, 14, 16, 15, 17)(19, 24, 20, 22, 
21, 23),  ], [  (1, 8, 6, 10, 2, 9, 4, 11, 3, 7, 5, 12)(13, 20, 18, 22, 14, 21, 
16, 23, 15, 19, 17, 24),  (1, 12, 5, 7, 3, 11, 4, 9, 2, 10, 6, 8)(13, 23, 18, 
19, 14, 24, 16, 20, 15, 22, 17, 21),  ], [  (1, 9, 5, 10, 3, 8, 4, 12, 2, 7, 6, 
11)(13, 21, 17, 22, 15, 20, 16, 24, 14, 19, 18, 23),  (1, 11, 6, 7, 2, 12, 4, 8,
3, 10, 5, 9)(13, 24, 17, 19, 15, 23, 16, 21, 14, 22, 18, 20),  ], [  (1, 20, 10,
14, 4, 23, 7, 17)(2, 19, 11, 13, 5, 22, 8, 16)(3, 21, 12, 15, 6, 24, 9, 18),  
(1, 20)(2, 21)(3, 19)(4, 23)(5, 24)(6, 22)(7, 14)(8, 15)(9, 13)(10, 17)(11, 
18)(12, 16),  ], [  (1, 21, 10, 15, 4, 24, 7, 18)(2, 20, 11, 14, 5, 23, 8, 
17)(3, 19, 12, 13, 6, 22, 9, 16),  (1, 21)(2, 19)(3, 20)(4, 24)(5, 22)(6, 23)(7,
15)(8, 13)(9, 14)(10, 18)(11, 16)(12, 17),  ], [  (1, 17, 7, 23, 4, 14, 10, 
20)(2, 16, 8, 22, 5, 13, 11, 19)(3, 18, 9, 24, 6, 15, 12, 21),  (1, 17)(2, 
18)(3, 16)(4, 14)(5, 15)(6, 13)(7, 20)(8, 21)(9, 19)(10, 23)(11, 24)(12, 22),  
], [  (1, 18, 7, 24, 4, 15, 10, 21)(2, 17, 8, 23, 5, 14, 11, 20)(3, 16, 9, 22, 
6, 13, 12, 19),  (1, 18)(2, 16)(3, 17)(4, 15)(5, 13)(6, 14)(7, 21)(8, 19)(9, 
20)(10, 24)(11, 22)(12, 23),  ], [  (1, 23, 10, 17, 4, 20, 7, 14)(2, 22, 11, 16,
5, 19, 8, 13)(3, 24, 12, 18, 6, 21, 9, 15),  (1, 23)(2, 24)(3, 22)(4, 20)(5, 
21)(6, 19)(7, 17)(8, 18)(9, 16)(10, 14)(11, 15)(12, 13),  ], [  (1, 24, 10, 18, 
4, 21, 7, 15)(2, 23, 11, 17, 5, 20, 8, 14)(3, 22, 12, 16, 6, 19, 9, 13),  (1, 
24)(2, 22)(3, 23)(4, 21)(5, 19)(6, 20)(7, 18)(8, 16)(9, 17)(10, 15)(11, 13)(12, 
14),  ], ]
);

NCBRACES[24].brace[4] := rec ( size := 24, perms := [ [  (),  (),  ], [  (1, 16,
7, 22, 4, 13, 10, 19)(2, 18, 8, 24, 5, 15, 11, 21)(3, 17, 9, 23, 6, 14, 12, 20),
(1, 13, 4, 16)(2, 15, 5, 18)(3, 14, 6, 17)(7, 22, 10, 19)(8, 24, 11, 21)(9, 23, 
12, 20),  ], [  (1, 10, 4, 7)(2, 11, 5, 8)(3, 12, 6, 9)(13, 22, 16, 19)(14, 23, 
17, 20)(15, 24, 18, 21),  (1, 7, 4, 10)(2, 8, 5, 11)(3, 9, 6, 12)(13, 19, 16, 
22)(14, 20, 17, 23)(15, 21, 18, 24),  ], [  (1, 4)(2, 5)(3, 6)(7, 10)(8, 11)(9, 
12)(13, 16)(14, 17)(15, 18)(19, 22)(20, 23)(21, 24),  (1, 4)(2, 5)(3, 6)(7, 
10)(8, 11)(9, 12)(13, 16)(14, 17)(15, 18)(19, 22)(20, 23)(21, 24),  ], [  (1, 2,
3)(4, 5, 6)(7, 8, 9)(10, 11, 12)(13, 14, 15)(16, 17, 18)(19, 20, 21)(22, 23, 
24),  (1, 3, 2)(4, 6, 5)(7, 9, 8)(10, 12, 11)(13, 15, 14)(16, 18, 17)(19, 21, 
20)(22, 24, 23),  ], [  (1, 13, 7, 19, 4, 16, 10, 22)(2, 15, 8, 21, 5, 18, 11, 
24)(3, 14, 9, 20, 6, 17, 12, 23),  (1, 16, 4, 13)(2, 18, 5, 15)(3, 17, 6, 14)(7,
19, 10, 22)(8, 21, 11, 24)(9, 20, 12, 23),  ], [  (1, 7, 4, 10)(2, 8, 5, 11)(3, 
9, 6, 12)(13, 19, 16, 22)(14, 20, 17, 23)(15, 21, 18, 24),  (1, 10, 4, 7)(2, 11,
5, 8)(3, 12, 6, 9)(13, 22, 16, 19)(14, 23, 17, 20)(15, 24, 18, 21),  ], [  (1, 
3, 2)(4, 6, 5)(7, 9, 8)(10, 12, 11)(13, 15, 14)(16, 18, 17)(19, 21, 20)(22, 24, 
23),  (1, 2, 3)(4, 5, 6)(7, 8, 9)(10, 11, 12)(13, 14, 15)(16, 17, 18)(19, 20, 
21)(22, 23, 24),  ], [  (1, 22, 10, 16, 4, 19, 7, 13)(2, 24, 11, 18, 5, 21, 8, 
15)(3, 23, 12, 17, 6, 20, 9, 14),  (1, 19, 4, 22)(2, 21, 5, 24)(3, 20, 6, 23)(7,
13, 10, 16)(8, 15, 11, 18)(9, 14, 12, 17),  ], [  (1, 18, 7, 24, 4, 15, 10, 
21)(2, 17, 8, 23, 5, 14, 11, 20)(3, 16, 9, 22, 6, 13, 12, 19),  (1, 15, 4, 
18)(2, 14, 5, 17)(3, 13, 6, 16)(7, 24, 10, 21)(8, 23, 11, 20)(9, 22, 12, 19),  
], [  (1, 19, 10, 13, 4, 22, 7, 16)(2, 21, 11, 15, 5, 24, 8, 18)(3, 20, 12, 14, 
6, 23, 9, 17),  (1, 22, 4, 19)(2, 24, 5, 21)(3, 23, 6, 20)(7, 16, 10, 13)(8, 18,
11, 15)(9, 17, 12, 14),  ], [  (1, 17, 7, 23, 4, 14, 10, 20)(2, 16, 8, 22, 5, 
13, 11, 19)(3, 18, 9, 24, 6, 15, 12, 21),  (1, 14, 4, 17)(2, 13, 5, 16)(3, 15, 
6, 18)(7, 23, 10, 20)(8, 22, 11, 19)(9, 24, 12, 21),  ], [  (1, 11, 6, 7, 2, 12,
4, 8, 3, 10, 5, 9)(13, 23, 18, 19, 14, 24, 16, 20, 15, 22, 17, 21),  (1, 9, 5, 
10, 3, 8, 4, 12, 2, 7, 6, 11)(13, 21, 17, 22, 15, 20, 16, 24, 14, 19, 18, 23),  
], [  (1, 12, 5, 7, 3, 11, 4, 9, 2, 10, 6, 8)(13, 24, 17, 19, 15, 23, 16, 21, 
14, 22, 18, 20),  (1, 8, 6, 10, 2, 9, 4, 11, 3, 7, 5, 12)(13, 20, 18, 22, 14, 
21, 16, 23, 15, 19, 17, 24),  ], [  (1, 5, 3, 4, 2, 6)(7, 11, 9, 10, 8, 12)(13, 
17, 15, 16, 14, 18)(19, 23, 21, 22, 20, 24),  (1, 6, 2, 4, 3, 5)(7, 12, 8, 10, 
9, 11)(13, 18, 14, 16, 15, 17)(19, 24, 20, 22, 21, 23),  ], [  (1, 6, 2, 4, 3, 
5)(7, 12, 8, 10, 9, 11)(13, 18, 14, 16, 15, 17)(19, 24, 20, 22, 21, 23),  (1, 5,
3, 4, 2, 6)(7, 11, 9, 10, 8, 12)(13, 17, 15, 16, 14, 18)(19, 23, 21, 22, 20, 
24),  ], [  (1, 14, 7, 20, 4, 17, 10, 23)(2, 13, 8, 19, 5, 16, 11, 22)(3, 15, 9,
21, 6, 18, 12, 24),  (1, 17, 4, 14)(2, 16, 5, 13)(3, 18, 6, 15)(7, 20, 10, 
23)(8, 19, 11, 22)(9, 21, 12, 24),  ], [  (1, 8, 6, 10, 2, 9, 4, 11, 3, 7, 5, 
12)(13, 20, 18, 22, 14, 21, 16, 23, 15, 19, 17, 24),  (1, 12, 5, 7, 3, 11, 4, 9,
2, 10, 6, 8)(13, 24, 17, 19, 15, 23, 16, 21, 14, 22, 18, 20),  ], [  (1, 15, 7, 
21, 4, 18, 10, 24)(2, 14, 8, 20, 5, 17, 11, 23)(3, 13, 9, 19, 6, 16, 12, 22),  
(1, 18, 4, 15)(2, 17, 5, 14)(3, 16, 6, 13)(7, 21, 10, 24)(8, 20, 11, 23)(9, 19, 
12, 22),  ], [  (1, 9, 5, 10, 3, 8, 4, 12, 2, 7, 6, 11)(13, 21, 17, 22, 15, 20, 
16, 24, 14, 19, 18, 23),  (1, 11, 6, 7, 2, 12, 4, 8, 3, 10, 5, 9)(13, 23, 18, 
19, 14, 24, 16, 20, 15, 22, 17, 21),  ], [  (1, 24, 10, 18, 4, 21, 7, 15)(2, 23,
11, 17, 5, 20, 8, 14)(3, 22, 12, 16, 6, 19, 9, 13),  (1, 21, 4, 24)(2, 20, 5, 
23)(3, 19, 6, 22)(7, 15, 10, 18)(8, 14, 11, 17)(9, 13, 12, 16),  ], [  (1, 23, 
10, 17, 4, 20, 7, 14)(2, 22, 11, 16, 5, 19, 8, 13)(3, 24, 12, 18, 6, 21, 9, 15),
(1, 20, 4, 23)(2, 19, 5, 22)(3, 21, 6, 24)(7, 14, 10, 17)(8, 13, 11, 16)(9, 15, 
12, 18),  ], [  (1, 21, 10, 15, 4, 24, 7, 18)(2, 20, 11, 14, 5, 23, 8, 17)(3, 
19, 12, 13, 6, 22, 9, 16),  (1, 24, 4, 21)(2, 23, 5, 20)(3, 22, 6, 19)(7, 18, 
10, 15)(8, 17, 11, 14)(9, 16, 12, 13),  ], [  (1, 20, 10, 14, 4, 23, 7, 17)(2, 
19, 11, 13, 5, 22, 8, 16)(3, 21, 12, 15, 6, 24, 9, 18),  (1, 23, 4, 20)(2, 22, 
5, 19)(3, 24, 6, 21)(7, 17, 10, 14)(8, 16, 11, 13)(9, 18, 12, 15),  ], ]
);

NCBRACES[24].brace[5] := rec ( size := 24, perms := [ [  (),  (),  ], [  (1, 19,
10, 13, 4, 22, 7, 16)(2, 21, 11, 15, 5, 24, 8, 18)(3, 20, 12, 14, 6, 23, 9, 17),
(1, 13, 10, 22, 4, 16, 7, 19)(2, 14, 11, 23, 5, 17, 8, 20)(3, 15, 12, 24, 6, 18,
9, 21),  ], [  (1, 10, 4, 7)(2, 11, 5, 8)(3, 12, 6, 9)(13, 22, 16, 19)(14, 23, 
17, 20)(15, 24, 18, 21),  (1, 7, 4, 10)(2, 8, 5, 11)(3, 9, 6, 12)(13, 19, 16, 
22)(14, 20, 17, 23)(15, 21, 18, 24),  ], [  (1, 4)(2, 5)(3, 6)(7, 10)(8, 11)(9, 
12)(13, 16)(14, 17)(15, 18)(19, 22)(20, 23)(21, 24),  (1, 4)(2, 5)(3, 6)(7, 
10)(8, 11)(9, 12)(13, 16)(14, 17)(15, 18)(19, 22)(20, 23)(21, 24),  ], [  (1, 2,
3)(4, 5, 6)(7, 8, 9)(10, 11, 12)(13, 14, 15)(16, 17, 18)(19, 20, 21)(22, 23, 
24),  (1, 3, 2)(4, 6, 5)(7, 9, 8)(10, 12, 11)(13, 14, 15)(16, 17, 18)(19, 20, 
21)(22, 23, 24),  ], [  (1, 13, 7, 19, 4, 16, 10, 22)(2, 15, 8, 21, 5, 18, 11, 
24)(3, 14, 9, 20, 6, 17, 12, 23),  (1, 19, 7, 16, 4, 22, 10, 13)(2, 20, 8, 17, 
5, 23, 11, 14)(3, 21, 9, 18, 6, 24, 12, 15),  ], [  (1, 7, 4, 10)(2, 8, 5, 
11)(3, 9, 6, 12)(13, 19, 16, 22)(14, 20, 17, 23)(15, 21, 18, 24),  (1, 10, 4, 
7)(2, 11, 5, 8)(3, 12, 6, 9)(13, 22, 16, 19)(14, 23, 17, 20)(15, 24, 18, 21),  
], [  (1, 3, 2)(4, 6, 5)(7, 9, 8)(10, 12, 11)(13, 15, 14)(16, 18, 17)(19, 21, 
20)(22, 24, 23),  (1, 2, 3)(4, 5, 6)(7, 8, 9)(10, 11, 12)(13, 15, 14)(16, 18, 
17)(19, 21, 20)(22, 24, 23),  ], [  (1, 22, 10, 16, 4, 19, 7, 13)(2, 24, 11, 18,
5, 21, 8, 15)(3, 23, 12, 17, 6, 20, 9, 14),  (1, 16, 10, 19, 4, 13, 7, 22)(2, 
17, 11, 20, 5, 14, 8, 23)(3, 18, 12, 21, 6, 15, 9, 24),  ], [  (1, 20, 10, 14, 
4, 23, 7, 17)(2, 19, 11, 13, 5, 22, 8, 16)(3, 21, 12, 15, 6, 24, 9, 18),  (1, 
14, 10, 23, 4, 17, 7, 20)(2, 15, 11, 24, 5, 18, 8, 21)(3, 13, 12, 22, 6, 16, 9, 
19),  ], [  (1, 16, 7, 22, 4, 13, 10, 19)(2, 18, 8, 24, 5, 15, 11, 21)(3, 17, 9,
23, 6, 14, 12, 20),  (1, 22, 7, 13, 4, 19, 10, 16)(2, 23, 8, 14, 5, 20, 11, 
17)(3, 24, 9, 15, 6, 21, 12, 18),  ], [  (1, 21, 10, 15, 4, 24, 7, 18)(2, 20, 
11, 14, 5, 23, 8, 17)(3, 19, 12, 13, 6, 22, 9, 16),  (1, 15, 10, 24, 4, 18, 7, 
21)(2, 13, 11, 22, 5, 16, 8, 19)(3, 14, 12, 23, 6, 17, 9, 20),  ], [  (1, 11, 6,
7, 2, 12, 4, 8, 3, 10, 5, 9)(13, 23, 18, 19, 14, 24, 16, 20, 15, 22, 17, 21),  
(1, 9, 5, 10, 3, 8, 4, 12, 2, 7, 6, 11)(13, 20, 18, 22, 14, 21, 16, 23, 15, 19, 
17, 24),  ], [  (1, 12, 5, 7, 3, 11, 4, 9, 2, 10, 6, 8)(13, 24, 17, 19, 15, 23, 
16, 21, 14, 22, 18, 20),  (1, 8, 6, 10, 2, 9, 4, 11, 3, 7, 5, 12)(13, 21, 17, 
22, 15, 20, 16, 24, 14, 19, 18, 23),  ], [  (1, 5, 3, 4, 2, 6)(7, 11, 9, 10, 8, 
12)(13, 17, 15, 16, 14, 18)(19, 23, 21, 22, 20, 24),  (1, 6, 2, 4, 3, 5)(7, 12, 
8, 10, 9, 11)(13, 17, 15, 16, 14, 18)(19, 23, 21, 22, 20, 24),  ], [  (1, 6, 2, 
4, 3, 5)(7, 12, 8, 10, 9, 11)(13, 18, 14, 16, 15, 17)(19, 24, 20, 22, 21, 23),  
(1, 5, 3, 4, 2, 6)(7, 11, 9, 10, 8, 12)(13, 18, 14, 16, 15, 17)(19, 24, 20, 22, 
21, 23),  ], [  (1, 15, 7, 21, 4, 18, 10, 24)(2, 14, 8, 20, 5, 17, 11, 23)(3, 
13, 9, 19, 6, 16, 12, 22),  (1, 21, 7, 18, 4, 24, 10, 15)(2, 19, 8, 16, 5, 22, 
11, 13)(3, 20, 9, 17, 6, 23, 12, 14),  ], [  (1, 8, 6, 10, 2, 9, 4, 11, 3, 7, 5,
12)(13, 20, 18, 22, 14, 21, 16, 23, 15, 19, 17, 24),  (1, 12, 5, 7, 3, 11, 4, 9,
2, 10, 6, 8)(13, 23, 18, 19, 14, 24, 16, 20, 15, 22, 17, 21),  ], [  (1, 14, 7, 
20, 4, 17, 10, 23)(2, 13, 8, 19, 5, 16, 11, 22)(3, 15, 9, 21, 6, 18, 12, 24),  
(1, 20, 7, 17, 4, 23, 10, 14)(2, 21, 8, 18, 5, 24, 11, 15)(3, 19, 9, 16, 6, 22, 
12, 13),  ], [  (1, 9, 5, 10, 3, 8, 4, 12, 2, 7, 6, 11)(13, 21, 17, 22, 15, 20, 
16, 24, 14, 19, 18, 23),  (1, 11, 6, 7, 2, 12, 4, 8, 3, 10, 5, 9)(13, 24, 17, 
19, 15, 23, 16, 21, 14, 22, 18, 20),  ], [  (1, 23, 10, 17, 4, 20, 7, 14)(2, 22,
11, 16, 5, 19, 8, 13)(3, 24, 12, 18, 6, 21, 9, 15),  (1, 17, 10, 20, 4, 14, 7, 
23)(2, 18, 11, 21, 5, 15, 8, 24)(3, 16, 12, 19, 6, 13, 9, 22),  ], [  (1, 24, 
10, 18, 4, 21, 7, 15)(2, 23, 11, 17, 5, 20, 8, 14)(3, 22, 12, 16, 6, 19, 9, 13),
(1, 18, 10, 21, 4, 15, 7, 24)(2, 16, 11, 19, 5, 13, 8, 22)(3, 17, 12, 20, 6, 14,
9, 23),  ], [  (1, 17, 7, 23, 4, 14, 10, 20)(2, 16, 8, 22, 5, 13, 11, 19)(3, 18,
9, 24, 6, 15, 12, 21),  (1, 23, 7, 14, 4, 20, 10, 17)(2, 24, 8, 15, 5, 21, 11, 
18)(3, 22, 9, 13, 6, 19, 12, 16),  ], [  (1, 18, 7, 24, 4, 15, 10, 21)(2, 17, 8,
23, 5, 14, 11, 20)(3, 16, 9, 22, 6, 13, 12, 19),  (1, 24, 7, 15, 4, 21, 10, 
18)(2, 22, 8, 13, 5, 19, 11, 16)(3, 23, 9, 14, 6, 20, 12, 17),  ], ]
);

NCBRACES[24].brace[6] := rec ( size := 24, perms := [ [  (),  (),  ], [  (1, 13,
7, 19, 4, 16, 10, 22)(2, 15, 8, 21, 5, 18, 11, 24)(3, 14, 9, 20, 6, 17, 12, 23),
(1, 13)(2, 15)(3, 14)(4, 16)(5, 18)(6, 17)(7, 22)(8, 24)(9, 23)(10, 19)(11, 
21)(12, 20),  ], [  (1, 10, 4, 7)(2, 11, 5, 8)(3, 12, 6, 9)(13, 22, 16, 19)(14, 
23, 17, 20)(15, 24, 18, 21),  (1, 7, 4, 10)(2, 8, 5, 11)(3, 9, 6, 12)(13, 19, 
16, 22)(14, 20, 17, 23)(15, 21, 18, 24),  ], [  (1, 4)(2, 5)(3, 6)(7, 10)(8, 
11)(9, 12)(13, 16)(14, 17)(15, 18)(19, 22)(20, 23)(21, 24),  (1, 4)(2, 5)(3, 
6)(7, 10)(8, 11)(9, 12)(13, 16)(14, 17)(15, 18)(19, 22)(20, 23)(21, 24),  ], [  
(1, 2, 3)(4, 5, 6)(7, 8, 9)(10, 11, 12)(13, 14, 15)(16, 17, 18)(19, 20, 21)(22, 
23, 24),  (1, 3, 2)(4, 6, 5)(7, 9, 8)(10, 12, 11)(13, 15, 14)(16, 18, 17)(19, 
21, 20)(22, 24, 23),  ], [  (1, 7, 4, 10)(2, 8, 5, 11)(3, 9, 6, 12)(13, 19, 16, 
22)(14, 20, 17, 23)(15, 21, 18, 24),  (1, 10, 4, 7)(2, 11, 5, 8)(3, 12, 6, 
9)(13, 22, 16, 19)(14, 23, 17, 20)(15, 24, 18, 21),  ], [  (1, 3, 2)(4, 6, 5)(7,
9, 8)(10, 12, 11)(13, 15, 14)(16, 18, 17)(19, 21, 20)(22, 24, 23),  (1, 2, 3)(4,
5, 6)(7, 8, 9)(10, 11, 12)(13, 14, 15)(16, 17, 18)(19, 20, 21)(22, 23, 24),  ], 
[  (1, 19, 10, 13, 4, 22, 7, 16)(2, 21, 11, 15, 5, 24, 8, 18)(3, 20, 12, 14, 6, 
23, 9, 17),  (1, 19)(2, 21)(3, 20)(4, 22)(5, 24)(6, 23)(7, 13)(8, 15)(9, 14)(10,
16)(11, 18)(12, 17),  ], [  (1, 16, 7, 22, 4, 13, 10, 19)(2, 18, 8, 24, 5, 15, 
11, 21)(3, 17, 9, 23, 6, 14, 12, 20),  (1, 16)(2, 18)(3, 17)(4, 13)(5, 15)(6, 
14)(7, 19)(8, 21)(9, 20)(10, 22)(11, 24)(12, 23),  ], [  (1, 15, 7, 21, 4, 18, 
10, 24)(2, 14, 8, 20, 5, 17, 11, 23)(3, 13, 9, 19, 6, 16, 12, 22),  (1, 15)(2, 
14)(3, 13)(4, 18)(5, 17)(6, 16)(7, 24)(8, 23)(9, 22)(10, 21)(11, 20)(12, 19),  
], [  (1, 22, 10, 16, 4, 19, 7, 13)(2, 24, 11, 18, 5, 21, 8, 15)(3, 23, 12, 17, 
6, 20, 9, 14),  (1, 22)(2, 24)(3, 23)(4, 19)(5, 21)(6, 20)(7, 16)(8, 18)(9, 
17)(10, 13)(11, 15)(12, 14),  ], [  (1, 14, 7, 20, 4, 17, 10, 23)(2, 13, 8, 19, 
5, 16, 11, 22)(3, 15, 9, 21, 6, 18, 12, 24),  (1, 14)(2, 13)(3, 15)(4, 17)(5, 
16)(6, 18)(7, 23)(8, 22)(9, 24)(10, 20)(11, 19)(12, 21),  ], [  (1, 11, 6, 7, 2,
12, 4, 8, 3, 10, 5, 9)(13, 23, 18, 19, 14, 24, 16, 20, 15, 22, 17, 21),  (1, 9, 
5, 10, 3, 8, 4, 12, 2, 7, 6, 11)(13, 21, 17, 22, 15, 20, 16, 24, 14, 19, 18, 
23),  ], [  (1, 12, 5, 7, 3, 11, 4, 9, 2, 10, 6, 8)(13, 24, 17, 19, 15, 23, 16, 
21, 14, 22, 18, 20),  (1, 8, 6, 10, 2, 9, 4, 11, 3, 7, 5, 12)(13, 20, 18, 22, 
14, 21, 16, 23, 15, 19, 17, 24),  ], [  (1, 5, 3, 4, 2, 6)(7, 11, 9, 10, 8, 
12)(13, 17, 15, 16, 14, 18)(19, 23, 21, 22, 20, 24),  (1, 6, 2, 4, 3, 5)(7, 12, 
8, 10, 9, 11)(13, 18, 14, 16, 15, 17)(19, 24, 20, 22, 21, 23),  ], [  (1, 6, 2, 
4, 3, 5)(7, 12, 8, 10, 9, 11)(13, 18, 14, 16, 15, 17)(19, 24, 20, 22, 21, 23),  
(1, 5, 3, 4, 2, 6)(7, 11, 9, 10, 8, 12)(13, 17, 15, 16, 14, 18)(19, 23, 21, 22, 
20, 24),  ], [  (1, 8, 6, 10, 2, 9, 4, 11, 3, 7, 5, 12)(13, 20, 18, 22, 14, 21, 
16, 23, 15, 19, 17, 24),  (1, 12, 5, 7, 3, 11, 4, 9, 2, 10, 6, 8)(13, 24, 17, 
19, 15, 23, 16, 21, 14, 22, 18, 20),  ], [  (1, 9, 5, 10, 3, 8, 4, 12, 2, 7, 6, 
11)(13, 21, 17, 22, 15, 20, 16, 24, 14, 19, 18, 23),  (1, 11, 6, 7, 2, 12, 4, 8,
3, 10, 5, 9)(13, 23, 18, 19, 14, 24, 16, 20, 15, 22, 17, 21),  ], [  (1, 21, 10,
15, 4, 24, 7, 18)(2, 20, 11, 14, 5, 23, 8, 17)(3, 19, 12, 13, 6, 22, 9, 16),  
(1, 21)(2, 20)(3, 19)(4, 24)(5, 23)(6, 22)(7, 15)(8, 14)(9, 13)(10, 18)(11, 
17)(12, 16),  ], [  (1, 20, 10, 14, 4, 23, 7, 17)(2, 19, 11, 13, 5, 22, 8, 
16)(3, 21, 12, 15, 6, 24, 9, 18),  (1, 20)(2, 19)(3, 21)(4, 23)(5, 22)(6, 24)(7,
14)(8, 13)(9, 15)(10, 17)(11, 16)(12, 18),  ], [  (1, 18, 7, 24, 4, 15, 10, 
21)(2, 17, 8, 23, 5, 14, 11, 20)(3, 16, 9, 22, 6, 13, 12, 19),  (1, 18)(2, 
17)(3, 16)(4, 15)(5, 14)(6, 13)(7, 21)(8, 20)(9, 19)(10, 24)(11, 23)(12, 22),  
], [  (1, 17, 7, 23, 4, 14, 10, 20)(2, 16, 8, 22, 5, 13, 11, 19)(3, 18, 9, 24, 
6, 15, 12, 21),  (1, 17)(2, 16)(3, 18)(4, 14)(5, 13)(6, 15)(7, 20)(8, 19)(9, 
21)(10, 23)(11, 22)(12, 24),  ], [  (1, 24, 10, 18, 4, 21, 7, 15)(2, 23, 11, 17,
5, 20, 8, 14)(3, 22, 12, 16, 6, 19, 9, 13),  (1, 24)(2, 23)(3, 22)(4, 21)(5, 
20)(6, 19)(7, 18)(8, 17)(9, 16)(10, 15)(11, 14)(12, 13),  ], [  (1, 23, 10, 17, 
4, 20, 7, 14)(2, 22, 11, 16, 5, 19, 8, 13)(3, 24, 12, 18, 6, 21, 9, 15),  (1, 
23)(2, 22)(3, 24)(4, 20)(5, 19)(6, 21)(7, 17)(8, 16)(9, 18)(10, 14)(11, 13)(12, 
15),  ], ]
);

NCBRACES[24].brace[7] := rec ( size := 24, perms := [ [  (),  (),  ], [  (1, 16,
7, 22, 4, 13, 10, 19)(2, 18, 8, 24, 5, 15, 11, 21)(3, 17, 9, 23, 6, 14, 12, 20),
(1, 13, 4, 16)(2, 14, 5, 17)(3, 15, 6, 18)(7, 22, 10, 19)(8, 23, 11, 20)(9, 24, 
12, 21),  ], [  (1, 10, 4, 7)(2, 11, 5, 8)(3, 12, 6, 9)(13, 22, 16, 19)(14, 23, 
17, 20)(15, 24, 18, 21),  (1, 7, 4, 10)(2, 8, 5, 11)(3, 9, 6, 12)(13, 19, 16, 
22)(14, 20, 17, 23)(15, 21, 18, 24),  ], [  (1, 4)(2, 5)(3, 6)(7, 10)(8, 11)(9, 
12)(13, 16)(14, 17)(15, 18)(19, 22)(20, 23)(21, 24),  (1, 4)(2, 5)(3, 6)(7, 
10)(8, 11)(9, 12)(13, 16)(14, 17)(15, 18)(19, 22)(20, 23)(21, 24),  ], [  (1, 2,
3)(4, 5, 6)(7, 8, 9)(10, 11, 12)(13, 14, 15)(16, 17, 18)(19, 20, 21)(22, 23, 
24),  (1, 3, 2)(4, 6, 5)(7, 9, 8)(10, 12, 11)(13, 14, 15)(16, 17, 18)(19, 20, 
21)(22, 23, 24),  ], [  (1, 13, 7, 19, 4, 16, 10, 22)(2, 15, 8, 21, 5, 18, 11, 
24)(3, 14, 9, 20, 6, 17, 12, 23),  (1, 16, 4, 13)(2, 17, 5, 14)(3, 18, 6, 15)(7,
19, 10, 22)(8, 20, 11, 23)(9, 21, 12, 24),  ], [  (1, 7, 4, 10)(2, 8, 5, 11)(3, 
9, 6, 12)(13, 19, 16, 22)(14, 20, 17, 23)(15, 21, 18, 24),  (1, 10, 4, 7)(2, 11,
5, 8)(3, 12, 6, 9)(13, 22, 16, 19)(14, 23, 17, 20)(15, 24, 18, 21),  ], [  (1, 
3, 2)(4, 6, 5)(7, 9, 8)(10, 12, 11)(13, 15, 14)(16, 18, 17)(19, 21, 20)(22, 24, 
23),  (1, 2, 3)(4, 5, 6)(7, 8, 9)(10, 11, 12)(13, 15, 14)(16, 18, 17)(19, 21, 
20)(22, 24, 23),  ], [  (1, 22, 10, 16, 4, 19, 7, 13)(2, 24, 11, 18, 5, 21, 8, 
15)(3, 23, 12, 17, 6, 20, 9, 14),  (1, 19, 4, 22)(2, 20, 5, 23)(3, 21, 6, 24)(7,
13, 10, 16)(8, 14, 11, 17)(9, 15, 12, 18),  ], [  (1, 17, 7, 23, 4, 14, 10, 
20)(2, 16, 8, 22, 5, 13, 11, 19)(3, 18, 9, 24, 6, 15, 12, 21),  (1, 14, 4, 
17)(2, 15, 5, 18)(3, 13, 6, 16)(7, 23, 10, 20)(8, 24, 11, 21)(9, 22, 12, 19),  
], [  (1, 19, 10, 13, 4, 22, 7, 16)(2, 21, 11, 15, 5, 24, 8, 18)(3, 20, 12, 14, 
6, 23, 9, 17),  (1, 22, 4, 19)(2, 23, 5, 20)(3, 24, 6, 21)(7, 16, 10, 13)(8, 17,
11, 14)(9, 18, 12, 15),  ], [  (1, 18, 7, 24, 4, 15, 10, 21)(2, 17, 8, 23, 5, 
14, 11, 20)(3, 16, 9, 22, 6, 13, 12, 19),  (1, 15, 4, 18)(2, 13, 5, 16)(3, 14, 
6, 17)(7, 24, 10, 21)(8, 22, 11, 19)(9, 23, 12, 20),  ], [  (1, 11, 6, 7, 2, 12,
4, 8, 3, 10, 5, 9)(13, 23, 18, 19, 14, 24, 16, 20, 15, 22, 17, 21),  (1, 9, 5, 
10, 3, 8, 4, 12, 2, 7, 6, 11)(13, 20, 18, 22, 14, 21, 16, 23, 15, 19, 17, 24),  
], [  (1, 12, 5, 7, 3, 11, 4, 9, 2, 10, 6, 8)(13, 24, 17, 19, 15, 23, 16, 21, 
14, 22, 18, 20),  (1, 8, 6, 10, 2, 9, 4, 11, 3, 7, 5, 12)(13, 21, 17, 22, 15, 
20, 16, 24, 14, 19, 18, 23),  ], [  (1, 5, 3, 4, 2, 6)(7, 11, 9, 10, 8, 12)(13, 
17, 15, 16, 14, 18)(19, 23, 21, 22, 20, 24),  (1, 6, 2, 4, 3, 5)(7, 12, 8, 10, 
9, 11)(13, 17, 15, 16, 14, 18)(19, 23, 21, 22, 20, 24),  ], [  (1, 6, 2, 4, 3, 
5)(7, 12, 8, 10, 9, 11)(13, 18, 14, 16, 15, 17)(19, 24, 20, 22, 21, 23),  (1, 5,
3, 4, 2, 6)(7, 11, 9, 10, 8, 12)(13, 18, 14, 16, 15, 17)(19, 24, 20, 22, 21, 
23),  ], [  (1, 15, 7, 21, 4, 18, 10, 24)(2, 14, 8, 20, 5, 17, 11, 23)(3, 13, 9,
19, 6, 16, 12, 22),  (1, 18, 4, 15)(2, 16, 5, 13)(3, 17, 6, 14)(7, 21, 10, 
24)(8, 19, 11, 22)(9, 20, 12, 23),  ], [  (1, 8, 6, 10, 2, 9, 4, 11, 3, 7, 5, 
12)(13, 20, 18, 22, 14, 21, 16, 23, 15, 19, 17, 24),  (1, 12, 5, 7, 3, 11, 4, 9,
2, 10, 6, 8)(13, 23, 18, 19, 14, 24, 16, 20, 15, 22, 17, 21),  ], [  (1, 14, 7, 
20, 4, 17, 10, 23)(2, 13, 8, 19, 5, 16, 11, 22)(3, 15, 9, 21, 6, 18, 12, 24),  
(1, 17, 4, 14)(2, 18, 5, 15)(3, 16, 6, 13)(7, 20, 10, 23)(8, 21, 11, 24)(9, 19, 
12, 22),  ], [  (1, 9, 5, 10, 3, 8, 4, 12, 2, 7, 6, 11)(13, 21, 17, 22, 15, 20, 
16, 24, 14, 19, 18, 23),  (1, 11, 6, 7, 2, 12, 4, 8, 3, 10, 5, 9)(13, 24, 17, 
19, 15, 23, 16, 21, 14, 22, 18, 20),  ], [  (1, 23, 10, 17, 4, 20, 7, 14)(2, 22,
11, 16, 5, 19, 8, 13)(3, 24, 12, 18, 6, 21, 9, 15),  (1, 20, 4, 23)(2, 21, 5, 
24)(3, 19, 6, 22)(7, 14, 10, 17)(8, 15, 11, 18)(9, 13, 12, 16),  ], [  (1, 24, 
10, 18, 4, 21, 7, 15)(2, 23, 11, 17, 5, 20, 8, 14)(3, 22, 12, 16, 6, 19, 9, 13),
(1, 21, 4, 24)(2, 19, 5, 22)(3, 20, 6, 23)(7, 15, 10, 18)(8, 13, 11, 16)(9, 14, 
12, 17),  ], [  (1, 20, 10, 14, 4, 23, 7, 17)(2, 19, 11, 13, 5, 22, 8, 16)(3, 
21, 12, 15, 6, 24, 9, 18),  (1, 23, 4, 20)(2, 24, 5, 21)(3, 22, 6, 19)(7, 17, 
10, 14)(8, 18, 11, 15)(9, 16, 12, 13),  ], [  (1, 21, 10, 15, 4, 24, 7, 18)(2, 
20, 11, 14, 5, 23, 8, 17)(3, 19, 12, 13, 6, 22, 9, 16),  (1, 24, 4, 21)(2, 22, 
5, 19)(3, 23, 6, 20)(7, 18, 10, 15)(8, 16, 11, 13)(9, 17, 12, 14),  ], ]
);

NCBRACES[24].brace[8] := rec ( size := 24, perms := [ [  (),  (),  ], [  (1, 22,
10, 16, 4, 19, 7, 13)(2, 24, 11, 18, 5, 21, 8, 15)(3, 23, 12, 17, 6, 20, 9, 14),
(1, 13, 7, 19, 4, 16, 10, 22)(2, 15, 8, 21, 5, 18, 11, 24)(3, 14, 9, 20, 6, 17, 
12, 23),  ], [  (1, 10, 4, 7)(2, 11, 5, 8)(3, 12, 6, 9)(13, 22, 16, 19)(14, 23, 
17, 20)(15, 24, 18, 21),  (1, 7, 4, 10)(2, 8, 5, 11)(3, 9, 6, 12)(13, 19, 16, 
22)(14, 20, 17, 23)(15, 21, 18, 24),  ], [  (1, 4)(2, 5)(3, 6)(7, 10)(8, 11)(9, 
12)(13, 16)(14, 17)(15, 18)(19, 22)(20, 23)(21, 24),  (1, 4)(2, 5)(3, 6)(7, 
10)(8, 11)(9, 12)(13, 16)(14, 17)(15, 18)(19, 22)(20, 23)(21, 24),  ], [  (1, 2,
3)(4, 5, 6)(7, 8, 9)(10, 11, 12)(13, 14, 15)(16, 17, 18)(19, 20, 21)(22, 23, 
24),  (1, 3, 2)(4, 6, 5)(7, 9, 8)(10, 12, 11)(13, 15, 14)(16, 18, 17)(19, 21, 
20)(22, 24, 23),  ], [  (1, 13, 7, 19, 4, 16, 10, 22)(2, 15, 8, 21, 5, 18, 11, 
24)(3, 14, 9, 20, 6, 17, 12, 23),  (1, 22, 10, 16, 4, 19, 7, 13)(2, 24, 11, 18, 
5, 21, 8, 15)(3, 23, 12, 17, 6, 20, 9, 14),  ], [  (1, 7, 4, 10)(2, 8, 5, 11)(3,
9, 6, 12)(13, 19, 16, 22)(14, 20, 17, 23)(15, 21, 18, 24),  (1, 10, 4, 7)(2, 11,
5, 8)(3, 12, 6, 9)(13, 22, 16, 19)(14, 23, 17, 20)(15, 24, 18, 21),  ], [  (1, 
3, 2)(4, 6, 5)(7, 9, 8)(10, 12, 11)(13, 15, 14)(16, 18, 17)(19, 21, 20)(22, 24, 
23),  (1, 2, 3)(4, 5, 6)(7, 8, 9)(10, 11, 12)(13, 14, 15)(16, 17, 18)(19, 20, 
21)(22, 23, 24),  ], [  (1, 16, 7, 22, 4, 13, 10, 19)(2, 18, 8, 24, 5, 15, 11, 
21)(3, 17, 9, 23, 6, 14, 12, 20),  (1, 19, 10, 13, 4, 22, 7, 16)(2, 21, 11, 15, 
5, 24, 8, 18)(3, 20, 12, 14, 6, 23, 9, 17),  ], [  (1, 19, 10, 13, 4, 22, 7, 
16)(2, 21, 11, 15, 5, 24, 8, 18)(3, 20, 12, 14, 6, 23, 9, 17),  (1, 16, 7, 22, 
4, 13, 10, 19)(2, 18, 8, 24, 5, 15, 11, 21)(3, 17, 9, 23, 6, 14, 12, 20),  ], [ 
(1, 24, 10, 18, 4, 21, 7, 15)(2, 23, 11, 17, 5, 20, 8, 14)(3, 22, 12, 16, 6, 19,
9, 13),  (1, 15, 7, 21, 4, 18, 10, 24)(2, 14, 8, 20, 5, 17, 11, 23)(3, 13, 9, 
19, 6, 16, 12, 22),  ], [  (1, 23, 10, 17, 4, 20, 7, 14)(2, 22, 11, 16, 5, 19, 
8, 13)(3, 24, 12, 18, 6, 21, 9, 15),  (1, 14, 7, 20, 4, 17, 10, 23)(2, 13, 8, 
19, 5, 16, 11, 22)(3, 15, 9, 21, 6, 18, 12, 24),  ], [  (1, 11, 6, 7, 2, 12, 4, 
8, 3, 10, 5, 9)(13, 23, 18, 19, 14, 24, 16, 20, 15, 22, 17, 21),  (1, 9, 5, 10, 
3, 8, 4, 12, 2, 7, 6, 11)(13, 21, 17, 22, 15, 20, 16, 24, 14, 19, 18, 23),  ], [
(1, 12, 5, 7, 3, 11, 4, 9, 2, 10, 6, 8)(13, 24, 17, 19, 15, 23, 16, 21, 14, 22, 
18, 20),  (1, 8, 6, 10, 2, 9, 4, 11, 3, 7, 5, 12)(13, 20, 18, 22, 14, 21, 16, 
23, 15, 19, 17, 24),  ], [  (1, 5, 3, 4, 2, 6)(7, 11, 9, 10, 8, 12)(13, 17, 15, 
16, 14, 18)(19, 23, 21, 22, 20, 24),  (1, 6, 2, 4, 3, 5)(7, 12, 8, 10, 9, 
11)(13, 18, 14, 16, 15, 17)(19, 24, 20, 22, 21, 23),  ], [  (1, 6, 2, 4, 3, 
5)(7, 12, 8, 10, 9, 11)(13, 18, 14, 16, 15, 17)(19, 24, 20, 22, 21, 23),  (1, 5,
3, 4, 2, 6)(7, 11, 9, 10, 8, 12)(13, 17, 15, 16, 14, 18)(19, 23, 21, 22, 20, 
24),  ], [  (1, 14, 7, 20, 4, 17, 10, 23)(2, 13, 8, 19, 5, 16, 11, 22)(3, 15, 9,
21, 6, 18, 12, 24),  (1, 23, 10, 17, 4, 20, 7, 14)(2, 22, 11, 16, 5, 19, 8, 
13)(3, 24, 12, 18, 6, 21, 9, 15),  ], [  (1, 8, 6, 10, 2, 9, 4, 11, 3, 7, 5, 
12)(13, 20, 18, 22, 14, 21, 16, 23, 15, 19, 17, 24),  (1, 12, 5, 7, 3, 11, 4, 9,
2, 10, 6, 8)(13, 24, 17, 19, 15, 23, 16, 21, 14, 22, 18, 20),  ], [  (1, 15, 7, 
21, 4, 18, 10, 24)(2, 14, 8, 20, 5, 17, 11, 23)(3, 13, 9, 19, 6, 16, 12, 22),  
(1, 24, 10, 18, 4, 21, 7, 15)(2, 23, 11, 17, 5, 20, 8, 14)(3, 22, 12, 16, 6, 19,
9, 13),  ], [  (1, 9, 5, 10, 3, 8, 4, 12, 2, 7, 6, 11)(13, 21, 17, 22, 15, 20, 
16, 24, 14, 19, 18, 23),  (1, 11, 6, 7, 2, 12, 4, 8, 3, 10, 5, 9)(13, 23, 18, 
19, 14, 24, 16, 20, 15, 22, 17, 21),  ], [  (1, 18, 7, 24, 4, 15, 10, 21)(2, 17,
8, 23, 5, 14, 11, 20)(3, 16, 9, 22, 6, 13, 12, 19),  (1, 21, 10, 15, 4, 24, 7, 
18)(2, 20, 11, 14, 5, 23, 8, 17)(3, 19, 12, 13, 6, 22, 9, 16),  ], [  (1, 17, 7,
23, 4, 14, 10, 20)(2, 16, 8, 22, 5, 13, 11, 19)(3, 18, 9, 24, 6, 15, 12, 21),  
(1, 20, 10, 14, 4, 23, 7, 17)(2, 19, 11, 13, 5, 22, 8, 16)(3, 21, 12, 15, 6, 24,
9, 18),  ], [  (1, 21, 10, 15, 4, 24, 7, 18)(2, 20, 11, 14, 5, 23, 8, 17)(3, 19,
12, 13, 6, 22, 9, 16),  (1, 18, 7, 24, 4, 15, 10, 21)(2, 17, 8, 23, 5, 14, 11, 
20)(3, 16, 9, 22, 6, 13, 12, 19),  ], [  (1, 20, 10, 14, 4, 23, 7, 17)(2, 19, 
11, 13, 5, 22, 8, 16)(3, 21, 12, 15, 6, 24, 9, 18),  (1, 17, 7, 23, 4, 14, 10, 
20)(2, 16, 8, 22, 5, 13, 11, 19)(3, 18, 9, 24, 6, 15, 12, 21),  ], ]
);

NCBRACES[24].brace[9] := rec ( size := 24, perms := [ [  (),  (),  ], [  (1, 10,
4, 7)(2, 11, 5, 8)(3, 12, 6, 9)(13, 22, 16, 19)(14, 23, 17, 20)(15, 24, 18, 21),
(1, 7, 4, 10)(2, 8, 5, 11)(3, 9, 6, 12)(13, 22, 16, 19)(14, 23, 17, 20)(15, 24, 
18, 21),  ], [  (1, 16, 7, 22, 4, 13, 10, 19)(2, 18, 8, 24, 5, 15, 11, 21)(3, 
17, 9, 23, 6, 14, 12, 20),  (1, 13, 4, 16)(2, 14, 5, 17)(3, 15, 6, 18)(7, 22, 
10, 19)(8, 23, 11, 20)(9, 24, 12, 21),  ], [  (1, 4)(2, 5)(3, 6)(7, 10)(8, 
11)(9, 12)(13, 16)(14, 17)(15, 18)(19, 22)(20, 23)(21, 24),  (1, 4)(2, 5)(3, 
6)(7, 10)(8, 11)(9, 12)(13, 16)(14, 17)(15, 18)(19, 22)(20, 23)(21, 24),  ], [  
(1, 2, 3)(4, 5, 6)(7, 8, 9)(10, 11, 12)(13, 14, 15)(16, 17, 18)(19, 20, 21)(22, 
23, 24),  (1, 3, 2)(4, 6, 5)(7, 9, 8)(10, 12, 11)(13, 14, 15)(16, 17, 18)(19, 
20, 21)(22, 23, 24),  ], [  (1, 7, 4, 10)(2, 8, 5, 11)(3, 9, 6, 12)(13, 19, 16, 
22)(14, 20, 17, 23)(15, 21, 18, 24),  (1, 10, 4, 7)(2, 11, 5, 8)(3, 12, 6, 
9)(13, 19, 16, 22)(14, 20, 17, 23)(15, 21, 18, 24),  ], [  (1, 13, 7, 19, 4, 16,
10, 22)(2, 15, 8, 21, 5, 18, 11, 24)(3, 14, 9, 20, 6, 17, 12, 23),  (1, 16, 4, 
13)(2, 17, 5, 14)(3, 18, 6, 15)(7, 19, 10, 22)(8, 20, 11, 23)(9, 21, 12, 24),  
], [  (1, 3, 2)(4, 6, 5)(7, 9, 8)(10, 12, 11)(13, 15, 14)(16, 18, 17)(19, 21, 
20)(22, 24, 23),  (1, 2, 3)(4, 5, 6)(7, 8, 9)(10, 11, 12)(13, 15, 14)(16, 18, 
17)(19, 21, 20)(22, 24, 23),  ], [  (1, 22, 10, 16, 4, 19, 7, 13)(2, 24, 11, 18,
5, 21, 8, 15)(3, 23, 12, 17, 6, 20, 9, 14),  (1, 22)(2, 23)(3, 24)(4, 19)(5, 
20)(6, 21)(7, 16)(8, 17)(9, 18)(10, 13)(11, 14)(12, 15),  ], [  (1, 11, 6, 7, 2,
12, 4, 8, 3, 10, 5, 9)(13, 23, 18, 19, 14, 24, 16, 20, 15, 22, 17, 21),  (1, 9, 
5, 10, 3, 8, 4, 12, 2, 7, 6, 11)(13, 23, 18, 19, 14, 24, 16, 20, 15, 22, 17, 
21),  ], [  (1, 19, 10, 13, 4, 22, 7, 16)(2, 21, 11, 15, 5, 24, 8, 18)(3, 20, 
12, 14, 6, 23, 9, 17),  (1, 19)(2, 20)(3, 21)(4, 22)(5, 23)(6, 24)(7, 13)(8, 
14)(9, 15)(10, 16)(11, 17)(12, 18),  ], [  (1, 12, 5, 7, 3, 11, 4, 9, 2, 10, 6, 
8)(13, 24, 17, 19, 15, 23, 16, 21, 14, 22, 18, 20),  (1, 8, 6, 10, 2, 9, 4, 11, 
3, 7, 5, 12)(13, 24, 17, 19, 15, 23, 16, 21, 14, 22, 18, 20),  ], [  (1, 17, 7, 
23, 4, 14, 10, 20)(2, 16, 8, 22, 5, 13, 11, 19)(3, 18, 9, 24, 6, 15, 12, 21),  
(1, 14, 4, 17)(2, 15, 5, 18)(3, 13, 6, 16)(7, 23, 10, 20)(8, 24, 11, 21)(9, 22, 
12, 19),  ], [  (1, 18, 7, 24, 4, 15, 10, 21)(2, 17, 8, 23, 5, 14, 11, 20)(3, 
16, 9, 22, 6, 13, 12, 19),  (1, 15, 4, 18)(2, 13, 5, 16)(3, 14, 6, 17)(7, 24, 
10, 21)(8, 22, 11, 19)(9, 23, 12, 20),  ], [  (1, 5, 3, 4, 2, 6)(7, 11, 9, 10, 
8, 12)(13, 17, 15, 16, 14, 18)(19, 23, 21, 22, 20, 24),  (1, 6, 2, 4, 3, 5)(7, 
12, 8, 10, 9, 11)(13, 17, 15, 16, 14, 18)(19, 23, 21, 22, 20, 24),  ], [  (1, 6,
2, 4, 3, 5)(7, 12, 8, 10, 9, 11)(13, 18, 14, 16, 15, 17)(19, 24, 20, 22, 21, 
23),  (1, 5, 3, 4, 2, 6)(7, 11, 9, 10, 8, 12)(13, 18, 14, 16, 15, 17)(19, 24, 
20, 22, 21, 23),  ], [  (1, 8, 6, 10, 2, 9, 4, 11, 3, 7, 5, 12)(13, 20, 18, 22, 
14, 21, 16, 23, 15, 19, 17, 24),  (1, 12, 5, 7, 3, 11, 4, 9, 2, 10, 6, 8)(13, 
20, 18, 22, 14, 21, 16, 23, 15, 19, 17, 24),  ], [  (1, 15, 7, 21, 4, 18, 10, 
24)(2, 14, 8, 20, 5, 17, 11, 23)(3, 13, 9, 19, 6, 16, 12, 22),  (1, 18, 4, 
15)(2, 16, 5, 13)(3, 17, 6, 14)(7, 21, 10, 24)(8, 19, 11, 22)(9, 20, 12, 23),  
], [  (1, 9, 5, 10, 3, 8, 4, 12, 2, 7, 6, 11)(13, 21, 17, 22, 15, 20, 16, 24, 
14, 19, 18, 23),  (1, 11, 6, 7, 2, 12, 4, 8, 3, 10, 5, 9)(13, 21, 17, 22, 15, 
20, 16, 24, 14, 19, 18, 23),  ], [  (1, 14, 7, 20, 4, 17, 10, 23)(2, 13, 8, 19, 
5, 16, 11, 22)(3, 15, 9, 21, 6, 18, 12, 24),  (1, 17, 4, 14)(2, 18, 5, 15)(3, 
16, 6, 13)(7, 20, 10, 23)(8, 21, 11, 24)(9, 19, 12, 22),  ], [  (1, 23, 10, 17, 
4, 20, 7, 14)(2, 22, 11, 16, 5, 19, 8, 13)(3, 24, 12, 18, 6, 21, 9, 15),  (1, 
23)(2, 24)(3, 22)(4, 20)(5, 21)(6, 19)(7, 17)(8, 18)(9, 16)(10, 14)(11, 15)(12, 
13),  ], [  (1, 24, 10, 18, 4, 21, 7, 15)(2, 23, 11, 17, 5, 20, 8, 14)(3, 22, 
12, 16, 6, 19, 9, 13),  (1, 24)(2, 22)(3, 23)(4, 21)(5, 19)(6, 20)(7, 18)(8, 
16)(9, 17)(10, 15)(11, 13)(12, 14),  ], [  (1, 21, 10, 15, 4, 24, 7, 18)(2, 20, 
11, 14, 5, 23, 8, 17)(3, 19, 12, 13, 6, 22, 9, 16),  (1, 21)(2, 19)(3, 20)(4, 
24)(5, 22)(6, 23)(7, 15)(8, 13)(9, 14)(10, 18)(11, 16)(12, 17),  ], [  (1, 20, 
10, 14, 4, 23, 7, 17)(2, 19, 11, 13, 5, 22, 8, 16)(3, 21, 12, 15, 6, 24, 9, 18),
(1, 20)(2, 21)(3, 19)(4, 23)(5, 24)(6, 22)(7, 14)(8, 15)(9, 13)(10, 17)(11, 
18)(12, 16),  ], ]
);

NCBRACES[24].brace[10] := rec ( size := 24, perms := [ [  (),  (),  ], [  (1, 
10, 4, 7)(2, 11, 5, 8)(3, 12, 6, 9)(13, 22, 16, 19)(14, 23, 17, 20)(15, 24, 18, 
21),  (1, 7, 4, 10)(2, 8, 5, 11)(3, 9, 6, 12)(13, 22, 16, 19)(14, 23, 17, 
20)(15, 24, 18, 21),  ], [  (1, 13, 7, 19, 4, 16, 10, 22)(2, 15, 8, 21, 5, 18, 
