NCBRACES[219]:=[rec(
gadd:=
[(1,82,219)(2,90,210)(3,98,201)(4,106,192)(5,114,183)
(6,122,174)(7,130,165)(8,138,156)(9,146,147)(10,81,211)
(11,89,202)(12,97,193)(13,105,184)(14,113,175)(15,121,166)
(16,129,157)(17,137,148)(18,145,212)(19,80,203)(20,88,194)
(21,96,185)(22,104,176)(23,112,167)(24,120,158)(25,128,149)
(26,136,213)(27,144,204)(28,79,195)(29,87,186)(30,95,177)
(31,103,168)(32,111,159)(33,119,150)(34,127,214)(35,135,205)
(36,143,196)(37,78,187)(38,86,178)(39,94,169)(40,102,160)
(41,110,151)(42,118,215)(43,126,206)(44,134,197)(45,142,188)
(46,77,179)(47,85,170)(48,93,161)(49,101,152)(50,109,216)
(51,117,207)(52,125,198)(53,133,189)(54,141,180)(55,76,171)
(56,84,162)(57,92,153)(58,100,217)(59,108,208)(60,116,199)
(61,124,190)(62,132,181)(63,140,172)(64,75,163)(65,83,154)
(66,91,218)(67,99,209)(68,107,200)(69,115,191)(70,123,182)
(71,131,173)(72,139,164)(73,74,155),
(1,208,97)(2,199,105)(3,190,113)(4,181,121)(5,172,129)
(6,163,137)(7,154,145)(8,218,80)(9,209,88)(10,200,96)
(11,191,104)(12,182,112)(13,173,120)(14,164,128)(15,155,136)
(16,219,144)(17,210,79)(18,201,87)(19,192,95)(20,183,103)
(21,174,111)(22,165,119)(23,156,127)(24,147,135)(25,211,143)
(26,202,78)(27,193,86)(28,184,94)(29,175,102)(30,166,110)
(31,157,118)(32,148,126)(33,212,134)(34,203,142)(35,194,77)
(36,185,85)(37,176,93)(38,167,101)(39,158,109)(40,149,117)
(41,213,125)(42,204,133)(43,195,141)(44,186,76)(45,177,84)
(46,168,92)(47,159,100)(48,150,108)(49,214,116)(50,205,124)
(51,196,132)(52,187,140)(53,178,75)(54,169,83)(55,160,91)
(56,151,99)(57,215,107)(58,206,115)(59,197,123)(60,188,131)
(61,179,139)(62,170,74)(63,161,82)(64,152,90)(65,216,98)
(66,207,106)(67,198,114)(68,189,122)(69,180,130)(70,171,138)
(71,162,146)(72,153,81)(73,217,89)],
gmul:=
[(1,72,70,68,66,64,62,60,58,56,54,52,50,48,46,44,42,
40,38,36,34,32,30,28,26,24,22,20,18,16,14,12,10,
8,6,4,2,73,71,69,67,65,63,61,59,57,55,53,51,
49,47,45,43,41,39,37,35,33,31,29,27,25,23,21,19,
17,15,13,11,9,7,5,3)(74,131,115,99,83,140,124,108,
92,76,133,117,101,85,142,126,110,94,78,135,119,103,87,144,
128,112,96,80,137,121,105,89,146,130,114,98,82,139,123,107,
91,75,132,116,100,84,141,125,109,93,77,134,118,102,86,143,
127,111,95,79,136,120,104,88,145,129,113,97,81,138,122,106,
90)(147,165,183,201,219,164,182,200,218,163,181,199,217,162,180,
198,216,161,179,197,215,160,178,196,214,159,177,195,213,158,176,
194,212,157,175,193,211,156,174,192,210,155,173,191,209,154,172,
190,208,153,171,189,207,152,170,188,206,151,169,187,205,150,168,
186,204,149,167,185,203,148,166,184,202),
(1,136,194)(2,137,195)(3,138,196)(4,139,197)(5,140,198)
(6,141,199)(7,142,200)(8,143,201)(9,144,202)(10,145,203)
(11,146,204)(12,74,205)(13,75,206)(14,76,207)(15,77,208)
(16,78,209)(17,79,210)(18,80,211)(19,81,212)(20,82,213)
(21,83,214)(22,84,215)(23,85,216)(24,86,217)(25,87,218)
(26,88,219)(27,89,147)(28,90,148)(29,91,149)(30,92,150)
(31,93,151)(32,94,152)(33,95,153)(34,96,154)(35,97,155)
(36,98,156)(37,99,157)(38,100,158)(39,101,159)(40,102,160)
(41,103,161)(42,104,162)(43,105,163)(44,106,164)(45,107,165)
(46,108,166)(47,109,167)(48,110,168)(49,111,169)(50,112,170)
(51,113,171)(52,114,172)(53,115,173)(54,116,174)(55,117,175)
(56,118,176)(57,119,177)(58,120,178)(59,121,179)(60,122,180)
(61,123,181)(62,124,182)(63,125,183)(64,126,184)(65,127,185)
(66,128,186)(67,129,187)(68,130,188)(69,131,189)(70,132,190)
(71,133,191)(72,134,192)(73,135,193)],
p:=(2,74,190,62,94,109,33,98,89,198,13,91,119,176,124,122,
111,175,141,63,77,189,76,28,57,25,22,137,152,85,178,107,209,
156,194,218,65,127,132,45,181,121,158,86,5,67,193,155,92,78,
179,159,145,37,53,96,99,79,169,16,203,212,3,8,130,180,165,
59,50,116,52,106,110,23,123,183,129,142,30,84,47,126,118,192,
48,144,12,213,90,44,71,115,134,38,196,73,125,214,9,15,60,
40,95,184,148,205,149,51,120,112,104,153,208,138,41,21,133,182,
166,100,36,200,20,64,35,108,43,171,114,143,185,128,197,56,160,
135,172,97,103,32,206,211,83,70,101,187,139,24,113,87,188,204,
58,216,146,195,17,88,61,168,26,167,202,27,150,215,72,207,75,
46,54,29,161,163,93,191,55,177,69,151,34,217,131,39,186,173,
80,102,170,6,81,31,18,11,154,201)(4,147,68,105,42)
(7,140)(10,157,82,14,210,66,199,19,164,219)(49,174,136,162),
q:=(2,147,7,157,219,65,186,85,118,79,117,169,59,25,53,199,
56,116,23,150,114,184,139,51,196)(3,67,144,63,174,194,90,31,
57,50,160,185,195,58,106,179,124,214,66,96,153,97,189,165,16,
137,107,89,104,99,192,27,123,78,110,52,216,211,155,163,172,208,
212,72,105,33,217,149,24,206,146,128,112,198,62,181,205,131,36,
88,14,81,44,4,74,95,143,135,93,87,111,142,45,94,170,69,
115,176,159,202,48,193,83,5,8,213,218,10,140,68,207,156,136,
100,39,127,158,182,141,12,130,102,109,42,71,151,41,54,46,21,
167,145,38,120,197,19,84,28,18,64,40,190,13,154,80,180,76,
47,177,6,210,9,60,35,161,92,183,204,17,200,55,126,178,152,
173,201,73,168,49,77,103,43,101,119,134,37,22,203,138,34,98,
209,75,29,108,32,113,191,20,11,91,187,148,121,132,30,164,82,
61,125,122,188,129,175,166,162,26,133,86,70,171,215)),rec(
gadd:=
[(1,53,32,11,63,42,21,73,52,31,10,62,41,20,72,51,30,
9,61,40,19,71,50,29,8,60,39,18,70,49,28,7,59,
38,17,69,48,27,6,58,37,16,68,47,26,5,57,36,15,
67,46,25,4,56,35,14,66,45,24,3,55,34,13,65,44,
23,2,54,33,12,64,43,22)(74,126,105,84,136,115,94,146,
125,104,83,135,114,93,145,124,103,82,134,113,92,144,123,102,
81,133,112,91,143,122,101,80,132,111,90,142,121,100,79,131,
110,89,141,120,99,78,130,109,88,140,119,98,77,129,108,87,
139,118,97,76,128,107,86,138,117,96,75,127,106,85,137,116,
95)(147,199,178,157,209,188,167,219,198,177,156,208,187,166,218,
197,176,155,207,186,165,217,196,175,154,206,185,164,216,195,174,
153,205,184,163,215,194,173,152,204,183,162,214,193,172,151,203,
182,161,213,192,171,150,202,181,160,212,191,170,149,201,180,159,
211,190,169,148,200,179,158,210,189,168),
(1,81,210)(2,89,201)(3,97,192)(4,105,183)(5,113,174)
(6,121,165)(7,129,156)(8,137,147)(9,145,211)(10,80,202)
(11,88,193)(12,96,184)(13,104,175)(14,112,166)(15,120,157)
(16,128,148)(17,136,212)(18,144,203)(19,79,194)(20,87,185)
(21,95,176)(22,103,167)(23,111,158)(24,119,149)(25,127,213)
(26,135,204)(27,143,195)(28,78,186)(29,86,177)(30,94,168)
(31,102,159)(32,110,150)(33,118,214)(34,126,205)(35,134,196)
(36,142,187)(37,77,178)(38,85,169)(39,93,160)(40,101,151)
(41,109,215)(42,117,206)(43,125,197)(44,133,188)(45,141,179)
(46,76,170)(47,84,161)(48,92,152)(49,100,216)(50,108,207)
(51,116,198)(52,124,189)(53,132,180)(54,140,171)(55,75,162)
(56,83,153)(57,91,217)(58,99,208)(59,107,199)(60,115,190)
(61,123,181)(62,131,172)(63,139,163)(64,74,154)(65,82,218)
(66,90,209)(67,98,200)(68,106,191)(69,114,182)(70,122,173)
(71,130,164)(72,138,155)(73,146,219)],
gmul:=
[(1,121,205)(2,129,196)(3,137,187)(4,145,178)(5,80,169)
(6,88,160)(7,96,151)(8,104,215)(9,112,206)(10,120,197)
(11,128,188)(12,136,179)(13,144,170)(14,79,161)(15,87,152)
(16,95,216)(17,103,207)(18,111,198)(19,119,189)(20,127,180)
(21,135,171)(22,143,162)(23,78,153)(24,86,217)(25,94,208)
(26,102,199)(27,110,190)(28,118,181)(29,126,172)(30,134,163)
(31,142,154)(32,77,218)(33,85,209)(34,93,200)(35,101,191)
(36,109,182)(37,117,173)(38,125,164)(39,133,155)(40,141,219)
(41,76,210)(42,84,201)(43,92,192)(44,100,183)(45,108,174)
(46,116,165)(47,124,156)(48,132,147)(49,140,211)(50,75,202)
(51,83,193)(52,91,184)(53,99,175)(54,107,166)(55,115,157)
(56,123,148)(57,131,212)(58,139,203)(59,74,194)(60,82,185)
(61,90,176)(62,98,167)(63,106,158)(64,114,149)(65,122,213)
(66,130,204)(67,138,195)(68,146,186)(69,81,177)(70,89,168)
(71,97,159)(72,105,150)(73,113,214),
(1,196,120)(2,187,128)(3,178,136)(4,169,144)(5,160,79)
(6,151,87)(7,215,95)(8,206,103)(9,197,111)(10,188,119)
(11,179,127)(12,170,135)(13,161,143)(14,152,78)(15,216,86)
(16,207,94)(17,198,102)(18,189,110)(19,180,118)(20,171,126)
(21,162,134)(22,153,142)(23,217,77)(24,208,85)(25,199,93)
(26,190,101)(27,181,109)(28,172,117)(29,163,125)(30,154,133)
(31,218,141)(32,209,76)(33,200,84)(34,191,92)(35,182,100)
(36,173,108)(37,164,116)(38,155,124)(39,219,132)(40,210,140)
(41,201,75)(42,192,83)(43,183,91)(44,174,99)(45,165,107)
(46,156,115)(47,147,123)(48,211,131)(49,202,139)(50,193,74)
(51,184,82)(52,175,90)(53,166,98)(54,157,106)(55,148,114)
(56,212,122)(57,203,130)(58,194,138)(59,185,146)(60,176,81)
(61,167,89)(62,158,97)(63,149,105)(64,213,113)(65,204,121)
(66,195,129)(67,186,137)(68,177,145)(69,168,80)(70,159,88)
(71,150,96)(72,214,104)(73,205,112)],
p:=(2,74,174,88,63,81,4,147,152,208,117,123,166,41,3,65,
131,46,72,173,97,121,180,87,153,134,68,85,162,177,42,11,155,
126,100,29,163,40,77,205,61,171,33,84,8,138,79,150,70,91,
143,170,34,164,113,89,217,116,50,136,215,43,154,200,15,19,219,
23,137,151,142,16,148,62,90,71,93,209,168,36,165,178,115,132,
59,18)(5,10,211,104,186,103,48,140,13,83,20,73,101,184,189,
191,60,17,76,67,157,118,188,109,26,202,45,218,52,128,182,167,
114,80,78,214,44,64,58,195,6,75,37,28,9,56,194,207,125,
181,107,187,190,51,130,183,95,201,169,35,92,141,21,145,161,39,
149,216,96,127,102,185,108,27,203,160,176,124,94,135,206,199,24,
129,110,25,47,144,7,146,54,38,213,105,49,210,31,66,196,14,
156,192,198,30,82,12,212,32,204,53,120,86,55,193,69,172,106,
122,99,111,179,159,175,133,197,22,139)(98,119,158,112),
q:=(2,147,107,119,132,16,139,70,154,88,12,138,192,104,127,180,
191,15,56,136,114,201,117,150,5,65,149,106,214,31,9,19,82,
63,210,44,11,83,55,144,68,173,208,169,40,174,200,60,58,128,
86,20)(3,10,146,21,202,30,219,52,195,69,93,89,98,187,95,
80,183,190,24,204,22,148,13,155,177,33,164,206,96,186,189,87,
99,188,170,41,72,85,100,46)(4,74,77,121,102,135,113,209,125,
94,185,161,36,76,8,212,43,91,184,103,27,137,115,158,197,53,
196,61,101,143,109,49,81,71,172,216,199,51,213,207,168,39,131,
29,92,166,34,84,67,140,62,218,23,203,116,25,28,66,120,182,
133,112,217,160,134,7,211,198,45,90)(6,156,79,123,141,54,37,
47,193)(14,75,38,130,78,122,153,176,159,142,59,57,18,73,171,
42,64,17,165,118,111,110,50,194,105,26,145,108,48,157,178,151,
175,167,215,32,129,179,124,181,152,97,205)(35,163)(126,162)),
rec(
gadd:=
[(1,31,61,18,48,5,35,65,22,52,9,39,69,26,56,13,43,
73,30,60,17,47,4,34,64,21,51,8,38,68,25,55,12,
42,72,29,59,16,46,3,33,63,20,50,7,37,67,24,54,
11,41,71,28,58,15,45,2,32,62,19,49,6,36,66,23,
53,10,40,70,27,57,14,44)(74,104,134,91,121,78,108,138,
95,125,82,112,142,99,129,86,116,146,103,133,90,120,77,107,
137,94,124,81,111,141,98,128,85,115,145,102,132,89,119,76,
106,136,93,123,80,110,140,97,127,84,114,144,101,131,88,118,
75,105,135,92,122,79,109,139,96,126,83,113,143,100,130,87,
117)(147,177,207,164,194,151,181,211,168,198,155,185,215,172,202,
159,189,219,176,206,163,193,150,180,210,167,197,154,184,214,171,
201,158,188,218,175,205,162,192,149,179,209,166,196,153,183,213,
170,200,157,187,217,174,204,161,191,148,178,208,165,195,152,182,
212,169,199,156,186,216,173,203,160,190),
(1,91,154)(2,99,218)(3,107,209)(4,115,200)(5,123,191)
(6,131,182)(7,139,173)(8,74,164)(9,82,155)(10,90,219)
(11,98,210)(12,106,201)(13,114,192)(14,122,183)(15,130,174)
(16,138,165)(17,146,156)(18,81,147)(19,89,211)(20,97,202)
(21,105,193)(22,113,184)(23,121,175)(24,129,166)(25,137,157)
(26,145,148)(27,80,212)(28,88,203)(29,96,194)(30,104,185)
(31,112,176)(32,120,167)(33,128,158)(34,136,149)(35,144,213)
(36,79,204)(37,87,195)(38,95,186)(39,103,177)(40,111,168)
(41,119,159)(42,127,150)(43,135,214)(44,143,205)(45,78,196)
(46,86,187)(47,94,178)(48,102,169)(49,110,160)(50,118,151)
(51,126,215)(52,134,206)(53,142,197)(54,77,188)(55,85,179)
(56,93,170)(57,101,161)(58,109,152)(59,117,216)(60,125,207)
(61,133,198)(62,141,189)(63,76,180)(64,84,171)(65,92,162)
(66,100,153)(67,108,217)(68,116,208)(69,124,199)(70,132,190)
(71,140,181)(72,75,172)(73,83,163)],
gmul:=
[(1,81,186,31,102,208,61,123,157,18,144,179,48,92,201,5,113,
150,35,134,172,65,82,194,22,103,216,52,124,165,9,145,187,
39,93,209,69,114,158,26,135,180,56,83,202,13,104,151,43,
125,173,73,146,195,30,94,217,60,115,166,17,136,188,47,84,
210,4,105,159,34,126,181,64,74,203,21,95,152,51,116,174,
8,137,196,38,85,218,68,106,167,25,127,189,55,75,211,12,
96,160,42,117,182,72,138,204,29,86,153,59,107,175,16,128,
197,46,76,219,3,97,168,33,118,190,63,139,212,20,87,161,
50,108,183,7,129,205,37,77,154,67,98,176,24,119,198,54,
140,147,11,88,169,41,109,191,71,130,213,28,78,162,58,99,
184,15,120,206,45,141,155,2,89,177,32,110,199,62,131,148,
19,79,170,49,100,192,6,121,214,36,142,163,66,90,185,23,
111,207,53,132,156,10,80,178,40,101,200,70,122,149,27,143,
171,57,91,193,14,112,215,44,133,164)],
p:=(2,74,40,160,4,147,152,48,84,116,65,19,125,127,98,81,
133,175,3,8,15,167,209,139,136,80,191,78,77,181,17,53,64,
128,28,180,146,34,170,182,159,52,123,165,49,154,124,203,153,172,
192,183,129,42,101,104,37,103,87,99,35,32,43,120,155,55,106,
143,27,187,31,86,211,156,193,88)(5,67,111,198,186,112,109,126,
11,60,194,45,217,76,47,18,96,121,131,199,134,97,213,166,216,
173,69,151,141,205,100,23,46,150,162,115,92,158,110,51,164,189,
95,168,117,218,63,204,219,163,21,177,90,82,61,145,102,30,135,
185,169,107,44,57,184,24,79,54,174,202,56,71,33,197,70,94,
16,200,132,114,208,73,161,196,59)(6,130,206,66,214,105,178,10,
210,7,91,9,157,144,215,176,212,122)(12,113,58,89,148,85,68,
26,36,118,75,171,62)(13,108,188,179,149,41,25,142,119,72,137)
(14,22,190,38,50,140,20,29,39,207,83,201)(93,138,195),
q:=(2,147,119,3,67,216,89,83,122,69,110,24,180,155,20,46,
101,199,178,65,56,4,74,35,43,217,204,138,141,85,7,157,171,
13,167,121,202,19,177,165,26,39,103,189,198,133,107,31,197,5,
8,60,132,192,106,179,92,100,52,193,181,58,173,6,210,68,49,
137,62,63,76,28,79,21,125,161,77,88,73,127,174,131,104,38,
25,187,44,18,190,37,207,148,205,158,151,195,214,191,188,143,48,
213,99,40,118,212,201,61,163,54,98,164,87,166,111,95,117,129,
33,86,139,162,184,51,81,186,208)(9,91,66,93,219,145,215,116,
10,130,94,59,70,206)(11,15,108,78,196,16,113,17,22,96,209,
211,82,14,53)(12,200,194,30,170,97,84,176,75,144,102,45,120,
146,41,50,203,128,47,57,115,149,34,135,124,140,55,183,218)
(23,29,36,160,71,42,150,136,172,114,112,159)(27,142,152)
(64,153,80,105,134,182,109,169,175,72,154,185,126)(90,156,123)),
rec(
gadd:=
[(1,89,209)(2,97,200)(3,105,191)(4,113,182)(5,121,173)
(6,129,164)(7,137,155)(8,145,219)(9,80,210)(10,88,201)
(11,96,192)(12,104,183)(13,112,174)(14,120,165)(15,128,156)
(16,136,147)(17,144,211)(18,79,202)(19,87,193)(20,95,184)
(21,103,175)(22,111,166)(23,119,157)(24,127,148)(25,135,212)
(26,143,203)(27,78,194)(28,86,185)(29,94,176)(30,102,167)
(31,110,158)(32,118,149)(33,126,213)(34,134,204)(35,142,195)
(36,77,186)(37,85,177)(38,93,168)(39,101,159)(40,109,150)
(41,117,214)(42,125,205)(43,133,196)(44,141,187)(45,76,178)
(46,84,169)(47,92,160)(48,100,151)(49,108,215)(50,116,206)
(51,124,197)(52,132,188)(53,140,179)(54,75,170)(55,83,161)
(56,91,152)(57,99,216)(58,107,207)(59,115,198)(60,123,189)
(61,131,180)(62,139,171)(63,74,162)(64,82,153)(65,90,217)
(66,98,208)(67,106,199)(68,114,190)(69,122,181)(70,130,172)
(71,138,163)(72,146,154)(73,81,218),
(1,177,126)(2,168,134)(3,159,142)(4,150,77)(5,214,85)
(6,205,93)(7,196,101)(8,187,109)(9,178,117)(10,169,125)
(11,160,133)(12,151,141)(13,215,76)(14,206,84)(15,197,92)
(16,188,100)(17,179,108)(18,170,116)(19,161,124)(20,152,132)
(21,216,140)(22,207,75)(23,198,83)(24,189,91)(25,180,99)
(26,171,107)(27,162,115)(28,153,123)(29,217,131)(30,208,139)
(31,199,74)(32,190,82)(33,181,90)(34,172,98)(35,163,106)
(36,154,114)(37,218,122)(38,209,130)(39,200,138)(40,191,146)
(41,182,81)(42,173,89)(43,164,97)(44,155,105)(45,219,113)
(46,210,121)(47,201,129)(48,192,137)(49,183,145)(50,174,80)
(51,165,88)(52,156,96)(53,147,104)(54,211,112)(55,202,120)
(56,193,128)(57,184,136)(58,175,144)(59,166,79)(60,157,87)
(61,148,95)(62,212,103)(63,203,111)(64,194,119)(65,185,127)
(66,176,135)(67,167,143)(68,158,78)(69,149,86)(70,213,94)
(71,204,102)(72,195,110)(73,186,118)],
gmul:=
[(1,45,16,60,31,2,46,17,61,32,3,47,18,62,33,4,48,
19,63,34,5,49,20,64,35,6,50,21,65,36,7,51,22,
66,37,8,52,23,67,38,9,53,24,68,39,10,54,25,69,
40,11,55,26,70,41,12,56,27,71,42,13,57,28,72,43,
14,58,29,73,44,15,59,30)(74,118,89,133,104,75,119,90,
134,105,76,120,91,135,106,77,121,92,136,107,78,122,93,137,
108,79,123,94,138,109,80,124,95,139,110,81,125,96,140,111,
82,126,97,141,112,83,127,98,142,113,84,128,99,143,114,85,
129,100,144,115,86,130,101,145,116,87,131,102,146,117,88,132,
103)(147,191,162,206,177,148,192,163,207,178,149,193,164,208,179,
150,194,165,209,180,151,195,166,210,181,152,196,167,211,182,153,
197,168,212,183,154,198,169,213,184,155,199,170,214,185,156,200,
171,215,186,157,201,172,216,187,158,202,173,217,188,159,203,174,
218,189,160,204,175,219,190,161,205,176),
(1,188,78)(2,196,142)(3,204,133)(4,212,124)(5,147,115)
(6,155,106)(7,163,97)(8,171,88)(9,179,79)(10,187,143)
(11,195,134)(12,203,125)(13,211,116)(14,219,107)(15,154,98)
(16,162,89)(17,170,80)(18,178,144)(19,186,135)(20,194,126)
(21,202,117)(22,210,108)(23,218,99)(24,153,90)(25,161,81)
(26,169,145)(27,177,136)(28,185,127)(29,193,118)(30,201,109)
(31,209,100)(32,217,91)(33,152,82)(34,160,146)(35,168,137)
(36,176,128)(37,184,119)(38,192,110)(39,200,101)(40,208,92)
(41,216,83)(42,151,74)(43,159,138)(44,167,129)(45,175,120)
(46,183,111)(47,191,102)(48,199,93)(49,207,84)(50,215,75)
(51,150,139)(52,158,130)(53,166,121)(54,174,112)(55,182,103)
(56,190,94)(57,198,85)(58,206,76)(59,214,140)(60,149,131)
(61,157,122)(62,165,113)(63,173,104)(64,181,95)(65,189,86)
(66,197,77)(67,205,141)(68,213,132)(69,148,123)(70,156,114)
(71,164,105)(72,172,96)(73,180,87)],
p:=(2,74,174,124,108,20,66,217,87,205,189,118,216,125,167,207,
96,113,141,36,165,62,76,8,138,33,91,115,80,106,136,170,5,
10,211,126,93,195,43,213,134,16,155,105,63,140,35,92,89,196,
44,57,64,72,166,135,161,191,15,19,212,61,150,188,176,79,171,
78,162,54,38,154,186,182,181,86,48,81,25,47,123,173,133,152,
97,128,175,88,49,203,198,69,158,119,172,142,68,99,111,151,42,
18,9,56,201,31,73,101,184,168,21,131,46,58,209,190,6,82,
26,202,51,137,179,180,160,102,192,24,129,110,4,147,40,98,112,
77,153,187,117,144,39,163,127,109,12,219,52,121,159,103,55,193,
169,13,83,27,210,53,120,107,208,95,194,178,143,215,14,156,185,
94,114,132,7,139,34,157,104,200,60,3,65,145,59,11,148,197,
45,204,32,218,23,130,183,116,71,100,29,149,41,17,90,50,122,
85,214,22,146,206,177,70,84,67,164,199,30,75,37,28),
q:=(2,147,35,149,34,91,184,117,171,188,116,4,74,98,208,198,
6,156,124,167,103,20,9,19,75,38,137,143,102,114,194,134,59,
64,3,10,139,41,58,121,109,63,203,95,132,68,166,170,70,213,
178,179,79,144,36,90,25,28,73,150,78,136,135,127,159,207,190,
69,100,46,17,165,13,148,86,27,130,106,162,21,202,24,218,52,
209,96,200,15,56,122,205,87,85,93,141,39,145,16,146,94,192,
51,154,133,119,80,183,176,180,118,111,110,71,158,152,182,88,26,
131,29,92,173,186,97,153,142,7,211,169,62,204,43,84,8,219,
23,210,22,155,191,60,72,99,216,177,5,65,163,161,105,12,138,
42,57,11,83,48,164,104,113,195,32,129,151,33,157,199,45,76,
67,81,50,201,44,18,66,120,175,181,197,30,212,14,82,49,140,
40,174,185,206,125,108,55,123,89,77,128,107,112,196,31)
(37,47,193,126,214,53,217,189,160,215,61,101,115,172,187,168,54)
),rec(
gadd:=
[(1,10,19,28,37,46,55,64,73,9,18,27,36,45,54,63,72,
8,17,26,35,44,53,62,71,7,16,25,34,43,52,61,70,
6,15,24,33,42,51,60,69,5,14,23,32,41,50,59,68,
4,13,22,31,40,49,58,67,3,12,21,30,39,48,57,66,
2,11,20,29,38,47,56,65)(74,83,92,101,110,119,128,137,
146,82,91,100,109,118,127,136,145,81,90,99,108,117,126,135,
144,80,89,98,107,116,125,134,143,79,88,97,106,115,124,133,
142,78,87,96,105,114,123,132,141,77,86,95,104,113,122,131,
140,76,85,94,103,112,121,130,139,75,84,93,102,111,120,129,
138)(147,156,165,174,183,192,201,210,219,155,164,173,182,191,200,
209,218,154,163,172,181,190,199,208,217,153,162,171,180,189,198,
207,216,152,161,170,179,188,197,206,215,151,160,169,178,187,196,
205,214,150,159,168,177,186,195,204,213,149,158,167,176,185,194,
203,212,148,157,166,175,184,193,202,211),
(1,195,128)(2,186,136)(3,177,144)(4,168,79)(5,159,87)
(6,150,95)(7,214,103)(8,205,111)(9,196,119)(10,187,127)
(11,178,135)(12,169,143)(13,160,78)(14,151,86)(15,215,94)
(16,206,102)(17,197,110)(18,188,118)(19,179,126)(20,170,134)
(21,161,142)(22,152,77)(23,216,85)(24,207,93)(25,198,101)
(26,189,109)(27,180,117)(28,171,125)(29,162,133)(30,153,141)
(31,217,76)(32,208,84)(33,199,92)(34,190,100)(35,181,108)
(36,172,116)(37,163,124)(38,154,132)(39,218,140)(40,209,75)
(41,200,83)(42,191,91)(43,182,99)(44,173,107)(45,164,115)
(46,155,123)(47,219,131)(48,210,139)(49,201,74)(50,192,82)
(51,183,90)(52,174,98)(53,165,106)(54,156,114)(55,147,122)
(56,211,130)(57,202,138)(58,193,146)(59,184,81)(60,175,89)
(61,166,97)(62,157,105)(63,148,113)(64,212,121)(65,203,129)
(66,194,137)(67,185,145)(68,176,80)(69,167,88)(70,158,96)
(71,149,104)(72,213,112)(73,204,120)],
gmul:=
[(1,85,209)(2,76,217)(3,140,152)(4,131,160)(5,122,168)
(6,113,176)(7,104,184)(8,95,192)(9,86,200)(10,77,208)
(11,141,216)(12,132,151)(13,123,159)(14,114,167)(15,105,175)
(16,96,183)(17,87,191)(18,78,199)(19,142,207)(20,133,215)
(21,124,150)(22,115,158)(23,106,166)(24,97,174)(25,88,182)
(26,79,190)(27,143,198)(28,134,206)(29,125,214)(30,116,149)
(31,107,157)(32,98,165)(33,89,173)(34,80,181)(35,144,189)
(36,135,197)(37,126,205)(38,117,213)(39,108,148)(40,99,156)
(41,90,164)(42,81,172)(43,145,180)(44,136,188)(45,127,196)
(46,118,204)(47,109,212)(48,100,147)(49,91,155)(50,82,163)
(51,146,171)(52,137,179)(53,128,187)(54,119,195)(55,110,203)
(56,101,211)(57,92,219)(58,83,154)(59,74,162)(60,138,170)
(61,129,178)(62,120,186)(63,111,194)(64,102,202)(65,93,210)
(66,84,218)(67,75,153)(68,139,161)(69,130,169)(70,121,177)
(71,112,185)(72,103,193)(73,94,201),
(1,101,193)(2,92,201)(3,83,209)(4,74,217)(5,138,152)
(6,129,160)(7,120,168)(8,111,176)(9,102,184)(10,93,192)
(11,84,200)(12,75,208)(13,139,216)(14,130,151)(15,121,159)
(16,112,167)(17,103,175)(18,94,183)(19,85,191)(20,76,199)
(21,140,207)(22,131,215)(23,122,150)(24,113,158)(25,104,166)
(26,95,174)(27,86,182)(28,77,190)(29,141,198)(30,132,206)
(31,123,214)(32,114,149)(33,105,157)(34,96,165)(35,87,173)
(36,78,181)(37,142,189)(38,133,197)(39,124,205)(40,115,213)
(41,106,148)(42,97,156)(43,88,164)(44,79,172)(45,143,180)
(46,134,188)(47,125,196)(48,116,204)(49,107,212)(50,98,147)
(51,89,155)(52,80,163)(53,144,171)(54,135,179)(55,126,187)
(56,117,195)(57,108,203)(58,99,211)(59,90,219)(60,81,154)
(61,145,162)(62,136,170)(63,127,178)(64,118,186)(65,109,194)
(66,100,202)(67,91,210)(68,82,218)(69,146,153)(70,137,161)
(71,128,169)(72,119,177)(73,110,185)],
p:=(2,74,190,27,174,141,26,167,109,14,210)(3,8,130,180,131,
39,161,12,164,99,79,168,63,144,45,206,219,65,133,205)
(4,147,182,214,73,125,166,51,123,207,146,49,150,69,176,136,185,
122,105,61,169,7,137,175,80,114,134,30,81,23,120,121,159,197,
9,15,60,21,127,135,195,62,88,42,50,110,31,64,54,29,186,
145,172,102,194,202,56,184,149,192,212,58,191,20,18,57,71,118,
215,17,94,100,36,200,55,177,34,193,13,91,107,208,139,6,84,
28,11,203,165,218,10,157,76,47,117,126,115,143,162,211,82,33,
101,187,156,170,24,113,78,178,119,151,97,106,116,44,25,22,140,
16,154,153,90,52,103,5,67,217,129,142,38,171,41,40,104,201,
155,83,43,196,72,183,138,124,128,173,85,179,158,89,199,48,77,
188,132,37,53,96,93,216,75,46,35,108,70,98,86,32,181,112,
95,160,204,66,198,19,213,92,87,189,163,68,111,152,209,148,59),
q:=(2,147,112,199,27,120,173,209,146,26,127,159,97,188,162,83,
32,113,216,219,10,137,119,143,132,38,123,87,105,14,84,47,177,
41,35,186,149,102,100,39,133,89,95,134,45,88,33,193,62,206,
75,29,108,5,8,164,195,13,203,129,152,85,115,151,197,66,96,
201,139,69,118,79,126,179,136,109,61,125,128,121,135,99,215,58,
103,70,196,3,67,77,106,178,175,214)(4,74,104,93,78,116,31,
11,91,187,138,170,51,171,34,101,107,86,43,98,208,155,211,212,
17,200,20,57)(6,210,73,169,68,183,156,124,166,24,181,182,80,
180,163,7,157,218,65,161,63,150)(9,60,54,46,40,190,48,217,
165,76,28,64,21,167,185,172,192,82,42,25,53,198,56,110,44,
50,184,145,122,189,131,36,94,194,92,207,148,16,140,59,71,176,
158,205,72,111,142,37,22,154,141,49,144,30,213,202,19,81,52,
191,55,117,168,12,130,114,160,90,23,174,153,204)),rec(
gadd:=
[(1,127,186)(2,135,177)(3,143,168)(4,78,159)(5,86,150)
(6,94,214)(7,102,205)(8,110,196)(9,118,187)(10,126,178)
(11,134,169)(12,142,160)(13,77,151)(14,85,215)(15,93,206)
(16,101,197)(17,109,188)(18,117,179)(19,125,170)(20,133,161)
(21,141,152)(22,76,216)(23,84,207)(24,92,198)(25,100,189)
(26,108,180)(27,116,171)(28,124,162)(29,132,153)(30,140,217)
(31,75,208)(32,83,199)(33,91,190)(34,99,181)(35,107,172)
(36,115,163)(37,123,154)(38,131,218)(39,139,209)(40,74,200)
(41,82,191)(42,90,182)(43,98,173)(44,106,164)(45,114,155)
(46,122,219)(47,130,210)(48,138,201)(49,146,192)(50,81,183)
(51,89,174)(52,97,165)(53,105,156)(54,113,147)(55,121,211)
(56,129,202)(57,137,193)(58,145,184)(59,80,175)(60,88,166)
(61,96,157)(62,104,148)(63,112,212)(64,120,203)(65,128,194)
(66,136,185)(67,144,176)(68,79,167)(69,87,158)(70,95,149)
(71,103,213)(72,111,204)(73,119,195),
(1,206,113)(2,197,121)(3,188,129)(4,179,137)(5,170,145)
(6,161,80)(7,152,88)(8,216,96)(9,207,104)(10,198,112)
(11,189,120)(12,180,128)(13,171,136)(14,162,144)(15,153,79)
(16,217,87)(17,208,95)(18,199,103)(19,190,111)(20,181,119)
(21,172,127)(22,163,135)(23,154,143)(24,218,78)(25,209,86)
(26,200,94)(27,191,102)(28,182,110)(29,173,118)(30,164,126)
(31,155,134)(32,219,142)(33,210,77)(34,201,85)(35,192,93)
(36,183,101)(37,174,109)(38,165,117)(39,156,125)(40,147,133)
(41,211,141)(42,202,76)(43,193,84)(44,184,92)(45,175,100)
(46,166,108)(47,157,116)(48,148,124)(49,212,132)(50,203,140)
(51,194,75)(52,185,83)(53,176,91)(54,167,99)(55,158,107)
(56,149,115)(57,213,123)(58,204,131)(59,195,139)(60,186,74)
(61,177,82)(62,168,90)(63,159,98)(64,150,106)(65,214,114)
(66,205,122)(67,196,130)(68,187,138)(69,178,146)(70,169,81)
(71,160,89)(72,151,97)(73,215,105)],
gmul:=
[(1,81,161,22,102,182,43,123,203,64,144,151,12,92,172,33,113,
193,54,134,214,2,82,162,23,103,183,44,124,204,65,145,152,
13,93,173,34,114,194,55,135,215,3,83,163,24,104,184,45,
125,205,66,146,153,14,94,174,35,115,195,56,136,216,4,84,
164,25,105,185,46,126,206,67,74,154,15,95,175,36,116,196,
57,137,217,5,85,165,26,106,186,47,127,207,68,75,155,16,
96,176,37,117,197,58,138,218,6,86,166,27,107,187,48,128,
208,69,76,156,17,97,177,38,118,198,59,139,219,7,87,167,
28,108,188,49,129,209,70,77,157,18,98,178,39,119,199,60,
140,147,8,88,168,29,109,189,50,130,210,71,78,158,19,99,
179,40,120,200,61,141,148,9,89,169,30,110,190,51,131,211,
72,79,159,20,100,180,41,121,201,62,142,149,10,90,170,31,
111,191,52,132,212,73,80,160,21,101,181,42,122,202,63,143,
150,11,91,171,32,112,192,53,133,213)],
p:=(2,74,140,133,215,99,218,36,93,22,174,70,149,106,132,151,
161,81,58,185,98,82,195,54,57,48,148,170,79,204,53,139,197,
27,184,180,52,203,127,91,168,217,45,157,8,56,130,145,179,116,
23,37,128,154,152,97,219,118,96,13,92,86,104,59,121,87,40,
201,172,216,182,107,50,75,3,65,103,141,51,66,21,193,173,134,
78,67,158,63,30,102,150,24,111,196,135,69,12,129,209,117,178,
198,90,31,119,14,47,73,76,213,26,29,46,210,35,55,194,17,
28,183,43,137,142,188,89,95,77,131,71,85,186,34,192,16,165,
200,109,123,160,18,120,169,143,124,155,88,177,61,176,125,72,146,
115,105,214,181,189,25,110,41,64,167,62,112,114,187,171,6,138,
60,39,166,136,206,126,9,211,190,162,100,4,147,33,175,207,44)
(5,10,156,164,7,83,113,32,20,38,11,19,101,68,94,159,144,
42,84,49,212,108,205,208,199,153,15,202,191,80,122),
q:=(2,147,42,210,40,93,53,155,206,168,77,163,131,4,74,154,
142,106,162,194,58,109,171,69,63,45,137,152,197,48,146,179,178,
96,62,182,187,123,134,216,112,180,23,38,64,127,203,167,13,202,
103,153,60,36,201,122,70,145,115,189,50,219,176,169,151,133,79,
90,44,73,218,39,128,140,161,213,49,82,99,76,81,17,47)
(3,10,138,15,92,208,95,217,30,192,59,173,160,57,27,110,34,
102,144,33,119,61,118,198,204,22,120,125)(5,65,191,214,113,43,
157,67,136,88,117,116,52,91,126,66,54,18,174)(6,156,130,149,
188,205,86,190,132,143,170,215,195,21,101,7,211,104,16,129,85,
108,89,199,141,24,183,32,55,100,71,209,177,14,28,111,98,212,
186,41,11,56,164,68,200,185,196,159,150,51,9,83,181,105,80,
172,78,8,19,193,121,207,31,175,87,35,20,37,166,158,12,165,
94,135)(25,184,114,107)(26,46,84)(72,148,124,139,97,75)),
rec(
gadd:=
[(1,81,161,22,102,182,43,123,203,64,144,151,12,92,172,33,113,
193,54,134,214,2,82,162,23,103,183,44,124,204,65,145,152,
13,93,173,34,114,194,55,135,215,3,83,163,24,104,184,45,
125,205,66,146,153,14,94,174,35,115,195,56,136,216,4,84,
164,25,105,185,46,126,206,67,74,154,15,95,175,36,116,196,
57,137,217,5,85,165,26,106,186,47,127,207,68,75,155,16,
96,176,37,117,197,58,138,218,6,86,166,27,107,187,48,128,
208,69,76,156,17,97,177,38,118,198,59,139,219,7,87,167,
28,108,188,49,129,209,70,77,157,18,98,178,39,119,199,60,
140,147,8,88,168,29,109,189,50,130,210,71,78,158,19,99,
179,40,120,200,61,141,148,9,89,169,30,110,190,51,131,211,
72,79,159,20,100,180,41,121,201,62,142,149,10,90,170,31,
111,191,52,132,212,73,80,160,21,101,181,42,122,202,63,143,
150,11,91,171,32,112,192,53,133,213)],
gmul:=
[(1,81,161,22,102,182,43,123,203,64,144,151,12,92,172,33,113,
193,54,134,214,2,82,162,23,103,183,44,124,204,65,145,152,
13,93,173,34,114,194,55,135,215,3,83,163,24,104,184,45,
125,205,66,146,153,14,94,174,35,115,195,56,136,216,4,84,
164,25,105,185,46,126,206,67,74,154,15,95,175,36,116,196,
57,137,217,5,85,165,26,106,186,47,127,207,68,75,155,16,
96,176,37,117,197,58,138,218,6,86,166,27,107,187,48,128,
208,69,76,156,17,97,177,38,118,198,59,139,219,7,87,167,
28,108,188,49,129,209,70,77,157,18,98,178,39,119,199,60,
140,147,8,88,168,29,109,189,50,130,210,71,78,158,19,99,
179,40,120,200,61,141,148,9,89,169,30,110,190,51,131,211,
72,79,159,20,100,180,41,121,201,62,142,149,10,90,170,31,
111,191,52,132,212,73,80,160,21,101,181,42,122,202,63,143,
150,11,91,171,32,112,192,53,133,213)],
p:=(2,147,4,74,176,186,52,134,193,81,36,183,46,105,78,30,
177,34,117,102,145,77,182,198,185,204,15,86,200,148,83,194,39,
110,23,50,195,63,6,153,16,135,53,201,106,157,45,116,35,38,
43,178,113,29,44,49,128,118,181,119,41,32,37,184,125,51,55,
140,205,82,115,175,107,17,56,207,21,92,212,173,180,40,111,90,
54,61,79,109,163,112,169,174,28,123,114,96,66,12,159,149,150,
10,141,65,152,156,87,48,122,47,26,31,190,137,199,143,211,94,
139,138,59,213,33,104,11,62,219,215,179,192,64,85,121,187,131,
3,7,214,100,72,172,101,5,68,158,57,67,91,133,126,20,25,
196,155,162,154,95,218)(8,13,208,88,127,160,14,19,202,142,144,
71,164,70,97,99,124,93,60,73,170,168,76,103,151,89,206,161,
191,216,75,24,171,22,129,130,197)(9,80,188,210,27,98,166,203,
209,167)(18,165,136,132,120,108,84,42,189,58,146,217,69),
q:=(2,74,118,113,46,189,17,19,92,82,179,102,149,144,4,147,
71,130,97,195,12,135,22,165,158,18,129,164,5,7,80,106,137,
95,76,191,78,45,178,181,175,187,163,182,96,9,214,194,36,111,
204,60)(3,68,136,162,140,89,88,167,66,63,69,57,8,62,75,
51,20,50,99,170,126,55,154,199,151,205,212,121,107,58,148,211,
200,146,77,112,125,24,123,180,35,37,110,52,160,61,215,115,119,
34,177,41,43,116,40,183,29,31,104,64,209,127,134,101,70,197,
67,203,85,173,114,198,109,131,72,122,28,171,53,93,15,208,206,
133,168,218,73,124,201,188,84,33,190,157,30,117,192,11,13,86,
94,155,132,174,47,49,166,91,161,103,143,83,100)(6,141,10,153,
59,81,39,184,169,120,186,23,25,98,128,176,108,210,48,172,193,
213,42,105,216,219,79,185,90,21,202,152,138,16,159,145,217)
(14,56,87,27,196,139,156,207,54)(26,44)(32,38)(65,142,150))
,rec(
gadd:=
[(1,81,161,22,102,182,43,123,203,64,144,151,12,92,172,33,113,
193,54,134,214,2,82,162,23,103,183,44,124,204,65,145,152,
13,93,173,34,114,194,55,135,215,3,83,163,24,104,184,45,
125,205,66,146,153,14,94,174,35,115,195,56,136,216,4,84,
164,25,105,185,46,126,206,67,74,154,15,95,175,36,116,196,
57,137,217,5,85,165,26,106,186,47,127,207,68,75,155,16,
96,176,37,117,197,58,138,218,6,86,166,27,107,187,48,128,
208,69,76,156,17,97,177,38,118,198,59,139,219,7,87,167,
28,108,188,49,129,209,70,77,157,18,98,178,39,119,199,60,
140,147,8,88,168,29,109,189,50,130,210,71,78,158,19,99,
179,40,120,200,61,141,148,9,89,169,30,110,190,51,131,211,
72,79,159,20,100,180,41,121,201,62,142,149,10,90,170,31,
111,191,52,132,212,73,80,160,21,101,181,42,122,202,63,143,
150,11,91,171,32,112,192,53,133,213)],
gmul:=
[(1,32,63,21,52,10,41,72,30,61,19,50,8,39,70,28,59,
17,48,6,37,68,26,57,15,46,4,35,66,24,55,13,44,
2,33,64,22,53,11,42,73,31,62,20,51,9,40,71,29,
60,18,49,7,38,69,27,58,16,47,5,36,67,25,56,14,
45,3,34,65,23,54,12,43)(74,105,136,94,125,83,114,145,
103,134,92,123,81,112,143,101,132,90,121,79,110,141,99,130,
88,119,77,108,139,97,128,86,117,75,106,137,95,126,84,115,
146,104,135,93,124,82,113,144,102,133,91,122,80,111,142,100,
131,89,120,78,109,140,98,129,87,118,76,107,138,96,127,85,
116)(147,178,209,167,198,156,187,218,176,207,165,196,154,185,216,
174,205,163,194,152,183,214,172,203,161,192,150,181,212,170,201,
159,190,148,179,210,168,199,157,188,219,177,208,166,197,155,186,
217,175,206,164,195,153,184,215,173,204,162,193,151,182,213,171,
202,160,191,149,180,211,169,200,158,189),
(1,183,106)(2,191,97)(3,199,88)(4,207,79)(5,215,143)
(6,150,134)(7,158,125)(8,166,116)(9,174,107)(10,182,98)
(11,190,89)(12,198,80)(13,206,144)(14,214,135)(15,149,126)
(16,157,117)(17,165,108)(18,173,99)(19,181,90)(20,189,81)
(21,197,145)(22,205,136)(23,213,127)(24,148,118)(25,156,109)
(26,164,100)(27,172,91)(28,180,82)(29,188,146)(30,196,137)
(31,204,128)(32,212,119)(33,147,110)(34,155,101)(35,163,92)
(36,171,83)(37,179,74)(38,187,138)(39,195,129)(40,203,120)
(41,211,111)(42,219,102)(43,154,93)(44,162,84)(45,170,75)
(46,178,139)(47,186,130)(48,194,121)(49,202,112)(50,210,103)
(51,218,94)(52,153,85)(53,161,76)(54,169,140)(55,177,131)
(56,185,122)(57,193,113)(58,201,104)(59,209,95)(60,217,86)
(61,152,77)(62,160,141)(63,168,132)(64,176,123)(65,184,114)
(66,192,105)(67,200,96)(68,208,87)(69,216,78)(70,151,142)
(71,159,133)(72,167,124)(73,175,115)],
p:=(2,147,95,111,77,84,45,124,158,219,35,208,167,169,27,134,
5,68,164,194,107,96,209,133,138,168)(3,7,172,150,28,20,26,
86,38,103,67,116,17,170,52,184,119,91,174,162,127,177,71,183,
206,88,57,61,131,44,32,109,33,189,142,64,36,135,132,11,93,
130,123,110,58,115,157,215,46,51,207,186,152,82,18,49,105,42,
43,118,144,70,160,79,145,89,76,30,166,23,178,217,192,113,210,
54,25,19,99,171,4,74,129,196,41,24,159,104,121,125,100,31,
55,92,151,199,10,80,193,53,165,102,146,63,191,59,14,141,12,
128,75,50,203,114,216,181,198,6,195,22,201,108,8,153,180,187,
94,155,161,73,202,69,106,188,148,9,13,214,21,197,60,39,97,
213,175,205,34,87,143,83,37,56,140,66,90)(15,62,185,173,156,
117,163,48,176,211,200,16,122,179,139,47,149,101,98,190,65,182,
85,137,120,212,29,112,204)(40,218)(72,81)(126,154,136),
q:=(2,74,218,35,112,76,45,185,89,204,60,36,170,23,134,70,
118,171,71,106,78,188,83,38,207,133,219,40,129,77,213,107,190,
10,172,101,174,136,169,48,116,58,184,152,156,168,73,131,31,20,
49,191,16,201,167,126,137,217,114,111,196,34,189,187,206,181,95,
216,88,18,26,197,15,13,93,210,21,86,37,19,166,52,115,91,
98,96,121,177,4,147,198,69,183,94,146,12,153,79,163,27,178,
120,75,25,56,203,192,200,59,61,202,6,141,63,105,33,87,179,
211,113,130,193,22,122,143,148,66,165,215,29,208,108,67,176,139,
28,55,149,150,47,92,110,17,135,194,175,85,154,162,161)
(3,68,81)(5,7,80,123,151,104,209,186,119,157,102,155,127,125,
158,138,117,145,173,82,57,14,195,53,90,72,164,132,64,39,182,
205,41,51,103,8,128,212,46,24,109,42,32,159,199,65,97,84,
30,99,144)(9,62,124,100,44,43,160,180,142,11,214,54,50,140
))];
