NCBRACES[333]:=[rec(
gadd:=
[(1,112,223,38,149,260,75,186,297)(2,138,233,39,175,270,76,
212,307)(3,127,243,40,164,280,77,201,317)(4,116,253,41,
153,290,78,190,327)(5,142,226,42,179,263,79,216,300)
(6,131,236,43,168,273,80,205,310)(7,120,246,44,157,283,81,
194,320)(8,146,256,45,183,293,82,220,330)(9,135,229,46,
172,266,83,209,303)(10,124,239,47,161,276,84,198,313)
(11,113,249,48,150,286,85,187,323)(12,139,259,49,176,296,86,
213,333)(13,128,232,50,165,269,87,202,306)(14,117,242,51,
154,279,88,191,316)(15,143,252,52,180,289,89,217,326)
(16,132,225,53,169,262,90,206,299)(17,121,235,54,158,272,91,
195,309)(18,147,245,55,184,282,92,221,319)(19,136,255,56,
173,292,93,210,329)(20,125,228,57,162,265,94,199,302)
(21,114,238,58,151,275,95,188,312)(22,140,248,59,177,285,96,
214,322)(23,129,258,60,166,295,97,203,332)(24,118,231,61,
155,268,98,192,305)(25,144,241,62,181,278,99,218,315)
(26,133,251,63,170,288,100,207,325)(27,122,224,64,159,261,101,
196,298)(28,148,234,65,185,271,102,222,308)(29,137,244,66,
174,281,103,211,318)(30,126,254,67,163,291,104,200,328)
(31,115,227,68,152,264,105,189,301)(32,141,237,69,178,274,106,
215,311)(33,130,247,70,167,284,107,204,321)(34,119,257,71,
156,294,108,193,331)(35,145,230,72,182,267,109,219,304)
(36,134,240,73,171,277,110,208,314)(37,123,250,74,160,287,111,
197,324),(1,2,3,4,5,6,7,8,9,10,11,12,13,
14,15,16,17,18,19,20,21,22,23,24,25,26,27,28,29,
30,31,32,33,34,35,36,37)(38,39,40,41,42,43,44,45,
46,47,48,49,50,51,52,53,54,55,56,57,58,59,60,61,
62,63,64,65,66,67,68,69,70,71,72,73,74)
(75,76,77,78,79,80,81,82,83,84,85,86,87,88,89,90,
91,92,93,94,95,96,97,98,99,100,101,102,103,104,105,106,
107,108,109,110,111)(112,113,114,115,116,117,118,119,120,121,122,
123,124,125,126,127,128,129,130,131,132,133,134,135,136,137,138,
139,140,141,142,143,144,145,146,147,148)(149,150,151,152,153,154,
155,156,157,158,159,160,161,162,163,164,165,166,167,168,169,170,
171,172,173,174,175,176,177,178,179,180,181,182,183,184,185)
(186,187,188,189,190,191,192,193,194,195,196,197,198,199,200,201,
202,203,204,205,206,207,208,209,210,211,212,213,214,215,216,217,
218,219,220,221,222)(223,224,225,226,227,228,229,230,231,232,233,
234,235,236,237,238,239,240,241,242,243,244,245,246,247,248,249,
250,251,252,253,254,255,256,257,258,259)(260,261,262,263,264,265,
266,267,268,269,270,271,272,273,274,275,276,277,278,279,280,281,
282,283,284,285,286,287,288,289,290,291,292,293,294,295,296)
(297,298,299,300,301,302,303,304,305,306,307,308,309,310,311,312,
313,314,315,316,317,318,319,320,321,322,323,324,325,326,327,328,
329,330,331,332,333)],
gmul:=
[(1,112,260,38,149,297,75,186,223)(2,138,270,39,175,307,76,
212,233)(3,127,280,40,164,317,77,201,243)(4,116,290,41,
153,327,78,190,253)(5,142,263,42,179,300,79,216,226)
(6,131,273,43,168,310,80,205,236)(7,120,283,44,157,320,81,
194,246)(8,146,293,45,183,330,82,220,256)(9,135,266,46,
172,303,83,209,229)(10,124,276,47,161,313,84,198,239)
(11,113,286,48,150,323,85,187,249)(12,139,296,49,176,333,86,
213,259)(13,128,269,50,165,306,87,202,232)(14,117,279,51,
154,316,88,191,242)(15,143,289,52,180,326,89,217,252)
(16,132,262,53,169,299,90,206,225)(17,121,272,54,158,309,91,
195,235)(18,147,282,55,184,319,92,221,245)(19,136,292,56,
173,329,93,210,255)(20,125,265,57,162,302,94,199,228)
(21,114,275,58,151,312,95,188,238)(22,140,285,59,177,322,96,
214,248)(23,129,295,60,166,332,97,203,258)(24,118,268,61,
155,305,98,192,231)(25,144,278,62,181,315,99,218,241)
(26,133,288,63,170,325,100,207,251)(27,122,261,64,159,298,101,
196,224)(28,148,271,65,185,308,102,222,234)(29,137,281,66,
174,318,103,211,244)(30,126,291,67,163,328,104,200,254)
(31,115,264,68,152,301,105,189,227)(32,141,274,69,178,311,106,
215,237)(33,130,284,70,167,321,107,204,247)(34,119,294,71,
156,331,108,193,257)(35,145,267,72,182,304,109,219,230)
(36,134,277,73,171,314,110,208,240)(37,123,287,74,160,324,111,
197,250),(1,2,3,4,5,6,7,8,9,10,11,12,13,
14,15,16,17,18,19,20,21,22,23,24,25,26,27,28,29,
30,31,32,33,34,35,36,37)(38,39,40,41,42,43,44,45,
46,47,48,49,50,51,52,53,54,55,56,57,58,59,60,61,
62,63,64,65,66,67,68,69,70,71,72,73,74)
(75,76,77,78,79,80,81,82,83,84,85,86,87,88,89,90,
91,92,93,94,95,96,97,98,99,100,101,102,103,104,105,106,
107,108,109,110,111)(112,113,114,115,116,117,118,119,120,121,122,
123,124,125,126,127,128,129,130,131,132,133,134,135,136,137,138,
139,140,141,142,143,144,145,146,147,148)(149,150,151,152,153,154,
155,156,157,158,159,160,161,162,163,164,165,166,167,168,169,170,
171,172,173,174,175,176,177,178,179,180,181,182,183,184,185)
(186,187,188,189,190,191,192,193,194,195,196,197,198,199,200,201,
202,203,204,205,206,207,208,209,210,211,212,213,214,215,216,217,
218,219,220,221,222)(223,224,225,226,227,228,229,230,231,232,233,
234,235,236,237,238,239,240,241,242,243,244,245,246,247,248,249,
250,251,252,253,254,255,256,257,258,259)(260,261,262,263,264,265,
266,267,268,269,270,271,272,273,274,275,276,277,278,279,280,281,
282,283,284,285,286,287,288,289,290,291,292,293,294,295,296)
(297,298,299,300,301,302,303,304,305,306,307,308,309,310,311,312,
313,314,315,316,317,318,319,320,321,322,323,324,325,326,327,328,
329,330,331,332,333)],
p:=(2,297,32,11,223,252,282,218,146,316,205,263,257,256,255,59,
12,324,61,171,202,278,302,67,174,92,29,287,83,132,201,214,268,
237,209,135,208,125,235,154,158,100,114,326,62,259,242,53,161,312,
215,285,105,295,180,142,258,156,183,22,74,86,243,15,298,68,159,
90,240,63,222,130,153,173,203,272,321,293,82,133,239,246,190,55,
164,319,194,30,122,165,145,121,162,87,48,4)(3,75,134,49,151,
305,45,224,141,211,279,88,10,307,81,277,89,65,306,80,102,269,
181,31,317,266,131,238,24,185,20,186,47,299,57,212,276,99,78,
85,21,160,116,5,149,248,228,6,38,261,231,189,166,207,115,300,
168,290,192,91,128,26,138,245,227,301,46,325,283,217,294,107,109,
251,60,234,236,50,40,113,225,310,291,93,129,16)(7,37,314,264,
220,328,265,71,35,139,182,253,219,108,318,311,204,289,104,137,23,
333,274,330,292,193,117,152,322,43,110,140,232,199,8,112,309)
(9,260,200,281,329,44,308,167,206,79,213,126,172,103,286,94,18,
39,77,280,98,262,210,195,118,41,296,106,147,313,273,157,34,250,
229,42,148,163,97,288,191,230,178,169,95,304,56,249,54,27,123,
198,119,177,144,72,101,124,13,76,196,19,175,267,303,155,331,69,
332,70,184,58,197,17,150,170,84,327,52,187)(14,111,315,320,284,
216,136,244,179,143,221,241,25,36,28,270,120,188,66,323,51,176,
96,271,247,275,33,233)(64,73,127),
q:=(2,149,128,13,74,64,77,221,125,133,140,137,16,36,11,112,
170,66,176,54,12,150,309,32,28,222,228,33,148,305,105,201,276,
51,323,99,72,49,314,193,247,203,207,230,303,311,265,79,286,56,
139,300,329,106,243,24,307,69,164,169,55,332,80,48,35,249,96,
196,20,260,268,118,109,124,26,259,136,121,315,180,256,131,129,23,
175,189,312,266,255,91,248,130,331,81,188,84,183,17,324,89,85,
18,111,162,63,270,254,120,277,61,299,93,238,15,160,257,142,127,
86,147,177,236,100,240,87,102,211,210,281,168,220,157,5,297,7)
(3,38,197,22,76,271,117,304,94,21,298,82,235,321,216,242,97,
198,227,156,327,98,208,241,14,39,73,258,301,104,232,278,167,282,
273,328,204,209,252,206,71,4,37,151,163,53,325,217,190,95,152,
165,226,145,244,330,205,219,42,233,25)(6,75,225,181,8,223,135,
262,279,62,138,132,295,320,191,115,182,146,173,275)(9,186,103,213,
231,267,178,319,291,57,296,44,159,60,122,322,107,41,212,214,200,
195,237,289,46,161,166,272,154,318,155,153,316,292,264,290,274,179,
246,294,43,40,250,141,269,310,194)(10,185,19,333,192,59,27,224,
229,108,158,50,110,239,143,280,52,287,67,306,70,317,215,202,199,
31,184,92)(29,187,30,234,144,78,65,174,58,261,126,326,88)
(34,113,134,101,251,90,114,172,47,171,285,45,123,288,284,293,68,
308,302,83,245,119,313,218,253,263,116)),rec(
gadd:=
[(1,112,223,38,149,260,75,186,297)(2,138,233,39,175,270,76,
212,307)(3,127,243,40,164,280,77,201,317)(4,116,253,41,
153,290,78,190,327)(5,142,226,42,179,263,79,216,300)
(6,131,236,43,168,273,80,205,310)(7,120,246,44,157,283,81,
194,320)(8,146,256,45,183,293,82,220,330)(9,135,229,46,
172,266,83,209,303)(10,124,239,47,161,276,84,198,313)
(11,113,249,48,150,286,85,187,323)(12,139,259,49,176,296,86,
213,333)(13,128,232,50,165,269,87,202,306)(14,117,242,51,
154,279,88,191,316)(15,143,252,52,180,289,89,217,326)
(16,132,225,53,169,262,90,206,299)(17,121,235,54,158,272,91,
195,309)(18,147,245,55,184,282,92,221,319)(19,136,255,56,
173,292,93,210,329)(20,125,228,57,162,265,94,199,302)
(21,114,238,58,151,275,95,188,312)(22,140,248,59,177,285,96,
214,322)(23,129,258,60,166,295,97,203,332)(24,118,231,61,
155,268,98,192,305)(25,144,241,62,181,278,99,218,315)
(26,133,251,63,170,288,100,207,325)(27,122,224,64,159,261,101,
196,298)(28,148,234,65,185,271,102,222,308)(29,137,244,66,
174,281,103,211,318)(30,126,254,67,163,291,104,200,328)
(31,115,227,68,152,264,105,189,301)(32,141,237,69,178,274,106,
215,311)(33,130,247,70,167,284,107,204,321)(34,119,257,71,
156,294,108,193,331)(35,145,230,72,182,267,109,219,304)
(36,134,240,73,171,277,110,208,314)(37,123,250,74,160,287,111,
197,324),(1,2,3,4,5,6,7,8,9,10,11,12,13,
14,15,16,17,18,19,20,21,22,23,24,25,26,27,28,29,
30,31,32,33,34,35,36,37)(38,39,40,41,42,43,44,45,
46,47,48,49,50,51,52,53,54,55,56,57,58,59,60,61,
62,63,64,65,66,67,68,69,70,71,72,73,74)
(75,76,77,78,79,80,81,82,83,84,85,86,87,88,89,90,
91,92,93,94,95,96,97,98,99,100,101,102,103,104,105,106,
107,108,109,110,111)(112,113,114,115,116,117,118,119,120,121,122,
123,124,125,126,127,128,129,130,131,132,133,134,135,136,137,138,
139,140,141,142,143,144,145,146,147,148)(149,150,151,152,153,154,
155,156,157,158,159,160,161,162,163,164,165,166,167,168,169,170,
171,172,173,174,175,176,177,178,179,180,181,182,183,184,185)
(186,187,188,189,190,191,192,193,194,195,196,197,198,199,200,201,
202,203,204,205,206,207,208,209,210,211,212,213,214,215,216,217,
218,219,220,221,222)(223,224,225,226,227,228,229,230,231,232,233,
234,235,236,237,238,239,240,241,242,243,244,245,246,247,248,249,
250,251,252,253,254,255,256,257,258,259)(260,261,262,263,264,265,
266,267,268,269,270,271,272,273,274,275,276,277,278,279,280,281,
282,283,284,285,286,287,288,289,290,291,292,293,294,295,296)
(297,298,299,300,301,302,303,304,305,306,307,308,309,310,311,312,
313,314,315,316,317,318,319,320,321,322,323,324,325,326,327,328,
329,330,331,332,333)],
gmul:=
[(1,112,260,38,149,297,75,186,223)(2,113,261,39,150,298,76,
187,224)(3,114,262,40,151,299,77,188,225)(4,115,263,41,
152,300,78,189,226)(5,116,264,42,153,301,79,190,227)
(6,117,265,43,154,302,80,191,228)(7,118,266,44,155,303,81,
192,229)(8,119,267,45,156,304,82,193,230)(9,120,268,46,
157,305,83,194,231)(10,121,269,47,158,306,84,195,232)
(11,122,270,48,159,307,85,196,233)(12,123,271,49,160,308,86,
197,234)(13,124,272,50,161,309,87,198,235)(14,125,273,51,
162,310,88,199,236)(15,126,274,52,163,311,89,200,237)
(16,127,275,53,164,312,90,201,238)(17,128,276,54,165,313,91,
202,239)(18,129,277,55,166,314,92,203,240)(19,130,278,56,
167,315,93,204,241)(20,131,279,57,168,316,94,205,242)
(21,132,280,58,169,317,95,206,243)(22,133,281,59,170,318,96,
207,244)(23,134,282,60,171,319,97,208,245)(24,135,283,61,
172,320,98,209,246)(25,136,284,62,173,321,99,210,247)
(26,137,285,63,174,322,100,211,248)(27,138,286,64,175,323,101,
212,249)(28,139,287,65,176,324,102,213,250)(29,140,288,66,
177,325,103,214,251)(30,141,289,67,178,326,104,215,252)
(31,142,290,68,179,327,105,216,253)(32,143,291,69,180,328,106,
217,254)(33,144,292,70,181,329,107,218,255)(34,145,293,71,
182,330,108,219,256)(35,146,294,72,183,331,109,220,257)
(36,147,295,73,184,332,110,221,258)(37,148,296,74,185,333,111,
222,259),(1,2,3,4,5,6,7,8,9,10,11,12,13,
14,15,16,17,18,19,20,21,22,23,24,25,26,27,28,29,
30,31,32,33,34,35,36,37)(38,39,40,41,42,43,44,45,
46,47,48,49,50,51,52,53,54,55,56,57,58,59,60,61,
62,63,64,65,66,67,68,69,70,71,72,73,74)
(75,76,77,78,79,80,81,82,83,84,85,86,87,88,89,90,
91,92,93,94,95,96,97,98,99,100,101,102,103,104,105,106,
107,108,109,110,111)(112,138,127,116,142,131,120,146,135,124,113,
139,128,117,143,132,121,147,136,125,114,140,129,118,144,133,122,
148,137,126,115,141,130,119,145,134,123)(149,175,164,153,179,168,
157,183,172,161,150,176,165,154,180,169,158,184,173,162,151,177,
166,155,181,170,159,185,174,163,152,178,167,156,182,171,160)
(186,212,201,190,216,205,194,220,209,198,187,213,202,191,217,206,
195,221,210,199,188,214,203,192,218,207,196,222,211,200,189,215,
204,193,219,208,197)(223,233,243,253,226,236,246,256,229,239,249,
259,232,242,252,225,235,245,255,228,238,248,258,231,241,251,224,
234,244,254,227,237,247,257,230,240,250)(260,270,280,290,263,273,
283,293,266,276,286,296,269,279,289,262,272,282,292,265,275,285,
295,268,278,288,261,271,281,291,264,274,284,294,267,277,287)
(297,307,317,327,300,310,320,330,303,313,323,333,306,316,326,299,
309,319,329,302,312,322,332,305,315,325,298,308,318,328,301,311,
321,331,304,314,324)],
p:=(2,297,167,203,276,104,137,21,150,177,141,211,268,255,59,11,
223,241,30,139,152,318,32,12,298,107,78,86,258,227,33,259,231,
219,79,196,15,324,67,174,90,225,303,62,233,9,260,210,202,289,
88,13,111,326,45,250,236,47,314,192,91,121,172,100,134,48,35,
122,158,103,271,254,247,282,311,217,290,194,25,3,75,114,315,273,
154,165,115,304,168,294,216,126,162,84,331,68,176,96,286,193,120,
208,135,188,63,212,272,328,44,323,265,42,138,238,20,186,50,73,
147,309,302,51,159,92,26,148,173,206,108,322,57,222,143,201,207,
145,128,29,261,242,55,184,60,249,54,28,296,106,127,65,306,81,
262,200,285,204,278,82,140,232,209,125,239,228,156,153,163,95,300,
61,151,316,191,226,230,181,330,274,179,130,183,22,39,110,133,235,
157,5,149,244,8,112,313,266,118,72,102,269,178,166,214,279,320,
46,325,56,234,229,71,4,37,299,329,43,77,295,264,190,53,161,
319,70,164,312,218,116,34,224,144,41,270,117,182,257,31,332,69,
317,291,99,109,251,58,187,14,76,213,136,248,246,220,321,7)
(6,38,287,293,89,64,40,123,198,142,243,19,185,24,175,263,253,
189,169,97,288,98,277,93,132,221,252,275)(10,333,292,205,267,310,
284,215,281,94,16,36,27,113,240,66,308,180,119,170,87,49,171,
195,131,245,256,237,199,301,155,327,283,105,280,83,129,18,74,85,
23,307,80,101,124)(17,160,146,305,52,197),
q:=(2,149,121,326,105,221,135,277,57,270,247,206,42,259,126,315,
218,257,8,223,125,140,137,18,76,286,264,294,293,61,314,274,330,
192,59,28,212,207,226,115,152,158,47,151,173,282,155,183,17,298,
43,73,243,20,260,279,180,227,6,75,240,84,153,305,98,188,87,
101,251,92,13,39,40,224,236,103,196,24,333,205,189,319,80,49,
299,168,190,97,198,256,118,78,64,110,235,328,106,258,119,309,167,
275,33,138,129,21,324,83,238,19,307,70,332,81,208,252,203,214,
210,285,265,108,165,230,310,191,145,248,143,295,193,254,117,300,89,
86,127,85,16,3,38,187,25,36,12,160,253,267,181,179,228,301,
311,283,45,113,114,162,66,159,58,287,216,231,263,146,163,55,317,
194,14,74,65,174,60,139,304,329,107,72,48,4)(5,297,302,99,
41,222,246,290,291,51,308,320,104,232,289,62,148,316,284,266,237,
278,68,323,204,199,156,331,82,239,130,327,217,220,154,322,93,245,
142,147,170,63,296,44,176,54,11,112,177,229,79,271,120,262,268,
131,132,280,67,306,69,184,90,134,102,211,200,202,209,241,9,186,
100,225,178,312,273,321,32,27,250,144,109,124,29,197,22,111,172,
50,77,201,272,157,34,123,288,52,261,136,128,10,175,219,71,35,
234,141,269,303,88,26,233,30,249,96,213,242,95,182,116)
(7,37,171,281,56,122,318)(15,150,313,215,195,255,91,244,31,164,
166,276,46,161,169,53,325,94,23,185)),rec(
gadd:=
[(1,112,223,38,149,260,75,186,297)(2,138,233,39,175,270,76,
212,307)(3,127,243,40,164,280,77,201,317)(4,116,253,41,
153,290,78,190,327)(5,142,226,42,179,263,79,216,300)
(6,131,236,43,168,273,80,205,310)(7,120,246,44,157,283,81,
194,320)(8,146,256,45,183,293,82,220,330)(9,135,229,46,
172,266,83,209,303)(10,124,239,47,161,276,84,198,313)
(11,113,249,48,150,286,85,187,323)(12,139,259,49,176,296,86,
213,333)(13,128,232,50,165,269,87,202,306)(14,117,242,51,
154,279,88,191,316)(15,143,252,52,180,289,89,217,326)
(16,132,225,53,169,262,90,206,299)(17,121,235,54,158,272,91,
195,309)(18,147,245,55,184,282,92,221,319)(19,136,255,56,
173,292,93,210,329)(20,125,228,57,162,265,94,199,302)
(21,114,238,58,151,275,95,188,312)(22,140,248,59,177,285,96,
214,322)(23,129,258,60,166,295,97,203,332)(24,118,231,61,
155,268,98,192,305)(25,144,241,62,181,278,99,218,315)
(26,133,251,63,170,288,100,207,325)(27,122,224,64,159,261,101,
196,298)(28,148,234,65,185,271,102,222,308)(29,137,244,66,
174,281,103,211,318)(30,126,254,67,163,291,104,200,328)
(31,115,227,68,152,264,105,189,301)(32,141,237,69,178,274,106,
215,311)(33,130,247,70,167,284,107,204,321)(34,119,257,71,
156,294,108,193,331)(35,145,230,72,182,267,109,219,304)
(36,134,240,73,171,277,110,208,314)(37,123,250,74,160,287,111,
197,324),(1,2,3,4,5,6,7,8,9,10,11,12,13,
14,15,16,17,18,19,20,21,22,23,24,25,26,27,28,29,
30,31,32,33,34,35,36,37)(38,39,40,41,42,43,44,45,
46,47,48,49,50,51,52,53,54,55,56,57,58,59,60,61,
62,63,64,65,66,67,68,69,70,71,72,73,74)
(75,76,77,78,79,80,81,82,83,84,85,86,87,88,89,90,
91,92,93,94,95,96,97,98,99,100,101,102,103,104,105,106,
107,108,109,110,111)(112,113,114,115,116,117,118,119,120,121,122,
123,124,125,126,127,128,129,130,131,132,133,134,135,136,137,138,
139,140,141,142,143,144,145,146,147,148)(149,150,151,152,153,154,
155,156,157,158,159,160,161,162,163,164,165,166,167,168,169,170,
171,172,173,174,175,176,177,178,179,180,181,182,183,184,185)
(186,187,188,189,190,191,192,193,194,195,196,197,198,199,200,201,
202,203,204,205,206,207,208,209,210,211,212,213,214,215,216,217,
218,219,220,221,222)(223,224,225,226,227,228,229,230,231,232,233,
234,235,236,237,238,239,240,241,242,243,244,245,246,247,248,249,
250,251,252,253,254,255,256,257,258,259)(260,261,262,263,264,265,
266,267,268,269,270,271,272,273,274,275,276,277,278,279,280,281,
282,283,284,285,286,287,288,289,290,291,292,293,294,295,296)
(297,298,299,300,301,302,303,304,305,306,307,308,309,310,311,312,
313,314,315,316,317,318,319,320,321,322,323,324,325,326,327,328,
329,330,331,332,333)],
gmul:=
[(1,112,297,38,149,223,75,186,260)(2,138,307,39,175,233,76,
212,270)(3,127,317,40,164,243,77,201,280)(4,116,327,41,
153,253,78,190,290)(5,142,300,42,179,226,79,216,263)
(6,131,310,43,168,236,80,205,273)(7,120,320,44,157,246,81,
194,283)(8,146,330,45,183,256,82,220,293)(9,135,303,46,
172,229,83,209,266)(10,124,313,47,161,239,84,198,276)
(11,113,323,48,150,249,85,187,286)(12,139,333,49,176,259,86,
213,296)(13,128,306,50,165,232,87,202,269)(14,117,316,51,
154,242,88,191,279)(15,143,326,52,180,252,89,217,289)
(16,132,299,53,169,225,90,206,262)(17,121,309,54,158,235,91,
195,272)(18,147,319,55,184,245,92,221,282)(19,136,329,56,
173,255,93,210,292)(20,125,302,57,162,228,94,199,265)
(21,114,312,58,151,238,95,188,275)(22,140,322,59,177,248,96,
214,285)(23,129,332,60,166,258,97,203,295)(24,118,305,61,
155,231,98,192,268)(25,144,315,62,181,241,99,218,278)
(26,133,325,63,170,251,100,207,288)(27,122,298,64,159,224,101,
196,261)(28,148,308,65,185,234,102,222,271)(29,137,318,66,
174,244,103,211,281)(30,126,328,67,163,254,104,200,291)
(31,115,301,68,152,227,105,189,264)(32,141,311,69,178,237,106,
215,274)(33,130,321,70,167,247,107,204,284)(34,119,331,71,
156,257,108,193,294)(35,145,304,72,182,230,109,219,267)
(36,134,314,73,171,240,110,208,277)(37,123,324,74,160,250,111,
197,287),(1,2,3,4,5,6,7,8,9,10,11,12,13,
14,15,16,17,18,19,20,21,22,23,24,25,26,27,28,29,
30,31,32,33,34,35,36,37)(38,39,40,41,42,43,44,45,
46,47,48,49,50,51,52,53,54,55,56,57,58,59,60,61,
62,63,64,65,66,67,68,69,70,71,72,73,74)
(75,76,77,78,79,80,81,82,83,84,85,86,87,88,89,90,
91,92,93,94,95,96,97,98,99,100,101,102,103,104,105,106,
107,108,109,110,111)(112,113,114,115,116,117,118,119,120,121,122,
123,124,125,126,127,128,129,130,131,132,133,134,135,136,137,138,
139,140,141,142,143,144,145,146,147,148)(149,150,151,152,153,154,
155,156,157,158,159,160,161,162,163,164,165,166,167,168,169,170,
171,172,173,174,175,176,177,178,179,180,181,182,183,184,185)
(186,187,188,189,190,191,192,193,194,195,196,197,198,199,200,201,
202,203,204,205,206,207,208,209,210,211,212,213,214,215,216,217,
218,219,220,221,222)(223,224,225,226,227,228,229,230,231,232,233,
234,235,236,237,238,239,240,241,242,243,244,245,246,247,248,249,
250,251,252,253,254,255,256,257,258,259)(260,261,262,263,264,265,
266,267,268,269,270,271,272,273,274,275,276,277,278,279,280,281,
282,283,284,285,286,287,288,289,290,291,292,293,294,295,296)
(297,298,299,300,301,302,303,304,305,306,307,308,309,310,311,312,
313,314,315,316,317,318,319,320,321,322,323,324,325,326,327,328,
329,330,331,332,333)],
p:=(2,186,25,36,12,197,22,74,65,211,95,219,163,55,325,120,
199,193,254,154,322,118,214,133,327,107,174,63,259,126,326,284,302,
292,44,296,264,257,8,223,268,168,90,134,169,100,288,329,7,37,
208,140,137,18,298,142,147,207,103,122,5,297,205,272,194,14,260,
242,30,249,31,201,162,66,196,24,333,274,330,32,27,250,179,275,
33,138,166,312,104,102,280,67,306,69,221,121,189,282,192,59,28,
175,276,46,224,285,89,49,198,256,155,220,279,217,129,177,229,191,
145,248,20,307,70,332,81,286,99,262,231,246,167,153,305,119,114,
124,41,270,247,9,149,158,47,213,132,21,324,131,10,212,290,62,
148,316,83,238,6,38,150,313,141,232,252,96,161,206,289,98,78,
86,127,318,105,139,304,293,52,299,311,273,321,117,225,183,116,209,
278,68,323,82,239,301,51,4)(3,75,240,42,287,88,271,157,34,
123,300,291,266,237,115,235,226,294,265,71,35,234,236,215,128,29,
160,253,181,227,108,269,303,61,314,93,245,19,39,77,101,85,16,
187,281,56,11,112,251,180,228,241,310,80,64,73,243,178,53,40,
261,136,165,230,135,170,87,26,233,125,309,204,263,146,200,172,97,
151,210,84,190,60,176,54,308,320,144,72,48,113,202,152,195,255,
91,244,328,283,45,110,295,43,185,15,111,109,184,17)
(13,76,164,203,79,171,319,143,258,156,331,106,277,57,317,94,23,
222,173,182,216,92)(50,188)(58,159)(130,315)(218,267),
q:=(2,297,329,32,12,298,293,98,72,102,147,309,302,131,29,224,
128,10,333,118,313,266,155,327,43,233,278,82,177,178,97,240,108,
137,21,187,121,304,142,280,83,166,203,71,4,37,299,192,91,158,
103,271,254,247,30,176,96,251,246,228,162,84,331,44,138,238,33,
296,119,277,93,169,50,314,57,221,281,94,16,324,292,106,114,288,
205,133,220,136,248,19,111,41,148,210,66,308,217,275,6,75,151,
316,67,211,55,198,179,129,239,193,157,5,186,14,112,161,319,283,
105,286,51,35,159,92,26,185,24,212,146,305,264,153,200,252,54,
196,15,39,73,184,22,76,258,227,42,113,322,274,216,58,234,181,
156,190,90,262,163,95,300,120,315,265,79,225,253,236,303,89,101,
65,306,81,139,189,132,18,197,17,36,27,150,214,272,328,143,164,
312,46,160,183,294,130,199,301,99,134,245,20,222,242,9,223,126,
209,125,207,47,323,68,213,282,311,144,78,64,77,49,325,291,141,
174,87,13,74,85,23,307,80,86,295,107,232,172,53,110,127,195,
168,60,249,8,149,244,194,25,3,38,250,256,237,267,310,70,201,
241,218,115,170,63,175,140,269,215,285,61,188,100,124,109,243,229,
321,284,204,145,165,152,318,45,40,123,219,231,180,167,257,31,332,
69,317,56,28,259,268,255,59,11,260,173,226,116,326,117,171,206,
135,235,182,330,7)(34,261,279,320,273,191,263,290,88,122)
(48,287,62,270,154,202,230,289,52,208,276,104)),rec(
gadd:=
[(1,112,223,38,149,260,75,186,297)(2,138,233,39,175,270,76,
212,307)(3,127,243,40,164,280,77,201,317)(4,116,253,41,
153,290,78,190,327)(5,142,226,42,179,263,79,216,300)
(6,131,236,43,168,273,80,205,310)(7,120,246,44,157,283,81,
194,320)(8,146,256,45,183,293,82,220,330)(9,135,229,46,
172,266,83,209,303)(10,124,239,47,161,276,84,198,313)
(11,113,249,48,150,286,85,187,323)(12,139,259,49,176,296,86,
213,333)(13,128,232,50,165,269,87,202,306)(14,117,242,51,
154,279,88,191,316)(15,143,252,52,180,289,89,217,326)
(16,132,225,53,169,262,90,206,299)(17,121,235,54,158,272,91,
195,309)(18,147,245,55,184,282,92,221,319)(19,136,255,56,
173,292,93,210,329)(20,125,228,57,162,265,94,199,302)
(21,114,238,58,151,275,95,188,312)(22,140,248,59,177,285,96,
214,322)(23,129,258,60,166,295,97,203,332)(24,118,231,61,
155,268,98,192,305)(25,144,241,62,181,278,99,218,315)
(26,133,251,63,170,288,100,207,325)(27,122,224,64,159,261,101,
196,298)(28,148,234,65,185,271,102,222,308)(29,137,244,66,
174,281,103,211,318)(30,126,254,67,163,291,104,200,328)
(31,115,227,68,152,264,105,189,301)(32,141,237,69,178,274,106,
215,311)(33,130,247,70,167,284,107,204,321)(34,119,257,71,
156,294,108,193,331)(35,145,230,72,182,267,109,219,304)
(36,134,240,73,171,277,110,208,314)(37,123,250,74,160,287,111,
197,324),(1,2,3,4,5,6,7,8,9,10,11,12,13,
14,15,16,17,18,19,20,21,22,23,24,25,26,27,28,29,
30,31,32,33,34,35,36,37)(38,39,40,41,42,43,44,45,
46,47,48,49,50,51,52,53,54,55,56,57,58,59,60,61,
62,63,64,65,66,67,68,69,70,71,72,73,74)
(75,76,77,78,79,80,81,82,83,84,85,86,87,88,89,90,
91,92,93,94,95,96,97,98,99,100,101,102,103,104,105,106,
107,108,109,110,111)(112,113,114,115,116,117,118,119,120,121,122,
123,124,125,126,127,128,129,130,131,132,133,134,135,136,137,138,
139,140,141,142,143,144,145,146,147,148)(149,150,151,152,153,154,
155,156,157,158,159,160,161,162,163,164,165,166,167,168,169,170,
171,172,173,174,175,176,177,178,179,180,181,182,183,184,185)
(186,187,188,189,190,191,192,193,194,195,196,197,198,199,200,201,
202,203,204,205,206,207,208,209,210,211,212,213,214,215,216,217,
218,219,220,221,222)(223,224,225,226,227,228,229,230,231,232,233,
234,235,236,237,238,239,240,241,242,243,244,245,246,247,248,249,
250,251,252,253,254,255,256,257,258,259)(260,261,262,263,264,265,
266,267,268,269,270,271,272,273,274,275,276,277,278,279,280,281,
282,283,284,285,286,287,288,289,290,291,292,293,294,295,296)
(297,298,299,300,301,302,303,304,305,306,307,308,309,310,311,312,
313,314,315,316,317,318,319,320,321,322,323,324,325,326,327,328,
329,330,331,332,333)],
gmul:=
[(1,112,297,38,149,223,75,186,260)(2,113,298,39,150,224,76,
187,261)(3,114,299,40,151,225,77,188,262)(4,115,300,41,
152,226,78,189,263)(5,116,301,42,153,227,79,190,264)
(6,117,302,43,154,228,80,191,265)(7,118,303,44,155,229,81,
192,266)(8,119,304,45,156,230,82,193,267)(9,120,305,46,
157,231,83,194,268)(10,121,306,47,158,232,84,195,269)
(11,122,307,48,159,233,85,196,270)(12,123,308,49,160,234,86,
197,271)(13,124,309,50,161,235,87,198,272)(14,125,310,51,
162,236,88,199,273)(15,126,311,52,163,237,89,200,274)
(16,127,312,53,164,238,90,201,275)(17,128,313,54,165,239,91,
202,276)(18,129,314,55,166,240,92,203,277)(19,130,315,56,
167,241,93,204,278)(20,131,316,57,168,242,94,205,279)
(21,132,317,58,169,243,95,206,280)(22,133,318,59,170,244,96,
207,281)(23,134,319,60,171,245,97,208,282)(24,135,320,61,
172,246,98,209,283)(25,136,321,62,173,247,99,210,284)
(26,137,322,63,174,248,100,211,285)(27,138,323,64,175,249,101,
212,286)(28,139,324,65,176,250,102,213,287)(29,140,325,66,
177,251,103,214,288)(30,141,326,67,178,252,104,215,289)
(31,142,327,68,179,253,105,216,290)(32,143,328,69,180,254,106,
217,291)(33,144,329,70,181,255,107,218,292)(34,145,330,71,
182,256,108,219,293)(35,146,331,72,183,257,109,220,294)
(36,147,332,73,184,258,110,221,295)(37,148,333,74,185,259,111,
222,296),(1,2,3,4,5,6,7,8,9,10,11,12,13,
14,15,16,17,18,19,20,21,22,23,24,25,26,27,28,29,
30,31,32,33,34,35,36,37)(38,39,40,41,42,43,44,45,
46,47,48,49,50,51,52,53,54,55,56,57,58,59,60,61,
62,63,64,65,66,67,68,69,70,71,72,73,74)
(75,76,77,78,79,80,81,82,83,84,85,86,87,88,89,90,
91,92,93,94,95,96,97,98,99,100,101,102,103,104,105,106,
107,108,109,110,111)(112,138,127,116,142,131,120,146,135,124,113,
139,128,117,143,132,121,147,136,125,114,140,129,118,144,133,122,
148,137,126,115,141,130,119,145,134,123)(149,175,164,153,179,168,
157,183,172,161,150,176,165,154,180,169,158,184,173,162,151,177,
166,155,181,170,159,185,174,163,152,178,167,156,182,171,160)
(186,212,201,190,216,205,194,220,209,198,187,213,202,191,217,206,
195,221,210,199,188,214,203,192,218,207,196,222,211,200,189,215,
204,193,219,208,197)(223,233,243,253,226,236,246,256,229,239,249,
259,232,242,252,225,235,245,255,228,238,248,258,231,241,251,224,
234,244,254,227,237,247,257,230,240,250)(260,270,280,290,263,273,
283,293,266,276,286,296,269,279,289,262,272,282,292,265,275,285,
295,268,278,288,261,271,281,291,264,274,284,294,267,277,287)
(297,307,317,327,300,310,320,330,303,313,323,333,306,316,326,299,
309,319,329,302,312,322,332,305,315,325,298,308,318,328,301,311,
321,331,304,314,324)],
p:=(2,186,30,234,229,194,9,149,165,226,290,67,306,70,317,98,
109,164,206,278,204,267,215,121,219,173,152,202,182,8,223,279,62,
138,169,103,139,300,284,93,238,193,247,14,260,231,228,252,96,161,
203,108,269,310,107,174,66,213,129,170,84,220,268,155,190,58,176,
54,323,142,127,322,131,13,111,78,85,18,324,118,207,100,288,94,
21,298,7)(3,75,225,153,316,88,286,83,245,15,76,184,17,36,
11,112,251,167,183,146,210,87,29,150,309,32,28,185,19,74,64,
40,287,311,266,255,91,248,24,307,69,201,172,95,189,275,6,38,
160,257,179,282,320,141,232,241,303,57,332,81,271,154,318,119,134,
166,319,130,326,291,273,328,217,132,23,212,294,283,82,235,230,125,
313,144,41,296,45,77,102,295,44,270,254,157,5,297,293,56,12,
187,285,104,101,86,147,214,140,137,16,197,22,39,110,280,52,314,
89,48,123,304,264,253,178,55,325,117,240,71,4,37,188,47,196,
20,333,292,43,175,272,191,115,239,33,148,305,68,308,302,274,216,
90,114,124,72,49,198,227,79,151,200,162,63,233,135,177,236,218,
263,116,199,31,221,128,26,259,136,158,50,208,133,331,106,262,242,
25)(10,222,163,53,73,258,301,46,250,156,327,80,65,211,97,171,
312,99,277,61,299,329,265,42,261,126,315,143,243,181,256,168,92)
(27,224,281,205,276,51,35,249,330,192,59)(34,113,195,237,145,244,
321,120,209,289,105,122)(60,159)(180,246),
q:=(2,297,142,295,106,134,238,301,104,49,325,284,57,201,252,54,
213,275,33,270,157,34,287,192,91,165,182,31,317,52,188,103,286,
67,211,53,77,48,261,268,237,263,294,143,184,22,111,72,101,64,
110,147,313,273,194,30,159,90,277,89,102,127,202,226,146,316,62,
296,105,271,247,25,36,28,233,289,45,73,164,319,265,108,137,23,
333,131,26,175,133,190,92,29,250,227,71,35,176,96,251,228,172,
55,198,156,220,126,199,8,149,248,15,74,86,280,98,41,138,245,
24,222,231,167,253,229,328,320,266,168,58,249,216,60,234,178,95,
304,119,262,173,230,278,302,118,309,7,37,314,61,208,272,321,291,
144,109,258,193,154,195,155,331,44,148,200,241,215,281,329,130,209,
135,239,6,75,171,203,42,123,189,129,235,152,322,292,107,232,162,
87,10,307,81,122,5,186,9,223,136,244,191,267,303,93,166,206,
125,214,276,99,114,288,56,27,160,153,210,63,185,20,212,116,315,
283,68,196,19,76,243,236,310,43,259,279,88,139,219,242,14,112,
161,312,51,4)(3,38,224,121,300,117,151,305,82,170,66,323,293,
94,18,187,128,13,39,40,113,318,264,183,290,83,169,47,308,204,
115,177,181,179,132,16,298,32,11,260,163,97,225,257,256,255,59,
12,324,274,330,311,141,174,84,327,70,221,285,46,150,207,50,299,
205,140,269,218,145,158,100,124,78,65,306,80,85,21,197,17)
(69,332)(79,240)(120,326)(217,282)),rec(
gadd:=
[(1,112,223,38,149,260,75,186,297)(2,138,233,39,175,270,76,
212,307)(3,127,243,40,164,280,77,201,317)(4,116,253,41,
153,290,78,190,327)(5,142,226,42,179,263,79,216,300)
(6,131,236,43,168,273,80,205,310)(7,120,246,44,157,283,81,
194,320)(8,146,256,45,183,293,82,220,330)(9,135,229,46,
172,266,83,209,303)(10,124,239,47,161,276,84,198,313)
(11,113,249,48,150,286,85,187,323)(12,139,259,49,176,296,86,
213,333)(13,128,232,50,165,269,87,202,306)(14,117,242,51,
154,279,88,191,316)(15,143,252,52,180,289,89,217,326)
(16,132,225,53,169,262,90,206,299)(17,121,235,54,158,272,91,
195,309)(18,147,245,55,184,282,92,221,319)(19,136,255,56,
173,292,93,210,329)(20,125,228,57,162,265,94,199,302)
(21,114,238,58,151,275,95,188,312)(22,140,248,59,177,285,96,
214,322)(23,129,258,60,166,295,97,203,332)(24,118,231,61,
155,268,98,192,305)(25,144,241,62,181,278,99,218,315)
(26,133,251,63,170,288,100,207,325)(27,122,224,64,159,261,101,
196,298)(28,148,234,65,185,271,102,222,308)(29,137,244,66,
174,281,103,211,318)(30,126,254,67,163,291,104,200,328)
(31,115,227,68,152,264,105,189,301)(32,141,237,69,178,274,106,
215,311)(33,130,247,70,167,284,107,204,321)(34,119,257,71,
156,294,108,193,331)(35,145,230,72,182,267,109,219,304)
(36,134,240,73,171,277,110,208,314)(37,123,250,74,160,287,111,
197,324),(1,2,3,4,5,6,7,8,9,10,11,12,13,
14,15,16,17,18,19,20,21,22,23,24,25,26,27,28,29,
30,31,32,33,34,35,36,37)(38,39,40,41,42,43,44,45,
46,47,48,49,50,51,52,53,54,55,56,57,58,59,60,61,
62,63,64,65,66,67,68,69,70,71,72,73,74)
(75,76,77,78,79,80,81,82,83,84,85,86,87,88,89,90,
91,92,93,94,95,96,97,98,99,100,101,102,103,104,105,106,
107,108,109,110,111)(112,113,114,115,116,117,118,119,120,121,122,
123,124,125,126,127,128,129,130,131,132,133,134,135,136,137,138,
139,140,141,142,143,144,145,146,147,148)(149,150,151,152,153,154,
155,156,157,158,159,160,161,162,163,164,165,166,167,168,169,170,
171,172,173,174,175,176,177,178,179,180,181,182,183,184,185)
(186,187,188,189,190,191,192,193,194,195,196,197,198,199,200,201,
202,203,204,205,206,207,208,209,210,211,212,213,214,215,216,217,
218,219,220,221,222)(223,224,225,226,227,228,229,230,231,232,233,
234,235,236,237,238,239,240,241,242,243,244,245,246,247,248,249,
250,251,252,253,254,255,256,257,258,259)(260,261,262,263,264,265,
266,267,268,269,270,271,272,273,274,275,276,277,278,279,280,281,
282,283,284,285,286,287,288,289,290,291,292,293,294,295,296)
(297,298,299,300,301,302,303,304,305,306,307,308,309,310,311,312,
313,314,315,316,317,318,319,320,321,322,323,324,325,326,327,328,
329,330,331,332,333)],
gmul:=
[(1,112,223,38,149,260,75,186,297)(2,138,233,39,175,270,76,
212,307)(3,127,243,40,164,280,77,201,317)(4,116,253,41,
153,290,78,190,327)(5,142,226,42,179,263,79,216,300)
(6,131,236,43,168,273,80,205,310)(7,120,246,44,157,283,81,
194,320)(8,146,256,45,183,293,82,220,330)(9,135,229,46,
172,266,83,209,303)(10,124,239,47,161,276,84,198,313)
(11,113,249,48,150,286,85,187,323)(12,139,259,49,176,296,86,
213,333)(13,128,232,50,165,269,87,202,306)(14,117,242,51,
154,279,88,191,316)(15,143,252,52,180,289,89,217,326)
(16,132,225,53,169,262,90,206,299)(17,121,235,54,158,272,91,
195,309)(18,147,245,55,184,282,92,221,319)(19,136,255,56,
173,292,93,210,329)(20,125,228,57,162,265,94,199,302)
(21,114,238,58,151,275,95,188,312)(22,140,248,59,177,285,96,
214,322)(23,129,258,60,166,295,97,203,332)(24,118,231,61,
155,268,98,192,305)(25,144,241,62,181,278,99,218,315)
(26,133,251,63,170,288,100,207,325)(27,122,224,64,159,261,101,
196,298)(28,148,234,65,185,271,102,222,308)(29,137,244,66,
174,281,103,211,318)(30,126,254,67,163,291,104,200,328)
(31,115,227,68,152,264,105,189,301)(32,141,237,69,178,274,106,
215,311)(33,130,247,70,167,284,107,204,321)(34,119,257,71,
156,294,108,193,331)(35,145,230,72,182,267,109,219,304)
(36,134,240,73,171,277,110,208,314)(37,123,250,74,160,287,111,
197,324),(1,2,3,4,5,6,7,8,9,10,11,12,13,
14,15,16,17,18,19,20,21,22,23,24,25,26,27,28,29,
30,31,32,33,34,35,36,37)(38,39,40,41,42,43,44,45,
46,47,48,49,50,51,52,53,54,55,56,57,58,59,60,61,
62,63,64,65,66,67,68,69,70,71,72,73,74)
(75,76,77,78,79,80,81,82,83,84,85,86,87,88,89,90,
91,92,93,94,95,96,97,98,99,100,101,102,103,104,105,106,
107,108,109,110,111)(112,113,114,115,116,117,118,119,120,121,122,
123,124,125,126,127,128,129,130,131,132,133,134,135,136,137,138,
139,140,141,142,143,144,145,146,147,148)(149,150,151,152,153,154,
155,156,157,158,159,160,161,162,163,164,165,166,167,168,169,170,
171,172,173,174,175,176,177,178,179,180,181,182,183,184,185)
(186,187,188,189,190,191,192,193,194,195,196,197,198,199,200,201,
202,203,204,205,206,207,208,209,210,211,212,213,214,215,216,217,
218,219,220,221,222)(223,224,225,226,227,228,229,230,231,232,233,
234,235,236,237,238,239,240,241,242,243,244,245,246,247,248,249,
250,251,252,253,254,255,256,257,258,259)(260,261,262,263,264,265,
266,267,268,269,270,271,272,273,274,275,276,277,278,279,280,281,
282,283,284,285,286,287,288,289,290,291,292,293,294,295,296)
(297,298,299,300,301,302,303,304,305,306,307,308,309,310,311,312,
313,314,315,316,317,318,319,320,321,322,323,324,325,326,327,328,
329,330,331,332,333)],
p:=(2,260,200,244,179,143,221,315,283,217,257,330,255,59,12,287,
83,132,201,214,231,189,166,207,115,263,331,69,295,180,142,332,70,
184,58,197,17,150,170,84,290,192,91,128,26,138,319,194,30,122,
165,145,121,162,87,48,4)(3,75,134,49,151,268,311,204,252,245,
301,46,288,191,304,56,323,51,176,96,234,310,254,328,228,6,38,
224,141,211,242,53,161,275,33,307,81,240,63,222,130,153,173,203,
235,154,158,100,114,289,104,137,23,296,106,147,276,99,78,85,21,
160,116,5,149,322,43,110,140,306,80,102,232,199,8,112,272,284,
216,136,318,274,293,82,133,313,236,50,40,113,299,57,212,239,320,
247,238,24,185,20,186,47,262,210,195,118,41,259,316,205,226,300,
168,253,219,108,281,292,193,117,152,285,105,258,156,183,22,74,86,
317,229,42,148,163,97,251,60,308,167,206,79,213,126,172,103,249,
54,27,123,198,119,177,144,72,101,124,13,76,196,19,175,230,178,
169,95,267,266,131,312,215,248,302,67,174,92,29,250,303,155,294,
107,109,325,246,190,55,164,282,218,146,279,88,10,270,120,188,66,
286,94,18,39,77,243,15,261,305,45,298,68,159,90,314,227,264,
220,291,93,129,16)(7,37,277,89,65,269,181,31,280,98,225,273,
157,34,324,61,171,202,241,25,36,28,233,14,111,278,265,71,35,
139,182,327,52,187,9,223,326,62,333,237,209,135,208,125,309)
(11,297,32)(44,271,321,256,329)(64,73,127),
q:=(2,149,128,13,74,64,77,221,125,133,140,137,16,36,11,112,
170,66,176,54,12,150,272,154,281,168,220,157,5,260,231,230,266,
329,106,317,215,202,199,31,184,92,10,185,19,296,44,159,60,122,
285,45,123,251,90,114,172,47,171,248,130,294,43,40,324,89,85,
18,111,162,63,233,25,3,38,197,22,76,234,144,78,65,174,58,
224,303,274,179,320,191,115,182,146,173,238,15,160,331,81,188,84,
183,17,287,67,269,273,291,57,259,136,121,278,167,245,119,276,51,
286,56,139,263,116,34,113,134,101,325,217,190,95,152,165,300,292,
227,156,290,237,252,206,71,4,37,151,163,53,288,247,203,207,304,
94,21,261,126,289,46,161,166,235,284,256,131,129,23,175,189,275,
6,75,299,93,312,229,108,158,50,110,313,218,327,98,208,315,180,
330,205,219,42,307,69,164,169,55,295,283,246,257,142,127,86,147,
177,310,194,9,186,103,213,305,105,201,239,143,243,24,270,328,204,
209,326,88,29,187,30,308,265,79,249,96,196,20,223,135,225,181,
8,297,7)(14,39,73,332,80,48,35,323,99,72,49,277,61,262,
242,97,198,301,104,306,70,280,52,250,141,232,241)(26,333,192,59,
27,298,82,309,32,28,222,302,83,319,254,120,240,87,102,211,210,
244,293,68,271,117,267,178,282,236,100,314,193,321,216,316,255,91,
322,107,41,212,214,200,195,311,228,33,148,268,118,109,124)
(62,138,132,258,264,253,226,145,318,155,153,279)),rec(
gadd:=
[(1,112,223,38,149,260,75,186,297)(2,138,233,39,175,270,76,
212,307)(3,127,243,40,164,280,77,201,317)(4,116,253,41,
153,290,78,190,327)(5,142,226,42,179,263,79,216,300)
(6,131,236,43,168,273,80,205,310)(7,120,246,44,157,283,81,
194,320)(8,146,256,45,183,293,82,220,330)(9,135,229,46,
172,266,83,209,303)(10,124,239,47,161,276,84,198,313)
(11,113,249,48,150,286,85,187,323)(12,139,259,49,176,296,86,
213,333)(13,128,232,50,165,269,87,202,306)(14,117,242,51,
154,279,88,191,316)(15,143,252,52,180,289,89,217,326)
(16,132,225,53,169,262,90,206,299)(17,121,235,54,158,272,91,
195,309)(18,147,245,55,184,282,92,221,319)(19,136,255,56,
173,292,93,210,329)(20,125,228,57,162,265,94,199,302)
(21,114,238,58,151,275,95,188,312)(22,140,248,59,177,285,96,
214,322)(23,129,258,60,166,295,97,203,332)(24,118,231,61,
155,268,98,192,305)(25,144,241,62,181,278,99,218,315)
(26,133,251,63,170,288,100,207,325)(27,122,224,64,159,261,101,
196,298)(28,148,234,65,185,271,102,222,308)(29,137,244,66,
174,281,103,211,318)(30,126,254,67,163,291,104,200,328)
(31,115,227,68,152,264,105,189,301)(32,141,237,69,178,274,106,
215,311)(33,130,247,70,167,284,107,204,321)(34,119,257,71,
156,294,108,193,331)(35,145,230,72,182,267,109,219,304)
(36,134,240,73,171,277,110,208,314)(37,123,250,74,160,287,111,
197,324),(1,2,3,4,5,6,7,8,9,10,11,12,13,
14,15,16,17,18,19,20,21,22,23,24,25,26,27,28,29,
30,31,32,33,34,35,36,37)(38,39,40,41,42,43,44,45,
46,47,48,49,50,51,52,53,54,55,56,57,58,59,60,61,
62,63,64,65,66,67,68,69,70,71,72,73,74)
(75,76,77,78,79,80,81,82,83,84,85,86,87,88,89,90,
91,92,93,94,95,96,97,98,99,100,101,102,103,104,105,106,
107,108,109,110,111)(112,113,114,115,116,117,118,119,120,121,122,
123,124,125,126,127,128,129,130,131,132,133,134,135,136,137,138,
139,140,141,142,143,144,145,146,147,148)(149,150,151,152,153,154,
155,156,157,158,159,160,161,162,163,164,165,166,167,168,169,170,
171,172,173,174,175,176,177,178,179,180,181,182,183,184,185)
