NCBRACES[39] := [ rec(
      gadd := [ ( 1, 8, 2, 9, 3,10, 4,11, 5,12, 6,13, 7)(14,21,15,22,16,23,17,24,18,25,19,26,20)(27,34,28,35,29,36,30,37,31,38,32,39,33), 
          ( 1,33,22)( 2,29,25)( 3,38,15)( 4,34,18)( 5,30,21)( 6,39,24)( 7,35,14)( 8,31,17)( 9,27,20)(10,36,23)(11,32,26)(12,28,16)(13,37,19) ],
      gmul := [ ( 1, 8, 2, 9, 3,10, 4,11, 5,12, 6,13, 7)(14,22,17,25,20,15,23,18,26,21,16,24,19)(27,38,36,34,32,30,28,39,37,35,33,31,29), 
          ( 1,28,24)( 2,29,25)( 3,30,26)( 4,31,14)( 5,32,15)( 6,33,16)( 7,34,17)( 8,35,18)( 9,36,19)(10,37,20)(11,38,21)(12,39,22)(13,27,23) ],
      p := ( 2,27, 6,29, 9, 5,12,25,26,18, 7,38,11,16,19,22,34,13,35)( 4,14,21,36,28,33,24,37,39)( 8,32,17,31,15,10,20)(23,30),
      q := ( 2,14,29, 6,21,26,30,37,17,15, 5, 3,12,32,39,11,35,13,16,34)( 4,27, 9,10,38)( 7,20)( 8,25,36,24,23,18)(19,33,28,22) ), rec(
      gadd := [ ( 1,19,34)( 2,22,30)( 3,25,39)( 4,15,35)( 5,18,31)( 6,21,27)( 7,24,36)( 8,14,32)( 9,17,28)(10,20,37)(11,23,33)(12,26,29)(13,16,38), 
          ( 1,33,22)( 2,29,25)( 3,38,15)( 4,34,18)( 5,30,21)( 6,39,24)( 7,35,14)( 8,31,17)( 9,27,20)(10,36,23)(11,32,26)(12,28,16)(13,37,19) ],
      gmul := [ ( 1,14,27)( 2,17,36)( 3,20,32)( 4,23,28)( 5,26,37)( 6,16,33)( 7,19,29)( 8,22,38)( 9,25,34)(10,15,30)(11,18,39)(12,21,35)(13,24,31), 
          ( 1,21,29)( 2,24,38)( 3,14,34)( 4,17,30)( 5,20,39)( 6,23,35)( 7,26,31)( 8,16,27)( 9,19,36)(10,22,32)(11,25,28)(12,15,37)(13,18,33) ],
      p := ( 2,27,26,23,31,36,39)( 4,14,25,18, 6,32,24, 7,35,17,37,13,38,28,33,11,20, 9, 5,12,21,30,15,10,16,19,22,34)( 8,29),
      q := ( 2,14,32,28,22,19,33, 4,27,36,17,23,15, 5, 3,12,29, 7,16,34,11,38,24, 8,21,18, 9,10,35,39,13,20, 6,25,30,31,26,37) ), rec(
      gadd := [ ( 1,23,37)( 2,26,33)( 3,16,29)( 4,19,38)( 5,22,34)( 6,25,30)( 7,15,39)( 8,18,35)( 9,21,31)(10,24,27)(11,14,36)(12,17,32)(13,20,28), 
          ( 1,38,20)( 2,34,23)( 3,30,26)( 4,39,16)( 5,35,19)( 6,31,22)( 7,27,25)( 8,36,15)( 9,32,18)(10,28,21)(11,37,24)(12,33,14)(13,29,17) ],
      gmul := [ ( 1,30,24)( 2,33,20)( 3,36,16)( 4,39,25)( 5,29,21)( 6,32,17)( 7,35,26)( 8,38,22)( 9,28,18)(10,31,14)(11,34,23)(12,37,19)(13,27,15), 
          ( 1,37,17)( 2,27,26)( 3,30,22)( 4,33,18)( 5,36,14)( 6,39,23)( 7,29,19)( 8,32,15)( 9,35,24)(10,38,20)(11,28,16)(12,31,25)(13,34,21) ],
      p := ( 2,14,35)( 4,27, 6,19,38,11,33,31,30,28,16,29, 9, 5,12,34,13,21,17,24,26,39)( 7,22,25,37,18)( 8,20)(10,32,36,23,15),
      q := ( 2,27, 9,10,22,29, 6,35,13,33,23,39,11,21,37,36,31,24,28,38, 4,14,19,16,25,17,30,26,15, 5, 3,12,20, 7,32,18, 8,34) ), rec(
      gadd := [ ( 1, 8, 2, 9, 3,10, 4,11, 5,12, 6,13, 7)(14,21,15,22,16,23,17,24,18,25,19,26,20)(27,34,28,35,29,36,30,37,31,38,32,39,33), 
          ( 1,22,33)( 2,25,29)( 3,15,38)( 4,18,34)( 5,21,30)( 6,24,39)( 7,14,35)( 8,17,31)( 9,20,27)(10,23,36)(11,26,32)(12,16,28)(13,19,37) ],
      gmul := [ ( 1,22,29)( 2,18,32)( 3,14,35)( 4,23,38)( 5,19,28)( 6,15,31)( 7,24,34)( 8,20,37)( 9,16,27)(10,25,30)(11,21,33)(12,17,36)(13,26,39), 
          ( 1,38,19)( 2,28,15)( 3,31,24)( 4,34,20)( 5,37,16)( 6,27,25)( 7,30,21)( 8,33,17)( 9,36,26)(10,39,22)(11,29,18)(12,32,14)(13,35,23) ],
      p := ( 2,14,38,15,10,29, 8,16,32,37,13,25,31,23,18, 6,19,35,30,28,20, 9, 5,12,34, 4,27,39)( 7,22,21,17,24)(11,33)(26,36),
      q := ( 2,27,23,28,35,26,24, 8,34,11,25,17,36,30,18, 9,10,22,32,15, 5, 3,12,16,21,31,39,13,33, 4,14,19,20, 6,38,37)( 7,29) ), rec(
      gadd := [ ( 1,19,34)( 2,22,30)( 3,25,39)( 4,15,35)( 5,18,31)( 6,21,27)( 7,24,36)( 8,14,32)( 9,17,28)(10,20,37)(11,23,33)(12,26,29)(13,16,38), 
          ( 1,38,20)( 2,34,23)( 3,30,26)( 4,39,16)( 5,35,19)( 6,31,22)( 7,27,25)( 8,36,15)( 9,32,18)(10,28,21)(11,37,24)(12,33,14)(13,29,17) ],
      gmul := [ ( 1,17,32, 4,26,33, 7,22,34,10,18,35,13,14,36, 3,23,37, 6,19,38, 9,15,39,12,24,27, 2,20,28, 5,16,29, 8,25,30,11,21,31) ],
      p := ( 2,27,25,33,18,29, 4,14, 7,35)( 5,12,37,36,31,28,16,15,26,11,10,21,19,38,24,34,23, 6,32,13,30,39,17, 8)( 9,20),
      q := ( 2,14, 8,10,32)( 3,12,15,30,23, 9,35,13,26, 4,27,33,28,34,39,31,18,22,29,11, 5)( 6,21,38,36,17, 7,20)(16,37,24) ), rec(
      gadd := [ ( 1,22,33)( 2,25,29)( 3,15,38)( 4,18,34)( 5,21,30)( 6,24,39)( 7,14,35)( 8,17,31)( 9,20,27)(10,23,36)(11,26,32)(12,16,28)(13,19,37), 
          ( 1,29,21)( 2,38,24)( 3,34,14)( 4,30,17)( 5,39,20)( 6,35,23)( 7,31,26)( 8,27,16)( 9,36,19)(10,32,22)(11,28,25)(12,37,15)(13,33,18) ],
      gmul := [ ( 1,17,33,10,26,29, 6,22,38, 2,18,34,11,14,30, 7,23,39, 3,19,35,12,15,31, 8,24,27, 4,20,36,13,16,32, 9,25,28, 5,21,37) ],
      p := ( 2,27,22,21,20, 9,16,23, 6,29, 4,14, 7,38,26,11,10,25,32,13,36,39,15,18,33,24,35)( 5,12,31,30,37,28,19,34,17, 8),
      q := ( 2,14, 8,10,29,11, 5, 3,12,23, 9,38,28,35,13,18,21,34,37,26, 4,27,32)( 6,25,22,33,30,17, 7,16,31,24,19,20)(15,36) ), rec(
      gadd := [ ( 1,17,33,10,26,29, 6,22,38, 2,18,34,11,14,30, 7,23,39, 3,19,35,12,15,31, 8,24,27, 4,20,36,13,16,32, 9,25,28, 5,21,37) ],
      gmul := [ ( 1,17,33,10,26,29, 6,22,38, 2,18,34,11,14,30, 7,23,39, 3,19,35,12,15,31, 8,24,27, 4,20,36,13,16,32, 9,25,28, 5,21,37) ],
      p := ( 2,14, 6,20,12,26, 5, 8,13,15,39,30,18,19,22,35, 4,27,38,37,17, 9,33,31,23, 3, 7,21,32,11)(10,34,36,24,25,16,28,29),
      q := ( 2,27,16,26,10,20, 3, 8)( 4,14, 9,21,22,19,32)( 5, 7,33,23,12,28,25,38,17, 6,34,18,35,11,13,39,24,29)(30,36) ), rec(
      gadd := [ ( 1,17,33,10,26,29, 6,22,38, 2,18,34,11,14,30, 7,23,39, 3,19,35,12,15,31, 8,24,27, 4,20,36,13,16,32, 9,25,28, 5,21,37) ],
      gmul := [ ( 1, 5, 9,13, 4, 8,12, 3, 7,11, 2, 6,10)(14,18,22,26,17,21,25,16,20,24,15,19,23)(27,31,35,39,30,34,38,29,33,37,28,32,36), 
          ( 1,29,21)( 2,38,24)( 3,34,14)( 4,30,17)( 5,39,20)( 6,35,23)( 7,31,26)( 8,27,16)( 9,36,19)(10,32,22)(11,28,25)(12,37,15)(13,33,18) ],
      p := ( 2,14,34,11,29,12,38, 5, 8,20, 9,13,21,17,24,26,31,28,16,32,30,36,23,15)( 3, 7,22,25,39,10,33,37,18, 6,19,35, 4,27),
      q := ( 2,27,12,20, 6,34, 4,14,19,16,25,17,28,35,11,21,39, 5, 7,33,23,31,24,36,37,30,26,15,13,29, 3, 8,38,10,22,32,18, 9) ) ];
