NCBRACES[46] := [ rec(
      gadd := [ ( 1, 4, 7,10,13,16,19,22, 2, 5, 8,11,14,17,20,23, 3, 6, 9,12,15,18,21)(24,27,30,33,36,39,42,45,25,28,31,34,37,40,43,46,26,29,32,35,38,41,44), 
          ( 1,24)( 2,46)( 3,45)( 4,44)( 5,43)( 6,42)( 7,41)( 8,40)( 9,39)(10,38)(11,37)(12,36)(13,35)(14,34)(15,33)(16,32)(17,31)(18,30)(19,29)(20,28)(21,27)(22,26)(23,25) ],
      gmul := [ ( 1,30)( 2,31)( 3,32)( 4,33)( 5,34)( 6,35)( 7,36)( 8,37)( 9,38)(10,39)(11,40)(12,41)(13,42)(14,43)(15,44)(16,45)(17,46)(18,24)(19,25)(20,26)(21,27)(22,28)(23,29), 
          ( 1,35)( 2,36)( 3,37)( 4,38)( 5,39)( 6,40)( 7,41)( 8,42)( 9,43)(10,44)(11,45)(12,46)(13,24)(14,25)(15,26)(16,27)(17,28)(18,29)(19,30)(20,31)(21,32)(22,33)(23,34) ],
      p := ( 2,24,17,44,15,21,26,40,20,22,45,33,41,28,12, 9,34,30,35,23, 8,14,32, 7,11,16, 4,19, 3, 6,42,43,10,37,46,38,25,31,18,27,13,39, 5,29,36),
      q := ( 2,24, 8,11, 9,34,30,35)( 3,19,22,45,33,41,28,13,39,20)( 4, 6,42,43,15)( 5,29,36,23,17,44,10,37,46,38,25,31, 7,14,32,18,27,12,16,21,26,40) ), rec(
      gadd := [ ( 1,13, 2,14, 3,15, 4,16, 5,17, 6,18, 7,19, 8,20, 9,21,10,22,11,23,12)(24,36,25,37,26,38,27,39,28,40,29,41,30,42,31,43,32,44,33,45,34,46,35), 
          ( 1,36)( 2,35)( 3,34)( 4,33)( 5,32)( 6,31)( 7,30)( 8,29)( 9,28)(10,27)(11,26)(12,25)(13,24)(14,46)(15,45)(16,44)(17,43)(18,42)(19,41)(20,40)(21,39)(22,38)(23,37) ],
      gmul := [ ( 1,22,20,18,16,14,12,10, 8, 6, 4, 2,23,21,19,17,15,13,11, 9, 7, 5, 3)(24,45,43,41,39,37,35,33,31,29,27,25,46,44,42,40,38,36,34,32,30,28,26), 
          ( 1,44)( 2,43)( 3,42)( 4,41)( 5,40)( 6,39)( 7,38)( 8,37)( 9,36)(10,35)(11,34)(12,33)(13,32)(14,31)(15,30)(16,29)(17,28)(18,27)(19,26)(20,25)(21,24)(22,46)(23,45) ],
      p := ( 2,24,13,30,33,40,21,34,31, 8, 5,26,35, 6,45,46,25,36,19,14,41,44,23,12, 7,20,11,18,39, 4, 3,22,37,42,27,10,43)( 9,28,15,16)(17,32)(29,38),
      q := ( 2,24,12,18,39,21,34,31,17,32, 8,20,14,41,44)( 4,22,37,42,27,15, 9,28,10,43,23,13,30,33,40)( 5,26,35,19,11, 7)( 6,45,46,25,36)(29,38) ), rec(
      gadd := [ ( 1,12,23,11,22,10,21, 9,20, 8,19, 7,18, 6,17, 5,16, 4,15, 3,14, 2,13)(24,35,46,34,45,33,44,32,43,31,42,30,41,29,40,28,39,27,38,26,37,25,36), 
          ( 1,27)( 2,26)( 3,25)( 4,24)( 5,46)( 6,45)( 7,44)( 8,43)( 9,42)(10,41)(11,40)(12,39)(13,38)(14,37)(15,36)(16,35)(17,34)(18,33)(19,32)(20,31)(21,30)(22,29)(23,28) ],
      gmul := [ ( 1,27, 7,33,13,39,19,45, 2,28, 8,34,14,40,20,46, 3,29, 9,35,15,41,21,24, 4,30,10,36,16,42,22,25, 5,31,11,37,17,43,23,26, 6,32,12,38,18,44) ],
      p := ( 2,24,13,41,27,10,28,15,16, 9,43)( 3,22,34,40,21,37,29,33,31, 8, 5,45,25,35, 6,26,36,19,14,30,38,42,44,23,12, 7,20,11,18,32,17,39, 4),
      q := ( 2,24,12,18,39,21,34,31,17,32, 8,20,14,41,44)( 4,22,37,42,27,15, 9,28,10,43,23,13,30,33,40)( 5,26,35,19,11, 7)( 6,45,46,25,36)(29,38) ), rec(
      gadd := [ ( 1, 6,11,16,21, 3, 8,13,18,23, 5,10,15,20, 2, 7,12,17,22, 4, 9,14,19)(24,29,34,39,44,26,31,36,41,46,28,33,38,43,25,30,35,40,45,27,32,37,42), 
          ( 1,26)( 2,25)( 3,24)( 4,46)( 5,45)( 6,44)( 7,43)( 8,42)( 9,41)(10,40)(11,39)(12,38)(13,37)(14,36)(15,35)(16,34)(17,33)(18,32)(19,31)(20,30)(21,29)(22,28)(23,27) ],
      gmul := [ ( 1,27,18,33,12,39, 6,45,23,28,17,34,11,40, 5,46,22,29,16,35,10,41, 4,24,21,30,15,36, 9,42, 3,25,20,31,14,37, 8,43, 2,26,19,32,13,38, 7,44) ],
      p := ( 2,24,17,27,13,32, 7,11,16, 4,19, 3, 6,29,35,23, 8,14,39, 5,42,28,12, 9,37,25,40,20,22,26,31,18,44,15,21,45,38,46,33,30,36)(10,34,41,43),
      q := ( 2,24, 8,11, 9,34,30,35)( 3,19,22,45,33,41,28,13,39,20)( 4, 6,42,43,15)( 5,29,36,23,17,44,10,37,46,38,25,31, 7,14,32,18,27,12,16,21,26,40) ), rec(
      gadd := [ ( 1,27, 7,33,13,39,19,45, 2,28, 8,34,14,40,20,46, 3,29, 9,35,15,41,21,24, 4,30,10,36,16,42,22,25, 5,31,11,37,17,43,23,26, 6,32,12,38,18,44) ],
      gmul := [ ( 1,31)( 2,30)( 3,29)( 4,28)( 5,27)( 6,26)( 7,25)( 8,24)( 9,46)(10,45)(11,44)(12,43)(13,42)(14,41)(15,40)(16,39)(17,38)(18,37)(19,36)(20,35)(21,34)(22,33)(23,32), 
          ( 1,32)( 2,31)( 3,30)( 4,29)( 5,28)( 6,27)( 7,26)( 8,25)( 9,24)(10,46)(11,45)(12,44)(13,43)(14,42)(15,41)(16,40)(17,39)(18,38)(19,37)(20,36)(21,35)(22,34)(23,33) ],
      p := ( 2,24,16,11, 5,38,36,12,20)( 3,10,42,45,40)( 4,15,14,28, 7,19,23, 9,29,30,41,26,32,21,25,39,22,46,31)( 6,33,44,17,34,27,18,37,35,13,43, 8),
      q := ( 2,24, 9,29,30,41,26,32, 4,10,42,45,40,22,46,31,21,25,39, 3,15,11,20,23,16,14,28,18,37,35,12, 5,38,36,13,43,17,34,27, 7, 6,33,44, 8,19) ), rec(
      gadd := [ ( 1,27, 7,33,13,39,19,45, 2,28, 8,34,14,40,20,46, 3,29, 9,35,15,41,21,24, 4,30,10,36,16,42,22,25, 5,31,11,37,17,43,23,26, 6,32,12,38,18,44) ],
      gmul := [ ( 1,27, 7,33,13,39,19,45, 2,28, 8,34,14,40,20,46, 3,29, 9,35,15,41,21,24, 4,30,10,36,16,42,22,25, 5,31,11,37,17,43,23,26, 6,32,12,38,18,44) ],
      p := ( 2,24,16,11, 5,33,27,18,34,44,17,37,36,12,20)( 3,10,29,41,45,31, 4,15,14,43, 8, 6,38,35,13,28, 7,19,23, 9,42,26,39,22,25,32,21,46,40),
      q := ( 2,24, 9,29,30,41,26,32, 4,10,42,45,40,22,46,31,21,25,39, 3,15,11,20,23,16,14,28,18,37,35,12, 5,38,36,13,43,17,34,27, 7, 6,33,44, 8,19) ) ];
