NCBRACES[147] := [ rec(
      gadd := 
       [ (  1, 10, 19, 28, 30, 39, 48,  2, 11, 20, 22, 31, 40, 49,  3, 12, 21,
             23, 32, 41, 43,  4, 13, 15, 24, 33, 42, 44,  5, 14, 16, 25, 34,
              36, 45,  6,  8, 17, 26, 35, 37, 46,  7,  9, 18, 27, 29, 38, 47)
            ( 50, 59, 68, 77, 79, 88, 97, 51, 60, 69, 71, 80, 89, 98, 52, 61,
              70, 72, 81, 90, 92, 53, 62, 64, 73, 82, 91, 93, 54, 63, 65, 74,
              83, 85, 94, 55, 57, 66, 75, 84, 86, 95, 56, 58, 67, 76, 78, 87,
              96)( 99,108,117,126,128,137,146,100,109,118,120,129,138,147,101,
             110,119,121,130,139,141,102,111,113,122,131,140,142,103,112,114,
             123,132,134,143,104,106,115,124,133,135,144,105,107,116,125,127,
             136,145), (  1,107, 85)(  2,111, 87)(  3,108, 89)(  4,112, 91)
            (  5,109, 86)(  6,106, 88)(  7,110, 90)(  8,137, 55)(  9,134, 50)
            ( 10,138, 52)( 11,135, 54)( 12,139, 56)( 13,136, 51)( 14,140, 53)
            ( 15,119, 66)( 16,116, 68)( 17,113, 70)( 18,117, 65)( 19,114, 67)
            ( 20,118, 69)( 21,115, 64)( 22,142, 84)( 23,146, 79)( 24,143, 81)
            ( 25,147, 83)( 26,144, 78)( 27,141, 80)( 28,145, 82)( 29,124, 95)
            ( 30,121, 97)( 31,125, 92)( 32,122, 94)( 33,126, 96)( 34,123, 98)
            ( 35,120, 93)( 36, 99, 58)( 37,103, 60)( 38,100, 62)( 39,104, 57)
            ( 40,101, 59)( 41,105, 61)( 42,102, 63)( 43,129, 76)( 44,133, 71)
            ( 45,130, 73)( 46,127, 75)( 47,131, 77)( 48,128, 72)( 49,132, 74) 
         ],
      gmul := 
       [ (  1, 46, 36, 33, 23, 20, 10,  7, 45, 42, 32, 22, 19,  9,  6, 44, 41,
             31, 28, 18,  8,  5, 43, 40, 30, 27, 17, 14,  4, 49, 39, 29, 26,
              16, 13,  3, 48, 38, 35, 25, 15, 12,  2, 47, 37, 34, 24, 21, 11)
            ( 50, 95, 85, 82, 72, 69, 59, 56, 94, 91, 81, 71, 68, 58, 55, 93,
              90, 80, 77, 67, 57, 54, 92, 89, 79, 76, 66, 63, 53, 98, 88, 78,
              75, 65, 62, 52, 97, 87, 84, 74, 64, 61, 51, 96, 86, 83, 73, 70,
              60)( 99,144,134,131,121,118,108,105,143,140,130,120,117,107,104,
             142,139,129,126,116,106,103,141,138,128,125,115,112,102,147,137,
             127,124,114,111,101,146,136,133,123,113,110,100,145,135,132,122,
             119,109), (  1,111, 91)(  2,108, 86)(  3,112, 88)(  4,109, 90)
            (  5,106, 85)(  6,110, 87)(  7,107, 89)(  8,134, 54)(  9,138, 56)
            ( 10,135, 51)( 11,139, 53)( 12,136, 55)( 13,140, 50)( 14,137, 52)
            ( 15,116, 65)( 16,113, 67)( 17,117, 69)( 18,114, 64)( 19,118, 66)
            ( 20,115, 68)( 21,119, 70)( 22,146, 83)( 23,143, 78)( 24,147, 80)
            ( 25,144, 82)( 26,141, 84)( 27,145, 79)( 28,142, 81)( 29,121, 94)
            ( 30,125, 96)( 31,122, 98)( 32,126, 93)( 33,123, 95)( 34,120, 97)
            ( 35,124, 92)( 36,103, 57)( 37,100, 59)( 38,104, 61)( 39,101, 63)
            ( 40,105, 58)( 41,102, 60)( 42, 99, 62)( 43,133, 75)( 44,130, 77)
            ( 45,127, 72)( 46,131, 74)( 47,128, 76)( 48,132, 71)( 49,129, 73) 
         ],
      p := (  2, 50, 65, 87,147, 23,122, 72, 42, 74,108,  9, 52, 17, 51, 27,
          41, 37,101,134, 26,143, 80, 24,102, 83, 58,107, 21,131, 84, 96, 68,
         132, 31,  6, 45, 53,114, 39, 88,146, 77,127, 71,144, 29, 56, 14, 13,
          16, 11, 55, 62,109, 19,100,115, 76, 82,125,129, 78,  5, 99,121, 25,
          94,142, 22,103, 32,118, 48, 97, 85, 92, 40,135,117,138,136, 98,130,
          57,111, 18,  3, 12, 61, 60,106, 66,  4)(  8, 69,123,140, 34, 64, 70,
         95, 43, 91, 30,105,113,137)( 10, 86,120, 36, 67, 47, 63)
        ( 15,110,116,119, 38, 54)( 20, 46, 73, 33, 81,145, 49, 59,133, 28, 44,
         104, 79,126, 75,128,112,124, 89, 90,139, 35),
      q := (  2, 99, 63, 47,121, 32, 73, 24, 51, 30, 52, 40, 82, 62, 88, 70,
         127,119, 19, 55,125, 98, 96,147, 34,142, 35, 37, 53, 74, 90, 81, 65,
         106,141, 66,  5, 50,145,  8,143,136,129,137, 49,123, 79, 60, 87, 68,
          92, 17,102,138, 80, 33,139, 22, 56, 43,111, 39,109, 38,104,140, 23,
          61,126,117, 83,120, 21, 94, 64,146,116, 71, 67, 10,110, 77, 95, 14,
          44, 54, 42,114, 18,  6, 12,122,115,113, 78,  4,  7)(  3, 45,101, 84,
         130,124,112, 57, 91, 27, 16, 46,118,  9,105, 76,135, 75, 93,128, 89,
         108, 48,133, 29,103, 25,131,134, 31)( 11,100, 72, 15, 86, 58, 85,132,
         26, 69, 59, 97,107, 36,144, 28, 13, 41, 20) ), rec(
      gadd := 
       [ (  1, 29,  9, 37, 17, 45, 25,  5, 33, 13, 41, 21, 49, 22,  2, 30, 10,
             38, 18, 46, 26,  6, 34, 14, 42, 15, 43, 23,  3, 31, 11, 39, 19,
              47, 27,  7, 35,  8, 36, 16, 44, 24,  4, 32, 12, 40, 20, 48, 28)
            ( 50, 78, 58, 86, 66, 94, 74, 54, 82, 62, 90, 70, 98, 71, 51, 79,
              59, 87, 67, 95, 75, 55, 83, 63, 91, 64, 92, 72, 52, 80, 60, 88,
              68, 96, 76, 56, 84, 57, 85, 65, 93, 73, 53, 81, 61, 89, 69, 97,
              77)( 99,127,107,135,115,143,123,103,131,111,139,119,147,120,100,
             128,108,136,116,144,124,104,132,112,140,113,141,121,101,129,109,
             137,117,145,125,105,133,106,134,114,142,122,102,130,110,138,118,
             146,126), (  1, 82,135)(  2, 84,139)(  3, 79,136)(  4, 81,140)
            (  5, 83,137)(  6, 78,134)(  7, 80,138)(  8, 93,117)(  9, 95,114)
            ( 10, 97,118)( 11, 92,115)( 12, 94,119)( 13, 96,116)( 14, 98,113)
            ( 15, 63,147)( 16, 58,144)( 17, 60,141)( 18, 62,145)( 19, 57,142)
            ( 20, 59,146)( 21, 61,143)( 22, 74,122)( 23, 76,126)( 24, 71,123)
            ( 25, 73,120)( 26, 75,124)( 27, 77,121)( 28, 72,125)( 29, 85,104)
            ( 30, 87,101)( 31, 89,105)( 32, 91,102)( 33, 86, 99)( 34, 88,103)
            ( 35, 90,100)( 36, 55,127)( 37, 50,131)( 38, 52,128)( 39, 54,132)
            ( 40, 56,129)( 41, 51,133)( 42, 53,130)( 43, 66,109)( 44, 68,106)
            ( 45, 70,110)( 46, 65,107)( 47, 67,111)( 48, 69,108)( 49, 64,112) 
         ],
      gmul := 
       [ (  1, 40, 24,  8, 47, 31, 15,  6, 38, 22, 13, 45, 29, 20,  4, 36, 27,
             11, 43, 34, 18,  2, 41, 25,  9, 48, 32, 16,  7, 39, 23, 14, 46,
              30, 21,  5, 37, 28, 12, 44, 35, 19,  3, 42, 26, 10, 49, 33, 17)
            ( 50, 72, 94, 68, 90, 57, 79, 53, 75, 97, 64, 86, 60, 82, 56, 71,
              93, 67, 89, 63, 78, 52, 74, 96, 70, 85, 59, 81, 55, 77, 92, 66,
              88, 62, 84, 51, 73, 95, 69, 91, 58, 80, 54, 76, 98, 65, 87, 61,
              83)( 99,141,135,129,123,117,111,105,147,134,128,122,116,110,104,
             146,140,127,121,115,109,103,145,139,133,120,114,108,102,144,138,
             132,126,113,107,101,143,137,131,125,119,106,100,142,136,130,124,
             118,112), (  1,117, 75)(  2,118, 76)(  3,119, 77)(  4,113, 71)
            (  5,114, 72)(  6,115, 73)(  7,116, 74)(  8,124, 82)(  9,125, 83)
            ( 10,126, 84)( 11,120, 78)( 12,121, 79)( 13,122, 80)( 14,123, 81)
            ( 15,131, 89)( 16,132, 90)( 17,133, 91)( 18,127, 85)( 19,128, 86)
            ( 20,129, 87)( 21,130, 88)( 22,138, 96)( 23,139, 97)( 24,140, 98)
            ( 25,134, 92)( 26,135, 93)( 27,136, 94)( 28,137, 95)( 29,145, 55)
            ( 30,146, 56)( 31,147, 50)( 32,141, 51)( 33,142, 52)( 34,143, 53)
            ( 35,144, 54)( 36,104, 62)( 37,105, 63)( 38, 99, 57)( 39,100, 58)
            ( 40,101, 59)( 41,102, 60)( 42,103, 61)( 43,111, 69)( 44,112, 70)
            ( 45,106, 64)( 46,107, 65)( 47,108, 66)( 48,109, 67)( 49,110, 68) 
         ],
      p := (  2, 50, 22,100,135, 46, 62, 86, 20, 16, 41, 13, 28, 21,140, 58,
         141,106,109,133, 31,  6, 15,142,121, 23,113, 38,  5, 99, 47, 75,127,
          88, 69, 30,102, 19,103,130, 67,117, 94,120, 97, 10, 64, 66, 17, 52,
          27, 29, 55,146, 24,105, 12, 76,119,132, 83, 35, 44,104,129, 87, 89,
         136, 59, 74,114, 96, 45,  4)(  3, 42, 78,112,118,  8, 91,144, 34, 85,
         107, 18)(  9, 51,137, 25, 79,110)( 11, 56,143, 49, 14, 36, 90,124,
          72, 93, 39, 65, 54, 37,101,115, 61, 40,128,131, 68, 81,116,147, 33,
          77, 80, 60,145, 98,123, 57,108, 92, 63, 53, 71,134, 82, 43, 70,126,
         122, 26,111,138, 32,125, 73,139)( 48, 95),
      q := (  2, 99, 10,142, 63,101, 72,128, 94, 58, 66, 40, 93, 18,  6, 42,
         137, 32, 62,110, 48,127,109, 97, 47,117,131,147, 24, 52, 30, 51, 78,
          89, 80,126, 61, 17,105, 45,  5, 50, 35, 13, 29,100, 82, 14, 21, 79,
          86, 37, 53,119, 92,121, 34,107, 39,145,129,106, 88,143,  8,111, 83,
          22, 55, 70, 60, 65,104, 98, 59,114,130,144, 23, 76, 71, 84,134,135,
          11,103, 96, 12,113, 19, 56, 69, 27, 28, 36,108,132,138, 25,140,120,
         133, 26, 91, 67, 75, 95,  9,102, 38,  4,  7)(  3, 15, 64,141, 87,112,
         73, 81, 77,136,123,124,115,122, 31)( 20, 41, 44, 54)( 33,116, 68,139,
         46,125,118, 49, 43,146)( 57, 90) ), rec(
      gadd := 
       [ (  1, 32,  8, 39, 15, 46, 22,  5, 29, 12, 36, 19, 43, 26,  2, 33,  9,
             40, 16, 47, 23,  6, 30, 13, 37, 20, 44, 27,  3, 34, 10, 41, 17,
              48, 24,  7, 31, 14, 38, 21, 45, 28,  4, 35, 11, 42, 18, 49, 25)
            ( 50, 81, 57, 88, 64, 95, 71, 54, 78, 61, 85, 68, 92, 75, 51, 82,
              58, 89, 65, 96, 72, 55, 79, 62, 86, 69, 93, 76, 52, 83, 59, 90,
              66, 97, 73, 56, 80, 63, 87, 70, 94, 77, 53, 84, 60, 91, 67, 98,
              74)( 99,130,106,137,113,144,120,103,127,110,134,117,141,124,100,
             131,107,138,114,145,121,104,128,111,135,118,142,125,101,132,108,
             139,115,146,122,105,129,112,136,119,143,126,102,133,109,140,116,
             147,123), (  1,110, 86)(  2,107, 88)(  3,111, 90)(  4,108, 85)
            (  5,112, 87)(  6,109, 89)(  7,106, 91)(  8,140, 56)(  9,137, 51)
            ( 10,134, 53)( 11,138, 55)( 12,135, 50)( 13,139, 52)( 14,136, 54)
            ( 15,115, 67)( 16,119, 69)( 17,116, 64)( 18,113, 66)( 19,117, 68)
            ( 20,114, 70)( 21,118, 65)( 22,145, 78)( 23,142, 80)( 24,146, 82)
            ( 25,143, 84)( 26,147, 79)( 27,144, 81)( 28,141, 83)( 29,120, 96)
            ( 30,124, 98)( 31,121, 93)( 32,125, 95)( 33,122, 97)( 34,126, 92)
            ( 35,123, 94)( 36,102, 59)( 37, 99, 61)( 38,103, 63)( 39,100, 58)
            ( 40,104, 60)( 41,101, 62)( 42,105, 57)( 43,132, 77)( 44,129, 72)
            ( 45,133, 74)( 46,130, 76)( 47,127, 71)( 48,131, 73)( 49,128, 75) 
         ],
      gmul := 
       [ (  1, 15, 29, 43,  9, 23, 37,  3, 17, 31, 45, 11, 25, 39,  5, 19, 33,
             47, 13, 27, 41,  7, 21, 35, 49,  8, 22, 36,  2, 16, 30, 44, 10,
              24, 38,  4, 18, 32, 46, 12, 26, 40,  6, 20, 34, 48, 14, 28, 42)
            ( 50, 64, 78, 92, 58, 72, 86, 52, 66, 80, 94, 60, 74, 88, 54, 68,
              82, 96, 62, 76, 90, 56, 70, 84, 98, 57, 71, 85, 51, 65, 79, 93,
              59, 73, 87, 53, 67, 81, 95, 61, 75, 89, 55, 69, 83, 97, 63, 77,
              91)( 99,113,127,141,107,121,135,101,115,129,143,109,123,137,103,
             117,131,145,111,125,139,105,119,133,147,106,120,134,100,114,128,
             142,108,122,136,102,116,130,144,110,124,138,104,118,132,146,112,
             126,140), (  1, 81,145)(  2, 78,147)(  3, 82,142)(  4, 79,144)
            (  5, 83,146)(  6, 80,141)(  7, 84,143)(  8, 63,108)(  9, 60,110)
            ( 10, 57,112)( 11, 61,107)( 12, 58,109)( 13, 62,111)( 14, 59,106)
            ( 15, 86,126)( 16, 90,121)( 17, 87,123)( 18, 91,125)( 19, 88,120)
            ( 20, 85,122)( 21, 89,124)( 22, 68,137)( 23, 65,139)( 24, 69,134)
            ( 25, 66,136)( 26, 70,138)( 27, 67,140)( 28, 64,135)( 29, 98,100)
            ( 30, 95,102)( 31, 92,104)( 32, 96, 99)( 33, 93,101)( 34, 97,103)
            ( 35, 94,105)( 36, 73,118)( 37, 77,113)( 38, 74,115)( 39, 71,117)
            ( 40, 75,119)( 41, 72,114)( 42, 76,116)( 43, 55,129)( 44, 52,131)
            ( 45, 56,133)( 46, 53,128)( 47, 50,130)( 48, 54,132)( 49, 51,127) 
         ],
      p := (  2, 99, 72, 42,123, 91, 30, 56, 14, 13, 16, 11,104,128, 63, 10,
         135, 68, 83,107, 21, 82, 76,131,133, 28, 44, 55,111, 18,  3, 12,110,
          67, 47,112, 75, 79, 77, 78,  5, 50,114, 39,137,  8,118, 48,146,126,
         124,138, 87, 98, 81, 96,117, 89,139, 35, 20, 46,122,121, 25,143,129,
         127,120, 36,116, 70,144, 29,105, 64,119, 38,103, 32, 69, 74, 59, 84,
         145, 49,108,  9,101, 85,141, 92, 40, 86, 71, 95, 43,140, 34,113, 88,
          97,134, 26, 94, 93,142, 22, 54, 15, 61,109, 19, 51, 27, 41, 37, 52,
          17,100, 66,  4)(  6, 45,102,132, 31)( 23, 73, 33,130,106,115,125,
          80, 24, 53, 65,136,147)( 57, 62, 60),
      q := (  2, 50, 96, 98,145,  8, 94,113,127, 70, 78,  4,  7)
        (  3, 45, 52, 40,131, 85, 83, 71,116,120, 21,143, 87,117,132, 26,118,
           9, 56, 43, 62,137, 49, 74,139, 22,105,125,147, 34, 93, 79,109, 38,
          55, 76, 86,107, 36, 95, 14, 44,103, 25, 82,111, 39, 60,136, 80, 33,
          90,130, 75,142, 35, 37,102, 89, 59,146, 67, 10, 61, 77,144, 28, 13,
          41, 20, 11, 51, 30,101,133, 29, 54, 42, 65, 57,140, 23,110,126, 68,
         141,115, 64, 97, 58,134, 31)(  5, 99,112,106, 92, 17, 53,123,128,138,
         129, 88,119, 19,104, 91, 27, 16, 46, 69,108, 48, 84, 81,114, 18,  6,
          12, 73, 24,100,121, 32,122, 66)( 15,135,124, 63, 47, 72) ), rec(
      gadd := 
       [ (  1,128, 93)(  2,132, 95)(  3,129, 97)(  4,133, 92)(  5,130, 94)
            (  6,127, 96)(  7,131, 98)(  8,110, 63)(  9,107, 58)( 10,111, 60)
            ( 11,108, 62)( 12,112, 57)( 13,109, 59)( 14,106, 61)( 15,140, 74)
            ( 16,137, 76)( 17,134, 71)( 18,138, 73)( 19,135, 75)( 20,139, 77)
            ( 21,136, 72)( 22,115, 85)( 23,119, 87)( 24,116, 89)( 25,113, 91)
            ( 26,117, 86)( 27,114, 88)( 28,118, 90)( 29,145, 55)( 30,142, 50)
            ( 31,146, 52)( 32,143, 54)( 33,147, 56)( 34,144, 51)( 35,141, 53)
            ( 36,120, 66)( 37,124, 68)( 38,121, 70)( 39,125, 65)( 40,122, 67)
            ( 41,126, 69)( 42,123, 64)( 43,102, 84)( 44, 99, 79)( 45,103, 81)
            ( 46,100, 83)( 47,104, 78)( 48,101, 80)( 49,105, 82), 
          (  1,141, 66)(  2,145, 68)(  3,142, 70)(  4,146, 65)(  5,143, 67)
            (  6,147, 69)(  7,144, 64)(  8,123, 84)(  9,120, 79)( 10,124, 81)
            ( 11,121, 83)( 12,125, 78)( 13,122, 80)( 14,126, 82)( 15,105, 95)
            ( 16,102, 97)( 17, 99, 92)( 18,103, 94)( 19,100, 96)( 20,104, 98)
            ( 21,101, 93)( 22,128, 58)( 23,132, 60)( 24,129, 62)( 25,133, 57)
            ( 26,130, 59)( 27,127, 61)( 28,131, 63)( 29,110, 76)( 30,107, 71)
            ( 31,111, 73)( 32,108, 75)( 33,112, 77)( 34,109, 72)( 35,106, 74)
            ( 36,140, 87)( 37,137, 89)( 38,134, 91)( 39,138, 86)( 40,135, 88)
            ( 41,139, 90)( 42,136, 85)( 43,115, 50)( 44,119, 52)( 45,116, 54)
            ( 46,113, 56)( 47,117, 51)( 48,114, 53)( 49,118, 55) ],
      gmul := 
       [ (  1, 74,147, 18, 91,109, 35, 53,126, 45, 70,136, 14, 80,105, 24, 97,
             115, 41, 59,132,  3, 76,142, 20, 86,111, 30, 55,121, 47, 65,138,
               9, 82,100, 26, 92,117, 36, 61,127,  5, 71,144, 15, 88,106, 32,
              50,123, 49, 67,140, 11, 84,102, 28, 94,119, 38, 63,129,  7, 73,
             146, 17, 90,108, 34, 52,125, 44, 69,135, 13, 79,104, 23, 96,114,
              40, 58,131,  2, 75,141, 19, 85,110, 29, 54,120, 46, 64,137,  8,
              81, 99, 25, 98,116, 42, 60,133,  4, 77,143, 21, 87,112, 31, 56,
             122, 48, 66,139, 10, 83,101, 27, 93,118, 37, 62,128,  6, 72,145,
              16, 89,107, 33, 51,124, 43, 68,134, 12, 78,103, 22, 95,113, 39,
              57,130), (  1, 96,136, 29, 76,116,  9, 56,144, 37, 84,124, 17,
              57,104, 45, 85,132, 25, 65,112,  5, 93,140, 33, 73,113, 13, 53,
             141, 41, 81,121, 21, 61,101, 49, 89,129, 22, 69,109,  2, 97,137,
              30, 77,117, 10, 50,145, 38, 78,125, 18, 58,105, 46, 86,133, 26,
              66,106,  6, 94,134, 34, 74,114, 14, 54,142, 42, 82,122, 15, 62,
             102, 43, 90,130, 23, 70,110,  3, 98,138, 31, 71,118, 11, 51,146,
              39, 79,126, 19, 59, 99, 47, 87,127, 27, 67,107,  7, 95,135, 35,
              75,115,  8, 55,143, 36, 83,123, 16, 63,103, 44, 91,131, 24, 64,
             111,  4, 92,139, 32, 72,119, 12, 52,147, 40, 80,120, 20, 60,100,
              48, 88,128, 28, 68,108) ],
      p := (  2, 50, 43,144,131,120, 81,128, 33, 17,100, 32, 27, 52, 76,102,
          22, 44, 42, 47,104,124, 69,115,127, 87, 49, 40,  4)(  3, 12, 16)
        (  5, 99, 98, 88, 80,140, 82,138,136,135,118, 35, 15, 11, 56, 59, 91,
          67, 26, 60, 79, 36, 14,110,106, 19,143, 83,141, 72,  8, 61, 89, 77,
          48, 30, 93, 57, 53, 66,125, 86, 39, 10, 94, 58, 96, 85, 29, 90, 75,
           9, 51)(  6, 45,139, 34,114,134,117,147,132,123, 68, 18, 46,142, 73,
         112,146,122, 74,108,119, 38,109, 20,105, 25, 62, 92, 70,113, 37,111,
         107,116,137,133, 24, 65, 28, 95, 97, 78,145,121, 71, 21, 41,101,129,
         130, 23)( 31, 55, 63, 54, 64)( 84,103,126),
      q := (  2, 99,106, 38, 95,107, 88,124,135, 86, 18, 11,100, 25,142,131,
          84, 53,138, 68, 39, 47, 52,128, 24,139, 23,  3, 45, 65, 29,114, 70,
          91,137, 71, 36, 43, 60,125,118, 22, 13, 44, 15, 46, 62,112, 58,108,
          85, 28,109, 37, 93,147, 72, 49, 17, 56,145, 83, 63,102, 35, 42, 10,
         110, 98,116, 67, 31,101, 75, 48, 27,104, 80, 64, 26,144, 73, 92,134,
          87,  8,143,121,133, 33, 40,  5, 50, 14, 94,146, 82, 66, 79, 21, 16,
           6, 12, 41, 55,141,132, 81, 76, 54,140,122,130, 34, 90,129, 74, 96,
         119, 19, 61,115, 77,  9,105, 32, 30,111, 97,126,120,123,136, 69, 89,
         127,117, 57,103, 78, 59,113, 20, 51,  4,  7) ), rec(
      gadd := 
       [ (  1, 50, 99)(  2, 52,103)(  3, 54,100)(  4, 56,104)(  5, 51,101)
            (  6, 53,105)(  7, 55,102)(  8, 68,129)(  9, 70,133)( 10, 65,130)
            ( 11, 67,127)( 12, 69,131)( 13, 64,128)( 14, 66,132)( 15, 79,111)
            ( 16, 81,108)( 17, 83,112)( 18, 78,109)( 19, 80,106)( 20, 82,110)
            ( 21, 84,107)( 22, 97,134)( 23, 92,138)( 24, 94,135)( 25, 96,139)
            ( 26, 98,136)( 27, 93,140)( 28, 95,137)( 29, 60,116)( 30, 62,113)
            ( 31, 57,117)( 32, 59,114)( 33, 61,118)( 34, 63,115)( 35, 58,119)
            ( 36, 71,146)( 37, 73,143)( 38, 75,147)( 39, 77,144)( 40, 72,141)
            ( 41, 74,145)( 42, 76,142)( 43, 89,121)( 44, 91,125)( 45, 86,122)
            ( 46, 88,126)( 47, 90,123)( 48, 85,120)( 49, 87,124), 
          (  1, 82,135)(  2, 84,139)(  3, 79,136)(  4, 81,140)(  5, 83,137)
            (  6, 78,134)(  7, 80,138)(  8, 93,117)(  9, 95,114)( 10, 97,118)
            ( 11, 92,115)( 12, 94,119)( 13, 96,116)( 14, 98,113)( 15, 63,147)
            ( 16, 58,144)( 17, 60,141)( 18, 62,145)( 19, 57,142)( 20, 59,146)
            ( 21, 61,143)( 22, 74,122)( 23, 76,126)( 24, 71,123)( 25, 73,120)
            ( 26, 75,124)( 27, 77,121)( 28, 72,125)( 29, 85,104)( 30, 87,101)
            ( 31, 89,105)( 32, 91,102)( 33, 86, 99)( 34, 88,103)( 35, 90,100)
            ( 36, 55,127)( 37, 50,131)( 38, 52,128)( 39, 54,132)( 40, 56,129)
            ( 41, 51,133)( 42, 53,130)( 43, 66,109)( 44, 68,106)( 45, 70,110)
            ( 46, 65,107)( 47, 67,111)( 48, 69,108)( 49, 64,112) ],
      gmul := 
       [ (  1,110, 59, 44,129, 93, 39,100, 79, 34,126, 65, 22,145, 51, 17,116,
             85, 12,135, 71,  7,106, 57, 43,132, 98, 38,103, 84, 33,122, 70,
              28,141, 56, 16,119, 90, 11,138, 76,  6,109, 62, 49,128, 96, 37,
              99, 82, 32,125, 68, 27,144, 54, 15,115, 88, 10,134, 74,  5,112,
              60, 48,131, 94, 36,102, 80, 31,121, 66, 26,147, 52, 21,118, 86,
               9,137, 72,  4,108, 58, 47,127, 92, 42,105, 78, 30,124, 64, 25,
             143, 50, 20,114, 91,  8,140, 77,  3,111, 63, 46,130, 97, 41,101,
              83, 29,120, 69, 24,146, 55, 19,117, 89, 14,136, 75,  2,107, 61,
              45,133, 95, 40,104, 81, 35,123, 67, 23,142, 53, 18,113, 87, 13,
             139, 73), (  1,142, 95, 14,120, 63, 20,105, 72, 26,131, 88, 32,
             109, 56, 38,135, 65, 44,113, 81,  2,146, 97,  8,124, 58, 21,102,
              74, 27,128, 90, 33,106, 51, 39,139, 67, 45,117, 83,  3,143, 92,
               9,121, 60, 15, 99, 76, 28,132, 85, 34,110, 53, 40,136, 69, 46,
             114, 78,  4,147, 94, 10,125, 62, 16,103, 71, 22,129, 87, 35,107,
              55, 41,140, 64, 47,118, 80,  5,144, 96, 11,122, 57, 17,100, 73,
              23,133, 89, 29,111, 50, 42,137, 66, 48,115, 82,  6,141, 98, 12,
             126, 59, 18,104, 75, 24,130, 91, 30,108, 52, 36,134, 68, 49,119,
              84,  7,145, 93, 13,123, 61, 19,101, 77, 25,127, 86, 31,112, 54,
              37,138, 70, 43,116, 79) ],
      p := (  2, 50, 20,102, 63, 51,  5, 99, 91, 68, 23,  6, 15, 41,100, 70,
         140,114,144, 88, 34,137, 11, 55, 73,143,118, 45,116, 32, 14,142,130,
          59, 62, 82,121,133, 61, 58, 83,119,125, 33, 22, 21, 29, 60, 89, 19,
         111,136,131, 86,  9, 52, 66,132, 65,  8, 76,104,120, 10, 79, 31, 53,
          97, 78,112, 25, 71, 26, 74,141,122,124,106,129, 96, 77, 18, 16,  3,
          42, 17,103, 80,113,147,127, 69,134,123,115,109, 24, 95, 75, 39, 40,
           4)( 12, 28, 81, 44, 30, 84,110,138,135, 46,107,128, 94, 98, 57, 56,
         72, 38,145, 67, 13, 36, 37,146,126, 90, 85,101, 87, 49, 35, 27, 54,
          93, 92, 64, 48, 43,108)( 47,105),
      q := (  2, 99,128,118, 12, 29,137, 46, 71, 31,100,120, 47, 54,113, 80,
          93,115, 77, 39, 17, 55,110, 63,104, 70, 62,143, 94,117, 98,136, 86,
          48, 14, 79, 26,108, 45, 95,106, 87,  8,111, 57,101,129,114, 78, 72,
          19, 76, 51,  4,  7)(  3, 15, 16,  6, 42, 40,  5, 50, 37, 84, 73, 82,
         66, 89, 38, 81, 13, 21, 28,145,126,130,139, 59,140, 96,109, 33, 35,
          30,146, 67, 44, 27,105, 10,142, 90,133,135, 11,103,147, 88, 23)
        (  9,102,138, 61,134, 65, 49, 22, 36, 20, 52,121, 85, 56,112, 32, 43,
          74, 83, 97,144,127,122, 68, 34, 60,132,123, 92,125, 24,116, 25,107,
          91,124, 75, 18, 41, 53,119, 64)( 58,141, 69) ), rec(
      gadd := 
       [ (  1, 36, 23, 10, 45, 32, 19,  6, 41, 28,  8, 43, 30, 17,  4, 39, 26,
             13, 48, 35, 15,  2, 37, 24, 11, 46, 33, 20,  7, 42, 22,  9, 44,
              31, 18,  5, 40, 27, 14, 49, 29, 16,  3, 38, 25, 12, 47, 34, 21)
            ( 50, 85, 72, 59, 94, 81, 68, 55, 90, 77, 57, 92, 79, 66, 53, 88,
              75, 62, 97, 84, 64, 51, 86, 73, 60, 95, 82, 69, 56, 91, 71, 58,
              93, 80, 67, 54, 89, 76, 63, 98, 78, 65, 52, 87, 74, 61, 96, 83,
              70)( 99,134,121,108,143,130,117,104,139,126,106,141,128,115,102,
             137,124,111,146,133,113,100,135,122,109,144,131,118,105,140,120,
             107,142,129,116,103,138,125,112,147,127,114,101,136,123,110,145,
             132,119), (  1, 70,146)(  2, 65,143)(  3, 67,147)(  4, 69,144)
            (  5, 64,141)(  6, 66,145)(  7, 68,142)(  8, 81,121)(  9, 83,125)
            ( 10, 78,122)( 11, 80,126)( 12, 82,123)( 13, 84,120)( 14, 79,124)
            ( 15, 92,103)( 16, 94,100)( 17, 96,104)( 18, 98,101)( 19, 93,105)
            ( 20, 95,102)( 21, 97, 99)( 22, 62,133)( 23, 57,130)( 24, 59,127)
            ( 25, 61,131)( 26, 63,128)( 27, 58,132)( 28, 60,129)( 29, 73,108)
            ( 30, 75,112)( 31, 77,109)( 32, 72,106)( 33, 74,110)( 34, 76,107)
            ( 35, 71,111)( 36, 91,138)( 37, 86,135)( 38, 88,139)( 39, 90,136)
            ( 40, 85,140)( 41, 87,137)( 42, 89,134)( 43, 54,113)( 44, 56,117)
            ( 45, 51,114)( 46, 53,118)( 47, 55,115)( 48, 50,119)( 49, 52,116) 
         ],
      gmul := 
       [ (  1, 26, 44, 21, 39,  9, 34,  4, 22, 47, 17, 42, 12, 30,  7, 25, 43,
             20, 38,  8, 33,  3, 28, 46, 16, 41, 11, 29,  6, 24, 49, 19, 37,
              14, 32,  2, 27, 45, 15, 40, 10, 35,  5, 23, 48, 18, 36, 13, 31)
            ( 50, 98, 91, 84, 77, 70, 63, 56, 97, 90, 83, 76, 69, 62, 55, 96,
              89, 82, 75, 68, 61, 54, 95, 88, 81, 74, 67, 60, 53, 94, 87, 80,
              73, 66, 59, 52, 93, 86, 79, 72, 65, 58, 51, 92, 85, 78, 71, 64,
              57)( 99,136,125,107,144,133,115,104,134,123,112,142,131,113,102,
             139,121,110,147,129,118,100,137,126,108,145,127,116,105,135,124,
             106,143,132,114,103,140,122,111,141,130,119,101,138,120,109,146,
             128,117), (  1, 80,124)(  2, 84,126)(  3, 81,121)(  4, 78,123)
            (  5, 82,125)(  6, 79,120)(  7, 83,122)(  8, 62,135)(  9, 59,137)
            ( 10, 63,139)( 11, 60,134)( 12, 57,136)( 13, 61,138)( 14, 58,140)
            ( 15, 85,105)( 16, 89,100)( 17, 86,102)( 18, 90,104)( 19, 87, 99)
            ( 20, 91,101)( 21, 88,103)( 22, 67,116)( 23, 64,118)( 24, 68,113)
            ( 25, 65,115)( 26, 69,117)( 27, 66,119)( 28, 70,114)( 29, 97,127)
            ( 30, 94,129)( 31, 98,131)( 32, 95,133)( 33, 92,128)( 34, 96,130)
            ( 35, 93,132)( 36, 72,145)( 37, 76,147)( 38, 73,142)( 39, 77,144)
            ( 40, 74,146)( 41, 71,141)( 42, 75,143)( 43, 54,108)( 44, 51,110)
            ( 45, 55,112)( 46, 52,107)( 47, 56,109)( 48, 53,111)( 49, 50,106) 
         ],
      p := (  2, 99, 47,147, 33,144, 34,120,134,110,  9,101, 63,105, 12,142,
          89, 98, 90, 87,121, 23, 62,122, 26, 79, 82, 43,133, 31,  6, 15, 76,
          58, 72,140,119, 66, 17,103, 65,100, 94, 85, 84,107, 18,  3, 42,109,
          70, 88,131,129,124,141, 80,116, 75, 67, 57, 81, 60, 74, 59,145,136,
         114,139, 11,104, 68,108,138, 32, 91, 77,106, 78, 83, 35, 44, 56, 73,
          96, 45,  4)(  5, 50, 22, 54, 37, 51, 95, 48,137, 25,111, 92,115,118,
         8,125,143, 49, 14, 36,123,117,135, 46,113, 38)( 10,128, 69, 30, 55,
          71, 97)( 13, 28, 21, 93, 39,130,127,126, 86, 20, 16, 41)
        ( 19, 52, 27, 29,102)( 24, 53,146)( 40, 64,132,112, 61),
      q := (  2, 50, 35, 13, 29, 54, 20, 41, 44,100,110, 48, 67,147, 24,103,
         139, 46, 91,127, 78,121, 34, 84, 97, 47, 57,123, 87, 83, 22,102, 38,
           4,  7)(  3, 15,128,135, 11, 52, 30,101,141,124, 63, 51,109,134, 94,
         119,138, 25, 93, 18,  6, 42, 95,  9, 55,133, 26,125, 61, 17, 53, 58,
         132, 92, 89,106,126,118, 49, 43, 71,107, 39, 74,145, 68, 96, 12, 62,
          82, 14, 21,111,112,143,  8, 79,122, 31)(  5, 99, 10, 76,146, 33, 60,
         130, 77, 98,114, 65, 56,131, 75,137, 32,113, 19,104,136, 90,117, 69,
          27, 28, 36, 81,144, 23,142,115, 86, 37,105, 45)( 40,140, 85,120, 70,
         116,129, 80, 88, 73,108, 66)( 64, 72) ), rec(
      gadd := 
       [ (  1, 71,119)(  2, 73,116)(  3, 75,113)(  4, 77,117)(  5, 72,114)
            (  6, 74,118)(  7, 76,115)(  8, 89,142)(  9, 91,146)( 10, 86,143)
            ( 11, 88,147)( 12, 90,144)( 13, 85,141)( 14, 87,145)( 15, 52,124)
            ( 16, 54,121)( 17, 56,125)( 18, 51,122)( 19, 53,126)( 20, 55,123)
            ( 21, 50,120)( 22, 70, 99)( 23, 65,103)( 24, 67,100)( 25, 69,104)
            ( 26, 64,101)( 27, 66,105)( 28, 68,102)( 29, 81,129)( 30, 83,133)
            ( 31, 78,130)( 32, 80,127)( 33, 82,131)( 34, 84,128)( 35, 79,132)
            ( 36, 92,111)( 37, 94,108)( 38, 96,112)( 39, 98,109)( 40, 93,106)
            ( 41, 95,110)( 42, 97,107)( 43, 62,134)( 44, 57,138)( 45, 59,135)
            ( 46, 61,139)( 47, 63,136)( 48, 58,140)( 49, 60,137), 
          (  1, 92,132)(  2, 94,129)(  3, 96,133)(  4, 98,130)(  5, 93,127)
            (  6, 95,131)(  7, 97,128)(  8, 62,107)(  9, 57,111)( 10, 59,108)
            ( 11, 61,112)( 12, 63,109)( 13, 58,106)( 14, 60,110)( 15, 73,137)
            ( 16, 75,134)( 17, 77,138)( 18, 72,135)( 19, 74,139)( 20, 76,136)
            ( 21, 71,140)( 22, 91,119)( 23, 86,116)( 24, 88,113)( 25, 90,117)
            ( 26, 85,114)( 27, 87,118)( 28, 89,115)( 29, 54,142)( 30, 56,146)
            ( 31, 51,143)( 32, 53,147)( 33, 55,144)( 34, 50,141)( 35, 52,145)
            ( 36, 65,124)( 37, 67,121)( 38, 69,125)( 39, 64,122)( 40, 66,126)
            ( 41, 68,123)( 42, 70,120)( 43, 83, 99)( 44, 78,103)( 45, 80,100)
            ( 46, 82,104)( 47, 84,101)( 48, 79,105)( 49, 81,102) ],
      gmul := 
       [ (  1, 56,104,  5, 53,101,  2, 50,105,  6, 54,102,  3, 51, 99,  7, 55,
             103,  4, 52,100)(  8, 63,111, 12, 60,108,  9, 57,112, 13, 61,109,
             10, 58,106, 14, 62,110, 11, 59,107)( 15, 70,118, 19, 67,115, 16,
              64,119, 20, 68,116, 17, 65,113, 21, 69,117, 18, 66,114)
            ( 22, 77,125, 26, 74,122, 23, 71,126, 27, 75,123, 24, 72,120, 28,
              76,124, 25, 73,121)( 29, 84,132, 33, 81,129, 30, 78,133, 34, 82,
             130, 31, 79,127, 35, 83,131, 32, 80,128)( 36, 91,139, 40, 88,136,
             37, 85,140, 41, 89,137, 38, 86,134, 42, 90,138, 39, 87,135)
            ( 43, 98,146, 47, 95,143, 44, 92,147, 48, 96,144, 45, 93,141, 49,
              97,145, 46, 94,142), 
          (  1, 72,146, 21, 87,108, 33, 53,124, 44, 66,139, 13, 78,105, 22,
              96,118, 37, 58,130,  3, 74,141, 16, 89,110, 35, 55,126, 46, 68,
             134,  8, 80,100, 24, 98,113, 39, 60,132,  5, 76,143, 18, 91,112,
              30, 50,121, 48, 70,136, 10, 82,102, 26, 93,115, 41, 62,127,  7,
              71,145, 20, 86,107, 32, 52,123, 43, 65,138, 12, 84,104, 28, 95,
             117, 36, 57,129,  2, 73,147, 15, 88,109, 34, 54,125, 45, 67,140,
              14, 79, 99, 23, 97,119, 38, 59,131,  4, 75,142, 17, 90,111, 29,
              56,120, 47, 69,135,  9, 81,101, 25, 92,114, 40, 61,133,  6, 77,
             144, 19, 85,106, 31, 51,122, 49, 64,137, 11, 83,103, 27, 94,116,
              42, 63,128) ],
      p := (  2, 59, 75, 46,126, 73, 43,145,108, 96,127,109, 68, 63, 80, 33,
          86, 36, 49,103, 55,  5,143,129,101, 76, 26,139, 71,112, 39, 25,  6,
          30, 81, 90,123,105, 78, 27,114, 37,140, 95, 34, 57,138, 50,124, 92,
          18,144,107, 72, 20, 88,132, 40,117, 19, 31, 61, 52, 42,  4)
        (  3, 23, 14, 24, 29, 83,  9, 82,120, 45, 89,102, 74,134,136, 77,118,
          44, 32, 70, 15,116,106, 79,146,130,122, 66, 69, 38, 47,  8,115, 16,
          22,142, 99,119,135, 94, 12, 58,113,128,131, 17)( 10, 60, 54, 35, 21,
         125,133, 11, 87, 98,137, 56,111)( 13, 48, 64, 62, 84, 65, 97,110, 91,
         147,100, 93, 41, 28, 53)( 51,141, 67, 85,104),
      q := (  2,143, 71, 97, 92, 38,  8, 88, 75,  9,125, 74, 69, 18, 58, 90,
          84,138, 99, 91, 62,123, 51, 61,104,105,122,137,100,109,135,108,106,
         121, 79, 63,120, 10,142, 50, 83, 46, 81,113, 72, 36, 13, 14, 29,124,
         110,119, 68,146, 77, 85, 52, 21, 82, 80, 27, 89, 54, 25,  3, 30,126,
         127, 93, 15, 87,111, 45,114, 19, 22, 60,102,133, 44, 28,103,101,131,
          39, 35, 42,  5, 59,132, 16, 31,141,136,130, 78, 33,117, 37, 70, 41,
          32,140,107,128, 76, 34,145, 94, 43, 57, 65,112, 17,  6, 23, 48,139,
         129, 55,  4,  7)( 11,116, 96, 73, 12,144, 95, 26, 64,147, 56, 98, 66,
         134, 67,118)( 20,115, 40, 86)( 49, 53) ), rec(
      gadd := 
       [ (  1, 45, 41, 30, 26, 15, 11,  7, 44, 40, 29, 25, 21, 10,  6, 43, 39,
             35, 24, 20,  9,  5, 49, 38, 34, 23, 19,  8,  4, 48, 37, 33, 22,
              18, 14,  3, 47, 36, 32, 28, 17, 13,  2, 46, 42, 31, 27, 16, 12)
            ( 50, 94, 90, 79, 75, 64, 60, 56, 93, 89, 78, 74, 70, 59, 55, 92,
              88, 84, 73, 69, 58, 54, 98, 87, 83, 72, 68, 57, 53, 97, 86, 82,
              71, 67, 63, 52, 96, 85, 81, 77, 66, 62, 51, 95, 91, 80, 76, 65,
              61)( 99,143,139,128,124,113,109,105,142,138,127,123,119,108,104,
             141,137,133,122,118,107,103,147,136,132,121,117,106,102,146,135,
             131,120,116,112,101,145,134,130,126,115,111,100,144,140,129,125,
             114,110), (  1, 87,106)(  2, 89,110)(  3, 91,107)(  4, 86,111)
            (  5, 88,108)(  6, 90,112)(  7, 85,109)(  8, 50,136)(  9, 52,140)
            ( 10, 54,137)( 11, 56,134)( 12, 51,138)( 13, 53,135)( 14, 55,139)
            ( 15, 68,118)( 16, 70,115)( 17, 65,119)( 18, 67,116)( 19, 69,113)
            ( 20, 64,117)( 21, 66,114)( 22, 79,141)( 23, 81,145)( 24, 83,142)
            ( 25, 78,146)( 26, 80,143)( 27, 82,147)( 28, 84,144)( 29, 97,123)
            ( 30, 92,120)( 31, 94,124)( 32, 96,121)( 33, 98,125)( 34, 93,122)
            ( 35, 95,126)( 36, 60,105)( 37, 62,102)( 38, 57, 99)( 39, 59,103)
            ( 40, 61,100)( 41, 63,104)( 42, 58,101)( 43, 71,128)( 44, 73,132)
            ( 45, 75,129)( 46, 77,133)( 47, 72,130)( 48, 74,127)( 49, 76,131) 
         ],
      gmul := 
       [ (  1, 90,145, 31, 94,110, 12, 55,126, 40, 62,138, 19, 67,105, 45, 77,
             116, 22, 78,130,  5, 91,147, 35, 95,112,  9, 56,121, 37, 63,140,
              16, 68,100, 49, 71,118, 26, 79,132,  2, 85,142, 32, 96,107, 13,
              50,123, 41, 57,135, 20, 69,102, 46, 72,113, 23, 80,127,  6, 86,
             144, 29, 97,109, 10, 51,125, 38, 58,137, 17, 70,104, 43, 73,115,
              27, 81,129,  3, 87,146, 33, 98,111, 14, 52,120, 42, 59,139, 21,
              64, 99, 47, 74,117, 24, 82,131,  7, 88,141, 30, 92,106, 11, 53,
             122, 39, 60,134, 18, 65,101, 44, 75,119, 28, 83,133,  4, 89,143,
              34, 93,108,  8, 54,124, 36, 61,136, 15, 66,103, 48, 76,114, 25,
              84,128), (  1,140, 86, 21,143, 67, 32,104, 92, 48,112, 72, 14,
             119, 55, 26,125, 82, 36,130, 57,  3,134, 90, 16,144, 64, 34,105,
              96, 43,106, 76,  9,113, 52, 28,126, 79, 38,131, 61,  5,135, 87,
              18,145, 68, 29, 99, 93, 45,107, 73, 11,114, 56, 23,120, 83, 40,
             132, 58,  7,136, 91, 20,146, 65, 31,100, 97, 47,108, 77, 13,115,
              53, 25,121, 80, 42,133, 62,  2,137, 88, 15,147, 69, 33,101, 94,
              49,109, 74,  8,116, 50, 27,122, 84, 37,127, 59,  4,138, 85, 17,
             141, 66, 35,102, 98, 44,110, 71, 10,117, 54, 22,123, 81, 39,128,
              63,  6,139, 89, 19,142, 70, 30,103, 95, 46,111, 75, 12,118, 51,
              24,124, 78, 41,129, 60) ],
      p := (  2, 50, 20,102, 59, 58, 83,118, 46,107,129, 98, 60, 91, 65, 10,
          79, 29, 63, 51,  5, 99, 86, 11, 55, 76,104,124,106,130, 62, 82,125,
          31, 53, 92, 68, 24, 97, 78,112, 26, 77, 18, 16,  3, 40,  4)
        (  6, 15, 39, 38,144, 90, 87, 43,108, 14,141,126, 85,101, 89, 19,111,
         140,113,146,123,114,143,117,116, 30, 84,110,135, 47,105, 48, 44, 35,
          28, 81, 45,115,109, 25, 74,147,128, 96, 73,142,131, 88, 32,  9, 52,
          70,137, 13, 41,100, 67,  8, 72, 36, 42, 17,103, 80,119,122,121,127,
          66,133, 57, 56, 75, 37,145, 64, 49, 33, 23)( 12, 22, 21, 34,134,120)
        ( 27, 54, 95, 71)( 69,138,139,136,132)( 93, 94),
      q := (  2, 99,129,113, 80, 95,106, 89, 36, 20, 52,125, 25,107, 86, 49,
          23,  3, 15, 16,  6, 40,  5, 50, 42, 38, 81,  8,111, 60,133,139, 62,
         142, 85, 56,112, 30,145,123, 94,116, 26,108, 46, 74, 83, 92,122, 65,
          43, 77, 37, 84, 76, 51,  4,  7)(  9,102,135, 13, 21, 22, 41, 53,118,
         14, 79, 27,105, 12, 34, 63,104, 67, 45, 97,143, 96,109, 31,100,124,
          71, 29,134, 69, 61,138, 57,101,130,136, 88, 24,115, 73, 82, 70, 58,
         147, 90,127,126,131,132,120, 48)( 10,141, 66, 91,121, 87)
        ( 11,103,146, 64)( 17, 55,110, 59,137, 47, 54,119, 68, 32, 44, 28,144,
         128,117, 93,114, 78, 75, 18, 39)( 19, 72)( 98,140) ), rec(
      gadd := 
       [ (  1,106, 64, 22,127, 85, 43,100, 58, 16,121, 79, 37,142, 52, 10,115,
             73, 31,136, 94,  4,109, 67, 25,130, 88, 46,103, 61, 19,124, 82,
              40,145, 55, 13,118, 76, 34,139, 97,  7,112, 70, 28,133, 91, 49,
              99, 57, 15,120, 78, 36,141, 51,  9,114, 72, 30,135, 93,  3,108,
              66, 24,129, 87, 45,102, 60, 18,123, 81, 39,144, 54, 12,117, 75,
              33,138, 96,  6,111, 69, 27,132, 90, 48,105, 63, 21,126, 84, 42,
             147, 50,  8,113, 71, 29,134, 92,  2,107, 65, 23,128, 86, 44,101,
              59, 17,122, 80, 38,143, 53, 11,116, 74, 32,137, 95,  5,110, 68,
              26,131, 89, 47,104, 62, 20,125, 83, 41,146, 56, 14,119, 77, 35,
             140, 98), (  1,121, 94, 19,139, 57, 30,102, 75, 48,113, 86, 11,
             131, 56, 22,142, 67, 40,112, 78,  3,123, 96, 21,134, 59, 32,104,
              77, 43,115, 88, 13,133, 51, 24,144, 69, 42,107, 80,  5,125, 98,
              16,136, 61, 34, 99, 72, 45,117, 90,  8,128, 53, 26,146, 64, 37,
             109, 82,  7,120, 93, 18,138, 63, 29,101, 74, 47,119, 85, 10,130,
              55, 28,141, 66, 39,111, 84,  2,122, 95, 20,140, 58, 31,103, 76,
              49,114, 87, 12,132, 50, 23,143, 68, 41,106, 79,  4,124, 97, 15,
             135, 60, 33,105, 71, 44,116, 89, 14,127, 52, 25,145, 70, 36,108,
              81,  6,126, 92, 17,137, 62, 35,100, 73, 46,118, 91,  9,129, 54,
              27,147, 65, 38,110, 83) ],
      gmul := 
       [ (  1, 20, 32, 44,  8, 27, 39,  3, 15, 34, 46, 10, 22, 41,  5, 17, 29,
             48, 12, 24, 36,  7, 19, 31, 43, 14, 26, 38,  2, 21, 33, 45,  9,
              28, 40,  4, 16, 35, 47, 11, 23, 42,  6, 18, 30, 49, 13, 25, 37)
            ( 50, 69, 81, 93, 57, 76, 88, 52, 64, 83, 95, 59, 71, 90, 54, 66,
              78, 97, 61, 73, 85, 56, 68, 80, 92, 63, 75, 87, 51, 70, 82, 94,
              58, 77, 89, 53, 65, 84, 96, 60, 72, 91, 55, 67, 79, 98, 62, 74,
              86)( 99,118,130,142,106,125,137,101,113,132,144,108,120,139,103,
             115,127,146,110,122,134,105,117,129,141,112,124,136,100,119,131,
             143,107,126,138,102,114,133,145,109,121,140,104,116,128,147,111,
             123,135), (  1,134, 72, 10,143, 81, 19,104, 90, 28,106, 92, 30,
             115, 53, 39,124, 62, 48,133, 64,  2,135, 73, 11,144, 82, 20,105,
              91, 22,107, 93, 31,116, 54, 40,125, 63, 49,127, 65,  3,136, 74,
              12,145, 83, 21, 99, 85, 23,108, 94, 32,117, 55, 41,126, 57, 43,
             128, 66,  4,137, 75, 13,146, 84, 15,100, 86, 24,109, 95, 33,118,
              56, 42,120, 58, 44,129, 67,  5,138, 76, 14,147, 78, 16,101, 87,
              25,110, 96, 34,119, 50, 36,121, 59, 45,130, 68,  6,139, 77,  8,
             141, 79, 17,102, 88, 26,111, 97, 35,113, 51, 37,122, 60, 46,131,
              69,  7,140, 71,  9,142, 80, 18,103, 89, 27,112, 98, 29,114, 52,
              38,123, 61, 47,132, 70) ],
      p := (  2, 50, 48, 31, 55, 58, 94, 60, 80,136,138,139, 35, 19,141, 71,
          18, 44, 38,111,109, 17,100, 33, 21, 37,106, 16,  3, 14,112,144,132,
         122, 73,107,113, 40,  4)(  5, 99, 96, 88, 81,129,131,126, 78,143, 84,
         103,125, 89, 76,102, 28, 93, 59, 87, 47,104,123, 65, 27, 52, 75, 11,
          56, 61, 85, 30, 98, 91, 64, 32, 26, 62, 97, 79, 39, 12, 20,105, 24,
          69,119, 41,101,130, 22, 49, 36,  9, 51)(  6, 43,142, 72, 10, 92, 67,
         25, 57, 53, 70,117,145,120, 82,134,114,137,127, 90, 74,110,108,116,
         140, 83,146,121, 77, 46,147,133, 23)(  8, 63, 54, 68, 15, 13)
        ( 29, 86, 42, 45,135,115,128, 34,118)( 66,124),
      q := (  2, 99,108, 88,123,139, 22,  8,141,133, 34, 86, 15, 44, 19, 63,
         102, 29,118, 28,111, 95,109, 40,  5, 50,  9,105, 33, 36, 48, 26,142,
         132, 82, 70, 87, 10,112, 60,124,138, 65, 30,106, 41, 55,146, 83, 58,
         110, 96,116, 64, 25,147, 71, 39, 45, 69, 85, 27,104, 81, 75, 46, 57,
         103, 79, 18, 13, 49, 21, 20, 51,  4,  7)(  3, 43, 62,107, 91,140,121,
         127,114, 67, 32, 31,101, 74, 94,144, 72, 47, 52,129, 73, 97,125,115,
          76, 54,136, 66, 80, 68, 42, 12, 37, 98,113, 17, 56,143,120,122,131,
          78, 61,119, 16,  6, 14, 92,137, 77, 11,100, 24,135, 89,128, 23)
        ( 35, 38, 93,145, 84, 53,134, 90,130)( 59,117) ), rec(
      gadd := 
       [ (  1, 23, 45, 19, 41,  8, 30,  4, 26, 48, 15, 37, 11, 33,  7, 22, 44,
             18, 40, 14, 29,  3, 25, 47, 21, 36, 10, 32,  6, 28, 43, 17, 39,
              13, 35,  2, 24, 46, 20, 42,  9, 31,  5, 27, 49, 16, 38, 12, 34)
            ( 50, 72, 94, 68, 90, 57, 79, 53, 75, 97, 64, 86, 60, 82, 56, 71,
              93, 67, 89, 63, 78, 52, 74, 96, 70, 85, 59, 81, 55, 77, 92, 66,
              88, 62, 84, 51, 73, 95, 69, 91, 58, 80, 54, 76, 98, 65, 87, 61,
              83)( 99,121,143,117,139,106,128,102,124,146,113,135,109,131,105,
             120,142,116,138,112,127,101,123,145,119,134,108,130,104,126,141,
             115,137,111,133,100,122,144,118,140,107,129,103,125,147,114,136,
