NCBRACES[54] := [ rec(
      gadd := [ ( 1,11,21, 8,18,25, 5,15,22, 2,12,19, 9,16,26, 6,13,23, 3,10,20, 7,17,27, 4,14,24)(28,38,48,35,45,52,32,42,49,29,39,46,36,43,53,33,40,50,30,37,47,34,44,54,31,41,51), 
          ( 1,50)( 2,49)( 3,51)( 4,47)( 5,46)( 6,48)( 7,54)( 8,53)( 9,52)(10,41)(11,40)(12,42)(13,38)(14,37)(15,39)(16,45)(17,44)(18,43)(19,32)(20,31)(21,33)
            (22,29)(23,28)(24,30)(25,36)(26,35)(27,34) ],
      gmul := [ ( 1,14,27, 7,10,23, 6,16,19, 2,15,25, 8,11,24, 4,17,20, 3,13,26, 9,12,22, 5,18,21)(28,41,54,34,37,50,33,43,46,29,42,52,35,38,51,31,44,47,30,40,53,36,39,49,32,45,48), 
          ( 1,31)( 2,33)( 3,32)( 4,28)( 5,30)( 6,29)( 7,35)( 8,34)( 9,36)(10,52)(11,54)(12,53)(13,49)(14,51)(15,50)(16,46)(17,48)(18,47)(19,43)(20,45)(21,44)
            (22,40)(23,42)(24,41)(25,37)(26,39)(27,38) ],
      p := ( 2,28,50,54,37,41,27,44,11,30,52,51,49,45,16,12,40,26, 4, 7, 5)( 3,13,34,33,31,47,38,35,42,18,17,14,29,48,43,10,32,36,39,24,23,20, 6,19,15,25,21, 8)( 9,46,22),
      q := ( 2,28,50,54,37,41,18,25,14,29,48,43,22, 6,13,34,33,31,47,38,35,42,27,44,24,12,40,16,23,15,17,21, 4, 5, 3,19,20, 9,46,10,32,36,39,11,30,52,51,49,45,26, 8) ), rec(
      gadd := [ ( 1,45)( 2,44)( 3,43)( 4,42)( 5,41)( 6,40)( 7,39)( 8,38)( 9,37)(10,36)(11,35)(12,34)(13,33)(14,32)(15,31)(16,30)(17,29)(18,28)(19,47)(20,46)
            (21,48)(22,54)(23,53)(24,52)(25,51)(26,50)(27,49), ( 1,49)( 2,51)( 3,50)( 4,46)( 5,48)( 6,47)( 7,53)( 8,52)( 9,54)(10,40)(11,42)(12,41)(13,37)(14,39)(15,38)(16,44)(17,43)
            (18,45)(19,31)(20,33)(21,32)(22,28)(23,30)(24,29)(25,35)(26,34)(27,36) ],
      gmul := [ ( 1,36)( 2,34)( 3,35)( 4,29)( 5,30)( 6,28)( 7,32)( 8,33)( 9,31)(10,45)(11,43)(12,44)(13,38)(14,39)(15,37)(16,41)(17,42)(18,40)(19,54)(20,52)
            (21,53)(22,47)(23,48)(24,46)(25,50)(26,51)(27,49), ( 1,42)( 2,40)( 3,41)( 4,45)( 5,43)( 6,44)( 7,38)( 8,39)( 9,37)(10,51)(11,49)(12,50)(13,54)(14,52)(15,53)(16,47)(17,48)
            (18,46)(19,30)(20,28)(21,29)(22,33)(23,31)(24,32)(25,36)(26,34)(27,35) ],
      p := ( 2,28,16,21, 5)( 3,25, 9,52,46,19,27,14,30,48,13,35,32,49,42,43,15,12,44,11,29,39,36,37,33,54,40,50,38,45,24,18,22,10,31,53,47,20, 7, 8)( 6,17,26,23),
      q := ( 2,28,26,12,44,24,27,21, 7, 4, 8)( 3,17,16,14,30,48,19,18,10,31,53,47,15,23, 9,52,46,13,35,32,49,42,43,20, 5)( 6,25)(11,29,39,36,37,33,54,40,50,38,45) ), rec(
      gadd := [ ( 1,20,16, 5,24,10, 9,25,14, 3,19,18, 4,23,12, 8,27,13, 2,21,17, 6,22,11, 7,26,15)(28,47,43,32,51,37,36,52,41,30,46,45,31,50,39,35,54,40,29,48,44,33,49,38,34,53,42), 
          ( 1,41)( 2,40)( 3,42)( 4,38)( 5,37)( 6,39)( 7,45)( 8,44)( 9,43)(10,32)(11,31)(12,33)(13,29)(14,28)(15,30)(16,36)(17,35)(18,34)(19,53)(20,52)(21,54)
            (22,50)(23,49)(24,51)(25,47)(26,46)(27,48) ],
      gmul := [ ( 1,40,17,34,23,51, 9,45,15,29,21,53, 4,37,10,31,26,48, 2,42,18,36,24,50, 7,44,13,28,19,52, 5,39,11,33,27,47, 3,41,16,35,22,49, 8,43,14,30,20,54, 6,38,12,32,25,46) ],
      p := ( 2,28,16,21, 5)( 3,25, 9,44,11,30,41,48,13,31,43,15,12,52,40,39,33,45,24,18,22,10,35,34,32,37,36,49,47,20, 7, 8)( 6,17,26,23)(14,29,50,51,38,54,46,19,27)(42,53),
      q := ( 2,28,26,12,44,24,27,21, 7, 4, 8)( 3,17,16,14,30,48,19,18,10,31,53,47,15,23, 9,52,46,13,35,32,49,42,43,20, 5)( 6,25)(11,29,39,36,37,33,54,40,50,38,45) ), rec(
      gadd := [ ( 1,14,27, 7,10,23, 6,16,19, 2,15,25, 8,11,24, 4,17,20, 3,13,26, 9,12,22, 5,18,21)(28,41,54,34,37,50,33,43,46,29,42,52,35,38,51,31,44,47,30,40,53,36,39,49,32,45,48), 
          ( 1,35)( 2,34)( 3,36)( 4,32)( 5,31)( 6,33)( 7,29)( 8,28)( 9,30)(10,46)(11,48)(12,47)(13,53)(14,52)(15,54)(16,50)(17,49)(18,51)(19,37)(20,39)(21,38)
            (22,44)(23,43)(24,45)(25,41)(26,40)(27,42) ],
      gmul := [ ( 1,40,25,34,12,51, 6,45,20,29,14,53, 8,37,22,31,16,48, 3,42,27,36,11,50, 5,44,19,28,13,52, 7,39,24,33,18,47, 2,41,26,35,10,49, 4,43,21,30,15,54, 9,38,23,32,17,46) ],
      p := ( 2,28,39,24,23,20, 6,19,15,25,21, 8, 3,13,32,33,35,47,51,37,48,53,43,10,34,36,50,45,16,12,46,22, 9,40,26, 4, 7, 5)(11,29,41,27,52,38,31,42,18,17,14,30,44)(49,54),
      q := ( 2,28,50,54,37,41,18,25,14,29,48,43,22, 6,13,34,33,31,47,38,35,42,27,44,24,12,40,16,23,15,17,21, 4, 5, 3,19,20, 9,46,10,32,36,39,11,30,52,51,49,45,26, 8) ), rec(
      gadd := [ ( 1,30)( 2,29)( 3,28)( 4,34)( 5,36)( 6,35)( 7,31)( 8,33)( 9,32)(10,51)(11,50)(12,49)(13,48)(14,47)(15,46)(16,52)(17,54)(18,53)(19,42)(20,41)
            (21,40)(22,39)(23,38)(24,37)(25,43)(26,45)(27,44), ( 1,47)( 2,46)( 3,48)( 4,54)( 5,53)( 6,52)( 7,51)( 8,50)( 9,49)(10,38)(11,37)(12,39)(13,45)(14,44)(15,43)(16,42)(17,41)
            (18,40)(19,29)(20,28)(21,30)(22,36)(23,35)(24,34)(25,33)(26,32)(27,31) ],
      gmul := [ ( 1,40,27,34,12,50, 6,45,19,29,14,52, 8,37,24,31,16,47, 3,42,26,36,11,49, 5,44,21,28,13,54, 7,39,23,33,18,46, 2,41,25,35,10,51, 4,43,20,30,15,53, 9,38,22,32,17,48) ],
      p := ( 2,28,38,31,41,27,52,37,48,53,45,18,16,11,29,40,26, 4, 7, 5)( 3,15,25,21, 8)( 6,19,14,30,43,12,46,22, 9,42,17,13,32,33,35,47,51,39,24,23,20)(10,34,36,50,44)(49,54),
      q := ( 2,28,50,54,39,10,32,36,38,35,41,17,21, 4, 5, 3,19,20, 9,46,12,42,27,43,22, 6,15,16,23,14,29,48,45,26, 8)(11,30,52,51,49,44,24)(13,34,33,31,47,37,40,18,25) ), rec(
      gadd := [ ( 1,32)( 2,31)( 3,33)( 4,29)( 5,28)( 6,30)( 7,36)( 8,35)( 9,34)(10,53)(11,52)(12,54)(13,50)(14,49)(15,51)(16,47)(17,46)(18,48)(19,44)(20,43)
            (21,45)(22,41)(23,40)(24,42)(25,38)(26,37)(27,39), ( 1,47)( 2,46)( 3,48)( 4,54)( 5,53)( 6,52)( 7,51)( 8,50)( 9,49)(10,38)(11,37)(12,39)(13,45)(14,44)(15,43)(16,42)(17,41)
            (18,40)(19,29)(20,28)(21,30)(22,36)(23,35)(24,34)(25,33)(26,32)(27,31) ],
      gmul := [ ( 1,40,18,34,23,50, 9,45,13,29,21,52, 4,37,11,31,26,47, 2,42,16,36,24,49, 7,44,14,28,19,54, 5,39,12,33,27,46, 3,41,17,35,22,51, 8,43,15,30,20,53, 6,38,10,32,25,48) ],
      p := ( 2,28,16,19,25, 9,43,15,12,52,42,53,41,48,13,31,45,22,10,35,34,32,39,33,44,11,30,40,38,54,46,20, 7, 8, 3,26,24,18,23, 6,17,27,14,29,50,51,37,36,49,47,21, 5),
      q := ( 2,28,27,19,18,10,31,53,47,15,24,25, 6,26,12,43,21, 7, 4, 8)( 3,17,16,14,30,48,20, 5)( 9,52,46,13,35,32,49,41,40,50,37,33,54,42,45,11,29,38,44,22,23)(36,39) ), rec(
      gadd := [ ( 1,25,12, 6,20,14, 8,22,16, 3,27,11, 5,19,13, 7,24,18, 2,26,10, 4,21,15, 9,23,17)(28,52,39,33,47,41,35,49,43,30,54,38,32,46,40,34,51,45,29,53,37,31,48,42,36,50,44), 
          ( 1,39)( 2,38)( 3,37)( 4,43)( 5,45)( 6,44)( 7,40)( 8,42)( 9,41)(10,30)(11,29)(12,28)(13,34)(14,36)(15,35)(16,31)(17,33)(18,32)(19,51)(20,50)(21,49)
            (22,48)(23,47)(24,46)(25,52)(26,54)(27,53) ],
      gmul := [ ( 1,40,23,36,12,47, 4,45,27,29,14,51, 7,37,21,32,16,52, 3,42,22,35,11,46, 6,44,26,28,13,50, 9,39,20,31,18,54, 2,41,24,34,10,48, 5,43,25,30,15,49, 8,38,19,33,17,53) ],
      p := ( 2,44,48,25,53,34,16,43,41,42,37,33,13,45,10,19,24, 4, 6,50,54,32,49,15,40,30, 7,17,12,38,29,18,26,11,28,51,52,14,46,31,47,27, 5)( 3,23, 8, 9)(20,39,36,21),
      q := ( 2,50,42,48,14,39,33,26,20,46,35,31,38,30, 5, 3,17,19,16,51,41,54,34,24, 8, 6,44,37,36,10,12,47,15,53,32,45,21,11,28,43,52,25,40,29,22,18,13,49,27, 7,23, 4, 9) ), rec(
      gadd := [ ( 1,24,14, 4,27,17, 7,20,10, 3,23,13, 6,26,16, 9,19,12, 2,22,15, 5,25,18, 8,21,11)(28,51,41,31,54,44,34,47,37,30,50,40,33,53,43,36,46,39,29,49,42,32,52,45,35,48,38), 
          ( 1,43)( 2,45)( 3,44)( 4,40)( 5,42)( 6,41)( 7,37)( 8,39)( 9,38)(10,34)(11,36)(12,35)(13,31)(14,33)(15,32)(16,28)(17,30)(18,29)(19,48)(20,47)(21,46)
            (22,52)(23,54)(24,53)(25,49)(26,51)(27,50) ],
      gmul := [ ( 1,40,15,34,24,54, 9,43,11,29,21,48, 4,39,17,31,25,49, 2,42,13,36,22,53, 7,45,12,28,19,47, 5,38,18,33,26,51, 3,41,14,35,23,52, 8,44,10,30,20,46, 6,37,16,32,27,50) ],
      p := ( 2,28,45,20, 7, 8, 3,23,18,19,22, 6,17,24, 9,39,14,29,38,53,42,21, 5)(10,35,54,46,13,31,37,47,48,49,51,44,26,16,27,50,41,11,30,40)(12,52,43,25,15)(33,34,36),
      q := ( 2,28,47,44,13,35,37,45,11,29,53,51,48,41,20, 5, 3,17,16,15,19,18,12,39,25,27,40,21, 7, 4, 8)( 6,23,22, 9,52,46,26,24)(10,31,54,43,14,30,50,49,42)(32,34,33) ), rec(
      gadd := [ ( 1,40,25,32,17,48, 9,37,22,29,14,53, 6,45,19,34,11,50, 3,42,27,31,16,47, 8,39,24,28,13,52, 5,44,21,36,10,49, 2,41,26,33,18,46, 7,38,23,30,15,54, 4,43,20,35,12,51) ],
      gmul := [ ( 1,10,19, 4,13,22, 7,16,25, 2,11,20, 5,14,23, 8,17,26, 3,12,21, 6,15,24, 9,18,27)(28,37,46,31,40,49,34,43,52,29,38,47,32,41,50,35,44,53,30,39,48,33,42,51,36,45,54), 
          ( 1,41)( 2,40)( 3,42)( 4,38)( 5,37)( 6,39)( 7,43)( 8,45)( 9,44)(10,32)(11,31)(12,33)(13,29)(14,28)(15,30)(16,34)(17,36)(18,35)(19,47)(20,46)(21,48)
            (22,52)(23,54)(24,53)(25,49)(26,51)(27,50) ],
      p := ( 2,28,40,17,26, 5, 3,27,46,14,30,45,20, 6,10,31,39,15,18,19,25,11,29,38,35,52,42,21, 8)( 4, 9,37,53,44,22, 7)(12,54,50,43,23)(13,36,51,41,16,24)(32,34,33)(47,49,48),
      q := ( 2,28,40,20, 7, 9,37,53,44,15,19,12,54,50,43,14,30,45,17,11,29,38,35,52,42,16,13,36,51,41,21, 5)( 3,10,31,39,22, 6,27,46,23,25,26, 8)(32,34,33)(47,49,48) ), rec(
      gadd := [ ( 1,40,25,32,17,48, 9,37,22,29,14,53, 6,45,19,34,11,50, 3,42,27,31,16,47, 8,39,24,28,13,52, 5,44,21,36,10,49, 2,41,26,33,18,46, 7,38,23,30,15,54, 4,43,20,35,12,51) ],
      gmul := [ ( 1,40,25,32,17,48, 9,37,22,29,14,53, 6,45,19,34,11,50, 3,42,27,31,16,47, 8,39,24,28,13,52, 5,44,21,36,10,49, 2,41,26,33,18,46, 7,38,23,30,15,54, 4,43,20,35,12,51) ],
      p := ( 2,28,51,50,48,44,22, 7, 4, 9,54,41,16,24,13,31,52,49,43,23,12,37,38,32,33,35,39,15,18,19,25,11,30,46,14,29,53,47,42,21, 8)( 3,27,45,20, 6,10,36,40,17,26, 5),
      q := ( 2,28,40,20, 7, 9,37,53,44,15,19,12,54,50,43,14,30,45,17,11,29,38,35,52,42,16,13,36,51,41,21, 5)( 3,10,31,39,22, 6,27,46,23,25,26, 8)(32,34,33)(47,49,48) ), rec(
      gadd := [ ( 1,40,25,32,17,48, 9,37,22,29,14,53, 6,45,19,34,11,50, 3,42,27,31,16,47, 8,39,24,28,13,52, 5,44,21,36,10,49, 2,41,26,33,18,46, 7,38,23,30,15,54, 4,43,20,35,12,51) ],
      gmul := [ ( 1,40,27,32,17,47, 9,37,24,29,14,52, 6,45,21,34,11,49, 3,42,26,31,16,46, 8,39,23,28,13,54, 5,44,20,36,10,51, 2,41,25,33,18,48, 7,38,22,30,15,53, 4,43,19,35,12,50) ],
      p := ( 2,28,50,47,42,20, 6,10,36,40,17,25,11,30,48,44,24,13,31,54,41,16,23,12,37,38,32,33,35,39,15,18,21, 8)( 3,26, 5)( 4, 9,53,46,14,29,52,51,49,43,22, 7)(19,27,45),
      q := ( 2,28,40,19,12,53,44,15,21, 5)( 3,10,31,39,24,23,27,48,46,22, 6,26, 8)( 7, 9,37,52,42,16,13,36,50,43,14,30,45,17,11,29,38,35,54,49,47,51,41,20)(32,34,33) ), rec(
      gadd := [ ( 1,40,25,32,17,48, 9,37,22,29,14,53, 6,45,19,34,11,50, 3,42,27,31,16,47, 8,39,24,28,13,52, 5,44,21,36,10,49, 2,41,26,33,18,46, 7,38,23,30,15,54, 4,43,20,35,12,51) ],
      gmul := [ ( 1,40,22,32,16,54, 9,38,21,29,14,50, 6,44,25,34,12,46, 3,42,24,31,18,53, 8,37,20,28,13,49, 5,43,27,36,11,48, 2,41,23,33,17,52, 7,39,19,30,15,51, 4,45,26,35,10,47) ],
      p := ( 2,28,48,45,27,43,20, 6,10,36,42,25,11,30,53,54,40,18,26, 5, 3,22, 7, 4, 9,49,44,19,23,12,37,38,32,33,35,39,14,29,51,47,41,17,24,15,16,21, 8)(13,31,50,52,46),
      q := ( 2,28,42,17,11,29,38,35,50,44,14,30,43,13,36,48,54,47,46,20, 7, 9,37,51,40,27,53,45,18,16,15,26, 8, 3,10,31,39,19,12,49,52,41,25,24,21, 5)( 6,22)(32,34,33) ), rec(
      gadd := [ ( 1,44,19,35,10,53)( 2,43,20,34,11,52)( 3,45,21,36,12,54)( 4,41,22,32,13,50)( 5,40,23,31,14,49)( 6,42,24,33,15,51)( 7,38,25,29,16,47)( 8,37,26,28,17,46)
            ( 9,39,27,30,18,48), ( 1,51,10,33,19,42)( 2,50,11,32,20,41)( 3,49,12,31,21,40)( 4,48,13,30,22,39)( 5,47,14,29,23,38)( 6,46,15,28,24,37)( 7,52,16,34,25,43)( 8,54,17,36,26,45)
            ( 9,53,18,35,27,44) ],
      gmul := [ ( 1,30)( 2,28)( 3,29)( 4,33)( 5,31)( 6,32)( 7,36)( 8,34)( 9,35)(10,39)(11,37)(12,38)(13,42)(14,40)(15,41)(16,45)(17,43)(18,44)(19,48)(20,46)
            (21,47)(22,51)(23,49)(24,50)(25,54)(26,52)(27,53), ( 1,51,10,33,19,42)( 2,49,11,31,20,40)( 3,50,12,32,21,41)( 4,54,13,36,22,45)( 5,52,14,34,23,43)( 6,53,15,35,24,44)
            ( 7,47,16,29,25,38)( 8,48,17,30,26,39)( 9,46,18,28,27,37) ],
      p := ( 2,28,53,51,43,16,26,11,30,44,18,17, 7,10,46,15, 5, 3, 8)( 4,19, 9,35,33,49,52,45,24,12,31,36,39,23, 6)(13,37,40,14,29,34,47,50,54,42,27,32,48,41,25)(20,21,22),
      q := ( 2,28,44,24,20,11,30,53,42,15, 7,19, 6, 8, 3, 4,10,37,49,43,23, 9,35,33,40,25,26,21,17, 5)(12,31,36,48,50,45,18,22)(13,46,27,32,39,16)(14,29,34,38,47,41)(51,52,54) ), rec(
      gadd := [ ( 1,36)( 2,35)( 3,34)( 4,33)( 5,32)( 6,31)( 7,30)( 8,29)( 9,28)(10,45)(11,44)(12,43)(13,42)(14,41)(15,40)(16,39)(17,38)(18,37)(19,54)(20,53)
            (21,52)(22,51)(23,50)(24,49)(25,48)(26,47)(27,46), ( 1,40,19,31,10,49)( 2,42,20,33,11,51)( 3,41,21,32,12,50)( 4,37,22,28,13,46)( 5,39,23,30,14,48)( 6,38,24,29,15,47)
            ( 7,44,25,35,16,53)( 8,43,26,34,17,52)( 9,45,27,36,18,54) ],
      gmul := [ ( 1, 9, 4, 2, 7, 5, 3, 8, 6)(10,18,13,11,16,14,12,17,15)(19,27,22,20,25,23,21,26,24)(28,36,31,29,34,32,30,35,33)(37,45,40,38,43,41,39,44,42)(46,54,49,47,52,50,48,53,51), 
          ( 1,32)( 2,31)( 3,33)( 4,29)( 5,28)( 6,30)( 7,36)( 8,35)( 9,34)(10,50)(11,49)(12,51)(13,47)(14,46)(15,48)(16,54)(17,53)(18,52)(19,41)(20,40)(21,42)
            (22,38)(23,37)(24,39)(25,45)(26,44)(27,43), ( 1,37)( 2,39)( 3,38)( 4,44)( 5,43)( 6,45)( 7,41)( 8,40)( 9,42)(10,28)(11,30)(12,29)(13,35)(14,34)(15,36)(16,32)(17,31)(18,33)
            (19,46)(20,48)(21,47)(22,53)(23,52)(24,54)(25,50)(26,49)(27,51) ],
      p := ( 2,28,43,13,46,17, 4,19, 6, 7,10,37,31,36,50,45,26,11,29,35,47,42,24,16,23,12,32,38,48,51,53,40,18,14,30,52,54,49,44,15, 9,34,39,27,33,41,22,20,21,25, 8)( 3, 5),
      q := ( 2,28,43,26,21,14,30,52,54,49,44,27,33,41,17, 8, 3, 7,19, 9,34,39,15, 6, 5)( 4,10,37,31,36,50,45,13,46,22,12,32,38,48,51,53,40,24,23,20,11,29,35,47,42,18,25) ), rec(
      gadd := [ ( 1,33)( 2,32)( 3,31)( 4,30)( 5,29)( 6,28)( 7,34)( 8,36)( 9,35)(10,42)(11,41)(12,40)(13,39)(14,38)(15,37)(16,43)(17,45)(18,44)(19,51)(20,50)
            (21,49)(22,48)(23,47)(24,46)(25,52)(26,54)(27,53), ( 1,54,10,36,19,45)( 2,53,11,35,20,44)( 3,52,12,34,21,43)( 4,51,13,33,22,42)( 5,50,14,32,23,41)( 6,49,15,31,24,40)
            ( 7,48,16,30,25,39)( 8,47,17,29,26,38)( 9,46,18,28,27,37) ],
      gmul := [ ( 1,15,26, 3,14,25, 2,13,27)( 4,18,19, 6,17,21, 5,16,20)( 7,11,22, 9,10,24, 8,12,23)(28,45,49,29,43,50,30,44,51)(31,38,52,32,39,53,33,37,54)(34,41,48,35,42,46,36,40,47), 
          ( 1,21,11)( 2,19,12)( 3,20,10)( 4,24,14)( 5,22,15)( 6,23,13)( 7,27,17)( 8,25,18)( 9,26,16)(28,47,39)(29,48,37)(30,46,38)(31,50,42)(32,51,40)(33,49,41)
            (34,53,45)(35,54,43)(36,52,44), ( 1,50)( 2,51)( 3,49)( 4,53)( 5,54)( 6,52)( 7,46)( 8,47)( 9,48)(10,41)(11,42)(12,40)(13,44)(14,45)(15,43)(16,37)(17,38)(18,39)(19,32)(20,33)
            (21,31)(22,35)(23,36)(24,34)(25,28)(26,29)(27,30) ],
      p := ( 2,28,44,18,17, 7,10,37,49,43,16,26,11,30,53,42,27,32,39,23, 6, 4,19, 9,35,33,40,14,29,34,38,47,41,25,13,46,15, 5, 3, 8)(12,31,36,48,50,45,24)(20,21,22)(51,52,54),
      q := ( 2,28,44,24,20,11,30,53,42,15, 7,19, 6, 8, 3, 4,10,37,49,43,23, 9,35,33,40,25,26,21,17, 5)(12,31,36,48,50,45,18,22)(13,46,27,32,39,16)(14,29,34,38,47,41)(51,52,54) ), rec(
      gadd := [ ( 1,13,25, 3,15,27, 2,14,26)( 4,16,21, 6,18,20, 5,17,19)( 7,12,24, 9,11,23, 8,10,22)(28,40,52,30,42,54,29,41,53)(31,43,48,33,45,47,32,44,46)(34,39,51,36,38,50,35,37,49), 
          ( 1,53,10,35,19,44)( 2,52,11,34,20,43)( 3,54,12,36,21,45)( 4,50,13,32,22,41)( 5,49,14,31,23,40)( 6,51,15,33,24,42)( 7,47,16,29,25,38)( 8,46,17,28,26,37)( 9,48,18,30,27,39) ],
      gmul := [ ( 1,23,18, 3,22,17, 2,24,16)( 4,26,11, 6,25,10, 5,27,12)( 7,19,14, 9,21,13, 8,20,15)(28,50,45,30,49,44,29,51,43)(31,53,38,33,52,37,32,54,39)(34,46,41,36,48,40,35,47,42), 
          ( 1,30)( 2,29)( 3,28)( 4,34)( 5,36)( 6,35)( 7,31)( 8,33)( 9,32)(10,39)(11,38)(12,37)(13,43)(14,45)(15,44)(16,40)(17,42)(18,41)(19,48)(20,47)(21,46)
            (22,52)(23,54)(24,53)(25,49)(26,51)(27,50) ],
      p := ( 2,28,52,45,26,11,29,35,38,39,27,33,50,54,40,18,14,30,43,13,37,31,36,41,22,20,21,25, 8)( 3, 5)( 4,19, 6, 7,10,46,17)( 9,34,48,42,24,16,23,12,32,47,51,44,15)(49,53),
      q := ( 2,28,43,26,21,14,30,52,54,49,44,27,33,41,17, 8, 3, 7,19, 9,34,39,15, 6, 5)( 4,10,37,31,36,50,45,13,46,22,12,32,38,48,51,53,40,24,23,20,11,29,35,47,42,18,25) ), rec(
      gadd := [ ( 1,16,24, 2,17,22, 3,18,23)( 4,12,27, 5,10,25, 6,11,26)( 7,15,20, 8,13,21, 9,14,19)(28,43,51,29,44,49,30,45,50)(31,39,54,32,37,52,33,38,53)(34,42,47,35,40,48,36,41,46), 
          ( 1,33)( 2,32)( 3,31)( 4,30)( 5,29)( 6,28)( 7,34)( 8,36)( 9,35)(10,42)(11,41)(12,40)(13,39)(14,38)(15,37)(16,43)(17,45)(18,44)(19,51)(20,50)(21,49)
            (22,48)(23,47)(24,46)(25,52)(26,54)(27,53) ],
      gmul := [ ( 1,25,15, 2,26,13, 3,27,14)( 4,21,18, 5,19,16, 6,20,17)( 7,24,11, 8,22,12, 9,23,10)(28,53,41,29,54,42,30,52,40)(31,46,44,32,47,45,33,48,43)(34,49,37,35,50,38,36,51,39), 
          ( 1,44,20,34,12,54)( 2,43,21,36,10,53)( 3,45,19,35,11,52)( 4,41,23,31,15,51)( 5,40,24,33,13,50)( 6,42,22,32,14,49)( 7,38,26,28,18,48)( 8,37,27,30,16,47)( 9,39,25,29,17,46) ],
      p := ( 2,28,11,29,33,36,38,31,35,48,26, 8)( 3, 5)( 4,19, 6, 7,10,46,15, 9,34,50,17)(12,32,43,24)(13,37,41,51,42,22,25,16,23,20,47,53,44)(14,30,52,54,49,45,40,18)(27,39),
      q := ( 2,28,21,11,29,33,36,48,13,47,43,18,25,23,12,32,53,54,42,17, 8, 3, 7,19, 9,34,40,24,20,37,51,49,52,44,26, 4,10,39,15, 6, 5)(14,30,45,50,22)(27,46)(31,35,38) ), rec(
      gadd := [ ( 1,17,23, 2,18,24, 3,16,22)( 4,10,26, 5,11,27, 6,12,25)( 7,13,19, 8,14,20, 9,15,21)(28,44,50,29,45,51,30,43,49)(31,37,53,32,38,54,33,39,52)(34,40,46,35,41,47,36,42,48), 
          ( 1,54,10,36,19,45)( 2,53,11,35,20,44)( 3,52,12,34,21,43)( 4,51,13,33,22,42)( 5,50,14,32,23,41)( 6,49,15,31,24,40)( 7,48,16,30,25,39)( 8,47,17,29,26,38)( 9,46,18,28,27,37) ],
      gmul := [ ( 1,30)( 2,28)( 3,29)( 4,33)( 5,31)( 6,32)( 7,36)( 8,34)( 9,35)(10,39)(11,37)(12,38)(13,42)(14,40)(15,41)(16,45)(17,43)(18,44)(19,48)(20,46)
            (21,47)(22,51)(23,49)(24,50)(25,54)(26,52)(27,53), ( 1,43,21,36,11,53)( 2,44,19,34,12,54)( 3,45,20,35,10,52)( 4,39,24,29,14,46)( 5,37,22,30,15,47)( 6,38,23,28,13,48)
            ( 7,42,27,32,17,49)( 8,40,25,33,18,50)( 9,41,26,31,16,51) ],
      p := ( 2,28,52,43,17, 7,11,30,45,23, 6, 4,21,24,10,48,42,26,12,31,36,37,41,27,32,47,49,54,40,15, 5, 3, 8)( 9,35,33,51,44,16,25,14,29,34,46,13,38,39,22,19)(50,53),
      q := ( 2,28,45,16,14,29,34,39,17, 5)( 3, 4,11,30,52,53,40,27,32,37,51,54,50,43,22,10,38,46,26,20,12,31,36,47,42,13,48,49,44,23, 9,35,33,41,15, 7,21,18,24,19, 6, 8) ), rec(
      gadd := [ ( 1,15,26, 3,14,25, 2,13,27)( 4,18,19, 6,17,21, 5,16,20)( 7,11,22, 9,10,24, 8,12,23)(28,42,53,30,41,52,29,40,54)(31,45,46,33,44,48,32,43,47)(34,38,49,36,37,51,35,39,50), 
          ( 1,49,10,31,19,40)( 2,51,11,33,20,42)( 3,50,12,32,21,41)( 4,46,13,28,22,37)( 5,48,14,30,23,39)( 6,47,15,29,24,38)( 7,53,16,35,25,44)( 8,52,17,34,26,43)( 9,54,18,36,27,45) ],
      gmul := [ ( 1,38,19,29,10,47)( 2,37,20,28,11,46)( 3,39,21,30,12,48)( 4,43,23,36,15,53)( 5,45,24,35,13,52)( 6,44,22,34,14,54)( 7,41,27,33,17,49)( 8,40,25,32,18,51)
            ( 9,42,26,31,16,50), ( 1,44,21,36,11,52)( 2,43,19,35,12,54)( 3,45,20,34,10,53)( 4,42,22,33,13,51)( 5,41,23,32,14,50)( 6,40,24,31,15,49)( 7,37,26,30,18,47)( 8,39,27,29,16,46)
            ( 9,38,25,28,17,48) ],
      p := ( 2,28,25,13,32,47,15,24,12,37,35,52,49,22,14,30, 8)( 3,19,23, 6,10,34,48,26,17,27,11,29,16,21, 4, 5)( 9,46,31,54,42,40,38,43,39,36,33,51,45,41,44,50,18,20),
      q := ( 2,28,13,32,38,54,49,18,12,46,31,43,48,15,16,11,29,24,20, 6,19,17,14,30, 4, 7, 5)( 3,10,34,39,36,33,41,52,42,50,22,27,21, 8)( 9,37,35,44,40,47,26,23)(45,51,53) ), rec(
      gadd := [ ( 1, 5, 9, 3, 4, 8, 2, 6, 7)(10,14,18,12,13,17,11,15,16)(19,23,27,21,22,26,20,24,25)(28,32,36,30,31,35,29,33,34)(37,41,45,39,40,44,38,42,43)(46,50,54,48,49,53,47,51,52), 
          ( 1,53,10,35,19,44)( 2,52,11,34,20,43)( 3,54,12,36,21,45)( 4,50,13,32,22,41)( 5,49,14,31,23,40)( 6,51,15,33,24,42)( 7,47,16,29,25,38)( 8,46,17,28,26,37)( 9,48,18,30,27,39) ],
      gmul := [ ( 1,23,17, 3,22,16, 2,24,18)( 4,25,11, 6,27,10, 5,26,12)( 7,20,15, 9,19,14, 8,21,13)(28,52,40,29,53,41,30,54,42)(31,47,44,32,48,45,33,46,43)(34,49,38,35,50,39,36,51,37), 
          ( 1,34)( 2,35)( 3,36)( 4,30)( 5,28)( 6,29)( 7,33)( 8,31)( 9,32)(10,43)(11,44)(12,45)(13,39)(14,37)(15,38)(16,42)(17,40)(18,41)(19,52)(20,53)(21,54)
            (22,48)(23,46)(24,47)(25,51)(26,49)(27,50) ],
      p := ( 2,46,52,25, 9)( 3,10,28, 6,37,44,36,13,51,32,27,21, 5)( 4, 8)( 7,19,49,33,24,26,38,22)(11,54,23,40,30,39,35,53,34,20,17,14,47,50,42,29,43,15,16,12,48,18)(31,41),
      q := ( 2,37,54,18,21, 7,10,28, 9, 3,19,41,31,49,33,17,26,47,42,29,53,34,12,39,35,43,25, 6,46,45,52,15,22, 5)(11,44,36,27)(13,40,30,48,23,51,32)(14,38,16,20,24) ), rec(
      gadd := [ ( 1,11,21)( 2,12,19)( 3,10,20)( 4,14,24)( 5,15,22)( 6,13,23)( 7,17,27)( 8,18,25)( 9,16,26)(28,38,48)(29,39,46)(30,37,47)(31,41,51)(32,42,49)
            (33,40,50)(34,44,54)(35,45,52)(36,43,53), ( 1,34)( 2,36)( 3,35)( 4,31)( 5,33)( 6,32)( 7,28)( 8,30)( 9,29)(10,43)(11,45)(12,44)(13,40)(14,42)(15,41)(16,37)(17,39)(18,38)(19,52)
            (20,54)(21,53)(22,49)(23,51)(24,50)(25,46)(26,48)(27,47), ( 1,46,10,28,19,37)( 2,48,11,30,20,39)( 3,47,12,29,21,38)( 4,53,13,35,22,44)( 5,52,14,34,23,43)
            ( 6,54,15,36,24,45)( 7,50,16,32,25,41)( 8,49,17,31,26,40)( 9,51,18,33,27,42) ],
      gmul := [ ( 1,37)( 2,38)( 3,39)( 4,40)( 5,41)( 6,42)( 7,43)( 8,44)( 9,45)(10,28)(11,29)(12,30)(13,31)(14,32)(15,33)(16,34)(17,35)(18,36)(19,46)(20,47)
            (21,48)(22,49)(23,50)(24,51)(25,52)(26,53)(27,54), ( 1,54, 4,47, 7,50, 3,53, 6,46, 9,49, 2,52, 5,48, 8,51)(10,45,13,38,16,41,12,44,15,37,18,40,11,43,14,39,17,42)
            (19,36,22,29,25,32,21,35,24,28,27,31,20,34,23,30,26,33) ],
      p := ( 2,28,41,22,20,21,25, 8)( 3, 5)( 4,19, 6, 7,10,37,35,48,54,53,44,15, 9,32,39,27,36,52,51,49,40,18,14,29,31,33,43,13,46,17)(11,30,50,42,24,16,23,12,34,38,47,45,26),
      q := ( 2,28,43,26,21,14,30,52,54,49,44,27,33,41,17, 8, 3, 7,19, 9,34,39,15, 6, 5)( 4,10,37,31,36,50,45,13,46,22,12,32,38,48,51,53,40,24,23,20,11,29,35,47,42,18,25) ), rec(
      gadd := [ ( 1, 9, 4, 2, 7, 5, 3, 8, 6)(10,18,13,11,16,14,12,17,15)(19,27,22,20,25,23,21,26,24)(28,36,31,29,34,32,30,35,33)(37,45,40,38,43,41,39,44,42)(46,54,49,47,52,50,48,53,51), 
          ( 1,43,19,34,10,52)( 2,45,20,36,11,54)( 3,44,21,35,12,53)( 4,40,22,31,13,49)( 5,42,23,33,14,51)( 6,41,24,32,15,50)( 7,37,25,28,16,46)( 8,39,26,30,17,48)( 9,38,27,29,18,47) ],
      gmul := [ ( 1,18,22, 2,16,23, 3,17,24)( 4,11,25, 5,12,26, 6,10,27)( 7,14,21, 8,15,19, 9,13,20)(28,42,53,30,41,52,29,40,54)(31,45,46,33,44,48,32,43,47)(34,38,49,36,37,51,35,39,50), 
          ( 1,46,10,28,19,37)( 2,48,11,30,20,39)( 3,47,12,29,21,38)( 4,53,13,35,22,44)( 5,52,14,34,23,43)( 6,54,15,36,24,45)( 7,50,16,32,25,41)( 8,49,17,31,26,40)( 9,51,18,33,27,42) ],
      p := ( 2,28,49,50,51,41,25,13,37,44,18,17, 7,10,46,15, 5, 3, 8)( 4,19, 9,31,33,53,54,45,24,12,35,36,38,39,23, 6)(11,29,32,47,52,42,27,34,48,43,16,26)(14,30,40)(20,21,22),
      q := ( 2,28,44,24,20,11,30,53,42,15, 7,19, 6, 8, 3, 4,10,37,49,43,23, 9,35,33,40,25,26,21,17, 5)(12,31,36,48,50,45,18,22)(13,46,27,32,39,16)(14,29,34,38,47,41)(51,52,54) ), rec(
      gadd := [ ( 1,22,16, 3,24,18, 2,23,17)( 4,25,12, 6,27,11, 5,26,10)( 7,21,15, 9,20,14, 8,19,13)(28,49,43,30,51,45,29,50,44)(31,52,39,33,54,38,32,53,37)(34,48,42,36,47,41,35,46,40), 
          ( 1,50,10,32,19,41)( 2,49,11,31,20,40)( 3,51,12,33,21,42)( 4,47,13,29,22,38)( 5,46,14,28,23,37)( 6,48,15,30,24,39)( 7,54,16,36,25,45)( 8,53,17,35,26,44)( 9,52,18,34,27,43) ],
      gmul := [ ( 1,13,25, 3,15,27, 2,14,26)( 4,16,21, 6,18,20, 5,17,19)( 7,12,24, 9,11,23, 8,10,22)(28,44,50,29,45,51,30,43,49)(31,37,53,32,38,54,33,39,52)(34,40,46,35,41,47,36,42,48), 
          ( 1,38, 2,37, 3,39)( 4,45, 5,44, 6,43)( 7,42, 8,41, 9,40)(10,29,11,28,12,30)(13,36,14,35,15,34)(16,33,17,32,18,31)(19,47,20,46,21,48)(22,54,23,53,24,52)(25,51,26,50,27,49) ],
      p := ( 2,28,40,14,30,49,41,25,13,46,15, 5, 3, 8)( 4,19, 9,31,33,44,18,17, 7,10,37,53,45,24,12,35,36,47,43,16,26,11,29,32,38,48,52,51,50,42,27,34,39,23, 6)(20,21,22),
      q := ( 2,28,44,24,20,11,30,53,42,15, 7,19, 6, 8, 3, 4,10,37,49,43,23, 9,35,33,40,25,26,21,17, 5)(12,31,36,48,50,45,18,22)(13,46,27,32,39,16)(14,29,34,38,47,41)(51,52,54) ), rec(
      gadd := [ ( 1,13,25, 3,15,27, 2,14,26)( 4,16,21, 6,18,20, 5,17,19)( 7,12,24, 9,11,23, 8,10,22)(28,40,52,30,42,54,29,41,53)(31,43,48,33,45,47,32,44,46)(34,39,51,36,38,50,35,37,49), 
          ( 1,29)( 2,28)( 3,30)( 4,36)( 5,35)( 6,34)( 7,33)( 8,32)( 9,31)(10,38)(11,37)(12,39)(13,45)(14,44)(15,43)(16,42)(17,41)(18,40)(19,47)(20,46)(21,48)
            (22,54)(23,53)(24,52)(25,51)(26,50)(27,49) ],
      gmul := [ ( 1,45,22,29,16,50, 3,44,24,28,18,49, 2,43,23,30,17,51)( 4,38,25,32,12,53, 6,37,27,31,11,52, 5,39,26,33,10,54)( 7,41,21,35,15,46, 9,40,20,34,14,48, 8,42,19,36,13,47), 
          ( 1,52,15,29,26,40, 3,54,14,28,25,42, 2,53,13,30,27,41)( 4,48,18,32,19,43, 6,47,17,31,21,45, 5,46,16,33,20,44)( 7,51,11,35,22,39, 9,50,10,34,24,38, 8,49,12,36,23,37) ],
      p := ( 2,28,50,51,40,18,14,29,31,33,52,42,24,16,23,12,34,47,54,44,15, 9,32,48,45,26,11,30,41,22,20,21,25, 8)( 3, 5)( 4,19, 6, 7,10,46,17)(13,37,35,39,27,36,43),
      q := ( 2,28,43,26,21,14,30,52,54,49,44,27,33,41,17, 8, 3, 7,19, 9,34,39,15, 6, 5)( 4,10,37,31,36,50,45,13,46,22,12,32,38,48,51,53,40,24,23,20,11,29,35,47,42,18,25) ), rec(
      gadd := [ ( 1,35)( 2,34)( 3,36)( 4,32)( 5,31)( 6,33)( 7,29)( 8,28)( 9,30)(10,44)(11,43)(12,45)(13,41)(14,40)(15,42)(16,38)(17,37)(18,39)(19,53)(20,52)
            (21,54)(22,50)(23,49)(24,51)(25,47)(26,46)(27,48), ( 1,47,10,29,19,38)( 2,46,11,28,20,37)( 3,48,12,30,21,39)( 4,54,13,36,22,45)( 5,53,14,35,23,44)( 6,52,15,34,24,43)
            ( 7,51,16,33,25,42)( 8,50,17,32,26,41)( 9,49,18,31,27,40) ],
      gmul := [ ( 1,25,13, 2,26,14, 3,27,15)( 4,20,17, 5,21,18, 6,19,16)( 7,22,11, 8,23,12, 9,24,10)(28,52,40,29,53,41,30,54,42)(31,47,44,32,48,45,33,46,43)(34,49,38,35,50,39,36,51,37), 
          ( 1,48,11,28,21,38)( 2,46,12,29,19,39)( 3,47,10,30,20,37)( 4,50,15,31,23,42)( 5,51,13,32,24,40)( 6,49,14,33,22,41)( 7,52,16,34,25,43)( 8,53,17,35,26,44)( 9,54,18,36,27,45) ],
      p := ( 2,46,40,30,38, 8, 7,19,50,54,27,21, 9)( 3,10,28,42,29,45,51,33,20,14,47,17,18,11,49,44,31,22, 4, 5)( 6,37,25)(12,48,35,16)(13,53,36,43)(23,41,34,52,24)(26,39,32),
      q := ( 2,37,15,25, 9, 3,19,45,44,35,22, 8, 5)( 4, 7,10,28,52,17,23,53,33,12,38)( 6,46,54,13,41,32,14,39,34,42,30,48,31,16,20,26,47,24,18,21)(11,43,27)(29,50,40)(36,49,51) ), rec(
      gadd := [ ( 1,24,17, 3,23,16, 2,22,18)( 4,27,10, 6,26,12, 5,25,11)( 7,20,13, 9,19,15, 8,21,14)(28,51,44,30,50,43,29,49,45)(31,54,37,33,53,39,32,52,38)(34,47,40,36,46,42,35,48,41), 
          ( 1,28)( 2,30)( 3,29)( 4,35)( 5,34)( 6,36)( 7,32)( 8,31)( 9,33)(10,37)(11,39)(12,38)(13,44)(14,43)(15,45)(16,41)(17,40)(18,42)(19,46)(20,48)(21,47)
            (22,53)(23,52)(24,54)(25,50)(26,49)(27,51) ],
      gmul := [ ( 1,15,25, 3,14,27, 2,13,26)( 4,17,19, 6,16,21, 5,18,20)( 7,12,23, 9,11,22, 8,10,24)(28,42,52,30,41,54,29,40,53)(31,44,46,33,43,48,32,45,47)(34,39,50,36,38,49,35,37,51), 
          ( 1,39, 2,37, 3,38)( 4,42, 5,40, 6,41)( 7,45, 8,43, 9,44)(10,30,11,28,12,29)(13,33,14,31,15,32)(16,36,17,34,18,35)(19,48,20,46,21,47)(22,51,23,49,24,50)(25,54,26,52,27,53) ],
      p := ( 2,31,11,29,30,15,49,48,23,24,20,17, 4,19, 7, 6,34,38,44,13,33,18,26, 5, 3, 8,10, 9)(12,40,51,14,35,28,43,22,52,39,41,53,37,42,50,45,25,36,47,54,46,16,32,27),
      q := ( 2,34,39,45,13,35,28,40,53,37,44,25,32,14,33,23,17, 7, 8,19, 4,10, 5)( 3, 6,31,21,11,30,26, 9)(12,43,16,36,48,18,15,52,38,42,54,46,22,49,47,50,41,51,27,20,24) ), rec(
      gadd := [ ( 1,24,17, 3,23,16, 2,22,18)( 4,27,10, 6,26,12, 5,25,11)( 7,20,13, 9,19,15, 8,21,14)(28,51,44,30,50,43,29,49,45)(31,54,37,33,53,39,32,52,38)(34,47,40,36,46,42,35,48,41), 
          ( 1,32)( 2,31)( 3,33)( 4,29)( 5,28)( 6,30)( 7,36)( 8,35)( 9,34)(10,41)(11,40)(12,42)(13,38)(14,37)(15,39)(16,45)(17,44)(18,43)(19,50)(20,49)(21,51)
            (22,47)(23,46)(24,48)(25,54)(26,53)(27,52) ],
      gmul := [ ( 1,33, 9,34, 6,29, 2,32, 7,36, 4,28, 3,31, 8,35, 5,30)(10,51,18,52,15,47,11,50,16,54,13,46,12,49,17,53,14,48)(19,42,27,43,24,38,20,41,25,45,22,37,21,40,26,44,23,39), 
          ( 1,39, 5,44, 8,40, 3,37, 4,45, 7,41, 2,38, 6,43, 9,42)(10,30,14,35,17,31,12,28,13,36,16,32,11,29,15,34,18,33)(19,48,23,53,26,49,21,46,22,54,25,50,20,47,24,52,27,51) ],
      p := ( 2,28,41,54,52,53,43,26, 4,19,18, 8,10, 6,32,24,20, 7, 5, 3, 9)(11,31,35,49,42,48,22,50,13,29,14,36,38,39,34,40,47,51,44,25,33,15,46,16,30)(12,37,45,17,27),
      q := ( 2,32,17,14,36,40,49,39,35,47,48,16,33,26, 7, 9, 3, 5)( 4,10, 8,19,23,18, 6,28,37,45,24,12,41,54,53,44,13,31,34,38,42,51,43,15,50,25,30,21,11,29,27,20)(22,46) ), rec(
      gadd := [ ( 1,25,15, 2,26,13, 3,27,14)( 4,21,18, 5,19,16, 6,20,17)( 7,24,11, 8,22,12, 9,23,10)(28,52,42,29,53,40,30,54,41)(31,48,45,32,46,43,33,47,44)(34,51,38,35,49,39,36,50,37), 
          ( 1,48,10,30,19,39)( 2,47,11,29,20,38)( 3,46,12,28,21,37)( 4,52,13,34,22,43)( 5,54,14,36,23,45)( 6,53,15,35,24,44)( 7,49,16,31,25,40)( 8,51,17,33,26,42)( 9,50,18,32,27,41) ],
      gmul := [ ( 1,34, 9,29, 4,31, 2,36, 7,28, 5,33, 3,35, 8,30, 6,32)(10,52,18,47,13,49,11,54,16,46,14,51,12,53,17,48,15,50)(19,43,27,38,22,40,20,45,25,37,23,42,21,44,26,39,24,41), 
          ( 1,40, 4,37, 7,44, 3,41, 6,38, 9,45, 2,42, 5,39, 8,43)(10,31,13,28,16,35,12,32,15,29,18,36,11,33,14,30,17,34)(19,49,22,46,25,53,21,50,24,47,27,54,20,51,23,48,26,52) ],
      p := ( 2,28,41,27,34,37,52,50,40,15, 5, 3, 8)( 4,21,24,10,38,47,44,16,25,14,30,51,49,42,26,12,35,36,46,13,48,54,53,43,17, 7,11,29,32,39,22,19, 9,31,33,45,23, 6),
      q := ( 2,28,45,16,14,29,34,39,17, 5)( 3, 4,11,30,52,53,40,27,32,37,51,54,50,43,22,10,38,46,26,20,12,31,36,47,42,13,48,49,44,23, 9,35,33,41,15, 7,21,18,24,19, 6, 8) ), rec(
      gadd := [ ( 1,43,19,34,10,52)( 2,45,20,36,11,54)( 3,44,21,35,12,53)( 4,40,22,31,13,49)( 5,42,23,33,14,51)( 6,41,24,32,15,50)( 7,37,25,28,16,46)( 8,39,26,30,17,48)
            ( 9,38,27,29,18,47), ( 1,50,10,32,19,41)( 2,49,11,31,20,40)( 3,51,12,33,21,42)( 4,47,13,29,22,38)( 5,46,14,28,23,37)( 6,48,15,30,24,39)( 7,54,16,36,25,45)( 8,53,17,35,26,44)
            ( 9,52,18,34,27,43) ],
      gmul := [ ( 1,26,13, 2,27,14, 3,25,15)( 4,20,18, 5,21,16, 6,19,17)( 7,24,10, 8,22,11, 9,23,12)(28,53,40,29,54,41,30,52,42)(31,47,45,32,48,43,33,46,44)(34,51,37,35,49,38,36,50,39), 
          ( 1,49,18,30,24,44, 2,50,16,28,22,45, 3,51,17,29,23,43)( 4,54,12,33,26,38, 5,52,10,31,27,39, 6,53,11,32,25,37)( 7,46,13,36,21,42, 8,47,14,34,19,40, 9,48,15,35,20,41) ],
      p := ( 2,31,11,29,43,22,52,39,50,45,25,36,38,53,46,16,32,27,12,49,48,23,24,20,17, 4,19, 7, 6,34,47,54,37,51,14,35,28,30,15,40,42,41,44,13,33,18,26, 5, 3, 8,10, 9),
      q := ( 2,34,39,45,13,35,28,29,49,38,42,54,46,22,40,53,37,44,25,32,14,33,23,17, 7, 8,19, 4,10, 5)( 3, 6,31,21,11,30,26, 9)(12,43,16,36,48,18,15,52,47,41,51,27,20,24) ), rec(
      gadd := [ ( 1, 7, 6, 2, 8, 4, 3, 9, 5)(10,16,15,11,17,13,12,18,14)(19,25,24,20,26,22,21,27,23)(28,34,33,29,35,31,30,36,32)(37,43,42,38,44,40,39,45,41)(46,52,51,47,53,49,48,54,50), 
          ( 1,40,19,31,10,49)( 2,42,20,33,11,51)( 3,41,21,32,12,50)( 4,37,22,28,13,46)( 5,39,23,30,14,48)( 6,38,24,29,15,47)( 7,44,25,35,16,53)( 8,43,26,34,17,52)( 9,45,27,36,18,54) ],
      gmul := [ ( 1,20,12)( 2,21,10)( 3,19,11)( 4,24,14)( 5,22,15)( 6,23,13)( 7,25,16)( 8,26,17)( 9,27,18)(28,48,38)(29,46,39)(30,47,37)(31,49,40)(32,50,41)
            (33,51,42)(34,53,45)(35,54,43)(36,52,44), ( 1,33, 4,30, 7,34, 3,31, 6,28, 9,35, 2,32, 5,29, 8,36)(10,42,13,39,16,43,12,40,15,37,18,44,11,41,14,38,17,45)(19,51,22,48,25,52,21,
             49,24,46,27,53,20,50,23,47,26,54) ],
      p := ( 2,28,11,29,22,17,23, 9,46,44,39,33,52,54,43,45,53,51,41,36,34,48,24,12,37,32,47,16,21, 7, 4, 8)( 3,19,26,18,20, 5)( 6,10,31,50,14,30,13,35,49,27,15,25)(38,40),
      q := ( 2,28,21, 5)( 3,10,35,45,42,53,43,49,14,29,18,12,46,50,27,26,22,23, 6,19,15,13,31,44,47,24,20, 7, 8)( 9,37,34,38,52,41,33,40,48,16,11,30,25)(32,39,36)(51,54) ), rec(
      gadd := [ ( 1, 7, 6, 2, 8, 4, 3, 9, 5)(10,16,15,11,17,13,12,18,14)(19,25,24,20,26,22,21,27,23)(28,34,33,29,35,31,30,36,32)(37,43,42,38,44,40,39,45,41)(46,52,51,47,53,49,48,54,50), 
          ( 1,46,10,28,19,37)( 2,48,11,30,20,39)( 3,47,12,29,21,38)( 4,53,13,35,22,44)( 5,52,14,34,23,43)( 6,54,15,36,24,45)( 7,50,16,32,25,41)( 8,49,17,31,26,40)( 9,51,18,33,27,42) ],
      gmul := [ ( 1,18,22, 2,16,23, 3,17,24)( 4,11,25, 5,12,26, 6,10,27)( 7,14,21, 8,15,19, 9,13,20)(28,44,50,29,45,51,30,43,49)(31,37,53,32,38,54,33,39,52)(34,40,46,35,41,47,36,42,48), 
          ( 1,54, 6,46, 8,51, 3,53, 5,48, 7,50, 2,52, 4,47, 9,49)(10,45,15,37,17,42,12,44,14,39,16,41,11,43,13,38,18,40)(19,36,24,28,26,33,21,35,23,30,25,32,20,34,22,29,27,31) ],
      p := ( 2,28,11,30,41,51,54,44,13,46,15, 9,32,50,17, 4,19, 6, 7,10,37,52,42,22,25,16,23,20,47,53,49,45,40,18,14,29,36,48,26, 8)( 3, 5)(12,34,43,24)(27,39)(35,38),
      q := ( 2,28,21,11,29,33,36,48,13,47,50,22,14,30,45,43,18,25,23,12,32,53,54,42,17, 8, 3, 7,19, 9,34,40,24,20,46,27,37,51,49,41,52,44,26, 4,10,39,15, 6, 5)(31,35,38) ), rec(
      gadd := [ ( 1, 9, 4, 2, 7, 5, 3, 8, 6)(10,18,13,11,16,14,12,17,15)(19,27,22,20,25,23,21,26,24)(28,36,31,29,34,32,30,35,33)(37,45,40,38,43,41,39,44,42)(46,54,49,47,52,50,48,53,51), 
          ( 1,45,19,36,10,54)( 2,44,20,35,11,53)( 3,43,21,34,12,52)( 4,42,22,33,13,51)( 5,41,23,32,14,50)( 6,40,24,31,15,49)( 7,39,25,30,16,48)( 8,38,26,29,17,47)( 9,37,27,28,18,46) ],
      gmul := [ ( 1,19,10)( 2,20,11)( 3,21,12)( 4,22,13)( 5,23,14)( 6,24,15)( 7,25,16)( 8,26,17)( 9,27,18)(28,46,37)(29,47,38)(30,48,39)(31,49,40)(32,50,41)
            (33,51,42)(34,52,43)(35,53,44)(36,54,45), ( 1,51,15,30,25,44, 3,49,14,28,27,45, 2,50,13,29,26,43)( 4,47,17,34,19,42, 6,48,16,35,21,40, 5,46,18,36,20,41)( 7,53,12,31,23,37, 9,
             54,11,32,22,38, 8,52,10,33,24,39) ],
      p := ( 2,28,50,49,51,42,26,11,29,33,53,54,45,24,12,35,36,38,39,23, 6, 4,19, 8)( 3, 7,10,46,15, 5)( 9,32,47,52,40,14,30,41,27,34,48,43,18,16,25,13,37,44,17)(20,21,22),
      q := ( 2,28,44,24,20,11,30,53,40,27,33,41,14,29,34,38,47,42,15, 9,35,31,36,48,51,52,54,49,43,23, 8, 3, 4,10,37,50,45,17, 5)( 6, 7,19)(12,32,39,18,22)(13,46,26,21,16) ), rec(
      gadd := [ ( 1,35)( 2,34)( 3,36)( 4,32)( 5,31)( 6,33)( 7,29)( 8,28)( 9,30)(10,44)(11,43)(12,45)(13,41)(14,40)(15,42)(16,38)(17,37)(18,39)(19,53)(20,52)
            (21,54)(22,50)(23,49)(24,51)(25,47)(26,46)(27,48), ( 1,49,10,31,19,40)( 2,51,11,33,20,42)( 3,50,12,32,21,41)( 4,46,13,28,22,37)( 5,48,14,30,23,39)( 6,47,15,29,24,38)
            ( 7,53,16,35,25,44)( 8,52,17,34,26,43)( 9,54,18,36,27,45) ],
      gmul := [ ( 1,18,22, 2,16,23, 3,17,24)( 4,11,25, 5,12,26, 6,10,27)( 7,14,21, 8,15,19, 9,13,20)(28,45,49,29,43,50,30,44,51)(31,38,52,32,39,53,33,37,54)(34,41,48,35,42,46,36,40,47), 
          ( 1,41,26,30,13,52, 2,42,27,28,14,53, 3,40,25,29,15,54)( 4,43,20,33,18,46, 5,44,21,31,16,47, 6,45,19,32,17,48)( 7,38,24,36,10,50, 8,39,22,34,11,51, 9,37,23,35,12,49) ],
      p := ( 2,34,14,32,31,37,38,13,36,10, 4,23,18,25,52,44,51,26,20, 6,33,19,12,48,41,49,21,46,39,17, 7, 8,16,35,42,45,47,43,28,53,54,15,40,11,30,29, 9)( 3, 5)(22,27,24),
      q := ( 2,33,10, 9, 3, 8,23,24,17, 6,34,27,18,13,31,46,47,50,43,28,42,51,15,52,49,11,29, 4,16,32,36,19,20, 7, 5)(12,38,25,40,21,37,48,54,26)(14,35,53,41,44,45,39,22) ), rec(
      gadd := [ ( 1, 4, 7, 3, 6, 9, 2, 5, 8)(10,13,16,12,15,18,11,14,17)(19,22,25,21,24,27,20,23,26)(28,31,34,30,33,36,29,32,35)(37,40,43,39,42,45,38,41,44)(46,49,52,48,51,54,47,50,53), 
          ( 1,53,10,35,19,44)( 2,52,11,34,20,43)( 3,54,12,36,21,45)( 4,50,13,32,22,41)( 5,49,14,31,23,40)( 6,51,15,33,24,42)( 7,47,16,29,25,38)( 8,46,17,28,26,37)( 9,48,18,30,27,39) ],
      gmul := [ ( 1,17,22, 2,18,23, 3,16,24)( 4,11,27, 5,12,25, 6,10,26)( 7,15,19, 8,13,20, 9,14,21)(28,40,53,30,42,52,29,41,54)(31,44,48,33,43,47,32,45,46)(34,38,50,36,37,49,35,39,51), 
          ( 1,35, 3,36, 2,34)( 4,32, 6,33, 5,31)( 7,29, 9,30, 8,28)(10,53,12,54,11,52)(13,50,15,51,14,49)(16,47,18,48,17,46)(19,44,21,45,20,43)(22,41,24,42,23,40)(25,38,27,39,26,37) ],
      p := ( 2,28,42,47,50,14,36,39,34,41,53,44,27,10, 6,32,23,22,49,40,46,17,26, 4,21,20, 7, 5, 3, 9)( 8,11,31,35,51,45,18)(12,38,37,43,25,33,13,29,15,48,24,19,16,30),
      q := ( 2,32,18, 6,28,38,40,51,44,14,36,41,53,45,23,16,33,25,30,20, 4,11,29,26, 7, 9, 3, 5)( 8,21,12,42,50,27,19,22,48,17,15,49,37,43,13,31,34,39,35,46,24,10)(52,54) ), rec(
      gadd := [ ( 1,13,25, 3,15,27, 2,14,26)( 4,16,21, 6,18,20, 5,17,19)( 7,12,24, 9,11,23, 8,10,22)(28,40,52,30,42,54,29,41,53)(31,43,48,33,45,47,32,44,46)(34,39,51,36,38,50,35,37,49), 
          ( 1,28)( 2,30)( 3,29)( 4,35)( 5,34)( 6,36)( 7,32)( 8,31)( 9,33)(10,37)(11,39)(12,38)(13,44)(14,43)(15,45)(16,41)(17,40)(18,42)(19,46)(20,48)(21,47)
            (22,53)(23,52)(24,54)(25,50)(26,49)(27,51) ],
      gmul := [ ( 1,35, 4,29, 9,32, 3,34, 6,28, 8,31, 2,36, 5,30, 7,33)(10,53,13,47,18,50,12,52,15,46,17,49,11,54,14,48,16,51)(19,44,22,38,27,41,21,43,24,37,26,40,20,45,23,39,25,42), 
          ( 1,40, 7,37, 5,43, 2,41, 8,38, 6,44, 3,42, 9,39, 4,45)(10,31,16,28,14,34,11,32,17,29,15,35,12,33,18,30,13,36)(19,49,25,46,23,52,20,50,26,47,24,53,21,51,27,48,22,54) ],
      p := ( 2,31,52,46,13,33,42,44,51,23,53,14,35,11,29,43,41,16,32,15,49,37,18,26,36,27, 5, 3, 8,10, 9)( 4,19, 7, 6,34,45,22,21,50,54,39,28,12,40,47,48,25,20,17),
      q := ( 2,34,40,46,25,12,45,16,36,14,33,43,44,54,37,23,49,39,28,20,24,17, 7, 8,19, 4,10, 5)( 3, 6,31,50,51,18,15,53,27, 9)(11,30,29,42,41,22)(13,35,21,52,47,48)(26,32) ), rec(
      gadd := [ ( 1,37,19,28,10,46)( 2,39,20,30,11,48)( 3,38,21,29,12,47)( 4,44,22,35,13,53)( 5,43,23,34,14,52)( 6,45,24,36,15,54)( 7,41,25,32,16,50)( 8,40,26,31,17,49)
            ( 9,42,27,33,18,51), ( 1,51,10,33,19,42)( 2,50,11,32,20,41)( 3,49,12,31,21,40)( 4,48,13,30,22,39)( 5,47,14,29,23,38)( 6,46,15,28,24,37)( 7,52,16,34,25,43)( 8,54,17,36,26,45)
            ( 9,53,18,35,27,44) ],
      gmul := [ ( 1,14,27, 3,13,26, 2,15,25)( 4,17,20, 6,16,19, 5,18,21)( 7,10,23, 9,12,22, 8,11,24)(28,43,51,29,44,49,30,45,50)(31,39,54,32,37,52,33,38,53)(34,42,47,35,40,48,36,41,46), 
          ( 1,36, 9,29, 5,31, 2,35, 7,28, 6,33, 3,34, 8,30, 4,32)(10,45,18,38,14,40,11,44,16,37,15,42,12,43,17,39,13,41)(19,54,27,47,23,49,20,53,25,46,24,51,21,52,26,48,22,50) ],
      p := ( 2,28, 8)( 3, 6, 7,13,44,31,33,34,41,45,42,52,40,51,37,43,39,53,46,38,50,24,27,11,29,18,16,20,21,14,30,12,32,48,17, 5)( 4,26,23,22,25,15, 9,36,47,10,49,19),
      q := ( 2,28, 5)( 3, 7,26,18,22,14,29,23,16,12,36,39,41,51,46,48,24,15, 4,13,49,10,44,34,53,37,50,17, 8)( 9,32,38,43,47,19)(11,30,20)(21,25,27)(31,35,33)(40,45,52,54) ), rec(
      gadd := [ ( 1,39,19,33,13,51, 7,45,25,30,10,48, 4,42,22,36,16,54)( 2,38,20,32,14,50, 8,44,26,29,11,47, 5,41,23,35,17,53)( 3,37,21,31,15,49, 9,43,27,28,12,46, 6,40,24,34,18,52), 
          ( 1,41,25,32,16,47, 7,38,22,29,13,53, 4,44,19,35,10,50)( 2,40,26,31,17,46, 8,37,23,28,14,52, 5,43,20,34,11,49)( 3,42,27,33,18,48, 9,39,24,30,15,54, 6,45,21,36,12,51) ],
      gmul := [ ( 1,17,24, 4,11,27, 7,14,21)( 2,18,22, 5,12,25, 8,15,19)( 3,16,23, 6,10,26, 9,13,20)(28,45,50,31,39,53,34,42,47)(29,43,51,32,37,54,35,40,48)(30,44,49,33,38,52,36,41,46), 
          ( 1,34, 4,28, 7,31)( 2,35, 5,29, 8,32)( 3,36, 6,30, 9,33)(10,43,13,37,16,40)(11,44,14,38,17,41)(12,45,15,39,18,42)(19,52,22,46,25,49)(20,53,23,47,26,50)(21,54,24,48,27,51) ],
      p := ( 2,28,35,36,39,17,11,34,46,15,26,13,37,33,54,42,14,31,43,18, 5, 7,10,52,51,45,21,27,53,48,50,41,20,22,19,16, 8, 4,25, 6, 3)( 9,29,38,40,23)(12,30,32,49,47,44,24),
      q := ( 2,28,32,40,15,12,30,35,33,39,21,11,31,46,23, 5, 4,10,37,36,54,51,48,41,18, 9,29,53,45,17,27,38,49,44,14,34,43,20,13,52,42,24,26,22,16, 6)( 7,25, 8) ), rec(
      gadd := [ ( 1,24,11, 7,21,17, 4,27,14)( 2,22,12, 8,19,18, 5,25,15)( 3,23,10, 9,20,16, 6,26,13)(28,51,38,34,48,44,31,54,41)(29,49,39,35,46,45,32,52,42)(30,50,37,36,47,43,33,53,40), 
