NCBRACES[164]:=[rec(
gadd:=
[(1,27,12,38,23,8,34,19,4,30,15,41,26,11,37,22,7,
33,18,3,29,14,40,25,10,36,21,6,32,17,2,28,13,
39,24,9,35,20,5,31,16)(42,68,53,79,64,49,75,60,
45,71,56,82,67,52,78,63,48,74,59,44,70,55,81,66,
51,77,62,47,73,58,43,69,54,80,65,50,76,61,46,72,
57)(83,109,94,120,105,90,116,101,86,112,97,123,108,93,119,
104,89,115,100,85,111,96,122,107,92,118,103,88,114,99,84,
110,95,121,106,91,117,102,87,113,98)(124,150,135,161,146,131,
157,142,127,153,138,164,149,134,160,145,130,156,141,126,152,137,
163,148,133,159,144,129,155,140,125,151,136,162,147,132,158,143,
128,154,139),(1,154,42,113)(2,153,43,112)(3,152,44,111)
(4,151,45,110)(5,150,46,109)(6,149,47,108)
(7,148,48,107)(8,147,49,106)(9,146,50,105)
(10,145,51,104)(11,144,52,103)(12,143,53,102)
(13,142,54,101)(14,141,55,100)(15,140,56,99)
(16,139,57,98)(17,138,58,97)(18,137,59,96)
(19,136,60,95)(20,135,61,94)(21,134,62,93)
(22,133,63,92)(23,132,64,91)(24,131,65,90)
(25,130,66,89)(26,129,67,88)(27,128,68,87)
(28,127,69,86)(29,126,70,85)(30,125,71,84)
(31,124,72,83)(32,164,73,123)(33,163,74,122)
(34,162,75,121)(35,161,76,120)(36,160,77,119)
(37,159,78,118)(38,158,79,117)(39,157,80,116)
(40,156,81,115)(41,155,82,114)],
gmul:=
[(1,65,6,70,11,75,16,80,21,44,26,49,31,54,36,59,41,
64,5,69,10,74,15,79,20,43,25,48,30,53,35,58,40,
63,4,68,9,73,14,78,19,42,24,47,29,52,34,57,39,
62,3,67,8,72,13,77,18,82,23,46,28,51,33,56,38,
61,2,66,7,71,12,76,17,81,22,45,27,50,32,55,37,
60)(83,147,88,152,93,157,98,162,103,126,108,131,113,136,118,
141,123,146,87,151,92,156,97,161,102,125,107,130,112,135,117,
140,122,145,86,150,91,155,96,160,101,124,106,129,111,134,116,
139,121,144,85,149,90,154,95,159,100,164,105,128,110,133,115,
138,120,143,84,148,89,153,94,158,99,163,104,127,109,132,114,
137,119,142),(1,117)(2,116)(3,115)(4,114)(5,113)
(6,112)(7,111)(8,110)(9,109)(10,108)(11,107)(12,106)
(13,105)(14,104)(15,103)(16,102)(17,101)(18,100)(19,99)
(20,98)(21,97)(22,96)(23,95)(24,94)(25,93)(26,92)
(27,91)(28,90)(29,89)(30,88)(31,87)(32,86)(33,85)
(34,84)(35,83)(36,123)(37,122)(38,121)(39,120)(40,119)
(41,118)(42,158)(43,157)(44,156)(45,155)(46,154)(47,153)
(48,152)(49,151)(50,150)(51,149)(52,148)(53,147)(54,146)
(55,145)(56,144)(57,143)(58,142)(59,141)(60,140)(61,139)
(62,138)(63,137)(64,136)(65,135)(66,134)(67,133)(68,132)
(69,131)(70,130)(71,129)(72,128)(73,127)(74,126)(75,125)
(76,124)(77,164)(78,163)(79,162)(80,161)(81,160)(82,159)],
p:=(2,83,137,69,162,155,44,25,71,117,90,20,13,128,23,95,
142,56,96,97,152,163,52,29,136,15,91,146,40,104,93,61,84,
109,164,151,36,21,132,19,30,153,130,102,138,147,126,98,65,88,
105)(3,42,62,41,63,125,135,60,33,67,4,38,149,81,12,9,
79,49,59,10,46,145,85,53,148,122,94,24,112,80,74,78,113,
47,107,43,18,50,66,82,154,118,76,158,159,114,35,22,157,7,
87,150)(6,124,27,26,54,141,134,106,123,72,92,101,51,14,161,
73,45,144,11,34,58,70,129,139,32,108,39,103)(8,120,131,64,
121,156,77,133,143,89,57,55,111,119,31,99,115,127,68,37,140,
110,86,16,116,160,48,100,28,17,75),
q:=(2,83,137,56,96,97,152,163,73,80,51,29,136,28,26,71,
117,90,23,95,142,69,162,155,81,31,99,115,127,57,70,129,139,
11,9,46,145,85,72,92,101,74,47,107,82,154,118,49,66,43,
25,54,141,134,106,123,53,148,122,94,19,13,128,20,30,153,130,
102,138,147,126,98,60,10,79,76,158,159,114,8,120,131,61,84,
109,164,151,7,87,150,40,104,93,64,121,156,48,100,15,91,146,
3,42,63,125,135,65,88,105,41,62)(4,5,38,149,44,18,75,
35,21,132,24,112,45,144,32,108)(6,124,16,116,160,77,133,143,
89,68)(12,34,67,39,103,37,140,110,86,27,17,50,59,33,58,
55,111,119)(14,161,52)(22,157,36)(78,113)),rec(
gadd:=
[(1,16,31,5,20,35,9,24,39,13,28,2,17,32,6,21,36,
10,25,40,14,29,3,18,33,7,22,37,11,26,41,15,30,
4,19,34,8,23,38,12,27)(42,57,72,46,61,76,50,65,
80,54,69,43,58,73,47,62,77,51,66,81,55,70,44,59,
74,48,63,78,52,67,82,56,71,45,60,75,49,64,79,53,
68)(83,98,113,87,102,117,91,106,121,95,110,84,99,114,88,
103,118,92,107,122,96,111,85,100,115,89,104,119,93,108,123,
97,112,86,101,116,90,105,120,94,109)(124,139,154,128,143,158,
132,147,162,136,151,125,140,155,129,144,159,133,148,163,137,152,
126,141,156,130,145,160,134,149,164,138,153,127,142,157,131,146,
161,135,150),(1,116,42,157)(2,115,43,156)(3,114,44,155)
(4,113,45,154)(5,112,46,153)(6,111,47,152)
(7,110,48,151)(8,109,49,150)(9,108,50,149)
(10,107,51,148)(11,106,52,147)(12,105,53,146)
(13,104,54,145)(14,103,55,144)(15,102,56,143)
(16,101,57,142)(17,100,58,141)(18,99,59,140)
(19,98,60,139)(20,97,61,138)(21,96,62,137)
(22,95,63,136)(23,94,64,135)(24,93,65,134)
(25,92,66,133)(26,91,67,132)(27,90,68,131)
(28,89,69,130)(29,88,70,129)(30,87,71,128)
(31,86,72,127)(32,85,73,126)(33,84,74,125)
(34,83,75,124)(35,123,76,164)(36,122,77,163)
(37,121,78,162)(38,120,79,161)(39,119,80,160)
(40,118,81,159)(41,117,82,158)],
gmul:=
[(1,48,13,60,25,72,37,43,8,55,20,67,32,79,3,50,15,
62,27,74,39,45,10,57,22,69,34,81,5,52,17,64,29,
76,41,47,12,59,24,71,36,42,7,54,19,66,31,78,2,
49,14,61,26,73,38,44,9,56,21,68,33,80,4,51,16,
63,28,75,40,46,11,58,23,70,35,82,6,53,18,65,30,
77)(83,159,112,147,100,135,88,164,117,152,105,140,93,128,122,
157,110,145,98,133,86,162,115,150,103,138,91,126,120,155,108,
143,96,131,84,160,113,148,101,136,89,124,118,153,106,141,94,
129,123,158,111,146,99,134,87,163,116,151,104,139,92,127,121,
156,109,144,97,132,85,161,114,149,102,137,90,125,119,154,107,
142,95,130),(1,163)(2,164)(3,124)(4,125)(5,126)
(6,127)(7,128)(8,129)(9,130)(10,131)(11,132)(12,133)
(13,134)(14,135)(15,136)(16,137)(17,138)(18,139)(19,140)
(20,141)(21,142)(22,143)(23,144)(24,145)(25,146)(26,147)
(27,148)(28,149)(29,150)(30,151)(31,152)(32,153)(33,154)
(34,155)(35,156)(36,157)(37,158)(38,159)(39,160)(40,161)
(41,162)(42,122)(43,123)(44,83)(45,84)(46,85)(47,86)
(48,87)(49,88)(50,89)(51,90)(52,91)(53,92)(54,93)
(55,94)(56,95)(57,96)(58,97)(59,98)(60,99)(61,100)
(62,101)(63,102)(64,103)(65,104)(66,105)(67,106)(68,107)
(69,108)(70,109)(71,110)(72,111)(73,112)(74,113)(75,114)
(76,115)(77,116)(78,117)(79,118)(80,119)(81,120)(82,121)],
p:=(2,83,12,9,79,8,87,16,91,92,143,68,82,135,72,45,
145,109,32,99,106,88,61,74,127,76,49,59,10,46,144,89,137,
113,84,57,55,96,65,152,142,126,159,101,28,17,75,4,38,140,
7,120,118,155,19,30,136,85,94,20,13,161,97,133,35,22,132,
3,42,62,156,52,29,153,64,115,162,60,33,67,37,149,105,110,
151,130,81,90,98,24,95,6,124,40,103,102,147,146,48,107,69,
119,80,53,141,31,108,125,39,104,47,100,129,117)(11,34,58,70,
164,134,163,23,112,114,73,123,158,15,116,36,21,157,56,111,43,
18,50,66,160,138,44,25,71,41,63,78,131,154,93,51,14,128,
122,77,86,139,150,27,26,54,148),
q:=(2,83,31,108,125,4,5,38,140,36,22,132,40,103,102,147,
146,77,86,139,150,16,91,92,143,57,70,164,134,163,20,30,136,
85,94,23,112,114,52,14,128,122,48,107,56,111,82,135,53,141,
12,34,67,6,124,3,42,63,47,100,129,117,41,62,156,73,123,
158,28,26,71)(7,120,118,155,24,95,37,149,105,110,151,130,44,
18,75,39,104,78,131,154,93,74,127,49,66,160,138,81,90,98,
19,13,161,97,133,8,87,27,17,50,59,33,58,55,96,60,10,
79,35,21,157,69,119,45,145,109,11,9,46,144,89,137,113,84,
68,43,25,54,148,32,99,106,88,64,115,162,65,152,142,126,159,
101,15,116)(29,153,61,51)(72,80)),rec(
gadd:=
[(1,15,29,2,16,30,3,17,31,4,18,32,5,19,33,6,20,
34,7,21,35,8,22,36,9,23,37,10,24,38,11,25,39,
12,26,40,13,27,41,14,28)(42,56,70,43,57,71,44,58,
72,45,59,73,46,60,74,47,61,75,48,62,76,49,63,77,
50,64,78,51,65,79,52,66,80,53,67,81,54,68,82,55,
69)(83,97,111,84,98,112,85,99,113,86,100,114,87,101,115,
88,102,116,89,103,117,90,104,118,91,105,119,92,106,120,93,
107,121,94,108,122,95,109,123,96,110)(124,138,152,125,139,153,
126,140,154,127,141,155,128,142,156,129,143,157,130,144,158,131,
145,159,132,146,160,133,147,161,134,148,162,135,149,163,136,150,
164,137,151),(1,100,42,141)(2,99,43,140)(3,98,44,139)
(4,97,45,138)(5,96,46,137)(6,95,47,136)
(7,94,48,135)(8,93,49,134)(9,92,50,133)
(10,91,51,132)(11,90,52,131)(12,89,53,130)
(13,88,54,129)(14,87,55,128)(15,86,56,127)
(16,85,57,126)(17,84,58,125)(18,83,59,124)
(19,123,60,164)(20,122,61,163)(21,121,62,162)
(22,120,63,161)(23,119,64,160)(24,118,65,159)
(25,117,66,158)(26,116,67,157)(27,115,68,156)
(28,114,69,155)(29,113,70,154)(30,112,71,153)
(31,111,72,152)(32,110,73,151)(33,109,74,150)
(34,108,75,149)(35,107,76,148)(36,106,77,147)
(37,105,78,146)(38,104,79,145)(39,103,80,144)
(40,102,81,143)(41,101,82,142)],
gmul:=
[(1,22,2,23,3,24,4,25,5,26,6,27,7,28,8,29,9,
30,10,31,11,32,12,33,13,34,14,35,15,36,16,37,17,
38,18,39,19,40,20,41,21)(42,63,43,64,44,65,45,66,
46,67,47,68,48,69,49,70,50,71,51,72,52,73,53,74,
54,75,55,76,56,77,57,78,58,79,59,80,60,81,61,82,
62)(83,104,84,105,85,106,86,107,87,108,88,109,89,110,90,
111,91,112,92,113,93,114,94,115,95,116,96,117,97,118,98,
119,99,120,100,121,101,122,102,123,103)(124,145,125,146,126,147,
127,148,128,149,129,150,130,151,131,152,132,153,133,154,134,155,
135,156,136,157,137,158,138,159,139,160,140,161,141,162,142,163,
143,164,144),(1,164,42,123)(2,163,43,122)(3,162,44,121)
(4,161,45,120)(5,160,46,119)(6,159,47,118)
(7,158,48,117)(8,157,49,116)(9,156,50,115)
(10,155,51,114)(11,154,52,113)(12,153,53,112)
(13,152,54,111)(14,151,55,110)(15,150,56,109)
(16,149,57,108)(17,148,58,107)(18,147,59,106)
(19,146,60,105)(20,145,61,104)(21,144,62,103)
(22,143,63,102)(23,142,64,101)(24,141,65,100)
(25,140,66,99)(26,139,67,98)(27,138,68,97)
(28,137,69,96)(29,136,70,95)(30,135,71,94)
(31,134,72,93)(32,133,73,92)(33,132,74,91)
(34,131,75,90)(35,130,76,89)(36,129,77,88)
(37,128,78,87)(38,127,79,86)(39,126,80,85)
(40,125,81,84)(41,124,82,83)],
p:=(2,124,139,15,132,28,112,127,64,37,99,6,5,83,12,120,
135,106)(3,42,62,33,67,78,45,103,47,148,126,23,136,138,134,
147,85,109,123,68,92,146,77,117,90,57,55,152,163,110,39,144,
130,19,30,17,75,4,38,21,91,20,116,131,60,96,24,153)
(7,128,143,89,105,119,72,121,94,61,111,80,158,48,141,32,149,
40,145,36,108,164,151,122,27,26,54,29,95,156,159,114,35,22,
13,87,16,157)(8,161,11,34,58,70,125,98,142,73,74,82,49,
59,10,46,25,71,133,69,41,63,88,150,81,113,86,53,107,43,
18,50,66,84,154,44,104,160,155,118,31,140,56,137,93,101,115,
76,162,52,100,97,51,14,9,79)(65,129,102),
q:=(2,83,31,99,37,140,69)(3,42,63,129,143,130,24,112,86,
72,162,73,51,29,136,97,74,43,25,54,14,34,67,47,107,82,
76,121,135,147,126,20,157,36,149)(4,5,124,98,101,156,118,12,
161,32,108,123,57,70,84,113,127,61,152,122,16,116,90,68,133,
56,96,19,13,128,102,60,137,134,106,41,62,10,79,35,21,132,
15,91,23,95,115,49,66,125,139,28,153,40,104,119,53,148,85,
150,44,145,7,87,27,17,50,59,33,58,55,111,45,144,89,146,
48,100,138,93,142,52,141,11,9,46,18,75,39,103,78,80,117,
131,65,88,109,164,110)(6,38,22,30,26,71,92,105,160,114,8,
120,94,64)(77,158)(81,154)(151,163)(155,159)),rec(
gadd:=
[(1,50,17,66,33,82,8,57,24,73,40,48,15,64,31,80,6,
55,22,71,38,46,13,62,29,78,4,53,20,69,36,44,11,
60,27,76,2,51,18,67,34,42,9,58,25,74,41,49,16,
65,32,81,7,56,23,72,39,47,14,63,30,79,5,54,21,
70,37,45,12,61,28,77,3,52,19,68,35,43,10,59,26,
75)(83,132,99,148,115,164,90,139,106,155,122,130,97,146,113,
162,88,137,104,153,120,128,95,144,111,160,86,135,102,151,118,
126,93,142,109,158,84,133,100,149,116,124,91,140,107,156,123,
131,98,147,114,163,89,138,105,154,121,129,96,145,112,161,87,
136,103,152,119,127,94,143,110,159,85,134,101,150,117,125,92,
141,108,157),(1,101,42,142)(2,100,43,141)(3,99,44,140)
(4,98,45,139)(5,97,46,138)(6,96,47,137)
(7,95,48,136)(8,94,49,135)(9,93,50,134)
(10,92,51,133)(11,91,52,132)(12,90,53,131)
(13,89,54,130)(14,88,55,129)(15,87,56,128)
(16,86,57,127)(17,85,58,126)(18,84,59,125)
(19,83,60,124)(20,123,61,164)(21,122,62,163)
(22,121,63,162)(23,120,64,161)(24,119,65,160)
(25,118,66,159)(26,117,67,158)(27,116,68,157)
(28,115,69,156)(29,114,70,155)(30,113,71,154)
(31,112,72,153)(32,111,73,152)(33,110,74,151)
(34,109,75,150)(35,108,76,149)(36,107,77,148)
(37,106,78,147)(38,105,79,146)(39,104,80,145)
(40,103,81,144)(41,102,82,143)],
gmul:=
[(1,46,9,54,17,62,25,70,33,78,41,45,8,53,16,61,24,
69,32,77,40,44,7,52,15,60,23,68,31,76,39,43,6,
51,14,59,22,67,30,75,38,42,5,50,13,58,21,66,29,
74,37,82,4,49,12,57,20,65,28,73,36,81,3,48,11,
56,19,64,27,72,35,80,2,47,10,55,18,63,26,71,34,
79)(83,161,116,153,108,145,100,137,92,129,84,162,117,154,109,
146,101,138,93,130,85,163,118,155,110,147,102,139,94,131,86,
164,119,156,111,148,103,140,95,132,87,124,120,157,112,149,104,
141,96,133,88,125,121,158,113,150,105,142,97,134,89,126,122,
159,114,151,106,143,98,135,90,127,123,160,115,152,107,144,99,
136,91,128),(1,112,42,153)(2,113,43,154)(3,114,44,155)
(4,115,45,156)(5,116,46,157)(6,117,47,158)
(7,118,48,159)(8,119,49,160)(9,120,50,161)
(10,121,51,162)(11,122,52,163)(12,123,53,164)
(13,83,54,124)(14,84,55,125)(15,85,56,126)
(16,86,57,127)(17,87,58,128)(18,88,59,129)
(19,89,60,130)(20,90,61,131)(21,91,62,132)
(22,92,63,133)(23,93,64,134)(24,94,65,135)
(25,95,66,136)(26,96,67,137)(27,97,68,138)
(28,98,69,139)(29,99,70,140)(30,100,71,141)
(31,101,72,142)(32,102,73,143)(33,103,74,144)
(34,104,75,145)(35,105,76,146)(36,106,77,147)
(37,107,78,148)(38,108,79,149)(39,109,80,150)
(40,110,81,151)(41,111,82,152)],
p:=(2,124,126,77,131,7,161,142,11,34,58,70,127,44,103,6,
5,83,135,130,158,19,30,17,75,8,128,85,94,24,136,35,22,
13,120,121,47,141,154,27,26,54,29,112)(3,42,62,33,67,123,
80,90,20,91,143,113,81,115,36,99,133,155,56,152,68,4,38,
21,116,88,57,55,137,73,86,16,132,117,122,159,105,92,61,96,
65,82,12,87,139,89,98,28,95,147,52,107,125,39,145,134,76,
156,97,106,32,140,114,129,118,162,23,153,138,48,148,93,102,69,
160,64,164,101,51,14,9,79,49,59,10,46,25,71,78,74,119)
(15,157,146,31,149,150)(18,50,66,37,108,40,144,72,45,104,110,
43)(41,63)(53,100,151,109,84)(60,111,163),
q:=(2,83,94,19,13,161,101,74,160,61,137,52,148,134,49,66,
6,38,22,30,26,71,47,100,110,82,31,108,3,42,63)
(4,5,124,85,135,89,139,130,117,163,65,43,25,54,14,34,67,
164,142,32,99,92,64,123,45,145,93,143,154,16,91,102,56,111,
122,118,121,78,51,29,153,97,147,73,127,81,156,138,77,90,23,
112,41,62,10,79,76,115,7,120,162,20,132,158,24,95,106,11,
9,46,18,75,35,21,157,105,133,114,88,68,39,104,151,150,28,
136,8,87,98,15,116,129,159,146,12,128,126,48,107,84,72,80,
131,36,140,155,69,119,40,103,37,149,109,125)(17,50,59,33,58,
55,96,60,152,57,70,86,27)(44,144,53,141,113)),rec(
gadd:=
[(1,128,42,87)(2,127,43,86)(3,126,44,85)(4,125,45,84)
(5,124,46,83)(6,164,47,123)(7,163,48,122)
(8,162,49,121)(9,161,50,120)(10,160,51,119)
(11,159,52,118)(12,158,53,117)(13,157,54,116)
(14,156,55,115)(15,155,56,114)(16,154,57,113)
(17,153,58,112)(18,152,59,111)(19,151,60,110)
(20,150,61,109)(21,149,62,108)(22,148,63,107)
(23,147,64,106)(24,146,65,105)(25,145,66,104)
(26,144,67,103)(27,143,68,102)(28,142,69,101)
(29,141,70,100)(30,140,71,99)(31,139,72,98)
(32,138,73,97)(33,137,74,96)(34,136,75,95)
(35,135,76,94)(36,134,77,93)(37,133,78,92)
(38,132,79,91)(39,131,80,90)(40,130,81,89)
(41,129,82,88),(1,158,42,117)(2,157,43,116)
(3,156,44,115)(4,155,45,114)(5,154,46,113)
(6,153,47,112)(7,152,48,111)(8,151,49,110)
(9,150,50,109)(10,149,51,108)(11,148,52,107)
(12,147,53,106)(13,146,54,105)(14,145,55,104)
(15,144,56,103)(16,143,57,102)(17,142,58,101)
(18,141,59,100)(19,140,60,99)(20,139,61,98)
(21,138,62,97)(22,137,63,96)(23,136,64,95)
(24,135,65,94)(25,134,66,93)(26,133,67,92)
(27,132,68,91)(28,131,69,90)(29,130,70,89)
(30,129,71,88)(31,128,72,87)(32,127,73,86)
(33,126,74,85)(34,125,75,84)(35,124,76,83)
(36,164,77,123)(37,163,78,122)(38,162,79,121)
(39,161,80,120)(40,160,81,119)(41,159,82,118)],
gmul:=
[(1,81,38,77,34,73,30,69,26,65,22,61,18,57,14,53,10,
49,6,45,2,82,39,78,35,74,31,70,27,66,23,62,19,
58,15,54,11,50,7,46,3,42,40,79,36,75,32,71,28,
67,24,63,20,59,16,55,12,51,8,47,4,43,41,80,37,
76,33,72,29,68,25,64,21,60,17,56,13,52,9,48,5,
44)(83,126,87,130,91,134,95,138,99,142,103,146,107,150,111,
154,115,158,119,162,123,125,86,129,90,133,94,137,98,141,102,
145,106,149,110,153,114,157,118,161,122,124,85,128,89,132,93,
136,97,140,101,144,105,148,109,152,113,156,117,160,121,164,84,
127,88,131,92,135,96,139,100,143,104,147,108,151,112,155,116,
159,120,163),(1,153,25,129,8,146,32,163,15,139,39,156,
22,132,5,149,29,125,12,142,36,159,19,135,2,152,26,128,
9,145,33,162,16,138,40,155,23,131,6,148,30,124,13,141,
37,158,20,134,3,151,27,127,10,144,34,161,17,137,41,154,
24,130,7,147,31,164,14,140,38,157,21,133,4,150,28,126,
11,143,35,160,18,136)(42,112,66,88,49,105,73,122,56,98,
80,115,63,91,46,108,70,84,53,101,77,118,60,94,43,111,
67,87,50,104,74,121,57,97,81,114,64,90,47,107,71,83,
54,100,78,117,61,93,44,110,68,86,51,103,75,120,58,96,
82,113,65,89,48,106,72,123,55,99,79,116,62,92,45,109,
69,85,52,102,76,119,59,95)],
p:=(2,83,72,156,121,89,139,78,90,102,52,29,136,65,160,84,
27,26,54,141,109,3,42,62,119,36,21,132,138,88,23,95,137,
20,13,128,134,133,101,114,40,104,155,158,41,63,47,107,48,100,
11,34,58,70,39,103,7,87,68,43,18,50,66,123,32,108,56,
96,60,33,67,115,163,125,93,143,12,9,79,76,127,28,17,75,
35,22,157,45,144,150,154,4,38,149,8,120,126,73,86,98,92,
19,30,153,49,59,10,46,145,113,44,25,71,164,129,97,15,91,
64)(6,124,130,69,51,14,161,82,94,106,110,159,162,37,140,16,
116,147,53,148,61)(24,112,122,77,152,117,85,135,142,57,55,111,
151,146,105,118,81,131)(31,99,74,80),
q:=(2,83,53,141,98,115,126,52,14,128,155,131,19,13,161,43,
25,54,148,64,41,62,88,20,30,136,60,10,79,49,66,84,16,
91,61,37,149,35,21,157,80,12,34,67,92,24,95,152,90,105,
89,150,135,147,72,133,106,97,28,26,71,125,114,3,42,63,78,
117,122,48,107,77,137,23,112,85,154,39,104,134,156,86,109,40,
103,36,22,132,151,143,31,108,69,74,45,145,94,101,93,146,102,
73,121,118,44,18,75,8,87,57,70,4,5,38,140,27,17,50,
59,33,58,55,96,65,129,110,130,56,111,138,119,7,120,163,164,
160,123,11,9,46,144,139,47,100,32,99,51,29,153,76,162,6,
124,159,127,15,116,142,68,82,113,81,158)),rec(
gadd:=
[(1,46,9,54,17,62,25,70,33,78,41,45,8,53,16,61,24,
69,32,77,40,44,7,52,15,60,23,68,31,76,39,43,6,
51,14,59,22,67,30,75,38,42,5,50,13,58,21,66,29,
74,37,82,4,49,12,57,20,65,28,73,36,81,3,48,11,
56,19,64,27,72,35,80,2,47,10,55,18,63,26,71,34,
79)(83,128,91,136,99,144,107,152,115,160,123,127,90,135,98,
143,106,151,114,159,122,126,89,134,97,142,105,150,113,158,121,
125,88,133,96,141,104,149,112,157,120,124,87,132,95,140,103,
148,111,156,119,164,86,131,94,139,102,147,110,155,118,163,85,
130,93,138,101,146,109,154,117,162,84,129,92,137,100,145,108,
153,116,161),(1,153,42,112)(2,152,43,111)(3,151,44,110)
(4,150,45,109)(5,149,46,108)(6,148,47,107)
(7,147,48,106)(8,146,49,105)(9,145,50,104)
(10,144,51,103)(11,143,52,102)(12,142,53,101)
(13,141,54,100)(14,140,55,99)(15,139,56,98)
(16,138,57,97)(17,137,58,96)(18,136,59,95)
(19,135,60,94)(20,134,61,93)(21,133,62,92)
(22,132,63,91)(23,131,64,90)(24,130,65,89)
(25,129,66,88)(26,128,67,87)(27,127,68,86)
(28,126,69,85)(29,125,70,84)(30,124,71,83)
(31,164,72,123)(32,163,73,122)(33,162,74,121)
(34,161,75,120)(35,160,76,119)(36,159,77,118)
(37,158,78,117)(38,157,79,116)(39,156,80,115)
(40,155,81,114)(41,154,82,113)],
gmul:=
[(1,54,25,78,8,61,32,44,15,68,39,51,22,75,5,58,29,
82,12,65,36,48,19,72,2,55,26,79,9,62,33,45,16,
69,40,52,23,76,6,59,30,42,13,66,37,49,20,73,3,
56,27,80,10,63,34,46,17,70,41,53,24,77,7,60,31,
43,14,67,38,50,21,74,4,57,28,81,11,64,35,47,18,
71)(83,136,107,160,90,143,114,126,97,150,121,133,104,157,87,
140,111,164,94,147,118,130,101,154,84,137,108,161,91,144,115,
127,98,151,122,134,105,158,88,141,112,124,95,148,119,131,102,
155,85,138,109,162,92,145,116,128,99,152,123,135,106,159,89,
142,113,125,96,149,120,132,103,156,86,139,110,163,93,146,117,
129,100,153),(1,134,21,154,41,133,20,153,40,132,19,152,
39,131,18,151,38,130,17,150,37,129,16,149,36,128,15,148,
35,127,14,147,34,126,13,146,33,125,12,145,32,124,11,144,
31,164,10,143,30,163,9,142,29,162,8,141,28,161,7,140,
27,160,6,139,26,159,5,138,25,158,4,137,24,157,3,136,
23,156,2,135,22,155)(42,93,62,113,82,92,61,112,81,91,
60,111,80,90,59,110,79,89,58,109,78,88,57,108,77,87,
56,107,76,86,55,106,75,85,54,105,74,84,53,104,73,83,
52,103,72,123,51,102,71,122,50,101,70,121,49,100,69,120,
48,99,68,119,47,98,67,118,46,97,66,117,45,96,65,116,
44,95,64,115,43,94,63,114)],
p:=(2,83,113,48,107,40,103,74,6,124,159,41,63,84,150,164,
37,149,86,68,47,100,97,19,30,136,147,127,28,17,75,76,51,
14,128,155,123,15,116,163,139,16,91,105,85,31,108,7,120,77,
117,130,69,121,52,29,153,82,72,133,106,44,25,71,158,135,20,
13,161,53,141,98,56,111,89,27,26,54,148,45,145,119,93,23,
112,81,35,22,132,151,131,24,95,101,134,65,129,110,122,32,99,
152,4,38,140,143,57,55,96,138,61,125,114,36,21,157,160,8,
87,109,126,73,39,104,3,42,62,43,18,50,66)(9,79,154,49,
59,10,46,144,12)(11,34,58,70,88,146,78,92,142,156,90,64,
162,94,60,33,67,80,137,102,115),
q:=(2,83,94,65,160,35,21,132,138,64,127,15,91,102,92,147,
162,113,77,90,61,164,6,124,130,56,96,151,158,154,76,74,37,
140,146,47,107,3,42,63,123,28,26,71,131,19,13,128,134,60,
10,79,135,23,95,106,81,8,120,48,100,110,85,12,34,67,45,
144,31,99,137,105,122,11,9,46,145,88,143,68,78,115,32,108,
36,22,157,129,97,24,112,44,18,75,49,66,41,62,82,53,148,
80,152,39,103,51,29,136,142,133,101,155,84,139,27,17,50,59,
33,58,55,111,118,89,16,116,126,52,14,161,72,156,117,159)
(4,5,38,149,121,73)(7,87,98,69,86,57,70,119,114)
(20,30,153,43,25,54,141,109,163,150,125,93)(40,104)),rec(
gadd:=
[(1,27,12,38,23,8,34,19,4,30,15,41,26,11,37,22,7,
33,18,3,29,14,40,25,10,36,21,6,32,17,2,28,13,
39,24,9,35,20,5,31,16)(42,68,53,79,64,49,75,60,
45,71,56,82,67,52,78,63,48,74,59,44,70,55,81,66,
51,77,62,47,73,58,43,69,54,80,65,50,76,61,46,72,
57)(83,109,94,120,105,90,116,101,86,112,97,123,108,93,119,
104,89,115,100,85,111,96,122,107,92,118,103,88,114,99,84,
110,95,121,106,91,117,102,87,113,98)(124,150,135,161,146,131,
157,142,127,153,138,164,149,134,160,145,130,156,141,126,152,137,
163,148,133,159,144,129,155,140,125,151,136,162,147,132,158,143,
128,154,139),(1,142,42,101)(2,141,43,100)(3,140,44,99)
(4,139,45,98)(5,138,46,97)(6,137,47,96)
(7,136,48,95)(8,135,49,94)(9,134,50,93)
(10,133,51,92)(11,132,52,91)(12,131,53,90)
(13,130,54,89)(14,129,55,88)(15,128,56,87)
(16,127,57,86)(17,126,58,85)(18,125,59,84)
(19,124,60,83)(20,164,61,123)(21,163,62,122)
(22,162,63,121)(23,161,64,120)(24,160,65,119)
(25,159,66,118)(26,158,67,117)(27,157,68,116)
(28,156,69,115)(29,155,70,114)(30,154,71,113)
(31,153,72,112)(32,152,73,111)(33,151,74,110)
(34,150,75,109)(35,149,76,108)(36,148,77,107)
(37,147,78,106)(38,146,79,105)(39,145,80,104)
(40,144,81,103)(41,143,82,102)],
gmul:=
[(1,121,48,156,13,109,60,144,25,97,72,132,37,85,43,161,8,
114,55,149,20,102,67,137,32,90,79,125,3,119,50,154,15,
107,62,142,27,95,74,130,39,83,45,159,10,112,57,147,22,
100,69,135,34,88,81,164,5,117,52,152,17,105,64,140,29,
93,76,128,41,122,47,157,12,110,59,145,24,98,71,133,36,
86,42,162,7,115,54,150,19,103,66,138,31,91,78,126,2,
120,49,155,14,108,61,143,26,96,73,131,38,84,44,160,9,
113,56,148,21,101,68,136,33,89,80,124,4,118,51,153,16,
106,63,141,28,94,75,129,40,123,46,158,11,111,58,146,23,
99,70,134,35,87,82,163,6,116,53,151,18,104,65,139,30,
92,77,127)],
p:=(2,124,130,28,95,19,30,17,75,39,144,16,157,121,89,102,
114,3,42,62,33,67,47,148,105,155,8,161,84,135,61,96,147,
113,122,36,99,133,101,52,107,118,40,145,146,53,100,74,51,14,
9,79,35,22,13,120,126,32,149,158,125,93,106,56,137,92,143,
154,162,41,63,119,77,90,68,115,81,94,64,6,5,83,31,140,
150,12,87,27,26,54,29,112,151,20,91,23,136,142,109,15,132,
138,129,97,110,44,103,11,34,58,70,164,37,108,7,128,134,24,
153,117,85,98,60,111,159,4,38,21,116,163,88,139,78,80,131,
65,160,82,76,127,69)(10,46,25,71,156,45,104,48,141,57,55,
152,49,59)(18,50,66,123,73,43)(72,86),
q:=(2,83,12,161,164,6,38,22,30,26,71,92,105,93,142,139,
47,100,51,29,136,106,69,41,62,10,79,8,87,16,91,20,157,
127,56,111,89,146,72,162)(3,42,63,129,151,23,112,97,138,119,
48,107,130,15,116,85,150,31,108,36,149,90,57,70,84,113,126,
11,9,46,18,75,4,5,124,118)(7,120,122)(13,128,114,40,
103,32,99,115,44,145,102,134,19)(14,34,67,78,45,144,27,17,
50,59,33,58,55,96,101,73,82,49,66,125,155,35,21,132,110,
81,154,86,53,148,143,94,61,152,76,121,159,39,104,77,158,123,
52,141,68,133,147,135,64,37,140,98,65,88,109,28,153,131,60,
137,156,80,117,163,160,43,25,54)(24,95)),rec(
gadd:=
[(1,99,42,140)(2,98,43,139)(3,97,44,138)(4,96,45,137)
(5,95,46,136)(6,94,47,135)(7,93,48,134)
(8,92,49,133)(9,91,50,132)(10,90,51,131)
(11,89,52,130)(12,88,53,129)(13,87,54,128)
(14,86,55,127)(15,85,56,126)(16,84,57,125)
(17,83,58,124)(18,123,59,164)(19,122,60,163)
(20,121,61,162)(21,120,62,161)(22,119,63,160)
(23,118,64,159)(24,117,65,158)(25,116,66,157)
(26,115,67,156)(27,114,68,155)(28,113,69,154)
(29,112,70,153)(30,111,71,152)(31,110,72,151)
(32,109,73,150)(33,108,74,149)(34,107,75,148)
(35,106,76,147)(36,105,77,146)(37,104,78,145)
(38,103,79,144)(39,102,80,143)(40,101,81,142)
(41,100,82,141),(1,151,42,110)(2,150,43,109)
(3,149,44,108)(4,148,45,107)(5,147,46,106)
(6,146,47,105)(7,145,48,104)(8,144,49,103)
(9,143,50,102)(10,142,51,101)(11,141,52,100)
(12,140,53,99)(13,139,54,98)(14,138,55,97)
(15,137,56,96)(16,136,57,95)(17,135,58,94)
(18,134,59,93)(19,133,60,92)(20,132,61,91)
(21,131,62,90)(22,130,63,89)(23,129,64,88)
(24,128,65,87)(25,127,66,86)(26,126,67,85)
(27,125,68,84)(28,124,69,83)(29,164,70,123)
(30,163,71,122)(31,162,72,121)(32,161,73,120)
(33,160,74,119)(34,159,75,118)(35,158,76,117)
(36,157,77,116)(37,156,78,115)(38,155,79,114)
(39,154,80,113)(40,153,81,112)(41,152,82,111)],
gmul:=
[(1,121,77,156,30,109,65,144,18,97,53,132,6,85,82,161,35,
114,70,149,23,102,58,137,11,90,46,125,40,119,75,154,28,
107,63,142,16,95,51,130,4,83,80,159,33,112,68,147,21,
100,56,135,9,88,44,164,38,117,73,152,26,105,61,140,14,
93,49,128,2,122,78,157,31,110,66,145,19,98,54,133,7,
86,42,162,36,115,71,150,24,103,59,138,12,91,47,126,41,
120,76,155,29,108,64,143,17,96,52,131,5,84,81,160,34,
113,69,148,22,101,57,136,10,89,45,124,39,118,74,153,27,
106,62,141,15,94,50,129,3,123,79,158,32,111,67,146,20,
99,55,134,8,87,43,163,37,116,72,151,25,104,60,139,13,
92,48,127)],
p:=(2,124,118,81,72)(3,42,62,33,67,88,27,26,54,29,95,
156,86,154,45,103,11,34,58,70,129,115,40,144,98,142,57,55,
137,151,135,110,48,148,94,146,53,107,7,161,41,63,51,14,9,
79,117,163,119,36,108,93,60,96,74,125,155,131,106,52,100,101,
138,61,111)(4,38,21,91,105,134,69,43,18,50,66,133,24,136,
65,47,141,20,116,85,68,6,5,83,113,126,73,80,35,22,13,
87,109,130,160,123,32,140,102,56,152,90,150,49,59,10,46,25,
71,84,31,149,12,120,122,77,76,39,145,16,132,78,162,164,37,
99,15,157)(8,128,114,44,104,97,19,30,17,75,121,159,127,28,
112,89,64,92,23,153)(82,158)(139,147),
q:=(2,83,135,138,64,156,162,84,12,128,134,56,96,51,29,153,
35,21,157,39,103,32,108,155,117,85,57,70,119,7,87,139,101,
110,77,49,66,115,3,42,63,74,123,11,9,46,18,75,127,15,
91,143,105,114,81,53,141,23,95,92,20,132,47,107,36,140,146,
72,41,62,10,79,131,142,68,37,149,31,99,28,136,60,152,158,
43,25,54,14,34,67,160,125,93,65,78,86,94,102,69,82,90,
98,106,73,45,145,27,17,50,59,33,58,55,111,40,104,151,113,
122,48,100,147,109,118,44,144,150,76,4,5,124,130,88,16,116,
163,129,133,19,13,161)(6,38,22,30,26,71,164)
(8,120,126,52,148,154,80)(24,112,159,121,89,61,137,97)),rec(
gadd:=
[(1,99,42,140)(2,98,43,139)(3,97,44,138)(4,96,45,137)
(5,95,46,136)(6,94,47,135)(7,93,48,134)
(8,92,49,133)(9,91,50,132)(10,90,51,131)
(11,89,52,130)(12,88,53,129)(13,87,54,128)
(14,86,55,127)(15,85,56,126)(16,84,57,125)
(17,83,58,124)(18,123,59,164)(19,122,60,163)
(20,121,61,162)(21,120,62,161)(22,119,63,160)
(23,118,64,159)(24,117,65,158)(25,116,66,157)
(26,115,67,156)(27,114,68,155)(28,113,69,154)
(29,112,70,153)(30,111,71,152)(31,110,72,151)
(32,109,73,150)(33,108,74,149)(34,107,75,148)
(35,106,76,147)(36,105,77,146)(37,104,78,145)
(38,103,79,144)(39,102,80,143)(40,101,81,142)
(41,100,82,141),(1,156,42,115)(2,155,43,114)
(3,154,44,113)(4,153,45,112)(5,152,46,111)
(6,151,47,110)(7,150,48,109)(8,149,49,108)
(9,148,50,107)(10,147,51,106)(11,146,52,105)
(12,145,53,104)(13,144,54,103)(14,143,55,102)
(15,142,56,101)(16,141,57,100)(17,140,58,99)
(18,139,59,98)(19,138,60,97)(20,137,61,96)
(21,136,62,95)(22,135,63,94)(23,134,64,93)
(24,133,65,92)(25,132,66,91)(26,131,67,90)
(27,130,68,89)(28,129,69,88)(29,128,70,87)
(30,127,71,86)(31,126,72,85)(32,125,73,84)
(33,124,74,83)(34,164,75,123)(35,163,76,122)
(36,162,77,121)(37,161,78,120)(38,160,79,119)
(39,159,80,118)(40,158,81,117)(41,157,82,116)],
gmul:=
[(1,101)(2,100)(3,99)(4,98)(5,97)(6,96)(7,95)
(8,94)(9,93)(10,92)(11,91)(12,90)(13,89)(14,88)
(15,87)(16,86)(17,85)(18,84)(19,83)(20,123)(21,122)
(22,121)(23,120)(24,119)(25,118)(26,117)(27,116)(28,115)
(29,114)(30,113)(31,112)(32,111)(33,110)(34,109)(35,108)
(36,107)(37,106)(38,105)(39,104)(40,103)(41,102)(42,142)
(43,141)(44,140)(45,139)(46,138)(47,137)(48,136)(49,135)
(50,134)(51,133)(52,132)(53,131)(54,130)(55,129)(56,128)
(57,127)(58,126)(59,125)(60,124)(61,164)(62,163)(63,162)
(64,161)(65,160)(66,159)(67,158)(68,157)(69,156)(70,155)
(71,154)(72,153)(73,152)(74,151)(75,150)(76,149)(77,148)
(78,147)(79,146)(80,145)(81,144)(82,143),
(1,141,35,134,28,127,21,161,14,154,7,147,41,140,34,133,
27,126,20,160,13,153,6,146,40,139,33,132,26,125,19,159,
12,152,5,145,39,138,32,131,25,124,18,158,11,151,4,144,
38,137,31,130,24,164,17,157,10,150,3,143,37,136,30,129,
23,163,16,156,9,149,2,142,36,135,29,128,22,162,15,155,
8,148)(42,100,76,93,69,86,62,120,55,113,48,106,82,99,
75,92,68,85,61,119,54,112,47,105,81,98,74,91,67,84,
60,118,53,111,46,104,80,97,73,90,66,83,59,117,52,110,
45,103,79,96,72,89,65,123,58,116,51,109,44,102,78,95,
71,88,64,122,57,115,50,108,43,101,77,94,70,87,63,121,
56,114,49,107)],
p:=(2,83,113,86,12,9,46,144,102,101,129,94,20,13,161,69,
37,149,130,40,104,82,72,127,48,100,24,112,45,145,81,8,120,
49,66,47,107,147,7,87,115,151,146,142,150,23,95,133,31,99,
119,52,29,153,118,93,16,116,162,138,3,42,63,51,14,128,53,
141,61,152,77,4,38,140,163,11,34,67,88,68,164,15,91,6,
124,158,73,41,62,156,134,85,137,98,78,76,131,159,114,32,108,
125,35,22,132,154,106,28,17,50,59,10,79,117,39,103,60,33,
58,55,111,56,96,105,123,155,65,160,110,97,64,92,143,122,36,
21,157,19,30,136,57,70,43,18,75,121,90,109)(25,54,148,126,
89,74,80,135,44)(26,71,84,139,27),
q:=(2,83,113,86,31,99,119,52,14,161,69,6,124,131,130,3,
42,63,51,29,136,57,70,43,25,54,141,61,137,98,78,76,158,
73)(4,5,38,149,159,114,11,9,46,145,81,35,21,132,135,44,
18,75,121,90,109,41,62,133,12,34,67,88,68,125,8,120,49,
66,47,107,142,139,16,116,127,48,100,19,13,128,53,148,163,32,
108,164,28,26,71,84,150,20,30,153,118,93,27,17,50,59,33,
58,55,111,56,96,105,123,134,85,152,77,39,103,60,10,79,117)
(7,87,115,138,40,104,82,72,162,151,143,122)(15,91,37,140,126,
89,74,80,154,106)(22,157,24,112,45,144,102,101,160,110,97,64,
92,146,147,36)(23,95,156,155,65,129,94)),rec(
gadd:=
[(1,5,9,13,17,21,25,29,33,37,41,4,8,12,16,20,24,
28,32,36,40,3,7,11,15,19,23,27,31,35,39,2,6,
10,14,18,22,26,30,34,38)(42,46,50,54,58,62,66,70,
74,78,82,45,49,53,57,61,65,69,73,77,81,44,48,52,
56,60,64,68,72,76,80,43,47,51,55,59,63,67,71,75,
79)(83,87,91,95,99,103,107,111,115,119,123,86,90,94,98,
102,106,110,114,118,122,85,89,93,97,101,105,109,113,117,121,
84,88,92,96,100,104,108,112,116,120)(124,128,132,136,140,144,
148,152,156,160,164,127,131,135,139,143,147,151,155,159,163,126,
130,134,138,142,146,150,154,158,162,125,129,133,137,141,145,149,
153,157,161),(1,141,42,100)(2,140,43,99)(3,139,44,98)
(4,138,45,97)(5,137,46,96)(6,136,47,95)
(7,135,48,94)(8,134,49,93)(9,133,50,92)
(10,132,51,91)(11,131,52,90)(12,130,53,89)
(13,129,54,88)(14,128,55,87)(15,127,56,86)
(16,126,57,85)(17,125,58,84)(18,124,59,83)
(19,164,60,123)(20,163,61,122)(21,162,62,121)
(22,161,63,120)(23,160,64,119)(24,159,65,118)
(25,158,66,117)(26,157,67,116)(27,156,68,115)
(28,155,69,114)(29,154,70,113)(30,153,71,112)
(31,152,72,111)(32,151,73,110)(33,150,74,109)
(34,149,75,108)(35,148,76,107)(36,147,77,106)
(37,146,78,105)(38,145,79,104)(39,144,80,103)
(40,143,81,102)(41,142,82,101)],
gmul:=
[(1,45)(2,44)(3,43)(4,42)(5,82)(6,81)(7,80)
(8,79)(9,78)(10,77)(11,76)(12,75)(13,74)(14,73)
(15,72)(16,71)(17,70)(18,69)(19,68)(20,67)(21,66)
(22,65)(23,64)(24,63)(25,62)(26,61)(27,60)(28,59)
(29,58)(30,57)(31,56)(32,55)(33,54)(34,53)(35,52)
(36,51)(37,50)(38,49)(39,48)(40,47)(41,46)(83,162)
(84,161)(85,160)(86,159)(87,158)(88,157)(89,156)(90,155)
(91,154)(92,153)(93,152)(94,151)(95,150)(96,149)(97,148)
(98,147)(99,146)(100,145)(101,144)(102,143)(103,142)(104,141)
(105,140)(106,139)(107,138)(108,137)(109,136)(110,135)(111,134)
(112,133)(113,132)(114,131)(115,130)(116,129)(117,128)(118,127)
(119,126)(120,125)(121,124)(122,164)(123,163),
(1,130)(2,131)(3,132)(4,133)(5,134)(6,135)(7,136)
(8,137)(9,138)(10,139)(11,140)(12,141)(13,142)(14,143)
(15,144)(16,145)(17,146)(18,147)(19,148)(20,149)(21,150)
(22,151)(23,152)(24,153)(25,154)(26,155)(27,156)(28,157)
(29,158)(30,159)(31,160)(32,161)(33,162)(34,163)(35,164)
(36,124)(37,125)(38,126)(39,127)(40,128)(41,129)(42,89)
(43,90)(44,91)(45,92)(46,93)(47,94)(48,95)(49,96)
(50,97)(51,98)(52,99)(53,100)(54,101)(55,102)(56,103)
(57,104)(58,105)(59,106)(60,107)(61,108)(62,109)(63,110)
(64,111)(65,112)(66,113)(67,114)(68,115)(69,116)(70,117)
(71,118)(72,119)(73,120)(74,121)(75,122)(76,123)(77,83)
(78,84)(79,85)(80,86)(81,87)(82,88)],
p:=(2,83,135,90,20,13,161,102,151,57,70,127,158,138,11,34,
67,37,149,31,99,115)(3,42,63,164,23,95,147,150,134,52,29,
153,98,60,33,58,55,111,129,159,61,84,109,123,86,16,116,163,
142,53,141,130,39,103,6,124,81,12,9,46,144,56,96,97,137,
154,69,160,106,40,104,93,64,88,105,125,133,118,89,68,4,38,
140,35,22,132,49,66,43,18,75,8,120,122,48,100,28,17,50,
59,10,79,51,14,128,7,87,139,155,146,73,47,107,82,152,110,
44,25,54,148,15,91,143,114)(19,30,136,77,131,126,32,108,85,
72,117,78,113,162,65,121,119,45,145,94,24,112,36,21,157,27,
26,71,92,101,74,80,76,156)(41,62),
q:=(2,83,135,117,78,94,19,13,161,105,125,133,89,68,39,104,
114,40,103,37,149,12,34,67,6,124,81,31,108,122,48,107,82,
152,97,137,154,69,160,101,74,80,76,156,24,95,147,150,134,52,
14,128,36,22,132,49,66,43,25,54,148,28,26,71,115,41,62)
(3,42,63,164,20,30,136,77,131,126,11,9,46,144,56,111,129,
159,61,123,121,88,102,151,57,70,127,158,138,32,99,92,106)
(4,5,38,140,8,87,139,155,146,73,47,100,15,116,163,142,53,
141,130)(7,120,85,72,90,23,112)(10,79,51,29,153,109,84,
98,60)(16,91,143,93,64,119,45,145,113,162,65,86,27,17,50,
59,33,58,55,96,110,44,18,75,35,21,157)),rec(
gadd:=
[(1,64,4,67,7,70,10,73,13,76,16,79,19,82,22,44,25,
47,28,50,31,53,34,56,37,59,40,62,2,65,5,68,8,
71,11,74,14,77,17,80,20,42,23,45,26,48,29,51,32,
54,35,57,38,60,41,63,3,66,6,69,9,72,12,75,15,
78,18,81,21,43,24,46,27,49,30,52,33,55,36,58,39,
61)(83,146,86,149,89,152,92,155,95,158,98,161,101,164,104,
126,107,129,110,132,113,135,116,138,119,141,122,144,84,147,87,
150,90,153,93,156,96,159,99,162,102,124,105,127,108,130,111,
133,114,136,117,139,120,142,123,145,85,148,88,151,91,154,94,
157,97,160,100,163,103,125,106,128,109,131,112,134,115,137,118,
140,121,143),(1,125,42,84)(2,124,43,83)(3,164,44,123)
(4,163,45,122)(5,162,46,121)(6,161,47,120)
(7,160,48,119)(8,159,49,118)(9,158,50,117)
(10,157,51,116)(11,156,52,115)(12,155,53,114)
(13,154,54,113)(14,153,55,112)(15,152,56,111)
(16,151,57,110)(17,150,58,109)(18,149,59,108)
(19,148,60,107)(20,147,61,106)(21,146,62,105)
(22,145,63,104)(23,144,64,103)(24,143,65,102)
(25,142,66,101)(26,141,67,100)(27,140,68,99)
(28,139,69,98)(29,138,70,97)(30,137,71,96)
(31,136,72,95)(32,135,73,94)(33,134,74,93)
(34,133,75,92)(35,132,76,91)(36,131,77,90)
(37,130,78,89)(38,129,79,88)(39,128,80,87)
(40,127,81,86)(41,126,82,85)],
gmul:=
[(1,2,3,4,5,6,7,8,9,10,11,12,13,14,15,16,17,
18,19,20,21,22,23,24,25,26,27,28,29,30,31,32,33,
34,35,36,37,38,39,40,41)(42,43,44,45,46,47,48,49,
50,51,52,53,54,55,56,57,58,59,60,61,62,63,64,65,
66,67,68,69,70,71,72,73,74,75,76,77,78,79,80,81,
82)(83,84,85,86,87,88,89,90,91,92,93,94,95,96,97,
98,99,100,101,102,103,104,105,106,107,108,109,110,111,112,113,
114,115,116,117,118,119,120,121,122,123)(124,125,126,127,128,129,
130,131,132,133,134,135,136,137,138,139,140,141,142,143,144,145,
146,147,148,149,150,151,152,153,154,155,156,157,158,159,160,161,
162,163,164),(1,126,62,101)(2,135,61,92)(3,144,60,83)
(4,153,59,115)(5,162,58,106)(6,130,57,97)
(7,139,56,88)(8,148,55,120)(9,157,54,111)
(10,125,53,102)(11,134,52,93)(12,143,51,84)
(13,152,50,116)(14,161,49,107)(15,129,48,98)
(16,138,47,89)(17,147,46,121)(18,156,45,112)
(19,124,44,103)(20,133,43,94)(21,142,42,85)
(22,151,82,117)(23,160,81,108)(24,128,80,99)
(25,137,79,90)(26,146,78,122)(27,155,77,113)
(28,164,76,104)(29,132,75,95)(30,141,74,86)
(31,150,73,118)(32,159,72,109)(33,127,71,100)
(34,136,70,91)(35,145,69,123)(36,154,68,114)
(37,163,67,105)(38,131,66,96)(39,140,65,87)
(40,149,64,119)(41,158,63,110)],
p:=(2,124,143,61,162,23,37,164,63,153,66,111,158,24,155,8,
160,72,138,21,6,5,83,55,32,115,108,146,12,34,114,22,78,
86,48)(3,42,13,120,105,58,71,98,77,127,102,68,110,147,20,
134,90,7,129,163,31,116,107,135,100,28,156,81,95,70,109,126,
113,149,19,47,11,161,64,26,75,97,4,38,123,103,27,125,154,
25,50,82,17,87,57,54,73,159,40,132,141,60,151,18,9,46,
139,59,130,122,104,145,62,152,49,10,79,96,29,157,65,112,148)
(14,119,85,56,150,35,93)(15,88,144,53,41,91)
(16,128,142,44,43,51,74,118,106,67,121,94,45,52,33,84,80,
136,140,76,137,99,69,89)(36,133,131,101)(39,92),
q:=(2,83,55,11,88,99,69,152,49,33,156,81,139,59,96,14,
128,122,140,76,118,163,12,9,46,95,70,136,104,108,117,146,31,
155,35,157,65,150,8,120,131,126,141,60,121,148,40,114,21,37,
115,145,62,89,27,92,4,5,124,90,36,123,149,24,116,154,18,
34,132,113,103,16,119,147,23,6,38,133,105,58,71,153,66,159,
3,42,30,13,160,72,86,48,41,134,143,61,97,39,125,107,100,
15,161,64,17,129,106,67,151,25,50,82,26,75,162,20,91,28,
84,80,109,101,7,87,57,54,73,111,102,68,127,158,19,47,32,
164,63,98,77,110,85,56,112,94,45,52,10,79,130,142,44,43,
51,74,137,144,53)(22,78,138)(29,93)),rec(
gadd:=
[(1,23,4,26,7,29,10,32,13,35,16,38,19,41,22,3,25,
6,28,9,31,12,34,15,37,18,40,21,2,24,5,27,8,
30,11,33,14,36,17,39,20)(42,64,45,67,48,70,51,73,
54,76,57,79,60,82,63,44,66,47,69,50,72,53,75,56,
78,59,81,62,43,65,46,68,49,71,52,74,55,77,58,80,
61)(83,105,86,108,89,111,92,114,95,117,98,120,101,123,104,
85,107,88,110,91,113,94,116,97,119,100,122,103,84,106,87,
109,90,112,93,115,96,118,99,121,102)(124,146,127,149,130,152,
133,155,136,158,139,161,142,164,145,126,148,129,151,132,154,135,
157,138,160,141,163,144,125,147,128,150,131,153,134,156,137,159,
140,162,143),(1,113,42,154)(2,112,43,153)(3,111,44,152)
(4,110,45,151)(5,109,46,150)(6,108,47,149)
(7,107,48,148)(8,106,49,147)(9,105,50,146)
(10,104,51,145)(11,103,52,144)(12,102,53,143)
(13,101,54,142)(14,100,55,141)(15,99,56,140)
(16,98,57,139)(17,97,58,138)(18,96,59,137)
(19,95,60,136)(20,94,61,135)(21,93,62,134)
(22,92,63,133)(23,91,64,132)(24,90,65,131)
(25,89,66,130)(26,88,67,129)(27,87,68,128)
(28,86,69,127)(29,85,70,126)(30,84,71,125)
(31,83,72,124)(32,123,73,164)(33,122,74,163)
(34,121,75,162)(35,120,76,161)(36,119,77,160)
(37,118,78,159)(38,117,79,158)(39,116,80,157)
(40,115,81,156)(41,114,82,155)],
gmul:=
[(1,2,3,4,5,6,7,8,9,10,11,12,13,14,15,16,17,
18,19,20,21,22,23,24,25,26,27,28,29,30,31,32,33,
34,35,36,37,38,39,40,41)(42,43,44,45,46,47,48,49,
50,51,52,53,54,55,56,57,58,59,60,61,62,63,64,65,
66,67,68,69,70,71,72,73,74,75,76,77,78,79,80,81,
82)(83,123,122,121,120,119,118,117,116,115,114,113,112,111,110,
109,108,107,106,105,104,103,102,101,100,99,98,97,96,95,94,
93,92,91,90,89,88,87,86,85,84)(124,164,163,162,161,160,
159,158,157,156,155,154,153,152,151,150,149,148,147,146,145,144,
143,142,141,140,139,138,137,136,135,134,133,132,131,130,129,128,
127,126,125),(1,92,75,164)(2,83,74,132)(3,115,73,141)
(4,106,72,150)(5,97,71,159)(6,88,70,127)
(7,120,69,136)(8,111,68,145)(9,102,67,154)
(10,93,66,163)(11,84,65,131)(12,116,64,140)
(13,107,63,149)(14,98,62,158)(15,89,61,126)
(16,121,60,135)(17,112,59,144)(18,103,58,153)
(19,94,57,162)(20,85,56,130)(21,117,55,139)
(22,108,54,148)(23,99,53,157)(24,90,52,125)
(25,122,51,134)(26,113,50,143)(27,104,49,152)
(28,95,48,161)(29,86,47,129)(30,118,46,138)
(31,109,45,147)(32,100,44,156)(33,91,43,124)
(34,123,42,133)(35,114,82,142)(36,105,81,151)
(37,96,80,160)(38,87,79,128)(39,119,78,137)
(40,110,77,146)(41,101,76,155)],
p:=(2,124,135,117,100,7,129,147,31,91,36,125,146,23,6,5,
83,45,73,151,8,160,61,137,108,154,35,93,4,38,115,99,48,
33,92,29,132,158,3,42,13,87,68,118,122,104,145,63,136,149,
40,157,44,74,110,163,20,134,107,143,72,130,106,67,96,39,84,
