NCBRACES[126] := [ rec(
      gadd := 
       [ (  1, 83,  8, 69, 15, 76)(  2, 82,  9, 68, 16, 75)(  3, 81, 10, 67,
              17, 74)(  4, 80, 11, 66, 18, 73)(  5, 79, 12, 65, 19, 72)
            (  6, 78, 13, 64, 20, 71)(  7, 84, 14, 70, 21, 77)
            ( 22,104, 29, 90, 36, 97)( 23,103, 30, 89, 37, 96)
            ( 24,102, 31, 88, 38, 95)( 25,101, 32, 87, 39, 94)
            ( 26,100, 33, 86, 40, 93)( 27, 99, 34, 85, 41, 92)
            ( 28,105, 35, 91, 42, 98)( 43,125, 50,111, 57,118)
            ( 44,124, 51,110, 58,117)( 45,123, 52,109, 59,116)
            ( 46,122, 53,108, 60,115)( 47,121, 54,107, 61,114)
            ( 48,120, 55,106, 62,113)( 49,126, 56,112, 63,119), 
          (  1,120, 36, 78, 50, 92,  8,106, 22, 64, 57, 99, 15,113, 29, 71,
              43, 85)(  2,125, 40, 84, 52, 95,  9,111, 26, 70, 59,102, 16,118,
             33, 77, 45, 88)(  3,123, 37, 83, 54, 98, 10,109, 23, 69, 61,105,
              17,116, 30, 76, 47, 91)(  4,121, 41, 82, 56, 94, 11,107, 27, 68,
             63,101, 18,114, 34, 75, 49, 87)(  5,126, 38, 81, 51, 97, 12,112,
              24, 67, 58,104, 19,119, 31, 74, 44, 90)(  6,124, 42, 80, 53, 93,
             13,110, 28, 66, 60,100, 20,117, 35, 73, 46, 86)(  7,122, 39, 79,
              55, 96, 14,108, 25, 65, 62,103, 21,115, 32, 72, 48, 89) ],
      gmul := 
       [ (  1, 42, 52,  8, 28, 59, 15, 35, 45)(  2, 39, 54,  9, 25, 61, 16,
              32, 47)(  3, 36, 56, 10, 22, 63, 17, 29, 49)(  4, 40, 51, 11,
              26, 58, 18, 33, 44)(  5, 37, 53, 12, 23, 60, 19, 30, 46)
            (  6, 41, 55, 13, 27, 62, 20, 34, 48)(  7, 38, 50, 14, 24, 57, 21,
             31, 43)( 64,105,115, 71, 91,122, 78, 98,108)( 65,102,117, 72, 88,
             124, 79, 95,110)( 66, 99,119, 73, 85,126, 80, 92,112)
            ( 67,103,114, 74, 89,121, 81, 96,107)( 68,100,116, 75, 86,123, 82,
             93,109)( 69,104,118, 76, 90,125, 83, 97,111)( 70,101,113, 77, 87,
             120, 84, 94,106), 
          (  1, 77, 15, 70,  8, 84)(  2, 76, 16, 69,  9, 83)(  3, 75, 17, 68,
              10, 82)(  4, 74, 18, 67, 11, 81)(  5, 73, 19, 66, 12, 80)
            (  6, 72, 20, 65, 13, 79)(  7, 71, 21, 64, 14, 78)
            ( 22, 98, 36, 91, 29,105)( 23, 97, 37, 90, 30,104)
            ( 24, 96, 38, 89, 31,103)( 25, 95, 39, 88, 32,102)
            ( 26, 94, 40, 87, 33,101)( 27, 93, 41, 86, 34,100)
            ( 28, 92, 42, 85, 35, 99)( 43,119, 57,112, 50,126)
            ( 44,118, 58,111, 51,125)( 45,117, 59,110, 52,124)
            ( 46,116, 60,109, 53,123)( 47,115, 61,108, 54,122)
            ( 48,114, 62,107, 55,121)( 49,113, 63,106, 56,120) ],
      p := (  2, 64, 59, 53, 33,113, 12,106, 97,121, 74, 46,108, 86, 67, 63,
          58, 25, 44, 77, 34, 92, 83, 95,122,123,124, 75, 47, 72, 38, 84, 96,
          93,126, 87, 88, 89,117, 24,  3, 36, 85,116, 11, 70, 41,105,109,114,
          61, 30, 42, 69, 51, 52, 55, 54, 32,  6, 43,112, 18, 22, 21, 57, 26,
           9, 99,119, 81,118, 27, 45,111, 19, 39,120, 82,115, 60,  4, 15, 50,
          66, 35,102,104,110, 73, 10, 78, 28, 48,100,101, 91, 98, 80, 13, 71,
          23, 37,103, 76, 31, 49,107, 94,125, 90, 68, 20, 16, 29, 14, 65, 62,
          17, 40, 79, 56,  5)(  7,  8),
      q := (  2, 64, 28, 37,107,117, 60,  5,  7, 15, 29, 16, 50, 66, 52, 30,
          45,105,104,101,125,123, 87,126,124, 82, 93, 88,121, 81, 98, 73, 20,
          14, 65, 23, 48,108,122, 90, 68, 10, 71, 62, 13, 78, 59, 31, 40, 72,
          46,100,110, 80, 17, 49,103, 83,119, 74, 38, 77, 54, 51, 35,112, 12,
          99, 95, 86, 67, 26, 21, 22,  9,106,116, 19, 44, 84,114, 27, 42, 69,
          32,  3, 43,102,109, 96,115, 24,  6, 36,120, 75, 41,111, 11, 70, 47,
          79, 33, 92, 76, 53, 56,  4,  8)( 18, 57, 63, 25, 39, 85, 97, 89, 94,
         91,118, 61, 55, 34,113) ), rec(
      gadd := 
       [ (  1, 59, 42, 15, 52, 35,  8, 45, 28)(  2, 61, 39, 16, 54, 32,  9,
              47, 25)(  3, 63, 36, 17, 56, 29, 10, 49, 22)(  4, 58, 40, 18,
              51, 33, 11, 44, 26)(  5, 60, 37, 19, 53, 30, 12, 46, 23)
            (  6, 62, 41, 20, 55, 34, 13, 48, 27)(  7, 57, 38, 21, 50, 31, 14,
             43, 24)( 64,122,105, 78,115, 98, 71,108, 91)( 65,124,102, 79,117,
             95, 72,110, 88)( 66,126, 99, 80,119, 92, 73,112, 85)
            ( 67,121,103, 81,114, 96, 74,107, 89)( 68,123,100, 82,116, 93, 75,
             109, 86)( 69,125,104, 83,118, 97, 76,111, 90)( 70,120,101, 84,
             113, 94, 77,106, 87), 
          (  1, 85, 43, 71, 29,113, 15, 99, 57, 64, 22,106,  8, 92, 50, 78,
              36,120)(  2, 88, 45, 77, 33,118, 16,102, 59, 70, 26,111,  9, 95,
             52, 84, 40,125)(  3, 91, 47, 76, 30,116, 17,105, 61, 69, 23,109,
              10, 98, 54, 83, 37,123)(  4, 87, 49, 75, 34,114, 18,101, 63, 68,
             27,107, 11, 94, 56, 82, 41,121)(  5, 90, 44, 74, 31,119, 19,104,
              58, 67, 24,112, 12, 97, 51, 81, 38,126)(  6, 86, 46, 73, 35,117,
             20,100, 60, 66, 28,110, 13, 93, 53, 80, 42,124)(  7, 89, 48, 72,
              32,115, 21,103, 62, 65, 25,108, 14, 96, 55, 79, 39,122) ],
      gmul := 
       [ (  1, 58, 25, 15, 51, 39,  8, 44, 32)(  2, 59, 26, 16, 52, 40,  9,
              45, 33)(  3, 60, 27, 17, 53, 41, 10, 46, 34)(  4, 61, 28, 18,
              54, 42, 11, 47, 35)(  5, 62, 22, 19, 55, 36, 12, 48, 29)
            (  6, 63, 23, 20, 56, 37, 13, 49, 30)(  7, 57, 24, 21, 50, 38, 14,
             43, 31)( 64,126, 89, 78,119,103, 71,112, 96)( 65,120, 90, 79,113,
             104, 72,106, 97)( 66,121, 91, 80,114,105, 73,107, 98)
            ( 67,122, 85, 81,115, 99, 74,108, 92)( 68,123, 86, 82,116,100, 75,
             109, 93)( 69,124, 87, 83,117,101, 76,110, 94)( 70,125, 88, 84,
             118,102, 77,111, 95), 
          (  1, 93, 47, 77, 41,115, 15, 86, 61, 70, 34,108,  8,100, 54, 84,
              27,122)(  2, 94, 48, 71, 42,116, 16, 87, 62, 64, 35,109,  9,101,
             55, 78, 28,123)(  3, 95, 49, 72, 36,117, 17, 88, 63, 65, 29,110,
              10,102, 56, 79, 22,124)(  4, 96, 43, 73, 37,118, 18, 89, 57, 66,
             30,111, 11,103, 50, 80, 23,125)(  5, 97, 44, 74, 38,119, 19, 90,
              58, 67, 31,112, 12,104, 51, 81, 24,126)(  6, 98, 45, 75, 39,113,
             20, 91, 59, 68, 32,106, 13,105, 52, 82, 25,120)(  7, 92, 46, 76,
              40,114, 21, 85, 60, 69, 33,107, 14, 99, 53, 83, 26,121) ],
      p := (  2, 64, 58, 35, 86, 87, 93,122, 94,121,124, 97,125, 81,114, 31,
          48, 88, 98, 83,100, 96,102,110, 76, 38, 79, 55, 54, 42, 66, 39,120,
          74, 46,112, 11, 65, 63, 59, 53, 37, 91,103, 73, 10, 78, 32,  6, 43,
         108, 95,126, 82,119, 75,  5)(  3, 22, 21, 57, 30, 25, 45,107,104,109,
         118, 19, 28, 49,111, 12,106,101, 67, 62, 17, 23, 26,  9, 85,117, 18,
          29, 14, 70, 33,113, 61, 40, 84,105, 68, 20, 16, 36, 92, 80, 13, 71,
           4, 15, 50, 69, 52, 56, 24)(  7,  8)( 27, 44, 72, 47, 77, 41, 89,
         116, 34, 99,115, 60),
      q := (  2, 64, 32,  3, 43, 86,110, 83,115, 31, 23, 49, 91,114, 60, 47,
          84,118, 11, 65, 33, 99,100,121, 94, 96,119, 82,102, 87,122,124,123,
          97, 98, 76, 53, 55, 41,107,116, 61, 56, 46, 88,125, 74, 24,  6, 22,
           9,106,117, 12, 85,101, 67, 30, 44, 79, 37,111, 18, 57, 62, 13, 78,
          58, 59, 38, 72, 27, 25, 28, 26, 21, 29, 16, 50, 69, 42, 66, 51, 39,
          92, 73, 20, 14, 70, 63, 35,108,126, 75,  4,  8)(  5,  7, 15, 36,120,
         81,103, 80, 17, 48,112, 19, 45, 89,104, 90,109,105, 68, 10, 71)
        ( 34,113)( 40, 77, 54, 52) ), rec(
      gadd := 
       [ (  1, 35, 59,  8, 42, 45, 15, 28, 52)(  2, 32, 61,  9, 39, 47, 16,
              25, 54)(  3, 29, 63, 10, 36, 49, 17, 22, 56)(  4, 33, 58, 11,
              40, 44, 18, 26, 51)(  5, 30, 60, 12, 37, 46, 19, 23, 53)
            (  6, 34, 62, 13, 41, 48, 20, 27, 55)(  7, 31, 57, 14, 38, 43, 21,
             24, 50)( 64, 98,122, 71,105,108, 78, 91,115)( 65, 95,124, 72,102,
             110, 79, 88,117)( 66, 92,126, 73, 99,112, 80, 85,119)
            ( 67, 96,121, 74,103,107, 81, 89,114)( 68, 93,123, 75,100,109, 82,
             86,116)( 69, 97,125, 76,104,111, 83, 90,118)( 70, 94,120, 77,101,
             106, 84, 87,113), 
          (  1,126, 37, 82, 55, 95,  8,112, 23, 68, 62,102, 15,119, 30, 75,
              48, 88)(  2,124, 41, 81, 50, 98,  9,110, 27, 67, 57,105, 16,117,
             34, 74, 43, 91)(  3,122, 38, 80, 52, 94, 10,108, 24, 66, 59,101,
              17,115, 31, 73, 45, 87)(  4,120, 42, 79, 54, 97, 11,106, 28, 65,
             61,104, 18,113, 35, 72, 47, 90)(  5,125, 39, 78, 56, 93, 12,111,
              25, 64, 63,100, 19,118, 32, 71, 49, 86)(  6,123, 36, 84, 51, 96,
             13,109, 22, 70, 58,103, 20,116, 29, 77, 44, 89)(  7,121, 40, 83,
              53, 92, 14,107, 26, 69, 60, 99, 21,114, 33, 76, 46, 85) ],
      gmul := 
       [ (  1,  2,  3,  4,  5,  6,  7)(  8,  9, 10, 11, 12, 13, 14)
            ( 15, 16, 17, 18, 19, 20, 21)( 22, 26, 23, 27, 24, 28, 25)
            ( 29, 33, 30, 34, 31, 35, 32)( 36, 40, 37, 41, 38, 42, 39)
            ( 43, 45, 47, 49, 44, 46, 48)( 50, 52, 54, 56, 51, 53, 55)
            ( 57, 59, 61, 63, 58, 60, 62)( 64, 70, 69, 68, 67, 66, 65)
            ( 71, 77, 76, 75, 74, 73, 72)( 78, 84, 83, 82, 81, 80, 79)
            ( 85, 88, 91, 87, 90, 86, 89)( 92, 95, 98, 94, 97, 93, 96)
            ( 99,102,105,101,104,100,103)(106,111,109,107,112,110,108)
            (113,118,116,114,119,117,115)(120,125,123,121,126,124,122), 
          (  1, 86, 61, 77, 34,108, 15,100, 54, 70, 27,122,  8, 93, 47, 84,
              41,115)(  2, 87, 62, 71, 35,109, 16,101, 55, 64, 28,123,  9, 94,
             48, 78, 42,116)(  3, 88, 63, 72, 29,110, 17,102, 56, 65, 22,124,
              10, 95, 49, 79, 36,117)(  4, 89, 57, 73, 30,111, 18,103, 50, 66,
             23,125, 11, 96, 43, 80, 37,118)(  5, 90, 58, 74, 31,112, 19,104,
              51, 67, 24,126, 12, 97, 44, 81, 38,119)(  6, 91, 59, 75, 32,106,
             20,105, 52, 68, 25,120, 13, 98, 45, 82, 39,113)(  7, 85, 60, 76,
              33,107, 21, 99, 53, 69, 26,121, 14, 92, 46, 83, 40,114) ],
      p := (  2, 64, 62, 17, 44, 93, 89, 90, 67, 46, 98,115, 12, 92, 80, 13,
          71, 34,120, 82, 91,122, 81, 86, 68, 52, 28, 35,107,116, 11, 65, 25,
           9,106,105,100, 73, 31, 32,  6, 29, 14, 70, 10, 78, 55, 24, 33, 85,
          87,114, 18, 50, 69, 47, 77, 53, 58, 56,  5)(  3, 43, 72, 40,108,118,
         61, 59, 27, 36,113, 41, 66, 20, 16, 57, 51, 23)(  4, 15, 22, 45, 99,
         110, 76, 42, 96, 83,121,104,117, 60)(  7,  8)( 19, 49, 95, 88,119,
         101, 97,109,102,103, 94,125,123, 75, 37,112)( 26, 30, 48,111, 38, 79,
         39, 84,126,124, 74, 54, 63),
      q := (  2, 64, 37, 95,119,124, 81,115, 18, 22, 35, 96, 76, 59, 54, 40,
          93,114, 12,106,125,104, 87, 89,116, 19, 33,113, 61, 42,107, 90, 67,
          31, 44,108, 91,100, 80, 17, 32,  3, 29, 16, 36, 85,117, 38, 72, 63,
          56,  4,  8)(  5,  7, 15, 50, 69, 34, 99, 94,105,122, 74, 27, 57, 25,
         21,  9, 92, 73, 46,111, 60)(  6, 43, 79, 58, 26, 48, 98, 86, 68, 28,
          45,120, 75, 62, 13, 78, 23)( 10, 71, 47, 84,102,121,123, 82,118, 41,
         66)( 11, 65, 51, 55, 53, 39, 77, 24, 49,112)( 14, 70, 20)
        ( 83,103,110)(101,109,126) ), rec(
      gadd := 
       [ (  1, 23, 48,  8, 30, 55, 15, 37, 62)(  2, 27, 43,  9, 34, 50, 16,
              41, 57)(  3, 24, 45, 10, 31, 52, 17, 38, 59)(  4, 28, 47, 11,
              35, 54, 18, 42, 61)(  5, 25, 49, 12, 32, 56, 19, 39, 63)
            (  6, 22, 44, 13, 29, 51, 20, 36, 58)(  7, 26, 46, 14, 33, 53, 21,
             40, 60)( 64, 86,111, 71, 93,118, 78,100,125)( 65, 90,106, 72, 97,
             113, 79,104,120)( 66, 87,108, 73, 94,115, 80,101,122)
            ( 67, 91,110, 74, 98,117, 81,105,124)( 68, 88,112, 75, 95,119, 82,
             102,126)( 69, 85,107, 76, 92,114, 83, 99,121)( 70, 89,109, 77,
              96,116, 84,103,123), 
          (  1,101, 51, 76, 25,124, 15, 94, 44, 69, 39,117,  8, 87, 58, 83,
              32,110)(  2,104, 53, 75, 22,122, 16, 97, 46, 68, 36,115,  9, 90,
             60, 82, 29,108)(  3,100, 55, 74, 26,120, 17, 93, 48, 67, 40,113,
              10, 86, 62, 81, 33,106)(  4,103, 50, 73, 23,125, 18, 96, 43, 66,
             37,118, 11, 89, 57, 80, 30,111)(  5, 99, 52, 72, 27,123, 19, 92,
              45, 65, 41,116, 12, 85, 59, 79, 34,109)(  6,102, 54, 71, 24,121,
             20, 95, 47, 64, 38,114, 13, 88, 61, 78, 31,107)(  7,105, 56, 77,
              28,126, 21, 98, 49, 70, 42,119, 14, 91, 63, 84, 35,112) ],
      gmul := 
       [ (  1, 49, 33, 15, 63, 26,  8, 56, 40)(  2, 43, 34, 16, 57, 27,  9,
              50, 41)(  3, 44, 35, 17, 58, 28, 10, 51, 42)(  4, 45, 29, 18,
              59, 22, 11, 52, 36)(  5, 46, 30, 19, 60, 23, 12, 53, 37)
            (  6, 47, 31, 20, 61, 24, 13, 54, 38)(  7, 48, 32, 21, 62, 25, 14,
             55, 39)( 64,107, 95, 78,121, 88, 71,114,102)( 65,108, 96, 79,122,
             89, 72,115,103)( 66,109, 97, 80,123, 90, 73,116,104)
            ( 67,110, 98, 81,124, 91, 74,117,105)( 68,111, 92, 82,125, 85, 75,
             118, 99)( 69,112, 93, 83,126, 86, 76,119,100)( 70,106, 94, 84,
             120, 87, 77,113,101), 
          (  1, 72, 15, 65,  8, 79)(  2, 73, 16, 66,  9, 80)(  3, 74, 17, 67,
              10, 81)(  4, 75, 18, 68, 11, 82)(  5, 76, 19, 69, 12, 83)
            (  6, 77, 20, 70, 13, 84)(  7, 71, 21, 64, 14, 78)
            ( 22, 96, 36, 89, 29,103)( 23, 97, 37, 90, 30,104)
            ( 24, 98, 38, 91, 31,105)( 25, 92, 39, 85, 32, 99)
            ( 26, 93, 40, 86, 33,100)( 27, 94, 41, 87, 34,101)
            ( 28, 95, 42, 88, 35,102)( 43,115, 57,108, 50,122)
            ( 44,116, 58,109, 51,123)( 45,117, 59,110, 52,124)
            ( 46,118, 60,111, 53,125)( 47,119, 61,112, 54,126)
            ( 48,113, 62,106, 55,120)( 49,114, 63,107, 56,121) ],
      p := (  2, 64, 58, 28, 49,111, 12,106, 94,121,124, 90,104,109,118, 19,
          42, 66, 32,  6, 43,108, 88, 91, 96, 95,126, 82,119, 75,  5)
        (  3, 36, 85,117, 18, 22, 21, 57, 23, 40, 84, 98, 83, 93,122, 87, 86,
         101, 67, 62, 17, 37,105, 68, 20, 16, 29, 14, 70, 26,  9, 99,115, 60,
          41,103, 73, 10, 78, 25, 45,107, 97,125, 81,114, 24)(  4, 15, 50, 69,
         52, 56, 38, 79, 55, 54, 35,100, 89,116, 27, 44, 72, 47, 77, 34, 92,
          80, 13, 71)(  7,  8)( 11, 65, 63, 59, 53, 30, 39,120, 74, 46,112)
        ( 31, 48,102,110, 76)( 33,113, 61),
      q := (  2, 64, 25, 42, 66, 51, 32,  3, 43,100,121, 87,122,124,123, 90,
         109, 98, 76, 53, 55, 34,113, 27, 39, 85, 94, 89, 97, 91,114, 60, 47,
          84,118, 11, 65, 26, 21, 22,  9,106,117, 12, 99, 93, 86,110, 83,115,
          24,  6, 36,120, 81, 96,119, 82, 95, 88,125, 74, 38, 72, 41,107,116,
          61, 56, 46,102,101, 67, 23, 49,105, 68, 10, 71,  5,  7, 15, 29, 16,
          50, 69, 35,108,126, 75,  4,  8)( 13, 78, 58, 59, 31, 37,111, 18, 57,
         62)( 14, 70, 63, 28, 40, 77, 54, 52, 33, 92, 73, 20)( 17, 48,112, 19,
         45,103, 80)( 30, 44, 79) ), rec(
      gadd := 
       [ (  1,114, 28, 81, 45,103,  8,121, 35, 67, 52, 89, 15,107, 42, 74, 59,
             96)(  2,119, 25, 80, 47, 99,  9,126, 32, 66, 54, 85, 16,112, 39,
              73, 61, 92)(  3,117, 22, 79, 49,102, 10,124, 29, 65, 56, 88, 17,
             110, 36, 72, 63, 95)(  4,115, 26, 78, 44,105, 11,122, 33, 64, 51,
             91, 18,108, 40, 71, 58, 98)(  5,113, 23, 84, 46,101, 12,120, 30,
              70, 53, 87, 19,106, 37, 77, 60, 94)(  6,118, 27, 83, 48,104, 13,
             125, 34, 69, 55, 90, 20,111, 41, 76, 62, 97)(  7,116, 24, 82, 43,
             100, 14,123, 31, 68, 50, 86, 21,109, 38, 75, 57, 93), 
          (  1,117, 25, 83, 44,101,  8,124, 32, 69, 51, 87, 15,110, 39, 76,
              58, 94)(  2,115, 22, 82, 46,104,  9,122, 29, 68, 53, 90, 16,108,
             36, 75, 60, 97)(  3,113, 26, 81, 48,100, 10,120, 33, 67, 55, 86,
              17,106, 40, 74, 62, 93)(  4,118, 23, 80, 43,103, 11,125, 30, 66,
             50, 89, 18,111, 37, 73, 57, 96)(  5,116, 27, 79, 45, 99, 12,123,
              34, 65, 52, 85, 19,109, 41, 72, 59, 92)(  6,114, 24, 78, 47,102,
             13,121, 31, 64, 54, 88, 20,107, 38, 71, 61, 95)(  7,119, 28, 84,
              49,105, 14,126, 35, 70, 56, 91, 21,112, 42, 77, 63, 98) ],
      gmul := 
       [ (  1,102, 62, 75, 23,112, 15, 95, 55, 68, 37,126,  8, 88, 48, 82, 30,
             119)(  2,105, 57, 74, 27,110, 16, 98, 50, 67, 41,124,  9, 91, 43,
             81, 34,117)(  3,101, 59, 73, 24,108, 17, 94, 52, 66, 38,122, 10,
              87, 45, 80, 31,115)(  4,104, 61, 72, 28,106, 18, 97, 54, 65, 42,
             120, 11, 90, 47, 79, 35,113)(  5,100, 63, 71, 25,111, 19, 93, 56,
             64, 39,125, 12, 86, 49, 78, 32,118)(  6,103, 58, 77, 22,109, 20,
              96, 51, 70, 36,123, 13, 89, 44, 84, 29,116)(  7, 99, 60, 76, 26,
             107, 21, 92, 53, 69, 40,121, 14, 85, 46, 83, 33,114), 
          (  1,120, 22, 78, 50, 99,  8,106, 29, 64, 57, 85, 15,113, 36, 71,
              43, 92)(  2,125, 26, 84, 52,102,  9,111, 33, 70, 59, 88, 16,118,
             40, 77, 45, 95)(  3,123, 23, 83, 54,105, 10,109, 30, 69, 61, 91,
              17,116, 37, 76, 47, 98)(  4,121, 27, 82, 56,101, 11,107, 34, 68,
             63, 87, 18,114, 41, 75, 49, 94)(  5,126, 24, 81, 51,104, 12,112,
              31, 67, 58, 90, 19,119, 38, 74, 44, 97)(  6,124, 28, 80, 53,100,
             13,110, 35, 66, 60, 86, 20,117, 42, 73, 46, 93)(  7,122, 25, 79,
              55,103, 14,108, 32, 65, 62, 89, 21,115, 39, 72, 48, 96) ],
      p := (  2, 64, 59, 53, 40, 79, 56,  5)(  3, 22, 21, 57, 33,113, 12,106,
         104,110, 73, 10, 78, 35, 88, 96,100, 87, 95,122,123,124, 75, 47, 72,
          24)(  4, 15, 50, 66, 42, 69, 51, 52, 55, 54, 39,120, 82,115, 60)
        (  6, 43,112, 18, 29, 14, 65, 62, 17, 26,  9, 85,116, 11, 70, 27, 45,
         111, 19, 25, 44, 77, 41, 91,105,109,114, 61, 37, 89,117, 31, 49,107,
         101, 98, 80, 13, 71, 30, 28, 48, 86, 67, 63, 58, 32)(  7,  8)
        ( 16, 36, 92, 83,102, 90, 68, 20)( 34, 99,119, 81,118)( 38, 84,103, 76
         )( 46,108, 93,126, 94,125, 97,121, 74),
      q := (  2, 64, 35,112, 12, 85,104, 87,126,124, 82,100,110, 80, 17, 49,
          89,101,125,123, 94, 98, 73, 20, 14, 65, 30, 45, 91,118, 61, 55, 41,
         111, 11, 70, 47, 79, 40, 72, 46, 86, 67, 33, 99,102,109,103, 83,119,
          74, 24,  6, 22,  9,106,116, 19, 44, 84,114, 34,113, 18, 57, 63, 32,
           3, 43, 88,121, 81,105, 90, 68, 10, 71, 62, 13, 78, 59, 38, 77, 54,
          51, 42, 69, 39, 92, 76, 53, 56,  4,  8)(  5,  7, 15, 36,120, 75, 27,
         28, 23, 48,108,122, 97, 96,115, 31, 26, 21, 29, 16, 50, 66, 52, 37,
         107,117, 60)( 93, 95) ), rec(
      gadd := 
       [ (  1, 13, 18,  2, 14, 19,  3,  8, 20,  4,  9, 21,  5, 10, 15,  6, 11,
             16,  7, 12, 17)( 22, 34, 39, 23, 35, 40, 24, 29, 41, 25, 30, 42,
              26, 31, 36, 27, 32, 37, 28, 33, 38)( 43, 55, 60, 44, 56, 61, 45,
             50, 62, 46, 51, 63, 47, 52, 57, 48, 53, 58, 49, 54, 59)
            ( 64, 76, 81, 65, 77, 82, 66, 71, 83, 67, 72, 84, 68, 73, 78, 69,
              74, 79, 70, 75, 80)( 85, 97,102, 86, 98,103, 87, 92,104, 88, 93,
             105, 89, 94, 99, 90, 95,100, 91, 96,101)(106,118,123,107,119,124,
             108,113,125,109,114,126,110,115,120,111,116,121,112,117,122), 
          (  1,106, 29, 78, 57, 85,  8,113, 36, 64, 43, 92, 15,120, 22, 71,
              50, 99)(  2,111, 33, 84, 59, 88,  9,118, 40, 70, 45, 95, 16,125,
             26, 77, 52,102)(  3,109, 30, 83, 61, 91, 10,116, 37, 69, 47, 98,
              17,123, 23, 76, 54,105)(  4,107, 34, 82, 63, 87, 11,114, 41, 68,
             49, 94, 18,121, 27, 75, 56,101)(  5,112, 31, 81, 58, 90, 12,119,
              38, 67, 44, 97, 19,126, 24, 74, 51,104)(  6,110, 35, 80, 60, 86,
             13,117, 42, 66, 46, 93, 20,124, 28, 73, 53,100)(  7,108, 32, 79,
              62, 89, 14,115, 39, 65, 48, 96, 21,122, 25, 72, 55,103) ],
      gmul := 
       [ (  1, 32, 51,  8, 39, 58, 15, 25, 44)(  2, 29, 53,  9, 36, 60, 16,
              22, 46)(  3, 33, 55, 10, 40, 62, 17, 26, 48)(  4, 30, 50, 11,
              37, 57, 18, 23, 43)(  5, 34, 52, 12, 41, 59, 19, 27, 45)
            (  6, 31, 54, 13, 38, 61, 20, 24, 47)(  7, 35, 56, 14, 42, 63, 21,
             28, 49)( 64, 95,114, 71,102,121, 78, 88,107)( 65, 92,116, 72, 99,
             123, 79, 85,109)( 66, 96,118, 73,103,125, 80, 89,111)
            ( 67, 93,113, 74,100,120, 81, 86,106)( 68, 97,115, 75,104,122, 82,
             90,108)( 69, 94,117, 76,101,124, 83, 87,110)( 70, 98,119, 77,105,
             126, 84, 91,112), 
          (  1, 97, 56, 73, 40,123, 15, 90, 49, 66, 33,116,  8,104, 63, 80,
              26,109)(  2, 93, 51, 72, 37,121, 16, 86, 44, 65, 30,114,  9,100,
             58, 79, 23,107)(  3, 96, 53, 71, 41,126, 17, 89, 46, 64, 34,119,
              10,103, 60, 78, 27,112)(  4, 92, 55, 77, 38,124, 18, 85, 48, 70,
             31,117, 11, 99, 62, 84, 24,110)(  5, 95, 50, 76, 42,122, 19, 88,
              43, 69, 35,115, 12,102, 57, 83, 28,108)(  6, 98, 52, 75, 39,120,
             20, 91, 45, 68, 32,113, 13,105, 59, 82, 25,106)(  7, 94, 54, 74,
              36,125, 21, 87, 47, 67, 29,118, 14,101, 61, 81, 22,111) ],
      p := (  2, 64, 63, 23,  3, 43, 77, 53, 59, 27, 36,113, 38, 84,122,123,
         101, 94,121,104,116, 60, 46, 96, 80, 13, 71, 34,120, 82, 89, 87,118,
          12, 92, 83,125, 75, 40,112, 18, 50, 66, 20, 16, 57, 52, 25,  9,106,
         103, 67, 51, 26, 33, 85, 90,110, 73,  5)(  4, 15, 22, 44, 95, 86,109,
         100, 76, 39, 79, 42, 98, 68)(  6, 29, 14, 65, 28, 32)(  7,  8)
        ( 10, 78, 56, 47, 72, 37,108,114, 61, 58, 55, 24, 30, 49, 93, 91,126,
          74, 54, 62, 17, 45, 99, 97,119, 81, 88,115, 41, 69, 31, 35,111, 19,
          48,107,117, 11, 70)(102,105),
      q := (  2, 64, 40, 95,115, 61, 39, 72, 62, 13, 78, 26, 49,108, 89,117,
          19, 30, 33,113, 60, 31, 45,120, 75, 63, 55, 53, 42,111, 11, 70, 20,
          14, 65, 52, 51, 56, 34, 99,109,122,104, 90, 94,103, 67, 25, 21,  9,
          92, 76, 58, 23,  6, 43, 84,100, 83,105,126, 81,119, 74, 27, 57, 28,
          44,112, 12,106,121,123,124,101,110, 80, 17, 35, 98, 68,  5,  7, 15,
          50, 66, 10, 71, 47, 79, 59, 54, 37, 93,118, 18, 22, 32,  3, 29, 16,
          36, 85,116, 38, 77, 24, 48, 96, 73,  4,  8)( 41, 69, 46,107, 87, 91,
         102,125, 82,114)( 86, 97, 88) ), rec(
      gadd := 
       [ (  1, 81,  8, 67, 15, 74)(  2, 80,  9, 66, 16, 73)(  3, 79, 10, 65,
              17, 72)(  4, 78, 11, 64, 18, 71)(  5, 84, 12, 70, 19, 77)
            (  6, 83, 13, 69, 20, 76)(  7, 82, 14, 68, 21, 75)
            ( 22,102, 29, 88, 36, 95)( 23,101, 30, 87, 37, 94)
            ( 24,100, 31, 86, 38, 93)( 25, 99, 32, 85, 39, 92)
            ( 26,105, 33, 91, 40, 98)( 27,104, 34, 90, 41, 97)
            ( 28,103, 35, 89, 42, 96)( 43,123, 50,109, 57,116)
            ( 44,122, 51,108, 58,115)( 45,121, 52,107, 59,114)
            ( 46,120, 53,106, 60,113)( 47,126, 54,112, 61,119)
            ( 48,125, 55,111, 62,118)( 49,124, 56,110, 63,117), 
          (  1,117, 25, 83, 44,101,  8,124, 32, 69, 51, 87, 15,110, 39, 76,
              58, 94)(  2,115, 22, 82, 46,104,  9,122, 29, 68, 53, 90, 16,108,
             36, 75, 60, 97)(  3,113, 26, 81, 48,100, 10,120, 33, 67, 55, 86,
              17,106, 40, 74, 62, 93)(  4,118, 23, 80, 43,103, 11,125, 30, 66,
             50, 89, 18,111, 37, 73, 57, 96)(  5,116, 27, 79, 45, 99, 12,123,
              34, 65, 52, 85, 19,109, 41, 72, 59, 92)(  6,114, 24, 78, 47,102,
             13,121, 31, 64, 54, 88, 20,107, 38, 71, 61, 95)(  7,119, 28, 84,
              49,105, 14,126, 35, 70, 56, 91, 21,112, 42, 77, 63, 98) ],
      gmul := 
       [ (  1, 20, 11,  2, 21, 12,  3, 15, 13,  4, 16, 14,  5, 17,  8,  6, 18,
             9,  7, 19, 10)( 22, 41, 32, 23, 42, 33, 24, 36, 34, 25, 37, 35,
              26, 38, 29, 27, 39, 30, 28, 40, 31)( 43, 62, 53, 44, 63, 54, 45,
             57, 55, 46, 58, 56, 47, 59, 50, 48, 60, 51, 49, 61, 52)
            ( 64, 83, 74, 65, 84, 75, 66, 78, 76, 67, 79, 77, 68, 80, 71, 69,
              81, 72, 70, 82, 73)( 85,104, 95, 86,105, 96, 87, 99, 97, 88,100,
             98, 89,101, 92, 90,102, 93, 91,103, 94)(106,125,116,107,126,117,
             108,120,118,109,121,119,110,122,113,111,123,114,112,124,115), 
          (  1,126, 26, 78, 56,103,  8,112, 33, 64, 63, 89, 15,119, 40, 71,
              49, 96)(  2,121, 23, 79, 51,100,  9,107, 30, 65, 58, 86, 16,114,
             37, 72, 44, 93)(  3,123, 27, 80, 53,104, 10,109, 34, 66, 60, 90,
              17,116, 41, 73, 46, 97)(  4,125, 24, 81, 55,101, 11,111, 31, 67,
             62, 87, 18,118, 38, 74, 48, 94)(  5,120, 28, 82, 50,105, 12,106,
              35, 68, 57, 91, 19,113, 42, 75, 43, 98)(  6,122, 25, 83, 52,102,
             13,108, 32, 69, 59, 88, 20,115, 39, 76, 45, 95)(  7,124, 22, 84,
              54, 99, 14,110, 29, 70, 61, 85, 21,117, 36, 77, 47, 92) ],
      p := (  2, 64, 59, 53, 40, 84,102, 87, 96,105,110, 76, 38, 79, 56,  5)
        (  3, 22, 21, 57, 33,113, 12,106,101, 93,121, 75, 47, 77, 41, 86, 68,
          20, 16, 36, 92, 80, 13, 71, 30, 28, 48, 91,100, 90, 67, 63, 58, 32,
           6, 43,107,104,109,119, 82,118, 34, 99,114, 61, 37, 88, 95,125, 94,
         122,124, 74, 46,111, 19, 25, 44, 72, 24)(  4, 15, 50, 69, 51, 52, 55,
         54, 39,120, 81,115, 60)(  7,  8)(  9, 85,117, 31, 49,112, 18, 29, 14,
         70, 27, 45,108, 98, 83,103, 73, 10, 78, 35, 89,116, 11, 65, 62, 17,
          26)( 42, 66)( 97,126),
      q := (  2, 64, 35,112, 12, 85,104, 87,126,124, 82,100,110, 80, 17, 49,
          89,101,125,123, 94, 98, 73, 20, 14, 65, 30, 45, 91,118, 61, 55, 41,
         111, 11, 70, 47, 79, 40, 72, 46, 86, 67, 33, 99,102,109,103, 83,119,
          74, 24,  6, 22,  9,106,116, 19, 44, 84,114, 34,113, 18, 57, 63, 32,
           3, 43, 88,121, 81,105, 90, 68, 10, 71, 62, 13, 78, 59, 38, 77, 54,
          51, 42, 69, 39, 92, 76, 53, 56,  4,  8)(  5,  7, 15, 36,120, 75, 27,
         28, 23, 48,108,122, 97, 96,115, 31, 26, 21, 29, 16, 50, 66, 52, 37,
         107,117, 60)( 93, 95) ), rec(
      gadd := 
       [ (  1, 24, 46,  8, 31, 53, 15, 38, 60)(  2, 28, 48,  9, 35, 55, 16,
              42, 62)(  3, 25, 43, 10, 32, 50, 17, 39, 57)(  4, 22, 45, 11,
              29, 52, 18, 36, 59)(  5, 26, 47, 12, 33, 54, 19, 40, 61)
            (  6, 23, 49, 13, 30, 56, 20, 37, 63)(  7, 27, 44, 14, 34, 51, 21,
             41, 58)( 64, 87,109, 71, 94,116, 78,101,123)( 65, 91,111, 72, 98,
             118, 79,105,125)( 66, 88,106, 73, 95,113, 80,102,120)
            ( 67, 85,108, 74, 92,115, 81, 99,122)( 68, 89,110, 75, 96,117, 82,
             103,124)( 69, 86,112, 76, 93,119, 83,100,126)( 70, 90,107, 77,
              97,114, 84,104,121), 
          (  1, 95, 62, 75, 37,112, 15, 88, 55, 68, 30,126,  8,102, 48, 82,
              23,119)(  2, 98, 57, 74, 41,110, 16, 91, 50, 67, 34,124,  9,105,
             43, 81, 27,117)(  3, 94, 59, 73, 38,108, 17, 87, 52, 66, 31,122,
              10,101, 45, 80, 24,115)(  4, 97, 61, 72, 42,106, 18, 90, 54, 65,
             35,120, 11,104, 47, 79, 28,113)(  5, 93, 63, 71, 39,111, 19, 86,
              56, 64, 32,125, 12,100, 49, 78, 25,118)(  6, 96, 58, 77, 36,109,
             20, 89, 51, 70, 29,123, 13,103, 44, 84, 22,116)(  7, 92, 60, 76,
              40,107, 21, 85, 53, 69, 33,121, 14, 99, 46, 83, 26,114) ],
      gmul := 
       [ (  1, 99, 43, 71, 22,113, 15, 92, 57, 64, 36,106,  8, 85, 50, 78, 29,
             120)(  2,103, 45, 72, 26,115, 16, 96, 59, 65, 40,108,  9, 89, 52,
             79, 33,122)(  3,100, 47, 73, 23,117, 17, 93, 61, 66, 37,110, 10,
              86, 54, 80, 30,124)(  4,104, 49, 74, 27,119, 18, 97, 63, 67, 41,
             112, 11, 90, 56, 81, 34,126)(  5,101, 44, 75, 24,114, 19, 94, 58,
             68, 38,107, 12, 87, 51, 82, 31,121)(  6,105, 46, 76, 28,116, 20,
              98, 60, 69, 42,109, 13, 91, 53, 83, 35,123)(  7,102, 48, 77, 25,
             118, 21, 95, 62, 70, 39,111, 14, 88, 55, 84, 32,125), 
          (  1,123, 29, 83, 50, 91,  8,109, 36, 69, 57, 98, 15,116, 22, 76,
              43,105)(  2,125, 33, 84, 52, 88,  9,111, 40, 70, 59, 95, 16,118,
             26, 77, 45,102)(  3,120, 30, 78, 54, 85, 10,106, 37, 64, 61, 92,
              17,113, 23, 71, 47, 99)(  4,122, 34, 79, 56, 89, 11,108, 41, 65,
             63, 96, 18,115, 27, 72, 49,103)(  5,124, 31, 80, 51, 86, 12,110,
              38, 66, 58, 93, 19,117, 24, 73, 44,100)(  6,126, 35, 81, 53, 90,
             13,112, 42, 67, 60, 97, 20,119, 28, 74, 46,104)(  7,121, 32, 82,
              55, 87, 14,107, 39, 68, 62, 94, 21,114, 25, 75, 48,101) ],
      p := (  2, 64,125,104, 82, 60,  5)(  3, 43, 26, 32,113, 63,122,121,126,
         101,116, 51, 17, 45, 59, 13, 71, 67,118, 38, 72, 93, 31,108,105, 97,
         124,114, 58, 35, 84, 54, 30,120, 87, 18, 50, 46, 62, 88, 19, 48, 52,
          20, 16, 57, 39, 99,112, 24,  9,106, 74,103, 81, 61, 89, 34, 79, 23,
          33,111, 27, 14, 70, 83, 49, 55, 10, 78, 68,109, 94, 12, 92, 42, 69,
          80, 28,  6, 29, 85, 53,  4, 15, 22)(  7,  8)( 11, 65,110, 75,102,
         107,100,117, 41, 77, 76, 98,123,119, 90)( 25, 36, 66,115, 56, 40, 95,
         86, 44)( 37, 96, 91),
      q := (  2, 64,102, 94, 18, 22,  6, 43, 55, 20, 14, 70, 76,109,107,124,
          87, 12,106, 81, 42, 69, 73, 80, 54, 46, 40,111, 51, 13, 78, 68, 98,
         105,112, 56, 62,118, 63,103, 74,122,101, 91, 60,  4,  8)
        (  3, 29,113, 38, 79, 53,  5,  7, 15, 50, 30, 99, 97,100, 86, 34, 72,
         110, 82, 37,108,123, 90, 19, 33, 95,117, 58, 47, 35, 77, 83, 31, 96,
         116, 27, 16, 36, 66, 89, 44, 52, 10, 71, 67, 88, 11, 65, 93, 49, 26,
          45, 39,120,114, 41, 84, 28)(  9, 92, 61,115, 24, 21)
        ( 17, 32, 85, 23, 48, 25, 57, 59)( 75,125,126,121,104) ), rec(
      gadd := 
       [ (  1,121, 42, 81, 52, 96,  8,107, 28, 67, 59,103, 15,114, 35, 74, 45,
             89)(  2,126, 39, 80, 54, 92,  9,112, 25, 66, 61, 99, 16,119, 32,
              73, 47, 85)(  3,124, 36, 79, 56, 95, 10,110, 22, 65, 63,102, 17,
             117, 29, 72, 49, 88)(  4,122, 40, 78, 51, 98, 11,108, 26, 64, 58,
             105, 18,115, 33, 71, 44, 91)(  5,120, 37, 84, 53, 94, 12,106, 23,
             70, 60,101, 19,113, 30, 77, 46, 87)(  6,125, 41, 83, 55, 97, 13,
             111, 27, 69, 62,104, 20,118, 34, 76, 48, 90)(  7,123, 38, 82, 50,
             93, 14,109, 24, 68, 57,100, 21,116, 31, 75, 43, 86), 
          (  1,122, 41, 84, 54, 93,  8,108, 27, 70, 61,100, 15,115, 34, 77,
              47, 86)(  2,120, 38, 83, 56, 96,  9,106, 24, 69, 63,103, 16,113,
             31, 76, 49, 89)(  3,125, 42, 82, 51, 92, 10,111, 28, 68, 58, 99,
              17,118, 35, 75, 44, 85)(  4,123, 39, 81, 53, 95, 11,109, 25, 67,
             60,102, 18,116, 32, 74, 46, 88)(  5,121, 36, 80, 55, 98, 12,107,
              22, 66, 62,105, 19,114, 29, 73, 48, 91)(  6,126, 40, 79, 50, 94,
             13,112, 26, 65, 57,101, 20,119, 33, 72, 43, 87)(  7,124, 37, 78,
              52, 97, 14,110, 23, 64, 59,104, 21,117, 30, 71, 45, 90) ],
      gmul := 
       [ (  1, 19,  9,  6, 17, 14,  4, 15, 12,  2, 20, 10,  7, 18,  8,  5, 16,
             13,  3, 21, 11)( 22, 40, 30, 27, 38, 35, 25, 36, 33, 23, 41, 31,
              28, 39, 29, 26, 37, 34, 24, 42, 32)( 43, 61, 51, 48, 59, 56, 46,
             57, 54, 44, 62, 52, 49, 60, 50, 47, 58, 55, 45, 63, 53)
            ( 64, 82, 72, 69, 80, 77, 67, 78, 75, 65, 83, 73, 70, 81, 71, 68,
              79, 76, 66, 84, 74)( 85,103, 93, 90,101, 98, 88, 99, 96, 86,104,
             94, 91,102, 92, 89,100, 97, 87,105, 95)(106,124,114,111,122,119,
             109,120,117,107,125,115,112,123,113,110,121,118,108,126,116), 
          (  1,123, 30, 78, 53, 86,  8,109, 37, 64, 60, 93, 15,116, 23, 71,
              46,100)(  2,120, 32, 79, 50, 88,  9,106, 39, 65, 57, 95, 16,113,
             25, 72, 43,102)(  3,124, 34, 80, 54, 90, 10,110, 41, 66, 61, 97,
              17,117, 27, 73, 47,104)(  4,121, 29, 81, 51, 85, 11,107, 36, 67,
             58, 92, 18,114, 22, 74, 44, 99)(  5,125, 31, 82, 55, 87, 12,111,
              38, 68, 62, 94, 19,118, 24, 75, 48,101)(  6,122, 33, 83, 52, 89,
             13,108, 40, 69, 59, 96, 20,115, 26, 76, 45,103)(  7,126, 35, 84,
              56, 91, 14,112, 42, 70, 63, 98, 21,119, 28, 77, 49,105) ],
      p := (  2, 64, 63, 23,  3, 43, 72, 37,109,105,101, 95, 91,121,102,100,
          73, 33, 85, 89, 88,116, 11, 65, 28, 34,120, 82, 90, 67, 48,112, 19,
          46, 97,111, 40,107,118, 59, 25,  9,106,104,115, 12, 92, 80, 13, 71,
          32,  6, 29, 14, 70, 10, 78, 56,  5)(  4, 15, 22, 44, 94,126,122, 81,
         87,117, 62, 17, 47, 77, 55, 26, 31, 35,110, 76, 41, 66, 20, 16, 57,
          54, 60)(  7,  8)( 18, 50, 69, 45, 99,108,119,103, 96, 83,124, 74,
          52, 27, 36,113, 39, 84,123, 75, 38, 79, 42, 93, 86, 68, 51, 24, 30,
          49, 98,114)( 53, 61, 58),
      q := (  2, 64, 38, 77, 26, 49,110, 80, 17, 35, 98, 90, 68, 27, 57, 28,
          44,112, 11, 70, 20, 14, 65, 54, 37, 93,116, 19, 30, 31, 47, 79, 61,
          41, 69, 32,  3, 29, 16, 36, 85,118, 39, 72, 60,  5,  7, 15, 50, 66,
          10, 71, 45,120, 74, 25, 21,  9, 92, 76, 58, 23,  6, 43, 84,100, 83,
         105,126,102,123, 81,119,125,103,111, 62, 13, 78, 24, 46,107, 89,115,
          18, 22, 34, 99, 95,117, 40, 97, 96, 73, 48, 94,101,108, 87, 91,104,
          88, 86, 67, 33,113, 59, 52, 51, 56,  4,  8)( 12,106,121,122, 75, 63,
         53, 42,109,124, 82,114) ), rec(
      gadd := 
       [ (  1, 82,  8, 68, 15, 75)(  2, 81,  9, 67, 16, 74)(  3, 80, 10, 66,
              17, 73)(  4, 79, 11, 65, 18, 72)(  5, 78, 12, 64, 19, 71)
            (  6, 84, 13, 70, 20, 77)(  7, 83, 14, 69, 21, 76)
            ( 22,103, 29, 89, 36, 96)( 23,102, 30, 88, 37, 95)
            ( 24,101, 31, 87, 38, 94)( 25,100, 32, 86, 39, 93)
            ( 26, 99, 33, 85, 40, 92)( 27,105, 34, 91, 41, 98)
            ( 28,104, 35, 90, 42, 97)( 43,124, 50,110, 57,117)
            ( 44,123, 51,109, 58,116)( 45,122, 52,108, 59,115)
            ( 46,121, 53,107, 60,114)( 47,120, 54,106, 61,113)
            ( 48,126, 55,112, 62,119)( 49,125, 56,111, 63,118), 
          (  1,115, 27, 84, 47,100,  8,122, 34, 70, 54, 86, 15,108, 41, 77,
              61, 93)(  2,113, 24, 83, 49,103,  9,120, 31, 69, 56, 89, 16,106,
             38, 76, 63, 96)(  3,118, 28, 82, 44, 99, 10,125, 35, 68, 51, 85,
              17,111, 42, 75, 58, 92)(  4,116, 25, 81, 46,102, 11,123, 32, 67,
             53, 88, 18,109, 39, 74, 60, 95)(  5,114, 22, 80, 48,105, 12,121,
              29, 66, 55, 91, 19,107, 36, 73, 62, 98)(  6,119, 26, 79, 43,101,
             13,126, 33, 65, 50, 87, 20,112, 40, 72, 57, 94)(  7,117, 23, 78,
              45,104, 14,124, 30, 64, 52, 90, 21,110, 37, 71, 59, 97) ],
      gmul := 
       [ (  1, 80,  8, 66, 15, 73)(  2, 81,  9, 67, 16, 74)(  3, 82, 10, 68,
              17, 75)(  4, 83, 11, 69, 18, 76)(  5, 84, 12, 70, 19, 77)
            (  6, 78, 13, 64, 20, 71)(  7, 79, 14, 65, 21, 72)
            ( 22,100, 29, 86, 36, 93)( 23,101, 30, 87, 37, 94)
            ( 24,102, 31, 88, 38, 95)( 25,103, 32, 89, 39, 96)
            ( 26,104, 33, 90, 40, 97)( 27,105, 34, 91, 41, 98)
            ( 28, 99, 35, 85, 42, 92)( 43,124, 50,110, 57,117)
            ( 44,125, 51,111, 58,118)( 45,126, 52,112, 59,119)
            ( 46,120, 53,106, 60,113)( 47,121, 54,107, 61,114)
            ( 48,122, 55,108, 62,115)( 49,123, 56,109, 63,116), 
          (  1, 88, 58, 72, 35,109, 15,102, 51, 65, 28,123,  8, 95, 44, 79,
              42,116)(  2, 90, 62, 73, 30,106, 16,104, 55, 66, 23,120,  9, 97,
             48, 80, 37,113)(  3, 85, 59, 74, 32,110, 17, 99, 52, 67, 25,124,
              10, 92, 45, 81, 39,117)(  4, 87, 63, 75, 34,107, 18,101, 56, 68,
             27,121, 11, 94, 49, 82, 41,114)(  5, 89, 60, 76, 29,111, 19,103,
              53, 69, 22,125, 12, 96, 46, 83, 36,118)(  6, 91, 57, 77, 31,108,
             20,105, 50, 70, 24,122, 13, 98, 43, 84, 38,115)(  7, 86, 61, 71,
              33,112, 21,100, 54, 64, 26,126, 14, 93, 47, 78, 40,119) ],
      p := (  2, 64, 62, 17, 47, 77, 56, 44, 94,125, 74, 51, 24, 33, 85, 86,
         107,119, 82, 90,112, 18, 50, 69, 30, 48,111, 19, 46, 97,115, 42, 96,
          83,124,126, 75, 38, 79, 39, 84,123,105,101, 98, 67, 52, 27, 36,113,
          37,109,102,103, 68,  4, 15, 22, 45, 99, 93, 89, 91,122,121,100, 73,
           5)(  3, 43, 72, 40,108,118, 12, 92, 80, 13, 71, 35,110, 76, 41, 66,
         20, 16, 57, 54, 60, 49, 95, 88,116, 63, 26, 31, 32,  6, 29, 14, 70,
          10, 78, 55, 23)(  7,  8)(  9,106,104,114, 58, 53, 61, 59, 28, 34,
         120, 81, 87,117, 11, 65, 25),
      q := (  2, 64, 38, 72, 60, 30, 31, 47, 84,102,124,105,122,100, 80, 17,
          32,  3, 29, 16, 36, 85,114, 42,110, 83,103, 68,  5,  7, 15, 50, 69,
          49,109,123,126, 82,118, 18, 22, 34, 99,107, 91,101,112, 12,106,125,
          81,115, 58, 26, 48, 97, 87, 89,119, 75, 62, 13, 78, 24, 46,111, 11,
          65, 54, 40, 94,104, 86, 93,117, 19, 33,113, 63, 53, 39, 77, 23,  6,
          43, 79, 61, 41, 66, 10, 71, 44,108, 90, 98, 67, 27, 57, 25, 21,  9,
          92, 73,  4,  8)( 14, 70, 20)( 28, 45,120, 74)( 35, 96, 76, 59, 51,
          55, 56)( 37, 95,116) ), rec(
      gadd := 
       [ (  1, 84,  8, 70, 15, 77)(  2, 83,  9, 69, 16, 76)(  3, 82, 10, 68,
              17, 75)(  4, 81, 11, 67, 18, 74)(  5, 80, 12, 66, 19, 73)
            (  6, 79, 13, 65, 20, 72)(  7, 78, 14, 64, 21, 71)
            ( 22,105, 29, 91, 36, 98)( 23,104, 30, 90, 37, 97)
            ( 24,103, 31, 89, 38, 96)( 25,102, 32, 88, 39, 95)
            ( 26,101, 33, 87, 40, 94)( 27,100, 34, 86, 41, 93)
            ( 28, 99, 35, 85, 42, 92)( 43,126, 50,112, 57,119)
            ( 44,125, 51,111, 58,118)( 45,124, 52,110, 59,117)
            ( 46,123, 53,109, 60,116)( 47,122, 54,108, 61,115)
            ( 48,121, 55,107, 62,114)( 49,120, 56,106, 63,113), 
          (  1,124, 39, 83, 51, 94,  8,110, 25, 69, 58,101, 15,117, 32, 76,
              44, 87)(  2,122, 36, 82, 53, 97,  9,108, 22, 68, 60,104, 16,115,
             29, 75, 46, 90)(  3,120, 40, 81, 55, 93, 10,106, 26, 67, 62,100,
              17,113, 33, 74, 48, 86)(  4,125, 37, 80, 50, 96, 11,111, 23, 66,
             57,103, 18,118, 30, 73, 43, 89)(  5,123, 41, 79, 52, 92, 12,109,
              27, 65, 59, 99, 19,116, 34, 72, 45, 85)(  6,121, 38, 78, 54, 95,
             13,107, 24, 64, 61,102, 20,114, 31, 71, 47, 88)(  7,126, 42, 84,
              56, 98, 14,112, 28, 70, 63,105, 21,119, 35, 77, 49, 91) ],
      gmul := 
       [ (  1,121, 31, 81, 54, 90, 14,106, 37, 66, 60, 96, 20,119, 22, 72, 45,
             102,  5,125, 35, 78, 51, 87, 11,110, 41, 70, 57, 93, 17,116, 26,
              76, 49, 99,  2,122, 32, 82, 55, 91,  8,107, 38, 67, 61, 97, 21,
             113, 23, 73, 46,103,  6,126, 29, 79, 52, 88, 12,111, 42, 64, 58,
              94, 18,117, 27, 77, 43,100,  3,123, 33, 83, 56, 85,  9,108, 39,
              68, 62, 98, 15,114, 24, 74, 47,104,  7,120, 30, 80, 53, 89, 13,
             112, 36, 65, 59, 95, 19,118, 28, 71, 44,101,  4,124, 34, 84, 50,
              86, 10,109, 40, 69, 63, 92, 16,115, 25, 75, 48,105) ],
      p := (  2, 64,126,103, 81, 59, 13, 71, 67,119, 88, 19, 49, 56, 37, 93,
          33,112, 26, 35, 84, 52, 20, 16, 57, 42, 69, 80, 27, 14, 70, 83, 46,
          63,121,123,116, 54, 31,107,101,118, 40, 98,125,102,110, 75,105, 95,
          87, 18, 50, 48, 51, 17, 44, 28,  6, 29, 85, 55, 10, 78, 68,111, 25,
          36, 66,114, 61, 86, 47, 45, 58, 34, 79, 24,  9,106, 74,100,115, 53,
           4, 15, 22,  3, 43, 23, 30,120, 89, 32,113, 60,  5)(  7,  8)
        ( 11, 65,108,104, 82, 62, 91, 38, 72, 94, 12, 92, 41, 77, 76, 97,122,
         124,117, 39, 99,109, 96, 90),
      q := (  2, 64,100, 90, 19, 30, 99, 96,115, 26, 44, 51, 13, 78, 67, 86,
          32, 85, 24, 21,  9, 92, 59, 17, 35, 72,111, 54, 48, 28,  3, 29,113,
          40,107,125,124, 88, 11, 70, 73, 83, 33, 93, 46, 37,112, 53,  5,  7,
          15, 50, 31, 98,101, 87, 12,106, 82, 38, 84, 27, 16, 36, 69, 76,108,
