NCBRACES[27] := rec( total := -1, implemented := 101, size := 27, brace := [] 
);NCBRACES[27].brace[1] := rec ( size := 27, perms := [ [  (),  (),  ], [  (1, 
27, 18, 9, 24, 15, 6, 21, 12, 3, 26, 17, 8, 23, 14, 5, 20, 11, 2, 25, 16, 7, 22,
13, 4, 19, 10),  (1, 10, 19, 4, 13, 22, 7, 16, 25, 2, 11, 20, 5, 14, 23, 8, 17, 
26, 3, 12, 21, 6, 15, 24, 9, 18, 27),  ], [  (1, 9, 6, 3, 8, 5, 2, 7, 4)(10, 18,
15, 12, 17, 14, 11, 16, 13)(19, 27, 24, 21, 26, 23, 20, 25, 22),  (1, 4, 7, 2, 
5, 8, 3, 6, 9)(10, 13, 16, 11, 14, 17, 12, 15, 18)(19, 22, 25, 20, 23, 26, 21, 
24, 27),  ], [  (1, 3, 2)(4, 6, 5)(7, 9, 8)(10, 12, 11)(13, 15, 14)(16, 18, 
17)(19, 21, 20)(22, 24, 23)(25, 27, 26),  (1, 2, 3)(4, 5, 6)(7, 8, 9)(10, 11, 
12)(13, 14, 15)(16, 17, 18)(19, 20, 21)(22, 23, 24)(25, 26, 27),  ], [  (1, 10, 
19, 4, 13, 22, 7, 16, 25, 2, 11, 20, 5, 14, 23, 8, 17, 26, 3, 12, 21, 6, 15, 24,
9, 18, 27),  (1, 27, 18, 9, 24, 15, 6, 21, 12, 3, 26, 17, 8, 23, 14, 5, 20, 11, 
2, 25, 16, 7, 22, 13, 4, 19, 10),  ], [  (1, 4, 7, 2, 5, 8, 3, 6, 9)(10, 13, 16,
11, 14, 17, 12, 15, 18)(19, 22, 25, 20, 23, 26, 21, 24, 27),  (1, 9, 6, 3, 8, 5,
2, 7, 4)(10, 18, 15, 12, 17, 14, 11, 16, 13)(19, 27, 24, 21, 26, 23, 20, 25, 
22),  ], [  (1, 2, 3)(4, 5, 6)(7, 8, 9)(10, 11, 12)(13, 14, 15)(16, 17, 18)(19, 
20, 21)(22, 23, 24)(25, 26, 27),  (1, 3, 2)(4, 6, 5)(7, 9, 8)(10, 12, 11)(13, 
15, 14)(16, 18, 17)(19, 21, 20)(22, 24, 23)(25, 27, 26),  ], [  (1, 18, 24, 6, 
12, 26, 8, 14, 20, 2, 16, 22, 4, 10, 27, 9, 15, 21, 3, 17, 23, 5, 11, 25, 7, 13,
19),  (1, 19, 13, 7, 25, 11, 5, 23, 17, 3, 21, 15, 9, 27, 10, 4, 22, 16, 2, 20, 
14, 8, 26, 12, 6, 24, 18),  ], [  (1, 24, 12, 8, 20, 16, 4, 27, 15, 3, 23, 11, 
7, 19, 18, 6, 26, 14, 2, 22, 10, 9, 21, 17, 5, 25, 13),  (1, 13, 25, 5, 17, 21, 
9, 10, 22, 2, 14, 26, 6, 18, 19, 7, 11, 23, 3, 15, 27, 4, 16, 20, 8, 12, 24),  
], [  (1, 26, 16, 9, 23, 13, 6, 20, 10, 3, 25, 18, 8, 22, 15, 5, 19, 12, 2, 27, 
17, 7, 24, 14, 4, 21, 11),  (1, 11, 21, 4, 14, 24, 7, 17, 27, 2, 12, 19, 5, 15, 
22, 8, 18, 25, 3, 10, 20, 6, 13, 23, 9, 16, 26),  ], [  (1, 19, 13, 7, 25, 11, 
5, 23, 17, 3, 21, 15, 9, 27, 10, 4, 22, 16, 2, 20, 14, 8, 26, 12, 6, 24, 18),  
(1, 18, 24, 6, 12, 26, 8, 14, 20, 2, 16, 22, 4, 10, 27, 9, 15, 21, 3, 17, 23, 5,
11, 25, 7, 13, 19),  ], [  (1, 25, 17, 9, 22, 14, 6, 19, 11, 3, 27, 16, 8, 24, 
13, 5, 21, 10, 2, 26, 18, 7, 23, 15, 4, 20, 12),  (1, 12, 20, 4, 15, 23, 7, 18, 
26, 2, 10, 21, 5, 13, 24, 8, 16, 27, 3, 11, 19, 6, 14, 22, 9, 17, 25),  ], [  
(1, 6, 8, 2, 4, 9, 3, 5, 7)(10, 15, 17, 11, 13, 18, 12, 14, 16)(19, 24, 26, 20, 
22, 27, 21, 23, 25),  (1, 7, 5, 3, 9, 4, 2, 8, 6)(10, 16, 14, 12, 18, 13, 11, 
17, 15)(19, 25, 23, 21, 27, 22, 20, 26, 24),  ], [  (1, 8, 4, 3, 7, 6, 2, 9, 
5)(10, 17, 13, 12, 16, 15, 11, 18, 14)(19, 26, 22, 21, 25, 24, 20, 27, 23),  (1,
5, 9, 2, 6, 7, 3, 4, 8)(10, 14, 18, 11, 15, 16, 12, 13, 17)(19, 23, 27, 20, 24, 
25, 21, 22, 26),  ], [  (1, 7, 5, 3, 9, 4, 2, 8, 6)(10, 16, 14, 12, 18, 13, 11, 
17, 15)(19, 25, 23, 21, 27, 22, 20, 26, 24),  (1, 6, 8, 2, 4, 9, 3, 5, 7)(10, 
15, 17, 11, 13, 18, 12, 14, 16)(19, 24, 26, 20, 22, 27, 21, 23, 25),  ], [  (1, 
12, 20, 4, 15, 23, 7, 18, 26, 2, 10, 21, 5, 13, 24, 8, 16, 27, 3, 11, 19, 6, 14,
22, 9, 17, 25),  (1, 25, 17, 9, 22, 14, 6, 19, 11, 3, 27, 16, 8, 24, 13, 5, 21, 
10, 2, 26, 18, 7, 23, 15, 4, 20, 12),  ], [  (1, 13, 25, 5, 17, 21, 9, 10, 22, 
2, 14, 26, 6, 18, 19, 7, 11, 23, 3, 15, 27, 4, 16, 20, 8, 12, 24),  (1, 24, 12, 
8, 20, 16, 4, 27, 15, 3, 23, 11, 7, 19, 18, 6, 26, 14, 2, 22, 10, 9, 21, 17, 5, 
25, 13),  ], [  (1, 11, 21, 4, 14, 24, 7, 17, 27, 2, 12, 19, 5, 15, 22, 8, 18, 
25, 3, 10, 20, 6, 13, 23, 9, 16, 26),  (1, 26, 16, 9, 23, 13, 6, 20, 10, 3, 25, 
18, 8, 22, 15, 5, 19, 12, 2, 27, 17, 7, 24, 14, 4, 21, 11),  ], [  (1, 5, 9, 2, 
6, 7, 3, 4, 8)(10, 14, 18, 11, 15, 16, 12, 13, 17)(19, 23, 27, 20, 24, 25, 21, 
22, 26),  (1, 8, 4, 3, 7, 6, 2, 9, 5)(10, 17, 13, 12, 16, 15, 11, 18, 14)(19, 
26, 22, 21, 25, 24, 20, 27, 23),  ], [  (1, 15, 26, 5, 16, 19, 9, 12, 23, 2, 13,
27, 6, 17, 20, 7, 10, 24, 3, 14, 25, 4, 18, 21, 8, 11, 22),  (1, 22, 11, 8, 21, 
18, 4, 25, 14, 3, 24, 10, 7, 20, 17, 6, 27, 13, 2, 23, 12, 9, 19, 16, 5, 26, 
15),  ], [  (1, 17, 22, 6, 11, 27, 8, 13, 21, 2, 18, 23, 4, 12, 25, 9, 14, 19, 
3, 16, 24, 5, 10, 26, 7, 15, 20),  (1, 20, 15, 7, 26, 10, 5, 24, 16, 3, 19, 14, 
9, 25, 12, 4, 23, 18, 2, 21, 13, 8, 27, 11, 6, 22, 17),  ], [  (1, 16, 23, 6, 
10, 25, 8, 15, 19, 2, 17, 24, 4, 11, 26, 9, 13, 20, 3, 18, 22, 5, 12, 27, 7, 14,
21),  (1, 21, 14, 7, 27, 12, 5, 22, 18, 3, 20, 13, 9, 26, 11, 4, 24, 17, 2, 19, 
15, 8, 25, 10, 6, 23, 16),  ], [  (1, 21, 14, 7, 27, 12, 5, 22, 18, 3, 20, 13, 
9, 26, 11, 4, 24, 17, 2, 19, 15, 8, 25, 10, 6, 23, 16),  (1, 16, 23, 6, 10, 25, 
8, 15, 19, 2, 17, 24, 4, 11, 26, 9, 13, 20, 3, 18, 22, 5, 12, 27, 7, 14, 21),  
], [  (1, 23, 10, 8, 19, 17, 4, 26, 13, 3, 22, 12, 7, 21, 16, 6, 25, 15, 2, 24, 
11, 9, 20, 18, 5, 27, 14),  (1, 14, 27, 5, 18, 20, 9, 11, 24, 2, 15, 25, 6, 16, 
21, 7, 12, 22, 3, 13, 26, 4, 17, 19, 8, 10, 23),  ], [  (1, 22, 11, 8, 21, 18, 
4, 25, 14, 3, 24, 10, 7, 20, 17, 6, 27, 13, 2, 23, 12, 9, 19, 16, 5, 26, 15),  
(1, 15, 26, 5, 16, 19, 9, 12, 23, 2, 13, 27, 6, 17, 20, 7, 10, 24, 3, 14, 25, 4,
18, 21, 8, 11, 22),  ], [  (1, 20, 15, 7, 26, 10, 5, 24, 16, 3, 19, 14, 9, 25, 
12, 4, 23, 18, 2, 21, 13, 8, 27, 11, 6, 22, 17),  (1, 17, 22, 6, 11, 27, 8, 13, 
21, 2, 18, 23, 4, 12, 25, 9, 14, 19, 3, 16, 24, 5, 10, 26, 7, 15, 20),  ], [  
(1, 14, 27, 5, 18, 20, 9, 11, 24, 2, 15, 25, 6, 16, 21, 7, 12, 22, 3, 13, 26, 4,
17, 19, 8, 10, 23),  (1, 23, 10, 8, 19, 17, 4, 26, 13, 3, 22, 12, 7, 21, 16, 6, 
25, 15, 2, 24, 11, 9, 20, 18, 5, 27, 14),  ], ]
);

NCBRACES[27].brace[2] := rec ( size := 27, perms := [ [  (),  (),  ], [  (1, 25,
17, 9, 22, 14, 6, 19, 11, 3, 27, 16, 8, 24, 13, 5, 21, 10, 2, 26, 18, 7, 23, 15,
4, 20, 12),  (1, 10, 20, 4, 13, 23, 7, 16, 26, 2, 11, 21, 5, 14, 24, 8, 17, 27, 
3, 12, 19, 6, 15, 22, 9, 18, 25),  ], [  (1, 9, 6, 3, 8, 5, 2, 7, 4)(10, 18, 15,
12, 17, 14, 11, 16, 13)(19, 27, 24, 21, 26, 23, 20, 25, 22),  (1, 4, 7, 2, 5, 8,
3, 6, 9)(10, 13, 16, 11, 14, 17, 12, 15, 18)(19, 22, 25, 20, 23, 26, 21, 24, 
27),  ], [  (1, 3, 2)(4, 6, 5)(7, 9, 8)(10, 12, 11)(13, 15, 14)(16, 18, 17)(19, 
21, 20)(22, 24, 23)(25, 27, 26),  (1, 2, 3)(4, 5, 6)(7, 8, 9)(10, 11, 12)(13, 
14, 15)(16, 17, 18)(19, 20, 21)(22, 23, 24)(25, 26, 27),  ], [  (1, 10, 19, 4, 
13, 22, 7, 16, 25, 2, 11, 20, 5, 14, 23, 8, 17, 26, 3, 12, 21, 6, 15, 24, 9, 18,
27),  (1, 25, 18, 9, 22, 15, 6, 19, 12, 3, 27, 17, 8, 24, 14, 5, 21, 11, 2, 26, 
16, 7, 23, 13, 4, 20, 10),  ], [  (1, 4, 7, 2, 5, 8, 3, 6, 9)(10, 13, 16, 11, 
14, 17, 12, 15, 18)(19, 22, 25, 20, 23, 26, 21, 24, 27),  (1, 9, 6, 3, 8, 5, 2, 
7, 4)(10, 18, 15, 12, 17, 14, 11, 16, 13)(19, 27, 24, 21, 26, 23, 20, 25, 22),  
], [  (1, 2, 3)(4, 5, 6)(7, 8, 9)(10, 11, 12)(13, 14, 15)(16, 17, 18)(19, 20, 
21)(22, 23, 24)(25, 26, 27),  (1, 3, 2)(4, 6, 5)(7, 9, 8)(10, 12, 11)(13, 15, 
14)(16, 18, 17)(19, 21, 20)(22, 24, 23)(25, 27, 26),  ], [  (1, 18, 24, 6, 12, 
26, 8, 14, 20, 2, 16, 22, 4, 10, 27, 9, 15, 21, 3, 17, 23, 5, 11, 25, 7, 13, 
19),  (1, 20, 13, 7, 26, 11, 5, 24, 17, 3, 19, 15, 9, 25, 10, 4, 23, 16, 2, 21, 
14, 8, 27, 12, 6, 22, 18),  ], [  (1, 22, 11, 8, 21, 18, 4, 25, 14, 3, 24, 10, 
7, 20, 17, 6, 27, 13, 2, 23, 12, 9, 19, 16, 5, 26, 15),  (1, 13, 26, 5, 17, 19, 
9, 10, 23, 2, 14, 27, 6, 18, 20, 7, 11, 24, 3, 15, 25, 4, 16, 21, 8, 12, 22),  
], [  (1, 27, 18, 9, 24, 15, 6, 21, 12, 3, 26, 17, 8, 23, 14, 5, 20, 11, 2, 25, 
16, 7, 22, 13, 4, 19, 10),  (1, 11, 19, 4, 14, 22, 7, 17, 25, 2, 12, 20, 5, 15, 
23, 8, 18, 26, 3, 10, 21, 6, 13, 24, 9, 16, 27),  ], [  (1, 20, 15, 7, 26, 10, 
5, 24, 16, 3, 19, 14, 9, 25, 12, 4, 23, 18, 2, 21, 13, 8, 27, 11, 6, 22, 17),  
(1, 18, 22, 6, 12, 27, 8, 14, 21, 2, 16, 23, 4, 10, 25, 9, 15, 19, 3, 17, 24, 5,
11, 26, 7, 13, 20),  ], [  (1, 26, 16, 9, 23, 13, 6, 20, 10, 3, 25, 18, 8, 22, 
15, 5, 19, 12, 2, 27, 17, 7, 24, 14, 4, 21, 11),  (1, 12, 21, 4, 15, 24, 7, 18, 
27, 2, 10, 19, 5, 13, 22, 8, 16, 25, 3, 11, 20, 6, 14, 23, 9, 17, 26),  ], [  
(1, 6, 8, 2, 4, 9, 3, 5, 7)(10, 15, 17, 11, 13, 18, 12, 14, 16)(19, 24, 26, 20, 
22, 27, 21, 23, 25),  (1, 7, 5, 3, 9, 4, 2, 8, 6)(10, 16, 14, 12, 18, 13, 11, 
17, 15)(19, 25, 23, 21, 27, 22, 20, 26, 24),  ], [  (1, 8, 4, 3, 7, 6, 2, 9, 
5)(10, 17, 13, 12, 16, 15, 11, 18, 14)(19, 26, 22, 21, 25, 24, 20, 27, 23),  (1,
5, 9, 2, 6, 7, 3, 4, 8)(10, 14, 18, 11, 15, 16, 12, 13, 17)(19, 23, 27, 20, 24, 
25, 21, 22, 26),  ], [  (1, 7, 5, 3, 9, 4, 2, 8, 6)(10, 16, 14, 12, 18, 13, 11, 
17, 15)(19, 25, 23, 21, 27, 22, 20, 26, 24),  (1, 6, 8, 2, 4, 9, 3, 5, 7)(10, 
15, 17, 11, 13, 18, 12, 14, 16)(19, 24, 26, 20, 22, 27, 21, 23, 25),  ], [  (1, 
12, 20, 4, 15, 23, 7, 18, 26, 2, 10, 21, 5, 13, 24, 8, 16, 27, 3, 11, 19, 6, 14,
22, 9, 17, 25),  (1, 26, 17, 9, 23, 14, 6, 20, 11, 3, 25, 16, 8, 22, 13, 5, 19, 
10, 2, 27, 18, 7, 24, 15, 4, 21, 12),  ], [  (1, 13, 25, 5, 17, 21, 9, 10, 22, 
2, 14, 26, 6, 18, 19, 7, 11, 23, 3, 15, 27, 4, 16, 20, 8, 12, 24),  (1, 22, 12, 
8, 21, 16, 4, 25, 15, 3, 24, 11, 7, 20, 18, 6, 27, 14, 2, 23, 10, 9, 19, 17, 5, 
26, 13),  ], [  (1, 11, 21, 4, 14, 24, 7, 17, 27, 2, 12, 19, 5, 15, 22, 8, 18, 
25, 3, 10, 20, 6, 13, 23, 9, 16, 26),  (1, 27, 16, 9, 24, 13, 6, 21, 10, 3, 26, 
18, 8, 23, 15, 5, 20, 12, 2, 25, 17, 7, 22, 14, 4, 19, 11),  ], [  (1, 5, 9, 2, 
6, 7, 3, 4, 8)(10, 14, 18, 11, 15, 16, 12, 13, 17)(19, 23, 27, 20, 24, 25, 21, 
22, 26),  (1, 8, 4, 3, 7, 6, 2, 9, 5)(10, 17, 13, 12, 16, 15, 11, 18, 14)(19, 
26, 22, 21, 25, 24, 20, 27, 23),  ], [  (1, 15, 26, 5, 16, 19, 9, 12, 23, 2, 13,
27, 6, 17, 20, 7, 10, 24, 3, 14, 25, 4, 18, 21, 8, 11, 22),  (1, 23, 11, 8, 19, 
18, 4, 26, 14, 3, 22, 10, 7, 21, 17, 6, 25, 13, 2, 24, 12, 9, 20, 16, 5, 27, 
15),  ], [  (1, 17, 22, 6, 11, 27, 8, 13, 21, 2, 18, 23, 4, 12, 25, 9, 14, 19, 
3, 16, 24, 5, 10, 26, 7, 15, 20),  (1, 21, 15, 7, 27, 10, 5, 22, 16, 3, 20, 14, 
9, 26, 12, 4, 24, 18, 2, 19, 13, 8, 25, 11, 6, 23, 17),  ], [  (1, 16, 23, 6, 
10, 25, 8, 15, 19, 2, 17, 24, 4, 11, 26, 9, 13, 20, 3, 18, 22, 5, 12, 27, 7, 14,
21),  (1, 19, 14, 7, 25, 12, 5, 23, 18, 3, 21, 13, 9, 27, 11, 4, 22, 17, 2, 20, 
15, 8, 26, 10, 6, 24, 16),  ], [  (1, 19, 13, 7, 25, 11, 5, 23, 17, 3, 21, 15, 
9, 27, 10, 4, 22, 16, 2, 20, 14, 8, 26, 12, 6, 24, 18),  (1, 16, 24, 6, 10, 26, 
8, 15, 20, 2, 17, 22, 4, 11, 27, 9, 13, 21, 3, 18, 23, 5, 12, 25, 7, 14, 19),  
], [  (1, 24, 12, 8, 20, 16, 4, 27, 15, 3, 23, 11, 7, 19, 18, 6, 26, 14, 2, 22, 
10, 9, 21, 17, 5, 25, 13),  (1, 14, 25, 5, 18, 21, 9, 11, 22, 2, 15, 26, 6, 16, 
19, 7, 12, 23, 3, 13, 27, 4, 17, 20, 8, 10, 24),  ], [  (1, 23, 10, 8, 19, 17, 
4, 26, 13, 3, 22, 12, 7, 21, 16, 6, 25, 15, 2, 24, 11, 9, 20, 18, 5, 27, 14),  
(1, 15, 27, 5, 16, 20, 9, 12, 24, 2, 13, 25, 6, 17, 21, 7, 10, 22, 3, 14, 26, 4,
18, 19, 8, 11, 23),  ], [  (1, 21, 14, 7, 27, 12, 5, 22, 18, 3, 20, 13, 9, 26, 
11, 4, 24, 17, 2, 19, 15, 8, 25, 10, 6, 23, 16),  (1, 17, 23, 6, 11, 25, 8, 13, 
19, 2, 18, 24, 4, 12, 26, 9, 14, 20, 3, 16, 22, 5, 10, 27, 7, 15, 21),  ], [  
(1, 14, 27, 5, 18, 20, 9, 11, 24, 2, 15, 25, 6, 16, 21, 7, 12, 22, 3, 13, 26, 4,
17, 19, 8, 10, 23),  (1, 24, 10, 8, 20, 17, 4, 27, 13, 3, 23, 12, 7, 19, 16, 6, 
26, 15, 2, 22, 11, 9, 21, 18, 5, 25, 14),  ], ]
);

NCBRACES[27].brace[3] := rec ( size := 27, perms := [ [  (),  (),  ], [  (1, 21,
14, 7, 27, 12, 5, 22, 18, 3, 20, 13, 9, 26, 11, 4, 24, 17, 2, 19, 15, 8, 25, 10,
6, 23, 16),  (1, 10, 22, 6, 13, 26, 8, 16, 19, 2, 11, 23, 4, 14, 27, 9, 17, 20, 
3, 12, 24, 5, 15, 25, 7, 18, 21),  ], [  (1, 9, 6, 3, 8, 5, 2, 7, 4)(10, 18, 15,
12, 17, 14, 11, 16, 13)(19, 27, 24, 21, 26, 23, 20, 25, 22),  (1, 4, 7, 2, 5, 8,
3, 6, 9)(10, 14, 18, 11, 15, 16, 12, 13, 17)(19, 24, 26, 20, 22, 27, 21, 23, 
25),  ], [  (1, 3, 2)(4, 6, 5)(7, 9, 8)(10, 12, 11)(13, 15, 14)(16, 18, 17)(19, 
21, 20)(22, 24, 23)(25, 27, 26),  (1, 2, 3)(4, 5, 6)(7, 8, 9)(10, 11, 12)(13, 
14, 15)(16, 17, 18)(19, 20, 21)(22, 23, 24)(25, 26, 27),  ], [  (1, 10, 19, 4, 
13, 22, 7, 16, 25, 2, 11, 20, 5, 14, 23, 8, 17, 26, 3, 12, 21, 6, 15, 24, 9, 18,
27),  (1, 21, 18, 7, 25, 15, 5, 24, 12, 3, 20, 17, 9, 27, 14, 4, 23, 11, 2, 19, 
16, 8, 26, 13, 6, 22, 10),  ], [  (1, 4, 7, 2, 5, 8, 3, 6, 9)(10, 13, 16, 11, 
14, 17, 12, 15, 18)(19, 22, 25, 20, 23, 26, 21, 24, 27),  (1, 9, 6, 3, 8, 5, 2, 
7, 4)(10, 17, 13, 12, 16, 15, 11, 18, 14)(19, 25, 23, 21, 27, 22, 20, 26, 24),  
], [  (1, 2, 3)(4, 5, 6)(7, 8, 9)(10, 11, 12)(13, 14, 15)(16, 17, 18)(19, 20, 
21)(22, 23, 24)(25, 26, 27),  (1, 3, 2)(4, 6, 5)(7, 9, 8)(10, 12, 11)(13, 15, 
14)(16, 18, 17)(19, 21, 20)(22, 24, 23)(25, 27, 26),  ], [  (1, 18, 24, 6, 12, 
26, 8, 14, 20, 2, 16, 22, 4, 10, 27, 9, 15, 21, 3, 17, 23, 5, 11, 25, 7, 13, 
19),  (1, 22, 13, 8, 19, 11, 4, 27, 17, 3, 24, 15, 7, 21, 10, 6, 26, 16, 2, 23, 
14, 9, 20, 12, 5, 25, 18),  ], [  (1, 27, 18, 9, 24, 15, 6, 21, 12, 3, 26, 17, 
8, 23, 14, 5, 20, 11, 2, 25, 16, 7, 22, 13, 4, 19, 10),  (1, 14, 21, 4, 18, 23, 
7, 11, 25, 2, 15, 19, 5, 16, 24, 8, 12, 26, 3, 13, 20, 6, 17, 22, 9, 10, 27),  
], [  (1, 20, 15, 7, 26, 10, 5, 24, 16, 3, 19, 14, 9, 25, 12, 4, 23, 18, 2, 21, 
13, 8, 27, 11, 6, 22, 17),  (1, 11, 24, 6, 14, 25, 8, 17, 21, 2, 12, 22, 4, 15, 
26, 9, 18, 19, 3, 10, 23, 5, 13, 27, 7, 16, 20),  ], [  (1, 23, 10, 8, 19, 17, 
4, 26, 13, 3, 22, 12, 7, 21, 16, 6, 25, 15, 2, 24, 11, 9, 20, 18, 5, 27, 14),  
(1, 17, 26, 5, 11, 21, 9, 13, 24, 2, 18, 27, 6, 12, 19, 7, 14, 22, 3, 16, 25, 4,
10, 20, 8, 15, 23),  ], [  (1, 19, 13, 7, 25, 11, 5, 23, 17, 3, 21, 15, 9, 27, 
10, 4, 22, 16, 2, 20, 14, 8, 26, 12, 6, 24, 18),  (1, 12, 23, 6, 15, 27, 8, 18, 
20, 2, 10, 24, 4, 13, 25, 9, 16, 21, 3, 11, 22, 5, 14, 26, 7, 17, 19),  ], [  
(1, 6, 8, 2, 4, 9, 3, 5, 7)(10, 15, 17, 11, 13, 18, 12, 14, 16)(19, 24, 26, 20, 
22, 27, 21, 23, 25),  (1, 7, 5, 3, 9, 4, 2, 8, 6)(10, 18, 15, 12, 17, 14, 11, 
16, 13)(19, 26, 22, 21, 25, 24, 20, 27, 23),  ], [  (1, 8, 4, 3, 7, 6, 2, 9, 
5)(10, 17, 13, 12, 16, 15, 11, 18, 14)(19, 26, 22, 21, 25, 24, 20, 27, 23),  (1,
5, 9, 2, 6, 7, 3, 4, 8)(10, 15, 17, 11, 13, 18, 12, 14, 16)(19, 22, 25, 20, 23, 
26, 21, 24, 27),  ], [  (1, 17, 22, 6, 11, 27, 8, 13, 21, 2, 18, 23, 4, 12, 25, 
9, 14, 19, 3, 16, 24, 5, 10, 26, 7, 15, 20),  (1, 23, 15, 8, 20, 10, 4, 25, 16, 
3, 22, 14, 7, 19, 12, 6, 27, 18, 2, 24, 13, 9, 21, 11, 5, 26, 17),  ], [  (1, 7,
5, 3, 9, 4, 2, 8, 6)(10, 16, 14, 12, 18, 13, 11, 17, 15)(19, 25, 23, 21, 27, 22,
20, 26, 24),  (1, 6, 8, 2, 4, 9, 3, 5, 7)(10, 13, 16, 11, 14, 17, 12, 15, 
18)(19, 23, 27, 20, 24, 25, 21, 22, 26),  ], [  (1, 12, 20, 4, 15, 23, 7, 18, 
26, 2, 10, 21, 5, 13, 24, 8, 16, 27, 3, 11, 19, 6, 14, 22, 9, 17, 25),  (1, 19, 
17, 7, 26, 14, 5, 22, 11, 3, 21, 16, 9, 25, 13, 4, 24, 10, 2, 20, 18, 8, 27, 15,
6, 23, 12),  ], [  (1, 22, 11, 8, 21, 18, 4, 25, 14, 3, 24, 10, 7, 20, 17, 6, 
27, 13, 2, 23, 12, 9, 19, 16, 5, 26, 15),  (1, 18, 25, 5, 12, 20, 9, 14, 23, 2, 
16, 26, 6, 10, 21, 7, 15, 24, 3, 17, 27, 4, 11, 19, 8, 13, 22),  ], [  (1, 14, 
27, 5, 18, 20, 9, 11, 24, 2, 15, 25, 6, 16, 21, 7, 12, 22, 3, 13, 26, 4, 17, 19,
8, 10, 23),  (1, 27, 10, 9, 22, 17, 6, 20, 13, 3, 26, 12, 8, 24, 16, 5, 19, 15, 
2, 25, 11, 7, 23, 18, 4, 21, 14),  ], [  (1, 11, 21, 4, 14, 24, 7, 17, 27, 2, 
12, 19, 5, 15, 22, 8, 18, 25, 3, 10, 20, 6, 13, 23, 9, 16, 26),  (1, 20, 16, 7, 
27, 13, 5, 23, 10, 3, 19, 18, 9, 26, 15, 4, 22, 12, 2, 21, 17, 8, 25, 14, 6, 24,
11),  ], [  (1, 5, 9, 2, 6, 7, 3, 4, 8)(10, 14, 18, 11, 15, 16, 12, 13, 17)(19, 
23, 27, 20, 24, 25, 21, 22, 26),  (1, 8, 4, 3, 7, 6, 2, 9, 5)(10, 16, 14, 12, 
18, 13, 11, 17, 15)(19, 27, 24, 21, 26, 23, 20, 25, 22),  ], [  (1, 16, 23, 6, 
10, 25, 8, 15, 19, 2, 17, 24, 4, 11, 26, 9, 13, 20, 3, 18, 22, 5, 12, 27, 7, 14,
21),  (1, 24, 14, 8, 21, 12, 4, 26, 18, 3, 23, 13, 7, 20, 11, 6, 25, 17, 2, 22, 
15, 9, 19, 10, 5, 27, 16),  ], [  (1, 26, 16, 9, 23, 13, 6, 20, 10, 3, 25, 18, 
8, 22, 15, 5, 19, 12, 2, 27, 17, 7, 24, 14, 4, 21, 11),  (1, 15, 20, 4, 16, 22, 
7, 12, 27, 2, 13, 21, 5, 17, 23, 8, 10, 25, 3, 14, 19, 6, 18, 24, 9, 11, 26),  
], [  (1, 25, 17, 9, 22, 14, 6, 19, 11, 3, 27, 16, 8, 24, 13, 5, 21, 10, 2, 26, 
18, 7, 23, 15, 4, 20, 12),  (1, 13, 19, 4, 17, 24, 7, 10, 26, 2, 14, 20, 5, 18, 
22, 8, 11, 27, 3, 15, 21, 6, 16, 23, 9, 12, 25),  ], [  (1, 24, 12, 8, 20, 16, 
4, 27, 15, 3, 23, 11, 7, 19, 18, 6, 26, 14, 2, 22, 10, 9, 21, 17, 5, 25, 13),  
(1, 16, 27, 5, 10, 19, 9, 15, 22, 2, 17, 25, 6, 11, 20, 7, 13, 23, 3, 18, 26, 4,
12, 21, 8, 14, 24),  ], [  (1, 13, 25, 5, 17, 21, 9, 10, 22, 2, 14, 26, 6, 18, 
19, 7, 11, 23, 3, 15, 27, 4, 16, 20, 8, 12, 24),  (1, 25, 12, 9, 23, 16, 6, 21, 
15, 3, 27, 11, 8, 22, 18, 5, 20, 14, 2, 26, 10, 7, 24, 17, 4, 19, 13),  ], [  
(1, 15, 26, 5, 16, 19, 9, 12, 23, 2, 13, 27, 6, 17, 20, 7, 10, 24, 3, 14, 25, 4,
18, 21, 8, 11, 22),  (1, 26, 11, 9, 24, 18, 6, 19, 14, 3, 25, 10, 8, 23, 17, 5, 
21, 13, 2, 27, 12, 7, 22, 16, 4, 20, 15),  ], ]
);

NCBRACES[27].brace[4] := rec ( size := 27, perms := [ [  (),  (),  ], [  (1, 21,
12, 3, 20, 11, 2, 19, 10)(4, 24, 15, 6, 23, 14, 5, 22, 13)(7, 27, 18, 9, 26, 17,
8, 25, 16),  (1, 10, 19, 2, 11, 20, 3, 12, 21)(4, 13, 22, 5, 14, 23, 6, 15, 
24)(7, 16, 25, 8, 17, 26, 9, 18, 27),  ], [  (1, 4, 7)(2, 5, 8)(3, 6, 9)(10, 13,
16)(11, 14, 17)(12, 15, 18)(19, 22, 25)(20, 23, 26)(21, 24, 27),  (1, 7, 4)(2, 
8, 5)(3, 9, 6)(10, 16, 13)(11, 17, 14)(12, 18, 15)(19, 25, 22)(20, 26, 23)(21, 
27, 24),  ], [  (1, 2, 3)(4, 5, 6)(7, 8, 9)(10, 11, 12)(13, 14, 15)(16, 17, 
18)(19, 20, 21)(22, 23, 24)(25, 26, 27),  (1, 3, 2)(4, 6, 5)(7, 9, 8)(10, 12, 
11)(13, 15, 14)(16, 18, 17)(19, 21, 20)(22, 24, 23)(25, 27, 26),  ], [  (1, 10, 
19, 2, 11, 20, 3, 12, 21)(4, 13, 22, 5, 14, 23, 6, 15, 24)(7, 16, 25, 8, 17, 26,
9, 18, 27),  (1, 21, 12, 3, 20, 11, 2, 19, 10)(4, 24, 15, 6, 23, 14, 5, 22, 
13)(7, 27, 18, 9, 26, 17, 8, 25, 16),  ], [  (1, 7, 4)(2, 8, 5)(3, 9, 6)(10, 16,
13)(11, 17, 14)(12, 18, 15)(19, 25, 22)(20, 26, 23)(21, 27, 24),  (1, 4, 7)(2, 
5, 8)(3, 6, 9)(10, 13, 16)(11, 14, 17)(12, 15, 18)(19, 22, 25)(20, 23, 26)(21, 
24, 27),  ], [  (1, 3, 2)(4, 6, 5)(7, 9, 8)(10, 12, 11)(13, 15, 14)(16, 18, 
17)(19, 21, 20)(22, 24, 23)(25, 27, 26),  (1, 2, 3)(4, 5, 6)(7, 8, 9)(10, 11, 
12)(13, 14, 15)(16, 17, 18)(19, 20, 21)(22, 23, 24)(25, 26, 27),  ], [  (1, 12, 
20, 2, 10, 21, 3, 11, 19)(4, 15, 23, 5, 13, 24, 6, 14, 22)(7, 18, 26, 8, 16, 27,
9, 17, 25),  (1, 19, 11, 3, 21, 10, 2, 20, 12)(4, 22, 14, 6, 24, 13, 5, 23, 
15)(7, 25, 17, 9, 27, 16, 8, 26, 18),  ], [  (1, 24, 18, 3, 23, 17, 2, 22, 
16)(4, 27, 12, 6, 26, 11, 5, 25, 10)(7, 21, 15, 9, 20, 14, 8, 19, 13),  (1, 16, 
22, 2, 17, 23, 3, 18, 24)(4, 10, 25, 5, 11, 26, 6, 12, 27)(7, 13, 19, 8, 14, 20,
9, 15, 21),  ], [  (1, 19, 11, 3, 21, 10, 2, 20, 12)(4, 22, 14, 6, 24, 13, 5, 
23, 15)(7, 25, 17, 9, 27, 16, 8, 26, 18),  (1, 12, 20, 2, 10, 21, 3, 11, 19)(4, 
15, 23, 5, 13, 24, 6, 14, 22)(7, 18, 26, 8, 16, 27, 9, 17, 25),  ], [  (1, 27, 
15, 3, 26, 14, 2, 25, 13)(4, 21, 18, 6, 20, 17, 5, 19, 16)(7, 24, 12, 9, 23, 11,
8, 22, 10),  (1, 13, 25, 2, 14, 26, 3, 15, 27)(4, 16, 19, 5, 17, 20, 6, 18, 
21)(7, 10, 22, 8, 11, 23, 9, 12, 24),  ], [  (1, 20, 10, 3, 19, 12, 2, 21, 
11)(4, 23, 13, 6, 22, 15, 5, 24, 14)(7, 26, 16, 9, 25, 18, 8, 27, 17),  (1, 11, 
21, 2, 12, 19, 3, 10, 20)(4, 14, 24, 5, 15, 22, 6, 13, 23)(7, 17, 27, 8, 18, 25,
9, 16, 26),  ], [  (1, 5, 9)(2, 6, 7)(3, 4, 8)(10, 14, 18)(11, 15, 16)(12, 13, 
17)(19, 23, 27)(20, 24, 25)(21, 22, 26),  (1, 9, 5)(2, 7, 6)(3, 8, 4)(10, 18, 
14)(11, 16, 15)(12, 17, 13)(19, 27, 23)(20, 25, 24)(21, 26, 22),  ], [  (1, 13, 
25, 2, 14, 26, 3, 15, 27)(4, 16, 19, 5, 17, 20, 6, 18, 21)(7, 10, 22, 8, 11, 23,
9, 12, 24),  (1, 27, 15, 3, 26, 14, 2, 25, 13)(4, 21, 18, 6, 20, 17, 5, 19, 
16)(7, 24, 12, 9, 23, 11, 8, 22, 10),  ], [  (1, 6, 8)(2, 4, 9)(3, 5, 7)(10, 15,
17)(11, 13, 18)(12, 14, 16)(19, 24, 26)(20, 22, 27)(21, 23, 25),  (1, 8, 6)(2, 
9, 4)(3, 7, 5)(10, 17, 15)(11, 18, 13)(12, 16, 14)(19, 26, 24)(20, 27, 22)(21, 
25, 23),  ], [  (1, 11, 21, 2, 12, 19, 3, 10, 20)(4, 14, 24, 5, 15, 22, 6, 13, 
23)(7, 17, 27, 8, 18, 25, 9, 16, 26),  (1, 20, 10, 3, 19, 12, 2, 21, 11)(4, 23, 
13, 6, 22, 15, 5, 24, 14)(7, 26, 16, 9, 25, 18, 8, 27, 17),  ], [  (1, 8, 6)(2, 
9, 4)(3, 7, 5)(10, 17, 15)(11, 18, 13)(12, 16, 14)(19, 26, 24)(20, 27, 22)(21, 
25, 23),  (1, 6, 8)(2, 4, 9)(3, 5, 7)(10, 15, 17)(11, 13, 18)(12, 14, 16)(19, 
24, 26)(20, 22, 27)(21, 23, 25),  ], [  (1, 16, 22, 2, 17, 23, 3, 18, 24)(4, 10,
25, 5, 11, 26, 6, 12, 27)(7, 13, 19, 8, 14, 20, 9, 15, 21),  (1, 24, 18, 3, 23, 
17, 2, 22, 16)(4, 27, 12, 6, 26, 11, 5, 25, 10)(7, 21, 15, 9, 20, 14, 8, 19, 
13),  ], [  (1, 9, 5)(2, 7, 6)(3, 8, 4)(10, 18, 14)(11, 16, 15)(12, 17, 13)(19, 
27, 23)(20, 25, 24)(21, 26, 22),  (1, 5, 9)(2, 6, 7)(3, 4, 8)(10, 14, 18)(11, 
15, 16)(12, 13, 17)(19, 23, 27)(20, 24, 25)(21, 22, 26),  ], [  (1, 15, 26, 2, 
13, 27, 3, 14, 25)(4, 18, 20, 5, 16, 21, 6, 17, 19)(7, 12, 23, 8, 10, 24, 9, 11,
22),  (1, 25, 14, 3, 27, 13, 2, 26, 15)(4, 19, 17, 6, 21, 16, 5, 20, 18)(7, 22, 
11, 9, 24, 10, 8, 23, 12),  ], [  (1, 18, 23, 2, 16, 24, 3, 17, 22)(4, 12, 26, 
5, 10, 27, 6, 11, 25)(7, 15, 20, 8, 13, 21, 9, 14, 19),  (1, 22, 17, 3, 24, 16, 
2, 23, 18)(4, 25, 11, 6, 27, 10, 5, 26, 12)(7, 19, 14, 9, 21, 13, 8, 20, 15),  
], [  (1, 22, 17, 3, 24, 16, 2, 23, 18)(4, 25, 11, 6, 27, 10, 5, 26, 12)(7, 19, 
14, 9, 21, 13, 8, 20, 15),  (1, 18, 23, 2, 16, 24, 3, 17, 22)(4, 12, 26, 5, 10, 
27, 6, 11, 25)(7, 15, 20, 8, 13, 21, 9, 14, 19),  ], [  (1, 23, 16, 3, 22, 18, 
2, 24, 17)(4, 26, 10, 6, 25, 12, 5, 27, 11)(7, 20, 13, 9, 19, 15, 8, 21, 14),  
(1, 17, 24, 2, 18, 22, 3, 16, 23)(4, 11, 27, 5, 12, 25, 6, 10, 26)(7, 14, 21, 8,
15, 19, 9, 13, 20),  ], [  (1, 25, 14, 3, 27, 13, 2, 26, 15)(4, 19, 17, 6, 21, 
16, 5, 20, 18)(7, 22, 11, 9, 24, 10, 8, 23, 12),  (1, 15, 26, 2, 13, 27, 3, 14, 
25)(4, 18, 20, 5, 16, 21, 6, 17, 19)(7, 12, 23, 8, 10, 24, 9, 11, 22),  ], [  
(1, 26, 13, 3, 25, 15, 2, 27, 14)(4, 20, 16, 6, 19, 18, 5, 21, 17)(7, 23, 10, 9,
22, 12, 8, 24, 11),  (1, 14, 27, 2, 15, 25, 3, 13, 26)(4, 17, 21, 5, 18, 19, 6, 
16, 20)(7, 11, 24, 8, 12, 22, 9, 10, 23),  ], [  (1, 14, 27, 2, 15, 25, 3, 13, 
26)(4, 17, 21, 5, 18, 19, 6, 16, 20)(7, 11, 24, 8, 12, 22, 9, 10, 23),  (1, 26, 
13, 3, 25, 15, 2, 27, 14)(4, 20, 16, 6, 19, 18, 5, 21, 17)(7, 23, 10, 9, 22, 12,
8, 24, 11),  ], [  (1, 17, 24, 2, 18, 22, 3, 16, 23)(4, 11, 27, 5, 12, 25, 6, 
10, 26)(7, 14, 21, 8, 15, 19, 9, 13, 20),  (1, 23, 16, 3, 22, 18, 2, 24, 17)(4, 
26, 10, 6, 25, 12, 5, 27, 11)(7, 20, 13, 9, 19, 15, 8, 21, 14),  ], ]
);

NCBRACES[27].brace[5] := rec ( size := 27, perms := [ [  (),  (),  ], [  (1, 21,
12, 3, 20, 11, 2, 19, 10)(4, 24, 15, 6, 23, 14, 5, 22, 13)(7, 27, 18, 9, 26, 17,
8, 25, 16),  (1, 12, 19, 2, 10, 20, 3, 11, 21)(4, 15, 22, 5, 13, 23, 6, 14, 
24)(7, 18, 25, 8, 16, 26, 9, 17, 27),  ], [  (1, 4, 7)(2, 5, 8)(3, 6, 9)(10, 13,
16)(11, 14, 17)(12, 15, 18)(19, 22, 25)(20, 23, 26)(21, 24, 27),  (1, 7, 4)(2, 
8, 5)(3, 9, 6)(10, 16, 13)(11, 17, 14)(12, 18, 15)(19, 25, 22)(20, 26, 23)(21, 
27, 24),  ], [  (1, 2, 3)(4, 5, 6)(7, 8, 9)(10, 11, 12)(13, 14, 15)(16, 17, 
18)(19, 20, 21)(22, 23, 24)(25, 26, 27),  (1, 3, 2)(4, 6, 5)(7, 9, 8)(10, 12, 
11)(13, 15, 14)(16, 18, 17)(19, 21, 20)(22, 24, 23)(25, 27, 26),  ], [  (1, 12, 
20, 2, 10, 21, 3, 11, 19)(4, 15, 23, 5, 13, 24, 6, 14, 22)(7, 18, 26, 8, 16, 27,
9, 17, 25),  (1, 21, 11, 3, 20, 10, 2, 19, 12)(4, 24, 14, 6, 23, 13, 5, 22, 
15)(7, 27, 17, 9, 26, 16, 8, 25, 18),  ], [  (1, 7, 4)(2, 8, 5)(3, 9, 6)(10, 16,
13)(11, 17, 14)(12, 18, 15)(19, 25, 22)(20, 26, 23)(21, 27, 24),  (1, 4, 7)(2, 
5, 8)(3, 6, 9)(10, 13, 16)(11, 14, 17)(12, 15, 18)(19, 22, 25)(20, 23, 26)(21, 
24, 27),  ], [  (1, 3, 2)(4, 6, 5)(7, 9, 8)(10, 12, 11)(13, 15, 14)(16, 18, 
17)(19, 21, 20)(22, 24, 23)(25, 27, 26),  (1, 2, 3)(4, 5, 6)(7, 8, 9)(10, 11, 
12)(13, 14, 15)(16, 17, 18)(19, 20, 21)(22, 23, 24)(25, 26, 27),  ], [  (1, 11, 
21, 2, 12, 19, 3, 10, 20)(4, 14, 24, 5, 15, 22, 6, 13, 23)(7, 17, 27, 8, 18, 25,
9, 16, 26),  (1, 19, 10, 3, 21, 12, 2, 20, 11)(4, 22, 13, 6, 24, 15, 5, 23, 
14)(7, 25, 16, 9, 27, 18, 8, 26, 17),  ], [  (1, 24, 18, 3, 23, 17, 2, 22, 
16)(4, 27, 12, 6, 26, 11, 5, 25, 10)(7, 21, 15, 9, 20, 14, 8, 19, 13),  (1, 18, 
22, 2, 16, 23, 3, 17, 24)(4, 12, 25, 5, 10, 26, 6, 11, 27)(7, 15, 19, 8, 13, 20,
9, 14, 21),  ], [  (1, 19, 11, 3, 21, 10, 2, 20, 12)(4, 22, 14, 6, 24, 13, 5, 
23, 15)(7, 25, 17, 9, 27, 16, 8, 26, 18),  (1, 11, 20, 2, 12, 21, 3, 10, 19)(4, 
14, 23, 5, 15, 24, 6, 13, 22)(7, 17, 26, 8, 18, 27, 9, 16, 25),  ], [  (1, 27, 
15, 3, 26, 14, 2, 25, 13)(4, 21, 18, 6, 20, 17, 5, 19, 16)(7, 24, 12, 9, 23, 11,
8, 22, 10),  (1, 15, 25, 2, 13, 26, 3, 14, 27)(4, 18, 19, 5, 16, 20, 6, 17, 
21)(7, 12, 22, 8, 10, 23, 9, 11, 24),  ], [  (1, 20, 10, 3, 19, 12, 2, 21, 
11)(4, 23, 13, 6, 22, 15, 5, 24, 14)(7, 26, 16, 9, 25, 18, 8, 27, 17),  (1, 10, 
21, 2, 11, 19, 3, 12, 20)(4, 13, 24, 5, 14, 22, 6, 15, 23)(7, 16, 27, 8, 17, 25,
9, 18, 26),  ], [  (1, 5, 9)(2, 6, 7)(3, 4, 8)(10, 14, 18)(11, 15, 16)(12, 13, 
17)(19, 23, 27)(20, 24, 25)(21, 22, 26),  (1, 9, 5)(2, 7, 6)(3, 8, 4)(10, 18, 
14)(11, 16, 15)(12, 17, 13)(19, 27, 23)(20, 25, 24)(21, 26, 22),  ], [  (1, 15, 
26, 2, 13, 27, 3, 14, 25)(4, 18, 20, 5, 16, 21, 6, 17, 19)(7, 12, 23, 8, 10, 24,
9, 11, 22),  (1, 27, 14, 3, 26, 13, 2, 25, 15)(4, 21, 17, 6, 20, 16, 5, 19, 
18)(7, 24, 11, 9, 23, 10, 8, 22, 12),  ], [  (1, 6, 8)(2, 4, 9)(3, 5, 7)(10, 15,
17)(11, 13, 18)(12, 14, 16)(19, 24, 26)(20, 22, 27)(21, 23, 25),  (1, 8, 6)(2, 
9, 4)(3, 7, 5)(10, 17, 15)(11, 18, 13)(12, 16, 14)(19, 26, 24)(20, 27, 22)(21, 
25, 23),  ], [  (1, 10, 19, 2, 11, 20, 3, 12, 21)(4, 13, 22, 5, 14, 23, 6, 15, 
24)(7, 16, 25, 8, 17, 26, 9, 18, 27),  (1, 20, 12, 3, 19, 11, 2, 21, 10)(4, 23, 
15, 6, 22, 14, 5, 24, 13)(7, 26, 18, 9, 25, 17, 8, 27, 16),  ], [  (1, 8, 6)(2, 
9, 4)(3, 7, 5)(10, 17, 15)(11, 18, 13)(12, 16, 14)(19, 26, 24)(20, 27, 22)(21, 
25, 23),  (1, 6, 8)(2, 4, 9)(3, 5, 7)(10, 15, 17)(11, 13, 18)(12, 14, 16)(19, 
24, 26)(20, 22, 27)(21, 23, 25),  ], [  (1, 18, 23, 2, 16, 24, 3, 17, 22)(4, 12,
26, 5, 10, 27, 6, 11, 25)(7, 15, 20, 8, 13, 21, 9, 14, 19),  (1, 24, 17, 3, 23, 
16, 2, 22, 18)(4, 27, 11, 6, 26, 10, 5, 25, 12)(7, 21, 14, 9, 20, 13, 8, 19, 
15),  ], [  (1, 9, 5)(2, 7, 6)(3, 8, 4)(10, 18, 14)(11, 16, 15)(12, 17, 13)(19, 
27, 23)(20, 25, 24)(21, 26, 22),  (1, 5, 9)(2, 6, 7)(3, 4, 8)(10, 14, 18)(11, 
15, 16)(12, 13, 17)(19, 23, 27)(20, 24, 25)(21, 22, 26),  ], [  (1, 14, 27, 2, 
15, 25, 3, 13, 26)(4, 17, 21, 5, 18, 19, 6, 16, 20)(7, 11, 24, 8, 12, 22, 9, 10,
23),  (1, 25, 13, 3, 27, 15, 2, 26, 14)(4, 19, 16, 6, 21, 18, 5, 20, 17)(7, 22, 
10, 9, 24, 12, 8, 23, 11),  ], [  (1, 17, 24, 2, 18, 22, 3, 16, 23)(4, 11, 27, 
5, 12, 25, 6, 10, 26)(7, 14, 21, 8, 15, 19, 9, 13, 20),  (1, 22, 16, 3, 24, 18, 
2, 23, 17)(4, 25, 10, 6, 27, 12, 5, 26, 11)(7, 19, 13, 9, 21, 15, 8, 20, 14),  
], [  (1, 22, 17, 3, 24, 16, 2, 23, 18)(4, 25, 11, 6, 27, 10, 5, 26, 12)(7, 19, 
14, 9, 21, 13, 8, 20, 15),  (1, 17, 23, 2, 18, 24, 3, 16, 22)(4, 11, 26, 5, 12, 
27, 6, 10, 25)(7, 14, 20, 8, 15, 21, 9, 13, 19),  ], [  (1, 23, 16, 3, 22, 18, 
2, 24, 17)(4, 26, 10, 6, 25, 12, 5, 27, 11)(7, 20, 13, 9, 19, 15, 8, 21, 14),  
(1, 16, 24, 2, 17, 22, 3, 18, 23)(4, 10, 27, 5, 11, 25, 6, 12, 26)(7, 13, 21, 8,
14, 19, 9, 15, 20),  ], [  (1, 25, 14, 3, 27, 13, 2, 26, 15)(4, 19, 17, 6, 21, 
16, 5, 20, 18)(7, 22, 11, 9, 24, 10, 8, 23, 12),  (1, 14, 26, 2, 15, 27, 3, 13, 
25)(4, 17, 20, 5, 18, 21, 6, 16, 19)(7, 11, 23, 8, 12, 24, 9, 10, 22),  ], [  
(1, 26, 13, 3, 25, 15, 2, 27, 14)(4, 20, 16, 6, 19, 18, 5, 21, 17)(7, 23, 10, 9,
22, 12, 8, 24, 11),  (1, 13, 27, 2, 14, 25, 3, 15, 26)(4, 16, 21, 5, 17, 19, 6, 
18, 20)(7, 10, 24, 8, 11, 22, 9, 12, 23),  ], [  (1, 13, 25, 2, 14, 26, 3, 15, 
27)(4, 16, 19, 5, 17, 20, 6, 18, 21)(7, 10, 22, 8, 11, 23, 9, 12, 24),  (1, 26, 
15, 3, 25, 14, 2, 27, 13)(4, 20, 18, 6, 19, 17, 5, 21, 16)(7, 23, 12, 9, 22, 11,
8, 24, 10),  ], [  (1, 16, 22, 2, 17, 23, 3, 18, 24)(4, 10, 25, 5, 11, 26, 6, 
12, 27)(7, 13, 19, 8, 14, 20, 9, 15, 21),  (1, 23, 18, 3, 22, 17, 2, 24, 16)(4, 
26, 12, 6, 25, 11, 5, 27, 10)(7, 20, 15, 9, 19, 14, 8, 21, 13),  ], ]
);

NCBRACES[27].brace[6] := rec ( size := 27, perms := [ [  (),  (),  ], [  (1, 21,
12, 3, 20, 11, 2, 19, 10)(4, 24, 15, 6, 23, 14, 5, 22, 13)(7, 27, 18, 9, 26, 17,
8, 25, 16),  (1, 10, 19, 2, 11, 20, 3, 12, 21)(4, 14, 24, 5, 15, 22, 6, 13, 
23)(7, 18, 26, 8, 16, 27, 9, 17, 25),  ], [  (1, 4, 7)(2, 5, 8)(3, 6, 9)(10, 13,
16)(11, 14, 17)(12, 15, 18)(19, 22, 25)(20, 23, 26)(21, 24, 27),  (1, 7, 4)(2, 
8, 5)(3, 9, 6)(10, 17, 15)(11, 18, 13)(12, 16, 14)(19, 27, 23)(20, 25, 24)(21, 
26, 22),  ], [  (1, 2, 3)(4, 5, 6)(7, 8, 9)(10, 11, 12)(13, 14, 15)(16, 17, 
18)(19, 20, 21)(22, 23, 24)(25, 26, 27),  (1, 3, 2)(4, 6, 5)(7, 9, 8)(10, 12, 
11)(13, 15, 14)(16, 18, 17)(19, 21, 20)(22, 24, 23)(25, 27, 26),  ], [  (1, 10, 
19, 2, 11, 20, 3, 12, 21)(4, 13, 22, 5, 14, 23, 6, 15, 24)(7, 16, 25, 8, 17, 26,
9, 18, 27),  (1, 21, 12, 3, 20, 11, 2, 19, 10)(4, 23, 13, 6, 22, 15, 5, 24, 
14)(7, 25, 17, 9, 27, 16, 8, 26, 18),  ], [  (1, 7, 4)(2, 8, 5)(3, 9, 6)(10, 16,
13)(11, 17, 14)(12, 18, 15)(19, 25, 22)(20, 26, 23)(21, 27, 24),  (1, 4, 7)(2, 
5, 8)(3, 6, 9)(10, 15, 17)(11, 13, 18)(12, 14, 16)(19, 23, 27)(20, 24, 25)(21, 
22, 26),  ], [  (1, 3, 2)(4, 6, 5)(7, 9, 8)(10, 12, 11)(13, 15, 14)(16, 18, 
17)(19, 21, 20)(22, 24, 23)(25, 27, 26),  (1, 2, 3)(4, 5, 6)(7, 8, 9)(10, 11, 
12)(13, 14, 15)(16, 17, 18)(19, 20, 21)(22, 23, 24)(25, 26, 27),  ], [  (1, 12, 
20, 2, 10, 21, 3, 11, 19)(4, 15, 23, 5, 13, 24, 6, 14, 22)(7, 18, 26, 8, 16, 27,
9, 17, 25),  (1, 19, 11, 3, 21, 10, 2, 20, 12)(4, 24, 15, 6, 23, 14, 5, 22, 
13)(7, 26, 16, 9, 25, 18, 8, 27, 17),  ], [  (1, 23, 16, 3, 22, 18, 2, 24, 
17)(4, 26, 10, 6, 25, 12, 5, 27, 11)(7, 20, 13, 9, 19, 15, 8, 21, 14),  (1, 17, 
24, 2, 18, 22, 3, 16, 23)(4, 12, 26, 5, 10, 27, 6, 11, 25)(7, 13, 19, 8, 14, 20,
9, 15, 21),  ], [  (1, 19, 11, 3, 21, 10, 2, 20, 12)(4, 22, 14, 6, 24, 13, 5, 
23, 15)(7, 25, 17, 9, 27, 16, 8, 26, 18),  (1, 12, 20, 2, 10, 21, 3, 11, 19)(4, 
13, 22, 5, 14, 23, 6, 15, 24)(7, 17, 27, 8, 18, 25, 9, 16, 26),  ], [  (1, 25, 
14, 3, 27, 13, 2, 26, 15)(4, 19, 17, 6, 21, 16, 5, 20, 18)(7, 22, 11, 9, 24, 10,
8, 23, 12),  (1, 15, 26, 2, 13, 27, 3, 14, 25)(4, 16, 19, 5, 17, 20, 6, 18, 
21)(7, 11, 24, 8, 12, 22, 9, 10, 23),  ], [  (1, 20, 10, 3, 19, 12, 2, 21, 
11)(4, 23, 13, 6, 22, 15, 5, 24, 14)(7, 26, 16, 9, 25, 18, 8, 27, 17),  (1, 11, 
21, 2, 12, 19, 3, 10, 20)(4, 15, 23, 5, 13, 24, 6, 14, 22)(7, 16, 25, 8, 17, 26,
9, 18, 27),  ], [  (1, 22, 17, 3, 24, 16, 2, 23, 18)(4, 25, 11, 6, 27, 10, 5, 
26, 12)(7, 19, 14, 9, 21, 13, 8, 20, 15),  (1, 18, 23, 2, 16, 24, 3, 17, 22)(4, 
10, 25, 5, 11, 26, 6, 12, 27)(7, 14, 21, 8, 15, 19, 9, 13, 20),  ], [  (1, 5, 
9)(2, 6, 7)(3, 4, 8)(10, 14, 18)(11, 15, 16)(12, 13, 17)(19, 23, 27)(20, 24, 
25)(21, 22, 26),  (1, 9, 5)(2, 7, 6)(3, 8, 4)(10, 16, 13)(11, 17, 14)(12, 18, 
15)(19, 26, 24)(20, 27, 22)(21, 25, 23),  ], [  (1, 15, 26, 2, 13, 27, 3, 14, 
25)(4, 18, 20, 5, 16, 21, 6, 17, 19)(7, 12, 23, 8, 10, 24, 9, 11, 22),  (1, 25, 
14, 3, 27, 13, 2, 26, 15)(4, 21, 18, 6, 20, 17, 5, 19, 16)(7, 23, 10, 9, 22, 12,
8, 24, 11),  ], [  (1, 6, 8)(2, 4, 9)(3, 5, 7)(10, 15, 17)(11, 13, 18)(12, 14, 
16)(19, 24, 26)(20, 22, 27)(21, 23, 25),  (1, 8, 6)(2, 9, 4)(3, 7, 5)(10, 18, 
14)(11, 16, 15)(12, 17, 13)(19, 25, 22)(20, 26, 23)(21, 27, 24),  ], [  (1, 11, 
21, 2, 12, 19, 3, 10, 20)(4, 14, 24, 5, 15, 22, 6, 13, 23)(7, 17, 27, 8, 18, 25,
9, 16, 26),  (1, 20, 10, 3, 19, 12, 2, 21, 11)(4, 22, 14, 6, 24, 13, 5, 23, 
15)(7, 27, 18, 9, 26, 17, 8, 25, 16),  ], [  (1, 8, 6)(2, 9, 4)(3, 7, 5)(10, 17,
15)(11, 18, 13)(12, 16, 14)(19, 26, 24)(20, 27, 22)(21, 25, 23),  (1, 6, 8)(2, 
4, 9)(3, 5, 7)(10, 14, 18)(11, 15, 16)(12, 13, 17)(19, 22, 25)(20, 23, 26)(21, 
24, 27),  ], [  (1, 14, 27, 2, 15, 25, 3, 13, 26)(4, 17, 21, 5, 18, 19, 6, 16, 
20)(7, 11, 24, 8, 12, 22, 9, 10, 23),  (1, 26, 13, 3, 25, 15, 2, 27, 14)(4, 19, 
17, 6, 21, 16, 5, 20, 18)(7, 24, 12, 9, 23, 11, 8, 22, 10),  ], [  (1, 18, 23, 
2, 16, 24, 3, 17, 22)(4, 12, 26, 5, 10, 27, 6, 11, 25)(7, 15, 20, 8, 13, 21, 9, 
14, 19),  (1, 22, 17, 3, 24, 16, 2, 23, 18)(4, 27, 12, 6, 26, 11, 5, 25, 10)(7, 
20, 13, 9, 19, 15, 8, 21, 14),  ], [  (1, 26, 13, 3, 25, 15, 2, 27, 14)(4, 20, 
16, 6, 19, 18, 5, 21, 17)(7, 23, 10, 9, 22, 12, 8, 24, 11),  (1, 14, 27, 2, 15, 
25, 3, 13, 26)(4, 18, 20, 5, 16, 21, 6, 17, 19)(7, 10, 22, 8, 11, 23, 9, 12, 
24),  ], [  (1, 17, 24, 2, 18, 22, 3, 16, 23)(4, 11, 27, 5, 12, 25, 6, 10, 
26)(7, 14, 21, 8, 15, 19, 9, 13, 20),  (1, 23, 16, 3, 22, 18, 2, 24, 17)(4, 25, 
11, 6, 27, 10, 5, 26, 12)(7, 21, 15, 9, 20, 14, 8, 19, 13),  ], [  (1, 9, 5)(2, 
7, 6)(3, 8, 4)(10, 18, 14)(11, 16, 15)(12, 17, 13)(19, 27, 23)(20, 25, 24)(21, 
26, 22),  (1, 5, 9)(2, 6, 7)(3, 4, 8)(10, 13, 16)(11, 14, 17)(12, 15, 18)(19, 
24, 26)(20, 22, 27)(21, 23, 25),  ], [  (1, 13, 25, 2, 14, 26, 3, 15, 27)(4, 16,
19, 5, 17, 20, 6, 18, 21)(7, 10, 22, 8, 11, 23, 9, 12, 24),  (1, 27, 15, 3, 26, 
14, 2, 25, 13)(4, 20, 16, 6, 19, 18, 5, 21, 17)(7, 22, 11, 9, 24, 10, 8, 23, 
12),  ], [  (1, 24, 18, 3, 23, 17, 2, 22, 16)(4, 27, 12, 6, 26, 11, 5, 25, 
10)(7, 21, 15, 9, 20, 14, 8, 19, 13),  (1, 16, 22, 2, 17, 23, 3, 18, 24)(4, 11, 
27, 5, 12, 25, 6, 10, 26)(7, 15, 20, 8, 13, 21, 9, 14, 19),  ], [  (1, 27, 15, 
3, 26, 14, 2, 25, 13)(4, 21, 18, 6, 20, 17, 5, 19, 16)(7, 24, 12, 9, 23, 11, 8, 
22, 10),  (1, 13, 25, 2, 14, 26, 3, 15, 27)(4, 17, 21, 5, 18, 19, 6, 16, 20)(7, 
12, 23, 8, 10, 24, 9, 11, 22),  ], [  (1, 16, 22, 2, 17, 23, 3, 18, 24)(4, 10, 
25, 5, 11, 26, 6, 12, 27)(7, 13, 19, 8, 14, 20, 9, 15, 21),  (1, 24, 18, 3, 23, 
17, 2, 22, 16)(4, 26, 10, 6, 25, 12, 5, 27, 11)(7, 19, 14, 9, 21, 13, 8, 20, 
15),  ], ]
);

NCBRACES[27].brace[7] := rec ( size := 27, perms := [ [  (),  (),  ], [  (1, 23,
16, 3, 22, 18, 2, 24, 17)(4, 26, 10, 6, 25, 12, 5, 27, 11)(7, 20, 13, 9, 19, 15,
8, 21, 14),  (1, 16, 24, 2, 17, 22, 3, 18, 23)(4, 11, 26, 5, 12, 27, 6, 10, 
25)(7, 15, 19, 8, 13, 20, 9, 14, 21),  ], [  (1, 4, 7)(2, 5, 8)(3, 6, 9)(10, 13,
16)(11, 14, 17)(12, 15, 18)(19, 22, 25)(20, 23, 26)(21, 24, 27),  (1, 7, 4)(2, 
8, 5)(3, 9, 6)(10, 17, 15)(11, 18, 13)(12, 16, 14)(19, 27, 23)(20, 25, 24)(21, 
26, 22),  ], [  (1, 2, 3)(4, 5, 6)(7, 8, 9)(10, 11, 12)(13, 14, 15)(16, 17, 
18)(19, 20, 21)(22, 23, 24)(25, 26, 27),  (1, 3, 2)(4, 6, 5)(7, 9, 8)(10, 12, 
11)(13, 15, 14)(16, 18, 17)(19, 21, 20)(22, 24, 23)(25, 27, 26),  ], [  (1, 16, 
22, 2, 17, 23, 3, 18, 24)(4, 10, 25, 5, 11, 26, 6, 12, 27)(7, 13, 19, 8, 14, 20,
9, 15, 21),  (1, 23, 18, 3, 22, 17, 2, 24, 16)(4, 25, 10, 6, 27, 12, 5, 26, 
11)(7, 21, 14, 9, 20, 13, 8, 19, 15),  ], [  (1, 7, 4)(2, 8, 5)(3, 9, 6)(10, 16,
13)(11, 17, 14)(12, 18, 15)(19, 25, 22)(20, 26, 23)(21, 27, 24),  (1, 4, 7)(2, 
5, 8)(3, 6, 9)(10, 15, 17)(11, 13, 18)(12, 14, 16)(19, 23, 27)(20, 24, 25)(21, 
22, 26),  ], [  (1, 3, 2)(4, 6, 5)(7, 9, 8)(10, 12, 11)(13, 15, 14)(16, 18, 
17)(19, 21, 20)(22, 24, 23)(25, 27, 26),  (1, 2, 3)(4, 5, 6)(7, 8, 9)(10, 11, 
12)(13, 14, 15)(16, 17, 18)(19, 20, 21)(22, 23, 24)(25, 26, 27),  ], [  (1, 18, 
23, 2, 16, 24, 3, 17, 22)(4, 12, 26, 5, 10, 27, 6, 11, 25)(7, 15, 20, 8, 13, 21,
9, 14, 19),  (1, 24, 17, 3, 23, 16, 2, 22, 18)(4, 26, 12, 6, 25, 11, 5, 27, 
10)(7, 19, 13, 9, 21, 15, 8, 20, 14),  ], [  (1, 25, 14, 3, 27, 13, 2, 26, 
15)(4, 19, 17, 6, 21, 16, 5, 20, 18)(7, 22, 11, 9, 24, 10, 8, 23, 12),  (1, 14, 
26, 2, 15, 27, 3, 13, 25)(4, 18, 19, 5, 16, 20, 6, 17, 21)(7, 10, 24, 8, 11, 22,
9, 12, 23),  ], [  (1, 24, 18, 3, 23, 17, 2, 22, 16)(4, 27, 12, 6, 26, 11, 5, 
25, 10)(7, 21, 15, 9, 20, 14, 8, 19, 13),  (1, 18, 22, 2, 16, 23, 3, 17, 24)(4, 
10, 27, 5, 11, 25, 6, 12, 26)(7, 14, 20, 8, 15, 21, 9, 13, 19),  ], [  (1, 21, 
12, 3, 20, 11, 2, 19, 10)(4, 24, 15, 6, 23, 14, 5, 22, 13)(7, 27, 18, 9, 26, 17,
8, 25, 16),  (1, 12, 19, 2, 10, 20, 3, 11, 21)(4, 13, 24, 5, 14, 22, 6, 15, 
23)(7, 17, 26, 8, 18, 27, 9, 16, 25),  ], [  (1, 22, 17, 3, 24, 16, 2, 23, 
18)(4, 25, 11, 6, 27, 10, 5, 26, 12)(7, 19, 14, 9, 21, 13, 8, 20, 15),  (1, 17, 
23, 2, 18, 24, 3, 16, 22)(4, 12, 25, 5, 10, 26, 6, 11, 27)(7, 13, 21, 8, 14, 19,
9, 15, 20),  ], [  (1, 27, 15, 3, 26, 14, 2, 25, 13)(4, 21, 18, 6, 20, 17, 5, 
19, 16)(7, 24, 12, 9, 23, 11, 8, 22, 10),  (1, 15, 25, 2, 13, 26, 3, 14, 27)(4, 
16, 21, 5, 17, 19, 6, 18, 20)(7, 11, 23, 8, 12, 24, 9, 10, 22),  ], [  (1, 5, 
9)(2, 6, 7)(3, 4, 8)(10, 14, 18)(11, 15, 16)(12, 13, 17)(19, 23, 27)(20, 24, 
25)(21, 22, 26),  (1, 9, 5)(2, 7, 6)(3, 8, 4)(10, 16, 13)(11, 17, 14)(12, 18, 
15)(19, 26, 24)(20, 27, 22)(21, 25, 23),  ], [  (1, 12, 20, 2, 10, 21, 3, 11, 
19)(4, 15, 23, 5, 13, 24, 6, 14, 22)(7, 18, 26, 8, 16, 27, 9, 17, 25),  (1, 21, 
11, 3, 20, 10, 2, 19, 12)(4, 23, 15, 6, 22, 14, 5, 24, 13)(7, 25, 16, 9, 27, 18,
8, 26, 17),  ], [  (1, 6, 8)(2, 4, 9)(3, 5, 7)(10, 15, 17)(11, 13, 18)(12, 14, 
16)(19, 24, 26)(20, 22, 27)(21, 23, 25),  (1, 8, 6)(2, 9, 4)(3, 7, 5)(10, 18, 
14)(11, 16, 15)(12, 17, 13)(19, 25, 22)(20, 26, 23)(21, 27, 24),  ], [  (1, 17, 
24, 2, 18, 22, 3, 16, 23)(4, 11, 27, 5, 12, 25, 6, 10, 26)(7, 14, 21, 8, 15, 19,
9, 13, 20),  (1, 22, 16, 3, 24, 18, 2, 23, 17)(4, 27, 11, 6, 26, 10, 5, 25, 
12)(7, 20, 15, 9, 19, 14, 8, 21, 13),  ], [  (1, 8, 6)(2, 9, 4)(3, 7, 5)(10, 17,
15)(11, 18, 13)(12, 16, 14)(19, 26, 24)(20, 27, 22)(21, 25, 23),  (1, 6, 8)(2, 
4, 9)(3, 5, 7)(10, 14, 18)(11, 15, 16)(12, 13, 17)(19, 22, 25)(20, 23, 26)(21, 
24, 27),  ], [  (1, 11, 21, 2, 12, 19, 3, 10, 20)(4, 14, 24, 5, 15, 22, 6, 13, 
23)(7, 17, 27, 8, 18, 25, 9, 16, 26),  (1, 19, 10, 3, 21, 12, 2, 20, 11)(4, 24, 
14, 6, 23, 13, 5, 22, 15)(7, 26, 18, 9, 25, 17, 8, 27, 16),  ], [  (1, 15, 26, 
2, 13, 27, 3, 14, 25)(4, 18, 20, 5, 16, 21, 6, 17, 19)(7, 12, 23, 8, 10, 24, 9, 
11, 22),  (1, 27, 14, 3, 26, 13, 2, 25, 15)(4, 20, 18, 6, 19, 17, 5, 21, 16)(7, 
22, 10, 9, 24, 12, 8, 23, 11),  ], [  (1, 19, 11, 3, 21, 10, 2, 20, 12)(4, 22, 
14, 6, 24, 13, 5, 23, 15)(7, 25, 17, 9, 27, 16, 8, 26, 18),  (1, 11, 20, 2, 12, 
21, 3, 10, 19)(4, 15, 22, 5, 13, 23, 6, 14, 24)(7, 16, 27, 8, 17, 25, 9, 18, 
26),  ], [  (1, 14, 27, 2, 15, 25, 3, 13, 26)(4, 17, 21, 5, 18, 19, 6, 16, 
20)(7, 11, 24, 8, 12, 22, 9, 10, 23),  (1, 25, 13, 3, 27, 15, 2, 26, 14)(4, 21, 
17, 6, 20, 16, 5, 19, 18)(7, 23, 12, 9, 22, 11, 8, 24, 10),  ], [  (1, 9, 5)(2, 
7, 6)(3, 8, 4)(10, 18, 14)(11, 16, 15)(12, 17, 13)(19, 27, 23)(20, 25, 24)(21, 
26, 22),  (1, 5, 9)(2, 6, 7)(3, 4, 8)(10, 13, 16)(11, 14, 17)(12, 15, 18)(19, 
24, 26)(20, 22, 27)(21, 23, 25),  ], [  (1, 10, 19, 2, 11, 20, 3, 12, 21)(4, 13,
22, 5, 14, 23, 6, 15, 24)(7, 16, 25, 8, 17, 26, 9, 18, 27),  (1, 20, 12, 3, 19, 
11, 2, 21, 10)(4, 22, 13, 6, 24, 15, 5, 23, 14)(7, 27, 17, 9, 26, 16, 8, 25, 
18),  ], [  (1, 26, 13, 3, 25, 15, 2, 27, 14)(4, 20, 16, 6, 19, 18, 5, 21, 
17)(7, 23, 10, 9, 22, 12, 8, 24, 11),  (1, 13, 27, 2, 14, 25, 3, 15, 26)(4, 17, 
20, 5, 18, 21, 6, 16, 19)(7, 12, 22, 8, 10, 23, 9, 11, 24),  ], [  (1, 20, 10, 
3, 19, 12, 2, 21, 11)(4, 23, 13, 6, 22, 15, 5, 24, 14)(7, 26, 16, 9, 25, 18, 8, 
27, 17),  (1, 10, 21, 2, 11, 19, 3, 12, 20)(4, 14, 23, 5, 15, 24, 6, 13, 22)(7, 
18, 25, 8, 16, 26, 9, 17, 27),  ], [  (1, 13, 25, 2, 14, 26, 3, 15, 27)(4, 16, 
19, 5, 17, 20, 6, 18, 21)(7, 10, 22, 8, 11, 23, 9, 12, 24),  (1, 26, 15, 3, 25, 
14, 2, 27, 13)(4, 19, 16, 6, 21, 18, 5, 20, 17)(7, 24, 11, 9, 23, 10, 8, 22, 
12),  ], ]
);

NCBRACES[27].brace[8] := rec ( size := 27, perms := [ [  (),  (),  ], [  (1, 6, 
8)(2, 4, 9)(3, 5, 7)(10, 15, 17)(11, 13, 18)(12, 14, 16)(19, 24, 26)(20, 22, 
27)(21, 23, 25),  (1, 7, 6)(2, 8, 4)(3, 9, 5)(10, 16, 15)(11, 17, 13)(12, 18, 
14)(19, 25, 24)(20, 26, 22)(21, 27, 23),  ], [  (1, 21, 12, 3, 20, 11, 2, 19, 
10)(4, 24, 15, 6, 23, 14, 5, 22, 13)(7, 27, 18, 9, 26, 17, 8, 25, 16),  (1, 12, 
19, 2, 10, 20, 3, 11, 21)(4, 15, 22, 5, 13, 23, 6, 14, 24)(7, 18, 25, 8, 16, 26,
9, 17, 27),  ], [  (1, 2, 3)(4, 5, 6)(7, 8, 9)(10, 11, 12)(13, 14, 15)(16, 17, 
18)(19, 20, 21)(22, 23, 24)(25, 26, 27),  (1, 3, 2)(4, 6, 5)(7, 9, 8)(10, 12, 
11)(13, 15, 14)(16, 18, 17)(19, 21, 20)(22, 24, 23)(25, 27, 26),  ], [  (1, 7, 
