NCBRACES[125] := [ rec(
      gadd := 
       [ (  1, 41, 57, 97,113,  9, 49, 65, 76,116, 12, 28, 68, 84,124, 20, 31,
             71, 87,103, 23, 39, 55, 95,106,  2, 42, 58, 98,114, 10, 50, 61,
              77,117, 13, 29, 69, 85,125, 16, 32, 72, 88,104, 24, 40, 51, 91,
             107,  3, 43, 59, 99,115,  6, 46, 62, 78,118, 14, 30, 70, 81,121,
              17, 33, 73, 89,105, 25, 36, 52, 92,108,  4, 44, 60,100,111,  7,
              47, 63, 79,119, 15, 26, 66, 82,122, 18, 34, 74, 90,101, 21, 37,
              53, 93,109,  5, 45, 56, 96,112,  8, 48, 64, 80,120, 11, 27, 67,
              83,123, 19, 35, 75, 86,102, 22, 38, 54, 94,110) ],
      gmul := 
       [ (  1, 41, 57, 97,113,  9, 49, 65, 76,116, 12, 28, 68, 84,124, 20, 31,
             71, 87,103, 23, 39, 55, 95,106,  2, 42, 58, 98,114, 10, 50, 61,
              77,117, 13, 29, 69, 85,125, 16, 32, 72, 88,104, 24, 40, 51, 91,
             107,  3, 43, 59, 99,115,  6, 46, 62, 78,118, 14, 30, 70, 81,121,
              17, 33, 73, 89,105, 25, 36, 52, 92,108,  4, 44, 60,100,111,  7,
              47, 63, 79,119, 15, 26, 66, 82,122, 18, 34, 74, 90,101, 21, 37,
              53, 93,109,  5, 45, 56, 96,112,  8, 48, 64, 80,120, 11, 27, 67,
              83,123, 19, 35, 75, 86,102, 22, 38, 54, 94,110) ],
      p := (  2,125, 63, 91, 37,102, 93, 13, 20, 51, 56, 12,121, 84, 47, 29,
          76,103, 92, 33,116, 58, 70,114, 59, 74,104, 79, 18, 30, 96, 66, 81,
          41, 45, 46, 22, 27, 95, 69,110,108,113, 42, 16, 21, 31,115, 62, 94,
          65, 80, 44, 49, 55, 28, 99, 85, 54, 32,119, 68, 97, 73,117, 38,122,
          88, 61, 90, 53, 36,106, 78, 40, 19, 10,124, 83, 48,  9,120, 67, 77,
          14, 24,  7)(  3, 25)(  4,  5, 26, 75,107,109,112, 43, 23, 11,101,
          86, 34,123, 87, 60, 71,111, 39, 15, 50, 35,105, 82, 17)
        (  8,100, 89, 57)( 64, 98, 72,118),
      q := (  2, 26, 76, 48, 22,124, 68, 54,119, 83,103, 59, 77, 17,  3,  6,
          25,  4)(  5,125, 88, 90, 98, 79, 13, 11, 50,116, 93, 18,121, 67, 74,
         47,122, 63, 60, 80,107, 42, 15,101, 65, 71, 40, 12, 30, 55,123, 64,
          53,115, 89, 94, 86,117,113,109, 39, 16, 10, 27, 56, 19, 21,120, 84,
         104, 72, 33, 35, 46,  9, 31, 36, 45,105, 69, 41,106, 73, 34, 28, 52,
          99, 66, 70, 37, 49, 96, 85, 97, 78,111,112,108, 38, 29, 75, 44,102,
          58, 81,110, 43,  8, 51, 95, 82, 14,  7)( 20,100, 62, 57, 23)
        ( 87, 91,114, 92,118) ), rec(
      gadd := 
       [ (  1, 41, 57, 97,113,  9, 49, 65, 76,116, 12, 28, 68, 84,124, 20, 31,
             71, 87,103, 23, 39, 55, 95,106,  2, 42, 58, 98,114, 10, 50, 61,
              77,117, 13, 29, 69, 85,125, 16, 32, 72, 88,104, 24, 40, 51, 91,
             107,  3, 43, 59, 99,115,  6, 46, 62, 78,118, 14, 30, 70, 81,121,
              17, 33, 73, 89,105, 25, 36, 52, 92,108,  4, 44, 60,100,111,  7,
              47, 63, 79,119, 15, 26, 66, 82,122, 18, 34, 74, 90,101, 21, 37,
              53, 93,109,  5, 45, 56, 96,112,  8, 48, 64, 80,120, 11, 27, 67,
              83,123, 19, 35, 75, 86,102, 22, 38, 54, 94,110) ],
      gmul := 
       [ (  1, 41, 60, 96,111,  9, 49, 63, 80,119, 12, 28, 66, 83,122, 20, 31,
             74, 86,101, 23, 39, 53, 94,109,  2, 42, 56, 97,112, 10, 50, 64,
              76,120, 13, 29, 67, 84,123, 16, 32, 75, 87,102, 24, 40, 54, 95,
             110,  3, 43, 57, 98,113,  6, 46, 65, 77,116, 14, 30, 68, 85,124,
              17, 33, 71, 88,103, 25, 36, 55, 91,106,  4, 44, 58, 99,114,  7,
              47, 61, 78,117, 15, 26, 69, 81,125, 18, 34, 72, 89,104, 21, 37,
              51, 92,107,  5, 45, 59,100,115,  8, 48, 62, 79,118, 11, 27, 70,
              82,121, 19, 35, 73, 90,105, 22, 38, 52, 93,108) ],
      p := (  2,123, 86, 34,121, 83, 48,  9,118, 62, 93, 13, 20, 54, 32,117,
          38,125, 61, 89, 60, 74,102, 92, 33,119, 66, 85, 52, 55, 28, 98, 75,
         110,106, 77, 14, 24,  7)(  3, 25)(  4,  5, 26, 73,120, 70,112, 43,
          23, 11,104, 78, 40, 19, 10,122, 87, 58, 68, 96, 69,108,111, 39, 15,
          50, 35,103, 91, 37,105, 81, 41, 45, 46, 22, 27, 94, 63, 95, 67, 76,
         101, 90, 51, 59, 72,116, 56, 12,124, 82, 17)(  8, 99, 84, 47, 29, 80,
         44, 49, 53, 36,109,115, 65, 79, 18, 30,100, 88, 64, 97, 71,114, 57)
        ( 16, 21, 31,113, 42),
      q := (  2, 26, 80,110, 43,  8, 54,117,111,115, 88, 89, 93, 18,124, 66,
          68, 52, 98, 78,114, 91,112,106, 71, 40, 12, 30, 53,113,107, 42, 15,
         104, 75, 44,105, 67, 72, 33, 35, 46,  9, 31, 36, 45,103, 57, 23, 20,
          99, 69, 41,109, 39, 16, 10, 27, 59, 76, 48, 22,122, 61, 64, 51, 94,
          90, 97, 77, 17,  3,  6, 25,  4)(  5,123, 62, 60, 79, 13, 11, 50,119,
         82, 14,  7)( 19, 21,118, 86,120, 83,101, 63, 58, 85, 96, 84,102, 56)
        ( 28, 55,121, 70, 37, 49,100, 65, 74, 47,125, 87, 95, 81,108, 38, 29,
          73, 34)( 92,116) ), rec(
      gadd := 
       [ (  1, 41, 57, 97,113,  9, 49, 65, 76,116, 12, 28, 68, 84,124, 20, 31,
             71, 87,103, 23, 39, 55, 95,106,  2, 42, 58, 98,114, 10, 50, 61,
              77,117, 13, 29, 69, 85,125, 16, 32, 72, 88,104, 24, 40, 51, 91,
             107,  3, 43, 59, 99,115,  6, 46, 62, 78,118, 14, 30, 70, 81,121,
              17, 33, 73, 89,105, 25, 36, 52, 92,108,  4, 44, 60,100,111,  7,
              47, 63, 79,119, 15, 26, 66, 82,122, 18, 34, 74, 90,101, 21, 37,
              53, 93,109,  5, 45, 56, 96,112,  8, 48, 64, 80,120, 11, 27, 67,
              83,123, 19, 35, 75, 86,102, 22, 38, 54, 94,110) ],
      gmul := 
       [ (  1, 41, 75, 92,101, 10, 48, 51,100,107, 14, 26, 56, 79,113, 18, 33,
             61, 82,119, 22, 40, 66, 90,125,  2, 42, 71, 93,102,  6, 49, 52,
              96,108, 15, 27, 57, 80,114, 19, 34, 62, 83,120, 23, 36, 67, 86,
             121,  3, 43, 72, 94,103,  7, 50, 53, 97,109, 11, 28, 58, 76,115,
              20, 35, 63, 84,116, 24, 37, 68, 87,122,  4, 44, 73, 95,104,  8,
              46, 54, 98,110, 12, 29, 59, 77,111, 16, 31, 64, 85,117, 25, 38,
              69, 88,123,  5, 45, 74, 91,105,  9, 47, 55, 99,106, 13, 30, 60,
              78,112, 17, 32, 65, 81,118, 21, 39, 70, 89,124) ],
      p := (  2,112, 53, 72,108,101, 79, 18, 30, 92, 54, 67, 80, 43, 23, 11,
         119, 55, 37,120, 74,117, 85, 61, 63, 86, 49,  9,110,123, 56, 35,118,
          77, 14, 24,  7)(  3, 25)(  4,  5, 26, 64, 88, 32,109,105, 89, 71,
         104, 90, 76,116, 75,122, 51, 33,106, 98, 52, 96, 31,103, 84, 50, 70,
         102, 82, 45, 65, 94, 68, 93, 73,107,124, 78, 36,121, 39, 15, 47, 22,
          27, 87, 69,125, 81, 59,  8, 91, 97, 13, 20, 66, 99, 57, 28, 95, 38,
         114, 60, 58, 12,113, 42, 16, 21, 34,115, 41, 44, 46, 48, 29,100, 62,
          83, 17)( 10,111, 40, 19),
      q := (  2, 26, 96,108, 39, 16, 10, 27, 72, 31, 37, 46,118, 57,115,124,
          56,109, 40, 12, 30, 70, 38, 29, 65, 68, 69, 45,100, 98, 85, 99, 77,
          17,  3,  6, 25,  4)(  5,112, 84,116, 89, 88,107, 41,121,101, 60, 76,
         50, 92, 83, 14,  7)(  8, 66, 61, 97, 18,113,123, 78,104, 74, 49, 22,
         111,105, 75, 43)(  9, 34, 28, 67, 59, 23, 20, 91, 63, 73, 32, 35, 48,
         114, 79, 13, 11, 47)( 15,119, 82,125, 51,106, 62, 54, 95,102, 55,103,
         53, 87, 93, 86,117, 52, 64, 71, 36, 44,120, 90, 58, 19, 21,110, 42)
        ( 80,122, 81) ), rec(
      gadd := 
       [ (  1, 12, 23,  9, 20)(  2, 13, 24, 10, 16)(  3, 14, 25,  6, 17)
            (  4, 15, 21,  7, 18)(  5, 11, 22,  8, 19)( 26, 37, 48, 34, 45)
            ( 27, 38, 49, 35, 41)( 28, 39, 50, 31, 42)( 29, 40, 46, 32, 43)
            ( 30, 36, 47, 33, 44)( 51, 62, 73, 59, 70)( 52, 63, 74, 60, 66)
            ( 53, 64, 75, 56, 67)( 54, 65, 71, 57, 68)( 55, 61, 72, 58, 69)
            ( 76, 87, 98, 84, 95)( 77, 88, 99, 85, 91)( 78, 89,100, 81, 92)
            ( 79, 90, 96, 82, 93)( 80, 86, 97, 83, 94)(101,112,123,109,120)
            (102,113,124,110,116)(103,114,125,106,117)(104,115,121,107,118)
            (105,111,122,108,119), 
          (  1,101, 77, 53, 29,  5,105, 76, 52, 28,  4,104, 80, 51, 27,  3,
             103, 79, 55, 26,  2,102, 78, 54, 30)(  6,106, 82, 58, 34, 10,110,
             81, 57, 33,  9,109, 85, 56, 32,  8,108, 84, 60, 31,  7,107, 83,
              59, 35)( 11,111, 87, 63, 39, 15,115, 86, 62, 38, 14,114, 90, 61,
             37, 13,113, 89, 65, 36, 12,112, 88, 64, 40)( 16,116, 92, 68, 44,
              20,120, 91, 67, 43, 19,119, 95, 66, 42, 18,118, 94, 70, 41, 17,
             117, 93, 69, 45)( 21,121, 97, 73, 49, 25,125, 96, 72, 48, 24,124,
             100, 71, 47, 23,123, 99, 75, 46, 22,122, 98, 74, 50) ],
      gmul := 
       [ (  1, 16,  6, 21, 11)(  2, 17,  7, 22, 12)(  3, 18,  8, 23, 13)
            (  4, 19,  9, 24, 14)(  5, 20, 10, 25, 15)( 26, 41, 31, 46, 36)
            ( 27, 42, 32, 47, 37)( 28, 43, 33, 48, 38)( 29, 44, 34, 49, 39)
            ( 30, 45, 35, 50, 40)( 51, 66, 56, 71, 61)( 52, 67, 57, 72, 62)
            ( 53, 68, 58, 73, 63)( 54, 69, 59, 74, 64)( 55, 70, 60, 75, 65)
            ( 76, 91, 81, 96, 86)( 77, 92, 82, 97, 87)( 78, 93, 83, 98, 88)
            ( 79, 94, 84, 99, 89)( 80, 95, 85,100, 90)(101,116,106,121,111)
            (102,117,107,122,112)(103,118,108,123,113)(104,119,109,124,114)
            (105,120,110,125,115), 
          (  1, 60,114, 44, 98,  3, 57,111, 41,100,  5, 59,113, 43, 97,  2,
              56,115, 45, 99,  4, 58,112, 42, 96)(  6, 65,119, 49, 78,  8, 62,
             116, 46, 80, 10, 64,118, 48, 77,  7, 61,120, 50, 79,  9, 63,117,
              47, 76)( 11, 70,124, 29, 83, 13, 67,121, 26, 85, 15, 69,123, 28,
             82, 12, 66,125, 30, 84, 14, 68,122, 27, 81)( 16, 75,104, 34, 88,
              18, 72,101, 31, 90, 20, 74,103, 33, 87, 17, 71,105, 35, 89, 19,
              73,102, 32, 86)( 21, 55,109, 39, 93, 23, 52,106, 36, 95, 25, 54,
             108, 38, 92, 22, 51,110, 40, 94, 24, 53,107, 37, 91) ],
      p := (  2,105, 98, 86, 48, 23, 16, 10,101, 83, 57, 24, 25,  4)
        (  3,  6, 21, 46,  9,110, 38,103, 91, 45, 35,121, 88, 72,108,117, 44,
          56, 20, 51, 17)(  5, 26, 55, 29,100, 82, 33,109,118, 64, 77, 13, 11,
         125, 68, 78, 37,124, 63, 84, 34,102, 97, 74,116, 67, 99, 89, 42,  8,
          80, 40, 36,120, 87, 18, 27, 85, 53, 41, 15, 31,115, 43, 32,106,112,
          39, 12,104, 94, 65, 96, 70,114, 73,122, 92, 49, 52, 71,107,113, 58,
          60, 54, 50, 47, 28, 76,123, 93, 19, 22, 30, 79, 61, 90, 66, 95, 59,
          75,119, 69,111, 62, 81, 14,  7),
      q := (  2, 26, 76, 33, 47,103, 65, 60, 77, 19, 10, 30, 52, 85, 78,119,
          87, 14, 25,  3, 21,110,118, 92,107, 43,124, 93, 13, 16, 22,101, 73,
          34, 29, 56, 12, 27, 71, 49, 79, 95, 97, 82,123, 63, 72, 48,  9, 46,
          23, 11, 31, 41, 17,  4,  5,105, 58, 96, 86,108, 39, 20, 80,116, 89,
         114, 83, 99, 67, 57,  8, 51, 15,125, 88, 84,122, 64, 54,106, 44,100,
          74, 40,120, 69, 45,121, 68, 53,115,113, 98, 70, 42, 24,  7)
        ( 18,104, 62, 75, 37, 32, 50,109, 38, 28, 55,102, 59, 81)( 61, 66)
        ( 91,111, 94)(112,117) ), rec(
      gadd := 
       [ (  1, 58,115, 43,100,  3, 60,112, 45, 97,  5, 57,114, 42, 99,  2, 59,
             111, 44, 96,  4, 56,113, 41, 98)(  6, 63,120, 48, 80,  8, 65,117,
             50, 77, 10, 62,119, 47, 79,  7, 64,116, 49, 76,  9, 61,118, 46,
              78)( 11, 68,125, 28, 85, 13, 70,122, 30, 82, 15, 67,124, 27, 84,
             12, 69,121, 29, 81, 14, 66,123, 26, 83)( 16, 73,105, 33, 90, 18,
              75,102, 35, 87, 20, 72,104, 32, 89, 17, 74,101, 34, 86, 19, 71,
             103, 31, 88)( 21, 53,110, 38, 95, 23, 55,107, 40, 92, 25, 52,109,
             37, 94, 22, 54,106, 39, 91, 24, 51,108, 36, 93), 
          (  1, 62,123, 35, 91,  3, 64,125, 32, 93,  5, 61,122, 34, 95,  2,
              63,124, 31, 92,  4, 65,121, 33, 94)(  6, 67,103, 40, 96,  8, 69,
             105, 37, 98, 10, 66,102, 39,100,  7, 68,104, 36, 97,  9, 70,101,
              38, 99)( 11, 72,108, 45, 76, 13, 74,110, 42, 78, 15, 71,107, 44,
             80, 12, 73,109, 41, 77, 14, 75,106, 43, 79)( 16, 52,113, 50, 81,
              18, 54,115, 47, 83, 20, 51,112, 49, 85, 17, 53,114, 46, 82, 19,
              55,111, 48, 84)( 21, 57,118, 30, 86, 23, 59,120, 27, 88, 25, 56,
             117, 29, 90, 22, 58,119, 26, 87, 24, 60,116, 28, 89) ],
      gmul := 
       [ (  1, 51,103, 28, 79,  3, 53,105, 30, 76,  5, 55,102, 27, 78,  2, 52,
             104, 29, 80,  4, 54,101, 26, 77)(  6, 56,108, 33, 84,  8, 58,110,
             35, 81, 10, 60,107, 32, 83,  7, 57,109, 34, 85,  9, 59,106, 31,
              82)( 11, 61,113, 38, 89, 13, 63,115, 40, 86, 15, 65,112, 37, 88,
             12, 62,114, 39, 90, 14, 64,111, 36, 87)( 16, 66,118, 43, 94, 18,
              68,120, 45, 91, 20, 70,117, 42, 93, 17, 67,119, 44, 95, 19, 69,
             116, 41, 92)( 21, 71,123, 48, 99, 23, 73,125, 50, 96, 25, 75,122,
             47, 98, 22, 72,124, 49,100, 24, 74,121, 46, 97), 
          (  1, 66,108, 48, 89,  3, 68,110, 50, 86,  5, 70,107, 47, 88,  2,
              67,109, 49, 90,  4, 69,106, 46, 87)(  6, 71,113, 28, 94,  8, 73,
             115, 30, 91, 10, 75,112, 27, 93,  7, 72,114, 29, 95,  9, 74,111,
              26, 92)( 11, 51,118, 33, 99, 13, 53,120, 35, 96, 15, 55,117, 32,
             98, 12, 52,119, 34,100, 14, 54,116, 31, 97)( 16, 56,123, 38, 79,
              18, 58,125, 40, 76, 20, 60,122, 37, 78, 17, 57,124, 39, 80, 19,
              59,121, 36, 77)( 21, 61,103, 43, 84, 23, 63,105, 45, 81, 25, 65,
             102, 42, 83, 22, 62,104, 44, 85, 24, 64,101, 41, 82) ],
      p := (  2,105, 96, 69,111, 61, 88, 71,107,113, 57, 24, 25,  4)
        (  3,  6, 21, 49, 51, 17)(  5, 29, 98, 89, 45, 33,109,118, 63, 82, 31,
         115, 41, 15, 34,102,100, 85, 52, 75,119, 68, 76,123, 91, 43, 35,121,
          86, 46,  9,110, 36,120, 90, 70,114, 72,108,117, 42,  8, 78, 40, 39,
          12,104, 92, 47, 26, 54, 48, 23, 16, 10,101, 81, 14,  7)
        ( 11,125, 67, 97, 73,122, 95, 58, 59, 74,116, 66, 93, 19, 22, 28, 79,
          65, 99, 87, 18, 30, 77, 13)( 20, 55, 27, 83, 56)( 32,106,112, 37,
         124, 62, 84)( 38,103, 94, 64, 80)( 44, 60, 53),
      q := (  2, 29, 60, 80,116, 87, 14, 25,  3, 21,110,118, 95,100, 73, 32,
          48,  9, 49, 77, 19, 10, 28, 54,106, 42, 24,  7)(  4,  5,105, 57,  8,
         55,102, 58, 99, 66, 65, 59, 84,122, 63, 71, 47,103, 64, 53,115,113,
          96, 89,114, 81, 18,104, 61, 70, 45,121, 67, 56, 12, 30, 51, 15,125,
          86,108, 37, 35, 33, 50,109, 36, 39, 20, 78,119, 90, 88, 82,123, 62,
          74, 38, 26, 79, 93, 13, 16, 22,101, 72, 46, 23, 11, 34, 27, 75, 40,
         120, 68, 52, 83, 97, 85, 76, 31, 44, 98, 69, 43,124, 91,111, 92,107,
          41, 17)(112,117) ), rec(
      gadd := 
       [ (  1, 18, 10, 22, 14)(  2, 19,  6, 23, 15)(  3, 20,  7, 24, 11)
            (  4, 16,  8, 25, 12)(  5, 17,  9, 21, 13)( 26, 43, 35, 47, 39)
            ( 27, 44, 31, 48, 40)( 28, 45, 32, 49, 36)( 29, 41, 33, 50, 37)
            ( 30, 42, 34, 46, 38)( 51, 68, 60, 72, 64)( 52, 69, 56, 73, 65)
            ( 53, 70, 57, 74, 61)( 54, 66, 58, 75, 62)( 55, 67, 59, 71, 63)
            ( 76, 93, 85, 97, 89)( 77, 94, 81, 98, 90)( 78, 95, 82, 99, 86)
            ( 79, 91, 83,100, 87)( 80, 92, 84, 96, 88)(101,118,110,122,114)
            (102,119,106,123,115)(103,120,107,124,111)(104,116,108,125,112)
            (105,117,109,121,113), 
          (  1, 95, 35,124, 64,  4, 93, 33,122, 62,  2, 91, 31,125, 65,  5,
              94, 34,123, 63,  3, 92, 32,121, 61)(  6,100, 40,104, 69,  9, 98,
             38,102, 67,  7, 96, 36,105, 70, 10, 99, 39,103, 68,  8, 97, 37,
             101, 66)( 11, 80, 45,109, 74, 14, 78, 43,107, 72, 12, 76, 41,110,
             75, 15, 79, 44,108, 73, 13, 77, 42,106, 71)( 16, 85, 50,114, 54,
              19, 83, 48,112, 52, 17, 81, 46,115, 55, 20, 84, 49,113, 53, 18,
              82, 47,111, 51)( 21, 90, 30,119, 59, 24, 88, 28,117, 57, 22, 86,
             26,120, 60, 25, 89, 29,118, 58, 23, 87, 27,116, 56) ],
      gmul := 
       [ (  1, 47, 68, 89,110,  2, 48, 69, 90,106,  3, 49, 70, 86,107,  4, 50,
             66, 87,108,  5, 46, 67, 88,109)(  6, 29, 72, 95,113,  7, 30, 73,
              91,114,  8, 26, 74, 92,115,  9, 27, 75, 93,111, 10, 28, 71, 94,
             112)( 11, 31, 51, 96,116, 12, 32, 52, 97,117, 13, 33, 53, 98,118,
             14, 34, 54, 99,119, 15, 35, 55,100,120)( 16, 38, 60, 77,124, 17,
              39, 56, 78,125, 18, 40, 57, 79,121, 19, 36, 58, 80,122, 20, 37,
              59, 76,123)( 21, 45, 64, 83,102, 22, 41, 65, 84,103, 23, 42, 61,
             85,104, 24, 43, 62, 81,105, 25, 44, 63, 82,101), 
          (  1, 55,104, 29, 78,  3, 52,101, 26, 80,  5, 54,103, 28, 77,  2,
              51,105, 30, 79,  4, 53,102, 27, 76)(  6, 59,107, 31, 84,  8, 56,
             109, 33, 81, 10, 58,106, 35, 83,  7, 60,108, 32, 85,  9, 57,110,
              34, 82)( 11, 63,115, 38, 90, 13, 65,112, 40, 87, 15, 62,114, 37,
             89, 12, 64,111, 39, 86, 14, 61,113, 36, 88)( 16, 67,118, 45, 91,
              18, 69,120, 42, 93, 20, 66,117, 44, 95, 17, 68,119, 41, 92, 19,
              70,116, 43, 94)( 21, 71,121, 47, 97, 23, 73,123, 49, 99, 25, 75,
             125, 46, 96, 22, 72,122, 48, 98, 24, 74,124, 50,100) ],
      p := (  2,105, 63, 32, 76, 20, 22, 51, 35, 85, 98, 83, 77, 24, 30, 55,
          28, 25,123, 70,120, 66, 71, 75, 45,106, 14, 11,122, 91,110, 61, 40,
         119, 67, 42,103, 38,102,113, 18,  3,  6, 21, 33, 99, 89,112, 46,114,
          97,125, 69, 96,118, 68, 29,  4)(  5, 26, 48, 37,109, 62, 56, 23, 49,
         15,  7)(  8, 80, 58, 50)(  9,108, 43, 84, 93, 94, 95, 19, 27, 16, 34,
         79, 54)( 10,101,117, 64, 60, 17)( 12,104, 44,115, 39,100, 88, 90, 13,
         107, 31, 81, 87, 86, 78, 59,124, 92, 73, 47)( 36,111, 53, 57, 52)
        ( 41,121, 74,116, 65, 72),
      q := (  2, 26,108,113, 14, 16,122, 65, 84, 63,124, 64, 96, 38, 29,  3,
          21,123, 86, 53, 99, 67,114, 59, 32, 55,103,118, 88, 66, 85, 58,106,
          18,  4,  5,105, 93, 62,100, 68,102, 43, 72,115,117, 92, 83, 54, 23,
         107,125, 87, 70, 36, 45, 50, 24,101, 39, 56,  9, 48,119, 89, 44, 41,
          35, 71, 81, 69, 60, 15, 25, 33, 57, 79, 77,  8, 51,121, 82, 74, 40,
          37, 47, 20, 10, 30, 76, 12, 27, 11, 34, 52,120, 90, 19,104,112,110,
          95, 13, 49, 17, 22, 80, 98, 73,109, 94, 61,116, 91, 46, 42, 28,  7)
        ( 31, 75,111, 78, 97) ), rec(
      gadd := 
       [ (  1, 61,121, 32, 92,  3, 63,123, 34, 94,  5, 65,125, 31, 91,  2, 62,
             122, 33, 93,  4, 64,124, 35, 95)(  6, 66,101, 37, 97,  8, 68,103,
             39, 99, 10, 70,105, 36, 96,  7, 67,102, 38, 98,  9, 69,104, 40,
             100)( 11, 71,106, 42, 77, 13, 73,108, 44, 79, 15, 75,110, 41, 76,
             12, 72,107, 43, 78, 14, 74,109, 45, 80)( 16, 51,111, 47, 82, 18,
              53,113, 49, 84, 20, 55,115, 46, 81, 17, 52,112, 48, 83, 19, 54,
             114, 50, 85)( 21, 56,116, 27, 87, 23, 58,118, 29, 89, 25, 60,120,
             26, 86, 22, 57,117, 28, 88, 24, 59,119, 30, 90), 
          (  1, 69,107, 46, 89,  3, 66,109, 48, 86,  5, 68,106, 50, 88,  2,
              70,108, 47, 90,  4, 67,110, 49, 87)(  6, 74,112, 26, 94,  8, 71,
             114, 28, 91, 10, 73,111, 30, 93,  7, 75,113, 27, 95,  9, 72,115,
              29, 92)( 11, 54,117, 31, 99, 13, 51,119, 33, 96, 15, 53,116, 35,
             98, 12, 55,118, 32,100, 14, 52,120, 34, 97)( 16, 59,122, 36, 79,
              18, 56,124, 38, 76, 20, 58,121, 40, 78, 17, 60,123, 37, 80, 19,
              57,125, 39, 77)( 21, 64,102, 41, 84, 23, 61,104, 43, 81, 25, 63,
             101, 45, 83, 22, 65,103, 42, 85, 24, 62,105, 44, 82) ],
      gmul := 
       [ (  1, 60,111, 45,100,  3, 57,113, 42, 97,  5, 59,115, 44, 99,  2, 56,
             112, 41, 96,  4, 58,114, 43, 98)(  6, 64,119, 47, 76,  8, 61,116,
             49, 78, 10, 63,118, 46, 80,  7, 65,120, 48, 77,  9, 62,117, 50,
              79)( 11, 68,122, 29, 82, 13, 70,124, 26, 84, 15, 67,121, 28, 81,
             12, 69,123, 30, 83, 14, 66,125, 27, 85)( 16, 72,105, 31, 88, 18,
              74,102, 33, 90, 20, 71,104, 35, 87, 17, 73,101, 32, 89, 19, 75,
             103, 34, 86)( 21, 51,108, 38, 94, 23, 53,110, 40, 91, 25, 55,107,
             37, 93, 22, 52,109, 39, 95, 24, 54,106, 36, 92), 
          (  1,109, 86, 66, 49,  5,108, 90, 70, 48,  4,107, 89, 69, 47,  3,
             106, 88, 68, 46,  2,110, 87, 67, 50)(  6,112, 92, 75, 26, 10,111,
             91, 74, 30,  9,115, 95, 73, 29,  8,114, 94, 72, 28,  7,113, 93,
              71, 27)( 11,120, 98, 54, 33, 15,119, 97, 53, 32, 14,118, 96, 52,
             31, 13,117,100, 51, 35, 12,116, 99, 55, 34)( 16,123, 79, 58, 40,
              20,122, 78, 57, 39, 19,121, 77, 56, 38, 18,125, 76, 60, 37, 17,
             124, 80, 59, 36)( 21,101, 85, 62, 42, 25,105, 84, 61, 41, 24,104,
             83, 65, 45, 23,103, 82, 64, 44, 22,102, 81, 63, 43) ],
      p := (  2,108, 38,110, 54,  9,111, 66, 64, 73, 42,106, 14, 11,105, 51,
          30, 68, 49, 15,  7,  5, 46,117, 52, 31, 95, 19, 47, 12,107, 26, 43,
          93, 78, 72, 36,119, 60, 17, 10,109, 55, 48, 32, 90, 13,115, 34, 88,
          99, 98, 92, 61, 35, 94, 79, 67, 37,112, 41,104, 39, 84, 77, 24, 50,
           8, 89,120, 59,102,116, 53, 75, 40,122, 80, 71, 63, 27, 16, 29,  4)
        (  3,  6, 21, 28, 25,101,125, 57, 70,123, 58, 45,114, 81, 96,121, 62,
          74,124, 76, 20, 22, 69, 85, 82, 91,113, 18)( 23, 44,118, 56)
        ( 33, 83, 86, 87,100, 97,103),
      q := (  2, 46, 37, 42, 48,122, 53, 83, 67,117, 76, 12, 47, 20, 10, 50,
          24,109, 78, 81, 57, 88, 59, 27, 11, 29,  3, 21,101, 34, 70, 31, 63,
         102, 38, 49, 17, 22, 89, 39, 74, 35, 64, 85, 71, 95, 13, 44, 36, 40,
          32, 68,110, 79, 86, 66, 94, 54, 23,115,125, 96, 33, 75,119, 98, 61,
         124, 52,123,100, 56,  9, 43, 65, 93, 55,106, 18,  4,  5,108,116, 80,
          82, 62, 84, 51,104,120, 99, 60, 15, 25, 28,  7)(  8, 69, 73,112,113,
         14, 16,105, 77)( 19,107,103,121, 91, 41, 30, 90)( 26,111, 87, 58,114,
         72,118, 97) ), rec(
      gadd := 
       [ (  1, 73,120, 38, 85,  3, 75,117, 40, 82,  5, 72,119, 37, 84,  2, 74,
             116, 39, 81,  4, 71,118, 36, 83)(  6, 53,125, 43, 90,  8, 55,122,
             45, 87, 10, 52,124, 42, 89,  7, 54,121, 44, 86,  9, 51,123, 41,
              88)( 11, 58,105, 48, 95, 13, 60,102, 50, 92, 15, 57,104, 47, 94,
             12, 59,101, 49, 91, 14, 56,103, 46, 93)( 16, 63,110, 28,100, 18,
              65,107, 30, 97, 20, 62,109, 27, 99, 17, 64,106, 29, 96, 19, 61,
             108, 26, 98)( 21, 68,115, 33, 80, 23, 70,112, 35, 77, 25, 67,114,
             32, 79, 22, 69,111, 34, 76, 24, 66,113, 31, 78), 
          (  1,105, 80, 55, 30,  5,104, 79, 54, 29,  4,103, 78, 53, 28,  3,
             102, 77, 52, 27,  2,101, 76, 51, 26)(  6,110, 85, 60, 35, 10,109,
             84, 59, 34,  9,108, 83, 58, 33,  8,107, 82, 57, 32,  7,106, 81,
              56, 31)( 11,115, 90, 65, 40, 15,114, 89, 64, 39, 14,113, 88, 63,
             38, 13,112, 87, 62, 37, 12,111, 86, 61, 36)( 16,120, 95, 70, 45,
              20,119, 94, 69, 44, 19,118, 93, 68, 43, 18,117, 92, 67, 42, 17,
             116, 91, 66, 41)( 21,125,100, 75, 50, 25,124, 99, 74, 49, 24,123,
             98, 73, 48, 23,122, 97, 72, 47, 22,121, 96, 71, 46) ],
      gmul := 
       [ (  1, 41, 58, 97,113,  2, 42, 59, 98,114,  3, 43, 60, 99,115,  4, 44,
             56,100,111,  5, 45, 57, 96,112)(  6, 48, 62, 78,116,  7, 49, 63,
              79,117,  8, 50, 64, 80,118,  9, 46, 65, 76,119, 10, 47, 61, 77,
             120)( 11, 30, 66, 84,124, 12, 26, 67, 85,125, 13, 27, 68, 81,121,
             14, 28, 69, 82,122, 15, 29, 70, 83,123)( 16, 32, 75, 90,102, 17,
              33, 71, 86,103, 18, 34, 72, 87,104, 19, 35, 73, 88,105, 20, 31,
              74, 89,101)( 21, 39, 54, 91,110, 22, 40, 55, 92,106, 23, 36, 51,
             93,107, 24, 37, 52, 94,108, 25, 38, 53, 95,109), 
          (  1, 77, 29,105, 52,  4, 80, 27,103, 55,  2, 78, 30,101, 53,  5,
              76, 28,104, 51,  3, 79, 26,102, 54)(  6, 83, 31,108, 56,  9, 81,
             34,106, 59,  7, 84, 32,109, 57, 10, 82, 35,107, 60,  8, 85, 33,
             110, 58)( 11, 89, 38,111, 65, 14, 87, 36,114, 63, 12, 90, 39,112,
             61, 15, 88, 37,115, 64, 13, 86, 40,113, 62)( 16, 95, 45,119, 69,
              19, 93, 43,117, 67, 17, 91, 41,120, 70, 20, 94, 44,118, 68, 18,
              92, 42,116, 66)( 21, 96, 47,122, 73, 24, 99, 50,125, 71, 22, 97,
             48,123, 74, 25,100, 46,121, 72, 23, 98, 49,124, 75) ],
      p := (  2,105, 97, 75,118, 62, 82, 35,123, 91, 41, 15, 33,107,114, 74,
         120, 89, 43, 34,102, 96, 67, 98, 88, 73,124, 61, 87, 18, 27, 81, 14,
           7,  5, 26, 55, 29, 99, 86, 46,  9,108,116, 69,112, 38,103, 94, 63,
          85, 53, 42,  8, 80, 39, 12,104, 92, 47, 28, 76,125, 70,115, 44, 60,
          54, 48, 23, 16, 10,101, 84, 31,111, 65,100, 83, 56, 20, 51, 17,  3,
           6, 21, 49, 52, 72,106,113, 57, 24, 25,  4)( 11,122, 95, 58, 59, 71,
         110, 37,121, 90, 68, 78, 36,119, 66, 93, 19, 22, 30, 79, 64, 77, 13)
        ( 32,109,117, 45),
      q := (  2, 26, 76, 35, 32, 48,  9, 49, 79, 93, 13, 16, 22,101, 74, 39,
          20, 80,120, 66, 64, 54,109, 37, 34, 29, 60, 77, 19, 10, 30, 52, 81,
          18,104, 65, 59, 82,125, 90, 87, 14, 25,  3, 21,108, 38, 28, 55,102,
          58,100, 75, 36, 40,119, 89,115,114, 84,124, 91,112,116, 86,106, 45,
         123, 61, 68, 53,111, 92,110,117,113, 97, 83, 98, 67, 56, 12, 27, 72,
          46, 23, 11, 33, 50,107, 44, 99, 69, 41, 17,  4,  5,105, 57,  8, 51,
          15,122, 62, 71, 47,103, 63, 73, 31, 42, 24,  7)( 43,121, 70)
        ( 78,118, 95, 96, 88, 85) ), rec(
      gadd := 
       [ (  1, 28, 55, 77,104,  2, 29, 51, 78,105,  3, 30, 52, 79,101,  4, 26,
             53, 80,102,  5, 27, 54, 76,103)(  6, 33, 60, 82,109,  7, 34, 56,
              83,110,  8, 35, 57, 84,106,  9, 31, 58, 85,107, 10, 32, 59, 81,
             108)( 11, 38, 65, 87,114, 12, 39, 61, 88,115, 13, 40, 62, 89,111,
             14, 36, 63, 90,112, 15, 37, 64, 86,113)( 16, 43, 70, 92,119, 17,
              44, 66, 93,120, 18, 45, 67, 94,116, 19, 41, 68, 95,117, 20, 42,
              69, 91,118)( 21, 48, 75, 97,124, 22, 49, 71, 98,125, 23, 50, 72,
             99,121, 24, 46, 73,100,122, 25, 47, 74, 96,123), 
          (  1, 68,110, 48, 90,  3, 70,107, 50, 87,  5, 67,109, 47, 89,  2,
              69,106, 49, 86,  4, 66,108, 46, 88)(  6, 73,115, 28, 95,  8, 75,
             112, 30, 92, 10, 72,114, 27, 94,  7, 74,111, 29, 91,  9, 71,113,
              26, 93)( 11, 53,120, 33,100, 13, 55,117, 35, 97, 15, 52,119, 32,
             99, 12, 54,116, 34, 96, 14, 51,118, 31, 98)( 16, 58,125, 38, 80,
              18, 60,122, 40, 77, 20, 57,124, 37, 79, 17, 59,121, 39, 76, 19,
              56,123, 36, 78)( 21, 63,105, 43, 85, 23, 65,102, 45, 82, 25, 62,
             104, 42, 84, 22, 64,101, 44, 81, 24, 61,103, 41, 83) ],
      gmul := 
       [ (  1, 63,123, 32, 93,  3, 65,125, 34, 95,  5, 62,122, 31, 92,  2, 64,
             124, 33, 94,  4, 61,121, 35, 91)(  6, 67,101, 39, 99,  8, 69,103,
             36, 96, 10, 66,105, 38, 98,  7, 68,102, 40,100,  9, 70,104, 37,
              97)( 11, 71,109, 41, 80, 13, 73,106, 43, 77, 15, 75,108, 45, 79,
             12, 72,110, 42, 76, 14, 74,107, 44, 78)( 16, 55,112, 48, 81, 18,
              52,114, 50, 83, 20, 54,111, 47, 85, 17, 51,113, 49, 82, 19, 53,
             115, 46, 84)( 21, 59,120, 30, 87, 23, 56,117, 27, 89, 25, 58,119,
             29, 86, 22, 60,116, 26, 88, 24, 57,118, 28, 90), 
          (  1, 68,107, 49, 87,  3, 70,109, 46, 89,  5, 67,106, 48, 86,  2,
              69,108, 50, 88,  4, 66,110, 47, 90)(  6, 72,115, 26, 93,  8, 74,
             112, 28, 95, 10, 71,114, 30, 92,  7, 73,111, 27, 94,  9, 75,113,
              29, 91)( 11, 51,118, 33, 99, 13, 53,120, 35, 96, 15, 55,117, 32,
             98, 12, 52,119, 34,100, 14, 54,116, 31, 97)( 16, 60,121, 40, 80,
              18, 57,123, 37, 77, 20, 59,125, 39, 79, 17, 56,122, 36, 76, 19,
              58,124, 38, 78)( 21, 64,104, 42, 81, 23, 61,101, 44, 83, 25, 63,
             103, 41, 85, 22, 65,105, 43, 82, 24, 62,102, 45, 84) ],
      p := (  2,105, 37,109, 57, 56, 38,  9,108, 39,107, 61, 34, 79,120, 70,
          24, 30, 55, 32, 76,124, 95, 91, 84, 87, 93,112, 65, 17, 10,101,116,
          62, 52, 36,111, 63, 50,115, 75,117, 64, 47, 85, 82, 59, 35, 83, 54,
           8, 80, 41,123, 69, 72, 42, 97, 18,  3,  6, 21, 33, 99,118, 68, 60,
          28, 25,125, 66, 40,102,114, 73, 48,113, 53, 15,  7,  5, 26, 46,103,
          90, 89, 78, 44,119, 19, 27, 16, 31, 81, 20, 22, 51, 12,104, 13,110,
          45,121, 67, 58, 29,  4)( 11,122, 92, 86, 77, 71, 74,100, 88, 98, 94,
         14)( 23, 49,106, 43),
      q := (  2, 26,108,116, 92, 67, 97, 14, 16,122, 62, 79, 40, 29,  3, 21,
         125, 87, 61,124, 64,107, 93, 45, 32, 55,121, 86, 54, 24,101, 39, 47,
          72,115, 82, 96, 59,123, 89, 53, 17, 22, 80,111, 91, 73,106,114, 84,
          66,120, 88, 57, 99, 37, 50, 42, 58,102, 43,  9, 46, 28,  7)
        (  4,  5,105,118, 90, 69, 85, 75, 38, 23,110,112, 94, 18)
        (  8, 51, 20, 10, 30, 76, 34, 52,119, 13, 49, 48, 44, 36, 41, 35, 74,
          60,103, 68,100, 70)( 11, 31, 71, 83, 77, 81, 12, 27)
        ( 15, 25, 33, 56,117, 95, 63,109, 98, 65)( 19,104)( 78,113) ), rec(
      gadd := 
       [ (  1, 76, 27,102, 53,  4, 79, 30,105, 51,  2, 77, 28,103, 54,  5, 80,
             26,101, 52,  3, 78, 29,104, 55)(  6, 81, 32,107, 58,  9, 84, 35,
             110, 56,  7, 82, 33,108, 59, 10, 85, 31,106, 57,  8, 83, 34,109,
              60)( 11, 86, 37,112, 63, 14, 89, 40,115, 61, 12, 87, 38,113, 64,
             15, 90, 36,111, 62, 13, 88, 39,114, 65)( 16, 91, 42,117, 68, 19,
              94, 45,120, 66, 17, 92, 43,118, 69, 20, 95, 41,116, 67, 18, 93,
              44,119, 70)( 21, 96, 47,122, 73, 24, 99, 50,125, 71, 22, 97, 48,
             123, 74, 25,100, 46,121, 72, 23, 98, 49,124, 75), 
          (  1, 81, 37,117, 73,  4, 84, 40,120, 71,  2, 82, 38,118, 74,  5,
              85, 36,116, 72,  3, 83, 39,119, 75)(  6, 86, 42,122, 53,  9, 89,
             45,125, 51,  7, 87, 43,123, 54, 10, 90, 41,121, 52,  8, 88, 44,
             124, 55)( 11, 91, 47,102, 58, 14, 94, 50,105, 56, 12, 92, 48,103,
             59, 15, 95, 46,101, 57, 13, 93, 49,104, 60)( 16, 96, 27,107, 63,
              19, 99, 30,110, 61, 17, 97, 28,108, 64, 20,100, 26,106, 62, 18,
              98, 29,109, 65)( 21, 76, 32,112, 68, 24, 79, 35,115, 66, 22, 77,
             33,113, 69, 25, 80, 31,111, 67, 23, 78, 34,114, 70) ],
      gmul := 
       [ (  1, 12, 23,  9, 20)(  2, 13, 24, 10, 16)(  3, 14, 25,  6, 17)
            (  4, 15, 21,  7, 18)(  5, 11, 22,  8, 19)( 26, 36, 46, 31, 41)
            ( 27, 37, 47, 32, 42)( 28, 38, 48, 33, 43)( 29, 39, 49, 34, 44)
            ( 30, 40, 50, 35, 45)( 51, 65, 74, 58, 67)( 52, 61, 75, 59, 68)
            ( 53, 62, 71, 60, 69)( 54, 63, 72, 56, 70)( 55, 64, 73, 57, 66)
            ( 76, 89, 97, 85, 93)( 77, 90, 98, 81, 94)( 78, 86, 99, 82, 95)
            ( 79, 87,100, 83, 91)( 80, 88, 96, 84, 92)(101,113,125,107,119)
            (102,114,121,108,120)(103,115,122,109,116)(104,111,123,110,117)
            (105,112,124,106,118), 
          (  1,112,100, 59, 44,  5,111, 99, 58, 43,  4,115, 98, 57, 42,  3,
             114, 97, 56, 41,  2,113, 96, 60, 45)(  6,117, 80, 64, 49, 10,116,
             79, 63, 48,  9,120, 78, 62, 47,  8,119, 77, 61, 46,  7,118, 76,
              65, 50)( 11,122, 85, 69, 29, 15,121, 84, 68, 28, 14,125, 83, 67,
             27, 13,124, 82, 66, 26, 12,123, 81, 70, 30)( 16,102, 90, 74, 34,
              20,101, 89, 73, 33, 19,105, 88, 72, 32, 18,104, 87, 71, 31, 17,
             103, 86, 75, 35)( 21,107, 95, 54, 39, 25,106, 94, 53, 38, 24,110,
             93, 52, 37, 23,109, 92, 51, 36, 22,108, 91, 55, 40) ],
      p := (  2,105, 45,124, 93,114, 18,  3,  6, 21, 31, 85, 84, 90, 88, 95,
          98, 19, 27, 16, 33,100, 59,  9,110, 62, 47, 81, 20, 22, 51, 12,104,
          87, 96,116, 73, 29,  4)(  5, 26, 49,107, 39,109, 43, 24, 30, 55, 38,
         8, 80, 42, 97, 92, 86, 77, 44,120, 69, 56, 60, 23, 46,103,112, 65,
          17, 10,101, 89, 78, 48,113, 53, 15,  7)( 11,125, 68, 35, 83, 54, 34,
         79,119, 66, 36,115, 57, 28, 25,122, 91, 82, 75,117, 63,123, 70, 71,
          74, 99, 94, 13,108, 14)( 32, 76, 72, 41,121, 67, 58)
        ( 37,106, 64, 50,111)( 40,102,118, 61, 52),
      q := (  2, 26,110, 92, 67, 97, 62,107,116, 84, 68,123, 88, 64,109,114,
          14, 16,125, 90, 70, 81, 12, 27, 11, 33, 60,  9, 49, 47, 71, 83, 77,
         113, 78,106, 95, 57,103, 45, 34, 52,120, 89, 53, 17, 22, 80,115, 98,
          13, 46, 28,  7)(  3, 21,122, 63, 35, 74, 56,100, 96, 39, 50, 41, 32,
         55,117, 91, 75, 38, 24,101, 69, 99, 65, 15, 25, 31, 72,111,118, 93,
          43,  8, 51, 20, 10, 30, 76, 85, 73,102, 37, 48, 44, 40, 29)
        (  4,  5,105,112, 94, 19,104, 66,119, 87, 59, 23,108, 18)
        ( 36, 42, 58,121, 86, 54,124, 61, 79) ), rec(
      gadd := 
       [ (  1, 57,113, 45, 96,  3, 59,115, 42, 98,  5, 56,112, 44,100,  2, 58,
             114, 41, 97,  4, 60,111, 43, 99)(  6, 62,118, 50, 76,  8, 64,120,
             47, 78, 10, 61,117, 49, 80,  7, 63,119, 46, 77,  9, 65,116, 48,
              79)( 11, 67,123, 30, 81, 13, 69,125, 27, 83, 15, 66,122, 29, 85,
             12, 68,124, 26, 82, 14, 70,121, 28, 84)( 16, 72,103, 35, 86, 18,
              74,105, 32, 88, 20, 71,102, 34, 90, 17, 73,104, 31, 87, 19, 75,
             101, 33, 89)( 21, 52,108, 40, 91, 23, 54,110, 37, 93, 25, 51,107,
             39, 95, 22, 53,109, 36, 92, 24, 55,106, 38, 94), 
          (  1, 64,122, 31, 94,  3, 61,124, 33, 91,  5, 63,121, 35, 93,  2,
              65,123, 32, 95,  4, 62,125, 34, 92)(  6, 69,102, 36, 99,  8, 66,
             104, 38, 96, 10, 68,101, 40, 98,  7, 70,103, 37,100,  9, 67,105,
              39, 97)( 11, 74,107, 41, 79, 13, 71,109, 43, 76, 15, 73,106, 45,
             78, 12, 75,108, 42, 80, 14, 72,110, 44, 77)( 16, 54,112, 46, 84,
              18, 51,114, 48, 81, 20, 53,111, 50, 83, 17, 55,113, 47, 85, 19,
              52,115, 49, 82)( 21, 59,117, 26, 89, 23, 56,119, 28, 86, 25, 58,
             116, 30, 88, 22, 60,118, 27, 90, 24, 57,120, 29, 87) ],
      gmul := 
       [ (  1, 76, 27,102, 53,  4, 79, 30,105, 51,  2, 77, 28,103, 54,  5, 80,
             26,101, 52,  3, 78, 29,104, 55)(  6, 82, 34,110, 57,  9, 85, 32,
             108, 60,  7, 83, 35,106, 58, 10, 81, 33,109, 56,  8, 84, 31,107,
              59)( 11, 88, 36,113, 61, 14, 86, 39,111, 64, 12, 89, 37,114, 62,
             15, 87, 40,112, 65, 13, 90, 38,115, 63)( 16, 94, 43,116, 70, 19,
              92, 41,119, 68, 17, 95, 44,117, 66, 20, 93, 42,120, 69, 18, 91,
              45,118, 67)( 21,100, 50,124, 74, 24, 98, 48,122, 72, 22, 96, 46,
             125, 75, 25, 99, 49,123, 73, 23, 97, 47,121, 71), 
          (  1,116, 84, 74, 36,  5,120, 83, 73, 40,  4,119, 82, 72, 39,  3,
             118, 81, 71, 38,  2,117, 85, 75, 37)(  6,124, 90, 53, 43, 10,123,
             89, 52, 42,  9,122, 88, 51, 41,  8,121, 87, 55, 45,  7,125, 86,
              54, 44)( 11,102, 91, 57, 50, 15,101, 95, 56, 49, 14,105, 94, 60,
             48, 13,104, 93, 59, 47, 12,103, 92, 58, 46)( 16,110, 97, 61, 27,
              20,109, 96, 65, 26, 19,108,100, 64, 30, 18,107, 99, 63, 29, 17,
             106, 98, 62, 28)( 21,113, 78, 70, 34, 25,112, 77, 69, 33, 24,111,
             76, 68, 32, 23,115, 80, 67, 31, 22,114, 79, 66, 35) ],
      p := (  2,105, 41,123, 67, 57, 28, 25,124, 91, 83, 54, 31, 81, 20, 22,
          51, 12,104, 89, 78, 46,103,113, 53, 15,  7,  5, 26, 47, 82, 71, 75,
         116, 74, 98, 19, 27, 16, 35, 84, 87,100, 58, 34, 79,118, 64, 48,114,
          18,  3,  6, 21, 33, 99, 92, 88, 93,115, 56, 59,  9,108, 14, 11,122,
          94, 13,106, 62, 50,112, 63,125, 70, 72, 42, 96,120, 66, 40,102,117,
          61, 52, 39,107, 38,  8, 80, 43, 24, 30, 55, 37,109, 44,119, 68, 32,
          76, 73, 29,  4)( 10,101, 86, 77, 45,121, 69, 60, 23, 49,110, 65, 17)
        ( 36,111)( 95, 97),
      q := (  2, 26,108, 18,  4,  5,105,113, 78,109,115, 97, 65, 15, 25, 33,
          59, 23,106, 93, 44, 39, 48, 45, 31, 73,102, 36, 43,  8, 51, 20, 10,
          30, 76, 81, 12, 27, 11, 35, 75, 37, 46, 28,  7)(  3, 21,124, 64,107,
         120, 86, 54,121, 88, 62,110, 95, 56, 99, 63, 32, 55,116, 85, 74, 60,
           9, 47, 72,112, 92, 69, 98, 13, 49, 50, 42, 57,103, 41, 34, 52,119,
          89, 53, 17, 22, 80,111,117, 94, 19,104, 68,125, 87, 58,123, 90, 67,
          96, 38, 24,101, 66,118, 91, 71, 84, 70, 82, 83, 77,114, 14, 16,122,
          61, 79, 40, 29) ), rec(
      gadd := 
       [ (  1, 62,123, 35, 91,  3, 64,125, 32, 93,  5, 61,122, 34, 95,  2, 63,
             124, 31, 92,  4, 65,121, 33, 94)(  6, 67,103, 40, 96,  8, 69,105,
             37, 98, 10, 66,102, 39,100,  7, 68,104, 36, 97,  9, 70,101, 38,
              99)( 11, 72,108, 45, 76, 13, 74,110, 42, 78, 15, 71,107, 44, 80,
             12, 73,109, 41, 77, 14, 75,106, 43, 79)( 16, 52,113, 50, 81, 18,
              54,115, 47, 83, 20, 51,112, 49, 85, 17, 53,114, 46, 82, 19, 55,
             111, 48, 84)( 21, 57,118, 30, 86, 23, 59,120, 27, 88, 25, 56,117,
             29, 90, 22, 58,119, 26, 87, 24, 60,116, 28, 89), 
          (  1,109, 88, 67, 46,  5,108, 87, 66, 50,  4,107, 86, 70, 49,  3,
             106, 90, 69, 48,  2,110, 89, 68, 47)(  6,114, 93, 72, 26, 10,113,
             92, 71, 30,  9,112, 91, 75, 29,  8,111, 95, 74, 28,  7,115, 94,
              73, 27)( 11,119, 98, 52, 31, 15,118, 97, 51, 35, 14,117, 96, 55,
             34, 13,116,100, 54, 33, 12,120, 99, 53, 32)( 16,124, 78, 57, 36,
              20,123, 77, 56, 40, 19,122, 76, 60, 39, 18,121, 80, 59, 38, 17,
             125, 79, 58, 37)( 21,104, 83, 62, 41, 25,103, 82, 61, 45, 24,102,
             81, 65, 44, 23,101, 85, 64, 43, 22,105, 84, 63, 42) ],
      gmul := 
       [ (  1, 13, 25,  7, 19)(  2, 14, 21,  8, 20)(  3, 15, 22,  9, 16)
            (  4, 11, 23, 10, 17)(  5, 12, 24,  6, 18)( 26, 40, 49, 33, 42)
            ( 27, 36, 50, 34, 43)( 28, 37, 46, 35, 44)( 29, 38, 47, 31, 45)
            ( 30, 39, 48, 32, 41)( 51, 62, 73, 59, 70)( 52, 63, 74, 60, 66)
            ( 53, 64, 75, 56, 67)( 54, 65, 71, 57, 68)( 55, 61, 72, 58, 69)
            ( 76, 89, 97, 85, 93)( 77, 90, 98, 81, 94)( 78, 86, 99, 82, 95)
            ( 79, 87,100, 83, 91)( 80, 88, 96, 84, 92)(101,111,121,106,116)
            (102,112,122,107,117)(103,113,123,108,118)(104,114,124,109,119)
            (105,115,125,110,120), 
          (  1, 74,116, 38, 83,  3, 71,118, 40, 85,  5, 73,120, 37, 82,  2,
              75,117, 39, 84,  4, 72,119, 36, 81)(  6, 53,124, 45, 89,  8, 55,
             121, 42, 86, 10, 52,123, 44, 88,  7, 54,125, 41, 90,  9, 51,122,
              43, 87)( 11, 57,102, 47, 95, 13, 59,104, 49, 92, 15, 56,101, 46,
             94, 12, 58,103, 48, 91, 14, 60,105, 50, 93)( 16, 61,110, 29, 96,
              18, 63,107, 26, 98, 20, 65,109, 28,100, 17, 62,106, 30, 97, 19,
              64,108, 27, 99)( 21, 70,113, 31, 77, 23, 67,115, 33, 79, 25, 69,
             112, 35, 76, 22, 66,114, 32, 78, 24, 68,111, 34, 80) ],
      p := (  2,105, 45,110, 62, 59, 46,113, 47, 12,104, 13,109, 61, 40, 98,
          57, 34, 79, 54,  9,108, 41,119, 69, 97, 18,  3,  6, 21, 33, 99, 84,
          75, 44,112, 53, 31, 81, 85, 93,124, 94,120, 19, 27, 16, 32, 76, 20,
          22, 51, 39,123, 66, 42,103,114, 36,111, 35, 82, 77, 24, 30, 55, 28,
          25,121, 70,118, 68, 29,  4)(  5, 26, 50,  8, 80, 87, 56, 23, 49, 15,
         7)( 10,101, 86, 78, 71,125, 67, 48, 38,102,116, 64, 72, 74,117, 96,
          91,115, 63, 60, 17)( 11,122, 95, 92,106, 65, 73, 43, 83,100, 90, 14)
        ( 37,107)( 52, 58),
      q := (  2, 26,108,114,116, 94, 37, 46, 42, 28,  7)(  3, 21,121, 89, 70,
          39, 31, 74, 40, 59,107,120, 13, 49, 17, 22, 80, 67,110, 91, 45, 48,
         119, 90, 18,  4,  5,105,115, 95, 61,117, 56,  9, 50, 24,101, 68,102,
          36, 44, 43, 72, 81, 75,111,124, 64, 83, 57,125, 87, 96, 62, 98,100,
          69, 60, 15, 25, 33, 58, 79, 77,  8, 51,118, 86, 53,123, 88, 66,113,
