NCBRACES[279] := [ rec(
      gadd := 
       [ (  1, 94,187, 32,125,218, 63,156,249)(  2,119,192, 33,150,223, 64,
             181,254)(  3,113,197, 34,144,228, 65,175,259)(  4,107,202, 35,
             138,233, 66,169,264)(  5,101,207, 36,132,238, 67,163,269)
            (  6, 95,212, 37,126,243, 68,157,274)(  7,120,217, 38,151,248, 69,
             182,279)(  8,114,191, 39,145,222, 70,176,253)(  9,108,196, 40,
             139,227, 71,170,258)( 10,102,201, 41,133,232, 72,164,263)
            ( 11, 96,206, 42,127,237, 73,158,268)( 12,121,211, 43,152,242, 74,
             183,273)( 13,115,216, 44,146,247, 75,177,278)( 14,109,190, 45,
             140,221, 76,171,252)( 15,103,195, 46,134,226, 77,165,257)
            ( 16, 97,200, 47,128,231, 78,159,262)( 17,122,205, 48,153,236, 79,
             184,267)( 18,116,210, 49,147,241, 80,178,272)( 19,110,215, 50,
             141,246, 81,172,277)( 20,104,189, 51,135,220, 82,166,251)
            ( 21, 98,194, 52,129,225, 83,160,256)( 22,123,199, 53,154,230, 84,
             185,261)( 23,117,204, 54,148,235, 85,179,266)( 24,111,209, 55,
             142,240, 86,173,271)( 25,105,214, 56,136,245, 87,167,276)
            ( 26, 99,188, 57,130,219, 88,161,250)( 27,124,193, 58,155,224, 89,
             186,255)( 28,118,198, 59,149,229, 90,180,260)( 29,112,203, 60,
             143,234, 91,174,265)( 30,106,208, 61,137,239, 92,168,270)
            ( 31,100,213, 62,131,244, 93,162,275), 
          (  1,  2,  3,  4,  5,  6,  7,  8,  9, 10, 11, 12, 13, 14, 15, 16,
              17, 18, 19, 20, 21, 22, 23, 24, 25, 26, 27, 28, 29, 30, 31)
            ( 32, 33, 34, 35, 36, 37, 38, 39, 40, 41, 42, 43, 44, 45, 46, 47,
              48, 49, 50, 51, 52, 53, 54, 55, 56, 57, 58, 59, 60, 61, 62)
            ( 63, 64, 65, 66, 67, 68, 69, 70, 71, 72, 73, 74, 75, 76, 77, 78,
              79, 80, 81, 82, 83, 84, 85, 86, 87, 88, 89, 90, 91, 92, 93)
            ( 94, 95, 96, 97, 98, 99,100,101,102,103,104,105,106,107,108,109,
             110,111,112,113,114,115,116,117,118,119,120,121,122,123,124)
            (125,126,127,128,129,130,131,132,133,134,135,136,137,138,139,140,
             141,142,143,144,145,146,147,148,149,150,151,152,153,154,155)
            (156,157,158,159,160,161,162,163,164,165,166,167,168,169,170,171,
             172,173,174,175,176,177,178,179,180,181,182,183,184,185,186)
            (187,188,189,190,191,192,193,194,195,196,197,198,199,200,201,202,
             203,204,205,206,207,208,209,210,211,212,213,214,215,216,217)
            (218,219,220,221,222,223,224,225,226,227,228,229,230,231,232,233,
             234,235,236,237,238,239,240,241,242,243,244,245,246,247,248)
            (249,250,251,252,253,254,255,256,257,258,259,260,261,262,263,264,
             265,266,267,268,269,270,271,272,273,274,275,276,277,278,279) ],
      gmul := 
       [ (  1, 94,218, 32,125,249, 63,156,187)(  2,119,223, 33,150,254, 64,
             181,192)(  3,113,228, 34,144,259, 65,175,197)(  4,107,233, 35,
             138,264, 66,169,202)(  5,101,238, 36,132,269, 67,163,207)
            (  6, 95,243, 37,126,274, 68,157,212)(  7,120,248, 38,151,279, 69,
             182,217)(  8,114,222, 39,145,253, 70,176,191)(  9,108,227, 40,
             139,258, 71,170,196)( 10,102,232, 41,133,263, 72,164,201)
            ( 11, 96,237, 42,127,268, 73,158,206)( 12,121,242, 43,152,273, 74,
             183,211)( 13,115,247, 44,146,278, 75,177,216)( 14,109,221, 45,
             140,252, 76,171,190)( 15,103,226, 46,134,257, 77,165,195)
            ( 16, 97,231, 47,128,262, 78,159,200)( 17,122,236, 48,153,267, 79,
             184,205)( 18,116,241, 49,147,272, 80,178,210)( 19,110,246, 50,
             141,277, 81,172,215)( 20,104,220, 51,135,251, 82,166,189)
            ( 21, 98,225, 52,129,256, 83,160,194)( 22,123,230, 53,154,261, 84,
             185,199)( 23,117,235, 54,148,266, 85,179,204)( 24,111,240, 55,
             142,271, 86,173,209)( 25,105,245, 56,136,276, 87,167,214)
            ( 26, 99,219, 57,130,250, 88,161,188)( 27,124,224, 58,155,255, 89,
             186,193)( 28,118,229, 59,149,260, 90,180,198)( 29,112,234, 60,
             143,265, 91,174,203)( 30,106,239, 61,137,270, 92,168,208)
            ( 31,100,244, 62,131,275, 93,162,213), 
          (  1,  2,  3,  4,  5,  6,  7,  8,  9, 10, 11, 12, 13, 14, 15, 16,
              17, 18, 19, 20, 21, 22, 23, 24, 25, 26, 27, 28, 29, 30, 31)
            ( 32, 33, 34, 35, 36, 37, 38, 39, 40, 41, 42, 43, 44, 45, 46, 47,
              48, 49, 50, 51, 52, 53, 54, 55, 56, 57, 58, 59, 60, 61, 62)
            ( 63, 64, 65, 66, 67, 68, 69, 70, 71, 72, 73, 74, 75, 76, 77, 78,
              79, 80, 81, 82, 83, 84, 85, 86, 87, 88, 89, 90, 91, 92, 93)
            ( 94, 95, 96, 97, 98, 99,100,101,102,103,104,105,106,107,108,109,
             110,111,112,113,114,115,116,117,118,119,120,121,122,123,124)
            (125,126,127,128,129,130,131,132,133,134,135,136,137,138,139,140,
             141,142,143,144,145,146,147,148,149,150,151,152,153,154,155)
            (156,157,158,159,160,161,162,163,164,165,166,167,168,169,170,171,
             172,173,174,175,176,177,178,179,180,181,182,183,184,185,186)
            (187,188,189,190,191,192,193,194,195,196,197,198,199,200,201,202,
             203,204,205,206,207,208,209,210,211,212,213,214,215,216,217)
            (218,219,220,221,222,223,224,225,226,227,228,229,230,231,232,233,
             234,235,236,237,238,239,240,241,242,243,244,245,246,247,248)
            (249,250,251,252,253,254,255,256,257,258,259,260,261,262,263,264,
             265,266,267,268,269,270,271,272,273,274,275,276,277,278,279) ],
      p := (  2, 94, 28,158,118,145,215,143,241, 97,176,131,213,110,260, 17,
          21,199, 70,198,252, 81,251, 76,160,191,186, 19, 42,261, 16,104, 75,
         242, 60,168, 55,209,169,263,264,274,140,136,180,266,267,262, 50,114,
         133,173,234,246, 35,247, 37,121, 10, 96,164, 71)(  3, 63,239,184,150,
         210,272,151, 95,119,112,240,231,172,253,212,221,200,275,141,229, 80,
          34,154,244,120,124,195,250, 88,278, 78, 92,  9,156, 54,216,236,126,
         204, 87, 24,208,134,170, 46,228,161,162, 67,196, 85,  5,187,233,  6,
          32)(  4, 11,125,188, 18,197,147,201,132,163, 86,129,190,174,224,202,
         142, 33,127, 23,115,226, 27,230,171, 36, 30,220,205,149,103,144,111,
          64, 43,177, 15, 84,100,271, 89, 61,211,157, 56, 20,206,254, 45, 74,
          44,270, 91,235,138,148,107,179, 14,249, 69,105,137,192, 72, 51, 31,
          98, 93,245, 99,269,128,178, 26,237,109,167,181, 40,259,255, 57,194,
         257, 48,135, 25, 12,123, 62,146,165,214,219,122,217,248,193,279, 79,
         183, 59, 13, 73,225, 29,185, 49,102,256,265, 47,106,273,130,  8,218,
         155,101, 82,232, 77, 65,117,116,238,203,139,227,182,276, 68,189,243,
          58,175,  7, 22, 53, 52,207,277,153, 39, 83,222)( 38,166, 90,152, 41,
         268, 66,113,108,258)(159,223),
      q := (  2,187,184,279, 47,189,182,132,245,193,150,108,148,215,252, 45,
          52,121, 23,206,155,214,162, 59, 20,115,173,159,186, 14,125,100,133,
         226,  6, 63,158,191,223,234,169,147,116,183, 67,117,201,276, 58,247,
          89, 65,196, 41,146,235,277,264,151,213,200,126,103,278, 48,261, 17,
          12,197,263,153, 87,  9,218,254, 81,137,124,111, 62,268, 60,220,109,
         225,  4, 22, 73,167,248, 99,152, 85, 28,239,233, 27,166, 36,  3, 32,
          30,168, 71, 31,198,143,170, 80, 92, 24, 96,240,172,149,204, 39, 43,
         237,205,253,120,192, 54,113,210,139,179, 19, 84,188, 15, 42,135,  8,
         156, 72, 75,176,250, 38,230,236,275,262, 76,229, 46,185, 77, 61,114,
         271, 37,207,138,258, 88,144,195,131, 95,217,181, 86,260, 16,199, 56,
          13, 53, 74, 82,178,  7, 11,249, 57,105,251, 50,211,244,212,174,161,
         219,202,257, 78, 34,259,130, 25, 21,104, 51)(  5, 94)
        ( 10,208,266,140,256,128,232, 49,209,246, 91,165,101, 44,127)
        ( 18,123, 64, 83,180,134,241,203,272,274,267,141,160,118,273,255, 69,
         194,142, 93,163, 40,154,157, 70, 98, 33,270, 35,175, 26,177)
        ( 29,228,224,122,119,190,221,110,129,112,164, 55,102,136,222)
        ( 66,216,171, 90,269,265, 79,238, 97,242)( 68,106,145,107,227,243) ), 
  rec(
      gadd := 
       [ (  1, 94,187, 32,125,218, 63,156,249)(  2,119,192, 33,150,223, 64,
             181,254)(  3,113,197, 34,144,228, 65,175,259)(  4,107,202, 35,
             138,233, 66,169,264)(  5,101,207, 36,132,238, 67,163,269)
            (  6, 95,212, 37,126,243, 68,157,274)(  7,120,217, 38,151,248, 69,
             182,279)(  8,114,191, 39,145,222, 70,176,253)(  9,108,196, 40,
             139,227, 71,170,258)( 10,102,201, 41,133,232, 72,164,263)
            ( 11, 96,206, 42,127,237, 73,158,268)( 12,121,211, 43,152,242, 74,
             183,273)( 13,115,216, 44,146,247, 75,177,278)( 14,109,190, 45,
             140,221, 76,171,252)( 15,103,195, 46,134,226, 77,165,257)
            ( 16, 97,200, 47,128,231, 78,159,262)( 17,122,205, 48,153,236, 79,
             184,267)( 18,116,210, 49,147,241, 80,178,272)( 19,110,215, 50,
             141,246, 81,172,277)( 20,104,189, 51,135,220, 82,166,251)
            ( 21, 98,194, 52,129,225, 83,160,256)( 22,123,199, 53,154,230, 84,
             185,261)( 23,117,204, 54,148,235, 85,179,266)( 24,111,209, 55,
             142,240, 86,173,271)( 25,105,214, 56,136,245, 87,167,276)
            ( 26, 99,188, 57,130,219, 88,161,250)( 27,124,193, 58,155,224, 89,
             186,255)( 28,118,198, 59,149,229, 90,180,260)( 29,112,203, 60,
             143,234, 91,174,265)( 30,106,208, 61,137,239, 92,168,270)
            ( 31,100,213, 62,131,244, 93,162,275), 
          (  1,  2,  3,  4,  5,  6,  7,  8,  9, 10, 11, 12, 13, 14, 15, 16,
              17, 18, 19, 20, 21, 22, 23, 24, 25, 26, 27, 28, 29, 30, 31)
            ( 32, 33, 34, 35, 36, 37, 38, 39, 40, 41, 42, 43, 44, 45, 46, 47,
              48, 49, 50, 51, 52, 53, 54, 55, 56, 57, 58, 59, 60, 61, 62)
            ( 63, 64, 65, 66, 67, 68, 69, 70, 71, 72, 73, 74, 75, 76, 77, 78,
              79, 80, 81, 82, 83, 84, 85, 86, 87, 88, 89, 90, 91, 92, 93)
            ( 94, 95, 96, 97, 98, 99,100,101,102,103,104,105,106,107,108,109,
             110,111,112,113,114,115,116,117,118,119,120,121,122,123,124)
            (125,126,127,128,129,130,131,132,133,134,135,136,137,138,139,140,
             141,142,143,144,145,146,147,148,149,150,151,152,153,154,155)
            (156,157,158,159,160,161,162,163,164,165,166,167,168,169,170,171,
             172,173,174,175,176,177,178,179,180,181,182,183,184,185,186)
            (187,188,189,190,191,192,193,194,195,196,197,198,199,200,201,202,
             203,204,205,206,207,208,209,210,211,212,213,214,215,216,217)
            (218,219,220,221,222,223,224,225,226,227,228,229,230,231,232,233,
             234,235,236,237,238,239,240,241,242,243,244,245,246,247,248)
            (249,250,251,252,253,254,255,256,257,258,259,260,261,262,263,264,
             265,266,267,268,269,270,271,272,273,274,275,276,277,278,279) ],
      gmul := 
       [ (  1, 94,218, 32,125,249, 63,156,187)(  2, 95,219, 33,126,250, 64,
             157,188)(  3, 96,220, 34,127,251, 65,158,189)(  4, 97,221, 35,
             128,252, 66,159,190)(  5, 98,222, 36,129,253, 67,160,191)
            (  6, 99,223, 37,130,254, 68,161,192)(  7,100,224, 38,131,255, 69,
             162,193)(  8,101,225, 39,132,256, 70,163,194)(  9,102,226, 40,
             133,257, 71,164,195)( 10,103,227, 41,134,258, 72,165,196)
            ( 11,104,228, 42,135,259, 73,166,197)( 12,105,229, 43,136,260, 74,
             167,198)( 13,106,230, 44,137,261, 75,168,199)( 14,107,231, 45,
             138,262, 76,169,200)( 15,108,232, 46,139,263, 77,170,201)
            ( 16,109,233, 47,140,264, 78,171,202)( 17,110,234, 48,141,265, 79,
             172,203)( 18,111,235, 49,142,266, 80,173,204)( 19,112,236, 50,
             143,267, 81,174,205)( 20,113,237, 51,144,268, 82,175,206)
            ( 21,114,238, 52,145,269, 83,176,207)( 22,115,239, 53,146,270, 84,
             177,208)( 23,116,240, 54,147,271, 85,178,209)( 24,117,241, 55,
             148,272, 86,179,210)( 25,118,242, 56,149,273, 87,180,211)
            ( 26,119,243, 57,150,274, 88,181,212)( 27,120,244, 58,151,275, 89,
             182,213)( 28,121,245, 59,152,276, 90,183,214)( 29,122,246, 60,
             153,277, 91,184,215)( 30,123,247, 61,154,278, 92,185,216)
            ( 31,124,248, 62,155,279, 93,186,217), 
          (  1,  2,  3,  4,  5,  6,  7,  8,  9, 10, 11, 12, 13, 14, 15, 16,
              17, 18, 19, 20, 21, 22, 23, 24, 25, 26, 27, 28, 29, 30, 31)
            ( 32, 33, 34, 35, 36, 37, 38, 39, 40, 41, 42, 43, 44, 45, 46, 47,
              48, 49, 50, 51, 52, 53, 54, 55, 56, 57, 58, 59, 60, 61, 62)
            ( 63, 64, 65, 66, 67, 68, 69, 70, 71, 72, 73, 74, 75, 76, 77, 78,
              79, 80, 81, 82, 83, 84, 85, 86, 87, 88, 89, 90, 91, 92, 93)
            ( 94,119,113,107,101, 95,120,114,108,102, 96,121,115,109,103, 97,
             122,116,110,104, 98,123,117,111,105, 99,124,118,112,106,100)
            (125,150,144,138,132,126,151,145,139,133,127,152,146,140,134,128,
             153,147,141,135,129,154,148,142,136,130,155,149,143,137,131)
            (156,181,175,169,163,157,182,176,170,164,158,183,177,171,165,159,
             184,178,172,166,160,185,179,173,167,161,186,180,174,168,162)
            (187,192,197,202,207,212,217,191,196,201,206,211,216,190,195,200,
             205,210,215,189,194,199,204,209,214,188,193,198,203,208,213)
            (218,223,228,233,238,243,248,222,227,232,237,242,247,221,226,231,
             236,241,246,220,225,230,235,240,245,219,224,229,234,239,244)
            (249,254,259,264,269,274,279,253,258,263,268,273,278,252,257,262,
             267,272,277,251,256,261,266,271,276,250,255,260,265,270,275) ],
      p := (  2, 94, 19, 55,217,245, 98, 70,205,143,244, 52,200, 66,116, 96,
         181, 33,148, 99,262,278, 75,234,183, 50, 97,159,242, 34,133,186,247,
         121,114,150,213,237,230,177,132,169,274,135, 29,164, 64, 48,142, 56,
          18,209,259, 36, 10,117,231, 89, 41,272, 74, 46,240,175,238,115,223,
          30,235,154,225,216,136,174,229, 12,102,264, 44,258, 59, 15, 71, 25,
          17, 16,111, 87, 31,109,184,149,197,151,214,104, 77, 85, 14,249,207,
         185, 58,178,  6, 32, 23,108,250, 67,188, 27,226, 21,195,270,129,194,
         254,251, 84,101, 80, 54,201,138,131,  4, 24,196, 69,122,191,167,180,
         255, 51,  8,218,113, 95,118,120,105,134,157, 60,165,215,239,189, 28,
         179, 22, 40,271, 65,100,279, 82,243, 43,170, 37,110,267, 92)
        (  3, 63,227,160,190,158,112,248,198,256, 53, 47,103,147,212,127,  7,
           9,156, 38,173,252, 73,233,166, 81,266,261, 13, 86,140,153, 35,232,
          68,204, 91,224,168, 62,139,219,222,199, 88,263, 42,257,260,269, 83,
         221,145,124,192,176,  5,187, 11,125,208,130, 26,241,206,273,146,161,
         163, 93,246, 61,203,126,193,253, 90,141,236,228)( 20,210,275,152, 57,
         202,155,107,162, 76,171,220,106,265)( 39, 78, 72, 49,119,128,182,277,
         268,137,211,276,144,123)( 45, 79,172),
      q := (  2,187, 22, 86,267, 34,271, 61, 97,234,238,206,145,192,242, 92,
          31,205,252, 53, 79,231, 37,200, 60,235,259, 90,262,144,197,274,261,
          20,108,131, 29,240,247,207,228, 30,165,107,219,180,130,  7, 24,117,
         172, 81,134,244, 74, 80, 72, 77, 41,139,162, 50,203,275,269, 43,241,
         115,186,175,183, 76,236,185, 68,103,263, 84,214,199, 38,226, 12,209,
         154,167,222,104, 49,217,163, 33,258, 67,100,150, 95,191,225,113,213,
         177,276,278, 51, 25, 16,195,127, 26,170, 89, 85, 19, 71,  8,156, 88,
         147,120,194,155,215,158,190,239,106,128,243, 83,174,160,112,181, 93,
         169,151,101, 46,164, 62,272, 52,110,140,264, 82,182,138,250, 59, 18,
         102,153, 91,161,245,198,136,221,273,268,251, 42,142, 70,109,233,230,
         237,166, 45, 47,204, 35,178, 27,173,143,157, 66,201,277,146,224,220,
         189,  5, 94, 14,125, 96,248, 98, 56, 15, 55,119,265, 13, 40,133,223,
           3, 32, 10,196, 57,122,118,212,270,260,152, 69,202,254,137,114,279,
          44,148,193,149,123, 87)(  4,  9,218,216,256, 73,184,253, 36, 23,210,
         126, 99,141,171,168, 64, 78, 54,116,208,255, 75,159,176, 28,227,229,
          21,111, 39, 48,257,129,105,266,135)(  6, 63,179, 11,249,121,211,132,
         246, 65,188)( 58,232) ), rec(
      gadd := 
       [ (  1, 94,187, 32,125,218, 63,156,249)(  2,119,192, 33,150,223, 64,
             181,254)(  3,113,197, 34,144,228, 65,175,259)(  4,107,202, 35,
             138,233, 66,169,264)(  5,101,207, 36,132,238, 67,163,269)
            (  6, 95,212, 37,126,243, 68,157,274)(  7,120,217, 38,151,248, 69,
             182,279)(  8,114,191, 39,145,222, 70,176,253)(  9,108,196, 40,
             139,227, 71,170,258)( 10,102,201, 41,133,232, 72,164,263)
            ( 11, 96,206, 42,127,237, 73,158,268)( 12,121,211, 43,152,242, 74,
             183,273)( 13,115,216, 44,146,247, 75,177,278)( 14,109,190, 45,
             140,221, 76,171,252)( 15,103,195, 46,134,226, 77,165,257)
            ( 16, 97,200, 47,128,231, 78,159,262)( 17,122,205, 48,153,236, 79,
             184,267)( 18,116,210, 49,147,241, 80,178,272)( 19,110,215, 50,
             141,246, 81,172,277)( 20,104,189, 51,135,220, 82,166,251)
            ( 21, 98,194, 52,129,225, 83,160,256)( 22,123,199, 53,154,230, 84,
             185,261)( 23,117,204, 54,148,235, 85,179,266)( 24,111,209, 55,
             142,240, 86,173,271)( 25,105,214, 56,136,245, 87,167,276)
            ( 26, 99,188, 57,130,219, 88,161,250)( 27,124,193, 58,155,224, 89,
             186,255)( 28,118,198, 59,149,229, 90,180,260)( 29,112,203, 60,
             143,234, 91,174,265)( 30,106,208, 61,137,239, 92,168,270)
            ( 31,100,213, 62,131,244, 93,162,275), 
          (  1,  2,  3,  4,  5,  6,  7,  8,  9, 10, 11, 12, 13, 14, 15, 16,
              17, 18, 19, 20, 21, 22, 23, 24, 25, 26, 27, 28, 29, 30, 31)
            ( 32, 33, 34, 35, 36, 37, 38, 39, 40, 41, 42, 43, 44, 45, 46, 47,
              48, 49, 50, 51, 52, 53, 54, 55, 56, 57, 58, 59, 60, 61, 62)
            ( 63, 64, 65, 66, 67, 68, 69, 70, 71, 72, 73, 74, 75, 76, 77, 78,
              79, 80, 81, 82, 83, 84, 85, 86, 87, 88, 89, 90, 91, 92, 93)
            ( 94, 95, 96, 97, 98, 99,100,101,102,103,104,105,106,107,108,109,
             110,111,112,113,114,115,116,117,118,119,120,121,122,123,124)
            (125,126,127,128,129,130,131,132,133,134,135,136,137,138,139,140,
             141,142,143,144,145,146,147,148,149,150,151,152,153,154,155)
            (156,157,158,159,160,161,162,163,164,165,166,167,168,169,170,171,
             172,173,174,175,176,177,178,179,180,181,182,183,184,185,186)
            (187,188,189,190,191,192,193,194,195,196,197,198,199,200,201,202,
             203,204,205,206,207,208,209,210,211,212,213,214,215,216,217)
            (218,219,220,221,222,223,224,225,226,227,228,229,230,231,232,233,
             234,235,236,237,238,239,240,241,242,243,244,245,246,247,248)
            (249,250,251,252,253,254,255,256,257,258,259,260,261,262,263,264,
             265,266,267,268,269,270,271,272,273,274,275,276,277,278,279) ],
      gmul := 
       [ (  1, 94,249, 32,125,187, 63,156,218)(  2,119,254, 33,150,192, 64,
             181,223)(  3,113,259, 34,144,197, 65,175,228)(  4,107,264, 35,
             138,202, 66,169,233)(  5,101,269, 36,132,207, 67,163,238)
            (  6, 95,274, 37,126,212, 68,157,243)(  7,120,279, 38,151,217, 69,
             182,248)(  8,114,253, 39,145,191, 70,176,222)(  9,108,258, 40,
             139,196, 71,170,227)( 10,102,263, 41,133,201, 72,164,232)
            ( 11, 96,268, 42,127,206, 73,158,237)( 12,121,273, 43,152,211, 74,
             183,242)( 13,115,278, 44,146,216, 75,177,247)( 14,109,252, 45,
             140,190, 76,171,221)( 15,103,257, 46,134,195, 77,165,226)
            ( 16, 97,262, 47,128,200, 78,159,231)( 17,122,267, 48,153,205, 79,
             184,236)( 18,116,272, 49,147,210, 80,178,241)( 19,110,277, 50,
             141,215, 81,172,246)( 20,104,251, 51,135,189, 82,166,220)
            ( 21, 98,256, 52,129,194, 83,160,225)( 22,123,261, 53,154,199, 84,
             185,230)( 23,117,266, 54,148,204, 85,179,235)( 24,111,271, 55,
             142,209, 86,173,240)( 25,105,276, 56,136,214, 87,167,245)
            ( 26, 99,250, 57,130,188, 88,161,219)( 27,124,255, 58,155,193, 89,
             186,224)( 28,118,260, 59,149,198, 90,180,229)( 29,112,265, 60,
             143,203, 91,174,234)( 30,106,270, 61,137,208, 92,168,239)
            ( 31,100,275, 62,131,213, 93,162,244), 
          (  1,  2,  3,  4,  5,  6,  7,  8,  9, 10, 11, 12, 13, 14, 15, 16,
              17, 18, 19, 20, 21, 22, 23, 24, 25, 26, 27, 28, 29, 30, 31)
            ( 32, 33, 34, 35, 36, 37, 38, 39, 40, 41, 42, 43, 44, 45, 46, 47,
              48, 49, 50, 51, 52, 53, 54, 55, 56, 57, 58, 59, 60, 61, 62)
            ( 63, 64, 65, 66, 67, 68, 69, 70, 71, 72, 73, 74, 75, 76, 77, 78,
              79, 80, 81, 82, 83, 84, 85, 86, 87, 88, 89, 90, 91, 92, 93)
            ( 94, 95, 96, 97, 98, 99,100,101,102,103,104,105,106,107,108,109,
             110,111,112,113,114,115,116,117,118,119,120,121,122,123,124)
            (125,126,127,128,129,130,131,132,133,134,135,136,137,138,139,140,
             141,142,143,144,145,146,147,148,149,150,151,152,153,154,155)
            (156,157,158,159,160,161,162,163,164,165,166,167,168,169,170,171,
             172,173,174,175,176,177,178,179,180,181,182,183,184,185,186)
            (187,188,189,190,191,192,193,194,195,196,197,198,199,200,201,202,
             203,204,205,206,207,208,209,210,211,212,213,214,215,216,217)
            (218,219,220,221,222,223,224,225,226,227,228,229,230,231,232,233,
             234,235,236,237,238,239,240,241,242,243,244,245,246,247,248)
            (249,250,251,252,253,254,255,256,257,258,259,260,261,262,263,264,
             265,266,267,268,269,270,271,272,273,274,275,276,277,278,279) ],
      p := (  2,187,  4, 11,218,162,275, 45,228, 59, 30,113,238,203, 95,192,
         252, 91,108,204,221, 55,129,222, 14, 84,213,174,120,143,103,251, 89,
          44,216,141,167,180, 41,270,184,223, 36, 13, 73, 98,269,267,264, 79,
         168, 87, 51,137,150,134,235,169,254, 66,189,  6, 32, 20,156, 71)
        (  3, 63,177, 18, 42,115,217, 40,104,117, 62,239,140,229,276, 57,158,
         214, 19,127, 24,146,241,128,  5,125,131,232,233,243, 88, 10,206,202,
         107, 64, 43, 74, 92, 23,208,200,263, 37,211,186,110,116,155,191,178,
          39, 83,101,102,258,151,126, 34,230,181, 54)(  7, 22, 53,133,183, 56,
         220,224, 26, 96,278,274,255, 68,144,215,236,157, 90,242, 76,175, 27,
         123,  9,249,161,163, 70,136,245,193,257,130,160,173, 99, 93,118,147,
         142, 33,237,122,164, 72, 65,196,124,226,234,246, 81,273, 38,259, 58,
         185, 77,256, 78, 82,111,190,266,159,119,176,244, 69,198,165,170, 80,
          75,121,139,179, 29,261, 60,247,212,153, 67,148,210,248,171,109,240,
         231, 49,145,201,272, 50, 52,166, 85,  8, 94, 25, 12,199,277, 48, 31,
         194,250,182,149,138,227, 46,209,205, 97,271,265, 16, 21,154,100,114,
         188, 15,197,112,195,279, 47,207,219)( 17,135, 28,268,262, 35,106,105,
         260)( 61,152, 86,225,253,172,132),
      q := (  2,125,188, 18, 84,126, 92, 10,146,108,134,103,168, 39, 43, 52,
         261, 66,137,217, 86,105,160,257,193,173,224,  7, 11, 94,  8,218,250,
         274,161,276, 69,129,118,201,170, 46,133,269,171,236,275, 81,176, 95,
         155,149,215,109,102,179,  4, 22, 73,229,163, 56,106,225,180, 85, 25,
          21,197,221, 71, 31,136,101,240,110,232,122,271,159,248,267,184,124,
         111,143,235,277, 78, 44,144,138,117, 64, 83,245,130,260, 16, 12,135,
           5,187, 29,166, 41,158,132, 65,148,139,258,212,202,246, 45,123, 24,
         206,153, 59,  3, 32, 13, 53,209,140, 98,183, 70,194,162,157, 36, 20,
         249,255, 58,259, 68,216,200,178, 87, 75,238,128, 28,177, 15,154,219,
          26,239,205,234,107, 62, 96,175,  6, 63,268,172,214, 14, 42,237,233,
         120,190,165,272, 76,278,182,191,263, 89, 82,226, 97,164, 54, 30,247,
         151,213,252, 35,220, 99, 33,115,150,204,112,142, 93,222, 19,208,141,
         256, 48)(  9,156, 55,198,266,265, 17,199,169,186,231, 77,167,253,262,
         91,241,203,244, 57,270,264, 47,152, 40,230,279, 79,251, 37,145,147,
         195,181, 72, 61,207,100,242, 50, 74, 34,104,227, 80, 51,189, 27,228,
          67,196,223, 90,114,131,116,192,174,243, 38,185, 49,211,254, 60,113,
         121,210,119,273, 88, 23,127) ), rec(
      gadd := 
       [ (  1, 94,187, 32,125,218, 63,156,249)(  2,119,192, 33,150,223, 64,
             181,254)(  3,113,197, 34,144,228, 65,175,259)(  4,107,202, 35,
             138,233, 66,169,264)(  5,101,207, 36,132,238, 67,163,269)
            (  6, 95,212, 37,126,243, 68,157,274)(  7,120,217, 38,151,248, 69,
             182,279)(  8,114,191, 39,145,222, 70,176,253)(  9,108,196, 40,
             139,227, 71,170,258)( 10,102,201, 41,133,232, 72,164,263)
            ( 11, 96,206, 42,127,237, 73,158,268)( 12,121,211, 43,152,242, 74,
             183,273)( 13,115,216, 44,146,247, 75,177,278)( 14,109,190, 45,
             140,221, 76,171,252)( 15,103,195, 46,134,226, 77,165,257)
            ( 16, 97,200, 47,128,231, 78,159,262)( 17,122,205, 48,153,236, 79,
             184,267)( 18,116,210, 49,147,241, 80,178,272)( 19,110,215, 50,
             141,246, 81,172,277)( 20,104,189, 51,135,220, 82,166,251)
            ( 21, 98,194, 52,129,225, 83,160,256)( 22,123,199, 53,154,230, 84,
             185,261)( 23,117,204, 54,148,235, 85,179,266)( 24,111,209, 55,
             142,240, 86,173,271)( 25,105,214, 56,136,245, 87,167,276)
            ( 26, 99,188, 57,130,219, 88,161,250)( 27,124,193, 58,155,224, 89,
             186,255)( 28,118,198, 59,149,229, 90,180,260)( 29,112,203, 60,
             143,234, 91,174,265)( 30,106,208, 61,137,239, 92,168,270)
            ( 31,100,213, 62,131,244, 93,162,275), 
          (  1,  2,  3,  4,  5,  6,  7,  8,  9, 10, 11, 12, 13, 14, 15, 16,
              17, 18, 19, 20, 21, 22, 23, 24, 25, 26, 27, 28, 29, 30, 31)
            ( 32, 33, 34, 35, 36, 37, 38, 39, 40, 41, 42, 43, 44, 45, 46, 47,
              48, 49, 50, 51, 52, 53, 54, 55, 56, 57, 58, 59, 60, 61, 62)
            ( 63, 64, 65, 66, 67, 68, 69, 70, 71, 72, 73, 74, 75, 76, 77, 78,
              79, 80, 81, 82, 83, 84, 85, 86, 87, 88, 89, 90, 91, 92, 93)
            ( 94, 95, 96, 97, 98, 99,100,101,102,103,104,105,106,107,108,109,
             110,111,112,113,114,115,116,117,118,119,120,121,122,123,124)
            (125,126,127,128,129,130,131,132,133,134,135,136,137,138,139,140,
             141,142,143,144,145,146,147,148,149,150,151,152,153,154,155)
            (156,157,158,159,160,161,162,163,164,165,166,167,168,169,170,171,
             172,173,174,175,176,177,178,179,180,181,182,183,184,185,186)
            (187,188,189,190,191,192,193,194,195,196,197,198,199,200,201,202,
             203,204,205,206,207,208,209,210,211,212,213,214,215,216,217)
            (218,219,220,221,222,223,224,225,226,227,228,229,230,231,232,233,
             234,235,236,237,238,239,240,241,242,243,244,245,246,247,248)
            (249,250,251,252,253,254,255,256,257,258,259,260,261,262,263,264,
             265,266,267,268,269,270,271,272,273,274,275,276,277,278,279) ],
      gmul := 
       [ (  1, 94,249, 32,125,187, 63,156,218)(  2, 95,250, 33,126,188, 64,
             157,219)(  3, 96,251, 34,127,189, 65,158,220)(  4, 97,252, 35,
             128,190, 66,159,221)(  5, 98,253, 36,129,191, 67,160,222)
            (  6, 99,254, 37,130,192, 68,161,223)(  7,100,255, 38,131,193, 69,
             162,224)(  8,101,256, 39,132,194, 70,163,225)(  9,102,257, 40,
             133,195, 71,164,226)( 10,103,258, 41,134,196, 72,165,227)
            ( 11,104,259, 42,135,197, 73,166,228)( 12,105,260, 43,136,198, 74,
             167,229)( 13,106,261, 44,137,199, 75,168,230)( 14,107,262, 45,
             138,200, 76,169,231)( 15,108,263, 46,139,201, 77,170,232)
            ( 16,109,264, 47,140,202, 78,171,233)( 17,110,265, 48,141,203, 79,
             172,234)( 18,111,266, 49,142,204, 80,173,235)( 19,112,267, 50,
             143,205, 81,174,236)( 20,113,268, 51,144,206, 82,175,237)
            ( 21,114,269, 52,145,207, 83,176,238)( 22,115,270, 53,146,208, 84,
             177,239)( 23,116,271, 54,147,209, 85,178,240)( 24,117,272, 55,
             148,210, 86,179,241)( 25,118,273, 56,149,211, 87,180,242)
            ( 26,119,274, 57,150,212, 88,181,243)( 27,120,275, 58,151,213, 89,
             182,244)( 28,121,276, 59,152,214, 90,183,245)( 29,122,277, 60,
             153,215, 91,184,246)( 30,123,278, 61,154,216, 92,185,247)
            ( 31,124,279, 62,155,217, 93,186,248), 
          (  1,  2,  3,  4,  5,  6,  7,  8,  9, 10, 11, 12, 13, 14, 15, 16,
              17, 18, 19, 20, 21, 22, 23, 24, 25, 26, 27, 28, 29, 30, 31)
            ( 32, 33, 34, 35, 36, 37, 38, 39, 40, 41, 42, 43, 44, 45, 46, 47,
              48, 49, 50, 51, 52, 53, 54, 55, 56, 57, 58, 59, 60, 61, 62)
            ( 63, 64, 65, 66, 67, 68, 69, 70, 71, 72, 73, 74, 75, 76, 77, 78,
              79, 80, 81, 82, 83, 84, 85, 86, 87, 88, 89, 90, 91, 92, 93)
            ( 94,119,113,107,101, 95,120,114,108,102, 96,121,115,109,103, 97,
             122,116,110,104, 98,123,117,111,105, 99,124,118,112,106,100)
            (125,150,144,138,132,126,151,145,139,133,127,152,146,140,134,128,
             153,147,141,135,129,154,148,142,136,130,155,149,143,137,131)
            (156,181,175,169,163,157,182,176,170,164,158,183,177,171,165,159,
             184,178,172,166,160,185,179,173,167,161,186,180,174,168,162)
            (187,192,197,202,207,212,217,191,196,201,206,211,216,190,195,200,
             205,210,215,189,194,199,204,209,214,188,193,198,203,208,213)
            (218,223,228,233,238,243,248,222,227,232,237,242,247,221,226,231,
             236,241,246,220,225,230,235,240,245,219,224,229,234,239,244)
            (249,254,259,264,269,274,279,253,258,263,268,273,278,252,257,262,
             267,272,277,251,256,261,266,271,276,250,255,260,265,270,275) ],
      p := (  2,187,104,100, 97,279, 44,201,259, 52,173, 98,262, 20,156, 64,
          48,  8, 94, 29,257,129,221, 22, 40,111,192,254,166, 69,205,239,230,
         277, 59, 10,210,137,149,213,245,198,161,169,273, 53,150,130,171,138,
         219,135, 19,148,197, 96,263, 34,226,229, 50, 47,200,123)
        (  3, 63,170, 89, 46,217, 11,218,237,189,121,126, 54, 23,196,105,267,
         168, 91, 95,211,176, 27,102,250, 83,107, 87, 49,128,132, 41,258, 13,
          86,233, 58,164, 88, 26,117, 39, 78, 80, 77,264, 61,141,184,242, 84,
         194,253, 92,  7,  9,249,160,186, 30,116,145,154,101,119,159,118,151,
         214,144,212,167,174, 21,133,172,115, 31,202,275,269,251, 74, 72, 85,
           4, 24,139,162,256, 75,110,120,136,246, 73,109,248,177, 35,103,266,
         278, 51,134,224,163, 66,204,216,158,215, 33,241,206,106,122,181, 38,
         271,268,261,152, 93,112,231,180)(  5,125,127, 14, 71, 25, 17,142, 56,
         235,185, 68,147,155,190,255,183, 60,232,247, 90,234, 28,272, 42,108,
         193,270,175,225,252, 65,188,  6, 32, 18, 55,140,236,228,220, 45,240,
         113,208,199,274, 36, 15,209, 62,227, 37,203,276,260, 43, 79,165,157,
          81,265, 82,124,223,238,146,244,207,222)( 12,195,114,191,182,143, 99,
         70,153, 76,178)( 57,179)( 67,131,243),
      q := (  2,125,208,135, 14, 55,205, 96,178, 21,209, 64, 78, 46,150,193,
         158,138,100,234,  5,187,230,169,176,  6, 63,272, 84,136,107, 39, 48,
          25, 16, 17,195,242, 42,241,146, 95,145,197,239,104,219,199,182,190,
         161,277, 67,188, 27,240,247, 36, 18, 71,  8,218,115)(  3, 32, 15,133,
         262, 13, 40,226, 98,172,237,137,191,274, 90, 97,181, 88,  7, 24,210,
         189,238,206,220, 81,159,222, 28,170, 37,128,214,216,270,278, 75,231,
         253, 34,111,155,143,224,276,160,254,261,207,118,212,256, 51,204,144,
         151,132, 85, 29,173,229, 76,263, 92, 26,227, 89, 80, 49,203,163, 60,
         116,211,273, 73,236,123, 31,153, 50, 79,266,175,105,171,215, 93,221,
          11, 94,  4,  9,156, 62,117, 87, 77,184,114,149,126, 72, 41,179, 69,
         140,109,119,265, 44,147,192,186)( 10,139,250, 43, 47,141,264, 65,131,
         120,194,180, 30,232,113,127, 19,196,225,174, 12,142, 70,202,157, 45,
         102,162,167,252, 61,200,228,106,233, 68,201,185, 58,271,177, 91,244,
         152, 33,108,130,267,251, 52,257,198,255,269,168, 35,235,259, 74, 54)
        ( 20,249,260, 83,246, 53,217, 22, 86,122,279, 82,223,121,213,101,248,
         268,166, 57,258)( 23,148,154,245,129,112,110,243, 59)( 38,164)
        ( 56,103,165,275,183, 66,134, 99) ), rec(
      gadd := 
       [ (  1, 94,187, 32,125,218, 63,156,249)(  2,119,192, 33,150,223, 64,
             181,254)(  3,113,197, 34,144,228, 65,175,259)(  4,107,202, 35,
             138,233, 66,169,264)(  5,101,207, 36,132,238, 67,163,269)
            (  6, 95,212, 37,126,243, 68,157,274)(  7,120,217, 38,151,248, 69,
             182,279)(  8,114,191, 39,145,222, 70,176,253)(  9,108,196, 40,
             139,227, 71,170,258)( 10,102,201, 41,133,232, 72,164,263)
            ( 11, 96,206, 42,127,237, 73,158,268)( 12,121,211, 43,152,242, 74,
             183,273)( 13,115,216, 44,146,247, 75,177,278)( 14,109,190, 45,
             140,221, 76,171,252)( 15,103,195, 46,134,226, 77,165,257)
            ( 16, 97,200, 47,128,231, 78,159,262)( 17,122,205, 48,153,236, 79,
             184,267)( 18,116,210, 49,147,241, 80,178,272)( 19,110,215, 50,
             141,246, 81,172,277)( 20,104,189, 51,135,220, 82,166,251)
            ( 21, 98,194, 52,129,225, 83,160,256)( 22,123,199, 53,154,230, 84,
             185,261)( 23,117,204, 54,148,235, 85,179,266)( 24,111,209, 55,
             142,240, 86,173,271)( 25,105,214, 56,136,245, 87,167,276)
            ( 26, 99,188, 57,130,219, 88,161,250)( 27,124,193, 58,155,224, 89,
             186,255)( 28,118,198, 59,149,229, 90,180,260)( 29,112,203, 60,
             143,234, 91,174,265)( 30,106,208, 61,137,239, 92,168,270)
            ( 31,100,213, 62,131,244, 93,162,275), 
          (  1,  2,  3,  4,  5,  6,  7,  8,  9, 10, 11, 12, 13, 14, 15, 16,
              17, 18, 19, 20, 21, 22, 23, 24, 25, 26, 27, 28, 29, 30, 31)
            ( 32, 33, 34, 35, 36, 37, 38, 39, 40, 41, 42, 43, 44, 45, 46, 47,
              48, 49, 50, 51, 52, 53, 54, 55, 56, 57, 58, 59, 60, 61, 62)
            ( 63, 64, 65, 66, 67, 68, 69, 70, 71, 72, 73, 74, 75, 76, 77, 78,
              79, 80, 81, 82, 83, 84, 85, 86, 87, 88, 89, 90, 91, 92, 93)
            ( 94, 95, 96, 97, 98, 99,100,101,102,103,104,105,106,107,108,109,
             110,111,112,113,114,115,116,117,118,119,120,121,122,123,124)
            (125,126,127,128,129,130,131,132,133,134,135,136,137,138,139,140,
             141,142,143,144,145,146,147,148,149,150,151,152,153,154,155)
            (156,157,158,159,160,161,162,163,164,165,166,167,168,169,170,171,
             172,173,174,175,176,177,178,179,180,181,182,183,184,185,186)
            (187,188,189,190,191,192,193,194,195,196,197,198,199,200,201,202,
             203,204,205,206,207,208,209,210,211,212,213,214,215,216,217)
            (218,219,220,221,222,223,224,225,226,227,228,229,230,231,232,233,
             234,235,236,237,238,239,240,241,242,243,244,245,246,247,248)
            (249,250,251,252,253,254,255,256,257,258,259,260,261,262,263,264,
             265,266,267,268,269,270,271,272,273,274,275,276,277,278,279) ],
      gmul := 
       [ (  1, 94,187, 32,125,218, 63,156,249)(  2, 95,188, 33,126,219, 64,
             157,250)(  3, 96,189, 34,127,220, 65,158,251)(  4, 97,190, 35,
             128,221, 66,159,252)(  5, 98,191, 36,129,222, 67,160,253)
            (  6, 99,192, 37,130,223, 68,161,254)(  7,100,193, 38,131,224, 69,
             162,255)(  8,101,194, 39,132,225, 70,163,256)(  9,102,195, 40,
             133,226, 71,164,257)( 10,103,196, 41,134,227, 72,165,258)
            ( 11,104,197, 42,135,228, 73,166,259)( 12,105,198, 43,136,229, 74,
             167,260)( 13,106,199, 44,137,230, 75,168,261)( 14,107,200, 45,
             138,231, 76,169,262)( 15,108,201, 46,139,232, 77,170,263)
            ( 16,109,202, 47,140,233, 78,171,264)( 17,110,203, 48,141,234, 79,
             172,265)( 18,111,204, 49,142,235, 80,173,266)( 19,112,205, 50,
             143,236, 81,174,267)( 20,113,206, 51,144,237, 82,175,268)
            ( 21,114,207, 52,145,238, 83,176,269)( 22,115,208, 53,146,239, 84,
             177,270)( 23,116,209, 54,147,240, 85,178,271)( 24,117,210, 55,
             148,241, 86,179,272)( 25,118,211, 56,149,242, 87,180,273)
            ( 26,119,212, 57,150,243, 88,181,274)( 27,120,213, 58,151,244, 89,
             182,275)( 28,121,214, 59,152,245, 90,183,276)( 29,122,215, 60,
             153,246, 91,184,277)( 30,123,216, 61,154,247, 92,185,278)
            ( 31,124,217, 62,155,248, 93,186,279), 
          (  1,  2,  3,  4,  5,  6,  7,  8,  9, 10, 11, 12, 13, 14, 15, 16,
              17, 18, 19, 20, 21, 22, 23, 24, 25, 26, 27, 28, 29, 30, 31)
            ( 32, 33, 34, 35, 36, 37, 38, 39, 40, 41, 42, 43, 44, 45, 46, 47,
              48, 49, 50, 51, 52, 53, 54, 55, 56, 57, 58, 59, 60, 61, 62)
            ( 63, 64, 65, 66, 67, 68, 69, 70, 71, 72, 73, 74, 75, 76, 77, 78,
              79, 80, 81, 82, 83, 84, 85, 86, 87, 88, 89, 90, 91, 92, 93)
            ( 94,119,113,107,101, 95,120,114,108,102, 96,121,115,109,103, 97,
             122,116,110,104, 98,123,117,111,105, 99,124,118,112,106,100)
            (125,150,144,138,132,126,151,145,139,133,127,152,146,140,134,128,
             153,147,141,135,129,154,148,142,136,130,155,149,143,137,131)
            (156,181,175,169,163,157,182,176,170,164,158,183,177,171,165,159,
             184,178,172,166,160,185,179,173,167,161,186,180,174,168,162)
            (187,192,197,202,207,212,217,191,196,201,206,211,216,190,195,200,
             205,210,215,189,194,199,204,209,214,188,193,198,203,208,213)
            (218,223,228,233,238,243,248,222,227,232,237,242,247,221,226,231,
             236,241,246,220,225,230,235,240,245,219,224,229,234,239,244)
            (249,254,259,264,269,274,279,253,258,263,268,273,278,252,257,262,
             267,272,277,251,256,261,266,271,276,250,255,260,265,270,275) ],
      p := (  2,156, 38,142, 56, 18,209,259, 36, 10,179, 22, 40,271, 65,162,
          76,140,122,191,136,143,244, 52,200, 66,178,  6, 32, 23,170, 37,172,
          45, 79,141,236,228,  3, 63,227,129,194,254,251, 84,163, 93,246, 61,
         203, 95,180,255, 51,  8,218,175,238,177,101, 80, 54,201,107,131,  4,
          24,196, 69,184,118,182,277,268,106,265, 20,210,275,121,176,  5,187,
          11, 94, 19, 55,217,245,160,190,127,  7,  9,125,208, 99,262,278, 75,
         234,152, 57,202,124,192,145,186,247,183, 50,159,242, 34,102,264, 44,
         258, 59, 15, 71, 25, 17, 16,173,252, 73,233,135, 29,133,155,169,274,
         104, 77, 85, 14,249,207,154,225,216,105,103,116,158,174,229, 12,164,
          64, 48,111, 87, 31,171,220,168, 62,108,250, 67,188, 27,226, 21,195,
         270, 98, 70,205,112,248,198,256, 53, 47,165,215,239,189, 28,148,161,
         132,138,100,279, 82,243, 43,139,219,222,199, 88,263, 42,257,260,269,
          83,221,114,119, 97,128,151,214,166, 81,266,261, 13, 86,109,153, 35,
         232, 68,204, 91,224,137,211,276,113,157, 60,134,126,193,253, 90,110,
         267, 92)( 26,241,206,273,115,223, 30,235,123, 39, 78, 72, 49,181, 33,
         117,231, 89, 41,272, 74, 46,240,144,185, 58,147,212, 96,150,213,237,
         230,146,130)(120,167,149,197),
      q := (  2,187, 22, 86,267, 34,271, 61,159,145,192,242, 92, 31,205,252,
          53, 79,231, 37,200, 60,235,259, 90,262,113,213,146,224,220,189,  5,
         156, 88,116,208,255, 75,128,243, 83,143,126,161,245,198,105,266,104,
          49,217,132,246, 65,188,  6, 63,148,193,118,212,270,260,121,211,101,
          46,133,223,  3, 32, 10,196, 57,184,253, 36, 23,210, 95,191,225,175,
         152, 69,202,254,106, 97,234,238,206,114,279, 44,117,141,140,264, 82,
