NCBRACES[171]:=[rec(
gadd:=
[(1,58,115,20,77,134,39,96,153)(2,65,126,21,84,145,40,
103,164)(3,72,118,22,91,137,41,110,156)(4,60,129,23,
79,148,42,98,167)(5,67,121,24,86,140,43,105,159)
(6,74,132,25,93,151,44,112,170)(7,62,124,26,81,143,45,
100,162)(8,69,116,27,88,135,46,107,154)(9,76,127,28,
95,146,47,114,165)(10,64,119,29,83,138,48,102,157)
(11,71,130,30,90,149,49,109,168)(12,59,122,31,78,141,50,
97,160)(13,66,133,32,85,152,51,104,171)(14,73,125,33,92,
144,52,111,163)(15,61,117,34,80,136,53,99,155)
(16,68,128,35,87,147,54,106,166)(17,75,120,36,94,139,55,
113,158)(18,63,131,37,82,150,56,101,169)(19,70,123,38,
89,142,57,108,161),
(1,2,3,4,5,6,7,8,9,10,11,12,13,14,15,16,
17,18,19)(20,21,22,23,24,25,26,27,28,29,30,31,32,
33,34,35,36,37,38)(39,40,41,42,43,44,45,46,47,48,
49,50,51,52,53,54,55,56,57)(58,59,60,61,62,63,64,
65,66,67,68,69,70,71,72,73,74,75,76)(77,78,79,80,
81,82,83,84,85,86,87,88,89,90,91,92,93,94,95)
(96,97,98,99,100,101,102,103,104,105,106,107,108,109,110,111,
112,113,114)(115,116,117,118,119,120,121,122,123,124,125,126,127,
128,129,130,131,132,133)(134,135,136,137,138,139,140,141,142,143,
144,145,146,147,148,149,150,151,152)(153,154,155,156,157,158,159,
160,161,162,163,164,165,166,167,168,169,170,171)],
gmul:=
[(1,58,134,20,77,153,39,96,115)(2,65,145,21,84,164,40,
103,126)(3,72,137,22,91,156,41,110,118)(4,60,148,23,
79,167,42,98,129)(5,67,140,24,86,159,43,105,121)
(6,74,151,25,93,170,44,112,132)(7,62,143,26,81,162,45,
100,124)(8,69,135,27,88,154,46,107,116)(9,76,146,28,
95,165,47,114,127)(10,64,138,29,83,157,48,102,119)
(11,71,149,30,90,168,49,109,130)(12,59,141,31,78,160,50,
97,122)(13,66,152,32,85,171,51,104,133)(14,73,144,33,92,
163,52,111,125)(15,61,136,34,80,155,53,99,117)
(16,68,147,35,87,166,54,106,128)(17,75,139,36,94,158,55,
113,120)(18,63,150,37,82,169,56,101,131)(19,70,142,38,
89,161,57,108,123),
(1,2,3,4,5,6,7,8,9,10,11,12,13,14,15,16,
17,18,19)(20,21,22,23,24,25,26,27,28,29,30,31,32,
33,34,35,36,37,38)(39,40,41,42,43,44,45,46,47,48,
49,50,51,52,53,54,55,56,57)(58,59,60,61,62,63,64,
65,66,67,68,69,70,71,72,73,74,75,76)(77,78,79,80,
81,82,83,84,85,86,87,88,89,90,91,92,93,94,95)
(96,97,98,99,100,101,102,103,104,105,106,107,108,109,110,111,
112,113,114)(115,116,117,118,119,120,121,122,123,124,125,126,127,
128,129,130,131,132,133)(134,135,136,137,138,139,140,141,142,143,
144,145,146,147,148,149,150,151,152)(153,154,155,156,157,158,159,
160,161,162,163,164,165,166,167,168,169,170,171)],
p:=(2,58,104,156,26,142,61,118,16,76,101,85,82,138,105,109,
42,164,48,95,113,140,67,124,10,70,117,74,31,63,135,23,59,
12,65,71,4,19,38,114,151,157,167,81,165,93,15,40,171,43,
97,170,166,92,148,45,41,161,159,35,141,128,100,169,86,14,153,
25,3,39,56,9,96,55,125,120,121,130,129,99,47,69,60,107,
98,163,87,160,54,122,11,77,51,17,18,133,79,110,144,29,103,
88,27,145,30,146,44,154,158,34,84,6,20,123,106,162,49,64,
22,21,126,112,83,139,119,36,8,134,136,147,52,132,143,5,115,
68,127,111,62,78,46,152,24,116,94,102,50,75,137,73,150,33,
89,91,7)(13,57,131,90,149,53,37,72,28,108,155,168,80,32)
,
q:=(2,115,119,42,95,137,121,67,71,17,3,20,59,9,134,101,
160,24,70,63,108,82,106,90,105,143,16,126,148,33,154,80,46,
103,165,167,166,159,43,142,120,73,98,83,99,31,117,129,139,68,
69,131,162,29,152,54,66,122,10,116,156,52,72,50,118,5,58,
141,62,161,92,112,163,157,93,6,39,22,57,60,146,34,171,35,
104,94,144,49,125,61,75,113,111,128,147,26,97,91,14,77,27,
114,110,102,28,135,55,64,56,12,133,169,168,158,44,89,170,81,
88,51,4)(7,19,40,84,15,38,145,48,164,30,107,150,45,37,
132,109,36,13,21,76,136,100,79,151,87,85,155,86)
(8,96,23,123,138,149,25,18,65,124,11,153,53,41,78,32)
(47,127,140,130,74)),rec(
gadd:=
[(1,58,115,20,77,134,39,96,153)(2,65,126,21,84,145,40,
103,164)(3,72,118,22,91,137,41,110,156)(4,60,129,23,
79,148,42,98,167)(5,67,121,24,86,140,43,105,159)
(6,74,132,25,93,151,44,112,170)(7,62,124,26,81,143,45,
100,162)(8,69,116,27,88,135,46,107,154)(9,76,127,28,
95,146,47,114,165)(10,64,119,29,83,138,48,102,157)
(11,71,130,30,90,149,49,109,168)(12,59,122,31,78,141,50,
97,160)(13,66,133,32,85,152,51,104,171)(14,73,125,33,92,
144,52,111,163)(15,61,117,34,80,136,53,99,155)
(16,68,128,35,87,147,54,106,166)(17,75,120,36,94,139,55,
113,158)(18,63,131,37,82,150,56,101,169)(19,70,123,38,
89,142,57,108,161),
(1,2,3,4,5,6,7,8,9,10,11,12,13,14,15,16,
17,18,19)(20,21,22,23,24,25,26,27,28,29,30,31,32,
33,34,35,36,37,38)(39,40,41,42,43,44,45,46,47,48,
49,50,51,52,53,54,55,56,57)(58,59,60,61,62,63,64,
65,66,67,68,69,70,71,72,73,74,75,76)(77,78,79,80,
81,82,83,84,85,86,87,88,89,90,91,92,93,94,95)
(96,97,98,99,100,101,102,103,104,105,106,107,108,109,110,111,
112,113,114)(115,116,117,118,119,120,121,122,123,124,125,126,127,
128,129,130,131,132,133)(134,135,136,137,138,139,140,141,142,143,
144,145,146,147,148,149,150,151,152)(153,154,155,156,157,158,159,
160,161,162,163,164,165,166,167,168,169,170,171)],
gmul:=
[(1,58,134,20,77,153,39,96,115)(2,59,135,21,78,154,40,
97,116)(3,60,136,22,79,155,41,98,117)(4,61,137,23,
80,156,42,99,118)(5,62,138,24,81,157,43,100,119)
(6,63,139,25,82,158,44,101,120)(7,64,140,26,83,159,45,
102,121)(8,65,141,27,84,160,46,103,122)(9,66,142,28,
85,161,47,104,123)(10,67,143,29,86,162,48,105,124)
(11,68,144,30,87,163,49,106,125)(12,69,145,31,88,164,50,
107,126)(13,70,146,32,89,165,51,108,127)(14,71,147,33,
90,166,52,109,128)(15,72,148,34,91,167,53,110,129)
(16,73,149,35,92,168,54,111,130)(17,74,150,36,93,169,55,
112,131)(18,75,151,37,94,170,56,113,132)(19,76,152,38,
95,171,57,114,133),
(1,2,3,4,5,6,7,8,9,10,11,12,13,14,15,16,
17,18,19)(20,21,22,23,24,25,26,27,28,29,30,31,32,
33,34,35,36,37,38)(39,40,41,42,43,44,45,46,47,48,
49,50,51,52,53,54,55,56,57)(58,65,72,60,67,74,62,
69,76,64,71,59,66,73,61,68,75,63,70)(77,84,91,79,
86,93,81,88,95,83,90,78,85,92,80,87,94,82,89)
(96,103,110,98,105,112,100,107,114,102,109,97,104,111,99,106,
113,101,108)(115,126,118,129,121,132,124,116,127,119,130,122,133,
125,117,128,120,131,123)(134,145,137,148,140,151,143,135,146,138,
149,141,152,144,136,147,139,150,142)(153,164,156,167,159,170,162,
154,165,157,168,160,171,163,155,166,158,169,161)],
p:=(2,58,104,155,159,24,126,112,90,140,73,151,166,86,10,76,
113,149,49,71,4,19,38,108,156,30,146,26,152,35,141,119,36,
12,59,8,134,137,67,125,6,20,133,91,11,77,47,69,72,32,
9,96,55,124,14,153,158,80,28,114,150,29,97,169,92,148,48,
89,79,98,162,45,41,171,43,103,88,31,75,136,138,111,68,127,
105,102,46,142,129,15,40,161,168,53,37,60,107,110,143,5,115,
62,84,74,27,135,23,65,64,22,21,116,82,147,34,78,50,63,
145,25,3,39,56,13,57,132,144,33,95,101,85,94,109,42,154,
93,61,117,16,70,118,120,130,99,51,17,18,123,100,170,157,167,
87,160,54,122,7)(44,164,52,131,83,139,128,106,163,81,165),
q:=(2,115,128,138,140,121,73,110,109,36,9,134,113,105,144,45,
37,131,163,166,168,25,18,59,13,21,70,75,101,160,24,76,137,
130,139,62,171,35,104,82,100,91,10,126,148,30,107,151,81,88,
47,127,149,29,142,74,51,4)(3,20,65,125,15,38,135,55,71,
17)(5,58,141,68,69,132,102,32,12,123,147,44,95,136,106,83,
99,27,108,94,143,16,116,155,92,112,162,33,164,26,103,165,34,
161,86,11,153,80,50,117)(6,39,22,57,72,46,97,79,150,49,
124,7,19,40,78,28,145,53,41,84,129)(8,96,23,133,170,87,
85,156,48,154,167,157,93,120,67,64,56)(14,77,31,118,61,63,
114,98,90,111,119,42,89,169,159,54,66,122)(43,152)
(52,60,146)),rec(
gadd:=
[(1,58,115,20,77,134,39,96,153)(2,65,126,21,84,145,40,
103,164)(3,72,118,22,91,137,41,110,156)(4,60,129,23,
79,148,42,98,167)(5,67,121,24,86,140,43,105,159)
(6,74,132,25,93,151,44,112,170)(7,62,124,26,81,143,45,
100,162)(8,69,116,27,88,135,46,107,154)(9,76,127,28,
95,146,47,114,165)(10,64,119,29,83,138,48,102,157)
(11,71,130,30,90,149,49,109,168)(12,59,122,31,78,141,50,
97,160)(13,66,133,32,85,152,51,104,171)(14,73,125,33,92,
144,52,111,163)(15,61,117,34,80,136,53,99,155)
(16,68,128,35,87,147,54,106,166)(17,75,120,36,94,139,55,
113,158)(18,63,131,37,82,150,56,101,169)(19,70,123,38,
89,142,57,108,161),
(1,2,3,4,5,6,7,8,9,10,11,12,13,14,15,16,
17,18,19)(20,21,22,23,24,25,26,27,28,29,30,31,32,
33,34,35,36,37,38)(39,40,41,42,43,44,45,46,47,48,
49,50,51,52,53,54,55,56,57)(58,59,60,61,62,63,64,
65,66,67,68,69,70,71,72,73,74,75,76)(77,78,79,80,
81,82,83,84,85,86,87,88,89,90,91,92,93,94,95)
(96,97,98,99,100,101,102,103,104,105,106,107,108,109,110,111,
112,113,114)(115,116,117,118,119,120,121,122,123,124,125,126,127,
128,129,130,131,132,133)(134,135,136,137,138,139,140,141,142,143,
144,145,146,147,148,149,150,151,152)(153,154,155,156,157,158,159,
160,161,162,163,164,165,166,167,168,169,170,171)],
gmul:=
[(1,58,153,20,77,115,39,96,134)(2,65,164,21,84,126,40,
103,145)(3,72,156,22,91,118,41,110,137)(4,60,167,23,
79,129,42,98,148)(5,67,159,24,86,121,43,105,140)
(6,74,170,25,93,132,44,112,151)(7,62,162,26,81,124,45,
100,143)(8,69,154,27,88,116,46,107,135)(9,76,165,28,
95,127,47,114,146)(10,64,157,29,83,119,48,102,138)
(11,71,168,30,90,130,49,109,149)(12,59,160,31,78,122,50,
97,141)(13,66,171,32,85,133,51,104,152)(14,73,163,33,92,
125,52,111,144)(15,61,155,34,80,117,53,99,136)
(16,68,166,35,87,128,54,106,147)(17,75,158,36,94,120,55,
113,139)(18,63,169,37,82,131,56,101,150)(19,70,161,38,
89,123,57,108,142),
(1,2,3,4,5,6,7,8,9,10,11,12,13,14,15,16,
17,18,19)(20,21,22,23,24,25,26,27,28,29,30,31,32,
33,34,35,36,37,38)(39,40,41,42,43,44,45,46,47,48,
49,50,51,52,53,54,55,56,57)(58,59,60,61,62,63,64,
65,66,67,68,69,70,71,72,73,74,75,76)(77,78,79,80,
81,82,83,84,85,86,87,88,89,90,91,92,93,94,95)
(96,97,98,99,100,101,102,103,104,105,106,107,108,109,110,111,
112,113,114)(115,116,117,118,119,120,121,122,123,124,125,126,127,
128,129,130,131,132,133)(134,135,136,137,138,139,140,141,142,143,
144,145,146,147,148,149,150,151,152)(153,154,155,156,157,158,159,
160,161,162,163,164,165,166,167,168,169,170,171)],
p:=(2,115,113,36,12,126,27,65,124,101,165,166,35,69,117,102,
71,4,19,89,137,119,140,128,149,112,93,129,15,133,136,67,90,
62,135,23,116,81,156,54,13,57,108,68,85,150,158,30,66,127,
110,151,48,17,95,163,105,42,59,8,58,103,155,167,26,70,79,
107,144,52,114,87,10,123,139,92,61,91,11,134,98,75,72,51,
88,31,131,143,5,77,169,25,3,39,56,146,45,152,100,162,159,
43,41,154,99,64,22,21,84,120,32,9,153,49,94,160,168,33,
142,80,50,37,118,7)(6,20,96,170,24,78,47,132,109,121,14,
40,76,104,60,141,86,28,161,106,130,148,111,16,18,38,171,34,
145,44,122)(29,164,157)(46,125,138,147,53,83,74)
(55,82,73,63,97),
q:=(2,77,98,137,87,11,58,171,44,85,60,66,88,47,91,10,
78,31,79,165,100,109,92,139,121,7,19,116,128,67,124,155,112,
129,6,39,22,57,154,158,48,4)(3,20,153,29,114,119,73,136,
149,167,52,164,106,86,50,41,108,138,62,70,131,71,17,126,51,
127,170,54,8,134,169,53,125,68,122,15,84,80,28,97,23,89,
75,151,30,141,130,74,32,12,95,102,143,16)(5,115,156,24,123,
61,132,162,111)(9,96,110,72,27,152,166,43,37,94,104,150,99,
144,26,135,55,117,163,168,45,65,90,147,25,18,40,145,34,76,
160,105,36)(13,21,133,63,161,157,49,118,14,38,103,101,107,64,
56,69,82,140,81,113,42,142,120,46,83,148,159,35,146,33,59))
,rec(
gadd:=
[(1,58,115,20,77,134,39,96,153)(2,65,126,21,84,145,40,
103,164)(3,72,118,22,91,137,41,110,156)(4,60,129,23,
79,148,42,98,167)(5,67,121,24,86,140,43,105,159)
(6,74,132,25,93,151,44,112,170)(7,62,124,26,81,143,45,
100,162)(8,69,116,27,88,135,46,107,154)(9,76,127,28,
95,146,47,114,165)(10,64,119,29,83,138,48,102,157)
(11,71,130,30,90,149,49,109,168)(12,59,122,31,78,141,50,
97,160)(13,66,133,32,85,152,51,104,171)(14,73,125,33,92,
144,52,111,163)(15,61,117,34,80,136,53,99,155)
(16,68,128,35,87,147,54,106,166)(17,75,120,36,94,139,55,
113,158)(18,63,131,37,82,150,56,101,169)(19,70,123,38,
89,142,57,108,161),
(1,2,3,4,5,6,7,8,9,10,11,12,13,14,15,16,
17,18,19)(20,21,22,23,24,25,26,27,28,29,30,31,32,
33,34,35,36,37,38)(39,40,41,42,43,44,45,46,47,48,
49,50,51,52,53,54,55,56,57)(58,59,60,61,62,63,64,
65,66,67,68,69,70,71,72,73,74,75,76)(77,78,79,80,
81,82,83,84,85,86,87,88,89,90,91,92,93,94,95)
(96,97,98,99,100,101,102,103,104,105,106,107,108,109,110,111,
112,113,114)(115,116,117,118,119,120,121,122,123,124,125,126,127,
128,129,130,131,132,133)(134,135,136,137,138,139,140,141,142,143,
144,145,146,147,148,149,150,151,152)(153,154,155,156,157,158,159,
160,161,162,163,164,165,166,167,168,169,170,171)],
gmul:=
[(1,58,153,20,77,115,39,96,134)(2,59,154,21,78,116,40,
97,135)(3,60,155,22,79,117,41,98,136)(4,61,156,23,
80,118,42,99,137)(5,62,157,24,81,119,43,100,138)
(6,63,158,25,82,120,44,101,139)(7,64,159,26,83,121,45,
102,140)(8,65,160,27,84,122,46,103,141)(9,66,161,28,
85,123,47,104,142)(10,67,162,29,86,124,48,105,143)
(11,68,163,30,87,125,49,106,144)(12,69,164,31,88,126,50,
107,145)(13,70,165,32,89,127,51,108,146)(14,71,166,33,
90,128,52,109,147)(15,72,167,34,91,129,53,110,148)
(16,73,168,35,92,130,54,111,149)(17,74,169,36,93,131,55,
112,150)(18,75,170,37,94,132,56,113,151)(19,76,171,38,
95,133,57,114,152),
(1,2,3,4,5,6,7,8,9,10,11,12,13,14,15,16,
17,18,19)(20,21,22,23,24,25,26,27,28,29,30,31,32,
33,34,35,36,37,38)(39,40,41,42,43,44,45,46,47,48,
49,50,51,52,53,54,55,56,57)(58,65,72,60,67,74,62,
69,76,64,71,59,66,73,61,68,75,63,70)(77,84,91,79,
86,93,81,88,95,83,90,78,85,92,80,87,94,82,89)
(96,103,110,98,105,112,100,107,114,102,109,97,104,111,99,106,
113,101,108)(115,126,118,129,121,132,124,116,127,119,130,122,133,
125,117,128,120,131,123)(134,145,137,148,140,151,143,135,146,138,
149,141,152,144,136,147,139,150,142)(153,164,156,167,159,170,162,
154,165,157,168,160,171,163,155,166,158,169,161)],
p:=(2,115,101,165,166,157,26,76,104,72,47,131,144,48,17,89,
136,73,75,60,141,92,61,79,107,143,5,77,170,29,154,43,41,
164,111,120,28,171,24,84,6,20,96,169,30,66,127,98,63,103,
156,33,152,99,71,4,19,95,162,168,35,69,118,11,134,110,150,
106,121,10,133,137,128,140,119,149,52,108,62,145,49,82,67,83,
74,50,37,117,109,130,80,46,124,113,36,8,58,97,55,94,160,
159,54,9,153,53,90,68,85,151,45,142,129,148,44,122,93,15,
123,139,86,32,13,57,114,81,155,25,3,39,56,146,105,42,65,
125,147,112,16,18,38,161,100,163,158,34,135,23,126,31,132,102,
64,22,21,78,51,88,27,59,12,116,87,14,40,70,91,7),
q:=(2,77,110,60,66,88,51,127,169,48,4)(3,20,153,25,18,
40,135,55,118,10,84,15,78,27,142,93,6,39,22,57,164,159,
24,133,75,150,157,52,154,35,146,168,43,37,82,149,26,145,29,
108,147,167,112,5,115,155,53,124,156,45,59,9,96,98,136,140,
87,7,19,126,47,79,165,100,102,144,30,141,121,11,58,161,166,
106,92,139,130,120,50,41,114,128,73,137,81,101,107,71,17,116,
119,67,125,62,76,160,111,80,32,8,134,170,49,117,162,105,36,
13,21,123,61,131,64,56,69,94,104,151,33,65,83,148,34,70,
132,163,99,143,16)(12,89,63,171,54)(14,38,97,23,95,109,
86,46,90,138,68,122,129,74,28,103,113,42,152,158,44,85,72,
31,91)),rec(
gadd:=
[(1,58,115,20,77,134,39,96,153)(2,65,126,21,84,145,40,
103,164)(3,72,118,22,91,137,41,110,156)(4,60,129,23,
79,148,42,98,167)(5,67,121,24,86,140,43,105,159)
(6,74,132,25,93,151,44,112,170)(7,62,124,26,81,143,45,
100,162)(8,69,116,27,88,135,46,107,154)(9,76,127,28,
95,146,47,114,165)(10,64,119,29,83,138,48,102,157)
(11,71,130,30,90,149,49,109,168)(12,59,122,31,78,141,50,
97,160)(13,66,133,32,85,152,51,104,171)(14,73,125,33,92,
144,52,111,163)(15,61,117,34,80,136,53,99,155)
(16,68,128,35,87,147,54,106,166)(17,75,120,36,94,139,55,
113,158)(18,63,131,37,82,150,56,101,169)(19,70,123,38,
89,142,57,108,161),
(1,2,3,4,5,6,7,8,9,10,11,12,13,14,15,16,
17,18,19)(20,21,22,23,24,25,26,27,28,29,30,31,32,
33,34,35,36,37,38)(39,40,41,42,43,44,45,46,47,48,
49,50,51,52,53,54,55,56,57)(58,59,60,61,62,63,64,
65,66,67,68,69,70,71,72,73,74,75,76)(77,78,79,80,
81,82,83,84,85,86,87,88,89,90,91,92,93,94,95)
(96,97,98,99,100,101,102,103,104,105,106,107,108,109,110,111,
112,113,114)(115,116,117,118,119,120,121,122,123,124,125,126,127,
128,129,130,131,132,133)(134,135,136,137,138,139,140,141,142,143,
144,145,146,147,148,149,150,151,152)(153,154,155,156,157,158,159,
160,161,162,163,164,165,166,167,168,169,170,171)],
gmul:=
[(1,58,115,20,77,134,39,96,153)(2,65,126,21,84,145,40,
103,164)(3,72,118,22,91,137,41,110,156)(4,60,129,23,
79,148,42,98,167)(5,67,121,24,86,140,43,105,159)
(6,74,132,25,93,151,44,112,170)(7,62,124,26,81,143,45,
100,162)(8,69,116,27,88,135,46,107,154)(9,76,127,28,
95,146,47,114,165)(10,64,119,29,83,138,48,102,157)
(11,71,130,30,90,149,49,109,168)(12,59,122,31,78,141,50,
97,160)(13,66,133,32,85,152,51,104,171)(14,73,125,33,92,
144,52,111,163)(15,61,117,34,80,136,53,99,155)
(16,68,128,35,87,147,54,106,166)(17,75,120,36,94,139,55,
113,158)(18,63,131,37,82,150,56,101,169)(19,70,123,38,
89,142,57,108,161),
(1,2,3,4,5,6,7,8,9,10,11,12,13,14,15,16,
17,18,19)(20,21,22,23,24,25,26,27,28,29,30,31,32,
33,34,35,36,37,38)(39,40,41,42,43,44,45,46,47,48,
49,50,51,52,53,54,55,56,57)(58,59,60,61,62,63,64,
65,66,67,68,69,70,71,72,73,74,75,76)(77,78,79,80,
81,82,83,84,85,86,87,88,89,90,91,92,93,94,95)
(96,97,98,99,100,101,102,103,104,105,106,107,108,109,110,111,
112,113,114)(115,116,117,118,119,120,121,122,123,124,125,126,127,
128,129,130,131,132,133)(134,135,136,137,138,139,140,141,142,143,
144,145,146,147,148,149,150,151,152)(153,154,155,156,157,158,159,
160,161,162,163,164,165,166,167,168,169,170,171)],
p:=(2,96,55,125,120,121,130,129,80,32,13,57,131,71,4,19,
38,95,94,83,139,119,36,8,134,136,147,52,132,143,5,115,106,
162,49,102,50,113,140,105,90,149,53,37,110,144,29,84,6,20,
123,87,160,54,122,11,58,85,63,135,23,97,170,166,73,150,33,
70,117,112,64,22,21,126,93,15,40,171,43,78,46,152,24,116,
75,137,111,100,169,67,124,10,108,155,168,61,118,16,114,151,157,
167,62,59,12,103,69,98,163,68,127,92,148,45,41,161,159,35,
141,128,81,165,74,31,101,66,104,156,26,142,99,47,107,79,91,
7)(3,39,56,9,77,51,17,18,133,60,88,27,145,30,146,44,
154,158,34,65,109,42,164,48,76,82,138,86,14,153,25)
(28,89,72),
q:=(2,115,119,42,76,136,81,69,131,162,29,152,54,104,75,94,
144,49,125,99,31,117,129,139,106,71,17,3,20,97,72,50,118,
5,96,23,123,138,149,25,18,103,165,167,166,159,43,142,120,111,
128,147,26,78,32,8,77,27,95,137,121,105,143,16,126,148,33,
154,61,113,92,93,6,39,22,57,98,64,56,12,133,169,168,158,
44,70,101,160,24,108,63,89,170,62,161,73,79,151,68,107,150,
45,37,132,90,86,7,19,40,65,124,11,153,53,41,59,9,134,
82,87,66,122,10,116,156,52,110,83,80,46,84,15,38,145,48,
164,30,88,51,4)(13,21,114,91,14,58,141,100,60,146,34,171,
35,85,155,67,109,36)(28,135,55,102)(47,127,140,130,112,163,157,
74)),rec(
gadd:=
[(1,58,115,20,77,134,39,96,153)(2,65,126,21,84,145,40,
103,164)(3,72,118,22,91,137,41,110,156)(4,60,129,23,
79,148,42,98,167)(5,67,121,24,86,140,43,105,159)
(6,74,132,25,93,151,44,112,170)(7,62,124,26,81,143,45,
100,162)(8,69,116,27,88,135,46,107,154)(9,76,127,28,
95,146,47,114,165)(10,64,119,29,83,138,48,102,157)
(11,71,130,30,90,149,49,109,168)(12,59,122,31,78,141,50,
97,160)(13,66,133,32,85,152,51,104,171)(14,73,125,33,92,
144,52,111,163)(15,61,117,34,80,136,53,99,155)
(16,68,128,35,87,147,54,106,166)(17,75,120,36,94,139,55,
113,158)(18,63,131,37,82,150,56,101,169)(19,70,123,38,
89,142,57,108,161),
(1,2,3,4,5,6,7,8,9,10,11,12,13,14,15,16,
17,18,19)(20,21,22,23,24,25,26,27,28,29,30,31,32,
33,34,35,36,37,38)(39,40,41,42,43,44,45,46,47,48,
49,50,51,52,53,54,55,56,57)(58,59,60,61,62,63,64,
65,66,67,68,69,70,71,72,73,74,75,76)(77,78,79,80,
81,82,83,84,85,86,87,88,89,90,91,92,93,94,95)
(96,97,98,99,100,101,102,103,104,105,106,107,108,109,110,111,
112,113,114)(115,116,117,118,119,120,121,122,123,124,125,126,127,
128,129,130,131,132,133)(134,135,136,137,138,139,140,141,142,143,
144,145,146,147,148,149,150,151,152)(153,154,155,156,157,158,159,
160,161,162,163,164,165,166,167,168,169,170,171)],
gmul:=
[(1,58,115,20,77,134,39,96,153)(2,59,116,21,78,135,40,
97,154)(3,60,117,22,79,136,41,98,155)(4,61,118,23,
80,137,42,99,156)(5,62,119,24,81,138,43,100,157)
(6,63,120,25,82,139,44,101,158)(7,64,121,26,83,140,45,
102,159)(8,65,122,27,84,141,46,103,160)(9,66,123,28,
85,142,47,104,161)(10,67,124,29,86,143,48,105,162)
(11,68,125,30,87,144,49,106,163)(12,69,126,31,88,145,50,
107,164)(13,70,127,32,89,146,51,108,165)(14,71,128,33,
90,147,52,109,166)(15,72,129,34,91,148,53,110,167)
(16,73,130,35,92,149,54,111,168)(17,74,131,36,93,150,55,
112,169)(18,75,132,37,94,151,56,113,170)(19,76,133,38,
95,152,57,114,171),
(1,2,3,4,5,6,7,8,9,10,11,12,13,14,15,16,
17,18,19)(20,21,22,23,24,25,26,27,28,29,30,31,32,
33,34,35,36,37,38)(39,40,41,42,43,44,45,46,47,48,
49,50,51,52,53,54,55,56,57)(58,65,72,60,67,74,62,
69,76,64,71,59,66,73,61,68,75,63,70)(77,84,91,79,
86,93,81,88,95,83,90,78,85,92,80,87,94,82,89)
(96,103,110,98,105,112,100,107,114,102,109,97,104,111,99,106,
113,101,108)(115,126,118,129,121,132,124,116,127,119,130,122,133,
125,117,128,120,131,123)(134,145,137,148,140,151,143,135,146,138,
149,141,152,144,136,147,139,150,142)(153,164,156,167,159,170,162,
154,165,157,168,160,171,163,155,166,158,169,161)],
p:=(2,96,55,124,14,153,158,61,117,16,108,156,30,146,26,152,
35,141,119,36,12,97,169,73,151,166,67,125,6,20,133,72,32,
9,77,47,107,91,11,58,85,75,136,138,92,148,48,70,118,120,
130,80,28,95,82,147,34,59,8,134,137,105,83,139,128,87,160,
54,122,7)(3,39,56,13,57,132,144,33,76,94,90,140,111,106,
163,62,65,102,46,142,129,15,40,161,168,53,37,98,162,45,41,
171,43,84,112,71,4,19,38,89,60,88,31,113,149,49,109,42,
154,74,27,135,23,103,69,110,143,5,115,100,170,157,167,68,127,
86,10,114,150,29,78,50,101,66,104,155,159,24,126,93,99,51,
17,18,123,81,165,44,164,52,131,64,22,21,116,63,145,25),
q:=(2,115,128,138,140,121,111,119,42,70,113,86,11,153,61,101,
160,24,114,79,150,49,124,7,19,40,59,13,21,108,75,82,81,
69,132,83,80,50,117,5,96,23,133,170,68,107,151,62,171,35,
85,156,48,154,167,157,74,51,4)(3,20,103,165,34,161,67,102,
32,12,123,147,44,76,137,130,139,100,72,46,78,28,145,53,41,
65,125,15,38,135,55,109,36,9,134,94,143,16,116,155,73,91,
10,126,148,30,88,47,127,149,29,142,112,162,33,164,26,84,129,
6,39,22,57,110,90,92,93,120,105,144,45,37,131,163,166,168,
25,18,97,60,146,52,98,71,17)(8,77,31,118,99,27,89,169,
159,54,104,63,95,136,87,66,122,14,58,141,106,64,56)
(43,152)),rec(
gadd:=
[(1,58,115,20,77,134,39,96,153)(2,65,126,21,84,145,40,
103,164)(3,72,118,22,91,137,41,110,156)(4,60,129,23,
79,148,42,98,167)(5,67,121,24,86,140,43,105,159)
(6,74,132,25,93,151,44,112,170)(7,62,124,26,81,143,45,
100,162)(8,69,116,27,88,135,46,107,154)(9,76,127,28,
95,146,47,114,165)(10,64,119,29,83,138,48,102,157)
(11,71,130,30,90,149,49,109,168)(12,59,122,31,78,141,50,
97,160)(13,66,133,32,85,152,51,104,171)(14,73,125,33,92,
144,52,111,163)(15,61,117,34,80,136,53,99,155)
(16,68,128,35,87,147,54,106,166)(17,75,120,36,94,139,55,
113,158)(18,63,131,37,82,150,56,101,169)(19,70,123,38,
89,142,57,108,161),
(1,2,3,4,5,6,7,8,9,10,11,12,13,14,15,16,
17,18,19)(20,21,22,23,24,25,26,27,28,29,30,31,32,
33,34,35,36,37,38)(39,40,41,42,43,44,45,46,47,48,
49,50,51,52,53,54,55,56,57)(58,59,60,61,62,63,64,
65,66,67,68,69,70,71,72,73,74,75,76)(77,78,79,80,
81,82,83,84,85,86,87,88,89,90,91,92,93,94,95)
(96,97,98,99,100,101,102,103,104,105,106,107,108,109,110,111,
112,113,114)(115,116,117,118,119,120,121,122,123,124,125,126,127,
128,129,130,131,132,133)(134,135,136,137,138,139,140,141,142,143,
144,145,146,147,148,149,150,151,152)(153,154,155,156,157,158,159,
160,161,162,163,164,165,166,167,168,169,170,171)],
gmul:=
[(1,65,137,23,86,170,45,107,127,10,71,141,32,92,155,54,113,
131,19,58,145,22,79,159,44,100,116,9,64,149,31,85,163,
53,106,120,18,70,134,21,91,167,43,112,124,8,76,138,30,
78,171,52,99,128,17,63,142,20,84,156,42,105,132,7,69,
146,29,90,160,51,111,117,16,75,150,38,77,164,41,98,121,
6,62,135,28,83,168,50,104,125,15,68,139,37,89,153,40,
110,129,5,74,143,27,95,157,49,97,133,14,61,147,36,82,
161,39,103,118,4,67,151,26,88,165,48,109,122,13,73,136,
35,94,169,57,96,126,3,60,140,25,81,154,47,102,130,12,
66,144,34,87,158,56,108,115,2,72,148,24,93,162,46,114,
119,11,59,152,33,80,166,55,101,123)],
p:=(2,58,139,171,157,160,130,152,71,128,27,89,117,92,25,103,
155,64,79,105,45,82,86,159,48,55,129,9,96,99,80,61,98,
73,121,163,29,72,35,131,135,85,166,109,124,12,65,67,158,165,
138,50,156,49,169,83,74,24,108,33,41,137,76,147,10,70,15,
40,150,97,112,144,31,161,30,56,23,145,127,116,66,54,36,37,
118,81,87,44,75,6,20,21,3,39,4,19,126,32,164,149,146,
28,84,53,120,51,42,101,62,68,167,102,52,16,18,38,22,142,
11,77,140,154,95,151,114,111,8,134,59,148,141,47,60,113,143,
122,162,119,69,43,110,26,63,94,136,88,14,153,78,106,13,57,
5,115,100,93,7)(17,123,46,91,132,104,170,168,90,34)
(107,125,133),
q:=(2,115,144,47,120,27,164,102,26,118,163,49,91,61,139,88,
7,19,70,6,39,17,65,128,51,36,41,101,125,69,35,72,43,
150,146,50,82,166,138,28,161,48,23,108,45,156,29,131,104,80,
132,135,154,160,64,158,78,140,85,86,87,34,4)(3,20,57,16)
(5,58,98,124,9,134,127,66,24,145,59,113,111,13,21,18,40,
110,52)(8,96,151,141,31,84,25,142,10,126,46,169,168,157,95,
99,170,83,117,162,71,67,79,147,11,153,165,109,73,68,94,112,
100,155,130,107,62,121,81,159,30,22,103,93,14,77,106)
(12,123,32,89,74,54,42,137,122,92,53,60,148,114,143,76,105,
33,37,63,167,149,97,136,171,90,44,129)(15,38,56,55,75)
(119,133,152)),rec(
gadd:=
[(1,58,115,20,77,134,39,96,153)(2,65,126,21,84,145,40,
103,164)(3,72,118,22,91,137,41,110,156)(4,60,129,23,
79,148,42,98,167)(5,67,121,24,86,140,43,105,159)
(6,74,132,25,93,151,44,112,170)(7,62,124,26,81,143,45,
100,162)(8,69,116,27,88,135,46,107,154)(9,76,127,28,
95,146,47,114,165)(10,64,119,29,83,138,48,102,157)
(11,71,130,30,90,149,49,109,168)(12,59,122,31,78,141,50,
97,160)(13,66,133,32,85,152,51,104,171)(14,73,125,33,92,
144,52,111,163)(15,61,117,34,80,136,53,99,155)
(16,68,128,35,87,147,54,106,166)(17,75,120,36,94,139,55,
113,158)(18,63,131,37,82,150,56,101,169)(19,70,123,38,
89,142,57,108,161),
(1,2,3,4,5,6,7,8,9,10,11,12,13,14,15,16,
17,18,19)(20,21,22,23,24,25,26,27,28,29,30,31,32,
33,34,35,36,37,38)(39,40,41,42,43,44,45,46,47,48,
49,50,51,52,53,54,55,56,57)(58,59,60,61,62,63,64,
65,66,67,68,69,70,71,72,73,74,75,76)(77,78,79,80,
81,82,83,84,85,86,87,88,89,90,91,92,93,94,95)
(96,97,98,99,100,101,102,103,104,105,106,107,108,109,110,111,
112,113,114)(115,116,117,118,119,120,121,122,123,124,125,126,127,
128,129,130,131,132,133)(134,135,136,137,138,139,140,141,142,143,
144,145,146,147,148,149,150,151,152)(153,154,155,156,157,158,159,
160,161,162,163,164,165,166,167,168,169,170,171)],
gmul:=
[(1,58,134,20,77,153,39,96,115)(2,69,141,21,88,160,40,
107,122)(3,61,148,22,80,167,41,99,129)(4,72,136,23,
91,155,42,110,117)(5,64,143,24,83,162,43,102,124)
(6,75,150,25,94,169,44,113,131)(7,67,138,26,86,157,45,
105,119)(8,59,145,27,78,164,46,97,126)(9,70,152,28,
89,171,47,108,133)(10,62,140,29,81,159,48,100,121)
(11,73,147,30,92,166,49,111,128)(12,65,135,31,84,154,50,
103,116)(13,76,142,32,95,161,51,114,123)(14,68,149,33,
87,168,52,106,130)(15,60,137,34,79,156,53,98,118)
(16,71,144,35,90,163,54,109,125)(17,63,151,36,82,170,55,
101,132)(18,74,139,37,93,158,56,112,120)(19,66,146,38,
85,165,57,104,127),
(1,2,3,4,5,6,7,8,9,10,11,12,13,14,15,16,
17,18,19)(20,21,22,23,24,25,26,27,28,29,30,31,32,
33,34,35,36,37,38)(39,40,41,42,43,44,45,46,47,48,
49,50,51,52,53,54,55,56,57)(58,59,60,61,62,63,64,
65,66,67,68,69,70,71,72,73,74,75,76)(77,78,79,80,
81,82,83,84,85,86,87,88,89,90,91,92,93,94,95)
(96,97,98,99,100,101,102,103,104,105,106,107,108,109,110,111,
112,113,114)(115,116,117,118,119,120,121,122,123,124,125,126,127,
128,129,130,131,132,133)(134,135,136,137,138,139,140,141,142,143,
144,145,146,147,148,149,150,151,152)(153,154,155,156,157,158,159,
160,161,162,163,164,165,166,167,168,169,170,171)],
p:=(2,58,108,155,157,156,30,142,118,131,86,10,66,70,117,16,
76,112,87,164,52,132,147,34,88,31,74,27,141,124,14,153,169,
90,138,109,42,160,54,126,101,89,80,28,104,167,92,137,62,78,
50,75,148,48,95,113,144,33,85,93,72,32,9,96,55,121,119,
36,12,69,60,103,84,63,135,23,59,8,134,136,143,5,115,64,
22,21,122,7)(3,39,56,13,57,120,125,6,20,127,100,158,91,
11,77,47,65,67,128,111,73,139,130,110,140,71,4,19,38,114,
151,168,53,37,61,129,15,40,171,43,97,170,162,45,41,165,44,
154,82,149,49,68,123,102,46,152,35,145,25)(17,18,133,79,99,
51)(24,116,94,106,166,81,161,163,83,150,29,107,98,159)(26,146)
,
q:=(2,115,130,150,49,121,71,17,3,20,59,13,21,76,136,111,
124,7,19,40,88,47,123,149,29,152,43,146,52,61,75,113,100,
79,151,83,110,106,86,11,153,91,10,116,167,162,33,154,156,48,
160,24,66,126,137,125,15,38,141,73,98,87,89,170,92,101,164,
26,97,80,50,129,6,39,22,57,60,142,63,104,94,140,119,42,
95,148,30,103,161,81,84,118,72,46,107,139,64,56,8,96,23,
127,144,45,37,132,105,147,44,85,155,90,109,36,9,134,112,159,
54,70,74,51,4)(5,58,145,53,41,78,28,135,55,68,65,128,
143,16,122,14,77,31,117)(12,133,158,169,157,82,102,32)
(18,69,120,62,165,34,171,35,108,93,131,166,163,168,25)
(27,114,99)),rec(
gadd:=
[(1,58,115,20,77,134,39,96,153)(2,65,126,21,84,145,40,
103,164)(3,72,118,22,91,137,41,110,156)(4,60,129,23,
79,148,42,98,167)(5,67,121,24,86,140,43,105,159)
(6,74,132,25,93,151,44,112,170)(7,62,124,26,81,143,45,
100,162)(8,69,116,27,88,135,46,107,154)(9,76,127,28,
95,146,47,114,165)(10,64,119,29,83,138,48,102,157)
(11,71,130,30,90,149,49,109,168)(12,59,122,31,78,141,50,
97,160)(13,66,133,32,85,152,51,104,171)(14,73,125,33,92,
144,52,111,163)(15,61,117,34,80,136,53,99,155)
(16,68,128,35,87,147,54,106,166)(17,75,120,36,94,139,55,
113,158)(18,63,131,37,82,150,56,101,169)(19,70,123,38,
89,142,57,108,161),
(1,2,3,4,5,6,7,8,9,10,11,12,13,14,15,16,
17,18,19)(20,21,22,23,24,25,26,27,28,29,30,31,32,
33,34,35,36,37,38)(39,40,41,42,43,44,45,46,47,48,
49,50,51,52,53,54,55,56,57)(58,59,60,61,62,63,64,
65,66,67,68,69,70,71,72,73,74,75,76)(77,78,79,80,
81,82,83,84,85,86,87,88,89,90,91,92,93,94,95)
(96,97,98,99,100,101,102,103,104,105,106,107,108,109,110,111,
112,113,114)(115,116,117,118,119,120,121,122,123,124,125,126,127,
128,129,130,131,132,133)(134,135,136,137,138,139,140,141,142,143,
144,145,146,147,148,149,150,151,152)(153,154,155,156,157,158,159,
160,161,162,163,164,165,166,167,168,169,170,171)],
gmul:=
[(1,65,156,23,86,132,45,107,146,10,71,160,32,92,117,54,113,
150,19,58,164,22,79,121,44,100,135,9,64,168,31,85,125,
53,106,139,18,70,153,21,91,129,43,112,143,8,76,157,30,
78,133,52,99,147,17,63,161,20,84,118,42,105,151,7,69,
165,29,90,122,51,111,136,16,75,169,38,77,126,41,98,140,
6,62,154,28,83,130,50,104,144,15,68,158,37,89,115,40,
110,148,5,74,162,27,95,119,49,97,152,14,61,166,36,82,
123,39,103,137,4,67,170,26,88,127,48,109,141,13,73,155,
35,94,131,57,96,145,3,60,159,25,81,116,47,102,149,12,
66,163,34,87,120,56,108,134,2,72,167,24,93,124,46,114,
138,11,59,171,33,80,128,55,101,142)],
p:=(2,115,162,83,132,171,102,52,36,103,45,150,160,97,170,109,
81,147,10,123,85,44,120,51,94,61,167,157,48,55,79,159,30,
56,23,65,121,46,137,127,88,34,37,91,93,7)(3,39,4,19,
84,53,101,124,32,17,38,22,70,35,108,112,73,86,14,40,63,
139,47,129,9,153,141,78,166,168,149,76,68,15,18,96,155,119,
116,133,154,146,28,145,95,74,24,161,114,163,29,118,143,104,13,
57,5,77,67,43,156,49,42,169,138,50,16,89,106,33,82,140,
11,134,122,12,126,100,151,165,64,148,59,60,158,90,105,92,25,
164,71,113,62,128,27,142,31,41,72,98,125,111,8,58,75,6,
20,21)(26,131,69,87,80,117,144,107,99,136,135,152,130,66,54,
110),
q:=(2,77,147,11,58,148,146,50,5,115,111,13,21,18,153,76,
140,10,84,25,108,155,90,166,102,26,91,117,62,86,7,19,123,
116,88,44,79,106,45,72,158,119,85,34,41,150,114,100,61,113,
144,171,168,64,75,15,3,20,57,16,126,163,49,36,161,160,165,
149,141,127,133,104,8,134,95,136,66,24,103,33,118,73,128,51,
129,12,89,159,48,23,142,47,94,151,97,99,74,54,169,71,167,
109,125,162,130,135,69,121,32,4)(6,39,17,40,137,78,105,124,
46,63,60,98,81,67,35,164,138,28,70,43,101,92,53,156,29,
82,68)(9,96,112,143,154,59,139,31,37,131,152,83,80,93,14,
38,56,55,120,27,65,87,132,107,170,157,30,22,145,122)
(42,110,52)),rec(
gadd:=
[(1,58,115,20,77,134,39,96,153)(2,65,126,21,84,145,40,
103,164)(3,72,118,22,91,137,41,110,156)(4,60,129,23,
79,148,42,98,167)(5,67,121,24,86,140,43,105,159)
(6,74,132,25,93,151,44,112,170)(7,62,124,26,81,143,45,
100,162)(8,69,116,27,88,135,46,107,154)(9,76,127,28,
95,146,47,114,165)(10,64,119,29,83,138,48,102,157)
(11,71,130,30,90,149,49,109,168)(12,59,122,31,78,141,50,
97,160)(13,66,133,32,85,152,51,104,171)(14,73,125,33,92,
144,52,111,163)(15,61,117,34,80,136,53,99,155)
(16,68,128,35,87,147,54,106,166)(17,75,120,36,94,139,55,
113,158)(18,63,131,37,82,150,56,101,169)(19,70,123,38,
89,142,57,108,161),
(1,2,3,4,5,6,7,8,9,10,11,12,13,14,15,16,
17,18,19)(20,21,22,23,24,25,26,27,28,29,30,31,32,
33,34,35,36,37,38)(39,40,41,42,43,44,45,46,47,48,
49,50,51,52,53,54,55,56,57)(58,59,60,61,62,63,64,
65,66,67,68,69,70,71,72,73,74,75,76)(77,78,79,80,
81,82,83,84,85,86,87,88,89,90,91,92,93,94,95)
(96,97,98,99,100,101,102,103,104,105,106,107,108,109,110,111,
112,113,114)(115,116,117,118,119,120,121,122,123,124,125,126,127,
128,129,130,131,132,133)(134,135,136,137,138,139,140,141,142,143,
144,145,146,147,148,149,150,151,152)(153,154,155,156,157,158,159,
160,161,162,163,164,165,166,167,168,169,170,171)],
gmul:=
[(1,59,155,23,81,120,45,103,142,10,68,164,32,90,129,54,112,
151,19,58,154,22,80,119,44,102,141,9,67,163,31,89,128,
53,111,150,18,76,153,21,79,118,43,101,140,8,66,162,30,
88,127,52,110,149,17,75,171,20,78,117,42,100,139,7,65,
161,29,87,126,51,109,148,16,74,170,38,77,116,41,99,138,
6,64,160,28,86,125,50,108,147,15,73,169,37,95,115,40,
98,137,5,63,159,27,85,124,49,107,146,14,72,168,36,94,
133,39,97,136,4,62,158,26,84,123,48,106,145,13,71,167,
35,93,132,57,96,135,3,61,157,25,83,122,47,105,144,12,
70,166,34,92,131,56,114,134,2,60,156,24,82,121,46,104,
143,11,69,165,33,91,130,55,113,152)],
p:=(2,115,159,30,56,23,59,61,156,49,42,170,106,33,94,72,
99,148,69,92,25,154,142,31,41,60,169,143,108,101,121,46,136,
141,88,34,37,79,157,48,55,80,129,9,153,145,85,44,131,65,
119,122,12,116,127,84,53,113,64,137,123,89,111,8,58,74,24,
171,105,90,100,139,47,118,140,11,134,126,102,52,36,97,158,87,
91,82,138,50,16,95,63,150,164,68,15,18,96,167,162,86,14,
40,75,6,20,21,3,39,4,19,78,168,144,103,45,151,161,104,
13,57,5,77,62,130,70,35,114,166,163,29,117,147,10,133,160,
107,110,26,132,165,67,43,155,124,32,17,38,22,76,73,81,149,
66,54,98,128,27,152,125,109,83,120,51,93,7)(28,135,146)
(71,112),
q:=(2,77,149,145,126,166,105,121,32,4)(3,20,57,16,116,84,
25,114,102,26,79,111,13,21,18,153,66,24,97,110,52,42,98,
83,91,129,12,95,148,142,47,93,14,38,56,55,131,146,50,5,
115,109,128,51,118,71,156,29,94,139,31,37,132,103,33,117,64,
74,54,170,162,125,159,48,23,152,86,7,19,133,108,167,106,45,
60,99,63,61,112,140,10,78,100,72,169,68,6,39,17,40,136,
70,43,113,147,11,58,137,88,44,80,82,73,130,141,123,122,9,
96,101,90,168,67,35,154,69,119,89,157,30,22,135,65,92,53,
155,87,120,27,59,150,104,8,134,85,34,41,151,107,158,124,46,
75,15)(28,76,138)(36,171,163,49)(62,81)(143,160,161,164)
(144,165)),rec(
gadd:=
[(1,58,115,20,77,134,39,96,153)(2,65,126,21,84,145,40,
103,164)(3,72,118,22,91,137,41,110,156)(4,60,129,23,
79,148,42,98,167)(5,67,121,24,86,140,43,105,159)
(6,74,132,25,93,151,44,112,170)(7,62,124,26,81,143,45,
100,162)(8,69,116,27,88,135,46,107,154)(9,76,127,28,
95,146,47,114,165)(10,64,119,29,83,138,48,102,157)
(11,71,130,30,90,149,49,109,168)(12,59,122,31,78,141,50,
97,160)(13,66,133,32,85,152,51,104,171)(14,73,125,33,92,
144,52,111,163)(15,61,117,34,80,136,53,99,155)
(16,68,128,35,87,147,54,106,166)(17,75,120,36,94,139,55,
113,158)(18,63,131,37,82,150,56,101,169)(19,70,123,38,
89,142,57,108,161),
(1,2,3,4,5,6,7,8,9,10,11,12,13,14,15,16,
17,18,19)(20,21,22,23,24,25,26,27,28,29,30,31,32,
33,34,35,36,37,38)(39,40,41,42,43,44,45,46,47,48,
49,50,51,52,53,54,55,56,57)(58,59,60,61,62,63,64,
65,66,67,68,69,70,71,72,73,74,75,76)(77,78,79,80,
81,82,83,84,85,86,87,88,89,90,91,92,93,94,95)
(96,97,98,99,100,101,102,103,104,105,106,107,108,109,110,111,
112,113,114)(115,116,117,118,119,120,121,122,123,124,125,126,127,
128,129,130,131,132,133)(134,135,136,137,138,139,140,141,142,143,
144,145,146,147,148,149,150,151,152)(153,154,155,156,157,158,159,
160,161,162,163,164,165,166,167,168,169,170,171)],
gmul:=
[(1,58,134,20,77,153,39,96,115)(2,69,141,21,88,160,40,
107,122)(3,61,148,22,80,167,41,99,129)(4,72,136,23,
91,155,42,110,117)(5,64,143,24,83,162,43,102,124)
(6,75,150,25,94,169,44,113,131)(7,67,138,26,86,157,45,
105,119)(8,59,145,27,78,164,46,97,126)(9,70,152,28,
89,171,47,108,133)(10,62,140,29,81,159,48,100,121)
(11,73,147,30,92,166,49,111,128)(12,65,135,31,84,154,50,
103,116)(13,76,142,32,95,161,51,114,123)(14,68,149,33,
87,168,52,106,130)(15,60,137,34,79,156,53,98,118)
(16,71,144,35,90,163,54,109,125)(17,63,151,36,82,170,55,
101,132)(18,74,139,37,93,158,56,112,120)(19,66,146,38,
85,165,57,104,127),
(1,2,3,4,5,6,7,8,9,10,11,12,13,14,15,16,
17,18,19)(20,21,22,23,24,25,26,27,28,29,30,31,32,
33,34,35,36,37,38)(39,40,41,42,43,44,45,46,47,48,
49,50,51,52,53,54,55,56,57)(58,65,72,60,67,74,62,
69,76,64,71,59,66,73,61,68,75,63,70)(77,84,91,79,
86,93,81,88,95,83,90,78,85,92,80,87,94,82,89)
(96,103,110,98,105,112,100,107,114,102,109,97,104,111,99,106,
113,101,108)(115,126,118,129,121,132,124,116,127,119,130,122,133,
125,117,128,120,131,123)(134,145,137,148,140,151,143,135,146,138,
149,141,152,144,136,147,139,150,142)(153,164,156,167,159,170,162,
154,165,157,168,160,171,163,155,166,158,169,161)],
p:=(2,58,114,150,33,85,93,15,40,161,162,49,62,84,6,20,
127,106,157,155,166,87,154,170,163,90,147,52,131,92,136,144,29,
107,110,149,53,37,61,129,98,168,79,99,47,59,12,69,72,28,
104,167,86,14,153,25,3,39,56,9,96,55,130,117,75,148,45,
41,165,94,100,158,34,88,27,141,125,132,138,102,50,63,145,30,
152,24,126,113,143,5,115,71,4,19,38,108,156,26,146,44,164,
48,89,80,32,13,57,120,124,10,66,76,112,81,171,43,103,78,
46,142,60,97,169,83,151,159,35,135,23,65,73,139,121,128,105,
111,67,119,36,8,134,137,68,133,91,7)(11,77,51,17,18,123,
109,42,160,54,116,82,140,64,22,21,122)(16,70,118)(31,74)
(95,101),
q:=(2,115,121,64,56,12,123,140,128,144,49,130,75,101,154,79,
150,45,37,131,157,94,149,25,18,69,120,68,59,9,134,112,168,
170,86,7,19,40,88,51,4)(3,20,65,119,42,89,169,166,162,
29,142,132,111,125,60,152,54,76,137,124,11,153,53,41,84,15,
38,141,67,73,110,100,91,14,77,27,108,93,6,39,22,57,72,
50,129,151,90,102,28,145,48,160,24,66,116,167,163,159,43,146,
34,161,87,95,148,33,164,30,97,80,46,107,139,71,17)
(5,58,135,55,62,165,155,83,98,81,78,32,8,96,23,127,143,
16,122,10,126,136,105,138,147,26,103,171,35,114,99,31,118)
(13,21,70,74,47,133,158,44,85,156,52,61,63,104,82,109,36)
(92,113,106)),rec(
gadd:=
[(1,58,115,20,77,134,39,96,153)(2,65,126,21,84,145,40,
103,164)(3,72,118,22,91,137,41,110,156)(4,60,129,23,
79,148,42,98,167)(5,67,121,24,86,140,43,105,159)
(6,74,132,25,93,151,44,112,170)(7,62,124,26,81,143,45,
100,162)(8,69,116,27,88,135,46,107,154)(9,76,127,28,
95,146,47,114,165)(10,64,119,29,83,138,48,102,157)
(11,71,130,30,90,149,49,109,168)(12,59,122,31,78,141,50,
97,160)(13,66,133,32,85,152,51,104,171)(14,73,125,33,92,
144,52,111,163)(15,61,117,34,80,136,53,99,155)
(16,68,128,35,87,147,54,106,166)(17,75,120,36,94,139,55,
113,158)(18,63,131,37,82,150,56,101,169)(19,70,123,38,
89,142,57,108,161),
(1,2,3,4,5,6,7,8,9,10,11,12,13,14,15,16,
17,18,19)(20,21,22,23,24,25,26,27,28,29,30,31,32,
33,34,35,36,37,38)(39,40,41,42,43,44,45,46,47,48,
49,50,51,52,53,54,55,56,57)(58,59,60,61,62,63,64,
65,66,67,68,69,70,71,72,73,74,75,76)(77,78,79,80,
81,82,83,84,85,86,87,88,89,90,91,92,93,94,95)
(96,97,98,99,100,101,102,103,104,105,106,107,108,109,110,111,
112,113,114)(115,116,117,118,119,120,121,122,123,124,125,126,127,
128,129,130,131,132,133)(134,135,136,137,138,139,140,141,142,143,
144,145,146,147,148,149,150,151,152)(153,154,155,156,157,158,159,
160,161,162,163,164,165,166,167,168,169,170,171)],
gmul:=
[(1,58,153,20,77,115,39,96,134)(2,69,160,21,88,122,40,
107,141)(3,61,167,22,80,129,41,99,148)(4,72,155,23,
91,117,42,110,136)(5,64,162,24,83,124,43,102,143)
(6,75,169,25,94,131,44,113,150)(7,67,157,26,86,119,45,
105,138)(8,59,164,27,78,126,46,97,145)(9,70,171,28,
89,133,47,108,152)(10,62,159,29,81,121,48,100,140)
(11,73,166,30,92,128,49,111,147)(12,65,154,31,84,116,50,
103,135)(13,76,161,32,95,123,51,114,142)(14,68,168,33,
87,130,52,106,149)(15,60,156,34,79,118,53,98,137)
(16,71,163,35,90,125,54,109,144)(17,63,170,36,82,132,55,
101,151)(18,74,158,37,93,120,56,112,139)(19,66,165,38,
85,127,57,104,146),
(1,2,3,4,5,6,7,8,9,10,11,12,13,14,15,16,
17,18,19)(20,21,22,23,24,25,26,27,28,29,30,31,32,
33,34,35,36,37,38)(39,40,41,42,43,44,45,46,47,48,
49,50,51,52,53,54,55,56,57)(58,59,60,61,62,63,64,
65,66,67,68,69,70,71,72,73,74,75,76)(77,78,79,80,
