NCBRACES[148] := [ rec(
      gadd := [ (  1, 23,  8, 30, 15, 37, 22,  7, 29, 14, 36, 21,  6, 28, 13, 35, 20,  5, 27, 12, 34, 19,  4, 26, 11,
              33, 18,  3, 25, 10, 32, 17,  2, 24,  9, 31, 16)( 38, 60, 45, 67, 52, 74, 59, 44, 66, 51, 73, 58, 43, 65,
             50, 72, 57, 42, 64, 49, 71, 56, 41, 63, 48, 70, 55, 40, 62, 47, 69, 54, 39, 61, 46, 68, 53)
            ( 75, 97, 82,104, 89,111, 96, 81,103, 88,110, 95, 80,102, 87,109, 94, 79,101, 86,108, 93, 78,100, 85,107,
              92, 77, 99, 84,106, 91, 76, 98, 83,105, 90)(112,134,119,141,126,148,133,118,140,125,147,132,117,139,124,
             146,131,116,138,123,145,130,115,137,122,144,129,114,136,121,143,128,113,135,120,142,127), 
          (  1, 79, 38,116)(  2, 78, 39,115)(  3, 77, 40,114)(  4, 76, 41,113)(  5, 75, 42,112)(  6,111, 43,148)
            (  7,110, 44,147)(  8,109, 45,146)(  9,108, 46,145)( 10,107, 47,144)( 11,106, 48,143)( 12,105, 49,142)
            ( 13,104, 50,141)( 14,103, 51,140)( 15,102, 52,139)( 16,101, 53,138)( 17,100, 54,137)( 18, 99, 55,136)
            ( 19, 98, 56,135)( 20, 97, 57,134)( 21, 96, 58,133)( 22, 95, 59,132)( 23, 94, 60,131)( 24, 93, 61,130)
            ( 25, 92, 62,129)( 26, 91, 63,128)( 27, 90, 64,127)( 28, 89, 65,126)( 29, 88, 66,125)( 30, 87, 67,124)
            ( 31, 86, 68,123)( 32, 85, 69,122)( 33, 84, 70,121)( 34, 83, 71,120)( 35, 82, 72,119)( 36, 81, 73,118)
            ( 37, 80, 74,117) ],
      gmul := [ (  1, 59,  6, 64, 11, 69, 16, 74, 21, 42, 26, 47, 31, 52, 36, 57,  4, 62,  9, 67, 14, 72, 19, 40, 24,
              45, 29, 50, 34, 55,  2, 60,  7, 65, 12, 70, 17, 38, 22, 43, 27, 48, 32, 53, 37, 58,  5, 63, 10, 68, 15,
              73, 20, 41, 25, 46, 30, 51, 35, 56,  3, 61,  8, 66, 13, 71, 18, 39, 23, 44, 28, 49, 33, 54)
            ( 75,128,107,123,102,118, 97,113, 92,145, 87,140, 82,135, 77,130,109,125,104,120, 99,115, 94,147, 89,142,
              84,137, 79,132,111,127,106,122,101,117, 96,112, 91,144, 86,139, 81,134, 76,129,108,124,103,119, 98,114,
              93,146, 88,141, 83,136, 78,131,110,126,105,121,100,116, 95,148, 90,143, 85,138, 80,133), 
          (  1,134, 38, 97)(  2,135, 39, 98)(  3,136, 40, 99)(  4,137, 41,100)(  5,138, 42,101)(  6,139, 43,102)
            (  7,140, 44,103)(  8,141, 45,104)(  9,142, 46,105)( 10,143, 47,106)( 11,144, 48,107)( 12,145, 49,108)
            ( 13,146, 50,109)( 14,147, 51,110)( 15,148, 52,111)( 16,112, 53, 75)( 17,113, 54, 76)( 18,114, 55, 77)
            ( 19,115, 56, 78)( 20,116, 57, 79)( 21,117, 58, 80)( 22,118, 59, 81)( 23,119, 60, 82)( 24,120, 61, 83)
            ( 25,121, 62, 84)( 26,122, 63, 85)( 27,123, 64, 86)( 28,124, 65, 87)( 29,125, 66, 88)( 30,126, 67, 89)
            ( 31,127, 68, 90)( 32,128, 69, 91)( 33,129, 70, 92)( 34,130, 71, 93)( 35,131, 72, 94)( 36,132, 73, 95)
            ( 37,133, 74, 96) ],
      p := (  2,112,101,113,138, 73,119, 19, 26, 50, 62, 33, 59,  6,  5, 75, 45, 92, 61, 84, 90, 20, 83, 53, 88, 94,
          98, 24,124, 65,107, 31,133, 32,128,102, 72, 78,  8,116, 97, 80, 86, 16,120, 93, 43, 14,  9, 71, 41, 55,121,
         130,106, 68,111, 27, 22, 13,108,105,146, 44, 95)(  3, 38, 21,104,109,142, 40,132, 11, 30, 17, 67, 74,  4, 34,
         54, 29,100, 76, 82, 12, 79, 49, 51, 10, 42, 58, 66,148,122, 52, 99, 39,129,143, 81,127,126, 89,135,110, 64,
          70, 37, 96,139, 77,123, 15,141)(  7,145)( 18, 46, 25, 63,144,118, 56,140,114, 60,103, 35)( 23,137, 36, 91,
         117,134, 69,115)( 28, 87, 57, 47,125)( 48,136,147, 85,131),
      q := (  2, 75, 68,148, 85, 94,135,147,122, 61,121, 93, 70)(  3, 38, 18, 67, 39, 92, 52,136,110, 49, 62,  6, 34,
          59, 33, 54, 10, 71, 72,115, 16, 83, 60,140, 77, 86, 23,100,113,101, 76,119, 20,120,130,143,118, 57, 66,111,
          12,116,134, 44,132, 28,124, 48, 99, 74, 35, 21,141, 36,128,139,114, 53,125, 11,  9, 42, 55, 84,127, 89, 98,
          15,104,146, 69, 78, 31, 96,102, 41, 58, 47, 88,131, 65,144, 81, 90, 19, 13,145, 32, 91, 80,123, 24, 87, 56,
         103,  4,  5,112,138, 40, 95, 37,133,  7,108,142, 73, 82, 27, 17, 46, 14, 30, 22, 26, 63,107,  8, 79, 64, 43,
          25, 50, 51, 29,137)( 45,129,106)( 97,117)(105,109) ), rec(
      gadd := [ (  1, 62, 12, 73, 23, 47, 34, 58,  8, 69, 19, 43, 30, 54,  4, 65, 15, 39, 26, 50, 37, 61, 11, 72, 22,
              46, 33, 57,  7, 68, 18, 42, 29, 53,  3, 64, 14, 38, 25, 49, 36, 60, 10, 71, 21, 45, 32, 56,  6, 67, 17,
              41, 28, 52,  2, 63, 13, 74, 24, 48, 35, 59,  9, 70, 20, 44, 31, 55,  5, 66, 16, 40, 27, 51)
            ( 75,136, 86,147, 97,121,108,132, 82,143, 93,117,104,128, 78,139, 89,113,100,124,111,135, 85,146, 96,120,
             107,131, 81,142, 92,116,103,127, 77,138, 88,112, 99,123,110,134, 84,145, 95,119,106,130, 80,141, 91,115,
             102,126, 76,137, 87,148, 98,122,109,133, 83,144, 94,118,105,129, 79,140, 90,114,101,125), 
          (  1, 99, 38,136)(  2, 98, 39,135)(  3, 97, 40,134)(  4, 96, 41,133)(  5, 95, 42,132)(  6, 94, 43,131)
            (  7, 93, 44,130)(  8, 92, 45,129)(  9, 91, 46,128)( 10, 90, 47,127)( 11, 89, 48,126)( 12, 88, 49,125)
            ( 13, 87, 50,124)( 14, 86, 51,123)( 15, 85, 52,122)( 16, 84, 53,121)( 17, 83, 54,120)( 18, 82, 55,119)
            ( 19, 81, 56,118)( 20, 80, 57,117)( 21, 79, 58,116)( 22, 78, 59,115)( 23, 77, 60,114)( 24, 76, 61,113)
            ( 25, 75, 62,112)( 26,111, 63,148)( 27,110, 64,147)( 28,109, 65,146)( 29,108, 66,145)( 30,107, 67,144)
            ( 31,106, 68,143)( 32,105, 69,142)( 33,104, 70,141)( 34,103, 71,140)( 35,102, 72,139)( 36,101, 73,138)
            ( 37,100, 74,137) ],
      gmul := [ (  1, 56, 37, 55, 36, 54, 35, 53, 34, 52, 33, 51, 32, 50, 31, 49, 30, 48, 29, 47, 28, 46, 27, 45, 26,
              44, 25, 43, 24, 42, 23, 41, 22, 40, 21, 39, 20, 38, 19, 74, 18, 73, 17, 72, 16, 71, 15, 70, 14, 69, 13,
              68, 12, 67, 11, 66, 10, 65,  9, 64,  8, 63,  7, 62,  6, 61,  5, 60,  4, 59,  3, 58,  2, 57)
            ( 75,130,111,129,110,128,109,127,108,126,107,125,106,124,105,123,104,122,103,121,102,120,101,119,100,118,
              99,117, 98,116, 97,115, 96,114, 95,113, 94,112, 93,148, 92,147, 91,146, 90,145, 89,144, 88,143, 87,142,
              86,141, 85,140, 84,139, 83,138, 82,137, 81,136, 80,135, 79,134, 78,133, 77,132, 76,131), 
          (  1, 93)(  2, 92)(  3, 91)(  4, 90)(  5, 89)(  6, 88)(  7, 87)(  8, 86)(  9, 85)( 10, 84)( 11, 83)( 12, 82)
            ( 13, 81)( 14, 80)( 15, 79)( 16, 78)( 17, 77)( 18, 76)( 19, 75)( 20,111)( 21,110)( 22,109)( 23,108)
            ( 24,107)( 25,106)( 26,105)( 27,104)( 28,103)( 29,102)( 30,101)( 31,100)( 32, 99)( 33, 98)( 34, 97)
            ( 35, 96)( 36, 95)( 37, 94)( 38,130)( 39,129)( 40,128)( 41,127)( 42,126)( 43,125)( 44,124)( 45,123)
            ( 46,122)( 47,121)( 48,120)( 49,119)( 50,118)( 51,117)( 52,116)( 53,115)( 54,114)( 55,113)( 56,112)
            ( 57,148)( 58,147)( 59,146)( 60,145)( 61,144)( 62,143)( 63,142)( 64,141)( 65,140)( 66,139)( 67,138)
            ( 68,137)( 69,136)( 70,135)( 71,134)( 72,133)( 73,132)( 74,131) ],
      p := (  2, 75, 64,119, 12, 30,124, 57, 66, 35, 21,141,110,109, 74)(  3, 38,128, 61,115,105, 41, 58, 47, 88,135,
          28, 22,120, 53,125, 97,121,101, 70,111,142, 32, 91, 98, 11,  9, 42, 55, 84,131, 24, 87, 94, 48, 99, 80,140,
         118,117,138, 85, 23,100, 44, 14,116, 76, 43, 25, 50, 51, 29,137,  7,108, 45,129, 93, 15,104,147, 36, 18, 67,
          68, 39, 92,139, 40, 95,102,106,146, 77, 86, 56,103, 37,133, 89, 19, 13,145, 81, 27, 17, 46,132, 65,148)
        (  4,  5, 34, 59, 33, 54,136, 69, 82, 60,  6,112,113,  8, 79,127, 20, 26, 63, 78,107)( 10, 71,123, 16, 83, 90,
         52)( 31, 96,143,114, 49, 62, 72,144, 73)(122,134)(126,130),
      q := (  2, 75, 49, 51, 10, 42, 58, 66,  4, 34, 54,136, 44, 25, 63, 78,107, 35, 18, 46,132, 48, 99, 80,140,118,
         117,138, 85, 16, 83, 90, 61,115,105, 72,144, 40, 95,102,106,146, 77, 86, 57, 47, 88,135, 11, 30,124, 56,103)
        (  3, 38,128, 52, 29,137, 32, 91, 98, 28, 17, 67, 45,129, 93, 24, 87, 94, 65,148, 36, 21,141,110,109, 39, 92,
         139, 73,  8, 79,127, 19, 26, 50, 62, 41, 55, 84,131, 15,104,147)(  6,112,113, 31, 96,143,114, 64,119, 27, 22,
         120, 60, 33, 59)(  7,108, 68, 74, 37,133, 89, 20, 13,145, 81, 12,  9, 71,123, 23,100, 69, 82, 53,125, 97,121,
         101, 43, 14,116, 76, 70,111,142)(122,134)(126,130) ), rec(
      gadd := [ (  1, 40,  5, 44,  9, 48, 13, 52, 17, 56, 21, 60, 25, 64, 29, 68, 33, 72, 37, 39,  4, 43,  8, 47, 12,
              51, 16, 55, 20, 59, 24, 63, 28, 67, 32, 71, 36, 38,  3, 42,  7, 46, 11, 50, 15, 54, 19, 58, 23, 62, 27,
              66, 31, 70, 35, 74,  2, 41,  6, 45, 10, 49, 14, 53, 18, 57, 22, 61, 26, 65, 30, 69, 34, 73)
            ( 75,114, 79,118, 83,122, 87,126, 91,130, 95,134, 99,138,103,142,107,146,111,113, 78,117, 82,121, 86,125,
              90,129, 94,133, 98,137,102,141,106,145,110,112, 77,116, 81,120, 85,124, 89,128, 93,132, 97,136,101,140,
             105,144,109,148, 76,115, 80,119, 84,123, 88,127, 92,131, 96,135,100,139,104,143,108,147), 
          (  1,148, 38,111)(  2,147, 39,110)(  3,146, 40,109)(  4,145, 41,108)(  5,144, 42,107)(  6,143, 43,106)
            (  7,142, 44,105)(  8,141, 45,104)(  9,140, 46,103)( 10,139, 47,102)( 11,138, 48,101)( 12,137, 49,100)
            ( 13,136, 50, 99)( 14,135, 51, 98)( 15,134, 52, 97)( 16,133, 53, 96)( 17,132, 54, 95)( 18,131, 55, 94)
            ( 19,130, 56, 93)( 20,129, 57, 92)( 21,128, 58, 91)( 22,127, 59, 90)( 23,126, 60, 89)( 24,125, 61, 88)
            ( 25,124, 62, 87)( 26,123, 63, 86)( 27,122, 64, 85)( 28,121, 65, 84)( 29,120, 66, 83)( 30,119, 67, 82)
            ( 31,118, 68, 81)( 32,117, 69, 80)( 33,116, 70, 79)( 34,115, 71, 78)( 35,114, 72, 77)( 36,113, 73, 76)
            ( 37,112, 74, 75) ],
      gmul := [ (  1, 59,  6, 64, 11, 69, 16, 74, 21, 42, 26, 47, 31, 52, 36, 57,  4, 62,  9, 67, 14, 72, 19, 40, 24,
              45, 29, 50, 34, 55,  2, 60,  7, 65, 12, 70, 17, 38, 22, 43, 27, 48, 32, 53, 37, 58,  5, 63, 10, 68, 15,
              73, 20, 41, 25, 46, 30, 51, 35, 56,  3, 61,  8, 66, 13, 71, 18, 39, 23, 44, 28, 49, 33, 54)
            ( 75,128,107,123,102,118, 97,113, 92,145, 87,140, 82,135, 77,130,109,125,104,120, 99,115, 94,147, 89,142,
              84,137, 79,132,111,127,106,122,101,117, 96,112, 91,144, 86,139, 81,134, 76,129,108,124,103,119, 98,114,
              93,146, 88,141, 83,136, 78,131,110,126,105,121,100,116, 95,148, 90,143, 85,138, 80,133), 
          (  1,106)(  2,107)(  3,108)(  4,109)(  5,110)(  6,111)(  7, 75)(  8, 76)(  9, 77)( 10, 78)( 11, 79)( 12, 80)
            ( 13, 81)( 14, 82)( 15, 83)( 16, 84)( 17, 85)( 18, 86)( 19, 87)( 20, 88)( 21, 89)( 22, 90)( 23, 91)
            ( 24, 92)( 25, 93)( 26, 94)( 27, 95)( 28, 96)( 29, 97)( 30, 98)( 31, 99)( 32,100)( 33,101)( 34,102)
            ( 35,103)( 36,104)( 37,105)( 38,143)( 39,144)( 40,145)( 41,146)( 42,147)( 43,148)( 44,112)( 45,113)
            ( 46,114)( 47,115)( 48,116)( 49,117)( 50,118)( 51,119)( 52,120)( 53,121)( 54,122)( 55,123)( 56,124)
            ( 57,125)( 58,126)( 59,127)( 60,128)( 61,129)( 62,130)( 63,131)( 64,132)( 65,133)( 66,134)( 67,135)
            ( 68,136)( 69,137)( 70,138)( 71,139)( 72,140)( 73,141)( 74,142) ],
      p := (  2, 75,  8, 79, 12,  9, 71,  4, 34, 54,136, 85, 90, 94, 24, 87, 20, 13,145, 93, 43, 14,116,  3, 38,128,
          81, 86,131,134,118,147,126,114, 73, 78,123,138, 48, 99,102,139,130, 44, 25, 63, 74,119, 68, 41, 55, 84, 57,
          47, 88, 61, 70,115,142,122, 40, 95)(  6,112,110,143, 56,103, 98, 28, 17, 67, 37,133, 27, 22,120, 77, 82,127,
         64,107, 69,111, 72, 45,129,101, 32, 91, 80, 53,125, 31, 96, 65,140, 15,104, 39, 92,135, 60, 33, 59)
        (  7,108,146, 52, 29,137, 97,117, 35, 18, 46,132, 11, 30,124)( 10, 42, 58, 66,148, 19, 26, 50, 62,144, 89,121,
         105,106, 76, 49, 51)( 16, 83)( 21,141, 23,100,113,109, 36),
      q := (  2, 75, 31, 96, 48, 99,102,139,130, 69,111, 41, 58, 47, 88, 52, 10, 71, 35, 21,141, 16, 83, 23,100,113,
         109,  3, 38,128, 81, 86,131,134,118,147,126,114, 40, 95, 37,133, 12, 30,124, 32, 91, 80, 60,  6,112,110,143,
          57, 66,148, 20, 26, 63, 39, 92,135, 53,125,  8, 79, 27, 17, 46,132, 28, 22,120, 77, 82,127, 49, 62,144, 89,
         121,105,106, 76, 64,107, 44, 14,116, 36, 18, 67)(  4,  5, 34, 59, 33, 54,136, 85, 90, 94, 15,104, 74,119, 45,
         129,101,  7,108,146, 61, 43, 25, 50, 51, 29,137, 97,117)(  9, 42, 55, 84, 56,103, 98, 11)( 13,145, 93, 70,
         115,142,122, 73, 78,123,138, 65,140, 24, 87, 19)( 68, 72) ), rec(
      gadd := [ (  1, 35, 32, 29, 26, 23, 20, 17, 14, 11,  8,  5,  2, 36, 33, 30, 27, 24, 21, 18, 15, 12,  9,  6,  3,
              37, 34, 31, 28, 25, 22, 19, 16, 13, 10,  7,  4)( 38, 72, 69, 66, 63, 60, 57, 54, 51, 48, 45, 42, 39, 73,
             70, 67, 64, 61, 58, 55, 52, 49, 46, 43, 40, 74, 71, 68, 65, 62, 59, 56, 53, 50, 47, 44, 41)
            ( 75,109,106,103,100, 97, 94, 91, 88, 85, 82, 79, 76,110,107,104,101, 98, 95, 92, 89, 86, 83, 80, 77,111,
             108,105,102, 99, 96, 93, 90, 87, 84, 81, 78)(112,146,143,140,137,134,131,128,125,122,119,116,113,147,144,
             141,138,135,132,129,126,123,120,117,114,148,145,142,139,136,133,130,127,124,121,118,115), 
          (  1,128, 38, 91)(  2,127, 39, 90)(  3,126, 40, 89)(  4,125, 41, 88)(  5,124, 42, 87)(  6,123, 43, 86)
            (  7,122, 44, 85)(  8,121, 45, 84)(  9,120, 46, 83)( 10,119, 47, 82)( 11,118, 48, 81)( 12,117, 49, 80)
            ( 13,116, 50, 79)( 14,115, 51, 78)( 15,114, 52, 77)( 16,113, 53, 76)( 17,112, 54, 75)( 18,148, 55,111)
            ( 19,147, 56,110)( 20,146, 57,109)( 21,145, 58,108)( 22,144, 59,107)( 23,143, 60,106)( 24,142, 61,105)
            ( 25,141, 62,104)( 26,140, 63,103)( 27,139, 64,102)( 28,138, 65,101)( 29,137, 66,100)( 30,136, 67, 99)
            ( 31,135, 68, 98)( 32,134, 69, 97)( 33,133, 70, 96)( 34,132, 71, 95)( 35,131, 72, 94)( 36,130, 73, 93)
            ( 37,129, 74, 92) ],
      gmul := [ (  1,  6, 11, 16, 21, 26, 31, 36,  4,  9, 14, 19, 24, 29, 34,  2,  7, 12, 17, 22, 27, 32, 37,  5, 10,
              15, 20, 25, 30, 35,  3,  8, 13, 18, 23, 28, 33)( 38, 43, 48, 53, 58, 63, 68, 73, 41, 46, 51, 56, 61, 66,
             71, 39, 44, 49, 54, 59, 64, 69, 74, 42, 47, 52, 57, 62, 67, 72, 40, 45, 50, 55, 60, 65, 70)
            ( 75, 80, 85, 90, 95,100,105,110, 78, 83, 88, 93, 98,103,108, 76, 81, 86, 91, 96,101,106,111, 79, 84, 89,
              94, 99,104,109, 77, 82, 87, 92, 97,102,107)(112,117,122,127,132,137,142,147,115,120,125,130,135,140,145,
             113,118,123,128,133,138,143,148,116,121,126,131,136,141,146,114,119,124,129,134,139,144), 
          (  1,132, 38, 95)(  2,131, 39, 94)(  3,130, 40, 93)(  4,129, 41, 92)(  5,128, 42, 91)(  6,127, 43, 90)
            (  7,126, 44, 89)(  8,125, 45, 88)(  9,124, 46, 87)( 10,123, 47, 86)( 11,122, 48, 85)( 12,121, 49, 84)
            ( 13,120, 50, 83)( 14,119, 51, 82)( 15,118, 52, 81)( 16,117, 53, 80)( 17,116, 54, 79)( 18,115, 55, 78)
            ( 19,114, 56, 77)( 20,113, 57, 76)( 21,112, 58, 75)( 22,148, 59,111)( 23,147, 60,110)( 24,146, 61,109)
            ( 25,145, 62,108)( 26,144, 63,107)( 27,143, 64,106)( 28,142, 65,105)( 29,141, 66,104)( 30,140, 67,103)
            ( 31,139, 68,102)( 32,138, 69,101)( 33,137, 70,100)( 34,136, 71, 99)( 35,135, 72, 98)( 36,134, 73, 97)
            ( 37,133, 74, 96) ],
      p := (  2,112,106,110, 40,132, 94,117, 31,133)(  3, 38, 18, 67, 49, 62,  6, 34, 59, 33, 54, 10, 71,142, 48,136,
          52, 99, 32,128, 56,140, 98, 81, 76, 93, 28, 87,113, 27, 17, 46, 14, 30, 22, 26, 63,101, 69,  8,116, 86, 24,
         124, 90, 61, 84, 89, 80,130, 78, 20, 83, 41, 58, 47,125, 35, 21,104,114, 64, 12, 79,146,  7,145,107)
        (  4,  5, 75, 45, 92, 85, 37, 96, 65,138,111, 43, 25, 50, 51, 29,100,118, 68, 97, 70, 16,120, 60,103, 36, 91,
          74, 53, 88,126, 72,134, 39,129,115,123,127, 19, 13,108,147, 44, 95,122, 82, 57, 66,105, 73,109,144,102, 77)
        (  9, 42, 55,121,119, 23,137,148,143,139,135, 15,141, 11),
      q := (  2, 75, 68,134, 74, 60,140,135, 24, 87, 76,130,115, 86, 15,104, 77, 35, 18, 46, 25, 63,138,148,106,147,
          69, 31, 96, 48, 99,  7,108,110, 73,146, 32, 91, 39, 92,122,119, 16, 83, 72, 97, 43, 14,  9, 71,105, 40, 95,
          85)(  3, 38, 21,141, 28,124,127, 20,120, 53,125,  4, 34, 54, 29,137,111, 70, 23,100, 81,113, 12,116,123, 90,
         52,136, 61,121, 82, 56,103)(  5,112,143,102,114, 49, 51, 10, 42, 58, 66,142, 65,101, 44,132,131, 94, 80, 93,
          11, 30, 17, 67, 64, 27, 22, 13,145,144,139, 98,118, 45,129, 78, 19, 26, 50, 62, 33, 59,  6)(  8, 79,109,107,
         36,128, 57, 47, 88, 89,117)( 37,133)( 41, 55, 84,126) ), rec(
      gadd := [ (  1, 27, 16,  5, 31, 20,  9, 35, 24, 13,  2, 28, 17,  6, 32, 21, 10, 36, 25, 14,  3, 29, 18,  7, 33,
              22, 11, 37, 26, 15,  4, 30, 19,  8, 34, 23, 12)( 38, 64, 53, 42, 68, 57, 46, 72, 61, 50, 39, 65, 54, 43,
             69, 58, 47, 73, 62, 51, 40, 66, 55, 44, 70, 59, 48, 74, 63, 52, 41, 67, 56, 45, 71, 60, 49)
            ( 75,101, 90, 79,105, 94, 83,109, 98, 87, 76,102, 91, 80,106, 95, 84,110, 99, 88, 77,103, 92, 81,107, 96,
              85,111,100, 89, 78,104, 93, 82,108, 97, 86)(112,138,127,116,142,131,120,146,135,124,113,139,128,117,143,
             132,121,147,136,125,114,140,129,118,144,133,122,148,137,126,115,141,130,119,145,134,123), 
          (  1, 98, 38,135)(  2, 97, 39,134)(  3, 96, 40,133)(  4, 95, 41,132)(  5, 94, 42,131)(  6, 93, 43,130)
            (  7, 92, 44,129)(  8, 91, 45,128)(  9, 90, 46,127)( 10, 89, 47,126)( 11, 88, 48,125)( 12, 87, 49,124)
            ( 13, 86, 50,123)( 14, 85, 51,122)( 15, 84, 52,121)( 16, 83, 53,120)( 17, 82, 54,119)( 18, 81, 55,118)
            ( 19, 80, 56,117)( 20, 79, 57,116)( 21, 78, 58,115)( 22, 77, 59,114)( 23, 76, 60,113)( 24, 75, 61,112)
            ( 25,111, 62,148)( 26,110, 63,147)( 27,109, 64,146)( 28,108, 65,145)( 29,107, 66,144)( 30,106, 67,143)
            ( 31,105, 68,142)( 32,104, 69,141)( 33,103, 70,140)( 34,102, 71,139)( 35,101, 72,138)( 36,100, 73,137)
            ( 37, 99, 74,136) ],
      gmul := [ (  1, 80, 28, 90, 18,100,  8,110, 35, 83, 25, 93, 15,103,  5, 76, 32, 86, 22, 96, 12,106,  2, 79, 29,
              89, 19, 99,  9,109, 36, 82, 26, 92, 16,102,  6, 75, 33, 85, 23, 95, 13,105,  3, 78, 30, 88, 20, 98, 10,
             108, 37, 81, 27, 91, 17,101,  7,111, 34, 84, 24, 94, 14,104,  4, 77, 31, 87, 21, 97, 11,107)
            ( 38,117, 65,127, 55,137, 45,147, 72,120, 62,130, 52,140, 42,113, 69,123, 59,133, 49,143, 39,116, 66,126,
              56,136, 46,146, 73,119, 63,129, 53,139, 43,112, 70,122, 60,132, 50,142, 40,115, 67,125, 57,135, 47,145,
              74,118, 64,128, 54,138, 44,148, 71,121, 61,131, 51,141, 41,114, 68,124, 58,134, 48,144), 
          (  1,125, 12,114, 23,140, 34,129,  8,118, 19,144, 30,133,  4,122, 15,148, 26,137, 37,126, 11,115, 22,141,
              33,130,  7,119, 18,145, 29,134,  3,123, 14,112, 25,138, 36,127, 10,116, 21,142, 32,131,  6,120, 17,146,
              28,135,  2,124, 13,113, 24,139, 35,128,  9,117, 20,143, 31,132,  5,121, 16,147, 27,136)( 38, 88, 49, 77,
             60,103, 71, 92, 45, 81, 56,107, 67, 96, 41, 85, 52,111, 63,100, 74, 89, 48, 78, 59,104, 70, 93, 44, 82,
              55,108, 66, 97, 40, 86, 51, 75, 62,101, 73, 90, 47, 79, 58,105, 69, 94, 43, 83, 54,109, 65, 98, 39, 87,
              50, 76, 61,102, 72, 91, 46, 80, 57,106, 68, 95, 42, 84, 53,110, 64, 99) ],
      p := (  2, 75, 82, 60, 33, 59,  6,112,114, 69, 78, 64,115, 28, 17, 67, 72,140, 41, 55,103, 36, 21,120,122, 61,
         148, 37,128,130, 53,136,  8,108, 73, 35, 18, 46,129, 97,143,142,113, 81, 27, 22,141,109, 44, 25, 63,111, 11,
          30,137, 76,123, 20, 13,116,118, 65,144,  4, 34, 54,125, 93, 15, 83, 90, 52, 29,124,126, 57, 47, 99, 70,107,
         106, 77, 31, 91, 98, 80,127, 16,104,  7, 79, 86, 56, 84,131, 12,  9, 71,119, 24,100,  3, 38,133,101,110, 32,
          96,102, 40, 92,139,146,105,147,138, 74, 68, 43, 14,145, 45,132,134,117, 85, 23, 87, 94, 48, 88,135, 49, 51,
          10, 42, 58, 66)( 19, 26, 50, 62, 39, 95,121, 89),
      q := (  2, 75,105,114, 44, 14,116,143,119, 15,104, 32, 91, 89, 20, 26, 63, 76,138, 39, 92,122, 52, 10, 71,142,
         148)(  3, 38,128,131, 27, 17, 46,132,127, 23,100, 36, 18, 67, 41, 58, 47, 88,126, 56,103)(  4,  5, 34, 59,
          33, 54,136, 31, 96, 85, 16, 83, 97,118, 48, 99, 43, 25, 50, 51, 29,137,111, 28, 22,120,139,115, 11,  9, 42,
          55, 84,130, 60,  6,112,147,123, 19, 13,145, 68, 70, 80,134,144, 35, 21,141, 78, 49, 62, 74, 45,129, 90, 61,
         113,106,110,  7,108, 40, 95,140, 72,121, 98,107, 81, 12, 30,124,135, 64,146, 82, 53,125, 94, 65,117,102, 73)
        (  8, 79,101, 77)( 24, 87, 93)( 37,133, 86, 57, 66)( 69,109) ), rec(
      gadd := [ (  1, 57,  2, 58,  3, 59,  4, 60,  5, 61,  6, 62,  7, 63,  8, 64,  9, 65, 10, 66, 11, 67, 12, 68, 13,
              69, 14, 70, 15, 71, 16, 72, 17, 73, 18, 74, 19, 38, 20, 39, 21, 40, 22, 41, 23, 42, 24, 43, 25, 44, 26,
              45, 27, 46, 28, 47, 29, 48, 30, 49, 31, 50, 32, 51, 33, 52, 34, 53, 35, 54, 36, 55, 37, 56)
            ( 75,131, 76,132, 77,133, 78,134, 79,135, 80,136, 81,137, 82,138, 83,139, 84,140, 85,141, 86,142, 87,143,
              88,144, 89,145, 90,146, 91,147, 92,148, 93,112, 94,113, 95,114, 96,115, 97,116, 98,117, 99,118,100,119,
             101,120,102,121,103,122,104,123,105,124,106,125,107,126,108,127,109,128,110,129,111,130), 
          (  1,137, 38,100)(  2,136, 39, 99)(  3,135, 40, 98)(  4,134, 41, 97)(  5,133, 42, 96)(  6,132, 43, 95)
            (  7,131, 44, 94)(  8,130, 45, 93)(  9,129, 46, 92)( 10,128, 47, 91)( 11,127, 48, 90)( 12,126, 49, 89)
            ( 13,125, 50, 88)( 14,124, 51, 87)( 15,123, 52, 86)( 16,122, 53, 85)( 17,121, 54, 84)( 18,120, 55, 83)
            ( 19,119, 56, 82)( 20,118, 57, 81)( 21,117, 58, 80)( 22,116, 59, 79)( 23,115, 60, 78)( 24,114, 61, 77)
            ( 25,113, 62, 76)( 26,112, 63, 75)( 27,148, 64,111)( 28,147, 65,110)( 29,146, 66,109)( 30,145, 67,108)
            ( 31,144, 68,107)( 32,143, 69,106)( 33,142, 70,105)( 34,141, 71,104)( 35,140, 72,103)( 36,139, 73,102)
            ( 37,138, 74,101) ],
      gmul := [ (  1, 76,  3, 78,  5, 80,  7, 82,  9, 84, 11, 86, 13, 88, 15, 90, 17, 92, 19, 94, 21, 96, 23, 98, 25,
             100, 27,102, 29,104, 31,106, 33,108, 35,110, 37, 75,  2, 77,  4, 79,  6, 81,  8, 83, 10, 85, 12, 87, 14,
              89, 16, 91, 18, 93, 20, 95, 22, 97, 24, 99, 26,101, 28,103, 30,105, 32,107, 34,109, 36,111)
            ( 38,113, 40,115, 42,117, 44,119, 46,121, 48,123, 50,125, 52,127, 54,129, 56,131, 58,133, 60,135, 62,137,
              64,139, 66,141, 68,143, 70,145, 72,147, 74,112, 39,114, 41,116, 43,118, 45,120, 47,122, 49,124, 51,126,
              53,128, 55,130, 57,132, 59,134, 61,136, 63,138, 65,140, 67,142, 69,144, 71,146, 73,148), 
          (  1,115,  7,121, 13,127, 19,133, 25,139, 31,145, 37,114,  6,120, 12,126, 18,132, 24,138, 30,144, 36,113,
               5,119, 11,125, 17,131, 23,137, 29,143, 35,112,  4,118, 10,124, 16,130, 22,136, 28,142, 34,148,  3,117,
               9,123, 15,129, 21,135, 27,141, 33,147,  2,116,  8,122, 14,128, 20,134, 26,140, 32,146)( 38, 78, 44, 84,
             50, 90, 56, 96, 62,102, 68,108, 74, 77, 43, 83, 49, 89, 55, 95, 61,101, 67,107, 73, 76, 42, 82, 48, 88,
              54, 94, 60,100, 66,106, 72, 75, 41, 81, 47, 87, 53, 93, 59, 99, 65,105, 71,111, 40, 80, 46, 86, 52, 92,
              58, 98, 64,104, 70,110, 39, 79, 45, 85, 51, 91, 57, 97, 63,103, 69,109) ],
      p := (  2, 75, 12, 30,137, 76,119, 15, 83, 53,136, 31, 91, 61, 37,128,130, 60,  6,112, 81,123, 19, 13,116,139,
          35, 21,120,122, 52, 10, 71,115,118, 48, 88, 24,100, 36, 18, 67,107, 40, 92, 28, 22,141, 72,144,105, 77,140,
         109,  7, 79, 49, 62,111,143,146,113, 44, 14,145, 68, 41, 58, 47, 99, 43, 25, 50, 51, 29,124,126, 56, 84, 20,
          26, 63, 74, 45,132,134,117, 85,127, 23, 87, 57, 66, 78, 86, 94,102, 73, 82, 90, 98, 80, 16,104,147,142)
        (  3, 38,133,101,110,114, 11,  9, 42, 55,103)(  4,  5, 34, 59, 33, 54,125, 93,135, 64)(  8,108, 69, 70)
        ( 17, 46,129, 97, 32, 96, 65,148,138, 39, 95,121, 89,131, 27),
      q := (  2, 75, 27, 22,120,139,  4, 34, 54,136,  8, 79, 64, 35, 18, 46,132,127, 16, 83, 60, 33, 59,  6,112,106,
          81,138, 74, 68, 72,117,102, 40, 95,140, 78,101, 77,121, 98,107, 73,105,110,147,119, 24, 87, 56,103, 36, 21,
         141, 41, 55, 84, 19, 26, 50, 62, 76,142, 37,133, 86, 93,126, 57, 47, 88, 15,104,114, 28, 17, 67, 80, 23,100,
           3, 38,128,131, 12,  9, 71,146,148,123, 20, 13,145, 45,129, 90, 89,130, 53,125, 94, 85,134,144, 82, 97,  7,
         108, 44, 25, 63, 39, 92, 11, 30,124,135, 49, 51, 10, 42, 58, 66,109, 32, 91, 52, 29,137,111,118, 65,113, 69,
          43, 14,116,122, 61)( 31, 96, 48, 99, 70)(115,143) ), rec(
      gadd := [ (  1, 92, 38,129)(  2, 91, 39,128)(  3, 90, 40,127)(  4, 89, 41,126)(  5, 88, 42,125)(  6, 87, 43,124)
            (  7, 86, 44,123)(  8, 85, 45,122)(  9, 84, 46,121)( 10, 83, 47,120)( 11, 82, 48,119)( 12, 81, 49,118)
            ( 13, 80, 50,117)( 14, 79, 51,116)( 15, 78, 52,115)( 16, 77, 53,114)( 17, 76, 54,113)( 18, 75, 55,112)
            ( 19,111, 56,148)( 20,110, 57,147)( 21,109, 58,146)( 22,108, 59,145)( 23,107, 60,144)( 24,106, 61,143)
            ( 25,105, 62,142)( 26,104, 63,141)( 27,103, 64,140)( 28,102, 65,139)( 29,101, 66,138)( 30,100, 67,137)
            ( 31, 99, 68,136)( 32, 98, 69,135)( 33, 97, 70,134)( 34, 96, 71,133)( 35, 95, 72,132)( 36, 94, 73,131)
            ( 37, 93, 74,130), (  1,145, 38,108)(  2,144, 39,107)(  3,143, 40,106)(  4,142, 41,105)(  5,141, 42,104)
            (  6,140, 43,103)(  7,139, 44,102)(  8,138, 45,101)(  9,137, 46,100)( 10,136, 47, 99)( 11,135, 48, 98)
            ( 12,134, 49, 97)( 13,133, 50, 96)( 14,132, 51, 95)( 15,131, 52, 94)( 16,130, 53, 93)( 17,129, 54, 92)
            ( 18,128, 55, 91)( 19,127, 56, 90)( 20,126, 57, 89)( 21,125, 58, 88)( 22,124, 59, 87)( 23,123, 60, 86)
            ( 24,122, 61, 85)( 25,121, 62, 84)( 26,120, 63, 83)( 27,119, 64, 82)( 28,118, 65, 81)( 29,117, 66, 80)
            ( 30,116, 67, 79)( 31,115, 68, 78)( 32,114, 69, 77)( 33,113, 70, 76)( 34,112, 71, 75)( 35,148, 72,111)
            ( 36,147, 73,110)( 37,146, 74,109) ],
      gmul := [ (  1, 81, 63,130, 14,105, 39,117, 27, 92, 52,141,  3, 79, 65,128, 16,103, 41,115, 29, 90, 54,139,  5,
              77, 67,126, 18,101, 43,113, 31, 88, 56,137,  7, 75, 69,124, 20, 99, 45,148, 33, 86, 58,135,  9,110, 71,
             122, 22, 97, 47,146, 35, 84, 60,133, 11,108, 73,120, 24, 95, 49,144, 37, 82, 62,131, 13,106, 38,118, 26,
              93, 51,142,  2, 80, 64,129, 15,104, 40,116, 28, 91, 53,140,  4, 78, 66,127, 17,102, 42,114, 30, 89, 55,
             138,  6, 76, 68,125, 19,100, 44,112, 32, 87, 57,136,  8,111, 70,123, 21, 98, 46,147, 34, 85, 59,134, 10,
             109, 72,121, 23, 96, 48,145, 36, 83, 61,132, 12,107, 74,119, 25, 94, 50,143) ],
      p := (  2,112, 77, 64,107, 36, 91, 98,139,138, 45, 92, 15,120, 85, 56,121,126, 57, 47,136,101,143,142, 41, 55,
         140,105,147, 76, 31,128, 93, 48,125,130,113,118, 65, 39,132, 53, 88, 19, 26, 50, 62, 33, 59,  6,  5, 75, 82,
         123, 20, 83, 90,131, 74,115, 28, 87, 94,135,134, 49, 51, 10, 42, 58, 66,144,109,114, 69, 72, 35, 18, 46, 25,
          63, 43, 14,  9, 71, 78,119, 24,137, 12, 79, 86,127, 16,141,  8,145,  4, 34, 54, 29,100,102, 44, 95,117,122,
          61, 84, 23,124, 89, 52, 99,  7,116, 81, 60,103,  3, 38, 21,104,106, 40,129, 80, 27, 22, 13,108,110, 73, 68)
        ( 11, 30, 17, 67,111, 32,133, 97)( 37, 96, 70,148),
      q := (  2, 75,142, 72,  4,  5,112,147,148)(  3, 38, 18, 67,113,106, 73, 45,132, 60,121, 98, 85, 57, 66, 80, 12,
         145, 35, 21,120,139, 86, 97, 28,137, 27, 17, 46, 14, 30, 22, 26, 63, 70, 76,  8, 79,138, 68, 37,128,131, 39,
          92, 24, 87,130,111,  7,108,114, 44,129,144,115, 11,  9, 42, 55, 84, 16, 83,134, 64,117,102, 69, 41, 58, 47,
          88, 20,141, 31, 96, 43, 25, 50, 51, 29,124,135, 90, 93, 65, 74,109,110, 40, 95,107)(  6, 34, 59, 33, 54, 10,
         71,146, 78,105, 77, 49, 62)( 13,116,143, 82,101, 81, 53,136,123, 19)( 15,104,118, 48, 99, 32, 91,126, 56,103,
         36,133,127, 23,100,122, 52,125, 94, 89, 61,140,119) ), rec(
      gadd := [ (  1, 85, 38,122)(  2, 84, 39,121)(  3, 83, 40,120)(  4, 82, 41,119)(  5, 81, 42,118)(  6, 80, 43,117)
            (  7, 79, 44,116)(  8, 78, 45,115)(  9, 77, 46,114)( 10, 76, 47,113)( 11, 75, 48,112)( 12,111, 49,148)
            ( 13,110, 50,147)( 14,109, 51,146)( 15,108, 52,145)( 16,107, 53,144)( 17,106, 54,143)( 18,105, 55,142)
            ( 19,104, 56,141)( 20,103, 57,140)( 21,102, 58,139)( 22,101, 59,138)( 23,100, 60,137)( 24, 99, 61,136)
            ( 25, 98, 62,135)( 26, 97, 63,134)( 27, 96, 64,133)( 28, 95, 65,132)( 29, 94, 66,131)( 30, 93, 67,130)
            ( 31, 92, 68,129)( 32, 91, 69,128)( 33, 90, 70,127)( 34, 89, 71,126)( 35, 88, 72,125)( 36, 87, 73,124)
            ( 37, 86, 74,123), (  1, 98, 38,135)(  2, 97, 39,134)(  3, 96, 40,133)(  4, 95, 41,132)(  5, 94, 42,131)
            (  6, 93, 43,130)(  7, 92, 44,129)(  8, 91, 45,128)(  9, 90, 46,127)( 10, 89, 47,126)( 11, 88, 48,125)
            ( 12, 87, 49,124)( 13, 86, 50,123)( 14, 85, 51,122)( 15, 84, 52,121)( 16, 83, 53,120)( 17, 82, 54,119)
            ( 18, 81, 55,118)( 19, 80, 56,117)( 20, 79, 57,116)( 21, 78, 58,115)( 22, 77, 59,114)( 23, 76, 60,113)
            ( 24, 75, 61,112)( 25,111, 62,148)( 26,110, 63,147)( 27,109, 64,146)( 28,108, 65,145)( 29,107, 66,144)
            ( 30,106, 67,143)( 31,105, 68,142)( 32,104, 69,141)( 33,103, 70,140)( 34,102, 71,139)( 35,101, 72,138)
            ( 36,100, 73,137)( 37, 99, 74,136) ],
      gmul := [ (  1, 81, 50,130, 25,105, 74,117, 12, 92, 61,141, 36, 79, 48,128, 23,103, 72,115, 10, 90, 59,139, 34,
              77, 46,126, 21,101, 70,113,  8, 88, 57,137, 32, 75, 44,124, 19, 99, 68,148,  6, 86, 55,135, 30,110, 42,
             122, 17, 97, 66,146,  4, 84, 53,133, 28,108, 40,120, 15, 95, 64,144,  2, 82, 51,131, 26,106, 38,118, 13,
              93, 62,142, 37, 80, 49,129, 24,104, 73,116, 11, 91, 60,140, 35, 78, 47,127, 22,102, 71,114,  9, 89, 58,
             138, 33, 76, 45,125, 20,100, 69,112,  7, 87, 56,136, 31,111, 43,123, 18, 98, 67,147,  5, 85, 54,134, 29,
             109, 41,121, 16, 96, 65,145,  3, 83, 52,132, 27,107, 39,119, 14, 94, 63,143) ],
      p := (  2,112,114,  7,116,118, 11,  9, 42, 55,140, 68,148)(  3, 38, 18, 67, 37, 96, 43, 25, 50, 51, 29,100,139,
          27, 17, 46, 14, 30, 22, 26, 63,107, 40,129, 80,123, 56,121, 89, 98, 28, 87, 20, 83, 16,141,105,110)
        (  4,  5, 75,  8,145,109, 77, 86, 53, 88,131, 39,132,134,138,142,146, 35, 21,104,143, 31,128,130,113, 81, 90,
          57, 66, 70, 74, 41, 58, 47,136, 64,144, 72,115, 48,125, 93,102, 32,133, 97, 65,111, 44, 95,117, 85, 94, 61,
          84,127, 60,103, 73, 82, 49, 62,  6, 34, 59, 33, 54, 10, 71)( 12, 79)( 13,108,147, 76,119, 52, 99, 69, 78,
          45, 92,135, 23,124,126, 19)( 15,120,122)( 24,137,101,106, 36, 91),
      q := (  2, 75, 31, 96, 70, 39, 92, 89,126, 20,141,119, 61,140, 45,132, 90, 56,103, 40, 95,107, 73,142, 78, 68,
          76,105,114, 32, 91, 15,104, 81,134, 86, 60,121,135, 16, 83, 23,100, 85,130,111, 69,146,  4, 34, 54, 29,124,
          98, 11, 30, 17, 67)(  3, 38, 21,120,102,  7,108, 77,138, 82, 64, 80,101,118, 28,137,123, 57, 47, 88, 93,122,
         24, 87, 19, 26, 50, 62, 33, 59,  6,  5,112,110, 36,133,127, 53,136, 49, 51, 10, 42, 58, 66, 43, 14,  9, 71,
          35, 18, 46, 25, 63,117,139, 12,145,115, 65,113,143,  8, 79, 27, 22, 13,116,106)( 37,128, 94, 52,125,131, 74,
         72,109,147,148)( 41, 55, 84, 97, 48, 99, 44,129,144) ), rec(
      gadd := [ (  1, 87, 38,124)(  2, 86, 39,123)(  3, 85, 40,122)(  4, 84, 41,121)(  5, 83, 42,120)(  6, 82, 43,119)
            (  7, 81, 44,118)(  8, 80, 45,117)(  9, 79, 46,116)( 10, 78, 47,115)( 11, 77, 48,114)( 12, 76, 49,113)
            ( 13, 75, 50,112)( 14,111, 51,148)( 15,110, 52,147)( 16,109, 53,146)( 17,108, 54,145)( 18,107, 55,144)
            ( 19,106, 56,143)( 20,105, 57,142)( 21,104, 58,141)( 22,103, 59,140)( 23,102, 60,139)( 24,101, 61,138)
            ( 25,100, 62,137)( 26, 99, 63,136)( 27, 98, 64,135)( 28, 97, 65,134)( 29, 96, 66,133)( 30, 95, 67,132)
            ( 31, 94, 68,131)( 32, 93, 69,130)( 33, 92, 70,129)( 34, 91, 71,128)( 35, 90, 72,127)( 36, 89, 73,126)
            ( 37, 88, 74,125), (  1,106, 38,143)(  2,105, 39,142)(  3,104, 40,141)(  4,103, 41,140)(  5,102, 42,139)
            (  6,101, 43,138)(  7,100, 44,137)(  8, 99, 45,136)(  9, 98, 46,135)( 10, 97, 47,134)( 11, 96, 48,133)
            ( 12, 95, 49,132)( 13, 94, 50,131)( 14, 93, 51,130)( 15, 92, 52,129)( 16, 91, 53,128)( 17, 90, 54,127)
            ( 18, 89, 55,126)( 19, 88, 56,125)( 20, 87, 57,124)( 21, 86, 58,123)( 22, 85, 59,122)( 23, 84, 60,121)
            ( 24, 83, 61,120)( 25, 82, 62,119)( 26, 81, 63,118)( 27, 80, 64,117)( 28, 79, 65,116)( 29, 78, 66,115)
            ( 30, 77, 67,114)( 31, 76, 68,113)( 32, 75, 69,112)( 33,111, 70,148)( 34,110, 71,147)( 35,109, 72,146)
            ( 36,108, 73,145)( 37,107, 74,144) ],
      gmul := [ (  1, 88, 12, 77, 23,103, 34, 92,  8, 81, 19,107, 30, 96,  4, 85, 15,111, 26,100, 37, 89, 11, 78, 22,
             104, 33, 93,  7, 82, 18,108, 29, 97,  3, 86, 14, 75, 25,101, 36, 90, 10, 79, 21,105, 32, 94,  6, 83, 17,
             109, 28, 98,  2, 87, 13, 76, 24,102, 35, 91,  9, 80, 20,106, 31, 95,  5, 84, 16,110, 27, 99)
            ( 38,125, 49,114, 60,140, 71,129, 45,118, 56,144, 67,133, 41,122, 52,148, 63,137, 74,126, 48,115, 59,141,
              70,130, 44,119, 55,145, 66,134, 40,123, 51,112, 62,138, 73,127, 47,116, 58,142, 69,131, 43,120, 54,146,
              65,135, 39,124, 50,113, 61,139, 72,128, 46,117, 57,143, 68,132, 42,121, 53,147, 64,136), 
          (  1,137)(  2,138)(  3,139)(  4,140)(  5,141)(  6,142)(  7,143)(  8,144)(  9,145)( 10,146)( 11,147)( 12,148)
            ( 13,112)( 14,113)( 15,114)( 16,115)( 17,116)( 18,117)( 19,118)( 20,119)( 21,120)( 22,121)( 23,122)
            ( 24,123)( 25,124)( 26,125)( 27,126)( 28,127)( 29,128)( 30,129)( 31,130)( 32,131)( 33,132)( 34,133)
            ( 35,134)( 36,135)( 37,136)( 38,100)( 39,101)( 40,102)( 41,103)( 42,104)( 43,105)( 44,106)( 45,107)
            ( 46,108)( 47,109)( 48,110)( 49,111)( 50, 75)( 51, 76)( 52, 77)( 53, 78)( 54, 79)( 55, 80)( 56, 81)
            ( 57, 82)( 58, 83)( 59, 84)( 60, 85)( 61, 86)( 62, 87)( 63, 88)( 64, 89)( 65, 90)( 66, 91)( 67, 92)
            ( 68, 93)( 69, 94)( 70, 95)( 71, 96)( 72, 97)( 73, 98)( 74, 99) ],
      p := (  2, 75,105, 41, 58, 47, 99,113, 49, 62, 43, 14,116, 94, 89,121, 24,100, 78, 64,148, 61,144, 65,140, 69,
          37,133, 81, 12,  9, 42, 55,103,146,122, 57, 66, 39, 95)(  3, 38,128,102, 35, 18, 67, 76,123, 48, 88,135, 36,
         21,141,110, 27, 22,120, 98,111,138,114, 23, 87, 93, 70, 72,119,130, 44, 25, 50, 51, 10, 71,109, 45,129, 28,
          17, 46,132, 40, 92, 52, 29,137, 77,  8,108, 86, 56, 84,131, 32, 96,139)(  4, 34, 59,  6,112, 90, 20, 13,145,
         106, 31, 91,107,142,118, 19, 26, 63, 80,127,143,  7, 79,101, 74, 68,115,134,147, 11, 30,124, 15, 83, 97,117,
          53,125, 85, 16,104, 82, 60, 33, 54,136, 73),
      q := (  2, 75, 82, 60,  6,112, 97,117, 53,125,102,  4,  5, 34, 59, 33, 54,136, 73, 35, 21,141, 77, 31, 96,139,
          36, 18, 67,111,138,114, 16, 83, 90, 19, 13,145, 81, 27, 17, 46,132, 40, 95, 37,133,106,  8, 79, 86, 56,103,
         146,122, 57, 66, 39, 92, 52, 10, 71, 78, 64,148, 61,144, 65,140, 69)(  3, 38,128, 85, 23,100,109, 45,129, 11,
         9, 42, 55, 84,131,  7,108,101, 74, 68,115,134,147, 28, 22,120, 89,121, 15,104,105, 41, 58, 47, 88,135)
        ( 12, 30,124, 24, 87, 94, 98, 76,123, 48, 99,113, 49, 62, 43, 25, 50, 51, 29,137,110)( 14,116, 93, 70, 72,119,
         130, 44)( 20, 26, 63,107,142,118)( 32, 91, 80,127,143) ), rec(
      gadd := [ (  1, 65, 18, 45, 35, 62, 15, 42, 32, 59, 12, 39, 29, 56,  9, 73, 26, 53,  6, 70, 23, 50,  3, 67, 20,
              47, 37, 64, 17, 44, 34, 61, 14, 41, 31, 58, 11, 38, 28, 55,  8, 72, 25, 52,  5, 69, 22, 49,  2, 66, 19,
              46, 36, 63, 16, 43, 33, 60, 13, 40, 30, 57, 10, 74, 27, 54,  7, 71, 24, 51,  4, 68, 21, 48)
            ( 75,139, 92,119,109,136, 89,116,106,133, 86,113,103,130, 83,147,100,127, 80,144, 97,124, 77,141, 94,121,
             111,138, 91,118,108,135, 88,115,105,132, 85,112,102,129, 82,146, 99,126, 79,143, 96,123, 76,140, 93,120,
             110,137, 90,117,107,134, 87,114,104,131, 84,148,101,128, 81,145, 98,125, 78,142, 95,122), 
          (  1,108, 38,145)(  2,107, 39,144)(  3,106, 40,143)(  4,105, 41,142)(  5,104, 42,141)(  6,103, 43,140)
            (  7,102, 44,139)(  8,101, 45,138)(  9,100, 46,137)( 10, 99, 47,136)( 11, 98, 48,135)( 12, 97, 49,134)
            ( 13, 96, 50,133)( 14, 95, 51,132)( 15, 94, 52,131)( 16, 93, 53,130)( 17, 92, 54,129)( 18, 91, 55,128)
            ( 19, 90, 56,127)( 20, 89, 57,126)( 21, 88, 58,125)( 22, 87, 59,124)( 23, 86, 60,123)( 24, 85, 61,122)
            ( 25, 84, 62,121)( 26, 83, 63,120)( 27, 82, 64,119)( 28, 81, 65,118)( 29, 80, 66,117)( 30, 79, 67,116)
            ( 31, 78, 68,115)( 32, 77, 69,114)( 33, 76, 70,113)( 34, 75, 71,112)( 35,111, 72,148)( 36,110, 73,147)
            ( 37,109, 74,146) ],
      gmul := [ (  1, 55)(  2, 54)(  3, 53)(  4, 52)(  5, 51)(  6, 50)(  7, 49)(  8, 48)(  9, 47)( 10, 46)( 11, 45)
            ( 12, 44)( 13, 43)( 14, 42)( 15, 41)( 16, 40)( 17, 39)( 18, 38)( 19, 74)( 20, 73)( 21, 72)( 22, 71)
            ( 23, 70)( 24, 69)( 25, 68)( 26, 67)( 27, 66)( 28, 65)( 29, 64)( 30, 63)( 31, 62)( 32, 61)( 33, 60)
            ( 34, 59)( 35, 58)( 36, 57)( 37, 56)( 75,129)( 76,128)( 77,127)( 78,126)( 79,125)( 80,124)( 81,123)
            ( 82,122)( 83,121)( 84,120)( 85,119)( 86,118)( 87,117)( 88,116)( 89,115)( 90,114)( 91,113)( 92,112)
            ( 93,148)( 94,147)( 95,146)( 96,145)( 97,144)( 98,143)( 99,142)(100,141)(101,140)(102,139)(103,138)
            (104,137)(105,136)(106,135)(107,134)(108,133)(109,132)(110,131)(111,130), 
          (  1,113,  3,115,  5,117,  7,119,  9,121, 11,123, 13,125, 15,127, 17,129, 19,131, 21,133, 23,135, 25,137,
              27,139, 29,141, 31,143, 33,145, 35,147, 37,112,  2,114,  4,116,  6,118,  8,120, 10,122, 12,124, 14,126,
              16,128, 18,130, 20,132, 22,134, 24,136, 26,138, 28,140, 30,142, 32,144, 34,146, 36,148)( 38, 76, 40, 78,
             42, 80, 44, 82, 46, 84, 48, 86, 50, 88, 52, 90, 54, 92, 56, 94, 58, 96, 60, 98, 62,100, 64,102, 66,104,
              68,106, 70,108, 72,110, 74, 75, 39, 77, 41, 79, 43, 81, 45, 83, 47, 85, 49, 87, 51, 89, 53, 91, 55, 93,
              57, 95, 59, 97, 61, 99, 63,101, 65,103, 67,105, 69,107, 71,109, 73,111) ],
      p := (  2, 75, 70, 82, 53,136, 89, 19, 13,116,105, 72,138, 52, 10, 42, 58, 66, 35, 21,120, 77,107, 32, 91, 98,
          11,  9, 71,117, 28, 22,141, 97,140, 60,  6,112, 39, 92,122,  8, 79,121,119,148,131,139,  7,108,115, 68, 45,
         132,144,127, 64,113, 76, 49, 51, 29,124, 40, 95,102,106,109,  4,  5, 34, 54,125, 48, 99, 80,134,123, 85, 23,
         100, 69,111, 44, 14,145, 16, 83, 90, 61,146, 93, 15,104,114, 36, 18, 46,129, 24, 87, 94, 65,142, 20, 26, 50,
          62, 41, 55, 84,130,147, 56,103, 37,128,101, 43, 25, 63, 78, 86, 57, 47, 88,126,  3, 38,133,110, 81, 27, 17,
          67, 74, 31, 96,118,143,135, 12, 30,137, 73)( 33, 59),
      q := (  2, 75, 70, 82, 53,125, 48, 99, 80,127, 64,148,130,114,  3, 38,128,101, 43, 14,116,105, 72,123, 85, 16,
          83, 90, 61,115, 68, 45,129, 15,104,147, 56,103)(  4, 34, 54,136, 89, 20, 13,145, 23,100, 69,111, 44, 25, 63,
         78, 86, 57, 47, 88,135, 27, 22,120, 77,107,  7,108,146, 93, 24, 87, 94, 65,119,113, 76, 49, 51, 10, 42, 58,
          66)(  6,112, 39, 92,139, 32, 91, 98, 28, 17, 67, 74,  8, 79,140, 60, 33, 59)(  9, 71,144,134,138, 52, 29,
         137, 73, 37,133,110, 81, 12)( 11, 30,124, 40, 95,102,106,109, 35, 18, 46,132,117)( 19, 26, 50, 62, 41, 55,
          84,131,122, 31, 96,143,126, 36, 21,141, 97,121,142) ), rec(
