NCBRACES[42] := rec( total := -1, implemented := 78, size := 42, brace := [] 
);NCBRACES[42].brace[1] := rec ( size := 42, perms := [ [  (),  (),  ], [  (1, 
22)(2, 28)(3, 27)(4, 26)(5, 25)(6, 24)(7, 23)(8, 29)(9, 35)(10, 34)(11, 33)(12, 
32)(13, 31)(14, 30)(15, 36)(16, 42)(17, 41)(18, 40)(19, 39)(20, 38)(21, 37),  
(1, 22)(2, 23)(3, 24)(4, 25)(5, 26)(6, 27)(7, 28)(8, 29)(9, 30)(10, 31)(11, 
32)(12, 33)(13, 34)(14, 35)(15, 36)(16, 37)(17, 38)(18, 39)(19, 40)(20, 41)(21, 
42),  ], [  (1, 8, 15)(2, 10, 19)(3, 12, 16)(4, 14, 20)(5, 9, 17)(6, 11, 21)(7, 
13, 18)(22, 29, 36)(23, 31, 40)(24, 33, 37)(25, 35, 41)(26, 30, 38)(27, 32, 
42)(28, 34, 39),  (1, 15, 8)(2, 16, 9)(3, 17, 10)(4, 18, 11)(5, 19, 12)(6, 20, 
13)(7, 21, 14)(22, 36, 29)(23, 37, 30)(24, 38, 31)(25, 39, 32)(26, 40, 33)(27, 
41, 34)(28, 42, 35),  ], [  (1, 6, 4, 2, 7, 5, 3)(8, 13, 11, 9, 14, 12, 10)(15, 
20, 18, 16, 21, 19, 17)(22, 27, 25, 23, 28, 26, 24)(29, 34, 32, 30, 35, 33, 
31)(36, 41, 39, 37, 42, 40, 38),  (1, 3, 5, 7, 2, 4, 6)(8, 12, 9, 13, 10, 14, 
11)(15, 16, 17, 18, 19, 20, 21)(22, 27, 25, 23, 28, 26, 24)(29, 32, 35, 31, 34, 
30, 33)(36, 42, 41, 40, 39, 38, 37),  ], [  (1, 15, 8)(2, 19, 10)(3, 16, 12)(4, 
20, 14)(5, 17, 9)(6, 21, 11)(7, 18, 13)(22, 36, 29)(23, 40, 31)(24, 37, 33)(25, 
41, 35)(26, 38, 30)(27, 42, 32)(28, 39, 34),  (1, 8, 15)(2, 9, 16)(3, 10, 17)(4,
11, 18)(5, 12, 19)(6, 13, 20)(7, 14, 21)(22, 29, 36)(23, 30, 37)(24, 31, 38)(25,
32, 39)(26, 33, 40)(27, 34, 41)(28, 35, 42),  ], [  (1, 3, 5, 7, 2, 4, 6)(8, 10,
12, 14, 9, 11, 13)(15, 17, 19, 21, 16, 18, 20)(22, 24, 26, 28, 23, 25, 27)(29, 
31, 33, 35, 30, 32, 34)(36, 38, 40, 42, 37, 39, 41),  (1, 6, 4, 2, 7, 5, 3)(8, 
11, 14, 10, 13, 9, 12)(15, 21, 20, 19, 18, 17, 16)(22, 24, 26, 28, 23, 25, 
27)(29, 33, 30, 34, 31, 35, 32)(36, 37, 38, 39, 40, 41, 42),  ], [  (1, 29, 15, 
22, 8, 36)(2, 34, 19, 28, 10, 39)(3, 32, 16, 27, 12, 42)(4, 30, 20, 26, 14, 
38)(5, 35, 17, 25, 9, 41)(6, 33, 21, 24, 11, 37)(7, 31, 18, 23, 13, 40),  (1, 
36, 8, 22, 15, 29)(2, 37, 9, 23, 16, 30)(3, 38, 10, 24, 17, 31)(4, 39, 11, 25, 
18, 32)(5, 40, 12, 26, 19, 33)(6, 41, 13, 27, 20, 34)(7, 42, 14, 28, 21, 35),  
], [  (1, 27)(2, 26)(3, 25)(4, 24)(5, 23)(6, 22)(7, 28)(8, 34)(9, 33)(10, 
32)(11, 31)(12, 30)(13, 29)(14, 35)(15, 41)(16, 40)(17, 39)(18, 38)(19, 37)(20, 
36)(21, 42),  (1, 27)(2, 28)(3, 22)(4, 23)(5, 24)(6, 25)(7, 26)(8, 32)(9, 
33)(10, 34)(11, 35)(12, 29)(13, 30)(14, 31)(15, 42)(16, 36)(17, 37)(18, 38)(19, 
39)(20, 40)(21, 41),  ], [  (1, 36, 8, 22, 15, 29)(2, 39, 10, 28, 19, 34)(3, 42,
12, 27, 16, 32)(4, 38, 14, 26, 20, 30)(5, 41, 9, 25, 17, 35)(6, 37, 11, 24, 21, 
33)(7, 40, 13, 23, 18, 31),  (1, 29, 15, 22, 8, 36)(2, 30, 16, 23, 9, 37)(3, 31,
17, 24, 10, 38)(4, 32, 18, 25, 11, 39)(5, 33, 19, 26, 12, 40)(6, 34, 20, 27, 13,
41)(7, 35, 21, 28, 14, 42),  ], [  (1, 24)(2, 23)(3, 22)(4, 28)(5, 27)(6, 26)(7,
25)(8, 31)(9, 30)(10, 29)(11, 35)(12, 34)(13, 33)(14, 32)(15, 38)(16, 37)(17, 
36)(18, 42)(19, 41)(20, 40)(21, 39),  (1, 24)(2, 25)(3, 26)(4, 27)(5, 28)(6, 
22)(7, 23)(8, 33)(9, 34)(10, 35)(11, 29)(12, 30)(13, 31)(14, 32)(15, 37)(16, 
38)(17, 39)(18, 40)(19, 41)(20, 42)(21, 36),  ], [  (1, 13, 16)(2, 8, 20)(3, 10,
17)(4, 12, 21)(5, 14, 18)(6, 9, 15)(7, 11, 19)(22, 34, 37)(23, 29, 41)(24, 31, 
38)(25, 33, 42)(26, 35, 39)(27, 30, 36)(28, 32, 40),  (1, 16, 13)(2, 17, 14)(3, 
18, 8)(4, 19, 9)(5, 20, 10)(6, 21, 11)(7, 15, 12)(22, 42, 31)(23, 36, 32)(24, 
37, 33)(25, 38, 34)(26, 39, 35)(27, 40, 29)(28, 41, 30),  ], [  (1, 10, 21)(2, 
12, 18)(3, 14, 15)(4, 9, 19)(5, 11, 16)(6, 13, 20)(7, 8, 17)(22, 31, 42)(23, 33,
39)(24, 35, 36)(25, 30, 40)(26, 32, 37)(27, 34, 41)(28, 29, 38),  (1, 21, 10)(2,
15, 11)(3, 16, 12)(4, 17, 13)(5, 18, 14)(6, 19, 8)(7, 20, 9)(22, 37, 34)(23, 38,
35)(24, 39, 29)(25, 40, 30)(26, 41, 31)(27, 42, 32)(28, 36, 33),  ], [  (1, 11, 
17)(2, 13, 21)(3, 8, 18)(4, 10, 15)(5, 12, 19)(6, 14, 16)(7, 9, 20)(22, 32, 
38)(23, 34, 42)(24, 29, 39)(25, 31, 36)(26, 33, 40)(27, 35, 37)(28, 30, 41),  
(1, 17, 11)(2, 18, 12)(3, 19, 13)(4, 20, 14)(5, 21, 8)(6, 15, 9)(7, 16, 10)(22, 
41, 33)(23, 42, 34)(24, 36, 35)(25, 37, 29)(26, 38, 30)(27, 39, 31)(28, 40, 32),
], [  (1, 4, 7, 3, 6, 2, 5)(8, 11, 14, 10, 13, 9, 12)(15, 18, 21, 17, 20, 16, 
19)(22, 25, 28, 24, 27, 23, 26)(29, 32, 35, 31, 34, 30, 33)(36, 39, 42, 38, 41, 
37, 40),  (1, 5, 2, 6, 3, 7, 4)(8, 9, 10, 11, 12, 13, 14)(15, 17, 19, 21, 16, 
18, 20)(22, 25, 28, 24, 27, 23, 26)(29, 35, 34, 33, 32, 31, 30)(36, 41, 39, 37, 
42, 40, 38),  ], [  (1, 21, 10)(2, 18, 12)(3, 15, 14)(4, 19, 9)(5, 16, 11)(6, 
20, 13)(7, 17, 8)(22, 42, 31)(23, 39, 33)(24, 36, 35)(25, 40, 30)(26, 37, 
32)(27, 41, 34)(28, 38, 29),  (1, 10, 21)(2, 11, 15)(3, 12, 16)(4, 13, 17)(5, 
14, 18)(6, 8, 19)(7, 9, 20)(22, 34, 37)(23, 35, 38)(24, 29, 39)(25, 30, 40)(26, 
31, 41)(27, 32, 42)(28, 33, 36),  ], [  (1, 20, 12)(2, 17, 14)(3, 21, 9)(4, 18, 
11)(5, 15, 13)(6, 19, 8)(7, 16, 10)(22, 41, 33)(23, 38, 35)(24, 42, 30)(25, 39, 
32)(26, 36, 34)(27, 40, 29)(28, 37, 31),  (1, 12, 20)(2, 13, 21)(3, 14, 15)(4, 
8, 16)(5, 9, 17)(6, 10, 18)(7, 11, 19)(22, 32, 38)(23, 33, 39)(24, 34, 40)(25, 
35, 41)(26, 29, 42)(27, 30, 36)(28, 31, 37),  ], [  (1, 17, 11)(2, 21, 13)(3, 
18, 8)(4, 15, 10)(5, 19, 12)(6, 16, 14)(7, 20, 9)(22, 38, 32)(23, 42, 34)(24, 
39, 29)(25, 36, 31)(26, 40, 33)(27, 37, 35)(28, 41, 30),  (1, 11, 17)(2, 12, 
18)(3, 13, 19)(4, 14, 20)(5, 8, 21)(6, 9, 15)(7, 10, 16)(22, 33, 41)(23, 34, 
42)(24, 35, 36)(25, 29, 37)(26, 30, 38)(27, 31, 39)(28, 32, 40),  ], [  (1, 12, 
20)(2, 14, 17)(3, 9, 21)(4, 11, 18)(5, 13, 15)(6, 8, 19)(7, 10, 16)(22, 33, 
41)(23, 35, 38)(24, 30, 42)(25, 32, 39)(26, 34, 36)(27, 29, 40)(28, 31, 37),  
(1, 20, 12)(2, 21, 13)(3, 15, 14)(4, 16, 8)(5, 17, 9)(6, 18, 10)(7, 19, 11)(22, 
38, 32)(23, 39, 33)(24, 40, 34)(25, 41, 35)(26, 42, 29)(27, 36, 30)(28, 37, 31),
], [  (1, 16, 13)(2, 20, 8)(3, 17, 10)(4, 21, 12)(5, 18, 14)(6, 15, 9)(7, 19, 
11)(22, 37, 34)(23, 41, 29)(24, 38, 31)(25, 42, 33)(26, 39, 35)(27, 36, 30)(28, 
40, 32),  (1, 13, 16)(2, 14, 17)(3, 8, 18)(4, 9, 19)(5, 10, 20)(6, 11, 21)(7, 
12, 15)(22, 31, 42)(23, 32, 36)(24, 33, 37)(25, 34, 38)(26, 35, 39)(27, 29, 
40)(28, 30, 41),  ], [  (1, 5, 2, 6, 3, 7, 4)(8, 12, 9, 13, 10, 14, 11)(15, 19, 
16, 20, 17, 21, 18)(22, 26, 23, 27, 24, 28, 25)(29, 33, 30, 34, 31, 35, 32)(36, 
40, 37, 41, 38, 42, 39),  (1, 4, 7, 3, 6, 2, 5)(8, 14, 13, 12, 11, 10, 9)(15, 
20, 18, 16, 21, 19, 17)(22, 26, 23, 27, 24, 28, 25)(29, 30, 31, 32, 33, 34, 
35)(36, 38, 40, 42, 37, 39, 41),  ], [  (1, 34, 17, 23, 11, 42)(2, 32, 21, 22, 
13, 38)(3, 30, 18, 28, 8, 41)(4, 35, 15, 27, 10, 37)(5, 33, 19, 26, 12, 40)(6, 
31, 16, 25, 14, 36)(7, 29, 20, 24, 9, 39),  (1, 42, 11, 23, 17, 34)(2, 36, 12, 
24, 18, 35)(3, 37, 13, 25, 19, 29)(4, 38, 14, 26, 20, 30)(5, 39, 8, 27, 21, 
31)(6, 40, 9, 28, 15, 32)(7, 41, 10, 22, 16, 33),  ], [  (1, 31, 20, 28, 12, 
37)(2, 29, 17, 27, 14, 40)(3, 34, 21, 26, 9, 36)(4, 32, 18, 25, 11, 39)(5, 30, 
15, 24, 13, 42)(6, 35, 19, 23, 8, 38)(7, 33, 16, 22, 10, 41),  (1, 37, 12, 28, 
20, 31)(2, 38, 13, 22, 21, 32)(3, 39, 14, 23, 15, 33)(4, 40, 8, 24, 16, 34)(5, 
41, 9, 25, 17, 35)(6, 42, 10, 26, 18, 29)(7, 36, 11, 27, 19, 30),  ], [  (1, 32,
19, 24, 14, 41)(2, 30, 16, 23, 9, 37)(3, 35, 20, 22, 11, 40)(4, 33, 17, 28, 13, 
36)(5, 31, 21, 27, 8, 39)(6, 29, 18, 26, 10, 42)(7, 34, 15, 25, 12, 38),  (1, 
41, 14, 24, 19, 32)(2, 42, 8, 25, 20, 33)(3, 36, 9, 26, 21, 34)(4, 37, 10, 27, 
15, 35)(5, 38, 11, 28, 16, 29)(6, 39, 12, 22, 17, 30)(7, 40, 13, 23, 18, 31),  
], [  (1, 25)(2, 24)(3, 23)(4, 22)(5, 28)(6, 27)(7, 26)(8, 32)(9, 31)(10, 
30)(11, 29)(12, 35)(13, 34)(14, 33)(15, 39)(16, 38)(17, 37)(18, 36)(19, 42)(20, 
41)(21, 40),  (1, 25)(2, 26)(3, 27)(4, 28)(5, 22)(6, 23)(7, 24)(8, 35)(9, 
29)(10, 30)(11, 31)(12, 32)(13, 33)(14, 34)(15, 41)(16, 42)(17, 36)(18, 37)(19, 
38)(20, 39)(21, 40),  ], [  (1, 42, 11, 23, 17, 34)(2, 38, 13, 22, 21, 32)(3, 
41, 8, 28, 18, 30)(4, 37, 10, 27, 15, 35)(5, 40, 12, 26, 19, 33)(6, 36, 14, 25, 
16, 31)(7, 39, 9, 24, 20, 29),  (1, 34, 17, 23, 11, 42)(2, 35, 18, 24, 12, 
36)(3, 29, 19, 25, 13, 37)(4, 30, 20, 26, 14, 38)(5, 31, 21, 27, 8, 39)(6, 32, 
15, 28, 9, 40)(7, 33, 16, 22, 10, 41),  ], [  (1, 41, 14, 24, 19, 32)(2, 37, 9, 
23, 16, 30)(3, 40, 11, 22, 20, 35)(4, 36, 13, 28, 17, 33)(5, 39, 8, 27, 21, 
31)(6, 42, 10, 26, 18, 29)(7, 38, 12, 25, 15, 34),  (1, 32, 19, 24, 14, 41)(2, 
33, 20, 25, 8, 42)(3, 34, 21, 26, 9, 36)(4, 35, 15, 27, 10, 37)(5, 29, 16, 28, 
11, 38)(6, 30, 17, 22, 12, 39)(7, 31, 18, 23, 13, 40),  ], [  (1, 38, 9, 27, 18,
33)(2, 41, 11, 26, 15, 31)(3, 37, 13, 25, 19, 29)(4, 40, 8, 24, 16, 34)(5, 36, 
10, 23, 20, 32)(6, 39, 12, 22, 17, 30)(7, 42, 14, 28, 21, 35),  (1, 33, 18, 27, 
9, 38)(2, 34, 19, 28, 10, 39)(3, 35, 20, 22, 11, 40)(4, 29, 21, 23, 12, 41)(5, 
30, 15, 24, 13, 42)(6, 31, 16, 25, 14, 36)(7, 32, 17, 26, 8, 37),  ], [  (1, 33,
18, 27, 9, 38)(2, 31, 15, 26, 11, 41)(3, 29, 19, 25, 13, 37)(4, 34, 16, 24, 8, 
40)(5, 32, 20, 23, 10, 36)(6, 30, 17, 22, 12, 39)(7, 35, 21, 28, 14, 42),  (1, 
38, 9, 27, 18, 33)(2, 39, 10, 28, 19, 34)(3, 40, 11, 22, 20, 35)(4, 41, 12, 23, 
21, 29)(5, 42, 13, 24, 15, 30)(6, 36, 14, 25, 16, 31)(7, 37, 8, 26, 17, 32),  ],
[  (1, 37, 12, 28, 20, 31)(2, 40, 14, 27, 17, 29)(3, 36, 9, 26, 21, 34)(4, 39, 
11, 25, 18, 32)(5, 42, 13, 24, 15, 30)(6, 38, 8, 23, 19, 35)(7, 41, 10, 22, 16, 
33),  (1, 31, 20, 28, 12, 37)(2, 32, 21, 22, 13, 38)(3, 33, 15, 23, 14, 39)(4, 
34, 16, 24, 8, 40)(5, 35, 17, 25, 9, 41)(6, 29, 18, 26, 10, 42)(7, 30, 19, 27, 
11, 36),  ], [  (1, 26)(2, 25)(3, 24)(4, 23)(5, 22)(6, 28)(7, 27)(8, 33)(9, 
32)(10, 31)(11, 30)(12, 29)(13, 35)(14, 34)(15, 40)(16, 39)(17, 38)(18, 37)(19, 
36)(20, 42)(21, 41),  (1, 26)(2, 27)(3, 28)(4, 22)(5, 23)(6, 24)(7, 25)(8, 
30)(9, 31)(10, 32)(11, 33)(12, 34)(13, 35)(14, 29)(15, 38)(16, 39)(17, 40)(18, 
41)(19, 42)(20, 36)(21, 37),  ], [  (1, 18, 9)(2, 15, 11)(3, 19, 13)(4, 16, 
8)(5, 20, 10)(6, 17, 12)(7, 21, 14)(22, 39, 30)(23, 36, 32)(24, 40, 34)(25, 37, 
29)(26, 41, 31)(27, 38, 33)(28, 42, 35),  (1, 9, 18)(2, 10, 19)(3, 11, 20)(4, 
12, 21)(5, 13, 15)(6, 14, 16)(7, 8, 17)(22, 35, 40)(23, 29, 41)(24, 30, 42)(25, 
31, 36)(26, 32, 37)(27, 33, 38)(28, 34, 39),  ], [  (1, 7, 6, 5, 4, 3, 2)(8, 14,
13, 12, 11, 10, 9)(15, 21, 20, 19, 18, 17, 16)(22, 28, 27, 26, 25, 24, 23)(29, 
35, 34, 33, 32, 31, 30)(36, 42, 41, 40, 39, 38, 37),  (1, 2, 3, 4, 5, 6, 7)(8, 
10, 12, 14, 9, 11, 13)(15, 19, 16, 20, 17, 21, 18)(22, 28, 27, 26, 25, 24, 
23)(29, 34, 32, 30, 35, 33, 31)(36, 39, 42, 38, 41, 37, 40),  ], [  (1, 19, 
14)(2, 16, 9)(3, 20, 11)(4, 17, 13)(5, 21, 8)(6, 18, 10)(7, 15, 12)(22, 40, 
35)(23, 37, 30)(24, 41, 32)(25, 38, 34)(26, 42, 29)(27, 39, 31)(28, 36, 33),  
(1, 14, 19)(2, 8, 20)(3, 9, 21)(4, 10, 15)(5, 11, 16)(6, 12, 17)(7, 13, 18)(22, 
30, 39)(23, 31, 40)(24, 32, 41)(25, 33, 42)(26, 34, 36)(27, 35, 37)(28, 29, 38),
], [  (1, 2, 3, 4, 5, 6, 7)(8, 9, 10, 11, 12, 13, 14)(15, 16, 17, 18, 19, 20, 
21)(22, 23, 24, 25, 26, 27, 28)(29, 30, 31, 32, 33, 34, 35)(36, 37, 38, 39, 40, 
41, 42),  (1, 7, 6, 5, 4, 3, 2)(8, 13, 11, 9, 14, 12, 10)(15, 18, 21, 17, 20, 
16, 19)(22, 23, 24, 25, 26, 27, 28)(29, 31, 33, 35, 30, 32, 34)(36, 40, 37, 41, 
38, 42, 39),  ], [  (1, 9, 18)(2, 11, 15)(3, 13, 19)(4, 8, 16)(5, 10, 20)(6, 12,
17)(7, 14, 21)(22, 30, 39)(23, 32, 36)(24, 34, 40)(25, 29, 37)(26, 31, 41)(27, 
33, 38)(28, 35, 42),  (1, 18, 9)(2, 19, 10)(3, 20, 11)(4, 21, 12)(5, 15, 13)(6, 
16, 14)(7, 17, 8)(22, 40, 35)(23, 41, 29)(24, 42, 30)(25, 36, 31)(26, 37, 
32)(27, 38, 33)(28, 39, 34),  ], [  (1, 14, 19)(2, 9, 16)(3, 11, 20)(4, 13, 
17)(5, 8, 21)(6, 10, 18)(7, 12, 15)(22, 35, 40)(23, 30, 37)(24, 32, 41)(25, 34, 
38)(26, 29, 42)(27, 31, 39)(28, 33, 36),  (1, 19, 14)(2, 20, 8)(3, 21, 9)(4, 15,
10)(5, 16, 11)(6, 17, 12)(7, 18, 13)(22, 39, 30)(23, 40, 31)(24, 41, 32)(25, 42,
33)(26, 36, 34)(27, 37, 35)(28, 38, 29),  ], [  (1, 39, 13, 26, 16, 35)(2, 42, 
8, 25, 20, 33)(3, 38, 10, 24, 17, 31)(4, 41, 12, 23, 21, 29)(5, 37, 14, 22, 18, 
34)(6, 40, 9, 28, 15, 32)(7, 36, 11, 27, 19, 30),  (1, 35, 16, 26, 13, 39)(2, 
29, 17, 27, 14, 40)(3, 30, 18, 28, 8, 41)(4, 31, 19, 22, 9, 42)(5, 32, 20, 23, 
10, 36)(6, 33, 21, 24, 11, 37)(7, 34, 15, 25, 12, 38),  ], [  (1, 28)(2, 27)(3, 
26)(4, 25)(5, 24)(6, 23)(7, 22)(8, 35)(9, 34)(10, 33)(11, 32)(12, 31)(13, 
30)(14, 29)(15, 42)(16, 41)(17, 40)(18, 39)(19, 38)(20, 37)(21, 36),  (1, 28)(2,
22)(3, 23)(4, 24)(5, 25)(6, 26)(7, 27)(8, 34)(9, 35)(10, 29)(11, 30)(12, 31)(13,
32)(14, 33)(15, 39)(16, 40)(17, 41)(18, 42)(19, 36)(20, 37)(21, 38),  ], [  (1, 
40, 10, 25, 21, 30)(2, 36, 12, 24, 18, 35)(3, 39, 14, 23, 15, 33)(4, 42, 9, 22, 
19, 31)(5, 38, 11, 28, 16, 29)(6, 41, 13, 27, 20, 34)(7, 37, 8, 26, 17, 32),  
(1, 30, 21, 25, 10, 40)(2, 31, 15, 26, 11, 41)(3, 32, 16, 27, 12, 42)(4, 33, 17,
28, 13, 36)(5, 34, 18, 22, 14, 37)(6, 35, 19, 23, 8, 38)(7, 29, 20, 24, 9, 39), 
], [  (1, 23)(2, 22)(3, 28)(4, 27)(5, 26)(6, 25)(7, 24)(8, 30)(9, 29)(10, 
35)(11, 34)(12, 33)(13, 32)(14, 31)(15, 37)(16, 36)(17, 42)(18, 41)(19, 40)(20, 
39)(21, 38),  (1, 23)(2, 24)(3, 25)(4, 26)(5, 27)(6, 28)(7, 22)(8, 31)(9, 
32)(10, 33)(11, 34)(12, 35)(13, 29)(14, 30)(15, 40)(16, 41)(17, 42)(18, 36)(19, 
37)(20, 38)(21, 39),  ], [  (1, 30, 21, 25, 10, 40)(2, 35, 18, 24, 12, 36)(3, 
33, 15, 23, 14, 39)(4, 31, 19, 22, 9, 42)(5, 29, 16, 28, 11, 38)(6, 34, 20, 27, 
13, 41)(7, 32, 17, 26, 8, 37),  (1, 40, 10, 25, 21, 30)(2, 41, 11, 26, 15, 
31)(3, 42, 12, 27, 16, 32)(4, 36, 13, 28, 17, 33)(5, 37, 14, 22, 18, 34)(6, 38, 
8, 23, 19, 35)(7, 39, 9, 24, 20, 29),  ], [  (1, 35, 16, 26, 13, 39)(2, 33, 20, 
25, 8, 42)(3, 31, 17, 24, 10, 38)(4, 29, 21, 23, 12, 41)(5, 34, 18, 22, 14, 
37)(6, 32, 15, 28, 9, 40)(7, 30, 19, 27, 11, 36),  (1, 39, 13, 26, 16, 35)(2, 
40, 14, 27, 17, 29)(3, 41, 8, 28, 18, 30)(4, 42, 9, 22, 19, 31)(5, 36, 10, 23, 
20, 32)(6, 37, 11, 24, 21, 33)(7, 38, 12, 25, 15, 34),  ], ]
);

NCBRACES[42].brace[2] := rec ( size := 42, perms := [ [  (),  (),  ], [  (1, 
22)(2, 28)(3, 27)(4, 26)(5, 25)(6, 24)(7, 23)(8, 29)(9, 35)(10, 34)(11, 33)(12, 
32)(13, 31)(14, 30)(15, 36)(16, 42)(17, 41)(18, 40)(19, 39)(20, 38)(21, 37),  
(1, 22)(2, 28)(3, 27)(4, 26)(5, 25)(6, 24)(7, 23)(8, 29)(9, 35)(10, 34)(11, 
33)(12, 32)(13, 31)(14, 30)(15, 36)(16, 42)(17, 41)(18, 40)(19, 39)(20, 38)(21, 
37),  ], [  (1, 8, 15)(2, 10, 19)(3, 12, 16)(4, 14, 20)(5, 9, 17)(6, 11, 21)(7, 
13, 18)(22, 29, 36)(23, 31, 40)(24, 33, 37)(25, 35, 41)(26, 30, 38)(27, 32, 
42)(28, 34, 39),  (1, 15, 8)(2, 19, 10)(3, 16, 12)(4, 20, 14)(5, 17, 9)(6, 21, 
11)(7, 18, 13)(22, 36, 29)(23, 40, 31)(24, 37, 33)(25, 41, 35)(26, 38, 30)(27, 
42, 32)(28, 39, 34),  ], [  (1, 6, 4, 2, 7, 5, 3)(8, 13, 11, 9, 14, 12, 10)(15, 
20, 18, 16, 21, 19, 17)(22, 27, 25, 23, 28, 26, 24)(29, 34, 32, 30, 35, 33, 
31)(36, 41, 39, 37, 42, 40, 38),  (1, 3, 5, 7, 2, 4, 6)(8, 10, 12, 14, 9, 11, 
13)(15, 17, 19, 21, 16, 18, 20)(22, 24, 26, 28, 23, 25, 27)(29, 31, 33, 35, 30, 
32, 34)(36, 38, 40, 42, 37, 39, 41),  ], [  (1, 15, 8)(2, 19, 10)(3, 16, 12)(4, 
20, 14)(5, 17, 9)(6, 21, 11)(7, 18, 13)(22, 36, 29)(23, 40, 31)(24, 37, 33)(25, 
41, 35)(26, 38, 30)(27, 42, 32)(28, 39, 34),  (1, 8, 15)(2, 10, 19)(3, 12, 
16)(4, 14, 20)(5, 9, 17)(6, 11, 21)(7, 13, 18)(22, 29, 36)(23, 31, 40)(24, 33, 
37)(25, 35, 41)(26, 30, 38)(27, 32, 42)(28, 34, 39),  ], [  (1, 3, 5, 7, 2, 4, 
6)(8, 10, 12, 14, 9, 11, 13)(15, 17, 19, 21, 16, 18, 20)(22, 24, 26, 28, 23, 25,
27)(29, 31, 33, 35, 30, 32, 34)(36, 38, 40, 42, 37, 39, 41),  (1, 6, 4, 2, 7, 5,
3)(8, 13, 11, 9, 14, 12, 10)(15, 20, 18, 16, 21, 19, 17)(22, 27, 25, 23, 28, 26,
24)(29, 34, 32, 30, 35, 33, 31)(36, 41, 39, 37, 42, 40, 38),  ], [  (1, 29, 15, 
22, 8, 36)(2, 34, 19, 28, 10, 39)(3, 32, 16, 27, 12, 42)(4, 30, 20, 26, 14, 
38)(5, 35, 17, 25, 9, 41)(6, 33, 21, 24, 11, 37)(7, 31, 18, 23, 13, 40),  (1, 
36, 8, 22, 15, 29)(2, 39, 10, 28, 19, 34)(3, 42, 12, 27, 16, 32)(4, 38, 14, 26, 
20, 30)(5, 41, 9, 25, 17, 35)(6, 37, 11, 24, 21, 33)(7, 40, 13, 23, 18, 31),  ],
[  (1, 24)(2, 23)(3, 22)(4, 28)(5, 27)(6, 26)(7, 25)(8, 31)(9, 30)(10, 29)(11, 
35)(12, 34)(13, 33)(14, 32)(15, 38)(16, 37)(17, 36)(18, 42)(19, 41)(20, 40)(21, 
39),  (1, 24)(2, 23)(3, 22)(4, 28)(5, 27)(6, 26)(7, 25)(8, 31)(9, 30)(10, 
29)(11, 35)(12, 34)(13, 33)(14, 32)(15, 38)(16, 37)(17, 36)(18, 42)(19, 41)(20, 
40)(21, 39),  ], [  (1, 36, 8, 22, 15, 29)(2, 39, 10, 28, 19, 34)(3, 42, 12, 27,
16, 32)(4, 38, 14, 26, 20, 30)(5, 41, 9, 25, 17, 35)(6, 37, 11, 24, 21, 33)(7, 
40, 13, 23, 18, 31),  (1, 29, 15, 22, 8, 36)(2, 34, 19, 28, 10, 39)(3, 32, 16, 
27, 12, 42)(4, 30, 20, 26, 14, 38)(5, 35, 17, 25, 9, 41)(6, 33, 21, 24, 11, 
37)(7, 31, 18, 23, 13, 40),  ], [  (1, 27)(2, 26)(3, 25)(4, 24)(5, 23)(6, 22)(7,
28)(8, 34)(9, 33)(10, 32)(11, 31)(12, 30)(13, 29)(14, 35)(15, 41)(16, 40)(17, 
39)(18, 38)(19, 37)(20, 36)(21, 42),  (1, 27)(2, 26)(3, 25)(4, 24)(5, 23)(6, 
22)(7, 28)(8, 34)(9, 33)(10, 32)(11, 31)(12, 30)(13, 29)(14, 35)(15, 41)(16, 
40)(17, 39)(18, 38)(19, 37)(20, 36)(21, 42),  ], [  (1, 11, 17)(2, 13, 21)(3, 8,
18)(4, 10, 15)(5, 12, 19)(6, 14, 16)(7, 9, 20)(22, 32, 38)(23, 34, 42)(24, 29, 
39)(25, 31, 36)(26, 33, 40)(27, 35, 37)(28, 30, 41),  (1, 17, 11)(2, 21, 13)(3, 
18, 8)(4, 15, 10)(5, 19, 12)(6, 16, 14)(7, 20, 9)(22, 38, 32)(23, 42, 34)(24, 
39, 29)(25, 36, 31)(26, 40, 33)(27, 37, 35)(28, 41, 30),  ], [  (1, 12, 20)(2, 
14, 17)(3, 9, 21)(4, 11, 18)(5, 13, 15)(6, 8, 19)(7, 10, 16)(22, 33, 41)(23, 35,
38)(24, 30, 42)(25, 32, 39)(26, 34, 36)(27, 29, 40)(28, 31, 37),  (1, 20, 12)(2,
17, 14)(3, 21, 9)(4, 18, 11)(5, 15, 13)(6, 19, 8)(7, 16, 10)(22, 41, 33)(23, 38,
35)(24, 42, 30)(25, 39, 32)(26, 36, 34)(27, 40, 29)(28, 37, 31),  ], [  (1, 13, 
16)(2, 8, 20)(3, 10, 17)(4, 12, 21)(5, 14, 18)(6, 9, 15)(7, 11, 19)(22, 34, 
37)(23, 29, 41)(24, 31, 38)(25, 33, 42)(26, 35, 39)(27, 30, 36)(28, 32, 40),  
(1, 16, 13)(2, 20, 8)(3, 17, 10)(4, 21, 12)(5, 18, 14)(6, 15, 9)(7, 19, 11)(22, 
37, 34)(23, 41, 29)(24, 38, 31)(25, 42, 33)(26, 39, 35)(27, 36, 30)(28, 40, 32),
], [  (1, 4, 7, 3, 6, 2, 5)(8, 11, 14, 10, 13, 9, 12)(15, 18, 21, 17, 20, 16, 
19)(22, 25, 28, 24, 27, 23, 26)(29, 32, 35, 31, 34, 30, 33)(36, 39, 42, 38, 41, 
37, 40),  (1, 5, 2, 6, 3, 7, 4)(8, 12, 9, 13, 10, 14, 11)(15, 19, 16, 20, 17, 
21, 18)(22, 26, 23, 27, 24, 28, 25)(29, 33, 30, 34, 31, 35, 32)(36, 40, 37, 41, 
38, 42, 39),  ], [  (1, 20, 12)(2, 17, 14)(3, 21, 9)(4, 18, 11)(5, 15, 13)(6, 
19, 8)(7, 16, 10)(22, 41, 33)(23, 38, 35)(24, 42, 30)(25, 39, 32)(26, 36, 
34)(27, 40, 29)(28, 37, 31),  (1, 12, 20)(2, 14, 17)(3, 9, 21)(4, 11, 18)(5, 13,
15)(6, 8, 19)(7, 10, 16)(22, 33, 41)(23, 35, 38)(24, 30, 42)(25, 32, 39)(26, 34,
36)(27, 29, 40)(28, 31, 37),  ], [  (1, 21, 10)(2, 18, 12)(3, 15, 14)(4, 19, 
9)(5, 16, 11)(6, 20, 13)(7, 17, 8)(22, 42, 31)(23, 39, 33)(24, 36, 35)(25, 40, 
30)(26, 37, 32)(27, 41, 34)(28, 38, 29),  (1, 10, 21)(2, 12, 18)(3, 14, 15)(4, 
9, 19)(5, 11, 16)(6, 13, 20)(7, 8, 17)(22, 31, 42)(23, 33, 39)(24, 35, 36)(25, 
30, 40)(26, 32, 37)(27, 34, 41)(28, 29, 38),  ], [  (1, 16, 13)(2, 20, 8)(3, 17,
10)(4, 21, 12)(5, 18, 14)(6, 15, 9)(7, 19, 11)(22, 37, 34)(23, 41, 29)(24, 38, 
31)(25, 42, 33)(26, 39, 35)(27, 36, 30)(28, 40, 32),  (1, 13, 16)(2, 8, 20)(3, 
10, 17)(4, 12, 21)(5, 14, 18)(6, 9, 15)(7, 11, 19)(22, 34, 37)(23, 29, 41)(24, 
31, 38)(25, 33, 42)(26, 35, 39)(27, 30, 36)(28, 32, 40),  ], [  (1, 10, 21)(2, 
12, 18)(3, 14, 15)(4, 9, 19)(5, 11, 16)(6, 13, 20)(7, 8, 17)(22, 31, 42)(23, 33,
39)(24, 35, 36)(25, 30, 40)(26, 32, 37)(27, 34, 41)(28, 29, 38),  (1, 21, 10)(2,
18, 12)(3, 15, 14)(4, 19, 9)(5, 16, 11)(6, 20, 13)(7, 17, 8)(22, 42, 31)(23, 39,
33)(24, 36, 35)(25, 40, 30)(26, 37, 32)(27, 41, 34)(28, 38, 29),  ], [  (1, 17, 
11)(2, 21, 13)(3, 18, 8)(4, 15, 10)(5, 19, 12)(6, 16, 14)(7, 20, 9)(22, 38, 
32)(23, 42, 34)(24, 39, 29)(25, 36, 31)(26, 40, 33)(27, 37, 35)(28, 41, 30),  
(1, 11, 17)(2, 13, 21)(3, 8, 18)(4, 10, 15)(5, 12, 19)(6, 14, 16)(7, 9, 20)(22, 
32, 38)(23, 34, 42)(24, 29, 39)(25, 31, 36)(26, 33, 40)(27, 35, 37)(28, 30, 41),
], [  (1, 5, 2, 6, 3, 7, 4)(8, 12, 9, 13, 10, 14, 11)(15, 19, 16, 20, 17, 21, 
18)(22, 26, 23, 27, 24, 28, 25)(29, 33, 30, 34, 31, 35, 32)(36, 40, 37, 41, 38, 
42, 39),  (1, 4, 7, 3, 6, 2, 5)(8, 11, 14, 10, 13, 9, 12)(15, 18, 21, 17, 20, 
16, 19)(22, 25, 28, 24, 27, 23, 26)(29, 32, 35, 31, 34, 30, 33)(36, 39, 42, 38, 
41, 37, 40),  ], [  (1, 33, 18, 27, 9, 38)(2, 31, 15, 26, 11, 41)(3, 29, 19, 25,
13, 37)(4, 34, 16, 24, 8, 40)(5, 32, 20, 23, 10, 36)(6, 30, 17, 22, 12, 39)(7, 
35, 21, 28, 14, 42),  (1, 38, 9, 27, 18, 33)(2, 41, 11, 26, 15, 31)(3, 37, 13, 
25, 19, 29)(4, 40, 8, 24, 16, 34)(5, 36, 10, 23, 20, 32)(6, 39, 12, 22, 17, 
30)(7, 42, 14, 28, 21, 35),  ], [  (1, 32, 19, 24, 14, 41)(2, 30, 16, 23, 9, 
37)(3, 35, 20, 22, 11, 40)(4, 33, 17, 28, 13, 36)(5, 31, 21, 27, 8, 39)(6, 29, 
18, 26, 10, 42)(7, 34, 15, 25, 12, 38),  (1, 41, 14, 24, 19, 32)(2, 37, 9, 23, 
16, 30)(3, 40, 11, 22, 20, 35)(4, 36, 13, 28, 17, 33)(5, 39, 8, 27, 21, 31)(6, 
42, 10, 26, 18, 29)(7, 38, 12, 25, 15, 34),  ], [  (1, 31, 20, 28, 12, 37)(2, 
29, 17, 27, 14, 40)(3, 34, 21, 26, 9, 36)(4, 32, 18, 25, 11, 39)(5, 30, 15, 24, 
13, 42)(6, 35, 19, 23, 8, 38)(7, 33, 16, 22, 10, 41),  (1, 37, 12, 28, 20, 
31)(2, 40, 14, 27, 17, 29)(3, 36, 9, 26, 21, 34)(4, 39, 11, 25, 18, 32)(5, 42, 
13, 24, 15, 30)(6, 38, 8, 23, 19, 35)(7, 41, 10, 22, 16, 33),  ], [  (1, 26)(2, 
25)(3, 24)(4, 23)(5, 22)(6, 28)(7, 27)(8, 33)(9, 32)(10, 31)(11, 30)(12, 29)(13,
35)(14, 34)(15, 40)(16, 39)(17, 38)(18, 37)(19, 36)(20, 42)(21, 41),  (1, 26)(2,
25)(3, 24)(4, 23)(5, 22)(6, 28)(7, 27)(8, 33)(9, 32)(10, 31)(11, 30)(12, 29)(13,
35)(14, 34)(15, 40)(16, 39)(17, 38)(18, 37)(19, 36)(20, 42)(21, 41),  ], [  (1, 
38, 9, 27, 18, 33)(2, 41, 11, 26, 15, 31)(3, 37, 13, 25, 19, 29)(4, 40, 8, 24, 
16, 34)(5, 36, 10, 23, 20, 32)(6, 39, 12, 22, 17, 30)(7, 42, 14, 28, 21, 35),  
(1, 33, 18, 27, 9, 38)(2, 31, 15, 26, 11, 41)(3, 29, 19, 25, 13, 37)(4, 34, 16, 
24, 8, 40)(5, 32, 20, 23, 10, 36)(6, 30, 17, 22, 12, 39)(7, 35, 21, 28, 14, 42),
], [  (1, 37, 12, 28, 20, 31)(2, 40, 14, 27, 17, 29)(3, 36, 9, 26, 21, 34)(4, 
39, 11, 25, 18, 32)(5, 42, 13, 24, 15, 30)(6, 38, 8, 23, 19, 35)(7, 41, 10, 22, 
16, 33),  (1, 31, 20, 28, 12, 37)(2, 29, 17, 27, 14, 40)(3, 34, 21, 26, 9, 
36)(4, 32, 18, 25, 11, 39)(5, 30, 15, 24, 13, 42)(6, 35, 19, 23, 8, 38)(7, 33, 
16, 22, 10, 41),  ], [  (1, 42, 11, 23, 17, 34)(2, 38, 13, 22, 21, 32)(3, 41, 8,
28, 18, 30)(4, 37, 10, 27, 15, 35)(5, 40, 12, 26, 19, 33)(6, 36, 14, 25, 16, 
31)(7, 39, 9, 24, 20, 29),  (1, 34, 17, 23, 11, 42)(2, 32, 21, 22, 13, 38)(3, 
30, 18, 28, 8, 41)(4, 35, 15, 27, 10, 37)(5, 33, 19, 26, 12, 40)(6, 31, 16, 25, 
14, 36)(7, 29, 20, 24, 9, 39),  ], [  (1, 34, 17, 23, 11, 42)(2, 32, 21, 22, 13,
38)(3, 30, 18, 28, 8, 41)(4, 35, 15, 27, 10, 37)(5, 33, 19, 26, 12, 40)(6, 31, 
16, 25, 14, 36)(7, 29, 20, 24, 9, 39),  (1, 42, 11, 23, 17, 34)(2, 38, 13, 22, 
21, 32)(3, 41, 8, 28, 18, 30)(4, 37, 10, 27, 15, 35)(5, 40, 12, 26, 19, 33)(6, 
36, 14, 25, 16, 31)(7, 39, 9, 24, 20, 29),  ], [  (1, 41, 14, 24, 19, 32)(2, 37,
9, 23, 16, 30)(3, 40, 11, 22, 20, 35)(4, 36, 13, 28, 17, 33)(5, 39, 8, 27, 21, 
31)(6, 42, 10, 26, 18, 29)(7, 38, 12, 25, 15, 34),  (1, 32, 19, 24, 14, 41)(2, 
30, 16, 23, 9, 37)(3, 35, 20, 22, 11, 40)(4, 33, 17, 28, 13, 36)(5, 31, 21, 27, 
8, 39)(6, 29, 18, 26, 10, 42)(7, 34, 15, 25, 12, 38),  ], [  (1, 25)(2, 24)(3, 
23)(4, 22)(5, 28)(6, 27)(7, 26)(8, 32)(9, 31)(10, 30)(11, 29)(12, 35)(13, 
34)(14, 33)(15, 39)(16, 38)(17, 37)(18, 36)(19, 42)(20, 41)(21, 40),  (1, 25)(2,
24)(3, 23)(4, 22)(5, 28)(6, 27)(7, 26)(8, 32)(9, 31)(10, 30)(11, 29)(12, 35)(13,
34)(14, 33)(15, 39)(16, 38)(17, 37)(18, 36)(19, 42)(20, 41)(21, 40),  ], [  (1, 
18, 9)(2, 15, 11)(3, 19, 13)(4, 16, 8)(5, 20, 10)(6, 17, 12)(7, 21, 14)(22, 39, 
30)(23, 36, 32)(24, 40, 34)(25, 37, 29)(26, 41, 31)(27, 38, 33)(28, 42, 35),  
(1, 9, 18)(2, 11, 15)(3, 13, 19)(4, 8, 16)(5, 10, 20)(6, 12, 17)(7, 14, 21)(22, 
30, 39)(23, 32, 36)(24, 34, 40)(25, 29, 37)(26, 31, 41)(27, 33, 38)(28, 35, 42),
], [  (1, 14, 19)(2, 9, 16)(3, 11, 20)(4, 13, 17)(5, 8, 21)(6, 10, 18)(7, 12, 
15)(22, 35, 40)(23, 30, 37)(24, 32, 41)(25, 34, 38)(26, 29, 42)(27, 31, 39)(28, 
33, 36),  (1, 19, 14)(2, 16, 9)(3, 20, 11)(4, 17, 13)(5, 21, 8)(6, 18, 10)(7, 
15, 12)(22, 40, 35)(23, 37, 30)(24, 41, 32)(25, 38, 34)(26, 42, 29)(27, 39, 
31)(28, 36, 33),  ], [  (1, 19, 14)(2, 16, 9)(3, 20, 11)(4, 17, 13)(5, 21, 8)(6,
18, 10)(7, 15, 12)(22, 40, 35)(23, 37, 30)(24, 41, 32)(25, 38, 34)(26, 42, 
29)(27, 39, 31)(28, 36, 33),  (1, 14, 19)(2, 9, 16)(3, 11, 20)(4, 13, 17)(5, 8, 
21)(6, 10, 18)(7, 12, 15)(22, 35, 40)(23, 30, 37)(24, 32, 41)(25, 34, 38)(26, 
29, 42)(27, 31, 39)(28, 33, 36),  ], [  (1, 9, 18)(2, 11, 15)(3, 13, 19)(4, 8, 
16)(5, 10, 20)(6, 12, 17)(7, 14, 21)(22, 30, 39)(23, 32, 36)(24, 34, 40)(25, 29,
37)(26, 31, 41)(27, 33, 38)(28, 35, 42),  (1, 18, 9)(2, 15, 11)(3, 19, 13)(4, 
16, 8)(5, 20, 10)(6, 17, 12)(7, 21, 14)(22, 39, 30)(23, 36, 32)(24, 40, 34)(25, 
37, 29)(26, 41, 31)(27, 38, 33)(28, 42, 35),  ], [  (1, 2, 3, 4, 5, 6, 7)(8, 9, 
10, 11, 12, 13, 14)(15, 16, 17, 18, 19, 20, 21)(22, 23, 24, 25, 26, 27, 28)(29, 
30, 31, 32, 33, 34, 35)(36, 37, 38, 39, 40, 41, 42),  (1, 7, 6, 5, 4, 3, 2)(8, 
14, 13, 12, 11, 10, 9)(15, 21, 20, 19, 18, 17, 16)(22, 28, 27, 26, 25, 24, 
23)(29, 35, 34, 33, 32, 31, 30)(36, 42, 41, 40, 39, 38, 37),  ], [  (1, 7, 6, 5,
4, 3, 2)(8, 14, 13, 12, 11, 10, 9)(15, 21, 20, 19, 18, 17, 16)(22, 28, 27, 26, 
25, 24, 23)(29, 35, 34, 33, 32, 31, 30)(36, 42, 41, 40, 39, 38, 37),  (1, 2, 3, 
4, 5, 6, 7)(8, 9, 10, 11, 12, 13, 14)(15, 16, 17, 18, 19, 20, 21)(22, 23, 24, 
25, 26, 27, 28)(29, 30, 31, 32, 33, 34, 35)(36, 37, 38, 39, 40, 41, 42),  ], [  
(1, 40, 10, 25, 21, 30)(2, 36, 12, 24, 18, 35)(3, 39, 14, 23, 15, 33)(4, 42, 9, 
22, 19, 31)(5, 38, 11, 28, 16, 29)(6, 41, 13, 27, 20, 34)(7, 37, 8, 26, 17, 32),
(1, 30, 21, 25, 10, 40)(2, 35, 18, 24, 12, 36)(3, 33, 15, 23, 14, 39)(4, 31, 19,
22, 9, 42)(5, 29, 16, 28, 11, 38)(6, 34, 20, 27, 13, 41)(7, 32, 17, 26, 8, 37), 
], [  (1, 30, 21, 25, 10, 40)(2, 35, 18, 24, 12, 36)(3, 33, 15, 23, 14, 39)(4, 
31, 19, 22, 9, 42)(5, 29, 16, 28, 11, 38)(6, 34, 20, 27, 13, 41)(7, 32, 17, 26, 
8, 37),  (1, 40, 10, 25, 21, 30)(2, 36, 12, 24, 18, 35)(3, 39, 14, 23, 15, 
33)(4, 42, 9, 22, 19, 31)(5, 38, 11, 28, 16, 29)(6, 41, 13, 27, 20, 34)(7, 37, 
8, 26, 17, 32),  ], [  (1, 39, 13, 26, 16, 35)(2, 42, 8, 25, 20, 33)(3, 38, 10, 
24, 17, 31)(4, 41, 12, 23, 21, 29)(5, 37, 14, 22, 18, 34)(6, 40, 9, 28, 15, 
32)(7, 36, 11, 27, 19, 30),  (1, 35, 16, 26, 13, 39)(2, 33, 20, 25, 8, 42)(3, 
31, 17, 24, 10, 38)(4, 29, 21, 23, 12, 41)(5, 34, 18, 22, 14, 37)(6, 32, 15, 28,
9, 40)(7, 30, 19, 27, 11, 36),  ], [  (1, 35, 16, 26, 13, 39)(2, 33, 20, 25, 8, 
42)(3, 31, 17, 24, 10, 38)(4, 29, 21, 23, 12, 41)(5, 34, 18, 22, 14, 37)(6, 32, 
15, 28, 9, 40)(7, 30, 19, 27, 11, 36),  (1, 39, 13, 26, 16, 35)(2, 42, 8, 25, 
20, 33)(3, 38, 10, 24, 17, 31)(4, 41, 12, 23, 21, 29)(5, 37, 14, 22, 18, 34)(6, 
40, 9, 28, 15, 32)(7, 36, 11, 27, 19, 30),  ], [  (1, 28)(2, 27)(3, 26)(4, 
25)(5, 24)(6, 23)(7, 22)(8, 35)(9, 34)(10, 33)(11, 32)(12, 31)(13, 30)(14, 
29)(15, 42)(16, 41)(17, 40)(18, 39)(19, 38)(20, 37)(21, 36),  (1, 28)(2, 27)(3, 
26)(4, 25)(5, 24)(6, 23)(7, 22)(8, 35)(9, 34)(10, 33)(11, 32)(12, 31)(13, 
30)(14, 29)(15, 42)(16, 41)(17, 40)(18, 39)(19, 38)(20, 37)(21, 36),  ], [  (1, 
23)(2, 22)(3, 28)(4, 27)(5, 26)(6, 25)(7, 24)(8, 30)(9, 29)(10, 35)(11, 34)(12, 
33)(13, 32)(14, 31)(15, 37)(16, 36)(17, 42)(18, 41)(19, 40)(20, 39)(21, 38),  
(1, 23)(2, 22)(3, 28)(4, 27)(5, 26)(6, 25)(7, 24)(8, 30)(9, 29)(10, 35)(11, 
34)(12, 33)(13, 32)(14, 31)(15, 37)(16, 36)(17, 42)(18, 41)(19, 40)(20, 39)(21, 
38),  ], ]
);

NCBRACES[42].brace[3] := rec ( size := 42, perms := [ [  (),  (),  ], [  (1, 
22)(2, 28)(3, 27)(4, 26)(5, 25)(6, 24)(7, 23)(8, 29)(9, 35)(10, 34)(11, 33)(12, 
32)(13, 31)(14, 30)(15, 36)(16, 42)(17, 41)(18, 40)(19, 39)(20, 38)(21, 37),  
(1, 22)(2, 23)(3, 24)(4, 25)(5, 26)(6, 27)(7, 28)(8, 29)(9, 30)(10, 31)(11, 
32)(12, 33)(13, 34)(14, 35)(15, 36)(16, 37)(17, 38)(18, 39)(19, 40)(20, 41)(21, 
42),  ], [  (1, 15, 8)(2, 19, 10)(3, 16, 12)(4, 20, 14)(5, 17, 9)(6, 21, 11)(7, 
18, 13)(22, 36, 29)(23, 40, 31)(24, 37, 33)(25, 41, 35)(26, 38, 30)(27, 42, 
32)(28, 39, 34),  (1, 8, 15)(2, 12, 17)(3, 9, 19)(4, 13, 21)(5, 10, 16)(6, 14, 
18)(7, 11, 20)(22, 29, 36)(23, 33, 38)(24, 30, 40)(25, 34, 42)(26, 31, 37)(27, 
35, 39)(28, 32, 41),  ], [  (1, 6, 4, 2, 7, 5, 3)(8, 13, 11, 9, 14, 12, 10)(15, 
20, 18, 16, 21, 19, 17)(22, 27, 25, 23, 28, 26, 24)(29, 34, 32, 30, 35, 33, 
31)(36, 41, 39, 37, 42, 40, 38),  (1, 3, 5, 7, 2, 4, 6)(8, 12, 9, 13, 10, 14, 
11)(15, 16, 17, 18, 19, 20, 21)(22, 27, 25, 23, 28, 26, 24)(29, 32, 35, 31, 34, 
30, 33)(36, 42, 41, 40, 39, 38, 37),  ], [  (1, 8, 15)(2, 10, 19)(3, 12, 16)(4, 
14, 20)(5, 9, 17)(6, 11, 21)(7, 13, 18)(22, 29, 36)(23, 31, 40)(24, 33, 37)(25, 
35, 41)(26, 30, 38)(27, 32, 42)(28, 34, 39),  (1, 15, 8)(2, 17, 12)(3, 19, 9)(4,
21, 13)(5, 16, 10)(6, 18, 14)(7, 20, 11)(22, 36, 29)(23, 38, 33)(24, 40, 30)(25,
42, 34)(26, 37, 31)(27, 39, 35)(28, 41, 32),  ], [  (1, 3, 5, 7, 2, 4, 6)(8, 10,
12, 14, 9, 11, 13)(15, 17, 19, 21, 16, 18, 20)(22, 24, 26, 28, 23, 25, 27)(29, 
31, 33, 35, 30, 32, 34)(36, 38, 40, 42, 37, 39, 41),  (1, 6, 4, 2, 7, 5, 3)(8, 
11, 14, 10, 13, 9, 12)(15, 21, 20, 19, 18, 17, 16)(22, 24, 26, 28, 23, 25, 
27)(29, 33, 30, 34, 31, 35, 32)(36, 37, 38, 39, 40, 41, 42),  ], [  (1, 36, 8, 
22, 15, 29)(2, 39, 10, 28, 19, 34)(3, 42, 12, 27, 16, 32)(4, 38, 14, 26, 20, 
30)(5, 41, 9, 25, 17, 35)(6, 37, 11, 24, 21, 33)(7, 40, 13, 23, 18, 31),  (1, 
29, 15, 22, 8, 36)(2, 33, 17, 23, 12, 38)(3, 30, 19, 24, 9, 40)(4, 34, 21, 25, 
13, 42)(5, 31, 16, 26, 10, 37)(6, 35, 18, 27, 14, 39)(7, 32, 20, 28, 11, 41),  
], [  (1, 27)(2, 26)(3, 25)(4, 24)(5, 23)(6, 22)(7, 28)(8, 34)(9, 33)(10, 
32)(11, 31)(12, 30)(13, 29)(14, 35)(15, 41)(16, 40)(17, 39)(18, 38)(19, 37)(20, 
36)(21, 42),  (1, 27)(2, 28)(3, 22)(4, 23)(5, 24)(6, 25)(7, 26)(8, 32)(9, 
33)(10, 34)(11, 35)(12, 29)(13, 30)(14, 31)(15, 42)(16, 36)(17, 37)(18, 38)(19, 
39)(20, 40)(21, 41),  ], [  (1, 29, 15, 22, 8, 36)(2, 34, 19, 28, 10, 39)(3, 32,
16, 27, 12, 42)(4, 30, 20, 26, 14, 38)(5, 35, 17, 25, 9, 41)(6, 33, 21, 24, 11, 
37)(7, 31, 18, 23, 13, 40),  (1, 36, 8, 22, 15, 29)(2, 38, 12, 23, 17, 33)(3, 
40, 9, 24, 19, 30)(4, 42, 13, 25, 21, 34)(5, 37, 10, 26, 16, 31)(6, 39, 14, 27, 
18, 35)(7, 41, 11, 28, 20, 32),  ], [  (1, 24)(2, 23)(3, 22)(4, 28)(5, 27)(6, 
26)(7, 25)(8, 31)(9, 30)(10, 29)(11, 35)(12, 34)(13, 33)(14, 32)(15, 38)(16, 
37)(17, 36)(18, 42)(19, 41)(20, 40)(21, 39),  (1, 24)(2, 25)(3, 26)(4, 27)(5, 
28)(6, 22)(7, 23)(8, 33)(9, 34)(10, 35)(11, 29)(12, 30)(13, 31)(14, 32)(15, 
37)(16, 38)(17, 39)(18, 40)(19, 41)(20, 42)(21, 36),  ], [  (1, 18, 9)(2, 15, 
11)(3, 19, 13)(4, 16, 8)(5, 20, 10)(6, 17, 12)(7, 21, 14)(22, 39, 30)(23, 36, 
32)(24, 40, 34)(25, 37, 29)(26, 41, 31)(27, 38, 33)(28, 42, 35),  (1, 12, 18)(2,
9, 20)(3, 13, 15)(4, 10, 17)(5, 14, 19)(6, 11, 21)(7, 8, 16)(22, 32, 40)(23, 29,
42)(24, 33, 37)(25, 30, 39)(26, 34, 41)(27, 31, 36)(28, 35, 38),  ], [  (1, 19, 
14)(2, 16, 9)(3, 20, 11)(4, 17, 13)(5, 21, 8)(6, 18, 10)(7, 15, 12)(22, 40, 
35)(23, 37, 30)(24, 41, 32)(25, 38, 34)(26, 42, 29)(27, 39, 31)(28, 36, 33),  
(1, 11, 19)(2, 8, 21)(3, 12, 16)(4, 9, 18)(5, 13, 20)(6, 10, 15)(7, 14, 17)(22, 
33, 39)(23, 30, 41)(24, 34, 36)(25, 31, 38)(26, 35, 40)(27, 32, 42)(28, 29, 37),
], [  (1, 21, 10)(2, 18, 12)(3, 15, 14)(4, 19, 9)(5, 16, 11)(6, 20, 13)(7, 17, 
8)(22, 42, 31)(23, 39, 33)(24, 36, 35)(25, 40, 30)(26, 37, 32)(27, 41, 34)(28, 
38, 29),  (1, 9, 21)(2, 13, 16)(3, 10, 18)(4, 14, 20)(5, 11, 15)(6, 8, 17)(7, 
12, 19)(22, 35, 37)(23, 32, 39)(24, 29, 41)(25, 33, 36)(26, 30, 38)(27, 34, 
40)(28, 31, 42),  ], [  (1, 4, 7, 3, 6, 2, 5)(8, 11, 14, 10, 13, 9, 12)(15, 18, 
21, 17, 20, 16, 19)(22, 25, 28, 24, 27, 23, 26)(29, 32, 35, 31, 34, 30, 33)(36, 
39, 42, 38, 41, 37, 40),  (1, 5, 2, 6, 3, 7, 4)(8, 9, 10, 11, 12, 13, 14)(15, 
17, 19, 21, 16, 18, 20)(22, 25, 28, 24, 27, 23, 26)(29, 35, 34, 33, 32, 31, 
30)(36, 41, 39, 37, 42, 40, 38),  ], [  (1, 11, 17)(2, 13, 21)(3, 8, 18)(4, 10, 
15)(5, 12, 19)(6, 14, 16)(7, 9, 20)(22, 32, 38)(23, 34, 42)(24, 29, 39)(25, 31, 
36)(26, 33, 40)(27, 35, 37)(28, 30, 41),  (1, 19, 11)(2, 21, 8)(3, 16, 12)(4, 
18, 9)(5, 20, 13)(6, 15, 10)(7, 17, 14)(22, 39, 33)(23, 41, 30)(24, 36, 34)(25, 
38, 31)(26, 40, 35)(27, 42, 32)(28, 37, 29),  ], [  (1, 14, 19)(2, 9, 16)(3, 11,
20)(4, 13, 17)(5, 8, 21)(6, 10, 18)(7, 12, 15)(22, 35, 40)(23, 30, 37)(24, 32, 
41)(25, 34, 38)(26, 29, 42)(27, 31, 39)(28, 33, 36),  (1, 16, 14)(2, 18, 11)(3, 
20, 8)(4, 15, 12)(5, 17, 9)(6, 19, 13)(7, 21, 10)(22, 42, 30)(23, 37, 34)(24, 
39, 31)(25, 41, 35)(26, 36, 32)(27, 38, 29)(28, 40, 33),  ], [  (1, 9, 18)(2, 
11, 15)(3, 13, 19)(4, 8, 16)(5, 10, 20)(6, 12, 17)(7, 14, 21)(22, 30, 39)(23, 
32, 36)(24, 34, 40)(25, 29, 37)(26, 31, 41)(27, 33, 38)(28, 35, 42),  (1, 21, 
9)(2, 16, 13)(3, 18, 10)(4, 20, 14)(5, 15, 11)(6, 17, 8)(7, 19, 12)(22, 37, 
35)(23, 39, 32)(24, 41, 29)(25, 36, 33)(26, 38, 30)(27, 40, 34)(28, 42, 31),  ],
[  (1, 16, 13)(2, 20, 8)(3, 17, 10)(4, 21, 12)(5, 18, 14)(6, 15, 9)(7, 19, 
11)(22, 37, 34)(23, 41, 29)(24, 38, 31)(25, 42, 33)(26, 39, 35)(27, 36, 30)(28, 
40, 32),  (1, 14, 16)(2, 11, 18)(3, 8, 20)(4, 12, 15)(5, 9, 17)(6, 13, 19)(7, 
10, 21)(22, 30, 42)(23, 34, 37)(24, 31, 39)(25, 35, 41)(26, 32, 36)(27, 29, 
38)(28, 33, 40),  ], [  (1, 12, 20)(2, 14, 17)(3, 9, 21)(4, 11, 18)(5, 13, 
15)(6, 8, 19)(7, 10, 16)(22, 33, 41)(23, 35, 38)(24, 30, 42)(25, 32, 39)(26, 34,
36)(27, 29, 40)(28, 31, 37),  (1, 18, 12)(2, 20, 9)(3, 15, 13)(4, 17, 10)(5, 19,
14)(6, 21, 11)(7, 16, 8)(22, 40, 32)(23, 42, 29)(24, 37, 33)(25, 39, 30)(26, 41,
34)(27, 36, 31)(28, 38, 35),  ], [  (1, 5, 2, 6, 3, 7, 4)(8, 12, 9, 13, 10, 14, 
11)(15, 19, 16, 20, 17, 21, 18)(22, 26, 23, 27, 24, 28, 25)(29, 33, 30, 34, 31, 
35, 32)(36, 40, 37, 41, 38, 42, 39),  (1, 4, 7, 3, 6, 2, 5)(8, 14, 13, 12, 11, 
10, 9)(15, 20, 18, 16, 21, 19, 17)(22, 26, 23, 27, 24, 28, 25)(29, 30, 31, 32, 
33, 34, 35)(36, 38, 40, 42, 37, 39, 41),  ], [  (1, 39, 13, 26, 16, 35)(2, 42, 
8, 25, 20, 33)(3, 38, 10, 24, 17, 31)(4, 41, 12, 23, 21, 29)(5, 37, 14, 22, 18, 
34)(6, 40, 9, 28, 15, 32)(7, 36, 11, 27, 19, 30),  (1, 32, 21, 23, 9, 39)(2, 29,
16, 24, 13, 41)(3, 33, 18, 25, 10, 36)(4, 30, 20, 26, 14, 38)(5, 34, 15, 27, 11,
40)(6, 31, 17, 28, 8, 42)(7, 35, 19, 22, 12, 37),  ], [  (1, 40, 10, 25, 21, 
30)(2, 36, 12, 24, 18, 35)(3, 39, 14, 23, 15, 33)(4, 42, 9, 22, 19, 31)(5, 38, 
11, 28, 16, 29)(6, 41, 13, 27, 20, 34)(7, 37, 8, 26, 17, 32),  (1, 33, 16, 28, 
14, 40)(2, 30, 18, 22, 11, 42)(3, 34, 20, 23, 8, 37)(4, 31, 15, 24, 12, 39)(5, 
35, 17, 25, 9, 41)(6, 32, 19, 26, 13, 36)(7, 29, 21, 27, 10, 38),  ], [  (1, 42,
11, 23, 17, 34)(2, 38, 13, 22, 21, 32)(3, 41, 8, 28, 18, 30)(4, 37, 10, 27, 15, 
35)(5, 40, 12, 26, 19, 33)(6, 36, 14, 25, 16, 31)(7, 39, 9, 24, 20, 29),  (1, 
35, 20, 24, 10, 42)(2, 32, 15, 25, 14, 37)(3, 29, 17, 26, 11, 39)(4, 33, 19, 27,
8, 41)(5, 30, 21, 28, 12, 36)(6, 34, 16, 22, 9, 38)(7, 31, 18, 23, 13, 40),  ], 
[  (1, 25)(2, 24)(3, 23)(4, 22)(5, 28)(6, 27)(7, 26)(8, 32)(9, 31)(10, 30)(11, 
29)(12, 35)(13, 34)(14, 33)(15, 39)(16, 38)(17, 37)(18, 36)(19, 42)(20, 41)(21, 
40),  (1, 25)(2, 26)(3, 27)(4, 28)(5, 22)(6, 23)(7, 24)(8, 35)(9, 29)(10, 
30)(11, 31)(12, 32)(13, 33)(14, 34)(15, 41)(16, 42)(17, 36)(18, 37)(19, 38)(20, 
39)(21, 40),  ], [  (1, 32, 19, 24, 14, 41)(2, 30, 16, 23, 9, 37)(3, 35, 20, 22,
11, 40)(4, 33, 17, 28, 13, 36)(5, 31, 21, 27, 8, 39)(6, 29, 18, 26, 10, 42)(7, 
34, 15, 25, 12, 38),  (1, 39, 9, 23, 21, 32)(2, 41, 13, 24, 16, 29)(3, 36, 10, 
25, 18, 33)(4, 38, 14, 26, 20, 30)(5, 40, 11, 27, 15, 34)(6, 42, 8, 28, 17, 
31)(7, 37, 12, 22, 19, 35),  ], [  (1, 35, 16, 26, 13, 39)(2, 33, 20, 25, 8, 
42)(3, 31, 17, 24, 10, 38)(4, 29, 21, 23, 12, 41)(5, 34, 18, 22, 14, 37)(6, 32, 
15, 28, 9, 40)(7, 30, 19, 27, 11, 36),  (1, 42, 10, 24, 20, 35)(2, 37, 14, 25, 
15, 32)(3, 39, 11, 26, 17, 29)(4, 41, 8, 27, 19, 33)(5, 36, 12, 28, 21, 30)(6, 
38, 9, 22, 16, 34)(7, 40, 13, 23, 18, 31),  ], [  (1, 30, 21, 25, 10, 40)(2, 35,
18, 24, 12, 36)(3, 33, 15, 23, 14, 39)(4, 31, 19, 22, 9, 42)(5, 29, 16, 28, 11, 
38)(6, 34, 20, 27, 13, 41)(7, 32, 17, 26, 8, 37),  (1, 37, 13, 27, 17, 30)(2, 
39, 10, 28, 19, 34)(3, 41, 14, 22, 21, 31)(4, 36, 11, 23, 16, 35)(5, 38, 8, 24, 
18, 32)(6, 40, 12, 25, 20, 29)(7, 42, 9, 26, 15, 33),  ], [  (1, 37, 12, 28, 20,
31)(2, 40, 14, 27, 17, 29)(3, 36, 9, 26, 21, 34)(4, 39, 11, 25, 18, 32)(5, 42, 
13, 24, 15, 30)(6, 38, 8, 23, 19, 35)(7, 41, 10, 22, 16, 33),  (1, 30, 17, 27, 
13, 37)(2, 34, 19, 28, 10, 39)(3, 31, 21, 22, 14, 41)(4, 35, 16, 23, 11, 36)(5, 
32, 18, 24, 8, 38)(6, 29, 20, 25, 12, 40)(7, 33, 15, 26, 9, 42),  ], [  (1, 33, 
18, 27, 9, 38)(2, 31, 15, 26, 11, 41)(3, 29, 19, 25, 13, 37)(4, 34, 16, 24, 8, 
40)(5, 32, 20, 23, 10, 36)(6, 30, 17, 22, 12, 39)(7, 35, 21, 28, 14, 42),  (1, 
40, 14, 28, 16, 33)(2, 42, 11, 22, 18, 30)(3, 37, 8, 23, 20, 34)(4, 39, 12, 24, 
15, 31)(5, 41, 9, 25, 17, 35)(6, 36, 13, 26, 19, 32)(7, 38, 10, 27, 21, 29),  ],
[  (1, 26)(2, 25)(3, 24)(4, 23)(5, 22)(6, 28)(7, 27)(8, 33)(9, 32)(10, 31)(11, 
30)(12, 29)(13, 35)(14, 34)(15, 40)(16, 39)(17, 38)(18, 37)(19, 36)(20, 42)(21, 
41),  (1, 26)(2, 27)(3, 28)(4, 22)(5, 23)(6, 24)(7, 25)(8, 30)(9, 31)(10, 
32)(11, 33)(12, 34)(13, 35)(14, 29)(15, 38)(16, 39)(17, 40)(18, 41)(19, 42)(20, 
36)(21, 37),  ], [  (1, 13, 16)(2, 8, 20)(3, 10, 17)(4, 12, 21)(5, 14, 18)(6, 9,
15)(7, 11, 19)(22, 34, 37)(23, 29, 41)(24, 31, 38)(25, 33, 42)(26, 35, 39)(27, 
30, 36)(28, 32, 40),  (1, 17, 13)(2, 19, 10)(3, 21, 14)(4, 16, 11)(5, 18, 8)(6, 
20, 12)(7, 15, 9)(22, 41, 31)(23, 36, 35)(24, 38, 32)(25, 40, 29)(26, 42, 
33)(27, 37, 30)(28, 39, 34),  ], [  (1, 7, 6, 5, 4, 3, 2)(8, 14, 13, 12, 11, 10,
9)(15, 21, 20, 19, 18, 17, 16)(22, 28, 27, 26, 25, 24, 23)(29, 35, 34, 33, 32, 
31, 30)(36, 42, 41, 40, 39, 38, 37),  (1, 2, 3, 4, 5, 6, 7)(8, 10, 12, 14, 9, 
11, 13)(15, 19, 16, 20, 17, 21, 18)(22, 28, 27, 26, 25, 24, 23)(29, 34, 32, 30, 
35, 33, 31)(36, 39, 42, 38, 41, 37, 40),  ], [  (1, 10, 21)(2, 12, 18)(3, 14, 
15)(4, 9, 19)(5, 11, 16)(6, 13, 20)(7, 8, 17)(22, 31, 42)(23, 33, 39)(24, 35, 
36)(25, 30, 40)(26, 32, 37)(27, 34, 41)(28, 29, 38),  (1, 20, 10)(2, 15, 14)(3, 
17, 11)(4, 19, 8)(5, 21, 12)(6, 16, 9)(7, 18, 13)(22, 38, 34)(23, 40, 31)(24, 
42, 35)(25, 37, 32)(26, 39, 29)(27, 41, 33)(28, 36, 30),  ], [  (1, 2, 3, 4, 5, 
6, 7)(8, 9, 10, 11, 12, 13, 14)(15, 16, 17, 18, 19, 20, 21)(22, 23, 24, 25, 26, 
27, 28)(29, 30, 31, 32, 33, 34, 35)(36, 37, 38, 39, 40, 41, 42),  (1, 7, 6, 5, 
4, 3, 2)(8, 13, 11, 9, 14, 12, 10)(15, 18, 21, 17, 20, 16, 19)(22, 23, 24, 25, 
26, 27, 28)(29, 31, 33, 35, 30, 32, 34)(36, 40, 37, 41, 38, 42, 39),  ], [  (1, 
17, 11)(2, 21, 13)(3, 18, 8)(4, 15, 10)(5, 19, 12)(6, 16, 14)(7, 20, 9)(22, 38, 
32)(23, 42, 34)(24, 39, 29)(25, 36, 31)(26, 40, 33)(27, 37, 35)(28, 41, 30),  
(1, 13, 17)(2, 10, 19)(3, 14, 21)(4, 11, 16)(5, 8, 18)(6, 12, 20)(7, 9, 15)(22, 
31, 41)(23, 35, 36)(24, 32, 38)(25, 29, 40)(26, 33, 42)(27, 30, 37)(28, 34, 39),
], [  (1, 20, 12)(2, 17, 14)(3, 21, 9)(4, 18, 11)(5, 15, 13)(6, 19, 8)(7, 16, 
10)(22, 41, 33)(23, 38, 35)(24, 42, 30)(25, 39, 32)(26, 36, 34)(27, 40, 29)(28, 
37, 31),  (1, 10, 20)(2, 14, 15)(3, 11, 17)(4, 8, 19)(5, 12, 21)(6, 9, 16)(7, 
13, 18)(22, 34, 38)(23, 31, 40)(24, 35, 42)(25, 32, 37)(26, 29, 39)(27, 33, 
41)(28, 30, 36),  ], [  (1, 34, 17, 23, 11, 42)(2, 32, 21, 22, 13, 38)(3, 30, 
18, 28, 8, 41)(4, 35, 15, 27, 10, 37)(5, 33, 19, 26, 12, 40)(6, 31, 16, 25, 14, 
36)(7, 29, 20, 24, 9, 39),  (1, 41, 12, 26, 18, 34)(2, 36, 9, 27, 20, 31)(3, 38,
13, 28, 15, 35)(4, 40, 10, 22, 17, 32)(5, 42, 14, 23, 19, 29)(6, 37, 11, 24, 21,
33)(7, 39, 8, 25, 16, 30),  ], [  (1, 28)(2, 27)(3, 26)(4, 25)(5, 24)(6, 23)(7, 
22)(8, 35)(9, 34)(10, 33)(11, 32)(12, 31)(13, 30)(14, 29)(15, 42)(16, 41)(17, 
40)(18, 39)(19, 38)(20, 37)(21, 36),  (1, 28)(2, 22)(3, 23)(4, 24)(5, 25)(6, 
26)(7, 27)(8, 34)(9, 35)(10, 29)(11, 30)(12, 31)(13, 32)(14, 33)(15, 39)(16, 
